time,sm
2015-04-01 02:58:55.816,0.28602224588394165
2015-04-01 05:58:55.816,0.28586938977241516
2015-04-01 08:58:55.816,0.28557634353637695
2015-04-01 11:58:55.816,0.2859870195388794
2015-04-01 14:58:55.816,0.28689906001091003
2015-04-01 17:58:55.816,0.2867903411388397
2015-04-01 20:58:55.816,0.2863655984401703
2015-04-01 23:58:55.816,0.2856895327568054
2015-04-02 02:58:55.816,0.28476569056510925
2015-04-02 05:58:55.816,0.2845933139324188
2015-04-02 08:58:55.816,0.2846941649913788
2015-04-02 11:58:55.816,0.2844490110874176
2015-04-02 14:58:55.816,0.28421738743782043
2015-04-02 17:58:55.816,0.2840179204940796
2015-04-02 20:58:55.816,0.2837350070476532
2015-04-02 23:58:55.816,0.28350400924682617
2015-04-03 02:58:55.816,0.2830864489078522
2015-04-03 05:58:55.816,0.283160537481308
2015-04-03 08:58:55.816,0.2828453481197357
2015-04-03 11:58:55.816,0.2830285131931305
2015-04-03 14:58:55.816,0.2836667001247406
2015-04-03 17:58:55.816,0.2827506959438324
2015-04-03 20:58:55.816,0.2819536328315735
2015-04-03 23:58:55.816,0.2816437780857086
2015-04-04 02:58:55.816,0.28176382184028625
2015-04-04 05:58:55.816,0.2823609709739685
2015-04-04 08:58:55.816,0.28261008858680725
2015-04-04 11:58:55.816,0.2829894423484802
2015-04-04 14:58:55.816,0.2828353941440582
2015-04-04 17:58:55.816,0.2823392450809479
2015-04-04 20:58:55.816,0.28168201446533203
2015-04-04 23:58:55.816,0.2815927565097809
2015-04-05 02:58:55.816,0.28096866607666016
2015-04-05 05:58:55.816,0.2804144620895386
2015-04-05 08:58:55.816,0.280632346868515
2015-04-05 11:58:55.816,0.2831340730190277
2015-04-05 14:58:55.816,0.28331300616264343
2015-04-05 17:58:55.816,0.2833058536052704
2015-04-05 20:58:55.816,0.28283312916755676
2015-04-05 23:58:55.816,0.2820284068584442
2015-04-06 02:58:55.816,0.2809750437736511
2015-04-06 05:58:55.816,0.28060731291770935
2015-04-06 08:58:55.816,0.28084227442741394
2015-04-06 11:58:55.816,0.28537970781326294
2015-04-06 14:58:55.816,0.2875109612941742
2015-04-06 17:58:55.816,0.2857259213924408
2015-04-06 20:58:55.816,0.28487563133239746
2015-04-06 23:58:55.816,0.2842540442943573
2015-04-07 02:58:55.816,0.28385257720947266
2015-04-07 05:58:55.816,0.28327253460884094
2015-04-07 08:58:55.816,0.290264755487442
2015-04-07 11:58:55.816,0.31176701188087463
2015-04-07 14:58:55.816,0.3099004328250885
2015-04-07 17:58:55.816,0.301067978143692
2015-04-07 20:58:55.816,0.29811355471611023
2015-04-07 23:58:55.816,0.2959884703159332
2015-04-08 02:58:55.816,0.2935316860675812
2015-04-08 05:58:55.816,0.2914368808269501
2015-04-08 08:58:55.816,0.29016831517219543
2015-04-08 11:58:55.816,0.28921422362327576
2015-04-08 14:58:55.816,0.28981631994247437
2015-04-08 17:58:55.816,0.2898169457912445
2015-04-08 20:58:55.816,0.2900039851665497
2015-04-08 23:58:55.816,0.28969717025756836
2015-04-09 02:58:55.816,0.2886984646320343
2015-04-09 05:58:55.816,0.2870335578918457
2015-04-09 08:58:55.816,0.28610894083976746
2015-04-09 11:58:55.816,0.2849487066268921
2015-04-09 14:58:55.816,0.28517112135887146
2015-04-09 17:58:55.816,0.2845172584056854
2015-04-09 20:58:55.816,0.2841322720050812
2015-04-09 23:58:55.816,0.2839290201663971
2015-04-10 02:58:55.816,0.28361406922340393
2015-04-10 05:58:55.816,0.2834700345993042
2015-04-10 08:58:55.816,0.28399547934532166
2015-04-10 11:58:55.816,0.28363993763923645
2015-04-10 14:58:55.816,0.2831677794456482
2015-04-10 17:58:55.816,0.282774955034256
2015-04-10 20:58:55.816,0.28310370445251465
2015-04-10 23:58:55.816,0.28331995010375977
2015-04-11 02:58:55.816,0.2833499014377594
2015-04-11 05:58:55.816,0.2831069231033325
2015-04-11 08:58:55.816,0.2829427421092987
2015-04-11 11:58:55.816,0.2846226394176483
2015-04-11 14:58:55.816,0.2852376401424408
2015-04-11 17:58:55.816,0.2854527235031128
2015-04-11 20:58:55.816,0.28556928038597107
2015-04-11 23:58:55.816,0.2853470742702484
2015-04-12 02:58:55.816,0.28562965989112854
2015-04-12 05:58:55.816,0.28535953164100647
2015-04-12 08:58:55.816,0.2856849730014801
2015-04-12 11:58:55.816,0.2858937084674835
2015-04-12 14:58:55.816,0.2881583869457245
2015-04-12 17:58:55.816,0.28802719712257385
2015-04-12 20:58:55.816,0.28734269738197327
2015-04-12 23:58:55.816,0.2872844338417053
2015-04-13 02:58:55.816,0.287161648273468
2015-04-13 05:58:55.816,0.28688788414001465
2015-04-13 08:58:55.816,0.28655901551246643
2015-04-13 11:58:55.816,0.2891254425048828
2015-04-13 14:58:55.816,0.2909727990627289
2015-04-13 17:58:55.816,0.2903240919113159
2015-04-13 20:58:55.816,0.28897643089294434
2015-04-13 23:58:55.816,0.2875294089317322
2015-04-14 02:58:55.816,0.2868921160697937
2015-04-14 05:58:55.816,0.28609004616737366
2015-04-14 08:58:55.816,0.28531408309936523
2015-04-14 11:58:55.816,0.28627344965934753
2015-04-14 14:58:55.816,0.2897500693798065
2015-04-14 17:58:55.816,0.28947630524635315
2015-04-14 20:58:55.816,0.28911063075065613
2015-04-14 23:58:55.816,0.28866225481033325
2015-04-15 02:58:55.816,0.2878706157207489
2015-04-15 05:58:55.816,0.2871841788291931
2015-04-15 08:58:55.816,0.28958049416542053
2015-04-15 11:58:55.816,0.3029249608516693
2015-04-15 14:58:55.816,0.30604368448257446
2015-04-15 17:58:55.816,0.29879310727119446
2015-04-15 20:58:55.816,0.29744189977645874
2015-04-15 23:58:55.816,0.29617106914520264
2015-04-16 02:58:55.816,0.29491060972213745
2015-04-16 05:58:55.816,0.29386278986930847
2015-04-16 08:58:55.816,0.2928803265094757
2015-04-16 11:58:55.816,0.29528751969337463
2015-04-16 14:58:55.816,0.29620108008384705
2015-04-16 17:58:55.816,0.2950708568096161
2015-04-16 20:58:55.816,0.29398223757743835
2015-04-16 23:58:55.816,0.29347023367881775
2015-04-17 02:58:55.816,0.2935337424278259
2015-04-17 05:58:55.816,0.2930614650249481
2015-04-17 08:58:55.816,0.2924843728542328
2015-04-17 11:58:55.816,0.3122066259384155
2015-04-17 14:58:55.816,0.31827935576438904
2015-04-17 17:58:55.816,0.30899426341056824
2015-04-17 20:58:55.816,0.30509307980537415
2015-04-17 23:58:55.816,0.30200499296188354
2015-04-18 02:58:55.816,0.29958418011665344
2015-04-18 05:58:55.816,0.2975887358188629
2015-04-18 08:58:55.816,0.3118791878223419
2015-04-18 11:58:55.816,0.3292497396469116
2015-04-18 14:58:55.816,0.32622030377388
2015-04-18 17:58:55.816,0.31246790289878845
2015-04-18 20:58:55.816,0.30767300724983215
2015-04-18 23:58:55.816,0.3048064112663269
2015-04-19 02:58:55.816,0.30284836888313293
2015-04-19 05:58:55.816,0.30477210879325867
2015-04-19 08:58:55.816,0.3354088068008423
2015-04-19 11:58:55.816,0.33793905377388
2015-04-19 14:58:55.816,0.32435137033462524
2015-04-19 17:58:55.816,0.3142448961734772
2015-04-19 20:58:55.816,0.31120404601097107
2015-04-19 23:58:55.816,0.30916714668273926
2015-04-20 02:58:55.816,0.3075164556503296
2015-04-20 05:58:55.816,0.3055817484855652
2015-04-20 08:58:55.816,0.3057105243206024
2015-04-20 11:58:55.816,0.3367025852203369
2015-04-20 14:58:55.816,0.33646121621131897
2015-04-20 17:58:55.816,0.3186374008655548
2015-04-20 20:58:55.816,0.3134707510471344
2015-04-20 23:58:55.816,0.3100232779979706
2015-04-21 02:58:55.816,0.30768337845802307
2015-04-21 05:58:55.816,0.3060910403728485
2015-04-21 08:58:55.816,0.3374711275100708
2015-04-21 11:58:55.816,0.3499164581298828
2015-04-21 14:58:55.816,0.3408271074295044
2015-04-21 17:58:55.816,0.325006365776062
2015-04-21 20:58:55.816,0.31931272149086
2015-04-21 23:58:55.816,0.31543347239494324
2015-04-22 02:58:55.816,0.3128148913383484
2015-04-22 05:58:55.816,0.31099551916122437
2015-04-22 08:58:55.816,0.31606918573379517
2015-04-22 11:58:55.816,0.3388119041919708
2015-04-22 14:58:55.816,0.3297777473926544
2015-04-22 17:58:55.816,0.3196566700935364
2015-04-22 20:58:55.816,0.3174417018890381
2015-04-22 23:58:55.816,0.3154686689376831
2015-04-23 02:58:55.816,0.31322571635246277
2015-04-23 05:58:55.816,0.31147417426109314
2015-04-23 08:58:55.816,0.3203083276748657
2015-04-23 11:58:55.816,0.34534212946891785
2015-04-23 14:58:55.816,0.3364737927913666
2015-04-23 17:58:55.816,0.3227923512458801
2015-04-23 20:58:55.816,0.3187524974346161
2015-04-23 23:58:55.816,0.3156883418560028
2015-04-24 02:58:55.816,0.31344106793403625
2015-04-24 05:58:55.816,0.3116324245929718
2015-04-24 08:58:55.816,0.31076958775520325
2015-04-24 11:58:55.816,0.3213694393634796
2015-04-24 14:58:55.816,0.31612083315849304
2015-04-24 17:58:55.816,0.3121452033519745
2015-04-24 20:58:55.816,0.3093734085559845
2015-04-24 23:58:55.816,0.30820727348327637
2015-04-25 02:58:55.816,0.3075706362724304
2015-04-25 05:58:55.816,0.30680036544799805
2015-04-25 08:58:55.816,0.30604735016822815
2015-04-25 11:58:55.816,0.3068648874759674
2015-04-25 14:58:55.816,0.3085853159427643
2015-04-25 17:58:55.816,0.30648353695869446
2015-04-25 20:58:55.816,0.3056245446205139
2015-04-25 23:58:55.816,0.3045506477355957
2015-04-26 02:58:55.816,0.3028585910797119
2015-04-26 05:58:55.816,0.30081239342689514
2015-04-26 08:58:55.816,0.2996765375137329
2015-04-26 11:58:55.816,0.3042411506175995
2015-04-26 14:58:55.816,0.3054026961326599
2015-04-26 17:58:55.816,0.30336418747901917
2015-04-26 20:58:55.816,0.30312585830688477
2015-04-26 23:58:55.816,0.30274948477745056
2015-04-27 02:58:55.816,0.30236223340034485
2015-04-27 05:58:55.816,0.30172833800315857
2015-04-27 08:58:55.816,0.301693856716156
2015-04-27 11:58:55.816,0.30343136191368103
2015-04-27 14:58:55.816,0.30317291617393494
2015-04-27 17:58:55.816,0.30247876048088074
2015-04-27 20:58:55.816,0.3017822504043579
2015-04-27 23:58:55.816,0.30152997374534607
2015-04-28 02:58:55.816,0.30163270235061646
2015-04-28 05:58:55.816,0.30247244238853455
2015-04-28 08:58:55.816,0.30367326736450195
2015-04-28 11:58:55.816,0.30536261200904846
2015-04-28 14:58:55.816,0.3054453432559967
2015-04-28 17:58:55.816,0.30468207597732544
2015-04-28 20:58:55.816,0.30387890338897705
2015-04-28 23:58:55.816,0.3031305968761444
2015-04-29 02:58:55.816,0.30190932750701904
2015-04-29 05:58:55.816,0.3007688522338867
2015-04-29 08:58:55.816,0.3004476726055145
2015-04-29 11:58:55.816,0.3002260625362396
2015-04-29 14:58:55.816,0.3002801835536957
2015-04-29 17:58:55.816,0.30003252625465393
2015-04-29 20:58:55.816,0.3002929985523224
2015-04-29 23:58:55.816,0.3004564940929413
2015-04-30 02:58:55.816,0.3004060685634613
2015-04-30 05:58:55.816,0.3004080355167389
2015-04-30 08:58:55.816,0.3009142279624939
2015-04-30 11:58:55.816,0.30668482184410095
2015-04-30 14:58:55.816,0.3169887959957123
2015-04-30 17:58:55.816,0.31142401695251465
2015-04-30 20:58:55.816,0.30877378582954407
2015-04-30 23:58:55.816,0.30627718567848206
2015-05-01 02:58:55.816,0.304975688457489
2015-05-01 05:58:55.816,0.3042488396167755
2015-05-01 08:58:55.816,0.30358579754829407
2015-05-01 11:58:55.816,0.3026145100593567
2015-05-01 14:58:55.816,0.3023870289325714
2015-05-01 17:58:55.816,0.3034690320491791
2015-05-01 20:58:55.816,0.30340832471847534
2015-05-01 23:58:55.816,0.3037722706794739
2015-05-02 02:58:55.816,0.3043932020664215
2015-05-02 05:58:55.816,0.30497071146965027
2015-05-02 08:58:55.816,0.31070464849472046
2015-05-02 11:58:55.816,0.3315596878528595
2015-05-02 14:58:55.816,0.32937583327293396
2015-05-02 17:58:55.816,0.319013386964798
2015-05-02 20:58:55.816,0.31684568524360657
2015-05-02 23:58:55.816,0.3159378468990326
2015-05-03 02:58:55.816,0.31467291712760925
2015-05-03 05:58:55.816,0.3123367130756378
2015-05-03 08:58:55.816,0.3105006515979767
2015-05-03 11:58:55.816,0.30964553356170654
2015-05-03 14:58:55.816,0.3090713620185852
2015-05-03 17:58:55.816,0.30863630771636963
2015-05-03 20:58:55.816,0.30870357155799866
2015-05-03 23:58:55.816,0.30834081768989563
2015-05-04 02:58:55.816,0.3079812824726105
2015-05-04 05:58:55.816,0.3072759807109833
2015-05-04 08:58:55.816,0.3071836233139038
2015-05-04 11:58:55.816,0.30759963393211365
2015-05-04 14:58:55.816,0.30887457728385925
2015-05-04 17:58:55.816,0.30805349349975586
2015-05-04 20:58:55.816,0.3075442314147949
2015-05-04 23:58:55.816,0.30681219696998596
2015-05-05 02:58:55.816,0.30634745955467224
2015-05-05 05:58:55.816,0.30640873312950134
2015-05-05 08:58:55.816,0.3062828481197357
2015-05-05 11:58:55.816,0.31341078877449036
2015-05-05 14:58:55.816,0.32076504826545715
2015-05-05 17:58:55.816,0.3214109241962433
2015-05-05 20:58:55.816,0.3186235725879669
2015-05-05 23:58:55.816,0.3174043595790863
2015-05-06 02:58:55.816,0.31636109948158264
2015-05-06 05:58:55.816,0.3201447129249573
2015-05-06 08:58:55.816,0.33844825625419617
2015-05-06 11:58:55.816,0.35964083671569824
2015-05-06 14:58:55.816,0.3549403250217438
2015-05-06 17:58:55.816,0.34383639693260193
2015-05-06 20:58:55.816,0.3479224741458893
2015-05-06 23:58:55.816,0.34960126876831055
2015-05-07 02:58:55.816,0.35085269808769226
2015-05-07 05:58:55.816,0.34548261761665344
2015-05-07 08:58:55.816,0.34741342067718506
2015-05-07 11:58:55.816,0.351119726896286
2015-05-07 14:58:55.816,0.34833160042762756
2015-05-07 17:58:55.816,0.347971647977829
2015-05-07 20:58:55.816,0.34607911109924316
2015-05-07 23:58:55.816,0.34115442633628845
2015-05-08 02:58:55.816,0.3370639383792877
2015-05-08 05:58:55.816,0.34429147839546204
2015-05-08 08:58:55.816,0.3557678461074829
2015-05-08 11:58:55.816,0.35498523712158203
2015-05-08 14:58:55.816,0.3540268838405609
2015-05-08 17:58:55.816,0.35285624861717224
2015-05-08 20:58:55.816,0.35176339745521545
2015-05-08 23:58:55.816,0.3486374616622925
2015-05-09 02:58:55.816,0.34768983721733093
2015-05-09 05:58:55.816,0.35403916239738464
2015-05-09 08:58:55.816,0.35253795981407166
2015-05-09 11:58:55.816,0.3530696630477905
2015-05-09 14:58:55.816,0.3499096632003784
2015-05-09 17:58:55.816,0.3475910425186157
2015-05-09 20:58:55.816,0.34789562225341797
2015-05-09 23:58:55.816,0.3440681993961334
2015-05-10 02:58:55.816,0.3391803801059723
2015-05-10 05:58:55.816,0.3424644470214844
2015-05-10 08:58:55.816,0.3690783977508545
2015-05-10 11:58:55.816,0.37518155574798584
2015-05-10 14:58:55.816,0.3693753778934479
2015-05-10 17:58:55.816,0.3584851324558258
2015-05-10 20:58:55.816,0.34951063990592957
2015-05-10 23:58:55.816,0.34702828526496887
2015-05-11 02:58:55.816,0.34371307492256165
2015-05-11 05:58:55.816,0.35007885098457336
2015-05-11 08:58:55.816,0.3701455593109131
2015-05-11 11:58:55.816,0.37086042761802673
2015-05-11 14:58:55.816,0.36453306674957275
2015-05-11 17:58:55.816,0.3590565025806427
2015-05-11 20:58:55.816,0.354485422372818
2015-05-11 23:58:55.816,0.3533576428890228
2015-05-12 02:58:55.816,0.35179030895233154
2015-05-12 05:58:55.816,0.3538341522216797
2015-05-12 08:58:55.816,0.3573307693004608
2015-05-12 11:58:55.816,0.3583235442638397
2015-05-12 14:58:55.816,0.3577413856983185
2015-05-12 17:58:55.816,0.3535054624080658
2015-05-12 20:58:55.816,0.34938398003578186
2015-05-12 23:58:55.816,0.3478304445743561
2015-05-13 02:58:55.816,0.3460841476917267
2015-05-13 05:58:55.816,0.34810400009155273
2015-05-13 08:58:55.816,0.35545435547828674
2015-05-13 11:58:55.816,0.3564470112323761
2015-05-13 14:58:55.816,0.3531096279621124
2015-05-13 17:58:55.816,0.35023245215415955
2015-05-13 20:58:55.816,0.34756985306739807
2015-05-13 23:58:55.816,0.34609007835388184
2015-05-14 02:58:55.816,0.34812626242637634
2015-05-14 05:58:55.816,0.35097765922546387
2015-05-14 08:58:55.816,0.3505159914493561
2015-05-14 11:58:55.816,0.35300007462501526
2015-05-14 14:58:55.816,0.3536628484725952
2015-05-14 17:58:55.816,0.35163578391075134
2015-05-14 20:58:55.816,0.349610298871994
2015-05-14 23:58:55.816,0.3479710817337036
2015-05-15 02:58:55.816,0.3466232120990753
2015-05-15 05:58:55.816,0.34478768706321716
2015-05-15 08:58:55.816,0.351023405790329
2015-05-15 11:58:55.816,0.3518786132335663
2015-05-15 14:58:55.816,0.3496856689453125
2015-05-15 17:58:55.816,0.3453822433948517
2015-05-15 20:58:55.816,0.3429068326950073
2015-05-15 23:58:55.816,0.34143638610839844
2015-05-16 02:58:55.816,0.34042492508888245
2015-05-16 05:58:55.816,0.3404061496257782
2015-05-16 08:58:55.816,0.34054601192474365
2015-05-16 11:58:55.816,0.34220847487449646
2015-05-16 14:58:55.816,0.3410143554210663
2015-05-16 17:58:55.816,0.3399617373943329
2015-05-16 20:58:55.816,0.3397647440433502
2015-05-16 23:58:55.816,0.3390261232852936
2015-05-17 02:58:55.816,0.3380749225616455
2015-05-17 05:58:55.816,0.33775797486305237
2015-05-17 08:58:55.816,0.3397773802280426
2015-05-17 11:58:55.816,0.34204697608947754
2015-05-17 14:58:55.816,0.3428550660610199
2015-05-17 17:58:55.816,0.3421701490879059
2015-05-17 20:58:55.816,0.34147968888282776
2015-05-17 23:58:55.816,0.34050920605659485
2015-05-18 02:58:55.816,0.3397037982940674
2015-05-18 05:58:55.816,0.33951082825660706
2015-05-18 08:58:55.816,0.3391181528568268
2015-05-18 11:58:55.816,0.3374967873096466
2015-05-18 14:58:55.816,0.33625733852386475
2015-05-18 17:58:55.816,0.33609044551849365
2015-05-18 20:58:55.816,0.3362479507923126
2015-05-18 23:58:55.816,0.33554887771606445
2015-05-19 02:58:55.816,0.33524683117866516
2015-05-19 05:58:55.816,0.3354344069957733
2015-05-19 08:58:55.816,0.3404262363910675
2015-05-19 11:58:55.816,0.349288672208786
2015-05-19 14:58:55.816,0.34792569279670715
2015-05-19 17:58:55.816,0.3478752672672272
2015-05-19 20:58:55.816,0.3486855924129486
2015-05-19 23:58:55.816,0.34757211804389954
2015-05-20 02:58:55.816,0.34566259384155273
2015-05-20 05:58:55.816,0.34459030628204346
2015-05-20 08:58:55.816,0.34361132979393005
2015-05-20 11:58:55.816,0.34199678897857666
2015-05-20 14:58:55.816,0.341387003660202
2015-05-20 17:58:55.816,0.34357163310050964
2015-05-20 20:58:55.816,0.34392261505126953
2015-05-20 23:58:55.816,0.34570392966270447
2015-05-21 02:58:55.816,0.3475281298160553
2015-05-21 05:58:55.816,0.346300333738327
2015-05-21 08:58:55.816,0.3450436294078827
2015-05-21 11:58:55.816,0.3455173075199127
2015-05-21 14:58:55.816,0.3452785313129425
2015-05-21 17:58:55.816,0.34310999512672424
2015-05-21 20:58:55.816,0.3424437940120697
2015-05-21 23:58:55.816,0.34203803539276123
2015-05-22 02:58:55.816,0.342047780752182
2015-05-22 05:58:55.816,0.34144365787506104
2015-05-22 08:58:55.816,0.3398895263671875
2015-05-22 11:58:55.816,0.3387928009033203
2015-05-22 14:58:55.816,0.33872416615486145
2015-05-22 17:58:55.816,0.3445197641849518
2015-05-22 20:58:55.816,0.3493073880672455
2015-05-22 23:58:55.816,0.3514060080051422
2015-05-23 02:58:55.816,0.353548526763916
2015-05-23 05:58:55.816,0.35418352484703064
2015-05-23 08:58:55.816,0.3529246747493744
2015-05-23 11:58:55.816,0.3526719808578491
2015-05-23 14:58:55.816,0.3517647087574005
2015-05-23 17:58:55.816,0.34798505902290344
2015-05-23 20:58:55.816,0.34594833850860596
2015-05-23 23:58:55.816,0.3468813896179199
2015-05-24 02:58:55.816,0.3467240631580353
2015-05-24 05:58:55.816,0.34805288910865784
2015-05-24 08:58:55.816,0.3485897481441498
2015-05-24 11:58:55.816,0.3473551273345947
2015-05-24 14:58:55.816,0.34521737694740295
2015-05-24 17:58:55.816,0.3437671363353729
2015-05-24 20:58:55.816,0.34343233704566956
2015-05-24 23:58:55.816,0.3430783748626709
2015-05-25 02:58:55.816,0.3428528308868408
2015-05-25 05:58:55.816,0.3422882556915283
2015-05-25 08:58:55.816,0.3408079147338867
2015-05-25 11:58:55.816,0.3386804163455963
2015-05-25 14:58:55.816,0.3367410898208618
2015-05-25 17:58:55.816,0.3363793194293976
2015-05-25 20:58:55.816,0.33723947405815125
2015-05-25 23:58:55.816,0.3375450372695923
2015-05-26 02:58:55.816,0.33721187710762024
2015-05-26 05:58:55.816,0.336871474981308
2015-05-26 08:58:55.816,0.3357337415218353
2015-05-26 11:58:55.816,0.33441630005836487
2015-05-26 14:58:55.816,0.33648812770843506
2015-05-26 17:58:55.816,0.3349754810333252
2015-05-26 20:58:55.816,0.33575573563575745
2015-05-26 23:58:55.816,0.3362866938114166
2015-05-27 02:58:55.816,0.3356311321258545
2015-05-27 05:58:55.816,0.3392035961151123
2015-05-27 08:58:55.816,0.335971474647522
2015-05-27 11:58:55.816,0.3351832926273346
2015-05-27 14:58:55.816,0.34241071343421936
2015-05-27 17:58:55.816,0.35377612709999084
2015-05-27 20:58:55.816,0.3506902754306793
2015-05-27 23:58:55.816,0.34627389907836914
2015-05-28 02:58:55.816,0.34526216983795166
2015-05-28 05:58:55.816,0.35012567043304443
2015-05-28 08:58:55.816,0.34803569316864014
2015-05-28 11:58:55.816,0.34596237540245056
2015-05-28 14:58:55.816,0.3451419770717621
2015-05-28 17:58:55.816,0.34288254380226135
2015-05-28 20:58:55.816,0.3419565260410309
2015-05-28 23:58:55.816,0.34123218059539795
2015-05-29 02:58:55.816,0.34059083461761475
2015-05-29 05:58:55.816,0.34084320068359375
2015-05-29 08:58:55.816,0.3381377160549164
2015-05-29 11:58:55.816,0.3368014991283417
2015-05-29 14:58:55.816,0.3403947353363037
2015-05-29 17:58:55.816,0.337905615568161
2015-05-29 20:58:55.816,0.33780917525291443
2015-05-29 23:58:55.816,0.3385148346424103
2015-05-30 02:58:55.816,0.3382550776004791
2015-05-30 05:58:55.816,0.3390263020992279
2015-05-30 08:58:55.816,0.34015294909477234
2015-05-30 11:58:55.816,0.3395918607711792
2015-05-30 14:58:55.816,0.3413423001766205
2015-05-30 17:58:55.816,0.34005609154701233
2015-05-30 20:58:55.816,0.3396022617816925
2015-05-30 23:58:55.816,0.3380095064640045
2015-05-31 02:58:55.816,0.33615219593048096
2015-05-31 05:58:55.816,0.33835896849632263
2015-05-31 08:58:55.816,0.3355136811733246
2015-05-31 11:58:55.816,0.33467355370521545
2015-05-31 14:58:55.816,0.3391958475112915
2015-05-31 17:58:55.816,0.3538741171360016
2015-05-31 20:58:55.816,0.3459695279598236
2015-05-31 23:58:55.816,0.3445296287536621
2015-06-01 02:58:55.816,0.3421606719493866
2015-06-01 05:58:55.816,0.3395317792892456
2015-06-01 08:58:55.816,0.33749452233314514
2015-06-01 11:58:55.816,0.33680739998817444
2015-06-01 14:58:55.816,0.33737173676490784
2015-06-01 17:58:55.816,0.33693838119506836
2015-06-01 20:58:55.816,0.34440240263938904
2015-06-01 23:58:55.816,0.3430692255496979
2015-06-02 02:58:55.816,0.3438204526901245
2015-06-02 05:58:55.816,0.3435615599155426
2015-06-02 08:58:55.816,0.34310033917427063
2015-06-02 11:58:55.816,0.34179815649986267
2015-06-02 14:58:55.816,0.34036514163017273
2015-06-02 17:58:55.816,0.338811993598938
2015-06-02 20:58:55.816,0.3383593261241913
2015-06-02 23:58:55.816,0.33786043524742126
2015-06-03 02:58:55.816,0.3373531103134155
2015-06-03 05:58:55.816,0.3373924791812897
2015-06-03 08:58:55.816,0.33483418822288513
2015-06-03 11:58:55.816,0.3312586843967438
2015-06-03 14:58:55.816,0.3326614201068878
2015-06-03 17:58:55.816,0.33166804909706116
2015-06-03 20:58:55.816,0.3314356803894043
2015-06-03 23:58:55.816,0.3306367099285126
2015-06-04 02:58:55.816,0.33232375979423523
2015-06-04 05:58:55.816,0.3320481479167938
2015-06-04 08:58:55.816,0.3329884111881256
2015-06-04 11:58:55.816,0.3322550058364868
2015-06-04 14:58:55.816,0.33276858925819397
2015-06-04 17:58:55.816,0.3318583071231842
2015-06-04 20:58:55.816,0.33190587162971497
2015-06-04 23:58:55.816,0.3321896195411682
2015-06-05 02:58:55.816,0.3318939507007599
2015-06-05 05:58:55.816,0.33171597123146057
2015-06-05 08:58:55.816,0.33089977502822876
2015-06-05 11:58:55.816,0.32964614033699036
2015-06-05 14:58:55.816,0.32954075932502747
2015-06-05 17:58:55.816,0.32917580008506775
2015-06-05 20:58:55.816,0.32917842268943787
2015-06-05 23:58:55.816,0.32902637124061584
2015-06-06 02:58:55.816,0.32904917001724243
2015-06-06 05:58:55.816,0.3289336562156677
2015-06-06 08:58:55.816,0.32846391201019287
2015-06-06 11:58:55.816,0.32679036259651184
2015-06-06 14:58:55.816,0.327221542596817
2015-06-06 17:58:55.816,0.3269067108631134
2015-06-06 20:58:55.816,0.3294796049594879
2015-06-06 23:58:55.816,0.3351376950740814
2015-06-07 02:58:55.816,0.3388654887676239
2015-06-07 05:58:55.816,0.3376431465148926
2015-06-07 08:58:55.816,0.33574697375297546
2015-06-07 11:58:55.816,0.33440613746643066
2015-06-07 14:58:55.816,0.33125150203704834
2015-06-07 17:58:55.816,0.33115532994270325
2015-06-07 20:58:55.816,0.32964006066322327
2015-06-07 23:58:55.816,0.32906320691108704
2015-06-08 02:58:55.816,0.32932737469673157
2015-06-08 05:58:55.816,0.32591578364372253
2015-06-08 08:58:55.816,0.32584336400032043
2015-06-08 11:58:55.816,0.32522791624069214
2015-06-08 14:58:55.816,0.3233146369457245
2015-06-08 17:58:55.816,0.323896199464798
2015-06-08 20:58:55.816,0.3250201344490051
2015-06-08 23:58:55.816,0.3255881667137146
2015-06-09 02:58:55.816,0.325630784034729
2015-06-09 05:58:55.816,0.3241276741027832
2015-06-09 08:58:55.816,0.3244188129901886
2015-06-09 11:58:55.816,0.32449471950531006
2015-06-09 14:58:55.816,0.3243156373500824
2015-06-09 17:58:55.816,0.3246779143810272
2015-06-09 20:58:55.816,0.32466796040534973
2015-06-09 23:58:55.816,0.3237062096595764
2015-06-10 02:58:55.816,0.32282519340515137
2015-06-10 05:58:55.816,0.3231973350048065
2015-06-10 08:58:55.816,0.32391008734703064
2015-06-10 11:58:55.816,0.3246626853942871
2015-06-10 14:58:55.816,0.32334259152412415
2015-06-10 17:58:55.816,0.3238208591938019
2015-06-10 20:58:55.816,0.32395851612091064
2015-06-10 23:58:55.816,0.324178546667099
2015-06-11 02:58:55.816,0.3246845006942749
2015-06-11 05:58:55.816,0.32463526725769043
2015-06-11 08:58:55.816,0.32416850328445435
2015-06-11 11:58:55.816,0.3237009346485138
2015-06-11 14:58:55.816,0.32025113701820374
2015-06-11 17:58:55.816,0.32072195410728455
2015-06-11 20:58:55.816,0.3207074999809265
2015-06-11 23:58:55.816,0.31991660594940186
2015-06-12 02:58:55.816,0.3192159831523895
2015-06-12 05:58:55.816,0.31443870067596436
2015-06-12 08:58:55.816,0.3153126835823059
2015-06-12 11:58:55.816,0.3156140446662903
2015-06-12 14:58:55.816,0.3154023587703705
2015-06-12 17:58:55.816,0.31591275334358215
2015-06-12 20:58:55.816,0.31560301780700684
2015-06-12 23:58:55.816,0.3148132860660553
2015-06-13 02:58:55.816,0.313941091299057
2015-06-13 05:58:55.816,0.3091779053211212
2015-06-13 08:58:55.816,0.3093884289264679
2015-06-13 11:58:55.816,0.30978813767433167
2015-06-13 14:58:55.816,0.30821964144706726
2015-06-13 17:58:55.816,0.30968424677848816
2015-06-13 20:58:55.816,0.311245322227478
2015-06-13 23:58:55.816,0.31257256865501404
2015-06-14 02:58:55.816,0.3132845461368561
2015-06-14 05:58:55.816,0.30962851643562317
2015-06-14 08:58:55.816,0.3093535900115967
2015-06-14 11:58:55.816,0.309391587972641
2015-06-14 14:58:55.816,0.3100062608718872
2015-06-14 17:58:55.816,0.31068405508995056
2015-06-14 20:58:55.816,0.31184735894203186
2015-06-14 23:58:55.816,0.3126630187034607
2015-06-15 02:58:55.816,0.31291499733924866
2015-06-15 05:58:55.816,0.31121721863746643
2015-06-15 08:58:55.816,0.31299278140068054
2015-06-15 11:58:55.816,0.31645217537879944
2015-06-15 14:58:55.816,0.31445497274398804
2015-06-15 17:58:55.816,0.3204169273376465
2015-06-15 20:58:55.816,0.3213944733142853
2015-06-15 23:58:55.816,0.3231365382671356
2015-06-16 02:58:55.816,0.3224264681339264
2015-06-16 05:58:55.816,0.3188275694847107
2015-06-16 08:58:55.816,0.32284167408943176
2015-06-16 11:58:55.816,0.325173944234848
2015-06-16 14:58:55.816,0.3245414197444916
2015-06-16 17:58:55.816,0.3219285309314728
2015-06-16 20:58:55.816,0.3203182518482208
2015-06-16 23:58:55.816,0.32102277874946594
2015-06-17 02:58:55.816,0.32069215178489685
2015-06-17 05:58:55.816,0.31864863634109497
2015-06-17 08:58:55.816,0.31620320677757263
2015-06-17 11:58:55.816,0.31481292843818665
2015-06-17 14:58:55.816,0.3143456280231476
2015-06-17 17:58:55.816,0.31473270058631897
2015-06-17 20:58:55.816,0.31492647528648376
2015-06-17 23:58:55.816,0.3144010007381439
2015-06-18 02:58:55.816,0.3145662844181061
2015-06-18 05:58:55.816,0.2999956011772156
2015-06-18 08:58:55.816,0.3030449450016022
2015-06-18 11:58:55.816,0.30548614263534546
2015-06-18 14:58:55.816,0.300880491733551
2015-06-18 17:58:55.816,0.3034805357456207
2015-06-18 20:58:55.816,0.3071037530899048
2015-06-18 23:58:55.816,0.3084512948989868
2015-06-19 02:58:55.816,0.30950871109962463
2015-06-19 05:58:55.816,0.3065824806690216
2015-06-19 08:58:55.816,0.3065355718135834
2015-06-19 11:58:55.816,0.3057698607444763
2015-06-19 14:58:55.816,0.3055071532726288
2015-06-19 17:58:55.816,0.30635866522789
2015-06-19 20:58:55.816,0.30738142132759094
2015-06-19 23:58:55.816,0.3082205057144165
2015-06-20 02:58:55.816,0.3084188401699066
2015-06-20 05:58:55.816,0.30201250314712524
2015-06-20 08:58:55.816,0.3020460605621338
2015-06-20 11:58:55.816,0.3006744384765625
2015-06-20 14:58:55.816,0.29849711060523987
2015-06-20 17:58:55.816,0.3064607083797455
2015-06-20 20:58:55.816,0.311328262090683
2015-06-20 23:58:55.816,0.3130786120891571
2015-06-21 02:58:55.816,0.31751659512519836
2015-06-21 05:58:55.816,0.3255564272403717
2015-06-21 08:58:55.816,0.32785406708717346
2015-06-21 11:58:55.816,0.32504069805145264
2015-06-21 14:58:55.816,0.3211369216442108
2015-06-21 17:58:55.816,0.3193018436431885
2015-06-21 20:58:55.816,0.31896933913230896
2015-06-21 23:58:55.816,0.3193592429161072
2015-06-22 02:58:55.816,0.31852301955223083
2015-06-22 05:58:55.816,0.31278106570243835
2015-06-22 08:58:55.816,0.31092098355293274
2015-06-22 11:58:55.816,0.30773723125457764
2015-06-22 14:58:55.816,0.3071635663509369
2015-06-22 17:58:55.816,0.30812808871269226
2015-06-22 20:58:55.816,0.3137250244617462
2015-06-22 23:58:55.816,0.31898823380470276
2015-06-23 02:58:55.816,0.3272264301776886
2015-06-23 05:58:55.816,0.35610929131507874
2015-06-23 08:58:55.816,0.34034252166748047
2015-06-23 11:58:55.816,0.33578920364379883
2015-06-23 14:58:55.816,0.33181121945381165
2015-06-23 17:58:55.816,0.33320119976997375
2015-06-23 20:58:55.816,0.33624234795570374
2015-06-23 23:58:55.816,0.3320862352848053
2015-06-24 02:58:55.816,0.3361634314060211
2015-06-24 05:58:55.816,0.34028899669647217
2015-06-24 08:58:55.816,0.3346165716648102
2015-06-24 11:58:55.816,0.330779105424881
2015-06-24 14:58:55.816,0.3267422020435333
2015-06-24 17:58:55.816,0.32509613037109375
2015-06-24 20:58:55.816,0.3269159197807312
2015-06-24 23:58:55.816,0.33592990040779114
2015-06-25 02:58:55.816,0.3504737317562103
2015-06-25 05:58:55.816,0.3437950611114502
2015-06-25 08:58:55.816,0.3380182981491089
2015-06-25 11:58:55.816,0.3336080014705658
2015-06-25 14:58:55.816,0.33167895674705505
2015-06-25 17:58:55.816,0.3288614749908447
2015-06-25 20:58:55.816,0.32738402485847473
2015-06-25 23:58:55.816,0.3286958932876587
2015-06-26 02:58:55.816,0.3345821797847748
2015-06-26 05:58:55.816,0.33116456866264343
2015-06-26 08:58:55.816,0.32694876194000244
2015-06-26 11:58:55.816,0.32357707619667053
2015-06-26 14:58:55.816,0.3221203088760376
2015-06-26 17:58:55.816,0.3202948570251465
2015-06-26 20:58:55.816,0.31893911957740784
2015-06-26 23:58:55.816,0.31869742274284363
2015-06-27 02:58:55.816,0.31822898983955383
2015-06-27 05:58:55.816,0.3189115822315216
2015-06-27 08:58:55.816,0.3161431550979614
2015-06-27 11:58:55.816,0.31283730268478394
2015-06-27 14:58:55.816,0.31399771571159363
2015-06-27 17:58:55.816,0.312072217464447
2015-06-27 20:58:55.816,0.311965674161911
2015-06-27 23:58:55.816,0.31227996945381165
2015-06-28 02:58:55.816,0.3143868148326874
2015-06-28 05:58:55.816,0.3196174204349518
2015-06-28 08:58:55.816,0.3196372091770172
2015-06-28 11:58:55.816,0.3172292709350586
2015-06-28 14:58:55.816,0.3162288963794708
2015-06-28 17:58:55.816,0.31621453166007996
2015-06-28 20:58:55.816,0.31550487875938416
2015-06-28 23:58:55.816,0.31495973467826843
2015-06-29 02:58:55.816,0.3144111931324005
2015-06-29 05:58:55.816,0.31174173951148987
2015-06-29 08:58:55.816,0.30994880199432373
2015-06-29 11:58:55.816,0.30851098895072937
2015-06-29 14:58:55.816,0.3085496127605438
2015-06-29 17:58:55.816,0.3081377446651459
2015-06-29 20:58:55.816,0.3081662654876709
2015-06-29 23:58:55.816,0.30834659934043884
2015-06-30 02:58:55.816,0.30840766429901123
2015-06-30 05:58:55.816,0.30736270546913147
2015-06-30 08:58:55.816,0.3041221797466278
2015-06-30 11:58:55.816,0.2998669147491455
2015-06-30 14:58:55.816,0.2979534864425659
2015-06-30 17:58:55.816,0.2972390949726105
2015-06-30 20:58:55.816,0.2989193797111511
2015-06-30 23:58:55.816,0.30056700110435486
2015-07-01 02:58:55.816,0.30102071166038513
2015-07-01 05:58:55.816,0.30192115902900696
2015-07-01 08:58:55.816,0.29999271035194397
2015-07-01 11:58:55.816,0.29643067717552185
2015-07-01 14:58:55.816,0.29819217324256897
2015-07-01 17:58:55.816,0.29799070954322815
2015-07-01 20:58:55.816,0.2993488609790802
2015-07-01 23:58:55.816,0.3007056415081024
2015-07-02 02:58:55.816,0.30152663588523865
2015-07-02 05:58:55.816,0.30239662528038025
2015-07-02 08:58:55.816,0.3004623353481293
2015-07-02 11:58:55.816,0.29910901188850403
2015-07-02 14:58:55.816,0.30322137475013733
2015-07-02 17:58:55.816,0.31441155076026917
2015-07-02 20:58:55.816,0.317754328250885
2015-07-02 23:58:55.816,0.323548823595047
2015-07-03 02:58:55.816,0.3265741765499115
2015-07-03 05:58:55.816,0.3215867578983307
2015-07-03 08:58:55.816,0.32028934359550476
2015-07-03 11:58:55.816,0.31760650873184204
2015-07-03 14:58:55.816,0.3141459822654724
2015-07-03 17:58:55.816,0.3154594898223877
2015-07-03 20:58:55.816,0.3162465989589691
2015-07-03 23:58:55.816,0.31626570224761963
2015-07-04 02:58:55.816,0.3167315423488617
2015-07-04 05:58:55.816,0.3151068389415741
2015-07-04 08:58:55.816,0.31512972712516785
2015-07-04 11:58:55.816,0.31550928950309753
2015-07-04 14:58:55.816,0.3100923001766205
2015-07-04 17:58:55.816,0.31111767888069153
2015-07-04 20:58:55.816,0.31056782603263855
2015-07-04 23:58:55.816,0.3106355369091034
2015-07-05 02:58:55.816,0.3106592297554016
2015-07-05 05:58:55.816,0.3051680028438568
2015-07-05 08:58:55.816,0.3037987947463989
2015-07-05 11:58:55.816,0.301437646150589
2015-07-05 14:58:55.816,0.29836133122444153
2015-07-05 17:58:55.816,0.2988153398036957
2015-07-05 20:58:55.816,0.30042555928230286
2015-07-05 23:58:55.816,0.3016732633113861
2015-07-06 02:58:55.816,0.3041370213031769
2015-07-06 05:58:55.816,0.2953586280345917
2015-07-06 08:58:55.816,0.3156965970993042
2015-07-06 11:58:55.816,0.33699294924736023
2015-07-06 14:58:55.816,0.3301435112953186
2015-07-06 17:58:55.816,0.32480451464653015
2015-07-06 20:58:55.816,0.3220376968383789
2015-07-06 23:58:55.816,0.3242056667804718
2015-07-07 02:58:55.816,0.3252722918987274
2015-07-07 05:58:55.816,0.32527491450309753
2015-07-07 08:58:55.816,0.3272455334663391
2015-07-07 11:58:55.816,0.32791823148727417
2015-07-07 14:58:55.816,0.3246576488018036
2015-07-07 17:58:55.816,0.3217490613460541
2015-07-07 20:58:55.816,0.3198576867580414
2015-07-07 23:58:55.816,0.3184901177883148
2015-07-08 02:58:55.816,0.3172082304954529
2015-07-08 05:58:55.816,0.31314361095428467
2015-07-08 08:58:55.816,0.3128455579280853
2015-07-08 11:58:55.816,0.31388983130455017
2015-07-08 14:58:55.816,0.3100171983242035
2015-07-08 17:58:55.816,0.3141103684902191
2015-07-08 20:58:55.816,0.3218442499637604
2015-07-08 23:58:55.816,0.32091382145881653
2015-07-09 02:58:55.816,0.31908559799194336
2015-07-09 05:58:55.816,0.3145575225353241
2015-07-09 08:58:55.816,0.312583327293396
2015-07-09 11:58:55.816,0.30966925621032715
2015-07-09 14:58:55.816,0.3070226013660431
2015-07-09 17:58:55.816,0.306639164686203
2015-07-09 20:58:55.816,0.3066162168979645
2015-07-09 23:58:55.816,0.30621638894081116
2015-07-10 02:58:55.816,0.30654117465019226
2015-07-10 05:58:55.816,0.30478858947753906
2015-07-10 08:58:55.816,0.30400940775871277
2015-07-10 11:58:55.816,0.30177178978919983
2015-07-10 14:58:55.816,0.2993183732032776
2015-07-10 17:58:55.816,0.29976707696914673
2015-07-10 20:58:55.816,0.300985723733902
2015-07-10 23:58:55.816,0.3021222949028015
2015-07-11 02:58:55.816,0.3026626706123352
2015-07-11 05:58:55.816,0.3016144931316376
2015-07-11 08:58:55.816,0.30226263403892517
2015-07-11 11:58:55.816,0.30300289392471313
2015-07-11 14:58:55.816,0.29895028471946716
2015-07-11 17:58:55.816,0.29985347390174866
2015-07-11 20:58:55.816,0.300945907831192
2015-07-11 23:58:55.816,0.3016190528869629
2015-07-12 02:58:55.816,0.3026072084903717
2015-07-12 05:58:55.816,0.3020172417163849
2015-07-12 08:58:55.816,0.3007475733757019
2015-07-12 11:58:55.816,0.29757747054100037
2015-07-12 14:58:55.816,0.29748407006263733
2015-07-12 17:58:55.816,0.2965485751628876
2015-07-12 20:58:55.816,0.29694831371307373
2015-07-12 23:58:55.816,0.29722461104393005
2015-07-13 02:58:55.816,0.29747262597084045
2015-07-13 05:58:55.816,0.295362651348114
2015-07-13 08:58:55.816,0.2942848205566406
2015-07-13 11:58:55.816,0.2921809256076813
2015-07-13 14:58:55.816,0.2889867126941681
2015-07-13 17:58:55.816,0.2896426022052765
2015-07-13 20:58:55.816,0.2916591167449951
2015-07-13 23:58:55.816,0.2938404679298401
2015-07-14 02:58:55.816,0.2953543961048126
2015-07-14 05:58:55.816,0.2907716929912567
2015-07-14 08:58:55.816,0.29150137305259705
2015-07-14 11:58:55.816,0.28918924927711487
2015-07-14 14:58:55.816,0.2824457585811615
2015-07-14 17:58:55.816,0.28310534358024597
2015-07-14 20:58:55.816,0.2844249904155731
2015-07-14 23:58:55.816,0.2861628234386444
2015-07-15 02:58:55.816,0.28822454810142517
2015-07-15 05:58:55.816,0.2818063199520111
2015-07-15 08:58:55.816,0.282164603471756
2015-07-15 11:58:55.816,0.28098058700561523
2015-07-15 14:58:55.816,0.2766713798046112
2015-07-15 17:58:55.816,0.27774736285209656
2015-07-15 20:58:55.816,0.2798488438129425
2015-07-15 23:58:55.816,0.28193360567092896
2015-07-16 02:58:55.816,0.28419777750968933
2015-07-16 05:58:55.816,0.2727055847644806
2015-07-16 08:58:55.816,0.28172555565834045
2015-07-16 11:58:55.816,0.28896191716194153
2015-07-16 14:58:55.816,0.2836249768733978
2015-07-16 17:58:55.816,0.2847234308719635
2015-07-16 20:58:55.816,0.28638967871665955
2015-07-16 23:58:55.816,0.28826186060905457
2015-07-17 02:58:55.816,0.290126234292984
2015-07-17 05:58:55.816,0.27955394983291626
2015-07-17 08:58:55.816,0.2796107828617096
2015-07-17 11:58:55.816,0.27804842591285706
2015-07-17 14:58:55.816,0.27267885208129883
2015-07-17 17:58:55.816,0.2738119661808014
2015-07-17 20:58:55.816,0.2760351896286011
2015-07-17 23:58:55.816,0.2781161367893219
2015-07-18 02:58:55.816,0.2798141837120056
2015-07-18 05:58:55.816,0.2696959376335144
2015-07-18 08:58:55.816,0.2709555923938751
2015-07-18 11:58:55.816,0.27116596698760986
2015-07-18 14:58:55.816,0.265565425157547
2015-07-18 17:58:55.816,0.2682197391986847
2015-07-18 20:58:55.816,0.27128925919532776
2015-07-18 23:58:55.816,0.2741454839706421
2015-07-19 02:58:55.816,0.2773078382015228
2015-07-19 05:58:55.816,0.26059359312057495
2015-07-19 08:58:55.816,0.26468437910079956
2015-07-19 11:58:55.816,0.26698383688926697
2015-07-19 14:58:55.816,0.25383567810058594
2015-07-19 17:58:55.816,0.25687867403030396
2015-07-19 20:58:55.816,0.2604444921016693
2015-07-19 23:58:55.816,0.2640071213245392
2015-07-20 02:58:55.816,0.2678825557231903
2015-07-20 05:58:55.816,0.2656073570251465
2015-07-20 08:58:55.816,0.27643316984176636
2015-07-20 11:58:55.816,0.2828647196292877
2015-07-20 14:58:55.816,0.27638399600982666
2015-07-20 17:58:55.816,0.28105297684669495
2015-07-20 20:58:55.816,0.29086288809776306
2015-07-20 23:58:55.816,0.29421618580818176
2015-07-21 02:58:55.816,0.2940274775028229
2015-07-21 05:58:55.816,0.2853837013244629
2015-07-21 08:58:55.816,0.2856390178203583
2015-07-21 11:58:55.816,0.28401121497154236
2015-07-21 14:58:55.816,0.2758713960647583
2015-07-21 17:58:55.816,0.2763645052909851
2015-07-21 20:58:55.816,0.27791735529899597
2015-07-21 23:58:55.816,0.2794848382472992
2015-07-22 02:58:55.816,0.2806183993816376
2015-07-22 05:58:55.816,0.26913753151893616
2015-07-22 08:58:55.816,0.2703467905521393
2015-07-22 11:58:55.816,0.26940059661865234
2015-07-22 14:58:55.816,0.26405665278434753
2015-07-22 17:58:55.816,0.26556873321533203
2015-07-22 20:58:55.816,0.2684633135795593
2015-07-22 23:58:55.816,0.271146297454834
2015-07-23 02:58:55.816,0.2729073464870453
2015-07-23 05:58:55.816,0.26423439383506775
2015-07-23 08:58:55.816,0.2660006582736969
2015-07-23 11:58:55.816,0.2658376395702362
2015-07-23 14:58:55.816,0.25940951704978943
2015-07-23 17:58:55.816,0.2648029625415802
2015-07-23 20:58:55.816,0.2682095468044281
2015-07-23 23:58:55.816,0.2710750997066498
2015-07-24 02:58:55.816,0.2739591598510742
2015-07-24 05:58:55.816,0.2641712725162506
2015-07-24 08:58:55.816,0.26563599705696106
2015-07-24 11:58:55.816,0.26511165499687195
2015-07-24 14:58:55.816,0.25793924927711487
2015-07-24 17:58:55.816,0.26083219051361084
2015-07-24 20:58:55.816,0.2638598680496216
2015-07-24 23:58:55.816,0.2665967345237732
2015-07-25 02:58:55.816,0.2677786350250244
2015-07-25 05:58:55.816,0.2518526017665863
2015-07-25 08:58:55.816,0.25289443135261536
2015-07-25 11:58:55.816,0.25304096937179565
2015-07-25 14:58:55.816,0.24913841485977173
2015-07-25 17:58:55.816,0.2521064281463623
2015-07-25 20:58:55.816,0.25608959794044495
2015-07-25 23:58:55.816,0.259550005197525
2015-07-26 02:58:55.816,0.26343315839767456
2015-07-26 05:58:55.816,0.25663846731185913
2015-07-26 08:58:55.816,0.2596360445022583
2015-07-26 11:58:55.816,0.260389119386673
2015-07-26 14:58:55.816,0.25228819251060486
2015-07-26 17:58:55.816,0.25644972920417786
2015-07-26 20:58:55.816,0.28499627113342285
2015-07-26 23:58:55.816,0.30403605103492737
2015-07-27 02:58:55.816,0.3124561905860901
2015-07-27 05:58:55.816,0.3304634392261505
2015-07-27 08:58:55.816,0.3185300827026367
2015-07-27 11:58:55.816,0.31221309304237366
2015-07-27 14:58:55.816,0.31378522515296936
2015-07-27 17:58:55.816,0.31017711758613586
2015-07-27 20:58:55.816,0.3080359995365143
2015-07-27 23:58:55.816,0.3069365918636322
2015-07-28 02:58:55.816,0.3083101511001587
2015-07-28 05:58:55.816,0.3098725378513336
2015-07-28 08:58:55.816,0.3120160400867462
2015-07-28 11:58:55.816,0.3112817704677582
2015-07-28 14:58:55.816,0.30793556571006775
2015-07-28 17:58:55.816,0.30582571029663086
2015-07-28 20:58:55.816,0.30500707030296326
2015-07-28 23:58:55.816,0.30405646562576294
2015-07-29 02:58:55.816,0.3036796450614929
2015-07-29 05:58:55.816,0.302555650472641
2015-07-29 08:58:55.816,0.30523544549942017
2015-07-29 11:58:55.816,0.3028203845024109
2015-07-29 14:58:55.816,0.30571770668029785
2015-07-29 17:58:55.816,0.3171069324016571
2015-07-29 20:58:55.816,0.3147220015525818
2015-07-29 23:58:55.816,0.3209283649921417
2015-07-30 02:58:55.816,0.3222278952598572
2015-07-30 05:58:55.816,0.32730743288993835
2015-07-30 08:58:55.816,0.32172316312789917
2015-07-30 11:58:55.816,0.3207226097583771
2015-07-30 14:58:55.816,0.32096394896507263
2015-07-30 17:58:55.816,0.3165706992149353
2015-07-30 20:58:55.816,0.3134143650531769
2015-07-30 23:58:55.816,0.31155410408973694
2015-07-31 02:58:55.816,0.3104463815689087
2015-07-31 05:58:55.816,0.3129653334617615
2015-07-31 08:58:55.816,0.31584736704826355
2015-07-31 11:58:55.816,0.3197789490222931
2015-07-31 14:58:55.816,0.31916502118110657
2015-07-31 17:58:55.816,0.3152654469013214
2015-07-31 20:58:55.816,0.31304237246513367
2015-07-31 23:58:55.816,0.31415075063705444
2015-08-01 02:58:55.816,0.3188093304634094
2015-08-01 05:58:55.816,0.3173637092113495
2015-08-01 08:58:55.816,0.32082080841064453
2015-08-01 11:58:55.816,0.3207084834575653
2015-08-01 14:58:55.816,0.3200515806674957
2015-08-01 17:58:55.816,0.3184029757976532
2015-08-01 20:58:55.816,0.3186592161655426
2015-08-01 23:58:55.816,0.3159237802028656
2015-08-02 02:58:55.816,0.3137813210487366
2015-08-02 05:58:55.816,0.3144722878932953
2015-08-02 08:58:55.816,0.3141346275806427
2015-08-02 11:58:55.816,0.3136768639087677
2015-08-02 14:58:55.816,0.31339696049690247
2015-08-02 17:58:55.816,0.3127412497997284
2015-08-02 20:58:55.816,0.31153199076652527
2015-08-02 23:58:55.816,0.3130338490009308
2015-08-03 02:58:55.816,0.31765034794807434
2015-08-03 05:58:55.816,0.3173286020755768
2015-08-03 08:58:55.816,0.3139353394508362
2015-08-03 11:58:55.816,0.31025612354278564
2015-08-03 14:58:55.816,0.30702969431877136
2015-08-03 17:58:55.816,0.30466270446777344
2015-08-03 20:58:55.816,0.30281201004981995
2015-08-03 23:58:55.816,0.3015346825122833
2015-08-04 02:58:55.816,0.3000101149082184
2015-08-04 05:58:55.816,0.29884180426597595
2015-08-04 08:58:55.816,0.2967161238193512
2015-08-04 11:58:55.816,0.29311060905456543
2015-08-04 14:58:55.816,0.2917991578578949
2015-08-04 17:58:55.816,0.2904406487941742
2015-08-04 20:58:55.816,0.29000377655029297
2015-08-04 23:58:55.816,0.29023540019989014
2015-08-05 02:58:55.816,0.29065629839897156
2015-08-05 05:58:55.816,0.29259079694747925
2015-08-05 08:58:55.816,0.291749507188797
2015-08-05 11:58:55.816,0.2894934117794037
2015-08-05 14:58:55.816,0.29142820835113525
2015-08-05 17:58:55.816,0.2912044823169708
2015-08-05 20:58:55.816,0.29602518677711487
2015-08-05 23:58:55.816,0.2959040105342865
2015-08-06 02:58:55.816,0.3030444085597992
2015-08-06 05:58:55.816,0.3098199963569641
2015-08-06 08:58:55.816,0.31598541140556335
2015-08-06 11:58:55.816,0.31613802909851074
2015-08-06 14:58:55.816,0.3114801049232483
2015-08-06 17:58:55.816,0.3115425705909729
2015-08-06 20:58:55.816,0.3106878101825714
2015-08-06 23:58:55.816,0.30932751297950745
2015-08-07 02:58:55.816,0.30798426270484924
2015-08-07 05:58:55.816,0.31148433685302734
2015-08-07 08:58:55.816,0.3167177140712738
2015-08-07 11:58:55.816,0.31327930092811584
2015-08-07 14:58:55.816,0.3091282248497009
2015-08-07 17:58:55.816,0.3065964877605438
2015-08-07 20:58:55.816,0.30542925000190735
2015-08-07 23:58:55.816,0.3042372763156891
2015-08-08 02:58:55.816,0.3112190365791321
2015-08-08 05:58:55.816,0.3122892677783966
2015-08-08 08:58:55.816,0.3126052916049957
2015-08-08 11:58:55.816,0.3108113706111908
2015-08-08 14:58:55.816,0.3103933334350586
2015-08-08 17:58:55.816,0.30685245990753174
2015-08-08 20:58:55.816,0.3049612045288086
2015-08-08 23:58:55.816,0.3036201596260071
2015-08-09 02:58:55.816,0.30300524830818176
2015-08-09 05:58:55.816,0.303234726190567
2015-08-09 08:58:55.816,0.2993163764476776
2015-08-09 11:58:55.816,0.2942439913749695
2015-08-09 14:58:55.816,0.29554662108421326
2015-08-09 17:58:55.816,0.2963325083255768
2015-08-09 20:58:55.816,0.297883540391922
2015-08-09 23:58:55.816,0.2981695234775543
2015-08-10 02:58:55.816,0.2973962426185608
2015-08-10 05:58:55.816,0.29976725578308105
2015-08-10 08:58:55.816,0.2956002652645111
2015-08-10 11:58:55.816,0.2917955219745636
2015-08-10 14:58:55.816,0.2934809625148773
2015-08-10 17:58:55.816,0.2926492393016815
2015-08-10 20:58:55.816,0.2931215465068817
2015-08-10 23:58:55.816,0.2938586175441742
2015-08-11 02:58:55.816,0.29495128989219666
2015-08-11 05:58:55.816,0.29607972502708435
2015-08-11 08:58:55.816,0.2948615849018097
2015-08-11 11:58:55.816,0.2932779788970947
2015-08-11 14:58:55.816,0.29346176981925964
2015-08-11 17:58:55.816,0.3054400384426117
2015-08-11 20:58:55.816,0.30942556262016296
2015-08-11 23:58:55.816,0.32541075348854065
2015-08-12 02:58:55.816,0.3159659206867218
2015-08-12 05:58:55.816,0.31320878863334656
2015-08-12 08:58:55.816,0.30832424759864807
2015-08-12 11:58:55.816,0.3039533495903015
2015-08-12 14:58:55.816,0.3008790910243988
2015-08-12 17:58:55.816,0.2980555295944214
2015-08-12 20:58:55.816,0.2972712516784668
2015-08-12 23:58:55.816,0.2966034710407257
2015-08-13 02:58:55.816,0.2958100736141205
2015-08-13 05:58:55.816,0.29476121068000793
2015-08-13 08:58:55.816,0.29323139786720276
2015-08-13 11:58:55.816,0.29182663559913635
2015-08-13 14:58:55.816,0.2900412082672119
2015-08-13 17:58:55.816,0.2895301878452301
2015-08-13 20:58:55.816,0.2901664674282074
2015-08-13 23:58:55.816,0.2909190058708191
2015-08-14 02:58:55.816,0.2909213602542877
2015-08-14 05:58:55.816,0.28702402114868164
2015-08-14 08:58:55.816,0.2871946394443512
2015-08-14 11:58:55.816,0.2869202196598053
2015-08-14 14:58:55.816,0.28740784525871277
2015-08-14 17:58:55.816,0.2875584065914154
2015-08-14 20:58:55.816,0.2878691852092743
2015-08-14 23:58:55.816,0.2884557843208313
2015-08-15 02:58:55.816,0.289053350687027
2015-08-15 05:58:55.816,0.2881849408149719
2015-08-15 08:58:55.816,0.2882276177406311
2015-08-15 11:58:55.816,0.28557324409484863
2015-08-15 14:58:55.816,0.2832365334033966
2015-08-15 17:58:55.816,0.2831232249736786
2015-08-15 20:58:55.816,0.2845277786254883
2015-08-15 23:58:55.816,0.28564581274986267
2015-08-16 02:58:55.816,0.2858947813510895
2015-08-16 05:58:55.816,0.284519761800766
2015-08-16 08:58:55.816,0.28392013907432556
2015-08-16 11:58:55.816,0.28205206990242004
2015-08-16 14:58:55.816,0.2792845666408539
2015-08-16 17:58:55.816,0.28053149580955505
2015-08-16 20:58:55.816,0.2823580503463745
2015-08-16 23:58:55.816,0.28389182686805725
2015-08-17 02:58:55.816,0.28540536761283875
2015-08-17 05:58:55.816,0.28225594758987427
2015-08-17 08:58:55.816,0.28241604566574097
2015-08-17 11:58:55.816,0.28039756417274475
2015-08-17 14:58:55.816,0.2788420021533966
2015-08-17 17:58:55.816,0.27969178557395935
2015-08-17 20:58:55.816,0.2813035547733307
2015-08-17 23:58:55.816,0.2829919457435608
2015-08-18 02:58:55.816,0.2845669090747833
2015-08-18 05:58:55.816,0.2849244177341461
2015-08-18 08:58:55.816,0.2830077111721039
2015-08-18 11:58:55.816,0.27946847677230835
2015-08-18 14:58:55.816,0.27788278460502625
2015-08-18 17:58:55.816,0.27868208289146423
2015-08-18 20:58:55.816,0.2801775336265564
2015-08-18 23:58:55.816,0.28129103779792786
2015-08-19 02:58:55.816,0.2823769748210907
2015-08-19 05:58:55.816,0.282911092042923
2015-08-19 08:58:55.816,0.2819378674030304
2015-08-19 11:58:55.816,0.2797459661960602
2015-08-19 14:58:55.816,0.27998098731040955
2015-08-19 17:58:55.816,0.2803281843662262
2015-08-19 20:58:55.816,0.2817308306694031
2015-08-19 23:58:55.816,0.28281182050704956
2015-08-20 02:58:55.816,0.2836492657661438
2015-08-20 05:58:55.816,0.2825363576412201
2015-08-20 08:58:55.816,0.28020280599594116
2015-08-20 11:58:55.816,0.27636411786079407
2015-08-20 14:58:55.816,0.27474045753479004
2015-08-20 17:58:55.816,0.27535948157310486
2015-08-20 20:58:55.816,0.2767917215824127
2015-08-20 23:58:55.816,0.2781932055950165
2015-08-21 02:58:55.816,0.2794601321220398
2015-08-21 05:58:55.816,0.2776995301246643
2015-08-21 08:58:55.816,0.27670103311538696
2015-08-21 11:58:55.816,0.27269911766052246
2015-08-21 14:58:55.816,0.27286049723625183
2015-08-21 17:58:55.816,0.2729590833187103
2015-08-21 20:58:55.816,0.27390438318252563
2015-08-21 23:58:55.816,0.27527090907096863
2015-08-22 02:58:55.816,0.2768152058124542
2015-08-22 05:58:55.816,0.2600572407245636
2015-08-22 08:58:55.816,0.2610921263694763
2015-08-22 11:58:55.816,0.26057949662208557
2015-08-22 14:58:55.816,0.266084223985672
2015-08-22 17:58:55.816,0.26762744784355164
2015-08-22 20:58:55.816,0.26917096972465515
2015-08-22 23:58:55.816,0.27019503712654114
2015-08-23 02:58:55.816,0.2711753249168396
2015-08-23 05:58:55.816,0.26051488518714905
2015-08-23 08:58:55.816,0.2618350088596344
2015-08-23 11:58:55.816,0.26083073019981384
2015-08-23 14:58:55.816,0.26210400462150574
2015-08-23 17:58:55.816,0.2639354169368744
2015-08-23 20:58:55.816,0.2660328447818756
2015-08-23 23:58:55.816,0.2674541175365448
2015-08-24 02:58:55.816,0.26914548873901367
2015-08-24 05:58:55.816,0.26586446166038513
2015-08-24 08:58:55.816,0.2667570412158966
2015-08-24 11:58:55.816,0.26649895310401917
2015-08-24 14:58:55.816,0.25953251123428345
2015-08-24 17:58:55.816,0.26172053813934326
2015-08-24 20:58:55.816,0.2641650438308716
2015-08-24 23:58:55.816,0.2667381465435028
2015-08-25 02:58:55.816,0.2709314525127411
2015-08-25 05:58:55.816,0.26757216453552246
2015-08-25 08:58:55.816,0.2688038647174835
2015-08-25 11:58:55.816,0.26945850253105164
2015-08-25 14:58:55.816,0.26548269391059875
2015-08-25 17:58:55.816,0.26776358485221863
2015-08-25 20:58:55.816,0.2695024907588959
2015-08-25 23:58:55.816,0.27057018876075745
2015-08-26 02:58:55.816,0.272029846906662
2015-08-26 05:58:55.816,0.2573947012424469
2015-08-26 08:58:55.816,0.2639754116535187
2015-08-26 11:58:55.816,0.26811903715133667
2015-08-26 14:58:55.816,0.25251802802085876
2015-08-26 17:58:55.816,0.25680044293403625
2015-08-26 20:58:55.816,0.26047566533088684
2015-08-26 23:58:55.816,0.26325520873069763
2015-08-27 02:58:55.816,0.26570385694503784
2015-08-27 05:58:55.816,0.2456371784210205
2015-08-27 08:58:55.816,0.2506965696811676
2015-08-27 11:58:55.816,0.2552923858165741
2015-08-27 14:58:55.816,0.2482941895723343
2015-08-27 17:58:55.816,0.2525712549686432
2015-08-27 20:58:55.816,0.2574560344219208
2015-08-27 23:58:55.816,0.26236483454704285
2015-08-28 02:58:55.816,0.2671973407268524
2015-08-28 05:58:55.816,0.2585902214050293
2015-08-28 08:58:55.816,0.26412302255630493
2015-08-28 11:58:55.816,0.28420013189315796
2015-08-28 14:58:55.816,0.3007141947746277
2015-08-28 17:58:55.816,0.3102625906467438
2015-08-28 20:58:55.816,0.30936199426651
2015-08-28 23:58:55.816,0.3212529122829437
2015-08-29 02:58:55.816,0.31232061982154846
2015-08-29 05:58:55.816,0.3077879548072815
2015-08-29 08:58:55.816,0.3055293560028076
2015-08-29 11:58:55.816,0.3040963113307953
2015-08-29 14:58:55.816,0.3035947382450104
2015-08-29 17:58:55.816,0.30173254013061523
2015-08-29 20:58:55.816,0.2997947037220001
2015-08-29 23:58:55.816,0.2978210747241974
2015-08-30 02:58:55.816,0.2964193522930145
2015-08-30 05:58:55.816,0.2925666570663452
2015-08-30 08:58:55.816,0.2914821207523346
2015-08-30 11:58:55.816,0.2891288101673126
2015-08-30 14:58:55.816,0.28777649998664856
2015-08-30 17:58:55.816,0.28685611486434937
2015-08-30 20:58:55.816,0.28629443049430847
2015-08-30 23:58:55.816,0.28592368960380554
2015-08-31 02:58:55.816,0.28577539324760437
2015-08-31 05:58:55.816,0.2792234420776367
2015-08-31 08:58:55.816,0.28269681334495544
2015-08-31 11:58:55.816,0.2863268554210663
2015-08-31 14:58:55.816,0.2830953001976013
2015-08-31 17:58:55.816,0.28430449962615967
2015-08-31 20:58:55.816,0.2840774357318878
2015-08-31 23:58:55.816,0.28462859988212585
2015-09-01 02:58:55.816,0.2853849530220032
2015-09-01 05:58:55.816,0.2821100056171417
2015-09-01 08:58:55.816,0.28257235884666443
2015-09-01 11:58:55.816,0.2818751335144043
2015-09-01 14:58:55.816,0.27563586831092834
2015-09-01 17:58:55.816,0.2764231860637665
2015-09-01 20:58:55.816,0.27709823846817017
2015-09-01 23:58:55.816,0.2776186764240265
2015-09-02 02:58:55.816,0.27822956442832947
2015-09-02 05:58:55.816,0.2695236802101135
2015-09-02 08:58:55.816,0.2702057361602783
2015-09-02 11:58:55.816,0.26945915818214417
2015-09-02 14:58:55.816,0.26577889919281006
2015-09-02 17:58:55.816,0.2675077021121979
2015-09-02 20:58:55.816,0.2695485055446625
2015-09-02 23:58:55.816,0.27164408564567566
2015-09-03 02:58:55.816,0.27350759506225586
2015-09-03 05:58:55.816,0.2615150511264801
2015-09-03 08:58:55.816,0.26388436555862427
2015-09-03 11:58:55.816,0.2654161751270294
2015-09-03 14:58:55.816,0.26336801052093506
2015-09-03 17:58:55.816,0.2653575539588928
2015-09-03 20:58:55.816,0.2675839364528656
2015-09-03 23:58:55.816,0.26958921551704407
2015-09-04 02:58:55.816,0.2711138427257538
2015-09-04 05:58:55.816,0.25461745262145996
2015-09-04 08:58:55.816,0.2569144666194916
2015-09-04 11:58:55.816,0.2587079107761383
2015-09-04 14:58:55.816,0.25193145871162415
2015-09-04 17:58:55.816,0.25456756353378296
2015-09-04 20:58:55.816,0.25718215107917786
2015-09-04 23:58:55.816,0.25984010100364685
2015-09-05 02:58:55.816,0.273913711309433
2015-09-05 05:58:55.816,0.27407896518707275
2015-09-05 08:58:55.816,0.27666476368904114
2015-09-05 11:58:55.816,0.2763858735561371
2015-09-05 14:58:55.816,0.2661324739456177
2015-09-05 17:58:55.816,0.2686753571033478
2015-09-05 20:58:55.816,0.27274253964424133
2015-09-05 23:58:55.816,0.2801814675331116
2015-09-06 02:58:55.816,0.28262796998023987
2015-09-06 05:58:55.816,0.2745710611343384
2015-09-06 08:58:55.816,0.2775241732597351
2015-09-06 11:58:55.816,0.2779962122440338
2015-09-06 14:58:55.816,0.26853567361831665
2015-09-06 17:58:55.816,0.2711821496486664
2015-09-06 20:58:55.816,0.2723056972026825
2015-09-06 23:58:55.816,0.27326443791389465
2015-09-07 02:58:55.816,0.27435794472694397
2015-09-07 05:58:55.816,0.26463696360588074
2015-09-07 08:58:55.816,0.26649537682533264
2015-09-07 11:58:55.816,0.2674880921840668
2015-09-07 14:58:55.816,0.25843319296836853
2015-09-07 17:58:55.816,0.26050040125846863
2015-09-07 20:58:55.816,0.26179978251457214
2015-09-07 23:58:55.816,0.26313331723213196
2015-09-08 02:58:55.816,0.26463890075683594
2015-09-08 05:58:55.816,0.24901801347732544
2015-09-08 08:58:55.816,0.25131580233573914
2015-09-08 11:58:55.816,0.2527921497821808
2015-09-08 14:58:55.816,0.2512463927268982
2015-09-08 17:58:55.816,0.2537744641304016
2015-09-08 20:58:55.816,0.2557133734226227
2015-09-08 23:58:55.816,0.2568809986114502
2015-09-09 02:58:55.816,0.2578478753566742
2015-09-09 05:58:55.816,0.23678599298000336
2015-09-09 08:58:55.816,0.24006010591983795
2015-09-09 11:58:55.816,0.2428010255098343
2015-09-09 14:58:55.816,0.24411749839782715
2015-09-09 17:58:55.816,0.24707496166229248
2015-09-09 20:58:55.816,0.249886617064476
2015-09-09 23:58:55.816,0.2522474229335785
2015-09-10 02:58:55.816,0.25459083914756775
2015-09-10 05:58:55.816,0.23789875209331512
2015-09-10 08:58:55.816,0.24079619348049164
2015-09-10 11:58:55.816,0.2430618852376938
2015-09-10 14:58:55.816,0.24954302608966827
2015-09-10 17:58:55.816,0.25218144059181213
2015-09-10 20:58:55.816,0.2543751895427704
2015-09-10 23:58:55.816,0.2563219964504242
2015-09-11 02:58:55.816,0.25755783915519714
2015-09-11 05:58:55.816,0.2482786923646927
2015-09-11 08:58:55.816,0.2499977946281433
2015-09-11 11:58:55.816,0.25086212158203125
2015-09-11 14:58:55.816,0.25310155749320984
2015-09-11 17:58:55.816,0.25547146797180176
2015-09-11 20:58:55.816,0.25783032178878784
2015-09-11 23:58:55.816,0.2597222328186035
2015-09-12 02:58:55.816,0.26090338826179504
2015-09-12 05:58:55.816,0.2515365779399872
2015-09-12 08:58:55.816,0.2538832426071167
2015-09-12 11:58:55.816,0.25511249899864197
2015-09-12 14:58:55.816,0.2573263347148895
2015-09-12 17:58:55.816,0.258882075548172
2015-09-12 20:58:55.816,0.26095280051231384
2015-09-12 23:58:55.816,0.26304468512535095
2015-09-13 02:58:55.816,0.26533254981040955
2015-09-13 05:58:55.816,0.25979843735694885
2015-09-13 08:58:55.816,0.2619262635707855
2015-09-13 11:58:55.816,0.26305830478668213
2015-09-13 14:58:55.816,0.2611819803714752
2015-09-13 17:58:55.816,0.26261669397354126
2015-09-13 20:58:55.816,0.2641937732696533
2015-09-13 23:58:55.816,0.26603785157203674
2015-09-14 02:58:55.816,0.26798656582832336
2015-09-14 05:58:55.816,0.262091726064682
2015-09-14 08:58:55.816,0.26500433683395386
2015-09-14 11:58:55.816,0.2666284739971161
2015-09-14 14:58:55.816,0.25856640934944153
2015-09-14 17:58:55.816,0.2606526017189026
2015-09-14 20:58:55.816,0.26247382164001465
2015-09-14 23:58:55.816,0.2645317316055298
2015-09-15 02:58:55.816,0.26607897877693176
2015-09-15 05:58:55.816,0.2568635940551758
2015-09-15 08:58:55.816,0.25923699140548706
2015-09-15 11:58:55.816,0.26089152693748474
2015-09-15 14:58:55.816,0.2618790566921234
2015-09-15 17:58:55.816,0.2648889422416687
2015-09-15 20:58:55.816,0.2659945487976074
2015-09-15 23:58:55.816,0.267202228307724
2015-09-16 02:58:55.816,0.26891639828681946
2015-09-16 05:58:55.816,0.2609066367149353
2015-09-16 08:58:55.816,0.2632500231266022
2015-09-16 11:58:55.816,0.26587286591529846
2015-09-16 14:58:55.816,0.25969168543815613
2015-09-16 17:58:55.816,0.265509694814682
2015-09-16 20:58:55.816,0.2678315341472626
2015-09-16 23:58:55.816,0.2688924968242645
2015-09-17 02:58:55.816,0.27090033888816833
2015-09-17 05:58:55.816,0.2661823332309723
2015-09-17 08:58:55.816,0.2709059417247772
2015-09-17 11:58:55.816,0.2724214792251587
2015-09-17 14:58:55.816,0.2578071057796478
2015-09-17 17:58:55.816,0.2613491117954254
2015-09-17 20:58:55.816,0.2648078501224518
2015-09-17 23:58:55.816,0.26735857129096985
2015-09-18 02:58:55.816,0.27145135402679443
2015-09-18 05:58:55.816,0.27736255526542664
2015-09-18 08:58:55.816,0.28979066014289856
2015-09-18 11:58:55.816,0.3146688640117645
2015-09-18 14:58:55.816,0.3259504735469818
2015-09-18 17:58:55.816,0.3625338077545166
2015-09-18 20:58:55.816,0.3214798867702484
2015-09-18 23:58:55.816,0.30848076939582825
2015-09-19 02:58:55.816,0.305927574634552
2015-09-19 05:58:55.816,0.3034249544143677
2015-09-19 08:58:55.816,0.30203089118003845
2015-09-19 11:58:55.816,0.30723151564598083
2015-09-19 14:58:55.816,0.3190169632434845
2015-09-19 17:58:55.816,0.31309372186660767
2015-09-19 20:58:55.816,0.30786415934562683
2015-09-19 23:58:55.816,0.305806428194046
2015-09-20 02:58:55.816,0.30604228377342224
2015-09-20 05:58:55.816,0.30310460925102234
2015-09-20 08:58:55.816,0.3013107478618622
2015-09-20 11:58:55.816,0.2995797097682953
2015-09-20 14:58:55.816,0.29967257380485535
2015-09-20 17:58:55.816,0.29905006289482117
2015-09-20 20:58:55.816,0.29766905307769775
2015-09-20 23:58:55.816,0.2958281934261322
2015-09-21 02:58:55.816,0.2950866222381592
2015-09-21 05:58:55.816,0.2944060266017914
2015-09-21 08:58:55.816,0.2950593829154968
2015-09-21 11:58:55.816,0.2966068685054779
2015-09-21 14:58:55.816,0.2960893213748932
2015-09-21 17:58:55.816,0.29708197712898254
2015-09-21 20:58:55.816,0.29665473103523254
2015-09-21 23:58:55.816,0.29588186740875244
2015-09-22 02:58:55.816,0.2954805791378021
2015-09-22 05:58:55.816,0.29536208510398865
2015-09-22 08:58:55.816,0.2957105338573456
2015-09-22 11:58:55.816,0.3026135265827179
2015-09-22 14:58:55.816,0.3127152621746063
2015-09-22 17:58:55.816,0.31192588806152344
2015-09-22 20:58:55.816,0.3089462220668793
2015-09-22 23:58:55.816,0.31768304109573364
2015-09-23 02:58:55.816,0.3103092610836029
2015-09-23 05:58:55.816,0.3093286156654358
2015-09-23 08:58:55.816,0.3041843771934509
2015-09-23 11:58:55.816,0.3014376163482666
2015-09-23 14:58:55.816,0.3011545240879059
2015-09-23 17:58:55.816,0.3019426167011261
2015-09-23 20:58:55.816,0.3177814781665802
2015-09-23 23:58:55.816,0.307018905878067
2015-09-24 02:58:55.816,0.304599404335022
2015-09-24 05:58:55.816,0.3025303781032562
2015-09-24 08:58:55.816,0.3006893992424011
2015-09-24 11:58:55.816,0.29839861392974854
2015-09-24 14:58:55.816,0.2993050515651703
2015-09-24 17:58:55.816,0.2965022325515747
2015-09-24 20:58:55.816,0.29481804370880127
2015-09-24 23:58:55.816,0.2942344844341278
2015-09-25 02:58:55.816,0.2929724454879761
2015-09-25 05:58:55.816,0.28959453105926514
2015-09-25 08:58:55.816,0.29318901896476746
2015-09-25 11:58:55.816,0.29317739605903625
2015-09-25 14:58:55.816,0.2949235141277313
2015-09-25 17:58:55.816,0.3157559633255005
2015-09-25 20:58:55.816,0.31825605034828186
2015-09-25 23:58:55.816,0.31152477860450745
2015-09-26 02:58:55.816,0.3131893575191498
2015-09-26 05:58:55.816,0.31882333755493164
2015-09-26 08:58:55.816,0.3164116442203522
2015-09-26 11:58:55.816,0.32162588834762573
2015-09-26 14:58:55.816,0.3114357590675354
2015-09-26 17:58:55.816,0.30824312567710876
2015-09-26 20:58:55.816,0.30586734414100647
2015-09-26 23:58:55.816,0.30891305208206177
2015-09-27 02:58:55.816,0.3055526912212372
2015-09-27 05:58:55.816,0.30671724677085876
2015-09-27 08:58:55.816,0.3029356896877289
2015-09-27 11:58:55.816,0.30100804567337036
2015-09-27 14:58:55.816,0.30110621452331543
2015-09-27 17:58:55.816,0.3014084994792938
2015-09-27 20:58:55.816,0.29964515566825867
2015-09-27 23:58:55.816,0.2979781925678253
2015-09-28 02:58:55.816,0.29657474160194397
2015-09-28 05:58:55.816,0.29766586422920227
2015-09-28 08:58:55.816,0.2962067425251007
2015-09-28 11:58:55.816,0.29457026720046997
2015-09-28 14:58:55.816,0.2944391071796417
2015-09-28 17:58:55.816,0.2927311360836029
2015-09-28 20:58:55.816,0.29155001044273376
2015-09-28 23:58:55.816,0.29067716002464294
2015-09-29 02:58:55.816,0.2905935049057007
2015-09-29 05:58:55.816,0.29205843806266785
2015-09-29 08:58:55.816,0.2942006289958954
2015-09-29 11:58:55.816,0.29408952593803406
2015-09-29 14:58:55.816,0.2979370057582855
2015-09-29 17:58:55.816,0.2952011525630951
2015-09-29 20:58:55.816,0.2939600646495819
2015-09-29 23:58:55.816,0.29241982102394104
2015-09-30 02:58:55.816,0.29089125990867615
2015-09-30 05:58:55.816,0.29172953963279724
2015-09-30 08:58:55.816,0.29056909680366516
2015-09-30 11:58:55.816,0.28951117396354675
2015-09-30 14:58:55.816,0.291083961725235
2015-09-30 17:58:55.816,0.2944389581680298
2015-09-30 20:58:55.816,0.30256393551826477
2015-09-30 23:58:55.816,0.3000851571559906
2015-10-01 02:58:55.816,0.29913443326950073
2015-10-01 05:58:55.816,0.3001154959201813
2015-10-01 08:58:55.816,0.3003603518009186
2015-10-01 11:58:55.816,0.29802826046943665
2015-10-01 14:58:55.816,0.2996496260166168
2015-10-01 17:58:55.816,0.29749414324760437
2015-10-01 20:58:55.816,0.29582515358924866
2015-10-01 23:58:55.816,0.29558324813842773
2015-10-02 02:58:55.816,0.29490575194358826
2015-10-02 05:58:55.816,0.29893210530281067
2015-10-02 08:58:55.816,0.30603137612342834
2015-10-02 11:58:55.816,0.31096991896629333
2015-10-02 14:58:55.816,0.3112953007221222
2015-10-02 17:58:55.816,0.3077378571033478
2015-10-02 20:58:55.816,0.3049195110797882
2015-10-02 23:58:55.816,0.30268093943595886
2015-10-03 02:58:55.816,0.3008500635623932
2015-10-03 05:58:55.816,0.3001765310764313
2015-10-03 08:58:55.816,0.29984691739082336
2015-10-03 11:58:55.816,0.3006395995616913
2015-10-03 14:58:55.816,0.2995780408382416
2015-10-03 17:58:55.816,0.29825547337532043
2015-10-03 20:58:55.816,0.2968898117542267
2015-10-03 23:58:55.816,0.29534855484962463
2015-10-04 02:58:55.816,0.29411619901657104
2015-10-04 05:58:55.816,0.2930125892162323
2015-10-04 08:58:55.816,0.2936953008174896
2015-10-04 11:58:55.816,0.30096980929374695
2015-10-04 14:58:55.816,0.30012810230255127
2015-10-04 17:58:55.816,0.29820117354393005
2015-10-04 20:58:55.816,0.2966454327106476
2015-10-04 23:58:55.816,0.2961190640926361
2015-10-05 02:58:55.816,0.2959561049938202
2015-10-05 05:58:55.816,0.29570308327674866
2015-10-05 08:58:55.816,0.2945355176925659
2015-10-05 11:58:55.816,0.29582974314689636
2015-10-05 14:58:55.816,0.2959388494491577
2015-10-05 17:58:55.816,0.2949185371398926
2015-10-05 20:58:55.816,0.2933955788612366
2015-10-05 23:58:55.816,0.29234397411346436
2015-10-06 02:58:55.816,0.29175642132759094
2015-10-06 05:58:55.816,0.29152220487594604
2015-10-06 08:58:55.816,0.2911801338195801
2015-10-06 11:58:55.816,0.29279303550720215
2015-10-06 14:58:55.816,0.2917027771472931
2015-10-06 17:58:55.816,0.29122552275657654
2015-10-06 20:58:55.816,0.2913796007633209
2015-10-06 23:58:55.816,0.2913747727870941
2015-10-07 02:58:55.816,0.2908554971218109
2015-10-07 05:58:55.816,0.2902713716030121
2015-10-07 08:58:55.816,0.2887713611125946
2015-10-07 11:58:55.816,0.288779079914093
2015-10-07 14:58:55.816,0.288395494222641
2015-10-07 17:58:55.816,0.2873445451259613
2015-10-07 20:58:55.816,0.28704506158828735
2015-10-07 23:58:55.816,0.28751325607299805
2015-10-08 02:58:55.816,0.287415474653244
2015-10-08 05:58:55.816,0.28717073798179626
2015-10-08 08:58:55.816,0.2860007584095001
2015-10-08 11:58:55.816,0.28597134351730347
2015-10-08 14:58:55.816,0.2853284180164337
2015-10-08 17:58:55.816,0.28492724895477295
2015-10-08 20:58:55.816,0.28470712900161743
2015-10-08 23:58:55.816,0.2844366729259491
2015-10-09 02:58:55.816,0.2844231128692627
2015-10-09 05:58:55.816,0.2847078740596771
2015-10-09 08:58:55.816,0.28517985343933105
2015-10-09 11:58:55.816,0.28555601835250854
2015-10-09 14:58:55.816,0.2861228585243225
2015-10-09 17:58:55.816,0.28626397252082825
2015-10-09 20:58:55.816,0.2860923111438751
2015-10-09 23:58:55.816,0.28531861305236816
2015-10-10 02:58:55.816,0.28473713994026184
2015-10-10 05:58:55.816,0.28430601954460144
2015-10-10 08:58:55.816,0.28413888812065125
2015-10-10 11:58:55.816,0.2852536737918854
2015-10-10 14:58:55.816,0.28642281889915466
2015-10-10 17:58:55.816,0.2870231568813324
2015-10-10 20:58:55.816,0.28698012232780457
2015-10-10 23:58:55.816,0.28690382838249207
2015-10-11 02:58:55.816,0.28674793243408203
2015-10-11 05:58:55.816,0.2865866422653198
2015-10-11 08:58:55.816,0.28649672865867615
2015-10-11 11:58:55.816,0.2884567081928253
2015-10-11 14:58:55.816,0.28850117325782776
2015-10-11 17:58:55.816,0.28816530108451843
2015-10-11 20:58:55.816,0.2877548635005951
2015-10-11 23:58:55.816,0.2873646914958954
2015-10-12 02:58:55.816,0.2875910997390747
2015-10-12 05:58:55.816,0.2886926233768463
2015-10-12 08:58:55.816,0.29126420617103577
2015-10-12 11:58:55.816,0.2919270098209381
2015-10-12 14:58:55.816,0.29203376173973083
2015-10-12 17:58:55.816,0.291852742433548
2015-10-12 20:58:55.816,0.2922150194644928
2015-10-12 23:58:55.816,0.2927568554878235
2015-10-13 02:58:55.816,0.29352667927742004
2015-10-13 05:58:55.816,0.29323527216911316
2015-10-13 08:58:55.816,0.2933478057384491
2015-10-13 11:58:55.816,0.29354023933410645
2015-10-13 14:58:55.816,0.2939305305480957
2015-10-13 17:58:55.816,0.29326316714286804
2015-10-13 20:58:55.816,0.2928973436355591
2015-10-13 23:58:55.816,0.2919379472732544
2015-10-14 02:58:55.816,0.29078182578086853
2015-10-14 05:58:55.816,0.29014894366264343
2015-10-14 08:58:55.816,0.28943943977355957
2015-10-14 11:58:55.816,0.2894488275051117
2015-10-14 14:58:55.816,0.289582222700119
2015-10-14 17:58:55.816,0.2897302806377411
2015-10-14 20:58:55.816,0.28888949751853943
2015-10-14 23:58:55.816,0.28864163160324097
2015-10-15 02:58:55.816,0.2883596122264862
2015-10-15 05:58:55.816,0.2892630696296692
2015-10-15 08:58:55.816,0.2907603085041046
2015-10-15 11:58:55.816,0.2923111319541931
2015-10-15 14:58:55.816,0.290977418422699
2015-10-15 17:58:55.816,0.29023945331573486
2015-10-15 20:58:55.816,0.29023465514183044
2015-10-15 23:58:55.816,0.28971996903419495
2015-10-16 02:58:55.816,0.2889092266559601
2015-10-16 05:58:55.816,0.28811100125312805
2015-10-16 08:58:55.816,0.2871551811695099
2015-10-16 11:58:55.816,0.28611791133880615
2015-10-16 14:58:55.816,0.28567811846733093
2015-10-16 17:58:55.816,0.2880517542362213
2015-10-16 20:58:55.816,0.29041072726249695
2015-10-16 23:58:55.816,0.2940676212310791
2015-10-17 02:58:55.816,0.2932436168193817
2015-10-17 05:58:55.816,0.2928217351436615
2015-10-17 08:58:55.816,0.2916693389415741
2015-10-17 11:58:55.816,0.29074743390083313
2015-10-17 14:58:55.816,0.2899893820285797
2015-10-17 17:58:55.816,0.289216011762619
2015-10-17 20:58:55.816,0.2887367904186249
2015-10-17 23:58:55.816,0.2925817668437958
2015-10-18 02:58:55.816,0.298208624124527
2015-10-18 05:58:55.816,0.3106488883495331
2015-10-18 08:58:55.816,0.3073599934577942
2015-10-18 11:58:55.816,0.3045424222946167
2015-10-18 14:58:55.816,0.3029509484767914
2015-10-18 17:58:55.816,0.30308252573013306
2015-10-18 20:58:55.816,0.30131420493125916
2015-10-18 23:58:55.816,0.299723744392395
2015-10-19 02:58:55.816,0.2988950312137604
2015-10-19 05:58:55.816,0.29829367995262146
2015-10-19 08:58:55.816,0.29782894253730774
2015-10-19 11:58:55.816,0.2970626950263977
2015-10-19 14:58:55.816,0.2961623966693878
2015-10-19 17:58:55.816,0.29480841755867004
2015-10-19 20:58:55.816,0.29296156764030457
2015-10-19 23:58:55.816,0.29293009638786316
2015-10-20 02:58:55.816,0.2932701110839844
2015-10-20 05:58:55.816,0.29385730624198914
2015-10-20 08:58:55.816,0.2943803668022156
2015-10-20 11:58:55.816,0.29395997524261475
2015-10-20 14:58:55.816,0.2929948568344116
2015-10-20 17:58:55.816,0.29332947731018066
2015-10-20 20:58:55.816,0.29295143485069275
2015-10-20 23:58:55.816,0.2928411662578583
2015-10-21 02:58:55.816,0.2925040125846863
2015-10-21 05:58:55.816,0.2917455732822418
2015-10-21 08:58:55.816,0.2906753718852997
2015-10-21 11:58:55.816,0.29008832573890686
2015-10-21 14:58:55.816,0.2899165451526642
2015-10-21 17:58:55.816,0.29036104679107666
2015-10-21 20:58:55.816,0.2894570827484131
2015-10-21 23:58:55.816,0.289669394493103
2015-10-22 02:58:55.816,0.28917694091796875
2015-10-22 05:58:55.816,0.28884604573249817
2015-10-22 08:58:55.816,0.28908395767211914
2015-10-22 11:58:55.816,0.2898291349411011
2015-10-22 14:58:55.816,0.2901351749897003
2015-10-22 17:58:55.816,0.2898370921611786
2015-10-22 20:58:55.816,0.28957709670066833
2015-10-22 23:58:55.816,0.28874072432518005
2015-10-23 02:58:55.816,0.2885275185108185
2015-10-23 05:58:55.816,0.2888440787792206
2015-10-23 08:58:55.816,0.28955021500587463
2015-10-23 11:58:55.816,0.2899702489376068
2015-10-23 14:58:55.816,0.29002782702445984
2015-10-23 17:58:55.816,0.28994569182395935
2015-10-23 20:58:55.816,0.2896321415901184
2015-10-23 23:58:55.816,0.2891080677509308
2015-10-24 02:58:55.816,0.2889237701892853
2015-10-24 05:58:55.816,0.2889246344566345
2015-10-24 08:58:55.816,0.2884843945503235
2015-10-24 11:58:55.816,0.28804925084114075
2015-10-24 14:58:55.816,0.2879163324832916
2015-10-24 17:58:55.816,0.28764793276786804
2015-10-24 20:58:55.816,0.28778505325317383
2015-10-24 23:58:55.816,0.2934195101261139
2015-10-25 02:58:55.816,0.3006089925765991
2015-10-25 05:58:55.816,0.31360194087028503
2015-10-25 08:58:55.816,0.3072774112224579
2015-10-25 11:58:55.816,0.305893212556839
2015-10-25 14:58:55.816,0.3033313453197479
2015-10-25 17:58:55.816,0.30090564489364624
2015-10-25 20:58:55.816,0.29842668771743774
2015-10-25 23:58:55.816,0.29635879397392273
2015-10-26 02:58:55.816,0.29545629024505615
2015-10-26 05:58:55.816,0.2954234182834625
2015-10-26 08:58:55.816,0.29534676671028137
2015-10-26 11:58:55.816,0.2948569059371948
2015-10-26 14:58:55.816,0.2947078049182892
2015-10-26 17:58:55.816,0.29414716362953186
2015-10-26 20:58:55.816,0.2935178875923157
2015-10-26 23:58:55.816,0.2927587330341339
2015-10-27 02:58:55.816,0.2921145260334015
2015-10-27 05:58:55.816,0.29153382778167725
2015-10-27 08:58:55.816,0.2914428114891052
2015-10-27 11:58:55.816,0.2917215824127197
2015-10-27 14:58:55.816,0.2913183867931366
2015-10-27 17:58:55.816,0.29030919075012207
2015-10-27 20:58:55.816,0.28932157158851624
2015-10-27 23:58:55.816,0.28906485438346863
2015-10-28 02:58:55.816,0.28913232684135437
2015-10-28 05:58:55.816,0.28893908858299255
2015-10-28 08:58:55.816,0.28900113701820374
2015-10-28 11:58:55.816,0.28916817903518677
2015-10-28 14:58:55.816,0.2892856001853943
2015-10-28 17:58:55.816,0.28926995396614075
2015-10-28 20:58:55.816,0.28935256600379944
2015-10-28 23:58:55.816,0.2899165451526642
2015-10-29 02:58:55.816,0.2905690371990204
2015-10-29 05:58:55.816,0.29055890440940857
2015-10-29 08:58:55.816,0.29106488823890686
2015-10-29 11:58:55.816,0.2909426987171173
2015-10-29 14:58:55.816,0.29050642251968384
2015-10-29 17:58:55.816,0.28994232416152954
2015-10-29 20:58:55.816,0.2889384329319
2015-10-29 23:58:55.816,0.28830456733703613
2015-10-30 02:58:55.816,0.28834259510040283
2015-10-30 05:58:55.816,0.28862977027893066
2015-10-30 08:58:55.816,0.2884107232093811
2015-10-30 11:58:55.816,0.28734290599823
2015-10-30 14:58:55.816,0.28686749935150146
2015-10-30 17:58:55.816,0.2877102196216583
2015-10-30 20:58:55.816,0.28817594051361084
2015-10-30 23:58:55.816,0.2883111536502838
2015-10-31 02:58:55.816,0.28783735632896423
2015-10-31 05:58:55.816,0.2868543565273285
2015-10-31 08:58:55.816,0.2862260937690735
2015-10-31 11:58:55.816,0.28625479340553284
2015-10-31 14:58:55.816,0.2860245108604431
2015-10-31 17:58:55.816,0.2865447700023651
2015-10-31 20:58:55.816,0.2866239845752716
2015-10-31 23:58:55.816,0.2914029061794281
2015-11-01 02:58:55.816,0.29764482378959656
2015-11-01 05:58:55.816,0.29673269391059875
2015-11-01 08:58:55.816,0.29814159870147705
2015-11-01 11:58:55.816,0.305934876203537
2015-11-01 14:58:55.816,0.30584707856178284
2015-11-01 17:58:55.816,0.30458250641822815
2015-11-01 20:58:55.816,0.30817872285842896
2015-11-01 23:58:55.816,0.3093222975730896
2015-11-02 02:58:55.816,0.30582281947135925
2015-11-02 05:58:55.816,0.30306389927864075
2015-11-02 08:58:55.816,0.3015134036540985
2015-11-02 11:58:55.816,0.30285677313804626
2015-11-02 14:58:55.816,0.30102795362472534
2015-11-02 17:58:55.816,0.2997146546840668
2015-11-02 20:58:55.816,0.3007833659648895
2015-11-02 23:58:55.816,0.3053053319454193
2015-11-03 02:58:55.816,0.30251383781433105
2015-11-03 05:58:55.816,0.3009617328643799
2015-11-03 08:58:55.816,0.29988500475883484
2015-11-03 11:58:55.816,0.29981529712677
2015-11-03 14:58:55.816,0.2988104522228241
2015-11-03 17:58:55.816,0.2978995144367218
2015-11-03 20:58:55.816,0.29611364006996155
2015-11-03 23:58:55.816,0.2959226071834564
2015-11-04 02:58:55.816,0.2956850230693817
2015-11-04 05:58:55.816,0.29613420367240906
2015-11-04 08:58:55.816,0.2967476546764374
2015-11-04 11:58:55.816,0.2988497316837311
2015-11-04 14:58:55.816,0.3002455234527588
2015-11-04 17:58:55.816,0.29954102635383606
2015-11-04 20:58:55.816,0.29831355810165405
2015-11-04 23:58:55.816,0.2975146472454071
2015-11-05 02:58:55.816,0.2957298159599304
2015-11-05 05:58:55.816,0.2943902909755707
2015-11-05 08:58:55.816,0.29367396235466003
2015-11-05 11:58:55.816,0.29351112246513367
2015-11-05 14:58:55.816,0.2933856248855591
2015-11-05 17:58:55.816,0.29307129979133606
2015-11-05 20:58:55.816,0.2927948534488678
2015-11-05 23:58:55.816,0.29245248436927795
2015-11-06 02:58:55.816,0.29214879870414734
2015-11-06 05:58:55.816,0.2914242148399353
2015-11-06 08:58:55.816,0.2909539043903351
2015-11-06 11:58:55.816,0.2906893491744995
2015-11-06 14:58:55.816,0.2908220887184143
2015-11-06 17:58:55.816,0.29051119089126587
2015-11-06 20:58:55.816,0.2902996838092804
2015-11-06 23:58:55.816,0.2904304563999176
2015-11-07 02:58:55.816,0.29051509499549866
2015-11-07 05:58:55.816,0.2894953787326813
2015-11-07 08:58:55.816,0.28818798065185547
2015-11-07 11:58:55.816,0.28772929310798645
2015-11-07 14:58:55.816,0.28782105445861816
2015-11-07 17:58:55.816,0.2881958484649658
2015-11-07 20:58:55.816,0.28883811831474304
2015-11-07 23:58:55.816,0.28946515917778015
2015-11-08 02:58:55.816,0.2897487282752991
2015-11-08 05:58:55.816,0.29006147384643555
2015-11-08 08:58:55.816,0.29091158509254456
2015-11-08 11:58:55.816,0.2919739782810211
2015-11-08 14:58:55.816,0.2925559878349304
2015-11-08 17:58:55.816,0.2928024232387543
2015-11-08 20:58:55.816,0.2926495671272278
2015-11-08 23:58:55.816,0.29251813888549805
2015-11-09 02:58:55.816,0.29286500811576843
2015-11-09 05:58:55.816,0.29255229234695435
2015-11-09 08:58:55.816,0.2915072739124298
2015-11-09 11:58:55.816,0.2907782196998596
2015-11-09 14:58:55.816,0.29075708985328674
2015-11-09 17:58:55.816,0.2905415892601013
2015-11-09 20:58:55.816,0.2907918691635132
2015-11-09 23:58:55.816,0.2913200557231903
2015-11-10 02:58:55.816,0.2911936044692993
2015-11-10 05:58:55.816,0.2907074987888336
2015-11-10 08:58:55.816,0.29090094566345215
2015-11-10 11:58:55.816,0.2909134328365326
2015-11-10 14:58:55.816,0.290884405374527
2015-11-10 17:58:55.816,0.29139432311058044
2015-11-10 20:58:55.816,0.2917008697986603
2015-11-10 23:58:55.816,0.292235791683197
2015-11-11 02:58:55.816,0.291683167219162
2015-11-11 05:58:55.816,0.29078903794288635
2015-11-11 08:58:55.816,0.29024550318717957
2015-11-11 11:58:55.816,0.28996598720550537
2015-11-11 14:58:55.816,0.29040971398353577
2015-11-11 17:58:55.816,0.2904083728790283
2015-11-11 20:58:55.816,0.2901616394519806
2015-11-11 23:58:55.816,0.290494441986084
2015-11-12 02:58:55.816,0.29135414958000183
2015-11-12 05:58:55.816,0.29120072722435
2015-11-12 08:58:55.816,0.29091790318489075
2015-11-12 11:58:55.816,0.29107508063316345
2015-11-12 14:58:55.816,0.29145053029060364
2015-11-12 17:58:55.816,0.2913355827331543
2015-11-12 20:58:55.816,0.291180819272995
2015-11-12 23:58:55.816,0.29125794768333435
2015-11-13 02:58:55.816,0.29139450192451477
2015-11-13 05:58:55.816,0.29065197706222534
2015-11-13 08:58:55.816,0.29075852036476135
2015-11-13 11:58:55.816,0.2910477817058563
2015-11-13 14:58:55.816,0.2915780246257782
2015-11-13 17:58:55.816,0.2919331192970276
2015-11-13 20:58:55.816,0.29218775033950806
2015-11-13 23:58:55.816,0.2919980585575104
2015-11-14 02:58:55.816,0.29129502177238464
2015-11-14 05:58:55.816,0.2907646596431732
2015-11-14 08:58:55.816,0.29069796204566956
2015-11-14 11:58:55.816,0.2908066511154175
2015-11-14 14:58:55.816,0.2910601794719696
2015-11-14 17:58:55.816,0.291050523519516
2015-11-14 20:58:55.816,0.29078295826911926
2015-11-14 23:58:55.816,0.2905530035495758
2015-11-15 02:58:55.816,0.2903235852718353
2015-11-15 05:58:55.816,0.2908783555030823
2015-11-15 08:58:55.816,0.2909887731075287
2015-11-15 11:58:55.816,0.2896420359611511
2015-11-15 14:58:55.816,0.2889195680618286
2015-11-15 17:58:55.816,0.2885989546775818
2015-11-15 20:58:55.816,0.28844594955444336
2015-11-15 23:58:55.816,0.28803297877311707
2015-11-16 02:58:55.816,0.2876598834991455
2015-11-16 05:58:55.816,0.2873266637325287
2015-11-16 08:58:55.816,0.2865828275680542
2015-11-16 11:58:55.816,0.28598955273628235
2015-11-16 14:58:55.816,0.2857305705547333
2015-11-16 17:58:55.816,0.28544121980667114
2015-11-16 20:58:55.816,0.285498708486557
2015-11-16 23:58:55.816,0.2859925925731659
2015-11-17 02:58:55.816,0.2863588035106659
2015-11-17 05:58:55.816,0.2865997552871704
2015-11-17 08:58:55.816,0.28737398982048035
2015-11-17 11:58:55.816,0.28761589527130127
2015-11-17 14:58:55.816,0.2872413694858551
2015-11-17 17:58:55.816,0.2875104546546936
2015-11-17 20:58:55.816,0.28830039501190186
2015-11-17 23:58:55.816,0.2888360917568207
2015-11-18 02:58:55.816,0.2888663709163666
2015-11-18 05:58:55.816,0.288813978433609
2015-11-18 08:58:55.816,0.2889878451824188
2015-11-18 11:58:55.816,0.28918683528900146
2015-11-18 14:58:55.816,0.28962770104408264
2015-11-18 17:58:55.816,0.2899479568004608
2015-11-18 20:58:55.816,0.2904667556285858
2015-11-18 23:58:55.816,0.29048892855644226
2015-11-19 02:58:55.816,0.29008492827415466
2015-11-19 05:58:55.816,0.2900661826133728
2015-11-19 08:58:55.816,0.2905028164386749
2015-11-19 11:58:55.816,0.29077431559562683
2015-11-19 14:58:55.816,0.2909500300884247
2015-11-19 17:58:55.816,0.29124715924263
2015-11-19 20:58:55.816,0.29123976826667786
2015-11-19 23:58:55.816,0.291450172662735
2015-11-20 02:58:55.816,0.2911248505115509
2015-11-20 05:58:55.816,0.2911607027053833
2015-11-20 08:58:55.816,0.2907540500164032
2015-11-20 11:58:55.816,0.29076969623565674
2015-11-20 14:58:55.816,0.29112985730171204
2015-11-20 17:58:55.816,0.2916520833969116
2015-11-20 20:58:55.816,0.2922777831554413
2015-11-20 23:58:55.816,0.2918124496936798
2015-11-21 02:58:55.816,0.2911677062511444
2015-11-21 05:58:55.816,0.29125872254371643
2015-11-21 08:58:55.816,0.29144248366355896
2015-11-21 11:58:55.816,0.2912679612636566
2015-11-21 14:58:55.816,0.29096290469169617
2015-11-21 17:58:55.816,0.290391743183136
2015-11-21 20:58:55.816,0.29034385085105896
2015-11-21 23:58:55.816,0.290711909532547
2015-11-22 02:58:55.816,0.2911677360534668
2015-11-22 05:58:55.816,0.2905427813529968
2015-11-22 08:58:55.816,0.2894725203514099
2015-11-22 11:58:55.816,0.28877371549606323
2015-11-22 14:58:55.816,0.2888575494289398
2015-11-22 17:58:55.816,0.2887122333049774
2015-11-22 20:58:55.816,0.2886923849582672
2015-11-22 23:58:55.816,0.28864338994026184
2015-11-23 02:58:55.816,0.28871411085128784
2015-11-23 05:58:55.816,0.2882806062698364
2015-11-23 08:58:55.816,0.2869909107685089
2015-11-23 11:58:55.816,0.2858711779117584
2015-11-23 14:58:55.816,0.28546541929244995
2015-11-23 17:58:55.816,0.2855384647846222
2015-11-23 20:58:55.816,0.2855837345123291
2015-11-23 23:58:55.816,0.28529250621795654
2015-11-24 02:58:55.816,0.28516480326652527
2015-11-24 05:58:55.816,0.2852576673030853
2015-11-24 08:58:55.816,0.2862319052219391
2015-11-24 11:58:55.816,0.2871535122394562
2015-11-24 14:58:55.816,0.28812411427497864
2015-11-24 17:58:55.816,0.28859254717826843
2015-11-24 20:58:55.816,0.2890697419643402
2015-11-24 23:58:55.816,0.29004648327827454
2015-11-25 02:58:55.816,0.2902000844478607
2015-11-25 05:58:55.816,0.29054346680641174
2015-11-25 08:58:55.816,0.291672021150589
2015-11-25 11:58:55.816,0.29259464144706726
2015-11-25 14:58:55.816,0.29268017411231995
2015-11-25 17:58:55.816,0.2924211025238037
2015-11-25 20:58:55.816,0.2920369803905487
2015-11-25 23:58:55.816,0.29172083735466003
2015-11-26 02:58:55.816,0.29133275151252747
2015-11-26 05:58:55.816,0.2911190688610077
2015-11-26 08:58:55.816,0.2907138466835022
2015-11-26 11:58:55.816,0.2904578447341919
2015-11-26 14:58:55.816,0.2903195917606354
2015-11-26 17:58:55.816,0.2904660999774933
2015-11-26 20:58:55.816,0.2908596396446228
2015-11-26 23:58:55.816,0.29135462641716003
2015-11-27 02:58:55.816,0.29129916429519653
2015-11-27 05:58:55.816,0.29030030965805054
2015-11-27 08:58:55.816,0.29017701745033264
2015-11-27 11:58:55.816,0.29057756066322327
2015-11-27 14:58:55.816,0.2907409071922302
2015-11-27 17:58:55.816,0.2910623252391815
2015-11-27 20:58:55.816,0.2908223569393158
2015-11-27 23:58:55.816,0.29058215022087097
2015-11-28 02:58:55.816,0.29121196269989014
2015-11-28 05:58:55.816,0.29099634289741516
2015-11-28 08:58:55.816,0.2904522716999054
2015-11-28 11:58:55.816,0.28963080048561096
2015-11-28 14:58:55.816,0.28925684094429016
2015-11-28 17:58:55.816,0.28951945900917053
2015-11-28 20:58:55.816,0.2891952693462372
2015-11-28 23:58:55.816,0.28889474272727966
2015-11-29 02:58:55.816,0.28921958804130554
2015-11-29 05:58:55.816,0.2899196445941925
2015-11-29 08:58:55.816,0.29045814275741577
2015-11-29 11:58:55.816,0.29052218794822693
2015-11-29 14:58:55.816,0.29038915038108826
2015-11-29 17:58:55.816,0.29040712118148804
2015-11-29 20:58:55.816,0.2900843322277069
2015-11-29 23:58:55.816,0.2901257872581482
2015-11-30 02:58:55.816,0.2904735505580902
2015-11-30 05:58:55.816,0.29044076800346375
2015-11-30 08:58:55.816,0.2902708053588867
2015-11-30 11:58:55.816,0.28990092873573303
2015-11-30 14:58:55.816,0.28995317220687866
2015-11-30 17:58:55.816,0.2900903820991516
2015-11-30 20:58:55.816,0.2904149889945984
2015-11-30 23:58:55.816,0.290240615606308
2015-12-01 02:58:55.816,0.29045307636260986
2015-12-01 05:58:55.816,0.2910447120666504
2015-12-01 08:58:55.816,0.2910856306552887
2015-12-01 11:58:55.816,0.291130393743515
2015-12-01 14:58:55.816,0.2910783886909485
2015-12-01 17:58:55.816,0.29108452796936035
2015-12-01 20:58:55.816,0.2912163734436035
2015-12-01 23:58:55.816,0.2915118932723999
2015-12-02 02:58:55.816,0.2915836274623871
2015-12-02 05:58:55.816,0.2916392385959625
2015-12-02 08:58:55.816,0.2913484275341034
2015-12-02 11:58:55.816,0.2911759912967682
2015-12-02 14:58:55.816,0.29119065403938293
2015-12-02 17:58:55.816,0.2912921607494354
2015-12-02 20:58:55.816,0.2905687093734741
2015-12-02 23:58:55.816,0.29011812806129456
2015-12-03 02:58:55.816,0.28896409273147583
2015-12-03 05:58:55.816,0.2877066135406494
2015-12-03 08:58:55.816,0.2869584858417511
2015-12-03 11:58:55.816,0.2866602838039398
2015-12-03 14:58:55.816,0.28655821084976196
2015-12-03 17:58:55.816,0.28642889857292175
2015-12-03 20:58:55.816,0.2868914306163788
2015-12-03 23:58:55.816,0.28766027092933655
2015-12-04 02:58:55.816,0.2883431613445282
2015-12-04 05:58:55.816,0.2890097498893738
2015-12-04 08:58:55.816,0.28965333104133606
2015-12-04 11:58:55.816,0.2895815074443817
2015-12-04 14:58:55.816,0.2888505458831787
2015-12-04 17:58:55.816,0.2884856164455414
2015-12-04 20:58:55.816,0.28823038935661316
2015-12-04 23:58:55.816,0.2878932058811188
2015-12-05 02:58:55.816,0.28821006417274475
2015-12-05 05:58:55.816,0.28869691491127014
2015-12-05 08:58:55.816,0.2893558740615845
2015-12-05 11:58:55.816,0.29001083970069885
2015-12-05 14:58:55.816,0.29080918431282043
2015-12-05 17:58:55.816,0.29158398509025574
2015-12-05 20:58:55.816,0.29213640093803406
2015-12-05 23:58:55.816,0.29227229952812195
2015-12-06 02:58:55.816,0.29263046383857727
2015-12-06 05:58:55.816,0.2927858829498291
2015-12-06 08:58:55.816,0.29309573769569397
2015-12-06 11:58:55.816,0.29320284724235535
2015-12-06 14:58:55.816,0.29363471269607544
2015-12-06 17:58:55.816,0.29374077916145325
2015-12-06 20:58:55.816,0.2936752736568451
2015-12-06 23:58:55.816,0.293893426656723
2015-12-07 02:58:55.816,0.29423055052757263
2015-12-07 05:58:55.816,0.29457753896713257
2015-12-07 08:58:55.816,0.29481270909309387
2015-12-07 11:58:55.816,0.2950690984725952
2015-12-07 14:58:55.816,0.2950247824192047
2015-12-07 17:58:55.816,0.2949957549571991
2015-12-07 20:58:55.816,0.2943929135799408
2015-12-07 23:58:55.816,0.29358112812042236
2015-12-08 02:58:55.816,0.29300037026405334
2015-12-08 05:58:55.816,0.29305464029312134
2015-12-08 08:58:55.816,0.29262930154800415
2015-12-08 11:58:55.816,0.2925623953342438
2015-12-08 14:58:55.816,0.29245832562446594
2015-12-08 17:58:55.816,0.29213079810142517
2015-12-08 20:58:55.816,0.2916984260082245
2015-12-08 23:58:55.816,0.29131999611854553
2015-12-09 02:58:55.816,0.2908695638179779
2015-12-09 05:58:55.816,0.29084518551826477
2015-12-09 08:58:55.816,0.2912488281726837
2015-12-09 11:58:55.816,0.29136210680007935
2015-12-09 14:58:55.816,0.2915072441101074
2015-12-09 17:58:55.816,0.29177623987197876
2015-12-09 20:58:55.816,0.29164770245552063
2015-12-09 23:58:55.816,0.29177096486091614
2015-12-10 02:58:55.816,0.2912472188472748
2015-12-10 05:58:55.816,0.29033318161964417
2015-12-10 08:58:55.816,0.2890529930591583
2015-12-10 11:58:55.816,0.2884712517261505
2015-12-10 14:58:55.816,0.28842681646347046
2015-12-10 17:58:55.816,0.28812554478645325
2015-12-10 20:58:55.816,0.28772127628326416
2015-12-10 23:58:55.816,0.28797733783721924
2015-12-11 02:58:55.816,0.2883146405220032
2015-12-11 05:58:55.816,0.2888699471950531
2015-12-11 08:58:55.816,0.2893191874027252
2015-12-11 11:58:55.816,0.2891209125518799
2015-12-11 14:58:55.816,0.2889934182167053
2015-12-11 17:58:55.816,0.2897118628025055
2015-12-11 20:58:55.816,0.29056623578071594
2015-12-11 23:58:55.816,0.2905624806880951
2015-12-12 02:58:55.816,0.2905571162700653
2015-12-12 05:58:55.816,0.29103314876556396
2015-12-12 08:58:55.816,0.291175901889801
2015-12-12 11:58:55.816,0.2914668023586273
2015-12-12 14:58:55.816,0.29202333092689514
2015-12-12 17:58:55.816,0.2926938831806183
2015-12-12 20:58:55.816,0.2933138608932495
2015-12-12 23:58:55.816,0.29356110095977783
2015-12-13 02:58:55.816,0.29358604550361633
2015-12-13 05:58:55.816,0.2940855324268341
2015-12-13 08:58:55.816,0.29448720812797546
2015-12-13 11:58:55.816,0.29431799054145813
2015-12-13 14:58:55.816,0.29388877749443054
2015-12-13 17:58:55.816,0.2939549386501312
2015-12-13 20:58:55.816,0.29354995489120483
2015-12-13 23:58:55.816,0.2936761975288391
2015-12-14 02:58:55.816,0.29336804151535034
2015-12-14 05:58:55.816,0.29335346817970276
2015-12-14 08:58:55.816,0.2928113639354706
2015-12-14 11:58:55.816,0.2924670875072479
2015-12-14 14:58:55.816,0.292592316865921
2015-12-14 17:58:55.816,0.2927783727645874
2015-12-14 20:58:55.816,0.29232949018478394
2015-12-14 23:58:55.816,0.2911859452724457
2015-12-15 02:58:55.816,0.2901759147644043
2015-12-15 05:58:55.816,0.28917813301086426
2015-12-15 08:58:55.816,0.2886705994606018
2015-12-15 11:58:55.816,0.28835105895996094
2015-12-15 14:58:55.816,0.2882480323314667
2015-12-15 17:58:55.816,0.28826436400413513
2015-12-15 20:58:55.816,0.2882527709007263
2015-12-15 23:58:55.816,0.2879733741283417
2015-12-16 02:58:55.816,0.2873004376888275
2015-12-16 05:58:55.816,0.2870989739894867
2015-12-16 08:58:55.816,0.28730374574661255
2015-12-16 11:58:55.816,0.2876480519771576
2015-12-16 14:58:55.816,0.28802773356437683
2015-12-16 17:58:55.816,0.28839144110679626
2015-12-16 20:58:55.816,0.2888856828212738
2015-12-16 23:58:55.816,0.2891087234020233
2015-12-17 02:58:55.816,0.2893034517765045
2015-12-17 05:58:55.816,0.2894754409790039
2015-12-17 08:58:55.816,0.289848655462265
2015-12-17 11:58:55.816,0.2899605929851532
2015-12-17 14:58:55.816,0.28961268067359924
2015-12-17 17:58:55.816,0.2895282506942749
2015-12-17 20:58:55.816,0.2894688546657562
2015-12-17 23:58:55.816,0.2894454300403595
2015-12-18 02:58:55.816,0.2889038026332855
2015-12-18 05:58:55.816,0.2881435453891754
2015-12-18 08:58:55.816,0.28830477595329285
2015-12-18 11:58:55.816,0.2884142994880676
2015-12-18 14:58:55.816,0.2894199788570404
2015-12-18 17:58:55.816,0.28947383165359497
2015-12-18 20:58:55.816,0.28909775614738464
2015-12-18 23:58:55.816,0.289090633392334
2015-12-19 02:58:55.816,0.28911295533180237
2015-12-19 05:58:55.816,0.2888282835483551
2015-12-19 08:58:55.816,0.2886354327201843
2015-12-19 11:58:55.816,0.28870508074760437
2015-12-19 14:58:55.816,0.289041131734848
2015-12-19 17:58:55.816,0.28923141956329346
2015-12-19 20:58:55.816,0.289677232503891
2015-12-19 23:58:55.816,0.2903214693069458
2015-12-20 02:58:55.816,0.2901231050491333
2015-12-20 05:58:55.816,0.28995051980018616
2015-12-20 08:58:55.816,0.28927934169769287
2015-12-20 11:58:55.816,0.2890024185180664
2015-12-20 14:58:55.816,0.2884443998336792
2015-12-20 17:58:55.816,0.2878677546977997
2015-12-20 20:58:55.816,0.2874579429626465
2015-12-20 23:58:55.816,0.2871752977371216
2015-12-21 02:58:55.816,0.28701820969581604
2015-12-21 05:58:55.816,0.2869786024093628
2015-12-21 08:58:55.816,0.28702953457832336
2015-12-21 11:58:55.816,0.2871401309967041
2015-12-21 14:58:55.816,0.28786501288414
2015-12-21 17:58:55.816,0.28886979818344116
2015-12-21 20:58:55.816,0.2893582880496979
2015-12-21 23:58:55.816,0.28934627771377563
2015-12-22 02:58:55.816,0.2895512580871582
2015-12-22 05:58:55.816,0.28979045152664185
2015-12-22 08:58:55.816,0.2896376848220825
2015-12-22 11:58:55.816,0.2896978557109833
2015-12-22 14:58:55.816,0.29011157155036926
2015-12-22 17:58:55.816,0.29059579968452454
2015-12-22 20:58:55.816,0.2912052571773529
2015-12-22 23:58:55.816,0.29150626063346863
2015-12-23 02:58:55.816,0.29108574986457825
2015-12-23 05:58:55.816,0.2911585569381714
2015-12-23 08:58:55.816,0.29122394323349
2015-12-23 11:58:55.816,0.2910458743572235
2015-12-23 14:58:55.816,0.2906576693058014
2015-12-23 17:58:55.816,0.29072311520576477
2015-12-23 20:58:55.816,0.29082974791526794
2015-12-23 23:58:55.816,0.2900938093662262
2015-12-24 02:58:55.816,0.2901122272014618
2015-12-24 05:58:55.816,0.2904384136199951
2015-12-24 08:58:55.816,0.29048579931259155
2015-12-24 11:58:55.816,0.29011663794517517
2015-12-24 14:58:55.816,0.2897820770740509
2015-12-24 17:58:55.816,0.289488822221756
2015-12-24 20:58:55.816,0.28914979100227356
2015-12-24 23:58:55.816,0.28902000188827515
2015-12-25 02:58:55.816,0.28939905762672424
2015-12-25 05:58:55.816,0.28996679186820984
2015-12-25 08:58:55.816,0.2897701561450958
2015-12-25 11:58:55.816,0.289513498544693
2015-12-25 14:58:55.816,0.28899893164634705
2015-12-25 17:58:55.816,0.2888127863407135
2015-12-25 20:58:55.816,0.2885226905345917
2015-12-25 23:58:55.816,0.2885533571243286
2015-12-26 02:58:55.816,0.2888357937335968
2015-12-26 05:58:55.816,0.28916212916374207
2015-12-26 08:58:55.816,0.289163202047348
2015-12-26 11:58:55.816,0.2892150580883026
2015-12-26 14:58:55.816,0.28956469893455505
2015-12-26 17:58:55.816,0.2899196445941925
2015-12-26 20:58:55.816,0.2891652584075928
2015-12-26 23:58:55.816,0.28886735439300537
2015-12-27 02:58:55.816,0.28895285725593567
2015-12-27 05:58:55.816,0.28885653614997864
2015-12-27 08:58:55.816,0.28877559304237366
2015-12-27 11:58:55.816,0.28875622153282166
2015-12-27 14:58:55.816,0.2888370454311371
2015-12-27 17:58:55.816,0.2896270453929901
2015-12-27 20:58:55.816,0.2905026078224182
2015-12-27 23:58:55.816,0.29067620635032654
2015-12-28 02:58:55.816,0.2910189926624298
2015-12-28 05:58:55.816,0.2913276255130768
2015-12-28 08:58:55.816,0.2915453612804413
2015-12-28 11:58:55.816,0.29082271456718445
2015-12-28 14:58:55.816,0.2903154790401459
2015-12-28 17:58:55.816,0.2906048595905304
2015-12-28 20:58:55.816,0.2908218801021576
2015-12-28 23:58:55.816,0.29124853014945984
2015-12-29 02:58:55.816,0.2917778789997101
2015-12-29 05:58:55.816,0.29249897599220276
2015-12-29 08:58:55.816,0.29245737195014954
2015-12-29 11:58:55.816,0.2913537919521332
2015-12-29 14:58:55.816,0.2901189923286438
2015-12-29 17:58:55.816,0.29048511385917664
2015-12-29 20:58:55.816,0.2912295460700989
2015-12-29 23:58:55.816,0.2921430170536041
2015-12-30 02:58:55.816,0.29233601689338684
2015-12-30 05:58:55.816,0.2921368479728699
2015-12-30 08:58:55.816,0.29131564497947693
2015-12-30 11:58:55.816,0.2905592620372772
2015-12-30 14:58:55.816,0.2907252609729767
2015-12-30 17:58:55.816,0.29119256138801575
2015-12-30 20:58:55.816,0.29160162806510925
2015-12-30 23:58:55.816,0.2916301190853119
2015-12-31 02:58:55.816,0.2916870713233948
2015-12-31 05:58:55.816,0.2913871109485626
2015-12-31 08:58:55.816,0.2907774746417999
2015-12-31 11:58:55.816,0.29070284962654114
2015-12-31 14:58:55.816,0.2906455099582672
2015-12-31 17:58:55.816,0.2909151613712311
2015-12-31 20:58:55.816,0.2907972037792206
2015-12-31 23:58:55.816,0.2911093533039093
2016-01-01 02:58:55.816,0.2914735972881317
2016-01-01 05:58:55.816,0.2915109694004059
2016-01-01 08:58:55.816,0.2911773920059204
2016-01-01 11:58:55.816,0.2908399999141693
2016-01-01 14:58:55.816,0.2904191017150879
2016-01-01 17:58:55.816,0.28985416889190674
2016-01-01 20:58:55.816,0.2902645170688629
2016-01-01 23:58:55.816,0.29107722640037537
2016-01-02 02:58:55.816,0.29144543409347534
2016-01-02 05:58:55.816,0.2913866341114044
2016-01-02 08:58:55.816,0.29122182726860046
2016-01-02 11:58:55.816,0.2918055057525635
2016-01-02 14:58:55.816,0.29243218898773193
2016-01-02 17:58:55.816,0.2919508218765259
2016-01-02 20:58:55.816,0.2911872863769531
2016-01-02 23:58:55.816,0.28959688544273376
2016-01-03 02:58:55.816,0.28799936175346375
2016-01-03 05:58:55.816,0.2873278558254242
2016-01-03 08:58:55.816,0.28738707304000854
2016-01-03 11:58:55.816,0.2873005270957947
2016-01-03 14:58:55.816,0.28718695044517517
2016-01-03 17:58:55.816,0.2871619462966919
2016-01-03 20:58:55.816,0.28687602281570435
2016-01-03 23:58:55.816,0.28695112466812134
2016-01-04 02:58:55.816,0.28705090284347534
2016-01-04 05:58:55.816,0.28701943159103394
2016-01-04 08:58:55.816,0.2868567109107971
2016-01-04 11:58:55.816,0.28633806109428406
2016-01-04 14:58:55.816,0.2860580384731293
2016-01-04 17:58:55.816,0.28631022572517395
2016-01-04 20:58:55.816,0.2864703834056854
2016-01-04 23:58:55.816,0.2863738536834717
2016-01-05 02:58:55.816,0.28595593571662903
2016-01-05 05:58:55.816,0.28612950444221497
2016-01-05 08:58:55.816,0.2862738072872162
2016-01-05 11:58:55.816,0.2862703502178192
2016-01-05 14:58:55.816,0.28674963116645813
2016-01-05 17:58:55.816,0.2873607873916626
2016-01-05 20:58:55.816,0.28745320439338684
2016-01-05 23:58:55.816,0.28789201378822327
2016-01-06 02:58:55.816,0.2883921265602112
2016-01-06 05:58:55.816,0.28863272070884705
2016-01-06 08:58:55.816,0.2881789803504944
2016-01-06 11:58:55.816,0.2878396809101105
2016-01-06 14:58:55.816,0.28829455375671387
2016-01-06 17:58:55.816,0.2885308265686035
2016-01-06 20:58:55.816,0.28883853554725647
2016-01-06 23:58:55.816,0.28927281498908997
2016-01-07 02:58:55.816,0.2897281348705292
2016-01-07 05:58:55.816,0.29031071066856384
2016-01-07 08:58:55.816,0.2907741963863373
2016-01-07 11:58:55.816,0.29078400135040283
2016-01-07 14:58:55.816,0.2907177209854126
2016-01-07 17:58:55.816,0.29032057523727417
2016-01-07 20:58:55.816,0.28992775082588196
2016-01-07 23:58:55.816,0.28995993733406067
2016-01-08 02:58:55.816,0.2901153564453125
2016-01-08 05:58:55.816,0.2904232144355774
2016-01-08 08:58:55.816,0.29034939408302307
2016-01-08 11:58:55.816,0.28973332047462463
2016-01-08 14:58:55.816,0.28880417346954346
2016-01-08 17:58:55.816,0.28836068511009216
2016-01-08 20:58:55.816,0.28854432702064514
2016-01-08 23:58:55.816,0.28888198733329773
2016-01-09 02:58:55.816,0.28955569863319397
2016-01-09 05:58:55.816,0.28966251015663147
2016-01-09 08:58:55.816,0.28895068168640137
2016-01-09 11:58:55.816,0.28885379433631897
2016-01-09 14:58:55.816,0.2887289822101593
2016-01-09 17:58:55.816,0.2883128821849823
2016-01-09 20:58:55.816,0.2871154844760895
2016-01-09 23:58:55.816,0.2867126166820526
2016-01-10 02:58:55.816,0.28728848695755005
2016-01-10 05:58:55.816,0.2884769141674042
2016-01-10 08:58:55.816,0.2896532118320465
2016-01-10 11:58:55.816,0.29023972153663635
2016-01-10 14:58:55.816,0.2905864417552948
2016-01-10 17:58:55.816,0.2906220555305481
2016-01-10 20:58:55.816,0.2907504141330719
2016-01-10 23:58:55.816,0.29121801257133484
2016-01-11 02:58:55.816,0.29150518774986267
2016-01-11 05:58:55.816,0.2910051643848419
2016-01-11 08:58:55.816,0.29059910774230957
2016-01-11 11:58:55.816,0.29077744483947754
2016-01-11 14:58:55.816,0.2910727560520172
2016-01-11 17:58:55.816,0.29154297709465027
2016-01-11 20:58:55.816,0.29201069474220276
2016-01-11 23:58:55.816,0.29179897904396057
2016-01-12 02:58:55.816,0.2917064130306244
2016-01-12 05:58:55.816,0.2918728291988373
2016-01-12 08:58:55.816,0.2925191819667816
2016-01-12 11:58:55.816,0.29269975423812866
2016-01-12 14:58:55.816,0.2926434576511383
2016-01-12 17:58:55.816,0.29284924268722534
2016-01-12 20:58:55.816,0.29214590787887573
2016-01-12 23:58:55.816,0.2913797199726105
2016-01-13 02:58:55.816,0.2913892865180969
2016-01-13 05:58:55.816,0.29159900546073914
2016-01-13 08:58:55.816,0.29150471091270447
2016-01-13 11:58:55.816,0.2910185754299164
2016-01-13 14:58:55.816,0.29050132632255554
2016-01-13 17:58:55.816,0.29061761498451233
2016-01-13 20:58:55.816,0.29065990447998047
2016-01-13 23:58:55.816,0.29085633158683777
2016-01-14 02:58:55.816,0.2908536493778229
2016-01-14 05:58:55.816,0.29027286171913147
2016-01-14 08:58:55.816,0.2900138795375824
2016-01-14 11:58:55.816,0.28953683376312256
2016-01-14 14:58:55.816,0.2889293134212494
2016-01-14 17:58:55.816,0.288369745016098
2016-01-14 20:58:55.816,0.28774017095565796
2016-01-14 23:58:55.816,0.28706327080726624
2016-01-15 02:58:55.816,0.28642821311950684
2016-01-15 05:58:55.816,0.2865503430366516
2016-01-15 08:58:55.816,0.2863170802593231
2016-01-15 11:58:55.816,0.28608936071395874
2016-01-15 14:58:55.816,0.2855224311351776
2016-01-15 17:58:55.816,0.28570494055747986
2016-01-15 20:58:55.816,0.2858140468597412
2016-01-15 23:58:55.816,0.28570976853370667
2016-01-16 02:58:55.816,0.2854129374027252
2016-01-16 05:58:55.816,0.2848716080188751
2016-01-16 08:58:55.816,0.28468063473701477
2016-01-16 11:58:55.816,0.28449156880378723
2016-01-16 14:58:55.816,0.2846951186656952
2016-01-16 17:58:55.816,0.285623162984848
2016-01-16 20:58:55.816,0.2854951322078705
2016-01-16 23:58:55.816,0.28500857949256897
2016-01-17 02:58:55.816,0.28500279784202576
2016-01-17 05:58:55.816,0.28538429737091064
2016-01-17 08:58:55.816,0.2856772840023041
2016-01-17 11:58:55.816,0.28554651141166687
2016-01-17 14:58:55.816,0.2856440842151642
2016-01-17 17:58:55.816,0.28634700179100037
2016-01-17 20:58:55.816,0.287336140871048
2016-01-17 23:58:55.816,0.2878286838531494
2016-01-18 02:58:55.816,0.2882406413555145
2016-01-18 05:58:55.816,0.2886747419834137
2016-01-18 08:58:55.816,0.2887112498283386
2016-01-18 11:58:55.816,0.28906023502349854
2016-01-18 14:58:55.816,0.28913119435310364
2016-01-18 17:58:55.816,0.28896573185920715
2016-01-18 20:58:55.816,0.2889977991580963
2016-01-18 23:58:55.816,0.2892884910106659
2016-01-19 02:58:55.816,0.28934407234191895
2016-01-19 05:58:55.816,0.2893100678920746
2016-01-19 08:58:55.816,0.28920653462409973
2016-01-19 11:58:55.816,0.2891204059123993
2016-01-19 14:58:55.816,0.28837257623672485
2016-01-19 17:58:55.816,0.2882959544658661
2016-01-19 20:58:55.816,0.28775322437286377
2016-01-19 23:58:55.816,0.28755831718444824
2016-01-20 02:58:55.816,0.2871563732624054
2016-01-20 05:58:55.816,0.2867179214954376
2016-01-20 08:58:55.816,0.2869694232940674
2016-01-20 11:58:55.816,0.2869097888469696
2016-01-20 14:58:55.816,0.2869143486022949
2016-01-20 17:58:55.816,0.28764989972114563
2016-01-20 20:58:55.816,0.28814318776130676
2016-01-20 23:58:55.816,0.2875942885875702
2016-01-21 02:58:55.816,0.2873861491680145
2016-01-21 05:58:55.816,0.2874668836593628
2016-01-21 08:58:55.816,0.2876183092594147
2016-01-21 11:58:55.816,0.2874262034893036
2016-01-21 14:58:55.816,0.287495881319046
2016-01-21 17:58:55.816,0.28775617480278015
2016-01-21 20:58:55.816,0.2881168723106384
2016-01-21 23:58:55.816,0.2879050672054291
2016-01-22 02:58:55.816,0.287584513425827
2016-01-22 05:58:55.816,0.28750017285346985
2016-01-22 08:58:55.816,0.2878071367740631
2016-01-22 11:58:55.816,0.2885921001434326
2016-01-22 14:58:55.816,0.28928157687187195
2016-01-22 17:58:55.816,0.2897970378398895
2016-01-22 20:58:55.816,0.290584534406662
2016-01-22 23:58:55.816,0.29096516966819763
2016-01-23 02:58:55.816,0.29094862937927246
2016-01-23 05:58:55.816,0.29131177067756653
2016-01-23 08:58:55.816,0.29150673747062683
2016-01-23 11:58:55.816,0.29106149077415466
2016-01-23 14:58:55.816,0.2905147075653076
2016-01-23 17:58:55.816,0.29039421677589417
2016-01-23 20:58:55.816,0.290278822183609
2016-01-23 23:58:55.816,0.28998345136642456
2016-01-24 02:58:55.816,0.2906397581100464
2016-01-24 05:58:55.816,0.2907174527645111
2016-01-24 08:58:55.816,0.2909267842769623
2016-01-24 11:58:55.816,0.2917740046977997
2016-01-24 14:58:55.816,0.2922298014163971
2016-01-24 17:58:55.816,0.29267653822898865
2016-01-24 20:58:55.816,0.2927854359149933
2016-01-24 23:58:55.816,0.29274603724479675
2016-01-25 02:58:55.816,0.29248809814453125
2016-01-25 05:58:55.816,0.291368693113327
2016-01-25 08:58:55.816,0.2901104688644409
2016-01-25 11:58:55.816,0.28912803530693054
2016-01-25 14:58:55.816,0.28895503282546997
2016-01-25 17:58:55.816,0.2889247238636017
2016-01-25 20:58:55.816,0.2886698246002197
2016-01-25 23:58:55.816,0.28797170519828796
2016-01-26 02:58:55.816,0.2873094081878662
2016-01-26 05:58:55.816,0.2871250510215759
2016-01-26 08:58:55.816,0.28604981303215027
2016-01-26 11:58:55.816,0.2848825454711914
2016-01-26 14:58:55.816,0.28483709692955017
2016-01-26 17:58:55.816,0.28478220105171204
2016-01-26 20:58:55.816,0.2840122580528259
2016-01-26 23:58:55.816,0.2830027639865875
2016-01-27 02:58:55.816,0.28125375509262085
2016-01-27 05:58:55.816,0.279625803232193
2016-01-27 08:58:55.816,0.2787493169307709
2016-01-27 11:58:55.816,0.27863118052482605
2016-01-27 14:58:55.816,0.2782706320285797
2016-01-27 17:58:55.816,0.27841219305992126
2016-01-27 20:58:55.816,0.2787187397480011
2016-01-27 23:58:55.816,0.2789231240749359
2016-01-28 02:58:55.816,0.27909156680107117
2016-01-28 05:58:55.816,0.2794875204563141
2016-01-28 08:58:55.816,0.2804183065891266
2016-01-28 11:58:55.816,0.28094738721847534
2016-01-28 14:58:55.816,0.2813132107257843
2016-01-28 17:58:55.816,0.2821351885795593
2016-01-28 20:58:55.816,0.28287234902381897
2016-01-28 23:58:55.816,0.2835375666618347
2016-01-29 02:58:55.816,0.2836967408657074
2016-01-29 05:58:55.816,0.28378623723983765
2016-01-29 08:58:55.816,0.2841717302799225
2016-01-29 11:58:55.816,0.2850399315357208
2016-01-29 14:58:55.816,0.28539496660232544
2016-01-29 17:58:55.816,0.2854568362236023
2016-01-29 20:58:55.816,0.28632062673568726
2016-01-29 23:58:55.816,0.28640756011009216
2016-01-30 02:58:55.816,0.28584763407707214
2016-01-30 05:58:55.816,0.2861747145652771
2016-01-30 08:58:55.816,0.2864079177379608
2016-01-30 11:58:55.816,0.286512166261673
2016-01-30 14:58:55.816,0.28649845719337463
2016-01-30 17:58:55.816,0.28634828329086304
2016-01-30 20:58:55.816,0.2864514887332916
2016-01-30 23:58:55.816,0.2866120934486389
2016-01-31 02:58:55.816,0.28705427050590515
2016-01-31 05:58:55.816,0.28770118951797485
2016-01-31 08:58:55.816,0.28798574209213257
2016-01-31 11:58:55.816,0.28859689831733704
2016-01-31 14:58:55.816,0.28954043984413147
2016-01-31 17:58:55.816,0.2904205024242401
2016-01-31 20:58:55.816,0.2901952862739563
2016-01-31 23:58:55.816,0.28933706879615784
2016-02-01 02:58:55.816,0.28956228494644165
2016-02-01 05:58:55.816,0.2898954153060913
2016-02-01 08:58:55.816,0.29022470116615295
2016-02-01 11:58:55.816,0.29106321930885315
2016-02-01 14:58:55.816,0.2915707230567932
2016-02-01 17:58:55.816,0.2914111316204071
2016-02-01 20:58:55.816,0.2916834354400635
2016-02-01 23:58:55.816,0.2920701205730438
2016-02-02 02:58:55.816,0.2916368544101715
2016-02-02 05:58:55.816,0.2906263470649719
2016-02-02 08:58:55.816,0.2895106375217438
2016-02-02 11:58:55.816,0.2888696491718292
2016-02-02 14:58:55.816,0.2885136306285858
2016-02-02 17:58:55.816,0.2886277139186859
2016-02-02 20:58:55.816,0.28901323676109314
2016-02-02 23:58:55.816,0.28905218839645386
2016-02-03 02:58:55.816,0.28879448771476746
2016-02-03 05:58:55.816,0.28883445262908936
2016-02-03 08:58:55.816,0.28924721479415894
2016-02-03 11:58:55.816,0.28958889842033386
2016-02-03 14:58:55.816,0.29031267762184143
2016-02-03 17:58:55.816,0.29111069440841675
2016-02-03 20:58:55.816,0.292111873626709
2016-02-03 23:58:55.816,0.2925799787044525
2016-02-04 02:58:55.816,0.29247960448265076
2016-02-04 05:58:55.816,0.29198798537254333
2016-02-04 08:58:55.816,0.2913702428340912
2016-02-04 11:58:55.816,0.2911071479320526
2016-02-04 14:58:55.816,0.2910798490047455
2016-02-04 17:58:55.816,0.2912512719631195
2016-02-04 20:58:55.816,0.29185304045677185
2016-02-04 23:58:55.816,0.2916080057621002
2016-02-05 02:58:55.816,0.2912037670612335
2016-02-05 05:58:55.816,0.2913316786289215
2016-02-05 08:58:55.816,0.29199567437171936
2016-02-05 11:58:55.816,0.29267561435699463
2016-02-05 14:58:55.816,0.2931250035762787
2016-02-05 17:58:55.816,0.29358768463134766
2016-02-05 20:58:55.816,0.2934871017932892
2016-02-05 23:58:55.816,0.29353758692741394
2016-02-06 02:58:55.816,0.2939967215061188
2016-02-06 05:58:55.816,0.2940243184566498
2016-02-06 08:58:55.816,0.29384753108024597
2016-02-06 11:58:55.816,0.29379621148109436
2016-02-06 14:58:55.816,0.2935170829296112
2016-02-06 17:58:55.816,0.29323920607566833
2016-02-06 20:58:55.816,0.29342222213745117
2016-02-06 23:58:55.816,0.2934265434741974
2016-02-07 02:58:55.816,0.2935023009777069
2016-02-07 05:58:55.816,0.29302939772605896
2016-02-07 08:58:55.816,0.2919776737689972
2016-02-07 11:58:55.816,0.2912995219230652
2016-02-07 14:58:55.816,0.2903505861759186
2016-02-07 17:58:55.816,0.2899501621723175
2016-02-07 20:58:55.816,0.2900116741657257
2016-02-07 23:58:55.816,0.28976860642433167
2016-02-08 02:58:55.816,0.2894798219203949
2016-02-08 05:58:55.816,0.2893136441707611
2016-02-08 08:58:55.816,0.2894866466522217
2016-02-08 11:58:55.816,0.2897115647792816
2016-02-08 14:58:55.816,0.2894643247127533
2016-02-08 17:58:55.816,0.2897367775440216
2016-02-08 20:58:55.816,0.29001232981681824
2016-02-08 23:58:55.816,0.29009872674942017
2016-02-09 02:58:55.816,0.28999456763267517
2016-02-09 05:58:55.816,0.28939685225486755
2016-02-09 08:58:55.816,0.2899613082408905
2016-02-09 11:58:55.816,0.2907184064388275
2016-02-09 14:58:55.816,0.2907351553440094
2016-02-09 17:58:55.816,0.2904328405857086
2016-02-09 20:58:55.816,0.28992629051208496
2016-02-09 23:58:55.816,0.2894646227359772
2016-02-10 02:58:55.816,0.2888520061969757
2016-02-10 05:58:55.816,0.2886281907558441
2016-02-10 08:58:55.816,0.2889247238636017
2016-02-10 11:58:55.816,0.2891784906387329
2016-02-10 14:58:55.816,0.28958240151405334
2016-02-10 17:58:55.816,0.289791077375412
2016-02-10 20:58:55.816,0.29028379917144775
2016-02-10 23:58:55.816,0.29063698649406433
2016-02-11 02:58:55.816,0.2907628118991852
2016-02-11 05:58:55.816,0.2911475598812103
2016-02-11 08:58:55.816,0.2918344736099243
2016-02-11 11:58:55.816,0.29243990778923035
2016-02-11 14:58:55.816,0.2927365303039551
2016-02-11 17:58:55.816,0.29199743270874023
2016-02-11 20:58:55.816,0.291253000497818
2016-02-11 23:58:55.816,0.2907302975654602
2016-02-12 02:58:55.816,0.2905052602291107
2016-02-12 05:58:55.816,0.2903030514717102
2016-02-12 08:58:55.816,0.29027578234672546
2016-02-12 11:58:55.816,0.29025572538375854
2016-02-12 14:58:55.816,0.2903372347354889
2016-02-12 17:58:55.816,0.2905837595462799
2016-02-12 20:58:55.816,0.2904551923274994
2016-02-12 23:58:55.816,0.28976309299468994
2016-02-13 02:58:55.816,0.28972309827804565
2016-02-13 05:58:55.816,0.2893126308917999
2016-02-13 08:58:55.816,0.2887944281101227
2016-02-13 11:58:55.816,0.28865280747413635
2016-02-13 14:58:55.816,0.2878594696521759
2016-02-13 17:58:55.816,0.28746268153190613
2016-02-13 20:58:55.816,0.287367045879364
2016-02-13 23:58:55.816,0.28734391927719116
2016-02-14 02:58:55.816,0.287784218788147
2016-02-14 05:58:55.816,0.28829875588417053
2016-02-14 08:58:55.816,0.289286345243454
2016-02-14 11:58:55.816,0.28972986340522766
2016-02-14 14:58:55.816,0.2901628315448761
2016-02-14 17:58:55.816,0.2905031740665436
2016-02-14 20:58:55.816,0.2909458577632904
2016-02-14 23:58:55.816,0.2914406955242157
2016-02-15 02:58:55.816,0.29137516021728516
2016-02-15 05:58:55.816,0.2912817597389221
2016-02-15 08:58:55.816,0.2902902364730835
2016-02-15 11:58:55.816,0.28958722949028015
2016-02-15 14:58:55.816,0.2897075116634369
2016-02-15 17:58:55.816,0.2903452217578888
2016-02-15 20:58:55.816,0.29131340980529785
2016-02-15 23:58:55.816,0.29243630170822144
2016-02-16 02:58:55.816,0.2931540608406067
2016-02-16 05:58:55.816,0.2934717833995819
2016-02-16 08:58:55.816,0.2930945158004761
2016-02-16 11:58:55.816,0.2922903001308441
2016-02-16 14:58:55.816,0.2925126552581787
2016-02-16 17:58:55.816,0.2924307584762573
2016-02-16 20:58:55.816,0.29177406430244446
2016-02-16 23:58:55.816,0.29112160205841064
2016-02-17 02:58:55.816,0.290542870759964
2016-02-17 05:58:55.816,0.29041048884391785
2016-02-17 08:58:55.816,0.2903687059879303
2016-02-17 11:58:55.816,0.2900978624820709
2016-02-17 14:58:55.816,0.28910353779792786
2016-02-17 17:58:55.816,0.2884100079536438
2016-02-17 20:58:55.816,0.288021981716156
2016-02-17 23:58:55.816,0.28797757625579834
2016-02-18 02:58:55.816,0.28826430439949036
2016-02-18 05:58:55.816,0.28803056478500366
2016-02-18 08:58:55.816,0.2874072790145874
2016-02-18 11:58:55.816,0.28718191385269165
2016-02-18 14:58:55.816,0.2865617573261261
2016-02-18 17:58:55.816,0.28623539209365845
2016-02-18 20:58:55.816,0.2862982451915741
2016-02-18 23:58:55.816,0.2860705256462097
2016-02-19 02:58:55.816,0.28575006127357483
2016-02-19 05:58:55.816,0.28624996542930603
2016-02-19 08:58:55.816,0.2870420515537262
2016-02-19 11:58:55.816,0.2880406081676483
2016-02-19 14:58:55.816,0.2887977063655853
2016-02-19 17:58:55.816,0.28910142183303833
2016-02-19 20:58:55.816,0.2889496386051178
2016-02-19 23:58:55.816,0.2885435223579407
2016-02-20 02:58:55.816,0.28836265206336975
2016-02-20 05:58:55.816,0.2881339192390442
2016-02-20 08:58:55.816,0.2880425453186035
2016-02-20 11:58:55.816,0.28779885172843933
2016-02-20 14:58:55.816,0.28827035427093506
2016-02-20 17:58:55.816,0.28898704051971436
2016-02-20 20:58:55.816,0.28943297266960144
2016-02-20 23:58:55.816,0.28992462158203125
2016-02-21 02:58:55.816,0.2906911373138428
2016-02-21 05:58:55.816,0.2913346588611603
2016-02-21 08:58:55.816,0.2911955416202545
2016-02-21 11:58:55.816,0.29109320044517517
2016-02-21 14:58:55.816,0.29084306955337524
2016-02-21 17:58:55.816,0.2907448709011078
2016-02-21 20:58:55.816,0.29000818729400635
2016-02-21 23:58:55.816,0.28921350836753845
2016-02-22 02:58:55.816,0.28859204053878784
2016-02-22 05:58:55.816,0.28835976123809814
2016-02-22 08:58:55.816,0.28741997480392456
2016-02-22 11:58:55.816,0.2868114411830902
2016-02-22 14:58:55.816,0.2865115702152252
2016-02-22 17:58:55.816,0.2861218750476837
2016-02-22 20:58:55.816,0.28601640462875366
2016-02-22 23:58:55.816,0.28581851720809937
2016-02-23 02:58:55.816,0.2861107289791107
2016-02-23 05:58:55.816,0.2863110601902008
2016-02-23 08:58:55.816,0.28625860810279846
2016-02-23 11:58:55.816,0.2859407961368561
2016-02-23 14:58:55.816,0.2863794267177582
2016-02-23 17:58:55.816,0.28679952025413513
2016-02-23 20:58:55.816,0.28681135177612305
2016-02-23 23:58:55.816,0.28676941990852356
2016-02-24 02:58:55.816,0.28657469153404236
2016-02-24 05:58:55.816,0.2869051396846771
2016-02-24 08:58:55.816,0.2873658537864685
2016-02-24 11:58:55.816,0.28731927275657654
2016-02-24 14:58:55.816,0.2870273292064667
2016-02-24 17:58:55.816,0.2866690456867218
2016-02-24 20:58:55.816,0.2869647443294525
2016-02-24 23:58:55.816,0.2876594662666321
2016-02-25 02:58:55.816,0.28834235668182373
2016-02-25 05:58:55.816,0.2891635596752167
2016-02-25 08:58:55.816,0.28995078802108765
2016-02-25 11:58:55.816,0.2908860445022583
2016-02-25 14:58:55.816,0.29187995195388794
2016-02-25 17:58:55.816,0.2919096052646637
2016-02-25 20:58:55.816,0.29141467809677124
2016-02-25 23:58:55.816,0.2912995517253876
2016-02-26 02:58:55.816,0.2908671498298645
2016-02-26 05:58:55.816,0.2903730869293213
2016-02-26 08:58:55.816,0.29077261686325073
2016-02-26 11:58:55.816,0.29173657298088074
2016-02-26 14:58:55.816,0.29238876700401306
2016-02-26 17:58:55.816,0.291850745677948
2016-02-26 20:58:55.816,0.29134199023246765
2016-02-26 23:58:55.816,0.29106947779655457
2016-02-27 02:58:55.816,0.2911294996738434
2016-02-27 05:58:55.816,0.29077062010765076
2016-02-27 08:58:55.816,0.2897924482822418
2016-02-27 11:58:55.816,0.2891782224178314
2016-02-27 14:58:55.816,0.2889103591442108
2016-02-27 17:58:55.816,0.2881862223148346
2016-02-27 20:58:55.816,0.28755590319633484
2016-02-27 23:58:55.816,0.2871458828449249
2016-02-28 02:58:55.816,0.28672778606414795
2016-02-28 05:58:55.816,0.28652969002723694
2016-02-28 08:58:55.816,0.2868262827396393
2016-02-28 11:58:55.816,0.2866940498352051
2016-02-28 14:58:55.816,0.2864063084125519
2016-02-28 17:58:55.816,0.28635695576667786
2016-02-28 20:58:55.816,0.2866494953632355
2016-02-28 23:58:55.816,0.2871350944042206
2016-02-29 02:58:55.816,0.2876286506652832
2016-02-29 05:58:55.816,0.28814658522605896
2016-02-29 08:58:55.816,0.288345605134964
2016-02-29 11:58:55.816,0.28835055232048035
2016-02-29 14:58:55.816,0.2882414758205414
2016-02-29 17:58:55.816,0.2885103225708008
2016-02-29 20:58:55.816,0.28955313563346863
2016-02-29 23:58:55.816,0.29052218794822693
2016-03-01 02:58:55.816,0.29101982712745667
2016-03-01 05:58:55.816,0.29118964076042175
2016-03-01 08:58:55.816,0.2920573651790619
2016-03-01 11:58:55.816,0.2927171587944031
2016-03-01 14:58:55.816,0.2933579385280609
2016-03-01 17:58:55.816,0.293308824300766
2016-03-01 20:58:55.816,0.2933017909526825
2016-03-01 23:58:55.816,0.2934274971485138
2016-03-02 02:58:55.816,0.29289332032203674
2016-03-02 05:58:55.816,0.29134851694107056
2016-03-02 08:58:55.816,0.2908411920070648
2016-03-02 11:58:55.816,0.29076528549194336
2016-03-02 14:58:55.816,0.2908463180065155
2016-03-02 17:58:55.816,0.2911241948604584
2016-03-02 20:58:55.816,0.29144343733787537
2016-03-02 23:58:55.816,0.2910509705543518
2016-03-03 02:58:55.816,0.29076260328292847
2016-03-03 05:58:55.816,0.29072001576423645
2016-03-03 08:58:55.816,0.2905378043651581
2016-03-03 11:58:55.816,0.28967317938804626
2016-03-03 14:58:55.816,0.2882768213748932
2016-03-03 17:58:55.816,0.28808024525642395
2016-03-03 20:58:55.816,0.28825169801712036
2016-03-03 23:58:55.816,0.2883540093898773
2016-03-04 02:58:55.816,0.2878463566303253
2016-03-04 05:58:55.816,0.28757837414741516
2016-03-04 08:58:55.816,0.287729948759079
2016-03-04 11:58:55.816,0.2875177562236786
2016-03-04 14:58:55.816,0.286905974149704
2016-03-04 17:58:55.816,0.2868213951587677
2016-03-04 20:58:55.816,0.28769567608833313
2016-03-04 23:58:55.816,0.2880469262599945
2016-03-05 02:58:55.816,0.288754403591156
2016-03-05 05:58:55.816,0.2894953787326813
2016-03-05 08:58:55.816,0.2897161543369293
2016-03-05 11:58:55.816,0.28986185789108276
2016-03-05 14:58:55.816,0.2897939383983612
2016-03-05 17:58:55.816,0.28968337178230286
2016-03-05 20:58:55.816,0.29014572501182556
2016-03-05 23:58:55.816,0.2912155091762543
2016-03-06 02:58:55.816,0.29173025488853455
2016-03-06 05:58:55.816,0.2912519872188568
2016-03-06 08:58:55.816,0.29163482785224915
2016-03-06 11:58:55.816,0.29137906432151794
2016-03-06 14:58:55.816,0.2913369834423065
2016-03-06 17:58:55.816,0.29130828380584717
2016-03-06 20:58:55.816,0.2916681468486786
2016-03-06 23:58:55.816,0.2916039526462555
2016-03-07 02:58:55.816,0.29139548540115356
2016-03-07 05:58:55.816,0.2913070023059845
2016-03-07 08:58:55.816,0.2914193272590637
2016-03-07 11:58:55.816,0.2911824882030487
2016-03-07 14:58:55.816,0.29054033756256104
2016-03-07 17:58:55.816,0.2901749014854431
2016-03-07 20:58:55.816,0.28985801339149475
2016-03-07 23:58:55.816,0.28993675112724304
2016-03-08 02:58:55.816,0.2896669805049896
2016-03-08 05:58:55.816,0.28976067900657654
2016-03-08 08:58:55.816,0.2902875244617462
2016-03-08 11:58:55.816,0.2902805805206299
2016-03-08 14:58:55.816,0.29028454422950745
2016-03-08 17:58:55.816,0.2902859151363373
2016-03-08 20:58:55.816,0.29046404361724854
2016-03-08 23:58:55.816,0.2905857264995575
2016-03-09 02:58:55.816,0.29052773118019104
2016-03-09 05:58:55.816,0.29022645950317383
2016-03-09 08:58:55.816,0.2897997498512268
2016-03-09 11:58:55.816,0.2891327142715454
2016-03-09 14:58:55.816,0.28943899273872375
2016-03-09 17:58:55.816,0.2894943058490753
2016-03-09 20:58:55.816,0.2896837294101715
2016-03-09 23:58:55.816,0.2897820770740509
2016-03-10 02:58:55.816,0.2901560664176941
2016-03-10 05:58:55.816,0.2905174791812897
2016-03-10 08:58:55.816,0.29083773493766785
2016-03-10 11:58:55.816,0.2909487187862396
2016-03-10 14:58:55.816,0.29107531905174255
2016-03-10 17:58:55.816,0.29090821743011475
2016-03-10 20:58:55.816,0.290670782327652
2016-03-10 23:58:55.816,0.2907395660877228
2016-03-11 02:58:55.816,0.2907067537307739
2016-03-11 05:58:55.816,0.2901194095611572
2016-03-11 08:58:55.816,0.28959423303604126
2016-03-11 11:58:55.816,0.28987857699394226
2016-03-11 14:58:55.816,0.2901659905910492
2016-03-11 17:58:55.816,0.29038095474243164
2016-03-11 20:58:55.816,0.2905312180519104
2016-03-11 23:58:55.816,0.2901642620563507
2016-03-12 02:58:55.816,0.29001811146736145
2016-03-12 05:58:55.816,0.29030895233154297
2016-03-12 08:58:55.816,0.2907423973083496
2016-03-12 11:58:55.816,0.291027694940567
2016-03-12 14:58:55.816,0.2910512685775757
2016-03-12 17:58:55.816,0.29016435146331787
2016-03-12 20:58:55.816,0.2893541157245636
2016-03-12 23:58:55.816,0.28962233662605286
2016-03-13 02:58:55.816,0.289815217256546
2016-03-13 05:58:55.816,0.28997644782066345
2016-03-13 08:58:55.816,0.29043859243392944
2016-03-13 11:58:55.816,0.2909103333950043
2016-03-13 14:58:55.816,0.2907327115535736
2016-03-13 17:58:55.816,0.290813684463501
2016-03-13 20:58:55.816,0.2903260290622711
2016-03-13 23:58:55.816,0.289895236492157
2016-03-14 02:58:55.816,0.28998568654060364
2016-03-14 05:58:55.816,0.2901976406574249
2016-03-14 08:58:55.816,0.2903515696525574
2016-03-14 11:58:55.816,0.29050925374031067
2016-03-14 14:58:55.816,0.2903003990650177
2016-03-14 17:58:55.816,0.29017528891563416
2016-03-14 20:58:55.816,0.28969162702560425
2016-03-14 23:58:55.816,0.28913381695747375
2016-03-15 02:58:55.816,0.28815343976020813
2016-03-15 05:58:55.816,0.2883441150188446
2016-03-15 08:58:55.816,0.28874471783638
2016-03-15 11:58:55.816,0.29256466031074524
2016-03-15 14:58:55.816,0.29926881194114685
2016-03-15 17:58:55.816,0.2956562340259552
2016-03-15 20:58:55.816,0.29499754309654236
2016-03-15 23:58:55.816,0.2947371304035187
2016-03-16 02:58:55.816,0.2943766117095947
2016-03-16 05:58:55.816,0.29483112692832947
2016-03-16 08:58:55.816,0.29499873518943787
2016-03-16 11:58:55.816,0.29689911007881165
2016-03-16 14:58:55.816,0.29850518703460693
2016-03-16 17:58:55.816,0.2971465587615967
2016-03-16 20:58:55.816,0.2961030900478363
2016-03-16 23:58:55.816,0.2954489290714264
2016-03-17 02:58:55.816,0.2948445677757263
2016-03-17 05:58:55.816,0.2940593659877777
2016-03-17 08:58:55.816,0.2936594486236572
2016-03-17 11:58:55.816,0.29347464442253113
2016-03-17 14:58:55.816,0.2928430736064911
2016-03-17 17:58:55.816,0.29201510548591614
2016-03-17 20:58:55.816,0.2925204634666443
2016-03-17 23:58:55.816,0.29317960143089294
2016-03-18 02:58:55.816,0.29337313771247864
2016-03-18 05:58:55.816,0.29323428869247437
2016-03-18 08:58:55.816,0.2934753894805908
2016-03-18 11:58:55.816,0.29366442561149597
2016-03-18 14:58:55.816,0.29324576258659363
2016-03-18 17:58:55.816,0.2925946116447449
2016-03-18 20:58:55.816,0.292429655790329
2016-03-18 23:58:55.816,0.2927190959453583
2016-03-19 02:58:55.816,0.2927670180797577
2016-03-19 05:58:55.816,0.2922002971172333
2016-03-19 08:58:55.816,0.2918078601360321
2016-03-19 11:58:55.816,0.2923241853713989
2016-03-19 14:58:55.816,0.2930014431476593
2016-03-19 17:58:55.816,0.29331907629966736
2016-03-19 20:58:55.816,0.2929157614707947
2016-03-19 23:58:55.816,0.2929408848285675
2016-03-20 02:58:55.816,0.2929231822490692
2016-03-20 05:58:55.816,0.2925693094730377
2016-03-20 08:58:55.816,0.29252636432647705
2016-03-20 11:58:55.816,0.2923894226551056
2016-03-20 14:58:55.816,0.29184064269065857
2016-03-20 17:58:55.816,0.29117944836616516
2016-03-20 20:58:55.816,0.29137879610061646
2016-03-20 23:58:55.816,0.2916080355644226
2016-03-21 02:58:55.816,0.291197270154953
2016-03-21 05:58:55.816,0.2907906770706177
2016-03-21 08:58:55.816,0.2900755703449249
2016-03-21 11:58:55.816,0.28952813148498535
2016-03-21 14:58:55.816,0.2899145781993866
2016-03-21 17:58:55.816,0.2894015610218048
2016-03-21 20:58:55.816,0.2890104651451111
2016-03-21 23:58:55.816,0.28928476572036743
2016-03-22 02:58:55.816,0.28986236453056335
2016-03-22 05:58:55.816,0.2906874120235443
2016-03-22 08:58:55.816,0.2912403345108032
2016-03-22 11:58:55.816,0.29063379764556885
2016-03-22 14:58:55.816,0.28959783911705017
2016-03-22 17:58:55.816,0.2893204391002655
2016-03-22 20:58:55.816,0.2893429696559906
2016-03-22 23:58:55.816,0.28877562284469604
2016-03-23 02:58:55.816,0.2891046106815338
2016-03-23 05:58:55.816,0.28960666060447693
2016-03-23 08:58:55.816,0.2903050482273102
2016-03-23 11:58:55.816,0.29026374220848083
2016-03-23 14:58:55.816,0.28946545720100403
2016-03-23 17:58:55.816,0.289458304643631
2016-03-23 20:58:55.816,0.2902696132659912
2016-03-23 23:58:55.816,0.2904328405857086
2016-03-24 02:58:55.816,0.29045456647872925
2016-03-24 05:58:55.816,0.2909627854824066
2016-03-24 08:58:55.816,0.291324257850647
2016-03-24 11:58:55.816,0.2913607358932495
2016-03-24 14:58:55.816,0.29118508100509644
2016-03-24 17:58:55.816,0.29067373275756836
2016-03-24 20:58:55.816,0.2902509272098541
2016-03-24 23:58:55.816,0.2900676727294922
2016-03-25 02:58:55.816,0.2903299033641815
2016-03-25 05:58:55.816,0.29025527834892273
2016-03-25 08:58:55.816,0.2900456190109253
2016-03-25 11:58:55.816,0.28901803493499756
2016-03-25 14:58:55.816,0.28911033272743225
2016-03-25 17:58:55.816,0.2894365191459656
2016-03-25 20:58:55.816,0.2891484498977661
2016-03-25 23:58:55.816,0.2891235947608948
2016-03-26 02:58:55.816,0.28953635692596436
2016-03-26 05:58:55.816,0.2899177372455597
2016-03-26 08:58:55.816,0.2896721065044403
2016-03-26 11:58:55.816,0.2885763645172119
2016-03-26 14:58:55.816,0.28787916898727417
2016-03-26 17:58:55.816,0.2875521183013916
2016-03-26 20:58:55.816,0.2870911657810211
2016-03-26 23:58:55.816,0.28687769174575806
2016-03-27 02:58:55.816,0.2867683172225952
2016-03-27 05:58:55.816,0.2872019112110138
2016-03-27 08:58:55.816,0.2877863943576813
2016-03-27 11:58:55.816,0.28843697905540466
2016-03-27 14:58:55.816,0.2893355190753937
2016-03-27 17:58:55.816,0.2897864282131195
2016-03-27 20:58:55.816,0.2902749478816986
2016-03-27 23:58:55.816,0.29011550545692444
2016-03-28 02:58:55.816,0.29044923186302185
2016-03-28 05:58:55.816,0.2906509041786194
2016-03-28 08:58:55.816,0.2904956042766571
2016-03-28 11:58:55.816,0.29018306732177734
2016-03-28 14:58:55.816,0.2896345257759094
2016-03-28 17:58:55.816,0.28928032517433167
2016-03-28 20:58:55.816,0.28849485516548157
2016-03-28 23:58:55.816,0.28828224539756775
2016-03-29 02:58:55.816,0.2880415916442871
2016-03-29 05:58:55.816,0.28785598278045654
2016-03-29 08:58:55.816,0.2879089117050171
2016-03-29 11:58:55.816,0.2869453430175781
2016-03-29 14:58:55.816,0.2861640751361847
2016-03-29 17:58:55.816,0.28577324748039246
2016-03-29 20:58:55.816,0.28585633635520935
2016-03-29 23:58:55.816,0.28637629747390747
2016-03-30 02:58:55.816,0.2871750295162201
2016-03-30 05:58:55.816,0.28773823380470276
2016-03-30 08:58:55.816,0.2884412705898285
2016-03-30 11:58:55.816,0.28914332389831543
2016-03-30 14:58:55.816,0.2908812463283539
2016-03-30 17:58:55.816,0.2909759283065796
2016-03-30 20:58:55.816,0.2907349765300751
2016-03-30 23:58:55.816,0.29079869389533997
2016-03-31 02:58:55.816,0.29130101203918457
2016-03-31 05:58:55.816,0.2913587987422943
2016-03-31 08:58:55.816,0.29157179594039917
2016-03-31 11:58:55.816,0.2919897139072418
2016-03-31 14:58:55.816,0.29424309730529785
2016-03-31 17:58:55.816,0.29371264576911926
2016-03-31 20:58:55.816,0.29254093766212463
2016-03-31 23:58:55.816,0.29136040806770325
2016-04-01 02:58:55.816,0.29048284888267517
2016-04-01 05:58:55.816,0.2903374135494232
2016-04-01 08:58:55.816,0.28974270820617676
2016-04-01 11:58:55.816,0.2911815941333771
2016-04-01 14:58:55.816,0.29583150148391724
2016-04-01 17:58:55.816,0.29545629024505615
2016-04-01 20:58:55.816,0.29490038752555847
2016-04-01 23:58:55.816,0.2940162122249603
2016-04-02 02:58:55.816,0.2936033308506012
2016-04-02 05:58:55.816,0.29401925206184387
2016-04-02 08:58:55.816,0.29368719458580017
2016-04-02 11:58:55.816,0.29384616017341614
2016-04-02 14:58:55.816,0.2937498390674591
2016-04-02 17:58:55.816,0.29261717200279236
2016-04-02 20:58:55.816,0.2917488217353821
2016-04-02 23:58:55.816,0.2916758060455322
2016-04-03 02:58:55.816,0.29166489839553833
2016-04-03 05:58:55.816,0.29165855050086975
2016-04-03 08:58:55.816,0.29103991389274597
2016-04-03 11:58:55.816,0.2914772927761078
2016-04-03 14:58:55.816,0.2938309609889984
2016-04-03 17:58:55.816,0.2928502559661865
2016-04-03 20:58:55.816,0.29300910234451294
2016-04-03 23:58:55.816,0.2925713360309601
2016-04-04 02:58:55.816,0.29121527075767517
2016-04-04 05:58:55.816,0.29055193066596985
2016-04-04 08:58:55.816,0.29041197896003723
2016-04-04 11:58:55.816,0.29184356331825256
2016-04-04 14:58:55.816,0.2971000373363495
2016-04-04 17:58:55.816,0.2959307134151459
2016-04-04 20:58:55.816,0.29552796483039856
2016-04-04 23:58:55.816,0.2944238781929016
2016-04-05 02:58:55.816,0.29347214102745056
2016-04-05 05:58:55.816,0.2927439510822296
2016-04-05 08:58:55.816,0.29666104912757874
2016-04-05 11:58:55.816,0.3196440637111664
2016-04-05 14:58:55.816,0.3177492916584015
2016-04-05 17:58:55.816,0.30907365679740906
2016-04-05 20:58:55.816,0.3062182366847992
2016-04-05 23:58:55.816,0.30418533086776733
2016-04-06 02:58:55.816,0.30254703760147095
2016-04-06 05:58:55.816,0.30111536383628845
2016-04-06 08:58:55.816,0.2994202971458435
2016-04-06 11:58:55.816,0.3007810413837433
2016-04-06 14:58:55.816,0.30243799090385437
2016-04-06 17:58:55.816,0.30162569880485535
2016-04-06 20:58:55.816,0.3011520504951477
2016-04-06 23:58:55.816,0.30054131150245667
2016-04-07 02:58:55.816,0.3002612292766571
2016-04-07 05:58:55.816,0.29965442419052124
2016-04-07 08:58:55.816,0.2985474765300751
2016-04-07 11:58:55.816,0.3046565353870392
2016-04-07 14:58:55.816,0.3034507930278778
2016-04-07 17:58:55.816,0.3005136251449585
2016-04-07 20:58:55.816,0.29869863390922546
2016-04-07 23:58:55.816,0.2970149517059326
2016-04-08 02:58:55.816,0.2956470251083374
2016-04-08 05:58:55.816,0.2946530878543854
2016-04-08 08:58:55.816,0.29606893658638
2016-04-08 11:58:55.816,0.3142051100730896
2016-04-08 14:58:55.816,0.31730493903160095
2016-04-08 17:58:55.816,0.3109326958656311
2016-04-08 20:58:55.816,0.3081800043582916
2016-04-08 23:58:55.816,0.30627357959747314
2016-04-09 02:58:55.816,0.3043690323829651
2016-04-09 05:58:55.816,0.30215564370155334
2016-04-09 08:58:55.816,0.3087889552116394
2016-04-09 11:58:55.816,0.32802316546440125
2016-04-09 14:58:55.816,0.32486864924430847
2016-04-09 17:58:55.816,0.31522300839424133
2016-04-09 20:58:55.816,0.3112790286540985
2016-04-09 23:58:55.816,0.309043824672699
2016-04-10 02:58:55.816,0.3073781430721283
2016-04-10 05:58:55.816,0.30559659004211426
2016-04-10 08:58:55.816,0.3072497546672821
2016-04-10 11:58:55.816,0.3291662633419037
2016-04-10 14:58:55.816,0.32560378313064575
2016-04-10 17:58:55.816,0.31629177927970886
2016-04-10 20:58:55.816,0.31344714760780334
2016-04-10 23:58:55.816,0.3109886944293976
2016-04-11 02:58:55.816,0.309396356344223
2016-04-11 05:58:55.816,0.30830419063568115
2016-04-11 08:58:55.816,0.3087773025035858
2016-04-11 11:58:55.816,0.3261159360408783
2016-04-11 14:58:55.816,0.325366348028183
2016-04-11 17:58:55.816,0.31655892729759216
2016-04-11 20:58:55.816,0.31362953782081604
2016-04-11 23:58:55.816,0.3116239309310913
2016-04-12 02:58:55.816,0.31032106280326843
2016-04-12 05:58:55.816,0.3094666302204132
2016-04-12 08:58:55.816,0.30798664689064026
2016-04-12 11:58:55.816,0.31288835406303406
2016-04-12 14:58:55.816,0.3121947944164276
2016-04-12 17:58:55.816,0.3082961142063141
2016-04-12 20:58:55.816,0.30567967891693115
2016-04-12 23:58:55.816,0.3043820858001709
2016-04-13 02:58:55.816,0.30405154824256897
2016-04-13 05:58:55.816,0.30288267135620117
2016-04-13 08:58:55.816,0.30085229873657227
2016-04-13 11:58:55.816,0.29948878288269043
2016-04-13 14:58:55.816,0.2990661561489105
2016-04-13 17:58:55.816,0.29804372787475586
2016-04-13 20:58:55.816,0.2974693477153778
2016-04-13 23:58:55.816,0.2974541485309601
2016-04-14 02:58:55.816,0.2976789176464081
2016-04-14 05:58:55.816,0.2974953353404999
2016-04-14 08:58:55.816,0.2971054017543793
2016-04-14 11:58:55.816,0.29631611704826355
2016-04-14 14:58:55.816,0.2954796254634857
2016-04-14 17:58:55.816,0.2949739992618561
2016-04-14 20:58:55.816,0.2945082187652588
2016-04-14 23:58:55.816,0.29450523853302
2016-04-15 02:58:55.816,0.29463982582092285
2016-04-15 05:58:55.816,0.29467618465423584
2016-04-15 08:58:55.816,0.29436686635017395
2016-04-15 11:58:55.816,0.2942846119403839
2016-04-15 14:58:55.816,0.29434671998023987
2016-04-15 17:58:55.816,0.29477208852767944
2016-04-15 20:58:55.816,0.29512491822242737
2016-04-15 23:58:55.816,0.2958419919013977
2016-04-16 02:58:55.816,0.29546746611595154
2016-04-16 05:58:55.816,0.2949575185775757
2016-04-16 08:58:55.816,0.2948968708515167
2016-04-16 11:58:55.816,0.29495513439178467
2016-04-16 14:58:55.816,0.2956762909889221
2016-04-16 17:58:55.816,0.2963114380836487
2016-04-16 20:58:55.816,0.29640427231788635
2016-04-16 23:58:55.816,0.2960086464881897
2016-04-17 02:58:55.816,0.29628220200538635
2016-04-17 05:58:55.816,0.29661765694618225
2016-04-17 08:58:55.816,0.29698729515075684
2016-04-17 11:58:55.816,0.30742043256759644
2016-04-17 14:58:55.816,0.31417587399482727
2016-04-17 17:58:55.816,0.3089604675769806
2016-04-17 20:58:55.816,0.3069884777069092
2016-04-17 23:58:55.816,0.305798202753067
2016-04-18 02:58:55.816,0.30457648634910583
2016-04-18 05:58:55.816,0.30308476090431213
2016-04-18 08:58:55.816,0.3024575412273407
2016-04-18 11:58:55.816,0.31628403067588806
2016-04-18 14:58:55.816,0.3157484829425812
2016-04-18 17:58:55.816,0.3112991750240326
2016-04-18 20:58:55.816,0.3099593222141266
2016-04-18 23:58:55.816,0.30873680114746094
2016-04-19 02:58:55.816,0.30739685893058777
2016-04-19 05:58:55.816,0.30591776967048645
2016-04-19 08:58:55.816,0.3049905598163605
2016-04-19 11:58:55.816,0.3049160838127136
2016-04-19 14:58:55.816,0.3043040335178375
2016-04-19 17:58:55.816,0.30298104882240295
2016-04-19 20:58:55.816,0.3021405339241028
2016-04-19 23:58:55.816,0.30198633670806885
2016-04-20 02:58:55.816,0.3010295629501343
2016-04-20 05:58:55.816,0.3000830113887787
2016-04-20 08:58:55.816,0.29935064911842346
2016-04-20 11:58:55.816,0.30074015259742737
2016-04-20 14:58:55.816,0.3041858375072479
2016-04-20 17:58:55.816,0.30268028378486633
2016-04-20 20:58:55.816,0.3010158836841583
2016-04-20 23:58:55.816,0.2998609244823456
2016-04-21 02:58:55.816,0.2991359531879425
2016-04-21 05:58:55.816,0.29878881573677063
2016-04-21 08:58:55.816,0.29830724000930786
2016-04-21 11:58:55.816,0.2993663549423218
2016-04-21 14:58:55.816,0.3018167316913605
2016-04-21 17:58:55.816,0.29884955286979675
2016-04-21 20:58:55.816,0.29782262444496155
2016-04-21 23:58:55.816,0.2977222502231598
2016-04-22 02:58:55.816,0.2973956763744354
2016-04-22 05:58:55.816,0.296882688999176
2016-04-22 08:58:55.816,0.29740387201309204
2016-04-22 11:58:55.816,0.3135376274585724
2016-04-22 14:58:55.816,0.3143356442451477
2016-04-22 17:58:55.816,0.30823686718940735
2016-04-22 20:58:55.816,0.3065274655818939
2016-04-22 23:58:55.816,0.3055720031261444
2016-04-23 02:58:55.816,0.3043159246444702
2016-04-23 05:58:55.816,0.30363842844963074
2016-04-23 08:58:55.816,0.30541959404945374
2016-04-23 11:58:55.816,0.31898123025894165
2016-04-23 14:58:55.816,0.31826168298721313
2016-04-23 17:58:55.816,0.3117711842060089
2016-04-23 20:58:55.816,0.3089948892593384
2016-04-23 23:58:55.816,0.30822354555130005
2016-04-24 02:58:55.816,0.3076576590538025
2016-04-24 05:58:55.816,0.30722954869270325
2016-04-24 08:58:55.816,0.30627360939979553
2016-04-24 11:58:55.816,0.30888131260871887
2016-04-24 14:58:55.816,0.3101411461830139
2016-04-24 17:58:55.816,0.3071087598800659
2016-04-24 20:58:55.816,0.3044206202030182
2016-04-24 23:58:55.816,0.3030431568622589
2016-04-25 02:58:55.816,0.30238592624664307
2016-04-25 05:58:55.816,0.3020764887332916
2016-04-25 08:58:55.816,0.30272653698921204
2016-04-25 11:58:55.816,0.3058696985244751
2016-04-25 14:58:55.816,0.30712297558784485
2016-04-25 17:58:55.816,0.3052382469177246
2016-04-25 20:58:55.816,0.30393561720848083
2016-04-25 23:58:55.816,0.30346694588661194
2016-04-26 02:58:55.816,0.30320921540260315
2016-04-26 05:58:55.816,0.30263978242874146
2016-04-26 08:58:55.816,0.30233803391456604
2016-04-26 11:58:55.816,0.3214704096317291
2016-04-26 14:58:55.816,0.3252928555011749
2016-04-26 17:58:55.816,0.3181644678115845
2016-04-26 20:58:55.816,0.3159054219722748
2016-04-26 23:58:55.816,0.31368324160575867
2016-04-27 02:58:55.816,0.3223443031311035
2016-04-27 05:58:55.816,0.3352479040622711
2016-04-27 08:58:55.816,0.3379034101963043
2016-04-27 11:58:55.816,0.34680652618408203
2016-04-27 14:58:55.816,0.34032201766967773
2016-04-27 17:58:55.816,0.33562687039375305
2016-04-27 20:58:55.816,0.3321663439273834
2016-04-27 23:58:55.816,0.32727107405662537
2016-04-28 02:58:55.816,0.3238457441329956
2016-04-28 05:58:55.816,0.3229813277721405
2016-04-28 08:58:55.816,0.3505500555038452
2016-04-28 11:58:55.816,0.3600817918777466
2016-04-28 14:58:55.816,0.35074231028556824
2016-04-28 17:58:55.816,0.3347327709197998
2016-04-28 20:58:55.816,0.3308934271335602
2016-04-28 23:58:55.816,0.3315870761871338
2016-04-29 02:58:55.816,0.32951390743255615
2016-04-29 05:58:55.816,0.3384774625301361
2016-04-29 08:58:55.816,0.35961124300956726
2016-04-29 11:58:55.816,0.3709787428379059
2016-04-29 14:58:55.816,0.3625807464122772
2016-04-29 17:58:55.816,0.3485209047794342
2016-04-29 20:58:55.816,0.34045466780662537
2016-04-29 23:58:55.816,0.3387068510055542
2016-04-30 02:58:55.816,0.3363207280635834
2016-04-30 05:58:55.816,0.3399984836578369
2016-04-30 08:58:55.816,0.3563570976257324
2016-04-30 11:58:55.816,0.3687093257904053
2016-04-30 14:58:55.816,0.36020681262016296
2016-04-30 17:58:55.816,0.34480786323547363
2016-04-30 20:58:55.816,0.3403061628341675
2016-04-30 23:58:55.816,0.33694878220558167
2016-05-01 02:58:55.816,0.3339913785457611
2016-05-01 05:58:55.816,0.33245792984962463
2016-05-01 08:58:55.816,0.3572317361831665
2016-05-01 11:58:55.816,0.37086522579193115
2016-05-01 14:58:55.816,0.36459478735923767
2016-05-01 17:58:55.816,0.3500065803527832
2016-05-01 20:58:55.816,0.34370675683021545
2016-05-01 23:58:55.816,0.3411250114440918
2016-05-02 02:58:55.816,0.3384305238723755
2016-05-02 05:58:55.816,0.3387124836444855
2016-05-02 08:58:55.816,0.3563801050186157
2016-05-02 11:58:55.816,0.35765811800956726
2016-05-02 14:58:55.816,0.35988926887512207
2016-05-02 17:58:55.816,0.3520681858062744
2016-05-02 20:58:55.816,0.34643545746803284
2016-05-02 23:58:55.816,0.3436630070209503
2016-05-03 02:58:55.816,0.3420395851135254
2016-05-03 05:58:55.816,0.34506717324256897
2016-05-03 08:58:55.816,0.3644115626811981
2016-05-03 11:58:55.816,0.37035027146339417
2016-05-03 14:58:55.816,0.3649389445781708
2016-05-03 17:58:55.816,0.35516369342803955
2016-05-03 20:58:55.816,0.34985530376434326
2016-05-03 23:58:55.816,0.347552627325058
2016-05-04 02:58:55.816,0.34562432765960693
2016-05-04 05:58:55.816,0.34885963797569275
2016-05-04 08:58:55.816,0.36648547649383545
2016-05-04 11:58:55.816,0.37161996960639954
2016-05-04 14:58:55.816,0.36573588848114014
2016-05-04 17:58:55.816,0.3553328216075897
2016-05-04 20:58:55.816,0.35022833943367004
2016-05-04 23:58:55.816,0.34847572445869446
2016-05-05 02:58:55.816,0.3476691246032715
2016-05-05 05:58:55.816,0.35044750571250916
2016-05-05 08:58:55.816,0.36207640171051025
2016-05-05 11:58:55.816,0.3632671535015106
2016-05-05 14:58:55.816,0.3574417531490326
2016-05-05 17:58:55.816,0.35424745082855225
2016-05-05 20:58:55.816,0.3514287769794464
2016-05-05 23:58:55.816,0.3496429920196533
2016-05-06 02:58:55.816,0.3475983142852783
2016-05-06 05:58:55.816,0.34994587302207947
2016-05-06 08:58:55.816,0.3545573055744171
2016-05-06 11:58:55.816,0.35804226994514465
2016-05-06 14:58:55.816,0.35484516620635986
2016-05-06 17:58:55.816,0.3516775369644165
2016-05-06 20:58:55.816,0.3500479757785797
2016-05-06 23:58:55.816,0.3478102684020996
2016-05-07 02:58:55.816,0.3456176221370697
2016-05-07 05:58:55.816,0.3453209698200226
2016-05-07 08:58:55.816,0.3452151119709015
2016-05-07 11:58:55.816,0.34347033500671387
2016-05-07 14:58:55.816,0.34212663769721985
2016-05-07 17:58:55.816,0.3447784185409546
2016-05-07 20:58:55.816,0.34436559677124023
2016-05-07 23:58:55.816,0.3439732491970062
2016-05-08 02:58:55.816,0.34328219294548035
2016-05-08 05:58:55.816,0.3424098789691925
2016-05-08 08:58:55.816,0.3417682647705078
2016-05-08 11:58:55.816,0.340801864862442
2016-05-08 14:58:55.816,0.3403550684452057
2016-05-08 17:58:55.816,0.33916589617729187
2016-05-08 20:58:55.816,0.33799824118614197
2016-05-08 23:58:55.816,0.3366325795650482
2016-05-09 02:58:55.816,0.3363359272480011
2016-05-09 05:58:55.816,0.33658096194267273
2016-05-09 08:58:55.816,0.3369596004486084
2016-05-09 11:58:55.816,0.3361707627773285
2016-05-09 14:58:55.816,0.3357503414154053
2016-05-09 17:58:55.816,0.33595073223114014
2016-05-09 20:58:55.816,0.3363538980484009
2016-05-09 23:58:55.816,0.33716920018196106
2016-05-10 02:58:55.816,0.33775758743286133
2016-05-10 05:58:55.816,0.33780935406684875
2016-05-10 08:58:55.816,0.33738866448402405
2016-05-10 11:58:55.816,0.3370499908924103
2016-05-10 14:58:55.816,0.3364952504634857
2016-05-10 17:58:55.816,0.3388449251651764
2016-05-10 20:58:55.816,0.3384782075881958
2016-05-10 23:58:55.816,0.3381953239440918
2016-05-11 02:58:55.816,0.3382361829280853
2016-05-11 05:58:55.816,0.33807173371315
2016-05-11 08:58:55.816,0.33738306164741516
2016-05-11 11:58:55.816,0.3366861343383789
2016-05-11 14:58:55.816,0.3356281816959381
2016-05-11 17:58:55.816,0.33634671568870544
2016-05-11 20:58:55.816,0.33703911304473877
2016-05-11 23:58:55.816,0.3371060788631439
2016-05-12 02:58:55.816,0.3364514410495758
2016-05-12 05:58:55.816,0.3352260887622833
2016-05-12 08:58:55.816,0.33346983790397644
2016-05-12 11:58:55.816,0.33657047152519226
2016-05-12 14:58:55.816,0.33439961075782776
2016-05-12 17:58:55.816,0.33423399925231934
2016-05-12 20:58:55.816,0.33396115899086
2016-05-12 23:58:55.816,0.3341693878173828
2016-05-13 02:58:55.816,0.3340723514556885
2016-05-13 05:58:55.816,0.33438852429389954
2016-05-13 08:58:55.816,0.3334912955760956
2016-05-13 11:58:55.816,0.3331209123134613
2016-05-13 14:58:55.816,0.3255928158760071
2016-05-13 17:58:55.816,0.32660558819770813
2016-05-13 20:58:55.816,0.3274327218532562
2016-05-13 23:58:55.816,0.3273395001888275
2016-05-14 02:58:55.816,0.3279210329055786
2016-05-14 05:58:55.816,0.3287760317325592
2016-05-14 08:58:55.816,0.3298235833644867
2016-05-14 11:58:55.816,0.3306141197681427
2016-05-14 14:58:55.816,0.32955971360206604
2016-05-14 17:58:55.816,0.3309454321861267
2016-05-14 20:58:55.816,0.331983357667923
2016-05-14 23:58:55.816,0.3328149914741516
2016-05-15 02:58:55.816,0.3337351381778717
2016-05-15 05:58:55.816,0.33393487334251404
2016-05-15 08:58:55.816,0.3331737518310547
2016-05-15 11:58:55.816,0.33203747868537903
2016-05-15 14:58:55.816,0.33095526695251465
2016-05-15 17:58:55.816,0.3308942914009094
2016-05-15 20:58:55.816,0.3314090669155121
2016-05-15 23:58:55.816,0.3320479393005371
2016-05-16 02:58:55.816,0.3324665427207947
2016-05-16 05:58:55.816,0.33314329385757446
2016-05-16 08:58:55.816,0.33212849497795105
2016-05-16 11:58:55.816,0.3315295875072479
2016-05-16 14:58:55.816,0.33050498366355896
2016-05-16 17:58:55.816,0.331177681684494
2016-05-16 20:58:55.816,0.3311770558357239
2016-05-16 23:58:55.816,0.330564945936203
2016-05-17 02:58:55.816,0.3305926024913788
2016-05-17 05:58:55.816,0.33044523000717163
2016-05-17 08:58:55.816,0.33664146065711975
2016-05-17 11:58:55.816,0.33702874183654785
2016-05-17 14:58:55.816,0.3339550495147705
2016-05-17 17:58:55.816,0.333530455827713
2016-05-17 20:58:55.816,0.3328433930873871
2016-05-17 23:58:55.816,0.3321669399738312
2016-05-18 02:58:55.816,0.33147135376930237
2016-05-18 05:58:55.816,0.33101385831832886
2016-05-18 08:58:55.816,0.3301994204521179
2016-05-18 11:58:55.816,0.3302791714668274
2016-05-18 14:58:55.816,0.32924744486808777
2016-05-18 17:58:55.816,0.32956573367118835
2016-05-18 20:58:55.816,0.3297361433506012
2016-05-18 23:58:55.816,0.3294955790042877
2016-05-19 02:58:55.816,0.3278866708278656
2016-05-19 05:58:55.816,0.3265525996685028
2016-05-19 08:58:55.816,0.32526370882987976
2016-05-19 11:58:55.816,0.3247336745262146
2016-05-19 14:58:55.816,0.31329718232154846
2016-05-19 17:58:55.816,0.31564274430274963
2016-05-19 20:58:55.816,0.31809136271476746
2016-05-19 23:58:55.816,0.32011857628822327
2016-05-20 02:58:55.816,0.3209620416164398
2016-05-20 05:58:55.816,0.3213283121585846
2016-05-20 08:58:55.816,0.32128769159317017
2016-05-20 11:58:55.816,0.3207267224788666
2016-05-20 14:58:55.816,0.3172723054885864
2016-05-20 17:58:55.816,0.31896981596946716
2016-05-20 20:58:55.816,0.3201948404312134
2016-05-20 23:58:55.816,0.32076629996299744
2016-05-21 02:58:55.816,0.32045289874076843
2016-05-21 05:58:55.816,0.30997785925865173
2016-05-21 08:58:55.816,0.3120281398296356
2016-05-21 11:58:55.816,0.31264203786849976
2016-05-21 14:58:55.816,0.31628337502479553
2016-05-21 17:58:55.816,0.31758078932762146
2016-05-21 20:58:55.816,0.3191560208797455
2016-05-21 23:58:55.816,0.31978365778923035
2016-05-22 02:58:55.816,0.3200165927410126
2016-05-22 05:58:55.816,0.32079842686653137
2016-05-22 08:58:55.816,0.320368230342865
2016-05-22 11:58:55.816,0.3193108141422272
2016-05-22 14:58:55.816,0.3206389844417572
2016-05-22 17:58:55.816,0.3210931122303009
2016-05-22 20:58:55.816,0.3213646411895752
2016-05-22 23:58:55.816,0.3223932385444641
2016-05-23 02:58:55.816,0.3230322301387787
2016-05-23 05:58:55.816,0.32436248660087585
2016-05-23 08:58:55.816,0.32384738326072693
2016-05-23 11:58:55.816,0.32380789518356323
2016-05-23 14:58:55.816,0.31594687700271606
2016-05-23 17:58:55.816,0.31938818097114563
2016-05-23 20:58:55.816,0.32010701298713684
2016-05-23 23:58:55.816,0.32298728823661804
2016-05-24 02:58:55.816,0.3404669761657715
2016-05-24 05:58:55.816,0.3338508605957031
2016-05-24 08:58:55.816,0.33184728026390076
2016-05-24 11:58:55.816,0.32875388860702515
2016-05-24 14:58:55.816,0.32539138197898865
2016-05-24 17:58:55.816,0.32472696900367737
2016-05-24 20:58:55.816,0.32432353496551514
2016-05-24 23:58:55.816,0.32372820377349854
2016-05-25 02:58:55.816,0.3234083354473114
2016-05-25 05:58:55.816,0.3203636109828949
2016-05-25 08:58:55.816,0.3201853930950165
2016-05-25 11:58:55.816,0.3203953504562378
2016-05-25 14:58:55.816,0.3218609392642975
2016-05-25 17:58:55.816,0.32347527146339417
2016-05-25 20:58:55.816,0.3238854706287384
2016-05-25 23:58:55.816,0.32399097084999084
2016-05-26 02:58:55.816,0.3239441514015198
2016-05-26 05:58:55.816,0.3235190212726593
2016-05-26 08:58:55.816,0.3230073153972626
2016-05-26 11:58:55.816,0.32010623812675476
2016-05-26 14:58:55.816,0.31854939460754395
2016-05-26 17:58:55.816,0.31785324215888977
2016-05-26 20:58:55.816,0.31827548146247864
2016-05-26 23:58:55.816,0.3181419372558594
2016-05-27 02:58:55.816,0.31843361258506775
2016-05-27 05:58:55.816,0.32218360900878906
2016-05-27 08:58:55.816,0.3200378119945526
2016-05-27 11:58:55.816,0.31801918148994446
2016-05-27 14:58:55.816,0.32112202048301697
2016-05-27 17:58:55.816,0.31879961490631104
2016-05-27 20:58:55.816,0.3176986277103424
2016-05-27 23:58:55.816,0.3174794614315033
2016-05-28 02:58:55.816,0.3169516623020172
2016-05-28 05:58:55.816,0.31814369559288025
2016-05-28 08:58:55.816,0.31658199429512024
2016-05-28 11:58:55.816,0.31530043482780457
2016-05-28 14:58:55.816,0.32041579484939575
2016-05-28 17:58:55.816,0.3186611533164978
2016-05-28 20:58:55.816,0.3181746304035187
2016-05-28 23:58:55.816,0.31785818934440613
2016-05-29 02:58:55.816,0.31755945086479187
2016-05-29 05:58:55.816,0.3184780180454254
2016-05-29 08:58:55.816,0.3170827329158783
2016-05-29 11:58:55.816,0.31354495882987976
2016-05-29 14:58:55.816,0.3160591125488281
2016-05-29 17:58:55.816,0.313852459192276
2016-05-29 20:58:55.816,0.3131606876850128
2016-05-29 23:58:55.816,0.3130127191543579
2016-05-30 02:58:55.816,0.3127831518650055
2016-05-30 05:58:55.816,0.31524601578712463
2016-05-30 08:58:55.816,0.31397613883018494
2016-05-30 11:58:55.816,0.31265413761138916
2016-05-30 14:58:55.816,0.3165569603443146
2016-05-30 17:58:55.816,0.31567999720573425
2016-05-30 20:58:55.816,0.3162347078323364
2016-05-30 23:58:55.816,0.31702548265457153
2016-05-31 02:58:55.816,0.3172432482242584
2016-05-31 05:58:55.816,0.31700077652931213
2016-05-31 08:58:55.816,0.3139840066432953
2016-05-31 11:58:55.816,0.3106176257133484
2016-05-31 14:58:55.816,0.3105205297470093
2016-05-31 17:58:55.816,0.31069257855415344
2016-05-31 20:58:55.816,0.3110736310482025
2016-05-31 23:58:55.816,0.31131336092948914
2016-06-01 02:58:55.816,0.3119874894618988
2016-06-01 05:58:55.816,0.30802562832832336
2016-06-01 08:58:55.816,0.30826860666275024
2016-06-01 11:58:55.816,0.3075617849826813
2016-06-01 14:58:55.816,0.3067326247692108
2016-06-01 17:58:55.816,0.3072497546672821
2016-06-01 20:58:55.816,0.3074023425579071
2016-06-01 23:58:55.816,0.30763959884643555
2016-06-02 02:58:55.816,0.3078683912754059
2016-06-02 05:58:55.816,0.3018607199192047
2016-06-02 08:58:55.816,0.3004126250743866
2016-06-02 11:58:55.816,0.29859453439712524
2016-06-02 14:58:55.816,0.29695820808410645
2016-06-02 17:58:55.816,0.29769250750541687
2016-06-02 20:58:55.816,0.2986590564250946
2016-06-02 23:58:55.816,0.29930752515792847
2016-06-03 02:58:55.816,0.3001711368560791
2016-06-03 05:58:55.816,0.293588787317276
2016-06-03 08:58:55.816,0.29541340470314026
2016-06-03 11:58:55.816,0.29765936732292175
2016-06-03 14:58:55.816,0.2955850660800934
2016-06-03 17:58:55.816,0.2973550260066986
2016-06-03 20:58:55.816,0.2979297339916229
2016-06-03 23:58:55.816,0.29783833026885986
2016-06-04 02:58:55.816,0.2986277937889099
2016-06-04 05:58:55.816,0.2883053719997406
2016-06-04 08:58:55.816,0.29229894280433655
2016-06-04 11:58:55.816,0.29541683197021484
2016-06-04 14:58:55.816,0.282255619764328
2016-06-04 17:58:55.816,0.2852334678173065
2016-06-04 20:58:55.816,0.28722310066223145
2016-06-04 23:58:55.816,0.2886665463447571
2016-06-05 02:58:55.816,0.2903441786766052
2016-06-05 05:58:55.816,0.2761203348636627
2016-06-05 08:58:55.816,0.27907851338386536
2016-06-05 11:58:55.816,0.28089866042137146
2016-06-05 14:58:55.816,0.2750053405761719
2016-06-05 17:58:55.816,0.27855822443962097
2016-06-05 20:58:55.816,0.2816624343395233
2016-06-05 23:58:55.816,0.2846298813819885
2016-06-06 02:58:55.816,0.28705650568008423
2016-06-06 05:58:55.816,0.2783788740634918
2016-06-06 08:58:55.816,0.2804413437843323
2016-06-06 11:58:55.816,0.2812625467777252
2016-06-06 14:58:55.816,0.2726787030696869
2016-06-06 17:58:55.816,0.2757647633552551
2016-06-06 20:58:55.816,0.2791141867637634
2016-06-06 23:58:55.816,0.2818976640701294
2016-06-07 02:58:55.816,0.2862594723701477
2016-06-07 05:58:55.816,0.27800315618515015
2016-06-07 08:58:55.816,0.28071844577789307
2016-06-07 11:58:55.816,0.2831774353981018
2016-06-07 14:58:55.816,0.2791735827922821
2016-06-07 17:58:55.816,0.2890540659427643
2016-06-07 20:58:55.816,0.29731059074401855
2016-06-07 23:58:55.816,0.3026061952114105
2016-06-08 02:58:55.816,0.31443190574645996
2016-06-08 05:58:55.816,0.3255535960197449
2016-06-08 08:58:55.816,0.34130024909973145
2016-06-08 11:58:55.816,0.33240780234336853
2016-06-08 14:58:55.816,0.3278964161872864
2016-06-08 17:58:55.816,0.32296308875083923
2016-06-08 20:58:55.816,0.3200170695781708
2016-06-08 23:58:55.816,0.3175216019153595
2016-06-09 02:58:55.816,0.3154906630516052
2016-06-09 05:58:55.816,0.31522098183631897
2016-06-09 08:58:55.816,0.3188038766384125
2016-06-09 11:58:55.816,0.3225061297416687
2016-06-09 14:58:55.816,0.32590004801750183
2016-06-09 17:58:55.816,0.3221757113933563
2016-06-09 20:58:55.816,0.31808292865753174
2016-06-09 23:58:55.816,0.3162534534931183
2016-06-10 02:58:55.816,0.31538334488868713
2016-06-10 05:58:55.816,0.3148593008518219
2016-06-10 08:58:55.816,0.31343263387680054
2016-06-10 11:58:55.816,0.3113260567188263
2016-06-10 14:58:55.816,0.308930903673172
2016-06-10 17:58:55.816,0.3076052963733673
2016-06-10 20:58:55.816,0.30718469619750977
2016-06-10 23:58:55.816,0.3068312108516693
2016-06-11 02:58:55.816,0.30570974946022034
2016-06-11 05:58:55.816,0.30388620495796204
2016-06-11 08:58:55.816,0.3014317452907562
2016-06-11 11:58:55.816,0.29819050431251526
2016-06-11 14:58:55.816,0.29735806584358215
2016-06-11 17:58:55.816,0.29779279232025146
2016-06-11 20:58:55.816,0.29818764328956604
2016-06-11 23:58:55.816,0.2985909879207611
2016-06-12 02:58:55.816,0.29910704493522644
2016-06-12 05:58:55.816,0.3000657260417938
2016-06-12 08:58:55.816,0.2989492416381836
2016-06-12 11:58:55.816,0.298801988363266
2016-06-12 14:58:55.816,0.2992221713066101
2016-06-12 17:58:55.816,0.2989668548107147
2016-06-12 20:58:55.816,0.29949235916137695
2016-06-12 23:58:55.816,0.3009824752807617
2016-06-13 02:58:55.816,0.30305710434913635
2016-06-13 05:58:55.816,0.298728346824646
2016-06-13 08:58:55.816,0.29824644327163696
2016-06-13 11:58:55.816,0.2970452308654785
2016-06-13 14:58:55.816,0.2968800365924835
2016-06-13 17:58:55.816,0.2974754273891449
2016-06-13 20:58:55.816,0.3066568970680237
2016-06-13 23:58:55.816,0.31074193120002747
2016-06-14 02:58:55.816,0.31761619448661804
2016-06-14 05:58:55.816,0.3176126778125763
2016-06-14 08:58:55.816,0.32034212350845337
2016-06-14 11:58:55.816,0.32187315821647644
2016-06-14 14:58:55.816,0.32217127084732056
2016-06-14 17:58:55.816,0.32417118549346924
2016-06-14 20:58:55.816,0.3230045735836029
2016-06-14 23:58:55.816,0.31874462962150574
2016-06-15 02:58:55.816,0.3161611258983612
2016-06-15 05:58:55.816,0.3123883008956909
2016-06-15 08:58:55.816,0.31057626008987427
2016-06-15 11:58:55.816,0.31087490916252136
2016-06-15 14:58:55.816,0.3078590929508209
2016-06-15 17:58:55.816,0.3066596984863281
2016-06-15 20:58:55.816,0.3069688081741333
2016-06-15 23:58:55.816,0.307152658700943
2016-06-16 02:58:55.816,0.3253832757472992
2016-06-16 05:58:55.816,0.31732019782066345
2016-06-16 08:58:55.816,0.31396785378456116
2016-06-16 11:58:55.816,0.3112884759902954
2016-06-16 14:58:55.816,0.31227412819862366
2016-06-16 17:58:55.816,0.311601847410202
2016-06-16 20:58:55.816,0.31075552105903625
2016-06-16 23:58:55.816,0.31058189272880554
2016-06-17 02:58:55.816,0.31075406074523926
2016-06-17 05:58:55.816,0.3142359256744385
2016-06-17 08:58:55.816,0.33622777462005615
2016-06-17 11:58:55.816,0.33441126346588135
2016-06-17 14:58:55.816,0.331692636013031
2016-06-17 17:58:55.816,0.32685863971710205
2016-06-17 20:58:55.816,0.3250274360179901
2016-06-17 23:58:55.816,0.32807663083076477
2016-06-18 02:58:55.816,0.33344483375549316
2016-06-18 05:58:55.816,0.335160493850708
2016-06-18 08:58:55.816,0.3258019983768463
2016-06-18 11:58:55.816,0.32135096192359924
2016-06-18 14:58:55.816,0.3218126893043518
2016-06-18 17:58:55.816,0.31908169388771057
2016-06-18 20:58:55.816,0.31869158148765564
2016-06-18 23:58:55.816,0.32521891593933105
2016-06-19 02:58:55.816,0.34209147095680237
2016-06-19 05:58:55.816,0.3362714946269989
2016-06-19 08:58:55.816,0.32662007212638855
2016-06-19 11:58:55.816,0.32294660806655884
2016-06-19 14:58:55.816,0.32238706946372986
2016-06-19 17:58:55.816,0.31901779770851135
2016-06-19 20:58:55.816,0.31810396909713745
2016-06-19 23:58:55.816,0.3194902241230011
2016-06-20 02:58:55.816,0.32833680510520935
2016-06-20 05:58:55.816,0.334218293428421
2016-06-20 08:58:55.816,0.32609421014785767
2016-06-20 11:58:55.816,0.3274444043636322
2016-06-20 14:58:55.816,0.33526694774627686
2016-06-20 17:58:55.816,0.3259066343307495
2016-06-20 20:58:55.816,0.3234313428401947
2016-06-20 23:58:55.816,0.32185661792755127
2016-06-21 02:58:55.816,0.3208393156528473
2016-06-21 05:58:55.816,0.31937316060066223
2016-06-21 08:58:55.816,0.31966060400009155
2016-06-21 11:58:55.816,0.32241901755332947
2016-06-21 14:58:55.816,0.3323151469230652
2016-06-21 17:58:55.816,0.32651975750923157
2016-06-21 20:58:55.816,0.323477178812027
2016-06-21 23:58:55.816,0.32192155718803406
2016-06-22 02:58:55.816,0.3204347491264343
2016-06-22 05:58:55.816,0.32041171193122864
2016-06-22 08:58:55.816,0.31653138995170593
2016-06-22 11:58:55.816,0.3128252923488617
2016-06-22 14:58:55.816,0.3168782889842987
2016-06-22 17:58:55.816,0.3126135766506195
2016-06-22 20:58:55.816,0.3107946813106537
2016-06-22 23:58:55.816,0.310619592666626
2016-06-23 02:58:55.816,0.3104976415634155
2016-06-23 05:58:55.816,0.3130359947681427
2016-06-23 08:58:55.816,0.30998483300209045
2016-06-23 11:58:55.816,0.30710622668266296
2016-06-23 14:58:55.816,0.3099280297756195
2016-06-23 17:58:55.816,0.3085760772228241
2016-06-23 20:58:55.816,0.3081883192062378
2016-06-23 23:58:55.816,0.30813145637512207
2016-06-24 02:58:55.816,0.30775660276412964
2016-06-24 05:58:55.816,0.3185589909553528
2016-06-24 08:58:55.816,0.3276883363723755
2016-06-24 11:58:55.816,0.3214995265007019
2016-06-24 14:58:55.816,0.32085439562797546
2016-06-24 17:58:55.816,0.3176010251045227
2016-06-24 20:58:55.816,0.3151610791683197
2016-06-24 23:58:55.816,0.31298837065696716
2016-06-25 02:58:55.816,0.3108762204647064
2016-06-25 05:58:55.816,0.31204113364219666
2016-06-25 08:58:55.816,0.3064201772212982
2016-06-25 11:58:55.816,0.30255722999572754
2016-06-25 14:58:55.816,0.31156083941459656
2016-06-25 17:58:55.816,0.30746594071388245
2016-06-25 20:58:55.816,0.307056725025177
2016-06-25 23:58:55.816,0.306912362575531
2016-06-26 02:58:55.816,0.30638039112091064
2016-06-26 05:58:55.816,0.3097740709781647
2016-06-26 08:58:55.816,0.3049476742744446
2016-06-26 11:58:55.816,0.29916492104530334
2016-06-26 14:58:55.816,0.30549612641334534
2016-06-26 17:58:55.816,0.30257663130760193
2016-06-26 20:58:55.816,0.30258914828300476
2016-06-26 23:58:55.816,0.30287131667137146
2016-06-27 02:58:55.816,0.30308228731155396
2016-06-27 05:58:55.816,0.3058456480503082
2016-06-27 08:58:55.816,0.30428048968315125
2016-06-27 11:58:55.816,0.3020157814025879
2016-06-27 14:58:55.816,0.30611106753349304
2016-06-27 17:58:55.816,0.3050067722797394
2016-06-27 20:58:55.816,0.30505654215812683
2016-06-27 23:58:55.816,0.3054613769054413
2016-06-28 02:58:55.816,0.3134725093841553
2016-06-28 05:58:55.816,0.3233661353588104
2016-06-28 08:58:55.816,0.32294514775276184
2016-06-28 11:58:55.816,0.3208615779876709
2016-06-28 14:58:55.816,0.3171294033527374
2016-06-28 17:58:55.816,0.3143150806427002
2016-06-28 20:58:55.816,0.31320786476135254
2016-06-28 23:58:55.816,0.31198200583457947
2016-06-29 02:58:55.816,0.31031984090805054
2016-06-29 05:58:55.816,0.30467644333839417
2016-06-29 08:58:55.816,0.30289313197135925
2016-06-29 11:58:55.816,0.30072706937789917
2016-06-29 14:58:55.816,0.3011772036552429
2016-06-29 17:58:55.816,0.30011364817619324
2016-06-29 20:58:55.816,0.3009437024593353
2016-06-29 23:58:55.816,0.3019939661026001
2016-06-30 02:58:55.816,0.3023943305015564
2016-06-30 05:58:55.816,0.29950791597366333
2016-06-30 08:58:55.816,0.29729220271110535
2016-06-30 11:58:55.816,0.2952665388584137
2016-06-30 14:58:55.816,0.2976517975330353
2016-06-30 17:58:55.816,0.29595595598220825
2016-06-30 20:58:55.816,0.2966417372226715
2016-06-30 23:58:55.816,0.2978755235671997
2016-07-01 02:58:55.816,0.2988084852695465
2016-07-01 05:58:55.816,0.3148558437824249
2016-07-01 08:58:55.816,0.31151726841926575
2016-07-01 11:58:55.816,0.31050023436546326
2016-07-01 14:58:55.816,0.30755093693733215
2016-07-01 17:58:55.816,0.30722811818122864
2016-07-01 20:58:55.816,0.3090223968029022
2016-07-01 23:58:55.816,0.30807870626449585
2016-07-02 02:58:55.816,0.30784764885902405
2016-07-02 05:58:55.816,0.3177923560142517
2016-07-02 08:58:55.816,0.3161109387874603
2016-07-02 11:58:55.816,0.31237807869911194
2016-07-02 14:58:55.816,0.31051698327064514
2016-07-02 17:58:55.816,0.31225454807281494
2016-07-02 20:58:55.816,0.3307111859321594
2016-07-02 23:58:55.816,0.32468071579933167
2016-07-03 02:58:55.816,0.3216307461261749
2016-07-03 05:58:55.816,0.31833791732788086
2016-07-03 08:58:55.816,0.31753480434417725
2016-07-03 11:58:55.816,0.33680489659309387
2016-07-03 14:58:55.816,0.32026511430740356
2016-07-03 17:58:55.816,0.3156644105911255
2016-07-03 20:58:55.816,0.3129883110523224
2016-07-03 23:58:55.816,0.3104538023471832
2016-07-04 02:58:55.816,0.3086279332637787
2016-07-04 05:58:55.816,0.3063352406024933
2016-07-04 08:58:55.816,0.30430445075035095
2016-07-04 11:58:55.816,0.30187928676605225
2016-07-04 14:58:55.816,0.3006262481212616
2016-07-04 17:58:55.816,0.2981990873813629
2016-07-04 20:58:55.816,0.2983303666114807
2016-07-04 23:58:55.816,0.3055587708950043
2016-07-05 02:58:55.816,0.3206920027732849
2016-07-05 05:58:55.816,0.3348342180252075
2016-07-05 08:58:55.816,0.344522088766098
2016-07-05 11:58:55.816,0.32613182067871094
2016-07-05 14:58:55.816,0.3240986764431
2016-07-05 17:58:55.816,0.3720420300960541
2016-07-05 20:58:55.816,0.3391158878803253
2016-07-05 23:58:55.816,0.32822173833847046
2016-07-06 02:58:55.816,0.32564011216163635
2016-07-06 05:58:55.816,0.32572194933891296
2016-07-06 08:58:55.816,0.32738110423088074
2016-07-06 11:58:55.816,0.32233926653862
2016-07-06 14:58:55.816,0.3245823085308075
2016-07-06 17:58:55.816,0.3256009519100189
2016-07-06 20:58:55.816,0.3265712261199951
2016-07-06 23:58:55.816,0.3271389305591583
2016-07-07 02:58:55.816,0.3276420533657074
2016-07-07 05:58:55.816,0.34506961703300476
2016-07-07 08:58:55.816,0.3315942585468292
2016-07-07 11:58:55.816,0.3260279595851898
2016-07-07 14:58:55.816,0.32615959644317627
2016-07-07 17:58:55.816,0.3206116855144501
2016-07-07 20:58:55.816,0.31894707679748535
2016-07-07 23:58:55.816,0.31837019324302673
2016-07-08 02:58:55.816,0.31678882241249084
2016-07-08 05:58:55.816,0.3178812861442566
2016-07-08 08:58:55.816,0.3143168091773987
2016-07-08 11:58:55.816,0.3116448223590851
2016-07-08 14:58:55.816,0.3159972131252289
2016-07-08 17:58:55.816,0.3144584596157074
2016-07-08 20:58:55.816,0.3132927119731903
2016-07-08 23:58:55.816,0.31411102414131165
2016-07-09 02:58:55.816,0.3132465183734894
2016-07-09 05:58:55.816,0.3171451985836029
2016-07-09 08:58:55.816,0.31466060876846313
2016-07-09 11:58:55.816,0.3139471709728241
2016-07-09 14:58:55.816,0.32307305932044983
2016-07-09 17:58:55.816,0.32035401463508606
2016-07-09 20:58:55.816,0.31844380497932434
2016-07-09 23:58:55.816,0.31719738245010376
2016-07-10 02:58:55.816,0.3169771730899811
2016-07-10 05:58:55.816,0.318238765001297
2016-07-10 08:58:55.816,0.31829798221588135
2016-07-10 11:58:55.816,0.3159996569156647
2016-07-10 14:58:55.816,0.31588810682296753
2016-07-10 17:58:55.816,0.3130776584148407
2016-07-10 20:58:55.816,0.31184670329093933
2016-07-10 23:58:55.816,0.31024226546287537
2016-07-11 02:58:55.816,0.30917343497276306
2016-07-11 05:58:55.816,0.31044241786003113
2016-07-11 08:58:55.816,0.306578665971756
2016-07-11 11:58:55.816,0.30357271432876587
2016-07-11 14:58:55.816,0.3048272132873535
2016-07-11 17:58:55.816,0.30463308095932007
2016-07-11 20:58:55.816,0.30552688241004944
2016-07-11 23:58:55.816,0.3055809438228607
2016-07-12 02:58:55.816,0.3054644763469696
2016-07-12 05:58:55.816,0.3068908452987671
2016-07-12 08:58:55.816,0.30068179965019226
2016-07-12 11:58:55.816,0.2962282598018646
2016-07-12 14:58:55.816,0.3025175631046295
2016-07-12 17:58:55.816,0.3003948926925659
2016-07-12 20:58:55.816,0.3005613386631012
2016-07-12 23:58:55.816,0.3016241192817688
2016-07-13 02:58:55.816,0.30177754163742065
2016-07-13 05:58:55.816,0.30894550681114197
2016-07-13 08:58:55.816,0.3051181733608246
2016-07-13 11:58:55.816,0.302489310503006
2016-07-13 14:58:55.816,0.3044361174106598
2016-07-13 17:58:55.816,0.3043047785758972
2016-07-13 20:58:55.816,0.3052826225757599
2016-07-13 23:58:55.816,0.3062609136104584
2016-07-14 02:58:55.816,0.30625006556510925
2016-07-14 05:58:55.816,0.30620095133781433
2016-07-14 08:58:55.816,0.30357882380485535
2016-07-14 11:58:55.816,0.30066588521003723
2016-07-14 14:58:55.816,0.30151137709617615
2016-07-14 17:58:55.816,0.30102840065956116
2016-07-14 20:58:55.816,0.301064133644104
2016-07-14 23:58:55.816,0.30114269256591797
2016-07-15 02:58:55.816,0.30147263407707214
2016-07-15 05:58:55.816,0.3007951080799103
2016-07-15 08:58:55.816,0.2978549897670746
2016-07-15 11:58:55.816,0.2947443127632141
2016-07-15 14:58:55.816,0.2958166301250458
2016-07-15 17:58:55.816,0.2947234809398651
2016-07-15 20:58:55.816,0.29532214999198914
2016-07-15 23:58:55.816,0.2963182330131531
2016-07-16 02:58:55.816,0.2973255217075348
2016-07-16 05:58:55.816,0.30992552638053894
2016-07-16 08:58:55.816,0.3395189940929413
2016-07-16 11:58:55.816,0.3367888927459717
2016-07-16 14:58:55.816,0.33826830983161926
2016-07-16 17:58:55.816,0.34047725796699524
2016-07-16 20:58:55.816,0.3308977484703064
2016-07-16 23:58:55.816,0.3252487778663635
2016-07-17 02:58:55.816,0.32287803292274475
2016-07-17 05:58:55.816,0.3207595646381378
2016-07-17 08:58:55.816,0.31660741567611694
2016-07-17 11:58:55.816,0.3146619498729706
2016-07-17 14:58:55.816,0.3156353235244751
2016-07-17 17:58:55.816,0.3166823089122772
2016-07-17 20:58:55.816,0.3158082067966461
2016-07-17 23:58:55.816,0.3134323060512543
2016-07-18 02:58:55.816,0.3116511404514313
2016-07-18 05:58:55.816,0.31162944436073303
2016-07-18 08:58:55.816,0.30908122658729553
2016-07-18 11:58:55.816,0.307698518037796
2016-07-18 14:58:55.816,0.3085772693157196
2016-07-18 17:58:55.816,0.3069905936717987
2016-07-18 20:58:55.816,0.3068193793296814
2016-07-18 23:58:55.816,0.3070720136165619
2016-07-19 02:58:55.816,0.30627909302711487
2016-07-19 05:58:55.816,0.30513250827789307
2016-07-19 08:58:55.816,0.3017098009586334
2016-07-19 11:58:55.816,0.29828396439552307
2016-07-19 14:58:55.816,0.3006214201450348
2016-07-19 17:58:55.816,0.2998833656311035
2016-07-19 20:58:55.816,0.30032336711883545
2016-07-19 23:58:55.816,0.30103790760040283
2016-07-20 02:58:55.816,0.3014775514602661
2016-07-20 05:58:55.816,0.30212244391441345
2016-07-20 08:58:55.816,0.2985576391220093
2016-07-20 11:58:55.816,0.2945646345615387
2016-07-20 14:58:55.816,0.29408693313598633
2016-07-20 17:58:55.816,0.2918160557746887
2016-07-20 20:58:55.816,0.2923089563846588
2016-07-20 23:58:55.816,0.29350337386131287
2016-07-21 02:58:55.816,0.293536514043808
2016-07-21 05:58:55.816,0.29719898104667664
2016-07-21 08:58:55.816,0.2941456139087677
2016-07-21 11:58:55.816,0.2904472351074219
2016-07-21 14:58:55.816,0.29765045642852783
2016-07-21 17:58:55.816,0.2943374216556549
2016-07-21 20:58:55.816,0.293200820684433
2016-07-21 23:58:55.816,0.29301688075065613
2016-07-22 02:58:55.816,0.29419785737991333
2016-07-22 05:58:55.816,0.29898878931999207
2016-07-22 08:58:55.816,0.29470524191856384
2016-07-22 11:58:55.816,0.2898131310939789
2016-07-22 14:58:55.816,0.2917543947696686
2016-07-22 17:58:55.816,0.2908128798007965
2016-07-22 20:58:55.816,0.2917709946632385
2016-07-22 23:58:55.816,0.292172372341156
2016-07-23 02:58:55.816,0.2928521931171417
2016-07-23 05:58:55.816,0.2957565486431122
2016-07-23 08:58:55.816,0.2908857762813568
2016-07-23 11:58:55.816,0.28576159477233887
2016-07-23 14:58:55.816,0.2872251272201538
2016-07-23 17:58:55.816,0.2859584093093872
2016-07-23 20:58:55.816,0.2874744236469269
2016-07-23 23:58:55.816,0.28941455483436584
2016-07-24 02:58:55.816,0.2907211482524872
2016-07-24 05:58:55.816,0.2894899845123291
2016-07-24 08:58:55.816,0.28615716099739075
2016-07-24 11:58:55.816,0.2815157473087311
2016-07-24 14:58:55.816,0.28779757022857666
2016-07-24 17:58:55.816,0.28781870007514954
2016-07-24 20:58:55.816,0.28819739818573
2016-07-24 23:58:55.816,0.28821828961372375
2016-07-25 02:58:55.816,0.2887178957462311
2016-07-25 05:58:55.816,0.2876482307910919
2016-07-25 08:58:55.816,0.29087433218955994
2016-07-25 11:58:55.816,0.2950536906719208
2016-07-25 14:58:55.816,0.29684653878211975
2016-07-25 17:58:55.816,0.30375292897224426
2016-07-25 20:58:55.816,0.3045932352542877
2016-07-25 23:58:55.816,0.30426380038261414
2016-07-26 02:58:55.816,0.3046262860298157
2016-07-26 05:58:55.816,0.3052978515625
2016-07-26 08:58:55.816,0.3038385212421417
2016-07-26 11:58:55.816,0.30461373925209045
2016-07-26 14:58:55.816,0.3111141324043274
2016-07-26 17:58:55.816,0.3139406442642212
2016-07-26 20:58:55.816,0.3107900619506836
2016-07-26 23:58:55.816,0.3090701997280121
2016-07-27 02:58:55.816,0.30889639258384705
2016-07-27 05:58:55.816,0.3086874783039093
2016-07-27 08:58:55.816,0.30523577332496643
2016-07-27 11:58:55.816,0.3125167787075043
2016-07-27 14:58:55.816,0.3148607313632965
2016-07-27 17:58:55.816,0.3130607306957245
2016-07-27 20:58:55.816,0.31320181488990784
2016-07-27 23:58:55.816,0.31087201833724976
2016-07-28 02:58:55.816,0.3087494373321533
2016-07-28 05:58:55.816,0.31061628460884094
2016-07-28 08:58:55.816,0.3158789575099945
2016-07-28 11:58:55.816,0.32056015729904175
2016-07-28 14:58:55.816,0.32414981722831726
2016-07-28 17:58:55.816,0.31851279735565186
2016-07-28 20:58:55.816,0.31591787934303284
2016-07-28 23:58:55.816,0.3143593370914459
2016-07-29 02:58:55.816,0.31244224309921265
2016-07-29 05:58:55.816,0.3112553656101227
2016-07-29 08:58:55.816,0.3136650025844574
2016-07-29 11:58:55.816,0.3125990331172943
2016-07-29 14:58:55.816,0.31299445033073425
2016-07-29 17:58:55.816,0.31199026107788086
2016-07-29 20:58:55.816,0.311963826417923
2016-07-29 23:58:55.816,0.30941882729530334
2016-07-30 02:58:55.816,0.30753806233406067
2016-07-30 05:58:55.816,0.3071329891681671
2016-07-30 08:58:55.816,0.3075205087661743
2016-07-30 11:58:55.816,0.3058008849620819
2016-07-30 14:58:55.816,0.30888620018959045
2016-07-30 17:58:55.816,0.30792030692100525
2016-07-30 20:58:55.816,0.30759134888648987
2016-07-30 23:58:55.816,0.32111504673957825
2016-07-31 02:58:55.816,0.3263305723667145
2016-07-31 05:58:55.816,0.3205762803554535
2016-07-31 08:58:55.816,0.31971970200538635
2016-07-31 11:58:55.816,0.3187171220779419
2016-07-31 14:58:55.816,0.31744733452796936
2016-07-31 17:58:55.816,0.32466059923171997
2016-07-31 20:58:55.816,0.3208111822605133
2016-07-31 23:58:55.816,0.31983187794685364
2016-08-01 02:58:55.816,0.3327029347419739
2016-08-01 05:58:55.816,0.3304891884326935
2016-08-01 08:58:55.816,0.32421356439590454
2016-08-01 11:58:55.816,0.31962713599205017
2016-08-01 14:58:55.816,0.31702616810798645
2016-08-01 17:58:55.816,0.3183915913105011
2016-08-01 20:58:55.816,0.3430658280849457
2016-08-01 23:58:55.816,0.32805484533309937
2016-08-02 02:58:55.816,0.32222768664360046
2016-08-02 05:58:55.816,0.3205009996891022
2016-08-02 08:58:55.816,0.31845465302467346
2016-08-02 11:58:55.816,0.3286699950695038
2016-08-02 14:58:55.816,0.3333246409893036
2016-08-02 17:58:55.816,0.3267475962638855
2016-08-02 20:58:55.816,0.32723668217658997
2016-08-02 23:58:55.816,0.3267238736152649
2016-08-03 02:58:55.816,0.32805272936820984
2016-08-03 05:58:55.816,0.3256165087223053
2016-08-03 08:58:55.816,0.3258844316005707
2016-08-03 11:58:55.816,0.32509636878967285
2016-08-03 14:58:55.816,0.32646939158439636
2016-08-03 17:58:55.816,0.32684582471847534
2016-08-03 20:58:55.816,0.3281729221343994
2016-08-03 23:58:55.816,0.3260040581226349
2016-08-04 02:58:55.816,0.3241657614707947
2016-08-04 05:58:55.816,0.3228071630001068
2016-08-04 08:58:55.816,0.31928399205207825
2016-08-04 11:58:55.816,0.31568190455436707
2016-08-04 14:58:55.816,0.31910833716392517
2016-08-04 17:58:55.816,0.3170882761478424
2016-08-04 20:58:55.816,0.317406564950943
2016-08-04 23:58:55.816,0.3172617256641388
2016-08-05 02:58:55.816,0.3164922893047333
2016-08-05 05:58:55.816,0.3166336715221405
2016-08-05 08:58:55.816,0.3129827082157135
2016-08-05 11:58:55.816,0.30940988659858704
2016-08-05 14:58:55.816,0.3122139573097229
2016-08-05 17:58:55.816,0.3093591630458832
2016-08-05 20:58:55.816,0.30888649821281433
2016-08-05 23:58:55.816,0.3086945712566376
2016-08-06 02:58:55.816,0.30852898955345154
2016-08-06 05:58:55.816,0.3089781701564789
2016-08-06 08:58:55.816,0.3069376051425934
2016-08-06 11:58:55.816,0.3103601634502411
2016-08-06 14:58:55.816,0.31964853405952454
2016-08-06 17:58:55.816,0.3267839252948761
2016-08-06 20:58:55.816,0.3310641348361969
2016-08-06 23:58:55.816,0.3307335078716278
2016-08-07 02:58:55.816,0.32416388392448425
2016-08-07 05:58:55.816,0.3221408426761627
2016-08-07 08:58:55.816,0.3196723461151123
2016-08-07 11:58:55.816,0.3155207335948944
2016-08-07 14:58:55.816,0.31804874539375305
2016-08-07 17:58:55.816,0.3158625364303589
2016-08-07 20:58:55.816,0.3141031563282013
2016-08-07 23:58:55.816,0.3132317364215851
2016-08-08 02:58:55.816,0.31264016032218933
2016-08-08 05:58:55.816,0.31397512555122375
2016-08-08 08:58:55.816,0.3204628527164459
2016-08-08 11:58:55.816,0.32591623067855835
2016-08-08 14:58:55.816,0.33292385935783386
2016-08-08 17:58:55.816,0.331776887178421
2016-08-08 20:58:55.816,0.3256266713142395
2016-08-08 23:58:55.816,0.3230589032173157
2016-08-09 02:58:55.816,0.3223819136619568
2016-08-09 05:58:55.816,0.3225855529308319
2016-08-09 08:58:55.816,0.3204146921634674
2016-08-09 11:58:55.816,0.3208070695400238
2016-08-09 14:58:55.816,0.3292487561702728
2016-08-09 17:58:55.816,0.32469114661216736
2016-08-09 20:58:55.816,0.32539689540863037
2016-08-09 23:58:55.816,0.32299405336380005
2016-08-10 02:58:55.816,0.32038357853889465
2016-08-10 05:58:55.816,0.31989729404449463
2016-08-10 08:58:55.816,0.31451037526130676
2016-08-10 11:58:55.816,0.31050553917884827
2016-08-10 14:58:55.816,0.31068241596221924
2016-08-10 17:58:55.816,0.30872637033462524
2016-08-10 20:58:55.816,0.3103654384613037
2016-08-10 23:58:55.816,0.3233441114425659
2016-08-11 02:58:55.816,0.3229893445968628
2016-08-11 05:58:55.816,0.3258901536464691
2016-08-11 08:58:55.816,0.3253273367881775
2016-08-11 11:58:55.816,0.325896680355072
2016-08-11 14:58:55.816,0.3296253979206085
2016-08-11 17:58:55.816,0.3264966607093811
2016-08-11 20:58:55.816,0.32312431931495667
2016-08-11 23:58:55.816,0.32142361998558044
2016-08-12 02:58:55.816,0.3194785416126251
2016-08-12 05:58:55.816,0.31850311160087585
2016-08-12 08:58:55.816,0.3338552713394165
2016-08-12 11:58:55.816,0.3428090810775757
2016-08-12 14:58:55.816,0.3375813961029053
2016-08-12 17:58:55.816,0.3321180045604706
2016-08-12 20:58:55.816,0.33126741647720337
2016-08-12 23:58:55.816,0.33178767561912537
2016-08-13 02:58:55.816,0.3280074894428253
2016-08-13 05:58:55.816,0.3274373710155487
2016-08-13 08:58:55.816,0.3239409625530243
2016-08-13 11:58:55.816,0.3211475908756256
2016-08-13 14:58:55.816,0.3230229914188385
2016-08-13 17:58:55.816,0.32060304284095764
2016-08-13 20:58:55.816,0.31922590732574463
2016-08-13 23:58:55.816,0.31869858503341675
2016-08-14 02:58:55.816,0.31777554750442505
2016-08-14 05:58:55.816,0.3201189935207367
2016-08-14 08:58:55.816,0.3156447112560272
2016-08-14 11:58:55.816,0.31273290514945984
2016-08-14 14:58:55.816,0.3160931169986725
2016-08-14 17:58:55.816,0.3140845000743866
2016-08-14 20:58:55.816,0.3142421543598175
2016-08-14 23:58:55.816,0.31408369541168213
2016-08-15 02:58:55.816,0.3134608268737793
2016-08-15 05:58:55.816,0.3138607144355774
2016-08-15 08:58:55.816,0.3120037615299225
2016-08-15 11:58:55.816,0.3094251751899719
2016-08-15 14:58:55.816,0.3114062249660492
2016-08-15 17:58:55.816,0.31019362807273865
2016-08-15 20:58:55.816,0.3101779520511627
2016-08-15 23:58:55.816,0.30962440371513367
2016-08-16 02:58:55.816,0.30903059244155884
2016-08-16 05:58:55.816,0.31085148453712463
2016-08-16 08:58:55.816,0.3090735971927643
2016-08-16 11:58:55.816,0.307100385427475
2016-08-16 14:58:55.816,0.3131355941295624
2016-08-16 17:58:55.816,0.3092319965362549
2016-08-16 20:58:55.816,0.309057354927063
2016-08-16 23:58:55.816,0.3080781400203705
2016-08-17 02:58:55.816,0.30618610978126526
2016-08-17 05:58:55.816,0.30545368790626526
2016-08-17 08:58:55.816,0.3035985827445984
2016-08-17 11:58:55.816,0.30085691809654236
2016-08-17 14:58:55.816,0.30153173208236694
2016-08-17 17:58:55.816,0.3007110357284546
2016-08-17 20:58:55.816,0.30049648880958557
2016-08-17 23:58:55.816,0.3004063665866852
2016-08-18 02:58:55.816,0.30052003264427185
2016-08-18 05:58:55.816,0.3017752170562744
2016-08-18 08:58:55.816,0.3008662760257721
2016-08-18 11:58:55.816,0.30042943358421326
2016-08-18 14:58:55.816,0.3024914860725403
2016-08-18 17:58:55.816,0.3029707670211792
2016-08-18 20:58:55.816,0.30324915051460266
2016-08-18 23:58:55.816,0.3034173846244812
2016-08-19 02:58:55.816,0.3038991391658783
2016-08-19 05:58:55.816,0.30587461590766907
2016-08-19 08:58:55.816,0.30485230684280396
2016-08-19 11:58:55.816,0.30325621366500854
2016-08-19 14:58:55.816,0.3057226538658142
2016-08-19 17:58:55.816,0.307444304227829
2016-08-19 20:58:55.816,0.3104623854160309
2016-08-19 23:58:55.816,0.3132351338863373
2016-08-20 02:58:55.816,0.312662273645401
2016-08-20 05:58:55.816,0.31004980206489563
2016-08-20 08:58:55.816,0.30905207991600037
2016-08-20 11:58:55.816,0.30816537141799927
2016-08-20 14:58:55.816,0.31099647283554077
2016-08-20 17:58:55.816,0.31418296694755554
2016-08-20 20:58:55.816,0.3173365294933319
2016-08-20 23:58:55.816,0.3164869248867035
2016-08-21 02:58:55.816,0.31579485535621643
2016-08-21 05:58:55.816,0.3149777352809906
2016-08-21 08:58:55.816,0.31429794430732727
2016-08-21 11:58:55.816,0.31323328614234924
2016-08-21 14:58:55.816,0.31515565514564514
2016-08-21 17:58:55.816,0.3141639232635498
2016-08-21 20:58:55.816,0.3129502236843109
2016-08-21 23:58:55.816,0.31190839409828186
2016-08-22 02:58:55.816,0.3108334243297577
2016-08-22 05:58:55.816,0.3099372684955597
2016-08-22 08:58:55.816,0.31213808059692383
2016-08-22 11:58:55.816,0.3106466829776764
2016-08-22 14:58:55.816,0.31073763966560364
2016-08-22 17:58:55.816,0.3098471462726593
2016-08-22 20:58:55.816,0.3114187717437744
2016-08-22 23:58:55.816,0.3419022858142853
2016-08-23 02:58:55.816,0.3483298122882843
2016-08-23 05:58:55.816,0.33913350105285645
2016-08-23 08:58:55.816,0.3349800407886505
2016-08-23 11:58:55.816,0.33198782801628113
2016-08-23 14:58:55.816,0.32877418398857117
2016-08-23 17:58:55.816,0.32471171021461487
2016-08-23 20:58:55.816,0.32198289036750793
2016-08-23 23:58:55.816,0.32052233815193176
2016-08-24 02:58:55.816,0.31976184248924255
2016-08-24 05:58:55.816,0.3229183852672577
2016-08-24 08:58:55.816,0.3178972005844116
2016-08-24 11:58:55.816,0.31324291229248047
2016-08-24 14:58:55.816,0.3162534236907959
2016-08-24 17:58:55.816,0.3140707015991211
2016-08-24 20:58:55.816,0.31386813521385193
2016-08-24 23:58:55.816,0.3128442168235779
2016-08-25 02:58:55.816,0.3125057518482208
2016-08-25 05:58:55.816,0.31646665930747986
2016-08-25 08:58:55.816,0.3145216107368469
2016-08-25 11:58:55.816,0.31387704610824585
2016-08-25 14:58:55.816,0.3152194917201996
2016-08-25 17:58:55.816,0.3143247663974762
2016-08-25 20:58:55.816,0.31423699855804443
2016-08-25 23:58:55.816,0.3146112561225891
2016-08-26 02:58:55.816,0.31393131613731384
2016-08-26 05:58:55.816,0.31646519899368286
2016-08-26 08:58:55.816,0.31362995505332947
2016-08-26 11:58:55.816,0.31197795271873474
2016-08-26 14:58:55.816,0.3153979480266571
2016-08-26 17:58:55.816,0.31356003880500793
2016-08-26 20:58:55.816,0.3134233057498932
2016-08-26 23:58:55.816,0.31312546133995056
2016-08-27 02:58:55.816,0.3176283538341522
2016-08-27 05:58:55.816,0.3228791654109955
2016-08-27 08:58:55.816,0.3218514621257782
2016-08-27 11:58:55.816,0.3201189637184143
2016-08-27 14:58:55.816,0.3194136619567871
2016-08-27 17:58:55.816,0.31671610474586487
2016-08-27 20:58:55.816,0.31536853313446045
2016-08-27 23:58:55.816,0.31428423523902893
2016-08-28 02:58:55.816,0.31279537081718445
2016-08-28 05:58:55.816,0.3118310868740082
2016-08-28 08:58:55.816,0.3112625479698181
2016-08-28 11:58:55.816,0.3102705776691437
2016-08-28 14:58:55.816,0.31301212310791016
2016-08-28 17:58:55.816,0.31200069189071655
2016-08-28 20:58:55.816,0.31170836091041565
2016-08-28 23:58:55.816,0.31041279435157776
2016-08-29 02:58:55.816,0.30986273288726807
2016-08-29 05:58:55.816,0.30942821502685547
2016-08-29 08:58:55.816,0.3087078034877777
2016-08-29 11:58:55.816,0.30730605125427246
2016-08-29 14:58:55.816,0.3115867078304291
2016-08-29 17:58:55.816,0.3138362169265747
2016-08-29 20:58:55.816,0.3150618374347687
2016-08-29 23:58:55.816,0.3140496611595154
2016-08-30 02:58:55.816,0.3130541443824768
2016-08-30 05:58:55.816,0.31351974606513977
2016-08-30 08:58:55.816,0.3128449618816376
2016-08-30 11:58:55.816,0.3115229308605194
2016-08-30 14:58:55.816,0.314812034368515
2016-08-30 17:58:55.816,0.3164214789867401
2016-08-30 20:58:55.816,0.3148687183856964
2016-08-30 23:58:55.816,0.3140142261981964
2016-08-31 02:58:55.816,0.31321027874946594
2016-08-31 05:58:55.816,0.31229162216186523
2016-08-31 08:58:55.816,0.31128743290901184
2016-08-31 11:58:55.816,0.31285127997398376
2016-08-31 14:58:55.816,0.3222905397415161
2016-08-31 17:58:55.816,0.3190847933292389
2016-08-31 20:58:55.816,0.31631046533584595
2016-08-31 23:58:55.816,0.31832876801490784
2016-09-01 02:58:55.816,0.3271612226963043
2016-09-01 05:58:55.816,0.32417964935302734
2016-09-01 08:58:55.816,0.32115933299064636
2016-09-01 11:58:55.816,0.3185919523239136
2016-09-01 14:58:55.816,0.3216624855995178
2016-09-01 17:58:55.816,0.31861773133277893
2016-09-01 20:58:55.816,0.31662145256996155
2016-09-01 23:58:55.816,0.31559938192367554
2016-09-02 02:58:55.816,0.3146066963672638
2016-09-02 05:58:55.816,0.31543847918510437
2016-09-02 08:58:55.816,0.3173011541366577
2016-09-02 11:58:55.816,0.3263419568538666
2016-09-02 14:58:55.816,0.32809925079345703
2016-09-02 17:58:55.816,0.3258809447288513
2016-09-02 20:58:55.816,0.32362017035484314
2016-09-02 23:58:55.816,0.3211594820022583
2016-09-03 02:58:55.816,0.31943368911743164
2016-09-03 05:58:55.816,0.31873464584350586
2016-09-03 08:58:55.816,0.3173065483570099
2016-09-03 11:58:55.816,0.3147081732749939
2016-09-03 14:58:55.816,0.31757739186286926
2016-09-03 17:58:55.816,0.3144083321094513
2016-09-03 20:58:55.816,0.31330403685569763
2016-09-03 23:58:55.816,0.31266269087791443
2016-09-04 02:58:55.816,0.3153991401195526
2016-09-04 05:58:55.816,0.31997931003570557
2016-09-04 08:58:55.816,0.3178364336490631
2016-09-04 11:58:55.816,0.32172611355781555
2016-09-04 14:58:55.816,0.32775619626045227
2016-09-04 17:58:55.816,0.32085779309272766
2016-09-04 20:58:55.816,0.31883862614631653
2016-09-04 23:58:55.816,0.31615838408470154
2016-09-05 02:58:55.816,0.3134860098361969
2016-09-05 05:58:55.816,0.3115951716899872
2016-09-05 08:58:55.816,0.3106190860271454
2016-09-05 11:58:55.816,0.30906087160110474
2016-09-05 14:58:55.816,0.31872978806495667
2016-09-05 17:58:55.816,0.31433072686195374
2016-09-05 20:58:55.816,0.3127233684062958
2016-09-05 23:58:55.816,0.31147393584251404
2016-09-06 02:58:55.816,0.3110281527042389
2016-09-06 05:58:55.816,0.309937983751297
2016-09-06 08:58:55.816,0.3091450035572052
2016-09-06 11:58:55.816,0.30819830298423767
2016-09-06 14:58:55.816,0.30747583508491516
2016-09-06 17:58:55.816,0.3090929388999939
2016-09-06 20:58:55.816,0.32906779646873474
2016-09-06 23:58:55.816,0.32398441433906555
2016-09-07 02:58:55.816,0.3227875232696533
2016-09-07 05:58:55.816,0.3214612603187561
2016-09-07 08:58:55.816,0.3259817063808441
2016-09-07 11:58:55.816,0.34196797013282776
2016-09-07 14:58:55.816,0.3301646411418915
2016-09-07 17:58:55.816,0.3270621597766876
2016-09-07 20:58:55.816,0.32541051506996155
2016-09-07 23:58:55.816,0.3226394057273865
2016-09-08 02:58:55.816,0.32049211859703064
2016-09-08 05:58:55.816,0.31938132643699646
2016-09-08 08:58:55.816,0.3177672326564789
2016-09-08 11:58:55.816,0.31502971053123474
2016-09-08 14:58:55.816,0.31833651661872864
2016-09-08 17:58:55.816,0.31611332297325134
2016-09-08 20:58:55.816,0.3148813247680664
2016-09-08 23:58:55.816,0.31394004821777344
2016-09-09 02:58:55.816,0.31268903613090515
2016-09-09 05:58:55.816,0.3119179606437683
2016-09-09 08:58:55.816,0.31073233485221863
2016-09-09 11:58:55.816,0.30922481417655945
2016-09-09 14:58:55.816,0.3119388520717621
2016-09-09 17:58:55.816,0.311524897813797
2016-09-09 20:58:55.816,0.31294915080070496
2016-09-09 23:58:55.816,0.31279242038726807
2016-09-10 02:58:55.816,0.3128534257411957
2016-09-10 05:58:55.816,0.3117125332355499
2016-09-10 08:58:55.816,0.31276530027389526
2016-09-10 11:58:55.816,0.31418004631996155
2016-09-10 14:58:55.816,0.31395331025123596
2016-09-10 17:58:55.816,0.31486833095550537
2016-09-10 20:58:55.816,0.3144390881061554
2016-09-10 23:58:55.816,0.3143603801727295
2016-09-11 02:58:55.816,0.31403154134750366
2016-09-11 05:58:55.816,0.3132944703102112
2016-09-11 08:58:55.816,0.3129365146160126
2016-09-11 11:58:55.816,0.3129338324069977
2016-09-11 14:58:55.816,0.3338143825531006
2016-09-11 17:58:55.816,0.34292176365852356
2016-09-11 20:58:55.816,0.3408093750476837
2016-09-11 23:58:55.816,0.33121728897094727
2016-09-12 02:58:55.816,0.32922104001045227
2016-09-12 05:58:55.816,0.3301140069961548
2016-09-12 08:58:55.816,0.3269101679325104
2016-09-12 11:58:55.816,0.32503071427345276
2016-09-12 14:58:55.816,0.32362669706344604
2016-09-12 17:58:55.816,0.32223212718963623
2016-09-12 20:58:55.816,0.3205295503139496
2016-09-12 23:58:55.816,0.3193138539791107
2016-09-13 02:58:55.816,0.31879985332489014
2016-09-13 05:58:55.816,0.3215485215187073
2016-09-13 08:58:55.816,0.3184795081615448
2016-09-13 11:58:55.816,0.3158838152885437
2016-09-13 14:58:55.816,0.322111040353775
2016-09-13 17:58:55.816,0.31957563757896423
2016-09-13 20:58:55.816,0.31844815611839294
2016-09-13 23:58:55.816,0.3172086775302887
2016-09-14 02:58:55.816,0.31667906045913696
2016-09-14 05:58:55.816,0.3205220401287079
2016-09-14 08:58:55.816,0.3182183802127838
2016-09-14 11:58:55.816,0.31742069125175476
2016-09-14 14:58:55.816,0.32042035460472107
2016-09-14 17:58:55.816,0.3174232244491577
2016-09-14 20:58:55.816,0.34130528569221497
2016-09-14 23:58:55.816,0.3274048864841461
2016-09-15 02:58:55.816,0.32405006885528564
2016-09-15 05:58:55.816,0.32389387488365173
2016-09-15 08:58:55.816,0.3213370442390442
2016-09-15 11:58:55.816,0.3192569613456726
2016-09-15 14:58:55.816,0.32153987884521484
2016-09-15 17:58:55.816,0.3191516101360321
2016-09-15 20:58:55.816,0.31835827231407166
2016-09-15 23:58:55.816,0.31768032908439636
2016-09-16 02:58:55.816,0.31650957465171814
2016-09-16 05:58:55.816,0.3155214786529541
2016-09-16 08:58:55.816,0.31397345662117004
2016-09-16 11:58:55.816,0.3110383450984955
2016-09-16 14:58:55.816,0.31580981612205505
2016-09-16 17:58:55.816,0.31306371092796326
2016-09-16 20:58:55.816,0.31208112835884094
2016-09-16 23:58:55.816,0.3120066821575165
2016-09-17 02:58:55.816,0.3124291002750397
2016-09-17 05:58:55.816,0.3096049427986145
2016-09-17 08:58:55.816,0.30951449275016785
2016-09-17 11:58:55.816,0.3087303340435028
2016-09-17 14:58:55.816,0.3153751492500305
2016-09-17 17:58:55.816,0.31342819333076477
2016-09-17 20:58:55.816,0.31232064962387085
2016-09-17 23:58:55.816,0.3119196891784668
2016-09-18 02:58:55.816,0.312555730342865
2016-09-18 05:58:55.816,0.3125890791416168
2016-09-18 08:58:55.816,0.31231269240379333
2016-09-18 11:58:55.816,0.3112729489803314
2016-09-18 14:58:55.816,0.31613340973854065
2016-09-18 17:58:55.816,0.3150535225868225
2016-09-18 20:58:55.816,0.3144035339355469
2016-09-18 23:58:55.816,0.3130563199520111
2016-09-19 02:58:55.816,0.31190067529678345
2016-09-19 05:58:55.816,0.31043198704719543
2016-09-19 08:58:55.816,0.31095078587532043
2016-09-19 11:58:55.816,0.31027790904045105
2016-09-19 14:58:55.816,0.3148523271083832
2016-09-19 17:58:55.816,0.31549155712127686
2016-09-19 20:58:55.816,0.31546398997306824
2016-09-19 23:58:55.816,0.3154788017272949
2016-09-20 02:58:55.816,0.3148491084575653
2016-09-20 05:58:55.816,0.31364381313323975
2016-09-20 08:58:55.816,0.3156377971172333
2016-09-20 11:58:55.816,0.3183962106704712
2016-09-20 14:58:55.816,0.32058459520339966
2016-09-20 17:58:55.816,0.32287171483039856
2016-09-20 20:58:55.816,0.3250843584537506
2016-09-20 23:58:55.816,0.32890191674232483
2016-09-21 02:58:55.816,0.32767635583877563
2016-09-21 05:58:55.816,0.3252270519733429
2016-09-21 08:58:55.816,0.3245337903499603
2016-09-21 11:58:55.816,0.3222285211086273
2016-09-21 14:58:55.816,0.3197084665298462
2016-09-21 17:58:55.816,0.31864258646965027
2016-09-21 20:58:55.816,0.3182854950428009
2016-09-21 23:58:55.816,0.3181644380092621
2016-09-22 02:58:55.816,0.3186337947845459
2016-09-22 05:58:55.816,0.3156905472278595
2016-09-22 08:58:55.816,0.3175930678844452
2016-09-22 11:58:55.816,0.31844010949134827
2016-09-22 14:58:55.816,0.31835174560546875
2016-09-22 17:58:55.816,0.3188490569591522
2016-09-22 20:58:55.816,0.31955745816230774
2016-09-22 23:58:55.816,0.31937745213508606
2016-09-23 02:58:55.816,0.31849345564842224
2016-09-23 05:58:55.816,0.3140281140804291
2016-09-23 08:58:55.816,0.3137619197368622
2016-09-23 11:58:55.816,0.31369954347610474
2016-09-23 14:58:55.816,0.3119072914123535
2016-09-23 17:58:55.816,0.3124144375324249
2016-09-23 20:58:55.816,0.3130090534687042
2016-09-23 23:58:55.816,0.3132646381855011
2016-09-24 02:58:55.816,0.3133946359157562
2016-09-24 05:58:55.816,0.30911895632743835
2016-09-24 08:58:55.816,0.3094533383846283
2016-09-24 11:58:55.816,0.30837854743003845
2016-09-24 14:58:55.816,0.307196706533432
2016-09-24 17:58:55.816,0.3076612651348114
2016-09-24 20:58:55.816,0.3080684244632721
2016-09-24 23:58:55.816,0.3079008162021637
2016-09-25 02:58:55.816,0.30759650468826294
2016-09-25 05:58:55.816,0.3006170690059662
2016-09-25 08:58:55.816,0.302970826625824
2016-09-25 11:58:55.816,0.30439841747283936
2016-09-25 14:58:55.816,0.3064335882663727
2016-09-25 17:58:55.816,0.3097592890262604
2016-09-25 20:58:55.816,0.3101349472999573
2016-09-25 23:58:55.816,0.3106642961502075
2016-09-26 02:58:55.816,0.3103577792644501
2016-09-26 05:58:55.816,0.30390220880508423
2016-09-26 08:58:55.816,0.30615147948265076
2016-09-26 11:58:55.816,0.30745261907577515
2016-09-26 14:58:55.816,0.30711206793785095
2016-09-26 17:58:55.816,0.3084278702735901
2016-09-26 20:58:55.816,0.30913087725639343
2016-09-26 23:58:55.816,0.3093213737010956
2016-09-27 02:58:55.816,0.30966660380363464
2016-09-27 05:58:55.816,0.31105101108551025
2016-09-27 08:58:55.816,0.31186816096305847
2016-09-27 11:58:55.816,0.3125235438346863
2016-09-27 14:58:55.816,0.3132714331150055
2016-09-27 17:58:55.816,0.3154946565628052
2016-09-27 20:58:55.816,0.3162737190723419
2016-09-27 23:58:55.816,0.31726354360580444
2016-09-28 02:58:55.816,0.31681138277053833
2016-09-28 05:58:55.816,0.3182351887226105
2016-09-28 08:58:55.816,0.33541032671928406
2016-09-28 11:58:55.816,0.33253946900367737
2016-09-28 14:58:55.816,0.33438727259635925
2016-09-28 17:58:55.816,0.3348022699356079
2016-09-28 20:58:55.816,0.33249548077583313
2016-09-28 23:58:55.816,0.33071383833885193
2016-09-29 02:58:55.816,0.33014360070228577
2016-09-29 05:58:55.816,0.33250170946121216
2016-09-29 08:58:55.816,0.3308718800544739
2016-09-29 11:58:55.816,0.3286026120185852
2016-09-29 14:58:55.816,0.3294014632701874
2016-09-29 17:58:55.816,0.3265414237976074
2016-09-29 20:58:55.816,0.33201584219932556
2016-09-29 23:58:55.816,0.35058358311653137
2016-09-30 02:58:55.816,0.335592657327652
2016-09-30 05:58:55.816,0.3359586298465729
2016-09-30 08:58:55.816,0.34490323066711426
2016-09-30 11:58:55.816,0.3406827747821808
2016-09-30 14:58:55.816,0.33618664741516113
2016-09-30 17:58:55.816,0.33697405457496643
2016-09-30 20:58:55.816,0.33373796939849854
2016-09-30 23:58:55.816,0.3309265673160553
2016-10-01 02:58:55.816,0.3292454779148102
2016-10-01 05:58:55.816,0.3330913484096527
2016-10-01 08:58:55.816,0.33279141783714294
2016-10-01 11:58:55.816,0.329998254776001
2016-10-01 14:58:55.816,0.33249807357788086
2016-10-01 17:58:55.816,0.3286761939525604
2016-10-01 20:58:55.816,0.32674339413642883
2016-10-01 23:58:55.816,0.32559794187545776
2016-10-02 02:58:55.816,0.3247773349285126
2016-10-02 05:58:55.816,0.32444700598716736
2016-10-02 08:58:55.816,0.32372841238975525
2016-10-02 11:58:55.816,0.3224886953830719
2016-10-02 14:58:55.816,0.32257190346717834
2016-10-02 17:58:55.816,0.3214963972568512
2016-10-02 20:58:55.816,0.32033732533454895
2016-10-02 23:58:55.816,0.31921282410621643
2016-10-03 02:58:55.816,0.3186270296573639
2016-10-03 05:58:55.816,0.3175122141838074
2016-10-03 08:58:55.816,0.3173559904098511
2016-10-03 11:58:55.816,0.31735679507255554
2016-10-03 14:58:55.816,0.3185732364654541
2016-10-03 17:58:55.816,0.3187251091003418
2016-10-03 20:58:55.816,0.3190840780735016
2016-10-03 23:58:55.816,0.31918302178382874
2016-10-04 02:58:55.816,0.3194694519042969
2016-10-04 05:58:55.816,0.3197265565395355
2016-10-04 08:58:55.816,0.31896939873695374
2016-10-04 11:58:55.816,0.31764480471611023
2016-10-04 14:58:55.816,0.31711509823799133
2016-10-04 17:58:55.816,0.316951185464859
2016-10-04 20:58:55.816,0.31626901030540466
2016-10-04 23:58:55.816,0.3148995637893677
2016-10-05 02:58:55.816,0.31442156434059143
2016-10-05 05:58:55.816,0.3143253028392792
2016-10-05 08:58:55.816,0.31360986828804016
2016-10-05 11:58:55.816,0.3132835924625397
2016-10-05 14:58:55.816,0.31314948201179504
2016-10-05 17:58:55.816,0.31295105814933777
2016-10-05 20:58:55.816,0.3129008710384369
2016-10-05 23:58:55.816,0.3130398988723755
2016-10-06 02:58:55.816,0.3135825991630554
2016-10-06 05:58:55.816,0.3151649534702301
2016-10-06 08:58:55.816,0.3149358034133911
2016-10-06 11:58:55.816,0.31475576758384705
2016-10-06 14:58:55.816,0.3218142092227936
2016-10-06 17:58:55.816,0.32024258375167847
2016-10-06 20:58:55.816,0.3184396028518677
2016-10-06 23:58:55.816,0.3170309364795685
2016-10-07 02:58:55.816,0.31604859232902527
2016-10-07 05:58:55.816,0.316726416349411
2016-10-07 08:58:55.816,0.3147523105144501
2016-10-07 11:58:55.816,0.31455960869789124
2016-10-07 14:58:55.816,0.3185294568538666
2016-10-07 17:58:55.816,0.3173239529132843
2016-10-07 20:58:55.816,0.31702449917793274
2016-10-07 23:58:55.816,0.31695476174354553
2016-10-08 02:58:55.816,0.3170953392982483
2016-10-08 05:58:55.816,0.3181073069572449
2016-10-08 08:58:55.816,0.3173157572746277
2016-10-08 11:58:55.816,0.31743958592414856
2016-10-08 14:58:55.816,0.3195621371269226
2016-10-08 17:58:55.816,0.3202437162399292
2016-10-08 20:58:55.816,0.3199731111526489
2016-10-08 23:58:55.816,0.31937092542648315
2016-10-09 02:58:55.816,0.31925949454307556
2016-10-09 05:58:55.816,0.32048341631889343
2016-10-09 08:58:55.816,0.32061517238616943
2016-10-09 11:58:55.816,0.3203382194042206
2016-10-09 14:58:55.816,0.3207293450832367
2016-10-09 17:58:55.816,0.32102227210998535
2016-10-09 20:58:55.816,0.3212914764881134
2016-10-09 23:58:55.816,0.32156649231910706
2016-10-10 02:58:55.816,0.321993887424469
2016-10-10 05:58:55.816,0.3213425278663635
2016-10-10 08:58:55.816,0.3204352855682373
2016-10-10 11:58:55.816,0.31939440965652466
2016-10-10 14:58:55.816,0.31872060894966125
2016-10-10 17:58:55.816,0.31870344281196594
2016-10-10 20:58:55.816,0.31901755928993225
2016-10-10 23:58:55.816,0.3194563686847687
2016-10-11 02:58:55.816,0.3199906349182129
2016-10-11 05:58:55.816,0.3201310336589813
2016-10-11 08:58:55.816,0.31992751359939575
2016-10-11 11:58:55.816,0.3194110095500946
2016-10-11 14:58:55.816,0.3190865218639374
2016-10-11 17:58:55.816,0.3194386065006256
2016-10-11 20:58:55.816,0.31878799200057983
2016-10-11 23:58:55.816,0.31812992691993713
2016-10-12 02:58:55.816,0.3173573315143585
2016-10-12 05:58:55.816,0.3169507086277008
2016-10-12 08:58:55.816,0.3163297176361084
2016-10-12 11:58:55.816,0.3163917362689972
2016-10-12 14:58:55.816,0.3169362246990204
2016-10-12 17:58:55.816,0.3170474171638489
2016-10-12 20:58:55.816,0.3173419237136841
2016-10-12 23:58:55.816,0.31823381781578064
2016-10-13 02:58:55.816,0.31913113594055176
2016-10-13 05:58:55.816,0.31941771507263184
2016-10-13 08:58:55.816,0.31987932324409485
2016-10-13 11:58:55.816,0.3197338283061981
2016-10-13 14:58:55.816,0.3194020092487335
2016-10-13 17:58:55.816,0.3191118538379669
2016-10-13 20:58:55.816,0.3183383047580719
2016-10-13 23:58:55.816,0.31821656227111816
2016-10-14 02:58:55.816,0.3184402585029602
2016-10-14 05:58:55.816,0.3185548186302185
2016-10-14 08:58:55.816,0.3181857168674469
2016-10-14 11:58:55.816,0.3176079988479614
2016-10-14 14:58:55.816,0.31680062413215637
2016-10-14 17:58:55.816,0.3162365257740021
2016-10-14 20:58:55.816,0.3167305290699005
2016-10-14 23:58:55.816,0.31728091835975647
2016-10-15 02:58:55.816,0.3177672326564789
2016-10-15 05:58:55.816,0.3186652660369873
2016-10-15 08:58:55.816,0.31862685084342957
2016-10-15 11:58:55.816,0.318197637796402
2016-10-15 14:58:55.816,0.3182307481765747
2016-10-15 17:58:55.816,0.3190867304801941
2016-10-15 20:58:55.816,0.31990063190460205
2016-10-15 23:58:55.816,0.32068365812301636
2016-10-16 02:58:55.816,0.3201335370540619
2016-10-16 05:58:55.816,0.3193996250629425
2016-10-16 08:58:55.816,0.3185141086578369
2016-10-16 11:58:55.816,0.31736475229263306
2016-10-16 14:58:55.816,0.31713637709617615
2016-10-16 17:58:55.816,0.31707796454429626
2016-10-16 20:58:55.816,0.3180076777935028
2016-10-16 23:58:55.816,0.3188117444515228
2016-10-17 02:58:55.816,0.3193972408771515
2016-10-17 05:58:55.816,0.3199976980686188
2016-10-17 08:58:55.816,0.31959104537963867
2016-10-17 11:58:55.816,0.31929466128349304
2016-10-17 14:58:55.816,0.31957828998565674
2016-10-17 17:58:55.816,0.32065996527671814
2016-10-17 20:58:55.816,0.3211190104484558
2016-10-17 23:58:55.816,0.3213537037372589
2016-10-18 02:58:55.816,0.32133516669273376
2016-10-18 05:58:55.816,0.32136276364326477
2016-10-18 08:58:55.816,0.32115477323532104
2016-10-18 11:58:55.816,0.32018163800239563
2016-10-18 14:58:55.816,0.3191412389278412
2016-10-18 17:58:55.816,0.3189651370048523
2016-10-18 20:58:55.816,0.318778395652771
2016-10-18 23:58:55.816,0.3183913230895996
2016-10-19 02:58:55.816,0.31851324439048767
2016-10-19 05:58:55.816,0.31829318404197693
2016-10-19 08:58:55.816,0.31755614280700684
2016-10-19 11:58:55.816,0.317507266998291
2016-10-19 14:58:55.816,0.31740009784698486
2016-10-19 17:58:55.816,0.31687280535697937
2016-10-19 20:58:55.816,0.31680864095687866
2016-10-19 23:58:55.816,0.3164445459842682
2016-10-20 02:58:55.816,0.31595754623413086
2016-10-20 05:58:55.816,0.315547376871109
2016-10-20 08:58:55.816,0.31527021527290344
2016-10-20 11:58:55.816,0.31513357162475586
2016-10-20 14:58:55.816,0.31538885831832886
2016-10-20 17:58:55.816,0.3154694736003876
2016-10-20 20:58:55.816,0.3156907856464386
2016-10-20 23:58:55.816,0.31557634472846985
2016-10-21 02:58:55.816,0.3155912458896637
2016-10-21 05:58:55.816,0.3159259259700775
2016-10-21 08:58:55.816,0.31704363226890564
2016-10-21 11:58:55.816,0.3181746304035187
2016-10-21 14:58:55.816,0.3186100721359253
2016-10-21 17:58:55.816,0.31941208243370056
2016-10-21 20:58:55.816,0.32021233439445496
2016-10-21 23:58:55.816,0.32089391350746155
2016-10-22 02:58:55.816,0.32099953293800354
2016-10-22 05:58:55.816,0.3214855492115021
2016-10-22 08:58:55.816,0.32156023383140564
2016-10-22 11:58:55.816,0.3202144205570221
2016-10-22 14:58:55.816,0.3189244568347931
2016-10-22 17:58:55.816,0.31883761286735535
2016-10-22 20:58:55.816,0.31875255703926086
2016-10-22 23:58:55.816,0.318137526512146
2016-10-23 02:58:55.816,0.3175535500049591
2016-10-23 05:58:55.816,0.317229688167572
2016-10-23 08:58:55.816,0.3167429566383362
2016-10-23 11:58:55.816,0.31601008772850037
2016-10-23 14:58:55.816,0.3159116804599762
2016-10-23 17:58:55.816,0.31595122814178467
2016-10-23 20:58:55.816,0.3160163164138794
2016-10-23 23:58:55.816,0.3163084387779236
2016-10-24 02:58:55.816,0.31637388467788696
2016-10-24 05:58:55.816,0.3163634240627289
2016-10-24 08:58:55.816,0.31632331013679504
2016-10-24 11:58:55.816,0.31580790877342224
2016-10-24 14:58:55.816,0.3154586851596832
2016-10-24 17:58:55.816,0.31621554493904114
2016-10-24 20:58:55.816,0.31709805130958557
2016-10-24 23:58:55.816,0.3180984556674957
2016-10-25 02:58:55.816,0.3181013762950897
2016-10-25 05:58:55.816,0.31783756613731384
2016-10-25 08:58:55.816,0.31836920976638794
2016-10-25 11:58:55.816,0.3183240592479706
2016-10-25 14:58:55.816,0.31769266724586487
2016-10-25 17:58:55.816,0.3177075684070587
2016-10-25 20:58:55.816,0.3183075487613678
2016-10-25 23:58:55.816,0.31907185912132263
2016-10-26 02:58:55.816,0.31905707716941833
2016-10-26 05:58:55.816,0.319248229265213
2016-10-26 08:58:55.816,0.3190058469772339
2016-10-26 11:58:55.816,0.31828007102012634
2016-10-26 14:58:55.816,0.318010151386261
2016-10-26 17:58:55.816,0.3171870708465576
2016-10-26 20:58:55.816,0.3159005343914032
2016-10-26 23:58:55.816,0.31513288617134094
2016-10-27 02:58:55.816,0.3140026926994324
2016-10-27 05:58:55.816,0.31328216195106506
2016-10-27 08:58:55.816,0.3140367269515991
2016-10-27 11:58:55.816,0.3147144019603729
2016-10-27 14:58:55.816,0.31430795788764954
2016-10-27 17:58:55.816,0.31409433484077454
2016-10-27 20:58:55.816,0.31406450271606445
2016-10-27 23:58:55.816,0.3150058686733246
2016-10-28 02:58:55.816,0.31568095088005066
2016-10-28 05:58:55.816,0.3165263533592224
2016-10-28 08:58:55.816,0.31698140501976013
2016-10-28 11:58:55.816,0.3173052668571472
2016-10-28 14:58:55.816,0.3175395131111145
2016-10-28 17:58:55.816,0.31730183959007263
2016-10-28 20:58:55.816,0.31669870018959045
2016-10-28 23:58:55.816,0.3163968026638031
2016-10-29 02:58:55.816,0.3163178563117981
2016-10-29 05:58:55.816,0.31650063395500183
2016-10-29 08:58:55.816,0.31700098514556885
2016-10-29 11:58:55.816,0.31711524724960327
2016-10-29 14:58:55.816,0.31669387221336365
2016-10-29 17:58:55.816,0.316867470741272
2016-10-29 20:58:55.816,0.3170621395111084
2016-10-29 23:58:55.816,0.3172800838947296
2016-10-30 02:58:55.816,0.31683796644210815
2016-10-30 05:58:55.816,0.3162633776664734
2016-10-30 08:58:55.816,0.3162020146846771
2016-10-30 11:58:55.816,0.3162569999694824
2016-10-30 14:58:55.816,0.31630992889404297
2016-10-30 17:58:55.816,0.31660524010658264
2016-10-30 20:58:55.816,0.3169797956943512
2016-10-30 23:58:55.816,0.3172113299369812
2016-10-31 02:58:55.816,0.3167925775051117
2016-10-31 05:58:55.816,0.31601712107658386
2016-10-31 08:58:55.816,0.316159188747406
2016-10-31 11:58:55.816,0.3155738115310669
2016-10-31 14:58:55.816,0.3157860338687897
2016-10-31 17:58:55.816,0.3161378800868988
2016-10-31 20:58:55.816,0.31652727723121643
2016-10-31 23:58:55.816,0.31719091534614563
2016-11-01 02:58:55.816,0.3175971210002899
2016-11-01 05:58:55.816,0.3175065517425537
2016-11-01 08:58:55.816,0.3167300224304199
2016-11-01 11:58:55.816,0.31580090522766113
2016-11-01 14:58:55.816,0.31604239344596863
2016-11-01 17:58:55.816,0.3158918619155884
2016-11-01 20:58:55.816,0.3150491416454315
2016-11-01 23:58:55.816,0.3147158920764923
2016-11-02 02:58:55.816,0.3145780861377716
2016-11-02 05:58:55.816,0.31427931785583496
2016-11-02 08:58:55.816,0.31414955854415894
2016-11-02 11:58:55.816,0.3139299750328064
2016-11-02 14:58:55.816,0.3137526214122772
2016-11-02 17:58:55.816,0.31444862484931946
2016-11-02 20:58:55.816,0.31478673219680786
2016-11-02 23:58:55.816,0.3149885833263397
2016-11-03 02:58:55.816,0.3153053820133209
2016-11-03 05:58:55.816,0.3153444230556488
2016-11-03 08:58:55.816,0.3150971531867981
2016-11-03 11:58:55.816,0.3147607147693634
2016-11-03 14:58:55.816,0.31453177332878113
2016-11-03 17:58:55.816,0.3148076832294464
2016-11-03 20:58:55.816,0.31526079773902893
2016-11-03 23:58:55.816,0.3152928054332733
2016-11-04 02:58:55.816,0.31499728560447693
2016-11-04 05:58:55.816,0.31478312611579895
2016-11-04 08:58:55.816,0.31436648964881897
2016-11-04 11:58:55.816,0.31411346793174744
2016-11-04 14:58:55.816,0.3141894042491913
2016-11-04 17:58:55.816,0.3148588240146637
2016-11-04 20:58:55.816,0.3154355585575104
2016-11-04 23:58:55.816,0.3152937591075897
2016-11-05 02:58:55.816,0.3150720000267029
2016-11-05 05:58:55.816,0.3151516020298004
2016-11-05 08:58:55.816,0.31602048873901367
2016-11-05 11:58:55.816,0.3165448009967804
2016-11-05 14:58:55.816,0.3167000710964203
2016-11-05 17:58:55.816,0.3164239525794983
2016-11-05 20:58:55.816,0.31592801213264465
2016-11-05 23:58:55.816,0.3164898455142975
2016-11-06 02:58:55.816,0.31672343611717224
2016-11-06 05:58:55.816,0.31726256012916565
2016-11-06 08:58:55.816,0.3176848292350769
2016-11-06 11:58:55.816,0.3175112009048462
2016-11-06 14:58:55.816,0.3168548047542572
2016-11-06 17:58:55.816,0.31555506587028503
2016-11-06 20:58:55.816,0.31511932611465454
2016-11-06 23:58:55.816,0.31611379981040955
2016-11-07 02:58:55.816,0.31669580936431885
2016-11-07 05:58:55.816,0.3166445791721344
2016-11-07 08:58:55.816,0.3162720799446106
2016-11-07 11:58:55.816,0.3162587881088257
2016-11-07 14:58:55.816,0.31597670912742615
2016-11-07 17:58:55.816,0.31510835886001587
2016-11-07 20:58:55.816,0.31482675671577454
2016-11-07 23:58:55.816,0.3146969974040985
2016-11-08 02:58:55.816,0.3144322335720062
2016-11-08 05:58:55.816,0.31467199325561523
2016-11-08 08:58:55.816,0.31533393263816833
2016-11-08 11:58:55.816,0.3160914480686188
2016-11-08 14:58:55.816,0.3164076805114746
2016-11-08 17:58:55.816,0.3160569369792938
2016-11-08 20:58:55.816,0.3160141408443451
2016-11-08 23:58:55.816,0.3161167800426483
2016-11-09 02:58:55.816,0.3156343996524811
2016-11-09 05:58:55.816,0.3152402341365814
2016-11-09 08:58:55.816,0.3146779239177704
2016-11-09 11:58:55.816,0.31370148062705994
2016-11-09 14:58:55.816,0.3130400478839874
2016-11-09 17:58:55.816,0.3126543164253235
2016-11-09 20:58:55.816,0.31275174021720886
2016-11-09 23:58:55.816,0.3136427104473114
2016-11-10 02:58:55.816,0.31470194458961487
2016-11-10 05:58:55.816,0.3148890733718872
2016-11-10 08:58:55.816,0.31384944915771484
2016-11-10 11:58:55.816,0.3131091296672821
2016-11-10 14:58:55.816,0.3131938874721527
2016-11-10 17:58:55.816,0.3137955963611603
2016-11-10 20:58:55.816,0.3144804537296295
2016-11-10 23:58:55.816,0.3146686255931854
2016-11-11 02:58:55.816,0.31364402174949646
2016-11-11 05:58:55.816,0.31359201669692993
2016-11-11 08:58:55.816,0.3145082890987396
2016-11-11 11:58:55.816,0.3152559697628021
2016-11-11 14:58:55.816,0.3150770664215088
2016-11-11 17:58:55.816,0.3154313862323761
2016-11-11 20:58:55.816,0.3160875141620636
2016-11-11 23:58:55.816,0.31715404987335205
2016-11-12 02:58:55.816,0.31759336590766907
2016-11-12 05:58:55.816,0.3178861439228058
2016-11-12 08:58:55.816,0.3171047270298004
2016-11-12 11:58:55.816,0.3170575797557831
2016-11-12 14:58:55.816,0.3175012171268463
2016-11-12 17:58:55.816,0.3175261318683624
2016-11-12 20:58:55.816,0.3173768222332001
2016-11-12 23:58:55.816,0.3164367973804474
2016-11-13 02:58:55.816,0.3155658543109894
2016-11-13 05:58:55.816,0.3156209886074066
2016-11-13 08:58:55.816,0.31529709696769714
2016-11-13 11:58:55.816,0.31543055176734924
2016-11-13 14:58:55.816,0.31560030579566956
2016-11-13 17:58:55.816,0.31505680084228516
2016-11-13 20:58:55.816,0.31544044613838196
2016-11-13 23:58:55.816,0.31543728709220886
2016-11-14 02:58:55.816,0.3155764639377594
2016-11-14 05:58:55.816,0.31575825810432434
2016-11-14 08:58:55.816,0.31599462032318115
2016-11-14 11:58:55.816,0.31618496775627136
2016-11-14 14:58:55.816,0.3166182041168213
2016-11-14 17:58:55.816,0.31639620661735535
2016-11-14 20:58:55.816,0.3167526125907898
2016-11-14 23:58:55.816,0.3165156841278076
2016-11-15 02:58:55.816,0.316570907831192
2016-11-15 05:58:55.816,0.31666773557662964
2016-11-15 08:58:55.816,0.31699058413505554
2016-11-15 11:58:55.816,0.3170166015625
2016-11-15 14:58:55.816,0.3170531690120697
2016-11-15 17:58:55.816,0.3176565170288086
2016-11-15 20:58:55.816,0.3175491392612457
2016-11-15 23:58:55.816,0.31756284832954407
2016-11-16 02:58:55.816,0.317216694355011
2016-11-16 05:58:55.816,0.3169892728328705
2016-11-16 08:58:55.816,0.3159010410308838
2016-11-16 11:58:55.816,0.3148965835571289
2016-11-16 14:58:55.816,0.31421148777008057
2016-11-16 17:58:55.816,0.31364449858665466
2016-11-16 20:58:55.816,0.31384769082069397
2016-11-16 23:58:55.816,0.31447747349739075
2016-11-17 02:58:55.816,0.314482182264328
2016-11-17 05:58:55.816,0.314299076795578
2016-11-17 08:58:55.816,0.3135569095611572
2016-11-17 11:58:55.816,0.31290432810783386
2016-11-17 14:58:55.816,0.3125763237476349
2016-11-17 17:58:55.816,0.31264880299568176
2016-11-17 20:58:55.816,0.3118371069431305
2016-11-17 23:58:55.816,0.3106788098812103
2016-11-18 02:58:55.816,0.30995655059814453
2016-11-18 05:58:55.816,0.30978429317474365
2016-11-18 08:58:55.816,0.31034156680107117
2016-11-18 11:58:55.816,0.3115401566028595
2016-11-18 14:58:55.816,0.31250739097595215
2016-11-18 17:58:55.816,0.31335291266441345
2016-11-18 20:58:55.816,0.3136594891548157
2016-11-18 23:58:55.816,0.3140885531902313
2016-11-19 02:58:55.816,0.3144935965538025
2016-11-19 05:58:55.816,0.31432339549064636
2016-11-19 08:58:55.816,0.3144066035747528
2016-11-19 11:58:55.816,0.31415924429893494
2016-11-19 14:58:55.816,0.31421589851379395
2016-11-19 17:58:55.816,0.3146728575229645
2016-11-19 20:58:55.816,0.3146953880786896
2016-11-19 23:58:55.816,0.3155844211578369
2016-11-20 02:58:55.816,0.3160286843776703
2016-11-20 05:58:55.816,0.3164318799972534
2016-11-20 08:58:55.816,0.3169347047805786
2016-11-20 11:58:55.816,0.31752780079841614
2016-11-20 14:58:55.816,0.31769993901252747
2016-11-20 17:58:55.816,0.3170911371707916
2016-11-20 20:58:55.816,0.31630975008010864
2016-11-20 23:58:55.816,0.31631341576576233
2016-11-21 02:58:55.816,0.31586170196533203
2016-11-21 05:58:55.816,0.3157348334789276
2016-11-21 08:58:55.816,0.3162268400192261
2016-11-21 11:58:55.816,0.31673645973205566
2016-11-21 14:58:55.816,0.3166208565235138
2016-11-21 17:58:55.816,0.3163222074508667
2016-11-21 20:58:55.816,0.3166106939315796
2016-11-21 23:58:55.816,0.3165890872478485
2016-11-22 02:58:55.816,0.31539440155029297
2016-11-22 05:58:55.816,0.31450599431991577
2016-11-22 08:58:55.816,0.3150045871734619
2016-11-22 11:58:55.816,0.3151654899120331
2016-11-22 14:58:55.816,0.31470105051994324
2016-11-22 17:58:55.816,0.31519705057144165
2016-11-22 20:58:55.816,0.3154539465904236
2016-11-22 23:58:55.816,0.3158450126647949
2016-11-23 02:58:55.816,0.315434068441391
2016-11-23 05:58:55.816,0.3157283365726471
2016-11-23 08:58:55.816,0.3162628710269928
2016-11-23 11:58:55.816,0.31633901596069336
2016-11-23 14:58:55.816,0.3165672719478607
2016-11-23 17:58:55.816,0.3165314495563507
2016-11-23 20:58:55.816,0.3163873851299286
2016-11-23 23:58:55.816,0.31633391976356506
2016-11-24 02:58:55.816,0.3158702850341797
2016-11-24 05:58:55.816,0.31517529487609863
2016-11-24 08:58:55.816,0.3152880072593689
2016-11-24 11:58:55.816,0.31588634848594666
2016-11-24 14:58:55.816,0.316764771938324
2016-11-24 17:58:55.816,0.31660330295562744
2016-11-24 20:58:55.816,0.3166898488998413
2016-11-24 23:58:55.816,0.31687870621681213
2016-11-25 02:58:55.816,0.31631937623023987
2016-11-25 05:58:55.816,0.3165864050388336
2016-11-25 08:58:55.816,0.3163878917694092
2016-11-25 11:58:55.816,0.31559130549430847
2016-11-25 14:58:55.816,0.3142426609992981
2016-11-25 17:58:55.816,0.31320178508758545
2016-11-25 20:58:55.816,0.31290990114212036
2016-11-25 23:58:55.816,0.3128153383731842
2016-11-26 02:58:55.816,0.31265196204185486
2016-11-26 05:58:55.816,0.31287387013435364
2016-11-26 08:58:55.816,0.31354883313179016
2016-11-26 11:58:55.816,0.3141840100288391
2016-11-26 14:58:55.816,0.31468284130096436
2016-11-26 17:58:55.816,0.31540581583976746
2016-11-26 20:58:55.816,0.31572070717811584
2016-11-26 23:58:55.816,0.3153715431690216
2016-11-27 02:58:55.816,0.3150692284107208
2016-11-27 05:58:55.816,0.3148188292980194
2016-11-27 08:58:55.816,0.31473803520202637
2016-11-27 11:58:55.816,0.3149912357330322
2016-11-27 14:58:55.816,0.31493186950683594
2016-11-27 17:58:55.816,0.31465399265289307
2016-11-27 20:58:55.816,0.31467774510383606
2016-11-27 23:58:55.816,0.3149797022342682
2016-11-28 02:58:55.816,0.31488367915153503
2016-11-28 05:58:55.816,0.3149043917655945
2016-11-28 08:58:55.816,0.31442025303840637
2016-11-28 11:58:55.816,0.3142334520816803
2016-11-28 14:58:55.816,0.31419801712036133
2016-11-28 17:58:55.816,0.3146548569202423
2016-11-28 20:58:55.816,0.3151737153530121
2016-11-28 23:58:55.816,0.31555983424186707
2016-11-29 02:58:55.816,0.31591102480888367
2016-11-29 05:58:55.816,0.3155452311038971
2016-11-29 08:58:55.816,0.31473618745803833
2016-11-29 11:58:55.816,0.3140467405319214
2016-11-29 14:58:55.816,0.31351447105407715
2016-11-29 17:58:55.816,0.31370872259140015
2016-11-29 20:58:55.816,0.31379029154777527
2016-11-29 23:58:55.816,0.31380191445350647
2016-11-30 02:58:55.816,0.3134624660015106
2016-11-30 05:58:55.816,0.31367966532707214
2016-11-30 08:58:55.816,0.31396764516830444
2016-11-30 11:58:55.816,0.3147641122341156
2016-11-30 14:58:55.816,0.31533282995224
2016-11-30 17:58:55.816,0.3147510588169098
2016-11-30 20:58:55.816,0.313663125038147
2016-11-30 23:58:55.816,0.3134382367134094
2016-12-01 02:58:55.816,0.3134264051914215
2016-12-01 05:58:55.816,0.31351447105407715
2016-12-01 08:58:55.816,0.3139737844467163
2016-12-01 11:58:55.816,0.31457871198654175
2016-12-01 14:58:55.816,0.31498655676841736
2016-12-01 17:58:55.816,0.3155057430267334
2016-12-01 20:58:55.816,0.3160113990306854
2016-12-01 23:58:55.816,0.3164953887462616
2016-12-02 02:58:55.816,0.31721311807632446
2016-12-02 05:58:55.816,0.3166179955005646
2016-12-02 08:58:55.816,0.31662479043006897
2016-12-02 11:58:55.816,0.3167218863964081
2016-12-02 14:58:55.816,0.3160914182662964
2016-12-02 17:58:55.816,0.315145879983902
2016-12-02 20:58:55.816,0.315028578042984
2016-12-02 23:58:55.816,0.3157617747783661
2016-12-03 02:58:55.816,0.3164028525352478
2016-12-03 05:58:55.816,0.3160395324230194
2016-12-03 08:58:55.816,0.3159972131252289
2016-12-03 11:58:55.816,0.3164595365524292
2016-12-03 14:58:55.816,0.3166312873363495
2016-12-03 17:58:55.816,0.3165237307548523
2016-12-03 20:58:55.816,0.3170134723186493
2016-12-03 23:58:55.816,0.3172377049922943
2016-12-04 02:58:55.816,0.31642481684684753
2016-12-04 05:58:55.816,0.3166024386882782
2016-12-04 08:58:55.816,0.31646013259887695
2016-12-04 11:58:55.816,0.31576409935951233
2016-12-04 14:58:55.816,0.31565555930137634
2016-12-04 17:58:55.816,0.3158414661884308
2016-12-04 20:58:55.816,0.3149302899837494
2016-12-04 23:58:55.816,0.31464722752571106
2016-12-05 02:58:55.816,0.3148636817932129
2016-12-05 05:58:55.816,0.3151209354400635
2016-12-05 08:58:55.816,0.3151942789554596
2016-12-05 11:58:55.816,0.31518927216529846
2016-12-05 14:58:55.816,0.31537625193595886
2016-12-05 17:58:55.816,0.31550949811935425
2016-12-05 20:58:55.816,0.3160340487957001
2016-12-05 23:58:55.816,0.31643974781036377
2016-12-06 02:58:55.816,0.3157079815864563
2016-12-06 05:58:55.816,0.31506937742233276
2016-12-06 08:58:55.816,0.31377172470092773
2016-12-06 11:58:55.816,0.3131659924983978
2016-12-06 14:58:55.816,0.31307846307754517
2016-12-06 17:58:55.816,0.31319838762283325
2016-12-06 20:58:55.816,0.3137533366680145
2016-12-06 23:58:55.816,0.3142767548561096
2016-12-07 02:58:55.816,0.31497302651405334
2016-12-07 05:58:55.816,0.31519314646720886
2016-12-07 08:58:55.816,0.31548741459846497
2016-12-07 11:58:55.816,0.3150682747364044
2016-12-07 14:58:55.816,0.3143419325351715
2016-12-07 17:58:55.816,0.3149496912956238
2016-12-07 20:58:55.816,0.31599676609039307
2016-12-07 23:58:55.816,0.3169293999671936
2016-12-08 02:58:55.816,0.316762238740921
2016-12-08 05:58:55.816,0.31663960218429565
2016-12-08 08:58:55.816,0.31744781136512756
2016-12-08 11:58:55.816,0.3180954158306122
2016-12-08 14:58:55.816,0.31863072514533997
2016-12-08 17:58:55.816,0.3187985122203827
2016-12-08 20:58:55.816,0.3186275064945221
2016-12-08 23:58:55.816,0.31855055689811707
2016-12-09 02:58:55.816,0.31783947348594666
2016-12-09 05:58:55.816,0.31644925475120544
2016-12-09 08:58:55.816,0.31548038125038147
2016-12-09 11:58:55.816,0.3153338134288788
2016-12-09 14:58:55.816,0.3149244785308838
2016-12-09 17:58:55.816,0.31450745463371277
2016-12-09 20:58:55.816,0.3145279586315155
2016-12-09 23:58:55.816,0.31465572118759155
2016-12-10 02:58:55.816,0.3147921860218048
2016-12-10 05:58:55.816,0.31514403223991394
2016-12-10 08:58:55.816,0.3159978985786438
2016-12-10 11:58:55.816,0.3163653612136841
2016-12-10 14:58:55.816,0.3157706558704376
2016-12-10 17:58:55.816,0.3154313862323761
2016-12-10 20:58:55.816,0.3154124319553375
2016-12-10 23:58:55.816,0.31522196531295776
2016-12-11 02:58:55.816,0.31566235423088074
2016-12-11 05:58:55.816,0.3159795105457306
2016-12-11 08:58:55.816,0.31567585468292236
2016-12-11 11:58:55.816,0.3152247965335846
2016-12-11 14:58:55.816,0.3156451880931854
2016-12-11 17:58:55.816,0.31565070152282715
2016-12-11 20:58:55.816,0.3147420287132263
2016-12-11 23:58:55.816,0.3143000304698944
2016-12-12 02:58:55.816,0.3154635429382324
2016-12-12 05:58:55.816,0.31591591238975525
2016-12-12 08:58:55.816,0.31609758734703064
2016-12-12 11:58:55.816,0.3164852559566498
2016-12-12 14:58:55.816,0.31637468934059143
2016-12-12 17:58:55.816,0.3159981667995453
2016-12-12 20:58:55.816,0.31618133187294006
2016-12-12 23:58:55.816,0.3159046471118927
2016-12-13 02:58:55.816,0.31562110781669617
2016-12-13 05:58:55.816,0.31604108214378357
2016-12-13 08:58:55.816,0.3163051903247833
2016-12-13 11:58:55.816,0.31734052300453186
2016-12-13 14:58:55.816,0.31641867756843567
2016-12-13 17:58:55.816,0.3160022795200348
2016-12-13 20:58:55.816,0.31616148352622986
2016-12-13 23:58:55.816,0.31677064299583435
2016-12-14 02:58:55.816,0.3167196214199066
2016-12-14 05:58:55.816,0.3159205913543701
2016-12-14 08:58:55.816,0.3147021234035492
2016-12-14 11:58:55.816,0.3139178454875946
2016-12-14 14:58:55.816,0.31376469135284424
2016-12-14 17:58:55.816,0.3144301772117615
2016-12-14 20:58:55.816,0.3150786757469177
2016-12-14 23:58:55.816,0.315110981464386
2016-12-15 02:58:55.816,0.31508204340934753
2016-12-15 05:58:55.816,0.31543710827827454
2016-12-15 08:58:55.816,0.3160303235054016
2016-12-15 11:58:55.816,0.3169404864311218
2016-12-15 14:58:55.816,0.31688162684440613
2016-12-15 17:58:55.816,0.31720611453056335
2016-12-15 20:58:55.816,0.31740689277648926
2016-12-15 23:58:55.816,0.3173634111881256
2016-12-16 02:58:55.816,0.31695184111595154
2016-12-16 05:58:55.816,0.3163069188594818
2016-12-16 08:58:55.816,0.3159039318561554
2016-12-16 11:58:55.816,0.3154608905315399
2016-12-16 14:58:55.816,0.31551963090896606
2016-12-16 17:58:55.816,0.3162439465522766
2016-12-16 20:58:55.816,0.31667888164520264
2016-12-16 23:58:55.816,0.31677138805389404
2016-12-17 02:58:55.816,0.316760390996933
2016-12-17 05:58:55.816,0.3156854510307312
2016-12-17 08:58:55.816,0.31407201290130615
2016-12-17 11:58:55.816,0.31323036551475525
2016-12-17 14:58:55.816,0.3128015697002411
2016-12-17 17:58:55.816,0.31296518445014954
2016-12-17 20:58:55.816,0.3128388226032257
2016-12-17 23:58:55.816,0.31322163343429565
2016-12-18 02:58:55.816,0.31390708684921265
2016-12-18 05:58:55.816,0.3147695064544678
2016-12-18 08:58:55.816,0.31509408354759216
2016-12-18 11:58:55.816,0.3153918385505676
2016-12-18 14:58:55.816,0.315434068441391
2016-12-18 17:58:55.816,0.3150486350059509
2016-12-18 20:58:55.816,0.31535813212394714
2016-12-18 23:58:55.816,0.3163689374923706
2016-12-19 02:58:55.816,0.3165486752986908
2016-12-19 05:58:55.816,0.31628188490867615
2016-12-19 08:58:55.816,0.3158309757709503
2016-12-19 11:58:55.816,0.31515756249427795
2016-12-19 14:58:55.816,0.3148992955684662
2016-12-19 17:58:55.816,0.31455227732658386
2016-12-19 20:58:55.816,0.3145504295825958
2016-12-19 23:58:55.816,0.31482893228530884
2016-12-20 02:58:55.816,0.31530123949050903
2016-12-20 05:58:55.816,0.31467580795288086
2016-12-20 08:58:55.816,0.31435540318489075
2016-12-20 11:58:55.816,0.31414860486984253
2016-12-20 14:58:55.816,0.3140905499458313
2016-12-20 17:58:55.816,0.31413671374320984
2016-12-20 20:58:55.816,0.3146708309650421
2016-12-20 23:58:55.816,0.3150293231010437
2016-12-21 02:58:55.816,0.3144538998603821
2016-12-21 05:58:55.816,0.31360283493995667
2016-12-21 08:58:55.816,0.31369566917419434
2016-12-21 11:58:55.816,0.3144059181213379
2016-12-21 14:58:55.816,0.3152935802936554
2016-12-21 17:58:55.816,0.31560948491096497
2016-12-21 20:58:55.816,0.31628504395484924
2016-12-21 23:58:55.816,0.3163946270942688
2016-12-22 02:58:55.816,0.31609654426574707
2016-12-22 05:58:55.816,0.31563249230384827
2016-12-22 08:58:55.816,0.3158726990222931
2016-12-22 11:58:55.816,0.3160373866558075
2016-12-22 14:58:55.816,0.3161027729511261
2016-12-22 17:58:55.816,0.3160839378833771
2016-12-22 20:58:55.816,0.3168499767780304
2016-12-22 23:58:55.816,0.3173597753047943
2016-12-23 02:58:55.816,0.31756284832954407
2016-12-23 05:58:55.816,0.31718549132347107
2016-12-23 08:58:55.816,0.31674399971961975
2016-12-23 11:58:55.816,0.3165057897567749
2016-12-23 14:58:55.816,0.3168956935405731
2016-12-23 17:58:55.816,0.3171965777873993
2016-12-23 20:58:55.816,0.31695666909217834
2016-12-23 23:58:55.816,0.3170657455921173
2016-12-24 02:58:55.816,0.31732282042503357
2016-12-24 05:58:55.816,0.31696635484695435
2016-12-24 08:58:55.816,0.31697359681129456
2016-12-24 11:58:55.816,0.3175106346607208
2016-12-24 14:58:55.816,0.31809577345848083
2016-12-24 17:58:55.816,0.3176320791244507
2016-12-24 20:58:55.816,0.3171747028827667
2016-12-24 23:58:55.816,0.3174695670604706
2016-12-25 02:58:55.816,0.31835320591926575
2016-12-25 05:58:55.816,0.3183220624923706
2016-12-25 08:58:55.816,0.31785157322883606
2016-12-25 11:58:55.816,0.3178199231624603
2016-12-25 14:58:55.816,0.317103773355484
2016-12-25 17:58:55.816,0.31623581051826477
2016-12-25 20:58:55.816,0.31473875045776367
2016-12-25 23:58:55.816,0.31384527683258057
2016-12-26 02:58:55.816,0.313679039478302
2016-12-26 05:58:55.816,0.3138746917247772
2016-12-26 08:58:55.816,0.314257949590683
2016-12-26 11:58:55.816,0.31423500180244446
2016-12-26 14:58:55.816,0.3146902620792389
2016-12-26 17:58:55.816,0.3151780068874359
2016-12-26 20:58:55.816,0.3145177662372589
2016-12-26 23:58:55.816,0.3138539493083954
2016-12-27 02:58:55.816,0.3137594759464264
2016-12-27 05:58:55.816,0.31385841965675354
2016-12-27 08:58:55.816,0.3135159909725189
2016-12-27 11:58:55.816,0.31367987394332886
2016-12-27 14:58:55.816,0.31420910358428955
2016-12-27 17:58:55.816,0.31405967473983765
2016-12-27 20:58:55.816,0.3133644759654999
2016-12-27 23:58:55.816,0.3128727376461029
2016-12-28 02:58:55.816,0.31206777691841125
2016-12-28 05:58:55.816,0.3116544485092163
2016-12-28 08:58:55.816,0.312166303396225
2016-12-28 11:58:55.816,0.31240758299827576
2016-12-28 14:58:55.816,0.3130357563495636
2016-12-28 17:58:55.816,0.3131609857082367
2016-12-28 20:58:55.816,0.31336820125579834
2016-12-28 23:58:55.816,0.31357139348983765
2016-12-29 02:58:55.816,0.3138086497783661
2016-12-29 05:58:55.816,0.31372973322868347
2016-12-29 08:58:55.816,0.3129262626171112
2016-12-29 11:58:55.816,0.3131410777568817
2016-12-29 14:58:55.816,0.31392601132392883
2016-12-29 17:58:55.816,0.3148908317089081
2016-12-29 20:58:55.816,0.3157338500022888
2016-12-29 23:58:55.816,0.3165414035320282
2016-12-30 02:58:55.816,0.3170498013496399
2016-12-30 05:58:55.816,0.31677961349487305
2016-12-30 08:58:55.816,0.3169330656528473
2016-12-30 11:58:55.816,0.316633403301239
2016-12-30 14:58:55.816,0.31575119495391846
2016-12-30 17:58:55.816,0.31581196188926697
2016-12-30 20:58:55.816,0.316512793302536
2016-12-30 23:58:55.816,0.3171807527542114
2016-12-31 02:58:55.816,0.31769439578056335
2016-12-31 05:58:55.816,0.31721216440200806
2016-12-31 08:58:55.816,0.3152591586112976
2016-12-31 11:58:55.816,0.31455937027931213
2016-12-31 14:58:55.816,0.3145088255405426
2016-12-31 17:58:55.816,0.3149736821651459
2016-12-31 20:58:55.816,0.315561443567276
2016-12-31 23:58:55.816,0.3163639008998871
2017-01-01 02:58:55.816,0.3170830309391022
2017-01-01 05:58:55.816,0.31751886010169983
2017-01-01 08:58:55.816,0.3173249661922455
2017-01-01 11:58:55.816,0.31611865758895874
2017-01-01 14:58:55.816,0.3153328597545624
2017-01-01 17:58:55.816,0.3158811926841736
2017-01-01 20:58:55.816,0.3162558972835541
2017-01-01 23:58:55.816,0.3161190450191498
2017-01-02 02:58:55.816,0.3156934678554535
2017-01-02 05:58:55.816,0.3156561553478241
2017-01-02 08:58:55.816,0.31525418162345886
2017-01-02 11:58:55.816,0.31568968296051025
2017-01-02 14:58:55.816,0.3164157569408417
2017-01-02 17:58:55.816,0.3170988857746124
2017-01-02 20:58:55.816,0.3173423111438751
2017-01-02 23:58:55.816,0.31806984543800354
2017-01-03 02:58:55.816,0.31901946663856506
2017-01-03 05:58:55.816,0.3191130459308624
2017-01-03 08:58:55.816,0.3184848725795746
2017-01-03 11:58:55.816,0.3176719844341278
2017-01-03 14:58:55.816,0.31653913855552673
2017-01-03 17:58:55.816,0.31615015864372253
2017-01-03 20:58:55.816,0.3165901005268097
2017-01-03 23:58:55.816,0.31692466139793396
2017-01-04 02:58:55.816,0.3164120316505432
2017-01-04 05:58:55.816,0.3153793513774872
2017-01-04 08:58:55.816,0.3137841522693634
2017-01-04 11:58:55.816,0.3127639591693878
2017-01-04 14:58:55.816,0.31222420930862427
2017-01-04 17:58:55.816,0.3119564950466156
2017-01-04 20:58:55.816,0.312540739774704
2017-01-04 23:58:55.816,0.31390616297721863
2017-01-05 02:58:55.816,0.31488192081451416
2017-01-05 05:58:55.816,0.3159901201725006
2017-01-05 08:58:55.816,0.31607115268707275
2017-01-05 11:58:55.816,0.3158739507198334
2017-01-05 14:58:55.816,0.3158329427242279
2017-01-05 17:58:55.816,0.31580373644828796
2017-01-05 20:58:55.816,0.3158102333545685
2017-01-05 23:58:55.816,0.3163353204727173
2017-01-06 02:58:55.816,0.3167649805545807
2017-01-06 05:58:55.816,0.3166411221027374
2017-01-06 08:58:55.816,0.3160160481929779
2017-01-06 11:58:55.816,0.3163139820098877
2017-01-06 14:58:55.816,0.31712982058525085
2017-01-06 17:58:55.816,0.31776711344718933
2017-01-06 20:58:55.816,0.31793737411499023
2017-01-06 23:58:55.816,0.3175683915615082
2017-01-07 02:58:55.816,0.31705793738365173
2017-01-07 05:58:55.816,0.31654730439186096
2017-01-07 08:58:55.816,0.3168063759803772
2017-01-07 11:58:55.816,0.31668150424957275
2017-01-07 14:58:55.816,0.31637269258499146
2017-01-07 17:58:55.816,0.31634843349456787
2017-01-07 20:58:55.816,0.31579068303108215
2017-01-07 23:58:55.816,0.31508907675743103
2017-01-08 02:58:55.816,0.3150159418582916
2017-01-08 05:58:55.816,0.315024197101593
2017-01-08 08:58:55.816,0.31490305066108704
2017-01-08 11:58:55.816,0.3149861991405487
2017-01-08 14:58:55.816,0.3159944713115692
2017-01-08 17:58:55.816,0.3165024518966675
2017-01-08 20:58:55.816,0.3163582384586334
2017-01-08 23:58:55.816,0.31597408652305603
2017-01-09 02:58:55.816,0.314929336309433
2017-01-09 05:58:55.816,0.313550740480423
2017-01-09 08:58:55.816,0.3128723204135895
2017-01-09 11:58:55.816,0.31176501512527466
2017-01-09 14:58:55.816,0.31113967299461365
2017-01-09 17:58:55.816,0.31129562854766846
2017-01-09 20:58:55.816,0.3110836446285248
2017-01-09 23:58:55.816,0.31084534525871277
2017-01-10 02:58:55.816,0.31127187609672546
2017-01-10 05:58:55.816,0.31226715445518494
2017-01-10 08:58:55.816,0.3123118579387665
2017-01-10 11:58:55.816,0.31297266483306885
2017-01-10 14:58:55.816,0.31404516100883484
2017-01-10 17:58:55.816,0.31421077251434326
2017-01-10 20:58:55.816,0.3142454922199249
2017-01-10 23:58:55.816,0.3150005340576172
2017-01-11 02:58:55.816,0.3159569799900055
2017-01-11 05:58:55.816,0.31632015109062195
2017-01-11 08:58:55.816,0.31633129715919495
2017-01-11 11:58:55.816,0.3164944350719452
2017-01-11 14:58:55.816,0.31704190373420715
2017-01-11 17:58:55.816,0.31724146008491516
2017-01-11 20:58:55.816,0.317431777715683
2017-01-11 23:58:55.816,0.31769582629203796
2017-01-12 02:58:55.816,0.31703293323516846
2017-01-12 05:58:55.816,0.3159194886684418
2017-01-12 08:58:55.816,0.3163507282733917
2017-01-12 11:58:55.816,0.3172587454319
2017-01-12 14:58:55.816,0.3180353343486786
2017-01-12 17:58:55.816,0.3181687295436859
2017-01-12 20:58:55.816,0.31794366240501404
2017-01-12 23:58:55.816,0.31726428866386414
2017-01-13 02:58:55.816,0.3169569671154022
2017-01-13 05:58:55.816,0.31676149368286133
2017-01-13 08:58:55.816,0.3165063261985779
2017-01-13 11:58:55.816,0.31597766280174255
2017-01-13 14:58:55.816,0.31603994965553284
2017-01-13 17:58:55.816,0.31582584977149963
2017-01-13 20:58:55.816,0.31534048914909363
2017-01-13 23:58:55.816,0.3152806758880615
2017-01-14 02:58:55.816,0.3143194615840912
2017-01-14 05:58:55.816,0.31360122561454773
2017-01-14 08:58:55.816,0.3138051927089691
2017-01-14 11:58:55.816,0.31370630860328674
2017-01-14 14:58:55.816,0.31316226720809937
2017-01-14 17:58:55.816,0.3125075101852417
2017-01-14 20:58:55.816,0.3120447099208832
2017-01-14 23:58:55.816,0.31204283237457275
2017-01-15 02:58:55.816,0.31256839632987976
2017-01-15 05:58:55.816,0.31320104002952576
2017-01-15 08:58:55.816,0.31363198161125183
2017-01-15 11:58:55.816,0.3138524293899536
2017-01-15 14:58:55.816,0.3139231503009796
2017-01-15 17:58:55.816,0.31349053978919983
2017-01-15 20:58:55.816,0.31290361285209656
2017-01-15 23:58:55.816,0.31332746148109436
2017-01-16 02:58:55.816,0.31395602226257324
2017-01-16 05:58:55.816,0.31367403268814087
2017-01-16 08:58:55.816,0.3136409819126129
2017-01-16 11:58:55.816,0.31412026286125183
2017-01-16 14:58:55.816,0.3143570125102997
2017-01-16 17:58:55.816,0.31419360637664795
2017-01-16 20:58:55.816,0.31402119994163513
2017-01-16 23:58:55.816,0.3137642443180084
2017-01-17 02:58:55.816,0.31384357810020447
2017-01-17 05:58:55.816,0.31394004821777344
2017-01-17 08:58:55.816,0.3141786456108093
2017-01-17 11:58:55.816,0.3140910565853119
2017-01-17 14:58:55.816,0.31399840116500854
2017-01-17 17:58:55.816,0.31350085139274597
2017-01-17 20:58:55.816,0.3128952980041504
2017-01-17 23:58:55.816,0.3116217255592346
2017-01-18 02:58:55.816,0.31149178743362427
2017-01-18 05:58:55.816,0.31173011660575867
2017-01-18 08:58:55.816,0.31158342957496643
2017-01-18 11:58:55.816,0.3106207549571991
2017-01-18 14:58:55.816,0.3110255300998688
2017-01-18 17:58:55.816,0.3116917610168457
2017-01-18 20:58:55.816,0.3116030693054199
2017-01-18 23:58:55.816,0.3115576207637787
2017-01-19 02:58:55.816,0.3119579255580902
2017-01-19 05:58:55.816,0.31274130940437317
2017-01-19 08:58:55.816,0.31348565220832825
2017-01-19 11:58:55.816,0.3138990104198456
2017-01-19 14:58:55.816,0.3145722448825836
2017-01-19 17:58:55.816,0.31496235728263855
2017-01-19 20:58:55.816,0.3150932788848877
2017-01-19 23:58:55.816,0.31526654958724976
2017-01-20 02:58:55.816,0.3157256245613098
2017-01-20 05:58:55.816,0.3158801198005676
2017-01-20 08:58:55.816,0.31462225317955017
2017-01-20 11:58:55.816,0.313445508480072
2017-01-20 14:58:55.816,0.3128538429737091
2017-01-20 17:58:55.816,0.31198859214782715
2017-01-20 20:58:55.816,0.31134143471717834
2017-01-20 23:58:55.816,0.31093382835388184
2017-01-21 02:58:55.816,0.3108426034450531
2017-01-21 05:58:55.816,0.3118884861469269
2017-01-21 08:58:55.816,0.3126195967197418
2017-01-21 11:58:55.816,0.31247392296791077
2017-01-21 14:58:55.816,0.3117698132991791
2017-01-21 17:58:55.816,0.31154242157936096
2017-01-21 20:58:55.816,0.3122642934322357
2017-01-21 23:58:55.816,0.312589555978775
2017-01-22 02:58:55.816,0.3124122619628906
2017-01-22 05:58:55.816,0.31271931529045105
2017-01-22 08:58:55.816,0.31303128600120544
2017-01-22 11:58:55.816,0.31316742300987244
2017-01-22 14:58:55.816,0.31389120221138
2017-01-22 17:58:55.816,0.31452155113220215
2017-01-22 20:58:55.816,0.31497374176979065
2017-01-22 23:58:55.816,0.3150770962238312
2017-01-23 02:58:55.816,0.3156631290912628
2017-01-23 05:58:55.816,0.315569669008255
2017-01-23 08:58:55.816,0.3148845434188843
2017-01-23 11:58:55.816,0.31506893038749695
2017-01-23 14:58:55.816,0.3152495324611664
2017-01-23 17:58:55.816,0.314737468957901
2017-01-23 20:58:55.816,0.3145793080329895
2017-01-23 23:58:55.816,0.31453585624694824
2017-01-24 02:58:55.816,0.31476518511772156
2017-01-24 05:58:55.816,0.31493645906448364
2017-01-24 08:58:55.816,0.3146298825740814
2017-01-24 11:58:55.816,0.3140639662742615
2017-01-24 14:58:55.816,0.313577264547348
2017-01-24 17:58:55.816,0.3133244216442108
2017-01-24 20:58:55.816,0.31315043568611145
2017-01-24 23:58:55.816,0.3129543960094452
2017-01-25 02:58:55.816,0.3130438029766083
2017-01-25 05:58:55.816,0.31350770592689514
2017-01-25 08:58:55.816,0.31450241804122925
2017-01-25 11:58:55.816,0.31525346636772156
2017-01-25 14:58:55.816,0.3148106634616852
2017-01-25 17:58:55.816,0.3139455318450928
2017-01-25 20:58:55.816,0.3136884868144989
2017-01-25 23:58:55.816,0.3141871690750122
2017-01-26 02:58:55.816,0.31473204493522644
2017-01-26 05:58:55.816,0.3142441511154175
2017-01-26 08:58:55.816,0.31335416436195374
2017-01-26 11:58:55.816,0.3129204511642456
2017-01-26 14:58:55.816,0.31272614002227783
2017-01-26 17:58:55.816,0.3129001259803772
2017-01-26 20:58:55.816,0.31321024894714355
2017-01-26 23:58:55.816,0.31342700123786926
2017-01-27 02:58:55.816,0.3138290345668793
2017-01-27 05:58:55.816,0.31439945101737976
2017-01-27 08:58:55.816,0.3146425783634186
2017-01-27 11:58:55.816,0.3147883713245392
2017-01-27 14:58:55.816,0.3152691125869751
2017-01-27 17:58:55.816,0.315889447927475
2017-01-27 20:58:55.816,0.31515297293663025
2017-01-27 23:58:55.816,0.31472641229629517
2017-01-28 02:58:55.816,0.31510886549949646
2017-01-28 05:58:55.816,0.315090149641037
2017-01-28 08:58:55.816,0.3148786723613739
2017-01-28 11:58:55.816,0.31483516097068787
2017-01-28 14:58:55.816,0.314024955034256
2017-01-28 17:58:55.816,0.313772976398468
2017-01-28 20:58:55.816,0.3140035569667816
2017-01-28 23:58:55.816,0.31403419375419617
2017-01-29 02:58:55.816,0.31409135460853577
2017-01-29 05:58:55.816,0.31412193179130554
2017-01-29 08:58:55.816,0.314073771238327
2017-01-29 11:58:55.816,0.31371986865997314
2017-01-29 14:58:55.816,0.31345871090888977
2017-01-29 17:58:55.816,0.3132499158382416
2017-01-29 20:58:55.816,0.3137481212615967
2017-01-29 23:58:55.816,0.3145793378353119
2017-01-30 02:58:55.816,0.31512540578842163
2017-01-30 05:58:55.816,0.31501999497413635
2017-01-30 08:58:55.816,0.31482455134391785
2017-01-30 11:58:55.816,0.3150792717933655
2017-01-30 14:58:55.816,0.315644234418869
2017-01-30 17:58:55.816,0.3160938322544098
2017-01-30 20:58:55.816,0.3165084421634674
2017-01-30 23:58:55.816,0.3164087235927582
2017-01-31 02:58:55.816,0.31566908955574036
2017-01-31 05:58:55.816,0.3150642216205597
2017-01-31 08:58:55.816,0.31526893377304077
2017-01-31 11:58:55.816,0.31565162539482117
2017-01-31 14:58:55.816,0.31570789217948914
2017-01-31 17:58:55.816,0.31550133228302
2017-01-31 20:58:55.816,0.31492123007774353
2017-01-31 23:58:55.816,0.31407085061073303
2017-02-01 02:58:55.816,0.31395718455314636
2017-02-01 05:58:55.816,0.31390145421028137
2017-02-01 08:58:55.816,0.3134097754955292
2017-02-01 11:58:55.816,0.3129465878009796
2017-02-01 14:58:55.816,0.31302979588508606
2017-02-01 17:58:55.816,0.3130170404911041
2017-02-01 20:58:55.816,0.3127328157424927
2017-02-01 23:58:55.816,0.3119112253189087
2017-02-02 02:58:55.816,0.3122381865978241
2017-02-02 05:58:55.816,0.31297004222869873
2017-02-02 08:58:55.816,0.31349945068359375
2017-02-02 11:58:55.816,0.3127996623516083
2017-02-02 14:58:55.816,0.31245723366737366
2017-02-02 17:58:55.816,0.3118152618408203
2017-02-02 20:58:55.816,0.3117384910583496
2017-02-02 23:58:55.816,0.3120836913585663
2017-02-03 02:58:55.816,0.3117935359477997
2017-02-03 05:58:55.816,0.3111630976200104
2017-02-03 08:58:55.816,0.31050828099250793
2017-02-03 11:58:55.816,0.3110595643520355
2017-02-03 14:58:55.816,0.3119620382785797
2017-02-03 17:58:55.816,0.31233465671539307
2017-02-03 20:58:55.816,0.3130567967891693
2017-02-03 23:58:55.816,0.31371158361434937
2017-02-04 02:58:55.816,0.3141043484210968
2017-02-04 05:58:55.816,0.31473296880722046
2017-02-04 08:58:55.816,0.3147793114185333
2017-02-04 11:58:55.816,0.3143155872821808
2017-02-04 14:58:55.816,0.3131764829158783
2017-02-04 17:58:55.816,0.31253525614738464
2017-02-04 20:58:55.816,0.31274718046188354
2017-02-04 23:58:55.816,0.312821626663208
2017-02-05 02:58:55.816,0.31257203221321106
2017-02-05 05:58:55.816,0.31274768710136414
2017-02-05 08:58:55.816,0.31263741850852966
2017-02-05 11:58:55.816,0.3121778070926666
2017-02-05 14:58:55.816,0.3118446171283722
2017-02-05 17:58:55.816,0.31238389015197754
2017-02-05 20:58:55.816,0.31266555190086365
2017-02-05 23:58:55.816,0.3134036362171173
2017-02-06 02:58:55.816,0.3139744997024536
2017-02-06 05:58:55.816,0.31469860672950745
2017-02-06 08:58:55.816,0.31545403599739075
2017-02-06 11:58:55.816,0.3153980076313019
2017-02-06 14:58:55.816,0.3155030310153961
2017-02-06 17:58:55.816,0.3145572245121002
2017-02-06 20:58:55.816,0.31433388590812683
2017-02-06 23:58:55.816,0.3148558437824249
2017-02-07 02:58:55.816,0.31541863083839417
2017-02-07 05:58:55.816,0.3141806125640869
2017-02-07 08:58:55.816,0.31303954124450684
2017-02-07 11:58:55.816,0.3126751780509949
2017-02-07 14:58:55.816,0.3136604428291321
2017-02-07 17:58:55.816,0.3143511712551117
2017-02-07 20:58:55.816,0.31492123007774353
2017-02-07 23:58:55.816,0.31539276242256165
2017-02-08 02:58:55.816,0.31497880816459656
2017-02-08 05:58:55.816,0.3139994442462921
2017-02-08 08:58:55.816,0.31370988488197327
2017-02-08 11:58:55.816,0.3135971426963806
2017-02-08 14:58:55.816,0.31332531571388245
2017-02-08 17:58:55.816,0.31331995129585266
2017-02-08 20:58:55.816,0.31436094641685486
2017-02-08 23:58:55.816,0.3150482475757599
2017-02-09 02:58:55.816,0.31546279788017273
2017-02-09 05:58:55.816,0.3154819905757904
2017-02-09 08:58:55.816,0.31538140773773193
2017-02-09 11:58:55.816,0.3150324821472168
2017-02-09 14:58:55.816,0.31544604897499084
2017-02-09 17:58:55.816,0.3158630430698395
2017-02-09 20:58:55.816,0.3162028193473816
2017-02-09 23:58:55.816,0.31604787707328796
2017-02-10 02:58:55.816,0.3150657117366791
2017-02-10 05:58:55.816,0.3137647807598114
2017-02-10 08:58:55.816,0.3126290738582611
2017-02-10 11:58:55.816,0.3125688433647156
2017-02-10 14:58:55.816,0.31304481625556946
2017-02-10 17:58:55.816,0.31289780139923096
2017-02-10 20:58:55.816,0.3127136528491974
2017-02-10 23:58:55.816,0.3129027783870697
2017-02-11 02:58:55.816,0.3123282194137573
2017-02-11 05:58:55.816,0.3116450309753418
2017-02-11 08:58:55.816,0.3111974596977234
2017-02-11 11:58:55.816,0.3109809160232544
2017-02-11 14:58:55.816,0.31091418862342834
2017-02-11 17:58:55.816,0.31153014302253723
2017-02-11 20:58:55.816,0.3121606111526489
2017-02-11 23:58:55.816,0.3112473487854004
2017-02-12 02:58:55.816,0.3101956844329834
2017-02-12 05:58:55.816,0.3097967803478241
2017-02-12 08:58:55.816,0.31007006764411926
2017-02-12 11:58:55.816,0.3104594051837921
2017-02-12 14:58:55.816,0.3102531135082245
2017-02-12 17:58:55.816,0.31137391924858093
2017-02-12 20:58:55.816,0.3127533495426178
2017-02-12 23:58:55.816,0.31345006823539734
2017-02-13 02:58:55.816,0.3131899833679199
2017-02-13 05:58:55.816,0.31341856718063354
2017-02-13 08:58:55.816,0.3133915364742279
2017-02-13 11:58:55.816,0.31364914774894714
2017-02-13 14:58:55.816,0.3138901889324188
2017-02-13 17:58:55.816,0.31407293677330017
2017-02-13 20:58:55.816,0.3129518926143646
2017-02-13 23:58:55.816,0.3115473985671997
2017-02-14 02:58:55.816,0.31092187762260437
2017-02-14 05:58:55.816,0.31049445271492004
2017-02-14 08:58:55.816,0.3101450502872467
2017-02-14 11:58:55.816,0.3107999861240387
2017-02-14 14:58:55.816,0.3116500973701477
2017-02-14 17:58:55.816,0.3121771514415741
2017-02-14 20:58:55.816,0.3127995431423187
2017-02-14 23:58:55.816,0.31369689106941223
2017-02-15 02:58:55.816,0.31386539340019226
2017-02-15 05:58:55.816,0.3143029510974884
2017-02-15 08:58:55.816,0.3146369159221649
2017-02-15 11:58:55.816,0.31465908885002136
2017-02-15 14:58:55.816,0.3144548535346985
2017-02-15 17:58:55.816,0.31417712569236755
2017-02-15 20:58:55.816,0.3147015869617462
2017-02-15 23:58:55.816,0.31474569439888
2017-02-16 02:58:55.816,0.31504321098327637
2017-02-16 05:58:55.816,0.3154447376728058
2017-02-16 08:58:55.816,0.31534427404403687
2017-02-16 11:58:55.816,0.3156682550907135
2017-02-16 14:58:55.816,0.31550008058547974
2017-02-16 17:58:55.816,0.3155948519706726
2017-02-16 20:58:55.816,0.3156742751598358
2017-02-16 23:58:55.816,0.3159734010696411
2017-02-17 02:58:55.816,0.3156631886959076
2017-02-17 05:58:55.816,0.3152834475040436
2017-02-17 08:58:55.816,0.3145919740200043
2017-02-17 11:58:55.816,0.3140399754047394
2017-02-17 14:58:55.816,0.31405749917030334
2017-02-17 17:58:55.816,0.3140728175640106
2017-02-17 20:58:55.816,0.3146596848964691
2017-02-17 23:58:55.816,0.3149047791957855
2017-02-18 02:58:55.816,0.3145374059677124
2017-02-18 05:58:55.816,0.3144322633743286
2017-02-18 08:58:55.816,0.31409648060798645
2017-02-18 11:58:55.816,0.31482845544815063
2017-02-18 14:58:55.816,0.31562578678131104
2017-02-18 17:58:55.816,0.31594547629356384
2017-02-18 20:58:55.816,0.31579890847206116
2017-02-18 23:58:55.816,0.315619558095932
2017-02-19 02:58:55.816,0.31493130326271057
2017-02-19 05:58:55.816,0.31411805748939514
2017-02-19 08:58:55.816,0.31495898962020874
2017-02-19 11:58:55.816,0.3156273066997528
2017-02-19 14:58:55.816,0.31585758924484253
2017-02-19 17:58:55.816,0.315901517868042
2017-02-19 20:58:55.816,0.3156695067882538
2017-02-19 23:58:55.816,0.31514450907707214
2017-02-20 02:58:55.816,0.3146684467792511
2017-02-20 05:58:55.816,0.31439319252967834
2017-02-20 08:58:55.816,0.3142037093639374
2017-02-20 11:58:55.816,0.31353750824928284
2017-02-20 14:58:55.816,0.3129558265209198
2017-02-20 17:58:55.816,0.31296420097351074
2017-02-20 20:58:55.816,0.31380391120910645
2017-02-20 23:58:55.816,0.31489065289497375
2017-02-21 02:58:55.816,0.3149207532405853
2017-02-21 05:58:55.816,0.3146243393421173
2017-02-21 08:58:55.816,0.31470176577568054
2017-02-21 11:58:55.816,0.3141307234764099
2017-02-21 14:58:55.816,0.3133217394351959
2017-02-21 17:58:55.816,0.3134637176990509
2017-02-21 20:58:55.816,0.31318724155426025
2017-02-21 23:58:55.816,0.31270110607147217
2017-02-22 02:58:55.816,0.3123583495616913
2017-02-22 05:58:55.816,0.31256014108657837
2017-02-22 08:58:55.816,0.3128182590007782
2017-02-22 11:58:55.816,0.3126246929168701
2017-02-22 14:58:55.816,0.31240275502204895
2017-02-22 17:58:55.816,0.311521977186203
2017-02-22 20:58:55.816,0.31122738122940063
2017-02-22 23:58:55.816,0.31189480423927307
2017-02-23 02:58:55.816,0.31213775277137756
2017-02-23 05:58:55.816,0.31174755096435547
2017-02-23 08:58:55.816,0.3120782673358917
2017-02-23 11:58:55.816,0.3125109374523163
2017-02-23 14:58:55.816,0.3126550316810608
2017-02-23 17:58:55.816,0.3134312033653259
2017-02-23 20:58:55.816,0.3134929835796356
2017-02-23 23:58:55.816,0.31356239318847656
2017-02-24 02:58:55.816,0.31411364674568176
2017-02-24 05:58:55.816,0.3143841028213501
2017-02-24 08:58:55.816,0.3138587772846222
2017-02-24 11:58:55.816,0.31422948837280273
2017-02-24 14:58:55.816,0.314619243144989
2017-02-24 17:58:55.816,0.3142955005168915
2017-02-24 20:58:55.816,0.3137834370136261
2017-02-24 23:58:55.816,0.31306684017181396
2017-02-25 02:58:55.816,0.3123885989189148
2017-02-25 05:58:55.816,0.31272831559181213
2017-02-25 08:58:55.816,0.313852995634079
2017-02-25 11:58:55.816,0.3151197135448456
2017-02-25 14:58:55.816,0.31619927287101746
2017-02-25 17:58:55.816,0.3165970742702484
2017-02-25 20:58:55.816,0.3161580264568329
2017-02-25 23:58:55.816,0.3157265782356262
2017-02-26 02:58:55.816,0.31559672951698303
2017-02-26 05:58:55.816,0.31555449962615967
2017-02-26 08:58:55.816,0.3143005073070526
2017-02-26 11:58:55.816,0.3143537938594818
2017-02-26 14:58:55.816,0.31465932726860046
2017-02-26 17:58:55.816,0.31489476561546326
2017-02-26 20:58:55.816,0.31550630927085876
2017-02-26 23:58:55.816,0.3157781958580017
2017-02-27 02:58:55.816,0.3155350983142853
2017-02-27 05:58:55.816,0.3160422146320343
2017-02-27 08:58:55.816,0.31668055057525635
2017-02-27 11:58:55.816,0.3168348968029022
2017-02-27 14:58:55.816,0.31707867980003357
2017-02-27 17:58:55.816,0.3173063397407532
2017-02-27 20:58:55.816,0.3168610632419586
2017-02-27 23:58:55.816,0.3162313401699066
2017-02-28 02:58:55.816,0.3154400587081909
2017-02-28 05:58:55.816,0.31457018852233887
2017-02-28 08:58:55.816,0.31390053033828735
2017-02-28 11:58:55.816,0.31400755047798157
2017-02-28 14:58:55.816,0.31446564197540283
2017-02-28 17:58:55.816,0.3145362138748169
2017-02-28 20:58:55.816,0.3144305646419525
2017-02-28 23:58:55.816,0.3147584795951843
2017-03-01 02:58:55.816,0.31435704231262207
2017-03-01 05:58:55.816,0.3130455017089844
2017-03-01 08:58:55.816,0.3119848370552063
2017-03-01 11:58:55.816,0.3121565282344818
2017-03-01 14:58:55.816,0.3121263086795807
2017-03-01 17:58:55.816,0.31168556213378906
2017-03-01 20:58:55.816,0.3121083676815033
2017-03-01 23:58:55.816,0.3128671646118164
2017-03-02 02:58:55.816,0.31301823258399963
2017-03-02 05:58:55.816,0.3131910264492035
2017-03-02 08:58:55.816,0.31378188729286194
2017-03-02 11:58:55.816,0.31431844830513
2017-03-02 14:58:55.816,0.31455090641975403
2017-03-02 17:58:55.816,0.3147965967655182
2017-03-02 20:58:55.816,0.3152681887149811
2017-03-02 23:58:55.816,0.3154663145542145
2017-03-03 02:58:55.816,0.31512001156806946
2017-03-03 05:58:55.816,0.3143697679042816
2017-03-03 08:58:55.816,0.3135834336280823
2017-03-03 11:58:55.816,0.31321486830711365
2017-03-03 14:58:55.816,0.312948614358902
2017-03-03 17:58:55.816,0.311870813369751
2017-03-03 20:58:55.816,0.31132712960243225
2017-03-03 23:58:55.816,0.3119983971118927
2017-03-04 02:58:55.816,0.31213778257369995
2017-03-04 05:58:55.816,0.31262660026550293
2017-03-04 08:58:55.816,0.31333205103874207
2017-03-04 11:58:55.816,0.3142145276069641
2017-03-04 14:58:55.816,0.315023809671402
2017-03-04 17:58:55.816,0.31583651900291443
2017-03-04 20:58:55.816,0.316496342420578
2017-03-04 23:58:55.816,0.31654348969459534
2017-03-05 02:58:55.816,0.31597900390625
2017-03-05 05:58:55.816,0.31575435400009155
2017-03-05 08:58:55.816,0.31591522693634033
2017-03-05 11:58:55.816,0.3156827688217163
2017-03-05 14:58:55.816,0.3158999979496002
2017-03-05 17:58:55.816,0.3166091740131378
2017-03-05 20:58:55.816,0.3161369860172272
2017-03-05 23:58:55.816,0.3154619336128235
2017-03-06 02:58:55.816,0.3146896958351135
2017-03-06 05:58:55.816,0.3140566051006317
2017-03-06 08:58:55.816,0.3140559792518616
2017-03-06 11:58:55.816,0.3135501742362976
2017-03-06 14:58:55.816,0.3133106529712677
2017-03-06 17:58:55.816,0.3138936460018158
2017-03-06 20:58:55.816,0.3149625360965729
2017-03-06 23:58:55.816,0.31539249420166016
2017-03-07 02:58:55.816,0.3153045177459717
2017-03-07 05:58:55.816,0.31549718976020813
2017-03-07 08:58:55.816,0.3155359923839569
2017-03-07 11:58:55.816,0.31571492552757263
2017-03-07 14:58:55.816,0.3162064552307129
2017-03-07 17:58:55.816,0.3158091604709625
2017-03-07 20:58:55.816,0.3157479166984558
2017-03-07 23:58:55.816,0.31644758582115173
2017-03-08 02:58:55.816,0.31719356775283813
2017-03-08 05:58:55.816,0.3175782263278961
2017-03-08 08:58:55.816,0.3176669478416443
2017-03-08 11:58:55.816,0.3170187473297119
2017-03-08 14:58:55.816,0.3162315785884857
2017-03-08 17:58:55.816,0.31546369194984436
2017-03-08 20:58:55.816,0.31505879759788513
2017-03-08 23:58:55.816,0.3141131103038788
2017-03-09 02:58:55.816,0.3138984441757202
2017-03-09 05:58:55.816,0.31394723057746887
2017-03-09 08:58:55.816,0.3137732744216919
2017-03-09 11:58:55.816,0.3134773075580597
2017-03-09 14:58:55.816,0.31363338232040405
2017-03-09 17:58:55.816,0.3140467703342438
2017-03-09 20:58:55.816,0.31406936049461365
2017-03-09 23:58:55.816,0.3140048086643219
2017-03-10 02:58:55.816,0.3136308491230011
2017-03-10 05:58:55.816,0.313122421503067
2017-03-10 08:58:55.816,0.3134097158908844
2017-03-10 11:58:55.816,0.3139004111289978
2017-03-10 14:58:55.816,0.3138086497783661
2017-03-10 17:58:55.816,0.3133220672607422
2017-03-10 20:58:55.816,0.3128391206264496
2017-03-10 23:58:55.816,0.3126678168773651
2017-03-11 02:58:55.816,0.3130536377429962
2017-03-11 05:58:55.816,0.31302425265312195
2017-03-11 08:58:55.816,0.31322893500328064
2017-03-11 11:58:55.816,0.312967449426651
2017-03-11 14:58:55.816,0.3126368522644043
2017-03-11 17:58:55.816,0.31201112270355225
2017-03-11 20:58:55.816,0.31133410334587097
2017-03-11 23:58:55.816,0.3115427494049072
2017-03-12 02:58:55.816,0.3117784261703491
2017-03-12 05:58:55.816,0.3124549686908722
2017-03-12 08:58:55.816,0.3134334981441498
2017-03-12 11:58:55.816,0.31385934352874756
2017-03-12 14:58:55.816,0.3138613998889923
2017-03-12 17:58:55.816,0.31436485052108765
2017-03-12 20:58:55.816,0.31406158208847046
2017-03-12 23:58:55.816,0.3141207993030548
2017-03-13 02:58:55.816,0.31369996070861816
2017-03-13 05:58:55.816,0.3133814036846161
2017-03-13 08:58:55.816,0.31349846720695496
2017-03-13 11:58:55.816,0.31370988488197327
2017-03-13 14:58:55.816,0.31409522891044617
2017-03-13 17:58:55.816,0.31412458419799805
2017-03-13 20:58:55.816,0.31428757309913635
2017-03-13 23:58:55.816,0.314601331949234
2017-03-14 02:58:55.816,0.31511667370796204
2017-03-14 05:58:55.816,0.31528350710868835
2017-03-14 08:58:55.816,0.3149019479751587
2017-03-14 11:58:55.816,0.3152488172054291
2017-03-14 14:58:55.816,0.31561365723609924
2017-03-14 17:58:55.816,0.31579041481018066
2017-03-14 20:58:55.816,0.31511402130126953
2017-03-14 23:58:55.816,0.31471675634384155
2017-03-15 02:58:55.816,0.3151228129863739
2017-03-15 05:58:55.816,0.3148280680179596
2017-03-15 08:58:55.816,0.3147488534450531
2017-03-15 11:58:55.816,0.3145744204521179
2017-03-15 14:58:55.816,0.3132731020450592
2017-03-15 17:58:55.816,0.312360942363739
2017-03-15 20:58:55.816,0.3119901716709137
2017-03-15 23:58:55.816,0.3119511902332306
2017-03-16 02:58:55.816,0.3121612071990967
2017-03-16 05:58:55.816,0.3121332824230194
2017-03-16 08:58:55.816,0.3118371367454529
2017-03-16 11:58:55.816,0.31185051798820496
2017-03-16 14:58:55.816,0.31231504678726196
2017-03-16 17:58:55.816,0.3129849135875702
2017-03-16 20:58:55.816,0.31312239170074463
2017-03-16 23:58:55.816,0.3139006197452545
2017-03-17 02:58:55.816,0.31459930539131165
2017-03-17 05:58:55.816,0.31553104519844055
2017-03-17 08:58:55.816,0.3162347674369812
2017-03-17 11:58:55.816,0.31618204712867737
2017-03-17 14:58:55.816,0.3153543174266815
2017-03-17 17:58:55.816,0.3148813545703888
2017-03-17 20:58:55.816,0.3148162066936493
2017-03-17 23:58:55.816,0.3148607611656189
2017-03-18 02:58:55.816,0.31407880783081055
2017-03-18 05:58:55.816,0.3143745958805084
2017-03-18 08:58:55.816,0.3147270381450653
2017-03-18 11:58:55.816,0.3148869574069977
2017-03-18 14:58:55.816,0.314876914024353
2017-03-18 17:58:55.816,0.3145754635334015
2017-03-18 20:58:55.816,0.3146984279155731
2017-03-18 23:58:55.816,0.31509923934936523
2017-03-19 02:58:55.816,0.3150034546852112
2017-03-19 05:58:55.816,0.31416675448417664
2017-03-19 08:58:55.816,0.3134208023548126
2017-03-19 11:58:55.816,0.31264397501945496
2017-03-19 14:58:55.816,0.3121092617511749
2017-03-19 17:58:55.816,0.31244128942489624
2017-03-19 20:58:55.816,0.31308260560035706
2017-03-19 23:58:55.816,0.3134215772151947
2017-03-20 02:58:55.816,0.31359314918518066
2017-03-20 05:58:55.816,0.31311115622520447
2017-03-20 08:58:55.816,0.3128565847873688
2017-03-20 11:58:55.816,0.3129384219646454
2017-03-20 14:58:55.816,0.31376269459724426
2017-03-20 17:58:55.816,0.3137936592102051
2017-03-20 20:58:55.816,0.31385862827301025
2017-03-20 23:58:55.816,0.31427106261253357
2017-03-21 02:58:55.816,0.3144775331020355
2017-03-21 05:58:55.816,0.31463176012039185
2017-03-21 08:58:55.816,0.3149799406528473
2017-03-21 11:58:55.816,0.31560584902763367
2017-03-21 14:58:55.816,0.31600049138069153
2017-03-21 17:58:55.816,0.3164689540863037
2017-03-21 20:58:55.816,0.31628552079200745
2017-03-21 23:58:55.816,0.3157716691493988
2017-03-22 02:58:55.816,0.3154350817203522
2017-03-22 05:58:55.816,0.3151765763759613
2017-03-22 08:58:55.816,0.31563708186149597
2017-03-22 11:58:55.816,0.3159933090209961
2017-03-22 14:58:55.816,0.316581130027771
2017-03-22 17:58:55.816,0.31723082065582275
2017-03-22 20:58:55.816,0.31744885444641113
2017-03-22 23:58:55.816,0.3171013295650482
2017-03-23 02:58:55.816,0.316449910402298
2017-03-23 05:58:55.816,0.31620487570762634
2017-03-23 08:58:55.816,0.3159208297729492
2017-03-23 11:58:55.816,0.3160584270954132
2017-03-23 14:58:55.816,0.3157893419265747
2017-03-23 17:58:55.816,0.3161449432373047
2017-03-23 20:58:55.816,0.3164820075035095
2017-03-23 23:58:55.816,0.31537869572639465
2017-03-24 02:58:55.816,0.31446537375450134
2017-03-24 05:58:55.816,0.31419917941093445
2017-03-24 08:58:55.816,0.31363293528556824
2017-03-24 11:58:55.816,0.31306615471839905
2017-03-24 14:58:55.816,0.3132142722606659
2017-03-24 17:58:55.816,0.31362178921699524
2017-03-24 20:58:55.816,0.31315985321998596
2017-03-24 23:58:55.816,0.3126792907714844
2017-03-25 02:58:55.816,0.31240275502204895
2017-03-25 05:58:55.816,0.3117882311344147
2017-03-25 08:58:55.816,0.31214720010757446
2017-03-25 11:58:55.816,0.3121829926967621
2017-03-25 14:58:55.816,0.31258440017700195
2017-03-25 17:58:55.816,0.3130885660648346
2017-03-25 20:58:55.816,0.31380313634872437
2017-03-25 23:58:55.816,0.31410080194473267
2017-03-26 02:58:55.816,0.31423741579055786
2017-03-26 05:58:55.816,0.31422293186187744
2017-03-26 08:58:55.816,0.3134159743785858
2017-03-26 11:58:55.816,0.3137490451335907
2017-03-26 14:58:55.816,0.3138013780117035
2017-03-26 17:58:55.816,0.31435826420783997
2017-03-26 20:58:55.816,0.3144761025905609
2017-03-26 23:58:55.816,0.3141822814941406
2017-03-27 02:58:55.816,0.3132401406764984
2017-03-27 05:58:55.816,0.31308647990226746
2017-03-27 08:58:55.816,0.31323862075805664
2017-03-27 11:58:55.816,0.3129051625728607
2017-03-27 14:58:55.816,0.31232795119285583
2017-03-27 17:58:55.816,0.31283167004585266
2017-03-27 20:58:55.816,0.31255897879600525
2017-03-27 23:58:55.816,0.311636358499527
2017-03-28 02:58:55.816,0.31080934405326843
2017-03-28 05:58:55.816,0.3106098175048828
2017-03-28 08:58:55.816,0.3111911118030548
2017-03-28 11:58:55.816,0.3119972050189972
2017-03-28 14:58:55.816,0.3116897642612457
2017-03-28 17:58:55.816,0.31138673424720764
2017-03-28 20:58:55.816,0.3107462227344513
2017-03-28 23:58:55.816,0.3104323446750641
2017-03-29 02:58:55.816,0.311119019985199
2017-03-29 05:58:55.816,0.31175628304481506
2017-03-29 08:58:55.816,0.3119561970233917
2017-03-29 11:58:55.816,0.31119081377983093
2017-03-29 14:58:55.816,0.31115633249282837
2017-03-29 17:58:55.816,0.3116784691810608
2017-03-29 20:58:55.816,0.31223204731941223
2017-03-29 23:58:55.816,0.3128206431865692
2017-03-30 02:58:55.816,0.3133310377597809
2017-03-30 05:58:55.816,0.3134540319442749
2017-03-30 08:58:55.816,0.3134230077266693
2017-03-30 11:58:55.816,0.31373539566993713
2017-03-30 14:58:55.816,0.313364714384079
2017-03-30 17:58:55.816,0.31353670358657837
2017-03-30 20:58:55.816,0.31287840008735657
2017-03-30 23:58:55.816,0.31223344802856445
2017-03-31 02:58:55.816,0.31242677569389343
2017-03-31 05:58:55.816,0.3128076195716858
2017-03-31 08:58:55.816,0.3130253255367279
2017-03-31 11:58:55.816,0.3133935034275055
2017-03-31 14:58:55.816,0.31370219588279724
2017-03-31 17:58:55.816,0.3131544589996338
2017-03-31 20:58:55.816,0.31367233395576477
2017-03-31 23:58:55.816,0.3144686818122864
2017-04-01 02:58:55.816,0.31482943892478943
2017-04-01 05:58:55.816,0.31547611951828003
2017-04-01 08:58:55.816,0.31612491607666016
2017-04-01 11:58:55.816,0.316851407289505
2017-04-01 14:58:55.816,0.3169468343257904
2017-04-01 17:58:55.816,0.3164237439632416
2017-04-01 20:58:55.816,0.31648582220077515
2017-04-01 23:58:55.816,0.31671425700187683
2017-04-02 02:58:55.816,0.31718045473098755
2017-04-02 05:58:55.816,0.31765997409820557
2017-04-02 08:58:55.816,0.3181781768798828
2017-04-02 11:58:55.816,0.31766703724861145
2017-04-02 14:58:55.816,0.3165517747402191
2017-04-02 17:58:55.816,0.31586965918540955
2017-04-02 20:58:55.816,0.316037654876709
2017-04-02 23:58:55.816,0.316692054271698
2017-04-03 02:58:55.816,0.31622248888015747
2017-04-03 05:58:55.816,0.31545010209083557
2017-04-03 08:58:55.816,0.3153773248195648
2017-04-03 11:58:55.816,0.3156639635562897
2017-04-03 14:58:55.816,0.31637123227119446
2017-04-03 17:58:55.816,0.3166293799877167
2017-04-03 20:58:55.816,0.3149072825908661
2017-04-03 23:58:55.816,0.3126172721385956
2017-04-04 02:58:55.816,0.31156572699546814
2017-04-04 05:58:55.816,0.3117123246192932
2017-04-04 08:58:55.816,0.3119352161884308
2017-04-04 11:58:55.816,0.3119509220123291
2017-04-04 14:58:55.816,0.31294015049934387
2017-04-04 17:58:55.816,0.3126029670238495
2017-04-04 20:58:55.816,0.31265661120414734
2017-04-04 23:58:55.816,0.3130645751953125
2017-04-05 02:58:55.816,0.312909871339798
2017-04-05 05:58:55.816,0.3124755322933197
2017-04-05 08:58:55.816,0.31181538105010986
2017-04-05 11:58:55.816,0.31599488854408264
2017-04-05 14:58:55.816,0.3216443359851837
2017-04-05 17:58:55.816,0.3175831139087677
2017-04-05 20:58:55.816,0.3150227665901184
2017-04-05 23:58:55.816,0.3132089376449585
2017-04-06 02:58:55.816,0.313035786151886
2017-04-06 05:58:55.816,0.3131188452243805
2017-04-06 08:58:55.816,0.3132062256336212
2017-04-06 11:58:55.816,0.31605395674705505
2017-04-06 14:58:55.816,0.3144069015979767
2017-04-06 17:58:55.816,0.3136764466762543
2017-04-06 20:58:55.816,0.3140842914581299
2017-04-06 23:58:55.816,0.31423935294151306
2017-04-07 02:58:55.816,0.3140263855457306
2017-04-07 05:58:55.816,0.3143870532512665
2017-04-07 08:58:55.816,0.3145853579044342
2017-04-07 11:58:55.816,0.3142174482345581
2017-04-07 14:58:55.816,0.31388574838638306
2017-04-07 17:58:55.816,0.31347182393074036
2017-04-07 20:58:55.816,0.3138255774974823
2017-04-07 23:58:55.816,0.3139743506908417
2017-04-08 02:58:55.816,0.31373265385627747
2017-04-08 05:58:55.816,0.3131581246852875
2017-04-08 08:58:55.816,0.3121897876262665
2017-04-08 11:58:55.816,0.3115401566028595
2017-04-08 14:58:55.816,0.3115438222885132
2017-04-08 17:58:55.816,0.31202009320259094
2017-04-08 20:58:55.816,0.31272515654563904
2017-04-08 23:58:55.816,0.3135281503200531
2017-04-09 02:58:55.816,0.31413570046424866
2017-04-09 05:58:55.816,0.3147023022174835
2017-04-09 08:58:55.816,0.31471648812294006
2017-04-09 11:58:55.816,0.3146441578865051
2017-04-09 14:58:55.816,0.3141113519668579
2017-04-09 17:58:55.816,0.31412169337272644
2017-04-09 20:58:55.816,0.31371620297431946
2017-04-09 23:58:55.816,0.31292104721069336
2017-04-10 02:58:55.816,0.31273797154426575
2017-04-10 05:58:55.816,0.312343567609787
2017-04-10 08:58:55.816,0.3125421702861786
2017-04-10 11:58:55.816,0.31347939372062683
2017-04-10 14:58:55.816,0.3140909671783447
2017-04-10 17:58:55.816,0.31430304050445557
2017-04-10 20:58:55.816,0.3142356276512146
2017-04-10 23:58:55.816,0.3142226040363312
2017-04-11 02:58:55.816,0.31424686312675476
2017-04-11 05:58:55.816,0.31439465284347534
2017-04-11 08:58:55.816,0.314424991607666
2017-04-11 11:58:55.816,0.3142675459384918
2017-04-11 14:58:55.816,0.31373050808906555
2017-04-11 17:58:55.816,0.31313198804855347
2017-04-11 20:58:55.816,0.31235137581825256
2017-04-11 23:58:55.816,0.31281426548957825
2017-04-12 02:58:55.816,0.3135758638381958
2017-04-12 05:58:55.816,0.3136281371116638
2017-04-12 08:58:55.816,0.3129420578479767
2017-04-12 11:58:55.816,0.3127002418041229
2017-04-12 14:58:55.816,0.3129260241985321
2017-04-12 17:58:55.816,0.3129480481147766
2017-04-12 20:58:55.816,0.3124019205570221
2017-04-12 23:58:55.816,0.31185057759284973
2017-04-13 02:58:55.816,0.3110455274581909
2017-04-13 05:58:55.816,0.3105274736881256
2017-04-13 08:58:55.816,0.3111829161643982
2017-04-13 11:58:55.816,0.31221166253089905
2017-04-13 14:58:55.816,0.31280428171157837
2017-04-13 17:58:55.816,0.31234613060951233
2017-04-13 20:58:55.816,0.31263819336891174
2017-04-13 23:58:55.816,0.313589483499527
2017-04-14 02:58:55.816,0.3136800527572632
2017-04-14 05:58:55.816,0.313880980014801
2017-04-14 08:58:55.816,0.31370750069618225
2017-04-14 11:58:55.816,0.31331849098205566
2017-04-14 14:58:55.816,0.3133041262626648
2017-04-14 17:58:55.816,0.3133573830127716
2017-04-14 20:58:55.816,0.3135313391685486
2017-04-14 23:58:55.816,0.3130607008934021
2017-04-15 02:58:55.816,0.3122626841068268
2017-04-15 05:58:55.816,0.3119705617427826
2017-04-15 08:58:55.816,0.3117656409740448
2017-04-15 11:58:55.816,0.3124525845050812
2017-04-15 14:58:55.816,0.3131261169910431
2017-04-15 17:58:55.816,0.3132702708244324
2017-04-15 20:58:55.816,0.31358933448791504
2017-04-15 23:58:55.816,0.31408774852752686
2017-04-16 02:58:55.816,0.31500014662742615
2017-04-16 05:58:55.816,0.31515422463417053
2017-04-16 08:58:55.816,0.314911425113678
2017-04-16 11:58:55.816,0.31512215733528137
2017-04-16 14:58:55.816,0.3148086965084076
2017-04-16 17:58:55.816,0.3138268291950226
2017-04-16 20:58:55.816,0.3134244382381439
2017-04-16 23:58:55.816,0.3136228024959564
2017-04-17 02:58:55.816,0.3133173882961273
2017-04-17 05:58:55.816,0.3132834732532501
2017-04-17 08:58:55.816,0.3136831820011139
2017-04-17 11:58:55.816,0.3142494261264801
2017-04-17 14:58:55.816,0.31457653641700745
2017-04-17 17:58:55.816,0.31539493799209595
2017-04-17 20:58:55.816,0.3155823051929474
2017-04-17 23:58:55.816,0.3149738311767578
2017-04-18 02:58:55.816,0.3144742548465729
2017-04-18 05:58:55.816,0.31389033794403076
2017-04-18 08:58:55.816,0.3134698271751404
2017-04-18 11:58:55.816,0.3132220208644867
2017-04-18 14:58:55.816,0.31341660022735596
2017-04-18 17:58:55.816,0.31323543190956116
2017-04-18 20:58:55.816,0.31167346239089966
2017-04-18 23:58:55.816,0.31105104088783264
2017-04-19 02:58:55.816,0.3113827407360077
2017-04-19 05:58:55.816,0.31145167350769043
2017-04-19 08:58:55.816,0.3112093210220337
2017-04-19 11:58:55.816,0.3117658793926239
2017-04-19 14:58:55.816,0.3125627934932709
2017-04-19 17:58:55.816,0.313275545835495
2017-04-19 20:58:55.816,0.31369295716285706
2017-04-19 23:58:55.816,0.31351110339164734
2017-04-20 02:58:55.816,0.31313830614089966
2017-04-20 05:58:55.816,0.31375324726104736
2017-04-20 08:58:55.816,0.3137727379798889
2017-04-20 11:58:55.816,0.3137248158454895
2017-04-20 14:58:55.816,0.31369104981422424
2017-04-20 17:58:55.816,0.314048707485199
2017-04-20 20:58:55.816,0.314227819442749
2017-04-20 23:58:55.816,0.3139817416667938
2017-04-21 02:58:55.816,0.3142178952693939
2017-04-21 05:58:55.816,0.31431901454925537
2017-04-21 08:58:55.816,0.3147205412387848
2017-04-21 11:58:55.816,0.31536760926246643
2017-04-21 14:58:55.816,0.315758615732193
2017-04-21 17:58:55.816,0.31570184230804443
2017-04-21 20:58:55.816,0.31558939814567566
2017-04-21 23:58:55.816,0.31515732407569885
2017-04-22 02:58:55.816,0.31475573778152466
2017-04-22 05:58:55.816,0.31485849618911743
2017-04-22 08:58:55.816,0.31473901867866516
2017-04-22 11:58:55.816,0.3154906928539276
2017-04-22 14:58:55.816,0.3155387341976166
2017-04-22 17:58:55.816,0.3147808611392975
2017-04-22 20:58:55.816,0.31494128704071045
2017-04-22 23:58:55.816,0.3146566152572632
2017-04-23 02:58:55.816,0.3143945336341858
2017-04-23 05:58:55.816,0.31449148058891296
2017-04-23 08:58:55.816,0.3148667812347412
2017-04-23 11:58:55.816,0.31497490406036377
2017-04-23 14:58:55.816,0.3150424361228943
2017-04-23 17:58:55.816,0.3152460753917694
2017-04-23 20:58:55.816,0.3156045377254486
2017-04-23 23:58:55.816,0.3163641393184662
2017-04-24 02:58:55.816,0.31613805890083313
2017-04-24 05:58:55.816,0.31614819169044495
2017-04-24 08:58:55.816,0.31651586294174194
2017-04-24 11:58:55.816,0.31666305661201477
2017-04-24 14:58:55.816,0.31782326102256775
2017-04-24 17:58:55.816,0.31648877263069153
2017-04-24 20:58:55.816,0.31552544236183167
2017-04-24 23:58:55.816,0.3154202997684479
2017-04-25 02:58:55.816,0.31600508093833923
2017-04-25 05:58:55.816,0.3162192702293396
2017-04-25 08:58:55.816,0.3158093988895416
2017-04-25 11:58:55.816,0.3172728717327118
2017-04-25 14:58:55.816,0.31805339455604553
2017-04-25 17:58:55.816,0.31712427735328674
2017-04-25 20:58:55.816,0.31650203466415405
2017-04-25 23:58:55.816,0.316094309091568
2017-04-26 02:58:55.816,0.31628456711769104
2017-04-26 05:58:55.816,0.3166782557964325
2017-04-26 08:58:55.816,0.31806740164756775
2017-04-26 11:58:55.816,0.32345351576805115
2017-04-26 14:58:55.816,0.3215639889240265
2017-04-26 17:58:55.816,0.3201332688331604
2017-04-26 20:58:55.816,0.3201584219932556
2017-04-26 23:58:55.816,0.3194262683391571
2017-04-27 02:58:55.816,0.3190148174762726
2017-04-27 05:58:55.816,0.31849798560142517
2017-04-27 08:58:55.816,0.31822308897972107
2017-04-27 11:58:55.816,0.31853678822517395
2017-04-27 14:58:55.816,0.31974607706069946
2017-04-27 17:58:55.816,0.31949639320373535
2017-04-27 20:58:55.816,0.319916307926178
2017-04-27 23:58:55.816,0.32062458992004395
2017-04-28 02:58:55.816,0.32095983624458313
2017-04-28 05:58:55.816,0.32115569710731506
2017-04-28 08:58:55.816,0.3210432827472687
2017-04-28 11:58:55.816,0.3264941871166229
2017-04-28 14:58:55.816,0.3287907838821411
2017-04-28 17:58:55.816,0.3244682848453522
2017-04-28 20:58:55.816,0.3238418400287628
2017-04-28 23:58:55.816,0.3232474625110626
2017-04-29 02:58:55.816,0.3220084607601166
2017-04-29 05:58:55.816,0.3210015594959259
2017-04-29 08:58:55.816,0.3210313320159912
2017-04-29 11:58:55.816,0.3351881802082062
2017-04-29 14:58:55.816,0.33910584449768066
2017-04-29 17:58:55.816,0.3296252191066742
2017-04-29 20:58:55.816,0.32695305347442627
2017-04-29 23:58:55.816,0.3250933289527893
2017-04-30 02:58:55.816,0.32371947169303894
2017-04-30 05:58:55.816,0.3224927484989166
2017-04-30 08:58:55.816,0.32156071066856384
2017-04-30 11:58:55.816,0.3207302987575531
2017-04-30 14:58:55.816,0.32024651765823364
2017-04-30 17:58:55.816,0.3195528984069824
2017-04-30 20:58:55.816,0.31856387853622437
2017-04-30 23:58:55.816,0.3182556927204132
2017-05-01 02:58:55.816,0.3182224929332733
2017-05-01 05:58:55.816,0.3179846704006195
2017-05-01 08:58:55.816,0.3181628882884979
2017-05-01 11:58:55.816,0.3194518983364105
2017-05-01 14:58:55.816,0.32665467262268066
2017-05-01 17:58:55.816,0.3255576193332672
2017-05-01 20:58:55.816,0.32483789324760437
2017-05-01 23:58:55.816,0.3239159882068634
2017-05-02 02:58:55.816,0.3224664330482483
2017-05-02 05:58:55.816,0.3215552568435669
2017-05-02 08:58:55.816,0.3269306719303131
2017-05-02 11:58:55.816,0.3482409417629242
2017-05-02 14:58:55.816,0.34577739238739014
2017-05-02 17:58:55.816,0.3365098237991333
2017-05-02 20:58:55.816,0.33338168263435364
2017-05-02 23:58:55.816,0.330751895904541
2017-05-03 02:58:55.816,0.32831326127052307
2017-05-03 05:58:55.816,0.32658305764198303
2017-05-03 08:58:55.816,0.3353022634983063
2017-05-03 11:58:55.816,0.361223965883255
2017-05-03 14:58:55.816,0.35607925057411194
2017-05-03 17:58:55.816,0.3424370586872101
2017-05-03 20:58:55.816,0.33807769417762756
2017-05-03 23:58:55.816,0.3356446921825409
2017-05-04 02:58:55.816,0.33328545093536377
2017-05-04 05:58:55.816,0.33151888847351074
2017-05-04 08:58:55.816,0.3511511981487274
2017-05-04 11:58:55.816,0.36642786860466003
2017-05-04 14:58:55.816,0.36234381794929504
2017-05-04 17:58:55.816,0.35043394565582275
2017-05-04 20:58:55.816,0.34502479434013367
2017-05-04 23:58:55.816,0.3429296314716339
2017-05-05 02:58:55.816,0.3424340486526489
2017-05-05 05:58:55.816,0.3596331775188446
2017-05-05 08:58:55.816,0.3750813901424408
2017-05-05 11:58:55.816,0.3753484785556793
2017-05-05 14:58:55.816,0.3629755675792694
2017-05-05 17:58:55.816,0.3551313877105713
2017-05-05 20:58:55.816,0.3494360148906708
2017-05-05 23:58:55.816,0.34606245160102844
2017-05-06 02:58:55.816,0.3434387147426605
2017-05-06 05:58:55.816,0.34191715717315674
2017-05-06 08:58:55.816,0.3405362069606781
2017-05-06 11:58:55.816,0.3397704064846039
2017-05-06 14:58:55.816,0.3394908607006073
2017-05-06 17:58:55.816,0.33922839164733887
2017-05-06 20:58:55.816,0.33813798427581787
2017-05-06 23:58:55.816,0.33758533000946045
2017-05-07 02:58:55.816,0.3370260000228882
2017-05-07 05:58:55.816,0.3369111120700836
2017-05-07 08:58:55.816,0.33685991168022156
2017-05-07 11:58:55.816,0.33629608154296875
2017-05-07 14:58:55.816,0.3364369571208954
2017-05-07 17:58:55.816,0.3368791341781616
2017-05-07 20:58:55.816,0.3371267318725586
2017-05-07 23:58:55.816,0.3366861045360565
2017-05-08 02:58:55.816,0.33572471141815186
2017-05-08 05:58:55.816,0.33497920632362366
2017-05-08 08:58:55.816,0.3336937129497528
2017-05-08 11:58:55.816,0.3329222500324249
2017-05-08 14:58:55.816,0.3321957290172577
2017-05-08 17:58:55.816,0.3320962190628052
2017-05-08 20:58:55.816,0.332592248916626
2017-05-08 23:58:55.816,0.3330722153186798
2017-05-09 02:58:55.816,0.33331459760665894
2017-05-09 05:58:55.816,0.3335985243320465
2017-05-09 08:58:55.816,0.33269986510276794
2017-05-09 11:58:55.816,0.33250704407691956
2017-05-09 14:58:55.816,0.33295780420303345
2017-05-09 17:58:55.816,0.3332727253437042
2017-05-09 20:58:55.816,0.3334706723690033
2017-05-09 23:58:55.816,0.3329383134841919
2017-05-10 02:58:55.816,0.3328581154346466
2017-05-10 05:58:55.816,0.33355972170829773
2017-05-10 08:58:55.816,0.33382824063301086
2017-05-10 11:58:55.816,0.33374762535095215
2017-05-10 14:58:55.816,0.3331489562988281
2017-05-10 17:58:55.816,0.332728773355484
2017-05-10 20:58:55.816,0.3333652913570404
2017-05-10 23:58:55.816,0.33401212096214294
2017-05-11 02:58:55.816,0.3339841365814209
2017-05-11 05:58:55.816,0.3340361416339874
2017-05-11 08:58:55.816,0.33410361409187317
2017-05-11 11:58:55.816,0.3338460922241211
2017-05-11 14:58:55.816,0.33341896533966064
2017-05-11 17:58:55.816,0.33318212628364563
2017-05-11 20:58:55.816,0.33349135518074036
2017-05-11 23:58:55.816,0.33333563804626465
2017-05-12 02:58:55.816,0.3332439959049225
2017-05-12 05:58:55.816,0.3329039514064789
2017-05-12 08:58:55.816,0.3329840898513794
2017-05-12 11:58:55.816,0.33319124579429626
2017-05-12 14:58:55.816,0.3323328495025635
2017-05-12 17:58:55.816,0.3312593400478363
2017-05-12 20:58:55.816,0.3306879997253418
2017-05-12 23:58:55.816,0.3304920792579651
2017-05-13 02:58:55.816,0.3302409052848816
2017-05-13 05:58:55.816,0.33088797330856323
2017-05-13 08:58:55.816,0.3317139148712158
2017-05-13 11:58:55.816,0.33130571246147156
2017-05-13 14:58:55.816,0.3314798176288605
2017-05-13 17:58:55.816,0.33208271861076355
2017-05-13 20:58:55.816,0.3323206603527069
2017-05-13 23:58:55.816,0.33251872658729553
2017-05-14 02:58:55.816,0.3328326642513275
2017-05-14 05:58:55.816,0.3330048620700836
2017-05-14 08:58:55.816,0.3328074514865875
2017-05-14 11:58:55.816,0.33288589119911194
2017-05-14 14:58:55.816,0.3326008915901184
2017-05-14 17:58:55.816,0.3321198523044586
2017-05-14 20:58:55.816,0.33302682638168335
2017-05-14 23:58:55.816,0.3333117663860321
2017-05-15 02:58:55.816,0.33319875597953796
2017-05-15 05:58:55.816,0.3333369195461273
2017-05-15 08:58:55.816,0.333091676235199
2017-05-15 11:58:55.816,0.3575368821620941
2017-05-15 14:58:55.816,0.363930344581604
2017-05-15 17:58:55.816,0.35134997963905334
2017-05-15 20:58:55.816,0.3480673134326935
2017-05-15 23:58:55.816,0.34555670619010925
2017-05-16 02:58:55.816,0.3435553014278412
2017-05-16 05:58:55.816,0.34257015585899353
2017-05-16 08:58:55.816,0.36355796456336975
2017-05-16 11:58:55.816,0.3758159875869751
2017-05-16 14:58:55.816,0.37267303466796875
2017-05-16 17:58:55.816,0.3626615107059479
2017-05-16 20:58:55.816,0.3559330701828003
2017-05-16 23:58:55.816,0.35284432768821716
2017-05-17 02:58:55.816,0.3502899706363678
2017-05-17 05:58:55.816,0.34920716285705566
2017-05-17 08:58:55.816,0.35346314311027527
2017-05-17 11:58:55.816,0.3639240562915802
2017-05-17 14:58:55.816,0.3675135672092438
2017-05-17 17:58:55.816,0.36406978964805603
2017-05-17 20:58:55.816,0.3568611145019531
2017-05-17 23:58:55.816,0.35313209891319275
2017-05-18 02:58:55.816,0.35090354084968567
2017-05-18 05:58:55.816,0.36019277572631836
2017-05-18 08:58:55.816,0.3829716444015503
2017-05-18 11:58:55.816,0.38917553424835205
2017-05-18 14:58:55.816,0.38492920994758606
2017-05-18 17:58:55.816,0.3762872517108917
2017-05-18 20:58:55.816,0.3715170919895172
2017-05-18 23:58:55.816,0.3716435134410858
2017-05-19 02:58:55.816,0.3721696436405182
2017-05-19 05:58:55.816,0.3732997179031372
2017-05-19 08:58:55.816,0.3754538595676422
2017-05-19 11:58:55.816,0.3823268413543701
2017-05-19 14:58:55.816,0.3817220628261566
2017-05-19 17:58:55.816,0.3780359923839569
2017-05-19 20:58:55.816,0.37237104773521423
2017-05-19 23:58:55.816,0.36925867199897766
2017-05-20 02:58:55.816,0.3656645119190216
2017-05-20 05:58:55.816,0.3705935478210449
2017-05-20 08:58:55.816,0.3790411055088043
2017-05-20 11:58:55.816,0.3818929195404053
2017-05-20 14:58:55.816,0.3762422800064087
2017-05-20 17:58:55.816,0.3715912103652954
2017-05-20 20:58:55.816,0.3686660826206207
2017-05-20 23:58:55.816,0.3668259084224701
2017-05-21 02:58:55.816,0.3650932312011719
2017-05-21 05:58:55.816,0.3714708983898163
2017-05-21 08:58:55.816,0.37965646386146545
2017-05-21 11:58:55.816,0.3782178461551666
2017-05-21 14:58:55.816,0.3742605447769165
2017-05-21 17:58:55.816,0.37122252583503723
2017-05-21 20:58:55.816,0.3690325915813446
2017-05-21 23:58:55.816,0.3677321672439575
2017-05-22 02:58:55.816,0.3669077455997467
2017-05-22 05:58:55.816,0.3694475591182709
2017-05-22 08:58:55.816,0.37040194869041443
2017-05-22 11:58:55.816,0.370993971824646
2017-05-22 14:58:55.816,0.36988911032676697
2017-05-22 17:58:55.816,0.3689833879470825
2017-05-22 20:58:55.816,0.36848267912864685
2017-05-22 23:58:55.816,0.36753392219543457
2017-05-23 02:58:55.816,0.3662486970424652
2017-05-23 05:58:55.816,0.36662182211875916
2017-05-23 08:58:55.816,0.3675115406513214
2017-05-23 11:58:55.816,0.36638203263282776
2017-05-23 14:58:55.816,0.36505326628685
2017-05-23 17:58:55.816,0.3631490468978882
2017-05-23 20:58:55.816,0.3620837926864624
2017-05-23 23:58:55.816,0.3617497980594635
2017-05-24 02:58:55.816,0.36173903942108154
2017-05-24 05:58:55.816,0.3611573874950409
2017-05-24 08:58:55.816,0.3607264459133148
2017-05-24 11:58:55.816,0.36069974303245544
2017-05-24 14:58:55.816,0.36121925711631775
2017-05-24 17:58:55.816,0.3621717393398285
2017-05-24 20:58:55.816,0.36192405223846436
2017-05-24 23:58:55.816,0.3617919981479645
2017-05-25 02:58:55.816,0.36208078265190125
2017-05-25 05:58:55.816,0.36089611053466797
2017-05-25 08:58:55.816,0.35980522632598877
2017-05-25 11:58:55.816,0.36028560996055603
2017-05-25 14:58:55.816,0.36155083775520325
2017-05-25 17:58:55.816,0.3604952096939087
2017-05-25 20:58:55.816,0.36119773983955383
2017-05-25 23:58:55.816,0.3613108694553375
2017-05-26 02:58:55.816,0.3605388402938843
2017-05-26 05:58:55.816,0.35964322090148926
2017-05-26 08:58:55.816,0.3591141402721405
2017-05-26 11:58:55.816,0.35931822657585144
2017-05-26 14:58:55.816,0.3569575846195221
2017-05-26 17:58:55.816,0.35752448439598083
2017-05-26 20:58:55.816,0.35799023509025574
2017-05-26 23:58:55.816,0.3577781617641449
2017-05-27 02:58:55.816,0.35707080364227295
2017-05-27 05:58:55.816,0.3571181297302246
2017-05-27 08:58:55.816,0.35828468203544617
2017-05-27 11:58:55.816,0.3578730821609497
2017-05-27 14:58:55.816,0.35718443989753723
2017-05-27 17:58:55.816,0.35666128993034363
2017-05-27 20:58:55.816,0.3559481203556061
2017-05-27 23:58:55.816,0.3556189239025116
2017-05-28 02:58:55.816,0.3556865155696869
2017-05-28 05:58:55.816,0.3555068075656891
2017-05-28 08:58:55.816,0.36050665378570557
2017-05-28 11:58:55.816,0.36387869715690613
2017-05-28 14:58:55.816,0.3650479018688202
2017-05-28 17:58:55.816,0.3644287586212158
2017-05-28 20:58:55.816,0.3627740442752838
2017-05-28 23:58:55.816,0.36120641231536865
2017-05-29 02:58:55.816,0.36001500487327576
2017-05-29 05:58:55.816,0.3598635494709015
2017-05-29 08:58:55.816,0.3633803129196167
2017-05-29 11:58:55.816,0.36441245675086975
2017-05-29 14:58:55.816,0.3631211817264557
2017-05-29 17:58:55.816,0.3611871302127838
2017-05-29 20:58:55.816,0.3597160577774048
2017-05-29 23:58:55.816,0.358024924993515
2017-05-30 02:58:55.816,0.3572734594345093
2017-05-30 05:58:55.816,0.3573446273803711
2017-05-30 08:58:55.816,0.35862335562705994
2017-05-30 11:58:55.816,0.3595697581768036
2017-05-30 14:58:55.816,0.3585534989833832
2017-05-30 17:58:55.816,0.3571065366268158
2017-05-30 20:58:55.816,0.3562140166759491
2017-05-30 23:58:55.816,0.35654160380363464
2017-05-31 02:58:55.816,0.35659193992614746
2017-05-31 05:58:55.816,0.35606303811073303
2017-05-31 08:58:55.816,0.3564138114452362
2017-05-31 11:58:55.816,0.35702359676361084
2017-05-31 14:58:55.816,0.35719311237335205
2017-05-31 17:58:55.816,0.3567666709423065
2017-05-31 20:58:55.816,0.35633376240730286
2017-05-31 23:58:55.816,0.35623252391815186
2017-06-01 02:58:55.816,0.3558560311794281
2017-06-01 05:58:55.816,0.35477325320243835
2017-06-01 08:58:55.816,0.35499486327171326
2017-06-01 11:58:55.816,0.35578927397727966
2017-06-01 14:58:55.816,0.35665932297706604
2017-06-01 17:58:55.816,0.35608384013175964
2017-06-01 20:58:55.816,0.35552164912223816
2017-06-01 23:58:55.816,0.3546063005924225
2017-06-02 02:58:55.816,0.35352373123168945
2017-06-02 05:58:55.816,0.35234424471855164
2017-06-02 08:58:55.816,0.35316237807273865
2017-06-02 11:58:55.816,0.35358932614326477
2017-06-02 14:58:55.816,0.3528694212436676
2017-06-02 17:58:55.816,0.35205045342445374
2017-06-02 20:58:55.816,0.35183069109916687
2017-06-02 23:58:55.816,0.35132232308387756
2017-06-03 02:58:55.816,0.351106733083725
2017-06-03 05:58:55.816,0.35118165612220764
2017-06-03 08:58:55.816,0.3509240448474884
2017-06-03 11:58:55.816,0.3505253791809082
2017-06-03 14:58:55.816,0.3502316474914551
2017-06-03 17:58:55.816,0.35050415992736816
2017-06-03 20:58:55.816,0.35101771354675293
2017-06-03 23:58:55.816,0.3514292538166046
2017-06-04 02:58:55.816,0.351092666387558
2017-06-04 05:58:55.816,0.3501664698123932
2017-06-04 08:58:55.816,0.3499687910079956
2017-06-04 11:58:55.816,0.34966930747032166
2017-06-04 14:58:55.816,0.34883832931518555
2017-06-04 17:58:55.816,0.3485848009586334
2017-06-04 20:58:55.816,0.34833112359046936
2017-06-04 23:58:55.816,0.3477593958377838
2017-06-05 02:58:55.816,0.3476877510547638
2017-06-05 05:58:55.816,0.3480527698993683
2017-06-05 08:58:55.816,0.35048219561576843
2017-06-05 11:58:55.816,0.3528282940387726
2017-06-05 14:58:55.816,0.3543633222579956
2017-06-05 17:58:55.816,0.3586330711841583
2017-06-05 20:58:55.816,0.3543766736984253
2017-06-05 23:58:55.816,0.352435827255249
2017-06-06 02:58:55.816,0.3517465591430664
2017-06-06 05:58:55.816,0.34952306747436523
2017-06-06 08:58:55.816,0.3530867099761963
2017-06-06 11:58:55.816,0.35304322838783264
2017-06-06 14:58:55.816,0.35037004947662354
2017-06-06 17:58:55.816,0.34954655170440674
2017-06-06 20:58:55.816,0.34954723715782166
2017-06-06 23:58:55.816,0.3490702211856842
2017-06-07 02:58:55.816,0.347928524017334
2017-06-07 05:58:55.816,0.34693214297294617
2017-06-07 08:58:55.816,0.34679797291755676
2017-06-07 11:58:55.816,0.34494736790657043
2017-06-07 14:58:55.816,0.35021495819091797
2017-06-07 17:58:55.816,0.3475914001464844
2017-06-07 20:58:55.816,0.3468993008136749
2017-06-07 23:58:55.816,0.3468153476715088
2017-06-08 02:58:55.816,0.34696248173713684
2017-06-08 05:58:55.816,0.34729066491127014
2017-06-08 08:58:55.816,0.345416396856308
2017-06-08 11:58:55.816,0.34372350573539734
2017-06-08 14:58:55.816,0.34761083126068115
2017-06-08 17:58:55.816,0.34564319252967834
2017-06-08 20:58:55.816,0.34510859847068787
2017-06-08 23:58:55.816,0.3449081480503082
2017-06-09 02:58:55.816,0.34458157420158386
2017-06-09 05:58:55.816,0.34926047921180725
2017-06-09 08:58:55.816,0.3457399606704712
2017-06-09 11:58:55.816,0.3436928987503052
2017-06-09 14:58:55.816,0.3465958833694458
2017-06-09 17:58:55.816,0.3447192907333374
2017-06-09 20:58:55.816,0.3433670103549957
2017-06-09 23:58:55.816,0.34229186177253723
2017-06-10 02:58:55.816,0.3420175313949585
2017-06-10 05:58:55.816,0.3453940451145172
2017-06-10 08:58:55.816,0.34285664558410645
2017-06-10 11:58:55.816,0.3411664664745331
2017-06-10 14:58:55.816,0.3430691659450531
2017-06-10 17:58:55.816,0.34222161769866943
2017-06-10 20:58:55.816,0.3418755531311035
2017-06-10 23:58:55.816,0.3411462604999542
2017-06-11 02:58:55.816,0.34100261330604553
2017-06-11 05:58:55.816,0.3422609269618988
2017-06-11 08:58:55.816,0.34211409091949463
2017-06-11 11:58:55.816,0.3411802053451538
2017-06-11 14:58:55.816,0.34037038683891296
2017-06-11 17:58:55.816,0.3400820791721344
2017-06-11 20:58:55.816,0.3403279781341553
2017-06-11 23:58:55.816,0.34093451499938965
2017-06-12 02:58:55.816,0.34126901626586914
2017-06-12 05:58:55.816,0.3404207229614258
2017-06-12 08:58:55.816,0.33830389380455017
2017-06-12 11:58:55.816,0.33603838086128235
2017-06-12 14:58:55.816,0.33555829524993896
2017-06-12 17:58:55.816,0.3350273668766022
2017-06-12 20:58:55.816,0.3351105749607086
2017-06-12 23:58:55.816,0.33591142296791077
2017-06-13 02:58:55.816,0.3366646468639374
2017-06-13 05:58:55.816,0.335916668176651
2017-06-13 08:58:55.816,0.33554425835609436
2017-06-13 11:58:55.816,0.33425959944725037
2017-06-13 14:58:55.816,0.3338385820388794
2017-06-13 17:58:55.816,0.3333865702152252
2017-06-13 20:58:55.816,0.33265841007232666
2017-06-13 23:58:55.816,0.3318098187446594
2017-06-14 02:58:55.816,0.3321075141429901
2017-06-14 05:58:55.816,0.32734981179237366
2017-06-14 08:58:55.816,0.3277468681335449
2017-06-14 11:58:55.816,0.3265795409679413
2017-06-14 14:58:55.816,0.3272741138935089
2017-06-14 17:58:55.816,0.3276679515838623
2017-06-14 20:58:55.816,0.32888805866241455
2017-06-14 23:58:55.816,0.3305914103984833
2017-06-15 02:58:55.816,0.3317280411720276
2017-06-15 05:58:55.816,0.33145835995674133
2017-06-15 08:58:55.816,0.33105459809303284
2017-06-15 11:58:55.816,0.33182451128959656
2017-06-15 14:58:55.816,0.33015406131744385
2017-06-15 17:58:55.816,0.33148542046546936
2017-06-15 20:58:55.816,0.33255478739738464
2017-06-15 23:58:55.816,0.33284592628479004
2017-06-16 02:58:55.816,0.3324733078479767
2017-06-16 05:58:55.816,0.32958081364631653
2017-06-16 08:58:55.816,0.32857009768486023
2017-06-16 11:58:55.816,0.32833120226860046
2017-06-16 14:58:55.816,0.3241291046142578
2017-06-16 17:58:55.816,0.3378763198852539
2017-06-16 20:58:55.816,0.34367647767066956
2017-06-16 23:58:55.816,0.34211465716362
2017-06-17 02:58:55.816,0.33936500549316406
2017-06-17 05:58:55.816,0.32761064171791077
2017-06-17 08:58:55.816,0.32934850454330444
2017-06-17 11:58:55.816,0.3289773464202881
2017-06-17 14:58:55.816,0.32346490025520325
2017-06-17 17:58:55.816,0.32679980993270874
2017-06-17 20:58:55.816,0.33024412393569946
2017-06-17 23:58:55.816,0.3384675681591034
2017-06-18 02:58:55.816,0.33992910385131836
2017-06-18 05:58:55.816,0.338930606842041
2017-06-18 08:58:55.816,0.3576958179473877
2017-06-18 11:58:55.816,0.3578663766384125
2017-06-18 14:58:55.816,0.349749892950058
2017-06-18 17:58:55.816,0.3481110632419586
2017-06-18 20:58:55.816,0.34612807631492615
2017-06-18 23:58:55.816,0.34391263127326965
2017-06-19 02:58:55.816,0.34226155281066895
2017-06-19 05:58:55.816,0.3383268117904663
2017-06-19 08:58:55.816,0.3373527526855469
2017-06-19 11:58:55.816,0.33713266253471375
2017-06-19 14:58:55.816,0.3321962058544159
2017-06-19 17:58:55.816,0.33428338170051575
2017-06-19 20:58:55.816,0.3347916305065155
2017-06-19 23:58:55.816,0.3350524604320526
2017-06-20 02:58:55.816,0.3341973125934601
2017-06-20 05:58:55.816,0.32699206471443176
2017-06-20 08:58:55.816,0.3320833742618561
2017-06-20 11:58:55.816,0.33327731490135193
2017-06-20 14:58:55.816,0.329571932554245
2017-06-20 17:58:55.816,0.3320363461971283
2017-06-20 20:58:55.816,0.33298757672309875
2017-06-20 23:58:55.816,0.3326839506626129
2017-06-21 02:58:55.816,0.334197998046875
2017-06-21 05:58:55.816,0.3393726348876953
2017-06-21 08:58:55.816,0.34137919545173645
2017-06-21 11:58:55.816,0.33831408619880676
2017-06-21 14:58:55.816,0.3343050181865692
2017-06-21 17:58:55.816,0.33569738268852234
2017-06-21 20:58:55.816,0.33559170365333557
2017-06-21 23:58:55.816,0.3353394567966461
2017-06-22 02:58:55.816,0.335105299949646
2017-06-22 05:58:55.816,0.328965961933136
2017-06-22 08:58:55.816,0.3301088213920593
2017-06-22 11:58:55.816,0.3300537168979645
2017-06-22 14:58:55.816,0.32629916071891785
2017-06-22 17:58:55.816,0.3274203836917877
2017-06-22 20:58:55.816,0.32749590277671814
2017-06-22 23:58:55.816,0.32733702659606934
2017-06-23 02:58:55.816,0.3272867202758789
2017-06-23 05:58:55.816,0.31797921657562256
2017-06-23 08:58:55.816,0.3194082975387573
2017-06-23 11:58:55.816,0.31981176137924194
2017-06-23 14:58:55.816,0.3113221228122711
2017-06-23 17:58:55.816,0.3133262097835541
2017-06-23 20:58:55.816,0.31528767943382263
2017-06-23 23:58:55.816,0.31661903858184814
2017-06-24 02:58:55.816,0.31787750124931335
2017-06-24 05:58:55.816,0.3134101927280426
2017-06-24 08:58:55.816,0.31471291184425354
2017-06-24 11:58:55.816,0.3153822124004364
2017-06-24 14:58:55.816,0.3114517629146576
2017-06-24 17:58:55.816,0.31960150599479675
2017-06-24 20:58:55.816,0.3329814374446869
2017-06-24 23:58:55.816,0.3370918333530426
2017-06-25 02:58:55.816,0.33932700753211975
2017-06-25 05:58:55.816,0.3358326256275177
2017-06-25 08:58:55.816,0.3341207504272461
2017-06-25 11:58:55.816,0.33252277970314026
2017-06-25 14:58:55.816,0.3300990164279938
2017-06-25 17:58:55.816,0.3314080536365509
2017-06-25 20:58:55.816,0.3313644230365753
2017-06-25 23:58:55.816,0.33286580443382263
2017-06-26 02:58:55.816,0.333840936422348
2017-06-26 05:58:55.816,0.33397364616394043
2017-06-26 08:58:55.816,0.339898020029068
2017-06-26 11:58:55.816,0.3383290767669678
2017-06-26 14:58:55.816,0.3315032720565796
2017-06-26 17:58:55.816,0.3321734070777893
2017-06-26 20:58:55.816,0.3315970003604889
2017-06-26 23:58:55.816,0.334127277135849
2017-06-27 02:58:55.816,0.3341279923915863
2017-06-27 05:58:55.816,0.33299520611763
2017-06-27 08:58:55.816,0.33526381850242615
2017-06-27 11:58:55.816,0.3338238298892975
2017-06-27 14:58:55.816,0.3331569731235504
2017-06-27 17:58:55.816,0.3353455364704132
2017-06-27 20:58:55.816,0.3364832401275635
2017-06-27 23:58:55.816,0.33312514424324036
2017-06-28 02:58:55.816,0.33094117045402527
2017-06-28 05:58:55.816,0.3280216157436371
2017-06-28 08:58:55.816,0.3276573717594147
2017-06-28 11:58:55.816,0.3270827829837799
2017-06-28 14:58:55.816,0.3229246437549591
2017-06-28 17:58:55.816,0.3230510950088501
2017-06-28 20:58:55.816,0.3237565755844116
2017-06-28 23:58:55.816,0.3242899179458618
2017-06-29 02:58:55.816,0.32404205203056335
2017-06-29 05:58:55.816,0.3199058771133423
2017-06-29 08:58:55.816,0.32429781556129456
2017-06-29 11:58:55.816,0.3237420618534088
2017-06-29 14:58:55.816,0.321845680475235
2017-06-29 17:58:55.816,0.32182249426841736
2017-06-29 20:58:55.816,0.32274335622787476
2017-06-29 23:58:55.816,0.32425329089164734
2017-06-30 02:58:55.816,0.32559117674827576
2017-06-30 05:58:55.816,0.3246959447860718
2017-06-30 08:58:55.816,0.3226759731769562
2017-06-30 11:58:55.816,0.31988123059272766
2017-06-30 14:58:55.816,0.32100221514701843
2017-06-30 17:58:55.816,0.3200136125087738
2017-06-30 20:58:55.816,0.32018351554870605
2017-06-30 23:58:55.816,0.32060471177101135
2017-07-01 02:58:55.816,0.3209824562072754
2017-07-01 05:58:55.816,0.3206828236579895
2017-07-01 08:58:55.816,0.3188595473766327
2017-07-01 11:58:55.816,0.3173816502094269
2017-07-01 14:58:55.816,0.317748099565506
2017-07-01 17:58:55.816,0.31786611676216125
2017-07-01 20:58:55.816,0.3187865912914276
2017-07-01 23:58:55.816,0.3193795382976532
2017-07-02 02:58:55.816,0.3187215328216553
2017-07-02 05:58:55.816,0.31404420733451843
2017-07-02 08:58:55.816,0.31400203704833984
2017-07-02 11:58:55.816,0.31294289231300354
2017-07-02 14:58:55.816,0.3111462891101837
2017-07-02 17:58:55.816,0.31228435039520264
2017-07-02 20:58:55.816,0.31427302956581116
2017-07-02 23:58:55.816,0.3181607127189636
2017-07-03 02:58:55.816,0.3196607530117035
2017-07-03 05:58:55.816,0.3163200318813324
2017-07-03 08:58:55.816,0.3156950771808624
2017-07-03 11:58:55.816,0.318887859582901
2017-07-03 14:58:55.816,0.31627604365348816
2017-07-03 17:58:55.816,0.3179345726966858
2017-07-03 20:58:55.816,0.3240226209163666
2017-07-03 23:58:55.816,0.33308646082878113
2017-07-04 02:58:55.816,0.33348825573921204
2017-07-04 05:58:55.816,0.3418257534503937
2017-07-04 08:58:55.816,0.3333784341812134
2017-07-04 11:58:55.816,0.330844908952713
2017-07-04 14:58:55.816,0.32723453640937805
2017-07-04 17:58:55.816,0.3425489664077759
2017-07-04 20:58:55.816,0.35612964630126953
2017-07-04 23:58:55.816,0.3432018458843231
2017-07-05 02:58:55.816,0.3390306532382965
2017-07-05 05:58:55.816,0.3393190801143646
2017-07-05 08:58:55.816,0.3436305820941925
2017-07-05 11:58:55.816,0.34508809447288513
2017-07-05 14:58:55.816,0.3473937213420868
2017-07-05 17:58:55.816,0.34821048378944397
2017-07-05 20:58:55.816,0.34454819560050964
2017-07-05 23:58:55.816,0.34325042366981506
2017-07-06 02:58:55.816,0.3422473669052124
2017-07-06 05:58:55.816,0.34059789776802063
2017-07-06 08:58:55.816,0.3366281986236572
2017-07-06 11:58:55.816,0.33362457156181335
2017-07-06 14:58:55.816,0.33153432607650757
2017-07-06 17:58:55.816,0.3300146758556366
2017-07-06 20:58:55.816,0.32845255732536316
2017-07-06 23:58:55.816,0.32702353596687317
2017-07-07 02:58:55.816,0.3250245749950409
2017-07-07 05:58:55.816,0.32473957538604736
2017-07-07 08:58:55.816,0.32190248370170593
2017-07-07 11:58:55.816,0.31879839301109314
2017-07-07 14:58:55.816,0.32284218072891235
2017-07-07 17:58:55.816,0.3203970789909363
2017-07-07 20:58:55.816,0.32071951031684875
2017-07-07 23:58:55.816,0.32092395424842834
2017-07-08 02:58:55.816,0.3213556408882141
2017-07-08 05:58:55.816,0.3240813910961151
2017-07-08 08:58:55.816,0.3211979568004608
2017-07-08 11:58:55.816,0.31966933608055115
2017-07-08 14:58:55.816,0.32323285937309265
2017-07-08 17:58:55.816,0.32067710161209106
2017-07-08 20:58:55.816,0.319764107465744
2017-07-08 23:58:55.816,0.31937894225120544
2017-07-09 02:58:55.816,0.31909891963005066
2017-07-09 05:58:55.816,0.32186493277549744
2017-07-09 08:58:55.816,0.31934669613838196
2017-07-09 11:58:55.816,0.316365510225296
2017-07-09 14:58:55.816,0.3174486458301544
2017-07-09 17:58:55.816,0.31578749418258667
2017-07-09 20:58:55.816,0.31641948223114014
2017-07-09 23:58:55.816,0.31719455122947693
2017-07-10 02:58:55.816,0.3177465498447418
2017-07-10 05:58:55.816,0.3174847662448883
2017-07-10 08:58:55.816,0.3171114921569824
2017-07-10 11:58:55.816,0.3218674957752228
2017-07-10 14:58:55.816,0.3228585124015808
2017-07-10 17:58:55.816,0.33019039034843445
2017-07-10 20:58:55.816,0.3340524137020111
2017-07-10 23:58:55.816,0.3308316171169281
2017-07-11 02:58:55.816,0.3292030096054077
2017-07-11 05:58:55.816,0.3258194923400879
2017-07-11 08:58:55.816,0.32224607467651367
2017-07-11 11:58:55.816,0.3175390064716339
2017-07-11 14:58:55.816,0.3149068057537079
2017-07-11 17:58:55.816,0.3191184103488922
2017-07-11 20:58:55.816,0.3191972076892853
2017-07-11 23:58:55.816,0.3196128308773041
2017-07-12 02:58:55.816,0.322365939617157
2017-07-12 05:58:55.816,0.3198148310184479
2017-07-12 08:58:55.816,0.31814131140708923
2017-07-12 11:58:55.816,0.3158605992794037
2017-07-12 14:58:55.816,0.3207627236843109
2017-07-12 17:58:55.816,0.32528090476989746
2017-07-12 20:58:55.816,0.3257240951061249
2017-07-12 23:58:55.816,0.32471123337745667
2017-07-13 02:58:55.816,0.3265680968761444
2017-07-13 05:58:55.816,0.3321355879306793
2017-07-13 08:58:55.816,0.3469942808151245
2017-07-13 11:58:55.816,0.34046193957328796
2017-07-13 14:58:55.816,0.3344780206680298
2017-07-13 17:58:55.816,0.3342238962650299
2017-07-13 20:58:55.816,0.3449831008911133
2017-07-13 23:58:55.816,0.33566394448280334
2017-07-14 02:58:55.816,0.3341914117336273
2017-07-14 05:58:55.816,0.3330162465572357
2017-07-14 08:58:55.816,0.3319764733314514
2017-07-14 11:58:55.816,0.3331308662891388
2017-07-14 14:58:55.816,0.3759346008300781
2017-07-14 17:58:55.816,0.34051764011383057
2017-07-14 20:58:55.816,0.3368196189403534
2017-07-14 23:58:55.816,0.33384469151496887
2017-07-15 02:58:55.816,0.33207812905311584
2017-07-15 05:58:55.816,0.33178043365478516
2017-07-15 08:58:55.816,0.3352985084056854
2017-07-15 11:58:55.816,0.33141377568244934
2017-07-15 14:58:55.816,0.32930299639701843
2017-07-15 17:58:55.816,0.3269774615764618
2017-07-15 20:58:55.816,0.3268137276172638
2017-07-15 23:58:55.816,0.32528772950172424
2017-07-16 02:58:55.816,0.32352909445762634
2017-07-16 05:58:55.816,0.3221663534641266
2017-07-16 08:58:55.816,0.320186585187912
2017-07-16 11:58:55.816,0.3182108700275421
2017-07-16 14:58:55.816,0.3208375573158264
2017-07-16 17:58:55.816,0.3182391822338104
2017-07-16 20:58:55.816,0.31850144267082214
2017-07-16 23:58:55.816,0.32713302969932556
2017-07-17 02:58:55.816,0.3349877595901489
2017-07-17 05:58:55.816,0.3317433297634125
2017-07-17 08:58:55.816,0.32949092984199524
2017-07-17 11:58:55.816,0.32923880219459534
2017-07-17 14:58:55.816,0.3332734704017639
2017-07-17 17:58:55.816,0.34417352080345154
2017-07-17 20:58:55.816,0.34123194217681885
2017-07-17 23:58:55.816,0.33971107006073
2017-07-18 02:58:55.816,0.34110403060913086
2017-07-18 05:58:55.816,0.3387646973133087
2017-07-18 08:58:55.816,0.3369603455066681
2017-07-18 11:58:55.816,0.3405735492706299
2017-07-18 14:58:55.816,0.3396695852279663
2017-07-18 17:58:55.816,0.3454614579677582
2017-07-18 20:58:55.816,0.35466206073760986
2017-07-18 23:58:55.816,0.34705448150634766
2017-07-19 02:58:55.816,0.3413503170013428
2017-07-19 05:58:55.816,0.3393523693084717
2017-07-19 08:58:55.816,0.33588647842407227
2017-07-19 11:58:55.816,0.33254900574684143
2017-07-19 14:58:55.816,0.33288300037384033
2017-07-19 17:58:55.816,0.33090314269065857
2017-07-19 20:58:55.816,0.3304382264614105
2017-07-19 23:58:55.816,0.32999977469444275
2017-07-20 02:58:55.816,0.32937195897102356
2017-07-20 05:58:55.816,0.3305828869342804
2017-07-20 08:58:55.816,0.3284400999546051
2017-07-20 11:58:55.816,0.3265537917613983
2017-07-20 14:58:55.816,0.32642218470573425
2017-07-20 17:58:55.816,0.3252950608730316
2017-07-20 20:58:55.816,0.32456761598587036
2017-07-20 23:58:55.816,0.32392892241477966
2017-07-21 02:58:55.816,0.3233717679977417
2017-07-21 05:58:55.816,0.3232850730419159
2017-07-21 08:58:55.816,0.3204449713230133
2017-07-21 11:58:55.816,0.3159548044204712
2017-07-21 14:58:55.816,0.31447187066078186
2017-07-21 17:58:55.816,0.31440815329551697
2017-07-21 20:58:55.816,0.3161218464374542
2017-07-21 23:58:55.816,0.3172195255756378
2017-07-22 02:58:55.816,0.31793609261512756
2017-07-22 05:58:55.816,0.3194263279438019
2017-07-22 08:58:55.816,0.3189334571361542
2017-07-22 11:58:55.816,0.31729698181152344
2017-07-22 14:58:55.816,0.3173345625400543
2017-07-22 17:58:55.816,0.31655728816986084
2017-07-22 20:58:55.816,0.3163527548313141
2017-07-22 23:58:55.816,0.31691503524780273
2017-07-23 02:58:55.816,0.31709733605384827
2017-07-23 05:58:55.816,0.3185565769672394
2017-07-23 08:58:55.816,0.3163628578186035
2017-07-23 11:58:55.816,0.31257984042167664
2017-07-23 14:58:55.816,0.31305649876594543
2017-07-23 17:58:55.816,0.3119557499885559
2017-07-23 20:58:55.816,0.3125242292881012
2017-07-23 23:58:55.816,0.31371498107910156
2017-07-24 02:58:55.816,0.3145465552806854
2017-07-24 05:58:55.816,0.3150390684604645
2017-07-24 08:58:55.816,0.3143117129802704
2017-07-24 11:58:55.816,0.31183722615242004
2017-07-24 14:58:55.816,0.31301307678222656
2017-07-24 17:58:55.816,0.31155169010162354
2017-07-24 20:58:55.816,0.3127060830593109
2017-07-24 23:58:55.816,0.314003586769104
2017-07-25 02:58:55.816,0.31500115990638733
2017-07-25 05:58:55.816,0.3160986006259918
2017-07-25 08:58:55.816,0.3121185004711151
2017-07-25 11:58:55.816,0.30665919184684753
2017-07-25 14:58:55.816,0.3077830970287323
2017-07-25 17:58:55.816,0.3055088222026825
2017-07-25 20:58:55.816,0.30609145760536194
2017-07-25 23:58:55.816,0.3062008023262024
2017-07-26 02:58:55.816,0.30544808506965637
2017-07-26 05:58:55.816,0.3071092963218689
2017-07-26 08:58:55.816,0.3047609031200409
2017-07-26 11:58:55.816,0.30117204785346985
2017-07-26 14:58:55.816,0.3046082556247711
2017-07-26 17:58:55.816,0.30427366495132446
2017-07-26 20:58:55.816,0.30502456426620483
2017-07-26 23:58:55.816,0.3060460090637207
2017-07-27 02:58:55.816,0.3073040246963501
2017-07-27 05:58:55.816,0.3065136969089508
2017-07-27 08:58:55.816,0.3166694939136505
2017-07-27 11:58:55.816,0.31647148728370667
2017-07-27 14:58:55.816,0.3135935068130493
2017-07-27 17:58:55.816,0.3128969669342041
2017-07-27 20:58:55.816,0.31357818841934204
2017-07-27 23:58:55.816,0.3144458532333374
2017-07-28 02:58:55.816,0.3154892027378082
2017-07-28 05:58:55.816,0.31252744793891907
2017-07-28 08:58:55.816,0.3096005618572235
2017-07-28 11:58:55.816,0.30646196007728577
2017-07-28 14:58:55.816,0.3047187328338623
2017-07-28 17:58:55.816,0.3049241304397583
2017-07-28 20:58:55.816,0.3081649839878082
2017-07-28 23:58:55.816,0.3098037540912628
2017-07-29 02:58:55.816,0.3142048120498657
2017-07-29 05:58:55.816,0.32049474120140076
2017-07-29 08:58:55.816,0.31708571314811707
2017-07-29 11:58:55.816,0.31298384070396423
2017-07-29 14:58:55.816,0.31070199608802795
2017-07-29 17:58:55.816,0.3272881507873535
2017-07-29 20:58:55.816,0.3972019851207733
2017-07-29 23:58:55.816,0.3444238603115082
2017-07-30 02:58:55.816,0.3368428945541382
2017-07-30 05:58:55.816,0.33291545510292053
2017-07-30 08:58:55.816,0.33163848519325256
2017-07-30 11:58:55.816,0.3293496072292328
2017-07-30 14:58:55.816,0.3319913446903229
2017-07-30 17:58:55.816,0.3388846814632416
2017-07-30 20:58:55.816,0.33500444889068604
2017-07-30 23:58:55.816,0.3318750262260437
2017-07-31 02:58:55.816,0.3291763365268707
2017-07-31 05:58:55.816,0.3242799937725067
2017-07-31 08:58:55.816,0.322262704372406
2017-07-31 11:58:55.816,0.3194642961025238
2017-07-31 14:58:55.816,0.31346595287323
2017-07-31 17:58:55.816,0.3135320246219635
2017-07-31 20:58:55.816,0.3140087425708771
2017-07-31 23:58:55.816,0.31439363956451416
2017-08-01 02:58:55.816,0.3141510784626007
2017-08-01 05:58:55.816,0.30640220642089844
2017-08-01 08:58:55.816,0.3091147541999817
2017-08-01 11:58:55.816,0.3297100365161896
2017-08-01 14:58:55.816,0.3447871506214142
2017-08-01 17:58:55.816,0.3335581123828888
2017-08-01 20:58:55.816,0.33188945055007935
2017-08-01 23:58:55.816,0.32946503162384033
2017-08-02 02:58:55.816,0.32772353291511536
2017-08-02 05:58:55.816,0.32685235142707825
2017-08-02 08:58:55.816,0.3321038782596588
2017-08-02 11:58:55.816,0.33260834217071533
2017-08-02 14:58:55.816,0.33938324451446533
2017-08-02 17:58:55.816,0.3361494839191437
2017-08-02 20:58:55.816,0.3369345963001251
2017-08-02 23:58:55.816,0.33289963006973267
2017-08-03 02:58:55.816,0.3397088944911957
2017-08-03 05:58:55.816,0.3408423662185669
2017-08-03 08:58:55.816,0.33586499094963074
2017-08-03 11:58:55.816,0.335727721452713
2017-08-03 14:58:55.816,0.3375617265701294
2017-08-03 17:58:55.816,0.3365914821624756
2017-08-03 20:58:55.816,0.3372087776660919
2017-08-03 23:58:55.816,0.3380173146724701
2017-08-04 02:58:55.816,0.3370382785797119
2017-08-04 05:58:55.816,0.33448684215545654
2017-08-04 08:58:55.816,0.3323117196559906
2017-08-04 11:58:55.816,0.32887858152389526
2017-08-04 14:58:55.816,0.32549211382865906
2017-08-04 17:58:55.816,0.3240680992603302
2017-08-04 20:58:55.816,0.32294800877571106
2017-08-04 23:58:55.816,0.3227172791957855
2017-08-05 02:58:55.816,0.3219844400882721
2017-08-05 05:58:55.816,0.32164138555526733
2017-08-05 08:58:55.816,0.3195068836212158
2017-08-05 11:58:55.816,0.3173701763153076
2017-08-05 14:58:55.816,0.31642571091651917
2017-08-05 17:58:55.816,0.31780150532722473
2017-08-05 20:58:55.816,0.3197813034057617
2017-08-05 23:58:55.816,0.3218783140182495
2017-08-06 02:58:55.816,0.3231068551540375
2017-08-06 05:58:55.816,0.3218534290790558
2017-08-06 08:58:55.816,0.3219018876552582
2017-08-06 11:58:55.816,0.320644736289978
2017-08-06 14:58:55.816,0.3178142309188843
2017-08-06 17:58:55.816,0.3176266849040985
2017-08-06 20:58:55.816,0.3179413974285126
2017-08-06 23:58:55.816,0.31860604882240295
2017-08-07 02:58:55.816,0.3185105621814728
2017-08-07 05:58:55.816,0.31409552693367004
2017-08-07 08:58:55.816,0.31306591629981995
2017-08-07 11:58:55.816,0.3115698993206024
2017-08-07 14:58:55.816,0.30802592635154724
2017-08-07 17:58:55.816,0.31176185607910156
2017-08-07 20:58:55.816,0.3136254847049713
2017-08-07 23:58:55.816,0.31348952651023865
2017-08-08 02:58:55.816,0.31305941939353943
2017-08-08 05:58:55.816,0.31260380148887634
2017-08-08 08:58:55.816,0.3139874339103699
2017-08-08 11:58:55.816,0.31522098183631897
2017-08-08 14:58:55.816,0.3231760561466217
2017-08-08 17:58:55.816,0.3351644277572632
2017-08-08 20:58:55.816,0.3342319428920746
2017-08-08 23:58:55.816,0.32981085777282715
2017-08-09 02:58:55.816,0.3326123356819153
2017-08-09 05:58:55.816,0.33082881569862366
2017-08-09 08:58:55.816,0.3299444615840912
2017-08-09 11:58:55.816,0.329380601644516
2017-08-09 14:58:55.816,0.3307882845401764
2017-08-09 17:58:55.816,0.32905441522598267
2017-08-09 20:58:55.816,0.32637670636177063
2017-08-09 23:58:55.816,0.32498690485954285
2017-08-10 02:58:55.816,0.32415810227394104
2017-08-10 05:58:55.816,0.3275466859340668
2017-08-10 08:58:55.816,0.32855862379074097
2017-08-10 11:58:55.816,0.33234643936157227
2017-08-10 14:58:55.816,0.33628806471824646
2017-08-10 17:58:55.816,0.33705663681030273
2017-08-10 20:58:55.816,0.33374401926994324
2017-08-10 23:58:55.816,0.33199357986450195
2017-08-11 02:58:55.816,0.33111199736595154
2017-08-11 05:58:55.816,0.3300732970237732
2017-08-11 08:58:55.816,0.32762229442596436
2017-08-11 11:58:55.816,0.3238433301448822
2017-08-11 14:58:55.816,0.3221889138221741
2017-08-11 17:58:55.816,0.3217719495296478
2017-08-11 20:58:55.816,0.32158544659614563
2017-08-11 23:58:55.816,0.3264700174331665
2017-08-12 02:58:55.816,0.3351092040538788
2017-08-12 05:58:55.816,0.3337731659412384
2017-08-12 08:58:55.816,0.335444837808609
2017-08-12 11:58:55.816,0.33283087611198425
2017-08-12 14:58:55.816,0.33426496386528015
2017-08-12 17:58:55.816,0.33927345275878906
2017-08-12 20:58:55.816,0.3366047441959381
2017-08-12 23:58:55.816,0.3352178633213043
2017-08-13 02:58:55.816,0.3412570655345917
2017-08-13 05:58:55.816,0.3378899395465851
2017-08-13 08:58:55.816,0.33573389053344727
2017-08-13 11:58:55.816,0.3319614827632904
2017-08-13 14:58:55.816,0.3290793001651764
2017-08-13 17:58:55.816,0.32607302069664
2017-08-13 20:58:55.816,0.3251798152923584
2017-08-13 23:58:55.816,0.32456937432289124
2017-08-14 02:58:55.816,0.32394084334373474
2017-08-14 05:58:55.816,0.32210177183151245
2017-08-14 08:58:55.816,0.32000231742858887
2017-08-14 11:58:55.816,0.3176329433917999
2017-08-14 14:58:55.816,0.3173214793205261
2017-08-14 17:58:55.816,0.31640902161598206
2017-08-14 20:58:55.816,0.3159663677215576
2017-08-14 23:58:55.816,0.31629934906959534
2017-08-15 02:58:55.816,0.3169216811656952
2017-08-15 05:58:55.816,0.31727099418640137
2017-08-15 08:58:55.816,0.3168925344944
2017-08-15 11:58:55.816,0.31588566303253174
2017-08-15 14:58:55.816,0.31400159001350403
2017-08-15 17:58:55.816,0.3148922622203827
2017-08-15 20:58:55.816,0.3158116936683655
2017-08-15 23:58:55.816,0.31611955165863037
2017-08-16 02:58:55.816,0.31557270884513855
2017-08-16 05:58:55.816,0.31563663482666016
2017-08-16 08:58:55.816,0.31533023715019226
2017-08-16 11:58:55.816,0.31377777457237244
2017-08-16 14:58:55.816,0.31704962253570557
2017-08-16 17:58:55.816,0.3256862461566925
2017-08-16 20:58:55.816,0.33484283089637756
2017-08-16 23:58:55.816,0.3380293846130371
2017-08-17 02:58:55.816,0.33409109711647034
2017-08-17 05:58:55.816,0.3301536440849304
2017-08-17 08:58:55.816,0.32713374495506287
2017-08-17 11:58:55.816,0.3236903250217438
2017-08-17 14:58:55.816,0.32067322731018066
2017-08-17 17:58:55.816,0.3190388083457947
2017-08-17 20:58:55.816,0.3177153766155243
2017-08-17 23:58:55.816,0.3175415098667145
2017-08-18 02:58:55.816,0.3173995316028595
2017-08-18 05:58:55.816,0.31524786353111267
2017-08-18 08:58:55.816,0.3142296075820923
2017-08-18 11:58:55.816,0.31329822540283203
2017-08-18 14:58:55.816,0.31230148673057556
2017-08-18 17:58:55.816,0.314168244600296
2017-08-18 20:58:55.816,0.3185349404811859
2017-08-18 23:58:55.816,0.32300296425819397
2017-08-19 02:58:55.816,0.32381975650787354
2017-08-19 05:58:55.816,0.3211497962474823
2017-08-19 08:58:55.816,0.3211479187011719
2017-08-19 11:58:55.816,0.31942877173423767
2017-08-19 14:58:55.816,0.3232317268848419
2017-08-19 17:58:55.816,0.3235444128513336
2017-08-19 20:58:55.816,0.32326287031173706
2017-08-19 23:58:55.816,0.3237582743167877
2017-08-20 02:58:55.816,0.34710168838500977
2017-08-20 05:58:55.816,0.34408536553382874
2017-08-20 08:58:55.816,0.33834198117256165
2017-08-20 11:58:55.816,0.338044136762619
2017-08-20 14:58:55.816,0.3368866443634033
2017-08-20 17:58:55.816,0.33413970470428467
2017-08-20 20:58:55.816,0.33184364438056946
2017-08-20 23:58:55.816,0.3294646143913269
2017-08-21 02:58:55.816,0.3280218839645386
2017-08-21 05:58:55.816,0.33385705947875977
2017-08-21 08:58:55.816,0.33865514397621155
2017-08-21 11:58:55.816,0.3391372859477997
2017-08-21 14:58:55.816,0.33511993288993835
2017-08-21 17:58:55.816,0.3315373957157135
2017-08-21 20:58:55.816,0.32970479130744934
2017-08-21 23:58:55.816,0.32718175649642944
2017-08-22 02:58:55.816,0.32517102360725403
2017-08-22 05:58:55.816,0.3214704692363739
2017-08-22 08:58:55.816,0.3203481435775757
2017-08-22 11:58:55.816,0.3188575804233551
2017-08-22 14:58:55.816,0.317134290933609
2017-08-22 17:58:55.816,0.3175700604915619
2017-08-22 20:58:55.816,0.31818628311157227
2017-08-22 23:58:55.816,0.3191964328289032
2017-08-23 02:58:55.816,0.3201952576637268
2017-08-23 05:58:55.816,0.31798163056373596
2017-08-23 08:58:55.816,0.31790676712989807
2017-08-23 11:58:55.816,0.3164697289466858
2017-08-23 14:58:55.816,0.31150752305984497
2017-08-23 17:58:55.816,0.312550812959671
2017-08-23 20:58:55.816,0.3137679398059845
2017-08-23 23:58:55.816,0.314317911863327
2017-08-24 02:58:55.816,0.3153252899646759
2017-08-24 05:58:55.816,0.31347012519836426
2017-08-24 08:58:55.816,0.31554704904556274
2017-08-24 11:58:55.816,0.3158324360847473
2017-08-24 14:58:55.816,0.3119666874408722
2017-08-24 17:58:55.816,0.31514111161231995
2017-08-24 20:58:55.816,0.31753912568092346
2017-08-24 23:58:55.816,0.3207698166370392
2017-08-25 02:58:55.816,0.3247307538986206
2017-08-25 05:58:55.816,0.33314186334609985
2017-08-25 08:58:55.816,0.33846041560173035
2017-08-25 11:58:55.816,0.33610355854034424
2017-08-25 14:58:55.816,0.33353614807128906
2017-08-25 17:58:55.816,0.332737535238266
2017-08-25 20:58:55.816,0.33982446789741516
2017-08-25 23:58:55.816,0.34538939595222473
2017-08-26 02:58:55.816,0.34249529242515564
2017-08-26 05:58:55.816,0.3371927738189697
2017-08-26 08:58:55.816,0.3347391188144684
2017-08-26 11:58:55.816,0.33565735816955566
2017-08-26 14:58:55.816,0.3345583379268646
2017-08-26 17:58:55.816,0.33056506514549255
2017-08-26 20:58:55.816,0.32756951451301575
2017-08-26 23:58:55.816,0.32584038376808167
2017-08-27 02:58:55.816,0.3246594965457916
2017-08-27 05:58:55.816,0.3222709000110626
2017-08-27 08:58:55.816,0.32174983620643616
2017-08-27 11:58:55.816,0.3190781772136688
2017-08-27 14:58:55.816,0.31909143924713135
2017-08-27 17:58:55.816,0.3190433084964752
2017-08-27 20:58:55.816,0.3192169964313507
2017-08-27 23:58:55.816,0.3195294141769409
2017-08-28 02:58:55.816,0.31958624720573425
2017-08-28 05:58:55.816,0.31841030716896057
2017-08-28 08:58:55.816,0.31783947348594666
2017-08-28 11:58:55.816,0.3167603015899658
2017-08-28 14:58:55.816,0.3154590427875519
2017-08-28 17:58:55.816,0.3156372904777527
2017-08-28 20:58:55.816,0.3159805238246918
2017-08-28 23:58:55.816,0.3172946274280548
2017-08-29 02:58:55.816,0.3187730312347412
2017-08-29 05:58:55.816,0.32002025842666626
2017-08-29 08:58:55.816,0.32077810168266296
2017-08-29 11:58:55.816,0.3522822856903076
2017-08-29 14:58:55.816,0.34822943806648254
2017-08-29 17:58:55.816,0.33802172541618347
2017-08-29 20:58:55.816,0.3358011245727539
2017-08-29 23:58:55.816,0.3342512547969818
2017-08-30 02:58:55.816,0.3324417173862457
2017-08-30 05:58:55.816,0.332774817943573
2017-08-30 08:58:55.816,0.32964256405830383
2017-08-30 11:58:55.816,0.3272362947463989
2017-08-30 14:58:55.816,0.3277057707309723
2017-08-30 17:58:55.816,0.32584574818611145
2017-08-30 20:58:55.816,0.3255486488342285
2017-08-30 23:58:55.816,0.32531479001045227
2017-08-31 02:58:55.816,0.3254357874393463
2017-08-31 05:58:55.816,0.32474592328071594
2017-08-31 08:58:55.816,0.3235897719860077
2017-08-31 11:58:55.816,0.3220800459384918
2017-08-31 14:58:55.816,0.3218001127243042
2017-08-31 17:58:55.816,0.32068997621536255
2017-08-31 20:58:55.816,0.32027265429496765
2017-08-31 23:58:55.816,0.31986990571022034
2017-09-01 02:58:55.816,0.3191867172718048
2017-09-01 05:58:55.816,0.31615421175956726
2017-09-01 08:58:55.816,0.31632545590400696
2017-09-01 11:58:55.816,0.31557419896125793
2017-09-01 14:58:55.816,0.31443551182746887
2017-09-01 17:58:55.816,0.31493496894836426
2017-09-01 20:58:55.816,0.3151320517063141
2017-09-01 23:58:55.816,0.3157595098018646
2017-09-02 02:58:55.816,0.3163420855998993
2017-09-02 05:58:55.816,0.3124414384365082
2017-09-02 08:58:55.816,0.31276196241378784
2017-09-02 11:58:55.816,0.3124726712703705
2017-09-02 14:58:55.816,0.3123227059841156
2017-09-02 17:58:55.816,0.31364092230796814
2017-09-02 20:58:55.816,0.3146836459636688
2017-09-02 23:58:55.816,0.3144829571247101
2017-09-03 02:58:55.816,0.31426939368247986
2017-09-03 05:58:55.816,0.314096599817276
2017-09-03 08:58:55.816,0.3137989938259125
2017-09-03 11:58:55.816,0.31287750601768494
2017-09-03 14:58:55.816,0.3145239055156708
2017-09-03 17:58:55.816,0.31501686573028564
2017-09-03 20:58:55.816,0.3152664601802826
2017-09-03 23:58:55.816,0.3153587281703949
2017-09-04 02:58:55.816,0.3158700466156006
2017-09-04 05:58:55.816,0.3153165578842163
2017-09-04 08:58:55.816,0.3156351149082184
2017-09-04 11:58:55.816,0.3145506978034973
2017-09-04 14:58:55.816,0.3162955045700073
2017-09-04 17:58:55.816,0.3168443739414215
2017-09-04 20:58:55.816,0.31729593873023987
2017-09-04 23:58:55.816,0.31627675890922546
2017-09-05 02:58:55.816,0.31547126173973083
2017-09-05 05:58:55.816,0.30931609869003296
2017-09-05 08:58:55.816,0.3106266260147095
2017-09-05 11:58:55.816,0.3104887902736664
2017-09-05 14:58:55.816,0.31047993898391724
2017-09-05 17:58:55.816,0.31137019395828247
2017-09-05 20:58:55.816,0.3127211630344391
2017-09-05 23:58:55.816,0.31393399834632874
2017-09-06 02:58:55.816,0.3140687644481659
2017-09-06 05:58:55.816,0.3109603226184845
2017-09-06 08:58:55.816,0.3121580183506012
2017-09-06 11:58:55.816,0.31059038639068604
2017-09-06 14:58:55.816,0.30922582745552063
2017-09-06 17:58:55.816,0.30973345041275024
2017-09-06 20:58:55.816,0.3095802962779999
2017-09-06 23:58:55.816,0.30918046832084656
2017-09-07 02:58:55.816,0.3097783029079437
2017-09-07 05:58:55.816,0.30264681577682495
2017-09-07 08:58:55.816,0.3038412630558014
2017-09-07 11:58:55.816,0.3039517104625702
2017-09-07 14:58:55.816,0.3030810058116913
2017-09-07 17:58:55.816,0.3039446771144867
2017-09-07 20:58:55.816,0.30491843819618225
2017-09-07 23:58:55.816,0.30511245131492615
2017-09-08 02:58:55.816,0.30664750933647156
2017-09-08 05:58:55.816,0.29845336079597473
2017-09-08 08:58:55.816,0.30068260431289673
2017-09-08 11:58:55.816,0.30210357904434204
2017-09-08 14:58:55.816,0.30181023478507996
2017-09-08 17:58:55.816,0.30368858575820923
2017-09-08 20:58:55.816,0.30549323558807373
2017-09-08 23:58:55.816,0.3069477081298828
2017-09-09 02:58:55.816,0.30778083205223083
2017-09-09 05:58:55.816,0.30616840720176697
2017-09-09 08:58:55.816,0.3094685971736908
2017-09-09 11:58:55.816,0.3110920786857605
2017-09-09 14:58:55.816,0.30778220295906067
2017-09-09 17:58:55.816,0.30948173999786377
2017-09-09 20:58:55.816,0.31134501099586487
2017-09-09 23:58:55.816,0.31285491585731506
2017-09-10 02:58:55.816,0.315043181180954
2017-09-10 05:58:55.816,0.309457927942276
2017-09-10 08:58:55.816,0.3141966462135315
2017-09-10 11:58:55.816,0.3258607089519501
2017-09-10 14:58:55.816,0.331758975982666
2017-09-10 17:58:55.816,0.3427973687648773
2017-09-10 20:58:55.816,0.3415863513946533
2017-09-10 23:58:55.816,0.33418646454811096
2017-09-11 02:58:55.816,0.33412256836891174
2017-09-11 05:58:55.816,0.33325016498565674
2017-09-11 08:58:55.816,0.33152925968170166
2017-09-11 11:58:55.816,0.33071044087409973
2017-09-11 14:58:55.816,0.33037933707237244
2017-09-11 17:58:55.816,0.32973185181617737
2017-09-11 20:58:55.816,0.32840725779533386
2017-09-11 23:58:55.816,0.32686933875083923
2017-09-12 02:58:55.816,0.32697343826293945
2017-09-12 05:58:55.816,0.32506248354911804
2017-09-12 08:58:55.816,0.32425644993782043
2017-09-12 11:58:55.816,0.3234330713748932
2017-09-12 14:58:55.816,0.32713815569877625
2017-09-12 17:58:55.816,0.34111109375953674
2017-09-12 20:58:55.816,0.33489251136779785
2017-09-12 23:58:55.816,0.33139029145240784
2017-09-13 02:58:55.816,0.33461901545524597
2017-09-13 05:58:55.816,0.33394578099250793
2017-09-13 08:58:55.816,0.33260905742645264
2017-09-13 11:58:55.816,0.3310553729534149
2017-09-13 14:58:55.816,0.32896068692207336
2017-09-13 17:58:55.816,0.32759854197502136
2017-09-13 20:58:55.816,0.3253247141838074
2017-09-13 23:58:55.816,0.3260527551174164
2017-09-14 02:58:55.816,0.3249415159225464
2017-09-14 05:58:55.816,0.323909729719162
2017-09-14 08:58:55.816,0.32484719157218933
2017-09-14 11:58:55.816,0.32364335656166077
2017-09-14 14:58:55.816,0.3216400444507599
2017-09-14 17:58:55.816,0.32133013010025024
2017-09-14 20:58:55.816,0.32101908326148987
2017-09-14 23:58:55.816,0.32101234793663025
2017-09-15 02:58:55.816,0.32241401076316833
2017-09-15 05:58:55.816,0.32616177201271057
2017-09-15 08:58:55.816,0.32728129625320435
2017-09-15 11:58:55.816,0.32722434401512146
2017-09-15 14:58:55.816,0.32480743527412415
2017-09-15 17:58:55.816,0.3281570374965668
2017-09-15 20:58:55.816,0.3261757791042328
2017-09-15 23:58:55.816,0.32456517219543457
2017-09-16 02:58:55.816,0.32398268580436707
2017-09-16 05:58:55.816,0.3199983239173889
2017-09-16 08:58:55.816,0.3208286166191101
2017-09-16 11:58:55.816,0.32063376903533936
2017-09-16 14:58:55.816,0.31936031579971313
2017-09-16 17:58:55.816,0.3197638690471649
2017-09-16 20:58:55.816,0.3198539912700653
2017-09-16 23:58:55.816,0.31956756114959717
2017-09-17 02:58:55.816,0.31937772035598755
2017-09-17 05:58:55.816,0.31680575013160706
2017-09-17 08:58:55.816,0.31787702441215515
2017-09-17 11:58:55.816,0.3181571066379547
2017-09-17 14:58:55.816,0.3166693150997162
2017-09-17 17:58:55.816,0.31806454062461853
2017-09-17 20:58:55.816,0.31881651282310486
2017-09-17 23:58:55.816,0.3197842836380005
2017-09-18 02:58:55.816,0.3206234574317932
2017-09-18 05:58:55.816,0.3169633448123932
2017-09-18 08:58:55.816,0.31833896040916443
2017-09-18 11:58:55.816,0.3189261853694916
2017-09-18 14:58:55.816,0.315917432308197
2017-09-18 17:58:55.816,0.31551244854927063
2017-09-18 20:58:55.816,0.31514355540275574
2017-09-18 23:58:55.816,0.31556808948516846
2017-09-19 02:58:55.816,0.3168282210826874
2017-09-19 05:58:55.816,0.3180580139160156
2017-09-19 08:58:55.816,0.3195076584815979
2017-09-19 11:58:55.816,0.320075660943985
2017-09-19 14:58:55.816,0.31945496797561646
2017-09-19 17:58:55.816,0.3191620409488678
2017-09-19 20:58:55.816,0.31922459602355957
2017-09-19 23:58:55.816,0.3193415105342865
2017-09-20 02:58:55.816,0.31866469979286194
2017-09-20 05:58:55.816,0.31875553727149963
2017-09-20 08:58:55.816,0.318632036447525
2017-09-20 11:58:55.816,0.31728479266166687
2017-09-20 14:58:55.816,0.31459033489227295
2017-09-20 17:58:55.816,0.3151606321334839
2017-09-20 20:58:55.816,0.3151584565639496
2017-09-20 23:58:55.816,0.3152884542942047
2017-09-21 02:58:55.816,0.31545042991638184
2017-09-21 05:58:55.816,0.31586262583732605
2017-09-21 08:58:55.816,0.3161298334598541
2017-09-21 11:58:55.816,0.3164638876914978
2017-09-21 14:58:55.816,0.3087743818759918
2017-09-21 17:58:55.816,0.310981422662735
2017-09-21 20:58:55.816,0.3138856291770935
2017-09-21 23:58:55.816,0.3149413466453552
2017-09-22 02:58:55.816,0.3171740472316742
2017-09-22 05:58:55.816,0.3093448281288147
2017-09-22 08:58:55.816,0.31347981095314026
2017-09-22 11:58:55.816,0.3150008022785187
2017-09-22 14:58:55.816,0.31334131956100464
2017-09-22 17:58:55.816,0.31441494822502136
2017-09-22 20:58:55.816,0.3158327341079712
2017-09-22 23:58:55.816,0.3165808320045471
2017-09-23 02:58:55.816,0.31752386689186096
2017-09-23 05:58:55.816,0.3108081817626953
2017-09-23 08:58:55.816,0.3132578730583191
2017-09-23 11:58:55.816,0.3332761526107788
2017-09-23 14:58:55.816,0.32700109481811523
2017-09-23 17:58:55.816,0.3260497450828552
2017-09-23 20:58:55.816,0.3249426484107971
2017-09-23 23:58:55.816,0.3239928185939789
2017-09-24 02:58:55.816,0.3231903910636902
2017-09-24 05:58:55.816,0.3183326721191406
2017-09-24 08:58:55.816,0.3200899660587311
2017-09-24 11:58:55.816,0.3204677402973175
2017-09-24 14:58:55.816,0.31642815470695496
2017-09-24 17:58:55.816,0.31717976927757263
2017-09-24 20:58:55.816,0.3170701265335083
2017-09-24 23:58:55.816,0.31802693009376526
2017-09-25 02:58:55.816,0.31929734349250793
2017-09-25 05:58:55.816,0.3164353668689728
2017-09-25 08:58:55.816,0.3194340765476227
2017-09-25 11:58:55.816,0.3200901448726654
2017-09-25 14:58:55.816,0.31575870513916016
2017-09-25 17:58:55.816,0.31724992394447327
2017-09-25 20:58:55.816,0.318446546792984
2017-09-25 23:58:55.816,0.31828704476356506
2017-09-26 02:58:55.816,0.31901898980140686
2017-09-26 05:58:55.816,0.31191766262054443
2017-09-26 08:58:55.816,0.3144243061542511
2017-09-26 11:58:55.816,0.3149028420448303
2017-09-26 14:58:55.816,0.30839625000953674
2017-09-26 17:58:55.816,0.30975502729415894
2017-09-26 20:58:55.816,0.31037864089012146
2017-09-26 23:58:55.816,0.31185024976730347
2017-09-27 02:58:55.816,0.3136862814426422
2017-09-27 05:58:55.816,0.31235936284065247
2017-09-27 08:58:55.816,0.3135110139846802
2017-09-27 11:58:55.816,0.31320720911026
2017-09-27 14:58:55.816,0.3089617192745209
2017-09-27 17:58:55.816,0.3096316456794739
2017-09-27 20:58:55.816,0.3108505308628082
2017-09-27 23:58:55.816,0.31252631545066833
2017-09-28 02:58:55.816,0.3132971227169037
2017-09-28 05:58:55.816,0.30949699878692627
2017-09-28 08:58:55.816,0.31146880984306335
2017-09-28 11:58:55.816,0.311577171087265
2017-09-28 14:58:55.816,0.307006299495697
2017-09-28 17:58:55.816,0.30937549471855164
2017-09-28 20:58:55.816,0.31055089831352234
2017-09-28 23:58:55.816,0.31122609972953796
2017-09-29 02:58:55.816,0.3121764659881592
2017-09-29 05:58:55.816,0.3103787899017334
2017-09-29 08:58:55.816,0.3121393024921417
2017-09-29 11:58:55.816,0.31284186244010925
2017-09-29 14:58:55.816,0.30768823623657227
2017-09-29 17:58:55.816,0.3092505633831024
2017-09-29 20:58:55.816,0.31031015515327454
2017-09-29 23:58:55.816,0.31102198362350464
2017-09-30 02:58:55.816,0.3113825023174286
2017-09-30 05:58:55.816,0.3081761598587036
2017-09-30 08:58:55.816,0.30925047397613525
2017-09-30 11:58:55.816,0.30990514159202576
2017-09-30 14:58:55.816,0.30828484892845154
2017-09-30 17:58:55.816,0.30930328369140625
2017-09-30 20:58:55.816,0.30982595682144165
2017-09-30 23:58:55.816,0.3100036382675171
2017-10-01 02:58:55.816,0.31048789620399475
2017-10-01 05:58:55.816,0.31102311611175537
2017-10-01 08:58:55.816,0.3116613030433655
2017-10-01 11:58:55.816,0.3114096224308014
2017-10-01 14:58:55.816,0.31178054213523865
2017-10-01 17:58:55.816,0.31188786029815674
2017-10-01 20:58:55.816,0.3133848011493683
2017-10-01 23:58:55.816,0.31430307030677795
2017-10-02 02:58:55.816,0.3156460225582123
2017-10-02 05:58:55.816,0.31277230381965637
2017-10-02 08:58:55.816,0.3151695430278778
2017-10-02 11:58:55.816,0.31738677620887756
2017-10-02 14:58:55.816,0.31854745745658875
2017-10-02 17:58:55.816,0.32021671533584595
2017-10-02 20:58:55.816,0.32112064957618713
2017-10-02 23:58:55.816,0.3219657242298126
2017-10-03 02:58:55.816,0.32205140590667725
2017-10-03 05:58:55.816,0.3211323022842407
2017-10-03 08:58:55.816,0.322309672832489
2017-10-03 11:58:55.816,0.32196319103240967
2017-10-03 14:58:55.816,0.32297778129577637
2017-10-03 17:58:55.816,0.3261955678462982
2017-10-03 20:58:55.816,0.33122146129608154
2017-10-03 23:58:55.816,0.3316102921962738
2017-10-04 02:58:55.816,0.33007511496543884
2017-10-04 05:58:55.816,0.3283943235874176
2017-10-04 08:58:55.816,0.3278963267803192
2017-10-04 11:58:55.816,0.32692691683769226
2017-10-04 14:58:55.816,0.32718515396118164
2017-10-04 17:58:55.816,0.326128751039505
2017-10-04 20:58:55.816,0.32517242431640625
2017-10-04 23:58:55.816,0.3247569501399994
2017-10-05 02:58:55.816,0.32368695735931396
2017-10-05 05:58:55.816,0.3229283392429352
2017-10-05 08:58:55.816,0.3248763382434845
2017-10-05 11:58:55.816,0.3282487988471985
2017-10-05 14:58:55.816,0.32934728264808655
2017-10-05 17:58:55.816,0.3334245979785919
2017-10-05 20:58:55.816,0.3305530250072479
2017-10-05 23:58:55.816,0.3279940187931061
2017-10-06 02:58:55.816,0.3261367976665497
2017-10-06 05:58:55.816,0.32578253746032715
2017-10-06 08:58:55.816,0.3237556219100952
2017-10-06 11:58:55.816,0.3223808705806732
2017-10-06 14:58:55.816,0.3217439353466034
2017-10-06 17:58:55.816,0.3224615752696991
2017-10-06 20:58:55.816,0.32438868284225464
2017-10-06 23:58:55.816,0.323272168636322
2017-10-07 02:58:55.816,0.3225885331630707
2017-10-07 05:58:55.816,0.3286791741847992
2017-10-07 08:58:55.816,0.32819661498069763
2017-10-07 11:58:55.816,0.3300933539867401
2017-10-07 14:58:55.816,0.32899150252342224
2017-10-07 17:58:55.816,0.3274502456188202
2017-10-07 20:58:55.816,0.3271038830280304
2017-10-07 23:58:55.816,0.32538309693336487
2017-10-08 02:58:55.816,0.32346245646476746
2017-10-08 05:58:55.816,0.3223901093006134
2017-10-08 08:58:55.816,0.32160863280296326
2017-10-08 11:58:55.816,0.3202687203884125
2017-10-08 14:58:55.816,0.31987348198890686
2017-10-08 17:58:55.816,0.3190428912639618
2017-10-08 20:58:55.816,0.3185620605945587
2017-10-08 23:58:55.816,0.3181362748146057
2017-10-09 02:58:55.816,0.31708845496177673
2017-10-09 05:58:55.816,0.3157661259174347
2017-10-09 08:58:55.816,0.3154197037220001
2017-10-09 11:58:55.816,0.3154014050960541
2017-10-09 14:58:55.816,0.31435108184814453
2017-10-09 17:58:55.816,0.31371042132377625
2017-10-09 20:58:55.816,0.3138805329799652
2017-10-09 23:58:55.816,0.3141506612300873
2017-10-10 02:58:55.816,0.31455424427986145
2017-10-10 05:58:55.816,0.31592631340026855
2017-10-10 08:58:55.816,0.3167839050292969
2017-10-10 11:58:55.816,0.3168359100818634
2017-10-10 14:58:55.816,0.31662794947624207
2017-10-10 17:58:55.816,0.31741270422935486
2017-10-10 20:58:55.816,0.31869569420814514
2017-10-10 23:58:55.816,0.3190114200115204
2017-10-11 02:58:55.816,0.31863933801651
2017-10-11 05:58:55.816,0.3190140128135681
2017-10-11 08:58:55.816,0.3192161023616791
2017-10-11 11:58:55.816,0.31945672631263733
2017-10-11 14:58:55.816,0.3200828731060028
2017-10-11 17:58:55.816,0.31984350085258484
2017-10-11 20:58:55.816,0.3195016384124756
2017-10-11 23:58:55.816,0.3197571039199829
2017-10-12 02:58:55.816,0.3213038742542267
2017-10-12 05:58:55.816,0.3228468894958496
2017-10-12 08:58:55.816,0.32381904125213623
2017-10-12 11:58:55.816,0.3244442343711853
2017-10-12 14:58:55.816,0.32441404461860657
2017-10-12 17:58:55.816,0.3242127597332001
2017-10-12 20:58:55.816,0.3242757320404053
2017-10-12 23:58:55.816,0.32348236441612244
2017-10-13 02:58:55.816,0.32258638739585876
2017-10-13 05:58:55.816,0.3220462203025818
2017-10-13 08:58:55.816,0.3221862018108368
2017-10-13 11:58:55.816,0.3224487602710724
2017-10-13 14:58:55.816,0.3219999372959137
2017-10-13 17:58:55.816,0.3212372660636902
2017-10-13 20:58:55.816,0.31937992572784424
2017-10-13 23:58:55.816,0.317859023809433
2017-10-14 02:58:55.816,0.31961965560913086
2017-10-14 05:58:55.816,0.3214981257915497
2017-10-14 08:58:55.816,0.3295916020870209
2017-10-14 11:58:55.816,0.3314923942089081
2017-10-14 14:58:55.816,0.32866859436035156
2017-10-14 17:58:55.816,0.32679495215415955
2017-10-14 20:58:55.816,0.32491376996040344
2017-10-14 23:58:55.816,0.32388073205947876
2017-10-15 02:58:55.816,0.3233986496925354
2017-10-15 05:58:55.816,0.32372599840164185
2017-10-15 08:58:55.816,0.3254953920841217
2017-10-15 11:58:55.816,0.32841208577156067
2017-10-15 14:58:55.816,0.327535480260849
2017-10-15 17:58:55.816,0.3257061541080475
2017-10-15 20:58:55.816,0.3256383538246155
2017-10-15 23:58:55.816,0.32624706625938416
2017-10-16 02:58:55.816,0.33190926909446716
2017-10-16 05:58:55.816,0.3329518139362335
2017-10-16 08:58:55.816,0.3308824598789215
2017-10-16 11:58:55.816,0.3291926980018616
2017-10-16 14:58:55.816,0.32770416140556335
2017-10-16 17:58:55.816,0.3264431953430176
2017-10-16 20:58:55.816,0.3251459300518036
2017-10-16 23:58:55.816,0.32423853874206543
2017-10-17 02:58:55.816,0.3236709535121918
2017-10-17 05:58:55.816,0.3233991861343384
2017-10-17 08:58:55.816,0.3234797716140747
2017-10-17 11:58:55.816,0.3279169499874115
2017-10-17 14:58:55.816,0.32807457447052
2017-10-17 17:58:55.816,0.3272145688533783
2017-10-17 20:58:55.816,0.32694628834724426
2017-10-17 23:58:55.816,0.32680389285087585
2017-10-18 02:58:55.816,0.32638201117515564
2017-10-18 05:58:55.816,0.32516056299209595
2017-10-18 08:58:55.816,0.3242073059082031
2017-10-18 11:58:55.816,0.3242320716381073
2017-10-18 14:58:55.816,0.3237936198711395
2017-10-18 17:58:55.816,0.3231342136859894
2017-10-18 20:58:55.816,0.3221348822116852
2017-10-18 23:58:55.816,0.32187584042549133
2017-10-19 02:58:55.816,0.3217298984527588
2017-10-19 05:58:55.816,0.3215560019016266
2017-10-19 08:58:55.816,0.3215669095516205
2017-10-19 11:58:55.816,0.3215586841106415
2017-10-19 14:58:55.816,0.32163307070732117
2017-10-19 17:58:55.816,0.32153233885765076
2017-10-19 20:58:55.816,0.32112595438957214
2017-10-19 23:58:55.816,0.3213430345058441
2017-10-20 02:58:55.816,0.3214636445045471
2017-10-20 05:58:55.816,0.32092714309692383
2017-10-20 08:58:55.816,0.32044127583503723
2017-10-20 11:58:55.816,0.3202531337738037
2017-10-20 14:58:55.816,0.32005801796913147
2017-10-20 17:58:55.816,0.32026970386505127
2017-10-20 20:58:55.816,0.32041135430336
2017-10-20 23:58:55.816,0.3210628628730774
2017-10-21 02:58:55.816,0.32155755162239075
2017-10-21 05:58:55.816,0.3214256763458252
2017-10-21 08:58:55.816,0.3210698068141937
2017-10-21 11:58:55.816,0.32109665870666504
2017-10-21 14:58:55.816,0.32066425681114197
2017-10-21 17:58:55.816,0.3205939829349518
2017-10-21 20:58:55.816,0.31994643807411194
2017-10-21 23:58:55.816,0.3196032643318176
2017-10-22 02:58:55.816,0.31980401277542114
2017-10-22 05:58:55.816,0.32023996114730835
2017-10-22 08:58:55.816,0.3212317228317261
2017-10-22 11:58:55.816,0.32165810465812683
2017-10-22 14:58:55.816,0.32160618901252747
2017-10-22 17:58:55.816,0.32129403948783875
2017-10-22 20:58:55.816,0.3209863305091858
2017-10-22 23:58:55.816,0.3209918737411499
2017-10-23 02:58:55.816,0.3205913007259369
2017-10-23 05:58:55.816,0.32033953070640564
2017-10-23 08:58:55.816,0.3206169903278351
2017-10-23 11:58:55.816,0.321116179227829
2017-10-23 14:58:55.816,0.32119470834732056
2017-10-23 17:58:55.816,0.3212704360485077
2017-10-23 20:58:55.816,0.32176434993743896
2017-10-23 23:58:55.816,0.3211319148540497
2017-10-24 02:58:55.816,0.31987860798835754
2017-10-24 05:58:55.816,0.3195529282093048
2017-10-24 08:58:55.816,0.31903234124183655
2017-10-24 11:58:55.816,0.31910428404808044
2017-10-24 14:58:55.816,0.3196210265159607
2017-10-24 17:58:55.816,0.3202436864376068
2017-10-24 20:58:55.816,0.32027536630630493
2017-10-24 23:58:55.816,0.3199476897716522
2017-10-25 02:58:55.816,0.3191281855106354
2017-10-25 05:58:55.816,0.3188672959804535
2017-10-25 08:58:55.816,0.31902793049812317
2017-10-25 11:58:55.816,0.31955233216285706
2017-10-25 14:58:55.816,0.31987228989601135
2017-10-25 17:58:55.816,0.3201339542865753
2017-10-25 20:58:55.816,0.32010942697525024
2017-10-25 23:58:55.816,0.3198116719722748
2017-10-26 02:58:55.816,0.32002896070480347
2017-10-26 05:58:55.816,0.3195125162601471
2017-10-26 08:58:55.816,0.31859251856803894
2017-10-26 11:58:55.816,0.3187312185764313
2017-10-26 14:58:55.816,0.3185754120349884
2017-10-26 17:58:55.816,0.31826767325401306
2017-10-26 20:58:55.816,0.3171842396259308
2017-10-26 23:58:55.816,0.31650322675704956
2017-10-27 02:58:55.816,0.31664079427719116
2017-10-27 05:58:55.816,0.31709566712379456
2017-10-27 08:58:55.816,0.3172440230846405
2017-10-27 11:58:55.816,0.31762465834617615
2017-10-27 14:58:55.816,0.3175908625125885
2017-10-27 17:58:55.816,0.317459374666214
2017-10-27 20:58:55.816,0.3176935017108917
2017-10-27 23:58:55.816,0.3181211054325104
2017-10-28 02:58:55.816,0.3181166350841522
2017-10-28 05:58:55.816,0.3186568021774292
2017-10-28 08:58:55.816,0.3193354904651642
2017-10-28 11:58:55.816,0.3192683756351471
2017-10-28 14:58:55.816,0.3188764750957489
2017-10-28 17:58:55.816,0.31857237219810486
2017-10-28 20:58:55.816,0.3189682066440582
2017-10-28 23:58:55.816,0.31933560967445374
2017-10-29 02:58:55.816,0.3198329508304596
2017-10-29 05:58:55.816,0.3192208707332611
2017-10-29 08:58:55.816,0.31864210963249207
2017-10-29 11:58:55.816,0.31858161091804504
2017-10-29 14:58:55.816,0.31871840357780457
2017-10-29 17:58:55.816,0.319356769323349
2017-10-29 20:58:55.816,0.31947556138038635
2017-10-29 23:58:55.816,0.3198922574520111
2017-10-30 02:58:55.816,0.31949305534362793
2017-10-30 05:58:55.816,0.3183586895465851
2017-10-30 08:58:55.816,0.31691548228263855
2017-10-30 11:58:55.816,0.31598004698753357
2017-10-30 14:58:55.816,0.315971702337265
2017-10-30 17:58:55.816,0.3161408603191376
2017-10-30 20:58:55.816,0.31578508019447327
2017-10-30 23:58:55.816,0.31594035029411316
2017-10-31 02:58:55.816,0.3165130317211151
2017-10-31 05:58:55.816,0.3173481225967407
2017-10-31 08:58:55.816,0.31801101565361023
2017-10-31 11:58:55.816,0.3179596960544586
2017-10-31 14:58:55.816,0.31706687808036804
2017-10-31 17:58:55.816,0.3160565495491028
2017-10-31 20:58:55.816,0.3156454861164093
2017-10-31 23:58:55.816,0.31502336263656616
2017-11-01 02:58:55.816,0.3144684135913849
2017-11-01 05:58:55.816,0.31394845247268677
2017-11-01 08:58:55.816,0.3142528533935547
2017-11-01 11:58:55.816,0.3145888149738312
2017-11-01 14:58:55.816,0.3149575889110565
2017-11-01 17:58:55.816,0.31530100107192993
2017-11-01 20:58:55.816,0.3151816129684448
2017-11-01 23:58:55.816,0.31551334261894226
2017-11-02 02:58:55.816,0.31524932384490967
2017-11-02 05:58:55.816,0.31471607089042664
2017-11-02 08:58:55.816,0.31478703022003174
2017-11-02 11:58:55.816,0.3150927722454071
2017-11-02 14:58:55.816,0.31525254249572754
2017-11-02 17:58:55.816,0.3163762390613556
2017-11-02 20:58:55.816,0.31751763820648193
2017-11-02 23:58:55.816,0.31840410828590393
2017-11-03 02:58:55.816,0.31842437386512756
2017-11-03 05:58:55.816,0.31886082887649536
2017-11-03 08:58:55.816,0.3190493583679199
2017-11-03 11:58:55.816,0.31890836358070374
2017-11-03 14:58:55.816,0.31862789392471313
2017-11-03 17:58:55.816,0.31747788190841675
2017-11-03 20:58:55.816,0.3158615231513977
2017-11-03 23:58:55.816,0.3150619566440582
2017-11-04 02:58:55.816,0.3151872754096985
2017-11-04 05:58:55.816,0.31604769825935364
2017-11-04 08:58:55.816,0.3166813552379608
2017-11-04 11:58:55.816,0.3172883987426758
2017-11-04 14:58:55.816,0.31726786494255066
2017-11-04 17:58:55.816,0.31698745489120483
2017-11-04 20:58:55.816,0.3178401291370392
2017-11-04 23:58:55.816,0.31823912262916565
2017-11-05 02:58:55.816,0.3185168206691742
2017-11-05 05:58:55.816,0.31951701641082764
2017-11-05 08:58:55.816,0.3199273943901062
2017-11-05 11:58:55.816,0.3193638324737549
2017-11-05 14:58:55.816,0.3186887800693512
2017-11-05 17:58:55.816,0.31805384159088135
2017-11-05 20:58:55.816,0.31832829117774963
2017-11-05 23:58:55.816,0.31880807876586914
2017-11-06 02:58:55.816,0.31924691796302795
2017-11-06 05:58:55.816,0.3194514811038971
2017-11-06 08:58:55.816,0.3194839656352997
2017-11-06 11:58:55.816,0.31965216994285583
2017-11-06 14:58:55.816,0.3190772831439972
2017-11-06 17:58:55.816,0.3192448914051056
2017-11-06 20:58:55.816,0.31902822852134705
2017-11-06 23:58:55.816,0.31958845257759094
2017-11-07 02:58:55.816,0.32025203108787537
2017-11-07 05:58:55.816,0.3199719190597534
2017-11-07 08:58:55.816,0.3193794786930084
2017-11-07 11:58:55.816,0.319671630859375
2017-11-07 14:58:55.816,0.3197229206562042
2017-11-07 17:58:55.816,0.31882867217063904
2017-11-07 20:58:55.816,0.31764349341392517
2017-11-07 23:58:55.816,0.3174428939819336
2017-11-08 02:58:55.816,0.31723788380622864
2017-11-08 05:58:55.816,0.31698378920555115
2017-11-08 08:58:55.816,0.3169183135032654
2017-11-08 11:58:55.816,0.31655848026275635
2017-11-08 14:58:55.816,0.31645718216896057
2017-11-08 17:58:55.816,0.31676286458969116
2017-11-08 20:58:55.816,0.31715044379234314
2017-11-08 23:58:55.816,0.31735900044441223
2017-11-09 02:58:55.816,0.3177374601364136
2017-11-09 05:58:55.816,0.3173268139362335
2017-11-09 08:58:55.816,0.31697773933410645
2017-11-09 11:58:55.816,0.31686654686927795
2017-11-09 14:58:55.816,0.3170870244503021
2017-11-09 17:58:55.816,0.31688809394836426
2017-11-09 20:58:55.816,0.31681281328201294
2017-11-09 23:58:55.816,0.3165968358516693
2017-11-10 02:58:55.816,0.31606218218803406
2017-11-10 05:58:55.816,0.31564822793006897
2017-11-10 08:58:55.816,0.3161400854587555
2017-11-10 11:58:55.816,0.31719970703125
2017-11-10 14:58:55.816,0.31755509972572327
2017-11-10 17:58:55.816,0.31773921847343445
2017-11-10 20:58:55.816,0.3175086975097656
2017-11-10 23:58:55.816,0.31698939204216003
2017-11-11 02:58:55.816,0.3169630467891693
2017-11-11 05:58:55.816,0.31666889786720276
2017-11-11 08:58:55.816,0.3161371052265167
2017-11-11 11:58:55.816,0.315333753824234
2017-11-11 14:58:55.816,0.3147282302379608
2017-11-11 17:58:55.816,0.3142971396446228
2017-11-11 20:58:55.816,0.3139047920703888
2017-11-11 23:58:55.816,0.3144724667072296
2017-11-12 02:58:55.816,0.3150922954082489
2017-11-12 05:58:55.816,0.31529465317726135
2017-11-12 08:58:55.816,0.31504687666893005
2017-11-12 11:58:55.816,0.31523633003234863
2017-11-12 14:58:55.816,0.315895676612854
2017-11-12 17:58:55.816,0.31620216369628906
2017-11-12 20:58:55.816,0.3164747655391693
2017-11-12 23:58:55.816,0.3174839913845062
2017-11-13 02:58:55.816,0.31862112879753113
2017-11-13 05:58:55.816,0.3194775879383087
2017-11-13 08:58:55.816,0.31987059116363525
2017-11-13 11:58:55.816,0.31899192929267883
2017-11-13 14:58:55.816,0.3183335065841675
2017-11-13 17:58:55.816,0.3175381124019623
2017-11-13 20:58:55.816,0.31760141253471375
2017-11-13 23:58:55.816,0.31799760460853577
2017-11-14 02:58:55.816,0.31777969002723694
2017-11-14 05:58:55.816,0.3170228898525238
2017-11-14 08:58:55.816,0.3160235583782196
2017-11-14 11:58:55.816,0.3152827322483063
2017-11-14 14:58:55.816,0.31524303555488586
2017-11-14 17:58:55.816,0.3157826364040375
2017-11-14 20:58:55.816,0.3168918490409851
2017-11-14 23:58:55.816,0.3173859417438507
2017-11-15 02:58:55.816,0.3178054392337799
2017-11-15 05:58:55.816,0.31812402606010437
2017-11-15 08:58:55.816,0.31774577498435974
2017-11-15 11:58:55.816,0.3176988661289215
2017-11-15 14:58:55.816,0.3181707561016083
2017-11-15 17:58:55.816,0.31874290108680725
2017-11-15 20:58:55.816,0.31906670331954956
2017-11-15 23:58:55.816,0.3196677267551422
2017-11-16 02:58:55.816,0.3194397985935211
2017-11-16 05:58:55.816,0.31841906905174255
2017-11-16 08:58:55.816,0.3180989623069763
2017-11-16 11:58:55.816,0.3188423812389374
2017-11-16 14:58:55.816,0.31959807872772217
2017-11-16 17:58:55.816,0.3198709487915039
2017-11-16 20:58:55.816,0.3204196095466614
2017-11-16 23:58:55.816,0.3212989866733551
2017-11-17 02:58:55.816,0.3215509355068207
2017-11-17 05:58:55.816,0.3217247426509857
2017-11-17 08:58:55.816,0.3216303288936615
2017-11-17 11:58:55.816,0.3212181031703949
2017-11-17 14:58:55.816,0.31986626982688904
2017-11-17 17:58:55.816,0.31932446360588074
2017-11-17 20:58:55.816,0.3189987242221832
2017-11-17 23:58:55.816,0.3188767731189728
2017-11-18 02:58:55.816,0.31898581981658936
2017-11-18 05:58:55.816,0.3180064857006073
2017-11-18 08:58:55.816,0.3173038065433502
2017-11-18 11:58:55.816,0.3171572685241699
2017-11-18 14:58:55.816,0.31701409816741943
2017-11-18 17:58:55.816,0.31697410345077515
2017-11-18 20:58:55.816,0.3171509802341461
2017-11-18 23:58:55.816,0.31793323159217834
2017-11-19 02:58:55.816,0.3186071217060089
2017-11-19 05:58:55.816,0.3195374310016632
2017-11-19 08:58:55.816,0.31955578923225403
2017-11-19 11:58:55.816,0.31901755928993225
2017-11-19 14:58:55.816,0.3190043568611145
2017-11-19 17:58:55.816,0.3190995156764984
2017-11-19 20:58:55.816,0.31901994347572327
2017-11-19 23:58:55.816,0.3191099464893341
2017-11-20 02:58:55.816,0.31931641697883606
2017-11-20 05:58:55.816,0.3191329836845398
2017-11-20 08:58:55.816,0.31914815306663513
2017-11-20 11:58:55.816,0.31910261511802673
2017-11-20 14:58:55.816,0.3191719949245453
2017-11-20 17:58:55.816,0.3191835880279541
2017-11-20 20:58:55.816,0.31902697682380676
2017-11-20 23:58:55.816,0.3181600868701935
2017-11-21 02:58:55.816,0.3175492286682129
2017-11-21 05:58:55.816,0.3172564208507538
2017-11-21 08:58:55.816,0.3174152374267578
2017-11-21 11:58:55.816,0.3178566098213196
2017-11-21 14:58:55.816,0.31802380084991455
2017-11-21 17:58:55.816,0.3183228671550751
2017-11-21 20:58:55.816,0.3187774419784546
2017-11-21 23:58:55.816,0.31879812479019165
2017-11-22 02:58:55.816,0.31864073872566223
2017-11-22 05:58:55.816,0.31840792298316956
2017-11-22 08:58:55.816,0.31847670674324036
2017-11-22 11:58:55.816,0.31843313574790955
2017-11-22 14:58:55.816,0.31898024678230286
2017-11-22 17:58:55.816,0.31866025924682617
2017-11-22 20:58:55.816,0.31811049580574036
2017-11-22 23:58:55.816,0.3181406557559967
2017-11-23 02:58:55.816,0.3185621201992035
2017-11-23 05:58:55.816,0.31899192929267883
2017-11-23 08:58:55.816,0.31927093863487244
2017-11-23 11:58:55.816,0.3192315101623535
2017-11-23 14:58:55.816,0.31883546710014343
2017-11-23 17:58:55.816,0.31897762417793274
2017-11-23 20:58:55.816,0.3197411298751831
2017-11-23 23:58:55.816,0.32036688923835754
2017-11-24 02:58:55.816,0.31983041763305664
2017-11-24 05:58:55.816,0.3195003569126129
2017-11-24 08:58:55.816,0.31914222240448
2017-11-24 11:58:55.816,0.31880709528923035
2017-11-24 14:58:55.816,0.31841763854026794
2017-11-24 17:58:55.816,0.3173147141933441
2017-11-24 20:58:55.816,0.31648510694503784
2017-11-24 23:58:55.816,0.31609222292900085
2017-11-25 02:58:55.816,0.3162355124950409
2017-11-25 05:58:55.816,0.3165338635444641
2017-11-25 08:58:55.816,0.3165139853954315
2017-11-25 11:58:55.816,0.3163774907588959
2017-11-25 14:58:55.816,0.31639957427978516
2017-11-25 17:58:55.816,0.31666144728660583
2017-11-25 20:58:55.816,0.3172714114189148
2017-11-25 23:58:55.816,0.31792470812797546
2017-11-26 02:58:55.816,0.3184840977191925
2017-11-26 05:58:55.816,0.3183380365371704
2017-11-26 08:58:55.816,0.3176029920578003
2017-11-26 11:58:55.816,0.3180035352706909
2017-11-26 14:58:55.816,0.3188001811504364
2017-11-26 17:58:55.816,0.3195383846759796
2017-11-26 20:58:55.816,0.31890279054641724
2017-11-26 23:58:55.816,0.31784483790397644
2017-11-27 02:58:55.816,0.31807854771614075
2017-11-27 05:58:55.816,0.3180966377258301
2017-11-27 08:58:55.816,0.3187733292579651
2017-11-27 11:58:55.816,0.3189254403114319
2017-11-27 14:58:55.816,0.3183719515800476
2017-11-27 17:58:55.816,0.3172380030155182
2017-11-27 20:58:55.816,0.31637823581695557
2017-11-27 23:58:55.816,0.31551995873451233
2017-11-28 02:58:55.816,0.3154040277004242
2017-11-28 05:58:55.816,0.31634101271629333
2017-11-28 08:58:55.816,0.3170645534992218
2017-11-28 11:58:55.816,0.31727492809295654
2017-11-28 14:58:55.816,0.3173881769180298
2017-11-28 17:58:55.816,0.31791025400161743
2017-11-28 20:58:55.816,0.31771060824394226
2017-11-28 23:58:55.816,0.3178417980670929
2017-11-29 02:58:55.816,0.3185987174510956
2017-11-29 05:58:55.816,0.31971022486686707
2017-11-29 08:58:55.816,0.3206879198551178
2017-11-29 11:58:55.816,0.3210991322994232
2017-11-29 14:58:55.816,0.32109948992729187
2017-11-29 17:58:55.816,0.3204972743988037
2017-11-29 20:58:55.816,0.3201442360877991
2017-11-29 23:58:55.816,0.3190595209598541
2017-11-30 02:58:55.816,0.31844159960746765
2017-11-30 05:58:55.816,0.31787949800491333
2017-11-30 08:58:55.816,0.31762412190437317
2017-11-30 11:58:55.816,0.31775662302970886
2017-11-30 14:58:55.816,0.3172394335269928
2017-11-30 17:58:55.816,0.31692710518836975
2017-11-30 20:58:55.816,0.31649959087371826
2017-11-30 23:58:55.816,0.31610703468322754
2017-12-01 02:58:55.816,0.3161788880825043
2017-12-01 05:58:55.816,0.3164791464805603
2017-12-01 08:58:55.816,0.31629636883735657
2017-12-01 11:58:55.816,0.31567081809043884
2017-12-01 14:58:55.816,0.31562286615371704
2017-12-01 17:58:55.816,0.3159087598323822
2017-12-01 20:58:55.816,0.31588152050971985
2017-12-01 23:58:55.816,0.31591853499412537
2017-12-02 02:58:55.816,0.3162796199321747
2017-12-02 05:58:55.816,0.31685033440589905
2017-12-02 08:58:55.816,0.31729474663734436
2017-12-02 11:58:55.816,0.3179904818534851
2017-12-02 14:58:55.816,0.31801554560661316
2017-12-02 17:58:55.816,0.3172631859779358
2017-12-02 20:58:55.816,0.31623074412345886
2017-12-02 23:58:55.816,0.3148171305656433
2017-12-03 02:58:55.816,0.3134361207485199
2017-12-03 05:58:55.816,0.312330961227417
2017-12-03 08:58:55.816,0.31132590770721436
2017-12-03 11:58:55.816,0.3107322156429291
2017-12-03 14:58:55.816,0.31079375743865967
2017-12-03 17:58:55.816,0.31157436966896057
2017-12-03 20:58:55.816,0.31218552589416504
2017-12-03 23:58:55.816,0.3126160204410553
2017-12-04 02:58:55.816,0.3127925395965576
2017-12-04 05:58:55.816,0.3130456209182739
2017-12-04 08:58:55.816,0.3130376935005188
2017-12-04 11:58:55.816,0.3129594624042511
2017-12-04 14:58:55.816,0.3131119906902313
2017-12-04 17:58:55.816,0.31336086988449097
2017-12-04 20:58:55.816,0.31373581290245056
2017-12-04 23:58:55.816,0.3142267167568207
2017-12-05 02:58:55.816,0.31473782658576965
2017-12-05 05:58:55.816,0.31567075848579407
2017-12-05 08:58:55.816,0.3172345459461212
2017-12-05 11:58:55.816,0.31871429085731506
2017-12-05 14:58:55.816,0.3197706341743469
2017-12-05 17:58:55.816,0.3202042281627655
2017-12-05 20:58:55.816,0.32026901841163635
2017-12-05 23:58:55.816,0.3197747766971588
2017-12-06 02:58:55.816,0.3189983665943146
2017-12-06 05:58:55.816,0.318257212638855
2017-12-06 08:58:55.816,0.3179052174091339
2017-12-06 11:58:55.816,0.3166724145412445
2017-12-06 14:58:55.816,0.31579452753067017
2017-12-06 17:58:55.816,0.3157338798046112
2017-12-06 20:58:55.816,0.31604257225990295
2017-12-06 23:58:55.816,0.3159914016723633
2017-12-07 02:58:55.816,0.3160562813282013
2017-12-07 05:58:55.816,0.3161408603191376
2017-12-07 08:58:55.816,0.31700941920280457
2017-12-07 11:58:55.816,0.31763920187950134
2017-12-07 14:58:55.816,0.31828710436820984
2017-12-07 17:58:55.816,0.3193214237689972
2017-12-07 20:58:55.816,0.31999269127845764
2017-12-07 23:58:55.816,0.3198825418949127
2017-12-08 02:58:55.816,0.31999626755714417
2017-12-08 05:58:55.816,0.32029983401298523
2017-12-08 08:58:55.816,0.32084164023399353
2017-12-08 11:58:55.816,0.32125410437583923
2017-12-08 14:58:55.816,0.3214762508869171
2017-12-08 17:58:55.816,0.32166972756385803
2017-12-08 20:58:55.816,0.3216046094894409
2017-12-08 23:58:55.816,0.32117959856987
2017-12-09 02:58:55.816,0.3213665187358856
2017-12-09 05:58:55.816,0.32112541794776917
2017-12-09 08:58:55.816,0.3213256895542145
2017-12-09 11:58:55.816,0.3218819200992584
2017-12-09 14:58:55.816,0.32163459062576294
2017-12-09 17:58:55.816,0.3211875855922699
2017-12-09 20:58:55.816,0.32127389311790466
2017-12-09 23:58:55.816,0.32103583216667175
2017-12-10 02:58:55.816,0.3206348121166229
2017-12-10 05:58:55.816,0.3201008439064026
2017-12-10 08:58:55.816,0.32029321789741516
2017-12-10 11:58:55.816,0.32054001092910767
2017-12-10 14:58:55.816,0.3205309808254242
2017-12-10 17:58:55.816,0.320276141166687
2017-12-10 20:58:55.816,0.3189942538738251
2017-12-10 23:58:55.816,0.31837576627731323
2017-12-11 02:58:55.816,0.31836920976638794
2017-12-11 05:58:55.816,0.31847426295280457
2017-12-11 08:58:55.816,0.3183858096599579
2017-12-11 11:58:55.816,0.318330317735672
2017-12-11 14:58:55.816,0.3170434534549713
2017-12-11 17:58:55.816,0.3157098591327667
2017-12-11 20:58:55.816,0.31519612669944763
2017-12-11 23:58:55.816,0.31508156657218933
2017-12-12 02:58:55.816,0.3158869743347168
2017-12-12 05:58:55.816,0.31621477007865906
2017-12-12 08:58:55.816,0.31678077578544617
2017-12-12 11:58:55.816,0.3172645568847656
2017-12-12 14:58:55.816,0.3168382942676544
2017-12-12 17:58:55.816,0.31625887751579285
2017-12-12 20:58:55.816,0.3156904876232147
2017-12-12 23:58:55.816,0.31505170464515686
2017-12-13 02:58:55.816,0.3145104646682739
2017-12-13 05:58:55.816,0.3143173158168793
2017-12-13 08:58:55.816,0.314115971326828
2017-12-13 11:58:55.816,0.3144916892051697
2017-12-13 14:58:55.816,0.31523749232292175
2017-12-13 17:58:55.816,0.3147945702075958
2017-12-13 20:58:55.816,0.31422391533851624
2017-12-13 23:58:55.816,0.3140159845352173
2017-12-14 02:58:55.816,0.3134389817714691
2017-12-14 05:58:55.816,0.3132299482822418
2017-12-14 08:58:55.816,0.3133091926574707
2017-12-14 11:58:55.816,0.31384381651878357
2017-12-14 14:58:55.816,0.31457769870758057
2017-12-14 17:58:55.816,0.31535664200782776
2017-12-14 20:58:55.816,0.31627246737480164
2017-12-14 23:58:55.816,0.31702855229377747
2017-12-15 02:58:55.816,0.3170035481452942
2017-12-15 05:58:55.816,0.31657278537750244
2017-12-15 08:58:55.816,0.31569144129753113
2017-12-15 11:58:55.816,0.31453874707221985
2017-12-15 14:58:55.816,0.31436243653297424
2017-12-15 17:58:55.816,0.3141511380672455
2017-12-15 20:58:55.816,0.31378182768821716
2017-12-15 23:58:55.816,0.31382110714912415
2017-12-16 02:58:55.816,0.3141254186630249
2017-12-16 05:58:55.816,0.31369271874427795
2017-12-16 08:58:55.816,0.3131901025772095
2017-12-16 11:58:55.816,0.31349149346351624
2017-12-16 14:58:55.816,0.31378546357154846
2017-12-16 17:58:55.816,0.31434276700019836
2017-12-16 20:58:55.816,0.3146343231201172
2017-12-16 23:58:55.816,0.3142562210559845
2017-12-17 02:58:55.816,0.31470787525177
2017-12-17 05:58:55.816,0.3159727156162262
2017-12-17 08:58:55.816,0.3166845738887787
2017-12-17 11:58:55.816,0.316752552986145
2017-12-17 14:58:55.816,0.3167164921760559
2017-12-17 17:58:55.816,0.316640704870224
2017-12-17 20:58:55.816,0.3170259892940521
2017-12-17 23:58:55.816,0.3173890709877014
2017-12-18 02:58:55.816,0.31769779324531555
2017-12-18 05:58:55.816,0.3178379237651825
2017-12-18 08:58:55.816,0.31813958287239075
2017-12-18 11:58:55.816,0.3175598084926605
2017-12-18 14:58:55.816,0.3170570433139801
2017-12-18 17:58:55.816,0.31678318977355957
2017-12-18 20:58:55.816,0.31691837310791016
2017-12-18 23:58:55.816,0.3164880871772766
2017-12-19 02:58:55.816,0.3151645362377167
2017-12-19 05:58:55.816,0.31383490562438965
2017-12-19 08:58:55.816,0.3136827051639557
2017-12-19 11:58:55.816,0.31470203399658203
2017-12-19 14:58:55.816,0.3150700628757477
2017-12-19 17:58:55.816,0.31553563475608826
2017-12-19 20:58:55.816,0.3164882957935333
2017-12-19 23:58:55.816,0.31724098324775696
2017-12-20 02:58:55.816,0.31775274872779846
2017-12-20 05:58:55.816,0.31885817646980286
2017-12-20 08:58:55.816,0.3195577561855316
2017-12-20 11:58:55.816,0.3187645971775055
2017-12-20 14:58:55.816,0.3181420564651489
2017-12-20 17:58:55.816,0.31832805275917053
2017-12-20 20:58:55.816,0.31800606846809387
2017-12-20 23:58:55.816,0.31776246428489685
2017-12-21 02:58:55.816,0.3167855441570282
2017-12-21 05:58:55.816,0.3162412941455841
2017-12-21 08:58:55.816,0.31602153182029724
2017-12-21 11:58:55.816,0.31571194529533386
2017-12-21 14:58:55.816,0.31447675824165344
2017-12-21 17:58:55.816,0.31344786286354065
2017-12-21 20:58:55.816,0.31250301003456116
2017-12-21 23:58:55.816,0.31255316734313965
2017-12-22 02:58:55.816,0.31296291947364807
2017-12-22 05:58:55.816,0.3122822940349579
2017-12-22 08:58:55.816,0.31267285346984863
2017-12-22 11:58:55.816,0.3138810098171234
2017-12-22 14:58:55.816,0.3146483600139618
2017-12-22 17:58:55.816,0.315288782119751
2017-12-22 20:58:55.816,0.3162844181060791
2017-12-22 23:58:55.816,0.317034512758255
2017-12-23 02:58:55.816,0.3176954686641693
2017-12-23 05:58:55.816,0.3181120455265045
2017-12-23 08:58:55.816,0.3182678818702698
2017-12-23 11:58:55.816,0.3189094066619873
2017-12-23 14:58:55.816,0.3193432092666626
2017-12-23 17:58:55.816,0.31929436326026917
2017-12-23 20:58:55.816,0.31922009587287903
2017-12-23 23:58:55.816,0.3193574845790863
2017-12-24 02:58:55.816,0.3193730413913727
2017-12-24 05:58:55.816,0.31919148564338684
2017-12-24 08:58:55.816,0.3196621239185333
2017-12-24 11:58:55.816,0.31999728083610535
2017-12-24 14:58:55.816,0.320151686668396
2017-12-24 17:58:55.816,0.32023942470550537
2017-12-24 20:58:55.816,0.3201197385787964
2017-12-24 23:58:55.816,0.3203744888305664
2017-12-25 02:58:55.816,0.3205015957355499
2017-12-25 05:58:55.816,0.3207955062389374
2017-12-25 08:58:55.816,0.3207411766052246
2017-12-25 11:58:55.816,0.32064977288246155
2017-12-25 14:58:55.816,0.3203752338886261
2017-12-25 17:58:55.816,0.31978344917297363
2017-12-25 20:58:55.816,0.31977778673171997
2017-12-25 23:58:55.816,0.3198249340057373
2017-12-26 02:58:55.816,0.3201294243335724
2017-12-26 05:58:55.816,0.31995436549186707
2017-12-26 08:58:55.816,0.3194238245487213
2017-12-26 11:58:55.816,0.31940680742263794
2017-12-26 14:58:55.816,0.319864422082901
2017-12-26 17:58:55.816,0.3206585943698883
2017-12-26 20:58:55.816,0.32079553604125977
2017-12-26 23:58:55.816,0.3199080228805542
2017-12-27 02:58:55.816,0.3190684914588928
2017-12-27 05:58:55.816,0.319218248128891
2017-12-27 08:58:55.816,0.3191860020160675
2017-12-27 11:58:55.816,0.3186837136745453
2017-12-27 14:58:55.816,0.3188048005104065
2017-12-27 17:58:55.816,0.31869885325431824
2017-12-27 20:58:55.816,0.3185175359249115
2017-12-27 23:58:55.816,0.3186400532722473
2017-12-28 02:58:55.816,0.3192422688007355
2017-12-28 05:58:55.816,0.3193075358867645
2017-12-28 08:58:55.816,0.31928756833076477
2017-12-28 11:58:55.816,0.3191555440425873
2017-12-28 14:58:55.816,0.3188428580760956
2017-12-28 17:58:55.816,0.31839272379875183
2017-12-28 20:58:55.816,0.3177861273288727
2017-12-28 23:58:55.816,0.3180369734764099
2017-12-29 02:58:55.816,0.31856879591941833
2017-12-29 05:58:55.816,0.31883254647254944
2017-12-29 08:58:55.816,0.31795433163642883
2017-12-29 11:58:55.816,0.31672903895378113
2017-12-29 14:58:55.816,0.3166881501674652
2017-12-29 17:58:55.816,0.31676340103149414
2017-12-29 20:58:55.816,0.3153955340385437
2017-12-29 23:58:55.816,0.3146355450153351
2017-12-30 02:58:55.816,0.31420019268989563
2017-12-30 05:58:55.816,0.31461301445961
2017-12-30 08:58:55.816,0.3146362602710724
2017-12-30 11:58:55.816,0.31461283564567566
2017-12-30 14:58:55.816,0.3143458664417267
2017-12-30 17:58:55.816,0.3143506348133087
2017-12-30 20:58:55.816,0.31463274359703064
2017-12-30 23:58:55.816,0.3153102993965149
2017-12-31 02:58:55.816,0.31608712673187256
2017-12-31 05:58:55.816,0.31672751903533936
2017-12-31 08:58:55.816,0.3173668682575226
2017-12-31 11:58:55.816,0.31711897253990173
2017-12-31 14:58:55.816,0.3167726993560791
2017-12-31 17:58:55.816,0.3168262839317322
2017-12-31 20:58:55.816,0.3165552616119385
2017-12-31 23:58:55.816,0.3163693845272064
2018-01-01 02:58:55.816,0.3163923919200897
2018-01-01 05:58:55.816,0.31594690680503845
2018-01-01 08:58:55.816,0.31561851501464844
2018-01-01 11:58:55.816,0.31540390849113464
2018-01-01 14:58:55.816,0.3145650029182434
2018-01-01 17:58:55.816,0.3136892020702362
2018-01-01 20:58:55.816,0.31369033455848694
2018-01-01 23:58:55.816,0.31436631083488464
2018-01-02 02:58:55.816,0.31514886021614075
2018-01-02 05:58:55.816,0.3160306513309479
2018-01-02 08:58:55.816,0.3171060085296631
2018-01-02 11:58:55.816,0.31694820523262024
2018-01-02 14:58:55.816,0.3164421617984772
2018-01-02 17:58:55.816,0.3169008493423462
2018-01-02 20:58:55.816,0.3172578811645508
2018-01-02 23:58:55.816,0.3172856271266937
2018-01-03 02:58:55.816,0.31726762652397156
2018-01-03 05:58:55.816,0.31759536266326904
2018-01-03 08:58:55.816,0.3177250325679779
2018-01-03 11:58:55.816,0.3178265690803528
2018-01-03 14:58:55.816,0.31743788719177246
2018-01-03 17:58:55.816,0.3171643912792206
2018-01-03 20:58:55.816,0.31694966554641724
2018-01-03 23:58:55.816,0.3163323998451233
2018-01-04 02:58:55.816,0.3162080943584442
2018-01-04 05:58:55.816,0.3160869777202606
2018-01-04 08:58:55.816,0.31630459427833557
2018-01-04 11:58:55.816,0.31629136204719543
2018-01-04 14:58:55.816,0.3159753680229187
2018-01-04 17:58:55.816,0.31578120589256287
2018-01-04 20:58:55.816,0.31614333391189575
2018-01-04 23:58:55.816,0.31570830941200256
2018-01-05 02:58:55.816,0.31503820419311523
2018-01-05 05:58:55.816,0.3150867223739624
2018-01-05 08:58:55.816,0.31583619117736816
2018-01-05 11:58:55.816,0.3167155981063843
2018-01-05 14:58:55.816,0.31731560826301575
2018-01-05 17:58:55.816,0.31801700592041016
2018-01-05 20:58:55.816,0.318143755197525
2018-01-05 23:58:55.816,0.317786306142807
2018-01-06 02:58:55.816,0.318352609872818
2018-01-06 05:58:55.816,0.3179681599140167
2018-01-06 08:58:55.816,0.3176608383655548
2018-01-06 11:58:55.816,0.3174978494644165
2018-01-06 14:58:55.816,0.31697943806648254
2018-01-06 17:58:55.816,0.31630781292915344
2018-01-06 20:58:55.816,0.3163004219532013
2018-01-06 23:58:55.816,0.3161957561969757
2018-01-07 02:58:55.816,0.3155463635921478
2018-01-07 05:58:55.816,0.3149670660495758
2018-01-07 08:58:55.816,0.315255731344223
2018-01-07 11:58:55.816,0.31576403975486755
2018-01-07 14:58:55.816,0.3168087303638458
2018-01-07 17:58:55.816,0.3178173899650574
2018-01-07 20:58:55.816,0.31882521510124207
2018-01-07 23:58:55.816,0.31973889470100403
2018-01-08 02:58:55.816,0.32034221291542053
2018-01-08 05:58:55.816,0.3202957212924957
2018-01-08 08:58:55.816,0.3202973008155823
2018-01-08 11:58:55.816,0.32013997435569763
2018-01-08 14:58:55.816,0.31980133056640625
2018-01-08 17:58:55.816,0.3193269670009613
2018-01-08 20:58:55.816,0.31921741366386414
2018-01-08 23:58:55.816,0.3194446861743927
2018-01-09 02:58:55.816,0.319457471370697
2018-01-09 05:58:55.816,0.31939974427223206
2018-01-09 08:58:55.816,0.31920769810676575
2018-01-09 11:58:55.816,0.3184589743614197
2018-01-09 14:58:55.816,0.31784263253211975
2018-01-09 17:58:55.816,0.31817367672920227
2018-01-09 20:58:55.816,0.31846198439598083
2018-01-09 23:58:55.816,0.3173084557056427
2018-01-10 02:58:55.816,0.3164096474647522
2018-01-10 05:58:55.816,0.31679365038871765
2018-01-10 08:58:55.816,0.3174290955066681
2018-01-10 11:58:55.816,0.3182392418384552
2018-01-10 14:58:55.816,0.31898364424705505
2018-01-10 17:58:55.816,0.3195023834705353
2018-01-10 20:58:55.816,0.319769948720932
2018-01-10 23:58:55.816,0.31992509961128235
2018-01-11 02:58:55.816,0.3201872408390045
2018-01-11 05:58:55.816,0.319830060005188
2018-01-11 08:58:55.816,0.31878402829170227
2018-01-11 11:58:55.816,0.31764671206474304
2018-01-11 14:58:55.816,0.31810900568962097
2018-01-11 17:58:55.816,0.31874826550483704
2018-01-11 20:58:55.816,0.31925803422927856
2018-01-11 23:58:55.816,0.31964167952537537
2018-01-12 02:58:55.816,0.31999725103378296
2018-01-12 05:58:55.816,0.3202180564403534
2018-01-12 08:58:55.816,0.32092294096946716
2018-01-12 11:58:55.816,0.3209797739982605
2018-01-12 14:58:55.816,0.3206234276294708
2018-01-12 17:58:55.816,0.3199591338634491
2018-01-12 20:58:55.816,0.3189716339111328
2018-01-12 23:58:55.816,0.31896206736564636
2018-01-13 02:58:55.816,0.3185732662677765
2018-01-13 05:58:55.816,0.31763067841529846
2018-01-13 08:58:55.816,0.31732377409935
2018-01-13 11:58:55.816,0.31814077496528625
2018-01-13 14:58:55.816,0.3182602822780609
2018-01-13 17:58:55.816,0.3175547420978546
2018-01-13 20:58:55.816,0.31726738810539246
2018-01-13 23:58:55.816,0.3176734149456024
2018-01-14 02:58:55.816,0.31807011365890503
2018-01-14 05:58:55.816,0.31814488768577576
2018-01-14 08:58:55.816,0.3186891973018646
2018-01-14 11:58:55.816,0.3193172514438629
2018-01-14 14:58:55.816,0.31925150752067566
2018-01-14 17:58:55.816,0.31898993253707886
2018-01-14 20:58:55.816,0.31940194964408875
2018-01-14 23:58:55.816,0.3190820515155792
2018-01-15 02:58:55.816,0.31863677501678467
2018-01-15 05:58:55.816,0.3184756636619568
2018-01-15 08:58:55.816,0.318207710981369
2018-01-15 11:58:55.816,0.31793010234832764
2018-01-15 14:58:55.816,0.3177318572998047
2018-01-15 17:58:55.816,0.3182286322116852
2018-01-15 20:58:55.816,0.31784293055534363
2018-01-15 23:58:55.816,0.31767258048057556
2018-01-16 02:58:55.816,0.31684747338294983
2018-01-16 05:58:55.816,0.31593993306159973
2018-01-16 08:58:55.816,0.3155098855495453
2018-01-16 11:58:55.816,0.31472697854042053
2018-01-16 14:58:55.816,0.3139123022556305
2018-01-16 17:58:55.816,0.31327569484710693
2018-01-16 20:58:55.816,0.31368371844291687
2018-01-16 23:58:55.816,0.3138461112976074
2018-01-17 02:58:55.816,0.314117968082428
2018-01-17 05:58:55.816,0.3145148456096649
2018-01-17 08:58:55.816,0.3147867023944855
2018-01-17 11:58:55.816,0.3145926296710968
2018-01-17 14:58:55.816,0.31460484862327576
2018-01-17 17:58:55.816,0.315422385931015
2018-01-17 20:58:55.816,0.31586748361587524
2018-01-17 23:58:55.816,0.31575605273246765
2018-01-18 02:58:55.816,0.31576892733573914
2018-01-18 05:58:55.816,0.3159862756729126
2018-01-18 08:58:55.816,0.31560006737709045
2018-01-18 11:58:55.816,0.3153376579284668
2018-01-18 14:58:55.816,0.3155854344367981
2018-01-18 17:58:55.816,0.316001832485199
2018-01-18 20:58:55.816,0.3166450262069702
2018-01-18 23:58:55.816,0.31703129410743713
2018-01-19 02:58:55.816,0.316400408744812
2018-01-19 05:58:55.816,0.31632333993911743
2018-01-19 08:58:55.816,0.3164620101451874
2018-01-19 11:58:55.816,0.3170175850391388
2018-01-19 14:58:55.816,0.3176053464412689
2018-01-19 17:58:55.816,0.3172762095928192
2018-01-19 20:58:55.816,0.31690552830696106
2018-01-19 23:58:55.816,0.31657132506370544
2018-01-20 02:58:55.816,0.3161379396915436
2018-01-20 05:58:55.816,0.31570571660995483
2018-01-20 08:58:55.816,0.3162589371204376
2018-01-20 11:58:55.816,0.31656721234321594
2018-01-20 14:58:55.816,0.3161979019641876
2018-01-20 17:58:55.816,0.31608065962791443
2018-01-20 20:58:55.816,0.3167147636413574
2018-01-20 23:58:55.816,0.31726062297821045
2018-01-21 02:58:55.816,0.3175545036792755
2018-01-21 05:58:55.816,0.31714561581611633
2018-01-21 08:58:55.816,0.3168145716190338
2018-01-21 11:58:55.816,0.31682413816452026
2018-01-21 14:58:55.816,0.31690362095832825
2018-01-21 17:58:55.816,0.3169562518596649
2018-01-21 20:58:55.816,0.31610938906669617
2018-01-21 23:58:55.816,0.3151977062225342
2018-01-22 02:58:55.816,0.3150917887687683
2018-01-22 05:58:55.816,0.31565937399864197
2018-01-22 08:58:55.816,0.3161363899707794
2018-01-22 11:58:55.816,0.3161719739437103
2018-01-22 14:58:55.816,0.3160513937473297
2018-01-22 17:58:55.816,0.3165437877178192
2018-01-22 20:58:55.816,0.317367821931839
2018-01-22 23:58:55.816,0.3175797462463379
2018-01-23 02:58:55.816,0.31749144196510315
2018-01-23 05:58:55.816,0.3178296387195587
2018-01-23 08:58:55.816,0.3182927072048187
2018-01-23 11:58:55.816,0.3175334334373474
2018-01-23 14:58:55.816,0.316834419965744
2018-01-23 17:58:55.816,0.316593736410141
2018-01-23 20:58:55.816,0.3162270784378052
2018-01-23 23:58:55.816,0.31602171063423157
2018-01-24 02:58:55.816,0.3156934380531311
2018-01-24 05:58:55.816,0.31513187289237976
2018-01-24 08:58:55.816,0.31513553857803345
2018-01-24 11:58:55.816,0.31516337394714355
2018-01-24 14:58:55.816,0.3158385455608368
2018-01-24 17:58:55.816,0.31597086787223816
2018-01-24 20:58:55.816,0.3158644139766693
2018-01-24 23:58:55.816,0.3157874345779419
2018-01-25 02:58:55.816,0.31561797857284546
2018-01-25 05:58:55.816,0.31525036692619324
2018-01-25 08:58:55.816,0.315125972032547
2018-01-25 11:58:55.816,0.31484296917915344
2018-01-25 14:58:55.816,0.3147450387477875
2018-01-25 17:58:55.816,0.3149719834327698
2018-01-25 20:58:55.816,0.3152274489402771
2018-01-25 23:58:55.816,0.3153144419193268
2018-01-26 02:58:55.816,0.3154429793357849
2018-01-26 05:58:55.816,0.31521111726760864
2018-01-26 08:58:55.816,0.31509968638420105
2018-01-26 11:58:55.816,0.3153618276119232
2018-01-26 14:58:55.816,0.31539732217788696
2018-01-26 17:58:55.816,0.3150131404399872
2018-01-26 20:58:55.816,0.31507718563079834
2018-01-26 23:58:55.816,0.3153360188007355
2018-01-27 02:58:55.816,0.3151140809059143
2018-01-27 05:58:55.816,0.31486764550209045
2018-01-27 08:58:55.816,0.31497159600257874
2018-01-27 11:58:55.816,0.3151637613773346
2018-01-27 14:58:55.816,0.31560301780700684
2018-01-27 17:58:55.816,0.31581389904022217
2018-01-27 20:58:55.816,0.31588998436927795
2018-01-27 23:58:55.816,0.3161256015300751
2018-01-28 02:58:55.816,0.3160935938358307
2018-01-28 05:58:55.816,0.3159325122833252
2018-01-28 08:58:55.816,0.3159533441066742
2018-01-28 11:58:55.816,0.3163300156593323
2018-01-28 14:58:55.816,0.31667789816856384
2018-01-28 17:58:55.816,0.3170979917049408
2018-01-28 20:58:55.816,0.31703105568885803
2018-01-28 23:58:55.816,0.3168194591999054
2018-01-29 02:58:55.816,0.3171989619731903
2018-01-29 05:58:55.816,0.31746408343315125
2018-01-29 08:58:55.816,0.3165009319782257
2018-01-29 11:58:55.816,0.3153090178966522
2018-01-29 14:58:55.816,0.3147282302379608
2018-01-29 17:58:55.816,0.314505010843277
2018-01-29 20:58:55.816,0.31480202078819275
2018-01-29 23:58:55.816,0.3141450583934784
2018-01-30 02:58:55.816,0.3141193091869354
2018-01-30 05:58:55.816,0.31444457173347473
2018-01-30 08:58:55.816,0.31371352076530457
2018-01-30 11:58:55.816,0.31313520669937134
2018-01-30 14:58:55.816,0.3129713535308838
2018-01-30 17:58:55.816,0.31274932622909546
2018-01-30 20:58:55.816,0.3127304017543793
2018-01-30 23:58:55.816,0.3135989010334015
2018-01-31 02:58:55.816,0.31347891688346863
2018-01-31 05:58:55.816,0.3132668435573578
2018-01-31 08:58:55.816,0.3134517967700958
2018-01-31 11:58:55.816,0.3140980899333954
2018-01-31 14:58:55.816,0.3141712546348572
2018-01-31 17:58:55.816,0.3138760030269623
2018-01-31 20:58:55.816,0.3144482672214508
2018-01-31 23:58:55.816,0.3147445023059845
2018-02-01 02:58:55.816,0.3149367868900299
2018-02-01 05:58:55.816,0.3147486448287964
2018-02-01 08:58:55.816,0.31506481766700745
2018-02-01 11:58:55.816,0.315740704536438
2018-02-01 14:58:55.816,0.31561073660850525
2018-02-01 17:58:55.816,0.3156163990497589
2018-02-01 20:58:55.816,0.3157174289226532
2018-02-01 23:58:55.816,0.3151420056819916
2018-02-02 02:58:55.816,0.31505122780799866
2018-02-02 05:58:55.816,0.31523796916007996
2018-02-02 08:58:55.816,0.3150145411491394
2018-02-02 11:58:55.816,0.3146282732486725
2018-02-02 14:58:55.816,0.3142278492450714
2018-02-02 17:58:55.816,0.31391552090644836
2018-02-02 20:58:55.816,0.31407472491264343
2018-02-02 23:58:55.816,0.3148154616355896
2018-02-03 02:58:55.816,0.3155891001224518
2018-02-03 05:58:55.816,0.31594789028167725
2018-02-03 08:58:55.816,0.31642162799835205
2018-02-03 11:58:55.816,0.3171937167644501
2018-02-03 14:58:55.816,0.3174063265323639
2018-02-03 17:58:55.816,0.3176279664039612
2018-02-03 20:58:55.816,0.31745269894599915
2018-02-03 23:58:55.816,0.3178575932979584
2018-02-04 02:58:55.816,0.31756916642189026
2018-02-04 05:58:55.816,0.31755033135414124
2018-02-04 08:58:55.816,0.3175288736820221
2018-02-04 11:58:55.816,0.31602928042411804
2018-02-04 14:58:55.816,0.3144456744194031
2018-02-04 17:58:55.816,0.3131568729877472
2018-02-04 20:58:55.816,0.3138088881969452
2018-02-04 23:58:55.816,0.3143865168094635
2018-02-05 02:58:55.816,0.31392547488212585
2018-02-05 05:58:55.816,0.3137805163860321
2018-02-05 08:58:55.816,0.31379759311676025
2018-02-05 11:58:55.816,0.3142041862010956
2018-02-05 14:58:55.816,0.3147883415222168
2018-02-05 17:58:55.816,0.3148529827594757
2018-02-05 20:58:55.816,0.3150794506072998
2018-02-05 23:58:55.816,0.31495416164398193
2018-02-06 02:58:55.816,0.31583771109580994
2018-02-06 05:58:55.816,0.3165806829929352
2018-02-06 08:58:55.816,0.31608545780181885
2018-02-06 11:58:55.816,0.3152734339237213
2018-02-06 14:58:55.816,0.3152535855770111
2018-02-06 17:58:55.816,0.3151260316371918
2018-02-06 20:58:55.816,0.3147791624069214
2018-02-06 23:58:55.816,0.31463369727134705
2018-02-07 02:58:55.816,0.31475281715393066
2018-02-07 05:58:55.816,0.31502148509025574
2018-02-07 08:58:55.816,0.31521713733673096
2018-02-07 11:58:55.816,0.3155340552330017
2018-02-07 14:58:55.816,0.3154042065143585
2018-02-07 17:58:55.816,0.31512895226478577
2018-02-07 20:58:55.816,0.31487199664115906
2018-02-07 23:58:55.816,0.3145779073238373
2018-02-08 02:58:55.816,0.3147944509983063
2018-02-08 05:58:55.816,0.315303236246109
2018-02-08 08:58:55.816,0.31564560532569885
2018-02-08 11:58:55.816,0.3158029317855835
2018-02-08 14:58:55.816,0.31571516394615173
2018-02-08 17:58:55.816,0.3153451979160309
2018-02-08 20:58:55.816,0.3159560263156891
2018-02-08 23:58:55.816,0.31650879979133606
2018-02-09 02:58:55.816,0.31684941053390503
2018-02-09 05:58:55.816,0.3169211745262146
2018-02-09 08:58:55.816,0.31637224555015564
2018-02-09 11:58:55.816,0.3162647485733032
2018-02-09 14:58:55.816,0.31662067770957947
2018-02-09 17:58:55.816,0.31682589650154114
2018-02-09 20:58:55.816,0.31700578331947327
2018-02-09 23:58:55.816,0.31702879071235657
2018-02-10 02:58:55.816,0.31670263409614563
2018-02-10 05:58:55.816,0.31641826033592224
2018-02-10 08:58:55.816,0.3166423738002777
2018-02-10 11:58:55.816,0.3171304166316986
2018-02-10 14:58:55.816,0.3175717294216156
2018-02-10 17:58:55.816,0.3168080151081085
2018-02-10 20:58:55.816,0.31658992171287537
2018-02-10 23:58:55.816,0.3171514570713043
2018-02-11 02:58:55.816,0.3173048198223114
2018-02-11 05:58:55.816,0.3169747292995453
2018-02-11 08:58:55.816,0.31618207693099976
2018-02-11 11:58:55.816,0.31608137488365173
2018-02-11 14:58:55.816,0.31568872928619385
2018-02-11 17:58:55.816,0.3154514729976654
2018-02-11 20:58:55.816,0.31545838713645935
2018-02-11 23:58:55.816,0.31567466259002686
2018-02-12 02:58:55.816,0.3154540956020355
2018-02-12 05:58:55.816,0.31488102674484253
2018-02-12 08:58:55.816,0.314712792634964
2018-02-12 11:58:55.816,0.3141256868839264
2018-02-12 14:58:55.816,0.3144688308238983
2018-02-12 17:58:55.816,0.31535106897354126
2018-02-12 20:58:55.816,0.31595224142074585
2018-02-12 23:58:55.816,0.3147740066051483
2018-02-13 02:58:55.816,0.3145529329776764
2018-02-13 05:58:55.816,0.31522780656814575
2018-02-13 08:58:55.816,0.31544601917266846
2018-02-13 11:58:55.816,0.3162078559398651
2018-02-13 14:58:55.816,0.316850870847702
2018-02-13 17:58:55.816,0.316768079996109
2018-02-13 20:58:55.816,0.31701162457466125
2018-02-13 23:58:55.816,0.3178531527519226
2018-02-14 02:58:55.816,0.3176308274269104
2018-02-14 05:58:55.816,0.3174479007720947
2018-02-14 08:58:55.816,0.3178556263446808
2018-02-14 11:58:55.816,0.3182486295700073
2018-02-14 14:58:55.816,0.31874898076057434
2018-02-14 17:58:55.816,0.31858330965042114
2018-02-14 20:58:55.816,0.3184386193752289
2018-02-14 23:58:55.816,0.3185449540615082
2018-02-15 02:58:55.816,0.318666934967041
2018-02-15 05:58:55.816,0.3194243907928467
2018-02-15 08:58:55.816,0.31988388299942017
2018-02-15 11:58:55.816,0.31961917877197266
2018-02-15 14:58:55.816,0.31900572776794434
2018-02-15 17:58:55.816,0.3177308142185211
2018-02-15 20:58:55.816,0.3167157471179962
2018-02-15 23:58:55.816,0.3161355257034302
2018-02-16 02:58:55.816,0.3160804510116577
2018-02-16 05:58:55.816,0.3160138726234436
2018-02-16 08:58:55.816,0.3157328963279724
2018-02-16 11:58:55.816,0.3151373863220215
2018-02-16 14:58:55.816,0.3146442472934723
2018-02-16 17:58:55.816,0.3135860860347748
2018-02-16 20:58:55.816,0.31262925267219543
2018-02-16 23:58:55.816,0.3120940029621124
2018-02-17 02:58:55.816,0.3118230402469635
2018-02-17 05:58:55.816,0.3123355209827423
2018-02-17 08:58:55.816,0.3131513297557831
2018-02-17 11:58:55.816,0.31319984793663025
2018-02-17 14:58:55.816,0.3134528398513794
2018-02-17 17:58:55.816,0.31391099095344543
2018-02-17 20:58:55.816,0.3143731355667114
2018-02-17 23:58:55.816,0.3148157298564911
2018-02-18 02:58:55.816,0.31591713428497314
2018-02-18 05:58:55.816,0.31714192032814026
2018-02-18 08:58:55.816,0.317425400018692
2018-02-18 11:58:55.816,0.31769859790802
2018-02-18 14:58:55.816,0.31790605187416077
2018-02-18 17:58:55.816,0.31836649775505066
2018-02-18 20:58:55.816,0.3184608519077301
2018-02-18 23:58:55.816,0.3182900846004486
2018-02-19 02:58:55.816,0.3180164098739624
2018-02-19 05:58:55.816,0.31833913922309875
2018-02-19 08:58:55.816,0.3188486695289612
2018-02-19 11:58:55.816,0.31893330812454224
2018-02-19 14:58:55.816,0.31866320967674255
2018-02-19 17:58:55.816,0.3184060752391815
2018-02-19 20:58:55.816,0.31714487075805664
2018-02-19 23:58:55.816,0.31607428193092346
2018-02-20 02:58:55.816,0.3156365752220154
2018-02-20 05:58:55.816,0.3151338994503021
2018-02-20 08:58:55.816,0.31447628140449524
2018-02-20 11:58:55.816,0.31389594078063965
2018-02-20 14:58:55.816,0.3139961063861847
2018-02-20 17:58:55.816,0.313991904258728
2018-02-20 20:58:55.816,0.3145201504230499
2018-02-20 23:58:55.816,0.3142859637737274
2018-02-21 02:58:55.816,0.31414440274238586
2018-02-21 05:58:55.816,0.3148952126502991
2018-02-21 08:58:55.816,0.3160153925418854
2018-02-21 11:58:55.816,0.3164229691028595
2018-02-21 14:58:55.816,0.3165641129016876
2018-02-21 17:58:55.816,0.31651076674461365
2018-02-21 20:58:55.816,0.3164546489715576
2018-02-21 23:58:55.816,0.3160843253135681
2018-02-22 02:58:55.816,0.31595519185066223
2018-02-22 05:58:55.816,0.3161734640598297
2018-02-22 08:58:55.816,0.3164338767528534
2018-02-22 11:58:55.816,0.3163143992424011
2018-02-22 14:58:55.816,0.3160044848918915
2018-02-22 17:58:55.816,0.31630873680114746
2018-02-22 20:58:55.816,0.3163990378379822
2018-02-22 23:58:55.816,0.3166871964931488
2018-02-23 02:58:55.816,0.3162061274051666
2018-02-23 05:58:55.816,0.31601682305336
2018-02-23 08:58:55.816,0.31615549325942993
2018-02-23 11:58:55.816,0.3170195519924164
2018-02-23 14:58:55.816,0.3179233968257904
2018-02-23 17:58:55.816,0.3179040849208832
2018-02-23 20:58:55.816,0.31818100810050964
2018-02-23 23:58:55.816,0.3182745575904846
2018-02-24 02:58:55.816,0.31806275248527527
2018-02-24 05:58:55.816,0.31840965151786804
2018-02-24 08:58:55.816,0.31900379061698914
2018-02-24 11:58:55.816,0.3195110559463501
2018-02-24 14:58:55.816,0.319290429353714
2018-02-24 17:58:55.816,0.31909048557281494
2018-02-24 20:58:55.816,0.31910720467567444
2018-02-24 23:58:55.816,0.3188975751399994
2018-02-25 02:58:55.816,0.3190171420574188
2018-02-25 05:58:55.816,0.31818994879722595
2018-02-25 08:58:55.816,0.3177424967288971
2018-02-25 11:58:55.816,0.3182361423969269
2018-02-25 14:58:55.816,0.31858178973197937
2018-02-25 17:58:55.816,0.31862184405326843
2018-02-25 20:58:55.816,0.318787157535553
2018-02-25 23:58:55.816,0.31830212473869324
2018-02-26 02:58:55.816,0.3171441853046417
2018-02-26 05:58:55.816,0.3161754310131073
2018-02-26 08:58:55.816,0.3152031898498535
2018-02-26 11:58:55.816,0.3147629201412201
2018-02-26 14:58:55.816,0.3150772452354431
2018-02-26 17:58:55.816,0.3159799873828888
2018-02-26 20:58:55.816,0.3164387047290802
2018-02-26 23:58:55.816,0.31707248091697693
2018-02-27 02:58:55.816,0.3181367814540863
2018-02-27 05:58:55.816,0.3183969259262085
2018-02-27 08:58:55.816,0.3179387152194977
2018-02-27 11:58:55.816,0.3175247609615326
2018-02-27 14:58:55.816,0.31735605001449585
2018-02-27 17:58:55.816,0.31812503933906555
2018-02-27 20:58:55.816,0.3175628185272217
2018-02-27 23:58:55.816,0.3170176148414612
2018-02-28 02:58:55.816,0.31655147671699524
2018-02-28 05:58:55.816,0.31636694073677063
2018-02-28 08:58:55.816,0.3166375756263733
2018-02-28 11:58:55.816,0.31629544496536255
2018-02-28 14:58:55.816,0.3161602020263672
2018-02-28 17:58:55.816,0.3157203793525696
2018-02-28 20:58:55.816,0.315899521112442
2018-02-28 23:58:55.816,0.31639358401298523
2018-03-01 02:58:55.816,0.3163338601589203
2018-03-01 05:58:55.816,0.31630346179008484
2018-03-01 08:58:55.816,0.31584683060646057
2018-03-01 11:58:55.816,0.31629806756973267
2018-03-01 14:58:55.816,0.3169875144958496
2018-03-01 17:58:55.816,0.31627365946769714
2018-03-01 20:58:55.816,0.31604766845703125
2018-03-01 23:58:55.816,0.3162190914154053
2018-03-02 02:58:55.816,0.3157305419445038
2018-03-02 05:58:55.816,0.3157518804073334
2018-03-02 08:58:55.816,0.31628528237342834
2018-03-02 11:58:55.816,0.3168841302394867
2018-03-02 14:58:55.816,0.31725212931632996
2018-03-02 17:58:55.816,0.31690505146980286
2018-03-02 20:58:55.816,0.3160017728805542
2018-03-02 23:58:55.816,0.3157813549041748
2018-03-03 02:58:55.816,0.3149105906486511
2018-03-03 05:58:55.816,0.31384971737861633
2018-03-03 08:58:55.816,0.3135530352592468
2018-03-03 11:58:55.816,0.31348928809165955
2018-03-03 14:58:55.816,0.312950998544693
2018-03-03 17:58:55.816,0.3117629587650299
2018-03-03 20:58:55.816,0.31100785732269287
2018-03-03 23:58:55.816,0.31105610728263855
2018-03-04 02:58:55.816,0.3111518323421478
2018-03-04 05:58:55.816,0.3110482394695282
2018-03-04 08:58:55.816,0.31160321831703186
2018-03-04 11:58:55.816,0.31228122115135193
2018-03-04 14:58:55.816,0.31294989585876465
2018-03-04 17:58:55.816,0.31274911761283875
2018-03-04 20:58:55.816,0.3129531443119049
2018-03-04 23:58:55.816,0.3135947287082672
2018-03-05 02:58:55.816,0.3145240843296051
2018-03-05 05:58:55.816,0.3146103024482727
2018-03-05 08:58:55.816,0.3146965801715851
2018-03-05 11:58:55.816,0.31542471051216125
2018-03-05 14:58:55.816,0.3157528340816498
2018-03-05 17:58:55.816,0.31617000699043274
2018-03-05 20:58:55.816,0.31621092557907104
2018-03-05 23:58:55.816,0.3159236013889313
2018-03-06 02:58:55.816,0.31584417819976807
2018-03-06 05:58:55.816,0.31563737988471985
2018-03-06 08:58:55.816,0.316189706325531
2018-03-06 11:58:55.816,0.31702902913093567
2018-03-06 14:58:55.816,0.3172294497489929
2018-03-06 17:58:55.816,0.3170579969882965
2018-03-06 20:58:55.816,0.3166086971759796
2018-03-06 23:58:55.816,0.3168005645275116
2018-03-07 02:58:55.816,0.31721892952919006
2018-03-07 05:58:55.816,0.3162636458873749
2018-03-07 08:58:55.816,0.3148458003997803
2018-03-07 11:58:55.816,0.31394627690315247
2018-03-07 14:58:55.816,0.31386882066726685
2018-03-07 17:58:55.816,0.3141150176525116
2018-03-07 20:58:55.816,0.31452950835227966
2018-03-07 23:58:55.816,0.31490203738212585
2018-03-08 02:58:55.816,0.3149511516094208
2018-03-08 05:58:55.816,0.3141578733921051
2018-03-08 08:58:55.816,0.3139718472957611
2018-03-08 11:58:55.816,0.31449899077415466
2018-03-08 14:58:55.816,0.31458207964897156
2018-03-08 17:58:55.816,0.3145124614238739
2018-03-08 20:58:55.816,0.31439486145973206
2018-03-08 23:58:55.816,0.3142957091331482
2018-03-09 02:58:55.816,0.3138645887374878
2018-03-09 05:58:55.816,0.3137553036212921
2018-03-09 08:58:55.816,0.3142288327217102
2018-03-09 11:58:55.816,0.3139830529689789
2018-03-09 14:58:55.816,0.31372833251953125
2018-03-09 17:58:55.816,0.3137858510017395
2018-03-09 20:58:55.816,0.3144473433494568
2018-03-09 23:58:55.816,0.31434574723243713
2018-03-10 02:58:55.816,0.3140951693058014
2018-03-10 05:58:55.816,0.3138459324836731
2018-03-10 08:58:55.816,0.3143968880176544
2018-03-10 11:58:55.816,0.3146931231021881
2018-03-10 14:58:55.816,0.3149191439151764
2018-03-10 17:58:55.816,0.3148716986179352
2018-03-10 20:58:55.816,0.3155497908592224
2018-03-10 23:58:55.816,0.3151096701622009
2018-03-11 02:58:55.816,0.3141053020954132
2018-03-11 05:58:55.816,0.3142067492008209
2018-03-11 08:58:55.816,0.31540271639823914
2018-03-11 11:58:55.816,0.316114217042923
2018-03-11 14:58:55.816,0.31613224744796753
2018-03-11 17:58:55.816,0.31607475876808167
2018-03-11 20:58:55.816,0.3163834810256958
2018-03-11 23:58:55.816,0.316295862197876
2018-03-12 02:58:55.816,0.31659287214279175
2018-03-12 05:58:55.816,0.3173691928386688
2018-03-12 08:58:55.816,0.31803467869758606
2018-03-12 11:58:55.816,0.31840041279792786
2018-03-12 14:58:55.816,0.3184092938899994
2018-03-12 17:58:55.816,0.31845542788505554
2018-03-12 20:58:55.816,0.3186752498149872
2018-03-12 23:58:55.816,0.31856873631477356
2018-03-13 02:58:55.816,0.3181532323360443
2018-03-13 05:58:55.816,0.31771376729011536
2018-03-13 08:58:55.816,0.318302720785141
2018-03-13 11:58:55.816,0.3185593783855438
2018-03-13 14:58:55.816,0.31876999139785767
2018-03-13 17:58:55.816,0.31952396035194397
2018-03-13 20:58:55.816,0.3204754889011383
2018-03-13 23:58:55.816,0.32112935185432434
2018-03-14 02:58:55.816,0.3209797143936157
2018-03-14 05:58:55.816,0.32061758637428284
2018-03-14 08:58:55.816,0.31971290707588196
2018-03-14 11:58:55.816,0.31892725825309753
2018-03-14 14:58:55.816,0.3188890516757965
2018-03-14 17:58:55.816,0.3189867436885834
2018-03-14 20:58:55.816,0.3193984925746918
2018-03-14 23:58:55.816,0.31964415311813354
2018-03-15 02:58:55.816,0.31962648034095764
2018-03-15 05:58:55.816,0.31987982988357544
2018-03-15 08:58:55.816,0.3193766474723816
2018-03-15 11:58:55.816,0.31901803612709045
2018-03-15 14:58:55.816,0.31914350390434265
2018-03-15 17:58:55.816,0.3190377354621887
2018-03-15 20:58:55.816,0.31885600090026855
2018-03-15 23:58:55.816,0.3181600272655487
2018-03-16 02:58:55.816,0.3175640404224396
2018-03-16 05:58:55.816,0.3178720474243164
2018-03-16 08:58:55.816,0.31835508346557617
2018-03-16 11:58:55.816,0.318479984998703
2018-03-16 14:58:55.816,0.31854328513145447
2018-03-16 17:58:55.816,0.3195728063583374
2018-03-16 20:58:55.816,0.3197654187679291
2018-03-16 23:58:55.816,0.3193586766719818
2018-03-17 02:58:55.816,0.31895509362220764
2018-03-17 05:58:55.816,0.31861284375190735
2018-03-17 08:58:55.816,0.3182133436203003
2018-03-17 11:58:55.816,0.3174279034137726
2018-03-17 14:58:55.816,0.31713253259658813
2018-03-17 17:58:55.816,0.3177914321422577
2018-03-17 20:58:55.816,0.3178730905056
2018-03-17 23:58:55.816,0.3181516230106354
2018-03-18 02:58:55.816,0.31868109107017517
2018-03-18 05:58:55.816,0.3189696967601776
2018-03-18 08:58:55.816,0.31804147362709045
2018-03-18 11:58:55.816,0.3164059519767761
2018-03-18 14:58:55.816,0.31589385867118835
2018-03-18 17:58:55.816,0.31606215238571167
2018-03-18 20:58:55.816,0.3169427812099457
2018-03-18 23:58:55.816,0.31758174300193787
2018-03-19 02:58:55.816,0.3182022273540497
2018-03-19 05:58:55.816,0.31879952549934387
2018-03-19 08:58:55.816,0.31957224011421204
2018-03-19 11:58:55.816,0.3201379179954529
2018-03-19 14:58:55.816,0.320180743932724
2018-03-19 17:58:55.816,0.31920382380485535
2018-03-19 20:58:55.816,0.3180669844150543
2018-03-19 23:58:55.816,0.3180694282054901
2018-03-20 02:58:55.816,0.3175187110900879
2018-03-20 05:58:55.816,0.3162383735179901
2018-03-20 08:58:55.816,0.3151412904262543
2018-03-20 11:58:55.816,0.31486842036247253
2018-03-20 14:58:55.816,0.3149750232696533
2018-03-20 17:58:55.816,0.31437981128692627
2018-03-20 20:58:55.816,0.3142900764942169
2018-03-20 23:58:55.816,0.3141539394855499
2018-03-21 02:58:55.816,0.3147890865802765
2018-03-21 05:58:55.816,0.31566932797431946
2018-03-21 08:58:55.816,0.31706634163856506
2018-03-21 11:58:55.816,0.31760600209236145
2018-03-21 14:58:55.816,0.31726065278053284
2018-03-21 17:58:55.816,0.3170928657054901
2018-03-21 20:58:55.816,0.31682655215263367
2018-03-21 23:58:55.816,0.31658118963241577
2018-03-22 02:58:55.816,0.31618496775627136
2018-03-22 05:58:55.816,0.31636807322502136
2018-03-22 08:58:55.816,0.3166261315345764
2018-03-22 11:58:55.816,0.316507488489151
2018-03-22 14:58:55.816,0.317448228597641
2018-03-22 17:58:55.816,0.31815746426582336
2018-03-22 20:58:55.816,0.3186037838459015
2018-03-22 23:58:55.816,0.3181096017360687
2018-03-23 02:58:55.816,0.31790870428085327
2018-03-23 05:58:55.816,0.31794652342796326
2018-03-23 08:58:55.816,0.3176892101764679
2018-03-23 11:58:55.816,0.31696340441703796
2018-03-23 14:58:55.816,0.3160129487514496
2018-03-23 17:58:55.816,0.31515446305274963
2018-03-23 20:58:55.816,0.3154233992099762
2018-03-23 23:58:55.816,0.31606557965278625
2018-03-24 02:58:55.816,0.3167652487754822
2018-03-24 05:58:55.816,0.3174511790275574
2018-03-24 08:58:55.816,0.31755247712135315
2018-03-24 11:58:55.816,0.31756097078323364
2018-03-24 14:58:55.816,0.3170466125011444
2018-03-24 17:58:55.816,0.31647810339927673
2018-03-24 20:58:55.816,0.31607410311698914
2018-03-24 23:58:55.816,0.31626248359680176
2018-03-25 02:58:55.816,0.3164137005805969
2018-03-25 05:58:55.816,0.31641843914985657
2018-03-25 08:58:55.816,0.3159792721271515
2018-03-25 11:58:55.816,0.31601041555404663
2018-03-25 14:58:55.816,0.31549158692359924
2018-03-25 17:58:55.816,0.3148641586303711
2018-03-25 20:58:55.816,0.3133797347545624
2018-03-25 23:58:55.816,0.3121963441371918
2018-03-26 02:58:55.816,0.3116719126701355
2018-03-26 05:58:55.816,0.3118453919887543
2018-03-26 08:58:55.816,0.31206944584846497
2018-03-26 11:58:55.816,0.31289592385292053
2018-03-26 14:58:55.816,0.3141618072986603
2018-03-26 17:58:55.816,0.3150542676448822
2018-03-26 20:58:55.816,0.3154219686985016
2018-03-26 23:58:55.816,0.3158677816390991
2018-03-27 02:58:55.816,0.31618204712867737
2018-03-27 05:58:55.816,0.3163960874080658
2018-03-27 08:58:55.816,0.3162907361984253
2018-03-27 11:58:55.816,0.3162732720375061
2018-03-27 14:58:55.816,0.3162681758403778
2018-03-27 17:58:55.816,0.3161573112010956
2018-03-27 20:58:55.816,0.3162330687046051
2018-03-27 23:58:55.816,0.3164965510368347
2018-03-28 02:58:55.816,0.3160364031791687
2018-03-28 05:58:55.816,0.31619909405708313
2018-03-28 08:58:55.816,0.31664788722991943
2018-03-28 11:58:55.816,0.31727471947669983
2018-03-28 14:58:55.816,0.31805673241615295
2018-03-28 17:58:55.816,0.3180868923664093
2018-03-28 20:58:55.816,0.31716158986091614
2018-03-28 23:58:55.816,0.31668195128440857
2018-03-29 02:58:55.816,0.31692734360694885
2018-03-29 05:58:55.816,0.31742051243782043
2018-03-29 08:58:55.816,0.3171810209751129
2018-03-29 11:58:55.816,0.3165905773639679
2018-03-29 14:58:55.816,0.31661954522132874
2018-03-29 17:58:55.816,0.3163016736507416
2018-03-29 20:58:55.816,0.3148668706417084
2018-03-29 23:58:55.816,0.3140040338039398
2018-03-30 02:58:55.816,0.3140082359313965
2018-03-30 05:58:55.816,0.31455716490745544
2018-03-30 08:58:55.816,0.3149329423904419
2018-03-30 11:58:55.816,0.3155069649219513
2018-03-30 14:58:55.816,0.31582632660865784
2018-03-30 17:58:55.816,0.31618615984916687
2018-03-30 20:58:55.816,0.31677281856536865
2018-03-30 23:58:55.816,0.31678539514541626
2018-03-31 02:58:55.816,0.31643620133399963
2018-03-31 05:58:55.816,0.3165495693683624
2018-03-31 08:58:55.816,0.31653961539268494
2018-03-31 11:58:55.816,0.31670838594436646
2018-03-31 14:58:55.816,0.3172016441822052
2018-03-31 17:58:55.816,0.3178195059299469
2018-03-31 20:58:55.816,0.31811943650245667
2018-03-31 23:58:55.816,0.3185630142688751
2018-04-01 02:58:55.816,0.3193349242210388
2018-04-01 05:58:55.816,0.3194698393344879
2018-04-01 08:58:55.816,0.3198503851890564
2018-04-01 11:58:55.816,0.3201123774051666
2018-04-01 14:58:55.816,0.3202352821826935
2018-04-01 17:58:55.816,0.32034218311309814
2018-04-01 20:58:55.816,0.32012519240379333
2018-04-01 23:58:55.816,0.3200928568840027
2018-04-02 02:58:55.816,0.3197499215602875
2018-04-02 05:58:55.816,0.31912127137184143
2018-04-02 08:58:55.816,0.3185190260410309
2018-04-02 11:58:55.816,0.3182242810726166
2018-04-02 14:58:55.816,0.3179273307323456
2018-04-02 17:58:55.816,0.3168526887893677
2018-04-02 20:58:55.816,0.3156967759132385
2018-04-02 23:58:55.816,0.314968466758728
2018-04-03 02:58:55.816,0.31464600563049316
2018-04-03 05:58:55.816,0.3145454227924347
2018-04-03 08:58:55.816,0.31441447138786316
2018-04-03 11:58:55.816,0.3141762912273407
2018-04-03 14:58:55.816,0.3140275180339813
2018-04-03 17:58:55.816,0.3141268193721771
2018-04-03 20:58:55.816,0.3143935203552246
2018-04-03 23:58:55.816,0.31494858860969543
2018-04-04 02:58:55.816,0.31546542048454285
2018-04-04 05:58:55.816,0.3152644634246826
2018-04-04 08:58:55.816,0.3156615197658539
2018-04-04 11:58:55.816,0.3163330852985382
2018-04-04 14:58:55.816,0.3166586458683014
2018-04-04 17:58:55.816,0.31682097911834717
2018-04-04 20:58:55.816,0.3170848786830902
2018-04-04 23:58:55.816,0.3171689808368683
2018-04-05 02:58:55.816,0.3167388141155243
2018-04-05 05:58:55.816,0.3165314495563507
2018-04-05 08:58:55.816,0.31609728932380676
2018-04-05 11:58:55.816,0.3155490458011627
2018-04-05 14:58:55.816,0.31420525908470154
2018-04-05 17:58:55.816,0.31318584084510803
2018-04-05 20:58:55.816,0.31276872754096985
2018-04-05 23:58:55.816,0.31272056698799133
2018-04-06 02:58:55.816,0.3124494254589081
2018-04-06 05:58:55.816,0.31244030594825745
2018-04-06 08:58:55.816,0.31289297342300415
2018-04-06 11:58:55.816,0.31334152817726135
2018-04-06 14:58:55.816,0.3142779767513275
2018-04-06 17:58:55.816,0.3149179518222809
2018-04-06 20:58:55.816,0.31559109687805176
2018-04-06 23:58:55.816,0.31659165024757385
2018-04-07 02:58:55.816,0.3169732987880707
2018-04-07 05:58:55.816,0.31714966893196106
2018-04-07 08:58:55.816,0.31703826785087585
2018-04-07 11:58:55.816,0.31577029824256897
2018-04-07 14:58:55.816,0.3154156804084778
2018-04-07 17:58:55.816,0.3155615031719208
2018-04-07 20:58:55.816,0.3156854808330536
2018-04-07 23:58:55.816,0.31566524505615234
2018-04-08 02:58:55.816,0.31564193964004517
2018-04-08 05:58:55.816,0.3153302073478699
2018-04-08 08:58:55.816,0.31527286767959595
2018-04-08 11:58:55.816,0.31542059779167175
2018-04-08 14:58:55.816,0.3158171772956848
2018-04-08 17:58:55.816,0.3161751627922058
2018-04-08 20:58:55.816,0.3167417645454407
2018-04-08 23:58:55.816,0.31642964482307434
2018-04-09 02:58:55.816,0.3162290155887604
2018-04-09 05:58:55.816,0.3156219720840454
2018-04-09 08:58:55.816,0.3152623474597931
2018-04-09 11:58:55.816,0.31496211886405945
2018-04-09 14:58:55.816,0.3154188096523285
2018-04-09 17:58:55.816,0.3161865472793579
2018-04-09 20:58:55.816,0.31654253602027893
2018-04-09 23:58:55.816,0.3170965611934662
2018-04-10 02:58:55.816,0.31701022386550903
2018-04-10 05:58:55.816,0.3173603415489197
2018-04-10 08:58:55.816,0.31779953837394714
2018-04-10 11:58:55.816,0.317818284034729
2018-04-10 14:58:55.816,0.31785348057746887
2018-04-10 17:58:55.816,0.31831809878349304
2018-04-10 20:58:55.816,0.31851792335510254
2018-04-10 23:58:55.816,0.31821027398109436
2018-04-11 02:58:55.816,0.3180679976940155
2018-04-11 05:58:55.816,0.31712469458580017
2018-04-11 08:58:55.816,0.3170289397239685
2018-04-11 11:58:55.816,0.31710734963417053
2018-04-11 14:58:55.816,0.31974607706069946
2018-04-11 17:58:55.816,0.3194386065006256
2018-04-11 20:58:55.816,0.3192070722579956
2018-04-11 23:58:55.816,0.31856706738471985
2018-04-12 02:58:55.816,0.31818172335624695
2018-04-12 05:58:55.816,0.3186003267765045
2018-04-12 08:58:55.816,0.31932970881462097
2018-04-12 11:58:55.816,0.32496681809425354
2018-04-12 14:58:55.816,0.32968756556510925
2018-04-12 17:58:55.816,0.3256690204143524
2018-04-12 20:58:55.816,0.3239298462867737
2018-04-12 23:58:55.816,0.3230920732021332
2018-04-13 02:58:55.816,0.3225427567958832
2018-04-13 05:58:55.816,0.32146891951560974
2018-04-13 08:58:55.816,0.32038888335227966
2018-04-13 11:58:55.816,0.32148477435112
2018-04-13 14:58:55.816,0.3251805603504181
2018-04-13 17:58:55.816,0.32179614901542664
2018-04-13 20:58:55.816,0.3202737271785736
2018-04-13 23:58:55.816,0.318334698677063
2018-04-14 02:58:55.816,0.31717178225517273
2018-04-14 05:58:55.816,0.31682100892066956
2018-04-14 08:58:55.816,0.31778499484062195
2018-04-14 11:58:55.816,0.34456706047058105
2018-04-14 14:58:55.816,0.3403123617172241
2018-04-14 17:58:55.816,0.33332154154777527
2018-04-14 20:58:55.816,0.3307904303073883
2018-04-14 23:58:55.816,0.32904186844825745
2018-04-15 02:58:55.816,0.32733359932899475
2018-04-15 05:58:55.816,0.32603827118873596
2018-04-15 08:58:55.816,0.3251206874847412
2018-04-15 11:58:55.816,0.3367585241794586
2018-04-15 14:58:55.816,0.33982014656066895
2018-04-15 17:58:55.816,0.3329527974128723
2018-04-15 20:58:55.816,0.330692321062088
2018-04-15 23:58:55.816,0.32911425828933716
2018-04-16 02:58:55.816,0.32741114497184753
2018-04-16 05:58:55.816,0.32545363903045654
2018-04-16 08:58:55.816,0.3361649811267853
2018-04-16 11:58:55.816,0.3577691614627838
2018-04-16 14:58:55.816,0.35151317715644836
2018-04-16 17:58:55.816,0.3402693271636963
2018-04-16 20:58:55.816,0.3369480073451996
2018-04-16 23:58:55.816,0.33509325981140137
2018-04-17 02:58:55.816,0.3334135115146637
2018-04-17 05:58:55.816,0.33204951882362366
2018-04-17 08:58:55.816,0.3380362093448639
2018-04-17 11:58:55.816,0.359024316072464
2018-04-17 14:58:55.816,0.352701336145401
2018-04-17 17:58:55.816,0.3419599235057831
2018-04-17 20:58:55.816,0.33839523792266846
2018-04-17 23:58:55.816,0.3359847366809845
2018-04-18 02:58:55.816,0.33449211716651917
2018-04-18 05:58:55.816,0.33318135142326355
2018-04-18 08:58:55.816,0.3413562774658203
2018-04-18 11:58:55.816,0.36196771264076233
2018-04-18 14:58:55.816,0.3558841943740845
2018-04-18 17:58:55.816,0.3448987901210785
2018-04-18 20:58:55.816,0.3419511318206787
2018-04-18 23:58:55.816,0.3404732644557953
2018-04-19 02:58:55.816,0.3398378789424896
2018-04-19 05:58:55.816,0.3386874496936798
2018-04-19 08:58:55.816,0.3471052944660187
2018-04-19 11:58:55.816,0.36386191844940186
2018-04-19 14:58:55.816,0.35850095748901367
2018-04-19 17:58:55.816,0.34800979495048523
2018-04-19 20:58:55.816,0.345059871673584
2018-04-19 23:58:55.816,0.34250518679618835
2018-04-20 02:58:55.816,0.3403981029987335
2018-04-20 05:58:55.816,0.33895501494407654
2018-04-20 08:58:55.816,0.34205880761146545
2018-04-20 11:58:55.816,0.3628123104572296
2018-04-20 14:58:55.816,0.3579353988170624
2018-04-20 17:58:55.816,0.34833160042762756
2018-04-20 20:58:55.816,0.3446478843688965
2018-04-20 23:58:55.816,0.34266412258148193
2018-04-21 02:58:55.816,0.341543048620224
2018-04-21 05:58:55.816,0.3406951427459717
2018-04-21 08:58:55.816,0.33937859535217285
2018-04-21 11:58:55.816,0.34220030903816223
2018-04-21 14:58:55.816,0.3434339463710785
2018-04-21 17:58:55.816,0.3403748571872711
2018-04-21 20:58:55.816,0.33832433819770813
2018-04-21 23:58:55.816,0.33676043152809143
2018-04-22 02:58:55.816,0.3365556299686432
2018-04-22 05:58:55.816,0.33632388710975647
2018-04-22 08:58:55.816,0.33610785007476807
2018-04-22 11:58:55.816,0.35973691940307617
2018-04-22 14:58:55.816,0.35951992869377136
2018-04-22 17:58:55.816,0.34986987709999084
2018-04-22 20:58:55.816,0.34668174386024475
2018-04-22 23:58:55.816,0.3436298370361328
2018-04-23 02:58:55.816,0.34172239899635315
2018-04-23 05:58:55.816,0.341071754693985
2018-04-23 08:58:55.816,0.3445093631744385
2018-04-23 11:58:55.816,0.3567831218242645
2018-04-23 14:58:55.816,0.3528303802013397
2018-04-23 17:58:55.816,0.3477630615234375
2018-04-23 20:58:55.816,0.3452937602996826
2018-04-23 23:58:55.816,0.34319618344306946
2018-04-24 02:58:55.816,0.34097573161125183
2018-04-24 05:58:55.816,0.33865389227867126
2018-04-24 08:58:55.816,0.3403420150279999
2018-04-24 11:58:55.816,0.35057929158210754
2018-04-24 14:58:55.816,0.34989190101623535
2018-04-24 17:58:55.816,0.3451097309589386
2018-04-24 20:58:55.816,0.3431132137775421
2018-04-24 23:58:55.816,0.34137246012687683
2018-04-25 02:58:55.816,0.33982598781585693
2018-04-25 05:58:55.816,0.338376522064209
2018-04-25 08:58:55.816,0.3423049747943878
2018-04-25 11:58:55.816,0.3592626750469208
2018-04-25 14:58:55.816,0.36216387152671814
2018-04-25 17:58:55.816,0.3551231920719147
2018-04-25 20:58:55.816,0.3520834743976593
2018-04-25 23:58:55.816,0.34957531094551086
2018-04-26 02:58:55.816,0.3476467430591583
2018-04-26 05:58:55.816,0.34635984897613525
2018-04-26 08:58:55.816,0.3644472658634186
2018-04-26 11:58:55.816,0.3745904266834259
2018-04-26 14:58:55.816,0.36814865469932556
2018-04-26 17:58:55.816,0.35764551162719727
2018-04-26 20:58:55.816,0.3545919954776764
2018-04-26 23:58:55.816,0.35260701179504395
2018-04-27 02:58:55.816,0.35040032863616943
2018-04-27 05:58:55.816,0.34855934977531433
2018-04-27 08:58:55.816,0.3631709814071655
2018-04-27 11:58:55.816,0.3749765157699585
2018-04-27 14:58:55.816,0.3701009750366211
2018-04-27 17:58:55.816,0.36037465929985046
2018-04-27 20:58:55.816,0.35649001598358154
2018-04-27 23:58:55.816,0.3542436361312866
2018-04-28 02:58:55.816,0.3528120219707489
2018-04-28 05:58:55.816,0.3511956036090851
2018-04-28 08:58:55.816,0.3665875196456909
2018-04-28 11:58:55.816,0.373384028673172
2018-04-28 14:58:55.816,0.36889591813087463
2018-04-28 17:58:55.816,0.3605669438838959
2018-04-28 20:58:55.816,0.35806891322135925
2018-04-28 23:58:55.816,0.35670557618141174
2018-04-29 02:58:55.816,0.35599207878112793
2018-04-29 05:58:55.816,0.3554432690143585
2018-04-29 08:58:55.816,0.3549869954586029
2018-04-29 11:58:55.816,0.3613264560699463
2018-04-29 14:58:55.816,0.3607569932937622
2018-04-29 17:58:55.816,0.35705485939979553
2018-04-29 20:58:55.816,0.3551439344882965
2018-04-29 23:58:55.816,0.3535710573196411
2018-04-30 02:58:55.816,0.3519829213619232
2018-04-30 05:58:55.816,0.3500973880290985
2018-04-30 08:58:55.816,0.3584723472595215
2018-04-30 11:58:55.816,0.3673069179058075
2018-04-30 14:58:55.816,0.36543014645576477
2018-04-30 17:58:55.816,0.3593522012233734
2018-04-30 20:58:55.816,0.35639771819114685
2018-04-30 23:58:55.816,0.3548388183116913
2018-05-01 02:58:55.816,0.35337188839912415
2018-05-01 05:58:55.816,0.3526632487773895
2018-05-01 08:58:55.816,0.3588605225086212
2018-05-01 11:58:55.816,0.37103545665740967
2018-05-01 14:58:55.816,0.36837708950042725
2018-05-01 17:58:55.816,0.36146071553230286
2018-05-01 20:58:55.816,0.3593738377094269
2018-05-01 23:58:55.816,0.3587385416030884
2018-05-02 02:58:55.816,0.35854026675224304
2018-05-02 05:58:55.816,0.35761114954948425
2018-05-02 08:58:55.816,0.3621203899383545
2018-05-02 11:58:55.816,0.3636593520641327
2018-05-02 14:58:55.816,0.36148861050605774
2018-05-02 17:58:55.816,0.358792781829834
2018-05-02 20:58:55.816,0.3578431308269501
2018-05-02 23:58:55.816,0.3574028015136719
2018-05-03 02:58:55.816,0.3567027151584625
2018-05-03 05:58:55.816,0.3565199375152588
2018-05-03 08:58:55.816,0.35694804787635803
2018-05-03 11:58:55.816,0.3598593473434448
2018-05-03 14:58:55.816,0.3619445860385895
2018-05-03 17:58:55.816,0.36117029190063477
2018-05-03 20:58:55.816,0.35952436923980713
2018-05-03 23:58:55.816,0.35777199268341064
2018-05-04 02:58:55.816,0.35667726397514343
2018-05-04 05:58:55.816,0.35673460364341736
2018-05-04 08:58:55.816,0.3625064790248871
2018-05-04 11:58:55.816,0.3670496940612793
2018-05-04 14:58:55.816,0.3649832010269165
2018-05-04 17:58:55.816,0.36212408542633057
2018-05-04 20:58:55.816,0.3604756295681
2018-05-04 23:58:55.816,0.35989224910736084
2018-05-05 02:58:55.816,0.3587200939655304
2018-05-05 05:58:55.816,0.3578547537326813
2018-05-05 08:58:55.816,0.3674856722354889
2018-05-05 11:58:55.816,0.3729890286922455
2018-05-05 14:58:55.816,0.37107035517692566
2018-05-05 17:58:55.816,0.3656890094280243
2018-05-05 20:58:55.816,0.3629014194011688
2018-05-05 23:58:55.816,0.36071908473968506
2018-05-06 02:58:55.816,0.3593023717403412
2018-05-06 05:58:55.816,0.3631615936756134
2018-05-06 08:58:55.816,0.36730828881263733
2018-05-06 11:58:55.816,0.3741781711578369
2018-05-06 14:58:55.816,0.3680473864078522
2018-05-06 17:58:55.816,0.3632601797580719
2018-05-06 20:58:55.816,0.3616078794002533
2018-05-06 23:58:55.816,0.3608047664165497
2018-05-07 02:58:55.816,0.3604668378829956
2018-05-07 05:58:55.816,0.3609488904476166
2018-05-07 08:58:55.816,0.36281290650367737
2018-05-07 11:58:55.816,0.3678159713745117
2018-05-07 14:58:55.816,0.3659090995788574
2018-05-07 17:58:55.816,0.36522698402404785
2018-05-07 20:58:55.816,0.3626343309879303
2018-05-07 23:58:55.816,0.3606935441493988
2018-05-08 02:58:55.816,0.3594384491443634
2018-05-08 05:58:55.816,0.3601630926132202
2018-05-08 08:58:55.816,0.36421358585357666
2018-05-08 11:58:55.816,0.3643268644809723
2018-05-08 14:58:55.816,0.36307430267333984
2018-05-08 17:58:55.816,0.36222347617149353
2018-05-08 20:58:55.816,0.36052486300468445
2018-05-08 23:58:55.816,0.3594021797180176
2018-05-09 02:58:55.816,0.3592863380908966
2018-05-09 05:58:55.816,0.36024269461631775
2018-05-09 08:58:55.816,0.3596988022327423
2018-05-09 11:58:55.816,0.3584958612918854
2018-05-09 14:58:55.816,0.35732904076576233
2018-05-09 17:58:55.816,0.35656848549842834
2018-05-09 20:58:55.816,0.3557175099849701
2018-05-09 23:58:55.816,0.3546571433544159
2018-05-10 02:58:55.816,0.3540259301662445
2018-05-10 05:58:55.816,0.3535836637020111
2018-05-10 08:58:55.816,0.35319817066192627
2018-05-10 11:58:55.816,0.3530103266239166
2018-05-10 14:58:55.816,0.3542211353778839
2018-05-10 17:58:55.816,0.35453739762306213
2018-05-10 20:58:55.816,0.35422900319099426
2018-05-10 23:58:55.816,0.354169636964798
2018-05-11 02:58:55.816,0.3549674451351166
2018-05-11 05:58:55.816,0.353669673204422
2018-05-11 08:58:55.816,0.3536108434200287
2018-05-11 11:58:55.816,0.3531302213668823
2018-05-11 14:58:55.816,0.35430631041526794
2018-05-11 17:58:55.816,0.36117422580718994
2018-05-11 20:58:55.816,0.3676220178604126
2018-05-11 23:58:55.816,0.3694407641887665
2018-05-12 02:58:55.816,0.3699773848056793
2018-05-12 05:58:55.816,0.36927321553230286
2018-05-12 08:58:55.816,0.3660067021846771
2018-05-12 11:58:55.816,0.3633793294429779
2018-05-12 14:58:55.816,0.36132705211639404
2018-05-12 17:58:55.816,0.3608380854129791
2018-05-12 20:58:55.816,0.35869523882865906
2018-05-12 23:58:55.816,0.35888028144836426
2018-05-13 02:58:55.816,0.35779619216918945
2018-05-13 05:58:55.816,0.3566852807998657
2018-05-13 08:58:55.816,0.3560679256916046
2018-05-13 11:58:55.816,0.3543362617492676
2018-05-13 14:58:55.816,0.3605864346027374
2018-05-13 17:58:55.816,0.35734114050865173
2018-05-13 20:58:55.816,0.35583245754241943
2018-05-13 23:58:55.816,0.354987233877182
2018-05-14 02:58:55.816,0.3541938066482544
2018-05-14 05:58:55.816,0.36947551369667053
2018-05-14 08:58:55.816,0.3627184331417084
2018-05-14 11:58:55.816,0.36101511120796204
2018-05-14 14:58:55.816,0.36092114448547363
2018-05-14 17:58:55.816,0.35879477858543396
2018-05-14 20:58:55.816,0.3579362630844116
2018-05-14 23:58:55.816,0.3569255769252777
2018-05-15 02:58:55.816,0.3560907542705536
2018-05-15 05:58:55.816,0.35784026980400085
2018-05-15 08:58:55.816,0.35485100746154785
2018-05-15 11:58:55.816,0.35311588644981384
2018-05-15 14:58:55.816,0.3605433702468872
2018-05-15 17:58:55.816,0.3577156066894531
2018-05-15 20:58:55.816,0.3555450141429901
2018-05-15 23:58:55.816,0.3537784814834595
2018-05-16 02:58:55.816,0.3527477979660034
2018-05-16 05:58:55.816,0.35156360268592834
2018-05-16 08:58:55.816,0.3508981168270111
2018-05-16 11:58:55.816,0.3506591022014618
2018-05-16 14:58:55.816,0.35927867889404297
2018-05-16 17:58:55.816,0.35702189803123474
2018-05-16 20:58:55.816,0.35498109459877014
2018-05-16 23:58:55.816,0.3540506362915039
2018-05-17 02:58:55.816,0.3534724712371826
2018-05-17 05:58:55.816,0.3509562015533447
2018-05-17 08:58:55.816,0.34970834851264954
2018-05-17 11:58:55.816,0.3483867645263672
2018-05-17 14:58:55.816,0.35066723823547363
2018-05-17 17:58:55.816,0.3491683006286621
2018-05-17 20:58:55.816,0.34935352206230164
2018-05-17 23:58:55.816,0.35006284713745117
2018-05-18 02:58:55.816,0.349714994430542
2018-05-18 05:58:55.816,0.34727439284324646
2018-05-18 08:58:55.816,0.34719493985176086
2018-05-18 11:58:55.816,0.3465804159641266
2018-05-18 14:58:55.816,0.3454681634902954
2018-05-18 17:58:55.816,0.34628233313560486
2018-05-18 20:58:55.816,0.3459725081920624
2018-05-18 23:58:55.816,0.3462413549423218
2018-05-19 02:58:55.816,0.3472525179386139
2018-05-19 05:58:55.816,0.3468376696109772
2018-05-19 08:58:55.816,0.3470275402069092
2018-05-19 11:58:55.816,0.34599268436431885
2018-05-19 14:58:55.816,0.3447260856628418
2018-05-19 17:58:55.816,0.34586605429649353
2018-05-19 20:58:55.816,0.34650346636772156
2018-05-19 23:58:55.816,0.3468391001224518
2018-05-20 02:58:55.816,0.3466092050075531
2018-05-20 05:58:55.816,0.3440763056278229
2018-05-20 08:58:55.816,0.3442753851413727
2018-05-20 11:58:55.816,0.34380173683166504
2018-05-20 14:58:55.816,0.3410708010196686
2018-05-20 17:58:55.816,0.34167659282684326
2018-05-20 20:58:55.816,0.3421914279460907
2018-05-20 23:58:55.816,0.3425980508327484
2018-05-21 02:58:55.816,0.34264445304870605
2018-05-21 05:58:55.816,0.34320464730262756
2018-05-21 08:58:55.816,0.3432198762893677
2018-05-21 11:58:55.816,0.34276247024536133
2018-05-21 14:58:55.816,0.3415394127368927
2018-05-21 17:58:55.816,0.3412702977657318
2018-05-21 20:58:55.816,0.3413584530353546
2018-05-21 23:58:55.816,0.34185054898262024
2018-05-22 02:58:55.816,0.3425236642360687
2018-05-22 05:58:55.816,0.3393767774105072
2018-05-22 08:58:55.816,0.34272500872612
2018-05-22 11:58:55.816,0.3548133671283722
2018-05-22 14:58:55.816,0.3478463590145111
2018-05-22 17:58:55.816,0.34743714332580566
2018-05-22 20:58:55.816,0.34678006172180176
2018-05-22 23:58:55.816,0.3455989360809326
2018-05-23 02:58:55.816,0.3455078601837158
2018-05-23 05:58:55.816,0.33793699741363525
2018-05-23 08:58:55.816,0.3387272357940674
2018-05-23 11:58:55.816,0.33810368180274963
2018-05-23 14:58:55.816,0.3328854739665985
2018-05-23 17:58:55.816,0.3339625298976898
2018-05-23 20:58:55.816,0.33518466353416443
2018-05-23 23:58:55.816,0.3359687030315399
2018-05-24 02:58:55.816,0.3364022970199585
2018-05-24 05:58:55.816,0.33620956540107727
2018-05-24 08:58:55.816,0.3360600173473358
2018-05-24 11:58:55.816,0.335727334022522
2018-05-24 14:58:55.816,0.3305121958255768
2018-05-24 17:58:55.816,0.3313886225223541
2018-05-24 20:58:55.816,0.3325801193714142
2018-05-24 23:58:55.816,0.3333466947078705
2018-05-25 02:58:55.816,0.3340742588043213
2018-05-25 05:58:55.816,0.33143988251686096
2018-05-25 08:58:55.816,0.3324907124042511
2018-05-25 11:58:55.816,0.331936776638031
2018-05-25 14:58:55.816,0.33096733689308167
2018-05-25 17:58:55.816,0.3320509195327759
2018-05-25 20:58:55.816,0.3334724009037018
2018-05-25 23:58:55.816,0.334852933883667
2018-05-26 02:58:55.816,0.3360251486301422
2018-05-26 05:58:55.816,0.33423158526420593
2018-05-26 08:58:55.816,0.33450260758399963
2018-05-26 11:58:55.816,0.33413204550743103
2018-05-26 14:58:55.816,0.3307408392429352
2018-05-26 17:58:55.816,0.3310827314853668
2018-05-26 20:58:55.816,0.3315674662590027
2018-05-26 23:58:55.816,0.3322128653526306
2018-05-27 02:58:55.816,0.33296242356300354
2018-05-27 05:58:55.816,0.3294810652732849
2018-05-27 08:58:55.816,0.3302568793296814
2018-05-27 11:58:55.816,0.3299509286880493
2018-05-27 14:58:55.816,0.3271661102771759
2018-05-27 17:58:55.816,0.328565776348114
2018-05-27 20:58:55.816,0.3291526436805725
2018-05-27 23:58:55.816,0.32990556955337524
2018-05-28 02:58:55.816,0.33044326305389404
2018-05-28 05:58:55.816,0.32506701350212097
2018-05-28 08:58:55.816,0.3259972035884857
2018-05-28 11:58:55.816,0.3263893723487854
2018-05-28 14:58:55.816,0.3209356367588043
2018-05-28 17:58:55.816,0.3225494623184204
2018-05-28 20:58:55.816,0.3234274685382843
2018-05-28 23:58:55.816,0.32426688075065613
2018-05-29 02:58:55.816,0.3257170021533966
2018-05-29 05:58:55.816,0.3262540400028229
2018-05-29 08:58:55.816,0.327246755361557
2018-05-29 11:58:55.816,0.3274640440940857
2018-05-29 14:58:55.816,0.3267807364463806
2018-05-29 17:58:55.816,0.3276623785495758
2018-05-29 20:58:55.816,0.3287179172039032
2018-05-29 23:58:55.816,0.3294888436794281
2018-05-30 02:58:55.816,0.3298380672931671
2018-05-30 05:58:55.816,0.32867586612701416
2018-05-30 08:58:55.816,0.32934489846229553
2018-05-30 11:58:55.816,0.32895100116729736
2018-05-30 14:58:55.816,0.32012632489204407
2018-05-30 17:58:55.816,0.3211860954761505
2018-05-30 20:58:55.816,0.32192397117614746
2018-05-30 23:58:55.816,0.322902649641037
2018-05-31 02:58:55.816,0.32357147336006165
2018-05-31 05:58:55.816,0.31068000197410583
2018-05-31 08:58:55.816,0.31271231174468994
2018-05-31 11:58:55.816,0.3140341639518738
2018-05-31 14:58:55.816,0.3111475110054016
2018-05-31 17:58:55.816,0.31322625279426575
2018-05-31 20:58:55.816,0.31439366936683655
2018-05-31 23:58:55.816,0.31609800457954407
2018-06-01 02:58:55.816,0.3178962171077728
2018-06-01 05:58:55.816,0.3149215281009674
2018-06-01 08:58:55.816,0.3149333596229553
2018-06-01 11:58:55.816,0.3142721652984619
2018-06-01 14:58:55.816,0.3071737587451935
2018-06-01 17:58:55.816,0.3094278872013092
2018-06-01 20:58:55.816,0.31196269392967224
2018-06-01 23:58:55.816,0.3137803375720978
2018-06-02 02:58:55.816,0.3153323829174042
2018-06-02 05:58:55.816,0.3096149265766144
2018-06-02 08:58:55.816,0.31089383363723755
2018-06-02 11:58:55.816,0.31160494685173035
2018-06-02 14:58:55.816,0.30880406498908997
2018-06-02 17:58:55.816,0.3107043206691742
2018-06-02 20:58:55.816,0.3124602138996124
2018-06-02 23:58:55.816,0.31418851017951965
2018-06-03 02:58:55.816,0.3153902590274811
2018-06-03 05:58:55.816,0.3052443265914917
2018-06-03 08:58:55.816,0.30738958716392517
2018-06-03 11:58:55.816,0.3102100193500519
2018-06-03 14:58:55.816,0.30148395895957947
2018-06-03 17:58:55.816,0.3053124248981476
2018-06-03 20:58:55.816,0.3078526556491852
2018-06-03 23:58:55.816,0.3098697066307068
2018-06-04 02:58:55.816,0.3117453157901764
2018-06-04 05:58:55.816,0.29589030146598816
2018-06-04 08:58:55.816,0.30082812905311584
2018-06-04 11:58:55.816,0.30672869086265564
2018-06-04 14:58:55.816,0.27183017134666443
2018-06-04 17:58:55.816,0.27679237723350525
2018-06-04 20:58:55.816,0.2813795804977417
2018-06-04 23:58:55.816,0.2856679856777191
2018-06-05 02:58:55.816,0.2895905673503876
2018-06-05 05:58:55.816,0.27361345291137695
2018-06-05 08:58:55.816,0.2790021598339081
2018-06-05 11:58:55.816,0.2860526740550995
2018-06-05 14:58:55.816,0.25723668932914734
2018-06-05 17:58:55.816,0.2654593288898468
2018-06-05 20:58:55.816,0.270739883184433
2018-06-05 23:58:55.816,0.2755054533481598
2018-06-06 02:58:55.816,0.2796730697154999
2018-06-06 05:58:55.816,0.27113470435142517
2018-06-06 08:58:55.816,0.27591612935066223
2018-06-06 11:58:55.816,0.2798294425010681
2018-06-06 14:58:55.816,0.2653515338897705
2018-06-06 17:58:55.816,0.2701406478881836
2018-06-06 20:58:55.816,0.2746915817260742
2018-06-06 23:58:55.816,0.27856454253196716
2018-06-07 02:58:55.816,0.28263774514198303
2018-06-07 05:58:55.816,0.2778240144252777
2018-06-07 08:58:55.816,0.28149697184562683
2018-06-07 11:58:55.816,0.2854367792606354
2018-06-07 14:58:55.816,0.2774358093738556
2018-06-07 17:58:55.816,0.28116199374198914
2018-06-07 20:58:55.816,0.2847427725791931
2018-06-07 23:58:55.816,0.2877207398414612
2018-06-08 02:58:55.816,0.29043450951576233
2018-06-08 05:58:55.816,0.2848462164402008
2018-06-08 08:58:55.816,0.2881421744823456
2018-06-08 11:58:55.816,0.2894474267959595
2018-06-08 14:58:55.816,0.2705678641796112
2018-06-08 17:58:55.816,0.274332195520401
2018-06-08 20:58:55.816,0.27749887108802795
2018-06-08 23:58:55.816,0.28068867325782776
2018-06-09 02:58:55.816,0.2838844358921051
2018-06-09 05:58:55.816,0.26371127367019653
2018-06-09 08:58:55.816,0.27163273096084595
2018-06-09 11:58:55.816,0.27700546383857727
2018-06-09 14:58:55.816,0.2406502515077591
2018-06-09 17:58:55.816,0.24645870923995972
2018-06-09 20:58:55.816,0.252078652381897
2018-06-09 23:58:55.816,0.25737008452415466
2018-06-10 02:58:55.816,0.2627674341201782
2018-06-10 05:58:55.816,0.22892266511917114
2018-06-10 08:58:55.816,0.2358275055885315
2018-06-10 11:58:55.816,0.2495718002319336
2018-06-10 14:58:55.816,0.21245454251766205
2018-06-10 17:58:55.816,0.2235729694366455
2018-06-10 20:58:55.816,0.23028264939785004
2018-06-10 23:58:55.816,0.2362803965806961
2018-06-11 02:58:55.816,0.24195118248462677
2018-06-11 05:58:55.816,0.20877431333065033
2018-06-11 08:58:55.816,0.2158152312040329
2018-06-11 11:58:55.816,0.22299782931804657
2018-06-11 14:58:55.816,0.2072455734014511
2018-06-11 17:58:55.816,0.21416687965393066
2018-06-11 20:58:55.816,0.22249256074428558
2018-06-11 23:58:55.816,0.2340211421251297
2018-06-12 02:58:55.816,0.24518118798732758
2018-06-12 05:58:55.816,0.20794983208179474
2018-06-12 08:58:55.816,0.21745282411575317
2018-06-12 11:58:55.816,0.22412259876728058
2018-06-12 14:58:55.816,0.20189909636974335
2018-06-12 17:58:55.816,0.20963412523269653
2018-06-12 20:58:55.816,0.2164255529642105
2018-06-12 23:58:55.816,0.22313888370990753
2018-06-13 02:58:55.816,0.23039042949676514
2018-06-13 05:58:55.816,0.20776695013046265
2018-06-13 08:58:55.816,0.21401558816432953
2018-06-13 11:58:55.816,0.21977776288986206
2018-06-13 14:58:55.816,0.21117039024829865
2018-06-13 17:58:55.816,0.21713845431804657
2018-06-13 20:58:55.816,0.22290731966495514
2018-06-13 23:58:55.816,0.22846077382564545
2018-06-14 02:58:55.816,0.23384989798069
2018-06-14 05:58:55.816,0.2193412184715271
2018-06-14 08:58:55.816,0.22527551651000977
2018-06-14 11:58:55.816,0.23088030517101288
2018-06-14 14:58:55.816,0.2319512963294983
2018-06-14 17:58:55.816,0.23715941607952118
2018-06-14 20:58:55.816,0.24218390882015228
2018-06-14 23:58:55.816,0.2537446916103363
2018-06-15 02:58:55.816,0.26268595457077026
2018-06-15 05:58:55.816,0.2577956020832062
2018-06-15 08:58:55.816,0.269377738237381
2018-06-15 11:58:55.816,0.27357932925224304
2018-06-15 14:58:55.816,0.26742541790008545
2018-06-15 17:58:55.816,0.28027114272117615
2018-06-15 20:58:55.816,0.282868891954422
2018-06-15 23:58:55.816,0.2840104103088379
2018-06-16 02:58:55.816,0.2856138050556183
2018-06-16 05:58:55.816,0.26978111267089844
2018-06-16 08:58:55.816,0.27222517132759094
2018-06-16 11:58:55.816,0.27407321333885193
2018-06-16 14:58:55.816,0.27086472511291504
2018-06-16 17:58:55.816,0.27334439754486084
2018-06-16 20:58:55.816,0.27614983916282654
2018-06-16 23:58:55.816,0.27879634499549866
2018-06-17 02:58:55.816,0.2807583510875702
2018-06-17 05:58:55.816,0.2711714804172516
2018-06-17 08:58:55.816,0.2718674838542938
2018-06-17 11:58:55.816,0.27174121141433716
2018-06-17 14:58:55.816,0.2704547345638275
2018-06-17 17:58:55.816,0.27232545614242554
2018-06-17 20:58:55.816,0.2747001051902771
2018-06-17 23:58:55.816,0.2771301865577698
2018-06-18 02:58:55.816,0.279656320810318
2018-06-18 05:58:55.816,0.2804010212421417
2018-06-18 08:58:55.816,0.3020065426826477
2018-06-18 11:58:55.816,0.3163253962993622
2018-06-18 14:58:55.816,0.314096599817276
2018-06-18 17:58:55.816,0.31525200605392456
2018-06-18 20:58:55.816,0.3178118169307709
2018-06-18 23:58:55.816,0.31306329369544983
2018-06-19 02:58:55.816,0.311177521944046
2018-06-19 05:58:55.816,0.3024074137210846
2018-06-19 08:58:55.816,0.3001759946346283
2018-06-19 11:58:55.816,0.30056390166282654
2018-06-19 14:58:55.816,0.29895344376564026
2018-06-19 17:58:55.816,0.31091979146003723
2018-06-19 20:58:55.816,0.329843133687973
2018-06-19 23:58:55.816,0.3329358994960785
2018-06-20 02:58:55.816,0.33220911026000977
2018-06-20 05:58:55.816,0.3261566758155823
2018-06-20 08:58:55.816,0.32002946734428406
2018-06-20 11:58:55.816,0.31567147374153137
2018-06-20 14:58:55.816,0.31150487065315247
2018-06-20 17:58:55.816,0.314959317445755
2018-06-20 20:58:55.816,0.3185707628726959
2018-06-20 23:58:55.816,0.3221244513988495
2018-06-21 02:58:55.816,0.3197677433490753
2018-06-21 05:58:55.816,0.3168921172618866
2018-06-21 08:58:55.816,0.3158739507198334
2018-06-21 11:58:55.816,0.31277891993522644
2018-06-21 14:58:55.816,0.30558016896247864
2018-06-21 17:58:55.816,0.30484968423843384
2018-06-21 20:58:55.816,0.30406978726387024
2018-06-21 23:58:55.816,0.30368533730506897
2018-06-22 02:58:55.816,0.3031756281852722
2018-06-22 05:58:55.816,0.2965735197067261
2018-06-22 08:58:55.816,0.29777535796165466
2018-06-22 11:58:55.816,0.2977757751941681
2018-06-22 14:58:55.816,0.29744312167167664
2018-06-22 17:58:55.816,0.3033239245414734
2018-06-22 20:58:55.816,0.3176289498806
2018-06-22 23:58:55.816,0.3194766640663147
2018-06-23 02:58:55.816,0.31812605261802673
2018-06-23 05:58:55.816,0.32172349095344543
2018-06-23 08:58:55.816,0.316782683134079
2018-06-23 11:58:55.816,0.31506600975990295
2018-06-23 14:58:55.816,0.31244274973869324
2018-06-23 17:58:55.816,0.31046441197395325
2018-06-23 20:58:55.816,0.30873075127601624
2018-06-23 23:58:55.816,0.3072296977043152
2018-06-24 02:58:55.816,0.30610236525535583
2018-06-24 05:58:55.816,0.3038553297519684
2018-06-24 08:58:55.816,0.30232343077659607
2018-06-24 11:58:55.816,0.3002443313598633
2018-06-24 14:58:55.816,0.2967093288898468
2018-06-24 17:58:55.816,0.2951104938983917
2018-06-24 20:58:55.816,0.2951491177082062
2018-06-24 23:58:55.816,0.2956526577472687
2018-06-25 02:58:55.816,0.29554030299186707
2018-06-25 05:58:55.816,0.2941615581512451
2018-06-25 08:58:55.816,0.2917355000972748
2018-06-25 11:58:55.816,0.29037442803382874
2018-06-25 14:58:55.816,0.2916182577610016
2018-06-25 17:58:55.816,0.292251855134964
2018-06-25 20:58:55.816,0.2935163080692291
2018-06-25 23:58:55.816,0.2945481836795807
2018-06-26 02:58:55.816,0.2951357662677765
2018-06-26 05:58:55.816,0.29692867398262024
2018-06-26 08:58:55.816,0.2962905168533325
2018-06-26 11:58:55.816,0.2946743965148926
2018-06-26 14:58:55.816,0.2967943251132965
2018-06-26 17:58:55.816,0.29614394903182983
2018-06-26 20:58:55.816,0.29569798707962036
2018-06-26 23:58:55.816,0.29422131180763245
2018-06-27 02:58:55.816,0.29352572560310364
2018-06-27 05:58:55.816,0.2954583466053009
2018-06-27 08:58:55.816,0.2942036986351013
2018-06-27 11:58:55.816,0.2931258976459503
2018-06-27 14:58:55.816,0.2920219600200653
2018-06-27 17:58:55.816,0.291960209608078
2018-06-27 20:58:55.816,0.2920391857624054
2018-06-27 23:58:55.816,0.2919125556945801
2018-06-28 02:58:55.816,0.2921466827392578
2018-06-28 05:58:55.816,0.285926878452301
2018-06-28 08:58:55.816,0.28424230217933655
2018-06-28 11:58:55.816,0.2814004123210907
2018-06-28 14:58:55.816,0.28152140974998474
2018-06-28 17:58:55.816,0.28196796774864197
2018-06-28 20:58:55.816,0.28332647681236267
2018-06-28 23:58:55.816,0.2841630280017853
2018-06-29 02:58:55.816,0.28475233912467957
2018-06-29 05:58:55.816,0.28333577513694763
2018-06-29 08:58:55.816,0.28390464186668396
2018-06-29 11:58:55.816,0.28401604294776917
2018-06-29 14:58:55.816,0.28485044836997986
2018-06-29 17:58:55.816,0.28518179059028625
2018-06-29 20:58:55.816,0.28583240509033203
2018-06-29 23:58:55.816,0.2868364751338959
2018-06-30 02:58:55.816,0.2879791259765625
2018-06-30 05:58:55.816,0.2841351330280304
2018-06-30 08:58:55.816,0.2839388847351074
2018-06-30 11:58:55.816,0.2826104760169983
2018-06-30 14:58:55.816,0.28349748253822327
2018-06-30 17:58:55.816,0.28302299976348877
2018-06-30 20:58:55.816,0.28356215357780457
2018-06-30 23:58:55.816,0.28412777185440063
2018-07-01 02:58:55.816,0.2846575677394867
2018-07-01 05:58:55.816,0.28223034739494324
2018-07-01 08:58:55.816,0.2799992859363556
2018-07-01 11:58:55.816,0.2770395278930664
2018-07-01 14:58:55.816,0.27961108088493347
2018-07-01 17:58:55.816,0.2790815532207489
2018-07-01 20:58:55.816,0.27991512417793274
2018-07-01 23:58:55.816,0.2806914746761322
2018-07-02 02:58:55.816,0.28138864040374756
2018-07-02 05:58:55.816,0.2833220362663269
2018-07-02 08:58:55.816,0.2809979021549225
2018-07-02 11:58:55.816,0.2778300642967224
2018-07-02 14:58:55.816,0.2818632423877716
2018-07-02 17:58:55.816,0.280713826417923
2018-07-02 20:58:55.816,0.2817327082157135
2018-07-02 23:58:55.816,0.28268393874168396
2018-07-03 02:58:55.816,0.28356611728668213
2018-07-03 05:58:55.816,0.28454455733299255
2018-07-03 08:58:55.816,0.28244802355766296
2018-07-03 11:58:55.816,0.2794358730316162
2018-07-03 14:58:55.816,0.2804194986820221
2018-07-03 17:58:55.816,0.278058797121048
2018-07-03 20:58:55.816,0.2779849171638489
2018-07-03 23:58:55.816,0.2797386348247528
2018-07-04 02:58:55.816,0.294121116399765
2018-07-04 05:58:55.816,0.292866587638855
2018-07-04 08:58:55.816,0.3013971149921417
2018-07-04 11:58:55.816,0.2994629442691803
2018-07-04 14:58:55.816,0.2924972474575043
2018-07-04 17:58:55.816,0.292925089597702
2018-07-04 20:58:55.816,0.29242557287216187
2018-07-04 23:58:55.816,0.2924031913280487
2018-07-05 02:58:55.816,0.29175785183906555
2018-07-05 05:58:55.816,0.27540984749794006
2018-07-05 08:58:55.816,0.2762220799922943
2018-07-05 11:58:55.816,0.27629613876342773
2018-07-05 14:58:55.816,0.26903852820396423
2018-07-05 17:58:55.816,0.2703253924846649
2018-07-05 20:58:55.816,0.27187469601631165
2018-07-05 23:58:55.816,0.273305207490921
2018-07-06 02:58:55.816,0.274715393781662
2018-07-06 05:58:55.816,0.266882061958313
2018-07-06 08:58:55.816,0.27097588777542114
2018-07-06 11:58:55.816,0.2712864279747009
2018-07-06 14:58:55.816,0.2641104459762573
2018-07-06 17:58:55.816,0.2659117877483368
2018-07-06 20:58:55.816,0.2678758203983307
2018-07-06 23:58:55.816,0.27013546228408813
2018-07-07 02:58:55.816,0.27460867166519165
2018-07-07 05:58:55.816,0.2660055458545685
2018-07-07 08:58:55.816,0.26726749539375305
2018-07-07 11:58:55.816,0.26622965931892395
2018-07-07 14:58:55.816,0.26281651854515076
2018-07-07 17:58:55.816,0.2640082538127899
2018-07-07 20:58:55.816,0.26530757546424866
2018-07-07 23:58:55.816,0.2663971483707428
2018-07-08 02:58:55.816,0.2678520977497101
2018-07-08 05:58:55.816,0.26598429679870605
2018-07-08 08:58:55.816,0.26602816581726074
2018-07-08 11:58:55.816,0.2642849385738373
2018-07-08 14:58:55.816,0.2595194876194
2018-07-08 17:58:55.816,0.26018819212913513
2018-07-08 20:58:55.816,0.2622084319591522
2018-07-08 23:58:55.816,0.2639884650707245
2018-07-09 02:58:55.816,0.2657095789909363
2018-07-09 05:58:55.816,0.26451703906059265
2018-07-09 08:58:55.816,0.2617878317832947
2018-07-09 11:58:55.816,0.25773438811302185
2018-07-09 14:58:55.816,0.2594248056411743
2018-07-09 17:58:55.816,0.2599166929721832
2018-07-09 20:58:55.816,0.2616698741912842
2018-07-09 23:58:55.816,0.2635471522808075
2018-07-10 02:58:55.816,0.2650129497051239
2018-07-10 05:58:55.816,0.2629392147064209
2018-07-10 08:58:55.816,0.26044538617134094
2018-07-10 11:58:55.816,0.2573310434818268
2018-07-10 14:58:55.816,0.2593132555484772
2018-07-10 17:58:55.816,0.25928065180778503
2018-07-10 20:58:55.816,0.26117053627967834
2018-07-10 23:58:55.816,0.26303747296333313
2018-07-11 02:58:55.816,0.2644259035587311
2018-07-11 05:58:55.816,0.26059430837631226
2018-07-11 08:58:55.816,0.2587384879589081
2018-07-11 11:58:55.816,0.2547321021556854
2018-07-11 14:58:55.816,0.2520905137062073
2018-07-11 17:58:55.816,0.25270310044288635
2018-07-11 20:58:55.816,0.25448301434516907
2018-07-11 23:58:55.816,0.2560615837574005
2018-07-12 02:58:55.816,0.25745120644569397
2018-07-12 05:58:55.816,0.2575471103191376
2018-07-12 08:58:55.816,0.2563612759113312
2018-07-12 11:58:55.816,0.25445738434791565
2018-07-12 14:58:55.816,0.2564748227596283
2018-07-12 17:58:55.816,0.25653764605522156
2018-07-12 20:58:55.816,0.2582840919494629
2018-07-12 23:58:55.816,0.26033392548561096
2018-07-13 02:58:55.816,0.26212477684020996
2018-07-13 05:58:55.816,0.2542238235473633
2018-07-13 08:58:55.816,0.2517516613006592
2018-07-13 11:58:55.816,0.24830728769302368
2018-07-13 14:58:55.816,0.2499157041311264
2018-07-13 17:58:55.816,0.24995557963848114
2018-07-13 20:58:55.816,0.25169166922569275
2018-07-13 23:58:55.816,0.25378599762916565
2018-07-14 02:58:55.816,0.2557612359523773
2018-07-14 05:58:55.816,0.24850375950336456
2018-07-14 08:58:55.816,0.26446813344955444
2018-07-14 11:58:55.816,0.27070555090904236
2018-07-14 14:58:55.816,0.26283183693885803
2018-07-14 17:58:55.816,0.26194843649864197
2018-07-14 20:58:55.816,0.26331067085266113
2018-07-14 23:58:55.816,0.2650962769985199
2018-07-15 02:58:55.816,0.2657087743282318
2018-07-15 05:58:55.816,0.2601229250431061
2018-07-15 08:58:55.816,0.2599070072174072
2018-07-15 11:58:55.816,0.25852862000465393
2018-07-15 14:58:55.816,0.2526092231273651
2018-07-15 17:58:55.816,0.25267255306243896
2018-07-15 20:58:55.816,0.2541522681713104
2018-07-15 23:58:55.816,0.2556723654270172
2018-07-16 02:58:55.816,0.25749489665031433
2018-07-16 05:58:55.816,0.2517845630645752
2018-07-16 08:58:55.816,0.2500740587711334
2018-07-16 11:58:55.816,0.2462829202413559
2018-07-16 14:58:55.816,0.2440822273492813
2018-07-16 17:58:55.816,0.2449999898672104
2018-07-16 20:58:55.816,0.2473563402891159
2018-07-16 23:58:55.816,0.24979211390018463
2018-07-17 02:58:55.816,0.252092182636261
2018-07-17 05:58:55.816,0.24921341240406036
2018-07-17 08:58:55.816,0.24808935821056366
2018-07-17 11:58:55.816,0.2456345558166504
2018-07-17 14:58:55.816,0.24749182164669037
2018-07-17 17:58:55.816,0.24753500521183014
2018-07-17 20:58:55.816,0.24937285482883453
2018-07-17 23:58:55.816,0.25118157267570496
2018-07-18 02:58:55.816,0.2520782947540283
2018-07-18 05:58:55.816,0.2504660487174988
2018-07-18 08:58:55.816,0.24875056743621826
2018-07-18 11:58:55.816,0.2467208355665207
2018-07-18 14:58:55.816,0.24948205053806305
2018-07-18 17:58:55.816,0.24994908273220062
2018-07-18 20:58:55.816,0.2520192563533783
2018-07-18 23:58:55.816,0.25328299403190613
2018-07-19 02:58:55.816,0.2543221712112427
2018-07-19 05:58:55.816,0.2510237693786621
2018-07-19 08:58:55.816,0.24924026429653168
2018-07-19 11:58:55.816,0.24688827991485596
2018-07-19 14:58:55.816,0.24668556451797485
2018-07-19 17:58:55.816,0.24677909910678864
2018-07-19 20:58:55.816,0.24868243932724
2018-07-19 23:58:55.816,0.25066789984703064
2018-07-20 02:58:55.816,0.2524421811103821
2018-07-20 05:58:55.816,0.24929100275039673
2018-07-20 08:58:55.816,0.24821633100509644
2018-07-20 11:58:55.816,0.24557702243328094
2018-07-20 14:58:55.816,0.24440594017505646
2018-07-20 17:58:55.816,0.2460901141166687
2018-07-20 20:58:55.816,0.24914370477199554
2018-07-20 23:58:55.816,0.25104576349258423
2018-07-21 02:58:55.816,0.25257590413093567
2018-07-21 05:58:55.816,0.24759630858898163
2018-07-21 08:58:55.816,0.24668478965759277
2018-07-21 11:58:55.816,0.2452724426984787
2018-07-21 14:58:55.816,0.24477703869342804
2018-07-21 17:58:55.816,0.24688760936260223
2018-07-21 20:58:55.816,0.25039273500442505
2018-07-21 23:58:55.816,0.2531038820743561
2018-07-22 02:58:55.816,0.2547707259654999
2018-07-22 05:58:55.816,0.248834490776062
2018-07-22 08:58:55.816,0.2494417279958725
2018-07-22 11:58:55.816,0.24676525592803955
2018-07-22 14:58:55.816,0.2675758898258209
2018-07-22 17:58:55.816,0.2716653645038605
2018-07-22 20:58:55.816,0.2721005976200104
2018-07-22 23:58:55.816,0.2794245779514313
2018-07-23 02:58:55.816,0.2790137231349945
2018-07-23 05:58:55.816,0.26950839161872864
2018-07-23 08:58:55.816,0.26549798250198364
2018-07-23 11:58:55.816,0.262422114610672
2018-07-23 14:58:55.816,0.2542106807231903
2018-07-23 17:58:55.816,0.25487521290779114
2018-07-23 20:58:55.816,0.2577880322933197
2018-07-23 23:58:55.816,0.2587086856365204
2018-07-24 02:58:55.816,0.25924041867256165
2018-07-24 05:58:55.816,0.2517852485179901
2018-07-24 08:58:55.816,0.24956108629703522
2018-07-24 11:58:55.816,0.2469502091407776
2018-07-24 14:58:55.816,0.24516765773296356
2018-07-24 17:58:55.816,0.24702328443527222
2018-07-24 20:58:55.816,0.2540573179721832
2018-07-24 23:58:55.816,0.25707322359085083
2018-07-25 02:58:55.816,0.2579142153263092
2018-07-25 05:58:55.816,0.2463187724351883
2018-07-25 08:58:55.816,0.24962441623210907
2018-07-25 11:58:55.816,0.25201138854026794
2018-07-25 14:58:55.816,0.31137004494667053
2018-07-25 17:58:55.816,0.31286779046058655
2018-07-25 20:58:55.816,0.31872111558914185
2018-07-25 23:58:55.816,0.2972232699394226
2018-07-26 02:58:55.816,0.29249799251556396
2018-07-26 05:58:55.816,0.2878461182117462
2018-07-26 08:58:55.816,0.28519776463508606
2018-07-26 11:58:55.816,0.2772323489189148
2018-07-26 14:58:55.816,0.264921098947525
2018-07-26 17:58:55.816,0.2631312608718872
2018-07-26 20:58:55.816,0.2636878788471222
2018-07-26 23:58:55.816,0.2643378674983978
2018-07-27 02:58:55.816,0.2648961544036865
2018-07-27 05:58:55.816,0.24947963654994965
2018-07-27 08:58:55.816,0.2490691989660263
2018-07-27 11:58:55.816,0.24770556390285492
2018-07-27 14:58:55.816,0.2385796457529068
2018-07-27 17:58:55.816,0.24000780284404755
2018-07-27 20:58:55.816,0.241734579205513
2018-07-27 23:58:55.816,0.24365343153476715
2018-07-28 02:58:55.816,0.24556677043437958
2018-07-28 05:58:55.816,0.2372223287820816
2018-07-28 08:58:55.816,0.2365485429763794
2018-07-28 11:58:55.816,0.23458684980869293
2018-07-28 14:58:55.816,0.23019611835479736
2018-07-28 17:58:55.816,0.23109428584575653
2018-07-28 20:58:55.816,0.23336750268936157
2018-07-28 23:58:55.816,0.23564080893993378
2018-07-29 02:58:55.816,0.2376534342765808
2018-07-29 05:58:55.816,0.22732770442962646
2018-07-29 08:58:55.816,0.22745682299137115
2018-07-29 11:58:55.816,0.22662939131259918
2018-07-29 14:58:55.816,0.22423450648784637
2018-07-29 17:58:55.816,0.22600455582141876
2018-07-29 20:58:55.816,0.22868593037128448
2018-07-29 23:58:55.816,0.23114891350269318
2018-07-30 02:58:55.816,0.23344141244888306
2018-07-30 05:58:55.816,0.23084719479084015
2018-07-30 08:58:55.816,0.2656668424606323
2018-07-30 11:58:55.816,0.2749463617801666
2018-07-30 14:58:55.816,0.26911887526512146
2018-07-30 17:58:55.816,0.2729262411594391
2018-07-30 20:58:55.816,0.27393025159835815
2018-07-30 23:58:55.816,0.27278760075569153
2018-07-31 02:58:55.816,0.2727828919887543
2018-07-31 05:58:55.816,0.26525333523750305
2018-07-31 08:58:55.816,0.26299744844436646
2018-07-31 11:58:55.816,0.25801172852516174
2018-07-31 14:58:55.816,0.2531778812408447
2018-07-31 17:58:55.816,0.25420814752578735
2018-07-31 20:58:55.816,0.257517009973526
2018-07-31 23:58:55.816,0.25919461250305176
2018-08-01 02:58:55.816,0.259645938873291
2018-08-01 05:58:55.816,0.2534174621105194
2018-08-01 08:58:55.816,0.2527433931827545
2018-08-01 11:58:55.816,0.25090163946151733
2018-08-01 14:58:55.816,0.24943538010120392
2018-08-01 17:58:55.816,0.2513172924518585
2018-08-01 20:58:55.816,0.25418877601623535
2018-08-01 23:58:55.816,0.2579016387462616
2018-08-02 02:58:55.816,0.2610818147659302
2018-08-02 05:58:55.816,0.26017969846725464
2018-08-02 08:58:55.816,0.2640468180179596
2018-08-02 11:58:55.816,0.34322378039360046
2018-08-02 14:58:55.816,0.31638434529304504
2018-08-02 17:58:55.816,0.29363003373146057
2018-08-02 20:58:55.816,0.28861498832702637
2018-08-02 23:58:55.816,0.28519198298454285
2018-08-03 02:58:55.816,0.2833586633205414
2018-08-03 05:58:55.816,0.2810995280742645
2018-08-03 08:58:55.816,0.2800534665584564
2018-08-03 11:58:55.816,0.3870917856693268
2018-08-03 14:58:55.816,0.31213054060935974
2018-08-03 17:58:55.816,0.298386812210083
2018-08-03 20:58:55.816,0.2944434583187103
2018-08-03 23:58:55.816,0.2911919057369232
2018-08-04 02:58:55.816,0.28859272599220276
2018-08-04 05:58:55.816,0.2828492820262909
2018-08-04 08:58:55.816,0.2785505950450897
2018-08-04 11:58:55.816,0.2742680013179779
2018-08-04 14:58:55.816,0.2714969217777252
2018-08-04 17:58:55.816,0.2739278972148895
2018-08-04 20:58:55.816,0.2761196792125702
2018-08-04 23:58:55.816,0.2770068943500519
2018-08-05 02:58:55.816,0.2757696807384491
2018-08-05 05:58:55.816,0.2702888548374176
2018-08-05 08:58:55.816,0.26731881499290466
2018-08-05 11:58:55.816,0.2626420557498932
2018-08-05 14:58:55.816,0.25515663623809814
2018-08-05 17:58:55.816,0.2550833523273468
2018-08-05 20:58:55.816,0.25673937797546387
2018-08-05 23:58:55.816,0.258328914642334
2018-08-06 02:58:55.816,0.25980958342552185
2018-08-06 05:58:55.816,0.2526949644088745
2018-08-06 08:58:55.816,0.2539407014846802
2018-08-06 11:58:55.816,0.2581273317337036
2018-08-06 14:58:55.816,0.24633623659610748
2018-08-06 17:58:55.816,0.24791984260082245
2018-08-06 20:58:55.816,0.24982808530330658
2018-08-06 23:58:55.816,0.251364141702652
2018-08-07 02:58:55.816,0.2520410120487213
2018-08-07 05:58:55.816,0.23978757858276367
2018-08-07 08:58:55.816,0.240112766623497
2018-08-07 11:58:55.816,0.24045149981975555
2018-08-07 14:58:55.816,0.23290526866912842
2018-08-07 17:58:55.816,0.23438149690628052
2018-08-07 20:58:55.816,0.23670750856399536
2018-08-07 23:58:55.816,0.23899036645889282
2018-08-08 02:58:55.816,0.24068589508533478
2018-08-08 05:58:55.816,0.22836990654468536
2018-08-08 08:58:55.816,0.22887320816516876
2018-08-08 11:58:55.816,0.2288198322057724
2018-08-08 14:58:55.816,0.22972065210342407
2018-08-08 17:58:55.816,0.23137106001377106
2018-08-08 20:58:55.816,0.23354463279247284
2018-08-08 23:58:55.816,0.23709148168563843
2018-08-09 02:58:55.816,0.2458166480064392
2018-08-09 05:58:55.816,0.24041444063186646
2018-08-09 08:58:55.816,0.2526816129684448
2018-08-09 11:58:55.816,0.2615380585193634
2018-08-09 14:58:55.816,0.2647392153739929
2018-08-09 17:58:55.816,0.26302698254585266
2018-08-09 20:58:55.816,0.26237982511520386
2018-08-09 23:58:55.816,0.26200273633003235
2018-08-10 02:58:55.816,0.26148033142089844
2018-08-10 05:58:55.816,0.2513723075389862
2018-08-10 08:58:55.816,0.24948716163635254
2018-08-10 11:58:55.816,0.24660730361938477
2018-08-10 14:58:55.816,0.23844067752361298
2018-08-10 17:58:55.816,0.24642907083034515
2018-08-10 20:58:55.816,0.27804961800575256
2018-08-10 23:58:55.816,0.3103437125682831
2018-08-11 02:58:55.816,0.2950606048107147
2018-08-11 05:58:55.816,0.2876187264919281
2018-08-11 08:58:55.816,0.28472331166267395
2018-08-11 11:58:55.816,0.2840486466884613
2018-08-11 14:58:55.816,0.2833983302116394
2018-08-11 17:58:55.816,0.290742963552475
2018-08-11 20:58:55.816,0.29260650277137756
2018-08-11 23:58:55.816,0.28616026043891907
2018-08-12 02:58:55.816,0.28334829211235046
2018-08-12 05:58:55.816,0.2799202501773834
2018-08-12 08:58:55.816,0.28018149733543396
2018-08-12 11:58:55.816,0.3129638731479645
2018-08-12 14:58:55.816,0.30476054549217224
2018-08-12 17:58:55.816,0.2939203083515167
2018-08-12 20:58:55.816,0.28914180397987366
2018-08-12 23:58:55.816,0.287306010723114
2018-08-13 02:58:55.816,0.286115825176239
2018-08-13 05:58:55.816,0.282869428396225
2018-08-13 08:58:55.816,0.2804773449897766
2018-08-13 11:58:55.816,0.2795211374759674
2018-08-13 14:58:55.816,0.28308239579200745
2018-08-13 17:58:55.816,0.29585185647010803
2018-08-13 20:58:55.816,0.29257097840309143
2018-08-13 23:58:55.816,0.28872358798980713
2018-08-14 02:58:55.816,0.28814712166786194
2018-08-14 05:58:55.816,0.2804730236530304
2018-08-14 08:58:55.816,0.28153252601623535
2018-08-14 11:58:55.816,0.2771359384059906
2018-08-14 14:58:55.816,0.2696877121925354
2018-08-14 17:58:55.816,0.26828959584236145
2018-08-14 20:58:55.816,0.2681885361671448
2018-08-14 23:58:55.816,0.26868271827697754
2018-08-15 02:58:55.816,0.26942554116249084
2018-08-15 05:58:55.816,0.26337572932243347
2018-08-15 08:58:55.816,0.26216456294059753
2018-08-15 11:58:55.816,0.26084837317466736
2018-08-15 14:58:55.816,0.25741317868232727
2018-08-15 17:58:55.816,0.257821261882782
2018-08-15 20:58:55.816,0.2583064138889313
2018-08-15 23:58:55.816,0.2583603262901306
2018-08-16 02:58:55.816,0.2593623399734497
2018-08-16 05:58:55.816,0.26228514313697815
2018-08-16 08:58:55.816,0.26747986674308777
2018-08-16 11:58:55.816,0.2663173973560333
2018-08-16 14:58:55.816,0.2611684799194336
2018-08-16 17:58:55.816,0.26261648535728455
2018-08-16 20:58:55.816,0.2622159421443939
2018-08-16 23:58:55.816,0.2620827555656433
2018-08-17 02:58:55.816,0.2652238607406616
2018-08-17 05:58:55.816,0.2640326917171478
2018-08-17 08:58:55.816,0.267796128988266
2018-08-17 11:58:55.816,0.27485954761505127
2018-08-17 14:58:55.816,0.28238049149513245
2018-08-17 17:58:55.816,0.27876874804496765
2018-08-17 20:58:55.816,0.27832531929016113
2018-08-17 23:58:55.816,0.27866366505622864
2018-08-18 02:58:55.816,0.28061267733573914
2018-08-18 05:58:55.816,0.2780459523200989
2018-08-18 08:58:55.816,0.2746473252773285
2018-08-18 11:58:55.816,0.27097195386886597
2018-08-18 14:58:55.816,0.27083680033683777
2018-08-18 17:58:55.816,0.2712550461292267
2018-08-18 20:58:55.816,0.2914067506790161
2018-08-18 23:58:55.816,0.29533088207244873
2018-08-19 02:58:55.816,0.29589927196502686
2018-08-19 05:58:55.816,0.2930298447608948
2018-08-19 08:58:55.816,0.28767332434654236
2018-08-19 11:58:55.816,0.28855299949645996
2018-08-19 14:58:55.816,0.2877274453639984
2018-08-19 17:58:55.816,0.28393906354904175
2018-08-19 20:58:55.816,0.28201767802238464
2018-08-19 23:58:55.816,0.2798064053058624
2018-08-20 02:58:55.816,0.2805089056491852
2018-08-20 05:58:55.816,0.2796955108642578
2018-08-20 08:58:55.816,0.27829915285110474
2018-08-20 11:58:55.816,0.28228291869163513
2018-08-20 14:58:55.816,0.27825379371643066
2018-08-20 17:58:55.816,0.2770672142505646
2018-08-20 20:58:55.816,0.2765011191368103
2018-08-20 23:58:55.816,0.27609410881996155
2018-08-21 02:58:55.816,0.2757563591003418
2018-08-21 05:58:55.816,0.27382662892341614
2018-08-21 08:58:55.816,0.2720504105091095
2018-08-21 11:58:55.816,0.2701369524002075
2018-08-21 14:58:55.816,0.26906657218933105
2018-08-21 17:58:55.816,0.2682553827762604
2018-08-21 20:58:55.816,0.26804688572883606
2018-08-21 23:58:55.816,0.2675471305847168
2018-08-22 02:58:55.816,0.26699087023735046
2018-08-22 05:58:55.816,0.2644113004207611
2018-08-22 08:58:55.816,0.2625405192375183
2018-08-22 11:58:55.816,0.25961142778396606
2018-08-22 14:58:55.816,0.25760817527770996
2018-08-22 17:58:55.816,0.2578798532485962
2018-08-22 20:58:55.816,0.2586873471736908
2018-08-22 23:58:55.816,0.25977131724357605
2018-08-23 02:58:55.816,0.2626354396343231
2018-08-23 05:58:55.816,0.25764673948287964
2018-08-23 08:58:55.816,0.2611575424671173
2018-08-23 11:58:55.816,0.260848730802536
2018-08-23 14:58:55.816,0.25628048181533813
2018-08-23 17:58:55.816,0.2566264271736145
2018-08-23 20:58:55.816,0.2574629783630371
2018-08-23 23:58:55.816,0.2581985890865326
2018-08-24 02:58:55.816,0.25884947180747986
2018-08-24 05:58:55.816,0.2530246675014496
2018-08-24 08:58:55.816,0.2529485523700714
2018-08-24 11:58:55.816,0.2523016631603241
2018-08-24 14:58:55.816,0.2579922378063202
2018-08-24 17:58:55.816,0.32509341835975647
2018-08-24 20:58:55.816,0.2944788634777069
2018-08-24 23:58:55.816,0.2868722081184387
2018-08-25 02:58:55.816,0.28523412346839905
2018-08-25 05:58:55.816,0.29319342970848083
2018-08-25 08:58:55.816,0.29299578070640564
2018-08-25 11:58:55.816,0.28885695338249207
2018-08-25 14:58:55.816,0.2940552532672882
2018-08-25 17:58:55.816,0.2902105152606964
2018-08-25 20:58:55.816,0.28735464811325073
2018-08-25 23:58:55.816,0.28533443808555603
2018-08-26 02:58:55.816,0.283403605222702
2018-08-26 05:58:55.816,0.279150128364563
2018-08-26 08:58:55.816,0.2764137387275696
2018-08-26 11:58:55.816,0.27280694246292114
2018-08-26 14:58:55.816,0.27037474513053894
2018-08-26 17:58:55.816,0.26984524726867676
2018-08-26 20:58:55.816,0.2700278162956238
2018-08-26 23:58:55.816,0.2700830101966858
2018-08-27 02:58:55.816,0.2701895534992218
2018-08-27 05:58:55.816,0.26671209931373596
2018-08-27 08:58:55.816,0.2655123472213745
2018-08-27 11:58:55.816,0.2636944353580475
2018-08-27 14:58:55.816,0.262105256319046
2018-08-27 17:58:55.816,0.26217979192733765
2018-08-27 20:58:55.816,0.26273247599601746
2018-08-27 23:58:55.816,0.2628324031829834
2018-08-28 02:58:55.816,0.262948602437973
2018-08-28 05:58:55.816,0.25669199228286743
2018-08-28 08:58:55.816,0.25564807653427124
2018-08-28 11:58:55.816,0.25425979495048523
2018-08-28 14:58:55.816,0.25616487860679626
2018-08-28 17:58:55.816,0.25674548745155334
2018-08-28 20:58:55.816,0.2576993405818939
2018-08-28 23:58:55.816,0.25886914134025574
2018-08-29 02:58:55.816,0.26008960604667664
2018-08-29 05:58:55.816,0.26189038157463074
2018-08-29 08:58:55.816,0.2605683505535126
2018-08-29 11:58:55.816,0.25909939408302307
2018-08-29 14:58:55.816,0.258514404296875
2018-08-29 17:58:55.816,0.2583257555961609
2018-08-29 20:58:55.816,0.2584141194820404
2018-08-29 23:58:55.816,0.2586881220340729
2018-08-30 02:58:55.816,0.25827524065971375
2018-08-30 05:58:55.816,0.25581979751586914
2018-08-30 08:58:55.816,0.2584749758243561
2018-08-30 11:58:55.816,0.2580602467060089
2018-08-30 14:58:55.816,0.27176210284233093
2018-08-30 17:58:55.816,0.29782477021217346
2018-08-30 20:58:55.816,0.2851063907146454
2018-08-30 23:58:55.816,0.28125953674316406
2018-08-31 02:58:55.816,0.2792767584323883
2018-08-31 05:58:55.816,0.2744740843772888
2018-08-31 08:58:55.816,0.2723451554775238
2018-08-31 11:58:55.816,0.26846545934677124
2018-08-31 14:58:55.816,0.26622769236564636
2018-08-31 17:58:55.816,0.2654034197330475
2018-08-31 20:58:55.816,0.2655279040336609
2018-08-31 23:58:55.816,0.2654702365398407
2018-09-01 02:58:55.816,0.2657029926776886
2018-09-01 05:58:55.816,0.2620430588722229
2018-09-01 08:58:55.816,0.26144251227378845
2018-09-01 11:58:55.816,0.26029646396636963
2018-09-01 14:58:55.816,0.26405712962150574
2018-09-01 17:58:55.816,0.26369205117225647
2018-09-01 20:58:55.816,0.26391735672950745
2018-09-01 23:58:55.816,0.2643527388572693
2018-09-02 02:58:55.816,0.2646809220314026
2018-09-02 05:58:55.816,0.26218897104263306
2018-09-02 08:58:55.816,0.2622087597846985
2018-09-02 11:58:55.816,0.2608398497104645
2018-09-02 14:58:55.816,0.2623162567615509
2018-09-02 17:58:55.816,0.26233547925949097
2018-09-02 20:58:55.816,0.2627197504043579
2018-09-02 23:58:55.816,0.2625672221183777
2018-09-03 02:58:55.816,0.2621748447418213
2018-09-03 05:58:55.816,0.25856781005859375
2018-09-03 08:58:55.816,0.25875863432884216
2018-09-03 11:58:55.816,0.25814536213874817
2018-09-03 14:58:55.816,0.26295608282089233
2018-09-03 17:58:55.816,0.2619706392288208
2018-09-03 20:58:55.816,0.26197096705436707
2018-09-03 23:58:55.816,0.2618699371814728
2018-09-04 02:58:55.816,0.2656765580177307
2018-09-04 05:58:55.816,0.2541685998439789
2018-09-04 08:58:55.816,0.2544187307357788
2018-09-04 11:58:55.816,0.25279513001441956
2018-09-04 14:58:55.816,0.2560853660106659
2018-09-04 17:58:55.816,0.25643855333328247
2018-09-04 20:58:55.816,0.2563331425189972
2018-09-04 23:58:55.816,0.2565544545650482
2018-09-05 02:58:55.816,0.2573148310184479
2018-09-05 05:58:55.816,0.2516763210296631
2018-09-05 08:58:55.816,0.25240084528923035
2018-09-05 11:58:55.816,0.25164279341697693
2018-09-05 14:58:55.816,0.25352200865745544
2018-09-05 17:58:55.816,0.2543063461780548
2018-09-05 20:58:55.816,0.25530004501342773
2018-09-05 23:58:55.816,0.2561448812484741
2018-09-06 02:58:55.816,0.25673267245292664
2018-09-06 05:58:55.816,0.25369200110435486
2018-09-06 08:58:55.816,0.2532249391078949
2018-09-06 11:58:55.816,0.2513791620731354
2018-09-06 14:58:55.816,0.2545737028121948
2018-09-06 17:58:55.816,0.25518178939819336
2018-09-06 20:58:55.816,0.25559869408607483
2018-09-06 23:58:55.816,0.2554713785648346
2018-09-07 02:58:55.816,0.25717589259147644
2018-09-07 05:58:55.816,0.2714962661266327
2018-09-07 08:58:55.816,0.28136229515075684
2018-09-07 11:58:55.816,0.2778344452381134
2018-09-07 14:58:55.816,0.2708752453327179
2018-09-07 17:58:55.816,0.26935043931007385
2018-09-07 20:58:55.816,0.2684057056903839
2018-09-07 23:58:55.816,0.2680840790271759
2018-09-08 02:58:55.816,0.26744601130485535
2018-09-08 05:58:55.816,0.26093789935112
2018-09-08 08:58:55.816,0.26159733533859253
2018-09-08 11:58:55.816,0.26071685552597046
2018-09-08 14:58:55.816,0.25998061895370483
2018-09-08 17:58:55.816,0.26048508286476135
2018-09-08 20:58:55.816,0.26115086674690247
2018-09-08 23:58:55.816,0.2614673972129822
2018-09-09 02:58:55.816,0.26185470819473267
2018-09-09 05:58:55.816,0.25893184542655945
2018-09-09 08:58:55.816,0.2592485249042511
2018-09-09 11:58:55.816,0.2585795223712921
2018-09-09 14:58:55.816,0.263191282749176
2018-09-09 17:58:55.816,0.2634267508983612
2018-09-09 20:58:55.816,0.26406535506248474
2018-09-09 23:58:55.816,0.26442816853523254
2018-09-10 02:58:55.816,0.2643066346645355
2018-09-10 05:58:55.816,0.2552908658981323
2018-09-10 08:58:55.816,0.2569921314716339
2018-09-10 11:58:55.816,0.2581317126750946
2018-09-10 14:58:55.816,0.25403764843940735
2018-09-10 17:58:55.816,0.2555585205554962
2018-09-10 20:58:55.816,0.2581843137741089
2018-09-10 23:58:55.816,0.27111729979515076
2018-09-11 02:58:55.816,0.27839910984039307
2018-09-11 05:58:55.816,0.2790236175060272
2018-09-11 08:58:55.816,0.28020599484443665
2018-09-11 11:58:55.816,0.2786899209022522
2018-09-11 14:58:55.816,0.2739672064781189
2018-09-11 17:58:55.816,0.2758745849132538
2018-09-11 20:58:55.816,0.2766144573688507
2018-09-11 23:58:55.816,0.28093060851097107
2018-09-12 02:58:55.816,0.27790021896362305
2018-09-12 05:58:55.816,0.2724035680294037
2018-09-12 08:58:55.816,0.2727939486503601
2018-09-12 11:58:55.816,0.27308815717697144
2018-09-12 14:58:55.816,0.26729169487953186
2018-09-12 17:58:55.816,0.26771411299705505
2018-09-12 20:58:55.816,0.2676219344139099
2018-09-12 23:58:55.816,0.2679852545261383
2018-09-13 02:58:55.816,0.2714332938194275
2018-09-13 05:58:55.816,0.2656666338443756
2018-09-13 08:58:55.816,0.27100318670272827
2018-09-13 11:58:55.816,0.27577680349349976
2018-09-13 14:58:55.816,0.284114271402359
2018-09-13 17:58:55.816,0.28590330481529236
2018-09-13 20:58:55.816,0.28404858708381653
2018-09-13 23:58:55.816,0.28173184394836426
2018-09-14 02:58:55.816,0.28006961941719055
2018-09-14 05:58:55.816,0.2776321470737457
2018-09-14 08:58:55.816,0.2798108756542206
2018-09-14 11:58:55.816,0.2821766436100006
2018-09-14 14:58:55.816,0.27475348114967346
2018-09-14 17:58:55.816,0.2741139829158783
2018-09-14 20:58:55.816,0.2730288803577423
2018-09-14 23:58:55.816,0.27219638228416443
2018-09-15 02:58:55.816,0.2712693512439728
2018-09-15 05:58:55.816,0.2657853364944458
2018-09-15 08:58:55.816,0.2661895453929901
2018-09-15 11:58:55.816,0.2662205994129181
2018-09-15 14:58:55.816,0.2704763114452362
2018-09-15 17:58:55.816,0.30483826994895935
2018-09-15 20:58:55.816,0.29592034220695496
2018-09-15 23:58:55.816,0.28922224044799805
2018-09-16 02:58:55.816,0.2847243845462799
2018-09-16 05:58:55.816,0.27588340640068054
2018-09-16 08:58:55.816,0.27678465843200684
2018-09-16 11:58:55.816,0.27509644627571106
2018-09-16 14:58:55.816,0.26948148012161255
2018-09-16 17:58:55.816,0.2694047689437866
2018-09-16 20:58:55.816,0.2675248682498932
2018-09-16 23:58:55.816,0.26670268177986145
2018-09-17 02:58:55.816,0.26628777384757996
2018-09-17 05:58:55.816,0.2627885043621063
2018-09-17 08:58:55.816,0.26236751675605774
2018-09-17 11:58:55.816,0.26069900393486023
2018-09-17 14:58:55.816,0.2592910826206207
2018-09-17 17:58:55.816,0.25924554467201233
2018-09-17 20:58:55.816,0.2592688500881195
2018-09-17 23:58:55.816,0.2599921226501465
2018-09-18 02:58:55.816,0.2605861723423004
2018-09-18 05:58:55.816,0.2572227716445923
2018-09-18 08:58:55.816,0.25770649313926697
2018-09-18 11:58:55.816,0.25665077567100525
2018-09-18 14:58:55.816,0.26078513264656067
2018-09-18 17:58:55.816,0.2589719295501709
2018-09-18 20:58:55.816,0.25888127088546753
2018-09-18 23:58:55.816,0.2597194314002991
2018-09-19 02:58:55.816,0.26068487763404846
2018-09-19 05:58:55.816,0.2550816535949707
2018-09-19 08:58:55.816,0.256253182888031
2018-09-19 11:58:55.816,0.2584335207939148
2018-09-19 14:58:55.816,0.28373655676841736
2018-09-19 17:58:55.816,0.2966156303882599
2018-09-19 20:58:55.816,0.2853662669658661
2018-09-19 23:58:55.816,0.2812187969684601
2018-09-20 02:58:55.816,0.2790132164955139
2018-09-20 05:58:55.816,0.2803441286087036
2018-09-20 08:58:55.816,0.2953704297542572
2018-09-20 11:58:55.816,0.289646714925766
2018-09-20 14:58:55.816,0.2876669466495514
2018-09-20 17:58:55.816,0.28753912448883057
2018-09-20 20:58:55.816,0.28402113914489746
2018-09-20 23:58:55.816,0.28194522857666016
2018-09-21 02:58:55.816,0.2817995250225067
2018-09-21 05:58:55.816,0.2784295678138733
2018-09-21 08:58:55.816,0.276066392660141
2018-09-21 11:58:55.816,0.2740635871887207
2018-09-21 14:58:55.816,0.2743714451789856
2018-09-21 17:58:55.816,0.27380356192588806
2018-09-21 20:58:55.816,0.2736513316631317
2018-09-21 23:58:55.816,0.2960509657859802
2018-09-22 02:58:55.816,0.2922004759311676
2018-09-22 05:58:55.816,0.3098684251308441
2018-09-22 08:58:55.816,0.3087417483329773
2018-09-22 11:58:55.816,0.2946712374687195
2018-09-22 14:58:55.816,0.29997310042381287
2018-09-22 17:58:55.816,0.2978157699108124
2018-09-22 20:58:55.816,0.2973117530345917
2018-09-22 23:58:55.816,0.29404258728027344
2018-09-23 02:58:55.816,0.28988540172576904
2018-09-23 05:58:55.816,0.28681680560112
2018-09-23 08:58:55.816,0.2849600613117218
2018-09-23 11:58:55.816,0.2827434241771698
2018-09-23 14:58:55.816,0.2821052372455597
2018-09-23 17:58:55.816,0.2820284068584442
2018-09-23 20:58:55.816,0.2805209159851074
2018-09-23 23:58:55.816,0.27858930826187134
2018-09-24 02:58:55.816,0.27699121832847595
2018-09-24 05:58:55.816,0.27482789754867554
2018-09-24 08:58:55.816,0.2738516926765442
2018-09-24 11:58:55.816,0.2720928490161896
2018-09-24 14:58:55.816,0.2714628577232361
2018-09-24 17:58:55.816,0.27067917585372925
2018-09-24 20:58:55.816,0.27019476890563965
2018-09-24 23:58:55.816,0.2696474492549896
2018-09-25 02:58:55.816,0.2686985433101654
2018-09-25 05:58:55.816,0.2678256928920746
2018-09-25 08:58:55.816,0.267543762922287
2018-09-25 11:58:55.816,0.2717254161834717
2018-09-25 14:58:55.816,0.27494773268699646
2018-09-25 17:58:55.816,0.2719351351261139
2018-09-25 20:58:55.816,0.27102214097976685
2018-09-25 23:58:55.816,0.2710801959037781
2018-09-26 02:58:55.816,0.27113795280456543
2018-09-26 05:58:55.816,0.27185019850730896
2018-09-26 08:58:55.816,0.2737385332584381
2018-09-26 11:58:55.816,0.2820930778980255
2018-09-26 14:58:55.816,0.28766289353370667
2018-09-26 17:58:55.816,0.286063551902771
2018-09-26 20:58:55.816,0.290132075548172
2018-09-26 23:58:55.816,0.29683688282966614
2018-09-27 02:58:55.816,0.29880014061927795
2018-09-27 05:58:55.816,0.29523125290870667
2018-09-27 08:58:55.816,0.29409515857696533
2018-09-27 11:58:55.816,0.29493895173072815
2018-09-27 14:58:55.816,0.2914893925189972
2018-09-27 17:58:55.816,0.2880808115005493
2018-09-27 20:58:55.816,0.28526049852371216
2018-09-27 23:58:55.816,0.2822868824005127
2018-09-28 02:58:55.816,0.2802065312862396
2018-09-28 05:58:55.816,0.27860143780708313
2018-09-28 08:58:55.816,0.2781888544559479
2018-09-28 11:58:55.816,0.28166720271110535
2018-09-28 14:58:55.816,0.2800661623477936
2018-09-28 17:58:55.816,0.27818575501441956
2018-09-28 20:58:55.816,0.2767125070095062
2018-09-28 23:58:55.816,0.2750772535800934
2018-09-29 02:58:55.816,0.2737402021884918
2018-09-29 05:58:55.816,0.27255967259407043
2018-09-29 08:58:55.816,0.27070352435112
2018-09-29 11:58:55.816,0.2699270248413086
2018-09-29 14:58:55.816,0.2703956067562103
2018-09-29 17:58:55.816,0.2690795958042145
2018-09-29 20:58:55.816,0.26802942156791687
2018-09-29 23:58:55.816,0.2670240104198456
2018-09-30 02:58:55.816,0.2664514183998108
2018-09-30 05:58:55.816,0.26560962200164795
2018-09-30 08:58:55.816,0.2697274386882782
2018-09-30 11:58:55.816,0.2748170495033264
2018-09-30 14:58:55.816,0.2757056653499603
2018-09-30 17:58:55.816,0.2743307650089264
2018-09-30 20:58:55.816,0.27373364567756653
2018-09-30 23:58:55.816,0.273478627204895
2018-10-01 02:58:55.816,0.27377694845199585
2018-10-01 05:58:55.816,0.27385592460632324
2018-10-01 08:58:55.816,0.2740136682987213
2018-10-01 11:58:55.816,0.28030338883399963
2018-10-01 14:58:55.816,0.2814629375934601
2018-10-01 17:58:55.816,0.28144511580467224
2018-10-01 20:58:55.816,0.2804706394672394
2018-10-01 23:58:55.816,0.27879849076271057
2018-10-02 02:58:55.816,0.27783939242362976
2018-10-02 05:58:55.816,0.2764918804168701
2018-10-02 08:58:55.816,0.2745465636253357
2018-10-02 11:58:55.816,0.27687734365463257
2018-10-02 14:58:55.816,0.2755182087421417
2018-10-02 17:58:55.816,0.2739933729171753
2018-10-02 20:58:55.816,0.2733888328075409
2018-10-02 23:58:55.816,0.2725405991077423
2018-10-03 02:58:55.816,0.27184560894966125
2018-10-03 05:58:55.816,0.2716820240020752
2018-10-03 08:58:55.816,0.2710055708885193
2018-10-03 11:58:55.816,0.2732575535774231
2018-10-03 14:58:55.816,0.27331969141960144
2018-10-03 17:58:55.816,0.2723814845085144
2018-10-03 20:58:55.816,0.2707449197769165
2018-10-03 23:58:55.816,0.2699536383152008
2018-10-04 02:58:55.816,0.2695147693157196
2018-10-04 05:58:55.816,0.2686797082424164
2018-10-04 08:58:55.816,0.2673138380050659
2018-10-04 11:58:55.816,0.26946863532066345
2018-10-04 14:58:55.816,0.26843827962875366
2018-10-04 17:58:55.816,0.26732316613197327
2018-10-04 20:58:55.816,0.2666403353214264
2018-10-04 23:58:55.816,0.26530972123146057
2018-10-05 02:58:55.816,0.2647045850753784
2018-10-05 05:58:55.816,0.2646797001361847
2018-10-05 08:58:55.816,0.2647678554058075
2018-10-05 11:58:55.816,0.264407217502594
2018-10-05 14:58:55.816,0.2636398375034332
2018-10-05 17:58:55.816,0.26256847381591797
2018-10-05 20:58:55.816,0.26199910044670105
2018-10-05 23:58:55.816,0.2621031105518341
2018-10-06 02:58:55.816,0.2626718580722809
2018-10-06 05:58:55.816,0.2627407908439636
2018-10-06 08:58:55.816,0.2620992958545685
2018-10-06 11:58:55.816,0.26195383071899414
2018-10-06 14:58:55.816,0.26194635033607483
2018-10-06 17:58:55.816,0.2615566551685333
2018-10-06 20:58:55.816,0.26146557927131653
2018-10-06 23:58:55.816,0.2617587745189667
2018-10-07 02:58:55.816,0.2615817189216614
2018-10-07 05:58:55.816,0.26208585500717163
2018-10-07 08:58:55.816,0.2624939978122711
2018-10-07 11:58:55.816,0.2654482126235962
2018-10-07 14:58:55.816,0.2671005129814148
2018-10-07 17:58:55.816,0.26700684428215027
2018-10-07 20:58:55.816,0.26727959513664246
2018-10-07 23:58:55.816,0.2669191062450409
2018-10-08 02:58:55.816,0.26705071330070496
2018-10-08 05:58:55.816,0.26763108372688293
2018-10-08 08:58:55.816,0.26693716645240784
2018-10-08 11:58:55.816,0.26618334650993347
2018-10-08 14:58:55.816,0.26584485173225403
2018-10-08 17:58:55.816,0.2658798396587372
2018-10-08 20:58:55.816,0.2659650146961212
2018-10-08 23:58:55.816,0.2663571238517761
2018-10-09 02:58:55.816,0.26657623052597046
2018-10-09 05:58:55.816,0.2663361132144928
2018-10-09 08:58:55.816,0.2666183114051819
2018-10-09 11:58:55.816,0.2751317620277405
2018-10-09 14:58:55.816,0.27953043580055237
2018-10-09 17:58:55.816,0.27681589126586914
2018-10-09 20:58:55.816,0.2749219834804535
2018-10-09 23:58:55.816,0.27417901158332825
2018-10-10 02:58:55.816,0.2735001742839813
2018-10-10 05:58:55.816,0.2726879417896271
2018-10-10 08:58:55.816,0.2748519778251648
2018-10-10 11:58:55.816,0.2853987216949463
2018-10-10 14:58:55.816,0.2849526107311249
2018-10-10 17:58:55.816,0.2815821170806885
2018-10-10 20:58:55.816,0.2790814936161041
2018-10-10 23:58:55.816,0.27628618478775024
2018-10-11 02:58:55.816,0.2747303545475006
2018-10-11 05:58:55.816,0.2732113003730774
2018-10-11 08:58:55.816,0.2721838057041168
2018-10-11 11:58:55.816,0.27592048048973083
2018-10-11 14:58:55.816,0.27762076258659363
2018-10-11 17:58:55.816,0.27717092633247375
2018-10-11 20:58:55.816,0.2768248915672302
2018-10-11 23:58:55.816,0.2759387195110321
2018-10-12 02:58:55.816,0.27566060423851013
2018-10-12 05:58:55.816,0.2755765914916992
2018-10-12 08:58:55.816,0.2761175036430359
2018-10-12 11:58:55.816,0.27849021553993225
2018-10-12 14:58:55.816,0.28012412786483765
2018-10-12 17:58:55.816,0.2826319634914398
2018-10-12 20:58:55.816,0.28490760922431946
2018-10-12 23:58:55.816,0.28585192561149597
2018-10-13 02:58:55.816,0.286795049905777
2018-10-13 05:58:55.816,0.2859901785850525
2018-10-13 08:58:55.816,0.2856350541114807
2018-10-13 11:58:55.816,0.28847959637641907
2018-10-13 14:58:55.816,0.2870956063270569
2018-10-13 17:58:55.816,0.28630000352859497
2018-10-13 20:58:55.816,0.2851666510105133
2018-10-13 23:58:55.816,0.2855711877346039
2018-10-14 02:58:55.816,0.28979596495628357
2018-10-14 05:58:55.816,0.2860691249370575
2018-10-14 08:58:55.816,0.28452268242836
2018-10-14 11:58:55.816,0.2842734158039093
2018-10-14 14:58:55.816,0.2844389081001282
2018-10-14 17:58:55.816,0.2856047451496124
2018-10-14 20:58:55.816,0.2861163318157196
2018-10-14 23:58:55.816,0.285674124956131
2018-10-15 02:58:55.816,0.28429725766181946
2018-10-15 05:58:55.816,0.2988234758377075
2018-10-15 08:58:55.816,0.2904764711856842
2018-10-15 11:58:55.816,0.28635647892951965
2018-10-15 14:58:55.816,0.2828384041786194
2018-10-15 17:58:55.816,0.28085294365882874
2018-10-15 20:58:55.816,0.2793474495410919
2018-10-15 23:58:55.816,0.27841758728027344
2018-10-16 02:58:55.816,0.277910977602005
2018-10-16 05:58:55.816,0.27804622054100037
2018-10-16 08:58:55.816,0.2773890197277069
2018-10-16 11:58:55.816,0.2767693102359772
2018-10-16 14:58:55.816,0.2766023576259613
2018-10-16 17:58:55.816,0.27616313099861145
2018-10-16 20:58:55.816,0.27516141533851624
2018-10-16 23:58:55.816,0.2742379605770111
2018-10-17 02:58:55.816,0.2738220989704132
2018-10-17 05:58:55.816,0.27288907766342163
2018-10-17 08:58:55.816,0.27224770188331604
2018-10-17 11:58:55.816,0.27483299374580383
2018-10-17 14:58:55.816,0.27429434657096863
2018-10-17 17:58:55.816,0.27431994676589966
2018-10-17 20:58:55.816,0.27368226647377014
2018-10-17 23:58:55.816,0.2732957899570465
2018-10-18 02:58:55.816,0.27325430512428284
2018-10-18 05:58:55.816,0.273210734128952
2018-10-18 08:58:55.816,0.2725559175014496
2018-10-18 11:58:55.816,0.27177807688713074
2018-10-18 14:58:55.816,0.2712399661540985
2018-10-18 17:58:55.816,0.2734440863132477
2018-10-18 20:58:55.816,0.2797187864780426
2018-10-18 23:58:55.816,0.28314492106437683
2018-10-19 02:58:55.816,0.2810661494731903
2018-10-19 05:58:55.816,0.2795310318470001
2018-10-19 08:58:55.816,0.278140127658844
2018-10-19 11:58:55.816,0.27634623646736145
2018-10-19 14:58:55.816,0.2749266028404236
2018-10-19 17:58:55.816,0.27362075448036194
2018-10-19 20:58:55.816,0.272415429353714
2018-10-19 23:58:55.816,0.27151593565940857
2018-10-20 02:58:55.816,0.2710542380809784
2018-10-20 05:58:55.816,0.2709328830242157
2018-10-20 08:58:55.816,0.2703028619289398
2018-10-20 11:58:55.816,0.269526869058609
2018-10-20 14:58:55.816,0.26908186078071594
2018-10-20 17:58:55.816,0.2687298059463501
2018-10-20 20:58:55.816,0.2685859203338623
2018-10-20 23:58:55.816,0.2685723304748535
2018-10-21 02:58:55.816,0.2681441605091095
2018-10-21 05:58:55.816,0.27120235562324524
2018-10-21 08:58:55.816,0.2718125879764557
2018-10-21 11:58:55.816,0.27264878153800964
2018-10-21 14:58:55.816,0.2729918658733368
2018-10-21 17:58:55.816,0.27270272374153137
2018-10-21 20:58:55.816,0.2724909484386444
2018-10-21 23:58:55.816,0.2728405296802521
2018-10-22 02:58:55.816,0.273308128118515
2018-10-22 05:58:55.816,0.2727770507335663
2018-10-22 08:58:55.816,0.27217796444892883
2018-10-22 11:58:55.816,0.27199167013168335
2018-10-22 14:58:55.816,0.2724584937095642
2018-10-22 17:58:55.816,0.27273401618003845
2018-10-22 20:58:55.816,0.2725476026535034
2018-10-22 23:58:55.816,0.2723177969455719
2018-10-23 02:58:55.816,0.2717883884906769
2018-10-23 05:58:55.816,0.2711336016654968
2018-10-23 08:58:55.816,0.2706897556781769
2018-10-23 11:58:55.816,0.2701720893383026
2018-10-23 14:58:55.816,0.2690410912036896
2018-10-23 17:58:55.816,0.2681110203266144
2018-10-23 20:58:55.816,0.2675800025463104
2018-10-23 23:58:55.816,0.2670109272003174
2018-10-24 02:58:55.816,0.26627907156944275
2018-10-24 05:58:55.816,0.26555415987968445
2018-10-24 08:58:55.816,0.2645343840122223
2018-10-24 11:58:55.816,0.26375675201416016
2018-10-24 14:58:55.816,0.26334813237190247
2018-10-24 17:58:55.816,0.26340755820274353
2018-10-24 20:58:55.816,0.2633473575115204
2018-10-24 23:58:55.816,0.26320305466651917
2018-10-25 02:58:55.816,0.26353880763053894
2018-10-25 05:58:55.816,0.26316168904304504
2018-10-25 08:58:55.816,0.262721985578537
2018-10-25 11:58:55.816,0.2625703513622284
2018-10-25 14:58:55.816,0.2630891501903534
2018-10-25 17:58:55.816,0.2629278004169464
2018-10-25 20:58:55.816,0.26241323351860046
2018-10-25 23:58:55.816,0.2622687518596649
2018-10-26 02:58:55.816,0.26218122243881226
2018-10-26 05:58:55.816,0.26243168115615845
2018-10-26 08:58:55.816,0.26256492733955383
2018-10-26 11:58:55.816,0.26170775294303894
2018-10-26 14:58:55.816,0.26125189661979675
2018-10-26 17:58:55.816,0.2610916197299957
2018-10-26 20:58:55.816,0.2606992721557617
2018-10-26 23:58:55.816,0.26054033637046814
2018-10-27 02:58:55.816,0.26126453280448914
2018-10-27 05:58:55.816,0.261766254901886
2018-10-27 08:58:55.816,0.2621585726737976
2018-10-27 11:58:55.816,0.26259830594062805
2018-10-27 14:58:55.816,0.2629230320453644
2018-10-27 17:58:55.816,0.2631308436393738
2018-10-27 20:58:55.816,0.26380655169487
2018-10-27 23:58:55.816,0.2638213336467743
2018-10-28 02:58:55.816,0.26347240805625916
2018-10-28 05:58:55.816,0.26286545395851135
2018-10-28 08:58:55.816,0.262525737285614
2018-10-28 11:58:55.816,0.26216474175453186
2018-10-28 14:58:55.816,0.2625362277030945
2018-10-28 17:58:55.816,0.2626967430114746
2018-10-28 20:58:55.816,0.26321709156036377
2018-10-28 23:58:55.816,0.26396048069000244
2018-10-29 02:58:55.816,0.2650878429412842
2018-10-29 05:58:55.816,0.265248566865921
2018-10-29 08:58:55.816,0.2653534412384033
2018-10-29 11:58:55.816,0.26563453674316406
2018-10-29 14:58:55.816,0.2656587064266205
2018-10-29 17:58:55.816,0.26629844307899475
2018-10-29 20:58:55.816,0.26721420884132385
2018-10-29 23:58:55.816,0.2669800817966461
2018-10-30 02:58:55.816,0.2661278545856476
2018-10-30 05:58:55.816,0.2661058306694031
2018-10-30 08:58:55.816,0.26647114753723145
2018-10-30 11:58:55.816,0.266557902097702
2018-10-30 14:58:55.816,0.26632168889045715
2018-10-30 17:58:55.816,0.26591986417770386
2018-10-30 20:58:55.816,0.2655923068523407
2018-10-30 23:58:55.816,0.2655778229236603
2018-10-31 02:58:55.816,0.2657468616962433
2018-10-31 05:58:55.816,0.2659570872783661
2018-10-31 08:58:55.816,0.26657330989837646
2018-10-31 11:58:55.816,0.2671985328197479
2018-10-31 14:58:55.816,0.2676701545715332
2018-10-31 17:58:55.816,0.2681238353252411
2018-10-31 20:58:55.816,0.2680080235004425
2018-10-31 23:58:55.816,0.2684119939804077
2018-11-01 02:58:55.816,0.2687218189239502
2018-11-01 05:58:55.816,0.26875069737434387
2018-11-01 08:58:55.816,0.26881688833236694
2018-11-01 11:58:55.816,0.2691763937473297
2018-11-01 14:58:55.816,0.27073803544044495
2018-11-01 17:58:55.816,0.2714633345603943
2018-11-01 20:58:55.816,0.2705928385257721
2018-11-01 23:58:55.816,0.269967645406723
2018-11-02 02:58:55.816,0.2702615261077881
2018-11-02 05:58:55.816,0.27060213685035706
2018-11-02 08:58:55.816,0.27071139216423035
2018-11-02 11:58:55.816,0.271210253238678
2018-11-02 14:58:55.816,0.27154794335365295
2018-11-02 17:58:55.816,0.27159610390663147
2018-11-02 20:58:55.816,0.27106931805610657
2018-11-02 23:58:55.816,0.2708958089351654
2018-11-03 02:58:55.816,0.27129343152046204
2018-11-03 05:58:55.816,0.2714706063270569
2018-11-03 08:58:55.816,0.27163878083229065
2018-11-03 11:58:55.816,0.2715708911418915
2018-11-03 14:58:55.816,0.27128949761390686
2018-11-03 17:58:55.816,0.27038872241973877
2018-11-03 20:58:55.816,0.26960882544517517
2018-11-03 23:58:55.816,0.2693549394607544
2018-11-04 02:58:55.816,0.268783301115036
2018-11-04 05:58:55.816,0.2683187425136566
2018-11-04 08:58:55.816,0.26806408166885376
2018-11-04 11:58:55.816,0.2678053081035614
2018-11-04 14:58:55.816,0.26727333664894104
2018-11-04 17:58:55.816,0.2662593424320221
2018-11-04 20:58:55.816,0.2661963999271393
2018-11-04 23:58:55.816,0.26655313372612
2018-11-05 02:58:55.816,0.26715466380119324
2018-11-05 05:58:55.816,0.26716575026512146
2018-11-05 08:58:55.816,0.2669529616832733
2018-11-05 11:58:55.816,0.2671166658401489
2018-11-05 14:58:55.816,0.2670876085758209
2018-11-05 17:58:55.816,0.2671321928501129
2018-11-05 20:58:55.816,0.2671818435192108
2018-11-05 23:58:55.816,0.26709142327308655
2018-11-06 02:58:55.816,0.2662518322467804
2018-11-06 05:58:55.816,0.26570478081703186
2018-11-06 08:58:55.816,0.2652733027935028
2018-11-06 11:58:55.816,0.26535770297050476
2018-11-06 14:58:55.816,0.2658064365386963
2018-11-06 17:58:55.816,0.26578930020332336
2018-11-06 20:58:55.816,0.2655157148838043
2018-11-06 23:58:55.816,0.26503491401672363
2018-11-07 02:58:55.816,0.26454100012779236
2018-11-07 05:58:55.816,0.26427894830703735
2018-11-07 08:58:55.816,0.26443934440612793
2018-11-07 11:58:55.816,0.2653142213821411
2018-11-07 14:58:55.816,0.26628682017326355
2018-11-07 17:58:55.816,0.2671104073524475
2018-11-07 20:58:55.816,0.26686909794807434
2018-11-07 23:58:55.816,0.26629844307899475
2018-11-08 02:58:55.816,0.26524636149406433
2018-11-08 05:58:55.816,0.2641390264034271
2018-11-08 08:58:55.816,0.263701468706131
2018-11-08 11:58:55.816,0.26337310671806335
2018-11-08 14:58:55.816,0.26289257407188416
2018-11-08 17:58:55.816,0.26266998052597046
2018-11-08 20:58:55.816,0.26221567392349243
2018-11-08 23:58:55.816,0.2624177038669586
2018-11-09 02:58:55.816,0.26266318559646606
2018-11-09 05:58:55.816,0.26295962929725647
2018-11-09 08:58:55.816,0.26356446743011475
2018-11-09 11:58:55.816,0.2640256881713867
2018-11-09 14:58:55.816,0.2642093300819397
2018-11-09 17:58:55.816,0.2644062638282776
2018-11-09 20:58:55.816,0.2638385593891144
2018-11-09 23:58:55.816,0.2631729543209076
2018-11-10 02:58:55.816,0.2625061869621277
2018-11-10 05:58:55.816,0.2621316611766815
2018-11-10 08:58:55.816,0.26172176003456116
2018-11-10 11:58:55.816,0.26148083806037903
2018-11-10 14:58:55.816,0.2615828514099121
2018-11-10 17:58:55.816,0.26200804114341736
2018-11-10 20:58:55.816,0.26177144050598145
2018-11-10 23:58:55.816,0.26176711916923523
2018-11-11 02:58:55.816,0.2624238431453705
2018-11-11 05:58:55.816,0.2627972364425659
2018-11-11 08:58:55.816,0.26329854130744934
2018-11-11 11:58:55.816,0.2636873126029968
2018-11-11 14:58:55.816,0.2630016505718231
2018-11-11 17:58:55.816,0.2630327641963959
2018-11-11 20:58:55.816,0.26340124011039734
2018-11-11 23:58:55.816,0.2627944052219391
2018-11-12 02:58:55.816,0.2622404396533966
2018-11-12 05:58:55.816,0.26227256655693054
2018-11-12 08:58:55.816,0.2623460590839386
2018-11-12 11:58:55.816,0.26193350553512573
2018-11-12 14:58:55.816,0.2615598738193512
2018-11-12 17:58:55.816,0.260723739862442
2018-11-12 20:58:55.816,0.2606724202632904
2018-11-12 23:58:55.816,0.2611510455608368
2018-11-13 02:58:55.816,0.26128634810447693
2018-11-13 05:58:55.816,0.261945515871048
2018-11-13 08:58:55.816,0.26219797134399414
2018-11-13 11:58:55.816,0.262117475271225
2018-11-13 14:58:55.816,0.2621118724346161
2018-11-13 17:58:55.816,0.26207688450813293
2018-11-13 20:58:55.816,0.2615303099155426
2018-11-13 23:58:55.816,0.26149699091911316
2018-11-14 02:58:55.816,0.26163122057914734
2018-11-14 05:58:55.816,0.26201680302619934
2018-11-14 08:58:55.816,0.26273587346076965
2018-11-14 11:58:55.816,0.26291611790657043
2018-11-14 14:58:55.816,0.2626607418060303
2018-11-14 17:58:55.816,0.26242783665657043
2018-11-14 20:58:55.816,0.2623285949230194
2018-11-14 23:58:55.816,0.26225826144218445
2018-11-15 02:58:55.816,0.26273277401924133
2018-11-15 05:58:55.816,0.2636502981185913
2018-11-15 08:58:55.816,0.2641126215457916
2018-11-15 11:58:55.816,0.26494723558425903
2018-11-15 14:58:55.816,0.2658624053001404
2018-11-15 17:58:55.816,0.2662729322910309
2018-11-15 20:58:55.816,0.26635584235191345
2018-11-15 23:58:55.816,0.2664656639099121
2018-11-16 02:58:55.816,0.2664278447628021
2018-11-16 05:58:55.816,0.2654552757740021
2018-11-16 08:58:55.816,0.2646436095237732
2018-11-16 11:58:55.816,0.2640934884548187
2018-11-16 14:58:55.816,0.2639819383621216
2018-11-16 17:58:55.816,0.2634003162384033
2018-11-16 20:58:55.816,0.26253068447113037
2018-11-16 23:58:55.816,0.2615342140197754
2018-11-17 02:58:55.816,0.2605423927307129
2018-11-17 05:58:55.816,0.2602068781852722
2018-11-17 08:58:55.816,0.2827574908733368
2018-11-17 11:58:55.816,0.2958380877971649
2018-11-17 14:58:55.816,0.28840723633766174
2018-11-17 17:58:55.816,0.28529873490333557
2018-11-17 20:58:55.816,0.28336116671562195
2018-11-17 23:58:55.816,0.28247568011283875
2018-11-18 02:58:55.816,0.28176894783973694
2018-11-18 05:58:55.816,0.2809189558029175
2018-11-18 08:58:55.816,0.2807914614677429
2018-11-18 11:58:55.816,0.28061994910240173
2018-11-18 14:58:55.816,0.2791816294193268
2018-11-18 17:58:55.816,0.27745166420936584
2018-11-18 20:58:55.816,0.27652594447135925
2018-11-18 23:58:55.816,0.2760728597640991
2018-11-19 02:58:55.816,0.27461662888526917
2018-11-19 05:58:55.816,0.2728477120399475
2018-11-19 08:58:55.816,0.27224627137184143
2018-11-19 11:58:55.816,0.2718685269355774
2018-11-19 14:58:55.816,0.27143171429634094
2018-11-19 17:58:55.816,0.27079063653945923
2018-11-19 20:58:55.816,0.27044442296028137
2018-11-19 23:58:55.816,0.27053341269493103
2018-11-20 02:58:55.816,0.27046361565589905
2018-11-20 05:58:55.816,0.27048495411872864
2018-11-20 08:58:55.816,0.27061936259269714
2018-11-20 11:58:55.816,0.27065953612327576
2018-11-20 14:58:55.816,0.2702620327472687
2018-11-20 17:58:55.816,0.26934608817100525
2018-11-20 20:58:55.816,0.269194632768631
2018-11-20 23:58:55.816,0.269426554441452
2018-11-21 02:58:55.816,0.26908376812934875
2018-11-21 05:58:55.816,0.26830416917800903
2018-11-21 08:58:55.816,0.26786747574806213
2018-11-21 11:58:55.816,0.26773932576179504
2018-11-21 14:58:55.816,0.2670803666114807
2018-11-21 17:58:55.816,0.2669014632701874
2018-11-21 20:58:55.816,0.26682981848716736
2018-11-21 23:58:55.816,0.2668769061565399
2018-11-22 02:58:55.816,0.2672506868839264
2018-11-22 05:58:55.816,0.2677106559276581
2018-11-22 08:58:55.816,0.26760783791542053
2018-11-22 11:58:55.816,0.2675904929637909
2018-11-22 14:58:55.816,0.26781126856803894
2018-11-22 17:58:55.816,0.26803144812583923
2018-11-22 20:58:55.816,0.26840516924858093
2018-11-22 23:58:55.816,0.2683540880680084
2018-11-23 02:58:55.816,0.2686167359352112
2018-11-23 05:58:55.816,0.2682216465473175
2018-11-23 08:58:55.816,0.26749104261398315
2018-11-23 11:58:55.816,0.26729249954223633
2018-11-23 14:58:55.816,0.2674499750137329
2018-11-23 17:58:55.816,0.26816526055336
2018-11-23 20:58:55.816,0.26871606707572937
2018-11-23 23:58:55.816,0.2686813175678253
2018-11-24 02:58:55.816,0.2683463394641876
2018-11-24 05:58:55.816,0.26846346259117126
2018-11-24 08:58:55.816,0.2684107720851898
2018-11-24 11:58:55.816,0.26837220788002014
2018-11-24 14:58:55.816,0.2690947949886322
2018-11-24 17:58:55.816,0.26960086822509766
2018-11-24 20:58:55.816,0.26959750056266785
2018-11-24 23:58:55.816,0.2699337303638458
2018-11-25 02:58:55.816,0.2698708474636078
2018-11-25 05:58:55.816,0.2693827450275421
2018-11-25 08:58:55.816,0.2692742645740509
2018-11-25 11:58:55.816,0.2694614827632904
2018-11-25 14:58:55.816,0.27007296681404114
2018-11-25 17:58:55.816,0.2708192765712738
2018-11-25 20:58:55.816,0.27105599641799927
2018-11-25 23:58:55.816,0.2709927558898926
2018-11-26 02:58:55.816,0.27111831307411194
2018-11-26 05:58:55.816,0.27126187086105347
2018-11-26 08:58:55.816,0.2705533504486084
2018-11-26 11:58:55.816,0.2692583501338959
2018-11-26 14:58:55.816,0.2678438723087311
2018-11-26 17:58:55.816,0.26663872599601746
2018-11-26 20:58:55.816,0.2652760148048401
2018-11-26 23:58:55.816,0.2639416754245758
2018-11-27 02:58:55.816,0.26392000913619995
2018-11-27 05:58:55.816,0.2644447982311249
2018-11-27 08:58:55.816,0.26505687832832336
2018-11-27 11:58:55.816,0.2657996118068695
2018-11-27 14:58:55.816,0.266669362783432
2018-11-27 17:58:55.816,0.26735758781433105
2018-11-27 20:58:55.816,0.2673437297344208
2018-11-27 23:58:55.816,0.26779916882514954
2018-11-28 02:58:55.816,0.2677873969078064
2018-11-28 05:58:55.816,0.2668374478816986
2018-11-28 08:58:55.816,0.26670220494270325
2018-11-28 11:58:55.816,0.26653578877449036
2018-11-28 14:58:55.816,0.2666161358356476
2018-11-28 17:58:55.816,0.2666527032852173
2018-11-28 20:58:55.816,0.2669382393360138
2018-11-28 23:58:55.816,0.26753297448158264
2018-11-29 02:58:55.816,0.26766443252563477
2018-11-29 05:58:55.816,0.26687803864479065
2018-11-29 08:58:55.816,0.2658919394016266
2018-11-29 11:58:55.816,0.2654586732387543
2018-11-29 14:58:55.816,0.264850378036499
2018-11-29 17:58:55.816,0.2639656066894531
2018-11-29 20:58:55.816,0.26337143778800964
2018-11-29 23:58:55.816,0.263156920671463
2018-11-30 02:58:55.816,0.2630200684070587
2018-11-30 05:58:55.816,0.26281338930130005
2018-11-30 08:58:55.816,0.2622305154800415
2018-11-30 11:58:55.816,0.26231035590171814
2018-11-30 14:58:55.816,0.2619856894016266
2018-11-30 17:58:55.816,0.2612311542034149
2018-11-30 20:58:55.816,0.2607848346233368
2018-11-30 23:58:55.816,0.26065030694007874
2018-12-01 02:58:55.816,0.2614913284778595
2018-12-01 05:58:55.816,0.26202845573425293
2018-12-01 08:58:55.816,0.2623870074748993
2018-12-01 11:58:55.816,0.2624393105506897
2018-12-01 14:58:55.816,0.2624914348125458
2018-12-01 17:58:55.816,0.26310020685195923
2018-12-01 20:58:55.816,0.2638135254383087
2018-12-01 23:58:55.816,0.26358819007873535
2018-12-02 02:58:55.816,0.26306426525115967
2018-12-02 05:58:55.816,0.26270347833633423
2018-12-02 08:58:55.816,0.26222923398017883
2018-12-02 11:58:55.816,0.2618529200553894
2018-12-02 14:58:55.816,0.2617737352848053
2018-12-02 17:58:55.816,0.26182737946510315
2018-12-02 20:58:55.816,0.26168400049209595
2018-12-02 23:58:55.816,0.262138307094574
2018-12-03 02:58:55.816,0.2626538574695587
2018-12-03 05:58:55.816,0.2633027732372284
2018-12-03 08:58:55.816,0.26386913657188416
2018-12-03 11:58:55.816,0.2644798755645752
2018-12-03 14:58:55.816,0.2641172707080841
2018-12-03 17:58:55.816,0.26334652304649353
2018-12-03 20:58:55.816,0.2632502317428589
2018-12-03 23:58:55.816,0.2633041441440582
2018-12-04 02:58:55.816,0.2633436322212219
2018-12-04 05:58:55.816,0.2630384564399719
2018-12-04 08:58:55.816,0.2634795606136322
2018-12-04 11:58:55.816,0.2638601064682007
2018-12-04 14:58:55.816,0.2644381523132324
2018-12-04 17:58:55.816,0.26476725935935974
2018-12-04 20:58:55.816,0.26480114459991455
2018-12-04 23:58:55.816,0.26467612385749817
2018-12-05 02:58:55.816,0.2644609808921814
2018-12-05 05:58:55.816,0.26417943835258484
2018-12-05 08:58:55.816,0.26449742913246155
2018-12-05 11:58:55.816,0.26505735516548157
2018-12-05 14:58:55.816,0.26587048172950745
2018-12-05 17:58:55.816,0.2663785219192505
2018-12-05 20:58:55.816,0.26592734456062317
2018-12-05 23:58:55.816,0.26580938696861267
2018-12-06 02:58:55.816,0.2650401294231415
2018-12-06 05:58:55.816,0.26428088545799255
2018-12-06 08:58:55.816,0.2647053897380829
2018-12-06 11:58:55.816,0.26498299837112427
2018-12-06 14:58:55.816,0.2646067440509796
2018-12-06 17:58:55.816,0.2642761170864105
2018-12-06 20:58:55.816,0.2642233669757843
2018-12-06 23:58:55.816,0.26497387886047363
2018-12-07 02:58:55.816,0.26537734270095825
2018-12-07 05:58:55.816,0.2658030688762665
2018-12-07 08:58:55.816,0.2664855420589447
2018-12-07 11:58:55.816,0.26640740036964417
2018-12-07 14:58:55.816,0.26625221967697144
2018-12-07 17:58:55.816,0.26635274291038513
2018-12-07 20:58:55.816,0.26650798320770264
2018-12-07 23:58:55.816,0.26570168137550354
2018-12-08 02:58:55.816,0.26480817794799805
2018-12-08 05:58:55.816,0.2647189795970917
2018-12-08 08:58:55.816,0.26501283049583435
2018-12-08 11:58:55.816,0.2648051977157593
2018-12-08 14:58:55.816,0.2651926279067993
2018-12-08 17:58:55.816,0.2654424011707306
2018-12-08 20:58:55.816,0.2654409408569336
2018-12-08 23:58:55.816,0.26555657386779785
2018-12-09 02:58:55.816,0.2657197415828705
2018-12-09 05:58:55.816,0.2661997377872467
2018-12-09 08:58:55.816,0.26675310730934143
2018-12-09 11:58:55.816,0.26638054847717285
2018-12-09 14:58:55.816,0.265682190656662
2018-12-09 17:58:55.816,0.26511549949645996
2018-12-09 20:58:55.816,0.26473918557167053
2018-12-09 23:58:55.816,0.2639085054397583
2018-12-10 02:58:55.816,0.2633437514305115
2018-12-10 05:58:55.816,0.2629564702510834
2018-12-10 08:58:55.816,0.2626757323741913
2018-12-10 11:58:55.816,0.2623994052410126
2018-12-10 14:58:55.816,0.262236624956131
2018-12-10 17:58:55.816,0.2624107599258423
2018-12-10 20:58:55.816,0.2626586854457855
2018-12-10 23:58:55.816,0.2625337243080139
2018-12-11 02:58:55.816,0.26339128613471985
2018-12-11 05:58:55.816,0.2640267312526703
2018-12-11 08:58:55.816,0.264332115650177
2018-12-11 11:58:55.816,0.26488369703292847
2018-12-11 14:58:55.816,0.26526570320129395
2018-12-11 17:58:55.816,0.2659105360507965
2018-12-11 20:58:55.816,0.26650747656822205
2018-12-11 23:58:55.816,0.26636216044425964
2018-12-12 02:58:55.816,0.2661406695842743
2018-12-12 05:58:55.816,0.2663077414035797
2018-12-12 08:58:55.816,0.26639825105667114
2018-12-12 11:58:55.816,0.26688164472579956
2018-12-12 14:58:55.816,0.26743221282958984
2018-12-12 17:58:55.816,0.26735565066337585
2018-12-12 20:58:55.816,0.2678428888320923
2018-12-12 23:58:55.816,0.26827555894851685
2018-12-13 02:58:55.816,0.2681630849838257
2018-12-13 05:58:55.816,0.268172949552536
2018-12-13 08:58:55.816,0.26802632212638855
2018-12-13 11:58:55.816,0.2675706446170807
2018-12-13 14:58:55.816,0.267471581697464
2018-12-13 17:58:55.816,0.2676497995853424
2018-12-13 20:58:55.816,0.2671477794647217
2018-12-13 23:58:55.816,0.2665172517299652
2018-12-14 02:58:55.816,0.26612821221351624
2018-12-14 05:58:55.816,0.2660798728466034
2018-12-14 08:58:55.816,0.2662096917629242
2018-12-14 11:58:55.816,0.2659667432308197
2018-12-14 14:58:55.816,0.2661369740962982
2018-12-14 17:58:55.816,0.26651304960250854
2018-12-14 20:58:55.816,0.2667490839958191
2018-12-14 23:58:55.816,0.2672916650772095
2018-12-15 02:58:55.816,0.267121285200119
2018-12-15 05:58:55.816,0.26662665605545044
2018-12-15 08:58:55.816,0.26656362414360046
2018-12-15 11:58:55.816,0.2666625678539276
2018-12-15 14:58:55.816,0.2664230763912201
2018-12-15 17:58:55.816,0.26675644516944885
2018-12-15 20:58:55.816,0.2673826515674591
2018-12-15 23:58:55.816,0.2678361237049103
2018-12-16 02:58:55.816,0.2684983015060425
2018-12-16 05:58:55.816,0.2685132622718811
2018-12-16 08:58:55.816,0.2685854434967041
2018-12-16 11:58:55.816,0.26913371682167053
2018-12-16 14:58:55.816,0.2695302665233612
2018-12-16 17:58:55.816,0.26903700828552246
2018-12-16 20:58:55.816,0.26871660351753235
2018-12-16 23:58:55.816,0.2690573036670685
2018-12-17 02:58:55.816,0.26952624320983887
2018-12-17 05:58:55.816,0.26984813809394836
2018-12-17 08:58:55.816,0.27005910873413086
2018-12-17 11:58:55.816,0.2699534595012665
2018-12-17 14:58:55.816,0.2691168785095215
2018-12-17 17:58:55.816,0.2682347595691681
2018-12-17 20:58:55.816,0.26759156584739685
2018-12-17 23:58:55.816,0.26773953437805176
2018-12-18 02:58:55.816,0.26838868856430054
2018-12-18 05:58:55.816,0.26877710223197937
2018-12-18 08:58:55.816,0.2685967683792114
2018-12-18 11:58:55.816,0.2679980397224426
2018-12-18 14:58:55.816,0.26751288771629333
2018-12-18 17:58:55.816,0.26730984449386597
2018-12-18 20:58:55.816,0.26775822043418884
2018-12-18 23:58:55.816,0.2686249017715454
2018-12-19 02:58:55.816,0.2695677578449249
2018-12-19 05:58:55.816,0.2694849669933319
2018-12-19 08:58:55.816,0.2691633403301239
2018-12-19 11:58:55.816,0.26874542236328125
2018-12-19 14:58:55.816,0.26819995045661926
2018-12-19 17:58:55.816,0.26823341846466064
2018-12-19 20:58:55.816,0.2681586742401123
2018-12-19 23:58:55.816,0.26778700947761536
2018-12-20 02:58:55.816,0.26734939217567444
2018-12-20 05:58:55.816,0.26746025681495667
2018-12-20 08:58:55.816,0.26770853996276855
2018-12-20 11:58:55.816,0.26781556010246277
2018-12-20 14:58:55.816,0.2680472433567047
2018-12-20 17:58:55.816,0.26825007796287537
2018-12-20 20:58:55.816,0.2693842053413391
2018-12-20 23:58:55.816,0.26982566714286804
2018-12-21 02:58:55.816,0.2696090042591095
2018-12-21 05:58:55.816,0.26914525032043457
2018-12-21 08:58:55.816,0.26811110973358154
2018-12-21 11:58:55.816,0.2669062912464142
2018-12-21 14:58:55.816,0.26640012860298157
2018-12-21 17:58:55.816,0.26667463779449463
2018-12-21 20:58:55.816,0.2665339410305023
2018-12-21 23:58:55.816,0.26628801226615906
2018-12-22 02:58:55.816,0.2666904032230377
2018-12-22 05:58:55.816,0.2666350305080414
2018-12-22 08:58:55.816,0.26655563712120056
2018-12-22 11:58:55.816,0.2663348615169525
2018-12-22 14:58:55.816,0.26565787196159363
2018-12-22 17:58:55.816,0.265667200088501
2018-12-22 20:58:55.816,0.2659928798675537
2018-12-22 23:58:55.816,0.2658705413341522
2018-12-23 02:58:55.816,0.2653837203979492
2018-12-23 05:58:55.816,0.2645266354084015
2018-12-23 08:58:55.816,0.2640329599380493
2018-12-23 11:58:55.816,0.2641162574291229
2018-12-23 14:58:55.816,0.2641156017780304
2018-12-23 17:58:55.816,0.26457679271698
2018-12-23 20:58:55.816,0.2649213969707489
2018-12-23 23:58:55.816,0.2650657594203949
2018-12-24 02:58:55.816,0.26601502299308777
2018-12-24 05:58:55.816,0.266582727432251
2018-12-24 08:58:55.816,0.2667112648487091
2018-12-24 11:58:55.816,0.26668214797973633
2018-12-24 14:58:55.816,0.2661387026309967
2018-12-24 17:58:55.816,0.2658810317516327
2018-12-24 20:58:55.816,0.2653971016407013
2018-12-24 23:58:55.816,0.2653500735759735
2018-12-25 02:58:55.816,0.2659768760204315
2018-12-25 05:58:55.816,0.26661211252212524
2018-12-25 08:58:55.816,0.2667856812477112
2018-12-25 11:58:55.816,0.2667503356933594
2018-12-25 14:58:55.816,0.26720163226127625
2018-12-25 17:58:55.816,0.2677643895149231
2018-12-25 20:58:55.816,0.268067330121994
2018-12-25 23:58:55.816,0.2680927515029907
2018-12-26 02:58:55.816,0.26853862404823303
2018-12-26 05:58:55.816,0.2685672342777252
2018-12-26 08:58:55.816,0.26795801520347595
2018-12-26 11:58:55.816,0.26787230372428894
2018-12-26 14:58:55.816,0.2685682773590088
2018-12-26 17:58:55.816,0.2693043351173401
2018-12-26 20:58:55.816,0.2698460817337036
2018-12-26 23:58:55.816,0.269082635641098
2018-12-27 02:58:55.816,0.2682552635669708
2018-12-27 05:58:55.816,0.26853668689727783
2018-12-27 08:58:55.816,0.268809974193573
2018-12-27 11:58:55.816,0.26891079545021057
2018-12-27 14:58:55.816,0.2691173851490021
2018-12-27 17:58:55.816,0.2696356475353241
2018-12-27 20:58:55.816,0.27011364698410034
2018-12-27 23:58:55.816,0.27021509408950806
2018-12-28 02:58:55.816,0.27052536606788635
2018-12-28 05:58:55.816,0.27047595381736755
2018-12-28 08:58:55.816,0.27045848965644836
2018-12-28 11:58:55.816,0.27082568407058716
2018-12-28 14:58:55.816,0.27134573459625244
2018-12-28 17:58:55.816,0.2719626724720001
2018-12-28 20:58:55.816,0.2722565531730652
2018-12-28 23:58:55.816,0.27222099900245667
2018-12-29 02:58:55.816,0.27155324816703796
2018-12-29 05:58:55.816,0.2710631489753723
2018-12-29 08:58:55.816,0.27064159512519836
2018-12-29 11:58:55.816,0.27046695351600647
2018-12-29 14:58:55.816,0.2699035108089447
2018-12-29 17:58:55.816,0.26934441924095154
2018-12-29 20:58:55.816,0.26938870549201965
2018-12-29 23:58:55.816,0.2697606682777405
2018-12-30 02:58:55.816,0.2700440585613251
2018-12-30 05:58:55.816,0.2695102095603943
2018-12-30 08:58:55.816,0.2689293622970581
2018-12-30 11:58:55.816,0.26921477913856506
2018-12-30 14:58:55.816,0.2690829932689667
2018-12-30 17:58:55.816,0.26896345615386963
2018-12-30 20:58:55.816,0.26948773860931396
2018-12-30 23:58:55.816,0.26899734139442444
2018-12-31 02:58:55.816,0.26848024129867554
2018-12-31 05:58:55.816,0.2685292065143585
2018-12-31 08:58:55.816,0.2678946554660797
2018-12-31 11:58:55.816,0.2670638859272003
2018-12-31 14:58:55.816,0.26661285758018494
2018-12-31 17:58:55.816,0.26623526215553284
2018-12-31 20:58:55.816,0.2666408121585846
