metrics/grid_rasters/GLDAS/grideval_GLDAS_X_summer_2016_absolute_bias.asc
ncols 52
nrows 55
xllcorner     11.25
yllcorner     55.25
cellsize      0.25
NODATA_value  -9999
[rows 0 to 27 of 55, columns 0 to 51 of 52]
-9999 -9999 -9999 -9999 -9999 -9999 -9999 -9999 -9999 -9999 -9999 -9999 -9999 -9999 -9999 -9999 -9999 -9999 -9999 -9999 -9999 -9999 -9999 -9999 -9999 -9999 -9999 -9999 -9999 -9999 -9999 -9999 -9999 -9999 -9999 -9999 -24.05168021919773 -22.895243861914977 -25.09359396004077 -9999 -9999 -9999 -9999 -9999 -9999 -9999 -9999 -9999 -9999 -9999 -9999 -9999
-9999 -9999 -9999 -9999 -9999 -9999 -9999 -9999 -9999 -9999 -9999 -9999 -9999 -9999 -9999 -9999 -9999 -9999 -9999 -9999 -9999 -9999 -9999 -9999 -9999 -9999 -9999 -9999 -9999 -9999 -9999 -9999 -9999 -9999 -9999 -9999 -23.019772576816052 -23.0897137892392 -22.615290962888487 -22.851507487949792 -23.257757685390178 -25.223585419862975 -9999 -9999 -9999 -9999 -9999 -9999 -9999 -9999 -9999 -9999
-9999 -9999 -9999 -9999 -9999 -9999 -9999 -9999 -9999 -9999 -9999 -9999 -9999 -9999 -9999 -9999 -9999 -9999 -9999 -9999 -9999 -9999 -9999 -9999 -9999 -9999 -9999 -24.453636383475818 -22.529531227627203 -24.583298651501536 -25.038475899410475 -25.31173126209203 -25.07415502706705 -25.264049284848515 -9999 -25.27867597088461 -24.195897406534012 -22.65592193603516 -25.08474077999025 -25.212375151904546 -25.235423002047874 -25.20333969910913 -25.601649506341506 -25.753161973036498 -25.70429767581189 -25.597501162237123 -9999 -9999 -9999 -9999 -9999 -9999
-9999 -9999 -9999 -9999 -9999 -9999 -9999 -9999 -9999 -9999 -9999 -9999 -9999 -9999 -9999 -9999 -9999 -9999 -9999 -9999 -9999 -9999 -9999 -9999 -9999 -9999 -9999 -26.096625940469288 -27.429892289249796 -22.44200395906101 -26.438918148329396 -22.818977440059513 -22.331538427945066 -24.94841340208507 -25.03092448486258 -25.36328363048075 -25.048440037679896 -25.138432186906748 -25.173541848223817 -25.25092108780518 -25.436918285918303 -25.487213187101908 -25.539979892560158 -25.666148131551303 -25.815931385180548 -25.716225545407962 -25.640752607976776 -25.73664841537728 -9999 -9999 -9999 -9999
-9999 -9999 -9999 -9999 -9999 -9999 -9999 -9999 -9999 -9999 -9999 -9999 -9999 -9999 -9999 -9999 -9999 -9999 -9999 -9999 -9999 -9999 -29.65876079383104 -25.175921487824425 -25.128566856455546 -27.300139231890764 -27.68554546513959 -26.291758892571803 -26.260321401909966 -24.97024612456723 -23.9032452766905 -22.92338043750952 -23.250377714087296 -25.43171066428413 -25.51610805298728 -25.61361104213511 -25.32122849336947 -25.178417343767773 -25.161611403520823 -25.17953551904825 -25.27592511509505 -25.282560184962396 -25.414292534914516 -25.649246061787657 -25.81646354223156 -25.91413018569026 -25.74881571679093 -25.88727776821622 -25.88780842348933 -9999 -9999 -9999
-9999 -9999 -9999 -9999 -9999 -9999 -9999 -9999 -9999 -9999 -9999 -9999 -9999 -9999 -9999 -9999 -9999 -9999 -9999 -9999 -9999 -28.59456127594509 -28.213244237613093 -24.954512466433577 -28.45163646324173 -28.88987262279767 -25.979881113881007 -25.42135549620118 -22.857519403747894 -24.747710621591818 -25.04930352986507 -23.112732495626677 -25.14484989906297 -25.397608944133896 -25.53740970926035 -25.607494040210124 -25.55337856390068 -25.384076953926325 -25.34357568006153 -25.361366088643827 -25.33284272777889 -25.366109263415083 -25.395649522887133 -25.742129138731602 -25.894153100863587 -25.877696897449866 -25.93805071719639 -25.99285003056993 -25.97952551182117 -9999 -9999 -9999
-9999 -9999 -9999 -9999 -9999 -9999 -9999 -9999 -9999 -9999 -9999 -9999 -9999 -9999 -9999 -9999 -9999 -9999 -9999 -9999 -29.601755619696952 -28.67356248892358 -28.800448553515192 -27.751154855946485 -27.941863554732308 -28.45179947607381 -27.84828672023571 -25.927739402400732 -25.0322323144697 -24.828504397736296 -24.836280235919446 -25.42553810461465 -25.317343695777588 -25.284212287150968 -25.33657275518888 -25.40882123974355 -25.472464134714198 -25.457927142958283 -25.383225637447573 -25.38896632194519 -25.276543913328126 -25.432777190641698 -25.628882954929672 -25.950054379119333 -25.965010172100328 -25.95322873475759 -26.031139182028078 -26.1017035240024 -26.0668273937443 -25.94946051382905 -9999 -9999
-9999 -9999 -9999 -9999 -9999 -9999 -9999 -9999 -9999 -9999 -9999 -9999 -9999 -9999 -9999 -9999 -9999 -9999 -9999 -9999 -9999 -28.79910562195532 -27.967561465040173 -27.565854434733804 -25.7321441359818 -24.876696896293893 -23.102130890176024 -22.274599453454595 -24.749897384428944 -24.84799460807573 -25.02906604289361 -25.29509527452857 -25.180469233259235 -25.135569783130087 -25.209430537591487 -25.347052642387208 -25.38713103935689 -25.341849818461288 -25.3879738690777 -25.50043787886186 -25.48391394466972 -25.52714208517548 -25.70323444678165 -25.981257588035714 -26.01592392316493 -25.991627532644607 -26.07076856710584 -26.22967144055292 -26.069564571280193 -9999 -9999 -9999
-9999 -9999 -9999 -9999 -9999 -9999 -9999 -9999 -9999 -9999 -9999 -9999 -9999 -9999 -9999 -9999 -9999 -9999 -9999 -27.348994093461204 -25.90682132590724 -25.936923422526732 -27.238947595672123 -26.193093215520292 -22.117288804127146 -24.939432887137748 -24.79777362468936 -24.91804461744007 -24.96607213192012 -24.95193383919642 -24.90639920103485 -25.187106679618847 -25.21892577130348 -25.187991588315725 -25.251355046932787 -25.512305116685837 -25.449237715412412 -25.62043245673261 -25.59900910091465 -25.60717830260325 -25.56245887797812 -25.50702306397421 -25.50406857899836 -25.698733214997567 -25.70831692437439 -25.772526022532716 -25.826558125205334 -26.06050236379404 -26.13410936312183 -26.023462491636373 -26.0131002887881 -9999
-9999 -9999 -9999 -9999 -9999 -9999 -9999 -9999 -9999 -9999 -9999 -9999 -9999 -9999 -9999 -9999 -9999 -9999 -25.79977142211536 -27.110955929505113 -25.85452187263771 -25.14260665918498 -26.177020727535304 -25.226339101123262 -25.230475205219477 -25.09652093830316 -25.187951935374215 -25.15410629595104 -25.29154282715172 -25.374997459777184 -25.202026713578764 -25.419109810548633 -25.43192550294992 -25.441079260457467 -25.43908958511589 -25.465391745952807 -25.5899612596056 -25.663154890578564 -25.71273302556137 -25.72327355647702 -25.815618337455977 -25.77030470370032 -25.55989597802577 -25.508717158546105 -25.51554086081603 -25.627169522780765 -25.784993486964837 -26.104668855262194 -26.151810445721544 -26.15923411109607 -26.11524466937408 -9999
-9999 -9999 -9999 -9999 -9999 -9999 -9999 -9999 -9999 -9999 -9999 -9999 -9999 -9999 -9999 -9999 -9999 -25.268703523496896 -26.827497752990734 -25.66714912410016 -24.771320497050233 -24.413730408874866 -24.305177436493658 -25.034661090467125 -24.93429059160711 -24.922653056033283 -24.85668224893996 -25.10209581677033 -25.236736470266532 -25.284741555462066 -25.342053738078512 -25.662430909806453 -25.603547554402407 -25.59663707854064 -25.61173496573516 -25.62785461360751 -25.617103209071182 -25.462796283379678 -25.43269122936561 -25.49427153830133 -25.594881196648046 -25.59984083939344 -25.60767596065188 -25.712754802616395 -25.54264490201097 -25.383941353237987 -25.4989881024534 -25.925221482069112 -26.091213099152327 -26.09427871927619 -9999 -9999
-9999 -9999 -9999 -9999 -9999 -9999 -9999 -9999 -9999 -9999 -9999 -9999 -9999 -29.274478231435236 -26.922629911897946 -26.460889973151296 -26.507100185176924 -26.6007204980225 -25.750728958488807 -24.93490563592185 -22.20619502501643 -24.74560885449224 -24.529485182391237 -24.811157493021987 -24.827849299444452 -24.9229603906405 -24.93109413042017 -25.00018432361843 -25.098260059952736 -25.0238104885768 -25.177791983314343 -25.502538625738055 -25.566586042491156 -25.60656745355252 -25.697333935425487 -25.686462159086343 -25.760545421169013 -25.6152317651507 -25.462973227461234 -25.38965762726477 -25.426497891282096 -25.375977525224343 -25.339142162777968 -25.60600703424248 -25.684019390534125 -25.579989534964703 -25.59554077490516 -25.965252387357637 -26.034419378306232 -26.090157317483555 -26.11704657957687 -9999
-9999 -9999 -9999 -9999 -9999 -9999 -9999 -9999 -9999 -9999 -9999 -9999 -9999 -26.608470380468212 -25.41750366050426 -25.682965238760833 -26.730329379338126 -26.484897110267013 -25.729287906651106 -24.85022243310738 -24.652268198035326 -24.48355353196435 -24.65672787928792 -25.077841317058414 -25.15283891969644 -25.128198363939706 -25.181029749649536 -25.122925396866933 -25.209140901170354 -25.214768253145326 -25.16604400622537 -25.09202272246551 -25.237929829942953 -25.160762120139502 -25.2011208540922 -25.18856204789051 -25.229294067309443 -25.213410747116022 -25.3279267598308 -25.6034598076797 -25.492452036589388 -25.376148932309736 -25.32943770220584 -25.586258550457977 -25.807450707880374 -25.636306613238286 -25.745715585921932 -26.359036491110764 -26.37343896273524 -26.43590386995398 -26.54298051165255 -28.912702149002932
-9999 -9999 -9999 -9999 -9999 -9999 -9999 -9999 -9999 -9999 -9999 -9999 -9999 -26.702353885923714 -25.895222368589398 -25.342293744846053 -25.221578943664607 -25.19222515337574 -25.16789335674485 -24.71510849431481 -24.678083670021888 -24.66918218528609 -24.47922001325566 -25.10216960584259 -25.138287950914517 -25.202599034664914 -25.21722638534139 -25.1236084459714 -25.227945392991863 -25.28931074077264 -25.361632699794747 -25.21683991961586 -25.196645558609266 -25.20117622362855 -25.330622594479628 -25.51528891866379 -25.44785931469548 -25.288484790747088 -25.116369582874622 -25.417633977819875 -25.51519322243478 -25.585044131006885 -25.510070465403892 -25.904800007423468 -9999 -9999 -9999 -9999 -9999 -9999 -9999 -9999
-9999 -9999 -9999 -9999 -9999 -9999 -9999 -9999 -9999 -9999 -9999 -9999 -9999 -26.22976597495701 -25.270310741262108 -25.155619204327788 -25.27504582755753 -25.241541642230004 -24.898695949728236 -24.22985160496572 -24.227426861392573 -24.30278929122521 -24.608446909620877 -25.345269983614106 -25.38285698166684 -25.21641460607719 -25.19916684265532 -25.181103732355908 -25.27214284668393 -25.318925244247783 -25.315852988754283 -25.147020030280814 -25.159347621906228 -25.218930787670057 -25.190548735144354 -25.233697884776827 -25.339025058824085 -25.446865232033733 -25.306596765740085 -25.437991985342588 -25.49174064658987 -9999 -9999 -9999 -9999 -9999 -9999 -9999 -9999 -9999 -9999 -9999
-9999 -9999 -9999 -9999 -9999 -9999 -9999 -9999 -9999 -9999 -9999 -9999 -27.123683339146808 -25.971015183781475 -25.34639560348233 -25.12985944928116 -25.16191874610503 -24.999417601234242 -24.46461459650132 -24.422864924508918 -24.607497370073013 -24.6175775861813 -24.788231629351888 -25.27810511246081 -25.25360691810593 -25.226223904457267 -25.247240349306196 -25.247056426824603 -25.340945909528628 -25.472274103323407 -25.47643619587483 -25.18186222312405 -25.099099346578285 -25.05260486125379 -25.064897578027423 -25.151769058353715 -25.18942290653839 -25.13991134115697 -24.995365617655054 -25.39774514412832 -25.56469076159208 -9999 -9999 -9999 -9999 -9999 -9999 -9999 -9999 -9999 -9999 -9999
-9999 -9999 -9999 -9999 -9999 -9999 -9999 -9999 -9999 -9999 -9999 -24.5842180237498 -24.62642537245689 -24.778236441253487 -24.77478946370842 -24.65449826474018 -24.67406693894578 -24.390436727452368 -24.276098094840087 -24.24813070168476 -24.36238432392154 -24.448306660775252 -24.559341186333608 -24.576576129047442 -24.363162740275428 -24.265158882648077 -24.207588798751164 -24.344933993203327 -24.416343805906568 -24.49666711098879 -24.696332963385984 -25.112799755722772 -25.167839862811174 -25.08271935126623 -24.96529288434059 -25.32633738045621 -25.35072184688128 -25.36706298243497 -25.29649218659767 -25.99311491316589 -9999 -9999 -9999 -9999 -9999 -9999 -9999 -9999 -9999 -9999 -9999 -9999
-9999 -9999 -9999 -9999 -9999 -9999 -9999 -9999 -9999 -9999 -24.046436235652827 -24.282870889742576 -24.84673640184591 -24.925788950964645 -24.524043426504765 -24.29038268179916 -24.08383264265064 -24.222569500541557 -24.51255324335121 -24.448734741799694 -24.401303359064396 -24.261694607891787 -24.31832427875665 -24.30984993667706 -24.508921711908087 -24.562097071993932 -24.433344503014307 -24.313965198017012 -24.259764888202373 -24.414611555656176 -24.4879596713404 -24.78657705454237 -24.923380244300574 -25.020531342324357 -25.06405601365006 -25.438560028175782 -25.453464819300603 -25.355640199966732 -25.273976887596532 -9999 -9999 -9999 -9999 -9999 -9999 -9999 -9999 -9999 -9999 -9999 -9999 -9999
-9999 -9999 -9999 -9999 -9999 -9999 -9999 -9999 -9999 -9999 -9999 -9999 -24.55649754303791 -24.24922047786253 -23.92492312215188 -24.176101467815105 -24.03311749572015 -24.16281437304924 -24.436950742854208 -24.483078675202865 -24.54301473026609 -24.47290400091721 -24.399424738392398 -24.20463684610213 -24.2835823237572 -24.409633080515533 -24.512868458587352 -24.698099232987374 -24.514911324858822 -24.656634978666574 -24.45846906101898 -24.68644752768476 -24.713651412186906 -24.819451617684376 -24.951185814712357 -25.38202104363185 -25.41960515069735 -25.27655234855964 -25.27873652274518 -25.901821233534623 -9999 -9999 -9999 -9999 -9999 -9999 -9999 -9999 -9999 -9999 -9999 -9999
-9999 -9999 -9999 -9999 -9999 -9999 -9999 -9999 -9999 -9999 -9999 -24.33863999988155 -24.566612439209838 -24.781168395531893 -24.57852988078705 -24.26886782123019 -24.117979317842778 -24.20997426270143 -24.311833063747894 -24.126123586770795 -24.196009841524873 -24.359062428302735 -24.431839970406145 -24.20322186957397 -24.079103203247428 -24.18518755947361 -24.28469792364732 -24.36805563652888 -24.39607122919077 -24.390992855612673 -24.491648099587664 -24.680542713091913 -24.63202857240305 -24.66989844089941 -24.707652893261574 -25.23375202431951 -25.07633771065056 -25.164350308599357 -25.18915445236084 -9999 -9999 -9999 -9999 -9999 -9999 -9999 -9999 -9999 -9999 -9999 -9999 -9999
-9999 -9999 -9999 -9999 -9999 -24.81806683378375 -24.74705882544589 -24.424114748147197 -24.707778285601698 -24.594253937369622 -24.50531722552589 -24.523170999494262 -24.02989948299997 -24.162948571530208 -24.41466306569055 -24.108496654738225 -24.080985566358205 -24.06805135427124 -24.048274719723214 -23.65388650463327 -23.651554052738234 -23.70182195848421 -23.74755718190547 -23.76463145894282 -23.863947004606214 -23.96408359775239 -23.950117839540802 -23.976743529955648 -23.915508621412773 -23.860509456317548 -23.96684502800117 -24.339925970376026 -24.353495312854648 -24.32714846292916 -24.41408482708199 -24.563314917072173 -24.676110322222762 -24.928002418383308 -9999 -9999 -9999 -9999 -9999 -9999 -9999 -9999 -9999 -9999 -9999 -9999 -9999 -9999
-9999 -9999 -9999 -9999 -25.335391984341427 -24.932409726204764 -24.573153119250808 -24.47357625330029 -24.021911086656317 -23.94443285611013 -23.999484028687462 -24.43032292027593 -24.262621983561825 -24.168049167922653 -24.42986231594873 -24.29694836600886 -24.23618876565572 -24.214218169228054 -24.311302734012518 -23.835505164977487 -23.69889723209907 -23.597628385901608 -23.46887127755453 -23.583245993531108 -23.7745145396127 -23.72904301876121 -23.69624347826871 -23.786400354852013 -23.80680929235709 -23.815825942579817 -23.899129287866145 -24.390840051169306 -24.298835868441053 -24.20691178546733 -24.27867421560475 -9999 -9999 -9999 -9999 -9999 -9999 -9999 -9999 -9999 -9999 -9999 -9999 -9999 -9999 -9999 -9999 -9999
-9999 -9999 -9999 -24.712381186571132 -24.809874602046836 -24.52305708841785 -24.34135186453552 -24.421517664161712 -24.045338440220803 -23.842001640784517 -23.87374425454713 -24.04814218278245 -23.91770462203852 -24.051941216376648 -24.473984794266038 -24.29299719234848 -24.24031997575303 -24.278820249778423 -24.445692568511248 -24.17549294322405 -24.01899954095564 -23.781188710288998 -23.439204470598664 -23.46325993956998 -23.74862575678803 -23.80545759583702 -23.719092994725894 -23.60038003637253 -23.51738337425353 -23.477823937757183 -23.610729651444636 -9999 -9999 -9999 -9999 -9999 -9999 -9999 -9999 -9999 -9999 -9999 -9999 -9999 -9999 -9999 -9999 -9999 -9999 -9999 -9999 -9999
-9999 -9999 -9999 -24.825305829229563 -25.122055770748332 -24.792834507665876 -24.737017338143907 -24.41882718899085 -24.39363862719873 -24.332518179779463 -24.003465221141987 -23.681460705504797 -24.042899087456092 -24.114098889813963 -24.261717453598976 -24.129889242594015 -24.173075791974753 -24.244773446136843 -24.216958368602015 -23.72601379658622 -23.845224229699895 -23.721312745960194 -23.54116656890382 -23.124052849901926 -23.0877539113002 -22.951333928185147 -23.327389596597012 -23.72922568764213 -23.627051761718057 -9999 -9999 -9999 -9999 -9999 -9999 -9999 -9999 -9999 -9999 -9999 -9999 -9999 -9999 -9999 -9999 -9999 -9999 -9999 -9999 -9999 -9999 -9999
-9999 -9999 -9999 -24.43712322417971 -24.614667764743384 -24.320335730788823 -24.07832347164336 -23.86379453831393 -23.74384031884129 -23.94418093132908 -23.907135086539 -23.11079574169834 -22.599316942728247 -22.62190906464568 -23.063163859405268 -23.519717877912946 -23.61507295673389 -23.723976811151147 -23.695619431324307 -23.054098144740514 -23.017792389910344 -23.035792078296453 -23.07883275891452 -23.86439521851666 -23.80915575427934 -23.556141327540193 -23.212171826066214 -23.423101745262414 -9999 -9999 -9999 -9999 -9999 -9999 -9999 -9999 -9999 -9999 -9999 -9999 -9999 -9999 -9999 -9999 -9999 -9999 -9999 -9999 -9999 -9999 -9999 -9999
-9999 -9999 -9999 -24.36622582845714 -24.04006930452812 -23.744911485189647 -23.875679674153414 -23.35515242705689 -23.420119509870272 -23.397183303640265 -23.341471153189953 -22.95963618582439 -22.78038304521824 -22.73820832885964 -23.071654148035396 -23.595287000699702 -23.611876438675534 -23.57837200934148 -23.576605490125388 -22.94551219718288 -22.875698781309087 -22.873743744688515 -23.025765860858172 -23.714681678208645 -23.69514856461193 -23.562289151504803 -23.318041794265252 -9999 -9999 -9999 -9999 -9999 -9999 -9999 -9999 -9999 -9999 -9999 -9999 -9999 -9999 -9999 -9999 -9999 -9999 -9999 -9999 -9999 -9999 -9999 -9999 -9999
-9999 -9999 -9999 -9999 -23.98021093097961 -23.609319368336834 -23.562549884431068 -23.161965219465927 -23.06539649591255 -23.241330861255694 -23.27325783362207 -23.179063266224194 -23.161766197087 -23.025108105057612 -22.893836285716485 -23.15583805539443 -23.293597625973433 -23.466510544024892 -23.628864162581287 -22.967881789451226 -22.955275262483273 -23.021047938007698 -23.001131387953855 -23.332235549880277 -9999 -9999 -9999 -9999 -9999 -9999 -9999 -9999 -9999 -9999 -9999 -9999 -9999 -9999 -9999 -9999 -9999 -9999 -9999 -9999 -9999 -9999 -9999 -9999 -9999 -9999 -9999 -9999
-9999 -9999 -9999 -9999 -23.70705193337863 -23.61361249538301 -23.847060718249693 -23.798131312101923 -23.47137043732421 -23.305230241451092 -23.11126329927989 -22.61806928876625 -22.742296299978122 -22.88257010544286 -22.974372598646287 -23.169464001776248 -23.23869106428617 -23.301628917111486 -23.219926703640297 -22.84470191917828 -22.986714147638693 -23.108459190870434 -23.03708347524314 -23.32951422689645 -23.52773100880744 -9999 -9999 -9999 -9999 -9999 -9999 -9999 -9999 -9999 -9999 -9999 -9999 -9999 -9999 -9999 -9999 -9999 -9999 -9999 -9999 -9999 -9999 -9999 -9999 -9999 -9999 -9999
