metrics/grid_rasters/GLDAS/grideval_GLDAS_S_winter_absolute_bias.asc
ncols 52
nrows 55
xllcorner     11.25
yllcorner     55.25
cellsize      0.25
NODATA_value  -9999
[rows 0 to 28 of 55, columns 0 to 51 of 52]
-9999 -9999 -9999 -9999 -9999 -9999 -9999 -9999 -9999 -9999 -9999 -9999 -9999 -9999 -9999 -9999 -9999 -9999 -9999 -9999 -9999 -9999 -9999 -9999 -9999 -9999 -9999 -9999 -9999 -9999 -9999 -9999 -9999 -9999 -9999 -9999 -32.76561858080885 -32.73850987437813 -35.227875939629705 -9999 -9999 -9999 -9999 -9999 -9999 -9999 -9999 -9999 -9999 -9999 -9999 -9999
-9999 -9999 -9999 -9999 -9999 -9999 -9999 -9999 -9999 -9999 -9999 -9999 -9999 -9999 -9999 -9999 -9999 -9999 -9999 -9999 -9999 -9999 -9999 -9999 -9999 -9999 -9999 -9999 -9999 -9999 -9999 -9999 -9999 -9999 -9999 -9999 -30.501218411132413 -32.19947154607386 -31.4614107319337 -30.005297437805552 -30.706701497782092 -35.16349162923951 -9999 -9999 -9999 -9999 -9999 -9999 -9999 -9999 -9999 -9999
-9999 -9999 -9999 -9999 -9999 -9999 -9999 -9999 -9999 -9999 -9999 -9999 -9999 -9999 -9999 -9999 -9999 -9999 -9999 -9999 -9999 -9999 -9999 -9999 -9999 -9999 -9999 -41.0202198658768 -39.526843839590725 -41.3976809716528 -39.01346390772291 -35.417843383404104 -37.657201268640534 -37.59488449193579 -9999 -35.8905194149639 -33.76751305826442 -31.924445129074467 -35.42389829788058 -34.347137981968984 -35.772672076371606 -36.145594699096726 -35.87072031132856 -37.389977434753256 -36.514133403552414 -36.600079862483454 -9999 -9999 -9999 -9999 -9999 -9999
-9999 -9999 -9999 -9999 -9999 -9999 -9999 -9999 -9999 -9999 -9999 -9999 -9999 -9999 -9999 -9999 -9999 -9999 -9999 -9999 -9999 -9999 -9999 -9999 -9999 -9999 -9999 -34.00674526729825 -31.031457069188022 -34.21327548317219 -28.29306334255062 -31.026273643025235 -32.50324640543796 -37.216252936566256 -37.882089147901475 -37.21810036369308 -36.7912592742685 -36.51308970937603 -36.68626644272471 -36.61493626903547 -36.96144673541457 -36.642496004256934 -36.96337581983151 -37.12834907542408 -37.413871824679454 -37.09228190438631 -38.07552317186798 -39.63265847461169 -9999 -9999 -9999 -9999
-9999 -9999 -9999 -9999 -9999 -9999 -9999 -9999 -9999 -9999 -9999 -9999 -9999 -9999 -9999 -9999 -9999 -9999 -9999 -9999 -9999 -9999 -41.42572097259463 -41.9904324115561 -41.44276198823201 -41.47948708602968 -32.22989101164105 -31.92552258361162 -31.669143912720383 -31.06875891675992 -30.516733746913747 -32.403099454155104 -34.05484348548437 -37.47086224371665 -37.73999910632927 -37.42105527080781 -38.05501818412353 -38.63532312814962 -39.37721202668535 -38.79967036582736 -39.16796183473124 -38.68293694003261 -38.0215802205226 -37.86314954702069 -37.49566956468628 -37.485780908573936 -38.30994181491311 -39.4332922969034 -40.225389404119184 -9999 -9999 -9999
-9999 -9999 -9999 -9999 -9999 -9999 -9999 -9999 -9999 -9999 -9999 -9999 -9999 -9999 -9999 -9999 -9999 -9999 -9999 -9999 -9999 -41.94330969149469 -42.2835390952279 -42.296279634547695 -41.08742363497078 -40.06968947113015 -40.30958802554333 -38.28028167258958 -32.622156052832125 -37.290063423298065 -37.28385679616781 -33.562459623910634 -36.33113882837203 -35.43242436453927 -37.161002037143774 -37.49531658419468 -38.18238849135585 -38.809750454262975 -40.231400126611966 -40.35094611925122 -40.1508784245679 -39.79332537880977 -39.41524730779623 -38.86880032956043 -38.3414126534242 -38.5161361953094 -38.17415447222517 -38.662740320390355 -39.43241336956166 -9999 -9999 -9999
-9999 -9999 -9999 -9999 -9999 -9999 -9999 -9999 -9999 -9999 -9999 -9999 -9999 -9999 -9999 -9999 -9999 -9999 -9999 -9999 -42.197833384173066 -42.31746180419529 -41.51071032944685 -34.624842367055024 -31.22079554855452 -29.81724023471207 -30.776804370346408 -31.506388713107796 -37.878191628336 -37.90366486224689 -38.616447298862354 -36.53752203590631 -36.37117691509879 -36.488355768225325 -37.223610338030014 -37.641519330302636 -37.934276165523244 -38.722497738650134 -39.33768815445582 -39.77781632837744 -40.286269641148536 -39.694602616642115 -39.34590525093419 -39.4864440958462 -40.32971284180425 -40.137079081340715 -39.943591364667114 -39.73551162215172 -40.204410312656016 -40.851769754240024 -9999 -9999
-9999 -9999 -9999 -9999 -9999 -9999 -9999 -9999 -9999 -9999 -9999 -9999 -9999 -9999 -9999 -9999 -9999 -9999 -9999 -9999 -9999 -34.85656958686348 -34.72836617310209 -31.76736683533669 -33.16581080318364 -32.99566177497527 -33.332834263711426 -33.08517618840586 -38.08849191961299 -37.53275983314703 -37.076833628664964 -37.23927981887333 -38.69094958912757 -38.80734728881444 -38.73458656234218 -38.68430533713127 -39.34234472479764 -40.17996564321736 -40.5140540768493 -40.83891354724662 -41.04344307147276 -40.552746245358904 -39.452059596766645 -38.8612285954336 -39.98002079261823 -40.656827115198375 -40.384969417712654 -39.333943570858274 -39.99107803908947 -9999 -9999 -9999
-9999 -9999 -9999 -9999 -9999 -9999 -9999 -9999 -9999 -9999 -9999 -9999 -9999 -9999 -9999 -9999 -9999 -9999 -9999 -40.67857989037301 -41.42758682316525 -41.5340838676365 -38.19861798632344 -33.381431182645194 -35.63485264386001 -41.304991701168944 -41.198743095786575 -40.20675308681467 -40.53958653221088 -40.51436854076992 -40.61876541803851 -39.544096395182436 -37.98141833700219 -37.195768381007156 -37.09541280695606 -37.12958313907571 -36.81509508538754 -37.27700592856596 -38.69476761623 -39.852723229970586 -40.93779355701874 -41.339161845661934 -41.08669370820957 -39.47148539905547 -39.263779814409254 -40.687768082668455 -41.24268129236809 -41.51044517325707 -40.81027347478407 -42.156766730167206 -42.36604666546854 -9999
-9999 -9999 -9999 -9999 -9999 -9999 -9999 -9999 -9999 -9999 -9999 -9999 -9999 -9999 -9999 -9999 -9999 -9999 -36.297931948537396 -41.081475986358704 -41.23806696018808 -40.05931568381033 -39.52699016511357 -39.870068784287184 -41.091045103698896 -41.446800468680436 -40.22998087734005 -38.76018928940256 -38.88398788839971 -40.43241916319815 -41.361858135316304 -41.88946060429732 -42.01431922453077 -41.84444095951781 -41.34674399834219 -40.98749030182793 -38.22911270568018 -40.064440059581365 -38.982585248684416 -38.82247126085421 -38.19737195119345 -39.46110468115296 -41.14197985780453 -41.169518973394574 -40.95051605582567 -41.304767353186726 -41.35524610215359 -41.84550597085269 -41.39665844465845 -42.405178962677844 -42.22140552513199 -9999
-9999 -9999 -9999 -9999 -9999 -9999 -9999 -9999 -9999 -9999 -9999 -9999 -9999 -9999 -9999 -9999 -9999 -37.735007224372296 -34.130036321868516 -33.67743502111481 -41.89252536505502 -42.41471777427064 -42.226913334151675 -42.356264880123106 -42.43626103525429 -42.44716396848374 -42.01160526698729 -40.279683409072966 -41.60616114733539 -41.24506488352127 -41.16730487116011 -40.93995043213307 -41.558814507008755 -41.83834698728681 -42.02617357736273 -42.25272045691093 -42.01261627610639 -41.53631840704571 -41.234008140217036 -40.0693397604218 -40.064962307672296 -40.79186653188453 -40.305367417334274 -40.61402859025921 -41.170020668708055 -41.48162783966645 -41.48711753360556 -42.16047401938825 -41.9660316274509 -42.13904110526465 -9999 -9999
-9999 -9999 -9999 -9999 -9999 -9999 -9999 -9999 -9999 -9999 -9999 -9999 -9999 -42.96920746558674 -43.061842767764254 -42.705599947731905 -42.63309861985847 -42.40926855928432 -35.19338727124304 -41.44950901765449 -35.922021190163754 -39.731047469358934 -41.99896789063543 -42.490990049445635 -42.98705209842226 -43.016783497474286 -42.70020085325532 -42.17884853015296 -41.98726841985891 -42.04089167566552 -42.139334579589175 -40.900016640748966 -41.652386771943256 -41.96806818064705 -42.30303676987784 -42.460195984294096 -42.314400656577035 -42.45365103969345 -41.823406865299155 -42.58070208430497 -42.25076884757263 -42.344811243822896 -42.582848375379385 -42.131026557055904 -41.870580662428885 -42.47829686843602 -42.60699718748928 -42.542091407511286 -42.462932368214155 -42.3968578724299 -42.203339783639905 -9999
-9999 -9999 -9999 -9999 -9999 -9999 -9999 -9999 -9999 -9999 -9999 -9999 -9999 -43.005572816031965 -43.05757649475064 -42.109911156967904 -42.605900826139006 -42.880603226102956 -42.08594465546228 -42.384574022376256 -42.656867425924894 -42.748385640206926 -42.81462535793555 -42.72657838760981 -42.62243881230333 -42.69045426834303 -42.64404227309589 -42.37101186036939 -42.01028617498803 -41.98186213213052 -42.358980590415676 -41.517219641821214 -42.05809533434025 -42.030792283750756 -42.31344692215035 -42.26387502778827 -42.004526682497314 -42.89462580667535 -42.85168083500726 -43.05007449412136 -43.046610847621174 -43.09628226787079 -43.010254358707655 -42.61311689782836 -41.745248781728705 -41.25566589358648 -41.064589318811606 -41.147769974699436 -41.02351502385352 -41.135928629394456 -41.265627317373074 -41.896481272256274
-9999 -9999 -9999 -9999 -9999 -9999 -9999 -9999 -9999 -9999 -9999 -9999 -9999 -43.05414258595814 -43.13338611596406 -43.08456191198172 -43.07239197668235 -43.06064615241791 -42.85875507414217 -42.97417959888721 -42.861452747636854 -42.82203270380909 -43.00870271863472 -42.983838557969996 -42.901724268215354 -42.879687625290494 -42.86481137588166 -42.49899515807835 -42.190167065477645 -42.17682193927054 -41.92030202026203 -41.89042715887717 -42.31055404213864 -42.43776487086453 -42.36590711541804 -41.950210383832655 -42.083835073171436 -42.78457189238323 -42.92058555961914 -43.028148355767385 -43.0810833603216 -42.88041898545776 -42.731790897531894 -42.12419374221085 -9999 -9999 -9999 -9999 -9999 -9999 -9999 -9999
-9999 -9999 -9999 -9999 -9999 -9999 -9999 -9999 -9999 -9999 -9999 -9999 -9999 -43.075035888717146 -43.09281712826186 -43.070623529130735 -42.96244274499282 -43.00751174112313 -43.01686771434843 -43.04794627255721 -43.064037088738175 -43.041699194408686 -43.00634682525229 -42.83957403534482 -42.9763620204171 -43.04256344500443 -43.01427192724932 -42.525843048628175 -42.2570936581187 -42.23050968579103 -42.20352769774125 -41.6215103404065 -42.226037908562176 -42.484429218855354 -42.397246218438674 -42.10132239626365 -42.040394283738244 -42.35642607070485 -42.81235252494132 -42.73064911706047 -42.36040561296912 -9999 -9999 -9999 -9999 -9999 -9999 -9999 -9999 -9999 -9999 -9999
-9999 -9999 -9999 -9999 -9999 -9999 -9999 -9999 -9999 -9999 -9999 -9999 -42.90918109633049 -43.00542027718927 -42.998785558891925 -42.97472334444172 -43.01298945602493 -43.00002737005868 -43.06668615344281 -43.03129296062561 -43.0283822315304 -43.03542957162882 -43.05505764690793 -43.04522886596249 -43.03230025194111 -43.05370465212004 -43.036270636941346 -42.92778212894425 -42.81577334113914 -42.70411818040602 -42.66668454622153 -42.48163371084779 -42.61975280861589 -42.776545385910076 -42.74961158246256 -42.66002352687419 -42.62438071731199 -42.78117307215681 -42.798868232249305 -42.44992053411757 -41.356781017220996 -9999 -9999 -9999 -9999 -9999 -9999 -9999 -9999 -9999 -9999 -9999
-9999 -9999 -9999 -9999 -9999 -9999 -9999 -9999 -9999 -9999 -9999 -43.081422933622406 -43.01816019466936 -42.95719043130361 -42.88838027505374 -42.99819750535893 -43.02813361554182 -43.04527514578564 -43.01545204453872 -42.95124827531732 -42.758109770570776 -42.922831447614435 -42.72414868073203 -42.66694595649776 -42.886592518646594 -43.00392887628329 -43.04981294696392 -42.921599623600116 -42.89419724978506 -42.91814914514463 -42.83679726108434 -42.495182842563146 -42.661094968808285 -42.80179630875732 -42.65255705231589 -42.62522895366387 -42.68562261097732 -42.79209236222786 -42.6056947239476 -41.634608724327386 -9999 -9999 -9999 -9999 -9999 -9999 -9999 -9999 -9999 -9999 -9999 -9999
-9999 -9999 -9999 -9999 -9999 -9999 -9999 -9999 -9999 -9999 -43.019407070750106 -43.11143240572529 -42.97390683638731 -42.970137174708206 -42.985805426938384 -43.1125540785089 -43.09577000756178 -43.106340684182435 -43.00997544572768 -42.82967622232962 -42.67547774124488 -42.79250029376979 -42.40222618994084 -42.16036049190424 -42.03937805525525 -42.434782898884244 -42.646231716256224 -42.56193167025899 -42.84952240655008 -42.82042118882724 -42.83569681067071 -42.78415835650323 -42.605353769049096 -42.52643789083199 -42.46363773771724 -42.608644738922365 -42.648706571108704 -42.71365008730225 -42.553579990635946 -9999 -9999 -9999 -9999 -9999 -9999 -9999 -9999 -9999 -9999 -9999 -9999 -9999
-9999 -9999 -9999 -9999 -9999 -9999 -9999 -9999 -9999 -9999 -9999 -9999 -43.00566293479787 -43.099672124135495 -43.11300342354583 -43.119878653937384 -43.120236619780684 -43.11482193167747 -43.11844978519196 -42.70652145407888 -42.36396210792363 -42.66959803981237 -42.48514992493486 -42.36067113657469 -41.964237735201685 -41.64425862733781 -42.0121157386771 -42.24518999790159 -42.5637654329178 -41.757552275805644 -42.89865413424752 -42.72272864518651 -42.74421349619296 -42.682564297727104 -42.52336280829585 -42.650138776125054 -42.63838971765336 -42.52148998716015 -42.26595535511125 -41.21343730987563 -9999 -9999 -9999 -9999 -9999 -9999 -9999 -9999 -9999 -9999 -9999 -9999
-9999 -9999 -9999 -9999 -9999 -9999 -9999 -9999 -9999 -9999 -9999 -43.028726030306224 -43.060030097306964 -43.09403712052717 -43.11665370553691 -43.041060590987556 -43.0488282469594 -43.08437451627879 -43.07819946437888 -42.97651622337587 -42.8660528580929 -42.27205243595254 -42.046713176371725 -42.06649720279237 -42.487170223884505 -42.705921777170616 -42.49340269929237 -42.38149933473638 -42.535883818131325 -42.89507580576903 -42.58265292820446 -42.884212243729316 -42.87098414385356 -42.849548106987314 -42.80973861971225 -42.73653502689566 -42.531453336060174 -41.858581723464745 -38.025322703154465 -9999 -9999 -9999 -9999 -9999 -9999 -9999 -9999 -9999 -9999 -9999 -9999 -9999
-9999 -9999 -9999 -9999 -9999 -42.387484135833716 -42.778239370248905 -42.941509537347216 -43.06148668721194 -43.04996458436892 -43.040817803313686 -43.00591097655513 -42.969513501063865 -43.030398451926956 -43.063321840172826 -43.03271015009061 -43.05996091636491 -43.004973410621005 -42.99573205511532 -42.36374743448937 -42.18835652970974 -42.19087696168314 -42.26797291212341 -41.73147052672493 -41.762815876510466 -41.960401647489455 -41.98306522251641 -42.33428995859219 -42.49346334752408 -42.6123849556593 -42.76906806520003 -42.95247994205421 -42.91563154775082 -42.79623291070297 -42.36098223032528 -41.60719375410879 -39.82386755154383 -37.10744579309221 -9999 -9999 -9999 -9999 -9999 -9999 -9999 -9999 -9999 -9999 -9999 -9999 -9999 -9999
-9999 -9999 -9999 -9999 -42.46487741332264 -42.47771257520176 -42.574360022718636 -42.76097905468144 -43.10883792903574 -43.060995266145895 -42.99694395806754 -42.949598637633954 -42.9491640455412 -42.993097124151745 -43.03654843694697 -42.971580742479105 -43.00494023718435 -42.996035291619826 -43.00358800530186 -42.745165512012186 -42.645337990833404 -42.54704508900519 -42.619708631388896 -42.216360035251796 -42.30647362804252 -42.43126090788322 -42.530532710083925 -42.70732769028509 -42.70700706836156 -42.71891455042726 -42.60168619612825 -42.39585175672727 -41.86173278720754 -39.45396243757633 -37.52143281047075 -9999 -9999 -9999 -9999 -9999 -9999 -9999 -9999 -9999 -9999 -9999 -9999 -9999 -9999 -9999 -9999 -9999
-9999 -9999 -9999 -42.23519971079278 -42.37269815089506 -42.51256445366528 -42.87310701452835 -43.098883210069964 -43.100742636000795 -43.03409454995286 -42.943766750880314 -42.907786162946785 -42.889026503199894 -42.949938604850686 -43.01350211018794 -42.98256853081988 -42.967895686972135 -42.956954349167745 -42.94352057051956 -42.72615479342021 -42.7634924790484 -42.854714947192825 -42.823435715314545 -42.56464111207987 -42.500488259311034 -42.513768864114496 -42.515075212210384 -42.62924429192788 -42.37732155190219 -42.050267671696695 -41.297884508957075 -9999 -9999 -9999 -9999 -9999 -9999 -9999 -9999 -9999 -9999 -9999 -9999 -9999 -9999 -9999 -9999 -9999 -9999 -9999 -9999 -9999
-9999 -9999 -9999 -42.86354808474264 -42.9138141106453 -42.97751793878313 -43.057843218812934 -42.827534410266665 -42.76156343027454 -42.52684781556417 -42.74579812101813 -42.42018199346217 -40.1145704820071 -42.315566500426996 -42.967806256528426 -42.95256571317933 -42.94582363427036 -42.95231335709733 -42.951898222840775 -42.780986179646696 -42.74991918318593 -42.8822180517895 -42.922722229481245 -42.85061275618476 -42.872678300525756 -42.883402113113924 -42.86655375449157 -42.54236976422597 -41.65541201953226 -9999 -9999 -9999 -9999 -9999 -9999 -9999 -9999 -9999 -9999 -9999 -9999 -9999 -9999 -9999 -9999 -9999 -9999 -9999 -9999 -9999 -9999 -9999
-9999 -9999 -9999 -42.81852661077336 -42.980319239591296 -42.98599599818815 -42.9461616328982 -42.986640314156205 -42.73425929207571 -42.626786298456494 -42.06231906463668 -42.09374681838022 -42.2400828292258 -42.49721183979218 -42.75554808129626 -42.83591470279192 -42.87657439102447 -42.87497416630881 -42.917175476013625 -42.84731576733621 -42.89227781407638 -42.853467536600014 -42.84474666893916 -42.88853827772089 -42.919474365143245 -42.76205412963008 -42.01750996227987 -39.38568872355255 -9999 -9999 -9999 -9999 -9999 -9999 -9999 -9999 -9999 -9999 -9999 -9999 -9999 -9999 -9999 -9999 -9999 -9999 -9999 -9999 -9999 -9999 -9999 -9999
-9999 -9999 -9999 -42.96193956064674 -42.987880338344546 -42.91983983857646 -42.965399379338905 -42.76708870020971 -42.31904698066269 -42.14245212959885 -42.151066841170646 -42.061027587197955 -42.160965359086106 -42.40421394295371 -42.5860433637776 -42.72986251881496 -42.955001098668816 -43.0145438267821 -43.018366422024336 -42.93872640943387 -42.91903068280554 -42.864356443435575 -42.827054103846734 -42.85054695523677 -42.73311057091895 -42.00840403112761 -38.33376628202271 -9999 -9999 -9999 -9999 -9999 -9999 -9999 -9999 -9999 -9999 -9999 -9999 -9999 -9999 -9999 -9999 -9999 -9999 -9999 -9999 -9999 -9999 -9999 -9999 -9999
-9999 -9999 -9999 -9999 -42.50316693170456 -42.00530950453163 -41.774417881077355 -42.25164854661704 -42.281653169656074 -42.462723170383896 -42.182840829034056 -42.11836798275999 -41.964108112188185 -42.096420753210616 -42.600385813439814 -42.87265278856138 -42.97141490812695 -42.982719799684276 -42.98406149203943 -42.83882833473962 -42.839043783441895 -42.856603802561025 -42.72623917346929 -42.57162842999143 -9999 -9999 -9999 -9999 -9999 -9999 -9999 -9999 -9999 -9999 -9999 -9999 -9999 -9999 -9999 -9999 -9999 -9999 -9999 -9999 -9999 -9999 -9999 -9999 -9999 -9999 -9999 -9999
-9999 -9999 -9999 -9999 -41.31120897371353 -41.57576196198546 -41.44305126128041 -41.37761621982107 -41.3590346790974 -41.72320372017405 -42.025725771562094 -42.042617002522725 -42.15125259261713 -42.19480105815068 -42.387563193454255 -42.72118369063202 -42.81404705000964 -42.82781496194096 -42.90742732846072 -42.786327977961456 -42.719788430057406 -42.63989202610096 -41.74586151066104 -40.431127335876226 -36.868618231328654 -9999 -9999 -9999 -9999 -9999 -9999 -9999 -9999 -9999 -9999 -9999 -9999 -9999 -9999 -9999 -9999 -9999 -9999 -9999 -9999 -9999 -9999 -9999 -9999 -9999 -9999 -9999
-9999 -9999 -9999 -9999 -42.06867636938856 -42.11852991910668 -42.28499207314918 -41.92400808064293 -41.175385178126135 -41.58530040781873 -41.82386489112931 -41.304056090682 -41.017552847259395 -41.36173261178353 -41.47107922019556 -42.25768707108547 -42.4751474888598 -42.41113939372581 -42.42855684215672 -42.705729909009015 -42.730863603172494 -39.9457213376285 -39.98441589026199 -39.670752524349254 -9999 -9999 -9999 -9999 -9999 -9999 -9999 -9999 -9999 -9999 -9999 -9999 -9999 -9999 -9999 -9999 -9999 -9999 -9999 -9999 -9999 -9999 -9999 -9999 -9999 -9999 -9999 -9999
