metrics/grid_rasters/GLDAS/grideval_GLDAS_Y_2015_absolute_ubrmsd.asc
ncols 52
nrows 55
xllcorner     11.25
yllcorner     55.25
cellsize      0.25
NODATA_value  -9999
[rows 0 to 29 of 55, columns 0 to 51 of 52]
-9999 -9999 -9999 -9999 -9999 -9999 -9999 -9999 -9999 -9999 -9999 -9999 -9999 -9999 -9999 -9999 -9999 -9999 -9999 -9999 -9999 -9999 -9999 -9999 -9999 -9999 -9999 -9999 -9999 -9999 -9999 -9999 -9999 -9999 -9999 -9999 8.313295857861437 8.389276283541966 7.9559602960977065 -9999 -9999 -9999 -9999 -9999 -9999 -9999 -9999 -9999 -9999 -9999 -9999 -9999
-9999 -9999 -9999 -9999 -9999 -9999 -9999 -9999 -9999 -9999 -9999 -9999 -9999 -9999 -9999 -9999 -9999 -9999 -9999 -9999 -9999 -9999 -9999 -9999 -9999 -9999 -9999 -9999 -9999 -9999 -9999 -9999 -9999 -9999 -9999 -9999 7.2102429928797935 7.728968991533418 6.7185758533070405 6.365653244792353 6.186646360181293 7.1000339032466915 -9999 -9999 -9999 -9999 -9999 -9999 -9999 -9999 -9999 -9999
-9999 -9999 -9999 -9999 -9999 -9999 -9999 -9999 -9999 -9999 -9999 -9999 -9999 -9999 -9999 -9999 -9999 -9999 -9999 -9999 -9999 -9999 -9999 -9999 -9999 -9999 -9999 8.518170973754376 8.479212722564606 8.883133286776786 8.663060597514246 8.056800079006543 7.680123805208791 7.606396750928097 -9999 8.021077114312604 8.272351114449151 7.406370047474803 7.340140732974006 6.651230818440027 6.9765754352259925 7.1931770362769045 7.29407333040218 7.138721503916568 7.179327784543098 7.056568933356861 -9999 -9999 -9999 -9999 -9999 -9999
-9999 -9999 -9999 -9999 -9999 -9999 -9999 -9999 -9999 -9999 -9999 -9999 -9999 -9999 -9999 -9999 -9999 -9999 -9999 -9999 -9999 -9999 -9999 -9999 -9999 -9999 -9999 8.340189522863406 6.697139538997266 7.528056498378183 6.324721798075237 7.337940090197833 7.746558148574736 7.855102576830793 7.835975223230418 7.984421325737706 8.057354828615445 7.884880939015059 7.060057546342247 6.9321051104066305 6.950761781617545 6.899678180206496 6.907098587911407 6.9968857918897225 6.922932322707371 7.038936605327412 6.9708898285889935 7.325090600387269 -9999 -9999 -9999 -9999
-9999 -9999 -9999 -9999 -9999 -9999 -9999 -9999 -9999 -9999 -9999 -9999 -9999 -9999 -9999 -9999 -9999 -9999 -9999 -9999 -9999 -9999 7.699922175546537 8.244093709520142 8.299317225911407 8.202409816145188 6.896392010589841 6.842968663662933 6.7079867948311405 6.716792209836547 6.595283100359497 6.767754202516093 6.714954728985005 7.33252206287637 7.201771493860828 7.052071787919498 6.65909779643518 6.666349013857452 7.025101534849781 6.707841155186832 6.754497524571248 6.5421547238036935 6.428097500526869 6.687872292729857 6.727719819001697 6.879991742908964 7.184436963492558 7.750491397880253 7.905085160581213 -9999 -9999 -9999
-9999 -9999 -9999 -9999 -9999 -9999 -9999 -9999 -9999 -9999 -9999 -9999 -9999 -9999 -9999 -9999 -9999 -9999 -9999 -9999 -9999 7.729168668721664 7.847755996683941 8.354572807968731 8.121093324573751 7.961181617439302 7.8318314181647875 7.597896639319495 7.435839152024852 7.834471985266234 8.230307250130258 7.019333903168298 7.684499123313287 6.694384708246753 7.205459114989058 6.622625322945595 6.469385962448697 6.4990277404303205 7.267750825322043 7.293001212755728 7.212066292044136 6.998035355067352 6.696372511777363 6.863149606517337 6.998289648199109 7.450877710496258 7.389179587642884 7.683306234418781 7.847534937040849 -9999 -9999 -9999
-9999 -9999 -9999 -9999 -9999 -9999 -9999 -9999 -9999 -9999 -9999 -9999 -9999 -9999 -9999 -9999 -9999 -9999 -9999 -9999 7.4199554724184456 7.844383797431303 7.773689058088567 7.7613506716724014 6.4018838680050525 6.3816576469482325 6.491794674092448 6.6971062925493445 8.174928532592666 8.29447238537797 7.769698604367387 6.962499587564343 6.950354522894715 7.003490734592504 7.079190209199289 6.556593438010642 6.532814194682548 6.5905661915868485 6.747551906886506 6.92200460450507 7.465546238623504 6.853703424301994 6.633528906355204 7.043219194824937 7.7291344276445875 7.8780255443201455 7.884856722418858 7.865775309891694 7.979694228382231 8.196617474987896 -9999 -9999
-9999 -9999 -9999 -9999 -9999 -9999 -9999 -9999 -9999 -9999 -9999 -9999 -9999 -9999 -9999 -9999 -9999 -9999 -9999 -9999 -9999 7.9085651088010165 7.879696593899339 6.431651485864313 7.387873250659728 7.3127175856232025 7.3783577615103635 6.731275982370526 7.500350157906543 7.467697256391479 7.3091916544262014 6.983763365165178 6.969824438050876 6.925358140174612 6.7751698884167135 6.509223152062153 6.941226124527844 7.49869964580984 7.71808852255597 7.986388577028787 8.02828304706752 7.526217166263187 7.038604982401455 6.943307971474928 7.720808168183826 8.055858705905516 7.8185758468277955 7.659413820757747 7.8029849930165485 -9999 -9999 -9999
-9999 -9999 -9999 -9999 -9999 -9999 -9999 -9999 -9999 -9999 -9999 -9999 -9999 -9999 -9999 -9999 -9999 -9999 -9999 7.913790942124001 8.114421507355553 8.230904678940806 7.673304897076763 7.375447891955406 7.426302942616128 8.634325729830508 8.668551279856871 7.9560201579600855 8.007567205744406 7.89336739669394 8.029847174650254 7.635576032555298 7.004916699268915 6.671939451016606 6.840507694984044 7.1854487493818935 6.8144410711467955 7.401219154354613 7.679088634591457 7.853991328176857 8.191522969494264 8.55760315629262 8.484870077654492 8.059350436978415 7.888298282930801 8.528646159663811 8.764458650427496 8.792207949319746 8.406964583922527 8.872701129137328 8.93101893864993 -9999
-9999 -9999 -9999 -9999 -9999 -9999 -9999 -9999 -9999 -9999 -9999 -9999 -9999 -9999 -9999 -9999 -9999 -9999 8.532701960430717 7.997959371422664 8.116487942967968 8.149903978854242 8.00715774464601 8.022765054750954 8.268918263697422 8.592827029166902 7.844191406197777 7.159086290467438 6.799237643849683 7.455275426929369 8.55405411644731 8.474441860450696 8.476221148764605 8.410010519783134 8.371655048152581 8.351451172109787 8.074659936160419 7.942329366073703 8.074696750941026 7.527583548703138 6.7182644954323205 7.21596672771292 8.444380645627303 8.803807396880174 8.860967782242778 8.837433065524706 8.825256082341733 8.867758428585795 8.813618547857395 8.74162802283967 8.816719150947089 -9999
-9999 -9999 -9999 -9999 -9999 -9999 -9999 -9999 -9999 -9999 -9999 -9999 -9999 -9999 -9999 -9999 -9999 8.121961158043016 8.533866535277282 7.6524718340791384 8.567440719591623 9.00964864152988 8.886825515259288 8.951727825916956 8.764003405841715 8.495341089357899 8.614182712341277 8.469935338299798 8.555339343415342 8.534486149417027 8.440144490608512 8.3461098978411 8.3992093640784 8.405375085119491 8.388673836883571 8.463262986721858 8.413628454700453 8.452133702176098 8.460433539341475 8.47439347352123 8.472139204410151 8.48698081251483 8.483883797711295 8.066576504352964 8.78864125333989 8.883244389510581 8.869784694466876 8.756358573105302 8.695546417208698 8.679884012553126 -9999 -9999
-9999 -9999 -9999 -9999 -9999 -9999 -9999 -9999 -9999 -9999 -9999 -9999 -9999 7.832191896398479 7.905047509910532 8.291265806096687 8.407985010063204 8.17872778266716 7.466406704991296 8.290040211279464 7.582283929405298 8.047838786075681 8.706395453457704 8.640714431806316 8.940738671742713 8.761556531529829 8.727090956400582 8.636125470658643 8.606176115373568 8.625151406743669 8.586561473829226 8.307098801580912 8.352683868255426 8.379412558668513 8.445136492077825 8.461724697269808 8.383251511116226 8.409858541725763 8.458853990537827 8.512349568655711 8.522196786372485 8.591239156320555 8.62860583956599 8.713620359168985 8.687556267748706 8.632308993624063 8.605879557219303 8.67007853542356 8.666531655889031 8.605494527100696 8.615914608605182 -9999
-9999 -9999 -9999 -9999 -9999 -9999 -9999 -9999 -9999 -9999 -9999 -9999 -9999 7.819179945098343 8.079297094021175 8.007646663046168 8.075681695982325 8.336271275320511 8.157836435975737 8.521995252214856 8.882512414992814 8.928115342961233 8.658065709428941 8.575499418887714 8.489013394364479 8.69489592870093 8.666712748817393 8.4710250468505 8.354964249012909 8.367294717511891 8.455602131915164 8.337233626362938 8.325978203074742 8.304923338931273 8.415169456252787 8.392133663394244 8.32804561636241 8.47664876062827 8.406292687035721 8.378446742654557 8.413846832135762 8.497454974070568 8.5174291784569 8.31411568918104 7.900237207612562 7.921988464497019 7.848244697819777 7.8207451147046685 7.796022592440986 7.85056091244087 7.805647538130626 6.956275051728483
-9999 -9999 -9999 -9999 -9999 -9999 -9999 -9999 -9999 -9999 -9999 -9999 -9999 7.9795590130883705 8.103397353907994 8.39113224169096 8.504594187251724 8.450205458785064 8.5697884321657 8.493159724627851 8.523348583249463 8.628672039221309 8.91425451058018 8.633717075955031 8.599693877451777 8.563978806969851 8.585718221090323 8.389615118454921 8.318841306627286 8.338396252799079 8.321338990203671 8.339755340012942 8.361922545326834 8.398809665559622 8.369709920551474 8.36258604855559 8.392761367161068 8.51023493393483 8.527891035168624 8.463563269021392 8.496398368746734 8.490382331645224 8.42503066935285 8.020351985745537 -9999 -9999 -9999 -9999 -9999 -9999 -9999 -9999
-9999 -9999 -9999 -9999 -9999 -9999 -9999 -9999 -9999 -9999 -9999 -9999 -9999 8.098090619816444 8.202297930014456 8.295049555429014 8.419388358820227 8.38815395781818 8.479035295602648 9.15756892219514 9.202605577441306 9.139242714616193 8.920695707470008 8.460605075851392 8.480881785109347 8.612323906297593 8.675796456839498 8.408871181079894 8.367584817558718 8.416877677621926 8.390723961639555 8.284053955947197 8.357967913880952 8.387944791141917 8.379365081548983 8.440237379722173 8.376986042185495 8.390315348204298 8.508326521113341 8.530924362638832 8.489131360218689 -9999 -9999 -9999 -9999 -9999 -9999 -9999 -9999 -9999 -9999 -9999
-9999 -9999 -9999 -9999 -9999 -9999 -9999 -9999 -9999 -9999 -9999 -9999 7.896249572172862 8.062260061889942 8.266940333669492 8.445301659942068 8.222535232187107 8.39831314700218 8.908085026737789 9.159998728084512 8.969825003498443 9.000352827184956 8.872378375031369 8.603673972661579 8.572055211755169 8.583326611099599 8.613432782559428 8.491032944850819 8.505432248542924 8.456144083535818 8.502989789188282 8.375006132257901 8.417758665885488 8.438405108150508 8.411462255940947 8.484922422366632 8.45702479016198 8.521606892895777 8.591494328662572 8.501418730086726 7.927946411270923 -9999 -9999 -9999 -9999 -9999 -9999 -9999 -9999 -9999 -9999 -9999
-9999 -9999 -9999 -9999 -9999 -9999 -9999 -9999 -9999 -9999 -9999 8.250308971391831 8.098264066356741 8.070394104217284 8.157661247567003 8.194530542023612 8.335837425447856 8.505392035392715 8.839268694588007 8.730125221927237 8.673795150160332 8.609046972434077 8.504798621746819 8.476440406569145 8.6057048545796 8.790870176073525 8.917639172495399 8.903503346576072 8.877625592216805 8.857344083314029 8.740817595112565 8.589718593867326 8.673480868198125 8.721949565110133 8.790227992298059 8.617305721168906 8.611124654275482 8.667376656388823 8.660757116778607 7.8295580833966625 -9999 -9999 -9999 -9999 -9999 -9999 -9999 -9999 -9999 -9999 -9999 -9999
-9999 -9999 -9999 -9999 -9999 -9999 -9999 -9999 -9999 -9999 8.207192633342709 8.420360781353239 8.084387198590306 8.07593897588126 8.324001680661262 8.583870636956698 8.805011454754348 8.678832214300817 8.658015119359527 8.560479566447249 8.583209782943483 8.632704302069481 8.578744810695868 8.563530000611888 8.562305593191919 8.661820093499424 8.682559459175241 8.812302451361731 8.904493256521024 8.90464661518891 8.926409784098702 8.87224779707562 8.80892686231118 8.759220446181496 8.756178586989472 8.605432984782988 8.652929740838346 8.694221222379173 8.693525248481565 -9999 -9999 -9999 -9999 -9999 -9999 -9999 -9999 -9999 -9999 -9999 -9999 -9999
-9999 -9999 -9999 -9999 -9999 -9999 -9999 -9999 -9999 -9999 -9999 -9999 8.382499346293447 8.501225008971968 8.430772898886081 8.48815855377641 8.50479818361575 8.375193424565088 8.354818699568508 8.488454399086459 8.453831147237523 8.576780733436557 8.612012420859175 8.685702821923817 8.643827725688018 8.667366621324723 8.689081870667103 8.66234654346045 8.77012162244919 8.72094175526358 8.905494493904932 8.892382964658514 8.909093722311308 8.858099890276833 8.774412223038302 8.594529824479283 8.55795061102681 8.667218032662854 8.53824342882252 7.460794021079688 -9999 -9999 -9999 -9999 -9999 -9999 -9999 -9999 -9999 -9999 -9999 -9999
-9999 -9999 -9999 -9999 -9999 -9999 -9999 -9999 -9999 -9999 -9999 8.350987786761083 8.079573007658658 7.97710486527335 8.226463912899588 8.319548448211723 8.483842927374754 8.396160745398983 8.488847993213327 8.800375256084761 8.750616988735572 8.58787627727105 8.567889666297502 8.698710252871459 8.862898187824138 8.845237764271136 8.819244749846993 8.853291856484363 8.880295406767981 8.867541557995768 8.894170636904708 8.86326426481512 8.830433248255739 8.815956815535204 8.787442990796348 8.618228694164634 8.650239286867327 8.434243116911075 6.3451304171798615 -9999 -9999 -9999 -9999 -9999 -9999 -9999 -9999 -9999 -9999 -9999 -9999 -9999
-9999 -9999 -9999 -9999 -9999 7.6978539495956015 7.878809549996344 7.93943723100429 7.762145959542336 7.757065486573559 7.9657377787688075 8.458459626378781 8.49143342510209 8.173451053280022 8.027178506652456 8.261143468046951 8.451898621654806 8.580986388928622 8.644435194874665 8.972444345091832 8.980090296044313 8.98103701826481 8.944156103556374 8.995453979462868 8.88413279161473 8.869054752126239 8.919526760210411 8.964868044471821 8.982264219207718 9.001345941729094 8.988213775290891 8.78901036708458 8.72815367025039 8.714252301506933 8.675041611668615 8.375768082198702 7.0641386656296286 6.158842531740952 -9999 -9999 -9999 -9999 -9999 -9999 -9999 -9999 -9999 -9999 -9999 -9999 -9999 -9999
-9999 -9999 -9999 -9999 7.860440555614091 7.955336780051324 7.866596740941119 8.144550957426437 8.186421222023585 8.187837724270818 8.129737823332576 8.068179836772448 8.07016748147676 8.143879746552804 8.04383228566598 8.191619133480351 8.31976518878052 8.457779438009256 8.513687950954486 8.819829510307846 8.906368761099456 8.970139441049369 9.039076206455023 9.108578107026249 9.062559191477623 9.055287706079351 8.987086150090066 8.934104941115855 8.882028002415 8.858812208775234 8.809544580434318 8.658100004393226 8.529354150824178 7.462544580330363 6.630712815623112 -9999 -9999 -9999 -9999 -9999 -9999 -9999 -9999 -9999 -9999 -9999 -9999 -9999 -9999 -9999 -9999 -9999
-9999 -9999 -9999 7.831308891147829 7.9024511216338125 7.949249688601445 7.972799410604027 7.9400765313220525 8.193226990269375 8.249109194982651 8.18111198562762 8.250139631518731 8.285882453044609 8.217837765440741 8.117446587603316 8.277041798786064 8.328962706824589 8.345565176107787 8.371968823346286 8.636688626312424 8.71483615122283 8.922276436684525 9.073938662421504 9.137531720955943 9.029451563180713 8.991328564296015 8.956923126711267 8.879587060869781 8.905811329420029 8.823277797729334 8.47244004816051 -9999 -9999 -9999 -9999 -9999 -9999 -9999 -9999 -9999 -9999 -9999 -9999 -9999 -9999 -9999 -9999 -9999 -9999 -9999 -9999 -9999
-9999 -9999 -9999 7.877948507817179 7.899552336166678 7.958605488516818 8.08280608063653 8.164502298578412 8.157532289512359 8.106871325406196 8.017561630761596 8.185427182950354 7.572472232311151 8.015075918403406 8.179985313890995 8.370438284877443 8.375734759059807 8.385982488768319 8.449999603511232 8.776984720945826 8.82731822925906 8.771860252462446 8.870697379416539 9.011448477894108 9.04363827351094 9.052225514970269 8.912608730224472 8.759239784765908 8.613519231540499 -9999 -9999 -9999 -9999 -9999 -9999 -9999 -9999 -9999 -9999 -9999 -9999 -9999 -9999 -9999 -9999 -9999 -9999 -9999 -9999 -9999 -9999 -9999
-9999 -9999 -9999 7.961060647473563 8.043973550155785 8.164841786556831 8.243184719973732 8.32576611732965 8.299203011980719 8.192573540321712 8.216773435528202 8.192408030903398 8.361998890552613 8.405246856914108 8.36087711889358 8.396137524690998 8.46657923776929 8.512235059716428 8.532737872550376 8.640526924812185 8.63309592267365 8.656276455379809 8.595365363754734 8.501970599603872 8.558916349146019 8.661133773711281 8.597613518571062 7.030102962579222 -9999 -9999 -9999 -9999 -9999 -9999 -9999 -9999 -9999 -9999 -9999 -9999 -9999 -9999 -9999 -9999 -9999 -9999 -9999 -9999 -9999 -9999 -9999 -9999
-9999 -9999 -9999 8.306291985576188 8.317871054132581 8.26998746135061 8.366958463360701 8.478457903296192 8.451183988678316 8.28081204743094 8.278620277977984 8.277201963237292 8.371946630612783 8.379743089335102 8.331651716838008 8.415651585366028 8.472756546825394 8.478503053391442 8.493336916168365 8.61963930997966 8.673982428452476 8.6500851425914 8.614536800064155 8.620855267919238 8.555636936926515 8.531547560659954 6.917231458057716 -9999 -9999 -9999 -9999 -9999 -9999 -9999 -9999 -9999 -9999 -9999 -9999 -9999 -9999 -9999 -9999 -9999 -9999 -9999 -9999 -9999 -9999 -9999 -9999 -9999
-9999 -9999 -9999 -9999 7.953699322520968 7.979307650687748 7.9064481011083645 8.441222775001973 8.384385838172559 8.515881204770944 8.446857122177558 8.231171998932416 8.30251319152241 8.343656609141485 8.370873450165403 8.463887363970283 8.430432217780245 8.401014806045877 8.380730518430438 8.634396751694544 8.668219191096117 8.65436855795199 8.580432045895755 8.541934734685746 -9999 -9999 -9999 -9999 -9999 -9999 -9999 -9999 -9999 -9999 -9999 -9999 -9999 -9999 -9999 -9999 -9999 -9999 -9999 -9999 -9999 -9999 -9999 -9999 -9999 -9999 -9999 -9999
-9999 -9999 -9999 -9999 7.525284555678781 7.8700911513432645 7.6748166297737335 7.60629932997471 7.743723487207818 8.018267901602051 8.271866457110244 8.400632666778138 8.373433000233153 8.327604175622604 8.339650897074236 8.449217054116755 8.45080831670187 8.432793384207248 8.454435859576314 8.625875757537978 8.583308065517171 8.535959320207184 8.097652013696562 7.472753014728958 5.668335029224727 -9999 -9999 -9999 -9999 -9999 -9999 -9999 -9999 -9999 -9999 -9999 -9999 -9999 -9999 -9999 -9999 -9999 -9999 -9999 -9999 -9999 -9999 -9999 -9999 -9999 -9999 -9999
-9999 -9999 -9999 -9999 8.398193157017678 8.372912076554279 8.311104034700245 8.262423822050769 7.6765008371635925 8.117751483326078 8.288726241439193 8.281816020326719 8.261433926258052 8.32011890249963 8.288519611771394 8.45440750718445 8.520013056145778 8.610733299237278 8.642869557994125 8.785746078636556 8.798515611233869 8.14677812936823 7.610217072411808 7.257544118385322 -9999 -9999 -9999 -9999 -9999 -9999 -9999 -9999 -9999 -9999 -9999 -9999 -9999 -9999 -9999 -9999 -9999 -9999 -9999 -9999 -9999 -9999 -9999 -9999 -9999 -9999 -9999 -9999
-9999 -9999 -9999 -9999 7.0985604416817125 7.150396976307925 8.18213765973125 8.408442238999084 8.382466593523617 8.254720859683491 7.271357048021493 8.242405078383241 8.222638414853769 8.196450555441649 8.151446769535633 8.172960951407994 8.165054318943513 8.140023284669615 8.205234254560175 8.360200192616098 8.398324183212955 8.408635350441934 7.8309782824546055 -9999 -9999 -9999 -9999 -9999 -9999 -9999 -9999 -9999 -9999 -9999 -9999 -9999 -9999 -9999 -9999 -9999 -9999 -9999 -9999 -9999 -9999 -9999 -9999 -9999 -9999 -9999 -9999 -9999
