metrics/grid_rasters/GLDAS/grideval_GLDAS_X_fall_2015_absolute_bias.asc
ncols 52
nrows 55
xllcorner     11.25
yllcorner     55.25
cellsize      0.25
NODATA_value  -9999
[rows 0 to 27 of 55, columns 0 to 51 of 52]
-9999 -9999 -9999 -9999 -9999 -9999 -9999 -9999 -9999 -9999 -9999 -9999 -9999 -9999 -9999 -9999 -9999 -9999 -9999 -9999 -9999 -9999 -9999 -9999 -9999 -9999 -9999 -9999 -9999 -9999 -9999 -9999 -9999 -9999 -9999 -9999 -34.95740813434451 -33.82044480781961 -35.43509309100253 -9999 -9999 -9999 -9999 -9999 -9999 -9999 -9999 -9999 -9999 -9999 -9999 -9999
-9999 -9999 -9999 -9999 -9999 -9999 -9999 -9999 -9999 -9999 -9999 -9999 -9999 -9999 -9999 -9999 -9999 -9999 -9999 -9999 -9999 -9999 -9999 -9999 -9999 -9999 -9999 -9999 -9999 -9999 -9999 -9999 -9999 -9999 -9999 -9999 -31.22249599652631 -33.073053855981144 -30.40161791071296 -29.609914242525353 -29.05724703929909 -31.763425515227752 -9999 -9999 -9999 -9999 -9999 -9999 -9999 -9999 -9999 -9999
-9999 -9999 -9999 -9999 -9999 -9999 -9999 -9999 -9999 -9999 -9999 -9999 -9999 -9999 -9999 -9999 -9999 -9999 -9999 -9999 -9999 -9999 -9999 -9999 -9999 -9999 -9999 -34.826642210134764 -33.54825779590961 -34.1126632509487 -35.3977727110774 -35.43257163039276 -33.594100670663856 -33.60295638998786 -9999 -35.23828557256486 -34.93973563402727 -31.76697378441855 -32.488770364916746 -30.904405523767014 -31.273195452169404 -31.38997278812823 -31.46309026424865 -31.417273131107073 -31.489213386980392 -31.506163176988345 -9999 -9999 -9999 -9999 -9999 -9999
-9999 -9999 -9999 -9999 -9999 -9999 -9999 -9999 -9999 -9999 -9999 -9999 -9999 -9999 -9999 -9999 -9999 -9999 -9999 -9999 -9999 -9999 -9999 -9999 -9999 -9999 -9999 -33.122185249209075 -29.292656261146398 -31.326270459813404 -26.95909478257482 -30.98425374708169 -32.029077363579155 -34.31925289693115 -33.992080935348675 -33.96838256442449 -34.51120399624355 -33.44596452785881 -32.30580488011077 -31.329112150061587 -31.011473069704326 -30.690732540132903 -30.880595241703997 -31.08650269197648 -30.91307168955413 -31.23722144676843 -30.99340332262627 -30.841081237256688 -9999 -9999 -9999 -9999
-9999 -9999 -9999 -9999 -9999 -9999 -9999 -9999 -9999 -9999 -9999 -9999 -9999 -9999 -9999 -9999 -9999 -9999 -9999 -9999 -9999 -9999 -35.25699549761938 -33.670423933560706 -33.891008401187236 -34.608159327981895 -29.369976249247127 -28.60118334302372 -28.874204048416125 -28.939242078011837 -28.945760098337146 -30.45784380950116 -31.11870474384709 -33.198985827206585 -32.17808169065105 -31.41007662251346 -30.535376061040626 -29.52747663835084 -29.331379298427766 -28.80031032225752 -28.958334722443595 -29.015739611196484 -29.241014910677627 -29.79105118439011 -30.25802716344677 -30.781997087831193 -31.012961497284717 -31.858772282314657 -31.62059780865253 -9999 -9999 -9999
-9999 -9999 -9999 -9999 -9999 -9999 -9999 -9999 -9999 -9999 -9999 -9999 -9999 -9999 -9999 -9999 -9999 -9999 -9999 -9999 -9999 -34.90954674141748 -34.89633256561317 -33.815983428937066 -35.06763166406161 -35.201252812130775 -33.922892154818705 -34.695924315970025 -30.91994468769529 -34.37960771729167 -35.244987663168175 -31.477667344590788 -33.493961744706375 -30.666874515916128 -31.530148700780266 -30.62699130343293 -30.1721489907007 -29.073129630698773 -28.556182109515422 -28.169498911843853 -28.282599489869817 -28.58295145866225 -28.741458737813343 -29.580226139073357 -30.52124970463606 -31.2202749384342 -31.45792830835741 -32.06066153184152 -31.903596855925173 -9999 -9999 -9999
-9999 -9999 -9999 -9999 -9999 -9999 -9999 -9999 -9999 -9999 -9999 -9999 -9999 -9999 -9999 -9999 -9999 -9999 -9999 -9999 -35.52517061786992 -34.171635409919446 -35.41686166994847 -33.59301048979818 -28.07795075278033 -27.27032672495141 -27.793911915149664 -29.30693398940039 -35.078919954557016 -35.14288532713449 -34.011035639301426 -31.874525846237997 -31.3542229399126 -31.31187786000197 -31.625482264189767 -30.44105721891417 -30.399672169217858 -30.1047619665758 -29.237294799863147 -27.959316014015414 -27.681880869790092 -28.20776323994601 -29.069067345973068 -29.978499278098674 -30.575803192925978 -31.01234211965085 -31.40837933434235 -31.851415722334124 -31.72244578718648 -31.790581484847177 -9999 -9999
-9999 -9999 -9999 -9999 -9999 -9999 -9999 -9999 -9999 -9999 -9999 -9999 -9999 -9999 -9999 -9999 -9999 -9999 -9999 -9999 -9999 -32.803923754942616 -31.955237549698943 -28.681004128244876 -30.808941944533 -30.63581993950756 -30.79635203126204 -29.96818354819993 -32.49252882771767 -32.2496582788753 -32.03072963986587 -31.38053822672957 -31.295163910324263 -30.97496228014211 -30.919632927074538 -29.816748826303982 -29.758991423400712 -29.062423122207537 -28.05859790371915 -27.554981093362464 -27.45096387272025 -28.44017545647592 -29.515988505435185 -30.337841629245123 -31.0284215000018 -30.54034944386273 -30.858026937550893 -31.697500255245426 -31.70782745541534 -9999 -9999 -9999
-9999 -9999 -9999 -9999 -9999 -9999 -9999 -9999 -9999 -9999 -9999 -9999 -9999 -9999 -9999 -9999 -9999 -9999 -9999 -35.168646421529104 -34.94789541127918 -34.82430214193332 -34.99980261520697 -32.17618403280829 -30.754997199176106 -33.367185059423136 -33.42289813034809 -31.181456059933854 -30.610924395169693 -30.172994127517548 -29.85377538930829 -29.48439934450601 -29.652399831830145 -29.620876707934908 -29.560609556140967 -28.802132081342762 -28.868036779278256 -28.784630319635788 -27.50297932723885 -27.603784168057228 -27.962517713452435 -28.683487629088066 -29.13177701857473 -29.89224335272889 -30.304241814988327 -30.379165949095245 -30.444386908538885 -30.648727858459555 -30.803047025453424 -30.606248623210487 -30.542641273607593 -9999
-9999 -9999 -9999 -9999 -9999 -9999 -9999 -9999 -9999 -9999 -9999 -9999 -9999 -9999 -9999 -9999 -9999 -9999 -33.80751766080221 -35.0113210964252 -34.98319976093186 -35.033364071541435 -35.160935464223016 -34.33112695608493 -33.582240901478045 -33.53496681460803 -33.59723502305428 -31.766728284717587 -31.32144690073699 -28.38815406840909 -27.087873507905137 -26.829562816809826 -27.192026836613373 -27.594504062905088 -28.751928276515432 -28.11978155306981 -27.728483054275202 -27.74354275915731 -27.861614012108234 -27.992961554839226 -28.18530522223439 -28.469304702950872 -28.912310049265297 -29.81414214302632 -30.097746540372682 -30.28142074378883 -30.323677470580073 -30.385678584554373 -30.526080687254012 -29.762507211068996 -29.659115209868485 -9999
-9999 -9999 -9999 -9999 -9999 -9999 -9999 -9999 -9999 -9999 -9999 -9999 -9999 -9999 -9999 -9999 -9999 -32.9277434863232 -32.88324021785469 -32.01082255052669 -33.40614762926822 -33.33265202265274 -33.12523707679913 -33.16677316239329 -31.61269630489687 -30.493320882811645 -29.691339348494026 -28.445733802086053 -27.147624945349907 -27.421149744846662 -27.043274849121055 -26.782913350019154 -26.76196505309461 -26.80773562147886 -27.089746386201664 -27.542946343586504 -28.015429577513874 -28.900040908133263 -29.06312906602909 -28.748826461158448 -29.019020055369523 -28.98918051213272 -28.956685050441838 -29.72608486307109 -29.586706038257407 -29.718610678379846 -29.71212140028621 -28.968548436188602 -28.899051433326783 -28.490603364226256 -9999 -9999
-9999 -9999 -9999 -9999 -9999 -9999 -9999 -9999 -9999 -9999 -9999 -9999 -9999 -34.4594971179389 -33.22960981464648 -33.52446994738101 -33.723530623857144 -33.750002965044516 -31.386151523626108 -33.61211607236783 -30.920842636745054 -33.367577541680944 -32.966005557984275 -29.359041098218693 -30.162627594484075 -29.166649561498193 -28.968387442937754 -27.91194832865353 -27.670584049915057 -27.594042397319125 -27.541588244386592 -27.13521526567638 -26.94451760523185 -26.89270049251698 -27.05751970770595 -27.096506860680304 -27.36662621411321 -28.20376174387287 -28.49495806313724 -29.273639484789676 -29.30668138829316 -29.294587802940182 -29.39605249259825 -29.546957685827064 -29.375270090567373 -28.726024656198344 -28.40080817790886 -28.430509685221445 -28.480137779060136 -28.47001873218751 -28.533154536427546 -9999
-9999 -9999 -9999 -9999 -9999 -9999 -9999 -9999 -9999 -9999 -9999 -9999 -9999 -33.81015183260808 -32.958267700950515 -33.3698298884658 -33.93270286846046 -33.96742390517841 -33.89467453004813 -32.953338028351354 -32.87189848317795 -32.412039059122186 -29.806185916823512 -29.29206322301384 -29.30528781143437 -29.5131870737852 -29.509246339796338 -28.13332409974556 -27.85373247292016 -27.777206324532138 -27.82169605895959 -26.73047955829527 -26.81311130020153 -26.776732756950693 -26.84873600539516 -26.90912223959362 -26.968323583929585 -27.572104409603128 -28.133474296388716 -29.73997420035712 -29.884021399911127 -29.851089504291558 -29.51830979805071 -27.968529871982213 -27.24046967606377 -26.844839357822156 -26.8141397331524 -27.0378466655838 -27.04924198309635 -27.091689310005894 -27.22025298814361 -29.713373000436764
-9999 -9999 -9999 -9999 -9999 -9999 -9999 -9999 -9999 -9999 -9999 -9999 -9999 -34.22926880366036 -33.986544937877866 -33.67896517632263 -33.307060464356944 -33.59954934540604 -33.807315647090356 -29.831812995516664 -29.82794177530149 -29.489091391931034 -29.5133689239744 -28.97695816993959 -29.179402412416838 -29.601057980127717 -30.224017159358322 -28.576366307787023 -28.32304208473927 -28.361234821727148 -28.00634791923093 -27.149514961946803 -27.388538391053018 -27.213109903098957 -27.153077060377203 -27.250469012922807 -27.35149520768651 -27.61548109637103 -27.92550531037889 -29.43267620635311 -29.851308361575988 -29.65024299688309 -28.82147634950477 -27.331825511796133 -9999 -9999 -9999 -9999 -9999 -9999 -9999 -9999
-9999 -9999 -9999 -9999 -9999 -9999 -9999 -9999 -9999 -9999 -9999 -9999 -9999 -34.40289123534419 -34.318279616718925 -33.52298203073851 -33.921606040897444 -33.37899592805367 -31.072216943131533 -29.907114372967364 -29.839580973487468 -29.906035735466318 -29.91673876619437 -29.234126179612108 -29.264510488546968 -29.731900876531235 -30.42904539846375 -28.777317306559 -28.738076471304012 -28.84370321631022 -28.586405288182444 -27.506165632282148 -27.714879295430503 -27.642723610645138 -27.587763818287915 -27.564725597460686 -27.510128333980397 -27.851724124523802 -28.47596641930823 -29.596183485566424 -29.08068403837036 -9999 -9999 -9999 -9999 -9999 -9999 -9999 -9999 -9999 -9999 -9999
-9999 -9999 -9999 -9999 -9999 -9999 -9999 -9999 -9999 -9999 -9999 -9999 -34.20746922824573 -33.87248203807234 -34.52347842833171 -33.90687724933601 -32.365689201116716 -31.106058756032816 -31.434562210750943 -30.408642246091105 -29.778585154133342 -29.672680216892573 -29.637054262109675 -29.163471454242764 -29.515693968121003 -29.797989033142127 -30.044498221928283 -29.00810009349588 -29.13259459270553 -29.04375542409636 -28.944158396468712 -27.97023059323348 -28.03295446872957 -28.058933227496983 -27.87137682473921 -27.684822969138626 -27.523367287058917 -27.912994046214518 -28.419367829931307 -28.90473058868896 -26.752317560488702 -9999 -9999 -9999 -9999 -9999 -9999 -9999 -9999 -9999 -9999 -9999
-9999 -9999 -9999 -9999 -9999 -9999 -9999 -9999 -9999 -9999 -9999 -31.67158988928729 -31.29302815229192 -32.1631840644302 -32.81144923555081 -31.639357144504288 -31.046420871003807 -31.41861797199881 -31.39241806472969 -30.21464804875163 -29.789390174753887 -29.57776012148831 -28.973431074787136 -28.70036604490827 -29.224956231273627 -29.82130025881905 -29.817206865606398 -28.590447855622074 -28.61744639715487 -28.60071177938236 -28.480247680056877 -28.299534975991143 -28.39146054157435 -28.290283910234226 -28.223338963177337 -28.549756052566103 -28.721367459867025 -28.54109771445312 -27.86166807749196 -26.818910682123605 -9999 -9999 -9999 -9999 -9999 -9999 -9999 -9999 -9999 -9999 -9999 -9999
-9999 -9999 -9999 -9999 -9999 -9999 -9999 -9999 -9999 -9999 -29.840843927770198 -30.968297718768266 -31.847931069291228 -31.896057121680823 -31.931378524361573 -31.290546811953355 -31.15714668787525 -31.17309260505487 -31.41573615791788 -30.19824418765339 -29.831381158411993 -29.776759348912066 -29.511307387111284 -29.281782018982767 -29.299775380068105 -29.786637324880772 -29.923991568550306 -28.591370875896004 -28.560279644493548 -28.619213178835732 -28.760868273818726 -28.668484397253 -28.6240096351971 -28.501257949723648 -28.385428095666267 -28.84779870589929 -28.87029147665989 -27.94272934334291 -27.98131343034597 -9999 -9999 -9999 -9999 -9999 -9999 -9999 -9999 -9999 -9999 -9999 -9999 -9999
-9999 -9999 -9999 -9999 -9999 -9999 -9999 -9999 -9999 -9999 -9999 -9999 -31.20527800934 -30.515341502788306 -29.711778022451224 -29.90397321436923 -29.396350190964537 -29.47402603009327 -30.021199738831964 -30.20289713154537 -30.13062993911924 -30.430407720198346 -30.056811146601873 -29.631965401510783 -29.576408365086376 -29.71530671182324 -29.856221549069648 -28.898516785537637 -28.7763360836799 -28.580472345003386 -28.74432483073938 -28.5635239774832 -28.5802526488327 -28.53775835235777 -28.421272894265233 -28.55905195073849 -27.91924210731964 -27.61952089583808 -27.3767968183281 -27.20229941837817 -9999 -9999 -9999 -9999 -9999 -9999 -9999 -9999 -9999 -9999 -9999 -9999
-9999 -9999 -9999 -9999 -9999 -9999 -9999 -9999 -9999 -9999 -9999 -29.02139953472703 -28.964784342549983 -30.27526441153016 -29.89612313906489 -28.645582944809732 -29.106832977179646 -29.635079675609926 -30.584909249301795 -30.418568798637647 -30.46689714206853 -30.5061150178477 -30.39479538004149 -29.649325892145 -29.847842126613955 -29.938118250794954 -29.952728736265517 -28.638741537519213 -28.870488283521198 -28.94325721652789 -28.918369182211517 -28.559333925636917 -28.32932536044045 -27.795022468236127 -27.48271628704618 -27.468953298015908 -27.666095527543963 -26.770716764994866 -25.721880064008165 -9999 -9999 -9999 -9999 -9999 -9999 -9999 -9999 -9999 -9999 -9999 -9999 -9999
-9999 -9999 -9999 -9999 -9999 -30.32763276437481 -30.101734556421476 -29.269070492259086 -30.263113274638144 -29.94729432848456 -29.900646969553215 -29.412205680508862 -29.237240309837265 -29.1707566629604 -29.675982969761876 -29.26480543683027 -29.77770245873502 -30.320573467945493 -30.59481618408073 -29.81755504628213 -29.818794954261122 -29.884831164728155 -29.908799924488576 -29.347894866981516 -29.374737711418625 -29.381120236447224 -29.44789181907589 -29.04544918890019 -28.69153889135591 -28.45470111575592 -28.52430680725764 -28.57923987077979 -27.86271367608928 -27.56998175896377 -27.21864771857285 -26.104024978620664 -25.881229316344964 -25.612824921301762 -9999 -9999 -9999 -9999 -9999 -9999 -9999 -9999 -9999 -9999 -9999 -9999 -9999 -9999
-9999 -9999 -9999 -9999 -30.289314910892273 -29.432296323088497 -29.32509659554113 -29.432473961222957 -29.130744914043245 -29.071529152240235 -28.978143629669162 -28.771237505067674 -28.52327267905431 -28.75726083283323 -28.9806722469505 -29.188542977712316 -29.476161415494246 -30.14465713640164 -30.489305948142658 -29.576007371768355 -29.597944600364336 -29.673279036675677 -29.581418280745602 -29.33613591008707 -29.346899853589438 -29.020363515570434 -28.599671044110604 -27.943071434028692 -27.608362923447906 -27.35670071568053 -27.19914193789137 -27.50485475428893 -26.06946661370387 -25.417923997882962 -25.1495203330376 -9999 -9999 -9999 -9999 -9999 -9999 -9999 -9999 -9999 -9999 -9999 -9999 -9999 -9999 -9999 -9999 -9999
-9999 -9999 -9999 -29.625903120284878 -29.67317170915859 -29.634987750469328 -29.626569355090894 -29.50603054490473 -29.280482074982682 -29.245500024571854 -29.30624029689192 -28.743243281207572 -28.653523351874327 -28.665735469046197 -29.01590926707773 -28.57080515854798 -28.864454871944183 -29.28939107175057 -29.94973465180086 -29.290708079238186 -29.317502255357066 -29.529588029873405 -29.369019001108278 -29.044789082462806 -29.257533338432623 -29.109636575945625 -28.551818369938946 -27.02093346830416 -26.7677865894409 -26.491516202463064 -25.25792705554229 -9999 -9999 -9999 -9999 -9999 -9999 -9999 -9999 -9999 -9999 -9999 -9999 -9999 -9999 -9999 -9999 -9999 -9999 -9999 -9999 -9999
-9999 -9999 -9999 -31.31552925926971 -33.931580919363014 -34.19739462795493 -34.55320078482504 -30.41733302683621 -29.678611626828108 -29.31742948404216 -29.310101102996654 -28.517063525617946 -28.126681391804752 -28.77432594761498 -29.039080867564287 -28.57470984521557 -28.862257317752466 -29.36449112039018 -29.79053027725236 -28.759991888570923 -29.135466604033013 -28.871869769090644 -28.384807008758678 -27.18688881759542 -27.38447697958039 -27.16571282595396 -27.151908207787102 -26.974011938752874 -26.509945378587627 -9999 -9999 -9999 -9999 -9999 -9999 -9999 -9999 -9999 -9999 -9999 -9999 -9999 -9999 -9999 -9999 -9999 -9999 -9999 -9999 -9999 -9999 -9999
-9999 -9999 -9999 -31.420351697152462 -34.342828028436216 -34.20662624896555 -34.09507488668129 -32.816182973006605 -30.82535780082037 -30.54756147465617 -29.507156356289002 -28.19146933126171 -27.804308681943255 -28.11296066085061 -28.43035951234237 -28.78310630077517 -29.58161457822464 -30.243867049976203 -30.143588780579005 -27.851224088611513 -27.588997107367593 -27.886344569295158 -27.243433183345655 -27.48538083126666 -27.68904268674061 -27.268836789590484 -26.823256252435865 -25.385122909138985 -9999 -9999 -9999 -9999 -9999 -9999 -9999 -9999 -9999 -9999 -9999 -9999 -9999 -9999 -9999 -9999 -9999 -9999 -9999 -9999 -9999 -9999 -9999 -9999
-9999 -9999 -9999 -33.42478830948636 -32.612839895781576 -31.54275159075201 -32.62084702259073 -31.49664774230057 -30.89621596038341 -29.960995256675634 -29.144438266815552 -28.59801325388253 -28.18218714492089 -28.232764721489872 -28.470913209164372 -29.42072102609653 -29.75726509388987 -29.834106340656405 -29.902604078607897 -27.584805945323392 -27.57070927137693 -27.03509491100744 -26.992967053101612 -27.471835703865352 -27.33567190110929 -27.20005279832653 -25.791050288989968 -9999 -9999 -9999 -9999 -9999 -9999 -9999 -9999 -9999 -9999 -9999 -9999 -9999 -9999 -9999 -9999 -9999 -9999 -9999 -9999 -9999 -9999 -9999 -9999 -9999
-9999 -9999 -9999 -9999 -29.760797184124428 -29.767162415045465 -29.84193734665002 -30.217152275697714 -30.421223411745917 -30.99602701160852 -30.88178155863924 -29.065030494295467 -29.537074178170702 -28.96000236762012 -28.620844389015176 -28.571515902856394 -28.28352205651802 -28.464415784024602 -28.590558026722828 -27.076084642230967 -27.009738751758753 -27.23628847853659 -26.627390132684788 -26.703377082043296 -9999 -9999 -9999 -9999 -9999 -9999 -9999 -9999 -9999 -9999 -9999 -9999 -9999 -9999 -9999 -9999 -9999 -9999 -9999 -9999 -9999 -9999 -9999 -9999 -9999 -9999 -9999 -9999
-9999 -9999 -9999 -9999 -30.31775392497797 -30.550276092529952 -30.34894105908717 -30.74000381983325 -29.107558072923304 -28.315156729666747 -28.25781847297081 -28.147347123904538 -28.34129389205559 -28.50448917063301 -28.46379275216752 -28.264108339774904 -28.12679391870132 -28.028833407724463 -27.94513241295795 -26.871451211806676 -26.842235183425174 -26.747229526535826 -26.393329607916407 -26.400281273647323 -25.19494082500319 -9999 -9999 -9999 -9999 -9999 -9999 -9999 -9999 -9999 -9999 -9999 -9999 -9999 -9999 -9999 -9999 -9999 -9999 -9999 -9999 -9999 -9999 -9999 -9999 -9999 -9999 -9999
