metrics/grid_rasters/GLDAS/grideval_GLDAS_X_spring_2017_absolute_ubrmsd.asc
ncols 52
nrows 55
xllcorner     11.25
yllcorner     55.25
cellsize      0.25
NODATA_value  -9999
[rows 0 to 28 of 55, columns 0 to 51 of 52]
-9999 -9999 -9999 -9999 -9999 -9999 -9999 -9999 -9999 -9999 -9999 -9999 -9999 -9999 -9999 -9999 -9999 -9999 -9999 -9999 -9999 -9999 -9999 -9999 -9999 -9999 -9999 -9999 -9999 -9999 -9999 -9999 -9999 -9999 -9999 -9999 3.512336609045817 3.636825467845536 2.5266636513506002 -9999 -9999 -9999 -9999 -9999 -9999 -9999 -9999 -9999 -9999 -9999 -9999 -9999
-9999 -9999 -9999 -9999 -9999 -9999 -9999 -9999 -9999 -9999 -9999 -9999 -9999 -9999 -9999 -9999 -9999 -9999 -9999 -9999 -9999 -9999 -9999 -9999 -9999 -9999 -9999 -9999 -9999 -9999 -9999 -9999 -9999 -9999 -9999 -9999 2.819535895080993 3.3321070231881937 3.612933618634916 3.561009179485894 3.4076368270778112 1.5611597762169642 -9999 -9999 -9999 -9999 -9999 -9999 -9999 -9999 -9999 -9999
-9999 -9999 -9999 -9999 -9999 -9999 -9999 -9999 -9999 -9999 -9999 -9999 -9999 -9999 -9999 -9999 -9999 -9999 -9999 -9999 -9999 -9999 -9999 -9999 -9999 -9999 -9999 0.040991641564868786 0.044592316336629086 0.03870503736155245 1.533916325030897 3.9163954067667657 0.040895043561516575 1.3157173602055874 -9999 4.245186587765959 3.88092288865724 3.912240353647502 3.4939113869357694 3.806890743683253 2.734436024652555 1.5133160326126418 1.7745738286813286 0.7948634433009649 0.6778980394930104 0.5489858610116142 -9999 -9999 -9999 -9999 -9999 -9999
-9999 -9999 -9999 -9999 -9999 -9999 -9999 -9999 -9999 -9999 -9999 -9999 -9999 -9999 -9999 -9999 -9999 -9999 -9999 -9999 -9999 -9999 -9999 -9999 -9999 -9999 -9999 2.5740931774255524 2.0290738890870887 3.2788480712167134 2.1076950506138226 3.3209801099148963 3.752638715331914 1.617366458307066 1.2458889591578766 2.4629562148840933 3.2889049483540083 3.3279873224315337 3.9226066050673576 3.224609542593268 2.5490430159851907 2.8251258996720714 2.5344563180901365 2.3503744280101384 3.1038984846503097 2.665518453025129 1.2014940020338716 2.2591537759743354 -9999 -9999 -9999 -9999
-9999 -9999 -9999 -9999 -9999 -9999 -9999 -9999 -9999 -9999 -9999 -9999 -9999 -9999 -9999 -9999 -9999 -9999 -9999 -9999 -9999 -9999 0.0488166714191645 0.02486592198954543 0.03729882736623509 0.05615630433212267 2.4566746600519247 2.7495033688309705 3.1407290158806904 3.4580429197026348 3.6697199728351433 3.55634348377278 3.233815044240379 1.3451310245147852 1.1992226864803677 1.9715651906454248 1.0078408950224984 0.33987940407632883 0.11682724864346733 1.0357161455134911 2.1715503138324874 2.007159129182258 2.3104626067303964 3.9353927116447687 4.818559414300246 4.872534349719738 3.4978156910117866 2.7573869554731503 2.7594389741352137 -9999 -9999 -9999
-9999 -9999 -9999 -9999 -9999 -9999 -9999 -9999 -9999 -9999 -9999 -9999 -9999 -9999 -9999 -9999 -9999 -9999 -9999 -9999 -9999 0.032373510651313595 0.03353194884021598 0.02873688582931842 0.2596204925336369 2.0235462700005407 0.041522643288032714 2.2364521636865744 3.613119384345544 1.6435791013840433 2.3810268165777657 3.7039934578677887 2.6861988863269444 2.8229856329450373 2.0627172714240904 0.9287711367366778 0.8161230477755228 0.1461265409645617 2.5923432051182704 4.236750371332078 4.030185441834038 3.6460572648948566 3.806404348533452 4.529271040852636 5.206573969057478 5.568299918119153 5.235117339508131 4.185170564366103 4.2812383647075425 -9999 -9999 -9999
-9999 -9999 -9999 -9999 -9999 -9999 -9999 -9999 -9999 -9999 -9999 -9999 -9999 -9999 -9999 -9999 -9999 -9999 -9999 -9999 0.0439048335615357 0.055374471527715234 0.06166793263885086 2.7875688359550037 1.9803584689518976 1.7954415870222755 2.534645726814662 3.44501579903061 0.8429351852521293 0.9110998869174592 0.9252745414444288 2.712510801064228 2.703616639950645 2.8226934503272285 2.6610805308096515 1.12870440548706 0.7874397440093921 0.27736910140499776 2.0417140183207683 4.570078175211677 5.457238602224551 4.969890981115291 4.608411748586598 4.91195437108014 5.601436309702785 5.491975762983143 5.4266784998967434 5.368028318881672 5.435489729752313 5.428416388349778 -9999 -9999
-9999 -9999 -9999 -9999 -9999 -9999 -9999 -9999 -9999 -9999 -9999 -9999 -9999 -9999 -9999 -9999 -9999 -9999 -9999 -9999 -9999 2.519179963487999 2.3383169319975505 2.7407333158033578 2.748206869852665 2.7547002736881776 2.877681204659754 3.113987052679473 0.043850173660392434 0.044131881615280234 1.4087516871973291 1.6791412869644953 0.307863986409645 0.1691921499003898 0.5868559432156325 0.6689154833039879 0.485182105796217 3.502450066200636 4.921590947241651 5.9649295527238895 6.2835338825675295 5.954442955727348 4.980459743462687 5.0346137940412 5.699388007255582 6.003767500626321 5.765326136931959 5.4359903103574645 5.569783381262318 -9999 -9999 -9999
-9999 -9999 -9999 -9999 -9999 -9999 -9999 -9999 -9999 -9999 -9999 -9999 -9999 -9999 -9999 -9999 -9999 -9999 -9999 0.05145269909297444 0.044007237590557885 0.04134685626695658 0.052673733651727096 3.1313645704786177 0.8623133561035762 0.046586912053800285 0.04547412460531863 3.901795439358352 4.734030681454748 5.082297583976977 5.2235383992705104 5.423878819490632 4.703235579847687 4.59706699814752 4.748004326734042 5.299571269434276 5.272625204944705 5.197395782210074 5.238386067855616 6.188640876061415 6.9087754742393575 7.1106720949626405 7.146058099225148 6.7550446381082185 6.766500246672987 7.102050065639332 7.132158207758949 7.010692926489619 6.794314160361612 7.465372498497789 7.719778145549528 -9999
-9999 -9999 -9999 -9999 -9999 -9999 -9999 -9999 -9999 -9999 -9999 -9999 -9999 -9999 -9999 -9999 -9999 -9999 0.3017092450413292 0.04843958837189683 0.041398508203659694 0.040986916477556486 0.04412807730515494 0.042658175708428836 0.041824471882637035 0.047995707423803255 0.051619341834608985 1.7863983849247678 2.4801940694903744 4.5222143801642405 5.9134523273003055 7.078881960183599 7.09118434587267 6.8480070393288734 6.429265470586377 6.8175285974386535 6.11445526572528 6.3804604159691785 5.860729524506753 6.176869317336825 5.994601136275402 6.4986740663525975 7.169618299878851 7.831081455874036 7.611588690097308 7.955753312396814 7.335997493047938 7.43639369396309 7.172287263156867 8.371870201183805 8.192717321160918 -9999
-9999 -9999 -9999 -9999 -9999 -9999 -9999 -9999 -9999 -9999 -9999 -9999 -9999 -9999 -9999 -9999 -9999 0.05872526639289843 2.087392272612772 2.803691978777252 0.04233606975560531 0.32426851734339995 0.3923380113191556 0.055817291785067016 0.7392023190669296 0.885065337324305 0.5201186444655107 3.550155244878859 5.595125737684191 5.010897148013501 5.3164008916413685 5.957540931634617 6.411796460403683 6.4884989060338265 6.570284976532289 7.191533046114133 7.491239666808469 7.524850428743327 7.3537455417375135 7.016711500640856 6.8030332901902755 7.165252682845857 6.768014076122558 8.620075355744946 9.195581080447461 9.472151247561722 9.316795583173619 9.281428777556911 7.919702964197028 8.981764073364396 -9999 -9999
-9999 -9999 -9999 -9999 -9999 -9999 -9999 -9999 -9999 -9999 -9999 -9999 -9999 0.05183692957436981 0.045494142444157566 0.050476980759921 0.04728314909501863 0.0413341084023759 0.11917886313533678 0.0328391260004063 0.03689318058037538 0.04120177046057739 0.06422491612246428 2.3463777152396097 4.140453129536169 4.851002036541597 3.955850304077194 6.381183824202273 6.252674111964367 6.7204789112130525 6.998960885213713 6.330422069295482 6.495413280054058 6.733527783742117 6.99268897729813 9.103325392250337 8.465093163636187 9.455182884230686 9.032345210808984 9.83487541352339 9.574995174041288 9.594555349557083 9.674813927831126 9.311008363575864 7.976894432959943 9.03156078020482 9.608709133402543 9.398639363304728 8.592192935102387 9.319174660293577 8.80181575893982 -9999
-9999 -9999 -9999 -9999 -9999 -9999 -9999 -9999 -9999 -9999 -9999 -9999 -9999 0.05530883428175408 0.03480865298682139 0.04069383516498784 0.04985468244887711 0.04855058861621205 0.0450711644038628 0.3922024196251465 0.06639591236529016 1.0722127996769963 2.6193427904549664 4.1820532756441935 3.898515799227156 4.336819285580087 4.268249669780422 6.822222849262746 6.532151064333654 6.779662647912966 7.272534189184588 7.222038412367108 7.628768664745651 8.051147845939852 9.112117854400752 9.348528823310726 9.36499221437345 9.802612613466547 9.740924750750574 9.65975320733287 9.489899050616676 9.639936661334831 9.751698863102323 9.790834308280838 9.674143750953268 9.926044928417724 9.808546884581094 9.584841067488963 9.453606589240735 9.288100807059372 8.967135466048697 7.728010026225546
-9999 -9999 -9999 -9999 -9999 -9999 -9999 -9999 -9999 -9999 -9999 -9999 -9999 0.055496923936740085 0.04571953304691169 0.041553075029567184 0.04142657857085567 0.04347968186556163 0.0425079216418202 3.0503171617833686 1.72809060240242 1.7608469671750806 4.5733681762584295 5.527188002516066 5.4452321906269034 5.124407443134432 4.893893411325257 6.875644105849847 6.682008445619594 6.718788867841499 6.634827235554072 7.138012037568503 7.753185297063094 8.720079643913063 7.646316395616469 8.880505161152081 9.288479502123428 9.723014816525188 9.958687132583506 9.86161482006414 9.860821084789396 9.784644961641334 9.869011542648053 10.12655450765236 -9999 -9999 -9999 -9999 -9999 -9999 -9999 -9999
-9999 -9999 -9999 -9999 -9999 -9999 -9999 -9999 -9999 -9999 -9999 -9999 -9999 0.051463911813186485 0.0400938061989661 0.04140187204393226 0.04018637974900637 0.044104695113109785 0.044919664496828535 5.300618800620019 6.084340165984885 5.589214413292082 4.515932718579672 4.275530810807468 5.562624642299858 6.341628117500358 5.99257168154617 7.1181441515854775 7.019775983554147 7.014793325486777 7.064694002217298 7.369275740550434 7.5681666157335306 8.07421647924459 8.836703228425035 9.192845144078886 9.248531455146578 9.398435309494577 9.659189227869016 9.912432436005949 10.14564269153298 -9999 -9999 -9999 -9999 -9999 -9999 -9999 -9999 -9999 -9999 -9999
-9999 -9999 -9999 -9999 -9999 -9999 -9999 -9999 -9999 -9999 -9999 -9999 0.06835713049393488 0.050036590391099936 0.043786776792138736 0.04185556779821816 0.04328974514973437 0.04093733870674702 2.7260694591085777 5.562610891455962 5.328875356741378 6.049814995683723 6.410079171844154 6.752987745849958 6.72581086922164 6.9548204536536575 6.833915034403839 8.50312451543452 7.931736863682442 7.69759654355823 8.027749536796318 9.295309365861932 9.279160914597343 9.261520431934503 9.222446523136352 9.365393055189768 9.405759775124931 9.514911983272158 9.84408659604534 10.164455567723934 10.151943634216387 -9999 -9999 -9999 -9999 -9999 -9999 -9999 -9999 -9999 -9999 -9999
-9999 -9999 -9999 -9999 -9999 -9999 -9999 -9999 -9999 -9999 -9999 2.0415253546451675 0.7823861232283592 0.05716008656203045 0.05573813964527802 2.769569151196289 4.686381983205797 5.829352363880211 5.706758176587084 7.305964363800673 7.007683072769675 7.289661303426894 7.211244651743837 7.5877907722140225 8.245225642887963 9.535055718293744 9.67727921467424 9.798250464942981 9.776025734708188 9.73661218151818 9.621289262306744 9.381085394357424 9.366968908306353 9.42008549799506 9.547376741000726 9.409984803420846 9.41152046351876 9.955407937594165 10.05056832764349 9.749983011673852 -9999 -9999 -9999 -9999 -9999 -9999 -9999 -9999 -9999 -9999 -9999 -9999
-9999 -9999 -9999 -9999 -9999 -9999 -9999 -9999 -9999 -9999 5.4697894660602895 5.62571768745921 1.5814533160454731 1.7654389208169123 3.5787046385251933 6.964419234584778 7.382370719603719 7.453193249838356 6.39850805731103 7.412874163155223 7.473425232732946 8.952634243151602 7.810536967951744 7.865741533902772 7.156779683999548 7.848022653901813 9.324152012715428 9.522124388463716 9.664589842136381 9.709824570007166 9.778093822410764 9.687384448902174 9.504260126725061 9.446570026668802 9.478167488661931 9.384834162781178 9.893449173587404 10.155282762200796 10.082125608748195 -9999 -9999 -9999 -9999 -9999 -9999 -9999 -9999 -9999 -9999 -9999 -9999 -9999
-9999 -9999 -9999 -9999 -9999 -9999 -9999 -9999 -9999 -9999 -9999 -9999 4.527023994731182 6.714494198560574 8.244616514334849 8.596261481780408 9.24177732600589 8.810433169464014 7.802468769917773 7.592566807423701 7.559010643992562 8.779219137627539 8.797181338743203 9.375116009352203 9.270188174492898 8.676936531767499 9.019288550623122 9.502758423353256 9.57843486495525 9.516414564265146 10.184772149697917 10.030406916305534 10.07778225705398 9.863528965699135 9.784818524922763 9.607615593809378 9.934900042260267 10.16305025630413 10.292050507444756 9.87091005812575 -9999 -9999 -9999 -9999 -9999 -9999 -9999 -9999 -9999 -9999 -9999 -9999
-9999 -9999 -9999 -9999 -9999 -9999 -9999 -9999 -9999 -9999 -9999 7.552960084976831 7.034624464173616 5.731164350155388 6.913831504684397 9.159599694609534 9.551173183047695 9.28383817041986 8.828714670970193 9.752928103592977 9.60134694399769 9.069750148656585 8.764069132267359 9.357163009167532 9.659414903753072 9.757136823141604 9.726835774156195 9.902971648606524 9.913152764439754 10.13705123225191 9.813595898846595 10.305108093186114 10.278249922943967 10.304773049359577 10.113110685449133 10.07790344390703 10.151728095617477 10.332761980327048 9.114438167828954 -9999 -9999 -9999 -9999 -9999 -9999 -9999 -9999 -9999 -9999 -9999 -9999 -9999
-9999 -9999 -9999 -9999 -9999 4.029409961038941 4.1350721708149 6.0284827027864 4.580553574758102 6.089910668233911 6.530591401325355 8.714566240941434 9.498058727093078 9.380153718369012 9.234790268629023 9.521210341158392 9.647519355410104 9.777716343551774 9.7558420876256 10.340460519049747 10.369944744433175 10.175502835325537 9.933713449729714 9.71118874091118 9.66097514728669 9.617332640240928 9.616539878093507 9.988809699131677 10.30676888434719 10.508161747501262 10.331469022975986 10.093720392963668 10.111928835644415 10.108669649126087 10.23581042559763 10.23581624219524 9.708215551805498 9.055409297161468 -9999 -9999 -9999 -9999 -9999 -9999 -9999 -9999 -9999 -9999 -9999 -9999 -9999 -9999
-9999 -9999 -9999 -9999 5.192381842157925 6.065131935873844 8.088363747207904 9.603144314163986 8.969596241612805 9.164391080782664 8.842852440573264 9.276422882810584 9.462057029895806 9.668360126823305 9.643430624594725 9.57324149955759 9.747949856712289 9.731465925322485 9.7682944812796 10.325276801738246 10.448441357203993 10.556751718771881 10.555031152612449 10.399774922483148 10.267228965728343 10.474138271480813 10.667199882904947 10.773564986093689 10.921442583228568 10.596009953158497 10.413477336290967 10.202007251759944 10.524918807511476 9.868997769760313 9.322242153712207 -9999 -9999 -9999 -9999 -9999 -9999 -9999 -9999 -9999 -9999 -9999 -9999 -9999 -9999 -9999 -9999 -9999
-9999 -9999 -9999 5.424277842334216 5.622228885360377 6.686474102533713 6.900450096832723 8.457128076913493 9.123916665323355 10.309728617228064 10.503620952279775 10.988647838609905 11.247731614643321 11.345366414160088 10.124792374131324 10.038620720235082 9.95619143725033 9.89555620894876 9.637764735879047 10.093749239671158 10.294014956182552 10.7694860535796 10.906677684071703 10.797690827616789 10.46172891644724 10.559153386341173 10.789534188609702 10.917906664762457 10.89069149215296 10.639834037460961 10.14222264588066 -9999 -9999 -9999 -9999 -9999 -9999 -9999 -9999 -9999 -9999 -9999 -9999 -9999 -9999 -9999 -9999 -9999 -9999 -9999 -9999 -9999
-9999 -9999 -9999 0.03235581706060316 0.030659141642349463 0.03589024463536853 1.4986006892934367 6.626351531768052 6.967227847737104 7.6833117809088325 9.233292947347048 10.630934153412614 9.554260377858153 10.853444785189652 10.404178273991775 10.27724756330837 10.094898348018523 10.032305323787405 10.123319831879757 11.160798606594437 10.445945229000444 11.009521690942275 11.034866545621735 11.027962696991873 10.97748559402832 10.875630254974963 10.852019269872732 10.696364443433664 10.200554209102076 -9999 -9999 -9999 -9999 -9999 -9999 -9999 -9999 -9999 -9999 -9999 -9999 -9999 -9999 -9999 -9999 -9999 -9999 -9999 -9999 -9999 -9999 -9999
-9999 -9999 -9999 1.377412014794816 0.047281136366101414 0.22090117084232425 0.41884371934332415 4.008700294707278 5.818957912355696 5.910032005775875 6.631027345012613 9.900506345751797 11.457057214522946 11.640344639383946 10.355633328179547 10.04985201527606 9.925609495176305 9.855475592808382 9.857854703668812 10.859262996238467 10.97515099715725 10.481121038644362 10.913995409785516 10.357124932416887 10.86726251611244 10.782784632652756 10.425389180120614 9.539253455628053 -9999 -9999 -9999 -9999 -9999 -9999 -9999 -9999 -9999 -9999 -9999 -9999 -9999 -9999 -9999 -9999 -9999 -9999 -9999 -9999 -9999 -9999 -9999 -9999
-9999 -9999 -9999 0.039442470933021 2.5850397702036334 4.625260587439109 3.166393475763132 5.554856350165764 6.644136359815859 6.921331576890074 7.667409970817036 9.398322783300207 10.128371966916047 10.48406798030709 9.959202031394472 9.862476055764656 9.972691253091876 10.042923611681822 9.978074885059756 11.177856948402383 11.154781176159478 11.437932983451214 11.160367568961533 10.874565420353733 10.850112752849245 10.65919741853341 9.61322394043466 -9999 -9999 -9999 -9999 -9999 -9999 -9999 -9999 -9999 -9999 -9999 -9999 -9999 -9999 -9999 -9999 -9999 -9999 -9999 -9999 -9999 -9999 -9999 -9999 -9999
-9999 -9999 -9999 -9999 3.643529870598655 4.5926157092392845 4.964450248152215 6.179065073308678 6.6603883267156965 6.71962132683269 7.0589743487458065 9.07828745983552 9.227517440988333 9.605971362265107 10.40957554318292 10.349063954392124 11.036684253080463 10.442395998680887 10.333578048016554 11.532889609479769 11.486316152605966 11.292135012227714 11.287561059133337 10.902180666527533 -9999 -9999 -9999 -9999 -9999 -9999 -9999 -9999 -9999 -9999 -9999 -9999 -9999 -9999 -9999 -9999 -9999 -9999 -9999 -9999 -9999 -9999 -9999 -9999 -9999 -9999 -9999 -9999
-9999 -9999 -9999 -9999 4.322068896196399 4.854246366569441 5.354221716785465 5.157247713515129 6.573496192991244 8.725876928964487 9.263438265020463 10.9337182441613 10.746908318547929 10.634726298938622 11.265559836438909 11.388026762030348 11.008182459334742 10.4697693372183 10.913224977998452 11.497705885010983 11.290779980348535 11.232710505029203 10.848059626994267 10.247735337937321 8.483386547631374 -9999 -9999 -9999 -9999 -9999 -9999 -9999 -9999 -9999 -9999 -9999 -9999 -9999 -9999 -9999 -9999 -9999 -9999 -9999 -9999 -9999 -9999 -9999 -9999 -9999 -9999 -9999
-9999 -9999 -9999 -9999 7.175902465585803 7.402221575787048 8.603681832667885 8.249346239358857 8.053934898651336 8.664206582426221 9.183031439007523 9.779727134929463 10.903543328694168 11.147307676699953 11.251612566735382 11.217966541789513 11.263460895687444 11.144620998006966 10.996268933704991 11.01665244178135 10.885365365600808 10.326160780067326 10.034655511835188 9.854082393018844 -9999 -9999 -9999 -9999 -9999 -9999 -9999 -9999 -9999 -9999 -9999 -9999 -9999 -9999 -9999 -9999 -9999 -9999 -9999 -9999 -9999 -9999 -9999 -9999 -9999 -9999 -9999 -9999
