metrics/grid_rasters/GLDAS/grideval_GLDAS_Y_2018_absolute_bias.asc
ncols 52
nrows 55
xllcorner     11.25
yllcorner     55.25
cellsize      0.25
NODATA_value  -9999
[rows 0 to 27 of 55, columns 0 to 51 of 52]
-9999 -9999 -9999 -9999 -9999 -9999 -9999 -9999 -9999 -9999 -9999 -9999 -9999 -9999 -9999 -9999 -9999 -9999 -9999 -9999 -9999 -9999 -9999 -9999 -9999 -9999 -9999 -9999 -9999 -9999 -9999 -9999 -9999 -9999 -9999 -9999 -28.582264580000963 -28.325017768716158 -31.319268917680198 -9999 -9999 -9999 -9999 -9999 -9999 -9999 -9999 -9999 -9999 -9999 -9999 -9999
-9999 -9999 -9999 -9999 -9999 -9999 -9999 -9999 -9999 -9999 -9999 -9999 -9999 -9999 -9999 -9999 -9999 -9999 -9999 -9999 -9999 -9999 -9999 -9999 -9999 -9999 -9999 -9999 -9999 -9999 -9999 -9999 -9999 -9999 -9999 -9999 -26.931579847194968 -27.67426494793227 -28.118067430510912 -27.001387865708708 -27.34519773280784 -31.074242275300087 -9999 -9999 -9999 -9999 -9999 -9999 -9999 -9999 -9999 -9999
-9999 -9999 -9999 -9999 -9999 -9999 -9999 -9999 -9999 -9999 -9999 -9999 -9999 -9999 -9999 -9999 -9999 -9999 -9999 -9999 -9999 -9999 -9999 -9999 -9999 -9999 -9999 -35.219780848369204 -34.87279335900835 -35.3168679499667 -33.81844306170226 -30.441282367206192 -34.27818373094173 -34.01615953603632 -9999 -33.102996482756254 -29.348296718258567 -28.57411718951309 -32.40712160897786 -31.487389518407305 -31.933479537967948 -31.437889272056214 -31.360850683885488 -31.970481658696308 -31.3663356408783 -30.95418304254952 -9999 -9999 -9999 -9999 -9999 -9999
-9999 -9999 -9999 -9999 -9999 -9999 -9999 -9999 -9999 -9999 -9999 -9999 -9999 -9999 -9999 -9999 -9999 -9999 -9999 -9999 -9999 -9999 -9999 -9999 -9999 -9999 -9999 -30.578068128636442 -28.133594852645107 -30.8828837628336 -26.17292974189128 -27.97766406306461 -29.26936648844244 -34.195724583886665 -33.72750462127773 -33.4614856554527 -33.46889291464874 -33.25904912043822 -33.52288961914202 -32.962740806173784 -32.50065023550024 -31.93876794919065 -32.142880409619174 -32.45800589253641 -32.86059941841825 -32.53309553690663 -32.406478429856165 -32.76748705589506 -9999 -9999 -9999 -9999
-9999 -9999 -9999 -9999 -9999 -9999 -9999 -9999 -9999 -9999 -9999 -9999 -9999 -9999 -9999 -9999 -9999 -9999 -9999 -9999 -9999 -9999 -36.749289229073355 -35.303060566542094 -35.65480063024857 -35.97695754569483 -31.685917995165877 -30.40149604023932 -29.86383699845165 -29.17246550128681 -29.106803158752317 -31.02246321387181 -32.568492479525396 -35.43100923108422 -34.53866418976184 -33.68344729901482 -33.35165190229269 -33.24256889324585 -33.26510131584659 -33.05293185580267 -32.92685746758258 -33.007408420333306 -32.95731019957425 -33.03441529787362 -33.18596890162013 -33.32904949006561 -33.178504127968246 -33.19144754131669 -33.186430886260254 -9999 -9999 -9999
-9999 -9999 -9999 -9999 -9999 -9999 -9999 -9999 -9999 -9999 -9999 -9999 -9999 -9999 -9999 -9999 -9999 -9999 -9999 -9999 -9999 -36.67556720411736 -36.40649756785125 -35.367038597462525 -36.09872845085721 -35.81224212195367 -35.75122612939305 -35.861701058820906 -31.31346692846041 -35.16454674286181 -35.426118947703344 -32.20624802449897 -34.736391087876605 -34.45661239124426 -34.00219323368717 -33.13851069932523 -33.044080945716736 -32.92472557952143 -33.07733181883925 -32.861661778482265 -32.95781478031143 -33.01792065847206 -33.00945273087653 -32.870756010512174 -32.83079376846348 -33.0644432942804 -33.21759510073453 -33.201796919331976 -33.16423872737852 -9999 -9999 -9999
-9999 -9999 -9999 -9999 -9999 -9999 -9999 -9999 -9999 -9999 -9999 -9999 -9999 -9999 -9999 -9999 -9999 -9999 -9999 -9999 -37.11806303287206 -36.97035216962638 -36.04381910000149 -31.872567749799114 -30.569718802516178 -29.05430426307737 -29.83055885842912 -30.811121499783372 -35.45788718248169 -35.32874516193589 -34.397348617394904 -34.3128278942498 -33.869666125962176 -33.825702163847545 -33.755862971854526 -33.03869957898884 -33.098601077935875 -33.15249929080067 -33.134897258117384 -32.85592407981725 -32.81410410586388 -32.95226933731098 -32.97876711966445 -32.8750202047039 -32.70450082366189 -32.70318973554834 -32.77722694513018 -32.71895310302609 -32.705202124369876 -32.66034507969369 -9999 -9999
-9999 -9999 -9999 -9999 -9999 -9999 -9999 -9999 -9999 -9999 -9999 -9999 -9999 -9999 -9999 -9999 -9999 -9999 -9999 -9999 -9999 -32.89333522348371 -32.395679145857486 -31.02738343040421 -31.226103274381323 -31.077286072907174 -31.88833740749077 -32.303563342197506 -35.0167884587272 -34.79454849285316 -34.46874177362005 -33.875160513619235 -33.553726438126745 -33.46849656659242 -33.479334344658746 -32.91541745204937 -33.07244524253558 -32.981068676546826 -32.844258750597504 -32.49720584486343 -32.510467857127516 -32.684707145729696 -32.80724325703125 -32.80662394917685 -32.723882159039576 -32.61595193748298 -32.665229245356905 -32.67998362069771 -32.65015222124041 -9999 -9999 -9999
-9999 -9999 -9999 -9999 -9999 -9999 -9999 -9999 -9999 -9999 -9999 -9999 -9999 -9999 -9999 -9999 -9999 -9999 -9999 -36.26622526548701 -36.210260015083094 -36.09131343996484 -34.36541863569658 -31.803983158679447 -33.83900969930197 -35.28851923627192 -34.72288760132067 -33.435963559768176 -33.455951560222324 -33.385064252042405 -33.24364379102951 -32.662437040205695 -32.74998335067234 -32.91600035105462 -32.918522086382325 -32.25137954722733 -32.21291645458606 -32.19216968757547 -32.38115801200883 -31.937776787277976 -31.742934117226362 -31.768251024569345 -31.954847487342892 -31.556417567344152 -31.56733770850689 -31.50716684787241 -31.51734734941529 -31.65064582148541 -31.68491479364058 -31.464776565833656 -31.429071400370702 -9999
-9999 -9999 -9999 -9999 -9999 -9999 -9999 -9999 -9999 -9999 -9999 -9999 -9999 -9999 -9999 -9999 -9999 -9999 -32.93778971834746 -35.77780751931443 -35.844632177932624 -35.890984894865994 -35.96959295116161 -35.84771865662953 -34.53965658447004 -34.28531631205282 -34.10160184541385 -33.05131837533761 -32.886301912678626 -33.419452008186546 -33.10274776614284 -32.724407258578765 -32.75461795980698 -32.84604877644308 -32.855543878740846 -32.299140640496184 -32.113243464166175 -32.2913060127413 -32.06864186173739 -31.709056902610477 -32.081123679223126 -32.12994863648631 -31.894057857260517 -31.23055427093314 -31.279541161942163 -31.405256255506853 -31.52390391004004 -31.47669900884877 -31.636342352021433 -31.505397821518866 -31.365693271731683 -9999
-9999 -9999 -9999 -9999 -9999 -9999 -9999 -9999 -9999 -9999 -9999 -9999 -9999 -9999 -9999 -9999 -9999 -34.100452993156985 -31.445783915891226 -31.544785419392262 -34.696260466457225 -33.897229896674624 -33.832342764301465 -34.11409904165321 -33.98532518591885 -34.03557049501432 -33.88580022844141 -32.94005883021714 -33.11122940203609 -33.13872978011121 -32.95849899360273 -32.734186060629675 -32.62418598161678 -32.84461240280573 -32.920852603528594 -32.363860023542216 -32.12229926986237 -32.01851982399821 -31.91832469312397 -31.356158608070587 -31.4605201173982 -31.563565766765446 -31.754899609879885 -31.153504068649386 -31.013682416530504 -30.842911998259087 -30.93263124304071 -31.06116750404647 -31.220786810441783 -31.024702225717373 -9999 -9999
-9999 -9999 -9999 -9999 -9999 -9999 -9999 -9999 -9999 -9999 -9999 -9999 -9999 -36.79798185696749 -35.907517965551314 -35.45771337509768 -35.43017400402116 -35.65921071774441 -32.33367316703988 -34.800396683388584 -31.188103884249312 -33.866366322241625 -33.886250538919896 -33.776528475714265 -33.761574374966024 -33.73522690365678 -33.81061817972525 -33.05212984264203 -33.04720409353812 -32.9107531258964 -32.775030266534394 -32.59815050686569 -32.68890999366261 -32.65106739721273 -32.56168684496557 -31.890021629427395 -31.93262559054036 -31.81890281012716 -31.610255318104404 -31.136462718151414 -31.13634001007941 -31.07645645284489 -30.87746601161381 -30.59225345241697 -30.631847997923217 -30.518156984703587 -30.256296845571427 -30.254703034588122 -30.243142134711558 -30.065188619326033 -29.91982904116891 -9999
-9999 -9999 -9999 -9999 -9999 -9999 -9999 -9999 -9999 -9999 -9999 -9999 -9999 -35.618669919705354 -35.239027335132434 -35.05606930608516 -35.4111400264226 -35.32153699564913 -35.10224065230011 -34.134201797970555 -34.126997552526326 -33.94702286764673 -33.81311707990627 -33.430151175646344 -33.401006067028796 -33.466088039331034 -33.428010200826485 -32.47289300980429 -32.61815892504911 -32.57657014534183 -32.207516252530155 -31.60078220009702 -31.522725682128982 -31.42919469263456 -31.334709380760994 -30.74083555043254 -30.647016474747485 -30.86865488495423 -30.990949413134427 -31.42570281776357 -31.39488792166318 -31.080480987303066 -30.767244893536997 -30.28540018051863 -30.39220885947755 -30.354263646660808 -30.446185287578054 -30.61468989103012 -30.767219907157635 -30.882877585715427 -31.02336940037673 -32.4816434898503
-9999 -9999 -9999 -9999 -9999 -9999 -9999 -9999 -9999 -9999 -9999 -9999 -9999 -35.576731758381 -35.36054734298322 -34.88931449604259 -34.671135680556084 -34.72484707335801 -34.77256876374148 -33.959041108721735 -34.012482234156906 -33.980030309250715 -33.65513224615524 -33.32631160274965 -33.2452593307687 -33.26666185139385 -33.283018097306964 -32.190054659724034 -32.44231096988365 -32.486575284901335 -32.43160381049224 -31.654073015957664 -31.512441506578703 -31.465200996730626 -31.5127276789397 -30.71928652449421 -30.220787523620547 -30.170985333009124 -30.183116954136384 -30.745042270733272 -30.92039546059725 -30.32762722388318 -30.215232987599826 -30.138979618139054 -9999 -9999 -9999 -9999 -9999 -9999 -9999 -9999
-9999 -9999 -9999 -9999 -9999 -9999 -9999 -9999 -9999 -9999 -9999 -9999 -9999 -35.41551547916989 -35.16478317226347 -34.788757575206354 -34.902346318613176 -34.787411776118695 -34.50227121974609 -33.61120152966923 -33.55549639166422 -33.609531137520726 -33.70115711008747 -33.58716616642291 -33.37375964093698 -33.05885378669386 -32.98171365453466 -31.953348139943934 -32.146531973962915 -32.0877531917383 -32.155492994806735 -31.554140186738483 -31.524378847509414 -31.40720439593576 -30.966220501907273 -30.04976344787809 -29.804239307486853 -29.841137201420654 -29.911009186246012 -29.903257387361087 -29.41643231086025 -9999 -9999 -9999 -9999 -9999 -9999 -9999 -9999 -9999 -9999 -9999
-9999 -9999 -9999 -9999 -9999 -9999 -9999 -9999 -9999 -9999 -9999 -9999 -35.670835261654155 -35.391360199905634 -35.281723641119385 -34.98290561349833 -34.78593699716746 -34.431949828478366 -34.29111318061613 -33.60386122139553 -33.64800165248142 -33.611153131391696 -33.48383998341144 -33.19906042963777 -33.08207309692077 -32.9114869192804 -32.790678346213205 -31.748105085835064 -31.79321596603075 -31.92330557388598 -31.863943852754694 -31.149667219511446 -31.18223344654559 -31.06377366381659 -30.931192178141373 -30.281967786291286 -30.071456600439873 -29.773869996400524 -29.694250438127607 -29.449579025590662 -29.36610782747093 -9999 -9999 -9999 -9999 -9999 -9999 -9999 -9999 -9999 -9999 -9999
-9999 -9999 -9999 -9999 -9999 -9999 -9999 -9999 -9999 -9999 -9999 -34.61428385675974 -34.59733194225047 -34.63672724038567 -34.716659245971734 -34.398103375243004 -34.1789428649904 -34.06419760529207 -33.98523306820593 -33.0815114368927 -33.12390235359334 -33.030111663625256 -33.024512782851104 -32.58221548285386 -32.358767371936004 -31.8554011316179 -31.683660081411677 -30.671519356746586 -30.686805540838677 -30.684018326122054 -30.726049759402255 -30.69193919007603 -30.62455243178937 -30.38922342011986 -29.73379055165163 -29.717542210792843 -29.579453498492498 -29.51543702020323 -29.195575678271993 -29.7233768362654 -9999 -9999 -9999 -9999 -9999 -9999 -9999 -9999 -9999 -9999 -9999 -9999
-9999 -9999 -9999 -9999 -9999 -9999 -9999 -9999 -9999 -9999 -34.202945498116826 -34.209753432257536 -34.51633417672694 -34.56797972380196 -34.374512351937085 -33.98137223015297 -33.813436495007515 -33.83626764478443 -34.00020137328195 -33.189304558815415 -32.84999314743566 -32.324419146464905 -32.345933870935475 -31.98016075123969 -32.30765710800682 -32.08976947255432 -31.40731551960009 -30.145702934249826 -30.059083910970248 -30.25557825702613 -30.124035714898408 -29.83932358199501 -29.920294450953197 -29.790914497692903 -29.50685320942063 -29.758347002967987 -29.491549739542684 -29.319747309948074 -29.003254160693245 -9999 -9999 -9999 -9999 -9999 -9999 -9999 -9999 -9999 -9999 -9999 -9999 -9999
-9999 -9999 -9999 -9999 -9999 -9999 -9999 -9999 -9999 -9999 -9999 -9999 -34.10056729074823 -33.97859015989385 -33.93138088230299 -33.744534862755906 -33.321866214709125 -33.420612599966056 -33.4480316076989 -32.5575345401027 -32.419358533069705 -31.990654782425256 -31.842440576320637 -31.23893078856477 -31.30208316689281 -31.42852964436457 -31.419653022202525 -30.57051758585013 -30.328247207296013 -30.300446466443272 -29.929908457796454 -29.62697936771565 -29.51211639892259 -29.586683352164005 -29.42982720785251 -29.67083600735011 -29.576642260567784 -29.1121202206877 -28.82670327727109 -29.26369275666059 -9999 -9999 -9999 -9999 -9999 -9999 -9999 -9999 -9999 -9999 -9999 -9999
-9999 -9999 -9999 -9999 -9999 -9999 -9999 -9999 -9999 -9999 -9999 -33.70613465975102 -33.893866011235 -34.21696384165385 -34.02048486520677 -33.12589252640123 -32.51963290336401 -32.689766838228046 -32.564765772728684 -31.46563003829693 -31.405556938878888 -31.646474314159523 -31.635073869884625 -31.06946470118447 -30.93778599163339 -30.945763918976873 -31.012119144946336 -30.225768289271077 -30.1994010570676 -30.07787936236454 -30.08676808379999 -29.65454726792259 -29.646952831296073 -29.54002532401722 -29.570084314854583 -29.570482743332445 -29.29625641194313 -28.7214638544068 -28.245296328132078 -9999 -9999 -9999 -9999 -9999 -9999 -9999 -9999 -9999 -9999 -9999 -9999 -9999
-9999 -9999 -9999 -9999 -9999 -32.84412559453041 -33.587109872387494 -33.736630014922106 -34.2155244847632 -34.07626723890027 -33.872557583441065 -33.32694547880084 -32.74306914378213 -32.93586497815607 -33.144362055051 -32.11181945186874 -31.724105050277014 -31.38593196492795 -31.337127227458645 -30.250387246850618 -30.213794083189068 -30.25999542303281 -30.370197119926143 -29.96007986998517 -30.092568017450514 -30.052194056466018 -29.966727286316967 -29.55764805052991 -29.2953398488513 -29.32811519999108 -29.58064455009793 -30.26071254501298 -30.144014849120826 -29.95527364499867 -29.41761503278291 -29.091905675170153 -28.840700772195444 -28.796702136691298 -9999 -9999 -9999 -9999 -9999 -9999 -9999 -9999 -9999 -9999 -9999 -9999 -9999 -9999
-9999 -9999 -9999 -9999 -32.80295845859059 -32.56604848356076 -32.63797933804254 -32.99033420937621 -33.4652183232089 -33.27694568371732 -33.17657539706728 -32.931142131014646 -32.79629243728641 -32.45499040744689 -32.44517942457779 -31.76357493727685 -31.39863071982073 -31.2716482015148 -31.25370184288756 -30.212024439447752 -30.15604169528472 -30.113013826831153 -30.003934884387746 -29.73285126550863 -29.840129632604857 -29.68487812034173 -29.62845311000535 -29.309682891456642 -29.285311675117644 -29.3657916424005 -29.284788682561828 -29.590893255725298 -29.11993041999434 -28.70974821705524 -28.616826881738767 -9999 -9999 -9999 -9999 -9999 -9999 -9999 -9999 -9999 -9999 -9999 -9999 -9999 -9999 -9999 -9999 -9999
-9999 -9999 -9999 -32.239361393441484 -32.263557756059384 -31.93658593897644 -32.9369219587529 -33.15135382128599 -32.988242231135914 -32.562988536973315 -32.089089903286464 -31.822168921990553 -31.66955862435678 -31.792415097799807 -31.98191575822357 -31.3254170364662 -31.13224260302337 -31.138239798087568 -31.29501149089471 -30.31533012811656 -30.20826696532536 -30.029668001514178 -29.8984848608148 -29.66894111492964 -29.886675358022732 -29.86203167939125 -29.666994269574953 -29.019072240422645 -28.68533789566016 -28.368567450844672 -28.16478294812347 -9999 -9999 -9999 -9999 -9999 -9999 -9999 -9999 -9999 -9999 -9999 -9999 -9999 -9999 -9999 -9999 -9999 -9999 -9999 -9999 -9999
-9999 -9999 -9999 -34.12395842068204 -34.400120442171826 -34.109018927205305 -34.20277018223009 -33.10490147966432 -32.987288194746796 -32.22235923377823 -31.85970032374336 -31.35844260400085 -31.390218559331068 -31.60436277324207 -31.65658786642327 -31.035601897986783 -31.02788610755377 -31.0382676998434 -30.967554678186158 -29.866274612447988 -29.952806452023857 -29.93811150015625 -29.76041390647321 -29.139522412414216 -29.21121882297711 -29.250214470295266 -29.453146324128124 -29.058430133999824 -28.200759085308608 -9999 -9999 -9999 -9999 -9999 -9999 -9999 -9999 -9999 -9999 -9999 -9999 -9999 -9999 -9999 -9999 -9999 -9999 -9999 -9999 -9999 -9999 -9999
-9999 -9999 -9999 -33.753657440463556 -34.50021583897202 -34.10130805434429 -33.93176825999805 -33.28920453426059 -32.60629892565616 -32.4827744448634 -31.21668810230004 -30.34259228817608 -30.34684469720782 -30.451199712680825 -30.623875241170396 -30.68023154501841 -30.778034583545505 -30.882879216693443 -30.82621564820715 -30.02524024813551 -29.982061309862427 -30.005799895678074 -30.003273395413203 -30.323652080512826 -30.14757849015296 -29.716174789109868 -28.962168678962822 -28.484541696973448 -9999 -9999 -9999 -9999 -9999 -9999 -9999 -9999 -9999 -9999 -9999 -9999 -9999 -9999 -9999 -9999 -9999 -9999 -9999 -9999 -9999 -9999 -9999 -9999
-9999 -9999 -9999 -34.12355473296692 -33.67238802689906 -33.307026536216675 -33.460268117084276 -32.61255065174646 -31.475917045353622 -30.88730284639009 -30.59484555901934 -30.46920524819767 -30.405704720512237 -30.499247364271174 -30.603819061968828 -30.720678821604142 -30.798253443030873 -30.81260847079836 -30.830498523785643 -30.060025750687476 -29.99345181104153 -29.857674967053608 -29.925183613557518 -29.91834426556446 -29.88972181182304 -28.955888943654827 -28.56711229279841 -9999 -9999 -9999 -9999 -9999 -9999 -9999 -9999 -9999 -9999 -9999 -9999 -9999 -9999 -9999 -9999 -9999 -9999 -9999 -9999 -9999 -9999 -9999 -9999 -9999
-9999 -9999 -9999 -9999 -32.79130734467548 -31.838263497654705 -31.60128819580662 -31.544017423612818 -31.422431287919622 -31.660166915572468 -31.088993956934512 -30.64223719366303 -30.721353317649196 -30.529681944449067 -30.571729869125033 -30.496656764385428 -30.43287179869128 -30.55657939737382 -30.614502359967524 -29.748586736272454 -29.782342661952928 -29.954328329565183 -29.624627698126112 -29.345616765652004 -9999 -9999 -9999 -9999 -9999 -9999 -9999 -9999 -9999 -9999 -9999 -9999 -9999 -9999 -9999 -9999 -9999 -9999 -9999 -9999 -9999 -9999 -9999 -9999 -9999 -9999 -9999 -9999
-9999 -9999 -9999 -9999 -31.483592866177432 -31.24170082970841 -31.269383527853922 -31.56615185548284 -30.714069474891645 -30.23872886821628 -30.238174690239845 -30.10553397061686 -30.333817369046887 -30.41817392105211 -30.407518916796537 -30.269132465129232 -30.334236235049076 -30.387900730783812 -30.301998298196764 -29.80059286846384 -29.819549107184148 -29.844145280326877 -29.38922945466148 -29.07021738724043 -28.041676036926773 -9999 -9999 -9999 -9999 -9999 -9999 -9999 -9999 -9999 -9999 -9999 -9999 -9999 -9999 -9999 -9999 -9999 -9999 -9999 -9999 -9999 -9999 -9999 -9999 -9999 -9999 -9999
