metrics/grid_rasters/GLDAS/grideval_GLDAS_X_summer_2015_absolute_ubrmsd.asc
ncols 52
nrows 55
xllcorner     11.25
yllcorner     55.25
cellsize      0.25
NODATA_value  -9999
[rows 0 to 28 of 55, columns 0 to 51 of 52]
-9999 -9999 -9999 -9999 -9999 -9999 -9999 -9999 -9999 -9999 -9999 -9999 -9999 -9999 -9999 -9999 -9999 -9999 -9999 -9999 -9999 -9999 -9999 -9999 -9999 -9999 -9999 -9999 -9999 -9999 -9999 -9999 -9999 -9999 -9999 -9999 8.045933028979418 6.3451683202559686 4.923586802156689 -9999 -9999 -9999 -9999 -9999 -9999 -9999 -9999 -9999 -9999 -9999 -9999 -9999
-9999 -9999 -9999 -9999 -9999 -9999 -9999 -9999 -9999 -9999 -9999 -9999 -9999 -9999 -9999 -9999 -9999 -9999 -9999 -9999 -9999 -9999 -9999 -9999 -9999 -9999 -9999 -9999 -9999 -9999 -9999 -9999 -9999 -9999 -9999 -9999 8.816144017867098 7.678726051767047 6.450520430301503 5.914865344844372 4.2995896485955925 3.994646617383427 -9999 -9999 -9999 -9999 -9999 -9999 -9999 -9999 -9999 -9999
-9999 -9999 -9999 -9999 -9999 -9999 -9999 -9999 -9999 -9999 -9999 -9999 -9999 -9999 -9999 -9999 -9999 -9999 -9999 -9999 -9999 -9999 -9999 -9999 -9999 -9999 -9999 7.772474671376416 4.816628542194503 4.6874920601030565 7.704233443044274 8.312576968546058 3.6040111078284114 4.335857462347976 -9999 5.2272330381636385 6.653831945236423 6.351025266047905 4.611347700261383 3.7121528849467067 3.27395676523432 3.0450930403270404 3.0358649573292436 3.0762437523936144 2.9719746342435305 2.9690560390401664 -9999 -9999 -9999 -9999 -9999 -9999
-9999 -9999 -9999 -9999 -9999 -9999 -9999 -9999 -9999 -9999 -9999 -9999 -9999 -9999 -9999 -9999 -9999 -9999 -9999 -9999 -9999 -9999 -9999 -9999 -9999 -9999 -9999 11.016987078455877 10.988933790254798 9.63492799197203 11.020932605412765 9.933629784642646 8.137408138733766 4.143240616209007 2.6822183495057503 2.7568633958458646 2.7813344054323665 2.8233149675854783 3.0501295899963816 3.0063352915665087 3.074056042905198 3.0889015875714696 3.0167236597197977 3.078914891518016 3.109369358660908 3.053265180265596 3.0326282362899213 3.165636546199978 -9999 -9999 -9999 -9999
-9999 -9999 -9999 -9999 -9999 -9999 -9999 -9999 -9999 -9999 -9999 -9999 -9999 -9999 -9999 -9999 -9999 -9999 -9999 -9999 -9999 -9999 9.34262040611874 7.150596301497549 8.606304522165223 9.219192918753992 11.025912172058675 11.229060580128872 10.893760566934505 10.681073512210908 10.238166430352928 8.4945819388533 6.582627638028695 5.646441690478048 3.7774760689862235 2.9073840619826443 2.9570041248283965 3.1091560822352817 3.1889499193524413 3.314895255014205 3.172296622617161 3.2530502012391302 3.127294894150596 3.091106614219675 3.0368984761242106 2.946464027441328 3.1754557921773254 2.943343570261056 2.859041803151244 -9999 -9999 -9999
-9999 -9999 -9999 -9999 -9999 -9999 -9999 -9999 -9999 -9999 -9999 -9999 -9999 -9999 -9999 -9999 -9999 -9999 -9999 -9999 -9999 9.28540405999623 9.312511866882527 7.910324975776183 9.428592083727649 9.701270755519273 8.697105489807567 8.851182858401105 9.972275676506664 7.689000362573108 7.55133343862707 7.330775446716803 6.352811970649023 5.255785701680512 3.1527726747522804 2.593610442783754 2.7264304272775584 3.036745960706675 2.977459621319217 2.98348756320893 2.982770174706537 2.9414695364302816 2.9507949574881227 2.7833525323777244 2.759342043838773 2.884373344569551 2.9956784262111484 2.9857019615357387 2.8207538355388166 -9999 -9999 -9999
-9999 -9999 -9999 -9999 -9999 -9999 -9999 -9999 -9999 -9999 -9999 -9999 -9999 -9999 -9999 -9999 -9999 -9999 -9999 -9999 9.245139824253046 9.153746971911726 9.431185206431852 10.268477206766443 10.412165514830852 10.288558524059539 10.453848855553384 10.206318747050032 7.799940732809778 6.584776786657482 4.769400598568039 4.167635314948895 3.814956573706243 3.173048464725847 2.588740032052539 2.8358211397065856 2.8608368283753167 3.0259642516755667 3.17048593128442 3.0426626212004586 2.9780360547030282 2.9379966783061384 2.9042514585132646 2.689305137065283 2.6729502737413977 2.6915591526908447 2.614426649032254 2.5724721979882523 2.562623639576384 2.584735336552623 -9999 -9999
-9999 -9999 -9999 -9999 -9999 -9999 -9999 -9999 -9999 -9999 -9999 -9999 -9999 -9999 -9999 -9999 -9999 -9999 -9999 -9999 -9999 10.43328230417942 10.617740668738918 10.567554764866797 10.455112568193174 10.14201558095592 9.642708999547864 8.10092649800356 5.021411945523401 4.64784614893624 4.395131830746609 2.881330001551592 2.9485535587065144 3.0276556951851563 2.8337693696820683 2.8413044414757653 2.8893768540382143 2.934165396373942 2.888648007397802 2.9145963303951388 2.8562470365474493 2.8101680913183613 2.721579205460636 2.67911393890198 2.6180663213458386 2.593962331723685 2.5519703449310898 2.5346546020299763 2.519402514452028 -9999 -9999 -9999
-9999 -9999 -9999 -9999 -9999 -9999 -9999 -9999 -9999 -9999 -9999 -9999 -9999 -9999 -9999 -9999 -9999 -9999 -9999 8.604309277524791 8.220449063492406 8.155460413695504 8.796407790543812 9.374965746708071 7.273263221603793 4.7845421057087245 3.471594005350365 3.0247942738197926 3.1156397819955832 3.182806091395032 3.2725615008213014 2.9045658528914284 2.912485159433619 2.961024497586726 2.794057462476889 2.5828992640102637 2.574381649007112 2.5427274684229544 2.527959385177556 2.4482575510395197 2.4979196013748544 2.462480402706917 2.4436153273854773 2.257247889813266 2.218905239156997 2.1979857816848574 2.2069547706581023 2.199629329273639 2.1799562274239634 2.1943134353367517 2.2030412775712755 -9999
-9999 -9999 -9999 -9999 -9999 -9999 -9999 -9999 -9999 -9999 -9999 -9999 -9999 -9999 -9999 -9999 -9999 -9999 9.96729726437122 8.146678012268485 7.549463526834747 7.324478292945749 7.66304614442712 5.692596199063343 3.836690309597181 3.8014543336581896 3.988434999679473 3.0015915233347763 2.790831890792364 2.9121109830908583 3.136898703212707 2.6926292879458527 2.706319418704484 2.6843298205857558 2.6825767109470418 2.6100837502019316 2.592076710354428 2.5363397579493387 2.4930214878303083 2.4131044248484512 2.3730539484210484 2.3779130894116465 2.3751096994379046 2.149758116888921 2.1432089417137976 2.160446854413908 2.1991343540951918 2.1976319899506773 2.181498869840837 2.187471673498287 2.20631455502848 -9999
-9999 -9999 -9999 -9999 -9999 -9999 -9999 -9999 -9999 -9999 -9999 -9999 -9999 -9999 -9999 -9999 -9999 9.273030926284584 10.257051579941388 9.524102766982214 6.3740252021277515 3.1275837227297507 3.0847631132971958 3.1987598466023783 3.1961727649702696 2.911388090276801 3.321479751037701 3.289989723987369 3.087637717255152 3.1834513449465565 3.0042944651439263 2.7795585683636768 2.670383886937909 2.670592477682592 2.6211763483896258 2.517863572863248 2.5148114623171547 2.485983805479856 2.4432165135405253 2.3758008340480323 2.3533467013377845 2.351553102832788 2.3389384492599232 2.090852241516832 2.085787830020782 2.1226791245713557 2.1403087284741487 2.189580549215199 2.1970632679678803 2.159966053312624 -9999 -9999
-9999 -9999 -9999 -9999 -9999 -9999 -9999 -9999 -9999 -9999 -9999 -9999 -9999 8.555698705214333 6.980061759309093 6.6483814721953385 6.939136880390255 7.1895671091976645 9.32758017478471 6.4500223060571695 6.950066153003156 6.547590029327134 3.3945333473325534 3.205632812599972 3.2099491546423353 2.9778956381085475 2.9484022193381225 2.9526224067148616 2.999906145260129 2.92951193598809 2.847864856712084 2.675350758153748 2.6153015203286154 2.575772168756404 2.5357929158901404 2.473235800043481 2.4096516683233777 2.3568752260832047 2.337456409035332 2.219496275705079 2.2323368405814765 2.259264711382412 2.247612199250073 2.0732893789799856 2.0774814774039694 2.1001570039185324 2.092515005396042 2.1285547973628565 2.127012023123518 2.06268948017782 2.067776474535426 -9999
-9999 -9999 -9999 -9999 -9999 -9999 -9999 -9999 -9999 -9999 -9999 -9999 -9999 7.078369738015819 5.755911370003076 5.653092538507688 7.234916264535853 6.6176382569349785 6.301695766947812 3.2957654567032293 3.426648773909865 3.197904965510502 3.0979723091303115 3.161818469698893 3.138511477782877 3.1656189981322185 2.9506817127261558 2.8091461605202435 2.7822293113947563 2.7748910317307107 2.795807318116537 2.6612568033256614 2.6098083661534734 2.5936685009143416 2.583568293463706 2.508293628399086 2.46175836927162 2.394616973288891 2.3421816299191316 2.2488837250477003 2.2555371431876736 2.257336388501197 2.2432296237560863 2.2114970316147984 2.2010409253482863 2.253135439943073 2.231354756503605 2.1066547720859186 2.1144601568737533 2.1155654845614213 2.0797809347743152 1.947255181354965
-9999 -9999 -9999 -9999 -9999 -9999 -9999 -9999 -9999 -9999 -9999 -9999 -9999 6.538908226176104 5.583096757739776 3.563301953878065 2.7723892658332088 3.3830431578410263 4.960859399726426 2.931472155952584 3.0085096752502323 3.1512512090544287 3.37174299587335 2.9907349534913865 2.9229910983987235 2.798898588421753 2.7417488184293526 2.7257794051673123 2.7095594226371564 2.7068002317221245 2.690179858190986 2.5753933955747232 2.5726706395073995 2.5715554605293747 2.5744967318234737 2.5232781594709617 2.4683653300025408 2.4104030836192574 2.3609983168411683 2.250693022575349 2.253176322631327 2.235887218504373 2.231819424400066 2.2088468098474183 -9999 -9999 -9999 -9999 -9999 -9999 -9999 -9999
-9999 -9999 -9999 -9999 -9999 -9999 -9999 -9999 -9999 -9999 -9999 -9999 -9999 6.587950160657438 5.3384456438913634 2.8938743997263763 4.1018191927266345 3.7203715616966138 3.02072218953078 3.322629819039334 3.3059540072812763 3.345738419861867 3.3676910213554674 3.055447312634141 2.756532511270485 2.6629919690489743 2.6767029346585747 2.6884938122420032 2.674498055011991 2.685005940079032 2.648662523879718 2.5617057048596727 2.5662848267552034 2.5495286560292985 2.5700759208522497 2.4976010895149616 2.427294933366353 2.3778120913458665 2.3303003373570084 2.251419591416377 2.1320480549071665 -9999 -9999 -9999 -9999 -9999 -9999 -9999 -9999 -9999 -9999 -9999
-9999 -9999 -9999 -9999 -9999 -9999 -9999 -9999 -9999 -9999 -9999 -9999 7.977421984331365 6.657277216695676 6.207067900986733 4.0462967186912335 3.542673677060024 2.8922205086817456 3.1700323481206767 3.313600985730901 3.2125258758730686 3.2354795503979483 3.0096824846387977 2.6984555006949185 2.6399381963278508 2.6195803460092453 2.6175125534360064 2.6606450259824426 2.6582213750783708 2.6440729231301843 2.6380868612414567 2.5406264900771416 2.5346287696747325 2.524132778759941 2.5353328194632785 2.4743870934553707 2.4090520719237354 2.36746247557121 2.2750436218925625 2.194400020133376 2.142452464975781 -9999 -9999 -9999 -9999 -9999 -9999 -9999 -9999 -9999 -9999 -9999
-9999 -9999 -9999 -9999 -9999 -9999 -9999 -9999 -9999 -9999 -9999 2.4168190112170067 2.4155727839463346 2.448769158532936 2.969425512721343 2.5535147793537494 2.6231695375386392 2.5529994201711346 2.9475528511913924 2.5953747549438537 2.680490342077088 2.6117648777066567 2.6693700282816977 2.5509141584076334 2.5253982961052293 2.523929540455748 2.548829973199623 2.4272816543493394 2.4034478521256317 2.3993973619282842 2.406483592370375 2.2543388479682807 2.244251711155429 2.2334021360005045 2.2513324954952547 2.2433851848618342 2.1643156858006223 2.0980141159518078 2.1398907381534107 2.0391163766819407 -9999 -9999 -9999 -9999 -9999 -9999 -9999 -9999 -9999 -9999 -9999 -9999
-9999 -9999 -9999 -9999 -9999 -9999 -9999 -9999 -9999 -9999 2.1336418082314133 2.3604695117797387 2.377612169336956 2.4507149733459084 2.6623768949267985 2.4935319084140577 2.5813674295544042 2.470568737573528 2.585735583749539 2.4351485880230497 2.4902831103234493 2.5135126290511702 2.5123531441940568 2.5082971852819234 2.6470701491595863 2.507773953027833 2.450086143730557 2.394434250301197 2.3515734594802087 2.3798297604032133 2.3950261707725398 2.3036730461205184 2.27481252698932 2.2597460759135983 2.2442098080186854 2.1434654659685384 2.064085054481084 2.1028736489532807 2.1208411842992585 -9999 -9999 -9999 -9999 -9999 -9999 -9999 -9999 -9999 -9999 -9999 -9999 -9999
-9999 -9999 -9999 -9999 -9999 -9999 -9999 -9999 -9999 -9999 -9999 -9999 2.6895134696281557 2.5612284898831263 2.4816764120958767 2.505878342387205 2.506703657077195 2.4328313599808835 2.407423944049856 2.4300476205528696 2.4140929590432965 2.4233959128128517 2.442961819114995 2.4807450606712798 2.4653025510656588 2.468687796276768 2.4485568530365587 2.352835610552636 2.348921497582737 2.3706715956706272 2.363359200939331 2.2658778651250664 2.280601910846144 2.254528045718817 2.2438734305541748 2.0912137919676086 2.090334480124211 2.1088823988628382 2.0913280105506633 1.863923723813332 -9999 -9999 -9999 -9999 -9999 -9999 -9999 -9999 -9999 -9999 -9999 -9999
-9999 -9999 -9999 -9999 -9999 -9999 -9999 -9999 -9999 -9999 -9999 2.5003237610529783 2.1530473380958157 2.286201256488232 2.3298932367520715 2.3984995581373267 2.386946340904521 2.3627156690911484 2.34887935827387 2.4508387749369236 2.4157280717690237 2.432596231738272 2.4313131075867074 2.445050681666304 2.4387430352709987 2.460270718311833 2.4635800424771164 2.328176658320024 2.3048173168372603 2.310908042655924 2.2959643173459767 2.076040475005138 2.0532226827525126 1.994809914067704 2.0061125251718104 2.064539335969501 2.0868501470475573 2.0592523920871675 1.8897942643274837 -9999 -9999 -9999 -9999 -9999 -9999 -9999 -9999 -9999 -9999 -9999 -9999 -9999
-9999 -9999 -9999 -9999 -9999 1.8643897090034742 1.963972661516257 1.9689740571861531 2.0741781867965474 2.0626628494063444 2.039254636335036 2.5231000823621725 2.5895438609658936 1.9610321218795592 1.9638894255137904 2.0685275707547968 2.1251670963571465 2.197193379607448 2.236968965503984 2.324461594620056 2.328334213833672 2.333094779557996 2.2615789944627984 2.175852514502884 2.1516699853458325 2.2063284513713963 2.246104143166302 2.1948374446163146 2.197404454138181 2.0963235855203717 2.086197689078652 2.1017747678221825 2.080253634972033 2.0590167922728213 2.0753239888995028 1.8951820861945199 1.944890056091699 1.9429289162599712 -9999 -9999 -9999 -9999 -9999 -9999 -9999 -9999 -9999 -9999 -9999 -9999 -9999 -9999
-9999 -9999 -9999 -9999 1.9768746228598872 1.9210284108387512 1.8529567296705385 2.2321246943099844 2.105441042382993 2.0549858283302576 2.0073595841407337 1.9605070604565007 1.9635532167882344 1.9497988972362652 1.874651131968519 2.0044036208477065 2.0341765132065635 2.171044987768793 2.1786397369656263 2.2606232083360953 2.265644783430992 2.285527182222886 2.259447660975233 2.12420469116202 2.126084273745342 2.093428999605922 2.0759526864907785 2.030348142237138 2.020385353531296 2.010949576016984 2.0030084550830543 1.9397289720048545 1.9253705385234177 1.7953508291356273 1.7739040918000173 -9999 -9999 -9999 -9999 -9999 -9999 -9999 -9999 -9999 -9999 -9999 -9999 -9999 -9999 -9999 -9999 -9999
-9999 -9999 -9999 1.9831933612694663 1.95402413550553 1.903147244992076 1.9193985087177396 2.029443023329 2.047733475421209 2.0399055540019857 1.992137546356345 1.963800677113704 2.0045603177347964 1.9635374028366936 1.8240997003999455 1.9451159942637832 2.0687388136550595 2.129506886141216 2.1525782807425062 2.2022083813298656 2.1881459979217124 2.192242473853304 2.1591311927963464 1.9587307214581124 1.971240181928413 1.9565023089055495 1.9518611121219809 1.991992755206953 2.005160448985432 1.917397736824112 1.8261976831634192 -9999 -9999 -9999 -9999 -9999 -9999 -9999 -9999 -9999 -9999 -9999 -9999 -9999 -9999 -9999 -9999 -9999 -9999 -9999 -9999 -9999
-9999 -9999 -9999 4.204165011357522 5.357854914352263 3.589528873529967 2.5561120685631624 2.518954088982405 2.2562392065632664 2.1058097102600883 2.044707317260632 2.0083888680135376 1.880130391576238 1.9059769313780044 1.90658916731134 1.9930596800176483 2.0583686428999197 2.1155357487001907 2.105417472835176 2.195677389174537 2.175421108166092 2.160914522192221 2.023560229073646 1.908907116372184 1.9144944854542911 1.943664349097873 1.9109777009852869 1.9636056574702812 1.8416522698903663 -9999 -9999 -9999 -9999 -9999 -9999 -9999 -9999 -9999 -9999 -9999 -9999 -9999 -9999 -9999 -9999 -9999 -9999 -9999 -9999 -9999 -9999 -9999
-9999 -9999 -9999 2.824961526769032 4.803891395321992 2.777215360106944 2.8071503069295627 2.5318937104879917 2.456959039699372 2.432991356988869 2.3887734033724684 2.1136851591543926 2.0970894712232115 2.0480012866023762 2.02593593570203 2.1286616073996565 2.1294430792834507 2.117087953340362 2.0995103740627425 2.084983528365223 2.043077456325959 2.0634947779360795 1.9541915764422693 1.817752601207814 1.8744261195923997 1.7734670741063243 1.7948909330084173 1.9715464471199728 -9999 -9999 -9999 -9999 -9999 -9999 -9999 -9999 -9999 -9999 -9999 -9999 -9999 -9999 -9999 -9999 -9999 -9999 -9999 -9999 -9999 -9999 -9999 -9999
-9999 -9999 -9999 2.8463324896171414 2.713155301559016 2.3848889032868845 2.66991746676911 2.4722026979179845 2.3930148638561146 2.28721652322174 2.195111368140716 2.178391864772405 2.154926379628381 2.078569145820001 2.128268302246445 2.1479961490866546 2.1319835097069144 2.1095513861946182 2.0936780698856823 1.985955115059551 1.9831079097916595 1.9585073905010009 1.8744237485165618 1.8165675494740083 1.7897625813635911 1.7711261676687673 1.7383484353908585 -9999 -9999 -9999 -9999 -9999 -9999 -9999 -9999 -9999 -9999 -9999 -9999 -9999 -9999 -9999 -9999 -9999 -9999 -9999 -9999 -9999 -9999 -9999 -9999 -9999
-9999 -9999 -9999 -9999 2.1910394279319685 2.394973121154057 2.4185017367933828 2.598113100218351 2.2829342925750127 2.218718009627612 2.204861601972696 2.144201585082232 2.1581094730183707 2.1489595609185983 2.125878063237535 2.1754309990807097 2.1308425828991537 2.147413947256871 2.132485520737831 1.998130844717119 1.9746282997493472 1.9604843640374787 1.8295806920329063 1.8096388729799613 -9999 -9999 -9999 -9999 -9999 -9999 -9999 -9999 -9999 -9999 -9999 -9999 -9999 -9999 -9999 -9999 -9999 -9999 -9999 -9999 -9999 -9999 -9999 -9999 -9999 -9999 -9999 -9999
-9999 -9999 -9999 -9999 2.2468778508914857 2.294914448513063 2.148809731894185 2.3322230588144715 2.178915944140253 2.1735987529789726 2.199333265941641 2.149244840861729 2.1466415024376757 2.1562589102362293 2.160226490788994 2.1103249455632525 2.149085652449477 2.169382218808415 2.073161930036292 1.9946843466580548 1.940926377209363 1.8492505068688134 1.8153034619134223 1.8244137078296163 1.8574917069169865 -9999 -9999 -9999 -9999 -9999 -9999 -9999 -9999 -9999 -9999 -9999 -9999 -9999 -9999 -9999 -9999 -9999 -9999 -9999 -9999 -9999 -9999 -9999 -9999 -9999 -9999 -9999
-9999 -9999 -9999 -9999 2.2489091363678786 2.206491802423112 2.1380150982694284 2.1827425270232306 2.0839059218777845 2.1086567373770437 2.1569611486455007 2.194259898943573 2.2553909375320726 2.214115187557997 2.1764498038039983 2.1405125013431063 2.1278275933294526 1.992589486057272 1.8938980286957825 1.9146225017675116 1.8996279504710811 1.85676912443784 1.917165221249092 1.9684746897790828 -9999 -9999 -9999 -9999 -9999 -9999 -9999 -9999 -9999 -9999 -9999 -9999 -9999 -9999 -9999 -9999 -9999 -9999 -9999 -9999 -9999 -9999 -9999 -9999 -9999 -9999 -9999 -9999
