metrics/grid_rasters/GLDAS/grideval_GLDAS_X_winter_2018_absolute_bias.asc
ncols 52
nrows 55
xllcorner     11.25
yllcorner     55.25
cellsize      0.25
NODATA_value  -9999
[rows 0 to 28 of 55, columns 0 to 51 of 52]
-9999 -9999 -9999 -9999 -9999 -9999 -9999 -9999 -9999 -9999 -9999 -9999 -9999 -9999 -9999 -9999 -9999 -9999 -9999 -9999 -9999 -9999 -9999 -9999 -9999 -9999 -9999 -9999 -9999 -9999 -9999 -9999 -9999 -9999 -9999 -9999 -32.15284350497855 -32.49781807214022 -35.54776920653466 -9999 -9999 -9999 -9999 -9999 -9999 -9999 -9999 -9999 -9999 -9999 -9999 -9999
-9999 -9999 -9999 -9999 -9999 -9999 -9999 -9999 -9999 -9999 -9999 -9999 -9999 -9999 -9999 -9999 -9999 -9999 -9999 -9999 -9999 -9999 -9999 -9999 -9999 -9999 -9999 -9999 -9999 -9999 -9999 -9999 -9999 -9999 -9999 -9999 -30.00969934583538 -31.497175696906112 -32.932096192406284 -31.0049571701222 -31.699182811317343 -36.94293409070621 -9999 -9999 -9999 -9999 -9999 -9999 -9999 -9999 -9999 -9999
-9999 -9999 -9999 -9999 -9999 -9999 -9999 -9999 -9999 -9999 -9999 -9999 -9999 -9999 -9999 -9999 -9999 -9999 -9999 -9999 -9999 -9999 -9999 -9999 -9999 -9999 -9999 -43.035637795511214 -43.082550134882325 -43.11605771705509 -39.41872389902258 -32.79034625738859 -40.860667938676976 -40.105339720886604 -9999 -38.720251722364786 -33.655817727206475 -33.18599333771402 -38.66927450746298 -37.933253067152364 -39.211293861145776 -38.407021815391886 -38.03816018932395 -39.43239766696675 -38.29414422005001 -37.3240854430116 -9999 -9999 -9999 -9999 -9999 -9999
-9999 -9999 -9999 -9999 -9999 -9999 -9999 -9999 -9999 -9999 -9999 -9999 -9999 -9999 -9999 -9999 -9999 -9999 -9999 -9999 -9999 -9999 -9999 -9999 -9999 -9999 -9999 -33.84274469527106 -29.671884435870577 -35.009960754298504 -27.07430022818347 -30.653774022766285 -33.228803853235306 -41.01116353693522 -40.94312256901628 -41.7024985090519 -41.284498381200756 -41.11948908337703 -41.941983044561404 -41.52020413625158 -40.89261870317989 -39.92440393649869 -40.718473866871655 -40.89842002029634 -41.55160898533132 -40.792618717108326 -40.49369639586657 -41.388529037808375 -9999 -9999 -9999 -9999
-9999 -9999 -9999 -9999 -9999 -9999 -9999 -9999 -9999 -9999 -9999 -9999 -9999 -9999 -9999 -9999 -9999 -9999 -9999 -9999 -9999 -9999 -43.047506384510136 -43.035995783077354 -43.05304603535268 -43.08182616386976 -34.99200102388859 -33.36370981302526 -32.90649576696257 -32.08225593438579 -31.97116104401648 -35.70685202375882 -38.75997216384857 -43.07070339206192 -43.156049168689385 -42.89730210316678 -42.51654412628462 -42.639630928676986 -42.84428723673854 -42.7765180811286 -42.67919500188695 -42.71603633335067 -42.593802041270656 -42.6143199113922 -42.60542163753675 -42.70410003231631 -42.50679330635402 -42.66672935752818 -42.75780282285479 -9999 -9999 -9999
-9999 -9999 -9999 -9999 -9999 -9999 -9999 -9999 -9999 -9999 -9999 -9999 -9999 -9999 -9999 -9999 -9999 -9999 -9999 -9999 -9999 -43.054678642791174 -43.05175456119081 -43.0414761033737 -43.024531041002945 -42.19711791678435 -43.043985511859255 -42.97384560112324 -35.73731711755196 -42.6313732371976 -42.9990917587032 -38.250776838221476 -42.31584901395771 -43.07212243597541 -43.14852230935874 -42.642109871655705 -42.465762596722286 -42.27347768478924 -42.6989682253864 -42.84480519625875 -42.878648153216474 -42.83951838088946 -42.81864055289577 -42.71894067227841 -42.70673135852234 -42.82141883880314 -42.84361846455269 -42.9023619040019 -42.96942326107785 -9999 -9999 -9999
-9999 -9999 -9999 -9999 -9999 -9999 -9999 -9999 -9999 -9999 -9999 -9999 -9999 -9999 -9999 -9999 -9999 -9999 -9999 -9999 -43.048588114107645 -43.01239957321021 -42.9149502693365 -35.750572989881036 -33.16537213830485 -30.188375129302344 -31.835794195656977 -34.591884336786144 -43.0273692894727 -43.067691677725975 -43.021671451297074 -43.10985766297413 -43.02520271541758 -43.05815721864088 -43.15351446330961 -42.69017867810197 -42.744780814544185 -42.76570418882701 -42.83398529721631 -42.84016764435089 -42.83309943284839 -42.89235645865814 -42.857657156325885 -42.87164269133161 -42.947207197422784 -43.00469374513874 -43.059657113398934 -43.06801128610969 -43.05216646519386 -43.036874071984656 -9999 -9999
-9999 -9999 -9999 -9999 -9999 -9999 -9999 -9999 -9999 -9999 -9999 -9999 -9999 -9999 -9999 -9999 -9999 -9999 -9999 -9999 -9999 -36.05830923716228 -36.00852958175043 -34.625894005017145 -35.08101271382637 -35.07786499328083 -36.879217983699505 -38.37780696439246 -43.10386053284423 -43.13263223440283 -43.08892791035274 -43.12821798635026 -43.13963184033832 -43.127674847448034 -43.12371979223357 -43.087967048771674 -43.08818899798725 -43.07757377448596 -42.99360400107172 -42.93778737822755 -42.952828792606795 -42.9357351973032 -42.93421143761112 -42.96117799431086 -43.04249515444455 -43.0092648336871 -43.035098202630046 -43.03358832181742 -43.024657477997245 -9999 -9999 -9999
-9999 -9999 -9999 -9999 -9999 -9999 -9999 -9999 -9999 -9999 -9999 -9999 -9999 -9999 -9999 -9999 -9999 -9999 -9999 -42.973943447983935 -43.04062430519196 -43.04396541756061 -39.92188063127299 -35.965173636873565 -40.82710876721474 -43.12554911060466 -43.18261452681489 -42.82039507608861 -43.1548665849078 -43.150265335167454 -43.12298762959739 -42.204537870652146 -42.15599097087979 -42.456723942545544 -42.30199160964953 -41.6272726116495 -41.39120828598324 -41.385829192710425 -42.25869698110554 -42.01681003057294 -42.064351111257245 -42.33716990196457 -42.88486335836351 -42.3208856086971 -42.549050522016145 -42.77286556791514 -42.819961823481655 -43.00018848350479 -42.89393937935432 -42.921964513883 -42.91101417156558 -9999
-9999 -9999 -9999 -9999 -9999 -9999 -9999 -9999 -9999 -9999 -9999 -9999 -9999 -9999 -9999 -9999 -9999 -9999 -37.84513558766081 -43.03301388513711 -43.04953002176351 -43.06901741967433 -43.12166463594056 -43.16813976801932 -42.96557213082496 -42.37258014554778 -42.04069986095031 -41.89776055547926 -41.243168722569116 -43.15289823189378 -43.09286883643104 -43.096791286083565 -43.1089846238494 -43.10972561707928 -43.10193642001185 -42.784700493286884 -41.95494657717645 -42.36825238282068 -41.67201041786207 -41.3120609468884 -41.97194760195497 -42.44013252560463 -42.80232202923961 -42.48477226520578 -42.803578520173 -42.91310293051518 -42.94943501732002 -43.002481960629424 -43.00562636947466 -42.982156548421415 -42.85585647881445 -9999
-9999 -9999 -9999 -9999 -9999 -9999 -9999 -9999 -9999 -9999 -9999 -9999 -9999 -9999 -9999 -9999 -9999 -40.18130927210053 -35.382438139244904 -36.07767325364467 -43.12852536065297 -42.60376628666288 -42.667173542889465 -43.038123925899455 -43.043500817235966 -43.16019401748975 -43.094416819305884 -41.959547791671426 -43.112452421771984 -42.90192616074864 -42.53073007518217 -42.379126020583016 -42.37560262560017 -43.04356621685955 -43.108989695024995 -43.102996202082274 -43.09013672055057 -43.06915168646309 -42.90569611226933 -41.57463877658464 -41.717965720180004 -42.101570874121464 -42.42315177915411 -42.242840169246 -42.387237052309025 -42.287878993981415 -42.32869342505518 -42.821620770150595 -42.75906671691272 -42.184871834992535 -9999 -9999
-9999 -9999 -9999 -9999 -9999 -9999 -9999 -9999 -9999 -9999 -9999 -9999 -9999 -43.05630188302861 -43.0569828979671 -43.03192630633712 -43.02081691854529 -43.02648385974268 -36.711923945364035 -43.048524132122594 -37.36967377360497 -41.77522711964945 -42.938725369051106 -43.10884096351349 -43.11753411264056 -43.0475588688006 -43.09963501019197 -43.10911894351658 -43.10687296148389 -43.0777782795123 -43.06991774909612 -42.80839557945728 -42.97241109270188 -43.08961395480566 -43.10967703666538 -43.05335198239321 -43.03923437349084 -43.089687450064545 -43.084141217917214 -42.91316853714072 -42.810849386681284 -42.73629616070538 -42.65858546574083 -41.770820563079575 -41.62297104547421 -41.46796900656902 -40.950868460949934 -40.7019558482493 -40.46083265485035 -40.101312956131174 -39.49602625639074 -9999
-9999 -9999 -9999 -9999 -9999 -9999 -9999 -9999 -9999 -9999 -9999 -9999 -9999 -43.03213696864744 -43.06355334180925 -43.105429154841445 -43.15268761743275 -43.1564844456191 -43.14291576171915 -43.040853782267206 -43.093026512302465 -43.058244366219476 -43.12367402137153 -43.126310393690225 -43.122105569578714 -43.073603264532146 -43.07703068407459 -43.03592328476823 -43.09308405232925 -43.09305316151844 -43.08714257437322 -43.01903262010051 -43.034022396637326 -43.03452887278464 -43.04801263954078 -42.264870446796216 -41.9897204875946 -42.949000299038985 -42.94571034972452 -43.083397950790825 -43.05313857359191 -42.90729191203912 -42.562950107600116 -40.999129776946376 -40.44827125285649 -40.44025909691635 -40.48984748704566 -40.734702772667845 -40.593291398406855 -40.33323370967474 -40.45493576147904 -40.950664602220066
-9999 -9999 -9999 -9999 -9999 -9999 -9999 -9999 -9999 -9999 -9999 -9999 -9999 -43.05380025274224 -43.13922932915803 -43.154384437555244 -43.1481531466047 -43.15347133821084 -43.14059300228126 -43.13106188759622 -43.136224292653296 -43.14169041361246 -43.11895964108408 -43.114793932665556 -43.09462246048368 -43.09323541567557 -43.09935224730936 -42.981360163270594 -42.99744349190346 -43.038673683731915 -43.05949543488936 -42.981444995808936 -42.99101968264828 -43.008388638931024 -43.00577462187243 -41.26483358972602 -40.62258008807483 -42.13859741770559 -42.368320897118075 -42.63651063301497 -42.844784616616856 -42.05618793217258 -41.47885920782056 -40.7089252859354 -9999 -9999 -9999 -9999 -9999 -9999 -9999 -9999
-9999 -9999 -9999 -9999 -9999 -9999 -9999 -9999 -9999 -9999 -9999 -9999 -9999 -43.10078159889413 -43.116398488833674 -43.154827216847075 -43.14873700624125 -43.15007688490053 -43.1276063858014 -43.11595781468269 -43.10023374447806 -43.099223910437686 -43.11495470785432 -43.13861379023228 -43.115592303623764 -43.043906701645916 -43.01144130163723 -42.87322950677739 -42.93318093100356 -42.95242545317031 -43.01154272504565 -42.981885063710315 -42.99423372151537 -42.93740450731582 -42.00563986123436 -40.18993523083627 -39.67562693835546 -40.457740361471146 -41.848634216603315 -41.47355096189098 -40.059080553737786 -9999 -9999 -9999 -9999 -9999 -9999 -9999 -9999 -9999 -9999 -9999
-9999 -9999 -9999 -9999 -9999 -9999 -9999 -9999 -9999 -9999 -9999 -9999 -43.03836772913734 -43.09929820257757 -43.10498438059456 -43.13173027516653 -43.12961244353404 -43.06144632632947 -43.115486225196065 -43.1079089038488 -43.11073681381013 -43.1012524921447 -43.10030679940763 -43.099349123549956 -43.101084698260664 -43.06931379950709 -43.00562050460528 -42.86862398911681 -42.923867068667384 -42.9701509118494 -42.96827824461377 -42.82588459925933 -42.94013234970884 -42.82167938299891 -42.630433953905275 -41.93517168743743 -41.64397097854979 -41.72644958785838 -41.800695703220036 -40.4714631886325 -40.11129605372747 -9999 -9999 -9999 -9999 -9999 -9999 -9999 -9999 -9999 -9999 -9999
-9999 -9999 -9999 -9999 -9999 -9999 -9999 -9999 -9999 -9999 -9999 -43.020780593963956 -43.03266354194946 -43.02419589008722 -43.077830088097194 -43.08119018057154 -43.07653260882944 -43.124612481147054 -43.11296903135048 -43.111177100675796 -43.111175034588406 -43.10675683371309 -43.104937338125374 -43.10089154984389 -43.0743431314826 -42.952166013067796 -43.00193453400085 -42.56742657669302 -42.55405725327631 -42.587723764363254 -42.579065626652714 -42.58123670036179 -42.55920477786826 -42.3674061846402 -41.407088519529346 -41.13613876147817 -41.28773666734083 -41.74240301431467 -41.109788589013945 -40.38086826577783 -9999 -9999 -9999 -9999 -9999 -9999 -9999 -9999 -9999 -9999 -9999 -9999
-9999 -9999 -9999 -9999 -9999 -9999 -9999 -9999 -9999 -9999 -42.668297624422436 -43.010539019314784 -43.10456185264306 -43.12894261462821 -43.11220385012113 -43.120184874555314 -43.10756622163786 -43.119732321095135 -43.113129378668965 -43.11411548664587 -43.07514294690143 -42.9375513214618 -42.911470672695174 -42.56309698669033 -42.742683510709966 -42.62975134752277 -42.087864050289824 -41.55948408072194 -42.19156670355135 -42.299417852796616 -42.21582912388775 -41.92848643598458 -41.72509698969208 -41.211803999170655 -40.59413898599645 -40.97837165432672 -41.15186335465147 -41.46261291042384 -40.90870941082637 -9999 -9999 -9999 -9999 -9999 -9999 -9999 -9999 -9999 -9999 -9999 -9999 -9999
-9999 -9999 -9999 -9999 -9999 -9999 -9999 -9999 -9999 -9999 -9999 -9999 -42.93983486621744 -43.015874911285934 -43.064284134325064 -43.081908869660566 -43.07410877226955 -43.07321580954724 -43.04100571800437 -42.90761190174769 -42.74815037122203 -42.6162417439123 -42.642286598061524 -42.36168986037374 -42.272908857568275 -42.18644497601522 -42.33181025154061 -42.24984571604679 -42.170746585768136 -41.83529248761221 -42.232152293187866 -41.80790711165302 -41.66272342366477 -41.443901071159374 -40.813306296058 -41.15774779547421 -41.130879547302094 -40.85514596951091 -40.33672698289156 -39.145780600379744 -9999 -9999 -9999 -9999 -9999 -9999 -9999 -9999 -9999 -9999 -9999 -9999
-9999 -9999 -9999 -9999 -9999 -9999 -9999 -9999 -9999 -9999 -9999 -42.93436987714635 -42.88030309230089 -43.07748795689808 -43.054189399278 -43.00456956271082 -42.877159854438574 -42.95258033708153 -42.869909559893934 -42.74184358651853 -42.73308983939803 -42.68263906530208 -42.57909806252768 -42.340740742120474 -42.46994229215715 -42.481180842634714 -42.47043405206253 -42.159054764070454 -42.21277348535757 -42.26933690030128 -42.2302029721232 -42.1247311891574 -42.07983233914193 -42.01179967839271 -41.875701540563675 -41.55403999667615 -40.94352791412837 -39.779726199992 -37.66129327633728 -9999 -9999 -9999 -9999 -9999 -9999 -9999 -9999 -9999 -9999 -9999 -9999 -9999
-9999 -9999 -9999 -9999 -9999 -40.35075819748971 -41.66993875710501 -42.462097460217784 -43.049059627329314 -43.03577264286578 -42.98498886418012 -42.84847049446156 -42.91843696586374 -43.01237599601348 -43.08030212416004 -42.88206318387141 -42.8247299504156 -42.5903285968221 -42.54009568370465 -41.689889266797245 -41.75607639222096 -41.798699927599074 -41.946403584236066 -41.25907740040372 -41.012614035689175 -40.898649482739465 -40.821197986540696 -40.690892837776076 -40.70814360872739 -41.08803883931703 -41.75276430369252 -42.42086943029943 -42.340355777781866 -41.89481030979918 -40.507387722055945 -39.52899923063815 -38.8023467194082 -38.03412116598338 -9999 -9999 -9999 -9999 -9999 -9999 -9999 -9999 -9999 -9999 -9999 -9999 -9999 -9999
-9999 -9999 -9999 -9999 -40.5710184423046 -40.738203533035175 -41.138072163156345 -42.16242608868827 -43.08247680699247 -43.018450229842635 -42.71573103738741 -42.83354142391019 -42.904235624728926 -42.82578491659628 -42.839702016839546 -42.557166071774226 -42.624050076947434 -42.576704563904144 -42.58516064066854 -42.18680054315677 -42.36223397074888 -42.391355770246854 -42.54118717213472 -41.990651978924866 -41.95590761440496 -41.79161177470039 -41.83227712847293 -41.50476685350554 -41.47308728179585 -41.58132916548186 -41.225230526406726 -40.5125858809799 -39.76981916822907 -38.83449389870382 -38.30877299428814 -9999 -9999 -9999 -9999 -9999 -9999 -9999 -9999 -9999 -9999 -9999 -9999 -9999 -9999 -9999 -9999 -9999
-9999 -9999 -9999 -39.848142939971545 -40.195944850560686 -40.65617540627718 -42.34659967782597 -43.00839793640705 -43.03820422057891 -42.89874556457831 -42.6982454771176 -42.69436476741813 -42.66040434673842 -42.66760549147924 -42.696942828533544 -42.523474327454146 -42.457771741764404 -42.43232574311809 -42.37366533877535 -41.73182886304954 -42.00322848810918 -42.311792714790336 -42.53565265275538 -42.30646485148205 -42.339785226206814 -42.297295270115136 -41.915483469723 -41.272100351730145 -40.4229702844388 -39.644242971535355 -39.044664730338596 -9999 -9999 -9999 -9999 -9999 -9999 -9999 -9999 -9999 -9999 -9999 -9999 -9999 -9999 -9999 -9999 -9999 -9999 -9999 -9999 -9999
-9999 -9999 -9999 -42.33284801054332 -42.59215751095778 -42.6696906907277 -42.89166174313674 -42.024840714037424 -41.833942084842256 -40.77039405792538 -41.77165796266248 -42.26716185270085 -41.810795054274294 -42.28568681180477 -42.630376245660905 -42.432573331292296 -42.408554048732746 -42.407910685324005 -42.39526015714639 -41.74908312099675 -41.7392307471484 -42.197332151772244 -42.402585939069596 -42.17728054273046 -42.29668864653343 -42.321661221981046 -42.293184919241405 -41.35265264985048 -39.261085399716265 -9999 -9999 -9999 -9999 -9999 -9999 -9999 -9999 -9999 -9999 -9999 -9999 -9999 -9999 -9999 -9999 -9999 -9999 -9999 -9999 -9999 -9999 -9999
-9999 -9999 -9999 -42.16415032914115 -42.930473063182504 -42.91459564918445 -42.832526874376676 -42.620338718096406 -41.590583523900975 -41.16818238416066 -38.971533819453576 -39.859375311517056 -41.44733250706146 -41.830758249345756 -41.90862369262096 -41.95440687837287 -42.121813567148315 -42.08711914347692 -42.27041421631972 -42.14331057094451 -42.44447379420615 -42.324558560695095 -42.369247296762964 -42.424211239835465 -42.455499088660716 -42.10921450911297 -40.19042614462475 -38.6025500656416 -9999 -9999 -9999 -9999 -9999 -9999 -9999 -9999 -9999 -9999 -9999 -9999 -9999 -9999 -9999 -9999 -9999 -9999 -9999 -9999 -9999 -9999 -9999 -9999
-9999 -9999 -9999 -42.93006803579628 -42.84415227187176 -42.56778234715264 -42.79886746973627 -41.982886992933025 -40.06589492128955 -39.1942850669639 -39.39920805649211 -39.5361086042184 -40.542226438100144 -41.4392511760609 -41.455645522764996 -41.61845422012525 -42.445206788327134 -42.656028457461964 -42.663973308396 -42.59650112752699 -42.549276820156315 -42.475032579050286 -42.43125182967633 -42.31420360033711 -42.15934685830855 -39.68714501402445 -38.39800632753306 -9999 -9999 -9999 -9999 -9999 -9999 -9999 -9999 -9999 -9999 -9999 -9999 -9999 -9999 -9999 -9999 -9999 -9999 -9999 -9999 -9999 -9999 -9999 -9999 -9999
-9999 -9999 -9999 -9999 -41.37546236771677 -39.727043311235796 -39.25352077693161 -39.78437846716907 -40.18308199207402 -40.697368667936985 -39.64727115250296 -39.58597352639254 -39.31216195865225 -40.11473437736018 -42.021430968244864 -42.313473210980504 -42.58569083739486 -42.58959912274861 -42.597256239979636 -42.30103080560349 -42.34181679613474 -42.43173689318614 -42.304588159815296 -41.90530247429593 -9999 -9999 -9999 -9999 -9999 -9999 -9999 -9999 -9999 -9999 -9999 -9999 -9999 -9999 -9999 -9999 -9999 -9999 -9999 -9999 -9999 -9999 -9999 -9999 -9999 -9999 -9999 -9999
-9999 -9999 -9999 -9999 -39.074777429716455 -38.93740530752887 -38.81047619608128 -39.24374811353369 -38.56102108042687 -39.1584181614841 -40.024306228943175 -40.586409512534736 -40.877630124634344 -40.915965428493095 -41.555664485030704 -41.977152951206605 -42.0503933849848 -42.0939255354926 -42.396967095405685 -42.31878250468936 -42.29134681026141 -42.28072206537343 -42.06089555979189 -40.56244763053126 -38.15111915326367 -9999 -9999 -9999 -9999 -9999 -9999 -9999 -9999 -9999 -9999 -9999 -9999 -9999 -9999 -9999 -9999 -9999 -9999 -9999 -9999 -9999 -9999 -9999 -9999 -9999 -9999 -9999
-9999 -9999 -9999 -9999 -39.02573584862467 -39.15322173860752 -39.929883944222496 -38.52009437357386 -37.987495945228474 -38.13925605666721 -39.33807472272052 -39.71425201940454 -39.788919549435384 -39.923453157167465 -40.41901938391642 -40.92360311711414 -41.23751566877796 -40.85135656044715 -40.858472381573584 -41.99801942925486 -42.161414790567434 -42.153692278141776 -41.51115813015236 -40.14924479553269 -9999 -9999 -9999 -9999 -9999 -9999 -9999 -9999 -9999 -9999 -9999 -9999 -9999 -9999 -9999 -9999 -9999 -9999 -9999 -9999 -9999 -9999 -9999 -9999 -9999 -9999 -9999 -9999
