metrics/grid_rasters/GLDAS/grideval_GLDAS_X_winter_2016_absolute_ubrmsd.asc
ncols 52
nrows 55
xllcorner     11.25
yllcorner     55.25
cellsize      0.25
NODATA_value  -9999
[rows 0 to 28 of 55, columns 0 to 51 of 52]
-9999 -9999 -9999 -9999 -9999 -9999 -9999 -9999 -9999 -9999 -9999 -9999 -9999 -9999 -9999 -9999 -9999 -9999 -9999 -9999 -9999 -9999 -9999 -9999 -9999 -9999 -9999 -9999 -9999 -9999 -9999 -9999 -9999 -9999 -9999 -9999 7.065723922469053 7.159682404237322 6.976707433868568 -9999 -9999 -9999 -9999 -9999 -9999 -9999 -9999 -9999 -9999 -9999 -9999 -9999
-9999 -9999 -9999 -9999 -9999 -9999 -9999 -9999 -9999 -9999 -9999 -9999 -9999 -9999 -9999 -9999 -9999 -9999 -9999 -9999 -9999 -9999 -9999 -9999 -9999 -9999 -9999 -9999 -9999 -9999 -9999 -9999 -9999 -9999 -9999 -9999 5.020762393355682 6.478256341751809 4.5140070782033765 4.018235785472089 3.668378998405328 6.658806581049977 -9999 -9999 -9999 -9999 -9999 -9999 -9999 -9999 -9999 -9999
-9999 -9999 -9999 -9999 -9999 -9999 -9999 -9999 -9999 -9999 -9999 -9999 -9999 -9999 -9999 -9999 -9999 -9999 -9999 -9999 -9999 -9999 -9999 -9999 -9999 -9999 -9999 6.028745484850745 5.67889782861008 6.123951572427165 6.3747068237449955 6.441293252939303 7.171774331692077 6.866968206040788 -9999 6.83749106430529 6.054150210618175 5.212738275140327 6.3688366919424135 5.207231346297902 6.174605117298134 6.617692902212792 6.934370299716862 6.966644536770003 6.876453414132946 6.795993343738143 -9999 -9999 -9999 -9999 -9999 -9999
-9999 -9999 -9999 -9999 -9999 -9999 -9999 -9999 -9999 -9999 -9999 -9999 -9999 -9999 -9999 -9999 -9999 -9999 -9999 -9999 -9999 -9999 -9999 -9999 -9999 -9999 -9999 6.18169071525466 2.9645790325264096 5.84198280064259 1.3317539159482747 5.08388887402717 5.935619380166951 6.345039441798615 6.362465528326839 6.515336098449881 6.608000520935839 6.462062559201169 6.062594736370476 6.315606390825881 6.7119375945389175 7.172661301157522 7.293684000133009 6.92160455430598 6.987854780058317 6.730220806098672 6.513823282328518 5.783964798545037 -9999 -9999 -9999 -9999
-9999 -9999 -9999 -9999 -9999 -9999 -9999 -9999 -9999 -9999 -9999 -9999 -9999 -9999 -9999 -9999 -9999 -9999 -9999 -9999 -9999 -9999 4.879430773407571 5.005717987413863 5.35439352991536 5.2178302666706 3.400406175375743 2.3744126253857227 2.580907110714964 2.718771526751548 2.4333566628007595 3.6369078345264585 3.9659976239456247 6.072427359769598 6.486330037270231 7.070541603715628 7.102869662475097 6.944879776352517 6.837856980841089 6.863788625381744 6.87285374192262 6.970864800444041 7.282541204178346 7.272586812415542 7.251505211429336 7.199128375458287 6.473560904369732 5.673217565894433 5.122880790475797 -9999 -9999 -9999
-9999 -9999 -9999 -9999 -9999 -9999 -9999 -9999 -9999 -9999 -9999 -9999 -9999 -9999 -9999 -9999 -9999 -9999 -9999 -9999 -9999 4.385764372074962 3.641196101247423 4.252404692740929 5.726682665535858 4.880767883231536 5.611870451815576 5.858456293565746 4.1693107885741645 6.059227509016853 6.585191318483415 4.183760757856336 5.176323805117557 4.052611612274369 6.849084141369508 7.221467922767568 7.241324828474999 6.893729291367508 6.698011054244182 6.528406192030125 6.66958043642861 6.926442729342461 6.982128712223459 6.853618945760815 6.969623853271512 7.122498668095718 7.092532995187364 6.091859017723478 5.518448818943309 -9999 -9999 -9999
-9999 -9999 -9999 -9999 -9999 -9999 -9999 -9999 -9999 -9999 -9999 -9999 -9999 -9999 -9999 -9999 -9999 -9999 -9999 -9999 4.6235543212716745 4.588909098576557 5.070719727086655 7.070849764464603 3.2888413088075303 1.7463159015009668 2.149618400726278 3.0154576720381834 5.990982906169336 6.45267886373086 6.562818515572622 5.723897749664452 5.792277413060057 6.340539474245628 7.2497869667465915 7.437546275957497 7.566618593746666 7.450722231516599 7.223848050806378 6.8262284960561965 6.788071281907038 6.9589190254414826 6.921904959999861 6.7010653003139495 6.06621514376255 5.984018000349292 5.662077040560303 5.428731225054406 4.796908774349191 4.161226648349817 -9999 -9999
-9999 -9999 -9999 -9999 -9999 -9999 -9999 -9999 -9999 -9999 -9999 -9999 -9999 -9999 -9999 -9999 -9999 -9999 -9999 -9999 -9999 6.476837879297362 6.255453728493421 1.9747462127622233 4.383091008066196 4.409503509630384 4.689389816470331 3.21357576126712 6.2270802938430645 5.772621519854829 5.965012636040446 6.77516573799175 7.242866256437821 7.3766891772527154 7.554403491713344 7.562778601000466 7.5979677778063 7.1112463799869765 6.939441942604736 6.6781543809727415 6.534550618672867 6.791324508670497 6.968455633897497 6.761039140168864 6.2325550056733485 5.623766506533028 5.360465199241181 6.093620134406607 5.3176240104803805 -9999 -9999 -9999
-9999 -9999 -9999 -9999 -9999 -9999 -9999 -9999 -9999 -9999 -9999 -9999 -9999 -9999 -9999 -9999 -9999 -9999 -9999 5.807623538966715 5.848621404512667 5.918841966078467 5.891976705411519 5.405182054328713 4.666566111331886 6.435988946633503 6.681360016266981 7.059497612099053 7.14134652550867 7.139444195036968 7.22205295921346 6.476351417797332 6.012288158868488 5.8698806389648475 5.659824753929111 5.1425819325194455 5.555291008908938 4.970717357915203 5.555556726733334 7.144367537676508 6.695396255921465 6.531324609014097 6.546047234296776 7.197724770710642 6.957424259093054 5.932361856512477 5.2928479087258635 4.775896477839731 5.3349507089334525 3.712203791057905 2.8796291392985034 -9999
-9999 -9999 -9999 -9999 -9999 -9999 -9999 -9999 -9999 -9999 -9999 -9999 -9999 -9999 -9999 -9999 -9999 -9999 6.755679222403402 5.726962948154013 5.608026612339986 5.56413066659796 5.521054236763084 5.047556102952028 6.077290250733918 5.898845091555393 5.957687770399183 6.823173162449101 6.98672773294244 7.098578148440919 7.099319741126722 5.976227295312966 5.7847168024545885 6.210820808014705 6.827308213151418 6.968438693315588 5.24937509211346 7.0409606407019725 6.384498295726521 6.459443911122401 6.911834654879943 6.765222893093928 6.473464568961165 6.109406100460582 6.142927512874622 5.457096978037276 5.117501829718022 4.193762175430441 5.283722052270291 2.878404766877529 3.30225795139179 -9999
-9999 -9999 -9999 -9999 -9999 -9999 -9999 -9999 -9999 -9999 -9999 -9999 -9999 -9999 -9999 -9999 -9999 5.9953427487773405 7.396093141472656 6.5609698165588 4.67840406258553 3.648421636209001 3.96374602567617 5.236946977728119 4.7513738234829805 4.570974025205488 5.74122862087003 6.1861322587310745 6.411310493985509 6.995421481064178 6.949563993640108 5.978638677555058 5.914512289219919 6.003292802328419 5.853832978045403 5.590284114220524 6.0546993958890045 6.5757447791247365 6.692942610500211 7.282361835880645 7.369085991523898 6.706316651892601 7.268554868415509 5.941814382305214 6.056221602110273 5.046519874905372 5.0257748650229255 3.4593829414488435 3.8724802048857465 2.9530523627694176 -9999 -9999
-9999 -9999 -9999 -9999 -9999 -9999 -9999 -9999 -9999 -9999 -9999 -9999 -9999 1.6102680539702332 0.019640123450649416 2.885923840399161 3.422378004035102 3.1938539188039345 5.257103814986532 4.626836322764845 5.25508852904624 5.060507408603331 4.338676008661464 3.634161902778512 1.916298931355019 1.6789687463147591 3.608355197444837 5.4664009291669915 5.952641947637444 6.001561849841102 5.697072055565903 5.7858048988228425 5.924140738111192 5.640522127626588 5.054441563727106 4.941488866178661 5.330254113539056 4.626752065069332 6.022413505351532 3.1994739102919225 4.08151211893502 3.636393541454286 2.6557564051101945 3.3205204071022463 3.802197905192649 1.5514055920079852 0.06252937089414624 0.09964858227431074 0.23311302315279925 0.03237972850129467 0.2417735307710156 -9999
-9999 -9999 -9999 -9999 -9999 -9999 -9999 -9999 -9999 -9999 -9999 -9999 -9999 0.7645986156357252 0.2760461877289956 1.5685487025350764 2.835706976730343 2.68073305650992 2.3506141162923893 3.1290961354639486 3.8965623670657905 3.3481560837043025 2.7277023817935584 2.5309875710387333 2.9863302711391784 3.2667098226772544 3.79205262274605 4.2186999537596215 5.430793993454144 5.566933742764807 4.598262587575526 5.249604138715862 5.167698205446837 5.1151383526459995 4.82347892504067 4.4659782986888805 4.754221313383905 2.5430391683437232 2.6741618013090163 1.3881511314493016 1.3264277384901082 0.05234587869546937 0.019070466021233582 0.01911510519730988 0.2216728074842856 2.644955634782548 3.069994889436287 2.9328421453240234 3.0968395237616515 3.0895932522216323 3.1369082059899758 3.1899158385103665
-9999 -9999 -9999 -9999 -9999 -9999 -9999 -9999 -9999 -9999 -9999 -9999 -9999 0.2539781483899289 0.3351809339635051 1.486140300142062 1.6914764533779685 1.9032048656660217 2.514318635510976 2.2603275617132796 2.667804452671436 2.7905633628288187 2.095394424346056 1.4433805875504846 1.8562604329155128 2.197798462751395 2.478440644290549 3.3846554200741656 4.583249079993356 4.845477737840427 5.697682329231738 5.834961513171985 4.820613039439166 4.285084636068889 4.549042169021668 4.83616533266454 3.5932070500434485 1.7201195885665772 0.5834916031936921 0.015719902028814188 0.014820776354280215 0.013984010573716971 0.01436389887400957 0.28480979075316515 -9999 -9999 -9999 -9999 -9999 -9999 -9999 -9999
-9999 -9999 -9999 -9999 -9999 -9999 -9999 -9999 -9999 -9999 -9999 -9999 -9999 1.0301421005319262 1.1042227066620944 1.7194141033600552 2.2974131643215827 2.4282067907055804 2.3105522735917874 1.7837123230509415 1.3669348630333018 1.7252980583193571 2.177999495749693 2.4775332870643827 1.8669150137929136 1.4225753264627587 1.6371013947873456 3.228252017444712 4.288371250622127 4.765470759059967 4.7648622009649735 5.622129785015246 4.592501045451049 3.616688516590586 3.029435342764529 2.8017087829246163 2.408296417416014 1.8472720809011856 0.2372284430813241 0.018416952333335623 0.047704429023171034 -9999 -9999 -9999 -9999 -9999 -9999 -9999 -9999 -9999 -9999 -9999
-9999 -9999 -9999 -9999 -9999 -9999 -9999 -9999 -9999 -9999 -9999 -9999 2.169740149953249 1.9838020074257208 2.181616657501204 2.213687925078984 2.2601023836740937 2.3226463155410464 1.4366547399471246 1.9684796625260197 2.021410818199355 1.9241778454548502 1.6887660422290742 1.7548487984932628 1.8568443434931048 1.4989283215722322 1.4667431125959367 1.818471485442412 2.4596686015128206 2.9243584992216616 3.060146115405705 3.049476059139312 2.6385671770436216 2.126588849457592 2.078474909910086 2.087778697369568 1.9215729523279552 0.2593264797655977 0.018811216945498414 0.056452950019636114 1.713778293406867 -9999 -9999 -9999 -9999 -9999 -9999 -9999 -9999 -9999 -9999 -9999
-9999 -9999 -9999 -9999 -9999 -9999 -9999 -9999 -9999 -9999 -9999 0.7028255195479729 1.4207264184709107 1.93339472974293 2.25482059269462 2.2959259399967555 1.9730952619137008 1.8635639174084275 2.2185865225832337 2.7847684053739106 3.6915658522076367 3.0129982076766773 3.4658503312553193 3.4630609173525357 3.0216967265617667 1.7315224243360927 1.2184134216541933 1.4050234394422985 1.6726608653111277 1.4222716076745126 1.735578623315826 2.845413710108428 2.310607833631174 1.6382062616753132 1.0199016971606152 0.4372852538377409 0.01628444294525304 0.016793757544736283 0.05427903067153672 1.1122013215878288 -9999 -9999 -9999 -9999 -9999 -9999 -9999 -9999 -9999 -9999 -9999 -9999
-9999 -9999 -9999 -9999 -9999 -9999 -9999 -9999 -9999 -9999 0.028383026834077563 0.03229919974887625 1.65593376579858 1.8317717602978683 1.7563928128345618 0.6248212827402457 0.7819958220250139 0.7039890254282153 2.1290817183696125 3.1984180766384314 3.8449049855379145 2.961257169456215 4.370990448296712 4.897826339819645 5.692888559266832 4.3551201242390265 2.714334182367361 2.3337146501313204 1.0240348860182245 1.7266762769290502 1.2232814960814258 0.9317454209806536 1.4233792397327325 1.3006352885751504 0.7498940900523235 0.015538322822868275 0.018320636650327286 0.02312526697936973 0.054375644747224984 -9999 -9999 -9999 -9999 -9999 -9999 -9999 -9999 -9999 -9999 -9999 -9999 -9999
-9999 -9999 -9999 -9999 -9999 -9999 -9999 -9999 -9999 -9999 -9999 -9999 0.6001252110620517 0.11663027485079425 0.0660057651937135 0.09536007803023057 0.028416657472923507 0.022858939177288016 0.022020093391333068 3.2289654229704494 4.261104418749623 2.5983389152287084 3.298496785632937 3.4906149418829435 5.437559274721167 6.7209383260194135 5.404687282946679 4.1557459830646195 2.4849798554931097 5.889256805172826 0.2623272847811677 0.8901990945362547 0.4752784545263001 0.5786644932628165 0.5917738443608329 0.017415538684102196 0.016389403842697558 0.13127488941459672 0.38851516261965136 1.1651033274569669 -9999 -9999 -9999 -9999 -9999 -9999 -9999 -9999 -9999 -9999 -9999 -9999
-9999 -9999 -9999 -9999 -9999 -9999 -9999 -9999 -9999 -9999 -9999 0.02840582686087418 0.031583369048245095 0.11319065727078152 0.10024224588100762 0.05622067634469263 0.05653910157088118 0.027769058407819038 0.01936785046831809 1.3280128306736607 1.5833659019959576 4.381758654340366 5.119601624915764 4.9238716897130335 2.9046545162631574 1.7767565724238812 2.9016540103646564 3.0459974988563143 2.268854359140549 0.3588955372158075 2.149721262183819 0.03024405472605493 0.029502418037939706 0.04088506565800975 0.04313178243857719 0.028833116223260864 0.1631307968342617 1.2179897541124645 6.277797979597157 -9999 -9999 -9999 -9999 -9999 -9999 -9999 -9999 -9999 -9999 -9999 -9999 -9999
-9999 -9999 -9999 -9999 -9999 0.027834931421772482 0.029489082412282125 0.025553638591642305 0.030079518569043874 0.02594115080290284 0.039023565896283925 0.031897797331437515 0.02894102927651923 0.02626637119791216 0.03115236942191948 0.024772750390212404 0.02064423429687789 0.01985684608523661 0.01910101143889876 2.5158676472177546 3.5215065265384013 3.547149698653623 3.2509574417347933 4.450677355359584 4.251626093037082 3.5749239295651387 3.3885082692454964 1.248623259491342 0.493991837546671 0.07631014167340233 0.08612482379341818 0.03264119986327378 0.0644575804149422 0.11429001397146485 0.4004690643237412 1.6436356173579882 4.351707553715461 8.265448933056392 -9999 -9999 -9999 -9999 -9999 -9999 -9999 -9999 -9999 -9999 -9999 -9999 -9999 -9999
-9999 -9999 -9999 -9999 0.031616140876836306 0.026752194134158167 0.025988615269221717 0.18002048642340607 0.03868816070436721 0.039518243266175625 0.030551601924001068 0.026728190791427305 0.025739018836845425 0.025179780242278304 0.01900026560152679 0.01982544740030906 0.0208959660282094 0.020975288705367568 0.020921471962023784 1.116189484531275 1.8166391522438097 2.3626203406368966 2.15438958493311 3.3356821502849465 3.1172205342728696 2.207319310051098 1.694966495231411 0.2956291016332734 0.0672080449117228 0.10303076598608718 0.2267644223055206 0.26937642869135353 1.1307250864195295 4.937874966195817 7.924798688945214 -9999 -9999 -9999 -9999 -9999 -9999 -9999 -9999 -9999 -9999 -9999 -9999 -9999 -9999 -9999 -9999 -9999
-9999 -9999 -9999 0.02341234323891898 0.02681309493956961 0.02801890380531881 0.024585219616462442 0.026095414246905552 0.03566999242052544 0.0622364917383435 0.11836639230745677 0.21057024144453845 0.2907341577988985 0.1779766684794822 0.04642412906457513 0.020957419457393957 0.018169599029910697 0.03486230107946181 0.02427432916442441 0.9314748083628706 1.0137487691278746 0.8792640285766891 1.1095380811836284 2.151531811457728 2.569292928920639 2.4339415215957945 1.888546955779905 0.10907938846649053 0.2221367951600089 0.5096912469663629 1.7321509591387236 -9999 -9999 -9999 -9999 -9999 -9999 -9999 -9999 -9999 -9999 -9999 -9999 -9999 -9999 -9999 -9999 -9999 -9999 -9999 -9999 -9999
-9999 -9999 -9999 0.019194038822058338 0.1968808290784108 0.017501825476979857 0.018177361734987726 0.01670251253816129 0.01685143528220174 0.018717587377239532 0.09171101924292996 0.7525866395652439 3.981398842800808 0.9937542998051806 0.13300207147399734 0.04078723571696602 0.06574495003177364 0.04232504811082299 0.028554484112695507 0.04359498832727508 0.5771835500060266 0.13172597348647624 0.267503208624429 0.4558274706292733 0.5557155845453661 0.2747137501239898 0.27266847217037177 0.3432137499221496 1.0971269112471391 -9999 -9999 -9999 -9999 -9999 -9999 -9999 -9999 -9999 -9999 -9999 -9999 -9999 -9999 -9999 -9999 -9999 -9999 -9999 -9999 -9999 -9999 -9999
-9999 -9999 -9999 0.08312578022533056 0.5049930483747812 0.3219185055192192 0.8043137937710103 0.2529122577659043 0.022991453666955864 0.0614620554892693 0.15412508410962714 0.6243806190794609 1.2829299494246278 0.9372117349195674 0.2464075689301515 0.04709591459688618 0.07319264131263893 0.039349384797316866 0.038353463839852685 0.08882876508965712 0.11361418131584294 0.11836479662280015 0.18955282159138773 0.21964857892290432 0.15704778729718274 0.3770103112899512 0.9544991440145544 3.938436548239852 -9999 -9999 -9999 -9999 -9999 -9999 -9999 -9999 -9999 -9999 -9999 -9999 -9999 -9999 -9999 -9999 -9999 -9999 -9999 -9999 -9999 -9999 -9999 -9999
-9999 -9999 -9999 0.7935101707741021 0.129434480603348 0.025350792066777157 0.2713366090373996 0.03703326140033746 0.05727291340926208 0.10111549892244756 0.26201238458929443 0.7056411938315594 1.2426334461636284 1.2357887914772392 0.6587628889466971 0.19411058488084404 0.0868365246721424 0.054877658053219536 0.03611535984301782 0.07477622103555315 0.1014585830725008 0.13637916581477835 0.19195603194158745 0.26650408261133274 0.4021570167549388 0.7613958609236571 5.906676307744202 -9999 -9999 -9999 -9999 -9999 -9999 -9999 -9999 -9999 -9999 -9999 -9999 -9999 -9999 -9999 -9999 -9999 -9999 -9999 -9999 -9999 -9999 -9999 -9999 -9999
-9999 -9999 -9999 -9999 0.013650177475468941 0.13068847869052366 0.15841619217635142 0.26263916746095484 0.32134399855404266 0.3165545310145316 0.4120101520340283 0.6355799017749665 0.8866662653613866 1.129681825690955 1.0726233491364712 0.31229941847516884 0.15986132372241973 0.11100129378707596 0.11778244761247884 0.2757517386400403 0.2860500479329787 0.29244773969259025 0.4591106425833162 0.6085943028690745 -9999 -9999 -9999 -9999 -9999 -9999 -9999 -9999 -9999 -9999 -9999 -9999 -9999 -9999 -9999 -9999 -9999 -9999 -9999 -9999 -9999 -9999 -9999 -9999 -9999 -9999 -9999 -9999
-9999 -9999 -9999 -9999 0.033974130882388306 0.0677434105969455 0.04236919933938633 0.0821983079681871 0.4377578974339588 1.2542255938011089 1.4330995458545717 1.7301941756914383 1.6188575767429971 1.4930294033750031 1.3665128460387723 0.5938868846872382 0.26919976021715314 0.18282361360745406 0.19180902468232036 0.3938111647434733 0.6047996253170252 0.7792953119220486 2.375882463639785 4.4679148378876326 6.8728348078464805 -9999 -9999 -9999 -9999 -9999 -9999 -9999 -9999 -9999 -9999 -9999 -9999 -9999 -9999 -9999 -9999 -9999 -9999 -9999 -9999 -9999 -9999 -9999 -9999 -9999 -9999 -9999
-9999 -9999 -9999 -9999 0.154295379248517 0.1351937085395449 0.15243721551527564 0.1843330377632945 0.2222921769168188 0.8243487765692603 1.394311027814752 3.3204201059582026 4.33336331466838 3.3545220454148423 3.353605571853961 1.1798183045829045 0.6649352396281806 0.4699568299730269 0.3181155447938919 0.4339984700708014 0.5640180212522221 6.195766662849433 6.922029018330798 6.252950791990452 -9999 -9999 -9999 -9999 -9999 -9999 -9999 -9999 -9999 -9999 -9999 -9999 -9999 -9999 -9999 -9999 -9999 -9999 -9999 -9999 -9999 -9999 -9999 -9999 -9999 -9999 -9999 -9999
