metrics/grid_rasters/GLDAS/grideval_GLDAS_X_summer_2017_absolute_bias.asc
ncols 52
nrows 55
xllcorner     11.25
yllcorner     55.25
cellsize      0.25
NODATA_value  -9999
[rows 0 to 27 of 55, columns 0 to 51 of 52]
-9999 -9999 -9999 -9999 -9999 -9999 -9999 -9999 -9999 -9999 -9999 -9999 -9999 -9999 -9999 -9999 -9999 -9999 -9999 -9999 -9999 -9999 -9999 -9999 -9999 -9999 -9999 -9999 -9999 -9999 -9999 -9999 -9999 -9999 -9999 -9999 -27.193987057463307 -26.023599022432517 -27.648507676856674 -9999 -9999 -9999 -9999 -9999 -9999 -9999 -9999 -9999 -9999 -9999 -9999 -9999
-9999 -9999 -9999 -9999 -9999 -9999 -9999 -9999 -9999 -9999 -9999 -9999 -9999 -9999 -9999 -9999 -9999 -9999 -9999 -9999 -9999 -9999 -9999 -9999 -9999 -9999 -9999 -9999 -9999 -9999 -9999 -9999 -9999 -9999 -9999 -9999 -26.27306256601182 -26.24794251285493 -25.650031281270728 -25.365530821899682 -25.218776556926407 -26.952991532870445 -9999 -9999 -9999 -9999 -9999 -9999 -9999 -9999 -9999 -9999
-9999 -9999 -9999 -9999 -9999 -9999 -9999 -9999 -9999 -9999 -9999 -9999 -9999 -9999 -9999 -9999 -9999 -9999 -9999 -9999 -9999 -9999 -9999 -9999 -9999 -9999 -9999 -29.28702101006132 -26.395021191676673 -27.821542062351238 -29.69813057099995 -29.79754303818893 -27.234830966097828 -27.63789407473625 -9999 -27.756615230813626 -27.043726786485184 -25.73786911437207 -27.26434731147373 -26.834682924247797 -26.57033823756501 -26.31254669050079 -26.050798793950968 -25.5863282263036 -25.38075106388525 -25.236812363581173 -9999 -9999 -9999 -9999 -9999 -9999
-9999 -9999 -9999 -9999 -9999 -9999 -9999 -9999 -9999 -9999 -9999 -9999 -9999 -9999 -9999 -9999 -9999 -9999 -9999 -9999 -9999 -9999 -9999 -9999 -9999 -9999 -9999 -29.02027976010805 -29.47605972352397 -27.6551713893271 -30.115737274532083 -27.475192455129452 -26.485927969844926 -27.518974217586216 -26.78650805408783 -26.192430583476696 -26.35599918339564 -26.48744420448075 -26.80961822117072 -26.05274135433137 -25.50891066490389 -25.33266400387916 -25.13926696204378 -25.20434536598623 -25.723801058190674 -25.46348985885877 -24.828862105071057 -24.067762607040446 -9999 -9999 -9999 -9999
-9999 -9999 -9999 -9999 -9999 -9999 -9999 -9999 -9999 -9999 -9999 -9999 -9999 -9999 -9999 -9999 -9999 -9999 -9999 -9999 -9999 -9999 -32.8368255328792 -28.4258657829917 -29.32545976875269 -30.023474463261667 -29.560074134608325 -29.01708790542477 -28.69456703924452 -28.5880592442725 -27.631384557679944 -25.993184744582877 -25.81774523082877 -27.597207196158074 -27.189975333400067 -26.12605068903497 -25.66490280298192 -25.2149069978977 -24.702430780754298 -24.013602603186413 -23.864341603085887 -23.880276563820306 -24.10919296433744 -24.354640604847148 -24.56621578726513 -24.77199674347091 -24.279519162059803 -23.797915134416968 -23.66163547685289 -9999 -9999 -9999
-9999 -9999 -9999 -9999 -9999 -9999 -9999 -9999 -9999 -9999 -9999 -9999 -9999 -9999 -9999 -9999 -9999 -9999 -9999 -9999 -9999 -32.292659274585866 -32.06898153532782 -28.84403426669862 -30.512308020306673 -30.68491041020531 -29.202181262207088 -28.25843566785688 -26.191799168029558 -27.52989944115119 -27.631909212664414 -25.81191041314489 -27.46014616423813 -27.30695157672238 -26.994840605346408 -25.73245635375623 -25.673998347544316 -24.985913617475692 -24.209842055104676 -23.66760399198645 -23.70224929145416 -23.83176008534982 -23.888325987707663 -23.80668400645094 -23.83800663736284 -23.915348664614488 -24.043232035114556 -23.914764285330534 -23.80903693191383 -9999 -9999 -9999
-9999 -9999 -9999 -9999 -9999 -9999 -9999 -9999 -9999 -9999 -9999 -9999 -9999 -9999 -9999 -9999 -9999 -9999 -9999 -9999 -31.455070375464853 -31.362071820251323 -30.679706983916134 -29.14843026334015 -28.643886425046485 -29.00338242717249 -28.8099806761855 -26.738199075886413 -27.578867472465273 -27.04717823332581 -26.6410726779343 -27.048934404778738 -26.960886439794432 -26.777485781936377 -26.570614537122946 -25.23820503675581 -25.215884380852398 -25.035434846401863 -24.326897850766287 -23.815772943826307 -23.803585607113074 -23.98574633058161 -24.148263885275178 -24.110084558209486 -24.013403882920414 -23.984349298938785 -23.966260205529146 -23.812784338714145 -23.714877632770534 -23.62230119141548 -9999 -9999
-9999 -9999 -9999 -9999 -9999 -9999 -9999 -9999 -9999 -9999 -9999 -9999 -9999 -9999 -9999 -9999 -9999 -9999 -9999 -9999 -9999 -30.672416706083585 -29.639371509380318 -28.063765728765212 -26.77105474791935 -26.43728007295209 -26.16880360087785 -24.91468282732303 -26.19343601294753 -26.33003906522999 -26.620545834586352 -26.659175304938923 -25.73652568793572 -25.546229161119648 -25.712451271469828 -24.35582030305396 -24.49716900118991 -23.78157295754341 -23.68814987229669 -23.40314475092632 -23.396757663349096 -23.56041411757874 -23.83788768230411 -23.864882652445324 -23.94484825729919 -23.941923859346986 -23.992891602663565 -23.871611484164447 -23.68817067547175 -9999 -9999 -9999
-9999 -9999 -9999 -9999 -9999 -9999 -9999 -9999 -9999 -9999 -9999 -9999 -9999 -9999 -9999 -9999 -9999 -9999 -9999 -29.246259846076693 -28.578807498368878 -28.2570899186008 -28.30761263227981 -27.173619914516483 -25.0604878368828 -26.472530119465254 -26.062144621599305 -24.118025703112718 -24.14725792859479 -24.153457873257928 -24.094859690952074 -24.06429626195408 -24.20247894478962 -24.23691937276769 -24.256398347611338 -23.793396653040595 -23.719483756379265 -23.827762507691823 -23.768097922793064 -23.461243971311692 -23.280408486804888 -23.249357377907828 -23.25031290543468 -22.841641351965297 -22.936709570718694 -22.98284190259469 -22.995769855728287 -22.755768761200752 -22.846640115300108 -22.525926052268755 -22.490599955978762 -9999
-9999 -9999 -9999 -9999 -9999 -9999 -9999 -9999 -9999 -9999 -9999 -9999 -9999 -9999 -9999 -9999 -9999 -9999 -28.216982985927682 -28.1895257824546 -28.007918997019853 -27.81697148359988 -28.176114361854683 -26.995952505253907 -26.560133563597564 -26.50534929462668 -26.59080126551587 -24.637483152216703 -24.61893770886261 -24.409147416605894 -24.1566418771956 -23.97118070051479 -23.990190606240343 -23.961057776585218 -23.95460165545101 -23.43542413666601 -23.510166247112107 -23.571842856482483 -23.733223939577684 -23.47095103025356 -23.601470306029785 -23.48001518975133 -23.365241371378627 -22.60705451023481 -22.58045688348458 -22.654710436320826 -22.76500544899508 -22.457942150310487 -22.699755519486803 -22.5123446916392 -22.409147749310765 -9999
-9999 -9999 -9999 -9999 -9999 -9999 -9999 -9999 -9999 -9999 -9999 -9999 -9999 -9999 -9999 -9999 -9999 -27.58659801425655 -28.46842199928411 -26.676996621586703 -27.069454018978163 -25.587073065461997 -25.39210753918261 -25.953653508351874 -25.10819344945333 -24.90433635546461 -24.972458454638556 -23.988182555013537 -24.04027821826141 -24.148729571404505 -24.25055848578315 -24.173025105432 -24.06014227002616 -24.060584435543127 -24.022471987763826 -23.644904410122372 -23.482931237019926 -23.458434117168352 -23.506413845163163 -23.26434239498137 -23.38915586177989 -23.43571969433485 -23.492227778344866 -22.80357677862048 -22.665398554775216 -22.53686673386508 -22.58440941197636 -22.092346007571273 -22.32760104998622 -22.48021430301521 -9999 -9999
-9999 -9999 -9999 -9999 -9999 -9999 -9999 -9999 -9999 -9999 -9999 -9999 -9999 -31.855471751409702 -30.262108352359228 -29.0568291331115 -28.64151343687073 -28.68714662540056 -27.440729604102675 -27.024629161571678 -25.006329514288712 -27.051092567833386 -25.90007065532162 -24.48522753142954 -24.375583458914548 -24.545340389904123 -24.449828873833884 -23.904783213146683 -23.94932119532124 -23.906743711225037 -24.018619785065074 -24.037300301189326 -24.09912055753091 -24.080000525279697 -24.098343187416702 -23.66952102667773 -23.785333205642093 -23.65602635982973 -23.78832768596223 -23.256732598372288 -23.41104751590477 -23.428381273644447 -23.420781907888692 -23.07845473419065 -22.948354036243554 -22.884550427653547 -22.618646132699013 -22.331239405209605 -22.463552636013407 -22.531741602710728 -22.64823861582124 -9999
-9999 -9999 -9999 -9999 -9999 -9999 -9999 -9999 -9999 -9999 -9999 -9999 -9999 -29.48592181062407 -28.75052493336894 -28.151259380817894 -28.966841968201585 -28.54814886977977 -27.97364880806645 -25.421657173286963 -25.68820035042565 -24.92851796788771 -24.453739969201546 -24.570858676148497 -24.70962942565751 -24.781203413584638 -24.765479007027235 -24.35906849289313 -24.408143878286786 -24.361405166918818 -24.426437845392886 -24.134248852486845 -24.27526986619215 -24.28385067486164 -24.360728485975407 -24.102580053185157 -24.10469130398301 -24.05711080945785 -24.197709763139162 -24.24227948454411 -24.383258490883946 -24.355562510070108 -24.377045535482463 -23.7990276152673 -23.824650917121247 -23.826681685735192 -23.96153618409501 -23.702602640988868 -23.811807514310047 -23.984104560850106 -24.117021327291656 -26.178868688683465
-9999 -9999 -9999 -9999 -9999 -9999 -9999 -9999 -9999 -9999 -9999 -9999 -9999 -29.075241307039622 -28.670225031592928 -27.517352681768976 -26.680427993323807 -27.075728337320946 -27.57924541496955 -24.630937301229853 -24.85648304667405 -24.804307092102647 -24.407574384453014 -24.733528254513182 -24.75711602120377 -24.80528776689797 -24.844602725913987 -24.530886103723038 -24.534621989253264 -24.555266409100074 -24.583859837431785 -24.347123867589172 -24.418800629412193 -24.43598319673101 -24.56847134764995 -24.315347454976287 -24.31020119122189 -24.01992619784711 -23.958390934777487 -24.233258416997675 -24.27083503697877 -24.49158546929855 -24.25395171710736 -23.955926094426893 -9999 -9999 -9999 -9999 -9999 -9999 -9999 -9999
-9999 -9999 -9999 -9999 -9999 -9999 -9999 -9999 -9999 -9999 -9999 -9999 -9999 -28.892363937004752 -28.44262454429965 -27.24635946029878 -27.551399020133942 -27.258697504602857 -26.594166097231213 -24.408481092293464 -24.35973175862075 -24.42178647865987 -24.657741243890285 -24.988773228944808 -24.958523430537596 -24.92951440497342 -24.944836395893887 -24.56488226364245 -24.636651758367762 -24.689376212028872 -24.686312141727015 -24.32546894371752 -24.31115997216219 -24.41818552002635 -24.523169560297195 -24.26509082874121 -24.37571122189579 -24.364211671702236 -24.245793837385822 -24.123385934726052 -24.13106141644328 -9999 -9999 -9999 -9999 -9999 -9999 -9999 -9999 -9999 -9999 -9999
-9999 -9999 -9999 -9999 -9999 -9999 -9999 -9999 -9999 -9999 -9999 -9999 -29.47328055228876 -29.01997782628093 -28.808591682646103 -27.711860688221034 -27.191790514666103 -26.743611557044733 -25.05056103541637 -24.38175482819181 -24.47188537189251 -24.480292482139625 -24.705078672698654 -24.907074775668267 -24.93722078635398 -24.933103179336406 -24.975683088009447 -24.632148062769808 -24.712159837008983 -24.808551115955677 -24.78805349151725 -24.44876570505616 -24.40315757552161 -24.459296061232198 -24.49352287205503 -24.256761923027426 -24.34406650906591 -24.26714713430113 -24.152615240714308 -24.042898392729946 -24.04759902098095 -9999 -9999 -9999 -9999 -9999 -9999 -9999 -9999 -9999 -9999 -9999
-9999 -9999 -9999 -9999 -9999 -9999 -9999 -9999 -9999 -9999 -9999 -25.66975254693028 -26.04395691528107 -26.51002981859948 -26.59619991750578 -25.10560112936503 -24.845566244330254 -24.799066746081024 -24.79536096850896 -24.29665886843577 -24.33924255929077 -24.37857085907751 -24.45184672490248 -24.258746836334467 -24.12237893688776 -23.940715372036014 -23.892493821174394 -23.32725983252749 -23.525908022106663 -23.629134760643158 -23.694113208851576 -23.54018704813864 -23.493286032857288 -23.470311210774213 -23.34948916974194 -23.21588145971865 -23.240089389515802 -23.30459759607101 -23.291110400150977 -24.061380776536204 -9999 -9999 -9999 -9999 -9999 -9999 -9999 -9999 -9999 -9999 -9999 -9999
-9999 -9999 -9999 -9999 -9999 -9999 -9999 -9999 -9999 -9999 -26.0167015228299 -25.62308644722013 -25.902358044424787 -26.006152150261663 -25.613487454880357 -24.742322312323786 -24.552852076174606 -24.85444351490182 -25.14476126003201 -24.662104038217954 -24.59628928179407 -24.43289194624547 -24.43707049745337 -24.279992183103513 -24.435533303645965 -24.46973699177413 -24.307627313588142 -23.515593621312924 -23.37420882584284 -23.600261920050762 -23.55330970940059 -23.141049987393554 -23.44776408378359 -23.557375871171445 -23.529039840821337 -23.404767399188128 -23.18256393382731 -23.078128567269157 -23.142846295164656 -9999 -9999 -9999 -9999 -9999 -9999 -9999 -9999 -9999 -9999 -9999 -9999 -9999
-9999 -9999 -9999 -9999 -9999 -9999 -9999 -9999 -9999 -9999 -9999 -9999 -25.685602699811373 -25.42623506790108 -25.263223131187264 -24.756629769892804 -24.71291018931357 -25.170072590689298 -25.370238651217807 -24.734055460005518 -24.745560014600176 -24.68930940832133 -24.50997809158719 -24.146488863792595 -24.29192365497432 -24.42696203003921 -24.448189162547983 -24.00110314183099 -23.851624716235246 -23.943273142040912 -23.462992122396827 -23.160315630471572 -23.115203141599245 -23.298610198635448 -23.487869161849275 -23.488638583287273 -23.477240681526776 -23.267258175345052 -23.25245646717351 -23.969603752454177 -9999 -9999 -9999 -9999 -9999 -9999 -9999 -9999 -9999 -9999 -9999 -9999
-9999 -9999 -9999 -9999 -9999 -9999 -9999 -9999 -9999 -9999 -9999 -25.416831629168573 -25.776644541436568 -26.12087510463417 -26.085146207099207 -25.14404365596483 -25.008009229685463 -25.29725809941959 -25.357384028237156 -24.64757483416116 -24.700839106459174 -24.777638952936172 -24.6498247521484 -24.217777179047946 -24.048690644841965 -24.065767556408662 -24.13750658647926 -23.700166323809363 -23.724722757773556 -23.72518351773286 -23.79863047464143 -23.36342938264589 -23.444584951189388 -23.538839064882666 -23.64916637381944 -23.56131098115736 -23.58309375889518 -23.47077705338597 -23.40729511998918 -9999 -9999 -9999 -9999 -9999 -9999 -9999 -9999 -9999 -9999 -9999 -9999 -9999
-9999 -9999 -9999 -9999 -9999 -26.902879432896558 -27.022506157543674 -26.642750080877352 -26.63449355587363 -26.550504692465715 -26.40635528014568 -25.60934277387012 -25.274707065692734 -25.58806863141692 -26.17075416870901 -25.64138743625549 -25.50455892658995 -25.469899512665428 -25.4544020781253 -24.37434425182721 -24.347799171713874 -24.30631933460498 -24.251743960821923 -23.72597365597587 -23.857368246490218 -23.881262709285412 -23.79267908855463 -23.49204380717129 -23.396057546260238 -23.333951758423254 -23.585852592738103 -24.067340334715404 -24.094967118545394 -24.21521964942551 -24.055000102329675 -24.054942373975948 -23.975198130143568 -23.972229286380443 -9999 -9999 -9999 -9999 -9999 -9999 -9999 -9999 -9999 -9999 -9999 -9999 -9999 -9999
-9999 -9999 -9999 -9999 -27.1119804577902 -26.918353227777 -26.769569606155805 -25.570708953573003 -25.930002999836173 -25.918323941751503 -26.25082598976872 -25.949615455151573 -26.089048490191445 -25.986084278328747 -26.160188041161746 -25.80338389183516 -25.714375356657676 -25.63405401464147 -25.548221516078744 -24.60739944745665 -24.45878482559372 -24.306963123057198 -24.078438974532258 -23.63581252869461 -23.69834925623044 -23.695831927936524 -23.69511212467257 -23.455259800483674 -23.55366453720743 -23.666471275784396 -23.663676783989143 -24.080747161890663 -24.13777059085829 -24.079688773024827 -24.15429797211824 -9999 -9999 -9999 -9999 -9999 -9999 -9999 -9999 -9999 -9999 -9999 -9999 -9999 -9999 -9999 -9999 -9999
-9999 -9999 -9999 -26.84937119516341 -26.873907398331266 -26.79555437130773 -26.59938308904352 -26.22811591019854 -25.903052664523862 -25.76094056437116 -25.742653827729594 -25.16913042110189 -25.155223725930504 -25.67236009705812 -26.07016007276252 -25.73412840370008 -25.583534781011227 -25.482391351327788 -25.49156801726507 -24.71101338722055 -24.708758981453013 -24.663849656611838 -24.245202948885932 -23.81052533887408 -23.92337953347875 -23.989566621390857 -23.9784084807312 -23.614393711515252 -23.41047897924791 -23.44498989793836 -23.66505017969757 -9999 -9999 -9999 -9999 -9999 -9999 -9999 -9999 -9999 -9999 -9999 -9999 -9999 -9999 -9999 -9999 -9999 -9999 -9999 -9999 -9999
-9999 -9999 -9999 -27.582542192919746 -28.25577975679999 -27.32889570899145 -26.88985403764831 -25.866308092342123 -25.884232278710797 -26.097785405936126 -25.836837279893786 -24.69307391898221 -25.248454092374157 -25.16373788941976 -25.836071317853488 -25.53430083363681 -25.51910401550729 -25.48143103649921 -25.45990903493341 -24.546359821566906 -24.56132347600373 -24.554337330263763 -24.319542901752435 -23.30693141243461 -23.27227928708105 -23.2313669595422 -23.639296635074302 -23.837557837022878 -23.663117863055643 -9999 -9999 -9999 -9999 -9999 -9999 -9999 -9999 -9999 -9999 -9999 -9999 -9999 -9999 -9999 -9999 -9999 -9999 -9999 -9999 -9999 -9999 -9999
-9999 -9999 -9999 -26.642722841473702 -27.64733068159093 -26.90764647596718 -26.60142576406993 -25.944737457326088 -25.828195552604843 -26.133604174581073 -26.21059130275946 -25.16640091736032 -24.361948232085485 -24.56215147301555 -25.17973729621862 -25.044901623653807 -25.09888623393667 -25.196743183465596 -25.178796920581192 -24.135314097648244 -24.130486229454856 -24.12660845603956 -24.301046410616003 -24.440765537766985 -24.392723527170073 -24.18742280538477 -23.87885832314825 -23.774715504001666 -9999 -9999 -9999 -9999 -9999 -9999 -9999 -9999 -9999 -9999 -9999 -9999 -9999 -9999 -9999 -9999 -9999 -9999 -9999 -9999 -9999 -9999 -9999 -9999
-9999 -9999 -9999 -26.841662405423175 -26.18739859998712 -26.024078457535285 -25.93802306873967 -25.58793332107851 -25.735445116808556 -25.756401563164488 -25.837851901113506 -25.36769897944253 -25.09000961126193 -24.994430454184666 -25.23575659458647 -25.139935728709172 -25.1016163693579 -25.08792348542129 -25.10026870024107 -23.99047214778788 -23.910028483617406 -23.876116648518845 -24.078763979102444 -24.26940370456356 -24.362115428863984 -24.23475247805776 -24.1723277265125 -9999 -9999 -9999 -9999 -9999 -9999 -9999 -9999 -9999 -9999 -9999 -9999 -9999 -9999 -9999 -9999 -9999 -9999 -9999 -9999 -9999 -9999 -9999 -9999 -9999
-9999 -9999 -9999 -9999 -26.11879367316547 -25.99862292253048 -26.003130382655755 -25.772331614310488 -25.637187196549192 -25.70287965551909 -25.853750402269807 -25.520700605100263 -25.50757042919893 -25.305557784644648 -25.10299374717895 -24.815810302900072 -24.831391051472373 -24.92551389047066 -25.07819829233315 -24.058561124413718 -24.057282096503872 -24.147772321841966 -24.053588946896568 -23.857798437911853 -9999 -9999 -9999 -9999 -9999 -9999 -9999 -9999 -9999 -9999 -9999 -9999 -9999 -9999 -9999 -9999 -9999 -9999 -9999 -9999 -9999 -9999 -9999 -9999 -9999 -9999 -9999 -9999
-9999 -9999 -9999 -9999 -25.92106813083039 -25.864962931276988 -25.96587435686556 -25.991519898317915 -25.823777787832785 -25.635662741209988 -25.58706633479375 -24.89705357702611 -25.034079603425674 -25.14365194555696 -25.08368154572647 -24.82933308374461 -24.82364559244445 -24.835611909830376 -24.75912417975538 -24.042719896356374 -24.179721999751486 -24.27735846931034 -24.031755150133826 -24.063182114340037 -23.644524040044807 -9999 -9999 -9999 -9999 -9999 -9999 -9999 -9999 -9999 -9999 -9999 -9999 -9999 -9999 -9999 -9999 -9999 -9999 -9999 -9999 -9999 -9999 -9999 -9999 -9999 -9999 -9999
