metrics/grid_rasters/GLDAS/grideval_GLDAS_Y_2016_absolute_ubrmsd.asc
ncols 52
nrows 55
xllcorner     11.25
yllcorner     55.25
cellsize      0.25
NODATA_value  -9999
[rows 0 to 29 of 55, columns 0 to 51 of 52]
-9999 -9999 -9999 -9999 -9999 -9999 -9999 -9999 -9999 -9999 -9999 -9999 -9999 -9999 -9999 -9999 -9999 -9999 -9999 -9999 -9999 -9999 -9999 -9999 -9999 -9999 -9999 -9999 -9999 -9999 -9999 -9999 -9999 -9999 -9999 -9999 8.564763315855933 8.929892767889765 8.374410895975899 -9999 -9999 -9999 -9999 -9999 -9999 -9999 -9999 -9999 -9999 -9999 -9999 -9999
-9999 -9999 -9999 -9999 -9999 -9999 -9999 -9999 -9999 -9999 -9999 -9999 -9999 -9999 -9999 -9999 -9999 -9999 -9999 -9999 -9999 -9999 -9999 -9999 -9999 -9999 -9999 -9999 -9999 -9999 -9999 -9999 -9999 -9999 -9999 -9999 7.338889775718049 8.457389239666933 7.276210824072268 6.693272308066511 6.67867333101384 8.325568242617356 -9999 -9999 -9999 -9999 -9999 -9999 -9999 -9999 -9999 -9999
-9999 -9999 -9999 -9999 -9999 -9999 -9999 -9999 -9999 -9999 -9999 -9999 -9999 -9999 -9999 -9999 -9999 -9999 -9999 -9999 -9999 -9999 -9999 -9999 -9999 -9999 -9999 8.249373417212372 8.875967358010186 8.36770788712068 8.12132894046872 8.055054117540305 8.543638235003481 8.306180239259575 -9999 8.215747871477442 8.29518324570058 7.897345640652072 8.204982423895235 7.598660238094829 8.096395047809423 8.400930690193265 8.451520277074469 8.516879443594481 8.552200075038213 8.56073902986543 -9999 -9999 -9999 -9999 -9999 -9999
-9999 -9999 -9999 -9999 -9999 -9999 -9999 -9999 -9999 -9999 -9999 -9999 -9999 -9999 -9999 -9999 -9999 -9999 -9999 -9999 -9999 -9999 -9999 -9999 -9999 -9999 -9999 8.728201382452426 6.694483988742888 8.535157591428781 5.6883101932666005 7.680227386000437 8.457468248730171 8.285815531740917 8.331980683602325 8.252055867529911 8.314120463309845 8.25945806533384 8.0294534331393 8.16008536782628 8.348362666413637 8.527184562341999 8.607365266912472 8.488363260627493 8.419046410754571 8.417130005668911 8.468447014659002 8.46705232732457 -9999 -9999 -9999 -9999
-9999 -9999 -9999 -9999 -9999 -9999 -9999 -9999 -9999 -9999 -9999 -9999 -9999 -9999 -9999 -9999 -9999 -9999 -9999 -9999 -9999 -9999 7.475273054436221 8.11783677661049 8.08153517500533 7.698433261166048 7.146377372115432 6.633922151534067 6.5865947559638816 6.449588209504213 6.287486071276449 7.16356913270712 7.4407242289533935 7.972008863042356 8.181860452802576 8.36251907336237 8.502899335983408 8.609366007242881 8.685444478706874 8.657880168195481 8.678249959385614 8.680101443847557 8.63786629556663 8.488464046212835 8.396368464950053 8.347075798290128 8.31592695774596 8.211765678898827 8.178336108926223 -9999 -9999 -9999
-9999 -9999 -9999 -9999 -9999 -9999 -9999 -9999 -9999 -9999 -9999 -9999 -9999 -9999 -9999 -9999 -9999 -9999 -9999 -9999 -9999 7.6858803934711215 7.576691456253426 8.136951099313627 7.799937767560983 7.598684295481673 8.024671046528287 8.042527150484373 7.545342826918686 8.169948485179303 8.303782353858846 7.4780425977242935 7.543565649015485 6.9551278191287915 8.307262308138323 8.462378064425412 8.518487611527952 8.651141282327321 8.744734586601734 8.74674801455803 8.739300995630993 8.730159069612483 8.698533732661481 8.47021174394043 8.392030999085748 8.373900710377754 8.301196513490286 8.148890347442249 8.111983595987411 -9999 -9999 -9999
-9999 -9999 -9999 -9999 -9999 -9999 -9999 -9999 -9999 -9999 -9999 -9999 -9999 -9999 -9999 -9999 -9999 -9999 -9999 -9999 7.501775102429259 7.806630660732888 7.80644154596581 8.88720118643339 6.805657603544224 6.021205683110012 6.271415409620437 6.636138017098005 8.115783601427712 8.336121575397472 8.448217757533065 7.715306215893277 7.77754597586202 8.025199920056306 8.500881819129528 8.565248896045897 8.608396980742915 8.632409604486522 8.694632905398977 8.685434481028702 8.812856742135851 8.710703284186124 8.589181439507053 8.425353963173286 8.364548255193224 8.328835176459307 8.230712786942359 8.165907664755744 8.14527327818743 8.18583724599829 -9999 -9999
-9999 -9999 -9999 -9999 -9999 -9999 -9999 -9999 -9999 -9999 -9999 -9999 -9999 -9999 -9999 -9999 -9999 -9999 -9999 -9999 -9999 8.743023840769068 8.827276020265488 6.543474298078369 7.776856037265307 7.753072282890588 7.855697651805414 7.114060857961224 8.245049144418779 7.994767858409978 7.963545881175277 8.237597573961033 8.597175757937398 8.66885178804018 8.657479650462033 8.688187707269933 8.723343919381122 8.714539949768469 8.79558769576038 8.779474038036911 8.790992145431177 8.731083035471286 8.584825522996992 8.403506691957713 8.380584340543491 8.335487042794385 8.280622820341222 8.219906064763558 8.208305630111614 -9999 -9999 -9999
-9999 -9999 -9999 -9999 -9999 -9999 -9999 -9999 -9999 -9999 -9999 -9999 -9999 -9999 -9999 -9999 -9999 -9999 -9999 8.016274104571183 8.131599250575636 8.179826658184384 8.093887770132739 7.9744562655094695 8.237031586612872 8.413259168905906 8.553091189710697 8.682525998674938 8.75190036462286 8.79594043934386 8.845614716139286 8.283238293420599 7.914773414705151 7.769889196000732 7.609469832963513 7.347213667330528 7.5398372478506035 7.326509507116685 7.780901857316705 8.690065516652043 8.77211125885292 8.752896205319429 8.708663258979673 8.630296640504026 8.603181495132974 8.482873495250375 8.422442928403939 8.25848307510566 8.261375330525865 8.371213886357312 8.466831269908429 -9999
-9999 -9999 -9999 -9999 -9999 -9999 -9999 -9999 -9999 -9999 -9999 -9999 -9999 -9999 -9999 -9999 -9999 -9999 9.134169651457807 8.045787976480504 8.073644768143804 8.166788643051367 7.990200010501207 7.934569011970677 8.240148811895674 8.208111376239268 8.212801028313892 8.601491701179143 8.591919501287508 8.71239769112749 8.914607911802868 8.84144627971608 8.79632850565718 8.740021077856374 8.705759370529654 8.721914766194676 7.540068576969148 8.598555071211324 8.089241711584654 8.205417651708867 8.415839997443051 8.60045566532735 8.6702373668724 8.595280065540367 8.579752215115278 8.54761313201641 8.460524579181238 8.308438177394198 8.292649464136366 8.498296726665162 8.486001972198713 -9999
-9999 -9999 -9999 -9999 -9999 -9999 -9999 -9999 -9999 -9999 -9999 -9999 -9999 -9999 -9999 -9999 -9999 8.902885439687374 9.260638762712468 8.640512164453245 8.374250157969568 8.646536023384089 8.708884217743009 8.42719067010297 8.541115588843384 8.565837495337176 8.646169862730538 8.210735679870277 8.744998125529346 8.753585985408705 8.770389229947014 8.315616340410143 8.699374575808829 8.804057445505233 8.79494295253947 8.772277145040931 8.700699375682595 8.689810459492293 8.676931563176367 8.701876099579062 8.681445223648186 8.649968363943918 8.705384293073315 8.609631153650414 8.64658001014281 8.675210804244722 8.626216396393868 8.516369463304581 8.42518560666054 8.505511524864069 -9999 -9999
-9999 -9999 -9999 -9999 -9999 -9999 -9999 -9999 -9999 -9999 -9999 -9999 -9999 7.450521090797437 7.9346797111993 8.145177701179522 8.068519799739786 7.946050764539387 8.432756001654889 8.365894835784069 8.644597962577722 8.399409839472026 8.7006250721012 8.655185393301467 8.773592131721491 8.857844816425537 8.672373844519667 8.885449807131797 8.843769291124852 8.99924894718924 8.951741717524685 8.188175249969722 8.589512414465402 8.720112719430482 8.715727798332543 8.824181207587145 8.744012262210362 8.732729705004237 8.687698553512478 8.828122384526651 8.711593667771425 8.77878527375631 8.925459259795725 8.705893046045553 8.615966257009745 8.973135093159568 9.326856023415033 9.130736359332257 9.062950429243868 9.100852763617427 9.023769819668756 -9999
-9999 -9999 -9999 -9999 -9999 -9999 -9999 -9999 -9999 -9999 -9999 -9999 -9999 8.168794135023129 8.303069543023504 8.313503020633457 7.994048305920327 7.980436153987606 8.145858714258116 8.625672428402641 8.67852517810965 8.796980930579588 8.828815473388516 8.708704550624137 8.675217333595768 8.745843659407184 8.73347172030901 8.867544875289374 8.795913694037985 8.843819268814363 8.912530909064525 8.481516770912771 8.833643979676825 8.839553363165267 8.920995146160289 8.878791909203905 8.773604191460944 8.95882256830317 8.882245448794512 8.84149187401897 8.878811091138799 9.12586676278767 9.221408029966579 9.097971281818774 8.956673432028982 8.425628276412361 8.218547901828524 8.096065023257504 8.042489381050652 8.000451060340044 7.956801172329513 7.046902437053932
-9999 -9999 -9999 -9999 -9999 -9999 -9999 -9999 -9999 -9999 -9999 -9999 -9999 8.159208092058728 8.288546874833623 8.424626492624528 8.536670521934454 8.496680643540694 8.443314209663294 8.897184491963381 8.898848061526264 8.896387012378046 9.058672246409536 8.941844945877877 8.905388033025723 8.823919662236989 8.814155257600499 8.856391515231364 8.770261749173088 8.75964193901145 8.717374096810014 8.79623348289987 8.89115494345791 8.899237324233091 8.848928380729681 8.767647263078379 8.812230669532285 9.050228315100512 9.175310034266255 9.096635512155117 9.092100023530381 9.158331954187947 9.146840427907268 8.855755879291998 -9999 -9999 -9999 -9999 -9999 -9999 -9999 -9999
-9999 -9999 -9999 -9999 -9999 -9999 -9999 -9999 -9999 -9999 -9999 -9999 -9999 8.194888028937044 8.379818346671687 8.49053674561877 8.374794162590305 8.500788812098724 8.702093454650504 9.223922396077302 9.258784607876539 9.229401306233788 9.080214447210613 8.756851546719973 8.899659854837797 8.9849013891259 8.978889832370989 8.911928062798019 8.732433231637495 8.721963091617763 8.681221318386099 8.690189920279758 8.699677660290098 8.779627271269613 8.901673310281282 8.871072035034027 8.894510331845494 8.94031101556897 9.137470001323381 9.166790044752043 9.05992188949897 -9999 -9999 -9999 -9999 -9999 -9999 -9999 -9999 -9999 -9999 -9999
-9999 -9999 -9999 -9999 -9999 -9999 -9999 -9999 -9999 -9999 -9999 -9999 8.17724712757901 8.284535795593603 8.405530432372991 8.431239354475974 8.499116278230852 8.661639274047065 8.834295757308588 9.171641668743037 9.102354755995652 9.153647039831956 9.109844824995848 8.990094192481196 9.013704568918092 9.050194816093995 9.021074652983526 9.09565579165052 8.963912136119623 8.835113200485695 8.758316373741321 8.813430382517168 8.84634202064651 8.99835121877297 9.016486553355332 8.994387765993283 9.018144296629453 9.156738969021996 9.29178539920739 9.071980642163757 8.487756071321218 -9999 -9999 -9999 -9999 -9999 -9999 -9999 -9999 -9999 -9999 -9999
-9999 -9999 -9999 -9999 -9999 -9999 -9999 -9999 -9999 -9999 -9999 8.689885442124334 8.715615587451644 8.660106586520572 8.627441637070017 8.83227337363732 8.821312805921753 8.947876146326724 9.02039036840699 9.249319723770414 9.140587515131276 9.179363976908554 9.092661703311434 9.147483497606446 9.325908957595736 9.392328727342935 9.420205145886909 9.400873342490137 9.375732788751732 9.313076017581515 9.216291762151274 8.812164784985018 8.884962274148045 9.05994481541696 9.16844188849814 9.021165559320117 9.006088572852903 8.958094924017109 8.986898972618024 8.295491986897394 -9999 -9999 -9999 -9999 -9999 -9999 -9999 -9999 -9999 -9999 -9999 -9999
-9999 -9999 -9999 -9999 -9999 -9999 -9999 -9999 -9999 -9999 9.138817572767431 8.944086610026913 8.584212813024893 8.580292387558977 8.75354785174875 9.01799666189541 9.200993171535718 9.15417301668859 9.040201939599164 9.119682189300343 9.074783645796733 9.136604473918638 8.951223229240494 8.943178002735056 8.907898255524332 9.024263710286688 9.219949579430844 9.31906389219051 9.382759058012864 9.300754004269276 9.2585183457909 9.170693183592117 9.022430859817666 9.059966750182236 9.145179462274305 8.997637362237974 8.91604192781868 8.960474010695961 9.0035325899164 -9999 -9999 -9999 -9999 -9999 -9999 -9999 -9999 -9999 -9999 -9999 -9999 -9999
-9999 -9999 -9999 -9999 -9999 -9999 -9999 -9999 -9999 -9999 -9999 -9999 8.77775904865874 9.007136556485241 9.14489960625724 9.226971810044317 9.289985096423887 9.222364620121834 9.116753065658038 9.063303481463596 8.828873732636456 8.932810488465114 8.852533227285894 8.93098649616995 8.853701489738699 8.888980147610381 8.839807123235833 8.82297066036262 9.05165280551662 8.828535249921485 9.314243065206396 9.15971302465578 9.227601000454325 9.215267786490967 9.146884493308745 8.966787120615678 8.943235443346945 9.017722895164416 8.883093416179124 8.17996461532447 -9999 -9999 -9999 -9999 -9999 -9999 -9999 -9999 -9999 -9999 -9999 -9999
-9999 -9999 -9999 -9999 -9999 -9999 -9999 -9999 -9999 -9999 -9999 8.912003959718813 8.817125991444529 8.699615953468445 8.875524947380736 9.184427547528742 9.203077548311 9.184862850030678 9.13039332862193 9.26079670718092 9.094612964997216 8.747054517031929 8.738041608157106 8.835218055517933 8.965337780211616 9.09652737851707 8.941422458099805 8.957421507800582 8.975919925026842 9.279385611151845 8.983054782438598 9.30139179592734 9.319468831546462 9.31611856342376 9.321480066005147 8.993749599980319 9.034427004169222 8.687767421587878 7.413917873097768 -9999 -9999 -9999 -9999 -9999 -9999 -9999 -9999 -9999 -9999 -9999 -9999 -9999
-9999 -9999 -9999 -9999 -9999 8.838618022794927 8.916108953613039 8.913370777349861 8.7247548133454 8.710145302259786 8.77727572704789 9.00646788374476 9.220758592686416 9.149987943514363 9.065958885776348 9.08802510607265 9.133023194165734 9.164467127048123 9.167525121782472 8.960333545827119 8.846864046129786 8.829405676046521 8.838129525224959 8.82529975488641 8.8202015719454 8.850905818986996 8.933147708751953 9.218071966747084 9.437075404720051 9.517017008919264 9.477961848970514 9.289599903724561 9.268398901190329 9.272090856436504 9.190333830211573 8.554750583247548 7.627092449385487 7.289032744126445 -9999 -9999 -9999 -9999 -9999 -9999 -9999 -9999 -9999 -9999 -9999 -9999 -9999 -9999
-9999 -9999 -9999 -9999 8.676197294837714 8.824942031134759 8.933345315190243 9.033616016420863 9.15697546968842 9.12086114729867 9.089758137948108 9.028598518212585 9.065242767803763 9.08772260605946 9.00488574025714 9.019594645197687 9.080900084274438 9.091672411976855 9.06008457513935 9.088522232293883 9.03078454285067 8.995885540235715 9.060049507792096 8.938910152196534 8.916743835330688 9.026740596196193 9.130461035905581 9.462473634835067 9.49196115797344 9.523044370831123 9.47918727860584 9.218195994750472 8.974313266421754 7.671179783195147 7.322539720781403 -9999 -9999 -9999 -9999 -9999 -9999 -9999 -9999 -9999 -9999 -9999 -9999 -9999 -9999 -9999 -9999 -9999
-9999 -9999 -9999 8.927409676134431 8.92710742028699 9.071744512554243 9.123283035546168 9.084270455016002 9.096154948510454 9.09564935943831 9.127133778913775 9.216661180624673 9.260372098874646 9.224702167746523 9.027968264834179 9.076992613329482 9.097688152945823 9.074102015143954 9.001041358119277 9.133206797946961 9.169555200067563 9.268816602431482 9.284647554116683 9.11355490889391 8.969659482267001 8.93347701640023 9.0492657721643 9.532674795777263 9.59309698717636 9.514365326758726 9.010716569296633 -9999 -9999 -9999 -9999 -9999 -9999 -9999 -9999 -9999 -9999 -9999 -9999 -9999 -9999 -9999 -9999 -9999 -9999 -9999 -9999 -9999
-9999 -9999 -9999 8.736749399493211 8.320759062688209 8.651355977316273 8.704785535257978 9.120000533781713 9.142916064960083 9.163967088550802 9.179558934503047 9.101090031988376 7.951031216513016 9.020384583730936 9.104160017969903 9.141476803414225 9.127704505415734 9.123899008778078 9.148951187331892 9.349220057996623 9.287253088227349 9.373401879619417 9.464714260169279 9.61941250448466 9.613626179344957 9.684513793524498 9.568253825114224 9.42193203545318 9.275312905581336 -9999 -9999 -9999 -9999 -9999 -9999 -9999 -9999 -9999 -9999 -9999 -9999 -9999 -9999 -9999 -9999 -9999 -9999 -9999 -9999 -9999 -9999 -9999
-9999 -9999 -9999 8.702657067202146 8.56082679019644 8.688590253865854 8.793009090623189 8.987117623360056 9.075373614467253 9.015412976528166 9.205469618922477 9.401389916234155 9.38790005693476 9.535400212568929 9.55946848854797 9.410603996234174 9.363952393735818 9.307338030468015 9.372258144735007 9.503402324379831 9.521600898002696 9.497218610886756 9.500270126364098 9.263936480779854 9.313567640732805 9.360171503668404 9.313899602894605 7.9510271812036075 -9999 -9999 -9999 -9999 -9999 -9999 -9999 -9999 -9999 -9999 -9999 -9999 -9999 -9999 -9999 -9999 -9999 -9999 -9999 -9999 -9999 -9999 -9999 -9999
-9999 -9999 -9999 8.63294119986592 8.79551555711092 9.166505294445944 8.78239410364716 9.358709775901518 9.534197686172217 9.575357370648453 9.479591158771996 9.48208220043606 9.570594261608207 9.548739545961777 9.529570444327316 9.422780947538314 9.37857215457797 9.405637582512004 9.431552146595322 9.564766011782305 9.611293312353249 9.602571890061846 9.50448611731644 9.31820138970041 9.25965916056958 9.281014858102015 7.3379296803366945 -9999 -9999 -9999 -9999 -9999 -9999 -9999 -9999 -9999 -9999 -9999 -9999 -9999 -9999 -9999 -9999 -9999 -9999 -9999 -9999 -9999 -9999 -9999 -9999 -9999
-9999 -9999 -9999 -9999 9.086856631755225 9.29797153628717 9.357065552172935 9.55212866362137 9.636475351869263 9.580084512201546 9.534897511703722 9.410061593355753 9.379809212105966 9.500657675255331 9.565913421341806 9.546256578888508 9.514945316168589 9.465564724929713 9.436544986441724 9.57316352819386 9.561058516203099 9.518975110336537 9.496697745647609 9.412425121577769 -9999 -9999 -9999 -9999 -9999 -9999 -9999 -9999 -9999 -9999 -9999 -9999 -9999 -9999 -9999 -9999 -9999 -9999 -9999 -9999 -9999 -9999 -9999 -9999 -9999 -9999 -9999 -9999
-9999 -9999 -9999 -9999 9.182213853767127 9.30949547689024 9.33234991921594 9.25048582883738 9.505967342435584 9.296637779861856 9.494079309789804 9.578638906877332 9.556235016853575 9.49793722891233 9.469805207577917 9.50620021209259 9.51453569900333 9.503008943855258 9.492684484743007 9.591692360940684 9.511224359050605 9.396253212698712 8.866526872298426 8.496240602767037 7.061984955159541 -9999 -9999 -9999 -9999 -9999 -9999 -9999 -9999 -9999 -9999 -9999 -9999 -9999 -9999 -9999 -9999 -9999 -9999 -9999 -9999 -9999 -9999 -9999 -9999 -9999 -9999 -9999
-9999 -9999 -9999 -9999 9.281094467836152 9.321299121538068 9.302406188751831 9.340200136657462 9.274680455921613 9.222349394364334 9.33201050704202 9.134718022041376 9.008960736529868 9.075168940521378 9.030911273141863 9.341249529966449 9.45641519819148 9.552386923326297 9.616602591410656 9.48599594910777 9.453175778686349 7.829365296735237 8.350170243847787 8.063969742719184 -9999 -9999 -9999 -9999 -9999 -9999 -9999 -9999 -9999 -9999 -9999 -9999 -9999 -9999 -9999 -9999 -9999 -9999 -9999 -9999 -9999 -9999 -9999 -9999 -9999 -9999 -9999 -9999
-9999 -9999 -9999 -9999 9.059812705665856 9.123217128416917 9.097422375885484 9.58809622954263 9.545407052107546 9.230537896945636 9.12072303594119 9.187903449703622 9.097053140992413 8.913526655127502 8.79037695717472 8.694658159446702 8.88233503282958 8.915476025229227 9.01650393007304 8.92130951673852 8.831066812198467 8.853079456441243 8.537458433722353 -9999 -9999 -9999 -9999 -9999 -9999 -9999 -9999 -9999 -9999 -9999 -9999 -9999 -9999 -9999 -9999 -9999 -9999 -9999 -9999 -9999 -9999 -9999 -9999 -9999 -9999 -9999 -9999 -9999
