metrics/grid_rasters/GLDAS/grideval_GLDAS_X_fall_2015_absolute_ubrmsd.asc
ncols 52
nrows 55
xllcorner     11.25
yllcorner     55.25
cellsize      0.25
NODATA_value  -9999
[rows 0 to 28 of 55, columns 0 to 51 of 52]
-9999 -9999 -9999 -9999 -9999 -9999 -9999 -9999 -9999 -9999 -9999 -9999 -9999 -9999 -9999 -9999 -9999 -9999 -9999 -9999 -9999 -9999 -9999 -9999 -9999 -9999 -9999 -9999 -9999 -9999 -9999 -9999 -9999 -9999 -9999 -9999 8.155026299369824 7.949456376898767 8.041431030688333 -9999 -9999 -9999 -9999 -9999 -9999 -9999 -9999 -9999 -9999 -9999 -9999 -9999
-9999 -9999 -9999 -9999 -9999 -9999 -9999 -9999 -9999 -9999 -9999 -9999 -9999 -9999 -9999 -9999 -9999 -9999 -9999 -9999 -9999 -9999 -9999 -9999 -9999 -9999 -9999 -9999 -9999 -9999 -9999 -9999 -9999 -9999 -9999 -9999 6.160683176965742 7.151896768209045 5.156103275371422 4.534073665060986 3.756888803372124 5.672206812151487 -9999 -9999 -9999 -9999 -9999 -9999 -9999 -9999 -9999 -9999
-9999 -9999 -9999 -9999 -9999 -9999 -9999 -9999 -9999 -9999 -9999 -9999 -9999 -9999 -9999 -9999 -9999 -9999 -9999 -9999 -9999 -9999 -9999 -9999 -9999 -9999 -9999 7.822974336541119 7.8339847528967645 7.717350781776316 8.176725739142668 8.194170393492191 7.470019576941267 7.39093019776286 -9999 7.943539352362318 8.110922760123866 6.3402755696886155 6.076510655383239 4.72793563736817 5.2747589444040015 5.454965764394517 5.420742238426748 5.45866452992608 5.488536004982908 5.435508577869194 -9999 -9999 -9999 -9999 -9999 -9999
-9999 -9999 -9999 -9999 -9999 -9999 -9999 -9999 -9999 -9999 -9999 -9999 -9999 -9999 -9999 -9999 -9999 -9999 -9999 -9999 -9999 -9999 -9999 -9999 -9999 -9999 -9999 8.934584873552451 5.41195281297877 6.9169865442838905 4.038990109255028 6.6104951877724085 7.043494208774392 7.467526400648338 7.782464778070191 7.632070503646273 7.580764399322613 6.929254699439106 5.603333558310007 5.135194365952226 4.961472993804083 4.7163341592207315 4.822028501880276 5.0866479238556135 4.892319579544557 5.102156273912036 4.941977938758281 5.0774405831610085 -9999 -9999 -9999 -9999
-9999 -9999 -9999 -9999 -9999 -9999 -9999 -9999 -9999 -9999 -9999 -9999 -9999 -9999 -9999 -9999 -9999 -9999 -9999 -9999 -9999 -9999 8.219368888747622 7.729753064486892 7.786198300665358 7.7911524950699125 5.8419559947262565 4.9466216588326555 5.057306879842859 5.305290849979482 4.923776489498605 5.287513659691408 5.1990340681516845 6.077933360484267 5.6344423430080095 5.136302783668394 4.252113429301944 3.42211959235725 3.3369668064326334 2.9256524555475463 3.0572885740431524 3.0649463892312747 3.174142690239825 3.833649513629868 4.220821226439832 4.709282607349513 5.183431833193512 6.659660260972903 6.6044197034544085 -9999 -9999 -9999
-9999 -9999 -9999 -9999 -9999 -9999 -9999 -9999 -9999 -9999 -9999 -9999 -9999 -9999 -9999 -9999 -9999 -9999 -9999 -9999 -9999 7.639195294444691 7.6381477887367435 7.754332049328879 7.9997917387169775 8.275620796173191 7.7823464893374465 7.568010747048838 6.410215097032901 7.405792076460951 8.095786189089402 5.787299874111228 6.419599871981076 3.867884450121301 5.142843331178284 4.406419897706024 4.001993110906536 2.9571919419972383 2.5029167805046364 2.3154694266873035 2.3975369451234725 2.6450002691441368 2.74650196020239 3.790873888420754 4.73768858537582 5.505510991165692 5.7664869572756094 6.746569820563246 6.713835936460329 -9999 -9999 -9999
-9999 -9999 -9999 -9999 -9999 -9999 -9999 -9999 -9999 -9999 -9999 -9999 -9999 -9999 -9999 -9999 -9999 -9999 -9999 -9999 7.655126925862919 7.717266907432863 7.935713731990469 8.523299714553763 5.1083327630503765 4.101557695948547 4.73106261046301 5.319530674646941 8.079467237984094 7.922426015957306 7.440791469355247 5.057870438052112 4.827973470018008 4.85910085228279 5.328280875545361 4.329893584277473 4.257778680487847 3.968160762740272 3.1228161504275715 2.0195053743717795 1.7827126387968553 2.1741175934552985 2.9779517807423663 4.205003868041765 5.5746176759718065 5.9665733005569885 6.344496529535774 6.789600872164493 6.781486700342135 6.849323450905097 -9999 -9999
-9999 -9999 -9999 -9999 -9999 -9999 -9999 -9999 -9999 -9999 -9999 -9999 -9999 -9999 -9999 -9999 -9999 -9999 -9999 -9999 -9999 8.526971953326218 8.380344680950527 4.792249879257708 6.980813077531573 6.7930688433035655 6.333190946889979 4.8734319482386645 6.539970033598157 6.075021029631094 5.678061497933928 5.0054687676188765 5.144091777239505 4.878720843157116 4.7529493167285946 3.731224310917129 3.682103408292446 2.9597338772745956 2.0418672439860224 1.8403682862346449 1.860371712193387 2.788934297440207 3.726966757811781 4.643289153840592 6.232451132694501 5.881894085579238 6.305449014873352 6.824688170953113 6.863651236066736 -9999 -9999 -9999
-9999 -9999 -9999 -9999 -9999 -9999 -9999 -9999 -9999 -9999 -9999 -9999 -9999 -9999 -9999 -9999 -9999 -9999 -9999 8.313963184953312 8.449496058244916 8.523073174693863 8.433207387118577 6.970663966489627 6.162287249408285 7.646494677089445 7.685940994904751 5.259896152392108 4.649582395223012 4.179713085556176 3.8145035217123846 3.3733169141740773 3.4933693555391874 3.4292884650176383 3.34571476966479 2.789404964634452 2.89545226055789 2.8246379697570716 1.8143794324936915 2.4978963103689216 3.3507529149043926 4.5502813468264405 5.271263730755452 6.358844355755532 6.973800615405512 7.025762964493313 7.055245825012287 7.073039930131662 7.0422832104197886 7.046544619887688 7.0463350325384475 -9999
-9999 -9999 -9999 -9999 -9999 -9999 -9999 -9999 -9999 -9999 -9999 -9999 -9999 -9999 -9999 -9999 -9999 -9999 9.24591645400957 8.399369134771923 8.367011600229077 8.30436743238467 8.356899327588135 7.774802261827049 7.776328434868356 7.721936527686397 7.72212581317353 5.799596766970831 5.168424157162099 2.2363482534840133 1.6472000128970892 1.7664987101006682 1.9628364391317503 2.0844521714963262 2.9069606123598337 2.6444507083435576 1.9861885284684209 2.221597192230591 2.305002964127416 2.8584715689468085 3.1210584688607903 3.935550814588353 4.901124541226031 6.779393720143203 7.119973967708436 7.161901044023821 7.0588114258527135 7.006109286264026 6.941433662995642 5.934246242527883 5.865763005620183 -9999
-9999 -9999 -9999 -9999 -9999 -9999 -9999 -9999 -9999 -9999 -9999 -9999 -9999 -9999 -9999 -9999 -9999 8.206618551501945 9.00373369455874 7.665116066263585 8.036268754622032 8.285677594806975 8.064461614565628 7.823636976445787 6.311399621624166 5.228620045493326 4.314286637647162 2.68994622498184 1.8691643668211 1.9935563496222737 1.7869261410059383 1.7195019216538896 1.8442242727964373 1.8188971872716464 1.9682828948166289 2.6151592296309247 3.187595540825702 4.1334133370377835 4.4584959474191725 4.4146753808985055 4.724360413916563 4.933350502377172 4.933496983577394 6.542261655741128 6.706769793293934 6.981608100584402 6.7151680377660945 5.231460213302032 4.93462560912618 4.505859787844877 -9999 -9999
-9999 -9999 -9999 -9999 -9999 -9999 -9999 -9999 -9999 -9999 -9999 -9999 -9999 7.871118775024043 7.242606095187195 7.769626471565803 8.131026667656457 8.220244075576348 6.968008649004578 7.9544261274789605 6.343146984531495 7.87461708452785 7.969769160185986 4.255145441299368 6.205716633907825 4.829681238132454 4.4125669563344445 3.079413474605712 2.6028533438061072 2.615844907523957 2.6105141291557543 1.9488489890592802 1.9827167418157 2.0550866176271723 2.4225861124048484 2.7883729416720597 2.868240159630062 3.8908036094254927 4.174631088238365 5.6911956590514805 5.716199181923603 5.913297112156934 6.243330387316901 6.6127916028549025 6.291232144518398 5.369296733450325 4.9908683355228876 4.877953524562008 4.9564088524689165 4.992156820886379 5.068846307016319 -9999
-9999 -9999 -9999 -9999 -9999 -9999 -9999 -9999 -9999 -9999 -9999 -9999 -9999 7.352339930427196 6.952610687436571 7.2022923809454 8.056724061846502 7.824795858526174 7.9383691983586315 7.7259887821025455 7.833618468558548 7.542462228637007 5.029542636368492 4.361655551303445 4.243743871391194 4.819480996057023 4.824198801748652 3.4930228334337516 2.8964637496784778 2.7992104080750364 3.1695570566272213 2.253965235043593 2.4111235786293017 2.4136992974189178 2.6814898808610885 2.990915899158681 2.9566173052219504 3.8760208648169217 4.4127194383753805 6.276120289750835 6.481078081340707 6.57107776062458 6.42227360932996 4.032224589277618 2.9912897842095507 2.438100689797841 2.2548213312216583 2.2142736962402743 2.175492671621503 2.1406765228512024 2.1501970588730512 1.8202303933844357
-9999 -9999 -9999 -9999 -9999 -9999 -9999 -9999 -9999 -9999 -9999 -9999 -9999 7.538893144709424 7.278805813137105 7.461734422572361 7.386804127037831 7.47787637673313 7.842185890589921 4.706120780592983 4.692332379787827 4.5701539371701605 5.0678729033173555 4.115808158746355 4.239573212669397 4.6799165032474646 5.488016210123817 3.9304819994820583 3.4207598378795834 3.4619447315378062 3.053628920905189 2.6032256723836595 3.1060231753853667 3.0274189608109463 2.8502526998363353 3.1063894653162794 3.5321986503708063 4.120085438842161 4.598370149907087 6.23309250690081 6.611338049057236 6.586860406403033 5.657326214401412 3.2822597782377145 -9999 -9999 -9999 -9999 -9999 -9999 -9999 -9999
-9999 -9999 -9999 -9999 -9999 -9999 -9999 -9999 -9999 -9999 -9999 -9999 -9999 7.719328666004244 7.578585654125836 7.243573403800674 7.680115031572656 7.244359061992898 5.694202126550907 5.9410517517369925 6.07056540719861 6.045249311500032 5.647105986281037 4.144959804689671 4.263132544775989 5.065076406691971 5.900183792509277 4.078931051873549 3.98806339262814 4.24219089120085 4.050170202067469 3.0112017934073787 3.428550238863041 3.4297865541632415 3.3710931581357038 3.7573025889371383 3.7283963021452458 4.181913557567103 5.330572987753674 6.623918202776682 6.230439873318237 -9999 -9999 -9999 -9999 -9999 -9999 -9999 -9999 -9999 -9999 -9999
-9999 -9999 -9999 -9999 -9999 -9999 -9999 -9999 -9999 -9999 -9999 -9999 7.623772824558471 7.168025074427439 7.6747637134668025 7.6381809588672755 6.143936721420956 5.641418583974192 7.0167734048542 6.40208986778029 5.4081276006091334 5.362701265064413 5.2625097717425495 4.480500346744539 4.8160161190329855 5.311142912406426 5.594625401487645 4.646228181618756 4.819399138888938 4.596352382004818 4.702848627755642 3.8852815757376367 4.025594938995328 4.087713810671722 3.8831332885511474 3.9458888632239266 3.760692452086328 4.600363323552473 5.642550444520812 6.149798050979579 2.8665070933665584 -9999 -9999 -9999 -9999 -9999 -9999 -9999 -9999 -9999 -9999 -9999
-9999 -9999 -9999 -9999 -9999 -9999 -9999 -9999 -9999 -9999 -9999 6.881770367987679 6.038775145332625 6.490342110360267 6.960434980242486 6.157705977758209 6.131260917626692 6.9579234236470375 7.00161941777924 6.3668325140428825 5.52608395261359 5.257457093129722 4.314075576941978 4.365333637161395 5.394446233576759 6.761564010496824 6.993889973958986 5.74491347537895 5.743041032513911 5.710137593798433 5.391282942984169 4.990417822644066 5.221793060547544 5.307554724062177 5.462333741646426 5.356795518310311 5.6113162606099465 5.686903121760371 5.291072978366994 2.4919578083889697 -9999 -9999 -9999 -9999 -9999 -9999 -9999 -9999 -9999 -9999 -9999 -9999
-9999 -9999 -9999 -9999 -9999 -9999 -9999 -9999 -9999 -9999 4.612091226657111 6.10281037459042 6.6914003604816426 6.517431707229719 6.802036737110879 6.942602266141173 7.026673752363299 7.020944840011919 6.996331362374227 6.2500930774434265 5.799274314270642 5.973978803868293 5.438972115096622 5.390003819299731 5.2925743455254315 6.208080754717972 6.867937364158009 5.668288222604688 5.9322463719071035 5.9729047830681905 6.210767037249237 6.117309695699072 5.982480020209602 5.7537370642738 5.671056951302051 5.784462559459453 6.102916086562916 5.304325309394733 5.475477525273333 -9999 -9999 -9999 -9999 -9999 -9999 -9999 -9999 -9999 -9999 -9999 -9999 -9999
-9999 -9999 -9999 -9999 -9999 -9999 -9999 -9999 -9999 -9999 -9999 -9999 6.171183889689711 5.301915618128387 4.5140945108713835 5.06854527291457 4.677675956996737 4.691105844372912 5.236850224637172 6.190359643652669 5.930476663570667 6.638372344153956 6.292605890906197 6.276679235454049 6.032573496319957 6.139796506637977 6.499995514573474 5.724556916279213 5.815647137690184 5.5530042075369535 6.3241863115832375 6.0684833034511305 6.225308171088357 6.038975345505016 5.837253484907542 5.466172480978606 4.86087686572832 5.205374890079698 4.645533304604442 2.9377120653313846 -9999 -9999 -9999 -9999 -9999 -9999 -9999 -9999 -9999 -9999 -9999 -9999
-9999 -9999 -9999 -9999 -9999 -9999 -9999 -9999 -9999 -9999 -9999 4.038983719274042 3.7328462821705286 4.618205421784149 4.431803406202444 3.5486740156132948 4.4246180859794615 4.949483301189156 6.257325195041161 7.227247617356865 7.176553061381828 6.780137108842058 6.5191125535739145 6.274601665040426 6.829693697383883 7.015172496313862 6.9960940499860635 5.765922048837209 6.198820556565593 6.412711078682783 6.537481772180295 6.1905311698573176 5.916250769647284 5.330333365289637 4.940726190627305 4.668686836007704 5.067924283590013 3.8367165334806366 2.458108407031441 -9999 -9999 -9999 -9999 -9999 -9999 -9999 -9999 -9999 -9999 -9999 -9999 -9999
-9999 -9999 -9999 -9999 -9999 4.542268231972829 4.285052899836293 3.849139269261221 4.5302701559955185 4.247774439766626 4.36848823102767 4.355461974864559 4.058183997708478 3.7958775069453465 4.270078038935594 4.833871026616706 5.8136860099183645 6.703310231375045 7.074824816949688 7.359504858283801 7.313292015844952 7.296834746349868 7.312217652390977 6.8975647115241765 6.668592868181339 6.714132840816507 6.957796926155134 6.695833262712733 6.513320373101482 6.352206839029773 6.4717380383856415 6.081061195139176 5.312894917961816 5.110025863234658 4.68769237436067 3.147169366308919 2.8374902125841985 2.517818426608854 -9999 -9999 -9999 -9999 -9999 -9999 -9999 -9999 -9999 -9999 -9999 -9999 -9999 -9999
-9999 -9999 -9999 -9999 4.5076107245340715 3.786880890154881 3.9356235373119937 4.4363692176918015 3.994980784707333 3.947324844909576 3.828082234930721 3.1914076576639907 3.0194930061794327 3.5458382549732828 3.7990373728812616 4.675851859323414 5.408280646411497 6.336783312715292 6.7915235373401615 6.8784845326354365 7.046570823629247 7.221273433044172 7.2958584504236565 7.3657425621719 7.248067083960072 7.007263440465968 6.475437162542258 5.684880732666932 5.318433154409108 5.101911899445827 4.9582607544893165 4.9742393850356565 3.0239527105382047 2.3257768664655933 2.1793004027303016 -9999 -9999 -9999 -9999 -9999 -9999 -9999 -9999 -9999 -9999 -9999 -9999 -9999 -9999 -9999 -9999 -9999
-9999 -9999 -9999 3.8626670141853063 3.82899274689804 3.9277917245308127 3.987608630215649 4.17636509706049 4.207132438134515 4.398496987937029 4.666618892208271 4.080007594757719 4.090110297825014 4.001430247889734 4.128801731239993 4.362037781366548 4.717857595709618 5.147632332682677 5.830776830549135 6.0515156076482866 6.290676150263172 7.025234680205606 7.3064950845335765 7.316869632545989 7.234950900502285 6.9947255719289565 6.433988981137217 4.746681755763436 4.789971740410805 4.56579702786533 2.7283543333746456 -9999 -9999 -9999 -9999 -9999 -9999 -9999 -9999 -9999 -9999 -9999 -9999 -9999 -9999 -9999 -9999 -9999 -9999 -9999 -9999 -9999
-9999 -9999 -9999 4.689174917892809 6.740107750103957 7.0982624722010765 7.191715047899294 4.909829099925356 4.324530126245516 4.064279466899737 4.363515462792096 4.094125271189924 3.1658076958477057 4.126377759854955 4.214182214604625 4.480837230633808 4.752506722050222 5.2587979549350825 5.865229500072872 5.944119710345357 6.4226921801416905 6.040030737579077 5.877958018073138 5.350519149941444 5.7150871837533295 5.4963804713119675 5.101885691929036 4.64418470501784 4.446370225777189 -9999 -9999 -9999 -9999 -9999 -9999 -9999 -9999 -9999 -9999 -9999 -9999 -9999 -9999 -9999 -9999 -9999 -9999 -9999 -9999 -9999 -9999 -9999
-9999 -9999 -9999 5.056825148080735 7.394151068632441 7.370428859313316 7.440771166609071 6.999552921011728 5.60245395538572 5.040941194075017 4.301729409746174 3.855907457586905 3.9376805817667018 4.35922716390624 4.3946623720351115 4.759400746339034 5.7794530126023576 6.4621462631588695 6.45184495756004 4.542274826278127 4.222955761876373 4.679661204447344 3.8525594444777886 3.9348678274590263 4.246887895907725 4.116604582984712 4.003952568864636 2.5595429723805663 -9999 -9999 -9999 -9999 -9999 -9999 -9999 -9999 -9999 -9999 -9999 -9999 -9999 -9999 -9999 -9999 -9999 -9999 -9999 -9999 -9999 -9999 -9999 -9999
-9999 -9999 -9999 7.276007513692599 6.857068799607397 6.247334854397821 6.857450726059903 6.816993522195745 6.171331330969174 4.999344577276103 4.263360981841038 4.496470900897789 4.262127061183678 4.303041500550814 4.31434551698275 5.565624733377825 6.008965399795952 6.115379318313893 6.234239251505495 4.145413779626063 4.26708358924393 3.618045961955153 3.705600640811332 4.159613393138708 4.060791451711505 4.056409210942381 2.3872737018445207 -9999 -9999 -9999 -9999 -9999 -9999 -9999 -9999 -9999 -9999 -9999 -9999 -9999 -9999 -9999 -9999 -9999 -9999 -9999 -9999 -9999 -9999 -9999 -9999 -9999
-9999 -9999 -9999 -9999 3.9974887019515393 4.092569155237179 4.202688718816529 5.288816460007997 5.959834078785572 6.748876591293574 6.650167391484637 4.727523873756812 5.556722367286941 4.921693763137938 4.57331060872471 4.626193760018617 4.25802498225254 4.3545461660110645 4.480613308148875 3.65806550921589 3.704943319665382 4.020189339342549 3.3674545994685237 3.4718902407078125 -9999 -9999 -9999 -9999 -9999 -9999 -9999 -9999 -9999 -9999 -9999 -9999 -9999 -9999 -9999 -9999 -9999 -9999 -9999 -9999 -9999 -9999 -9999 -9999 -9999 -9999 -9999 -9999
-9999 -9999 -9999 -9999 4.745783489252694 5.140408586683507 4.645234301781757 5.524684474999097 3.97911591844104 3.6334515546929187 3.7671819101862907 4.1566576699174735 4.298520873319529 4.350936598264712 4.399294559381495 4.452536190243238 4.241356684016312 4.0184773906270825 4.0490314473720685 3.3837196498490005 3.334503435558183 3.28799330385773 3.0652631985590864 2.9593217445143574 2.1791389512102195 -9999 -9999 -9999 -9999 -9999 -9999 -9999 -9999 -9999 -9999 -9999 -9999 -9999 -9999 -9999 -9999 -9999 -9999 -9999 -9999 -9999 -9999 -9999 -9999 -9999 -9999 -9999
-9999 -9999 -9999 -9999 3.706799904598518 4.594271045890545 3.744409895972972 4.2003997161806845 3.4259029728002157 3.2231175811154165 3.2197033550951684 3.1617471386091056 3.149133673796303 3.5308294557211672 3.4438061170262606 3.6302003545724335 3.6129769586952896 3.612003557791649 3.5792163202456417 4.1241959735002025 4.089060323049797 3.694472247069157 3.5712403608373244 3.240233626525886 -9999 -9999 -9999 -9999 -9999 -9999 -9999 -9999 -9999 -9999 -9999 -9999 -9999 -9999 -9999 -9999 -9999 -9999 -9999 -9999 -9999 -9999 -9999 -9999 -9999 -9999 -9999 -9999
