metrics/grid_rasters/GLDAS/grideval_GLDAS_S_summer_anomaly_pearson_r.asc
ncols 52
nrows 55
xllcorner     11.25
yllcorner     55.25
cellsize      0.25
NODATA_value  -9999
[rows 0 to 28 of 55, columns 0 to 51 of 52]
-9999 -9999 -9999 -9999 -9999 -9999 -9999 -9999 -9999 -9999 -9999 -9999 -9999 -9999 -9999 -9999 -9999 -9999 -9999 -9999 -9999 -9999 -9999 -9999 -9999 -9999 -9999 -9999 -9999 -9999 -9999 -9999 -9999 -9999 -9999 -9999 0.5921695298502154 0.6290596176599484 0.7128949402724741 -9999 -9999 -9999 -9999 -9999 -9999 -9999 -9999 -9999 -9999 -9999 -9999 -9999
-9999 -9999 -9999 -9999 -9999 -9999 -9999 -9999 -9999 -9999 -9999 -9999 -9999 -9999 -9999 -9999 -9999 -9999 -9999 -9999 -9999 -9999 -9999 -9999 -9999 -9999 -9999 -9999 -9999 -9999 -9999 -9999 -9999 -9999 -9999 -9999 0.5808450253479722 0.6115279738557423 0.6199138950850831 0.6338553581127186 0.6813796797551915 0.7274032369810753 -9999 -9999 -9999 -9999 -9999 -9999 -9999 -9999 -9999 -9999
-9999 -9999 -9999 -9999 -9999 -9999 -9999 -9999 -9999 -9999 -9999 -9999 -9999 -9999 -9999 -9999 -9999 -9999 -9999 -9999 -9999 -9999 -9999 -9999 -9999 -9999 -9999 0.4460638367964851 0.3194811193153246 0.3752581450004323 0.4527915539210353 0.6458067049070895 0.5213173500878832 0.6545424466892504 -9999 0.7110371398669213 0.6280538100814246 0.5871429685695793 0.7137181655867898 0.7129722898912431 0.7372619985766629 0.7517935165186583 0.750629518253719 0.7389197588818057 0.7359216386153394 0.7448016780430697 -9999 -9999 -9999 -9999 -9999 -9999
-9999 -9999 -9999 -9999 -9999 -9999 -9999 -9999 -9999 -9999 -9999 -9999 -9999 -9999 -9999 -9999 -9999 -9999 -9999 -9999 -9999 -9999 -9999 -9999 -9999 -9999 -9999 0.4553995618540829 0.5562515977963145 0.4094303655506868 0.5855022542625178 0.5620527556710744 0.6581576745288207 0.7229861467633232 0.6870756874140935 0.7032184481637374 0.7422086550928981 0.7415647407429107 0.7405766506435468 0.7371304404730509 0.7301098762229097 0.7223726244296376 0.7124889145779482 0.7258414301447196 0.7258602311185756 0.720910280483751 0.7136611310230172 0.7127440876029894 -9999 -9999 -9999 -9999
-9999 -9999 -9999 -9999 -9999 -9999 -9999 -9999 -9999 -9999 -9999 -9999 -9999 -9999 -9999 -9999 -9999 -9999 -9999 -9999 -9999 -9999 0.5500880042480644 0.2631012783387793 0.3699287916830662 0.412952104950296 0.6048011351839548 0.5878917270286405 0.5799359868875873 0.6064510247524307 0.5937635889695994 0.609551851583364 0.6572627829428851 0.7615547709571071 0.7612390614105984 0.7374629914790427 0.6999310568332306 0.6451480307280195 0.6726608964459333 0.7004333300611505 0.6956155994863922 0.7234342536376606 0.7309876795755252 0.6949507371616361 0.6807749245852825 0.6917032249535215 0.6806017112811321 0.6656322264759296 0.672728102384782 -9999 -9999 -9999
-9999 -9999 -9999 -9999 -9999 -9999 -9999 -9999 -9999 -9999 -9999 -9999 -9999 -9999 -9999 -9999 -9999 -9999 -9999 -9999 -9999 0.5004297388103446 0.5064430656570791 0.3740030533072785 0.4902635641990253 0.5777785904113584 0.4750044908850185 0.4976032416525292 0.5477248614864507 0.5772952138275108 0.6844914034081486 0.6838300002233788 0.73764370737829 0.7600501262299365 0.7612277316522346 0.7026163692330311 0.7128965042475197 0.7254309124308991 0.6770311151448976 0.6568132222873485 0.6628425102297608 0.669679686942523 0.6794677279249335 0.6692898030521857 0.6757042157752398 0.6809539523170772 0.6845429665952838 0.682509714521347 0.6794124544190363 -9999 -9999 -9999
-9999 -9999 -9999 -9999 -9999 -9999 -9999 -9999 -9999 -9999 -9999 -9999 -9999 -9999 -9999 -9999 -9999 -9999 -9999 -9999 0.4298386256358504 0.4628156206284667 0.5109645692912286 0.5349552243645482 0.6062455064102034 0.6767674714914113 0.6548165963539117 0.5947118288053266 0.6193858141037268 0.6209933594186915 0.6574030114915765 0.7395185546344789 0.7561185060904946 0.7658195626983219 0.74302121581514 0.7044196545635729 0.6964425302331304 0.7010502073617603 0.7022483504952522 0.6585822742018937 0.6449446855692034 0.6437443669318673 0.6696285731036118 0.7011392066570288 0.7206297881993337 0.7205931297147274 0.7202490683954407 0.7253022278291836 0.7169689437110491 0.6972221161922977 -9999 -9999
-9999 -9999 -9999 -9999 -9999 -9999 -9999 -9999 -9999 -9999 -9999 -9999 -9999 -9999 -9999 -9999 -9999 -9999 -9999 -9999 -9999 0.5994379455701149 0.5899616288094055 0.579321007673135 0.5223012841394294 0.5561460680179751 0.5705312573046608 0.5865760799741137 0.5207436475466852 0.6378242861174755 0.6675591666211091 0.6434977267170381 0.5220670076717648 0.6405686107436386 0.6661222133452456 0.6599316727354856 0.6445494208220474 0.6232657950122772 0.6226466730964715 0.6265802884379832 0.6214761903269679 0.6244397534294615 0.6404196573485326 0.6650967932968767 0.7020751290493332 0.7176585954799598 0.7127802724595862 0.6992163220897579 0.6867549127902277 -9999 -9999 -9999
-9999 -9999 -9999 -9999 -9999 -9999 -9999 -9999 -9999 -9999 -9999 -9999 -9999 -9999 -9999 -9999 -9999 -9999 -9999 0.5155184519210648 0.4940211443467377 0.4926257595242978 0.5849783468359306 0.6051252905436932 0.5477473043075736 0.5349848804663067 0.4781400070512766 0.3502251432652599 0.422799624059842 0.5017930979165184 0.5454275490930971 0.5942561166179678 0.6147768951574882 0.6408965001843059 0.630644075704383 0.615882550993953 0.6149735636028334 0.6116749208199461 0.630231912635465 0.6345961651300973 0.6378809928646383 0.6969977960115804 0.7047763497643597 0.6815120220514026 0.6639788464550759 0.6860406788070931 0.6888425235707882 0.6361689192510749 0.6413754612940384 0.6648537246487998 0.6721172909649589 -9999
-9999 -9999 -9999 -9999 -9999 -9999 -9999 -9999 -9999 -9999 -9999 -9999 -9999 -9999 -9999 -9999 -9999 -9999 0.5640923139041638 0.5576153005257654 0.531409684279827 0.5546912292732302 0.6617066440588435 0.5415931778871068 0.4539754740039242 0.5885046456697365 0.6746303970424774 0.6065023595427248 0.6138309920784952 0.5405725821228631 0.5644452279962086 0.6160139886277928 0.6262760633321462 0.6353183215026479 0.6299663629155989 0.6458731168592162 0.654672399376567 0.621510787580785 0.6321348817695094 0.6291979882101035 0.629265218102621 0.6434089578658273 0.6916490423410524 0.6596607457382146 0.6682086104218266 0.6586497917715022 0.6614129605657146 0.6133931492140228 0.6030044339027038 0.6237038544982829 0.62379579517397 -9999
-9999 -9999 -9999 -9999 -9999 -9999 -9999 -9999 -9999 -9999 -9999 -9999 -9999 -9999 -9999 -9999 -9999 0.5527417787364577 0.6207120718304748 0.6903532416649434 0.5753880933040719 0.4490027164371201 0.496657247246002 0.5074073264491155 0.5138301249505134 0.5794471111028192 0.6399006349550156 0.5670221368154499 0.5919819427222804 0.6412781040943221 0.6510971102822214 0.6477254860006787 0.6495911579632063 0.6938831690785143 0.6924923916413604 0.7213746210032778 0.7325243888535509 0.7410496518600651 0.7377461527118889 0.7184847008156408 0.7191868956205522 0.7036379678876902 0.6732129118409194 0.6403197879840451 0.6770499511675212 0.7084609500145512 0.6969206263669259 0.6391787537949846 0.6347702677942445 0.6811349658480537 -9999 -9999
-9999 -9999 -9999 -9999 -9999 -9999 -9999 -9999 -9999 -9999 -9999 -9999 -9999 0.5865715020130197 0.4662845356471719 0.4949793137543706 0.5222666403065848 0.5404052501809686 0.5702291241491295 0.5170063580561707 0.5633091670739163 0.6945533608227072 0.61374146414091 0.5985237080705157 0.5682991204302821 0.4845482957098369 0.564976982368216 0.6106286622929634 0.6940077162815546 0.6813724081130972 0.6885412426879232 0.6916311622687233 0.6753134377177641 0.7060002630568867 0.7108573408192633 0.7349986808477845 0.7530895869611138 0.7653030782728379 0.7746277997545006 0.7614559477701719 0.7586787858922621 0.7566366545665744 0.7382505522570963 0.6958224948679028 0.6915012202228575 0.7123370981352122 0.6852609911250938 0.677427580124258 0.668692560060762 0.6862355987679887 0.6914487981094789 -9999
-9999 -9999 -9999 -9999 -9999 -9999 -9999 -9999 -9999 -9999 -9999 -9999 -9999 0.4652433939043754 0.4405629262603469 0.5055902062585982 0.6668591033508664 0.6565888510845876 0.6137853064075539 0.5060825495279329 0.5736271883507243 0.6084798002186478 0.5694005656528893 0.6347558720029376 0.6815530133607955 0.6450680336642448 0.6332192481322878 0.692047204845998 0.7198953668478568 0.7196826322944931 0.7282833963536652 0.7504679331002541 0.7606839074757585 0.7827133249517445 0.7909801485552683 0.8058269970357097 0.7992417014218294 0.7847319119303221 0.7782467129120095 0.7625765571387487 0.7552798819846329 0.7433714052155587 0.7311420508935736 0.7149332942935254 0.7262157134062839 0.7171064533950648 0.7214265401666713 0.7226396622418945 0.7207472531652995 0.7081189441531193 0.7112248730644958 0.656856041493624
-9999 -9999 -9999 -9999 -9999 -9999 -9999 -9999 -9999 -9999 -9999 -9999 -9999 0.5157997722940603 0.5681616025331178 0.4627578988084438 0.3571913889246405 0.5451500725040082 0.6174628266434139 0.4519680968699322 0.5741826763658251 0.6340742914914878 0.6470822199923396 0.6458871228603438 0.6700351570964045 0.6989217552462648 0.7112321465497221 0.6891655882663505 0.6799696641759962 0.7151490856621489 0.721643125504077 0.7581480085599392 0.7642383142178302 0.7792029495371051 0.7857519885670019 0.7993387648886907 0.7978512703259111 0.791069583518154 0.7835987456961796 0.7601621128824236 0.7512289986123433 0.7235118817651709 0.7094024813385545 0.7151871135860786 -9999 -9999 -9999 -9999 -9999 -9999 -9999 -9999
-9999 -9999 -9999 -9999 -9999 -9999 -9999 -9999 -9999 -9999 -9999 -9999 -9999 0.6694583202625388 0.5995460955820912 0.4845691481989943 0.5637998231288054 0.6125369665663651 0.6066432956827856 0.5648635375333371 0.5915569773124265 0.6569037114964034 0.6901348181653282 0.6864985950219985 0.6896288169998794 0.6987685647349846 0.7096336359212021 0.7144456204277393 0.7201830489958023 0.7267966012458524 0.7392409086696448 0.7689835605667961 0.7662863828475865 0.7763818199693671 0.7746055887070764 0.7824590796574648 0.7808142562958001 0.7716419774127852 0.7637089301321369 0.7233889430626194 0.7100636246134535 -9999 -9999 -9999 -9999 -9999 -9999 -9999 -9999 -9999 -9999 -9999
-9999 -9999 -9999 -9999 -9999 -9999 -9999 -9999 -9999 -9999 -9999 -9999 0.6164939288321536 0.6848515463610675 0.664171788564205 0.5741113738604098 0.5544074523540612 0.5579131099841725 0.5959147930808597 0.5851666345847388 0.6251009685263801 0.6323483079514055 0.5458854476367879 0.665455809564093 0.6857319884514648 0.691320210614264 0.7074869969834514 0.7253687701415501 0.7267147226369302 0.7258115667792879 0.7348925297534163 0.7749727327671381 0.7747173048080238 0.7786976066015192 0.7781158221955119 0.7857661355601582 0.7767192732350988 0.7670246363131785 0.7594999475401105 0.7101098397657097 0.689647063966739 -9999 -9999 -9999 -9999 -9999 -9999 -9999 -9999 -9999 -9999 -9999
-9999 -9999 -9999 -9999 -9999 -9999 -9999 -9999 -9999 -9999 -9999 0.37864183290630266 0.454979151417301 0.54208232917507 0.5674777702863174 0.5405046030264706 0.5382402287726289 0.6235749102474426 0.655035555891916 0.7032427688635683 0.7153971780031353 0.7098694914155292 0.7270957842653818 0.7044854599996283 0.6850097774515724 0.7081198127769149 0.7330612335932224 0.7364589990677309 0.7469529477433796 0.7497621357852201 0.7575008404919993 0.774106232143549 0.7644415535716121 0.781493088666041 0.7819845522662403 0.7863312840135273 0.7695091597981121 0.7585478805063695 0.7634255919603243 0.7498188808026102 -9999 -9999 -9999 -9999 -9999 -9999 -9999 -9999 -9999 -9999 -9999 -9999
-9999 -9999 -9999 -9999 -9999 -9999 -9999 -9999 -9999 -9999 0.5902810881417672 0.4576645882807418 0.5542022661670685 0.5889818624958786 0.5863696337512772 0.6057678456678347 0.5911420279421971 0.6528283012424176 0.7096147601603721 0.6908170407619401 0.6765064446605196 0.7306011299914874 0.7257910345959853 0.7035380737227644 0.7053619517878305 0.7125679710321504 0.7325641920608248 0.738397952684522 0.7465468496244376 0.7527387659616857 0.7551831965866758 0.7662325318566077 0.775147678274759 0.7822102875979617 0.7818608375805832 0.7854975055710763 0.7685362128988005 0.7641498576744271 0.7713969714841036 -9999 -9999 -9999 -9999 -9999 -9999 -9999 -9999 -9999 -9999 -9999 -9999 -9999
-9999 -9999 -9999 -9999 -9999 -9999 -9999 -9999 -9999 -9999 -9999 -9999 0.725129681438258 0.7396252428526872 0.7542666677164861 0.6627471301697829 0.6656749713647433 0.6814980214209547 0.6931078204391723 0.690724918799783 0.697631997980277 0.7127970949010218 0.708696412743032 0.6845361821782491 0.6949981251668989 0.7019017564057509 0.7115331702185537 0.7050355363349312 0.7070930159853873 0.7228080415467361 0.7269846376357152 0.7489854006845634 0.7560247001821359 0.7587547574833298 0.7578274212652463 0.7675310828920944 0.7766235801946224 0.7815885032085574 0.781744796400977 0.7435738986122044 -9999 -9999 -9999 -9999 -9999 -9999 -9999 -9999 -9999 -9999 -9999 -9999
-9999 -9999 -9999 -9999 -9999 -9999 -9999 -9999 -9999 -9999 -9999 0.7194208494453413 0.7440981396243853 0.7850781397690113 0.7896718856185199 0.7195471167334935 0.6996523057321495 0.6953812371240313 0.7042451380029091 0.6943832122057623 0.7056571370422348 0.7092681654576379 0.6988175503067398 0.6982646399915164 0.7014534865646944 0.7018356992598511 0.7010741679909863 0.6862237199028433 0.6874036110019015 0.6884744069679536 0.7139135756703543 0.7401806194013929 0.7549522106536988 0.7565113191077677 0.7494243707079487 0.753549514498612 0.7683814193875187 0.7640586480857974 0.7757765111509196 -9999 -9999 -9999 -9999 -9999 -9999 -9999 -9999 -9999 -9999 -9999 -9999 -9999
-9999 -9999 -9999 -9999 -9999 0.6500501175106581 0.5540798402052487 0.6475426095542642 0.6502149471637727 0.6978270321700834 0.7509882368629585 0.7213739810844129 0.7152908821245156 0.7431817961934098 0.7577960608829529 0.7829398086313657 0.7803212735771738 0.7504717165656458 0.7443539145682042 0.7211820043075408 0.7276831947110098 0.7288495987657901 0.7341540720092377 0.7290519724416956 0.7339849031565868 0.7402893872383451 0.7318469135204317 0.7104505225355711 0.7185228339213027 0.7231521095044617 0.7399214959279488 0.7531079746797736 0.7524321810084913 0.7386770392164851 0.7257181008162032 0.710355274836902 0.7083541996708579 0.7275971973380928 -9999 -9999 -9999 -9999 -9999 -9999 -9999 -9999 -9999 -9999 -9999 -9999 -9999 -9999
-9999 -9999 -9999 -9999 0.6825774695559542 0.6452860310899277 0.7160829946557858 0.5860486237232649 0.7493519534393684 0.7668623006775414 0.7876275807587543 0.7470033285841887 0.7541600461417473 0.7651829982221325 0.7671569178199787 0.7913046203409205 0.7969899245065121 0.7799558837112137 0.7658485726484242 0.7550616910280703 0.7603205845281567 0.7592549808026592 0.7474915028776815 0.7390352254719331 0.7422086804890242 0.7478679747021635 0.7473230531514926 0.7275543399224428 0.732487762358067 0.7347583654844909 0.7330978761900446 0.7124781400759379 0.7273594082697541 0.7337146548611542 0.7272358729881154 -9999 -9999 -9999 -9999 -9999 -9999 -9999 -9999 -9999 -9999 -9999 -9999 -9999 -9999 -9999 -9999 -9999
-9999 -9999 -9999 0.7008393946300719 0.7424497599630459 0.7260135794563338 0.7712867842279925 0.7963670027337542 0.7933199666973443 0.8007047908052509 0.8102365124143802 0.7649138551535288 0.7506100955502496 0.7510928372996828 0.7632654145436619 0.7852906148247306 0.7797914831524086 0.7744794330636038 0.7678932003522146 0.7643658570897344 0.7751631288306644 0.7847544848163692 0.7875313404749245 0.7683316663593251 0.7570996954853997 0.7598438074667753 0.7531000514312971 0.7311793427296316 0.7279621667598228 0.7337936882994269 0.7409865278970689 -9999 -9999 -9999 -9999 -9999 -9999 -9999 -9999 -9999 -9999 -9999 -9999 -9999 -9999 -9999 -9999 -9999 -9999 -9999 -9999 -9999
-9999 -9999 -9999 0.5937681963526933 0.610474433833397 0.6615082528695677 0.736812241768759 0.7691194311901385 0.7694564516809095 0.7796811039703675 0.7922647430588121 0.7374640668536643 0.7073962649764265 0.7010552182406256 0.750528782624678 0.7862385885858652 0.7902173833706865 0.7896544678218351 0.78896637114549 0.7872855316895306 0.7853378102132795 0.7983147097396981 0.8022568127022183 0.7821388976783819 0.7771101975811842 0.7727864896924548 0.7569270635804616 0.7395778069928969 0.7553582137209699 -9999 -9999 -9999 -9999 -9999 -9999 -9999 -9999 -9999 -9999 -9999 -9999 -9999 -9999 -9999 -9999 -9999 -9999 -9999 -9999 -9999 -9999 -9999
-9999 -9999 -9999 0.7125957210903489 0.6560879676918769 0.7424179764697441 0.7624411832880112 0.7885168396179475 0.7954362086048916 0.7928699438290672 0.7860399471881896 0.7591400690814759 0.736560716421857 0.7332010718315396 0.7498884091394019 0.7636543689309383 0.7665836193671949 0.7677191071683942 0.7669560322198286 0.7614521346509633 0.7635039110085574 0.7613938636650258 0.7646175708806999 0.7595303014048731 0.7550656958570179 0.7382714899157081 0.703630870095987 0.6621791384578093 -9999 -9999 -9999 -9999 -9999 -9999 -9999 -9999 -9999 -9999 -9999 -9999 -9999 -9999 -9999 -9999 -9999 -9999 -9999 -9999 -9999 -9999 -9999 -9999
-9999 -9999 -9999 0.7463206201950391 0.7880123291027026 0.7817059449229784 0.7906127254493265 0.7748355537223786 0.7782275662612039 0.7820112626398887 0.7982385681193969 0.7786830005910536 0.7579530432560038 0.7414928477780478 0.7535931310014663 0.75891005550397 0.7696183757937993 0.7659864061133455 0.7629810053977595 0.7617698039163079 0.7537603413560086 0.7560067627810785 0.7557014086483411 0.7503060204021732 0.7384238988866891 0.7253287375111566 0.7095887655635645 -9999 -9999 -9999 -9999 -9999 -9999 -9999 -9999 -9999 -9999 -9999 -9999 -9999 -9999 -9999 -9999 -9999 -9999 -9999 -9999 -9999 -9999 -9999 -9999 -9999
-9999 -9999 -9999 -9999 0.7938334438182744 0.7798916603050488 0.7795489530693969 0.7662325562057375 0.7643783933335464 0.7793845227504228 0.7867870132519861 0.7930070437917479 0.772287502512912 0.7664129171198093 0.772015421527775 0.7735521680652908 0.7671912747599822 0.7647129407670872 0.7623956638171157 0.7698795668305811 0.7713908893247174 0.766437687186227 0.7538213470296504 0.7265643763267696 -9999 -9999 -9999 -9999 -9999 -9999 -9999 -9999 -9999 -9999 -9999 -9999 -9999 -9999 -9999 -9999 -9999 -9999 -9999 -9999 -9999 -9999 -9999 -9999 -9999 -9999 -9999 -9999
-9999 -9999 -9999 -9999 0.7984839775201648 0.8066242637677642 0.8068550929634248 0.8001684294925471 0.7739108898799621 0.7853325382943028 0.7984599794599643 0.7833110843396446 0.7689044004088025 0.7624247409670317 0.7814775562105816 0.7753795864577706 0.7696337954291612 0.7656688784246701 0.7770246825883271 0.7804948447897344 0.7776297695562175 0.7689659324474091 0.7554621360274851 0.7376093405967781 0.7580257496565075 -9999 -9999 -9999 -9999 -9999 -9999 -9999 -9999 -9999 -9999 -9999 -9999 -9999 -9999 -9999 -9999 -9999 -9999 -9999 -9999 -9999 -9999 -9999 -9999 -9999 -9999 -9999
-9999 -9999 -9999 -9999 0.8028538572309291 0.8069516641507747 0.8108065400732316 0.798846706580725 0.8139751157812005 0.774643205600864 0.7555930368643327 0.7413709248190825 0.7217558548023743 0.7079667665757317 0.7083166574493581 0.7229655296734954 0.7320583741282114 0.7401403377163629 0.7390027440511686 0.7198645857955552 0.6959312845144999 0.695158516381543 0.719437954831518 0.7520661190907759 -9999 -9999 -9999 -9999 -9999 -9999 -9999 -9999 -9999 -9999 -9999 -9999 -9999 -9999 -9999 -9999 -9999 -9999 -9999 -9999 -9999 -9999 -9999 -9999 -9999 -9999 -9999 -9999
