metrics/grid_rasters/GLDAS/grideval_GLDAS_X_winter_2018_absolute_ubrmsd.asc
ncols 52
nrows 55
xllcorner     11.25
yllcorner     55.25
cellsize      0.25
NODATA_value  -9999
[rows 0 to 29 of 55, columns 0 to 51 of 52]
-9999 -9999 -9999 -9999 -9999 -9999 -9999 -9999 -9999 -9999 -9999 -9999 -9999 -9999 -9999 -9999 -9999 -9999 -9999 -9999 -9999 -9999 -9999 -9999 -9999 -9999 -9999 -9999 -9999 -9999 -9999 -9999 -9999 -9999 -9999 -9999 7.575901087395723 7.649188725987764 5.270190239556394 -9999 -9999 -9999 -9999 -9999 -9999 -9999 -9999 -9999 -9999 -9999 -9999 -9999
-9999 -9999 -9999 -9999 -9999 -9999 -9999 -9999 -9999 -9999 -9999 -9999 -9999 -9999 -9999 -9999 -9999 -9999 -9999 -9999 -9999 -9999 -9999 -9999 -9999 -9999 -9999 -9999 -9999 -9999 -9999 -9999 -9999 -9999 -9999 -9999 6.9951662415425275 7.619337443215046 6.4678563146527575 4.926169400712369 3.610395668557836 3.173157137642176 -9999 -9999 -9999 -9999 -9999 -9999 -9999 -9999 -9999 -9999
-9999 -9999 -9999 -9999 -9999 -9999 -9999 -9999 -9999 -9999 -9999 -9999 -9999 -9999 -9999 -9999 -9999 -9999 -9999 -9999 -9999 -9999 -9999 -9999 -9999 -9999 -9999 0.02534872159861783 0.02773221739446601 0.0286890159391494 2.678655065033334 7.4698121389364305 1.1035278395456871 2.1692834180675264 -9999 3.1908371681936503 5.77257709424946 6.447867043414111 3.0671089350877394 1.3813836487074522 1.0946126825752245 0.898379743122831 1.2326799943045124 0.20041846799916893 0.4893123965396915 0.990352495050658 -9999 -9999 -9999 -9999 -9999 -9999
-9999 -9999 -9999 -9999 -9999 -9999 -9999 -9999 -9999 -9999 -9999 -9999 -9999 -9999 -9999 -9999 -9999 -9999 -9999 -9999 -9999 -9999 -9999 -9999 -9999 -9999 -9999 6.673308364309746 7.2911228759279885 5.828647716363712 5.1843577203151705 6.455968864834354 7.136957590409826 1.2653947609220042 1.338311484170144 0.8775400846674345 1.0089603113054608 1.274798238330997 0.8060989745449297 0.7203938352070065 0.4919809738518048 0.8665515866998835 0.14894231123964444 0.19104255373721046 0.3037634262309913 0.21751741695562632 0.4551756940608845 0.5686977052251782 -9999 -9999 -9999 -9999
-9999 -9999 -9999 -9999 -9999 -9999 -9999 -9999 -9999 -9999 -9999 -9999 -9999 -9999 -9999 -9999 -9999 -9999 -9999 -9999 -9999 -9999 0.01661212953617135 0.037882239262502886 0.023298319624897347 0.0175720538176368 5.839666432100858 4.701805542068326 4.393766251734434 4.026709904561931 4.910118439122617 5.29954759190397 2.986992641433712 0.1192604908752986 0.028967716221716507 0.3450280127926779 0.838641483122019 0.6792383933822218 0.42093188958326205 0.5182172615634509 0.6524436800707479 0.6021305884295776 0.7648205711070688 0.7416693716883441 0.7624999679143724 0.6405143692660776 0.8864309949416013 0.6857200231649796 0.557579348240809 -9999 -9999 -9999
-9999 -9999 -9999 -9999 -9999 -9999 -9999 -9999 -9999 -9999 -9999 -9999 -9999 -9999 -9999 -9999 -9999 -9999 -9999 -9999 -9999 0.01842077892489993 0.02045578892855197 0.023481114085787003 0.02316187989992277 0.6110911375171242 0.0161762649184589 0.05251485052441677 5.182539231301148 0.29109917052666384 0.04375918376377105 3.5113484597646787 0.5468517416971488 0.1046097338357588 0.02545164628508469 0.6800560517661861 0.9034462257372199 1.1599840721867192 0.6193646767893071 0.4554948028357113 0.3966750911263246 0.4374216577349599 0.4625537317904851 0.6013190913005456 0.6259204893306456 0.4728317775039964 0.42479948954454705 0.3481489303958972 0.25962684106964123 -9999 -9999 -9999
-9999 -9999 -9999 -9999 -9999 -9999 -9999 -9999 -9999 -9999 -9999 -9999 -9999 -9999 -9999 -9999 -9999 -9999 -9999 -9999 0.014859804292922203 0.02822805702544377 0.07743948638917833 5.273793872304677 7.164094148397318 7.538413940612217 7.246878139846388 5.194056332332014 0.010574930811777692 0.020431785395153456 0.11083333367183013 0.0607846939977626 0.16975901429716264 0.11785764239854155 0.01686800952446648 0.5995080810219571 0.5374986648787919 0.5159935550966752 0.4514132214617385 0.4512913987068758 0.4532298160404401 0.3747932454979137 0.4208901465116832 0.4046099082917883 0.291314626466296 0.206198924970403 0.14084554035130095 0.12873691031873924 0.15709299737750573 0.17934429832027626 -9999 -9999
-9999 -9999 -9999 -9999 -9999 -9999 -9999 -9999 -9999 -9999 -9999 -9999 -9999 -9999 -9999 -9999 -9999 -9999 -9999 -9999 -9999 5.065631470961208 5.095062903360659 6.075309787433343 5.731022423849398 5.7266479298910955 4.429635475802198 3.3260651575748934 0.0866943359178123 0.02830217508434045 0.0072963783103882395 0.034559760154390724 0.030338701469322382 0.0347458592114698 0.0432341875817588 0.07510814414455508 0.08197432761484348 0.1068364776070191 0.2242413869221435 0.3143610192989261 0.2919090843307088 0.31649993653079944 0.3225896019075349 0.27791555340696483 0.16066639474951636 0.20755150561628372 0.1763275555308162 0.17881483829906605 0.19528872443222534 -9999 -9999 -9999
-9999 -9999 -9999 -9999 -9999 -9999 -9999 -9999 -9999 -9999 -9999 -9999 -9999 -9999 -9999 -9999 -9999 -9999 -9999 0.059824575636432425 0.010868657517918951 0.011457805860487877 2.2556124175331584 5.117018850924987 1.6150919938061004 0.0713848845654098 0.019574615955470158 0.5071047191185346 0.113070626494187 0.11060704913504113 0.1694044002363627 1.382089152198769 1.4299296852087942 1.0461777433946438 1.2381511434542776 2.1304034403860324 2.444636440148144 2.45870723565042 1.2609385649294835 1.5946609514518333 1.5187174207919076 1.1447453784030843 0.3981792672662422 1.1610909338691109 0.8449957716882718 0.5876737724177584 0.4946520318562604 0.24791468539177644 0.3659014981368555 0.3160223304674101 0.3285525631090062 -9999
-9999 -9999 -9999 -9999 -9999 -9999 -9999 -9999 -9999 -9999 -9999 -9999 -9999 -9999 -9999 -9999 -9999 -9999 3.75611245453 0.012455016383721186 0.01116546438997451 0.01540291063309228 0.0118287177203879 0.015699718676822794 0.2907079032126556 1.1002477826159422 1.5553471603266902 1.7369088379647526 2.6548295873106365 0.03447448536562838 0.12207296822037356 0.11354668118669528 0.10319932331304603 0.10056969501014144 0.13276352816328355 0.5911376620326402 1.6619548681475496 1.0940697583783978 2.0393935365162768 2.532162069545822 1.6251155227605596 0.9716833587743277 0.5057535180198511 0.9437474489267379 0.5984778642403249 0.4354450123759879 0.3338612323637721 0.2363881071610212 0.20507361674001767 0.21721299854744272 0.3832886108420364 -9999
-9999 -9999 -9999 -9999 -9999 -9999 -9999 -9999 -9999 -9999 -9999 -9999 -9999 -9999 -9999 -9999 -9999 2.0768148951134084 5.556478305239746 5.107830967765661 0.048806665186109016 0.7629473137644428 0.6718221743332076 0.1712248681117727 0.15502951736205314 0.0123052525822541 0.07479087286574257 1.6375448463366729 0.06519588809386592 0.36359549921440976 0.8654519682096383 1.0906061075586635 1.0996085006489211 0.2338231138194758 0.0965617021966702 0.10851645979330693 0.12707475759352552 0.1824545439493176 0.4069652497240399 2.1462410066829345 1.949679932801181 1.4223121921140331 0.9800124994185404 1.2508781938157767 1.0984320965513958 1.2287225100311658 1.178782457455275 0.6028861978294666 0.5594340860231222 1.346008732127763 -9999 -9999
-9999 -9999 -9999 -9999 -9999 -9999 -9999 -9999 -9999 -9999 -9999 -9999 -9999 0.013783055888932126 0.011243153374041227 0.014337785883265603 0.025803848470413983 0.02396206638493941 4.589348227848358 0.02932948381382773 1.7661747944061992 1.8852464893433345 0.3003219771948721 0.09655428115251778 0.052802900070472766 0.1396407250601359 0.06775714957354333 0.07725903865880153 0.06245723850405222 0.0900588375479413 0.13338749814765932 0.4736273225914885 0.3026836531164934 0.18187245890900924 0.0992329058202826 0.22649016371532896 0.24362542895862316 0.1890820768264306 0.42122024234182 0.8083113787983929 1.0707467237414077 1.2672713639734825 1.4770306267418414 2.138627800289266 2.2856388259496643 2.5064659413550867 3.2088730467647126 3.427580505637192 3.7454220010307817 4.256567956670177 5.027350220690841 -9999
-9999 -9999 -9999 -9999 -9999 -9999 -9999 -9999 -9999 -9999 -9999 -9999 -9999 0.015545546899709715 0.019749757757010555 0.02222131273176578 0.021173846085596148 0.022106236065803468 0.015841861554853683 0.08935207325067962 0.09311442473050292 0.13402975854414634 0.07460845356200006 0.06371407025097511 0.062488448998359473 0.1241328007342988 0.10047077591605327 0.27549423267124984 0.0991068079169052 0.1010931303445135 0.11380946127860772 0.4032905126398226 0.3303372165714955 0.4616128866723817 0.3993358326875076 1.3047699085054134 1.663944507955374 0.737465704708006 0.7574521094236072 0.40776316087268977 0.5896029501122925 1.0305843993828043 1.751584935050847 3.8120036999974634 4.5683406605678725 4.595852303127206 4.565480625888117 4.365430957787178 4.446954828203079 4.615927208431036 4.535590883021657 4.217984152474938
-9999 -9999 -9999 -9999 -9999 -9999 -9999 -9999 -9999 -9999 -9999 -9999 -9999 0.015004806905282409 0.013554128329157915 0.013895332942824676 0.018421885064401768 0.017549728815785825 0.01838218106943241 0.06483887707914217 0.05591747573472036 0.04321395702945914 0.06786186926429726 0.07530733351112012 0.09245691243745367 0.0895174675455333 0.08494670633163574 0.5720041485745434 0.4607167548267894 0.3043395582088298 0.21314705039269516 0.38656908582990174 0.25232306561551554 0.2546884460081059 0.3450809628016117 2.626588537525976 3.5173588490269285 2.6642514715130607 2.437936686418229 1.6685912794652364 1.1678211464582031 2.8731697125341267 3.225744237926057 4.412054505590499 -9999 -9999 -9999 -9999 -9999 -9999 -9999 -9999
-9999 -9999 -9999 -9999 -9999 -9999 -9999 -9999 -9999 -9999 -9999 -9999 -9999 0.02126602733110489 0.0385836887783063 0.011437710088888714 0.0199626067905585 0.025137678879971183 0.06385602572816661 0.07259531923480388 0.0932603647853829 0.0871974097334698 0.06488898213459404 0.04059224755300805 0.06444726038521496 0.2562770256844333 0.3980765040885496 0.9598804449114428 0.7085652678671102 0.5723401155225477 0.34586870917738466 0.5012311787156972 0.4199704407125845 0.4875225285348732 1.6370769040789286 4.116317316763787 4.948965424219246 4.362263000175654 3.7179756232070265 3.1061048966219142 4.694735901713142 -9999 -9999 -9999 -9999 -9999 -9999 -9999 -9999 -9999 -9999 -9999
-9999 -9999 -9999 -9999 -9999 -9999 -9999 -9999 -9999 -9999 -9999 -9999 0.01468073289056876 0.018516096646740112 0.041182680073386886 0.025536989814470126 0.04256136367973939 0.12303556621447027 0.07716711011289785 0.08459719654095599 0.07684896959984648 0.08627186358978611 0.08887958980005438 0.08617026065042986 0.07887988679924972 0.16649115771109546 0.4527999690472161 1.2771673020098346 1.1287942455713005 0.917668161843084 0.8490325422290593 1.1054871984038537 0.8233149793998948 1.113406863804458 1.61942270589425 3.348574514918215 3.817895776799356 3.9302748218494807 3.6951780696224827 4.37365287023872 4.748129716335964 -9999 -9999 -9999 -9999 -9999 -9999 -9999 -9999 -9999 -9999 -9999
-9999 -9999 -9999 -9999 -9999 -9999 -9999 -9999 -9999 -9999 -9999 0.15993558139803238 0.09733677998261912 0.08932161527605044 0.028812924677600524 0.10330623400962406 0.10380425671747777 0.036158115231048095 0.03858157525618842 0.07517265213387997 0.06727420320659161 0.07266431916036817 0.07240959297066568 0.08375081828484543 0.12222504609950785 0.4839992057454065 0.6747403512455304 1.8240141739844429 1.897389916576894 1.845567603693304 1.8250414621207156 1.773988304311231 1.814421832161668 2.3154355698428133 3.4646362374862165 4.125657732102943 4.047662320775607 3.851838414586143 4.404438994310682 4.504900573492353 -9999 -9999 -9999 -9999 -9999 -9999 -9999 -9999 -9999 -9999 -9999 -9999
-9999 -9999 -9999 -9999 -9999 -9999 -9999 -9999 -9999 -9999 0.7503839032339351 0.15117403609217367 0.05707544192148462 0.0400499209008921 0.051904817069330915 0.03417538732684025 0.03927324991983696 0.03965420784383277 0.03543629336694082 0.07320573814512847 0.12057115332115682 0.5254504760692984 0.6101269907585436 1.0820392071506868 0.7564817885201818 0.9412743558605396 1.9967390107654663 3.2342747917366785 2.915965418257381 2.642088218851419 2.847072285078124 2.967615687514585 3.0293508527905773 3.5378960259777643 4.321443034194852 4.3452964252074375 4.311169678549621 4.041740784400109 4.447542639852665 -9999 -9999 -9999 -9999 -9999 -9999 -9999 -9999 -9999 -9999 -9999 -9999 -9999
-9999 -9999 -9999 -9999 -9999 -9999 -9999 -9999 -9999 -9999 -9999 -9999 0.15444556898389725 0.13772765976039753 0.07521649798041474 0.06783372928869469 0.07966079217554821 0.08283476398184167 0.1886610381304457 0.6757467022359881 0.9041791411528416 1.5910916980871117 1.746374076833011 2.2296039335362967 2.3578409349994507 2.3390126481665705 2.3314499065534324 2.705666303002616 2.9199415583290294 3.004096481479274 2.789808324441606 3.0459998520844445 3.236918100652607 3.4619098995513538 4.106893167851662 4.230859482592137 4.298087134694061 4.540360631092471 4.650212373827781 5.652281739753957 -9999 -9999 -9999 -9999 -9999 -9999 -9999 -9999 -9999 -9999 -9999 -9999
-9999 -9999 -9999 -9999 -9999 -9999 -9999 -9999 -9999 -9999 -9999 0.1357080385379387 0.33800122476269 0.03514478821190343 0.11218798883411288 0.2443202460941457 0.9093708675100456 1.004626146519777 1.223823204100968 1.5558860199995153 1.5854252182071191 1.6641868306446772 1.876222724932896 2.2095516673510707 2.2152640514478947 2.199715558178899 2.225023192427217 2.5805711773949542 2.7719332870301305 2.698230033954528 2.7535536471089124 2.8760320363536223 2.9079787046799934 3.0003163584365367 3.253882974492156 3.651608479345891 4.229643347143789 4.997390227662207 7.367303751124956 -9999 -9999 -9999 -9999 -9999 -9999 -9999 -9999 -9999 -9999 -9999 -9999 -9999
-9999 -9999 -9999 -9999 -9999 4.277150434464288 2.3146455753948083 1.016444650111777 0.01635682484888404 0.017541454436914933 0.09482699754390972 0.4067435435989453 0.5891675979284562 0.28505717000711045 0.1260435640424068 0.9851302491159392 1.4554332231597598 1.8459661539358798 1.9765516335005349 2.7737309874487233 2.687134579978776 2.6253773313171958 2.5092244567677846 3.1510317039612885 3.411102767820058 3.556214210595984 3.636337484457669 3.7038308174306045 3.6628039186080015 3.2810585571147985 2.738239386071516 2.178602552626895 2.2665298515437864 2.8077013822849435 4.1060313858976585 5.134408338874019 6.002729600423164 7.055071288279753 -9999 -9999 -9999 -9999 -9999 -9999 -9999 -9999 -9999 -9999 -9999 -9999 -9999 -9999
-9999 -9999 -9999 -9999 4.0363421059716895 3.6991912112454366 3.080883300888283 1.6529089659852825 0.13066423182743522 0.3783398379949819 0.8043062067060246 0.920974347714522 0.9124816758003124 1.2115145461115215 1.1907403207362317 1.7229246716641538 1.7543795552519414 1.809476789213816 1.83064340525419 2.306542351196514 2.2570418944469077 2.2087480979537912 2.2272772095081423 2.490544922016216 2.543409483825792 2.6725175014837954 2.6384816668936844 2.91886254056858 2.8762730249129924 2.77015007073463 3.1634067176385527 4.034165339008597 4.8954318857619645 5.973943862374887 6.689013042225686 -9999 -9999 -9999 -9999 -9999 -9999 -9999 -9999 -9999 -9999 -9999 -9999 -9999 -9999 -9999 -9999 -9999
-9999 -9999 -9999 4.981108538924184 4.5270531960803515 3.7331622793104544 1.0784963351887664 0.17923176657170092 0.17614428154228684 0.7439428544781788 1.6070455415232068 1.45219180363424 1.3524344996098214 1.2689376846641482 1.2368876608564296 1.7321894830983284 1.8452519483756984 1.8618132744491072 1.9187675239445023 2.6248471553931734 2.3830881419372125 2.2371404748698147 2.29077226151394 2.431922305054255 2.4700450027238645 2.5069364938666934 2.662118509972085 3.1413342808524893 4.089530304339168 5.090101067880386 5.731434643204144 -9999 -9999 -9999 -9999 -9999 -9999 -9999 -9999 -9999 -9999 -9999 -9999 -9999 -9999 -9999 -9999 -9999 -9999 -9999 -9999 -9999
-9999 -9999 -9999 0.953619200057066 0.5132383950503496 0.5228161838929676 0.2703887720163621 1.6261601179468874 1.9243273985814164 3.7260490093127365 2.291607376173011 1.5377764930235598 2.0474252353204707 1.5190204660360158 1.2798617310077198 1.7707943516812843 1.8344569267310764 1.8721392634795917 1.8941442645162003 2.605911945960305 2.618285229392678 2.3812561262971075 2.421058759034028 2.6566449868195963 2.6257868754077665 2.707954018853212 2.705893736465247 3.5276304928696534 5.528934259889813 -9999 -9999 -9999 -9999 -9999 -9999 -9999 -9999 -9999 -9999 -9999 -9999 -9999 -9999 -9999 -9999 -9999 -9999 -9999 -9999 -9999 -9999 -9999
-9999 -9999 -9999 1.1356209250937892 0.1081060336581384 0.12720415399055512 0.270323754848817 0.6784284514374567 2.1842212452624388 2.7657748531467026 6.003166144661582 5.210680861068618 2.9449983822390187 2.47193635869796 2.3928915751520954 2.319650956361358 2.1866896706414924 2.196272775378597 2.1029657282352905 2.2530223201867035 2.3094859657407634 2.4265424184323523 2.4862126927086856 2.513663071087968 2.497943073540929 2.987866352584561 4.639728934770407 6.482241274545793 -9999 -9999 -9999 -9999 -9999 -9999 -9999 -9999 -9999 -9999 -9999 -9999 -9999 -9999 -9999 -9999 -9999 -9999 -9999 -9999 -9999 -9999 -9999 -9999
-9999 -9999 -9999 0.11531064979637412 0.23647151478937575 0.7085775871055685 0.32118125933766256 1.5919281248750838 4.390736943258744 5.632163227849655 5.38526703458214 5.215419271301311 3.8889870629175967 2.9083137192398527 2.8837744549827886 2.6419474200158466 2.0798872624821163 1.9746049646099653 2.016756398506357 2.1383082214562634 2.227621442876372 2.2848209450627013 2.4112493157747816 2.691803831744624 2.9100037873161693 5.10919076484418 6.547882906434059 -9999 -9999 -9999 -9999 -9999 -9999 -9999 -9999 -9999 -9999 -9999 -9999 -9999 -9999 -9999 -9999 -9999 -9999 -9999 -9999 -9999 -9999 -9999 -9999 -9999
-9999 -9999 -9999 -9999 2.377314989672981 4.724430996749014 5.355650609757668 4.729284665539499 4.161863715316201 3.4067598555110266 4.852494298441021 4.977063748743948 5.318732484095133 4.260883649640126 2.351419768971281 2.1820142653726387 2.011293937442008 2.0415179159801777 2.108605176243863 2.8941843655170483 2.8252768340809262 2.554678091013605 2.9189471985287714 3.3707137755629226 -9999 -9999 -9999 -9999 -9999 -9999 -9999 -9999 -9999 -9999 -9999 -9999 -9999 -9999 -9999 -9999 -9999 -9999 -9999 -9999 -9999 -9999 -9999 -9999 -9999 -9999 -9999 -9999
-9999 -9999 -9999 -9999 5.458738841506452 5.772483012447978 6.041386376660181 5.372092964626133 6.368209207155071 5.6244205306262876 4.442931919688996 3.8296667045018897 3.4118395597308497 3.3222595362200966 2.7170584011658443 2.3365667147344067 2.2877008165228196 2.2508792195328233 2.327231030670833 2.871033871684953 2.9670954441063886 3.0228702513384853 3.4243417341877533 4.569562628907718 6.026863772359692 -9999 -9999 -9999 -9999 -9999 -9999 -9999 -9999 -9999 -9999 -9999 -9999 -9999 -9999 -9999 -9999 -9999 -9999 -9999 -9999 -9999 -9999 -9999 -9999 -9999 -9999 -9999
-9999 -9999 -9999 -9999 5.607687210538686 5.505163225363335 4.602669223952706 6.468760859882883 7.214816136588638 7.0379935831518745 5.4444514846331105 5.026198564128 4.96896694088551 4.772524763464614 4.2653473073921235 3.4311072443464954 2.96614244022707 3.4801374305437767 3.647613984362488 3.178176000407429 3.1763867066858693 3.2464368933164103 3.989361424671405 4.947053977371098 -9999 -9999 -9999 -9999 -9999 -9999 -9999 -9999 -9999 -9999 -9999 -9999 -9999 -9999 -9999 -9999 -9999 -9999 -9999 -9999 -9999 -9999 -9999 -9999 -9999 -9999 -9999 -9999
-9999 -9999 -9999 -9999 7.238744701545897 7.1250918912512144 6.568631137923409 5.427782915558753 6.047746586806097 7.094017469006432 7.133595155886907 6.4932933160231565 6.16177830491328 5.457109650994035 4.858491090360839 4.787869520486343 4.418727681960812 3.950748879971443 3.8432195795790927 2.9799540874839447 3.014550986758411 2.997389164804744 3.5884644553555964 -9999 -9999 -9999 -9999 -9999 -9999 -9999 -9999 -9999 -9999 -9999 -9999 -9999 -9999 -9999 -9999 -9999 -9999 -9999 -9999 -9999 -9999 -9999 -9999 -9999 -9999 -9999 -9999 -9999
