metrics/grid_rasters/GLDAS/grideval_GLDAS_S_summer_absolute_bias.asc
ncols 52
nrows 55
xllcorner     11.25
yllcorner     55.25
cellsize      0.25
NODATA_value  -9999
[rows 0 to 27 of 55, columns 0 to 51 of 52]
-9999 -9999 -9999 -9999 -9999 -9999 -9999 -9999 -9999 -9999 -9999 -9999 -9999 -9999 -9999 -9999 -9999 -9999 -9999 -9999 -9999 -9999 -9999 -9999 -9999 -9999 -9999 -9999 -9999 -9999 -9999 -9999 -9999 -9999 -9999 -9999 -24.13987032968409 -22.580670118144628 -24.666237880334094 -9999 -9999 -9999 -9999 -9999 -9999 -9999 -9999 -9999 -9999 -9999 -9999 -9999
-9999 -9999 -9999 -9999 -9999 -9999 -9999 -9999 -9999 -9999 -9999 -9999 -9999 -9999 -9999 -9999 -9999 -9999 -9999 -9999 -9999 -9999 -9999 -9999 -9999 -9999 -9999 -9999 -9999 -9999 -9999 -9999 -9999 -9999 -9999 -9999 -23.345147964797672 -23.218155402857203 -22.40995482405465 -22.208105499648646 -22.234974366506442 -24.409638286330328 -9999 -9999 -9999 -9999 -9999 -9999 -9999 -9999 -9999 -9999
-9999 -9999 -9999 -9999 -9999 -9999 -9999 -9999 -9999 -9999 -9999 -9999 -9999 -9999 -9999 -9999 -9999 -9999 -9999 -9999 -9999 -9999 -9999 -9999 -9999 -9999 -9999 -25.82777571286399 -23.13705122358996 -24.93880159756088 -25.994201143940344 -26.293571504450444 -24.82331111275024 -25.107537713635754 -9999 -24.98097195063272 -23.924356373877306 -22.503981947590113 -24.585358054746628 -24.29898185167037 -24.237215258019127 -24.14528008108533 -24.341689221550837 -24.272568429420375 -24.24715215289641 -24.166516374017156 -9999 -9999 -9999 -9999 -9999 -9999
-9999 -9999 -9999 -9999 -9999 -9999 -9999 -9999 -9999 -9999 -9999 -9999 -9999 -9999 -9999 -9999 -9999 -9999 -9999 -9999 -9999 -9999 -9999 -9999 -9999 -9999 -9999 -26.3047308945502 -27.417519414817672 -24.257101009994663 -27.021672806743048 -24.073835911431715 -23.111255485215224 -24.86478846715055 -24.557264035147533 -24.42000855427013 -24.29794239606101 -24.44746405621181 -24.51415331048749 -24.20367589396546 -24.149968829051513 -24.120087748590816 -24.131108883221675 -24.242970716248713 -24.477799322602905 -24.388201645276837 -24.168675120069604 -23.93432416420673 -9999 -9999 -9999 -9999
-9999 -9999 -9999 -9999 -9999 -9999 -9999 -9999 -9999 -9999 -9999 -9999 -9999 -9999 -9999 -9999 -9999 -9999 -9999 -9999 -9999 -9999 -29.932123665100608 -26.38889297962432 -26.57777804658627 -27.562804851751856 -27.78678348269718 -26.77145454060772 -26.29550304733541 -25.53853257161403 -24.80064196179054 -23.60586360347477 -23.345201487632714 -25.439016875689443 -25.219702593445696 -24.715471481170464 -24.454960439485784 -24.27161048396754 -24.08582528977675 -23.73098848139584 -23.778465552862894 -23.784723403924346 -23.933402724143967 -24.103079916752428 -24.293131640165765 -24.445257113446765 -24.1519113564712 -24.013819449773546 -23.96766495523448 -9999 -9999 -9999
-9999 -9999 -9999 -9999 -9999 -9999 -9999 -9999 -9999 -9999 -9999 -9999 -9999 -9999 -9999 -9999 -9999 -9999 -9999 -9999 -9999 -29.19338252463216 -28.77135603765593 -26.28821334651793 -28.200313115583572 -28.535616503977824 -26.685881220826715 -26.251732179722946 -23.796007890800905 -25.348880932848573 -25.55032026967155 -23.339457504962486 -25.144837274241425 -25.180474851903018 -25.057061110972427 -24.717293133245498 -24.647431969536342 -24.308932793984674 -24.146991145417463 -23.906088228550054 -23.899483923461165 -23.956636358022127 -23.9683403016888 -24.081718445183586 -24.13218117955789 -24.16299927123802 -24.192078774501372 -24.089159662394945 -24.07394579474045 -9999 -9999 -9999
-9999 -9999 -9999 -9999 -9999 -9999 -9999 -9999 -9999 -9999 -9999 -9999 -9999 -9999 -9999 -9999 -9999 -9999 -9999 -9999 -30.064630588111672 -29.242408812289003 -28.449835379243545 -27.391989287080087 -28.01390152214014 -28.786874250098858 -27.883340540448327 -25.396595213440772 -25.67939926822083 -25.08499856685977 -24.639289169805128 -24.964457961345982 -24.844811401264128 -24.786606297646042 -24.868197662477463 -24.44211749511811 -24.507185063051548 -24.429687539363567 -24.17175841322877 -23.959420028026212 -23.957291223270737 -24.070247680935807 -24.18542275832885 -24.328655801511 -24.275651484014183 -24.24756043137092 -24.249470213762198 -24.131888757140946 -24.07220296558681 -23.99477663094117 -9999 -9999
-9999 -9999 -9999 -9999 -9999 -9999 -9999 -9999 -9999 -9999 -9999 -9999 -9999 -9999 -9999 -9999 -9999 -9999 -9999 -9999 -9999 -29.20461369390883 -27.900196176467706 -26.902462585788705 -25.39774239403398 -24.901064919839285 -24.07210843410829 -23.03524335373557 -24.698099361879386 -24.677133369345583 -24.766382866301175 -24.819253244837142 -24.55377413808247 -24.420540149343893 -24.57752385178237 -24.16115934667481 -24.26429379726355 -24.019104641760983 -24.00277804470439 -23.843510293153766 -23.915172410187434 -24.03557695799163 -24.191616307903573 -24.295375260448534 -24.32872219920239 -24.262409721997198 -24.3048412616557 -24.242936732029825 -24.13279243435144 -9999 -9999 -9999
-9999 -9999 -9999 -9999 -9999 -9999 -9999 -9999 -9999 -9999 -9999 -9999 -9999 -9999 -9999 -9999 -9999 -9999 -9999 -27.41219679285448 -26.654836560720984 -26.44430925086667 -26.621926752263274 -25.55106944605485 -22.671212693640925 -24.865905547549985 -24.59790184145854 -24.036731048061963 -24.06343841883253 -24.05378189346368 -23.963458653099064 -24.139615304515015 -24.22782554572104 -24.22584067698588 -24.30057741733491 -24.207645202910967 -24.15929681937332 -24.27301235487887 -24.235682189494934 -24.062787136331238 -23.93289299386189 -23.88505371529407 -23.89473283977207 -23.675859335151948 -23.696421618740395 -23.70575963815107 -23.715401511138268 -23.622284444944892 -23.661993509462185 -23.48107089289545 -23.387918172323182 -9999
-9999 -9999 -9999 -9999 -9999 -9999 -9999 -9999 -9999 -9999 -9999 -9999 -9999 -9999 -9999 -9999 -9999 -9999 -25.77577578275889 -26.5006571161996 -26.049935546987086 -25.78049172465588 -26.28274418183339 -25.32243874410431 -24.91409720346817 -24.868117084306586 -24.987056295139432 -24.309422237965602 -24.51437110794992 -24.43728438759243 -24.140360341392174 -24.24134661289661 -24.24712865212021 -24.26755743881728 -24.258447730184894 -24.02816960940887 -24.101158420778003 -24.205002593342208 -24.272413775178038 -24.139465173802577 -24.2312031185872 -24.15394815332864 -23.992728857202053 -23.51249027237013 -23.45968688305204 -23.553871874581088 -23.637156999376398 -23.537314821616746 -23.67412928182065 -23.560091916269254 -23.436327929102372 -9999
-9999 -9999 -9999 -9999 -9999 -9999 -9999 -9999 -9999 -9999 -9999 -9999 -9999 -9999 -9999 -9999 -9999 -25.42280960073391 -26.404410192742944 -24.9944732909435 -25.194266857979212 -24.231503369392946 -24.15373210225295 -24.626981934335127 -24.388126871614393 -24.45496510253186 -24.25194701753334 -23.982722324304 -24.102590693125464 -24.130570988671888 -24.28658928291913 -24.448799993913703 -24.385038871621795 -24.372032694164254 -24.389973634590763 -24.197166280669123 -24.096105836716518 -24.00261363052034 -24.00559318657337 -23.93441087731828 -24.038706910133406 -24.045899681519195 -24.07845010010667 -23.709062329225198 -23.525999108425584 -23.35994994397903 -23.393879580853056 -23.279025171746746 -23.486242110147554 -23.517142635790393 -9999 -9999
-9999 -9999 -9999 -9999 -9999 -9999 -9999 -9999 -9999 -9999 -9999 -9999 -9999 -29.45251399879951 -27.92401251300623 -26.933485706134327 -26.766721024512034 -26.93105799612164 -25.329079789570127 -25.357557348820947 -22.91336004901171 -25.101064588990997 -24.44022954492223 -24.159195128757425 -24.1726902742445 -24.40303880349308 -24.353158574242592 -24.002218862803172 -24.03279445654429 -23.988352864631448 -24.096670705875702 -24.231958125525605 -24.33456632826457 -24.359153892910715 -24.40399907192762 -24.16991311806234 -24.230004244074024 -24.11428339106193 -24.036041087880932 -23.833539453719784 -23.890366881311394 -23.834256048881173 -23.81199708687263 -23.726657020510174 -23.70689999073258 -23.61836509625731 -23.528574480366412 -23.45134708693292 -23.54535082244294 -23.600994364292685 -23.637677167122174 -9999
-9999 -9999 -9999 -9999 -9999 -9999 -9999 -9999 -9999 -9999 -9999 -9999 -9999 -27.638322993945934 -26.644398120738078 -26.292988094799828 -27.177895652616158 -26.7342295896758 -26.25093179167775 -24.582884234543286 -24.54371134835073 -24.27557226007237 -24.23433587496149 -24.2626251411604 -24.329411605540056 -24.36632690171752 -24.39930761964364 -24.006119085658018 -24.06918172191565 -24.054743007529 -24.01347513588996 -23.79075980959359 -23.88278724571042 -23.843242812567677 -23.852520428952236 -23.770358463592377 -23.796335052390102 -23.838494553159837 -23.96027849307385 -24.17484980612062 -24.16352541820632 -24.10218911720237 -24.08503374625909 -24.08063215951678 -24.28695055109995 -24.236225353968933 -24.325375453467764 -24.397205912067715 -24.54305048253002 -24.69258247626156 -24.812246100729052 -27.085741592971
-9999 -9999 -9999 -9999 -9999 -9999 -9999 -9999 -9999 -9999 -9999 -9999 -9999 -27.31455769408596 -26.730178528946176 -25.80804479653117 -25.359879634722706 -25.539637132259287 -25.730771751720052 -24.455841175958764 -24.488381245715093 -24.40677879866132 -24.071665605884448 -24.32299154252826 -24.343135294205837 -24.428222587215714 -24.46854833621815 -24.01583743034153 -24.168010026317734 -24.20772582763786 -24.221907302205768 -23.94829754246419 -23.93613961965109 -23.905958561646838 -24.016324806983746 -24.05306805598388 -24.00223916312477 -23.84270577656065 -23.76712468179429 -24.083304556471337 -24.143065172475357 -24.201999027848892 -24.14930273470489 -24.27204057208323 -9999 -9999 -9999 -9999 -9999 -9999 -9999 -9999
-9999 -9999 -9999 -9999 -9999 -9999 -9999 -9999 -9999 -9999 -9999 -9999 -9999 -27.03163146563178 -26.396985602853622 -25.683826683008157 -25.831472449348837 -25.68147677816349 -25.2068859753452 -24.01186119418834 -23.98589949516337 -24.062896349442028 -24.302947589985862 -24.644114458442502 -24.63307976438259 -24.510223924308892 -24.46876497200245 -24.13553340455173 -24.209097502621542 -24.24230647766861 -24.23942148477426 -23.93769545869335 -23.932384224654086 -23.94583503816925 -23.95932312253559 -23.9153347238544 -24.04346861714578 -24.111102241597585 -23.99747744947672 -24.06222854150743 -24.030648487599805 -9999 -9999 -9999 -9999 -9999 -9999 -9999 -9999 -9999 -9999 -9999
-9999 -9999 -9999 -9999 -9999 -9999 -9999 -9999 -9999 -9999 -9999 -9999 -27.869101736461744 -26.922963844774213 -26.58033560081284 -25.85820383823011 -25.6699758139692 -25.295685079738334 -24.549518987384587 -24.09834533666625 -24.246247696761127 -24.258273313333202 -24.38717832145504 -24.58982654122899 -24.564591581710488 -24.527946579791408 -24.530720363295156 -24.19304014177001 -24.259024628195103 -24.347715262698173 -24.31178040305436 -23.934113830327988 -23.86142978121263 -23.862587986169792 -23.870815256833218 -23.851157340524804 -23.939673899045296 -23.92860266916029 -23.79802954671196 -23.97816275258083 -24.13436246948297 -9999 -9999 -9999 -9999 -9999 -9999 -9999 -9999 -9999 -9999 -9999
-9999 -9999 -9999 -9999 -9999 -9999 -9999 -9999 -9999 -9999 -9999 -25.15514387990571 -25.201842353087038 -25.313357869907197 -25.371151123464152 -24.85037221237207 -24.730413081352197 -24.58528084709289 -24.392211239633106 -24.075484374396343 -24.09978787329189 -24.17586506965429 -24.19475909952155 -24.022164172513172 -23.88878879665761 -23.730962520288106 -23.578735486629576 -23.136772533736963 -23.193884890693564 -23.250091995304928 -23.332549970774178 -23.424232874713518 -23.407828032666732 -23.348563780547533 -23.253564221207462 -23.433203498731647 -23.475233088723265 -23.44437723040945 -23.385275745202545 -24.257118186680604 -9999 -9999 -9999 -9999 -9999 -9999 -9999 -9999 -9999 -9999 -9999 -9999
-9999 -9999 -9999 -9999 -9999 -9999 -9999 -9999 -9999 -9999 -25.18215709519269 -24.983374298904494 -25.345367387083925 -25.37586600871493 -24.968772988407068 -24.585235649390835 -24.33318833648429 -24.514403222462807 -24.679396656458263 -24.34194285029282 -24.205289967064548 -24.04511186711328 -24.045816433944978 -23.923113716128483 -24.052710777477607 -24.090842300904512 -23.922458216117736 -23.26015123812502 -23.086754258944772 -23.17848165505869 -23.15225280947356 -23.118058244414307 -23.2838575708852 -23.365181162224523 -23.39760504005497 -23.587826425751228 -23.49380332287199 -23.305767271637354 -23.266441858818997 -9999 -9999 -9999 -9999 -9999 -9999 -9999 -9999 -9999 -9999 -9999 -9999 -9999
-9999 -9999 -9999 -9999 -9999 -9999 -9999 -9999 -9999 -9999 -9999 -9999 -24.94281914246613 -24.7103243218583 -24.539230511948947 -24.44204596599118 -24.38485222348295 -24.58840471073357 -24.760509196344923 -24.370683816489358 -24.370646793466143 -24.28156158795236 -24.112174159523263 -23.742078456045732 -23.83334782155757 -23.93440944210464 -23.985093063796345 -23.597989363074504 -23.45019552173883 -23.46214311150328 -23.177180834392928 -23.06570525612156 -23.054661944159307 -23.17972391741047 -23.33554442189937 -23.580050801504 -23.57216572703328 -23.332702965207357 -23.299744881370675 -24.202594381822877 -9999 -9999 -9999 -9999 -9999 -9999 -9999 -9999 -9999 -9999 -9999 -9999
-9999 -9999 -9999 -9999 -9999 -9999 -9999 -9999 -9999 -9999 -9999 -24.658547556407385 -25.062554469585177 -25.26724675718857 -25.085242169397965 -24.59672706004779 -24.4140178005454 -24.564678754120983 -24.61429687588901 -23.984577737252593 -24.02253834247265 -24.149501066639733 -24.09772843426681 -23.64773914310575 -23.537631335551854 -23.61246844288468 -23.66146600680203 -23.23248348573385 -23.253950078703426 -23.28205327477569 -23.282407267054587 -23.15016658271602 -23.14865039072364 -23.167939626313142 -23.25273774288413 -23.500951793363686 -23.444502294498857 -23.33045623298107 -23.50903807759649 -9999 -9999 -9999 -9999 -9999 -9999 -9999 -9999 -9999 -9999 -9999 -9999 -9999
-9999 -9999 -9999 -9999 -9999 -25.70981649210191 -25.69427294352436 -25.402896057662517 -25.52272780661714 -25.410996329176 -25.238429816166423 -24.6260371791786 -24.292847425606023 -24.696677886891056 -24.995735737368587 -24.409701170096092 -24.25338285490263 -24.168945085571107 -24.13532587228869 -23.316155487119783 -23.277218136070903 -23.28306957740721 -23.31863291125805 -23.01532271974113 -23.191873873351145 -23.252011555996123 -23.189348543700557 -22.980571609931875 -22.872699544238657 -22.806923794438656 -22.969583182762698 -23.49561930179049 -23.491486291061964 -23.53446423537705 -23.4907649443991 -23.471122978224784 -23.459798844480567 -23.64206300609563 -9999 -9999 -9999 -9999 -9999 -9999 -9999 -9999 -9999 -9999 -9999 -9999 -9999 -9999
-9999 -9999 -9999 -9999 -25.79666460327723 -25.57544733260495 -25.409121093724888 -24.92765024763977 -24.86991598740038 -24.79764020680349 -24.92673074294631 -24.939613989432868 -24.908732770800427 -24.820422781606045 -25.000646439573284 -24.511569143141337 -24.37105288404121 -24.278257951201137 -24.29050732352366 -23.431267664018694 -23.3019030377694 -23.19386582518421 -23.02157463397547 -22.84554897044765 -22.97259051054615 -22.914443780384637 -22.881766837206673 -22.757460575773507 -22.812130054631073 -22.90199274784359 -22.985217161684137 -23.50705606669552 -23.41095907057372 -23.380655001838807 -23.553085858138967 -9999 -9999 -9999 -9999 -9999 -9999 -9999 -9999 -9999 -9999 -9999 -9999 -9999 -9999 -9999 -9999 -9999
-9999 -9999 -9999 -25.488732917047024 -25.464436606696356 -25.274978715293717 -25.18725857706032 -25.055396019450754 -24.762817389053374 -24.62821342624501 -24.604456992172032 -24.45663890663191 -24.37811904285184 -24.612316191429272 -24.927386552394047 -24.44377426049956 -24.28343201850784 -24.288672790260296 -24.350314499835644 -23.68041367325223 -23.57020624466848 -23.347147498699922 -23.01593427327664 -22.766548167752184 -23.014575579912282 -23.05782252830534 -22.977028439732514 -22.70506354311036 -22.59804395149948 -22.604101458933894 -22.764115186261378 -9999 -9999 -9999 -9999 -9999 -9999 -9999 -9999 -9999 -9999 -9999 -9999 -9999 -9999 -9999 -9999 -9999 -9999 -9999 -9999 -9999
-9999 -9999 -9999 -25.81056571681477 -26.24207836659827 -25.662223899742063 -25.380649462073997 -24.850280906468548 -24.876034639401198 -24.985489094604574 -24.692078215054888 -24.169091755989943 -24.519242470552534 -24.58152108834854 -24.68813079140534 -24.217832384782888 -24.215628824166387 -24.240468249413308 -24.17693525929328 -23.339256732846085 -23.38903392982953 -23.324015215044323 -23.037505410849523 -22.372969984329995 -22.357327016657624 -22.3229835807528 -22.687051703844663 -22.8727574381704 -22.731566074658588 -9999 -9999 -9999 -9999 -9999 -9999 -9999 -9999 -9999 -9999 -9999 -9999 -9999 -9999 -9999 -9999 -9999 -9999 -9999 -9999 -9999 -9999 -9999
-9999 -9999 -9999 -24.99533748230897 -25.57268794089981 -24.938598679510232 -24.73860255664255 -24.36158132258013 -24.23720688882547 -24.436070860479962 -24.514285313021194 -23.873502224223166 -23.36129303473433 -23.407574902430333 -23.775271531159014 -23.858658052353267 -23.89166856023139 -23.96892127279273 -23.927627619887375 -23.074933537201066 -23.01219539680903 -23.028602576303378 -23.09442970803028 -23.496620287480965 -23.426726833350312 -23.142234740966078 -22.865848346866425 -22.747797669417672 -9999 -9999 -9999 -9999 -9999 -9999 -9999 -9999 -9999 -9999 -9999 -9999 -9999 -9999 -9999 -9999 -9999 -9999 -9999 -9999 -9999 -9999 -9999 -9999
-9999 -9999 -9999 -24.835209627362453 -24.43941733365089 -24.359068260781225 -24.259563310436253 -23.91616800998884 -24.025018500882894 -24.100166663299717 -24.055874464760088 -23.86933534113569 -23.66690505342558 -23.578252066225424 -23.79828707465861 -23.925176146237746 -23.873739790156197 -23.86959055824327 -23.878510423222274 -22.98024778145001 -22.887836408512868 -22.82534875564844 -22.968141703390643 -23.293789802954286 -23.33210779242116 -23.229094036379017 -23.152941906561512 -9999 -9999 -9999 -9999 -9999 -9999 -9999 -9999 -9999 -9999 -9999 -9999 -9999 -9999 -9999 -9999 -9999 -9999 -9999 -9999 -9999 -9999 -9999 -9999 -9999
-9999 -9999 -9999 -9999 -24.47224335750545 -24.232394519024123 -24.215687460832942 -23.934632918964468 -23.904446547491602 -23.972394885100503 -24.069497707785803 -23.985755582011066 -23.99163963096014 -23.797977393290594 -23.606589786870323 -23.54007472611113 -23.57788241136839 -23.720828046905808 -23.85344296652804 -22.988152142902635 -22.95952504871251 -23.030079488111053 -22.92206509337436 -22.932653788396202 -9999 -9999 -9999 -9999 -9999 -9999 -9999 -9999 -9999 -9999 -9999 -9999 -9999 -9999 -9999 -9999 -9999 -9999 -9999 -9999 -9999 -9999 -9999 -9999 -9999 -9999 -9999 -9999
-9999 -9999 -9999 -9999 -24.220344026942488 -24.127213048606947 -24.33065604720184 -24.24991595970325 -24.14111629819356 -23.97441136128897 -23.81336059988699 -23.419931466154672 -23.55563871413672 -23.661538508103188 -23.63226443505846 -23.518102044133354 -23.588421121973585 -23.627371118307806 -23.52301918072424 -22.942079001531486 -23.054559802550454 -23.153315381329183 -22.997177344230607 -23.1417450923422 -22.87146176142699 -9999 -9999 -9999 -9999 -9999 -9999 -9999 -9999 -9999 -9999 -9999 -9999 -9999 -9999 -9999 -9999 -9999 -9999 -9999 -9999 -9999 -9999 -9999 -9999 -9999 -9999 -9999
