metrics/grid_rasters/GLDAS/grideval_GLDAS_X_spring_2015_absolute_ubrmsd.asc
ncols 52
nrows 55
xllcorner     11.25
yllcorner     55.25
cellsize      0.25
NODATA_value  -9999
[rows 0 to 28 of 55, columns 0 to 51 of 52]
-9999 -9999 -9999 -9999 -9999 -9999 -9999 -9999 -9999 -9999 -9999 -9999 -9999 -9999 -9999 -9999 -9999 -9999 -9999 -9999 -9999 -9999 -9999 -9999 -9999 -9999 -9999 -9999 -9999 -9999 -9999 -9999 -9999 -9999 -9999 -9999 6.440038741491621 6.623233359935562 5.488578198771865 -9999 -9999 -9999 -9999 -9999 -9999 -9999 -9999 -9999 -9999 -9999 -9999 -9999
-9999 -9999 -9999 -9999 -9999 -9999 -9999 -9999 -9999 -9999 -9999 -9999 -9999 -9999 -9999 -9999 -9999 -9999 -9999 -9999 -9999 -9999 -9999 -9999 -9999 -9999 -9999 -9999 -9999 -9999 -9999 -9999 -9999 -9999 -9999 -9999 6.169380294629192 6.435114810156557 6.713755888125935 6.830842532181156 7.151716686561719 6.8614478211627095 -9999 -9999 -9999 -9999 -9999 -9999 -9999 -9999 -9999 -9999
-9999 -9999 -9999 -9999 -9999 -9999 -9999 -9999 -9999 -9999 -9999 -9999 -9999 -9999 -9999 -9999 -9999 -9999 -9999 -9999 -9999 -9999 -9999 -9999 -9999 -9999 -9999 0.1033244847758779 4.858982311804711 0.037011345473878944 0.036477905831769526 1.6028885625719185 5.458323733844415 4.5090749475711975 -9999 6.354329007241777 6.808688027843277 7.0768723965979206 7.278595769189724 7.315899034037554 6.985581624301286 7.073673902082247 7.379192264517492 5.709600480034562 7.0445825321773645 6.245944118119168 -9999 -9999 -9999 -9999 -9999 -9999
-9999 -9999 -9999 -9999 -9999 -9999 -9999 -9999 -9999 -9999 -9999 -9999 -9999 -9999 -9999 -9999 -9999 -9999 -9999 -9999 -9999 -9999 -9999 -9999 -9999 -9999 -9999 4.167906821052581 3.0764839541202815 4.812244046831539 3.2843579075233995 5.455596454944159 6.638081910232932 6.65913752214313 4.701558919817169 6.5266593477820445 6.986646612676227 7.617346072407869 6.717593504318567 6.819497164549202 6.3492527333742865 5.970644704004657 6.460892227413616 6.700062898902417 6.012723713496367 6.937359915582398 6.114899792431531 5.640433251765527 -9999 -9999 -9999 -9999
-9999 -9999 -9999 -9999 -9999 -9999 -9999 -9999 -9999 -9999 -9999 -9999 -9999 -9999 -9999 -9999 -9999 -9999 -9999 -9999 -9999 -9999 0.04924633538994425 0.04377803712692881 0.04362079608198978 0.042110840516859864 4.1680193969904975 3.899449667831768 4.2020092795645665 4.720267911946778 5.475387536047951 6.69326884533166 6.9878615386907015 7.433109765216835 7.003242640296309 6.721070805669888 5.467389885582653 5.591423775279979 5.669768885859113 5.8865506438191595 5.838246308343227 6.182508144951906 6.2624323078984165 5.999103127140733 6.168091928927991 6.381609815804808 6.067802680380602 5.7483864300780185 5.636421368177158 -9999 -9999 -9999
-9999 -9999 -9999 -9999 -9999 -9999 -9999 -9999 -9999 -9999 -9999 -9999 -9999 -9999 -9999 -9999 -9999 -9999 -9999 -9999 -9999 0.04103228703517271 0.04224482822143025 0.04125520084548645 0.02365722288386156 0.3510556621246936 1.6597899881953826 5.387856243080924 6.3673599286487805 6.794774494680997 7.253719642903934 7.175447721852494 8.191462895477114 8.342567301187946 7.774547520326999 6.925519194949014 5.601886678568797 5.722439286342367 5.731948416148178 6.209990898743991 6.144104132633205 5.9017272983410844 5.9591243641236735 6.142036799544347 6.336987697146947 5.955347585083798 5.776593736536419 5.8447778527537535 5.872844665851147 -9999 -9999 -9999
-9999 -9999 -9999 -9999 -9999 -9999 -9999 -9999 -9999 -9999 -9999 -9999 -9999 -9999 -9999 -9999 -9999 -9999 -9999 -9999 0.0354210345724842 0.03408504193016 0.04345971056790004 4.940672122879923 3.147927776602163 2.850277979168713 3.2725165510951078 5.405305902542313 7.227599627216699 7.118817334036082 4.796763278743045 7.260897897969186 7.5925135893430635 7.762635396263098 7.336668551435867 6.692448727760833 6.303201271104233 5.547623176046707 5.5669473056151455 6.075747823299781 6.99924327211254 6.385795341416987 6.2888866153960565 6.736854213171124 7.1644745347737855 7.199482296014309 7.035015957680651 6.799329108039648 6.9080402655324535 7.007094076266812 -9999 -9999
-9999 -9999 -9999 -9999 -9999 -9999 -9999 -9999 -9999 -9999 -9999 -9999 -9999 -9999 -9999 -9999 -9999 -9999 -9999 -9999 -9999 4.637076603460857 4.605242275717232 4.289319595270249 5.3276736436590335 5.699106450517843 6.585487688004617 7.0793143407096055 6.283608415100878 7.203998945971586 7.383920221855933 7.109619979153516 4.604302461615723 4.980375873479131 4.967054570795204 5.771109269163675 5.674339590789182 6.551349791454762 7.3468153024717315 7.674088221906046 7.935751965652324 7.501102704184965 7.008610524990119 6.986848578523548 7.247381944747813 7.510084890557804 7.246228339402393 6.912037654178403 6.97550709713558 -9999 -9999 -9999
-9999 -9999 -9999 -9999 -9999 -9999 -9999 -9999 -9999 -9999 -9999 -9999 -9999 -9999 -9999 -9999 -9999 -9999 -9999 0.23098484568068944 0.04176066961012759 0.04334801668922235 3.8583456177716315 6.1237091306497184 6.554594197678641 0.05704847419987375 0.113042809633608 4.263985499192788 5.071755846398141 5.389722561751071 5.673435955910419 6.278320180971288 5.75090779177887 5.731153694905173 5.954019207479389 6.722304443280973 6.6398968816303965 6.682960438681379 6.978294496690072 7.3175772008576825 7.7005275265074316 7.772837467230137 7.736361749796456 7.494987718232268 7.368504110585179 7.644379922299776 7.625316478958709 7.413520256076523 7.185303420005017 7.663423554229722 7.7675580789991265 -9999
-9999 -9999 -9999 -9999 -9999 -9999 -9999 -9999 -9999 -9999 -9999 -9999 -9999 -9999 -9999 -9999 -9999 -9999 5.4338100939399085 0.14515759893898014 0.04862688328860646 2.8170264057241123 4.812075132030722 4.437232054542438 0.4347825373866082 0.05314814959101727 2.195116042428117 5.373359218889177 4.927671157187714 4.9030640736339866 6.565200019647348 7.856439862725089 7.983645316334107 8.000448298341997 7.878717243533815 7.928218128602904 7.7599915636908605 7.676571016618247 7.492442670542331 7.227925764920497 6.9247431809117845 7.217894544124182 7.6861323554416705 7.836459624927494 7.8508524510011455 7.827354795233821 7.682214030730409 7.6310021822517875 7.482571212820868 7.699151601177203 7.826314625437088 -9999
-9999 -9999 -9999 -9999 -9999 -9999 -9999 -9999 -9999 -9999 -9999 -9999 -9999 -9999 -9999 -9999 -9999 5.1681367139484635 5.00357164677517 5.7925754706454375 0.05165870641882322 1.3793099024673692 2.5383407300252125 1.883732908681536 3.5080400346794014 3.97766194343608 4.0170885551537205 5.087754900558958 6.7865034143089815 6.19108324965625 6.0610879842372505 6.7205437858318176 7.25954791531955 7.575743698752541 7.634219243268553 7.900715972711272 8.139253552735807 8.272148113397808 8.04863013740502 7.797655088890664 7.71430633370104 7.702873968489929 7.656838414413854 7.82467143179313 8.118301825473642 8.152570383550772 8.072995071059715 7.893285905534391 7.699401041768271 7.920756452690205 -9999 -9999
-9999 -9999 -9999 -9999 -9999 -9999 -9999 -9999 -9999 -9999 -9999 -9999 -9999 0.03925763472172016 0.040903934111045065 0.04420841336456436 0.04405655138382027 0.04112459140140375 5.780692245631945 0.044981562448991715 5.660577275630903 3.79360198883304 0.5769530044458473 3.5134963753712007 5.080005072477137 6.20318567543012 5.710533545195288 7.49534171461232 7.389189650582709 7.9769091478529965 8.117948858879856 7.500057995083924 7.629962028967202 7.845340483691634 7.9208791496291475 8.093848955053923 7.96982292444278 8.49178668541038 8.330648854601803 8.52737861485165 8.215733623022611 8.369140566322791 8.474294385177865 8.153865329306099 8.014521662842293 8.149277393261835 8.252736941474836 8.058922680896456 7.98342145760293 8.113505194505798 8.009712229370889 -9999
-9999 -9999 -9999 -9999 -9999 -9999 -9999 -9999 -9999 -9999 -9999 -9999 -9999 0.04179725835668435 0.04404973919028213 0.050440813604158585 0.056497575019153035 0.056028441060167945 0.05325411818618332 0.4428134143386724 0.4653926530468232 2.6282176222501663 4.116834780249784 5.383622213486004 5.404813432553952 6.729795191829356 7.085394659128144 7.814500312283771 7.490360382807637 7.735938135350815 8.002440516529893 7.803090940037551 7.79625619752216 7.90563767449049 8.129204267039144 8.231770646264527 8.025898291549527 8.686813185209367 8.459230765390833 8.248041735101467 8.19751691836246 8.601109873537409 8.686156536531945 8.611794958993999 8.570033696262433 8.715618343778388 8.706621647390929 8.698797632899367 8.721826854798126 8.682446552235223 8.594452418096374 7.673210998974363
-9999 -9999 -9999 -9999 -9999 -9999 -9999 -9999 -9999 -9999 -9999 -9999 -9999 0.039734610034490456 0.051191302531541485 0.15043973652904918 2.461290760077888 0.3835288786845304 0.04880932340062631 4.1573462057021295 3.628842586411695 3.901551041357897 6.556138218847652 7.633021068234119 7.609684789568941 7.31351868825678 7.169177580504023 7.749158197577017 7.69597710853601 7.721379669758606 7.7647360500811855 7.785329603537423 7.859295012998704 8.016644055317405 7.858405800415942 7.628854308123366 8.011116932744043 8.890689284040524 8.980108410416731 8.763425370659832 8.783402778807206 8.795867224124233 8.828181136735381 8.895493575528555 -9999 -9999 -9999 -9999 -9999 -9999 -9999 -9999
-9999 -9999 -9999 -9999 -9999 -9999 -9999 -9999 -9999 -9999 -9999 -9999 -9999 0.0427651559718293 0.04370332714839968 0.08399583861339485 0.04359697235066266 0.07265451223206486 3.1258402336204463 8.25383268392391 8.545183720402587 8.213132697672718 7.0920503381291375 5.9366396778314074 7.582560705969706 8.270567399563358 8.23271136275979 8.159806350518537 8.044186506819182 8.051171797318935 7.998673608511167 7.925490530711121 8.074955818299388 8.160786980932858 8.202652667929646 8.154984451268088 8.079583459566752 8.477195984020403 8.921604987921514 8.946816898110715 8.925067685377831 -9999 -9999 -9999 -9999 -9999 -9999 -9999 -9999 -9999 -9999 -9999
-9999 -9999 -9999 -9999 -9999 -9999 -9999 -9999 -9999 -9999 -9999 -9999 0.050048108869496434 0.044828545114659765 0.04565419449218353 0.04338854279811509 0.2293877885671484 3.090846125585748 6.815076688626722 8.301631629097612 8.055841094346748 8.416613732294959 8.453732102946157 8.279566991001674 8.276012828304143 8.349004041208612 8.33292735283786 8.40274289858986 8.36847386720828 8.358219403961018 8.365441232967395 8.710563821038939 8.722875992547523 8.694539173449266 8.557728735495862 8.615777173888409 8.724860741776826 9.063048428719672 9.072796022041768 8.906274917526963 8.944040079480613 -9999 -9999 -9999 -9999 -9999 -9999 -9999 -9999 -9999 -9999 -9999
-9999 -9999 -9999 -9999 -9999 -9999 -9999 -9999 -9999 -9999 -9999 5.745691022172063 4.300044728745305 1.6212267804620766 0.5730146940388142 3.0280493284969188 5.2164005577050325 6.578395067075401 7.792612302530506 8.368560031335349 8.205702827995403 8.367669529804825 8.23007512711496 8.187460173593117 8.20153002850766 9.021277343975001 9.264053082575256 9.416916741930152 9.27750651148837 9.262511216484006 9.146808136229414 8.731186670655628 8.745256671373108 8.82150251324658 9.01827507878882 8.77579884147643 8.816852265904553 9.076677552963282 9.013882966852073 8.479870692553837 -9999 -9999 -9999 -9999 -9999 -9999 -9999 -9999 -9999 -9999 -9999 -9999
-9999 -9999 -9999 -9999 -9999 -9999 -9999 -9999 -9999 -9999 8.384571121847504 8.499014214540857 3.261142563190366 2.922666339329832 4.78358159714623 7.943178305766085 8.68062145975845 8.551274037074796 8.0263967228785 8.136152348943774 8.455423749475846 8.678385895862865 8.584151651423745 8.33819047720402 7.987763942082872 8.046028226765676 8.491864809781719 9.289504366191062 9.392890106646847 9.345739964191056 9.288807949611734 9.097482003221506 8.942444248191585 8.82481236772982 8.871725054824582 8.591518762701531 8.83550310253745 9.058156255281707 9.035412105300905 -9999 -9999 -9999 -9999 -9999 -9999 -9999 -9999 -9999 -9999 -9999 -9999 -9999
-9999 -9999 -9999 -9999 -9999 -9999 -9999 -9999 -9999 -9999 -9999 -9999 6.942015214077425 8.806200220488305 9.354578692477306 9.225170768582943 9.504886169827966 9.034095309059492 8.580745139084991 8.314402082767481 8.286154273498397 8.516766286877282 8.607368543446736 8.796936730762273 8.549733062949475 8.426890136055134 8.365497567064981 8.885755294274954 9.234040946218826 9.114254710800322 9.274169385142626 9.125887028258727 9.092931929674203 8.999720160749828 8.833779071676885 8.649006047269477 8.718417524879158 8.936976668775543 8.808692001483498 7.438918860531378 -9999 -9999 -9999 -9999 -9999 -9999 -9999 -9999 -9999 -9999 -9999 -9999
-9999 -9999 -9999 -9999 -9999 -9999 -9999 -9999 -9999 -9999 -9999 8.844506751759392 7.907341022272437 5.974905508817952 8.315949063420899 9.402905495444363 9.64145666978536 9.160527279483617 9.030796035960504 9.221997473141961 9.110594383658592 8.680346319392955 8.587262900002285 8.977862843217133 9.226749008656103 9.100222979265595 9.027516196356528 9.317049809260407 9.231832700317575 9.148417254879712 9.084633212570502 9.03612763664293 8.957979584302318 9.009399459121996 8.978422045857277 8.735837610137086 8.947160291189821 8.753694687096326 4.175800931498004 -9999 -9999 -9999 -9999 -9999 -9999 -9999 -9999 -9999 -9999 -9999 -9999 -9999
-9999 -9999 -9999 -9999 -9999 5.765341842915316 6.973267356965172 7.147715490680878 3.949606360295158 5.477825853983677 7.277812814907 9.304717662742446 9.768899715309386 9.352897291271802 8.864422511897914 8.876974184644538 8.988516377266084 9.016226310380882 8.986767371044234 9.276843357140109 9.305675837624072 9.327151528768368 9.165690778753254 9.224353959423537 9.03649057252338 9.026846363106458 9.081953115459532 9.168717992698237 9.250666471992178 9.195885087739317 9.142925197977481 8.865659104033144 8.830130766357179 8.815973737838096 8.924420532219223 8.426870492215476 5.183451783234943 2.6523814701166857 -9999 -9999 -9999 -9999 -9999 -9999 -9999 -9999 -9999 -9999 -9999 -9999 -9999 -9999
-9999 -9999 -9999 -9999 7.091507986794637 7.794357872295112 7.901682275577833 8.983950958604416 9.022342760700516 9.215108491875089 9.077650907021956 9.195088921829884 9.303384412126704 9.323170761111909 8.892495363569138 8.6964526917803 8.772051025663941 8.84937087744054 8.835371655004908 9.198263933193115 9.284448167029414 9.322741598056721 9.386887802060036 9.242801699250174 9.218160064949933 9.24083375582999 9.24030261267062 9.150059273251102 9.096024922062476 9.036223121804012 8.914924135484304 8.787796458481022 8.843058236990347 7.19394034087246 3.792719828832343 -9999 -9999 -9999 -9999 -9999 -9999 -9999 -9999 -9999 -9999 -9999 -9999 -9999 -9999 -9999 -9999 -9999
-9999 -9999 -9999 6.142671600351952 7.066444262480693 7.793367341486865 7.879875959825152 7.982430609341091 9.07619729040504 9.312562866129683 9.12401775666377 9.358087369912413 9.401156338045675 9.226928182547763 8.953005739302926 8.792692003934969 8.858768071627258 8.891631377927864 8.782170847992635 9.060901049978352 9.201304016880703 9.398951173297467 9.435679927308641 9.26654939760114 9.123490829053695 9.099087770609373 9.093939230545217 9.193676190261456 9.201440733691008 9.10067634728204 8.699531021325662 -9999 -9999 -9999 -9999 -9999 -9999 -9999 -9999 -9999 -9999 -9999 -9999 -9999 -9999 -9999 -9999 -9999 -9999 -9999 -9999 -9999
-9999 -9999 -9999 0.0414124009250668 0.041066394307269626 0.04311880869413843 2.2006888052739733 6.5512841270040525 7.0624436930087935 7.6248472339577225 8.087095704896512 9.176155525815812 9.005207147524974 9.071325000999376 9.02850865923015 8.94194018329033 8.971186374071252 9.006757679579662 9.04310172811951 9.402731720124915 9.398333774422602 9.3922648312783 9.406165000575141 9.312519776566218 9.286291930461145 9.320243224783413 9.255737861024803 9.128613648603961 8.914964268597178 -9999 -9999 -9999 -9999 -9999 -9999 -9999 -9999 -9999 -9999 -9999 -9999 -9999 -9999 -9999 -9999 -9999 -9999 -9999 -9999 -9999 -9999 -9999
-9999 -9999 -9999 1.3564332249896955 0.04520590512530486 0.7862815620603988 0.4973469229113754 4.9945064300624304 6.432306137172233 6.316454897894879 7.370903447887073 8.534654130000078 9.173058752737392 9.189617306883076 9.057954926693595 8.954706408585073 8.951983153031744 8.941184842057659 9.027341358768004 9.239619599713773 9.292073663135616 9.311545311295022 9.27083268959986 9.099103275774276 9.235386450181393 9.310801436310166 9.04566838694334 5.498432030945275 -9999 -9999 -9999 -9999 -9999 -9999 -9999 -9999 -9999 -9999 -9999 -9999 -9999 -9999 -9999 -9999 -9999 -9999 -9999 -9999 -9999 -9999 -9999 -9999
-9999 -9999 -9999 0.4772719569053249 3.617344250255672 5.578944170168665 4.726274016950353 6.324969252945903 7.4282572383065055 7.596577563176958 7.923668172104204 8.268961122011635 8.986283068502644 9.029622920391187 8.974538419086102 8.791110329528946 8.885461890797831 8.948873752985618 8.97732214355432 9.274221673372836 9.34602382929224 9.349987439377633 9.297484012795586 9.337563320008694 9.298610969298966 9.14205299749912 5.599862225253216 -9999 -9999 -9999 -9999 -9999 -9999 -9999 -9999 -9999 -9999 -9999 -9999 -9999 -9999 -9999 -9999 -9999 -9999 -9999 -9999 -9999 -9999 -9999 -9999 -9999
-9999 -9999 -9999 -9999 5.229534373389297 5.941383749177428 6.29391622636892 7.1685402181475935 7.58989029557605 7.913353079050072 8.004324980467635 8.187559300443253 8.424382936039096 8.932538480125636 9.156296131790805 9.07921113163473 9.013926446991313 9.007448067768744 8.980783965828396 9.255119851158554 9.305675168786241 9.284076844647526 9.217646355225373 9.03996135276422 -9999 -9999 -9999 -9999 -9999 -9999 -9999 -9999 -9999 -9999 -9999 -9999 -9999 -9999 -9999 -9999 -9999 -9999 -9999 -9999 -9999 -9999 -9999 -9999 -9999 -9999 -9999 -9999
-9999 -9999 -9999 -9999 5.752868142043793 6.906163536744049 7.006682852252332 6.010066265476094 7.451612523040954 7.958699364951909 8.684220781059711 9.203978188711421 9.14881446808778 9.062736705899642 9.230875440447637 9.126726670434511 9.060557093751358 9.069403633471405 9.055816032657015 9.25569274883724 9.24241084532988 9.20343706606291 8.843108892802038 7.72064573785771 3.0212024442666974 -9999 -9999 -9999 -9999 -9999 -9999 -9999 -9999 -9999 -9999 -9999 -9999 -9999 -9999 -9999 -9999 -9999 -9999 -9999 -9999 -9999 -9999 -9999 -9999 -9999 -9999 -9999
-9999 -9999 -9999 -9999 7.949299072650449 8.016937524927874 8.499302563652359 8.0651325719931 7.706040128884663 8.193800693137092 8.826320865666837 9.11108902903642 9.277885717928504 9.351745756357543 9.431341355627783 9.411328484847347 9.4443482850488 9.543607923215733 9.537960813965737 9.415923728884096 9.423830203621982 9.31906475442963 7.598424851372247 7.1204625331941225 -9999 -9999 -9999 -9999 -9999 -9999 -9999 -9999 -9999 -9999 -9999 -9999 -9999 -9999 -9999 -9999 -9999 -9999 -9999 -9999 -9999 -9999 -9999 -9999 -9999 -9999 -9999 -9999
