metrics/grid_rasters/GLDAS/grideval_GLDAS_X_summer_2016_absolute_ubrmsd.asc
ncols 52
nrows 55
xllcorner     11.25
yllcorner     55.25
cellsize      0.25
NODATA_value  -9999
[rows 0 to 28 of 55, columns 0 to 51 of 52]
-9999 -9999 -9999 -9999 -9999 -9999 -9999 -9999 -9999 -9999 -9999 -9999 -9999 -9999 -9999 -9999 -9999 -9999 -9999 -9999 -9999 -9999 -9999 -9999 -9999 -9999 -9999 -9999 -9999 -9999 -9999 -9999 -9999 -9999 -9999 -9999 2.640524748380084 2.7748627874392966 3.1817472965714 -9999 -9999 -9999 -9999 -9999 -9999 -9999 -9999 -9999 -9999 -9999 -9999 -9999
-9999 -9999 -9999 -9999 -9999 -9999 -9999 -9999 -9999 -9999 -9999 -9999 -9999 -9999 -9999 -9999 -9999 -9999 -9999 -9999 -9999 -9999 -9999 -9999 -9999 -9999 -9999 -9999 -9999 -9999 -9999 -9999 -9999 -9999 -9999 -9999 2.361269679568235 2.7173195876301715 2.9028337597766827 2.9605562331383264 3.3502496642432673 3.5991498730489315 -9999 -9999 -9999 -9999 -9999 -9999 -9999 -9999 -9999 -9999
-9999 -9999 -9999 -9999 -9999 -9999 -9999 -9999 -9999 -9999 -9999 -9999 -9999 -9999 -9999 -9999 -9999 -9999 -9999 -9999 -9999 -9999 -9999 -9999 -9999 -9999 -9999 2.950666807843361 3.1948484459242548 3.0306287398137273 2.50727940348484 2.687538866894565 3.1231389063249866 2.9875482727833926 -9999 3.1514444483480584 2.964513664371332 2.9627655647634072 3.4086939155770293 3.5534493396418614 3.6530766504839742 3.7083373815107405 3.612574493358317 3.709533013925356 3.739431906824047 3.763007417701555 -9999 -9999 -9999 -9999 -9999 -9999
-9999 -9999 -9999 -9999 -9999 -9999 -9999 -9999 -9999 -9999 -9999 -9999 -9999 -9999 -9999 -9999 -9999 -9999 -9999 -9999 -9999 -9999 -9999 -9999 -9999 -9999 -9999 7.872749381319936 8.986361166124023 1.7882617570431187 8.589119061652479 2.7877697340686463 2.3773604749231496 3.0417476949085698 3.211829675162416 3.3386368229461714 3.418297113191676 3.4120487491330214 3.3877643035585665 3.5533684677076454 3.5766434050870286 3.641839274935748 3.652961318412831 3.664721045820418 3.5788017687748126 3.5817043845120917 3.6489202261695564 3.737450934879345 -9999 -9999 -9999 -9999
-9999 -9999 -9999 -9999 -9999 -9999 -9999 -9999 -9999 -9999 -9999 -9999 -9999 -9999 -9999 -9999 -9999 -9999 -9999 -9999 -9999 -9999 7.653153568233765 2.7588612771434278 3.0715974624663347 5.463255333205957 9.50473665270883 8.564676901314492 8.053900306633425 6.477828834875019 5.23778645316337 3.0941771606471717 2.7506130054519558 2.871060358869644 3.0182828592829862 3.2550083777471115 3.368214312776534 3.5557728229186583 3.64029340480723 3.6562202588193387 3.5989167176020724 3.625962999655214 3.5132956992627267 3.3196202095172915 3.2640902576327218 3.2023825349840895 3.3414894075595143 3.343647491707852 3.2871466350814966 -9999 -9999 -9999
-9999 -9999 -9999 -9999 -9999 -9999 -9999 -9999 -9999 -9999 -9999 -9999 -9999 -9999 -9999 -9999 -9999 -9999 -9999 -9999 -9999 6.8298620931429195 6.646245134348138 2.756813458260828 6.6384563619772505 7.384907871589985 4.091592975192714 3.6893694932182175 4.186381702779016 2.8901671434353737 2.9955141123707527 2.693290201827618 2.740057319750161 2.894095752675562 3.095694386972517 3.2724009729043533 3.3418643824115395 3.5078082952735565 3.56349033189072 3.601872325214059 3.597383611235283 3.5423342255075623 3.5191180269364417 3.2457878923454584 3.160049372416034 3.228983797080628 3.2065275071915367 3.3201847270249965 3.2747304910957133 -9999 -9999 -9999
-9999 -9999 -9999 -9999 -9999 -9999 -9999 -9999 -9999 -9999 -9999 -9999 -9999 -9999 -9999 -9999 -9999 -9999 -9999 -9999 7.661045038058223 6.849869601415705 7.8451769438758365 8.875555269948787 9.80662464830869 9.784347172554373 9.440698238341488 7.459287348573182 3.0099770090073763 3.0299711435576535 3.173132310246793 2.8885614966088995 3.040051685114787 3.16564959246991 3.2450219286688387 3.4223618078584828 3.4427573911958933 3.4835448041704513 3.585548015188971 3.5636453407223363 3.654074432759154 3.5672698138042898 3.477558742408513 3.1839455029222288 3.1393562650362528 3.1227361322483635 3.0478091115527053 3.092794076129627 3.08371480939361 3.1826164280770732 -9999 -9999
-9999 -9999 -9999 -9999 -9999 -9999 -9999 -9999 -9999 -9999 -9999 -9999 -9999 -9999 -9999 -9999 -9999 -9999 -9999 -9999 -9999 9.785859416164655 9.783128084402806 9.249391286063027 7.670520929211658 6.730161308245612 4.117749154025886 2.7352471455933145 3.3024869935869647 3.2697423108375907 3.2544783799212635 3.135475277975898 3.3648062307046858 3.4357548357628533 3.353273955177159 3.4549763147559003 3.4943291449234697 3.563137809431232 3.5636629516884737 3.5621512750661064 3.52252264132906 3.506979277880461 3.420700857898728 3.2181251580368064 3.1602177936501 3.096023722635844 3.0725794262491073 3.1366947551510447 3.2195908363908363 -9999 -9999 -9999
-9999 -9999 -9999 -9999 -9999 -9999 -9999 -9999 -9999 -9999 -9999 -9999 -9999 -9999 -9999 -9999 -9999 -9999 -9999 6.047909519437143 4.5137970387434905 4.669594187831857 6.536445103120568 7.558235301975333 3.0250271294077686 3.0498713164496194 3.221066475912678 3.615607111834308 3.5988635063983847 3.628215960785584 3.710912633882472 3.6665979779924496 3.6595473876446225 3.6620580771565012 3.660205715612559 3.474475625323652 3.5496614647822278 3.4440846274099637 3.402307416189574 3.2681134399397433 3.3270044799819454 3.294919180900591 3.271266044358829 3.0428290899339108 3.029537668826419 2.993166459324923 2.9648214321315454 2.9441278044075183 2.941177622414537 2.8999718930846887 2.837614338708359 -9999
-9999 -9999 -9999 -9999 -9999 -9999 -9999 -9999 -9999 -9999 -9999 -9999 -9999 -9999 -9999 -9999 -9999 -9999 8.48851329709882 6.0081134634654285 4.321873196070771 3.4668107855630135 4.661195478961842 2.874144439461348 3.012485772576398 3.0206385659887087 3.0516147507751614 3.4959529791368342 3.488509962241781 3.471660039420833 3.606611508387925 3.581774645532568 3.5525011679451866 3.5497150441051923 3.5813362931038104 3.5128182203969534 3.448353860314324 3.4687811564762336 3.3631846370797294 3.208667969828788 3.1696185751633625 3.192944500505277 3.1920707972910045 2.948279825247305 2.921344612546345 3.0073783023294243 2.9599422708438965 2.922711208620773 2.8792611111310555 2.8800549545739376 2.9043614897316337 -9999
-9999 -9999 -9999 -9999 -9999 -9999 -9999 -9999 -9999 -9999 -9999 -9999 -9999 -9999 -9999 -9999 -9999 7.263215813206718 9.066593040777407 7.8830880790048585 2.7966521714202366 3.0943952651202444 3.222521113823149 3.0647195885834817 3.3152207055367118 3.3678897389466806 3.4451856694093848 3.5139119443889517 3.5182967796890283 3.4891715785700397 3.519592428562174 3.4770682607671395 3.528674266145188 3.4977598412307205 3.4689016809238664 3.4046007642268776 3.3870138326577965 3.3302287099565837 3.286894359889488 3.1331915274863795 3.094117983950754 3.098759570562076 3.076498689107217 2.9942837270389924 2.898056571901257 2.901581405368786 2.8591565943526325 2.8503158348646838 2.8255443201136528 2.746098337829535 -9999 -9999
-9999 -9999 -9999 -9999 -9999 -9999 -9999 -9999 -9999 -9999 -9999 -9999 -9999 6.9201681316444335 5.002741473160064 4.5353861532923885 4.787069847671691 4.982586923363537 8.017629779166713 2.7915978562873627 2.7850932740542156 2.9496045934876745 3.080152673236162 3.4042924742980127 3.4477400787253414 3.2671402577645874 3.2363799027170046 3.4814902886400905 3.4776150318627317 3.4790861052917768 3.4165858494660624 3.3635820773178717 3.3564308885793768 3.3308424874092366 3.291632077965569 3.2670783200166347 3.165460939247924 3.1546858009747667 3.068252885119217 3.002141937052687 2.9849854205927517 2.9773493792794814 2.9884629992866207 2.7957296080784766 2.7702001956075524 2.7985862588637804 2.8129679615842518 2.8186076380019616 2.796284687816465 2.773019011684006 2.719293216194389 -9999
-9999 -9999 -9999 -9999 -9999 -9999 -9999 -9999 -9999 -9999 -9999 -9999 -9999 5.15702000512595 3.5547380712917924 2.85154915133739 5.004922414003568 4.257506469771922 3.25157032739338 2.552049413143625 2.636512496990049 2.814077399764052 2.876242056559286 3.0565078795851783 3.0265786351449413 3.04093493161532 3.0065520078151917 3.1988672771913094 3.182291735706777 3.1490420702273965 3.1090874134870625 2.9956134451351564 2.9450119038086187 2.962610276529017 2.9304417671483587 2.8367511475807143 2.7775965720109537 2.7549543982076643 2.7113151384853382 2.655841118399649 2.6326582084025265 2.6561173458966048 2.666098507578801 2.5469109418547813 2.7216277958573265 2.837672252195109 2.790132254370276 2.92155108824606 2.917967846879887 2.916756557967988 2.754982462237829 2.4404670354471736
-9999 -9999 -9999 -9999 -9999 -9999 -9999 -9999 -9999 -9999 -9999 -9999 -9999 5.1313267510414935 4.042220071692093 2.4598540051167874 2.507881954899952 2.5248208894183466 2.5927061878408217 2.7041280903560025 2.7690954314781613 2.869667634773435 2.994146587588948 2.9841524434810753 3.0004090022818763 2.9565263439801317 2.942694804800495 3.0703064970894136 3.157183387124696 3.150487078075832 3.038818244060932 2.9286950428433483 2.9041342167602355 2.888663274405967 2.860628524984936 2.780272829917144 2.7516533605788984 2.717452024709003 2.607417570370928 2.5874217487950526 2.5845961763277394 2.551326302528585 2.5387394590138554 2.6456457686081545 -9999 -9999 -9999 -9999 -9999 -9999 -9999 -9999
-9999 -9999 -9999 -9999 -9999 -9999 -9999 -9999 -9999 -9999 -9999 -9999 -9999 4.675078423138374 3.5104870915162207 2.541799039540817 2.5085830397031166 2.612218272545009 2.716932979115491 2.9273316746730083 2.8542257909202333 2.871239972951513 2.9228359885209048 2.9131639249669226 2.85460667331711 2.8963311129441776 2.901776588198569 3.0501906274563773 3.0262902767947315 3.0581629287755745 2.9921942695212835 2.8841304204697864 2.870609169820966 2.85736639404711 2.8258137994385346 2.8090756645954866 2.7464913443707712 2.6826172129415933 2.6212846864481945 2.6000884654151735 2.585367128441813 -9999 -9999 -9999 -9999 -9999 -9999 -9999 -9999 -9999 -9999 -9999
-9999 -9999 -9999 -9999 -9999 -9999 -9999 -9999 -9999 -9999 -9999 -9999 5.889569328521444 4.383412885874977 3.5633779801963272 2.608368065399364 2.5976497771101132 2.6307828085677163 2.9472445630399466 2.8366369918774166 2.7247617861111184 2.6877682161357583 2.647598466982315 2.79999444470203 2.809426346234845 2.8041242229222285 2.8139819224823577 2.962269078937045 2.961097005725544 2.9311880625600377 2.943674913969716 2.8837851791038878 2.864980864418836 2.76792367984394 2.753686420730534 2.8103266831299902 2.7281024142476986 2.685906980679353 2.6352869401051793 2.7523463045126992 2.855815196037149 -9999 -9999 -9999 -9999 -9999 -9999 -9999 -9999 -9999 -9999 -9999
-9999 -9999 -9999 -9999 -9999 -9999 -9999 -9999 -9999 -9999 -9999 2.767109985252836 2.711846089037905 2.6586482078764866 2.7294245796742644 3.0170244061122755 3.0240129003212624 3.2060591327846413 3.1285052647286964 2.8856922602729607 2.868823260825728 2.7973438599938705 2.746031510463905 2.8254758925151333 2.9457667854079617 2.934163773893101 2.8624882323909646 2.83671551667335 2.849749824821275 2.831578146163442 2.838130840514922 2.8178854458722205 2.8203522571170305 2.766904698040009 2.7166618008066123 2.9150524114310685 2.8203859555069397 2.663600715321436 2.763337065180642 2.9266004917212878 -9999 -9999 -9999 -9999 -9999 -9999 -9999 -9999 -9999 -9999 -9999 -9999
-9999 -9999 -9999 -9999 -9999 -9999 -9999 -9999 -9999 -9999 2.9396195994108854 2.8915128370468213 2.745672070264004 2.7619283203600054 2.9371655783855366 3.1268356266212045 3.2103461212293403 3.0286450418835678 2.97497197065999 2.849602507357872 2.816206684903664 2.824034164337069 2.7967601136337885 2.855754061575561 2.8423737557848727 2.8349374194979626 2.8279658632807725 2.8578414994354335 2.814740982468208 2.770335038158955 2.8002442727096475 2.7735180578312795 2.774166131263682 2.7604142618839296 2.737505393987592 2.752901594599193 2.7134945347175727 2.548518046560313 2.7407293084910904 -9999 -9999 -9999 -9999 -9999 -9999 -9999 -9999 -9999 -9999 -9999 -9999 -9999
-9999 -9999 -9999 -9999 -9999 -9999 -9999 -9999 -9999 -9999 -9999 -9999 2.8681996373643446 2.9451692717192017 2.916547891567983 3.0172886988434815 3.077001097423239 2.9388766637543533 2.896234243171242 2.7668028407705623 2.7431579260443915 2.750377749644225 2.7795671965153037 2.8250095383311487 2.791969854886561 2.7857111757923576 2.7767965903232423 2.7340002361505857 2.8390305258110113 2.7480582724822664 2.7671879046058265 2.712609665215389 2.7118297522924544 2.6999135277232917 2.6767148071048745 2.7224461245611793 2.6662006274292795 2.922176263610589 2.904611807471212 2.8282083255285335 -9999 -9999 -9999 -9999 -9999 -9999 -9999 -9999 -9999 -9999 -9999 -9999
-9999 -9999 -9999 -9999 -9999 -9999 -9999 -9999 -9999 -9999 -9999 2.2852245678169014 2.498659039987397 2.745478628345858 2.7705401639606446 2.8660464108881203 2.912698031703091 2.8547204758031373 2.823534540894618 2.78830523823557 2.7278655706269186 2.7266166900338447 2.741980888764639 2.7260295400329526 2.7151091845603452 2.702646254050603 2.695820336425969 2.728166003192169 2.71366310243416 2.740159886654124 2.6892530068246683 2.727823436913442 2.6367429467024865 2.6630288046488446 2.6379752397938576 2.5230781708388106 2.9342239284220137 3.0314825375455112 2.682089462426865 -9999 -9999 -9999 -9999 -9999 -9999 -9999 -9999 -9999 -9999 -9999 -9999 -9999
-9999 -9999 -9999 -9999 -9999 3.4825608616361308 3.568362081512248 3.4984495168537397 3.3779327983260603 3.3732250199091913 3.361489761864589 3.0156456019968325 3.0480369130608658 2.9748239837192223 2.8770671895230224 2.591891673518251 2.5870743172939825 2.6598576415926045 2.677299150364503 2.7019005158749847 2.6974396886531014 2.724918143602816 2.7169710061927894 2.777369176477708 2.776798464249183 2.742269548607561 2.7548368802161125 2.9072492626111304 2.8994906292071496 2.9200967681593077 2.9534126398083402 2.953902061055264 3.016549454313342 2.9689657026971603 3.0985248391212736 3.230682038763216 2.992755122843747 2.6648595773535977 -9999 -9999 -9999 -9999 -9999 -9999 -9999 -9999 -9999 -9999 -9999 -9999 -9999 -9999
-9999 -9999 -9999 -9999 2.9891027671474366 3.0432388527009304 3.476084852504893 3.682074017071776 3.366772602161745 3.1308245648619226 3.0352740153720448 2.9573128811548046 2.8588612757776635 2.8365809765047665 2.786043283982929 2.5095708241051025 2.481415209658819 2.6094344903603046 2.6560704995427327 2.635324053482392 2.6198747636233515 2.641821436250392 2.6814227657409724 2.7374314180465764 2.734808242568464 2.711330537330644 2.6913565173451195 2.8682494648350607 2.868954163823888 2.8716290044926067 2.920848119937536 3.1089672844805025 3.13192944199348 2.9818443290419734 2.771184014019909 -9999 -9999 -9999 -9999 -9999 -9999 -9999 -9999 -9999 -9999 -9999 -9999 -9999 -9999 -9999 -9999 -9999
-9999 -9999 -9999 3.6347765402558814 3.6316536747996313 3.574879714581372 3.629757655473627 3.5081519434918254 3.434088981368116 3.371998846684705 3.366700727632041 3.0019982366981637 3.1010051669495584 3.055459163822593 2.7917457622907658 2.5556366894211817 2.545361893519589 2.5723014582706853 2.5958696581899656 2.658722955858016 2.607648114647331 2.5647881044850953 2.5796498459550508 2.629826582972965 2.6603157243491293 2.646907033658589 2.6168183541755536 2.7148739387744345 2.741754047284359 2.7790085789203958 2.828063372544387 -9999 -9999 -9999 -9999 -9999 -9999 -9999 -9999 -9999 -9999 -9999 -9999 -9999 -9999 -9999 -9999 -9999 -9999 -9999 -9999 -9999
-9999 -9999 -9999 3.615529963088537 3.3308185953133806 3.8027429599971496 3.737426336295585 3.6893326332489123 3.62558453011347 3.6541431414031296 3.8465673815783976 3.392297957401728 3.0360611612540573 3.1618693053890734 3.012380501533974 2.576098434791696 2.4771067236393445 2.508627135778377 2.515410795791956 2.534875386966442 2.5147135056834524 2.5883957023176314 2.5766472922172365 2.601558026875842 2.5579079173095995 2.456746768764081 2.5417801896599106 2.7225887675761595 2.7301806676537788 -9999 -9999 -9999 -9999 -9999 -9999 -9999 -9999 -9999 -9999 -9999 -9999 -9999 -9999 -9999 -9999 -9999 -9999 -9999 -9999 -9999 -9999 -9999
-9999 -9999 -9999 3.6100458617499815 3.536421293011148 3.6604223322463794 3.77154951676545 3.8423173468368574 3.780293255772457 3.6898230307602975 3.63552574711224 3.591931950249605 3.4075123333523862 3.3351905122633947 3.3077834372169885 2.918578589952569 2.8018739803829034 2.770085520429934 2.7600802934649487 2.65094188497817 2.6527725880502393 2.655086452274301 2.6799885605122853 2.8989089566370927 2.8752367560413967 2.7706974747193045 2.7109637516678906 2.4645422212706247 -9999 -9999 -9999 -9999 -9999 -9999 -9999 -9999 -9999 -9999 -9999 -9999 -9999 -9999 -9999 -9999 -9999 -9999 -9999 -9999 -9999 -9999 -9999 -9999
-9999 -9999 -9999 3.614123735706248 3.7486672501817 3.899768726923287 3.745220070733728 4.002039614937575 3.833866781487056 3.735591618877183 3.767810151557754 3.574338037889529 3.5241246277697145 3.4616860644595517 3.4195231204442016 3.0827296157017927 2.882086464064643 2.8328681939907616 2.8261383629539267 2.6282156544644195 2.6343092641954544 2.6229521850371613 2.6121148947976467 2.8038848713759594 2.7673201156084124 2.705152379139157 2.4300163765544998 -9999 -9999 -9999 -9999 -9999 -9999 -9999 -9999 -9999 -9999 -9999 -9999 -9999 -9999 -9999 -9999 -9999 -9999 -9999 -9999 -9999 -9999 -9999 -9999 -9999
-9999 -9999 -9999 -9999 3.7761607774618082 3.9718739603263726 3.943621077913088 4.170162559614897 4.09487561291861 4.019378114339752 3.9280522438533283 3.5292148924425923 3.6668688767777686 3.5563179925821298 3.427159959860813 2.9212235147011536 2.807297561565724 2.891412236970209 2.978905369250301 2.6210011835879263 2.5605373007108576 2.5143454317650087 2.465532162652225 2.675407771527912 -9999 -9999 -9999 -9999 -9999 -9999 -9999 -9999 -9999 -9999 -9999 -9999 -9999 -9999 -9999 -9999 -9999 -9999 -9999 -9999 -9999 -9999 -9999 -9999 -9999 -9999 -9999 -9999
-9999 -9999 -9999 -9999 3.7242875171864815 3.7718332431357 3.5939628277268336 3.7287386747920976 3.864521343988213 3.8154122154004515 3.7279039691381635 3.403721008925324 3.4332896596440183 3.4986879832228577 3.4353261654516984 2.9301126454468216 2.7988015075944443 2.8035360360240302 2.676392722740576 2.5294432553991184 2.4963631348687563 2.4584562191449355 2.381239058522876 2.350091008512035 1.6986868853510846 -9999 -9999 -9999 -9999 -9999 -9999 -9999 -9999 -9999 -9999 -9999 -9999 -9999 -9999 -9999 -9999 -9999 -9999 -9999 -9999 -9999 -9999 -9999 -9999 -9999 -9999 -9999
-9999 -9999 -9999 -9999 3.4045657111567627 3.355451046607921 3.2448871387403453 3.6070911992499193 3.5914550308378685 3.712820324786249 3.678281399540655 3.385874667302168 3.407378954098683 3.386335395000459 3.3516527351457945 2.956040398841839 2.7832966249521385 2.5522439568690283 2.4568317157142987 2.4317525065146786 2.3816345030037374 2.2539329521235585 1.7365191428194184 1.7765596436334326 -9999 -9999 -9999 -9999 -9999 -9999 -9999 -9999 -9999 -9999 -9999 -9999 -9999 -9999 -9999 -9999 -9999 -9999 -9999 -9999 -9999 -9999 -9999 -9999 -9999 -9999 -9999 -9999
