metrics/grid_rasters/GLDAS/grideval_GLDAS_S_summer_absolute_ubrmsd.asc
ncols 52
nrows 55
xllcorner     11.25
yllcorner     55.25
cellsize      0.25
NODATA_value  -9999
[rows 0 to 28 of 55, columns 0 to 51 of 52]
-9999 -9999 -9999 -9999 -9999 -9999 -9999 -9999 -9999 -9999 -9999 -9999 -9999 -9999 -9999 -9999 -9999 -9999 -9999 -9999 -9999 -9999 -9999 -9999 -9999 -9999 -9999 -9999 -9999 -9999 -9999 -9999 -9999 -9999 -9999 -9999 6.660480017760213 6.104026860388724 5.3321989377767585 -9999 -9999 -9999 -9999 -9999 -9999 -9999 -9999 -9999 -9999 -9999 -9999 -9999
-9999 -9999 -9999 -9999 -9999 -9999 -9999 -9999 -9999 -9999 -9999 -9999 -9999 -9999 -9999 -9999 -9999 -9999 -9999 -9999 -9999 -9999 -9999 -9999 -9999 -9999 -9999 -9999 -9999 -9999 -9999 -9999 -9999 -9999 -9999 -9999 6.876105534155098 6.580950635716602 6.104106714347575 5.879890880775987 5.341644404011166 4.947655112717117 -9999 -9999 -9999 -9999 -9999 -9999 -9999 -9999 -9999 -9999
-9999 -9999 -9999 -9999 -9999 -9999 -9999 -9999 -9999 -9999 -9999 -9999 -9999 -9999 -9999 -9999 -9999 -9999 -9999 -9999 -9999 -9999 -9999 -9999 -9999 -9999 -9999 6.708576644210208 5.462467179998941 5.341347085311227 6.7667642781750095 6.861096483045984 4.738656168197994 4.986189769832754 -9999 5.340797227655542 6.183359838251497 6.081647331888906 5.1591090956274614 4.9183906569235365 4.7351584556098505 4.606010062445272 4.393685725153984 4.158824349815594 4.07561938965164 3.970930492113239 -9999 -9999 -9999 -9999 -9999 -9999
-9999 -9999 -9999 -9999 -9999 -9999 -9999 -9999 -9999 -9999 -9999 -9999 -9999 -9999 -9999 -9999 -9999 -9999 -9999 -9999 -9999 -9999 -9999 -9999 -9999 -9999 -9999 9.199322021088827 9.725321458127961 7.44052452150455 9.728278931272113 7.608944012744786 6.759163807668305 4.981312151534514 4.472768872557464 4.307092018510727 4.475053810864613 4.459026429209893 4.5977550209691485 4.406497094582377 4.2430882711217235 4.099434455950108 3.9470057568735513 3.8542803484754766 4.038792632698297 3.9150350815593034 3.609542689858141 3.41943172879659 -9999 -9999 -9999 -9999
-9999 -9999 -9999 -9999 -9999 -9999 -9999 -9999 -9999 -9999 -9999 -9999 -9999 -9999 -9999 -9999 -9999 -9999 -9999 -9999 -9999 -9999 8.446942717689486 5.914965556699264 6.893102051078187 7.704856748612866 10.126011263034671 9.822679577512416 9.393949706638844 8.942279513131234 8.415293514482608 6.987229470723423 6.054600760794138 5.262312638485536 4.497516068595584 4.06150620073946 4.04169465672648 3.9748167431644834 3.7833768889046855 3.6601977295487336 3.584687424086141 3.5828892810573083 3.5202296897852086 3.4281149073624486 3.3650523405857915 3.3589332681740367 3.2913981168626236 3.2050085061182707 3.196229066544372 -9999 -9999 -9999
-9999 -9999 -9999 -9999 -9999 -9999 -9999 -9999 -9999 -9999 -9999 -9999 -9999 -9999 -9999 -9999 -9999 -9999 -9999 -9999 -9999 8.092255015869219 8.203752733349736 6.414659402716527 8.013736918779411 8.496637364512384 7.054895524019259 7.027107591229628 7.8206292355771705 6.347133410612543 6.264217107895982 6.446131877993392 5.730338763759531 5.146712311199146 4.309129991532622 3.9126262665917935 3.9043912779379797 3.735094837546842 3.4627572105922995 3.5717347849395336 3.55944116325841 3.5104802234314105 3.475123030916476 3.2667516826660017 3.2317347837903005 3.2251897980104984 3.2015563886650167 3.201729577910719 3.164071882793912 -9999 -9999 -9999
-9999 -9999 -9999 -9999 -9999 -9999 -9999 -9999 -9999 -9999 -9999 -9999 -9999 -9999 -9999 -9999 -9999 -9999 -9999 -9999 8.243656828451812 7.783910581740027 8.760895647033808 9.346069725477848 9.93995490733359 10.195497405764213 9.756741441974391 8.56778802140779 6.342571734381221 5.6510910347942875 4.880637334946957 4.688769327693594 4.600425493270238 4.391590560093815 4.166281869907831 3.89567554640971 3.8347532882956785 3.7331191311195018 3.492149371709077 3.542196966418267 3.55132826279056 3.5000565747393577 3.446519822859317 3.2099839404143835 3.1945350977104088 3.180093975699073 3.1459191621458 3.1370779547333343 3.1375663140900807 3.1795849221794863 -9999 -9999
-9999 -9999 -9999 -9999 -9999 -9999 -9999 -9999 -9999 -9999 -9999 -9999 -9999 -9999 -9999 -9999 -9999 -9999 -9999 -9999 -9999 10.146914532958323 9.878983763027867 9.613451423048023 8.709722744641322 8.34994999255679 7.593513336490668 6.567510190931401 4.874580202928323 4.7766182807150095 4.802385076601353 4.231557033758176 3.9349353300130683 3.9434762602638944 3.9032012035188983 3.521884880196956 3.5395735836654083 3.5258454865705566 3.5666305894266035 3.6991588789414536 3.6446864521621984 3.563819727934534 3.47454141065529 3.2964940248882018 3.227227503592574 3.20974342353246 3.189932983137222 3.1765721985937736 3.2026614991245097 -9999 -9999 -9999
-9999 -9999 -9999 -9999 -9999 -9999 -9999 -9999 -9999 -9999 -9999 -9999 -9999 -9999 -9999 -9999 -9999 -9999 -9999 7.319651506115659 6.686631834947003 6.6755568966825525 7.861529581160778 8.43246058649663 6.192698744692133 4.505991523332124 4.035729900766291 3.4646380554307283 3.5025824208076006 3.537522666229609 3.611382714241348 3.552800722699492 3.5089477579924178 3.4978072569236174 3.4750547335416067 3.5346931073745087 3.577766601777052 3.5343397067823066 3.530398953244965 3.519106054711623 3.602903851337568 3.5581820262340407 3.5180193952129226 3.4392517226219392 3.404833907855511 3.3867548301719737 3.380370524955594 3.3686565097718577 3.355094819294865 3.367193430245957 3.3557619026548267 -9999
-9999 -9999 -9999 -9999 -9999 -9999 -9999 -9999 -9999 -9999 -9999 -9999 -9999 -9999 -9999 -9999 -9999 -9999 8.919707657957439 7.2448874186362495 6.426405313930515 6.062440880352081 6.522847809603525 5.003961322985052 4.2294326824900885 4.216550275817407 4.280500400209105 3.4827958329472883 3.3815123002227176 3.462471356370948 3.6008608809667817 3.6107299818695466 3.6138042494841502 3.5851980153762435 3.5920390158060576 3.6935306994386745 3.646770691370639 3.659015194078698 3.5820640064561737 3.551702110859351 3.499590469925337 3.547678915797688 3.5301315803182947 3.395331593993448 3.363289969507081 3.371875986829456 3.38354833303144 3.4162484213478503 3.343312801713622 3.418809247607541 3.4160718287540472 -9999
-9999 -9999 -9999 -9999 -9999 -9999 -9999 -9999 -9999 -9999 -9999 -9999 -9999 -9999 -9999 -9999 -9999 8.157784640895585 9.31796746772308 8.582634304226014 5.239563558101762 3.6217646763003586 3.5092646342526312 3.7193266925467436 3.4072458527628062 3.3216193383834787 3.5314875400045453 3.6121947259171328 3.612760741160216 3.6044194091869968 3.5388348889366914 3.5186486764376004 3.550002544285573 3.541141431666448 3.5490929547308574 3.6226948974714848 3.604357034856238 3.562481118092996 3.5479094350485454 3.5187629527087987 3.4871746123107386 3.4879007452214417 3.4690004389859093 3.4275626201074885 3.3736352742802413 3.3759783577971043 3.3672699170593035 3.452777832844614 3.4122108594892646 3.3461427239431 -9999 -9999
-9999 -9999 -9999 -9999 -9999 -9999 -9999 -9999 -9999 -9999 -9999 -9999 -9999 7.322735599072868 6.017352505974393 5.662259076898205 5.799812211856867 6.006751315972977 8.339263348027057 5.274958342229434 5.981602485835043 5.606950813691496 3.7125631300246735 3.3544708294766767 3.3798018721222647 3.2273022342493634 3.270231547506509 3.5896365582601817 3.5945962404626934 3.5951710266244636 3.543425145746177 3.540796731942672 3.5148700497561203 3.504762736561904 3.4917715728163627 3.63389221845784 3.569179794689207 3.5548279856832683 3.4542338184747434 3.531355601965645 3.4844496059903616 3.465167657569136 3.4708563087692847 3.3561324215970156 3.340671375278799 3.3658580285478195 3.4247352598354714 3.4224931434269887 3.383356169034958 3.3695461792866714 3.3319254310717286 -9999
-9999 -9999 -9999 -9999 -9999 -9999 -9999 -9999 -9999 -9999 -9999 -9999 -9999 5.9919525657487585 5.003123023017361 4.709155660217029 6.086883194926781 5.528471200621557 5.100459015759191 3.339900442760509 3.610138564433108 3.1602840497111795 3.103351360858303 3.3041690960036108 3.296672947920333 3.268045060715524 3.2306852132932984 3.552390075454507 3.5535236462355697 3.5557339783914386 3.5810307669022614 3.7487840249147184 3.699514209264001 3.6950525012529374 3.686974928390205 3.6493471344791697 3.619744334936992 3.6187269412159737 3.5592827283583257 3.559774454620663 3.5187245526519195 3.5335829910604963 3.5391269402719416 3.4228233806204167 3.329776372008257 3.3863400524991825 3.300551485141389 3.320176045749529 3.2143654875350154 3.1899301299766565 3.0625927707887817 2.998228482466287
-9999 -9999 -9999 -9999 -9999 -9999 -9999 -9999 -9999 -9999 -9999 -9999 -9999 5.641384906177166 4.972960576589666 3.872470356944613 3.3871520858588062 3.7219709548662614 4.405314826834957 2.953793327549334 2.9465856048508736 3.0485513019855435 3.260351656499415 3.2166858448002693 3.2291521327938635 3.1734855530943 3.155116873923629 3.515710612948139 3.5386509615036315 3.5390930715887063 3.5126025521142714 3.690179593076069 3.6662108067538415 3.673755542335516 3.645626363616784 3.6254334750520174 3.607225687465356 3.6437364047655865 3.588598016826748 3.5580413022336317 3.5650925350460176 3.533954987478773 3.5082496534612835 3.388735238736781 -9999 -9999 -9999 -9999 -9999 -9999 -9999 -9999
-9999 -9999 -9999 -9999 -9999 -9999 -9999 -9999 -9999 -9999 -9999 -9999 -9999 5.578424877737181 4.7946233832379805 3.6629590702128927 4.076637394926193 3.8893932845471886 3.4593142493395064 3.196457164764236 3.1360028313531094 3.1615744661527856 3.1845659245742413 3.1551154398764667 3.107168687797047 3.1403650944452473 3.1523291737964367 3.4785814410184064 3.4808810827791965 3.4958759208160406 3.4785912630058795 3.6537595002202896 3.6420786319525265 3.6294646757903326 3.6094811027667686 3.592760256626548 3.5509753172447533 3.5362792629533177 3.5720366061410886 3.631465682099421 3.5607821144774014 -9999 -9999 -9999 -9999 -9999 -9999 -9999 -9999 -9999 -9999 -9999
-9999 -9999 -9999 -9999 -9999 -9999 -9999 -9999 -9999 -9999 -9999 -9999 6.54351709087913 5.6104538926185 5.226461540217781 4.073840958882219 3.7714299715467225 3.4395539997061557 3.0754721846927686 3.153060836338858 3.0696033968238594 3.062395746935884 2.988415907800228 3.0691365590411386 3.077248289901197 3.065398118981132 3.076209521921215 3.391920041087036 3.3981334297289325 3.39047537442142 3.4246344673203226 3.6014782501901954 3.6050633850263027 3.5681059878208403 3.5574770613485533 3.5897549879510104 3.550564706700684 3.5570745907547026 3.535208493616369 3.6690642030962 3.588356573692938 -9999 -9999 -9999 -9999 -9999 -9999 -9999 -9999 -9999 -9999 -9999
-9999 -9999 -9999 -9999 -9999 -9999 -9999 -9999 -9999 -9999 -9999 2.774775773691952 2.996920020397789 3.3107321704484987 3.4533667625837645 2.986935907520607 2.994275855411181 3.1057331069950984 3.101798202953304 3.1032476803995466 3.1105377661902933 3.1018525018175502 3.0558587774522863 3.1281231938865512 3.2741739504024148 3.2840740880041226 3.278757905824893 3.4510640206328795 3.44456473732514 3.4376708718758158 3.454990014182802 3.4724717933469047 3.5113481874723513 3.487262874565937 3.4874304050614016 3.480637273132195 3.4378806165402467 3.387765000419752 3.4059251825928376 3.3050055106398384 -9999 -9999 -9999 -9999 -9999 -9999 -9999 -9999 -9999 -9999 -9999 -9999
-9999 -9999 -9999 -9999 -9999 -9999 -9999 -9999 -9999 -9999 2.7583478591121926 2.838208777355641 2.8032470905600277 2.802874768219921 2.928224902704798 3.077261718059449 3.1639291987851537 3.027440823480801 2.971405287908093 3.0092145745117502 3.040035103799663 3.124563053572816 3.1051301931305892 3.1521849415767957 3.1587490096543944 3.1312559607833204 3.1620443638816167 3.4068509152747666 3.4179492886811027 3.4087911044855965 3.441434980913793 3.4578068386457352 3.4607201913506094 3.4614358231431064 3.4435671392975418 3.3276323847599403 3.3565672478795605 3.361190645353057 3.4402514302118448 -9999 -9999 -9999 -9999 -9999 -9999 -9999 -9999 -9999 -9999 -9999 -9999 -9999
-9999 -9999 -9999 -9999 -9999 -9999 -9999 -9999 -9999 -9999 -9999 -9999 2.8577157643135798 2.96952255327869 2.9954958240870453 3.0272316114648463 3.0924159527066366 2.937209973338552 2.9328385725434982 2.9579963017065136 2.959829782630327 2.9964357658540535 3.0575933344658424 3.2107096070274417 3.1328877250177887 3.0965503511160613 3.1026568743011183 3.3366768826172457 3.3924370620504667 3.3672628706648684 3.4072510150298174 3.4106860574713203 3.4268071523124903 3.4125016874199394 3.410597509689245 3.330469970074263 3.3192588145540483 3.4343102237252205 3.4439998150510367 3.2031862590841147 -9999 -9999 -9999 -9999 -9999 -9999 -9999 -9999 -9999 -9999 -9999 -9999
-9999 -9999 -9999 -9999 -9999 -9999 -9999 -9999 -9999 -9999 -9999 2.679180168930355 2.6813847089132783 2.74325529051864 2.8444100220891184 2.955554999614184 2.960106715854796 2.893545264408172 2.859141978862876 3.0911356542123825 3.0505742517355467 3.0669824257150333 3.14188677731333 3.1993544190664163 3.1643603824772852 3.1697270420260035 3.180281444841828 3.349625640015052 3.3067933077516916 3.3244068224193435 3.3049292588339543 3.303545722750081 3.2695714817843013 3.257982302279599 3.2230373009142808 3.1243543395609805 3.184887610163241 3.270404245849017 3.013037323277564 -9999 -9999 -9999 -9999 -9999 -9999 -9999 -9999 -9999 -9999 -9999 -9999 -9999
-9999 -9999 -9999 -9999 -9999 2.747483891584209 2.7741388331680743 2.8702790005946937 2.8745213904108815 2.897519766886657 2.8962419347195234 2.986036278908468 3.0991796996218914 2.854271737270432 2.7897105349883926 2.818893242906209 2.9272941430169395 3.0989132966515305 3.115958005203433 3.2504204949292634 3.2446556739745263 3.2710709333475263 3.2085031972771496 3.253668859925233 3.1759844367632417 3.1929125694461766 3.251878621000781 3.2889151859511983 3.2945843618501085 3.2499032490055515 3.176567036084553 2.93316538565394 2.9427514273493456 2.8821026885225454 2.936514361401382 2.944620840059517 2.9234797637458634 2.6850427949073965 -9999 -9999 -9999 -9999 -9999 -9999 -9999 -9999 -9999 -9999 -9999 -9999 -9999 -9999
-9999 -9999 -9999 -9999 2.7210238797968573 2.706607141849652 2.803428118718428 3.038228849762609 2.944758996109205 2.8463245625062137 2.7939222846997525 2.800353493598509 2.826038631725037 2.8481789369375576 2.8080633876032475 2.8947967615906833 2.8998110148695377 3.1011242117709688 3.112870784763452 3.2653624988091723 3.2338129402107514 3.2272308832675827 3.2347633379709024 3.1913913780949263 3.1950079171630894 3.1805757700065485 3.1855102824513755 3.2347140388028914 3.206012908461851 3.1418628330686955 3.096580934909016 2.8992692483455014 2.9294300230638197 2.8433965444276934 2.6400748337926534 -9999 -9999 -9999 -9999 -9999 -9999 -9999 -9999 -9999 -9999 -9999 -9999 -9999 -9999 -9999 -9999 -9999
-9999 -9999 -9999 2.8800008412175337 2.9823545391761974 3.044526392487967 3.0259360189655657 3.1039835377417435 3.083210382291913 3.0886968638028387 3.0592330897288 3.0066787973345788 3.092541146702272 3.0406253501370246 2.802848844872514 2.8847343375048498 3.017798648705839 3.0421384443927884 3.0567727262808995 3.2363646634467007 3.2452376446302864 3.23677068535918 3.159577289579364 3.1341377640068835 3.130119540203113 3.1060407942996027 3.0923092993151085 3.160508131783045 3.1128364623422664 3.0481651848427713 3.0408066675647496 -9999 -9999 -9999 -9999 -9999 -9999 -9999 -9999 -9999 -9999 -9999 -9999 -9999 -9999 -9999 -9999 -9999 -9999 -9999 -9999 -9999
-9999 -9999 -9999 3.8178550686626487 4.525211544328546 3.814299896131496 3.046477999941592 3.1416926429354683 3.056801396291002 3.0329195104380617 3.251619579208738 3.2750437749435264 3.011718657924241 3.0790535295087404 3.0138741629884898 2.970329347032437 2.9869319139018633 3.019560001843513 3.0498840330774706 3.2122295139647488 3.2002714698516344 3.262383011148074 3.2071265047208355 3.1312728880884038 3.0938522815238767 3.0143629008253807 3.0525744107377024 3.157908532722029 3.0989365278743763 -9999 -9999 -9999 -9999 -9999 -9999 -9999 -9999 -9999 -9999 -9999 -9999 -9999 -9999 -9999 -9999 -9999 -9999 -9999 -9999 -9999 -9999 -9999
-9999 -9999 -9999 3.45014627445118 4.552155072476611 3.7219358058164738 3.654738442400859 3.4257230872246534 3.363109163499816 3.3082274838360823 3.2931067545003034 3.3701640825983383 3.3472576435279446 3.302330490892704 3.2407155187273315 3.1044360048307365 3.085619922211259 3.0968621948275534 3.1176055707321275 3.1045246057389932 3.1145522707160427 3.1191899731537003 3.1391529840547214 3.1946682593580937 3.2499049363640897 3.097364095329536 2.8927831355426155 2.655102004324227 -9999 -9999 -9999 -9999 -9999 -9999 -9999 -9999 -9999 -9999 -9999 -9999 -9999 -9999 -9999 -9999 -9999 -9999 -9999 -9999 -9999 -9999 -9999 -9999
-9999 -9999 -9999 3.776092044517777 3.494294858582955 3.4939788271340446 3.4744144498960767 3.5492919542884125 3.485572054499007 3.4636201764885404 3.5098280366834915 3.398781651922385 3.3671681940581086 3.3562549199590777 3.3547220810050398 3.182717469892652 3.1656430638860256 3.1537217761339327 3.1301960656660794 3.0326059466553525 3.0203608675500018 3.0411198456682977 3.013215243427514 3.0836352623348255 3.065204537831572 2.9474168385554083 2.5981582350369457 -9999 -9999 -9999 -9999 -9999 -9999 -9999 -9999 -9999 -9999 -9999 -9999 -9999 -9999 -9999 -9999 -9999 -9999 -9999 -9999 -9999 -9999 -9999 -9999 -9999
-9999 -9999 -9999 -9999 3.477593139797411 3.5933510016866648 3.5845755949813265 3.6581990859756512 3.621903307651624 3.5913043451303843 3.5755948495296983 3.4406121662339517 3.462309092477398 3.4211744592155293 3.4216536129079635 3.1975891177925893 3.1826854746958886 3.1945710585969485 3.195822364627257 3.0370733525243008 3.0010622546242214 2.98192558294884 2.9347529162133372 2.859995456228357 -9999 -9999 -9999 -9999 -9999 -9999 -9999 -9999 -9999 -9999 -9999 -9999 -9999 -9999 -9999 -9999 -9999 -9999 -9999 -9999 -9999 -9999 -9999 -9999 -9999 -9999 -9999 -9999
-9999 -9999 -9999 -9999 3.5205278716568045 3.529634218776428 3.44189823963781 3.513898653933817 3.575685009630834 3.6205782010576 3.5948057113882936 3.404352293022169 3.4060973678275124 3.429124210920976 3.4534385399534497 3.2047928001459747 3.155930666116041 3.160622344405032 3.0814070860652194 2.9778537374036294 2.95299724961849 2.8821325906807265 2.7520482651220832 2.584191913390106 2.6740572840917634 -9999 -9999 -9999 -9999 -9999 -9999 -9999 -9999 -9999 -9999 -9999 -9999 -9999 -9999 -9999 -9999 -9999 -9999 -9999 -9999 -9999 -9999 -9999 -9999 -9999 -9999 -9999
-9999 -9999 -9999 -9999 3.4837790560787796 3.445990669904697 3.4121779417355063 3.4838410730719653 3.5097726328072567 3.5048512519188098 3.493896017073185 3.309047340405521 3.3418607332773456 3.3122884137508986 3.2999203524261658 3.113303431330294 3.048871420981777 2.908231174101942 2.8304507845235847 2.5564303290005523 2.398696776325225 2.375786464272192 2.2552703361508075 2.143747244747128 -9999 -9999 -9999 -9999 -9999 -9999 -9999 -9999 -9999 -9999 -9999 -9999 -9999 -9999 -9999 -9999 -9999 -9999 -9999 -9999 -9999 -9999 -9999 -9999 -9999 -9999 -9999 -9999
