metrics/grid_rasters/GLDAS/grideval_GLDAS_Y_2018_absolute_ubrmsd.asc
ncols 52
nrows 55
xllcorner     11.25
yllcorner     55.25
cellsize      0.25
NODATA_value  -9999
[rows 0 to 29 of 55, columns 0 to 51 of 52]
-9999 -9999 -9999 -9999 -9999 -9999 -9999 -9999 -9999 -9999 -9999 -9999 -9999 -9999 -9999 -9999 -9999 -9999 -9999 -9999 -9999 -9999 -9999 -9999 -9999 -9999 -9999 -9999 -9999 -9999 -9999 -9999 -9999 -9999 -9999 -9999 8.334880264831025 8.59760429897845 8.22045090469822 -9999 -9999 -9999 -9999 -9999 -9999 -9999 -9999 -9999 -9999 -9999 -9999 -9999
-9999 -9999 -9999 -9999 -9999 -9999 -9999 -9999 -9999 -9999 -9999 -9999 -9999 -9999 -9999 -9999 -9999 -9999 -9999 -9999 -9999 -9999 -9999 -9999 -9999 -9999 -9999 -9999 -9999 -9999 -9999 -9999 -9999 -9999 -9999 -9999 7.5846842728832495 8.231681526744362 8.12862308618174 7.159915852167335 6.952088297733165 7.922188182144975 -9999 -9999 -9999 -9999 -9999 -9999 -9999 -9999 -9999 -9999
-9999 -9999 -9999 -9999 -9999 -9999 -9999 -9999 -9999 -9999 -9999 -9999 -9999 -9999 -9999 -9999 -9999 -9999 -9999 -9999 -9999 -9999 -9999 -9999 -9999 -9999 -9999 9.718730391182357 10.113159447968586 9.628441353451246 8.832696176005456 8.313857426434824 8.96365047736006 8.720349106507205 -9999 8.747980990485885 8.13761267281664 8.384545301079243 8.49708497440178 8.141548891237402 8.593409763614249 8.414742145451282 8.159126804851319 8.703714150162114 8.338070537152293 7.996727179645313 -9999 -9999 -9999 -9999 -9999 -9999
-9999 -9999 -9999 -9999 -9999 -9999 -9999 -9999 -9999 -9999 -9999 -9999 -9999 -9999 -9999 -9999 -9999 -9999 -9999 -9999 -9999 -9999 -9999 -9999 -9999 -9999 -9999 8.44584451107385 7.628017104834039 8.608071885142893 6.2770816057239065 7.5744766169650575 8.751480085022166 9.186153126861294 8.898853521024659 9.221533937830431 9.145227552064918 8.957343449018179 9.287867636498534 9.299298342142547 9.059879994722264 8.733306461702275 9.131589169197866 9.079202555235893 9.204272691999188 8.918217917836063 8.839668783766692 9.156073956923398 -9999 -9999 -9999 -9999
-9999 -9999 -9999 -9999 -9999 -9999 -9999 -9999 -9999 -9999 -9999 -9999 -9999 -9999 -9999 -9999 -9999 -9999 -9999 -9999 -9999 -9999 8.569168089286894 8.928441144521535 9.393633412158703 9.379364839062873 8.518282116796101 7.696848441146478 7.5217716084695665 7.348562756161001 7.665916485566663 8.957485484514594 9.73704333238092 9.728334203071276 9.397702724535439 9.617844893275498 9.576796772860343 9.632578636049457 9.724166228746467 9.863200973290624 9.87514298849108 9.829386902434312 9.804627382191539 9.722017363828698 9.611800275890774 9.58216059790882 9.624353879274574 9.753437325736098 9.824431152015405 -9999 -9999 -9999
-9999 -9999 -9999 -9999 -9999 -9999 -9999 -9999 -9999 -9999 -9999 -9999 -9999 -9999 -9999 -9999 -9999 -9999 -9999 -9999 -9999 8.642150749364186 8.977081002663862 9.372498862809724 9.201750081677195 9.050787229617336 9.488025250332264 9.572683704541033 9.042531066302693 9.833607787735923 9.875415000738911 9.768757597049515 9.820156931724805 9.611652666625007 9.533007166983714 9.68912659719862 9.645171450492061 9.61424582136417 9.695021106336936 9.90078492412023 9.886052427712725 9.85180891943244 9.86612494310535 9.851269921668036 9.881805450379618 9.811622468854607 9.769721783905279 9.839327440510075 9.904239054588645 -9999 -9999 -9999
-9999 -9999 -9999 -9999 -9999 -9999 -9999 -9999 -9999 -9999 -9999 -9999 -9999 -9999 -9999 -9999 -9999 -9999 -9999 -9999 8.267875371824394 8.314833313331931 9.474186294191194 8.5005444193858 8.550220206653695 8.246580228298328 8.245895113380367 8.384270277922079 9.82335345346438 9.797372216453397 9.54545180345459 9.526743433190301 9.635789452242193 9.615375394729206 9.63612029566313 9.701508159355408 9.667026515096481 9.638023574785445 9.701103794789232 9.902895059518317 9.916800473142336 9.885892078613196 9.875655682150004 9.915942067677033 10.068338288248462 10.080208406698738 10.076710117195686 10.140153441505893 10.155941748815787 10.19155019042768 -9999 -9999
-9999 -9999 -9999 -9999 -9999 -9999 -9999 -9999 -9999 -9999 -9999 -9999 -9999 -9999 -9999 -9999 -9999 -9999 -9999 -9999 -9999 8.251408602200586 8.372232965664532 8.660062904634676 8.796372696236467 8.920052403679088 9.283915453815894 9.660979347676461 9.7538738344995 9.65471722140792 9.550817260013133 9.562900128095666 9.656076967814359 9.7213958115111 9.679797837707273 9.916622072386868 9.814026091753203 9.917830159190883 10.008728347056897 10.206952148512027 10.181434800564547 10.08764381741091 10.038148320544332 10.055662646015298 10.119810122189527 10.196194863961418 10.17912952980814 10.17920132567258 10.195662524116106 -9999 -9999 -9999
-9999 -9999 -9999 -9999 -9999 -9999 -9999 -9999 -9999 -9999 -9999 -9999 -9999 -9999 -9999 -9999 -9999 -9999 -9999 9.254295012139863 9.2424285967073 9.35333562168495 9.141317681091797 9.002423088099546 10.243575805247524 9.2616823224855 9.165965672578492 9.441724401177316 9.562485914309859 9.608339490629637 9.678872948823832 9.459831825826337 9.389208200091073 9.474337763076383 9.418335472273426 9.533686385772985 9.536668754374967 9.536376020402976 9.875725679969118 10.025760314153198 10.189782292531444 10.296642761371077 10.442772754406068 10.370391574928725 10.447676229938763 10.516242597035623 10.556417710016234 10.706125441751443 10.649642055206117 10.78197761139375 10.82443418791317 -9999
-9999 -9999 -9999 -9999 -9999 -9999 -9999 -9999 -9999 -9999 -9999 -9999 -9999 -9999 -9999 -9999 -9999 -9999 9.192402059185746 9.876183546110259 9.736944895817064 9.611756474687931 9.652523175968764 9.342163129279905 9.216778416687843 9.00379737801491 8.94490323858424 9.28093956315273 9.006432962605663 9.614233207598552 9.788361119511007 10.011292473478353 10.033693474183892 9.99772403065286 9.928525786490512 10.09984881319011 9.843535979252547 9.968348174484909 9.792992696779647 9.855719190036552 9.993179958640457 10.23271306648923 10.413398565923943 10.545839379446935 10.665941163206018 10.651602309929737 10.664941441840558 10.78008334799396 10.722992333245829 10.828444196772539 10.840138549990249 -9999
-9999 -9999 -9999 -9999 -9999 -9999 -9999 -9999 -9999 -9999 -9999 -9999 -9999 -9999 -9999 -9999 -9999 9.617259518102305 8.750858476602223 9.223184864092797 9.327080944020329 9.240934268793293 9.26365716874705 9.23189605244018 9.292270662691497 9.312158005607232 9.393974137034164 9.347289180067976 9.801454913315665 9.706647755492735 9.615395616226408 9.603402158362183 9.676688781856287 9.900359776011156 9.93897831712242 10.269800799882605 10.335940344134995 10.37597435940518 10.321428460336255 10.051392359557628 10.062393758410467 10.184886277311335 10.274973142367154 10.39648334744708 10.51864591922592 10.531493831298787 10.522963841589863 10.774122899748344 10.706252995244167 10.491077948047025 -9999 -9999
-9999 -9999 -9999 -9999 -9999 -9999 -9999 -9999 -9999 -9999 -9999 -9999 -9999 7.918801157477086 8.247276220782258 8.589902280432183 8.722274146949388 8.692184713634706 9.03966387431334 9.347821571679496 8.778703811095065 9.367815888897669 9.311938395583805 9.417510942106851 9.39949442982258 9.229243724096277 9.326281649707132 9.854411463718227 9.852797276865614 9.918461349572938 9.966051312851516 9.91332587536501 9.933613028026937 9.986867118027359 10.045719812619016 10.371046896705296 10.362547749569618 10.452725758722186 10.46654951126232 10.50805430095299 10.44052515579436 10.41942740940974 10.392761897347073 10.207917550299568 10.175926814427779 10.172176717482754 10.114346878780587 10.114008974275038 10.044417176135132 10.002929993330412 9.934350801109536 -9999
-9999 -9999 -9999 -9999 -9999 -9999 -9999 -9999 -9999 -9999 -9999 -9999 -9999 8.389179603424875 8.46322235142675 8.634833806524162 8.78727246902899 8.751358269611806 8.804617177480091 9.276623109595716 9.32027175780764 9.329672701717756 9.403780683787724 9.602192327764726 9.627859791579613 9.504904816613506 9.562353831714075 10.167534519684171 10.227699315211344 10.25662433368812 10.369861599905569 10.58276507056772 10.602721980056113 10.613569449605023 10.667654898786184 10.562228272083807 10.500294947709397 10.725555456948834 10.690769221368322 10.656194118984896 10.63063615955032 10.507651313889466 10.41777420184185 10.06385170505218 9.79147690366822 9.802892074629764 9.752518680415346 9.828470056480171 9.671583679680092 9.548475007802773 9.465060637341187 8.701120779494964
-9999 -9999 -9999 -9999 -9999 -9999 -9999 -9999 -9999 -9999 -9999 -9999 -9999 8.399213946837424 8.448970642764847 8.678177881942053 8.829958644548515 8.828707350609873 8.848005211450804 9.269965673798527 9.231807190226363 9.265162490729686 9.432476821361863 9.623181726347717 9.651612218939 9.615853510303591 9.61348929170802 10.18503970727839 10.095480327142775 10.128387538695417 10.196717333587598 10.540896167882869 10.640866709266156 10.708062808633079 10.643716308211626 10.205844897872717 10.076931410145454 10.486229121879736 10.548712750231026 10.425627070769224 10.45228308407964 10.346738909057931 10.184733504702152 9.932644994840981 -9999 -9999 -9999 -9999 -9999 -9999 -9999 -9999
-9999 -9999 -9999 -9999 -9999 -9999 -9999 -9999 -9999 -9999 -9999 -9999 -9999 8.521107689955796 8.554772933275451 8.748161699376357 8.715289316196202 8.783107764031667 8.901500850468535 9.391282375093402 9.403495898003664 9.382647846192526 9.321958826110613 9.41649921382977 9.49973592861488 9.546580892743949 9.559479073895405 10.00629641697168 10.04931969566066 10.090422567012348 10.185510033418588 10.53355012042534 10.57997408317657 10.600551651687098 10.318515174803904 10.011242152881769 9.915476915496503 10.019371879670585 10.4293282355831 10.220679399009306 9.998234567524367 -9999 -9999 -9999 -9999 -9999 -9999 -9999 -9999 -9999 -9999 -9999
-9999 -9999 -9999 -9999 -9999 -9999 -9999 -9999 -9999 -9999 -9999 -9999 8.427849632773079 8.604300375616987 8.511048097238938 8.607178488689751 8.745799824746491 8.891337761359834 8.989762096260376 9.361016665808158 9.32169040966201 9.327896532613966 9.381202200650657 9.567212761875489 9.644418130460377 9.615390155487596 9.547044208157141 9.97430463591314 10.00473211795421 10.018081873339424 10.098890094616248 10.463358489837669 10.58165179822908 10.54544822552971 10.490506778108069 10.453315375999713 10.387107123531923 10.451212319250546 10.50005113537698 10.116540427604994 9.949084471267977 -9999 -9999 -9999 -9999 -9999 -9999 -9999 -9999 -9999 -9999 -9999
-9999 -9999 -9999 -9999 -9999 -9999 -9999 -9999 -9999 -9999 -9999 9.020882274624633 9.063837624257449 9.061082167891408 9.00056748416165 9.119723850796136 9.235796180615793 9.354660077592733 9.383727884773982 9.914850020266321 9.88711398357092 9.857692847443769 9.885080468030477 10.154693904593982 10.31912680106426 10.248549746435682 10.353755229308687 10.646477466935453 10.652609265949923 10.656072196044136 10.657752624001304 10.700161793612404 10.750923740305595 10.75858719488918 10.606882304253864 10.52640677601994 10.53122100243489 10.676150052427063 10.582347783132002 9.939065848537416 -9999 -9999 -9999 -9999 -9999 -9999 -9999 -9999 -9999 -9999 -9999 -9999
-9999 -9999 -9999 -9999 -9999 -9999 -9999 -9999 -9999 -9999 8.975348859108598 9.280405256720588 9.032281833340269 9.019810110065674 9.164288052652855 9.393235683662196 9.534697431062948 9.529809430741812 9.434406598660674 9.817788367216652 9.85026950727766 9.854226786806082 9.88273839517834 9.945298659828618 9.94726297486006 9.927307388376272 9.911071689079415 10.421532715672916 10.696458315197617 10.6991333255927 10.739335612731091 10.730486034256275 10.653688438629034 10.536303600668953 10.43130263916559 10.419992306371213 10.511428034922043 10.676187787618801 10.619921533252935 -9999 -9999 -9999 -9999 -9999 -9999 -9999 -9999 -9999 -9999 -9999 -9999 -9999
-9999 -9999 -9999 -9999 -9999 -9999 -9999 -9999 -9999 -9999 -9999 -9999 9.187464451198798 9.440839452763589 9.5389897012424 9.507937737154863 9.540709403952393 9.374656202159768 9.317752716104675 9.614827940252855 9.587543892967492 9.69299940068862 9.829269537213717 10.09692984201342 10.014999313556052 9.921247828887374 9.967223410104873 10.450689588666943 10.551868465786097 10.50475495465682 10.734738962131372 10.785341592909845 10.766258212130642 10.66578304476801 10.49768734306052 10.48470752880219 10.497486843502733 10.579951033454988 10.475333744340977 9.800021345399736 -9999 -9999 -9999 -9999 -9999 -9999 -9999 -9999 -9999 -9999 -9999 -9999
-9999 -9999 -9999 -9999 -9999 -9999 -9999 -9999 -9999 -9999 -9999 9.375528381282356 9.281053174475936 9.286102133612713 9.463230910900013 9.398045320708512 9.422103305404868 9.405266325292622 9.419944001552505 9.96403517307121 9.964850804858713 9.894905086901026 9.943803435424316 10.208704531843152 10.258855916426253 10.238622520720467 10.251217432298606 10.63538059656319 10.653135865247561 10.65822597630927 10.691192958822603 10.812140979129579 10.797031716661253 10.791854425713547 10.723117970742347 10.542877526728596 10.452031234686288 10.308606275404514 9.988764969481286 -9999 -9999 -9999 -9999 -9999 -9999 -9999 -9999 -9999 -9999 -9999 -9999 -9999
-9999 -9999 -9999 -9999 -9999 8.668907602786112 8.814220606658296 9.186171566661598 9.270913270123456 9.355051105038443 9.440729960096453 9.552917556868033 9.640316225210622 9.527267257916296 9.50990283932875 9.750233330440382 9.91807759887784 10.039553869100217 10.051472367118134 10.321154707624961 10.350703989713423 10.349586479672855 10.339961836242367 10.40455066578208 10.236012133296008 10.2159081728338 10.269000152820409 10.46901595085701 10.555341451790406 10.638540006214768 10.713507217077453 10.551544591345802 10.544683926329649 10.438243070065651 10.20312766914283 9.97324766129543 9.906063577513699 9.718227915029164 -9999 -9999 -9999 -9999 -9999 -9999 -9999 -9999 -9999 -9999 -9999 -9999 -9999 -9999
-9999 -9999 -9999 -9999 8.818230029156823 8.821101978226547 8.83648208983198 9.166921972480337 9.543662841367585 9.478141717619142 9.322346339838976 9.333028701466477 9.412138435332887 9.50057272847433 9.465153414981591 9.734023443053202 9.832451355278305 9.973795688420347 9.984186524163883 10.419200986898584 10.509846722210654 10.548903978635554 10.671180944049622 10.624908468788664 10.561270829421069 10.558725758086004 10.59554562502139 10.736460405527524 10.720093975951842 10.696769466090164 10.579114879535485 10.158584971179396 10.141837567943366 10.067164490892642 9.9262427347564 -9999 -9999 -9999 -9999 -9999 -9999 -9999 -9999 -9999 -9999 -9999 -9999 -9999 -9999 -9999 -9999 -9999
-9999 -9999 -9999 8.729318472173295 8.852794484592774 8.965642150777462 9.214287719630539 9.591212337953126 9.679951140247292 9.60384018415674 9.558067332677256 9.636368527170477 9.684105147300665 9.61305971263735 9.450251579097667 9.776510962643544 9.933637257332053 9.924748188181436 9.885116945072793 10.196357773962161 10.343485652731744 10.532266298040383 10.685569167354142 10.767784000183036 10.665816097829364 10.642553575570943 10.576007921998679 10.736165280005176 10.604041420294413 10.492705328241119 10.388140110891564 -9999 -9999 -9999 -9999 -9999 -9999 -9999 -9999 -9999 -9999 -9999 -9999 -9999 -9999 -9999 -9999 -9999 -9999 -9999 -9999 -9999
-9999 -9999 -9999 9.048254763063893 9.115923233670923 9.25036960443744 9.33274844174536 9.286463414411982 9.264258756574062 9.050445991587091 9.346616062347293 9.627165986345126 9.36771761109656 9.443620518864856 9.643297392331649 9.927716325477414 9.942627835672335 9.95181992440248 10.007648993724203 10.382497115985396 10.358893182349 10.522480095367698 10.703191128632922 10.92566730399246 10.94224860356545 10.910619296292955 10.784668368347363 10.733918084306056 10.442559047375669 -9999 -9999 -9999 -9999 -9999 -9999 -9999 -9999 -9999 -9999 -9999 -9999 -9999 -9999 -9999 -9999 -9999 -9999 -9999 -9999 -9999 -9999 -9999
-9999 -9999 -9999 9.489229789839053 9.539414427579224 9.772345905523716 9.748448027619265 9.98612379653965 9.75822238789386 9.569867545322467 9.24438067778137 9.551204971414023 9.88327732366223 9.95973936011496 9.909737525988529 9.917757138971568 9.932832817640646 9.894799967706994 9.997008676967214 10.41676302501199 10.563797348203511 10.525947808344746 10.556380289748144 10.496277749601896 10.572481730042394 10.587280635370897 10.21653240909425 9.850916163543811 -9999 -9999 -9999 -9999 -9999 -9999 -9999 -9999 -9999 -9999 -9999 -9999 -9999 -9999 -9999 -9999 -9999 -9999 -9999 -9999 -9999 -9999 -9999 -9999
-9999 -9999 -9999 9.827022666805066 9.98729551217549 9.90569332822366 10.04572638556537 9.961246967658807 9.51333539437913 9.439346561216759 9.476871677518556 9.433144932994283 9.61518940723556 9.839745519836246 9.796697794217325 9.79494595464319 10.057474296116931 10.125243934728557 10.133441186869453 10.55371951829539 10.590468893151904 10.636956473538266 10.595581725190184 10.569836519954746 10.521663181855407 10.05504631881586 9.806887921922176 -9999 -9999 -9999 -9999 -9999 -9999 -9999 -9999 -9999 -9999 -9999 -9999 -9999 -9999 -9999 -9999 -9999 -9999 -9999 -9999 -9999 -9999 -9999 -9999 -9999
-9999 -9999 -9999 -9999 9.676827670813113 9.513205665649943 9.456753054715108 9.523517065281434 9.582387561211519 9.686774245981745 9.51614638246287 9.444889957548721 9.436506730270999 9.581525411345725 10.04356449326293 10.159136251365435 10.258926276836725 10.210309428367989 10.176268516926537 10.554699023910937 10.573638631690368 10.544142678594369 10.618360022564143 10.544676673883853 -9999 -9999 -9999 -9999 -9999 -9999 -9999 -9999 -9999 -9999 -9999 -9999 -9999 -9999 -9999 -9999 -9999 -9999 -9999 -9999 -9999 -9999 -9999 -9999 -9999 -9999 -9999 -9999
-9999 -9999 -9999 -9999 9.492244807198317 9.49647106670217 9.433530003993539 9.522318461323575 9.50380191473868 9.601700142732888 9.718504377135536 9.815136778078145 9.783963415314288 9.766388361684957 9.95497540746188 10.124304504496155 10.09638300986344 10.103015235831231 10.245797081345637 10.550131021509527 10.51063372628997 10.470691901107294 10.488509763739382 10.041117661926034 9.677005096835954 -9999 -9999 -9999 -9999 -9999 -9999 -9999 -9999 -9999 -9999 -9999 -9999 -9999 -9999 -9999 -9999 -9999 -9999 -9999 -9999 -9999 -9999 -9999 -9999 -9999 -9999 -9999
-9999 -9999 -9999 -9999 9.679608433936279 9.640474996292072 9.6977924274138 9.631838633024444 9.665754212083128 9.609645061180744 9.632068254136652 9.693648523196963 9.733605541252194 9.70346704789674 9.76069886628515 9.776355514059489 9.855492425886057 9.874063488412396 9.935636247002078 10.261904059477297 10.153885272768992 10.089464206932538 9.987950660302626 9.523599688694313 -9999 -9999 -9999 -9999 -9999 -9999 -9999 -9999 -9999 -9999 -9999 -9999 -9999 -9999 -9999 -9999 -9999 -9999 -9999 -9999 -9999 -9999 -9999 -9999 -9999 -9999 -9999 -9999
-9999 -9999 -9999 -9999 9.33322488682428 9.394188201726383 9.4372110020282 9.682387031576956 9.737238129024878 9.565964263756609 9.49663498788732 9.44947754114693 9.524131991802896 9.57465268732319 9.732105977134804 9.811832330781037 9.78658501296358 9.775238442520582 9.761634533962512 10.116430665375868 10.05949505907967 10.035433302202533 10.012071868069336 -9999 -9999 -9999 -9999 -9999 -9999 -9999 -9999 -9999 -9999 -9999 -9999 -9999 -9999 -9999 -9999 -9999 -9999 -9999 -9999 -9999 -9999 -9999 -9999 -9999 -9999 -9999 -9999 -9999
