metrics/grid_rasters/GLDAS/grideval_GLDAS_S_fall_absolute_ubrmsd.asc
ncols 52
nrows 55
xllcorner     11.25
yllcorner     55.25
cellsize      0.25
NODATA_value  -9999
[rows 0 to 28 of 55, columns 0 to 51 of 52]
-9999 -9999 -9999 -9999 -9999 -9999 -9999 -9999 -9999 -9999 -9999 -9999 -9999 -9999 -9999 -9999 -9999 -9999 -9999 -9999 -9999 -9999 -9999 -9999 -9999 -9999 -9999 -9999 -9999 -9999 -9999 -9999 -9999 -9999 -9999 -9999 7.012785006098372 6.806908625631915 6.958539678901667 -9999 -9999 -9999 -9999 -9999 -9999 -9999 -9999 -9999 -9999 -9999 -9999 -9999
-9999 -9999 -9999 -9999 -9999 -9999 -9999 -9999 -9999 -9999 -9999 -9999 -9999 -9999 -9999 -9999 -9999 -9999 -9999 -9999 -9999 -9999 -9999 -9999 -9999 -9999 -9999 -9999 -9999 -9999 -9999 -9999 -9999 -9999 -9999 -9999 5.544190368662112 6.313952244261272 5.2041026212252905 4.360277253649041 3.660458298294066 5.169281501673135 -9999 -9999 -9999 -9999 -9999 -9999 -9999 -9999 -9999 -9999
-9999 -9999 -9999 -9999 -9999 -9999 -9999 -9999 -9999 -9999 -9999 -9999 -9999 -9999 -9999 -9999 -9999 -9999 -9999 -9999 -9999 -9999 -9999 -9999 -9999 -9999 -9999 7.446620583942228 7.488289661387666 7.488596873612268 7.077079627538122 7.2567629832853155 7.135336291462206 6.972334085654624 -9999 7.047662800179426 6.492297896761876 5.831840286939727 5.72611289363057 4.684341204243553 5.110449512477402 5.112549600154479 5.084517774989178 5.296754423215057 5.191557309130264 5.0838968066019286 -9999 -9999 -9999 -9999 -9999 -9999
-9999 -9999 -9999 -9999 -9999 -9999 -9999 -9999 -9999 -9999 -9999 -9999 -9999 -9999 -9999 -9999 -9999 -9999 -9999 -9999 -9999 -9999 -9999 -9999 -9999 -9999 -9999 7.402180129395482 5.4681948221039125 6.661643836991407 4.078398820056211 5.534801534373502 6.4102945405689 7.038278624505434 6.72338475590142 6.603550228205387 6.645396300549279 6.103203596991098 5.699582016924797 5.2892802632117 5.0965447280758855 4.956342499522742 5.192778896891579 5.236371975107457 5.267345368353036 5.308049226989188 5.274821768857507 5.361777034827822 -9999 -9999 -9999 -9999
-9999 -9999 -9999 -9999 -9999 -9999 -9999 -9999 -9999 -9999 -9999 -9999 -9999 -9999 -9999 -9999 -9999 -9999 -9999 -9999 -9999 -9999 7.3320725675287965 7.149642355496153 7.588859549609582 7.3237467701317955 6.392603492478874 5.036042986227051 4.8508954140936655 4.6719534761054815 4.761651842833572 5.6371885352368745 6.090579864581887 7.068373489474905 6.333568874378577 6.131181420013332 5.843591857991393 5.710760219718551 5.750908857278974 5.5698524080251905 5.57644035192854 5.567600765786224 5.559222661323839 5.607486449777538 5.67717009295559 5.785094715613001 5.892575683707213 6.314658053651269 6.28757788181983 -9999 -9999 -9999
-9999 -9999 -9999 -9999 -9999 -9999 -9999 -9999 -9999 -9999 -9999 -9999 -9999 -9999 -9999 -9999 -9999 -9999 -9999 -9999 -9999 7.446560355182513 7.357035173228673 7.362368361980198 7.249304158796135 6.885849950628152 7.491264328374614 6.765054559573673 6.285512786040112 7.0334064889379535 7.239382914128793 6.2242316385835394 6.823419853664124 5.951013398772441 6.064032623384402 5.9071892438314215 5.8240648288578125 5.653563250209307 5.640252006809412 5.558919103920483 5.505424072148212 5.521221860545075 5.535032935427228 5.6338202953650365 5.84859063033145 6.051073023378995 6.145811039562128 6.389257805779351 6.373670526958224 -9999 -9999 -9999
-9999 -9999 -9999 -9999 -9999 -9999 -9999 -9999 -9999 -9999 -9999 -9999 -9999 -9999 -9999 -9999 -9999 -9999 -9999 -9999 7.226111006710683 7.469538277117127 7.058159501697568 7.402274772658053 6.375699102026303 5.744667538295128 6.007248493245399 5.699646876908993 7.065381987662097 7.687416768696622 6.956971238852613 6.180895293069548 5.954455431748152 5.927126668448267 6.12364893686475 5.828400602920446 5.866562561464262 5.780126768499567 5.640241643154828 5.496552026547064 5.472402936703039 5.470698505261999 5.529040225068825 5.76828110621681 6.114363124820883 6.227554985445584 6.316677118896185 6.453623077403768 6.471652680104232 6.495577526701712 -9999 -9999
-9999 -9999 -9999 -9999 -9999 -9999 -9999 -9999 -9999 -9999 -9999 -9999 -9999 -9999 -9999 -9999 -9999 -9999 -9999 -9999 -9999 7.135039190605742 7.082628813085233 6.172581224131257 6.6821651494686165 6.615835152169077 6.430150216946185 5.9749850164126705 7.105964682878118 6.799272632210264 6.525786851947981 6.083125102473294 6.108293874684661 6.084015414006203 6.017245144658048 5.753824803201885 5.735067363841185 5.6885337030102185 5.6606164074366125 5.590198702123141 5.586988980844148 5.613582357529688 5.720609782870732 5.906641074956613 6.353607685634996 6.274921695752231 6.350094685187186 6.496006769431372 6.485442056467375 -9999 -9999 -9999
-9999 -9999 -9999 -9999 -9999 -9999 -9999 -9999 -9999 -9999 -9999 -9999 -9999 -9999 -9999 -9999 -9999 -9999 -9999 7.3064996366862855 7.453805608440821 7.52347336357026 6.920361339979287 6.615094034386294 6.499697142395267 7.076515339918875 6.892105261550102 5.779865139607932 5.791630735140318 5.711588563072404 5.674378200313788 5.263619006052205 5.260990825239457 5.343181084219325 5.28189483845683 5.102872739144512 5.149256203604871 5.176427572518927 5.378174742189213 5.36262077610753 5.565669398222688 5.8692452472335495 6.091814437805872 6.2520261404162625 6.455535987804395 6.4332494194859535 6.472094859159785 6.5832042365475 6.5488549447483875 6.712488501267097 6.808499619238164 -9999
-9999 -9999 -9999 -9999 -9999 -9999 -9999 -9999 -9999 -9999 -9999 -9999 -9999 -9999 -9999 -9999 -9999 -9999 7.454976714034895 7.266679957244228 7.551130616579096 7.62309490555277 7.274335980287835 7.141656079793056 6.763659217806522 6.6152020790419614 6.646212548093151 6.001808238890206 5.5619287978233745 5.499812750587218 5.6460876649212945 5.706240687118979 5.727270608010121 5.7177347284558495 5.6230672620845565 5.422347635947159 5.212014437463653 5.329477617399506 5.214255075945282 5.192191968674263 5.407080459976618 5.787750195226746 6.02089848221483 6.415357038254157 6.5489835775029155 6.583378950912842 6.604414305125826 6.682681368230552 6.649926379203538 6.608243305024725 6.5630472127863 -9999
-9999 -9999 -9999 -9999 -9999 -9999 -9999 -9999 -9999 -9999 -9999 -9999 -9999 -9999 -9999 -9999 -9999 7.118998169783045 7.3548415082427905 7.003359287907891 7.015973561589866 6.8872696941673945 6.752050218594022 6.672039077478978 6.1984863288242025 5.9155681765256745 5.757387500733388 5.121742743613523 5.59532512200925 5.583746517025317 5.568986973806564 5.410927111487969 5.410043552144171 5.586416293662535 5.668663837622222 5.7280376900344185 5.772064327599491 5.8651943857953786 5.8058319475295255 5.613442437922944 5.728140937577328 5.847504852279781 5.948997304209577 6.247181873080306 6.342094775495997 6.411380415078367 6.344118210359636 6.153309459721628 6.141744157455081 5.969218780556499 -9999 -9999
-9999 -9999 -9999 -9999 -9999 -9999 -9999 -9999 -9999 -9999 -9999 -9999 -9999 6.595007450303934 6.500912191641675 6.681831767215414 6.96612925731703 6.964771414520588 6.671131579267009 7.062264516124984 4.833818895584178 6.613664423995224 6.827069749177926 5.861869674848885 6.295507326845759 5.886304636244468 5.9236800517779775 5.857281026504983 5.802966472129778 5.87070253665402 5.83284788610666 5.521510210044216 5.565536980029677 5.595815922382927 5.690053933214827 5.674282544337469 5.72786666431405 5.874330793166728 5.8306881523752025 6.018222499858393 5.926779356013441 5.950832109538238 6.00208389220335 6.0668999632666845 5.956634453435304 5.9482787396607355 6.125498636561535 6.110030843531427 6.065534017246571 6.102385997032206 6.054375426010629 -9999
-9999 -9999 -9999 -9999 -9999 -9999 -9999 -9999 -9999 -9999 -9999 -9999 -9999 6.412748175088726 6.270514203269557 6.461785850417652 6.83906138440943 6.676362981743367 6.47391709054755 6.6224636104087455 6.730098058619804 6.739222189181173 6.126074600967346 5.973739908648037 5.957410932431822 5.979215483286442 6.023032342530283 5.7545581892464 5.910637214665332 5.94953613728167 5.982815098052861 5.65322808083405 5.667100143739688 5.589731738393141 5.663811300559868 5.571210807549106 5.558395207423981 5.685315469182867 5.782033892138788 6.388503352108246 6.386669647281437 6.4610814375319086 6.34846421366675 5.635525126283401 4.436551987005917 3.2097881036890983 3.0883583773939085 3.270785752606772 3.077065286321077 3.0183390244701807 2.9709632023253203 2.6610673802556497
-9999 -9999 -9999 -9999 -9999 -9999 -9999 -9999 -9999 -9999 -9999 -9999 -9999 6.493696030715832 6.377681888382454 6.519411365824884 6.583097326939018 6.544035913025743 6.090970005839582 6.007311422283404 5.976325395633742 5.963954393269399 6.169814354488096 5.945642714607144 5.934442154283366 5.981229823840701 6.169807091555919 5.697738178084147 5.698558736643713 5.816565999226457 5.87014706628942 5.729350743835059 5.854084019316558 5.875426231467918 5.774916774612283 5.472289385990648 5.3749256710689775 5.38415288111156 5.628706176835101 6.252852763278698 6.408077283460258 6.283879480627889 5.880949743703901 4.399912982258842 -9999 -9999 -9999 -9999 -9999 -9999 -9999 -9999
-9999 -9999 -9999 -9999 -9999 -9999 -9999 -9999 -9999 -9999 -9999 -9999 -9999 6.5058788225189375 6.430793823216477 6.420358562634263 6.066257342571257 6.292457112520312 5.965278891373787 6.406299625523688 6.467644881707379 6.445601646325585 6.303173600498692 5.966232613086612 5.939757622046555 5.944023466982946 6.079135945844468 5.522220060099956 5.640024025821104 5.7694660825346045 5.8690128537721415 5.675504708533706 5.7511928438812046 5.735106316948952 5.521031369780957 5.280995536758248 5.217057465188657 5.277846122088352 5.62801765960986 6.1447209278591295 5.4105448943988135 -9999 -9999 -9999 -9999 -9999 -9999 -9999 -9999 -9999 -9999 -9999
-9999 -9999 -9999 -9999 -9999 -9999 -9999 -9999 -9999 -9999 -9999 -9999 6.737389663176121 6.32637037614963 6.208900083038918 5.963217352165085 5.81308760160386 5.7624874594340225 6.442472928823191 6.520894186705379 6.315076546789463 6.3126157483253635 6.235306904646016 6.057045536688168 6.144501522094914 6.119854788580322 6.021152302761508 5.521415443480415 5.606021125471765 5.639357856303295 5.685115583308233 5.549669793978956 5.677610657142986 5.656540243445373 5.519581531399687 5.303410236123168 5.252136956926075 5.484345995656822 5.4749406068346955 5.352748621325245 3.3964552184194936 -9999 -9999 -9999 -9999 -9999 -9999 -9999 -9999 -9999 -9999 -9999
-9999 -9999 -9999 -9999 -9999 -9999 -9999 -9999 -9999 -9999 -9999 6.493040669741966 6.174778444002455 6.216755029684327 6.0814687723863265 6.006398192788137 6.0662910154393 6.494612495383263 6.586504364512777 6.650404515911156 6.471117552904963 6.282405600043794 6.183627530453005 6.278364878881867 6.483618368452853 6.418367800686563 6.471791721466834 6.0203893443897085 6.027891224452056 6.0312854470232935 5.953294229566593 5.852604395064518 5.933634541911292 5.939788822686772 5.9577177816126605 5.933175040073709 6.092557656212223 6.1505476323151775 5.291456766793695 3.268071261954009 -9999 -9999 -9999 -9999 -9999 -9999 -9999 -9999 -9999 -9999 -9999 -9999
-9999 -9999 -9999 -9999 -9999 -9999 -9999 -9999 -9999 -9999 6.429662347184664 6.469136660747872 6.269391089756862 6.179617566753483 6.2838074443646725 6.598635866803111 6.726959637744532 6.7763499744631055 6.7834721967158425 6.627117162432896 6.371671351203218 6.063407847944047 6.011802972218421 6.009515070136058 6.097272516033177 6.226081447401188 6.158948876583711 5.855777354568309 6.039495880716492 6.0550314185909695 6.187820594788243 6.202576769184308 6.096349055012064 6.006777826200005 6.019792931122326 6.161114176899497 6.401233836294956 6.078255202706702 5.384288185361104 -9999 -9999 -9999 -9999 -9999 -9999 -9999 -9999 -9999 -9999 -9999 -9999 -9999
-9999 -9999 -9999 -9999 -9999 -9999 -9999 -9999 -9999 -9999 -9999 -9999 6.357647412897787 6.374088971638744 6.292833629083541 6.374626897032042 6.184175809082447 6.032262106557843 5.985448965718107 6.158295202846366 5.998003156084169 6.060590151057945 5.9731266478613625 5.957662823418843 5.896778613667626 5.985338396750997 6.070393876715728 5.874349561825798 5.931115755567496 5.915974880998204 6.343249677884763 6.2651556683489416 6.341704464103769 6.2559403505984115 6.149709167636599 6.197253967082429 6.115423123618853 5.5705001247950525 4.912107640332604 3.5673094416879123 -9999 -9999 -9999 -9999 -9999 -9999 -9999 -9999 -9999 -9999 -9999 -9999
-9999 -9999 -9999 -9999 -9999 -9999 -9999 -9999 -9999 -9999 -9999 6.1599802876542435 6.109951701405794 6.190096610771666 6.256900003629084 5.639351365388488 5.47894180110555 5.640696445700617 5.938688609031103 6.175641419699223 6.123508319752518 6.04901008911929 5.993272723246523 5.98039723165703 6.161576240044052 6.228260655532226 6.237361138545697 6.027552853603037 6.145825379679032 6.2777414699653775 6.233234313522682 6.433955388025083 6.390901472196099 6.29041504785542 6.182800569540388 5.927382116050497 5.7436983495528695 4.377527126225251 3.148313884700224 -9999 -9999 -9999 -9999 -9999 -9999 -9999 -9999 -9999 -9999 -9999 -9999 -9999
-9999 -9999 -9999 -9999 -9999 6.22942682374532 6.285165022844662 6.074112724566529 6.052718055157075 6.09493570373574 6.064510448414312 5.947917429911861 5.675333437784437 5.713328608791597 5.846468238975322 5.714798117644957 5.892300241856399 6.081157875935102 6.189701774871982 6.178206674126695 6.156860615593683 6.1316639920934985 6.189588678673164 6.187222677077764 6.0342329622141015 6.043172763605254 6.174737959491923 6.241063077195268 6.351283953140133 6.43250812998876 6.439927389508416 6.306530939613673 6.110838285860437 6.0359941936386905 5.555673269010248 4.194601322239813 3.7988920147435112 3.2028392376928747 -9999 -9999 -9999 -9999 -9999 -9999 -9999 -9999 -9999 -9999 -9999 -9999 -9999 -9999
-9999 -9999 -9999 -9999 6.143228258338878 5.960077255172608 5.598471944531388 5.873027426143523 6.144343623927305 5.952749161555826 5.776346835042603 5.506977701015211 5.5087020066285595 5.611769062320299 5.657505953234577 5.563287097773234 5.660812041675662 5.897430022972517 6.069439551193848 5.980560004832808 6.065035758803813 6.143622404208656 6.232541731024896 6.250477941459434 6.131905038245107 6.085914365686159 5.951959349783804 6.025335962098921 6.034424769541273 6.04445396817608 5.9556296794781 5.6437440449342064 4.587451272842976 3.6862689354915683 3.251824189558913 -9999 -9999 -9999 -9999 -9999 -9999 -9999 -9999 -9999 -9999 -9999 -9999 -9999 -9999 -9999 -9999 -9999
-9999 -9999 -9999 5.9448512154465565 5.923143182287445 5.583829381922525 5.995306179791969 6.025366132024975 5.826749940477563 5.563090876939875 5.3349001080997045 5.405413012116483 5.252533565267355 5.274963484672528 5.331811876787606 5.332225259070511 5.4400588468457824 5.565527348881603 5.7249585390101805 5.658892790112455 5.7999056616304925 6.124051712783307 6.279167228353199 6.2777684871202935 6.100933513181062 6.0209757983338 5.913683251832778 5.9839710286813785 6.033042623100591 5.367158903768543 4.340589720189087 -9999 -9999 -9999 -9999 -9999 -9999 -9999 -9999 -9999 -9999 -9999 -9999 -9999 -9999 -9999 -9999 -9999 -9999 -9999 -9999 -9999
-9999 -9999 -9999 6.6070870396961086 6.524688552446866 6.916703375264343 7.041754840587219 6.4401315892978275 6.292720454657044 5.858127046636344 5.374418300155893 5.0281761167095596 4.540414687429502 4.971046041020019 5.120867162360996 5.272152481265007 5.467275999958849 5.64853084450466 5.876641773591629 5.858639835890512 5.925324634949485 5.90614057008785 5.93164773063312 5.8888812259129475 6.024832562160331 6.039372250702964 5.90145948635538 5.8617025753890015 4.712712389643377 -9999 -9999 -9999 -9999 -9999 -9999 -9999 -9999 -9999 -9999 -9999 -9999 -9999 -9999 -9999 -9999 -9999 -9999 -9999 -9999 -9999 -9999 -9999
-9999 -9999 -9999 6.021447955490049 6.882002037512433 6.8745280782474065 6.880256687461896 6.651965869586406 6.22501293397125 5.950658190200644 5.7402799217751035 5.2062105744255165 4.933552705009063 5.068909159001289 5.0611463754040695 5.381225332495737 5.790178113366838 6.0879149213023975 6.212958288144137 5.651308428585447 5.568324372208086 5.526492602241566 5.5228911019237374 5.3888560823196405 5.5397507689370835 5.643763651265378 4.876201816647253 3.2803511015880757 -9999 -9999 -9999 -9999 -9999 -9999 -9999 -9999 -9999 -9999 -9999 -9999 -9999 -9999 -9999 -9999 -9999 -9999 -9999 -9999 -9999 -9999 -9999 -9999
-9999 -9999 -9999 6.65491514305973 6.580297962215215 6.912445924017508 6.5932400193358776 6.88910014847293 6.582655087196638 6.205246752369359 5.639050330004697 5.461559083349581 5.257678926137023 5.2535274182843255 5.192111128902519 5.6296956478514515 5.809035537635975 5.955746463597629 6.060414071726921 5.414941602886976 5.454335411682319 5.379220157900137 5.374040724507876 5.507403492086733 5.510049119173173 4.742544169452748 2.6792390687916767 -9999 -9999 -9999 -9999 -9999 -9999 -9999 -9999 -9999 -9999 -9999 -9999 -9999 -9999 -9999 -9999 -9999 -9999 -9999 -9999 -9999 -9999 -9999 -9999 -9999
-9999 -9999 -9999 -9999 6.235643665974218 6.0157467897446395 6.064609264326748 6.168852436644807 6.342499060994912 6.5590833113533735 6.4173410850150105 5.587588777180913 5.849920788604607 5.507681016610173 5.246269383035633 5.400024474755154 5.365181461788307 5.494243780362079 5.567563413706943 4.980251947220052 5.145436017525136 5.384352312019888 5.0351688453475125 4.676433191049383 -9999 -9999 -9999 -9999 -9999 -9999 -9999 -9999 -9999 -9999 -9999 -9999 -9999 -9999 -9999 -9999 -9999 -9999 -9999 -9999 -9999 -9999 -9999 -9999 -9999 -9999 -9999 -9999
-9999 -9999 -9999 -9999 6.020590170337488 6.075849899738713 6.176972018501114 6.256176803113822 5.988822327651915 5.38560091116033 5.277663357802818 5.254493579521942 5.3545688447190285 5.323064123657207 5.2145524913995285 5.305811406408806 5.31884667251591 5.334390475621717 5.073425839122807 4.819755914719753 4.814688320364738 4.996683442795914 4.516021181349932 4.126790430131658 2.5319970412937356 -9999 -9999 -9999 -9999 -9999 -9999 -9999 -9999 -9999 -9999 -9999 -9999 -9999 -9999 -9999 -9999 -9999 -9999 -9999 -9999 -9999 -9999 -9999 -9999 -9999 -9999 -9999
-9999 -9999 -9999 -9999 5.698791697917546 5.761089595637113 5.321905285028291 5.835976523884972 5.956979425682004 5.603354111515452 5.464573675864263 4.8493379460352415 4.6730401042386625 4.620457164132699 4.5383181508445976 4.7998067202206816 4.689019994795147 4.610615620982709 4.527513202302298 4.703651396357658 4.7966023217785185 4.793995295823528 4.330228903635582 3.4822278217821903 -9999 -9999 -9999 -9999 -9999 -9999 -9999 -9999 -9999 -9999 -9999 -9999 -9999 -9999 -9999 -9999 -9999 -9999 -9999 -9999 -9999 -9999 -9999 -9999 -9999 -9999 -9999 -9999
