metrics/grid_rasters/GLDAS/grideval_GLDAS_all_absolute_bias.asc
ncols 52
nrows 55
xllcorner     11.25
yllcorner     55.25
cellsize      0.25
NODATA_value  -9999
[rows 0 to 27 of 55, columns 0 to 51 of 52]
-9999 -9999 -9999 -9999 -9999 -9999 -9999 -9999 -9999 -9999 -9999 -9999 -9999 -9999 -9999 -9999 -9999 -9999 -9999 -9999 -9999 -9999 -9999 -9999 -9999 -9999 -9999 -9999 -9999 -9999 -9999 -9999 -9999 -9999 -9999 -9999 -30.33653469680133 -29.815295438720128 -32.312991513370264 -9999 -9999 -9999 -9999 -9999 -9999 -9999 -9999 -9999 -9999 -9999 -9999 -9999
-9999 -9999 -9999 -9999 -9999 -9999 -9999 -9999 -9999 -9999 -9999 -9999 -9999 -9999 -9999 -9999 -9999 -9999 -9999 -9999 -9999 -9999 -9999 -9999 -9999 -9999 -9999 -9999 -9999 -9999 -9999 -9999 -9999 -9999 -9999 -9999 -28.627637801147504 -29.62864844857356 -29.011192381151233 -28.07770028691369 -28.66062927346812 -31.862628779889764 -9999 -9999 -9999 -9999 -9999 -9999 -9999 -9999 -9999 -9999
-9999 -9999 -9999 -9999 -9999 -9999 -9999 -9999 -9999 -9999 -9999 -9999 -9999 -9999 -9999 -9999 -9999 -9999 -9999 -9999 -9999 -9999 -9999 -9999 -9999 -9999 -9999 -35.41605068913302 -33.87717257424154 -35.224058531101065 -34.600387020087574 -32.69334055423548 -33.58307014583833 -33.65337553613326 -9999 -32.70068965470552 -30.927021642163915 -29.342660943158407 -32.11692451260484 -31.38256009708399 -31.982724445443 -32.077324461300265 -31.984223192015854 -32.54436368075653 -32.08656439318753 -32.04588746165501 -9999 -9999 -9999 -9999 -9999 -9999
-9999 -9999 -9999 -9999 -9999 -9999 -9999 -9999 -9999 -9999 -9999 -9999 -9999 -9999 -9999 -9999 -9999 -9999 -9999 -9999 -9999 -9999 -9999 -9999 -9999 -9999 -9999 -31.397332797437638 -29.862769451436016 -31.2405881148946 -28.055759844672977 -29.2398961996768 -29.94278506572823 -33.45348399916561 -33.54583399458664 -32.979386066078305 -32.75841860936331 -32.55321585510403 -32.59714073011452 -32.28679451003829 -32.303751653525666 -32.036990816699195 -32.121114111877084 -32.27325879143963 -32.485119229098466 -32.34018752360073 -32.58384157270626 -32.96900709660203 -9999 -9999 -9999 -9999
-9999 -9999 -9999 -9999 -9999 -9999 -9999 -9999 -9999 -9999 -9999 -9999 -9999 -9999 -9999 -9999 -9999 -9999 -9999 -9999 -9999 -9999 -37.06801583878517 -35.73859881937585 -35.848615573475634 -36.24827407309397 -30.78720822489472 -30.41349169350829 -30.21329202852037 -29.71377385525998 -29.327262096364542 -30.33968996572513 -31.35283729992807 -33.909196752853425 -33.65458412813679 -33.08761443100579 -33.09246944566751 -33.0200816791984 -33.133790678741796 -32.764553569811845 -32.791423354491656 -32.61316653412322 -32.441833289123394 -32.46174696498996 -32.391606948973994 -32.47227239789164 -32.73261363421484 -33.154105660466705 -33.41316124194217 -9999 -9999 -9999
-9999 -9999 -9999 -9999 -9999 -9999 -9999 -9999 -9999 -9999 -9999 -9999 -9999 -9999 -9999 -9999 -9999 -9999 -9999 -9999 -9999 -36.966503781801336 -36.98508682215178 -35.899946458857 -36.25548622685292 -35.765349031973585 -35.5149011690065 -34.39997328031734 -30.383051777323537 -33.70654646286832 -33.776613799320934 -30.985571626279288 -33.1838142200106 -32.6328621259626 -33.13100290588759 -32.84868642462393 -33.01538490673845 -32.92498126413359 -33.23735704688224 -33.04314949343709 -33.01692793898101 -32.9635531813758 -32.82215997503024 -32.666912807188645 -32.489615274164855 -32.666297144611605 -32.63416058834308 -32.864632293644426 -33.09803582904994 -9999 -9999 -9999
-9999 -9999 -9999 -9999 -9999 -9999 -9999 -9999 -9999 -9999 -9999 -9999 -9999 -9999 -9999 -9999 -9999 -9999 -9999 -9999 -37.33382450923589 -36.99150279087564 -36.517965192721064 -32.19295581200968 -30.142863101686093 -29.43009202028411 -29.92597190043994 -29.98026742102817 -34.13524783803896 -34.051051213416855 -33.9584430334586 -33.037538358174174 -32.76458094723161 -32.716930862695925 -32.9710704721026 -32.685085265999845 -32.82283246663414 -33.036272448179695 -33.02025012066237 -32.85259294806814 -32.89904268759365 -32.85102068564506 -32.875119739210184 -32.946941751156785 -33.102186641813304 -33.02517054025989 -33.015382681848976 -32.968629941432226 -33.130578748577115 -33.34681843851504 -9999 -9999
-9999 -9999 -9999 -9999 -9999 -9999 -9999 -9999 -9999 -9999 -9999 -9999 -9999 -9999 -9999 -9999 -9999 -9999 -9999 -9999 -9999 -32.77249337444407 -32.41806547764452 -30.454829522295714 -31.046373788570804 -30.883528022641226 -31.013829539199143 -30.698563039613905 -33.83561979142425 -33.54697262228917 -33.26682994615549 -33.11562963517499 -33.37221260093825 -33.269968011839126 -33.27173483680136 -32.83097270274029 -33.08598698420396 -33.141316006907374 -33.03063146851722 -32.91231431626549 -32.908180128230946 -32.937837136376444 -32.832853296713 -32.666380956422216 -32.970036242070535 -33.09275847853307 -33.09771851198027 -32.84170315218968 -33.04808184241367 -9999 -9999 -9999
-9999 -9999 -9999 -9999 -9999 -9999 -9999 -9999 -9999 -9999 -9999 -9999 -9999 -9999 -9999 -9999 -9999 -9999 -9999 -36.03116917452334 -36.022338944447114 -35.970536228562565 -34.58428824099877 -31.32309629759846 -32.19315614060592 -35.19289604937409 -34.903765790910285 -33.714219561749324 -33.64144666810009 -33.53382048496567 -33.45447793942325 -33.020050457336424 -32.644452205878885 -32.369652952548826 -32.330050279182984 -32.079888323415005 -31.96066248400327 -32.14000770479726 -32.48207773709215 -32.59053754288267 -32.76416995164076 -32.85430485598391 -32.807631359976824 -32.269203378972556 -32.20261109703967 -32.62630232834193 -32.81352774776049 -32.98054837981019 -32.82040412463936 -32.981775142167024 -32.96953100591138 -9999
-9999 -9999 -9999 -9999 -9999 -9999 -9999 -9999 -9999 -9999 -9999 -9999 -9999 -9999 -9999 -9999 -9999 -9999 -33.188617998476595 -35.83626960204821 -35.85372404661093 -35.37648066717298 -35.228108310414136 -35.096549371197504 -35.01274998830778 -35.08742844769674 -34.66700898379235 -33.377383636946874 -33.38644482448192 -33.5286208316722 -33.29985679856525 -33.14753342305886 -33.20435203294016 -33.24105673014715 -33.23806182437747 -32.90955821740263 -32.14856870204063 -32.715915386373155 -32.40543451982255 -32.26916431262579 -32.16433101424579 -32.504990494489405 -32.82925865229176 -32.49620238606404 -32.42618636818045 -32.5552653178157 -32.744155479054506 -32.9036342456687 -32.88893247424312 -32.89834316629817 -32.787021480583576 -9999
-9999 -9999 -9999 -9999 -9999 -9999 -9999 -9999 -9999 -9999 -9999 -9999 -9999 -9999 -9999 -9999 -9999 -33.7291712581558 -31.725788652175282 -31.280084220827657 -35.36032523138067 -34.85354906820975 -34.69865832053135 -34.9434335385395 -34.68308612178249 -34.61252344288136 -34.345299956765516 -33.43624394336393 -33.38038542424185 -33.41934251926666 -33.329871061734195 -33.161008038979425 -33.20924314750712 -33.27370288777105 -33.35164130478587 -33.168850306935305 -32.94383656474508 -32.805650700723874 -32.777424416307824 -32.39427342806279 -32.471417046670304 -32.676336349929635 -32.55542215308548 -32.28720740966428 -32.265058607554025 -32.275141173542764 -32.34763094899866 -32.51430317615832 -32.66883611607172 -32.58696591120639 -9999 -9999
-9999 -9999 -9999 -9999 -9999 -9999 -9999 -9999 -9999 -9999 -9999 -9999 -9999 -37.35911941949296 -36.617873197729956 -36.028003606975865 -36.07949094430969 -36.178432165991204 -32.40457266792885 -35.29516553063478 -32.04863867249715 -34.48842341625588 -34.727633899725426 -34.378706071347324 -34.359188954437045 -34.145344234860204 -34.20735021929966 -33.443514565240484 -33.40066847181321 -33.24013927599452 -33.18627273097945 -33.030087139601534 -33.215949919888175 -33.239824937407924 -33.2789728300994 -32.86682075182388 -32.914005640147074 -32.75775673028151 -32.60066489586168 -32.596061271107274 -32.60915494955755 -32.5808947878462 -32.57634026189905 -32.51420890098255 -32.56327332266333 -32.579232646225044 -32.50789738764947 -32.559183088769345 -32.62679566931257 -32.5232017839214 -32.533875194978044 -9999
-9999 -9999 -9999 -9999 -9999 -9999 -9999 -9999 -9999 -9999 -9999 -9999 -9999 -36.38065811651418 -36.03067260285525 -35.613803223973875 -36.25627543430069 -36.16408873852635 -35.68167155544279 -34.84826162346421 -34.96520982857623 -34.733520400958376 -34.42748049351984 -34.17271553294339 -34.15628675879588 -34.03016238420192 -33.9981101411194 -33.33486339112668 -33.32728440455664 -33.23761211812476 -33.121281469962376 -32.74411777975924 -32.80426938922707 -32.71020657546604 -32.65133203913233 -32.43698300602403 -32.430115716878646 -32.53917873994123 -32.658204360234606 -33.06318458818501 -33.08765070638597 -32.977167383285106 -32.817957341603424 -32.555062659510625 -32.24741302489403 -31.83413085701743 -31.765111281959157 -31.907497687849194 -31.9127556541533 -32.02914252604787 -32.13492898951928 -33.80434195383297
-9999 -9999 -9999 -9999 -9999 -9999 -9999 -9999 -9999 -9999 -9999 -9999 -9999 -36.343960623546906 -36.146549128791506 -35.6800874574027 -35.41560253467663 -35.53437065768765 -35.516042611547064 -34.530959212849105 -34.56713771980197 -34.50156751430092 -34.10396201645702 -33.92278404445894 -33.89829096782374 -33.98058203289835 -34.03737197829886 -33.35529860210319 -33.3407182205369 -33.339013276687986 -33.253152664891054 -32.91112396188468 -32.86146758743202 -32.78448422754427 -32.900812819096515 -32.668875167184574 -32.45823336599049 -32.324850769416464 -32.322025660624305 -32.76792519373346 -32.88887898944201 -32.659150724218286 -32.534420493528664 -31.967807799329105 -9999 -9999 -9999 -9999 -9999 -9999 -9999 -9999
-9999 -9999 -9999 -9999 -9999 -9999 -9999 -9999 -9999 -9999 -9999 -9999 -9999 -36.299383040226886 -36.02043258475138 -35.576520672264344 -35.62954090827723 -35.504040049002704 -35.10170033228986 -33.90080677154796 -33.79625345822385 -33.871678127023074 -34.09380653352412 -34.19381154198161 -33.985583914465515 -33.822148496394725 -33.858639428459625 -33.24301090248536 -33.24918659191775 -33.211437593315566 -33.20758659214108 -32.78169421679267 -32.876797667529225 -32.847836055741226 -32.70465371654605 -32.44498794868176 -32.41127802524652 -32.42593448067021 -32.377989017401426 -32.42763146752852 -31.95238479425076 -9999 -9999 -9999 -9999 -9999 -9999 -9999 -9999 -9999 -9999 -9999
-9999 -9999 -9999 -9999 -9999 -9999 -9999 -9999 -9999 -9999 -9999 -9999 -36.52496210663929 -36.18124591453099 -35.994713551996554 -35.60257094285867 -35.429997464935155 -35.07337497702298 -34.6889804688886 -33.915210148123265 -33.94576314745329 -33.83819757417625 -33.811252949651 -33.772583437332614 -33.75799479844491 -33.684799593937704 -33.70862281332423 -33.090268311227824 -33.13778080732462 -33.175969241829534 -33.101391448889856 -32.60999331548096 -32.659229708121536 -32.677790845497626 -32.65647473016436 -32.45332982746181 -32.388196962697506 -32.271578691088926 -32.087522622965366 -31.912517202663647 -31.064252432582364 -9999 -9999 -9999 -9999 -9999 -9999 -9999 -9999 -9999 -9999 -9999
-9999 -9999 -9999 -9999 -9999 -9999 -9999 -9999 -9999 -9999 -9999 -35.06171573215457 -35.111532900398274 -35.296092501422685 -35.32882692012108 -34.943979330731885 -34.635892140628705 -34.43243539634477 -34.28818241024389 -33.6167146261733 -33.616475127776354 -33.581726071348925 -33.52179735172527 -33.28513222866393 -33.20472160296885 -32.845579802013376 -32.740593793870175 -32.2530042724703 -32.31741649721998 -32.35270108152397 -32.391297105534036 -32.382317577655094 -32.425325206898464 -32.370739339208924 -32.141205012990824 -32.2843753139308 -32.23422085667701 -31.895973682213608 -31.426726644032573 -31.246611164286122 -9999 -9999 -9999 -9999 -9999 -9999 -9999 -9999 -9999 -9999 -9999 -9999
-9999 -9999 -9999 -9999 -9999 -9999 -9999 -9999 -9999 -9999 -34.57720424292748 -34.47542241957067 -35.16463118976952 -35.19220128489823 -34.92772731359495 -34.251651877588365 -34.01814375333182 -34.01623139709163 -34.24712129517839 -33.644714815672145 -33.431807655426766 -33.12912142911542 -33.13242550473724 -32.97642026603487 -33.184044094390345 -33.174681961068515 -32.8246633436003 -32.11137147668512 -32.010560415616325 -32.186386938215136 -32.16006804295114 -32.05702218657626 -32.18447371159822 -32.207614978844234 -32.134038436111176 -32.378779990933864 -32.00184264658357 -31.556850129172393 -31.256109441821145 -9999 -9999 -9999 -9999 -9999 -9999 -9999 -9999 -9999 -9999 -9999 -9999 -9999
-9999 -9999 -9999 -9999 -9999 -9999 -9999 -9999 -9999 -9999 -9999 -9999 -34.67197259874156 -34.261449218841754 -33.812999308872946 -33.628425920569555 -33.30497019715648 -33.56876601671327 -33.834990965370736 -33.39833118343913 -33.304882934709674 -33.15998544933977 -33.00799828381734 -32.61365007451295 -32.607567666537044 -32.66495251134777 -32.757422708748784 -32.30597102314917 -32.20688824808323 -32.0739383876724 -31.95745380152805 -31.931436517003675 -31.89184414540672 -32.029398495328856 -32.042844632068054 -32.238967133364675 -31.986938537350262 -31.29322990373384 -30.89850709542204 -30.88959793601769 -9999 -9999 -9999 -9999 -9999 -9999 -9999 -9999 -9999 -9999 -9999 -9999
-9999 -9999 -9999 -9999 -9999 -9999 -9999 -9999 -9999 -9999 -9999 -33.75271263911882 -34.14021397375774 -34.764756880727354 -34.339952505584414 -33.21930286291704 -32.94567076840057 -33.317533570982405 -33.431376557344606 -32.72608506337476 -32.72415761257956 -32.863086719246944 -32.851516021391376 -32.445149137410944 -32.41166861538127 -32.50474053180173 -32.52582732572499 -32.064731677558115 -32.12015516232141 -32.070001449424474 -32.11507278447748 -31.865101567072397 -31.892283450335285 -31.773950305362572 -31.86193018225465 -31.830906741823398 -31.588729924348318 -30.774058861116142 -29.138370916082906 -9999 -9999 -9999 -9999 -9999 -9999 -9999 -9999 -9999 -9999 -9999 -9999 -9999
-9999 -9999 -9999 -9999 -9999 -34.79080252432756 -34.929050398993056 -34.542897077928785 -35.06475729098535 -34.79249197746194 -34.52328789624794 -33.54960496841453 -33.04835433571827 -33.29579098257864 -33.668750711943005 -33.027852939073355 -32.962336467411994 -32.88342894547957 -32.926831446916964 -31.960791735695057 -31.910945957020427 -31.98227262447737 -32.111014771903115 -31.80216272008171 -31.971760054776148 -32.02429544471821 -31.982756905593003 -31.767665933218414 -31.57979718586691 -31.50946435990917 -31.662371489032594 -32.16223403013998 -32.011582960646855 -31.870823784368614 -31.50161516218281 -30.88130393366519 -29.976350543172718 -29.050694863009163 -9999 -9999 -9999 -9999 -9999 -9999 -9999 -9999 -9999 -9999 -9999 -9999 -9999 -9999
-9999 -9999 -9999 -9999 -34.65789569529955 -34.30320335865597 -33.82371620974624 -33.21389524558971 -33.602910693309056 -33.39698898478511 -33.47304313728672 -33.29251235653376 -33.238413469984486 -33.09528660390355 -33.31610351325505 -33.097676602822666 -32.83956416861793 -32.86869992696203 -32.94164369170395 -31.97386447307357 -31.87225134925972 -31.81195306152483 -31.71135572764913 -31.538703597578483 -31.63654413000055 -31.466079936745917 -31.36398845118669 -31.31278783875957 -31.269409125260268 -31.350274556572057 -31.351372001849466 -31.66592928712001 -30.931529727414464 -29.84146183477632 -29.002731549732694 -9999 -9999 -9999 -9999 -9999 -9999 -9999 -9999 -9999 -9999 -9999 -9999 -9999 -9999 -9999 -9999 -9999
-9999 -9999 -9999 -34.37579495981871 -34.359684832255155 -33.99340349002337 -34.16306480636449 -33.88444484876881 -33.346492085956456 -32.79795867808209 -32.5197943242727 -32.17991347698664 -32.03607871333835 -32.35838806494168 -32.889408581728894 -32.62012906956329 -32.600141532162 -32.674459584957425 -32.933388626113704 -32.11686494012736 -31.967858393705267 -31.713993558105564 -31.500157952234712 -31.361110207909675 -31.585500556885084 -31.552678386389466 -31.378230950200372 -31.00442621194484 -30.78149097365398 -30.515157646908182 -30.13157704657404 -9999 -9999 -9999 -9999 -9999 -9999 -9999 -9999 -9999 -9999 -9999 -9999 -9999 -9999 -9999 -9999 -9999 -9999 -9999 -9999 -9999
-9999 -9999 -9999 -35.59711530352933 -35.83325980868621 -35.770118281117746 -35.694867711535906 -34.475911346060826 -34.29198778845105 -33.87785452545265 -33.174333644305435 -31.676695329387666 -31.002049365515 -31.905186833591948 -32.64898270433469 -32.401175987788825 -32.527605116897696 -32.61504859125406 -32.60540428746066 -31.570646814033037 -31.792204180608703 -31.615983294946517 -31.36383637543296 -30.76057583997555 -30.80842369691195 -30.758446117160588 -30.97563525251177 -30.90597373443865 -30.241875560367752 -9999 -9999 -9999 -9999 -9999 -9999 -9999 -9999 -9999 -9999 -9999 -9999 -9999 -9999 -9999 -9999 -9999 -9999 -9999 -9999 -9999 -9999 -9999
-9999 -9999 -9999 -35.16449652184604 -35.82334698966152 -35.51866436850415 -35.40831732176356 -34.799448801955485 -34.231702260868104 -34.17645245067607 -33.69050047470768 -32.207491840806405 -31.26325647394357 -31.365792710479408 -31.967359740274315 -32.33552449394188 -32.5226691996782 -32.72717965118241 -32.68156870691556 -31.583226260576787 -31.477316430558858 -31.626526768392612 -31.456988041548595 -31.808924295572968 -31.6576134252077 -31.160221213376698 -30.548193565602325 -29.15331039588814 -9999 -9999 -9999 -9999 -9999 -9999 -9999 -9999 -9999 -9999 -9999 -9999 -9999 -9999 -9999 -9999 -9999 -9999 -9999 -9999 -9999 -9999 -9999 -9999
-9999 -9999 -9999 -35.36914076332021 -35.06166438833593 -34.79892421413843 -34.90583319175787 -34.3141251934436 -33.839817951923564 -33.57340864586395 -33.19549632860089 -32.56548933726388 -31.964763568584218 -31.877229238416003 -32.21131493412927 -32.50607658665905 -32.519843663463156 -32.52310521323374 -32.55362499405201 -31.41424139376161 -31.36780211560601 -31.18295788231148 -31.28118631180088 -31.40364201281482 -31.356492381048252 -30.75147365333868 -29.00031480874323 -9999 -9999 -9999 -9999 -9999 -9999 -9999 -9999 -9999 -9999 -9999 -9999 -9999 -9999 -9999 -9999 -9999 -9999 -9999 -9999 -9999 -9999 -9999 -9999 -9999
-9999 -9999 -9999 -9999 -34.55426486579524 -34.11712861774919 -33.98863414466804 -33.85259591984008 -33.69812565865499 -33.74672370937173 -33.50913721925281 -32.754488745644366 -32.76207529289379 -32.287759011469824 -31.958326449495353 -32.054350581560676 -31.919960243103443 -32.172374670771774 -32.27187460526304 -31.082007571163697 -31.109315674199962 -31.317298284353797 -30.919523841114348 -30.68641122132107 -9999 -9999 -9999 -9999 -9999 -9999 -9999 -9999 -9999 -9999 -9999 -9999 -9999 -9999 -9999 -9999 -9999 -9999 -9999 -9999 -9999 -9999 -9999 -9999 -9999 -9999 -9999 -9999
-9999 -9999 -9999 -9999 -33.911744890202925 -33.83016804036602 -33.856361868835265 -33.93331652155438 -33.39769888909064 -32.68622164804206 -32.36332668342629 -31.618203261470672 -31.79954253283854 -31.922850054595045 -31.76467659375404 -31.64165218247128 -31.85920624128077 -32.01177480054189 -31.77046894406279 -31.08225108669468 -31.03525644241948 -31.04876106044228 -30.36911809976958 -29.910497450879802 -28.162167341600718 -9999 -9999 -9999 -9999 -9999 -9999 -9999 -9999 -9999 -9999 -9999 -9999 -9999 -9999 -9999 -9999 -9999 -9999 -9999 -9999 -9999 -9999 -9999 -9999 -9999 -9999 -9999
