metrics/grid_rasters/GLDAS/grideval_GLDAS_S_spring_absolute_bias.asc
ncols 52
nrows 55
xllcorner     11.25
yllcorner     55.25
cellsize      0.25
NODATA_value  -9999
[rows 0 to 27 of 55, columns 0 to 51 of 52]
-9999 -9999 -9999 -9999 -9999 -9999 -9999 -9999 -9999 -9999 -9999 -9999 -9999 -9999 -9999 -9999 -9999 -9999 -9999 -9999 -9999 -9999 -9999 -9999 -9999 -9999 -9999 -9999 -9999 -9999 -9999 -9999 -9999 -9999 -9999 -9999 -34.085451706504934 -34.0329573083183 -37.836256283360704 -9999 -9999 -9999 -9999 -9999 -9999 -9999 -9999 -9999 -9999 -9999 -9999 -9999
-9999 -9999 -9999 -9999 -9999 -9999 -9999 -9999 -9999 -9999 -9999 -9999 -9999 -9999 -9999 -9999 -9999 -9999 -9999 -9999 -9999 -9999 -9999 -9999 -9999 -9999 -9999 -9999 -9999 -9999 -9999 -9999 -9999 -9999 -9999 -9999 -32.0940047297728 -33.64215403620113 -33.45148919864922 -32.209332482777945 -33.867302359663874 -38.12112053894721 -9999 -9999 -9999 -9999 -9999 -9999 -9999 -9999 -9999 -9999
-9999 -9999 -9999 -9999 -9999 -9999 -9999 -9999 -9999 -9999 -9999 -9999 -9999 -9999 -9999 -9999 -9999 -9999 -9999 -9999 -9999 -9999 -9999 -9999 -9999 -9999 -9999 -42.01643947095853 -40.352326058681406 -41.917554155017406 -41.44543153855383 -37.8133026637471 -40.04719118562871 -39.89457570789281 -9999 -37.64440254377121 -35.04347365502389 -33.446368541528024 -37.42936247577081 -37.08503390821304 -38.03065269520891 -38.4001550264201 -38.36624674363892 -39.29430832171752 -38.56208315243661 -38.47273157510664 -9999 -9999 -9999 -9999 -9999 -9999
-9999 -9999 -9999 -9999 -9999 -9999 -9999 -9999 -9999 -9999 -9999 -9999 -9999 -9999 -9999 -9999 -9999 -9999 -9999 -9999 -9999 -9999 -9999 -9999 -9999 -9999 -9999 -35.18062897914332 -33.0623231433008 -36.639586653135225 -30.451709966327105 -33.251265267041795 -34.3087539994006 -39.33345032629618 -39.97866999012236 -38.85457741600239 -38.15667613624575 -37.96576832755692 -38.18213481294072 -38.13823641587616 -38.467980368766405 -38.28326818960436 -38.41378488915507 -38.48225124005189 -38.610911611244894 -38.328188189523004 -38.72674118624696 -38.92136803599399 -9999 -9999 -9999 -9999
-9999 -9999 -9999 -9999 -9999 -9999 -9999 -9999 -9999 -9999 -9999 -9999 -9999 -9999 -9999 -9999 -9999 -9999 -9999 -9999 -9999 -9999 -43.00283977311388 -42.16110334467426 -42.36710551811342 -42.714090854648255 -33.91177698938459 -34.515394569982014 -34.4939237639065 -34.07856917707249 -33.52390051345624 -35.599084944702156 -37.177210446477496 -39.99244770132329 -40.147685082082674 -39.674133838609905 -39.89963663448884 -39.715431251036726 -39.68366844492014 -39.30437429558547 -39.09182945338746 -38.84945000427189 -38.66394887734509 -38.54869769611295 -38.226614943346135 -38.19484378955246 -38.62568729206839 -39.025456109063946 -39.32244807920095 -9999 -9999 -9999
-9999 -9999 -9999 -9999 -9999 -9999 -9999 -9999 -9999 -9999 -9999 -9999 -9999 -9999 -9999 -9999 -9999 -9999 -9999 -9999 -9999 -42.885162928840145 -42.870230082290895 -42.194399571663745 -42.71186334847311 -42.05632131251142 -42.15958666205204 -40.68364100994381 -35.32983852848006 -39.88718218416097 -39.72620947409988 -36.291950561440274 -38.685847197208844 -38.75595822057727 -39.643029995389156 -39.471595689897306 -39.762329512766726 -39.472421726647205 -39.51269662565471 -38.98008522967828 -39.07814131339546 -39.071311168154985 -38.788569013476774 -38.38623672049067 -37.88805550363664 -38.10649922859106 -38.147174352385186 -38.44965038822114 -38.662798013502695 -9999 -9999 -9999
-9999 -9999 -9999 -9999 -9999 -9999 -9999 -9999 -9999 -9999 -9999 -9999 -9999 -9999 -9999 -9999 -9999 -9999 -9999 -9999 -43.015573456964425 -42.99863132180485 -42.95624908679368 -36.489440001638435 -33.08988454947045 -31.79241766952707 -33.085411940802544 -33.931596736150354 -40.266981915854245 -40.19183569157536 -40.76805047126001 -39.42852803833944 -39.208514383933306 -39.09263618226143 -39.42964588966646 -39.17468849851993 -39.28317125041908 -39.541609874060995 -39.321468123685285 -38.759233354514905 -38.586697038187154 -38.64407119916691 -38.69036136389427 -38.44410937552786 -38.125525659714505 -37.939052104955 -37.89822191104759 -37.96787304826 -38.139959054892756 -38.346266173590585 -9999 -9999
-9999 -9999 -9999 -9999 -9999 -9999 -9999 -9999 -9999 -9999 -9999 -9999 -9999 -9999 -9999 -9999 -9999 -9999 -9999 -9999 -9999 -36.55651836766376 -36.804705528137475 -33.93042733627574 -35.79837707058608 -35.859777505428575 -36.543517598376155 -36.499232103703946 -40.454410231186316 -40.105094655826896 -39.727458723486684 -39.77317761867206 -40.25301144967038 -40.01304620760999 -39.956188342660546 -39.213145495979525 -39.47533482906368 -39.14401611260585 -38.634406295417726 -38.22531042436806 -37.98912054939579 -38.187093376475595 -38.280701763275 -37.888541992536105 -37.778312717528976 -37.72443661846361 -37.84445665467469 -37.820776003696345 -38.01826447628579 -9999 -9999 -9999
-9999 -9999 -9999 -9999 -9999 -9999 -9999 -9999 -9999 -9999 -9999 -9999 -9999 -9999 -9999 -9999 -9999 -9999 -9999 -42.64291691855001 -42.603172576459855 -42.547104533873096 -41.27309423509946 -35.92164351613989 -39.37351829977707 -42.16601342453783 -41.96678265145697 -40.715578819827535 -40.292517895795115 -40.04955640531894 -39.82838057187062 -39.21349362504628 -39.15790303310117 -38.82620618098578 -38.752769908599525 -38.267743561300456 -38.113587270090974 -38.18638570770196 -38.384934502324775 -38.07978923258412 -37.798687626319214 -37.58090713307383 -37.43025291572912 -37.15715093056813 -36.95870196712001 -37.1604428717654 -37.287084427955755 -37.647535005118705 -37.653814032967404 -37.16238882200307 -36.978032424382896 -9999
-9999 -9999 -9999 -9999 -9999 -9999 -9999 -9999 -9999 -9999 -9999 -9999 -9999 -9999 -9999 -9999 -9999 -9999 -39.18245655360996 -42.510948480046146 -42.44042284088209 -41.848924230429866 -41.47226799641352 -41.51126424669612 -42.04036897614235 -42.071658966617406 -41.53894709943004 -40.10023876129265 -40.124292330720216 -40.14023173797329 -39.080360969154 -37.90110268561757 -37.85659336220756 -38.05322446102155 -38.29294633549011 -37.95600517970793 -37.77842074677692 -37.992656608203255 -37.838459210131205 -37.675112661308326 -37.56848711115004 -37.57444554345642 -37.347253483284824 -36.587404057257 -36.50762212945594 -36.432038174476475 -36.9541484806383 -37.188535918122284 -37.455854989213705 -36.66657108333185 -36.696721691111826 -9999
-9999 -9999 -9999 -9999 -9999 -9999 -9999 -9999 -9999 -9999 -9999 -9999 -9999 -9999 -9999 -9999 -9999 -39.99619675235337 -35.96892614550281 -36.164144591048725 -42.26366886702549 -41.77876371181691 -41.52872097681521 -41.8074539769694 -41.35138146717952 -41.191665675445535 -41.15491472113796 -40.45751634291272 -39.056481634418525 -39.541419078773096 -39.3116564837831 -38.78582093401549 -38.44127596444552 -38.36829200277165 -38.329589920725844 -37.591667326602526 -36.97984690895385 -36.79079563407552 -36.99676329780714 -37.0043414023644 -37.116661214041926 -37.164038116446406 -37.13835107802879 -36.22368231021961 -35.88625183899421 -35.77634325605797 -35.986027232695214 -36.17736061841108 -36.730984504289076 -36.29196685500464 -9999 -9999
-9999 -9999 -9999 -9999 -9999 -9999 -9999 -9999 -9999 -9999 -9999 -9999 -9999 -42.84073825947859 -42.50613414885922 -42.43935099585265 -42.41530884667704 -42.418987192021206 -38.501086927059546 -42.221768505112074 -40.06623663204601 -41.43412362433383 -41.70210060239871 -41.04389370792121 -40.19992143328747 -39.452365224786185 -40.13514112463504 -38.63390953133247 -38.687031881499074 -38.19730015195218 -37.82662146641752 -38.37915794630839 -38.28782337676207 -38.071348642322995 -37.76147024444831 -36.46910731774836 -36.620661120036736 -35.76982888168878 -35.98082647973206 -35.27277284418233 -35.71231959723746 -35.59415822254453 -35.41056801121601 -35.86086011405164 -36.38647151103182 -35.91206273509433 -35.61342253843221 -35.966886151576944 -36.25475402054397 -35.87430504864872 -36.099011586503245 -9999
-9999 -9999 -9999 -9999 -9999 -9999 -9999 -9999 -9999 -9999 -9999 -9999 -9999 -42.43616323843194 -42.27164796058534 -42.298657178413116 -42.55086556266304 -42.52775099869493 -42.38978344717306 -41.715892350093625 -41.7841687374394 -41.36210653222288 -40.82084170331592 -39.99727643737772 -39.96881146665724 -39.3713274906268 -39.25340324475774 -38.06682698417495 -38.342761577117145 -38.113864242979936 -37.36300786502619 -37.511305096285895 -37.12958885122941 -36.89452254168851 -36.400880148244575 -35.82567843082665 -36.03366609021474 -35.1815545405818 -35.40632442861755 -35.68189602906046 -35.81276179205262 -35.43656597669621 -35.29638869211118 -35.388015978782356 -35.52424022960274 -35.18783332851877 -35.02553971947941 -35.1553136796397 -35.278823839900404 -35.45295013627543 -35.52450609313445 -36.98598609987201
-9999 -9999 -9999 -9999 -9999 -9999 -9999 -9999 -9999 -9999 -9999 -9999 -9999 -42.40691004932413 -42.35210182141189 -42.21600828322318 -41.865770763373405 -42.073529878707156 -42.20894902456632 -40.81859060390549 -41.06588380477067 -41.008120371514686 -39.529478729773395 -38.68487140805582 -38.67825004054011 -38.82241239442753 -38.87563031575258 -37.9988901654319 -38.08581123348204 -37.99130231775242 -38.00766025307973 -37.524067943116 -36.86926447520154 -36.47816039525154 -36.9322255673545 -36.615215385433935 -35.77817661599155 -34.77615608906111 -34.54293449279731 -34.976089901427486 -35.09391764067518 -35.013067920899786 -34.92973158316707 -34.21329549288519 -9999 -9999 -9999 -9999 -9999 -9999 -9999 -9999
-9999 -9999 -9999 -9999 -9999 -9999 -9999 -9999 -9999 -9999 -9999 -9999 -9999 -42.40969353426835 -42.29839518005232 -42.045553848521955 -42.199475335681036 -42.01856614775328 -41.537005490491815 -38.73871830740497 -38.30041329845604 -38.504127533271216 -39.162216877858356 -39.50921355162079 -38.60672399106071 -38.02364375247397 -38.10261333237767 -37.505150775460564 -37.61917733821168 -37.447681104440406 -37.43550257891437 -37.19283841694097 -36.87408049035635 -36.53082525776193 -36.25365209799645 -35.82948972571783 -35.76071013078985 -35.362930940109834 -34.75551021106177 -34.42643217587054 -33.66288135424459 -9999 -9999 -9999 -9999 -9999 -9999 -9999 -9999 -9999 -9999 -9999
-9999 -9999 -9999 -9999 -9999 -9999 -9999 -9999 -9999 -9999 -9999 -9999 -42.54767106865209 -42.43976711302631 -42.3643076519087 -42.1857745315748 -41.93539716874796 -41.50701674415082 -40.27998566787953 -38.62145605296625 -38.66473641199485 -38.25925589386252 -38.022847284163035 -37.85537148515552 -37.79342214684205 -37.502715317906976 -37.572019707649424 -36.50080713021325 -36.67007769798637 -36.77408726793289 -36.54712489850151 -35.67133102028975 -35.701012116958104 -35.703265637746476 -35.779357857435286 -35.520397624532364 -35.333768895194545 -34.66556441500965 -34.21097765465105 -33.63696367758245 -32.422959128212504 -9999 -9999 -9999 -9999 -9999 -9999 -9999 -9999 -9999 -9999 -9999
-9999 -9999 -9999 -9999 -9999 -9999 -9999 -9999 -9999 -9999 -9999 -40.55134865722579 -41.06034225878386 -41.609073968847156 -41.792663530851506 -41.19145756407195 -40.33450842507022 -39.364142340314366 -39.1292967827201 -37.74734219854556 -38.043726839398474 -37.69575181856509 -37.825079953419454 -37.43207652328799 -36.96154160826447 -35.655721858067885 -35.38771209104553 -34.91384240213033 -35.1010439116609 -35.06060901942724 -35.17878214145869 -35.432291515363865 -35.459025398731924 -35.33195381867699 -34.94675512014605 -35.18620563168888 -34.82291344184246 -33.59591685236513 -32.78029845908547 -32.69450347656991 -9999 -9999 -9999 -9999 -9999 -9999 -9999 -9999 -9999 -9999 -9999 -9999
-9999 -9999 -9999 -9999 -9999 -9999 -9999 -9999 -9999 -9999 -38.41067720792742 -38.38331608424652 -41.09189315461149 -41.20264181337805 -40.682270775964156 -38.32061024656539 -37.92714759324799 -37.68364542507081 -38.5902905241566 -37.640696339521796 -37.39057015189294 -36.4745335295928 -36.987845550432965 -36.97620744563882 -37.688613615626394 -37.16280601522379 -35.96423081445265 -34.863141919825345 -34.333685289476186 -34.86749229447552 -34.68286419166859 -34.42460093597133 -34.929214558533765 -35.10086627173966 -34.96409804653882 -35.22141598814937 -33.89291334248391 -32.780382536604755 -32.313547545573265 -9999 -9999 -9999 -9999 -9999 -9999 -9999 -9999 -9999 -9999 -9999 -9999 -9999
-9999 -9999 -9999 -9999 -9999 -9999 -9999 -9999 -9999 -9999 -9999 -9999 -39.74610538793849 -38.128739224058464 -36.668947728087566 -36.415778218054854 -35.405098196392395 -36.302012515441604 -37.09549456825176 -37.17971226662579 -37.20852395701323 -36.4428581147728 -36.368027830481246 -35.76804058779659 -36.116896895079314 -36.529919985261664 -36.411879651698925 -35.33428842837558 -34.8873321511479 -35.352871012894184 -33.85648223386227 -34.23833501463473 -34.136368974845894 -34.584358038411104 -34.708500853329696 -34.78870463563615 -34.025994977109015 -32.22498999160977 -31.45155268070875 -31.55719822845118 -9999 -9999 -9999 -9999 -9999 -9999 -9999 -9999 -9999 -9999 -9999 -9999
-9999 -9999 -9999 -9999 -9999 -9999 -9999 -9999 -9999 -9999 -9999 -36.53270349208184 -37.50308064656311 -39.54548538733354 -38.114680288956784 -35.44862413237823 -34.813948741000466 -35.839578881130926 -36.01114275870318 -35.079981135406896 -35.12035406688127 -36.02340876333334 -36.28930565315481 -35.609181832203284 -35.15172850592669 -35.12796165370484 -35.37083915934858 -34.83498523460762 -34.78123314561748 -34.099994786736644 -34.78692279551077 -33.71511787979398 -33.884952331265524 -33.631369558082 -34.01232578855453 -33.662110245295636 -33.098502274860785 -31.655042328173288 -29.6935472605426 -9999 -9999 -9999 -9999 -9999 -9999 -9999 -9999 -9999 -9999 -9999 -9999 -9999
-9999 -9999 -9999 -9999 -9999 -39.564546355096944 -39.4830729715101 -38.65807793461515 -40.42199260757669 -39.413331367313326 -38.731565011402026 -35.94696438942186 -34.68186221738932 -35.017837059041284 -35.943713032746814 -34.96272752974587 -34.95731923833955 -34.85427146928345 -35.028243719883584 -33.97055131028933 -34.04530114481104 -34.24111600841254 -34.501458896101326 -34.53132095284577 -34.866169456630416 -34.82657864194809 -34.747632667396985 -34.02791857632363 -33.437657651202954 -33.148576777089275 -33.38750140510155 -34.18787058351723 -33.89650033293393 -33.60154792364768 -32.97886439578345 -32.12170203958395 -30.735292222846866 -29.954110039949786 -9999 -9999 -9999 -9999 -9999 -9999 -9999 -9999 -9999 -9999 -9999 -9999 -9999 -9999
-9999 -9999 -9999 -9999 -38.89693496345401 -38.06457951569768 -36.60379136286919 -34.46059993405462 -35.51193797934557 -35.06069613747683 -35.461200487764515 -35.09326069175934 -35.015371283784546 -34.531724559431694 -35.064089258479804 -35.439228312355354 -34.717717194094575 -34.806448129380286 -34.879165528109304 -33.52327213165573 -33.49098419385415 -33.51442260539119 -33.30062194133137 -33.514253772962235 -33.65530002419837 -33.06141616004195 -32.721205046486475 -32.61480780072389 -32.46243431575535 -32.767441488073565 -32.849777842740245 -33.34380525058014 -31.98218771324331 -30.954759906471264 -29.774044098732386 -9999 -9999 -9999 -9999 -9999 -9999 -9999 -9999 -9999 -9999 -9999 -9999 -9999 -9999 -9999 -9999 -9999
-9999 -9999 -9999 -38.71208298956449 -38.484781415895156 -37.435590999783024 -37.320201556896784 -36.33850058130211 -35.02320446602939 -33.421545906473234 -32.947588733731486 -31.97191087253716 -31.691206228413172 -32.50438663198451 -33.972284545003355 -34.19906837839896 -34.325514514075145 -34.452216000534065 -35.200142277242705 -33.94389900814175 -33.517267448959224 -32.76588206956892 -32.513068398987144 -32.75674433985968 -33.35743559173652 -33.173185631475896 -32.75570405026108 -31.921856002593607 -31.591584690563053 -31.338916254422177 -31.071745193872157 -9999 -9999 -9999 -9999 -9999 -9999 -9999 -9999 -9999 -9999 -9999 -9999 -9999 -9999 -9999 -9999 -9999 -9999 -9999 -9999 -9999
-9999 -9999 -9999 -41.15641698675513 -41.44449930791946 -41.113513110969826 -40.964324805050396 -38.56031232390492 -38.25252182852051 -37.36995837462904 -35.40558002331881 -31.362486763599172 -30.888149334866878 -31.799083625386555 -33.67411576582969 -33.850100413713925 -34.2185589645473 -34.3032078570332 -34.2196347647468 -32.454269869258106 -33.25465664733707 -32.493265885550976 -32.076932575913034 -31.281247209509548 -31.42306389851475 -31.28103772404037 -31.604854337820463 -31.46514411338443 -30.882688703506414 -9999 -9999 -9999 -9999 -9999 -9999 -9999 -9999 -9999 -9999 -9999 -9999 -9999 -9999 -9999 -9999 -9999 -9999 -9999 -9999 -9999 -9999 -9999
-9999 -9999 -9999 -41.11209084402324 -41.76201242275799 -41.3672206798042 -41.41553338485993 -40.268793708285436 -39.03865990208199 -38.99843853070279 -37.9610307888462 -34.20078406342731 -31.569089987603746 -31.589779299830646 -33.09418075972581 -34.107294067674644 -34.408728387561105 -34.72717375825058 -34.54290601177364 -32.81012423692332 -32.59611424418045 -33.2223629051536 -32.49963330149995 -33.12237706377535 -32.50564258770876 -31.322126809543036 -30.84070820215097 -29.326713935578365 -9999 -9999 -9999 -9999 -9999 -9999 -9999 -9999 -9999 -9999 -9999 -9999 -9999 -9999 -9999 -9999 -9999 -9999 -9999 -9999 -9999 -9999 -9999 -9999
-9999 -9999 -9999 -41.38200144423172 -40.77392070625565 -39.64755831664914 -40.371084452874996 -38.95652005846774 -37.97207758034094 -37.54292962479953 -36.743770362475246 -35.244825913069725 -33.558714463340074 -33.06660637286816 -33.814783553916804 -34.408616759490386 -34.271914166580565 -34.10954307587615 -34.190146385712296 -32.37088621663355 -32.39294448344077 -31.98392464957484 -32.20578572949719 -31.937966586839728 -31.87176230659648 -31.16163294974957 -29.36181452604132 -9999 -9999 -9999 -9999 -9999 -9999 -9999 -9999 -9999 -9999 -9999 -9999 -9999 -9999 -9999 -9999 -9999 -9999 -9999 -9999 -9999 -9999 -9999 -9999 -9999
-9999 -9999 -9999 -9999 -39.89725993689575 -39.28061357356162 -39.047509585345246 -38.433502092304565 -37.82576809189303 -37.589794281146325 -37.09241307512149 -35.402302404243045 -35.46202694782076 -34.17798433467017 -33.00163431657964 -33.38782024323313 -32.84710306539605 -33.435656885768324 -33.57721240645396 -31.610475334303413 -31.74151261795677 -32.227459395111985 -31.407599262599632 -30.96339799582189 -9999 -9999 -9999 -9999 -9999 -9999 -9999 -9999 -9999 -9999 -9999 -9999 -9999 -9999 -9999 -9999 -9999 -9999 -9999 -9999 -9999 -9999 -9999 -9999 -9999 -9999 -9999 -9999
-9999 -9999 -9999 -9999 -39.242472958766214 -38.826299777461976 -38.70499788985953 -39.04493593114287 -37.84815435089758 -35.89357070524104 -34.72014151759567 -32.64252732850044 -32.85365306033307 -33.06965695734581 -32.43384477621673 -32.11854230219741 -32.84650767677585 -33.35188753676662 -32.75513441880922 -31.857078691858433 -31.692050803032625 -31.640708075198546 -30.715372566017322 -30.100820740700048 -28.174502702708274 -9999 -9999 -9999 -9999 -9999 -9999 -9999 -9999 -9999 -9999 -9999 -9999 -9999 -9999 -9999 -9999 -9999 -9999 -9999 -9999 -9999 -9999 -9999 -9999 -9999 -9999 -9999
