metrics/grid_rasters/GLDAS/grideval_GLDAS_X_winter_2017_absolute_bias.asc
ncols 52
nrows 55
xllcorner     11.25
yllcorner     55.25
cellsize      0.25
NODATA_value  -9999
[rows 0 to 28 of 55, columns 0 to 51 of 52]
-9999 -9999 -9999 -9999 -9999 -9999 -9999 -9999 -9999 -9999 -9999 -9999 -9999 -9999 -9999 -9999 -9999 -9999 -9999 -9999 -9999 -9999 -9999 -9999 -9999 -9999 -9999 -9999 -9999 -9999 -9999 -9999 -9999 -9999 -9999 -9999 -28.13700729906559 -28.41675598335763 -32.18576085596449 -9999 -9999 -9999 -9999 -9999 -9999 -9999 -9999 -9999 -9999 -9999 -9999 -9999
-9999 -9999 -9999 -9999 -9999 -9999 -9999 -9999 -9999 -9999 -9999 -9999 -9999 -9999 -9999 -9999 -9999 -9999 -9999 -9999 -9999 -9999 -9999 -9999 -9999 -9999 -9999 -9999 -9999 -9999 -9999 -9999 -9999 -9999 -9999 -9999 -27.19151270277798 -28.19764897595677 -29.125682025651134 -28.053888667581813 -30.01152868361937 -34.123907889777584 -9999 -9999 -9999 -9999 -9999 -9999 -9999 -9999 -9999 -9999
-9999 -9999 -9999 -9999 -9999 -9999 -9999 -9999 -9999 -9999 -9999 -9999 -9999 -9999 -9999 -9999 -9999 -9999 -9999 -9999 -9999 -9999 -9999 -9999 -9999 -9999 -9999 -39.879453056057294 -40.759959834275975 -40.562355163672734 -34.96824500566969 -29.473014926517177 -36.85846796774616 -35.37132495678961 -9999 -32.495815293283925 -30.34627809441752 -28.887167260381908 -33.282904610824254 -33.09817403840522 -34.62040500593268 -35.780766756770504 -35.35548711315625 -36.97723315151201 -36.713069913081 -36.544413637845885 -9999 -9999 -9999 -9999 -9999 -9999
-9999 -9999 -9999 -9999 -9999 -9999 -9999 -9999 -9999 -9999 -9999 -9999 -9999 -9999 -9999 -9999 -9999 -9999 -9999 -9999 -9999 -9999 -9999 -9999 -9999 -9999 -9999 -29.997467514541412 -27.548098757283555 -30.594853354079856 -26.371871054379483 -27.54601654484868 -28.98372219664355 -35.631852098181845 -35.76074558691018 -35.09258002137973 -34.39843252878636 -34.427159622973875 -34.499576380745395 -34.86752221017248 -35.394094891949656 -34.626089006000086 -35.597261295322745 -36.41361288829809 -35.93295903367301 -36.63143732475324 -38.33051247091757 -40.71898627217031 -9999 -9999 -9999 -9999
-9999 -9999 -9999 -9999 -9999 -9999 -9999 -9999 -9999 -9999 -9999 -9999 -9999 -9999 -9999 -9999 -9999 -9999 -9999 -9999 -9999 -9999 -40.45296492866344 -42.14731464522581 -41.1851495443119 -40.5346974413842 -29.33076436242296 -29.289805289026766 -29.080988042346306 -28.67575072646141 -28.610734467208385 -30.36954258775545 -32.70764984227717 -37.05513048076795 -37.307290740518106 -36.431058058432406 -37.5510671880924 -39.10892288463397 -40.17442824141019 -39.60985149472124 -40.28310474465705 -39.82644489734537 -37.88912564315316 -36.224758319742975 -35.304722605397295 -35.35635058598386 -37.29653998300847 -38.83469454836514 -39.90290618319478 -9999 -9999 -9999
-9999 -9999 -9999 -9999 -9999 -9999 -9999 -9999 -9999 -9999 -9999 -9999 -9999 -9999 -9999 -9999 -9999 -9999 -9999 -9999 -9999 -42.316101013082594 -42.6785505955004 -42.89704509828653 -39.456392335477794 -35.938980007833905 -40.13331330000526 -35.854686336136524 -29.894880764062204 -35.956207058537345 -35.217439350278845 -31.68749079083403 -35.72865289716671 -35.811627264755465 -36.744940985656456 -37.535927580400475 -38.202248561609956 -40.98037679930114 -42.202338634990156 -42.38511704274764 -41.95635229891373 -41.1776711108991 -40.833878781770665 -38.49263226135324 -36.59190906648421 -35.477642671143016 -35.12002762827194 -36.65854988247156 -37.486123223437204 -9999 -9999 -9999
-9999 -9999 -9999 -9999 -9999 -9999 -9999 -9999 -9999 -9999 -9999 -9999 -9999 -9999 -9999 -9999 -9999 -9999 -9999 -9999 -42.81487195264135 -43.024507901900336 -40.75008695564336 -29.979660420243942 -27.732670135920248 -26.60566978090339 -27.494610465897452 -29.44311586709486 -37.02988452224268 -37.7278521846152 -37.82461108817822 -36.09828065979398 -36.10037034501632 -36.0432355336638 -36.60429786698272 -37.96219444910271 -38.45112448549933 -39.672927548467285 -41.04500230401753 -41.79609904628661 -42.36477088228696 -41.510516604139575 -40.530146596932575 -39.47853084047222 -39.95880031627085 -38.731353128370316 -37.935839347810386 -37.90705682413859 -38.76666212017752 -39.836039479056176 -9999 -9999
-9999 -9999 -9999 -9999 -9999 -9999 -9999 -9999 -9999 -9999 -9999 -9999 -9999 -9999 -9999 -9999 -9999 -9999 -9999 -9999 -9999 -31.611527564004067 -31.988534622308283 -30.248900484707622 -30.9536970163799 -30.877198673039675 -31.460809425430174 -32.18123947166734 -39.13381033098946 -39.066340180382966 -37.8313594310234 -37.63154571637925 -39.59768552562843 -39.9675785396869 -39.16999648821851 -39.61576201630135 -39.86616711239848 -41.327979677046336 -42.250426632848885 -42.44241822126011 -42.64975873999712 -41.918323134651615 -39.369074655386314 -38.132248867261744 -38.9509235209061 -39.55158571474668 -39.59502477304389 -38.18544289798786 -39.100019236074544 -9999 -9999 -9999
-9999 -9999 -9999 -9999 -9999 -9999 -9999 -9999 -9999 -9999 -9999 -9999 -9999 -9999 -9999 -9999 -9999 -9999 -9999 -41.92367303863995 -42.39159999841617 -42.43623010611368 -37.8968086430596 -30.65486907073193 -35.82054044703643 -41.20338783800188 -41.11547077010489 -40.614073554053896 -41.1322214147283 -41.629757362666226 -41.60440338239488 -40.24759076972389 -38.09938533047421 -36.81042263398154 -36.08857076923466 -36.13329978779786 -35.78601576810082 -35.77787542835705 -38.11567800595529 -39.088822315219375 -41.38904380392698 -41.26588414870203 -40.15298091218703 -37.273556325439785 -37.32445695975589 -39.08258620755126 -39.77461140561435 -40.28354952302244 -39.531434528881476 -41.994260516493675 -42.261071831298366 -9999
-9999 -9999 -9999 -9999 -9999 -9999 -9999 -9999 -9999 -9999 -9999 -9999 -9999 -9999 -9999 -9999 -9999 -9999 -36.710955567037075 -41.69064561646018 -42.7596201925642 -42.94090983764165 -41.658896107268 -42.65753352519953 -42.44687330571728 -42.113100981650256 -41.91958240448601 -41.82317025191668 -41.59844997485892 -42.54570773523301 -43.06771012002395 -43.150706730782986 -43.108838487437204 -42.970947080519466 -41.3078910915181 -40.570218273790346 -36.532428290964 -39.260298397826645 -36.87702323310077 -37.34285948829105 -37.013624152106544 -38.950930235514214 -40.253158925680644 -40.188688494948046 -39.047271059039566 -39.867138474186255 -39.80103983237512 -41.04175926357922 -40.036180615300935 -42.346999295304215 -42.05339485189567 -9999
-9999 -9999 -9999 -9999 -9999 -9999 -9999 -9999 -9999 -9999 -9999 -9999 -9999 -9999 -9999 -9999 -9999 -39.3209568100257 -32.00689561433262 -31.35495433124403 -43.161001411866806 -43.16139754779223 -43.159261930175134 -43.15947773303423 -43.169269245656004 -43.17157900151278 -43.15949227139354 -41.46879263321559 -43.06804347590854 -42.59910881494482 -42.87166525742247 -42.78974698813011 -43.11239097219789 -43.16436034155389 -43.1650209893369 -43.16441945321858 -42.890212703102996 -41.41751718448682 -40.44309688280854 -37.66322517577145 -37.48058861761044 -39.500977804429 -37.648496246255114 -40.82952467844718 -40.28108519706875 -40.92137549012485 -40.8947845287621 -41.959743197862466 -41.552405194917476 -42.1477834381991 -9999 -9999
-9999 -9999 -9999 -9999 -9999 -9999 -9999 -9999 -9999 -9999 -9999 -9999 -9999 -43.06187331672344 -43.05850819233391 -43.04788438359069 -43.04795787259936 -43.049504352112606 -36.19012936378519 -43.063229796455964 -38.111747619385525 -43.02121897337752 -43.16398711895778 -43.16272938158363 -43.16246317144896 -43.162488032546314 -43.16454915578166 -43.1630055765311 -43.162098787393845 -43.15953755753322 -43.160333597432405 -42.33579542823136 -43.02604263625625 -43.16592154736735 -43.16518991757184 -43.16503326493419 -43.14140948895365 -43.16511142274572 -42.04990448363953 -43.122875202654136 -42.66259874691153 -42.80913974646893 -43.076848423170546 -42.7292418309591 -42.223728206629545 -43.16594627205696 -43.16801819360504 -43.16807417985466 -43.16830986887216 -43.16657434708129 -43.15392884026385 -9999
-9999 -9999 -9999 -9999 -9999 -9999 -9999 -9999 -9999 -9999 -9999 -9999 -9999 -43.045252882192536 -43.065741261218975 -43.120587783472395 -43.1721456291568 -43.174701488638924 -43.13625014991396 -43.063330606536724 -43.11171382642869 -43.16370518000589 -43.165731137742604 -43.168340961303976 -43.167483797834976 -43.16760342568159 -43.16543146969958 -43.16611549355503 -43.149397439675205 -43.13089416354067 -43.159463034197685 -43.161274568301934 -43.16128142080789 -43.154964323528105 -43.15537776522753 -43.153085965456235 -43.15333949602727 -43.15776438986261 -43.15916047586749 -43.16192683757593 -43.162579997442656 -43.160544303370024 -43.157621064885625 -43.1544246694073 -43.13545156570358 -43.088950794272954 -43.068404757376356 -43.12432451542053 -43.10853236541152 -43.096844119785565 -43.07633372580426 -43.51040256764326
-9999 -9999 -9999 -9999 -9999 -9999 -9999 -9999 -9999 -9999 -9999 -9999 -9999 -43.06753134793706 -43.14753821920603 -43.164892201705115 -43.16545489062037 -43.16807006870707 -42.62163793316318 -43.164823814129655 -43.16181328691957 -43.16076336331252 -43.15910472244852 -43.16872141657189 -43.16684818464436 -43.16586028827975 -43.16576696383871 -43.16390101655076 -43.14405486407793 -43.08702196085617 -42.97589880184581 -43.15630414626665 -43.16098764002737 -43.160182374219104 -43.16074912879202 -43.15659318438007 -43.153979212500985 -43.14791109619868 -43.14906827817774 -43.15338545781043 -43.155477425145605 -43.149962032234505 -43.144038374473645 -43.104489879827526 -9999 -9999 -9999 -9999 -9999 -9999 -9999 -9999
-9999 -9999 -9999 -9999 -9999 -9999 -9999 -9999 -9999 -9999 -9999 -9999 -9999 -43.13539739656779 -43.158526820875714 -43.163425643928356 -42.9078290603848 -43.16570372616666 -43.160847299007905 -43.16074639107618 -43.159740147532695 -43.160068612442245 -43.162433773527546 -43.16710587073531 -43.16141610998246 -43.157658451609315 -43.157845444956585 -43.15408302233037 -43.122956001365345 -43.15204368802822 -43.04810504013052 -42.095938781110775 -43.098155038141535 -43.155200906511816 -43.154418024275856 -43.15166575368494 -43.152170420272476 -43.15017631045646 -43.14321969588185 -43.137593718349116 -43.11967762971504 -9999 -9999 -9999 -9999 -9999 -9999 -9999 -9999 -9999 -9999 -9999
-9999 -9999 -9999 -9999 -9999 -9999 -9999 -9999 -9999 -9999 -9999 -9999 -43.05631311763493 -43.12752493355009 -43.11075789688362 -42.945276913212396 -43.157302683612535 -43.160696959681815 -43.15783917100893 -43.16050259433686 -43.159896530397226 -43.161940244192046 -43.169027801064985 -43.162213822557696 -43.15497339968052 -43.15799771708747 -43.15471727999135 -43.153813355519546 -43.15527163936447 -43.15943912489133 -43.15804269411084 -43.15476672912224 -43.156371219890815 -43.155813865963786 -43.15531604397628 -43.15081995607664 -43.14716202564952 -43.13941981020487 -43.118858734621774 -43.09189933966846 -42.8770360066245 -9999 -9999 -9999 -9999 -9999 -9999 -9999 -9999 -9999 -9999 -9999
-9999 -9999 -9999 -9999 -9999 -9999 -9999 -9999 -9999 -9999 -9999 -43.15349850224124 -43.12425010361605 -43.10460595993532 -42.967652343503296 -43.165720454127424 -43.16225906318674 -43.161395030116864 -43.16100936184327 -43.16109555792064 -43.1598402230276 -43.160483489702976 -43.157488664591476 -43.15469280657254 -43.15248829929365 -43.146904216085865 -43.149244911451305 -43.14822857806252 -43.147014469943116 -43.148572269144154 -43.14913391549554 -43.14151217573218 -43.1539443615617 -43.151209371247226 -43.149261774081324 -43.14888814240694 -43.145084564532674 -43.1315244588794 -43.08616054467857 -42.855388910281995 -9999 -9999 -9999 -9999 -9999 -9999 -9999 -9999 -9999 -9999 -9999 -9999
-9999 -9999 -9999 -9999 -9999 -9999 -9999 -9999 -9999 -9999 -43.14081830599656 -43.15260232440713 -43.162063246924006 -43.164562683511114 -43.161857408347224 -43.160959833612054 -43.15838517054089 -43.15727604656585 -43.157598690523045 -43.161943324199974 -43.163725229414794 -43.15306865800586 -43.15076078729083 -43.14745745122847 -43.1392167299572 -43.15335408999688 -43.147638673976886 -43.13190606987725 -43.143742775068525 -43.14667216485573 -43.14612058788124 -43.146816755106876 -43.14717223118577 -43.147105431929226 -43.142906469686174 -43.145853730187646 -43.135810184023455 -43.117531360002864 -43.08255850403672 -9999 -9999 -9999 -9999 -9999 -9999 -9999 -9999 -9999 -9999 -9999 -9999 -9999
-9999 -9999 -9999 -9999 -9999 -9999 -9999 -9999 -9999 -9999 -9999 -9999 -43.07898328031103 -43.14296593299756 -43.14201802940417 -43.14754448640679 -43.14602134478175 -43.146691574653 -43.14861976698869 -43.153361857578986 -43.1505545883129 -43.151718659843844 -43.150397113545075 -43.1500354209501 -43.072437960157785 -42.790395243093364 -43.084811382782135 -43.14605277410398 -43.14518377917509 -43.109702339313095 -43.1415119867565 -43.14374035642379 -43.14069710042742 -43.139329857710344 -43.136064939138784 -43.142114393475154 -43.134464094953394 -43.08660117696143 -42.973928777832114 -42.56156193013821 -9999 -9999 -9999 -9999 -9999 -9999 -9999 -9999 -9999 -9999 -9999 -9999
-9999 -9999 -9999 -9999 -9999 -9999 -9999 -9999 -9999 -9999 -9999 -43.08653870845835 -43.134617723545276 -43.10976930008167 -43.14519648792015 -43.13825202191042 -43.143008771600826 -43.14684530041285 -43.14912549956804 -43.14920781745265 -43.150140958817474 -43.12825115372737 -42.890104449850824 -43.11537010731797 -43.15088437818405 -43.15262878154301 -43.149207670862474 -43.146828235954864 -43.14764979485836 -43.144015577042275 -43.1404768789601 -43.1401848980536 -43.138867467662536 -43.13102303368764 -43.13040599415286 -43.12847775098764 -43.105942217964255 -42.99624449383054 -40.698528766983905 -9999 -9999 -9999 -9999 -9999 -9999 -9999 -9999 -9999 -9999 -9999 -9999 -9999
-9999 -9999 -9999 -9999 -9999 -43.06258758521742 -43.14256896854689 -43.10694492401348 -43.07357345239984 -43.06310232012636 -43.06561990094681 -43.13990876519431 -43.11258481666446 -43.13305675958593 -43.14222795696308 -43.143179970959 -43.14926064527697 -43.14762513558898 -43.14846987422142 -43.14710859387285 -43.14659642225338 -43.143227474494935 -43.10311193507579 -42.52569653333889 -42.73696045252598 -43.11846501402971 -43.14647154507953 -43.14520287956629 -43.14042296260595 -43.13285877532843 -43.13209341414687 -43.14272841889825 -43.134043849983975 -43.120690837005775 -43.09135282505304 -43.00764436955667 -42.62073601529829 -39.73543418757617 -9999 -9999 -9999 -9999 -9999 -9999 -9999 -9999 -9999 -9999 -9999 -9999 -9999 -9999
-9999 -9999 -9999 -9999 -43.092675219972925 -43.04927852902976 -43.04667954602175 -42.98772090156045 -43.129179428165976 -43.121410556551474 -43.13910741416945 -43.14332109902882 -43.14312777674447 -43.141621819883575 -43.144989432746335 -43.14462945078396 -43.14353913157765 -43.14327528309077 -43.144632580110596 -43.14306069651826 -43.14169799997989 -43.139532772927645 -43.14211769720747 -42.92695716563613 -43.14033091066197 -43.143400181457395 -43.13772955940416 -43.13813177078134 -43.132053014139345 -43.12820641106615 -43.12357595952021 -43.104552406590024 -43.02056481800973 -42.599313930566936 -41.022624928173094 -9999 -9999 -9999 -9999 -9999 -9999 -9999 -9999 -9999 -9999 -9999 -9999 -9999 -9999 -9999 -9999 -9999
-9999 -9999 -9999 -43.02327360345258 -43.087764136079294 -43.092366932870604 -43.03744237435361 -43.12590254427244 -43.12629688878854 -43.09185501676467 -43.06956346333027 -43.01322497363306 -43.011645841308756 -43.0929657512241 -43.139903018209665 -43.144870295106536 -43.14436381852461 -43.14433700843818 -43.14645472512477 -43.14404175316707 -43.142236141053345 -43.13539478300761 -43.13278775291725 -43.14018771571832 -43.14339278584553 -43.142824032902716 -43.13730740228461 -43.12102210167795 -43.10236293116792 -43.05763295922014 -42.853535582870244 -9999 -9999 -9999 -9999 -9999 -9999 -9999 -9999 -9999 -9999 -9999 -9999 -9999 -9999 -9999 -9999 -9999 -9999 -9999 -9999 -9999
-9999 -9999 -9999 -43.04537305384874 -43.0468942700161 -43.08607538412843 -43.117565243235894 -43.0985370878544 -43.07588904334439 -43.121060568425385 -43.08922313186857 -42.50492467371126 -41.01471866056737 -42.47172186529885 -43.133795021060436 -43.144848563501405 -43.14576413060228 -43.147891435441046 -43.1486084425201 -43.13949954120649 -43.140055758568145 -43.13134069057802 -43.12534988375587 -43.111484888961755 -43.112205970225226 -43.10170922678792 -43.099973089993 -43.06743437925147 -42.79756688307971 -9999 -9999 -9999 -9999 -9999 -9999 -9999 -9999 -9999 -9999 -9999 -9999 -9999 -9999 -9999 -9999 -9999 -9999 -9999 -9999 -9999 -9999 -9999
-9999 -9999 -9999 -43.05511497759984 -43.060660844875706 -43.0545775162263 -43.07643456040985 -43.13792870841507 -43.12284253382435 -43.12734393088354 -43.13613907949378 -43.042445190126706 -42.83815566183378 -42.98851341344416 -43.1268334361414 -43.1486003867247 -43.15325144734234 -43.153975498821175 -43.15070156161157 -43.14692189689312 -43.141266109525326 -43.138664316613635 -43.13797604168455 -43.147669841597484 -43.13887914518514 -43.09781973378526 -42.970653445066674 -41.8531139548868 -9999 -9999 -9999 -9999 -9999 -9999 -9999 -9999 -9999 -9999 -9999 -9999 -9999 -9999 -9999 -9999 -9999 -9999 -9999 -9999 -9999 -9999 -9999 -9999
-9999 -9999 -9999 -43.0608002624578 -43.05649068161017 -43.05547316537963 -43.05424829154378 -43.049198460123606 -43.09424763524697 -43.15362009890377 -43.137498730234796 -43.10730838901879 -43.05552990989138 -43.108378543870316 -43.1495054975566 -43.14906826071028 -43.149404746128454 -43.157133696166184 -43.15612259954215 -43.15078939565768 -43.1521938699608 -43.14270435546835 -43.135779993132594 -43.138222270045006 -43.116901643739816 -43.01378949443914 -41.4821426725015 -9999 -9999 -9999 -9999 -9999 -9999 -9999 -9999 -9999 -9999 -9999 -9999 -9999 -9999 -9999 -9999 -9999 -9999 -9999 -9999 -9999 -9999 -9999 -9999 -9999
-9999 -9999 -9999 -9999 -43.12430299926135 -43.16512179118064 -43.161087220534675 -43.15990717853937 -43.15979615404374 -43.15446603625185 -43.15374760015143 -43.156860476959906 -43.142233197846345 -43.129633467830715 -43.12924690058247 -43.13727650658953 -43.13521935873561 -43.151261497081975 -43.151474395518505 -43.14053020340701 -43.137603529004586 -43.13778427746147 -43.131748379829034 -43.09583663540997 -9999 -9999 -9999 -9999 -9999 -9999 -9999 -9999 -9999 -9999 -9999 -9999 -9999 -9999 -9999 -9999 -9999 -9999 -9999 -9999 -9999 -9999 -9999 -9999 -9999 -9999 -9999 -9999
-9999 -9999 -9999 -9999 -43.0567338872701 -43.136989565504095 -43.17715685247547 -43.172218849323684 -43.16034472543333 -43.132003582413816 -43.12282956764102 -43.111428480098645 -43.12418801689313 -43.12897777894719 -43.1223769220834 -43.125228530437575 -43.1429362302853 -43.13092713471915 -43.147253112143105 -43.14296390116215 -43.13737764304712 -43.1349281563734 -43.042445361241704 -42.60974636390392 -39.71626227442175 -9999 -9999 -9999 -9999 -9999 -9999 -9999 -9999 -9999 -9999 -9999 -9999 -9999 -9999 -9999 -9999 -9999 -9999 -9999 -9999 -9999 -9999 -9999 -9999 -9999 -9999 -9999
-9999 -9999 -9999 -9999 -43.125116883818464 -43.14073391300109 -43.14461724443568 -43.14230760863672 -43.16256226123207 -43.119895049557094 -43.082638281852844 -43.02842191906853 -43.00087377528349 -43.029646646645325 -43.04706738996837 -43.10118249567847 -43.11994958153616 -43.11516747836851 -43.08654158179544 -43.07883674365779 -43.11324321913222 -42.93075973416368 -42.52239776680039 -42.13545197004245 -9999 -9999 -9999 -9999 -9999 -9999 -9999 -9999 -9999 -9999 -9999 -9999 -9999 -9999 -9999 -9999 -9999 -9999 -9999 -9999 -9999 -9999 -9999 -9999 -9999 -9999 -9999 -9999
