metrics/grid_rasters/GLDAS/grideval_GLDAS_X_fall_2016_absolute_bias.asc
ncols 52
nrows 55
xllcorner     11.25
yllcorner     55.25
cellsize      0.25
NODATA_value  -9999
[rows 0 to 27 of 55, columns 0 to 51 of 52]
-9999 -9999 -9999 -9999 -9999 -9999 -9999 -9999 -9999 -9999 -9999 -9999 -9999 -9999 -9999 -9999 -9999 -9999 -9999 -9999 -9999 -9999 -9999 -9999 -9999 -9999 -9999 -9999 -9999 -9999 -9999 -9999 -9999 -9999 -9999 -9999 -27.41647581985364 -27.020113579069196 -27.288143111699885 -9999 -9999 -9999 -9999 -9999 -9999 -9999 -9999 -9999 -9999 -9999 -9999 -9999
-9999 -9999 -9999 -9999 -9999 -9999 -9999 -9999 -9999 -9999 -9999 -9999 -9999 -9999 -9999 -9999 -9999 -9999 -9999 -9999 -9999 -9999 -9999 -9999 -9999 -9999 -9999 -9999 -9999 -9999 -9999 -9999 -9999 -9999 -9999 -9999 -26.875475740817553 -27.135785065796018 -26.694994609516396 -26.19060661516838 -26.541452092272078 -26.707048007522477 -9999 -9999 -9999 -9999 -9999 -9999 -9999 -9999 -9999 -9999
-9999 -9999 -9999 -9999 -9999 -9999 -9999 -9999 -9999 -9999 -9999 -9999 -9999 -9999 -9999 -9999 -9999 -9999 -9999 -9999 -9999 -9999 -9999 -9999 -9999 -9999 -9999 -28.34520222578239 -28.180770173832606 -27.68381772026583 -28.305719424530373 -28.429846825630783 -26.496079173143748 -27.295655298691532 -9999 -27.91900190670084 -28.85954617733484 -27.288048811666254 -27.800991544233902 -27.325212864225712 -27.26559570312991 -27.08345626286425 -26.79981708890953 -26.493167046273307 -26.564671059579148 -26.58125506343504 -9999 -9999 -9999 -9999 -9999 -9999
-9999 -9999 -9999 -9999 -9999 -9999 -9999 -9999 -9999 -9999 -9999 -9999 -9999 -9999 -9999 -9999 -9999 -9999 -9999 -9999 -9999 -9999 -9999 -9999 -9999 -9999 -9999 -28.081068968298016 -27.729628426074 -27.25219542164724 -27.009940370262324 -27.09088241681457 -27.33948149589392 -27.701911505618764 -27.56105295255535 -27.828384174013532 -27.902303887101322 -28.047979847067488 -27.921061340310093 -27.45615686615417 -27.171703597674004 -26.658919354204784 -26.386152344008728 -26.66254504624713 -26.692767397285646 -26.895133309578014 -26.79368020178607 -27.02010220418183 -9999 -9999 -9999 -9999
-9999 -9999 -9999 -9999 -9999 -9999 -9999 -9999 -9999 -9999 -9999 -9999 -9999 -9999 -9999 -9999 -9999 -9999 -9999 -9999 -9999 -9999 -30.18415570701217 -27.88632138679316 -28.28614110577401 -29.202468952593893 -27.60519295889925 -27.487084315209604 -27.391297185527428 -27.13488704215858 -27.250311647592998 -27.37582683776106 -27.72893582779791 -27.78385089769714 -27.58537040528033 -26.99561990089305 -26.624268965283925 -26.418431420841227 -26.34075213037431 -26.488447308356122 -26.271315094144956 -26.330171400537854 -26.300821407503644 -26.606676841318446 -26.80865144866754 -26.863729344455752 -27.11298202643437 -27.359304719532908 -27.55756978514594 -9999 -9999 -9999
-9999 -9999 -9999 -9999 -9999 -9999 -9999 -9999 -9999 -9999 -9999 -9999 -9999 -9999 -9999 -9999 -9999 -9999 -9999 -9999 -9999 -29.041330673619285 -30.119196632037774 -28.329965148735177 -28.5475502472248 -30.16729653643055 -28.006507442179288 -28.63304877563656 -27.363089583855075 -27.44295106095436 -27.483747682237365 -27.60339528481875 -28.346208612506214 -27.548763268514648 -27.11490443002965 -26.477366034924003 -26.24672667473391 -26.059171876061587 -25.987311524021763 -26.201468878968072 -26.189317449681702 -26.110296474237533 -26.233379325532646 -26.65949564746448 -26.885392693270532 -26.926105588121892 -26.994135887106204 -27.470740719053612 -27.65136066789401 -9999 -9999 -9999
-9999 -9999 -9999 -9999 -9999 -9999 -9999 -9999 -9999 -9999 -9999 -9999 -9999 -9999 -9999 -9999 -9999 -9999 -9999 -9999 -30.225043775534235 -28.484991764383654 -29.576074641975733 -26.824409065338283 -25.961514201138048 -26.53508088144136 -26.856109779983104 -27.24188807492073 -28.42084632605151 -27.4484314211941 -26.967429886398076 -27.23978861059052 -27.06233233835671 -26.95512671480057 -26.668364000148497 -26.276087323387898 -26.146113036691645 -26.101969273556232 -26.086979537711038 -26.263795816656817 -26.206895398016982 -26.269000058850413 -26.471762535008754 -26.707452730613426 -27.03593318667877 -27.105063891386266 -27.35206416971818 -27.45327206146341 -27.716414091003298 -28.019769743125845 -9999 -9999
-9999 -9999 -9999 -9999 -9999 -9999 -9999 -9999 -9999 -9999 -9999 -9999 -9999 -9999 -9999 -9999 -9999 -9999 -9999 -9999 -9999 -27.66771327958002 -27.60581251074161 -27.930202618446003 -27.744301220217906 -27.503494090390397 -27.15764400203313 -27.383139626624487 -27.09941145695828 -27.192843677803545 -26.98317199269985 -26.786196492817048 -26.3319907648755 -26.10009599900753 -26.089119490829635 -26.021870583275355 -25.970139221216627 -26.13619083610292 -26.051485727919818 -26.209702398402843 -26.247016826276106 -26.385345958684987 -26.60977734915994 -26.861067422430267 -26.92969512047021 -27.179993296042085 -27.325163353459683 -27.209496498537757 -27.63790848282176 -9999 -9999 -9999
-9999 -9999 -9999 -9999 -9999 -9999 -9999 -9999 -9999 -9999 -9999 -9999 -9999 -9999 -9999 -9999 -9999 -9999 -9999 -28.329960019419808 -28.20441610296513 -28.05725885808959 -28.43433871320807 -27.125131502829408 -27.20923668203445 -27.174474059757625 -26.76702247295979 -26.06387168613191 -25.8430694868522 -25.747835071204786 -25.688426018109197 -25.950963773672555 -25.86279021193284 -25.84951350893211 -25.846157783417254 -25.767961533883447 -25.741715592854128 -25.804233678483534 -25.837482780975467 -25.840432154894856 -25.809962151367426 -25.88527765951969 -26.011689661213985 -25.963526079901953 -26.049412294219323 -26.525809192334066 -26.78016088141517 -27.153435323325983 -26.90103260464557 -27.22536903013895 -27.357572795679932 -9999
-9999 -9999 -9999 -9999 -9999 -9999 -9999 -9999 -9999 -9999 -9999 -9999 -9999 -9999 -9999 -9999 -9999 -9999 -27.04910561692093 -28.36716166908269 -28.48095887273059 -28.5060429971788 -28.77433655038476 -29.398944732149715 -27.767836120716485 -28.026889849863533 -27.90147516454805 -26.6144964519356 -26.423266420140862 -25.81404562728418 -25.466552725512084 -25.93497513396317 -25.983994941319253 -25.95821897914777 -25.958502769122248 -26.053630122935377 -25.892363309778357 -26.090373336081647 -26.011240963445424 -26.16472645138728 -26.19671683952949 -26.123689271919023 -26.061691797103038 -26.187151168360487 -26.231181683325833 -26.471030616252637 -26.68098511284852 -27.07165691739583 -26.612610870685717 -27.13083253481559 -26.861511439412514 -9999
-9999 -9999 -9999 -9999 -9999 -9999 -9999 -9999 -9999 -9999 -9999 -9999 -9999 -9999 -9999 -9999 -9999 -27.252536813636407 -26.31787859804028 -25.91252715920436 -27.67754717007443 -27.26148317064476 -27.164681904079327 -27.15390913047224 -27.089982479237595 -27.20576476559534 -26.72736510184113 -26.16820580592113 -25.90131369261788 -25.666503543812 -25.440922156917853 -25.84533565687937 -25.94128012694009 -25.93945090265965 -25.97941234427412 -26.07689599103325 -26.03352358566781 -26.088482322560235 -26.134383902588226 -26.033788439500466 -25.982495974606053 -25.968546294924487 -25.780393589288 -25.971465098784194 -25.922072441920967 -26.2191596403718 -26.25979310708059 -26.85309389687993 -26.74577632978313 -27.012432484897776 -9999 -9999
-9999 -9999 -9999 -9999 -9999 -9999 -9999 -9999 -9999 -9999 -9999 -9999 -9999 -31.008894687538945 -30.955482387608228 -27.89987808502801 -28.181735083297056 -28.88337231255495 -26.787447651623047 -27.486441400516163 -26.45821302531512 -27.606178374776803 -26.75792992980844 -26.884104332180467 -27.00730033439922 -26.892300610399836 -26.499099108114184 -25.815684948362165 -25.7715166361368 -25.42912829319363 -25.51467350506029 -25.98990042745084 -26.10159711609339 -26.15875873714685 -26.254216073551675 -26.001963732559442 -25.898169496065968 -26.057051656133197 -25.794755734851236 -26.594012006134772 -26.360769652321444 -26.443369216234473 -26.68438686066113 -26.550794175263125 -26.508008007082964 -27.18133672631786 -27.76145080583436 -27.810673127073674 -27.732664636080408 -27.888371730960174 -27.745927022585825 -9999
-9999 -9999 -9999 -9999 -9999 -9999 -9999 -9999 -9999 -9999 -9999 -9999 -9999 -28.98248998857625 -29.44703058857512 -27.896759792466412 -28.79305022443225 -28.70199702240036 -28.529311803732444 -26.61848565031375 -26.52139850022209 -26.38471097974004 -26.202179608457197 -26.379844643175602 -26.29405701033525 -26.187916711300286 -26.10988900525966 -25.83951303454955 -25.627802198445732 -25.431291627810225 -25.540652222931385 -25.481277830427985 -25.572263756439416 -25.613793469535608 -25.53555806249298 -25.700993692318157 -25.671396549606882 -26.461330761703163 -26.4753490822533 -27.50159773668581 -27.52858192041762 -28.18757648465152 -28.067197780728666 -28.21346516526498 -28.123443393302807 -26.150989323260852 -26.162332177939977 -26.44361810607242 -26.45648027055866 -26.49433109166285 -26.59699802379032 -29.1889670589468
-9999 -9999 -9999 -9999 -9999 -9999 -9999 -9999 -9999 -9999 -9999 -9999 -9999 -29.107912022456695 -28.923779330369864 -27.707470828749162 -27.309311688580852 -27.494795290753245 -27.697583764075087 -26.30721099541656 -26.20493618642481 -26.14527544618717 -26.020136625291066 -26.508375492417716 -26.312973369629336 -26.28444989887322 -26.174662915723662 -25.879548681613347 -25.670495525514198 -25.61234977935533 -25.549992618754832 -25.38631121896125 -25.506803864674577 -25.6504794430438 -25.67685074967097 -25.717069358738893 -25.9379116544848 -26.59159776730115 -27.25723733752966 -28.044714467292962 -28.340196123060128 -27.919194642884232 -28.177141984208273 -28.035648008317253 -9999 -9999 -9999 -9999 -9999 -9999 -9999 -9999
-9999 -9999 -9999 -9999 -9999 -9999 -9999 -9999 -9999 -9999 -9999 -9999 -9999 -29.02095097415968 -28.74244632741825 -27.641527913469858 -27.937423066901307 -27.373405597121504 -26.973258610692 -25.843042631521 -25.96582785750238 -25.919450056687975 -25.920845844997807 -26.184225499998412 -26.157738258714204 -26.21705403052025 -26.195502449174995 -25.693104343918648 -25.655367516513387 -25.557064885642014 -25.685047094147286 -25.579688291239382 -25.849895439960147 -26.000691859563304 -25.950213202817753 -26.16297061696321 -26.1430758514984 -26.52426142812512 -27.345319285292874 -28.20202155939334 -28.10520949044807 -9999 -9999 -9999 -9999 -9999 -9999 -9999 -9999 -9999 -9999 -9999
-9999 -9999 -9999 -9999 -9999 -9999 -9999 -9999 -9999 -9999 -9999 -9999 -28.375517513234534 -28.406412802738966 -28.198341952759648 -27.895482199573582 -27.573921072614063 -27.02925101166161 -27.210610778552 -25.78627850991357 -25.845098042676412 -25.787727446653523 -25.93220283987594 -26.089895546641003 -25.94034661481587 -25.960432794661475 -26.098714945633173 -25.792624506178303 -25.734433145702376 -25.75317289412104 -25.943880421836127 -26.028678721492433 -26.34288959387321 -26.301220207116927 -26.29183353962643 -26.239363562438516 -26.27865578135946 -27.04639014779784 -27.56124868790445 -28.033479728091226 -26.08386776446887 -9999 -9999 -9999 -9999 -9999 -9999 -9999 -9999 -9999 -9999 -9999
-9999 -9999 -9999 -9999 -9999 -9999 -9999 -9999 -9999 -9999 -9999 -28.30627726939517 -27.621592148974706 -27.25870373018168 -27.21591110273705 -26.890595097729307 -26.761617521847505 -26.760111549951052 -26.395810028415298 -25.272567187343817 -25.058327855071525 -25.338802543663224 -25.14674589344925 -24.87827652271141 -24.882310382735273 -25.18761075891882 -25.39313686542868 -25.20146559332344 -25.233743501438216 -25.59450612833293 -25.70296244288457 -25.85186813399196 -25.94208453693888 -26.03921546080856 -26.109013729964147 -26.863584576481646 -27.2054668269069 -27.458033768091717 -27.49077233346691 -26.18747229145451 -9999 -9999 -9999 -9999 -9999 -9999 -9999 -9999 -9999 -9999 -9999 -9999
-9999 -9999 -9999 -9999 -9999 -9999 -9999 -9999 -9999 -9999 -31.52294534864416 -29.04344636226421 -27.667963644919485 -27.471975172634476 -27.275126948768452 -27.48544035141694 -26.821063044798244 -26.79984873744076 -26.13905592745805 -25.159392263883586 -25.01210425069535 -25.31357757767642 -25.017360057599927 -24.77731024930356 -24.718239062025646 -24.821294947005402 -25.09787583805539 -25.011239679468854 -25.511347688714064 -25.413902146352843 -25.80026777766154 -26.132535658940512 -26.047186836600304 -26.058445010477534 -26.195425021840812 -27.313373561764323 -27.551178363694266 -27.278787424685536 -27.499903735346518 -9999 -9999 -9999 -9999 -9999 -9999 -9999 -9999 -9999 -9999 -9999 -9999 -9999
-9999 -9999 -9999 -9999 -9999 -9999 -9999 -9999 -9999 -9999 -9999 -9999 -27.670951904995103 -28.269215905936537 -28.440361336426253 -27.289045647687306 -27.561774232578312 -27.500271211879763 -27.49579999071884 -25.10076705114609 -25.211085470024862 -25.862495796222767 -25.73647748715766 -25.41769531839988 -25.020177329409414 -24.728542139610425 -24.902998245965968 -25.04863364931073 -25.330733315200433 -24.672804326719643 -26.20131274703685 -26.10457732215278 -26.12421736561253 -26.098533755741443 -26.160459360025907 -27.320434292962588 -27.324158772539636 -27.45672891166184 -27.316766532567836 -26.429534581704782 -9999 -9999 -9999 -9999 -9999 -9999 -9999 -9999 -9999 -9999 -9999 -9999
-9999 -9999 -9999 -9999 -9999 -9999 -9999 -9999 -9999 -9999 -9999 -28.983847893569823 -29.188410889480142 -28.601761798323178 -28.536503726943998 -27.25530145804469 -27.3504669997268 -27.50334088723329 -27.901128915537683 -25.734542302009498 -25.925238531082872 -25.60201856545121 -25.42392988380168 -25.107347230048298 -25.42236743908334 -25.66532650788489 -25.39616803628403 -25.077364871687774 -25.434009049210573 -26.123106230173136 -25.416170678091245 -26.435335388918823 -26.48593730569541 -26.566915687235014 -26.60229272280748 -27.23739532358781 -27.44299624733381 -26.57022763858293 -25.292939904831595 -9999 -9999 -9999 -9999 -9999 -9999 -9999 -9999 -9999 -9999 -9999 -9999 -9999
-9999 -9999 -9999 -9999 -9999 -32.752941755721196 -32.59855151176453 -30.6317908675461 -29.366927160871224 -29.837785342524015 -29.114980271147505 -28.524985118636064 -28.461124476413804 -28.85327420201521 -28.820116447121073 -28.29100745562259 -28.31551169599969 -28.200655543480764 -28.098003834383665 -25.607331734252988 -25.47887891367241 -25.583285789895843 -25.711552729031872 -24.897020692128567 -25.089054941844484 -25.176997440324712 -25.05533697587121 -25.409252412494396 -25.525366212988448 -25.778804609040307 -25.979273605702833 -27.022316513542126 -27.07891000792957 -27.039224106634222 -27.184151864068195 -26.69699743081007 -25.597310340134324 -25.178581746786342 -9999 -9999 -9999 -9999 -9999 -9999 -9999 -9999 -9999 -9999 -9999 -9999 -9999 -9999
-9999 -9999 -9999 -9999 -32.770987659160575 -32.53771708406262 -30.909092381432814 -30.157295432924247 -30.05114543282396 -29.4928184195043 -28.962983514970308 -28.609066470086088 -28.878536035603545 -29.354272914067888 -29.80482195420088 -28.83283257869246 -28.70842983411973 -28.579322663923868 -28.819888316033467 -26.36665408393102 -25.99288884814378 -25.72973619505845 -25.745979851889572 -24.995398881179945 -25.029665563521643 -25.111175827006555 -25.148243116624247 -25.705155412226425 -25.84078923168664 -25.74881939272713 -26.164965340724358 -27.356820701652175 -26.957308804125084 -25.037711923594003 -24.578352733177468 -9999 -9999 -9999 -9999 -9999 -9999 -9999 -9999 -9999 -9999 -9999 -9999 -9999 -9999 -9999 -9999 -9999
-9999 -9999 -9999 -32.807234966001666 -32.79585916029064 -32.40031567129951 -32.32195225407134 -30.854382292766648 -29.200173126922532 -28.93344258629604 -28.408336972347 -28.800236436262068 -28.774234354209444 -29.157570327806116 -29.585421287198805 -28.60187055027256 -28.352737186026282 -28.412096845845767 -28.016393908944263 -26.135938067132464 -26.00624892174952 -25.81229783170908 -25.458332446270763 -24.981878107741146 -25.130647673588857 -25.240773436541737 -25.204873287988892 -25.643275885771104 -25.69877335742361 -25.81066528198074 -25.587863126585447 -9999 -9999 -9999 -9999 -9999 -9999 -9999 -9999 -9999 -9999 -9999 -9999 -9999 -9999 -9999 -9999 -9999 -9999 -9999 -9999 -9999
-9999 -9999 -9999 -32.82306456782825 -30.004822149790908 -32.72109074096431 -32.640673562884324 -32.173635344051725 -31.72873169134607 -30.84346216536321 -29.31769130628679 -28.54352549958851 -28.45915974938607 -28.709785715461926 -28.879014910290856 -28.134613977110646 -28.232383748987218 -28.42957643186162 -28.41219454459273 -26.328091873367732 -25.95309370389761 -26.234343570872003 -25.83471889699717 -24.971311254467768 -24.872279434475107 -24.971590796874448 -25.31023664788885 -26.076776405755467 -25.958919512230782 -9999 -9999 -9999 -9999 -9999 -9999 -9999 -9999 -9999 -9999 -9999 -9999 -9999 -9999 -9999 -9999 -9999 -9999 -9999 -9999 -9999 -9999 -9999
-9999 -9999 -9999 -29.458917886837497 -29.23238181650311 -29.312606373412923 -28.70634803327394 -28.837852780635536 -29.49499207000238 -28.964874277628226 -30.41603268271537 -28.288292387029628 -27.21947981269805 -27.053436952980828 -27.33016157379517 -28.09305821115581 -28.675983079535126 -29.22893881290168 -29.529811847586554 -27.389922041241284 -27.214663964931614 -26.979081997852568 -27.25374722896287 -27.717226779538695 -27.737191903885908 -27.597026998381853 -27.146490534051107 -25.168727440984693 -9999 -9999 -9999 -9999 -9999 -9999 -9999 -9999 -9999 -9999 -9999 -9999 -9999 -9999 -9999 -9999 -9999 -9999 -9999 -9999 -9999 -9999 -9999 -9999
-9999 -9999 -9999 -29.187726500638565 -29.770664216316014 -32.67395302055629 -30.057140081302148 -31.41081229224801 -31.489460389324268 -31.356105990810214 -30.189041224809788 -28.35780313416578 -27.760273947759156 -27.95666308875022 -28.182262904655477 -28.59840217230657 -28.689731546769764 -29.076813125901 -29.13410052329629 -27.32377989790761 -27.212715237964314 -27.150332540273666 -27.12386929143507 -27.735725065038267 -27.720659398545443 -27.265197851029892 -25.013464151830462 -9999 -9999 -9999 -9999 -9999 -9999 -9999 -9999 -9999 -9999 -9999 -9999 -9999 -9999 -9999 -9999 -9999 -9999 -9999 -9999 -9999 -9999 -9999 -9999 -9999
-9999 -9999 -9999 -9999 -31.703300955531358 -31.667453786542453 -31.80387481582443 -31.16131553221698 -30.975379445661716 -30.628430364714877 -30.55751103437045 -28.65644502185367 -28.432745725817078 -27.841116773619593 -28.196978444520102 -28.003500791860148 -28.191431986004282 -28.63109106394452 -28.90542637186309 -27.153542135811442 -27.02380699969337 -27.182945137454585 -26.930297323717518 -26.695512631068844 -9999 -9999 -9999 -9999 -9999 -9999 -9999 -9999 -9999 -9999 -9999 -9999 -9999 -9999 -9999 -9999 -9999 -9999 -9999 -9999 -9999 -9999 -9999 -9999 -9999 -9999 -9999 -9999
-9999 -9999 -9999 -9999 -31.288655845919145 -31.32823894207704 -31.918579760693262 -31.374592842595593 -31.357057442376906 -29.25046304431181 -28.873908303637094 -28.17918553463296 -28.25585557964559 -28.28596875192291 -28.389651267881412 -28.049948495659198 -28.142394851320066 -28.170105012604488 -27.879355241800408 -26.94098158235979 -26.64685489802243 -26.803155453261603 -26.406419527358732 -26.605458853930067 -24.5493445625672 -9999 -9999 -9999 -9999 -9999 -9999 -9999 -9999 -9999 -9999 -9999 -9999 -9999 -9999 -9999 -9999 -9999 -9999 -9999 -9999 -9999 -9999 -9999 -9999 -9999 -9999 -9999
