metrics/grid_rasters/GLDAS/grideval_GLDAS_X_fall_2016_absolute_ubrmsd.asc
ncols 52
nrows 55
xllcorner     11.25
yllcorner     55.25
cellsize      0.25
NODATA_value  -9999
[rows 0 to 29 of 55, columns 0 to 51 of 52]
-9999 -9999 -9999 -9999 -9999 -9999 -9999 -9999 -9999 -9999 -9999 -9999 -9999 -9999 -9999 -9999 -9999 -9999 -9999 -9999 -9999 -9999 -9999 -9999 -9999 -9999 -9999 -9999 -9999 -9999 -9999 -9999 -9999 -9999 -9999 -9999 1.2746163988834034 1.307916585736712 1.2129228727976389 -9999 -9999 -9999 -9999 -9999 -9999 -9999 -9999 -9999 -9999 -9999 -9999 -9999
-9999 -9999 -9999 -9999 -9999 -9999 -9999 -9999 -9999 -9999 -9999 -9999 -9999 -9999 -9999 -9999 -9999 -9999 -9999 -9999 -9999 -9999 -9999 -9999 -9999 -9999 -9999 -9999 -9999 -9999 -9999 -9999 -9999 -9999 -9999 -9999 1.2414017907567196 1.333579198467459 1.2528116320000189 1.0312694971354914 1.1100063396376718 0.9896336504798262 -9999 -9999 -9999 -9999 -9999 -9999 -9999 -9999 -9999 -9999
-9999 -9999 -9999 -9999 -9999 -9999 -9999 -9999 -9999 -9999 -9999 -9999 -9999 -9999 -9999 -9999 -9999 -9999 -9999 -9999 -9999 -9999 -9999 -9999 -9999 -9999 -9999 1.0961357485168557 1.3870752372993354 0.7374320425214276 1.1111667304026969 1.3259061021136584 1.003356133722745 0.7234730481781455 -9999 0.9886274987955928 1.9630308356696364 1.443898441251146 1.3626080262114275 1.064282817230649 0.7334705814267962 0.7048124163765312 0.6670557599576407 0.8185421036244357 0.8032173524317133 0.8034306961906487 -9999 -9999 -9999 -9999 -9999 -9999
-9999 -9999 -9999 -9999 -9999 -9999 -9999 -9999 -9999 -9999 -9999 -9999 -9999 -9999 -9999 -9999 -9999 -9999 -9999 -9999 -9999 -9999 -9999 -9999 -9999 -9999 -9999 2.0017096652277506 1.8508566363903536 1.382695213805454 1.5411444354471766 1.3718819146126973 1.4071373480048492 0.7851237968990641 0.7586505749586977 0.9574333460812514 1.1367542041762926 1.1913943828443176 1.031723981233673 0.7809254566736755 0.7033084585730356 0.6791085510590416 0.7875130263634458 0.7386590401162231 0.7512432741893035 0.6866423881743013 0.7018868640205068 0.8778976306815607 -9999 -9999 -9999 -9999
-9999 -9999 -9999 -9999 -9999 -9999 -9999 -9999 -9999 -9999 -9999 -9999 -9999 -9999 -9999 -9999 -9999 -9999 -9999 -9999 -9999 -9999 2.2884636702614416 0.9261990914625142 1.1336042127036292 1.7059645541797006 1.903083214362561 1.933891135183612 1.8542323251953892 1.7091775528109676 1.613138746093941 1.4364948539210494 1.4384524341775755 1.0803158842603553 0.6453540356312795 0.6952275284195968 0.8196609047109278 0.8741024811481638 0.8696842109389818 0.7506236208908246 0.8585397277466513 0.8459987936253863 0.8850301927600198 0.7894284644731693 0.7517623250352643 0.7612945931609941 0.7721010184155287 1.057361423591457 1.3729504270192356 -9999 -9999 -9999
-9999 -9999 -9999 -9999 -9999 -9999 -9999 -9999 -9999 -9999 -9999 -9999 -9999 -9999 -9999 -9999 -9999 -9999 -9999 -9999 -9999 1.4394914946483697 2.3284446781086268 1.1777837558263944 1.312482741726278 2.6477754973975363 0.9746818289245716 1.6631658510016596 1.6080184832180011 0.9121596368818276 0.9001961745578553 1.411786085605518 1.4419464441753649 0.6939309631944948 0.6008589369805463 0.9189192469517149 1.051149540737223 1.1078278114381932 1.0846125812312988 0.8903619424808478 0.8893436242329427 0.9333523112849276 0.8713101357264368 0.7442433519357958 0.7226260589030394 0.7435137386994444 0.7519491091342354 1.0195022963614837 1.3526318892623728 -9999 -9999 -9999
-9999 -9999 -9999 -9999 -9999 -9999 -9999 -9999 -9999 -9999 -9999 -9999 -9999 -9999 -9999 -9999 -9999 -9999 -9999 -9999 2.3240831719240256 1.2417406762266383 2.1174884512848533 1.2043673300869833 1.2243401015134747 1.4749284727158896 1.5368025142125674 1.6816926080375267 1.545304367009005 0.7356639265990176 0.7054543746228314 0.6870087531625723 0.6694617369569343 0.6830470319342163 0.7677016352137916 1.0379787591377347 1.1206357001930496 1.1116755330890993 1.0503069200327453 0.8767831508531971 0.8864002450672208 0.869539333433232 0.7961652472563863 0.7408861582208415 0.8364662072102953 0.9741452791865072 1.25173711592794 1.473625158235366 1.9143830135512558 2.35042388687122 -9999 -9999
-9999 -9999 -9999 -9999 -9999 -9999 -9999 -9999 -9999 -9999 -9999 -9999 -9999 -9999 -9999 -9999 -9999 -9999 -9999 -9999 -9999 1.560927231482533 1.6934788054584091 2.0618316544925106 1.922716562428332 1.776028019339461 1.3808703721921864 1.4430676671657061 0.7640256855649872 0.7782719195189254 0.7165806090954097 0.7538979653747226 0.9458493107876388 1.0537775960986375 1.055693512872953 1.1984922211270606 1.2203614603186683 1.05465467596508 1.031680696845813 0.8715290752278347 0.8285317048662794 0.7841227475224699 0.7527938355024151 0.7347695881928329 0.8329325807279196 1.1689306573345557 1.4290074692380788 1.0309967656424182 1.5441085649660835 -9999 -9999 -9999
-9999 -9999 -9999 -9999 -9999 -9999 -9999 -9999 -9999 -9999 -9999 -9999 -9999 -9999 -9999 -9999 -9999 -9999 -9999 1.433264444165586 1.024447346637048 0.9434083217842484 1.5363277934491315 1.2244737350059034 1.2240889228450054 0.6711094010370512 0.7360837679816516 0.9792056025322012 1.104259490140115 1.133751343240979 1.1316133515208855 0.896449212445894 0.9957949432228536 1.0146962232866357 1.023664012439605 1.1676591201714168 1.1965067346981526 1.1506070415425582 1.0677408301997058 1.0282509533515984 0.9618443441242472 0.8952559269835552 0.8712971116969789 0.8493837713721935 0.9021338620686379 1.3021940538842545 1.7407520269476775 2.04104726349074 1.6956440844357064 2.822881013977562 3.543204279939156 -9999
-9999 -9999 -9999 -9999 -9999 -9999 -9999 -9999 -9999 -9999 -9999 -9999 -9999 -9999 -9999 -9999 -9999 -9999 1.159904544564213 1.5564393182342031 1.5399046587626266 1.4784905318714774 1.610517687773115 1.6853659412559527 0.755087037109873 0.9293718569704124 0.8357112420847906 0.7374473155289268 0.8324124410153823 1.1545302766392591 1.2744251223017111 0.8876226319857521 0.8861906942753405 0.8766504958147832 0.8878330776899493 0.8851730428877983 0.972293978578253 0.8709704500508038 0.9177044193027776 0.8424014148788348 0.8706846630613206 0.8879275247059082 0.8992670597436151 1.1157986872478816 1.224299467983374 1.6185409005028195 1.9277679654023097 2.515962144983145 1.8577505665977885 3.580202257945139 3.364467513343002 -9999
-9999 -9999 -9999 -9999 -9999 -9999 -9999 -9999 -9999 -9999 -9999 -9999 -9999 -9999 -9999 -9999 -9999 1.1161346132223386 0.8241664422297502 0.7173364935737793 0.8023757120911215 1.0440549780575066 0.9183498121961676 0.6655698510328564 0.7239307292767218 0.7386044945500184 0.7260783126522582 0.9184597336959764 1.0498196823497148 1.2061692350118098 1.3699295987563331 0.971297616151812 0.9184947900908274 0.9032958067907172 0.8948944948881257 0.8708194460722917 0.8459117853478584 0.8032861459096792 0.8322915641028412 0.8191420185687842 0.8448897479123664 0.8725929732755338 0.976917066839745 1.2825214645302798 1.3577969668843015 2.111557259802949 2.1669948752258863 3.155331701966257 2.9954363450216803 3.610212856726119 -9999 -9999
-9999 -9999 -9999 -9999 -9999 -9999 -9999 -9999 -9999 -9999 -9999 -9999 -9999 2.714209229960891 4.318154497486962 1.0739486079214375 0.9971286678766766 1.3618208551227635 1.0149413616905183 0.9947839838394092 0.8906952932625546 1.1968204500243906 0.7834278542625135 0.8607880087537925 1.4746558920265496 1.6952611863326623 1.0277218531941217 1.0418999965070117 1.0513299117214214 1.2079048323233743 1.1252394912861914 0.7900875209049808 0.7429521642622038 0.7188496856018742 0.7090409952731781 0.8930032255604932 0.9502341664918728 1.1015473473032305 0.9542457177082664 2.6499475478728534 2.198338844543525 2.6357070588428333 3.362431352675169 3.138691047477733 2.9659336628984665 4.598484069155775 5.925978136517825 5.77184618873268 5.590719494664113 5.809449177352829 5.5969620028767455 -9999
-9999 -9999 -9999 -9999 -9999 -9999 -9999 -9999 -9999 -9999 -9999 -9999 -9999 2.512467572498009 3.272191442396169 1.4529774614295616 1.2302387021751158 1.1668481752673638 1.088897511358288 0.8341981602939241 0.8382976637978067 0.8772646125084261 1.0723040376732658 1.1459716946636724 1.1342977565689611 1.1288470916946711 1.0748179086897836 1.0257421480410818 0.9968600653389376 1.0581047281132383 0.9489314961909456 0.7525710141083983 0.7368123421644779 0.739571743715135 0.7852665856973828 1.0201980544867684 0.9894211591498416 2.1830876487900905 2.232593765973252 3.837037409957296 4.029268120716638 5.748449329243753 6.139817640794165 6.205015751615328 6.049174758372122 2.6287961064834016 2.6288100719428455 2.659732341027643 2.691040666381772 2.7489550859230167 2.7971303547091364 2.3904805081205613
-9999 -9999 -9999 -9999 -9999 -9999 -9999 -9999 -9999 -9999 -9999 -9999 -9999 2.731685967421257 2.595371483675321 1.3689727102039826 1.2757288998305985 1.1015591310613957 0.8538849631186702 1.0525666189378429 0.9613976717117808 0.970076697912029 1.1996094633909904 1.4754486922380898 1.333752648079419 1.3068279797132458 1.313650834925902 1.187842725429123 1.0757202012881828 1.0560151291963351 0.9777430350104672 0.8380027905955375 0.8370213338664692 0.9051680525880909 0.9097069224110976 0.95858984833383 1.3508426549176342 3.0272010551939195 4.597663155194086 5.553947812924241 5.853274849991666 6.0579696880011396 6.0909545526905005 5.947307615478508 -9999 -9999 -9999 -9999 -9999 -9999 -9999 -9999
-9999 -9999 -9999 -9999 -9999 -9999 -9999 -9999 -9999 -9999 -9999 -9999 -9999 2.076357441974312 1.9438113746950976 1.3274117205514866 0.9436578181798152 0.91957093359638 1.0431762383604837 1.3724448472320523 1.5916761824870285 1.4173323721343116 1.2310274544197062 1.1455151643696109 1.3858792804207232 1.5908996754948446 1.4949968729745886 1.173001332938958 1.0096900273954816 0.9816436847915728 0.9233433380677678 0.7522824942096392 0.836948425591725 1.1623130876331054 1.4188781704264692 1.5593583080675006 1.863202280648507 2.554636663852293 4.666896309810483 6.125681811624826 6.195193026513872 -9999 -9999 -9999 -9999 -9999 -9999 -9999 -9999 -9999 -9999 -9999
-9999 -9999 -9999 -9999 -9999 -9999 -9999 -9999 -9999 -9999 -9999 -9999 1.1632847261347097 1.2249885712957849 1.0526438419039028 1.0098271248902164 1.0133892946392336 1.0681692221199068 1.6198577818374431 1.3393080221885358 1.277664599521295 1.4211213220344092 1.5243299043482137 1.4694286020895206 1.4399303566122992 1.6517885547227609 1.7020985760803218 1.5721137597097319 1.3753368028857271 1.229717682251238 1.2617435570213862 1.5519511830982742 1.8465626608298251 2.148413791270589 2.076068312069327 2.0958859685577167 2.385293073697113 4.227358980120044 5.86922083423269 6.201062534381805 2.8029814762070657 -9999 -9999 -9999 -9999 -9999 -9999 -9999 -9999 -9999 -9999 -9999
-9999 -9999 -9999 -9999 -9999 -9999 -9999 -9999 -9999 -9999 -9999 3.0397849315909635 2.113022014708403 1.6040162010129593 1.3646797923722802 1.3054643750385715 1.5066698062824204 1.5979669686897209 1.3284731921139563 1.1494955438892758 1.1356512786828286 1.2070853217955169 1.174989517341559 1.1432075915551227 1.1915976904034438 1.6593442599520436 2.270696094453641 2.222684064723184 2.1346257590451607 2.601511570677522 2.4436290313100355 2.120753648466994 2.3666934080604194 2.76945063194946 3.28384157565877 3.924710550860423 4.565882995213284 5.555578750064213 6.033802156612141 3.189076222962634 -9999 -9999 -9999 -9999 -9999 -9999 -9999 -9999 -9999 -9999 -9999 -9999
-9999 -9999 -9999 -9999 -9999 -9999 -9999 -9999 -9999 -9999 6.830039914035247 4.399158585385201 2.1529677184728744 1.878858246176201 1.88768168883661 2.852663705981173 2.7044338554662857 2.7852328314984236 1.653317286753932 1.2170533048428875 1.1429604647533629 1.4373777463940065 1.158168637402939 1.0244845817773722 1.0491525389710794 1.050293744447666 1.2804098713184435 1.5180349647317837 2.9962922522190016 2.434447578813165 3.281923793198632 3.641910058000899 3.215866048958084 3.1932967590073424 3.6491060138303633 4.816892660984738 5.503556395647974 5.768702425494503 6.073553742696558 -9999 -9999 -9999 -9999 -9999 -9999 -9999 -9999 -9999 -9999 -9999 -9999 -9999
-9999 -9999 -9999 -9999 -9999 -9999 -9999 -9999 -9999 -9999 -9999 -9999 3.218119355286156 4.069250109502342 4.326767909675265 3.876443096555396 4.21361850215062 4.15062279628744 3.933035566763359 1.1784198671035984 1.1255678084850511 2.0678781473380465 2.167403074332588 2.2927239790850487 1.326242481663482 0.9919221550482934 1.1684219888543603 1.3371060921062314 2.1654107547342294 0.9096034908595204 4.52347291560408 3.867513679958938 4.276221425641697 4.189880810560358 4.145329346749328 5.371066592098516 5.571714748249624 5.864468083739769 5.533211409312836 3.3808827366588505 -9999 -9999 -9999 -9999 -9999 -9999 -9999 -9999 -9999 -9999 -9999 -9999
-9999 -9999 -9999 -9999 -9999 -9999 -9999 -9999 -9999 -9999 -9999 4.914006750313878 4.755231964244142 4.097058576959772 4.265325325621258 4.073100343081474 4.313886181229901 4.276620843221215 4.411510062205959 2.6609781992536683 2.866512702334455 1.902159596010612 1.7220150754945744 2.0413439253273467 3.0212722927860605 3.458588440200036 2.7400743061311066 2.6697844862886213 3.059542298165834 4.4075249423245415 3.07328602778439 5.330854741819322 5.4727205585146566 5.711137593410577 5.686718417873247 5.751316983915259 5.828991219482004 3.99656348995664 2.6101592196738808 -9999 -9999 -9999 -9999 -9999 -9999 -9999 -9999 -9999 -9999 -9999 -9999 -9999
-9999 -9999 -9999 -9999 -9999 7.565943161229569 7.5732098478100704 6.161123879021982 4.740818004503923 5.1253659492748795 4.612188736767496 4.556421120195002 4.8757825071003404 5.0427931711047576 4.8019476048084595 4.912163438944993 5.0610204359518285 4.9905420221371815 4.830295518871663 2.7097396116449324 2.5827638664438632 2.7568232247427784 3.0027287375818363 2.4691403862932337 2.470206112871498 2.7030855623918297 2.7101938712647144 3.822335403957608 4.471210522192976 5.269054732591098 5.462104530123153 5.944985127664534 6.038487064353375 6.089098736325967 6.1108203472161735 4.068950582993442 2.6683034824966216 2.7448382049692914 -9999 -9999 -9999 -9999 -9999 -9999 -9999 -9999 -9999 -9999 -9999 -9999 -9999 -9999
-9999 -9999 -9999 -9999 7.459274448149563 7.3478387384089885 6.139107201813218 6.259820417913576 5.96356737545344 5.592099689313014 5.023407049079991 4.9614836046262285 5.2921057066482255 5.848688979100894 6.079654958214112 5.438961520161811 5.517898601903622 5.31938648536702 5.311908367136934 3.5933839966868506 3.3909408965476926 3.3200205643132428 3.650654394118584 3.0361823008808972 3.0146905422521653 3.4431229574467554 3.729832376427477 4.866364632476258 5.288069801612674 5.409828279523453 5.825643613835631 6.104885815149554 5.410739799541509 2.842677501087422 2.7260993882040183 -9999 -9999 -9999 -9999 -9999 -9999 -9999 -9999 -9999 -9999 -9999 -9999 -9999 -9999 -9999 -9999 -9999
-9999 -9999 -9999 7.470953126944079 7.481723914338058 7.225414408551132 7.291344643104549 6.532774279274551 5.374454250246288 5.399417922412031 5.193882524290593 6.137798065925637 6.008805024681294 6.010672455007143 6.085600202792122 5.578733035228857 5.474274221700232 5.427793963453171 4.829600469278874 3.348928581569936 3.5343114170022285 3.8613796508702793 3.895251956955164 3.4442411654587275 3.1939248349070013 3.3091318795694664 3.6694240112279286 5.362871274136464 5.790502791421539 5.94540783231329 5.034831049981427 -9999 -9999 -9999 -9999 -9999 -9999 -9999 -9999 -9999 -9999 -9999 -9999 -9999 -9999 -9999 -9999 -9999 -9999 -9999 -9999 -9999
-9999 -9999 -9999 7.29336001495046 3.9321601623350495 6.641965209143441 6.741721561409168 7.5206923042150216 7.355334377586131 6.692562355623192 5.726153590155865 6.518902289596407 6.488089709463212 6.339558698426638 5.447710447623933 5.3335444865405215 5.532595463085877 5.642857372365778 5.7251981417277635 4.673530447664413 4.012076922482435 4.697647679466123 4.74084331095418 4.675831345177187 4.595635023495271 5.0629167321607635 5.101602349697166 5.7506087026089014 5.955182605000576 -9999 -9999 -9999 -9999 -9999 -9999 -9999 -9999 -9999 -9999 -9999 -9999 -9999 -9999 -9999 -9999 -9999 -9999 -9999 -9999 -9999 -9999 -9999
-9999 -9999 -9999 4.13541562493194 3.5481182526060424 3.7433114984688425 3.2807562029738904 4.010241497774976 5.1033712503750515 4.650200888127425 6.163911022538557 5.646122594308407 5.482775089584012 5.281461863280327 4.924006184949156 5.311168040024758 5.765961849362527 6.087280567725141 6.597421156145631 5.5829731824875495 5.5411219127241536 5.228344747943762 5.555794718714003 5.389056335596607 5.491626626945618 5.859104736068359 6.051287684359252 3.389068565265144 -9999 -9999 -9999 -9999 -9999 -9999 -9999 -9999 -9999 -9999 -9999 -9999 -9999 -9999 -9999 -9999 -9999 -9999 -9999 -9999 -9999 -9999 -9999 -9999
-9999 -9999 -9999 3.355709282843367 4.207324682924159 7.4167172582833825 4.3021772102608375 6.891199904740282 7.408307038849737 7.317918160282183 6.3329388362028585 5.4601977205789005 5.433767901088372 5.570627292667033 5.323586263477731 5.538170636949871 5.689554376956747 6.102659593039093 6.277093999743397 5.728526401618673 5.702375728148303 5.861008479070938 5.628883443610063 5.644292586713911 5.6878178427740345 5.957189428216175 2.581095659069516 -9999 -9999 -9999 -9999 -9999 -9999 -9999 -9999 -9999 -9999 -9999 -9999 -9999 -9999 -9999 -9999 -9999 -9999 -9999 -9999 -9999 -9999 -9999 -9999 -9999
-9999 -9999 -9999 -9999 6.864308929912911 6.856325537862936 7.059852673469354 6.8056141078435255 6.8421917836705255 6.632581809678586 6.618162103890902 5.324128199779898 5.136125912308927 4.978448783567349 5.429410480598869 5.483802852185504 5.774744513707869 5.911779606715058 6.085280616351067 5.696680511786193 5.641797543056827 5.6350198454254175 5.733287128497714 5.638393677475441 -9999 -9999 -9999 -9999 -9999 -9999 -9999 -9999 -9999 -9999 -9999 -9999 -9999 -9999 -9999 -9999 -9999 -9999 -9999 -9999 -9999 -9999 -9999 -9999 -9999 -9999 -9999 -9999
-9999 -9999 -9999 -9999 6.581537204688723 6.680487382111193 7.282179731454788 6.7767202854412325 7.1182053738216196 5.837616500572188 5.744825244938258 6.018203053164481 5.861801649035722 5.495223158673892 5.524438596448763 5.711066472007165 5.83900342085262 5.741113306832827 5.674370852909264 5.674495867854744 5.568086208500925 5.6228455746225565 5.8136386528112025 5.851111257627047 2.7774488291244386 -9999 -9999 -9999 -9999 -9999 -9999 -9999 -9999 -9999 -9999 -9999 -9999 -9999 -9999 -9999 -9999 -9999 -9999 -9999 -9999 -9999 -9999 -9999 -9999 -9999 -9999 -9999
-9999 -9999 -9999 -9999 6.249156732872683 6.256499022732662 5.658455110657918 6.448571383473498 6.80129998102924 6.074268114279755 6.155969687089794 6.339263416982147 6.222278222407942 5.829448758999878 5.909044934471762 5.958104847711549 5.921311475739951 5.865327361553332 5.878173030455438 5.861424213308183 5.9011013373135075 5.989412460327178 6.081326021589594 5.006153870457401 -9999 -9999 -9999 -9999 -9999 -9999 -9999 -9999 -9999 -9999 -9999 -9999 -9999 -9999 -9999 -9999 -9999 -9999 -9999 -9999 -9999 -9999 -9999 -9999 -9999 -9999 -9999 -9999
-9999 -9999 -9999 -9999 6.418441995585691 6.649978821317744 5.7967151085912265 6.137439166774898 6.142634620421328 5.4794488828767385 5.455084209302443 5.848158919598611 5.815388550077574 5.731229025905828 5.960859368327188 6.0805731329954895 6.092410556888559 6.057016192519965 5.943453973816966 5.764707421466875 5.7823063864761375 5.76759087927744 6.041315419034965 -9999 -9999 -9999 -9999 -9999 -9999 -9999 -9999 -9999 -9999 -9999 -9999 -9999 -9999 -9999 -9999 -9999 -9999 -9999 -9999 -9999 -9999 -9999 -9999 -9999 -9999 -9999 -9999 -9999
