metrics/grid_rasters/GLDAS/grideval_GLDAS_S_winter_absolute_ubrmsd.asc
ncols 52
nrows 55
xllcorner     11.25
yllcorner     55.25
cellsize      0.25
NODATA_value  -9999
[rows 0 to 29 of 55, columns 0 to 51 of 52]
-9999 -9999 -9999 -9999 -9999 -9999 -9999 -9999 -9999 -9999 -9999 -9999 -9999 -9999 -9999 -9999 -9999 -9999 -9999 -9999 -9999 -9999 -9999 -9999 -9999 -9999 -9999 -9999 -9999 -9999 -9999 -9999 -9999 -9999 -9999 -9999 7.312250095562351 7.3281919036643215 5.810226828303831 -9999 -9999 -9999 -9999 -9999 -9999 -9999 -9999 -9999 -9999 -9999 -9999 -9999
-9999 -9999 -9999 -9999 -9999 -9999 -9999 -9999 -9999 -9999 -9999 -9999 -9999 -9999 -9999 -9999 -9999 -9999 -9999 -9999 -9999 -9999 -9999 -9999 -9999 -9999 -9999 -9999 -9999 -9999 -9999 -9999 -9999 -9999 -9999 -9999 5.870346437934204 6.8554932965449265 5.098039969057492 4.363569610693067 3.8068525654484713 5.435425498853259 -9999 -9999 -9999 -9999 -9999 -9999 -9999 -9999 -9999 -9999
-9999 -9999 -9999 -9999 -9999 -9999 -9999 -9999 -9999 -9999 -9999 -9999 -9999 -9999 -9999 -9999 -9999 -9999 -9999 -9999 -9999 -9999 -9999 -9999 -9999 -9999 -9999 4.193111459033527 5.3000941823906675 4.107605812926753 4.7981756695228865 6.811655387415267 5.686419687148121 5.087926302731566 -9999 5.870534316731509 6.5413192178685975 5.886366224900569 5.9392731963682985 4.9583400175772026 5.267638136213418 5.3243799423599985 5.5507176914254455 4.660440997635948 5.299513350821871 4.751088978485112 -9999 -9999 -9999 -9999 -9999 -9999
-9999 -9999 -9999 -9999 -9999 -9999 -9999 -9999 -9999 -9999 -9999 -9999 -9999 -9999 -9999 -9999 -9999 -9999 -9999 -9999 -9999 -9999 -9999 -9999 -9999 -9999 -9999 6.559216576943772 4.929940834048949 5.263120445210983 3.430520735653689 5.680651406189673 6.453711266059329 5.89548414981912 5.070958331642294 6.195828248197002 6.373385328254598 6.495215287247393 5.912365973747176 5.728474248430281 5.276105058113383 5.054133496922332 5.355091124411328 5.426173589804376 5.2716111240080705 5.507964358152652 4.4821051425200995 3.697640477627316 -9999 -9999 -9999 -9999
-9999 -9999 -9999 -9999 -9999 -9999 -9999 -9999 -9999 -9999 -9999 -9999 -9999 -9999 -9999 -9999 -9999 -9999 -9999 -9999 -9999 -9999 3.4919405827483634 2.9295194444157784 3.4120965098954863 3.5281070003992934 4.557775467030279 3.180352033080289 3.1408674593865498 3.1072608169498555 3.4906263377896023 4.676768722844577 4.966973330404512 6.684886658525302 6.714077026010911 6.701781971396834 5.666133144880883 5.2070045739898045 4.7462613333954575 5.125823682771351 4.866096003627599 5.326844013172692 5.592774354225631 5.678673284272149 6.082163892474124 6.307300424453195 5.425437258114692 4.490837722973411 3.687457881907112 -9999 -9999 -9999
-9999 -9999 -9999 -9999 -9999 -9999 -9999 -9999 -9999 -9999 -9999 -9999 -9999 -9999 -9999 -9999 -9999 -9999 -9999 -9999 -9999 2.5612062285613324 2.076036454671208 2.3889482367326305 3.9177199298286807 3.972972666624708 4.049829167625256 5.3062017367562 4.985806809257789 6.20354442767183 6.738797262494471 5.240565045890275 6.709059667787289 6.778984784874423 7.143358950370836 6.5546178247835565 5.607982123659438 5.39162245029936 4.380954470644443 4.341291499257259 4.43910732014127 4.595305088591936 4.8196367484479214 4.865384764752559 5.361960792453424 5.5218990017763945 5.8515780647830145 5.322122915445499 4.489305184137074 -9999 -9999 -9999
-9999 -9999 -9999 -9999 -9999 -9999 -9999 -9999 -9999 -9999 -9999 -9999 -9999 -9999 -9999 -9999 -9999 -9999 -9999 -9999 2.6619052228773783 2.605529283033152 3.187635617063445 6.05714441681882 4.541620719335073 4.579848229424571 4.416802306930278 4.338836910421607 6.408105167787984 6.804125466712272 5.7019335795553765 6.661892693493611 6.775981674622992 6.982756132415832 6.993031611556913 6.3247733691996375 6.147933657265285 5.449662752272186 5.078985251639571 4.792473130562214 4.5548407836940905 4.825802239777562 4.831200462283807 4.476422466615596 3.9183672483269967 4.003457155260533 4.1307582349513225 4.232820992387853 3.6687538149091603 2.985003930805838 -9999 -9999
-9999 -9999 -9999 -9999 -9999 -9999 -9999 -9999 -9999 -9999 -9999 -9999 -9999 -9999 -9999 -9999 -9999 -9999 -9999 -9999 -9999 5.981454167058855 5.872584465530911 4.114679060358877 5.164445697365042 5.154110024054644 5.139824808916124 4.8603265210182265 6.3874911472422005 6.754755627169312 6.712912788792187 6.7625678071434985 5.79368568826748 5.7150459253846595 5.588123857390479 5.587334295894941 5.022839824808856 4.548924858816647 4.5006805339080325 4.292656809892334 4.110973335940647 4.169856361185067 4.628956273677539 5.046118465984184 4.226838173042351 3.6228483316456335 3.7107877783359338 4.763521332309749 4.038995888453332 -9999 -9999 -9999
-9999 -9999 -9999 -9999 -9999 -9999 -9999 -9999 -9999 -9999 -9999 -9999 -9999 -9999 -9999 -9999 -9999 -9999 -9999 4.205480413113321 3.5033677138718198 3.4543483753775885 4.766755776741462 5.52344159292335 5.545207702456496 3.9314789062148683 4.167103919281455 4.573696323606752 4.509684184947763 4.461336214003894 4.469768772792265 4.378143626377247 4.64864144065227 5.059699170486279 5.075384538344903 5.075487304914825 5.057953694086959 5.139637392036387 4.608639241638809 4.517925745516896 3.9781073568473113 3.9437106361352248 4.097976383546533 4.857320231451983 4.868405890516075 3.9018652095745248 3.536483522390289 3.1741425132183347 3.5328219090038595 2.3388249225513134 1.8053016432035995 -9999
-9999 -9999 -9999 -9999 -9999 -9999 -9999 -9999 -9999 -9999 -9999 -9999 -9999 -9999 -9999 -9999 -9999 -9999 6.3057800373987964 3.599634361894416 3.749250787817232 5.642753684179199 5.71881188618901 5.798349956364459 3.861012548259033 3.436868437474243 4.280491592211583 6.1488603810393885 5.553629871822971 4.603237132384896 4.649453816662313 3.662708555245364 3.413170754024789 3.658823287406616 4.124332845640477 4.3150568740483335 5.276007007549657 4.496546898687657 5.032985897131505 4.547871304189054 5.037169587985014 4.589848001043117 4.072325144175179 3.9018186144910647 4.123478647958278 3.62515744672869 3.4924909054593085 2.797638239815659 3.631349326218279 1.7913126878875023 2.1096774903627 -9999
-9999 -9999 -9999 -9999 -9999 -9999 -9999 -9999 -9999 -9999 -9999 -9999 -9999 -9999 -9999 -9999 -9999 6.080779416121622 6.956816706067267 5.8603915438299525 2.9682280753371875 2.0187873326436434 2.2770731119271503 2.9462639547249263 2.6235928574536667 2.5294133640067726 3.3456430342035097 4.43657309139462 4.078938227184182 4.4294408988591725 4.429529235873897 4.146746584613012 3.730422683808449 3.7347996903041034 3.454393476024851 3.163149069030727 3.4991182854652267 3.979552804238091 4.197796788767331 4.989481598606693 5.073636366696684 4.339470552078201 4.988410684825244 3.7351021331007774 3.917472308341685 3.2829146009248618 3.3438923995500742 2.233296214883912 2.597149420169022 1.9757167541843463 -9999 -9999
-9999 -9999 -9999 -9999 -9999 -9999 -9999 -9999 -9999 -9999 -9999 -9999 -9999 0.8233110336600186 0.020459548661347752 1.5345702314561225 1.8551577097182184 1.8241938222095224 5.814936613661473 3.5802702424406965 5.1127789859085935 5.639514289038981 2.7399371605493315 2.1153337561240115 1.0007418061031097 0.8651434424254407 1.9635220940697984 3.121038267794172 3.4923982822397703 3.4576749777226716 3.2443420143243182 4.035634096394089 3.707465100180276 3.4186677370181657 2.860000691071201 2.7092591493692564 2.9733913309660016 2.6097404277953458 3.5955209343040164 1.863385886036684 2.452537316124352 2.2197442955454294 1.680427416084074 2.2196460441329275 2.5547372162752646 1.6414946996824036 1.8652608822511352 2.01401826231742 2.200976100382766 2.5035037236435325 2.9586504138624288 -9999
-9999 -9999 -9999 -9999 -9999 -9999 -9999 -9999 -9999 -9999 -9999 -9999 -9999 0.3894155879474293 0.14044421008318542 2.746474456639355 1.6290251167460903 1.4370080658849842 2.661188199534576 1.8885651293944927 2.118360151045253 1.8082102443639807 1.47059764856754 1.460877784000636 1.7308710034138861 1.7785773799374909 2.0683957942625715 2.436202805136091 3.2479359428807806 3.3149883593296763 2.6002479776770797 3.5243468826687203 3.096594997863736 3.079846541377473 2.7223388604480308 2.515661822993781 2.7768871869887057 1.3733337520982205 1.4563752093444076 0.7419022415542562 0.7423767443089923 0.5267063849717043 0.911872152122718 2.118677773017469 3.5260046517881656 3.764385880423253 3.9928083437122166 4.099287158496985 4.183131302365727 3.8911845578491726 3.700964959990372 3.32159251769382
-9999 -9999 -9999 -9999 -9999 -9999 -9999 -9999 -9999 -9999 -9999 -9999 -9999 0.12942381727561336 0.17041927725985073 0.7580152212056818 0.8627264150745466 0.9724955631960152 1.4041685599342062 1.180279698539483 1.4247072554446405 1.500484656200238 1.078705041242361 0.8141118347217575 1.0188118807797188 1.176894045128892 1.3341854177145105 1.9834757275326382 2.712478160964358 2.8068923453450942 3.340374019124232 3.461939201396953 2.7044321784337235 2.384245489991321 2.5604860334031994 2.9705571001543563 2.734652039493486 1.639660469712425 1.2931880872790849 0.8632814070946753 0.5989392642289987 1.5112939564022558 1.765313283407747 2.8530001162403247 -9999 -9999 -9999 -9999 -9999 -9999 -9999 -9999
-9999 -9999 -9999 -9999 -9999 -9999 -9999 -9999 -9999 -9999 -9999 -9999 -9999 0.5247476184558597 0.5624460199264297 0.8771242113567322 1.210659622892736 1.243919540123699 1.1830573311813648 0.9109557042013338 0.6990970012166663 0.8828776287626142 1.1197026263475356 1.3425723878241853 0.9818989186609464 0.7387531536421721 0.8630089807164532 1.8955237957827185 2.50088507328893 2.7364052210925465 2.73374849845688 3.4149742828735214 2.6503932061280246 2.0412214921934004 1.8691489301154989 2.767060315083692 3.092291132627248 2.6158522287608834 1.9414895784535144 1.711862014541523 2.693583742976476 -9999 -9999 -9999 -9999 -9999 -9999 -9999 -9999 -9999 -9999 -9999
-9999 -9999 -9999 -9999 -9999 -9999 -9999 -9999 -9999 -9999 -9999 -9999 1.1163778828322204 1.0152651162176245 1.121950820767424 1.1680533919064373 1.155467343641965 1.1889379527129098 0.7340320245343485 1.006627555331976 1.033816621732695 0.9833419866906978 0.8626242144718173 0.8965987129523416 0.950189382159697 0.7683761087359289 0.781598285824626 1.137016320762908 1.4200295465256705 1.655800168065855 1.7524865685740214 1.8375432269332463 1.5547858897311977 1.2778606250895101 1.3908657885356028 2.0379329176168897 2.221312653617868 2.0586258089945457 1.9328614363888512 2.46410232034743 3.5938957912270832 -9999 -9999 -9999 -9999 -9999 -9999 -9999 -9999 -9999 -9999 -9999
-9999 -9999 -9999 -9999 -9999 -9999 -9999 -9999 -9999 -9999 -9999 0.3683046494867212 0.7267823988818761 0.9936563211764982 1.176919385674332 1.1786017465253429 1.0086481534411185 0.9517613347324162 1.134702689144427 1.4362272484056098 1.9614748102085813 1.5553673608524985 1.8734711554440109 1.894787687587056 1.5687701708903872 0.9157780640784772 0.705627270560375 1.176888431953521 1.2921463044354975 1.189688784109479 1.2955728297676246 1.8298160387696831 1.5708119248070107 1.4627053930900735 1.9444364372256056 2.2426418652953046 2.1757158690152685 2.016258650621828 2.362878770479612 3.1870755531194206 -9999 -9999 -9999 -9999 -9999 -9999 -9999 -9999 -9999 -9999 -9999 -9999
-9999 -9999 -9999 -9999 -9999 -9999 -9999 -9999 -9999 -9999 0.4265900443471299 0.09874077725256204 0.8804168016696003 0.9712239447494238 0.9230798145503508 0.31892727747886945 0.39947428236846455 0.35931566930103426 1.0923042466311612 1.6944500687149964 2.074070276574961 1.5881196310939223 2.4706072292174 2.8338999420758606 3.27323774644786 2.43247969612454 1.7616450488479507 2.097423457197883 1.5925005073277436 1.6171659177025093 1.5942153499193592 1.6329820093777117 1.7743754286253095 2.042482590191629 2.4421053127470955 2.3643603020629658 2.3190793937087744 2.143307996285294 2.41538805306434 -9999 -9999 -9999 -9999 -9999 -9999 -9999 -9999 -9999 -9999 -9999 -9999 -9999
-9999 -9999 -9999 -9999 -9999 -9999 -9999 -9999 -9999 -9999 -9999 -9999 0.3187943492388359 0.10482113164826587 0.07080533280332586 0.07020992821326882 0.05874756208101105 0.10163982053121033 0.10721582422185608 1.7617909869881287 2.439445227049029 1.6277217827958497 2.0661242211577284 2.282416078794721 3.333041372412295 4.032499919261622 3.305793760148695 2.711839857001872 2.0074141273174093 3.687742442032052 1.4511756914654073 1.6762288675021162 1.7491598290402215 1.8934406432341573 2.2951339421157084 2.280917080927623 2.3153428036417423 2.464042986268964 2.5977525271226347 3.685370725697528 -9999 -9999 -9999 -9999 -9999 -9999 -9999 -9999 -9999 -9999 -9999 -9999
-9999 -9999 -9999 -9999 -9999 -9999 -9999 -9999 -9999 -9999 -9999 0.11923576244138408 0.2085712816821452 0.06194179753487766 0.08494905148353385 0.4153152317805198 0.4959399587322621 0.5181099261643296 0.6230346457133478 1.0386179872291563 1.1608554610753377 2.658761333856098 3.0951958867615925 3.0401793038668017 1.9953867096930744 1.4894348517706664 1.9926447191269536 2.170036857540829 1.901091774138906 1.4069296169161396 1.8352123441977233 1.501410110861635 1.5220747826484269 1.5742638617506806 1.7119877284005731 1.9467760145396076 2.304868009573916 2.9879925616877245 6.124550150299934 -9999 -9999 -9999 -9999 -9999 -9999 -9999 -9999 -9999 -9999 -9999 -9999 -9999
-9999 -9999 -9999 -9999 -9999 2.4369931372594906 1.3206461245049996 0.57864980952329 0.0231273054219524 0.02526837087240069 0.0624885003943776 0.3160660870390941 0.4547622710085527 0.43309410235506185 0.3776872143116681 0.575130229901432 0.7401616993309631 0.9525074080158792 1.0214102785606551 2.0293981194743616 2.440127564576216 2.4368229632922938 2.2572570392304154 3.0363597991310387 3.0122518027963427 2.7814194018107656 2.7429401115789127 2.192595299128489 2.113538876081154 1.8594327491146017 1.488457866843425 1.1304867927404565 1.1805508040057997 1.4970721954720778 2.3255352210916374 3.2908840099037833 4.846046144009416 6.883711704371809 -9999 -9999 -9999 -9999 -9999 -9999 -9999 -9999 -9999 -9999 -9999 -9999 -9999 -9999
-9999 -9999 -9999 -9999 2.2920304467376758 2.101700729910233 1.7469679111905274 0.9327997408907088 0.10272301327932 0.2692853366412165 0.4573927032230244 0.8169787170592115 0.8884852701689606 0.7282557434698091 0.6388220437196717 0.9052001190985518 0.9040229485650788 0.9358032377272104 0.9455650534144476 1.3432743491955357 1.5355999643951126 1.74651841515682 1.6615771123074936 2.2841732796631327 2.204006716962775 1.8720352902265232 1.678758465124585 1.6208890904116635 1.6030944503456042 1.5321960982130458 1.7724275475733855 2.2939475208487923 3.0053699835874084 5.165153138749611 6.910928410503094 -9999 -9999 -9999 -9999 -9999 -9999 -9999 -9999 -9999 -9999 -9999 -9999 -9999 -9999 -9999 -9999 -9999
-9999 -9999 -9999 2.842315297118476 2.5853243286756413 2.1501708879904635 0.6186993938259516 0.10629963005249092 0.10580150128809453 0.3940687067715269 0.8334925172340367 0.7652390721985791 0.7258614919838229 0.6672496613190875 0.6453029883656933 0.9047462397341306 0.9673802712979984 0.9778955118706436 1.0130229990742357 1.5078768151969553 1.373590417036624 1.245842011333183 1.3061436841394036 1.731773008034584 1.9210681364987805 1.8759557526601167 1.7433799711628235 1.756498994975452 2.338553790917083 2.9192640769582208 3.5291158164572662 -9999 -9999 -9999 -9999 -9999 -9999 -9999 -9999 -9999 -9999 -9999 -9999 -9999 -9999 -9999 -9999 -9999 -9999 -9999 -9999 -9999
-9999 -9999 -9999 0.5661230738978458 0.33245628097617497 0.31590462389046503 0.1660672658852189 0.9346038879746558 1.0996764698571777 2.1182790500224344 1.2788937606243385 1.0683585838990866 4.078912400016321 1.2047206603440364 0.6762822805310021 0.9342659864607414 0.9677529127859976 0.9864278946257076 0.9989296111146696 1.4309295869657528 1.4613634315450459 1.254753554562278 1.2530996171244575 1.4016701466423682 1.381990932309764 1.3982715839775544 1.3997838485630272 1.906462656683001 3.216943117910328 -9999 -9999 -9999 -9999 -9999 -9999 -9999 -9999 -9999 -9999 -9999 -9999 -9999 -9999 -9999 -9999 -9999 -9999 -9999 -9999 -9999 -9999 -9999
-9999 -9999 -9999 0.6824508922522253 0.26905626536878063 0.183755504402046 0.4430679518340965 0.4199093318141452 1.2745088763329375 1.617151822281205 3.487979908727094 2.941448214483592 1.7707195498782282 1.4389740645825373 1.3054768717526095 1.2654669983552873 1.1761892151183777 1.1872104708953994 1.1145712693460597 1.2161341238084833 1.2357358025409175 1.2862067012346632 1.3531696482482354 1.3036238559804247 1.2799908956589463 1.556379451318084 2.634780408789992 4.886212649223895 -9999 -9999 -9999 -9999 -9999 -9999 -9999 -9999 -9999 -9999 -9999 -9999 -9999 -9999 -9999 -9999 -9999 -9999 -9999 -9999 -9999 -9999 -9999 -9999
-9999 -9999 -9999 0.4144240497747888 0.1592555395255498 0.4084858811098698 0.23323752100095202 0.9148074180876956 2.5482961239734263 3.2862252402766137 3.1257735646216607 3.013803836426525 2.2838655930802183 1.7299023036792311 1.6278048853094542 1.4709309731723348 1.0807240779304872 1.008056590296417 1.027870270965784 1.1605272980938677 1.2125004856386017 1.3177739691697514 1.3797127192805057 1.3907038955814384 1.517476562420978 2.9314694309562284 5.972612304955304 -9999 -9999 -9999 -9999 -9999 -9999 -9999 -9999 -9999 -9999 -9999 -9999 -9999 -9999 -9999 -9999 -9999 -9999 -9999 -9999 -9999 -9999 -9999 -9999 -9999
-9999 -9999 -9999 -9999 1.4420296575837328 2.8019363902867087 3.2141438345170186 2.761111434318316 2.4159442127172293 1.9915456514569243 2.8404762055852872 2.907776309367557 3.113243652034127 2.514499419737047 1.3853943773039628 1.1511551694511986 1.0337453970373498 1.04673885780997 1.0789120675074022 1.5231766630238994 1.4914518355131818 1.3414666504757553 1.6620607581524591 1.9096773814703212 -9999 -9999 -9999 -9999 -9999 -9999 -9999 -9999 -9999 -9999 -9999 -9999 -9999 -9999 -9999 -9999 -9999 -9999 -9999 -9999 -9999 -9999 -9999 -9999 -9999 -9999 -9999 -9999
-9999 -9999 -9999 -9999 3.4429961336962616 3.4830109444529684 3.753010935741498 3.481273183932672 3.8722603489412792 3.2736163204737987 2.64791110195189 2.3536527170690533 2.115154050966991 2.04372914254008 1.6731775599765697 1.2920772005076655 1.235020097006128 1.2130136061895358 1.2088341438301298 1.5864748278217269 1.6700347451491164 1.757167327930584 2.8395029737646915 4.391337788795616 6.269836835686256 -9999 -9999 -9999 -9999 -9999 -9999 -9999 -9999 -9999 -9999 -9999 -9999 -9999 -9999 -9999 -9999 -9999 -9999 -9999 -9999 -9999 -9999 -9999 -9999 -9999 -9999 -9999
-9999 -9999 -9999 -9999 3.311094688894642 3.238923288271315 2.6890569492774494 3.7868481061580788 4.357431409556898 4.078362936868096 3.199621110557008 3.467577574598004 3.875089167821424 3.3534845433859464 3.1495870781020807 2.044241821480032 1.7441689430745908 2.03509937276185 2.1087153027322474 1.701110019638841 1.6858575983815802 5.475619631248302 5.645798665338652 5.474288801560748 -9999 -9999 -9999 -9999 -9999 -9999 -9999 -9999 -9999 -9999 -9999 -9999 -9999 -9999 -9999 -9999 -9999 -9999 -9999 -9999 -9999 -9999 -9999 -9999 -9999 -9999 -9999 -9999
-9999 -9999 -9999 -9999 4.809196204082788 4.692727786386417 3.8651075886703725 3.197253704518895 3.537128017276709 4.14805114881301 4.384028516677176 3.784164435930074 3.691587935574853 3.6977798073344035 4.191882873612325 4.553221818805947 3.6617632437261647 3.2451592053898635 2.7762042389663084 2.468118446303312 2.4919650012645413 2.334864891379212 3.6533132168168767 -9999 -9999 -9999 -9999 -9999 -9999 -9999 -9999 -9999 -9999 -9999 -9999 -9999 -9999 -9999 -9999 -9999 -9999 -9999 -9999 -9999 -9999 -9999 -9999 -9999 -9999 -9999 -9999 -9999
