metrics/grid_rasters/GLDAS/grideval_GLDAS_X_winter_2016_absolute_bias.asc
ncols 52
nrows 55
xllcorner     11.25
yllcorner     55.25
cellsize      0.25
NODATA_value  -9999
[rows 0 to 27 of 55, columns 0 to 51 of 52]
-9999 -9999 -9999 -9999 -9999 -9999 -9999 -9999 -9999 -9999 -9999 -9999 -9999 -9999 -9999 -9999 -9999 -9999 -9999 -9999 -9999 -9999 -9999 -9999 -9999 -9999 -9999 -9999 -9999 -9999 -9999 -9999 -9999 -9999 -9999 -9999 -37.970163348038774 -37.795464622450396 -38.11622807885019 -9999 -9999 -9999 -9999 -9999 -9999 -9999 -9999 -9999 -9999 -9999 -9999 -9999
-9999 -9999 -9999 -9999 -9999 -9999 -9999 -9999 -9999 -9999 -9999 -9999 -9999 -9999 -9999 -9999 -9999 -9999 -9999 -9999 -9999 -9999 -9999 -9999 -9999 -9999 -9999 -9999 -9999 -9999 -9999 -9999 -9999 -9999 -9999 -9999 -34.651719833304604 -37.083570764287494 -33.96891147651515 -32.491948226814735 -32.703798452187534 -37.51977773659586 -9999 -9999 -9999 -9999 -9999 -9999 -9999 -9999 -9999 -9999
-9999 -9999 -9999 -9999 -9999 -9999 -9999 -9999 -9999 -9999 -9999 -9999 -9999 -9999 -9999 -9999 -9999 -9999 -9999 -9999 -9999 -9999 -9999 -9999 -9999 -9999 -9999 -38.74125689710234 -39.113792573275795 -38.837868843718866 -38.547525560647095 -38.48445580189454 -37.99559676526422 -38.19739250986131 -9999 -38.21929490414786 -38.746166142502 -35.62072191866381 -38.162828672800096 -35.936894504394346 -37.46812302205753 -38.36716773027329 -38.30127112673861 -38.38941137259315 -38.48242380981753 -38.54016066964839 -9999 -9999 -9999 -9999 -9999 -9999
-9999 -9999 -9999 -9999 -9999 -9999 -9999 -9999 -9999 -9999 -9999 -9999 -9999 -9999 -9999 -9999 -9999 -9999 -9999 -9999 -9999 -9999 -9999 -9999 -9999 -9999 -9999 -38.61489234455339 -33.379022294798716 -36.972483242606074 -30.04894308401988 -35.13779283548285 -36.807539749235566 -38.61432923198483 -38.61175972102517 -38.48929267020507 -38.403085338524896 -38.51699368805102 -37.75993643940559 -37.84672118950594 -38.296637230706246 -38.05146662456976 -38.02040004281962 -38.34927930596929 -38.286451355605344 -38.51985276463841 -38.7965011828794 -39.497137708937395 -9999 -9999 -9999 -9999
-9999 -9999 -9999 -9999 -9999 -9999 -9999 -9999 -9999 -9999 -9999 -9999 -9999 -9999 -9999 -9999 -9999 -9999 -9999 -9999 -9999 -9999 -39.55148439580104 -39.809205166586146 -39.33743390801189 -39.39262970627009 -33.92536534360804 -32.54699964829526 -32.63326621411757 -32.39579992069975 -31.939137483486434 -33.704432435784035 -34.712271192325986 -38.052396848613576 -38.52626442536712 -38.10549957741175 -38.11200961992554 -38.32638978260149 -38.46154002683585 -38.40574112434228 -38.467048188630535 -38.36272714839696 -38.03640383981414 -38.01064761865188 -38.00764183753303 -38.055616861843795 -38.63237413739438 -39.257062678337924 -39.69475047675135 -9999 -9999 -9999
-9999 -9999 -9999 -9999 -9999 -9999 -9999 -9999 -9999 -9999 -9999 -9999 -9999 -9999 -9999 -9999 -9999 -9999 -9999 -9999 -9999 -40.186370980199214 -40.731831146547435 -40.4959270610259 -38.949229097628326 -39.534145993313615 -39.12034410557577 -38.855824906706474 -34.561442094107896 -37.882577012078116 -38.345691545078395 -34.66711710201024 -37.15947689531513 -34.37449506524909 -38.26469824223646 -38.03055885837383 -38.03395506856288 -38.53453798956432 -38.91957713391346 -39.052023807110686 -38.85542724957014 -38.566845927407954 -38.445374715008896 -38.39922748946145 -38.24033645651007 -38.099197749683 -38.11317264006197 -38.837362316836206 -39.25059853553526 -9999 -9999 -9999
-9999 -9999 -9999 -9999 -9999 -9999 -9999 -9999 -9999 -9999 -9999 -9999 -9999 -9999 -9999 -9999 -9999 -9999 -9999 -9999 -39.9827748203425 -40.222213175065896 -39.434603621794295 -37.775951705873005 -31.667419569832937 -30.222910896516762 -31.11509132434379 -32.81634913491352 -38.760412569352226 -38.45946344389365 -38.423843613938324 -36.49187322644578 -36.40874363952777 -36.91474198574548 -37.97723674567437 -37.84491667124842 -37.79849283116778 -37.93479428819002 -38.213114693290095 -38.651705857489134 -38.82511143523504 -38.53050287123156 -38.463132005389575 -38.5759823759506 -38.99616388710482 -38.984330017324325 -39.16688722376149 -39.312594462575 -39.76038870416009 -40.21211020865447 -9999 -9999
-9999 -9999 -9999 -9999 -9999 -9999 -9999 -9999 -9999 -9999 -9999 -9999 -9999 -9999 -9999 -9999 -9999 -9999 -9999 -9999 -9999 -38.24624281245601 -38.02048325628697 -32.40111023457823 -35.53306877551662 -35.19879838738304 -34.749789827145065 -32.92894266459804 -37.614089447431844 -37.02900740184954 -36.729518959237325 -37.36527306969268 -38.04844364315107 -37.98212785525555 -37.8231145944651 -37.832803507570866 -37.84323303677797 -38.3025402280369 -38.631174270861905 -38.86469815822912 -39.00564087139299 -38.642524702310716 -38.32640456361185 -38.450762312716016 -38.835379543069465 -39.2537505190492 -39.40254747450025 -38.846012185358404 -39.38238885648713 -9999 -9999 -9999
-9999 -9999 -9999 -9999 -9999 -9999 -9999 -9999 -9999 -9999 -9999 -9999 -9999 -9999 -9999 -9999 -9999 -9999 -9999 -39.21801485162187 -39.27939482061909 -39.25833643911468 -38.923237673078596 -35.80723044386768 -35.38056668573683 -38.766456430593685 -38.54598755696481 -38.02302620181261 -38.23026484478224 -38.30474655643353 -38.28394643790447 -36.92200521240522 -35.454514593827525 -34.760772143541786 -34.106328777375296 -33.32809653186372 -33.793247266232484 -33.47323682013858 -35.3296295812374 -37.99578333901917 -38.648263686285404 -38.710573465000465 -38.583590091216365 -38.0556558462699 -38.2252714118951 -38.957716389385226 -39.411366793501024 -39.783147319066494 -39.374431220343816 -40.55521264301797 -41.13230100374382 -9999
-9999 -9999 -9999 -9999 -9999 -9999 -9999 -9999 -9999 -9999 -9999 -9999 -9999 -9999 -9999 -9999 -9999 -9999 -38.24569680042319 -39.22343688036551 -39.435814754771336 -39.53662381353941 -39.414223514313065 -39.88352837806546 -39.18970098649408 -39.241381344907396 -39.2283294442427 -38.67039553233637 -38.51009110516899 -38.65821287306128 -38.899923002552036 -39.89362072445206 -39.88015979366725 -39.290009659213524 -38.53076618739947 -38.317515403871525 -34.137157282720395 -37.79169845726382 -36.116742458051206 -36.887513501426355 -37.64666156959976 -38.422880489379175 -38.639753200809714 -38.85447127634025 -38.8004473513504 -39.2859610908634 -39.51667825498997 -40.18221785506786 -39.393834701012615 -41.13290462458691 -40.819990373206345 -9999
-9999 -9999 -9999 -9999 -9999 -9999 -9999 -9999 -9999 -9999 -9999 -9999 -9999 -9999 -9999 -9999 -9999 -38.88382432323236 -37.753879888249294 -35.904780390907774 -40.43405015295842 -41.40615850175311 -41.21081953499834 -40.07328404649928 -40.605390349648644 -40.81701799240577 -39.83900922561412 -37.109485266853 -39.286277985425436 -38.70539560199685 -38.573981886668186 -38.07771179966301 -39.63487425902961 -40.026481894018886 -40.15051871933207 -40.02961340714451 -39.20813028841884 -38.573089372059634 -38.43955563809109 -37.9757554965237 -37.91416108049452 -38.41714426893536 -38.00029827171302 -38.974271420532695 -38.86812598374928 -39.57191025168932 -39.57903836610225 -40.70818741746493 -40.401881265566566 -41.066462029569905 -9999 -9999
-9999 -9999 -9999 -9999 -9999 -9999 -9999 -9999 -9999 -9999 -9999 -9999 -9999 -42.702729338964254 -43.075358420528545 -41.85763755047714 -41.42900922968165 -41.533666866493746 -36.82821590748134 -40.56787655772744 -36.65850577904628 -40.056692905437494 -40.99443459244712 -41.370949652209724 -42.516711923344936 -42.71703057838501 -41.398363879155156 -40.22111852526419 -39.75497643494017 -39.883141292197685 -40.117462620978344 -37.61285735286035 -39.36069145469138 -40.13752323718598 -40.634661059192084 -40.73111653049568 -40.18390146395253 -40.41224955059179 -39.02051984848311 -41.12679558331249 -40.37458149536134 -40.680595243267796 -41.43864737968933 -40.869971423297294 -40.483874233705656 -42.12049982983332 -43.14430847862265 -43.13392180038596 -43.05672454246535 -43.150794061699074 -43.009468750925826 -9999
-9999 -9999 -9999 -9999 -9999 -9999 -9999 -9999 -9999 -9999 -9999 -9999 -9999 -42.89615079060524 -43.02858550216143 -42.77980532603605 -41.886608479626396 -42.013975417650826 -42.34106453544983 -41.75194324643075 -41.264039197261184 -41.60953821851821 -41.98649944889021 -42.01261800609447 -41.723095418967226 -41.570116525904815 -41.26373236853589 -41.01644426844195 -40.00127007951448 -39.91987638177535 -40.82275812630797 -38.57352999202743 -40.27336690366104 -40.25251273168149 -40.73651683942548 -41.00541351930044 -40.51205090726061 -42.316230226881224 -42.146641140558074 -42.794036205243934 -42.80994962051429 -43.154928367257455 -43.16007946965868 -43.15317037075267 -42.95659414152768 -41.19098457421821 -40.711302312868796 -40.984538120821455 -40.76689815105727 -40.603095276424526 -40.7314373885005 -41.303804244477675
-9999 -9999 -9999 -9999 -9999 -9999 -9999 -9999 -9999 -9999 -9999 -9999 -9999 -43.026579625536115 -43.09497881858804 -42.85581024556042 -42.81223585911013 -42.7505213971567 -42.50182790528205 -42.601280975309045 -42.26973650096865 -42.11160337564709 -42.604254421174204 -42.819718433953405 -42.502821003178965 -42.2157104080236 -42.040501469418736 -41.4671627614074 -40.48318454314146 -40.26659560827846 -39.574855691169965 -39.53747612483553 -40.64553988467042 -41.04539250866971 -40.89981890103401 -40.729031699208115 -41.52820538127651 -42.69850738536935 -43.01023391151166 -43.165534740968894 -43.16690565404165 -43.16344050684391 -43.16096991429535 -42.90817545172195 -9999 -9999 -9999 -9999 -9999 -9999 -9999 -9999
-9999 -9999 -9999 -9999 -9999 -9999 -9999 -9999 -9999 -9999 -9999 -9999 -9999 -42.926888152834145 -42.937131117906546 -42.804120188947394 -42.62896866541724 -42.58548342215491 -42.62211645150987 -42.77008850878657 -42.854290612410395 -42.761214299475434 -42.59712156710717 -42.21916113961693 -42.67219467098815 -42.81773128970475 -42.73616302596753 -41.59045573651464 -40.5232341891912 -40.15221646462904 -40.12424209742592 -39.33487302257301 -40.22495422647385 -41.14239569814814 -41.750064258740004 -41.946737524081065 -42.23483958574278 -42.6584098793075 -43.10238764052289 -43.158850118620215 -43.128523718115396 -9999 -9999 -9999 -9999 -9999 -9999 -9999 -9999 -9999 -9999 -9999
-9999 -9999 -9999 -9999 -9999 -9999 -9999 -9999 -9999 -9999 -9999 -9999 -42.48946562131027 -42.66818873502396 -42.63898220404492 -42.660276432102044 -42.6483965529395 -42.62202004979846 -42.84488462372222 -42.713023656365145 -42.69809079092446 -42.731547591777954 -42.796886612917035 -42.77358941543479 -42.726143623159814 -42.837474604822944 -42.834788093936965 -42.691139297252825 -42.1324205040768 -41.68198784182851 -41.41941833033503 -41.30952416323535 -41.63419635993029 -42.2661518513706 -42.41437814304872 -42.440523024095775 -42.60401734484585 -43.10478608128053 -43.15074085996865 -43.10674894437358 -41.71683511815474 -9999 -9999 -9999 -9999 -9999 -9999 -9999 -9999 -9999 -9999 -9999
-9999 -9999 -9999 -9999 -9999 -9999 -9999 -9999 -9999 -9999 -9999 -43.00737280130468 -42.80254273241447 -42.60423765986503 -42.41015114766228 -42.58905209326646 -42.7199167490292 -42.748434632873305 -42.64640987510946 -42.390407519906276 -41.65874092166241 -42.313534522163025 -41.81621355430356 -41.74630995766147 -42.22392441160404 -42.77260970129826 -42.909857396241065 -42.83334709517658 -42.734391566304545 -42.80170317939841 -42.68339878222446 -41.369163731113076 -41.81469295487054 -42.53659592051018 -42.89801184427771 -43.062730856014646 -43.15820673372146 -43.15165004201725 -43.118114969314455 -42.08754858534251 -9999 -9999 -9999 -9999 -9999 -9999 -9999 -9999 -9999 -9999 -9999 -9999
-9999 -9999 -9999 -9999 -9999 -9999 -9999 -9999 -9999 -9999 -43.14121122668489 -43.14798683560566 -42.479272047241956 -42.43436910089228 -42.51958455775793 -43.02579254812593 -42.983683091107295 -43.00641671105564 -42.625947553418825 -41.901017678267024 -41.383937471597406 -41.958074263614286 -40.56544670151485 -40.00483891863253 -39.44028193415603 -40.82828972689234 -42.206066057945684 -42.42395262573692 -42.92361493908115 -42.69848678287651 -42.838175964204 -42.91520501957736 -42.40439919570645 -42.59751476836647 -42.96447949488085 -43.15726978567194 -43.15589116732743 -43.14911757839413 -43.117175027462 -9999 -9999 -9999 -9999 -9999 -9999 -9999 -9999 -9999 -9999 -9999 -9999 -9999
-9999 -9999 -9999 -9999 -9999 -9999 -9999 -9999 -9999 -9999 -9999 -9999 -42.935096963339454 -43.11385937544753 -43.13424995912055 -43.129874137813566 -43.13979135572419 -43.14400720680235 -43.150389052211096 -41.69980471198457 -40.540812700004366 -41.77569889868764 -41.02009414558064 -40.82282436473274 -39.44002244443438 -38.51557161257817 -39.51396688403418 -40.48578562055315 -41.81108238169371 -39.12649686804429 -43.08719683321869 -42.80437849611453 -43.03411739544717 -43.00420970594572 -43.00239138751403 -43.154451151798064 -43.14885364546553 -43.06391481918048 -42.793909090028684 -41.939970327725455 -9999 -9999 -9999 -9999 -9999 -9999 -9999 -9999 -9999 -9999 -9999 -9999
-9999 -9999 -9999 -9999 -9999 -9999 -9999 -9999 -9999 -9999 -9999 -43.08555518839877 -43.13311777894314 -43.09033337624354 -43.133262177785994 -43.13157651250015 -43.130798880195066 -43.14689527050807 -43.15427456663123 -42.87529160045497 -42.442742760078275 -40.159495998153474 -39.60984240681097 -39.75249616367804 -41.20334122178483 -42.05568164472397 -41.22940692246206 -41.103639026264574 -41.66097756010572 -43.035976202053185 -41.85426303515067 -43.14060596014363 -43.14020357536828 -43.13063662003849 -43.12596093249189 -43.13867444800889 -43.00524895093761 -42.18756986689846 -36.55969965908226 -9999 -9999 -9999 -9999 -9999 -9999 -9999 -9999 -9999 -9999 -9999 -9999 -9999
-9999 -9999 -9999 -9999 -9999 -43.07503526178853 -43.15626355907419 -43.10902156944868 -43.064285269764426 -43.05759849309266 -43.061744468552725 -43.14542125302603 -43.14042857858343 -43.14490670008728 -43.1468786294521 -43.154339614518726 -43.15798162370101 -43.15776116650674 -43.15849483962897 -41.493998924597776 -40.73674339410123 -40.70053368943979 -40.900469363963865 -40.023261568437405 -40.18103076533957 -40.700768330001395 -40.842428582382716 -42.373781664624474 -43.022701329357176 -43.1079541478961 -43.098919051238795 -43.1357005895576 -43.110750183217476 -43.07129507411558 -42.81356176119912 -41.6062489030985 -38.308826236484144 -33.84358932296899 -9999 -9999 -9999 -9999 -9999 -9999 -9999 -9999 -9999 -9999 -9999 -9999 -9999 -9999
-9999 -9999 -9999 -9999 -43.1042554446056 -43.07072042301297 -43.06286556224574 -43.00894919897501 -43.142432707924755 -43.141290008653314 -43.14532032838235 -43.14879330452328 -43.14588218253965 -43.14311050560202 -43.15063691073721 -43.156036924202354 -43.155551307599296 -43.15549469440357 -43.156953797849646 -42.532626355476275 -41.96221436541733 -41.54853915398593 -41.683098281989544 -40.83382060069714 -41.01295149580135 -41.670225866916745 -42.04333938645957 -43.06605382546128 -43.11100712234339 -43.085773920497076 -42.99778488571091 -42.94067851613675 -42.17874241937566 -37.19799955404149 -33.35751747186449 -9999 -9999 -9999 -9999 -9999 -9999 -9999 -9999 -9999 -9999 -9999 -9999 -9999 -9999 -9999 -9999 -9999
-9999 -9999 -9999 -43.03980915874734 -43.11026885577447 -43.156881492441656 -43.063881200789424 -43.14146744394368 -43.137291272917956 -43.098866037758334 -43.052288550249 -42.97634486027143 -42.906589377998976 -42.99918733576087 -43.11466764957532 -43.14282350197107 -43.145619939910354 -43.12572233010452 -43.13996677546874 -42.90466659810844 -42.78821611465825 -42.863699266257186 -42.52336821653931 -41.71059087178782 -41.40995195284896 -41.50492177977339 -41.89648437158174 -43.091122091983216 -43.021723595437614 -42.7180152293704 -41.387262669095136 -9999 -9999 -9999 -9999 -9999 -9999 -9999 -9999 -9999 -9999 -9999 -9999 -9999 -9999 -9999 -9999 -9999 -9999 -9999 -9999 -9999
-9999 -9999 -9999 -43.04064836582312 -42.98006234293456 -43.07943087812145 -43.11362300207327 -43.09433736312357 -43.071349538698946 -43.11486457464295 -43.06328055743578 -42.20836312911258 -38.197817021796666 -42.072562688982096 -43.04509425492814 -43.1173973313154 -43.10268546581514 -43.121229412914296 -43.13077038845846 -43.10896632370058 -42.997686781050575 -43.08826544127621 -43.063741579160585 -43.01639389658122 -42.99640731075471 -43.05030047954929 -43.04474728556535 -42.85918420012835 -42.15528353487888 -9999 -9999 -9999 -9999 -9999 -9999 -9999 -9999 -9999 -9999 -9999 -9999 -9999 -9999 -9999 -9999 -9999 -9999 -9999 -9999 -9999 -9999 -9999
-9999 -9999 -9999 -43.01720770894662 -42.890746658565575 -42.94068419237386 -42.8167394857731 -43.063861932380355 -43.10444365441799 -43.094726618604504 -43.03595420652693 -42.615273760365596 -41.95168577646325 -42.34836406058089 -42.976101725863714 -43.118371966960176 -43.099818145753915 -43.122124192908736 -43.116940708646744 -43.07819416638013 -43.05846838067685 -43.042227341762775 -43.01325908857961 -42.993580247572325 -43.032238289918546 -42.862164411652884 -42.31310692411121 -38.397493988869115 -9999 -9999 -9999 -9999 -9999 -9999 -9999 -9999 -9999 -9999 -9999 -9999 -9999 -9999 -9999 -9999 -9999 -9999 -9999 -9999 -9999 -9999 -9999 -9999
-9999 -9999 -9999 -42.816399315310704 -43.0134925857432 -43.02897446794989 -42.976736046987895 -43.015762778797324 -43.0485960908316 -43.088003406342075 -42.97590834213482 -42.60481530577353 -42.16583929257979 -42.17236712233133 -42.704975557114395 -43.02379623636767 -43.088599504370784 -43.1074425089736 -43.11661069285493 -43.08336810309154 -43.073282293054255 -43.0480126649919 -43.00933989204957 -42.96343125583051 -42.84420289479933 -42.55734739943848 -35.219437582950505 -9999 -9999 -9999 -9999 -9999 -9999 -9999 -9999 -9999 -9999 -9999 -9999 -9999 -9999 -9999 -9999 -9999 -9999 -9999 -9999 -9999 -9999 -9999 -9999 -9999
-9999 -9999 -9999 -9999 -43.107972051088616 -43.079831268822595 -43.057016579516144 -42.98608748856318 -42.93974020217474 -42.92959807938026 -42.8725321176206 -42.708585349597286 -42.43801108264661 -42.217268527475206 -42.307593190264726 -42.93887554309689 -43.03633729042996 -43.063627914453924 -43.061437686598225 -42.95836903515097 -42.94960598897312 -42.9417831337714 -42.825733719639224 -42.71211400503231 -9999 -9999 -9999 -9999 -9999 -9999 -9999 -9999 -9999 -9999 -9999 -9999 -9999 -9999 -9999 -9999 -9999 -9999 -9999 -9999 -9999 -9999 -9999 -9999 -9999 -9999 -9999 -9999
-9999 -9999 -9999 -9999 -43.03823865622609 -43.09396533637339 -43.14134425139771 -43.11195169317608 -42.88219783101025 -42.313740234167035 -42.118835159382975 -41.73380320721849 -41.83445417041799 -41.932817100700774 -42.05627231340815 -42.74561115221253 -42.96614252538471 -43.01987535639533 -43.011883037164814 -42.8781159892883 -42.713259808289315 -42.51262967706054 -40.89876747153863 -39.337024790101815 -34.65944402681275 -9999 -9999 -9999 -9999 -9999 -9999 -9999 -9999 -9999 -9999 -9999 -9999 -9999 -9999 -9999 -9999 -9999 -9999 -9999 -9999 -9999 -9999 -9999 -9999 -9999 -9999 -9999
