metrics/grid_rasters/GLDAS/grideval_GLDAS_Y_2015_absolute_bias.asc
ncols 52
nrows 55
xllcorner     11.25
yllcorner     55.25
cellsize      0.25
NODATA_value  -9999
[rows 0 to 27 of 55, columns 0 to 51 of 52]
-9999 -9999 -9999 -9999 -9999 -9999 -9999 -9999 -9999 -9999 -9999 -9999 -9999 -9999 -9999 -9999 -9999 -9999 -9999 -9999 -9999 -9999 -9999 -9999 -9999 -9999 -9999 -9999 -9999 -9999 -9999 -9999 -9999 -9999 -9999 -9999 -31.52455426918929 -30.15921822384714 -32.81786244503949 -9999 -9999 -9999 -9999 -9999 -9999 -9999 -9999 -9999 -9999 -9999 -9999 -9999
-9999 -9999 -9999 -9999 -9999 -9999 -9999 -9999 -9999 -9999 -9999 -9999 -9999 -9999 -9999 -9999 -9999 -9999 -9999 -9999 -9999 -9999 -9999 -9999 -9999 -9999 -9999 -9999 -9999 -9999 -9999 -9999 -9999 -9999 -9999 -9999 -29.266036443636843 -30.50278276632706 -28.656373833124967 -27.664072040504173 -27.701286427181678 -30.72574595780405 -9999 -9999 -9999 -9999 -9999 -9999 -9999 -9999 -9999 -9999
-9999 -9999 -9999 -9999 -9999 -9999 -9999 -9999 -9999 -9999 -9999 -9999 -9999 -9999 -9999 -9999 -9999 -9999 -9999 -9999 -9999 -9999 -9999 -9999 -9999 -9999 -9999 -36.81389699817112 -32.14413459167292 -36.21834142447947 -37.18533538493188 -36.41756083416714 -32.637630571287175 -33.430408478017945 -9999 -32.62897993491529 -31.20667386087653 -28.89491772259241 -30.658869024391656 -29.81100433820935 -30.483756437428195 -30.647526075558304 -30.56874521931965 -31.834059718042003 -30.932729166394022 -31.458643720003025 -9999 -9999 -9999 -9999 -9999 -9999
-9999 -9999 -9999 -9999 -9999 -9999 -9999 -9999 -9999 -9999 -9999 -9999 -9999 -9999 -9999 -9999 -9999 -9999 -9999 -9999 -9999 -9999 -9999 -9999 -9999 -9999 -9999 -31.728253038360236 -31.956582686090716 -31.83406276223186 -29.528578631835032 -29.75069078773464 -29.711347843145266 -32.23576559655572 -33.214157828295676 -31.95582824124865 -31.64004003988349 -30.997665253883767 -31.16137862109056 -30.675738936550413 -31.02914189729993 -31.278896660281173 -31.15781489730596 -30.952445772177963 -31.41047541529757 -30.826174249331636 -31.50912325709344 -32.1844650994527 -9999 -9999 -9999 -9999
-9999 -9999 -9999 -9999 -9999 -9999 -9999 -9999 -9999 -9999 -9999 -9999 -9999 -9999 -9999 -9999 -9999 -9999 -9999 -9999 -9999 -9999 -38.40849754223473 -36.96410720605557 -36.99338147440185 -37.66949691116197 -30.47993021900319 -31.35250348235442 -31.103066882480906 -30.441297607511693 -29.522431034472298 -29.718301579141865 -29.88350143149393 -31.714698493016297 -31.47767782509327 -31.31780251501358 -31.7324005193498 -31.52165775249061 -31.98051400906725 -31.173613782364825 -31.55795196579029 -30.945607041128696 -30.97650774059026 -31.47414229363203 -31.44182008045075 -31.502606320182142 -31.82949410625925 -32.8647631296097 -33.374697357028325 -9999 -9999 -9999
-9999 -9999 -9999 -9999 -9999 -9999 -9999 -9999 -9999 -9999 -9999 -9999 -9999 -9999 -9999 -9999 -9999 -9999 -9999 -9999 -9999 -37.95438957317439 -37.996524172531416 -36.96137746345915 -37.94933493986522 -38.06464099119582 -35.86299083254313 -34.10540029858686 -29.885859010144053 -32.58242288258386 -32.766035834633534 -29.775904453663177 -31.055833445851732 -29.93467723022483 -30.771576742098144 -31.028555792396606 -31.785121549487318 -31.15606701800166 -32.39456892930073 -32.1994618353217 -32.14480177911177 -32.0910652289907 -31.72027418075563 -32.081932018544165 -32.264845963098004 -33.076300449965345 -32.72536923287768 -32.647108983202536 -33.317622802350414 -9999 -9999 -9999
-9999 -9999 -9999 -9999 -9999 -9999 -9999 -9999 -9999 -9999 -9999 -9999 -9999 -9999 -9999 -9999 -9999 -9999 -9999 -9999 -38.70965562356661 -38.026137998689926 -38.39682862256488 -33.53373161682936 -31.66979655478507 -31.893607134856797 -31.856257860189018 -29.33055330981335 -32.81851125558558 -32.42943248348693 -33.22312778961679 -30.90043723699573 -30.518195499393016 -30.436868899223736 -31.088683001130608 -30.964803179726005 -31.254773703120545 -31.792356303951717 -31.79406439305781 -31.627732248951308 -32.028836391590644 -31.710798304084026 -31.809680424610228 -32.57928215527576 -33.338858937334315 -33.55932837692025 -33.61387066830919 -33.422728106277454 -33.548553179403484 -33.884006089982506 -9999 -9999
-9999 -9999 -9999 -9999 -9999 -9999 -9999 -9999 -9999 -9999 -9999 -9999 -9999 -9999 -9999 -9999 -9999 -9999 -9999 -9999 -9999 -32.73408786143138 -31.94218401097476 -30.04419812149789 -30.41638832378061 -30.24705375150255 -30.07979863280405 -29.21719401519593 -31.967979909341828 -31.125907303321448 -30.92301200139911 -30.956200896519913 -32.254863212155556 -32.070687882908395 -32.29937513531377 -31.626612503443884 -32.450146188423645 -32.73782862323808 -32.457865991831234 -32.52144000991056 -32.579826607453086 -32.614359343271346 -32.457087953613225 -32.22951711275908 -33.32459525326649 -33.66636385938076 -33.410207415132284 -32.952285871940525 -33.31384084730932 -9999 -9999 -9999
-9999 -9999 -9999 -9999 -9999 -9999 -9999 -9999 -9999 -9999 -9999 -9999 -9999 -9999 -9999 -9999 -9999 -9999 -9999 -36.71878881866801 -37.02715221686314 -37.009417626721 -35.05561049807153 -30.884742242031518 -29.988068855860053 -35.91582624756617 -35.721718640844905 -34.16332859301506 -33.97200954458485 -33.613667867108155 -33.562781264903414 -33.25496203964704 -32.635325038616784 -32.09436268559976 -32.477131392929245 -32.71153320915589 -32.33627199731664 -33.027164643431355 -32.83239774206934 -33.06268979796297 -33.36353040568735 -33.83758966299667 -33.860645859060824 -33.31161509586422 -33.034835625230656 -33.90784469981206 -34.208601314645925 -34.30786884289286 -33.97673494764285 -34.22085247329653 -34.13642327079218 -9999
-9999 -9999 -9999 -9999 -9999 -9999 -9999 -9999 -9999 -9999 -9999 -9999 -9999 -9999 -9999 -9999 -9999 -9999 -32.390445180875176 -36.889415716308434 -36.49832109534373 -34.55806428132298 -34.1094603549587 -33.402314313103076 -35.259229404872215 -35.86987958940333 -34.42426765500887 -31.898841101569058 -32.363574003229196 -32.999770337516715 -32.94917668681337 -32.9233555528297 -33.12903743104575 -33.254971228437874 -33.69654474013472 -33.495564328169785 -32.984584966756096 -33.16617068006874 -33.38352588925461 -32.983379969424384 -31.962260575153646 -32.48492932437524 -33.89391936246459 -33.88744048743624 -33.93204385751527 -34.01485628367287 -34.178225693336294 -34.18828753815224 -34.299458810559486 -34.006117733358714 -33.91064598133711 -9999
-9999 -9999 -9999 -9999 -9999 -9999 -9999 -9999 -9999 -9999 -9999 -9999 -9999 -9999 -9999 -9999 -9999 -32.37953555947808 -30.85487125564928 -31.03552013126342 -35.84411172342219 -35.646413439762306 -35.36304116284296 -35.822222193606095 -35.215317391772594 -34.918322382295784 -34.3824695897531 -33.61241765471354 -33.0549223338139 -33.19130768307982 -33.19841353337038 -33.02035712232328 -33.03523064098537 -32.954490533037344 -33.179891056929755 -33.485352830405105 -33.417536597397834 -33.626789153408104 -33.79197884972577 -33.857086322548454 -34.009114504018676 -33.96600556285312 -34.00021195365754 -33.17450355199001 -33.64206367245276 -33.63728073060717 -33.742006814066464 -33.61528279224079 -33.76016722124529 -33.50415317584084 -9999 -9999
-9999 -9999 -9999 -9999 -9999 -9999 -9999 -9999 -9999 -9999 -9999 -9999 -9999 -37.924583026776986 -37.11354549418981 -36.758958044862496 -36.880241206033176 -36.78360517317914 -30.97830197871344 -35.61311523162135 -31.16729309891593 -33.53428234153823 -35.261679314418814 -34.462195912922084 -34.64620384422373 -34.221784143527486 -34.30717897663684 -33.418975221697394 -33.30846136708884 -33.145433192598084 -33.16886037297751 -32.97198775219795 -33.00603162358988 -33.00117109126526 -33.231429254304466 -33.208998133282954 -33.334648294461104 -33.214496294904045 -33.4224300186979 -33.458761546745485 -33.68993440663876 -33.56140073987923 -33.51690888326768 -33.70956601684224 -33.75679891688673 -33.494926686314486 -33.305225020432715 -33.38757996771434 -33.459784128746556 -33.32151672171607 -33.40811513358192 -9999
-9999 -9999 -9999 -9999 -9999 -9999 -9999 -9999 -9999 -9999 -9999 -9999 -9999 -37.313865450555326 -36.63260291332558 -35.658087446897824 -37.00495613709806 -36.9705563512618 -35.95992707858653 -35.58712339581896 -35.90017191464566 -35.57920913532989 -34.76039329060953 -34.33752882740371 -34.33763127116206 -34.171266924666426 -34.19052935118647 -33.469531097589694 -33.39600499388698 -33.291887338485004 -33.302559670765106 -32.91978634056469 -32.970635065165894 -32.87531759437837 -32.90627266528876 -32.816323085425246 -32.97771760304905 -32.962451672242715 -33.22887097125592 -33.775440426395356 -33.84091837283173 -33.64656243118623 -33.519426765282674 -33.12080662339824 -32.266328425358424 -32.021202746671555 -31.8231288005381 -31.783369360782512 -31.750664681497298 -32.02616655662248 -32.15289427060889 -34.054021776375706
-9999 -9999 -9999 -9999 -9999 -9999 -9999 -9999 -9999 -9999 -9999 -9999 -9999 -37.16812083208296 -36.874072061259646 -36.394146064413746 -36.01001733612422 -36.31480456085952 -36.49610970397927 -34.84785869018468 -34.85337948816484 -34.6846793835702 -34.167759318236406 -33.82264889980322 -33.935469849213746 -34.22307751441043 -34.45324574005216 -33.66302887628952 -33.56904131232263 -33.622968615790555 -33.461271021285484 -33.19246292903713 -33.24759571625251 -33.119988733826034 -33.20422491531768 -33.4102747757345 -33.151046631179035 -32.860548476645185 -32.86707319406001 -33.38263531597714 -33.53271028388751 -33.384645323251206 -33.110169057747065 -32.02879579185623 -9999 -9999 -9999 -9999 -9999 -9999 -9999 -9999
-9999 -9999 -9999 -9999 -9999 -9999 -9999 -9999 -9999 -9999 -9999 -9999 -9999 -37.197457371616395 -36.8849118886541 -36.35710639227437 -36.51332494897692 -36.31011438053356 -35.35618458126914 -33.819517469844996 -33.71107796827101 -33.85140320874547 -34.22224202767933 -34.34566720688384 -34.06362661580007 -34.026559728389124 -34.19906980803058 -33.6240585089036 -33.651190688986695 -33.706614556189066 -33.64296584014513 -33.21900818062665 -33.297856971657225 -33.233022634062465 -33.1633541727362 -33.16017358543428 -33.18390261181311 -33.142276793927564 -33.078996926347074 -33.22382537766985 -32.84955439810986 -9999 -9999 -9999 -9999 -9999 -9999 -9999 -9999 -9999 -9999 -9999
-9999 -9999 -9999 -9999 -9999 -9999 -9999 -9999 -9999 -9999 -9999 -9999 -37.57730799635286 -37.03272665767637 -37.00315355836121 -36.474877207557846 -36.066297626842385 -35.40130576607707 -34.682408070252976 -33.97189715900649 -33.920481797333245 -33.801618878380076 -33.83904511888754 -33.84457112699747 -33.9515368308923 -33.91874943031636 -34.018431769939106 -33.56886683275847 -33.67218994187982 -33.66286509548863 -33.62644691363691 -32.90619509927418 -32.94848461707365 -33.00027505774306 -32.989380083830184 -33.01290926361227 -32.95575072947022 -32.9032020083131 -32.89186143080053 -32.93121947137358 -31.413086830870537 -9999 -9999 -9999 -9999 -9999 -9999 -9999 -9999 -9999 -9999 -9999
-9999 -9999 -9999 -9999 -9999 -9999 -9999 -9999 -9999 -9999 -9999 -35.312600428121144 -35.51788864081138 -35.990336309827555 -36.22416258148645 -35.70226751534804 -35.189685512451476 -34.97566322871063 -34.574533740012605 -34.11435003450064 -34.065986924521525 -33.95719780728527 -33.77753152366064 -33.649208142256285 -33.86270552812884 -33.341220097054965 -33.17888484329801 -32.71855116806516 -32.78597402338908 -32.79063097518193 -32.76831847535421 -32.880283566941955 -32.97229368688718 -32.9070112154296 -32.781816726162624 -32.99997078324222 -33.0208346773041 -32.58535896887722 -32.165458996369416 -31.570801983482827 -9999 -9999 -9999 -9999 -9999 -9999 -9999 -9999 -9999 -9999 -9999 -9999
-9999 -9999 -9999 -9999 -9999 -9999 -9999 -9999 -9999 -9999 -34.27135887604768 -34.46874938063221 -35.88729548374165 -35.92114090617899 -35.56092271575169 -34.613114553965524 -34.322074344565394 -34.331528315259376 -34.617603071268704 -34.22610682561891 -33.96761861674692 -33.779560839201075 -33.76593087086939 -33.74278676881876 -33.907388871515245 -34.07852582881508 -33.60206872355958 -32.82510125258402 -32.663716631173465 -32.75048104402137 -32.7763981695759 -32.772539029229584 -32.899786945243605 -32.93594909134283 -32.8810743129927 -33.118495242420124 -32.79915627288084 -32.15803105977096 -32.117192631265894 -9999 -9999 -9999 -9999 -9999 -9999 -9999 -9999 -9999 -9999 -9999 -9999 -9999
-9999 -9999 -9999 -9999 -9999 -9999 -9999 -9999 -9999 -9999 -9999 -9999 -34.85315218226448 -34.16820726480386 -33.38279945478864 -33.416127329498316 -33.17407570247577 -33.38353469023252 -33.95773174674952 -34.09103421380565 -34.10164696484396 -34.036873770678696 -33.885548354374016 -33.442112391702324 -33.63683097786589 -33.818359782766194 -33.87496364072782 -33.10049932316864 -32.92371931153107 -32.904131659702074 -32.760070130412714 -32.757494201153925 -32.7630251436456 -32.84433324996841 -32.89855809346964 -33.02341323603608 -32.63724227449665 -32.02672978108366 -31.843600360421487 -31.453617056454085 -9999 -9999 -9999 -9999 -9999 -9999 -9999 -9999 -9999 -9999 -9999 -9999
-9999 -9999 -9999 -9999 -9999 -9999 -9999 -9999 -9999 -9999 -9999 -33.275729058289976 -33.9491651645364 -34.99480065417106 -34.25089129659105 -33.01766851707681 -33.01435377947884 -33.39378559999168 -33.711808252492794 -33.49872424796938 -33.553541402187044 -33.8825998832663 -33.964072948316606 -33.34541611137659 -33.24333106448797 -33.32127190030703 -33.37097964991037 -32.812688587264034 -32.897193310986445 -32.926158365107156 -32.95993111048863 -32.76892589543984 -32.752430792510104 -32.542598515963306 -32.508956885087784 -32.414206580679924 -32.16382416033581 -31.54648706394516 -28.80310797913842 -9999 -9999 -9999 -9999 -9999 -9999 -9999 -9999 -9999 -9999 -9999 -9999 -9999
-9999 -9999 -9999 -9999 -9999 -35.10897234295023 -34.772498495213384 -34.45362217400784 -35.407445757866725 -34.97446228031529 -34.53919926274517 -33.06062467319202 -32.66577163172299 -33.07443186905082 -33.48783351760613 -33.189295389059275 -33.33095039060875 -33.47533823164461 -33.56437136677847 -33.09434862324636 -33.063243755764546 -33.110640466310194 -33.204962673497526 -32.97761324049573 -33.105752173009996 -33.13600229158079 -33.13345049631412 -32.89248497792813 -32.662036180353326 -32.585542747230356 -32.624980655470736 -32.82535470973649 -32.58526761638996 -32.38265198103267 -32.05212497524917 -31.454090180462355 -29.81132530726697 -28.549696487290397 -9999 -9999 -9999 -9999 -9999 -9999 -9999 -9999 -9999 -9999 -9999 -9999 -9999 -9999
-9999 -9999 -9999 -9999 -34.839157946264905 -34.297127952584866 -33.83295155172683 -33.248933017998944 -33.29745293260131 -33.1011145167461 -33.17690519453217 -33.006425793652674 -32.91857965563054 -32.99730410886648 -33.29834196437405 -33.33975040783009 -33.280768996176036 -33.449941650420826 -33.57301715162315 -32.89378695345599 -32.842030236742474 -32.864741310293546 -32.74010839028514 -32.798136219377184 -32.89748489551042 -32.70236139242882 -32.514368258335004 -32.348981420910114 -32.24253787765764 -32.24865710369426 -32.20118602910781 -32.29449530589356 -31.43697432070869 -30.063268061222075 -28.615147912451253 -9999 -9999 -9999 -9999 -9999 -9999 -9999 -9999 -9999 -9999 -9999 -9999 -9999 -9999 -9999 -9999 -9999
-9999 -9999 -9999 -34.79626540203311 -34.628106133195836 -34.25072941146281 -34.19355865265817 -33.87999526392924 -33.31859213923653 -33.093861961783205 -33.05005358926034 -32.66621735487899 -32.60036618975948 -32.879749585402344 -33.233177514568176 -33.065825748428296 -33.10121706397566 -33.214937118961394 -33.49882631216147 -33.09024352968657 -32.958519005244725 -32.6872248963338 -32.51744603526409 -32.53127447201373 -32.84099710027445 -32.79717270192014 -32.54079278693726 -31.8229482387588 -31.595971811430093 -31.418597165173654 -30.847483344677173 -9999 -9999 -9999 -9999 -9999 -9999 -9999 -9999 -9999 -9999 -9999 -9999 -9999 -9999 -9999 -9999 -9999 -9999 -9999 -9999 -9999
-9999 -9999 -9999 -35.98903440728478 -36.81968416035277 -36.70815838061477 -36.545828350852815 -34.76979676455464 -34.52676973037728 -34.30541482814269 -33.728008082789714 -32.616725995258925 -31.60324524966617 -32.75464109018547 -33.23274173288517 -32.983204125495604 -33.054797461123705 -33.19801910122065 -33.25640681115017 -32.50977494821769 -32.737699154442915 -32.565126586200236 -32.215729226503676 -31.61314899661157 -31.696361683742843 -31.58210712688631 -31.74510395311023 -31.693995172877425 -31.306804650853554 -9999 -9999 -9999 -9999 -9999 -9999 -9999 -9999 -9999 -9999 -9999 -9999 -9999 -9999 -9999 -9999 -9999 -9999 -9999 -9999 -9999 -9999 -9999
-9999 -9999 -9999 -35.782315595029566 -36.821984211365645 -36.462353947860734 -36.4284810079032 -35.704245186887995 -34.88168509334122 -34.855767624166944 -34.3694004730768 -33.12122325904361 -32.434717175211404 -32.490197418548476 -32.872027171301106 -33.0942736211858 -33.29677344827517 -33.52111174994952 -33.44292751831858 -32.31478489397017 -32.15865686000516 -32.32657537509827 -32.067364675878245 -32.340638430630925 -32.34666662445828 -31.77328420453386 -31.368436387742623 -28.84411047414353 -9999 -9999 -9999 -9999 -9999 -9999 -9999 -9999 -9999 -9999 -9999 -9999 -9999 -9999 -9999 -9999 -9999 -9999 -9999 -9999 -9999 -9999 -9999 -9999
-9999 -9999 -9999 -36.22635209326671 -35.76022239822945 -35.21694153931553 -35.57203482170015 -34.98893447816372 -34.66459064308095 -34.41945775860589 -34.07104911078023 -33.48687104721592 -32.92886549840643 -32.860052029579265 -33.05874154240097 -33.37052800563509 -33.386109458629605 -33.344975217595085 -33.36070579317437 -32.103440581456034 -32.04894204279535 -31.833417283233302 -31.844617842612404 -32.0223775257854 -31.887606525492586 -31.702498764019104 -29.129588268707472 -9999 -9999 -9999 -9999 -9999 -9999 -9999 -9999 -9999 -9999 -9999 -9999 -9999 -9999 -9999 -9999 -9999 -9999 -9999 -9999 -9999 -9999 -9999 -9999 -9999
-9999 -9999 -9999 -9999 -34.77989950477566 -34.48171864207579 -34.29584087943786 -34.53505553691967 -34.46520218235785 -34.53957482065546 -34.470621626211766 -33.72200916527885 -33.719165185558275 -33.23112661121541 -32.910247838502265 -32.90926913818574 -32.7777628887904 -32.923644991285386 -33.000157763814066 -31.913543701564816 -31.88029333931739 -32.00461579336185 -31.578025981258243 -31.369852177334362 -9999 -9999 -9999 -9999 -9999 -9999 -9999 -9999 -9999 -9999 -9999 -9999 -9999 -9999 -9999 -9999 -9999 -9999 -9999 -9999 -9999 -9999 -9999 -9999 -9999 -9999 -9999 -9999
-9999 -9999 -9999 -9999 -34.10436685825252 -34.20278791415773 -34.09738497176297 -34.18647251392983 -33.716289568881265 -33.511890408810075 -33.232131928113624 -32.67555087629246 -32.829226360679286 -32.95226922148507 -32.77134205076894 -32.557756751607336 -32.728712231089204 -32.77068461750264 -32.62189769803049 -31.86868117070974 -31.840976238194603 -31.765609244553193 -30.986505790381397 -30.136591307033008 -27.77379943019621 -9999 -9999 -9999 -9999 -9999 -9999 -9999 -9999 -9999 -9999 -9999 -9999 -9999 -9999 -9999 -9999 -9999 -9999 -9999 -9999 -9999 -9999 -9999 -9999 -9999 -9999 -9999
