metrics/grid_rasters/GLDAS/grideval_GLDAS_X_fall_2018_absolute_bias.asc
ncols 52
nrows 55
xllcorner     11.25
yllcorner     55.25
cellsize      0.25
NODATA_value  -9999
[rows 0 to 27 of 55, columns 0 to 51 of 52]
-9999 -9999 -9999 -9999 -9999 -9999 -9999 -9999 -9999 -9999 -9999 -9999 -9999 -9999 -9999 -9999 -9999 -9999 -9999 -9999 -9999 -9999 -9999 -9999 -9999 -9999 -9999 -9999 -9999 -9999 -9999 -9999 -9999 -9999 -9999 -9999 -33.91918227698777 -33.66086251788087 -35.12692568137996 -9999 -9999 -9999 -9999 -9999 -9999 -9999 -9999 -9999 -9999 -9999 -9999 -9999
-9999 -9999 -9999 -9999 -9999 -9999 -9999 -9999 -9999 -9999 -9999 -9999 -9999 -9999 -9999 -9999 -9999 -9999 -9999 -9999 -9999 -9999 -9999 -9999 -9999 -9999 -9999 -9999 -9999 -9999 -9999 -9999 -9999 -9999 -9999 -9999 -32.032166134033886 -33.01560061248941 -32.253337076854905 -30.4986814540903 -29.377438355257716 -31.35730879487736 -9999 -9999 -9999 -9999 -9999 -9999 -9999 -9999 -9999 -9999
-9999 -9999 -9999 -9999 -9999 -9999 -9999 -9999 -9999 -9999 -9999 -9999 -9999 -9999 -9999 -9999 -9999 -9999 -9999 -9999 -9999 -9999 -9999 -9999 -9999 -9999 -9999 -36.1079503560623 -36.306432994184924 -36.372187634766256 -35.886520863091064 -35.448378269939305 -35.99803274546515 -36.00701337991344 -9999 -35.65523901864231 -33.37807057335318 -33.03437907535296 -33.68875151029327 -30.936426191846586 -30.664797358378607 -30.16827731663464 -29.842312833478488 -29.563885865282717 -29.126259352602478 -29.2315472785056 -9999 -9999 -9999 -9999 -9999 -9999
-9999 -9999 -9999 -9999 -9999 -9999 -9999 -9999 -9999 -9999 -9999 -9999 -9999 -9999 -9999 -9999 -9999 -9999 -9999 -9999 -9999 -9999 -9999 -9999 -9999 -9999 -9999 -34.75673940413437 -32.10089039155743 -35.16606089751144 -29.61180076555728 -32.033491343710125 -34.46461282232469 -35.718341969547204 -34.04034682868847 -32.182892580260784 -33.034711241435545 -32.32594208122528 -32.02523870211463 -31.11636331057237 -30.179479770546603 -29.52808569394216 -29.03768534452788 -29.572448843619327 -29.744040057144982 -29.694578284479604 -29.62209168917776 -29.704934080325803 -9999 -9999 -9999 -9999
-9999 -9999 -9999 -9999 -9999 -9999 -9999 -9999 -9999 -9999 -9999 -9999 -9999 -9999 -9999 -9999 -9999 -9999 -9999 -9999 -9999 -9999 -36.610757522776225 -34.90659677798113 -36.36924280651978 -36.46116918632453 -35.062178747339566 -32.62120494508481 -32.23739188332316 -31.58764425546422 -32.21718544631705 -34.13004865657006 -35.326245622525185 -36.03678300098649 -32.53522568216527 -30.66842935928195 -30.24555087521427 -29.910650904894204 -30.023015517393475 -29.91106447149682 -29.632783581922347 -29.64172797703317 -29.474910035954558 -29.490678811752858 -29.72774350806907 -29.941959910811143 -29.77287248599824 -30.01207579756258 -30.018735904922032 -9999 -9999 -9999
-9999 -9999 -9999 -9999 -9999 -9999 -9999 -9999 -9999 -9999 -9999 -9999 -9999 -9999 -9999 -9999 -9999 -9999 -9999 -9999 -9999 -37.13165918225935 -36.93767962666167 -35.82114140570655 -36.54513521566168 -36.21526413988117 -36.57820486703089 -36.199729551694226 -34.809983318896734 -36.11883730261208 -36.199016440700696 -35.2305033927026 -35.57002585442675 -32.73213758534537 -30.968802344688516 -29.538276100101374 -29.51039331821868 -29.592268934493863 -29.72041548061911 -29.38720008290813 -29.444558288717822 -29.561264007771896 -29.673626861524774 -29.423909846406712 -29.35840702028229 -29.72143263764843 -30.009248481940602 -30.048881629932218 -29.980616184872584 -9999 -9999 -9999
-9999 -9999 -9999 -9999 -9999 -9999 -9999 -9999 -9999 -9999 -9999 -9999 -9999 -9999 -9999 -9999 -9999 -9999 -9999 -9999 -36.715329495309796 -37.04839104475392 -36.547957985201386 -35.37446245579765 -34.85811102247009 -33.38130745160711 -34.13252538708704 -34.15974112497745 -36.25530451888239 -36.07057417855486 -33.0565062339653 -32.31601319028126 -31.123271825058122 -30.96966678958263 -30.70992785970588 -29.524017817514768 -29.74499168021829 -29.840819086715747 -29.859612470021943 -29.520339010303818 -29.43306053708215 -29.617198899633934 -29.628426875898644 -29.504130975619614 -29.32604470687335 -29.337267298312803 -29.464767616426393 -29.4080121516158 -29.45982380919568 -29.46024148880535 -9999 -9999
-9999 -9999 -9999 -9999 -9999 -9999 -9999 -9999 -9999 -9999 -9999 -9999 -9999 -9999 -9999 -9999 -9999 -9999 -9999 -9999 -9999 -35.67054853731623 -35.67738556272381 -35.1539974965892 -35.523624780946044 -35.61062122594853 -35.809625801804295 -35.445472596233685 -35.53613692806563 -34.708889957005674 -33.45052205750739 -31.219180308057226 -30.368510924115938 -30.2480336379178 -30.121966345174304 -29.1953546767338 -29.529086137354213 -29.668955843383962 -29.570102329519425 -29.10539082450035 -29.119823909988927 -29.243253888603263 -29.49100199071588 -29.55120539495332 -29.53303361252196 -29.513420777272557 -29.520745416898485 -29.459705985652707 -29.382474732922983 -9999 -9999 -9999
-9999 -9999 -9999 -9999 -9999 -9999 -9999 -9999 -9999 -9999 -9999 -9999 -9999 -9999 -9999 -9999 -9999 -9999 -9999 -37.808791319420045 -37.68118425253984 -37.640651803177136 -36.90498917197788 -35.90663411492829 -36.68576077032056 -35.519498218628726 -33.3990698510392 -30.084718617825555 -30.015300874424337 -29.878975958123316 -29.78360907188975 -28.90414295722168 -28.96998239988154 -29.175025120090982 -29.148481426146496 -28.258986793581272 -28.333388189079013 -28.370802468569067 -28.795825979232298 -28.212240357095233 -28.043729933736092 -28.15748863063425 -28.443578809745365 -27.87807791739457 -27.894556270114013 -27.692289137516862 -27.6790883372241 -27.909229074000987 -28.04618988396948 -28.02919661053098 -28.04409970869157 -9999
-9999 -9999 -9999 -9999 -9999 -9999 -9999 -9999 -9999 -9999 -9999 -9999 -9999 -9999 -9999 -9999 -9999 -9999 -37.42329042146985 -37.76760704094892 -37.81177574510758 -37.72375039948703 -37.835899536180634 -36.91370235684399 -32.79719205339859 -32.40174242266669 -32.136861557161424 -29.72643708054918 -29.32090735505079 -29.988056020913547 -29.714568533760673 -29.233080507737107 -29.432013410542694 -29.50943867770116 -29.36075552954124 -28.527007267124706 -28.29753354431263 -28.70778419351676 -28.366252429271633 -27.94501125742937 -28.49892013857735 -28.919889771799134 -28.635265833401423 -27.615973512304354 -27.6151050029343 -27.78516165232593 -28.016609165223908 -27.953810657671355 -28.172429053338018 -28.23545877039842 -28.00177002616309 -9999
-9999 -9999 -9999 -9999 -9999 -9999 -9999 -9999 -9999 -9999 -9999 -9999 -9999 -9999 -9999 -9999 -9999 -37.67768464446232 -36.22122605406976 -36.54594251243295 -33.27599960895112 -31.26521262518325 -31.168594614367237 -31.190694742539268 -31.112034713931305 -31.230447732485256 -31.11087792321712 -29.459947693847365 -29.85689995149253 -29.77093695886024 -29.559266779203334 -29.061866752823796 -28.982363625009967 -29.2339896368743 -29.495072878242198 -28.97150740680377 -28.88727437563568 -28.892033782695517 -28.705281615195855 -28.05972979504329 -28.11750645804536 -28.34841468162671 -28.59057555728398 -27.55654682000014 -27.24534562127767 -26.90393515934165 -27.038378772192768 -27.277888954156538 -27.56917921187622 -27.286486453141322 -9999 -9999
-9999 -9999 -9999 -9999 -9999 -9999 -9999 -9999 -9999 -9999 -9999 -9999 -9999 -36.5678383772681 -34.527475091945995 -33.75410945566146 -34.181683366033404 -35.14557850111153 -37.247365747834294 -33.809888144893634 -30.698844947084623 -32.425511954454606 -31.103772250300906 -30.618097028828092 -30.699914791181197 -30.544126718356228 -30.71175816696096 -29.82795669167088 -29.835698516896137 -29.687196537320105 -29.51487748392417 -28.964151105034965 -29.063432803111414 -29.04665729475136 -29.05864258485099 -28.43509260372637 -28.66037752591892 -28.650435701954173 -28.19235483943843 -27.53839964304979 -27.300068593594236 -27.111216785611358 -26.60949949678648 -26.174516946670934 -26.263149492237922 -26.21478307380208 -25.883252354727674 -25.953098514700656 -25.84831516980961 -25.56162617550037 -25.498967644257046 -9999
-9999 -9999 -9999 -9999 -9999 -9999 -9999 -9999 -9999 -9999 -9999 -9999 -9999 -33.92015539817921 -33.26437645573374 -32.840128427760284 -33.65272902631825 -33.39344145421062 -33.106314000438196 -31.595405840652656 -31.60915447855471 -31.19717698288406 -30.982247187111238 -30.58262253120787 -30.646096457553266 -30.658705082302397 -30.745041386562058 -29.28442284362493 -29.594528065441732 -29.535861629972253 -29.333329809563498 -28.129693045045485 -27.97435417916667 -27.706545433786868 -27.658669934822964 -27.189286249536238 -27.15888929643392 -27.42279273034125 -27.451789429636445 -28.322631924812285 -28.127945466396906 -27.393739603500773 -26.52255620035742 -25.49052566345167 -25.416601708322602 -25.222406620303026 -25.326040959558807 -25.524515475484204 -25.48937967393015 -25.558901018637055 -25.72638465038368 -27.72597455200586
-9999 -9999 -9999 -9999 -9999 -9999 -9999 -9999 -9999 -9999 -9999 -9999 -9999 -33.85433713805217 -33.402978210658816 -32.31917641463352 -32.030000764364885 -32.205701764795805 -32.39029465435625 -31.232460114224768 -31.26929219316814 -31.26581697896696 -31.268190576725612 -30.83730687268569 -30.756104775755617 -30.829052229504015 -30.89690324606804 -28.777664725801767 -29.226289060048682 -29.469259618464246 -29.455647843183726 -28.33205706620036 -28.30279283839595 -28.321022597520233 -28.22626073470155 -27.29267512446085 -26.748741249502693 -25.96264629237927 -25.96394174955376 -26.925555947594923 -27.186368995294963 -25.549966029311108 -25.51135945322176 -25.12695685819119 -9999 -9999 -9999 -9999 -9999 -9999 -9999 -9999
-9999 -9999 -9999 -9999 -9999 -9999 -9999 -9999 -9999 -9999 -9999 -9999 -9999 -33.634651835864545 -33.0792667525974 -32.29099011771218 -32.499282119324896 -32.465260720433115 -32.099577211682785 -31.17150728508912 -31.22054844959588 -31.33800047144785 -31.36891047603317 -31.074044195648572 -30.98245132945805 -30.572302303532812 -30.41510900208256 -28.418480699390663 -28.829382690529407 -28.92335073729711 -29.18066402494007 -28.19497046724044 -28.172392581313193 -28.012830342524328 -27.3023679560603 -26.239216345188378 -25.75966899651665 -25.452204264209165 -24.98063268604596 -25.327134565317213 -24.98074540278905 -9999 -9999 -9999 -9999 -9999 -9999 -9999 -9999 -9999 -9999 -9999
-9999 -9999 -9999 -9999 -9999 -9999 -9999 -9999 -9999 -9999 -9999 -9999 -33.89517487323546 -33.581533751890554 -33.24937713400021 -32.60007924916079 -32.52461551531003 -32.04630567329926 -32.20821570867038 -31.177512999030426 -31.343479993579148 -31.375741915941077 -31.29912411757223 -30.781095822270103 -30.78862467113432 -30.563349704964317 -30.271050275190845 -27.959678509200998 -28.1292255298122 -28.478950482414483 -28.46530364748541 -27.423467741480888 -27.51172253945945 -27.229654283764273 -26.892866667298666 -25.595079663363126 -25.27561351192276 -24.766527288910613 -24.589026063128 -24.779017136933714 -24.446678857452106 -9999 -9999 -9999 -9999 -9999 -9999 -9999 -9999 -9999 -9999 -9999
-9999 -9999 -9999 -9999 -9999 -9999 -9999 -9999 -9999 -9999 -9999 -33.33579766586587 -33.29874906324587 -33.287977817335296 -33.14838865894701 -32.39074462631738 -32.08277063855676 -32.22430819172699 -32.10193764344677 -30.718062337610746 -30.751250022510575 -30.60747732031722 -30.60130873291784 -29.87183634363688 -29.73471564476143 -28.747400754284893 -28.51789239310956 -26.60975356502356 -26.62507524337251 -26.666747560642737 -26.771909862163138 -26.748625948840928 -26.589775255134143 -26.01679028562464 -24.98709586426452 -24.67151844519917 -24.48704634391917 -24.175184874416708 -23.834104808456782 -24.68577038775106 -9999 -9999 -9999 -9999 -9999 -9999 -9999 -9999 -9999 -9999 -9999 -9999
-9999 -9999 -9999 -9999 -9999 -9999 -9999 -9999 -9999 -9999 -33.39912633444336 -33.488455771376465 -33.01831214565907 -33.098801517531605 -32.93481058367416 -32.5219513712717 -32.28328868728336 -32.4417717506147 -32.580187049111004 -31.09525596649273 -30.407908195199877 -29.39979588520805 -29.40719002996991 -28.72826565879878 -29.199261066534525 -28.911180492961307 -27.693914240246617 -25.51941740347052 -25.30300099693321 -25.69314377065134 -25.579396250197192 -25.315544476425586 -25.42163165333261 -25.198372190019914 -24.740769620391198 -24.630240908056326 -24.12065617551843 -23.891492168674922 -23.613199957922763 -9999 -9999 -9999 -9999 -9999 -9999 -9999 -9999 -9999 -9999 -9999 -9999 -9999
-9999 -9999 -9999 -9999 -9999 -9999 -9999 -9999 -9999 -9999 -9999 -9999 -32.71627106325148 -33.23655238678003 -33.33159835628428 -32.479521578853266 -32.018003914668995 -31.727709098606482 -31.46510986985823 -29.55998785423299 -29.26085667801345 -28.363423763375202 -28.157797468416806 -27.09803308487184 -27.13647872252533 -27.337173589924866 -27.27110637362105 -26.07177805032704 -25.64117556839035 -25.63765729423408 -25.051098449053345 -24.828352837690293 -24.552056227636694 -24.65707437710448 -24.35856312118307 -24.36855222295028 -24.211213134966048 -23.69954179603975 -23.45881025650753 -24.49118113010139 -9999 -9999 -9999 -9999 -9999 -9999 -9999 -9999 -9999 -9999 -9999 -9999
-9999 -9999 -9999 -9999 -9999 -9999 -9999 -9999 -9999 -9999 -9999 -32.983131753792485 -33.161327529350636 -33.201109812236744 -33.24508632230317 -31.069678178200355 -29.72817405919125 -29.97947997696043 -29.64379620910264 -27.667256897847572 -27.602698489737055 -27.887950110750698 -27.892924464686395 -27.006589944975875 -26.691441548046665 -26.717264630555448 -26.819698239666423 -25.644810105356704 -25.47471707856672 -25.17661223048856 -25.15614954816116 -24.544895482996658 -24.56949710936009 -24.282987999924263 -24.230747111714802 -24.197645229543305 -23.87347044324973 -23.308808306457248 -22.99396343074821 -9999 -9999 -9999 -9999 -9999 -9999 -9999 -9999 -9999 -9999 -9999 -9999 -9999
-9999 -9999 -9999 -9999 -9999 -30.92503062742097 -32.03691157256509 -32.386514278927024 -32.64192877206337 -32.76595891484029 -32.639620955705965 -31.60221346561889 -30.57761640187639 -30.987272570912648 -31.37040646668974 -29.184524974243327 -28.341745386698413 -27.792142587130538 -27.711675894743465 -26.24018600761153 -26.149310163355302 -26.266075617357433 -26.34699283957809 -25.910133014627533 -26.14923073517179 -26.046673043231877 -25.915127013513185 -24.98394340444561 -24.38206234461741 -24.31013536664074 -24.29910918634262 -24.8772051322714 -24.726659980101086 -24.51536813476584 -24.150773603325852 -23.95292025362397 -23.6912361337179 -23.452160449145914 -9999 -9999 -9999 -9999 -9999 -9999 -9999 -9999 -9999 -9999 -9999 -9999 -9999 -9999
-9999 -9999 -9999 -9999 -31.06221106656633 -30.799076683205236 -30.884610220994592 -31.34718346849575 -32.39719611285562 -32.003916973248124 -31.76007834496488 -30.684003709723328 -30.36262755374332 -29.644744235899424 -29.46377227195426 -28.00679418518321 -27.33898176150499 -27.25287323885157 -27.27592688102971 -25.73087118195554 -25.60039162418836 -25.670488506883054 -25.45905599694003 -25.034589216665744 -25.178475992508478 -24.986389148489128 -24.914198577404022 -24.29611150863079 -24.18960374663328 -24.11902034675682 -23.95046397963805 -24.42775971327837 -23.93135958205868 -23.497107443041525 -23.108018835269647 -9999 -9999 -9999 -9999 -9999 -9999 -9999 -9999 -9999 -9999 -9999 -9999 -9999 -9999 -9999 -9999 -9999
-9999 -9999 -9999 -30.475473831684052 -30.55884350353217 -29.96586720889004 -31.651599769449824 -32.053971721371134 -31.86750722799327 -30.855167098159157 -29.422805947425605 -28.665158944613818 -28.323126370128204 -28.437414262791748 -28.521634661132 -27.144859726162075 -26.841410164792947 -26.86701620392665 -27.08728659533701 -25.78806725283573 -25.595775120922326 -25.369729074659748 -25.139716528826852 -24.738111715047413 -24.93254423667523 -24.927733010029073 -24.808001171674704 -23.79264732329482 -23.445637111111985 -23.057955073847708 -22.72119006148161 -9999 -9999 -9999 -9999 -9999 -9999 -9999 -9999 -9999 -9999 -9999 -9999 -9999 -9999 -9999 -9999 -9999 -9999 -9999 -9999 -9999
-9999 -9999 -9999 -33.23169068934825 -33.80255999264645 -33.35805729223968 -33.35208243135731 -31.560308567647425 -31.356289408118514 -30.071839629641765 -29.19981598526567 -27.788468230618058 -27.854510285164963 -27.93265749366729 -28.018144973154577 -26.84924571476058 -26.769758960621047 -26.78955822718422 -26.71862567099487 -25.14562268518321 -25.254132098549015 -25.24008491021264 -24.96079670019693 -23.96852578652593 -23.96950941195118 -24.00470106539081 -24.23520419828512 -23.612029293347355 -22.813946903345514 -9999 -9999 -9999 -9999 -9999 -9999 -9999 -9999 -9999 -9999 -9999 -9999 -9999 -9999 -9999 -9999 -9999 -9999 -9999 -9999 -9999 -9999 -9999
-9999 -9999 -9999 -32.797199947861856 -33.85464492165944 -33.41426799348095 -32.97759743755336 -32.08158225142448 -31.11250846429759 -30.873790868076977 -28.708058107889943 -26.900013013159512 -26.463058527722787 -26.58461905289237 -26.843216022558433 -26.489979013780154 -26.40211973634068 -26.570000641273108 -26.477153871126557 -25.00722564406857 -24.80786593919517 -24.864375946306428 -24.83661932371311 -25.084576680232864 -24.998215211227865 -24.419186654347147 -23.655837151211696 -22.92987998816502 -9999 -9999 -9999 -9999 -9999 -9999 -9999 -9999 -9999 -9999 -9999 -9999 -9999 -9999 -9999 -9999 -9999 -9999 -9999 -9999 -9999 -9999 -9999 -9999
-9999 -9999 -9999 -33.47093490871427 -32.588581016757985 -31.90486599087388 -32.300809805864816 -31.065738194755145 -29.40482780460145 -28.438742512018308 -27.943567147089556 -27.44748099559693 -26.931731073881732 -26.91675701467218 -27.080817180081876 -26.751656302117876 -26.45634060101277 -26.440678542705026 -26.37213451609752 -24.93448069212692 -24.787237587845425 -24.645326692529107 -24.67951522499405 -24.60044725628181 -24.512799011113554 -23.77869868382893 -23.320731036549248 -9999 -9999 -9999 -9999 -9999 -9999 -9999 -9999 -9999 -9999 -9999 -9999 -9999 -9999 -9999 -9999 -9999 -9999 -9999 -9999 -9999 -9999 -9999 -9999 -9999
-9999 -9999 -9999 -9999 -31.115411054138303 -29.63652944110416 -29.28461979640709 -29.235645939462948 -29.318104596092148 -29.847026630540146 -28.9050265730942 -27.899107968537034 -28.045687607745386 -27.606801024955377 -26.93652464985684 -26.34833493556541 -26.113216737121512 -26.21231860307219 -26.221627382663907 -24.383416626745692 -24.36578090570785 -24.63176571121337 -24.04788311701882 -23.585015408121624 -9999 -9999 -9999 -9999 -9999 -9999 -9999 -9999 -9999 -9999 -9999 -9999 -9999 -9999 -9999 -9999 -9999 -9999 -9999 -9999 -9999 -9999 -9999 -9999 -9999 -9999 -9999 -9999
-9999 -9999 -9999 -9999 -29.087885986808892 -28.595261363558226 -28.670729560143016 -29.447955886843605 -27.945776108202047 -27.03291069010048 -26.909146465442998 -26.46319687974404 -26.79959813542255 -26.88453173518672 -26.72557114993969 -26.10981976486497 -26.04061757017869 -26.092876475038274 -25.742964386592035 -24.42651261616457 -24.35917309262268 -24.283113728492307 -23.53507428378849 -23.578838192765694 -23.24185610140909 -9999 -9999 -9999 -9999 -9999 -9999 -9999 -9999 -9999 -9999 -9999 -9999 -9999 -9999 -9999 -9999 -9999 -9999 -9999 -9999 -9999 -9999 -9999 -9999 -9999 -9999 -9999
