metrics/grid_rasters/GLDAS/grideval_GLDAS_X_fall_2017_absolute_ubrmsd.asc
ncols 52
nrows 55
xllcorner     11.25
yllcorner     55.25
cellsize      0.25
NODATA_value  -9999
[rows 0 to 28 of 55, columns 0 to 51 of 52]
-9999 -9999 -9999 -9999 -9999 -9999 -9999 -9999 -9999 -9999 -9999 -9999 -9999 -9999 -9999 -9999 -9999 -9999 -9999 -9999 -9999 -9999 -9999 -9999 -9999 -9999 -9999 -9999 -9999 -9999 -9999 -9999 -9999 -9999 -9999 -9999 1.4661282749257292 1.7417418707473935 3.2928745979589147 -9999 -9999 -9999 -9999 -9999 -9999 -9999 -9999 -9999 -9999 -9999 -9999 -9999
-9999 -9999 -9999 -9999 -9999 -9999 -9999 -9999 -9999 -9999 -9999 -9999 -9999 -9999 -9999 -9999 -9999 -9999 -9999 -9999 -9999 -9999 -9999 -9999 -9999 -9999 -9999 -9999 -9999 -9999 -9999 -9999 -9999 -9999 -9999 -9999 1.0356754712588718 1.3056261054944562 2.13771540137114 1.854114279853996 2.5540833303446604 4.362497855490294 -9999 -9999 -9999 -9999 -9999 -9999 -9999 -9999 -9999 -9999
-9999 -9999 -9999 -9999 -9999 -9999 -9999 -9999 -9999 -9999 -9999 -9999 -9999 -9999 -9999 -9999 -9999 -9999 -9999 -9999 -9999 -9999 -9999 -9999 -9999 -9999 -9999 8.031256560721102 8.305467506475722 8.217985124084644 4.0893633551951165 1.572257366137644 6.386004477780642 6.2057971590531125 -9999 5.185292287780594 2.4284139111232177 2.2715201812084094 5.061897181416316 5.078213833142383 5.55884814830065 5.138136915811896 4.709449879986074 5.098305634450647 4.559641683082568 4.124453510774376 -9999 -9999 -9999 -9999 -9999 -9999
-9999 -9999 -9999 -9999 -9999 -9999 -9999 -9999 -9999 -9999 -9999 -9999 -9999 -9999 -9999 -9999 -9999 -9999 -9999 -9999 -9999 -9999 -9999 -9999 -9999 -9999 -9999 1.8085770472249636 0.6504994833627789 2.440798266761698 0.4814892205219588 1.1179905980001277 2.0336322677989496 6.640894847656585 6.378910636258116 6.719733478071251 6.648727949368353 6.240341591769048 6.567614063410383 5.882723574617318 5.54765932996022 5.1215508935300775 5.558126630523686 5.5394657056237175 5.924030647777959 5.900839737075143 5.825210628264307 6.070811950322688 -9999 -9999 -9999 -9999
-9999 -9999 -9999 -9999 -9999 -9999 -9999 -9999 -9999 -9999 -9999 -9999 -9999 -9999 -9999 -9999 -9999 -9999 -9999 -9999 -9999 -9999 8.253962008401949 8.487565788306478 8.788965423474739 8.164720015157625 2.18234838312479 1.8306861836035209 1.6359322340601543 1.636017891911464 1.7504116791291884 2.8904648353752966 4.659035758988185 8.153842889348818 8.055907243687832 7.751389621898038 7.561155712386237 7.563724759813012 7.64797913842058 7.634857501182863 7.542464311529443 7.587939607052026 7.543030879751493 7.560555941660882 7.579512000394816 7.527289179705802 7.411225302700317 7.398179190454371 7.3590703275872364 -9999 -9999 -9999
-9999 -9999 -9999 -9999 -9999 -9999 -9999 -9999 -9999 -9999 -9999 -9999 -9999 -9999 -9999 -9999 -9999 -9999 -9999 -9999 -9999 8.81404161266231 8.875414525335419 8.519094137835651 7.255620451371923 3.4794704729302404 8.347005514606456 5.076211265197816 2.4678783796475976 6.271941354470697 6.047218045910452 4.319244530400536 7.5029073758127485 8.130420287987711 7.849985938194077 7.7032723651020625 7.698878419832482 7.568425184683408 7.368993956017742 7.386167212518637 7.356305027162494 7.335331970152424 7.3372181499802425 7.3862042488274025 7.413791538878898 7.398621284578263 7.485297869972394 7.4834927415800605 7.4554776758950885 -9999 -9999 -9999
-9999 -9999 -9999 -9999 -9999 -9999 -9999 -9999 -9999 -9999 -9999 -9999 -9999 -9999 -9999 -9999 -9999 -9999 -9999 -9999 8.427032402074037 8.745864206495357 6.794070150826022 2.3139925732513964 1.503226848703116 0.5155482815359692 0.6868355751743139 1.9915073561669343 5.948066763575831 8.291462827214104 8.073660518883456 8.085547723825696 7.830183883931488 7.747313346029725 7.744381574459702 7.631713068121075 7.604046931689483 7.559113049581269 7.412135127774936 7.344789670193607 7.305983462771668 7.2561209697954325 7.235027325177422 7.309001460126624 7.397224012320721 7.4026802629564 7.394775319944774 7.439151638077908 7.4768461293036275 7.4474756427535285 -9999 -9999
-9999 -9999 -9999 -9999 -9999 -9999 -9999 -9999 -9999 -9999 -9999 -9999 -9999 -9999 -9999 -9999 -9999 -9999 -9999 -9999 -9999 2.3062671456235075 2.515036354361701 1.968833321488528 1.9080600351050276 1.966058048623003 3.0166195129363014 3.8517752400020133 8.002490324530202 8.144168625872682 8.309344415176522 7.93655867166105 7.61653286604384 7.564784252748809 7.495327197001508 7.381840636679722 7.324651258726134 7.390066247327352 7.280349652708456 7.263572838276424 7.221407765058018 7.2103731266717235 7.184750912557687 7.337388981900097 7.396839293879664 7.420610332513356 7.410741937229 7.480018365300027 7.495327138874649 -9999 -9999 -9999
-9999 -9999 -9999 -9999 -9999 -9999 -9999 -9999 -9999 -9999 -9999 -9999 -9999 -9999 -9999 -9999 -9999 -9999 -9999 6.687663343044443 7.302867330947392 7.4698914112576125 3.4956855789128563 2.3920294327703644 5.051612192350363 7.849721886835887 7.906967711347574 7.190441893919719 7.392358455571401 7.243097957592803 7.223923907359625 7.187079049518263 7.154912029366449 7.220299293680243 7.20909081720801 7.197313086847355 7.185992210835901 7.1788119208246295 7.239108088915372 7.267580232826281 7.297105708431187 7.3490080261651425 7.3745254848400155 7.528678942808274 7.560694445526953 7.6065980550428165 7.637694043099831 7.712781407414588 7.6445222364125796 7.780888096442207 7.7884460303344545 -9999
-9999 -9999 -9999 -9999 -9999 -9999 -9999 -9999 -9999 -9999 -9999 -9999 -9999 -9999 -9999 -9999 -9999 -9999 3.8102383904562185 6.456488465174908 7.863221542924247 8.243104102222965 6.85803813075601 8.211946940566875 7.951800983147138 8.06307378102613 8.197835829440258 7.838548799749165 7.360465800157138 7.253580054354909 7.224158384039588 7.410166434601117 7.423790062076246 7.41886880603598 7.398748555447604 7.338409611093812 7.2924432342827785 7.266906057611613 7.258264343195332 7.326603557204898 7.285878629730443 7.299335071580505 7.381453690444853 7.624748519779475 7.672225036772095 7.658265000288678 7.682048545629451 7.831802718427557 7.738112460232028 7.81893625731875 7.830202337180421 -9999
-9999 -9999 -9999 -9999 -9999 -9999 -9999 -9999 -9999 -9999 -9999 -9999 -9999 -9999 -9999 -9999 -9999 4.916177761383959 2.3912006321952592 2.970737460297073 8.286282442615574 7.959052224587887 7.729005057631247 7.680546420705878 7.550929972035087 7.494612088054176 7.494279937773813 7.19458734752117 7.24222314505196 7.208856485571827 7.205936071775567 7.192300581470122 7.225705700388393 7.288436687272527 7.343894979949446 7.331083598706446 7.343878875111828 7.358007069798184 7.329203923540533 7.401007992449364 7.384084559526482 7.376809874177967 7.3776365351332025 7.568672156797525 7.683886696824187 7.7495844069538276 7.749342506358372 7.852202036926522 7.8420398049830675 7.794930091222018 -9999 -9999
-9999 -9999 -9999 -9999 -9999 -9999 -9999 -9999 -9999 -9999 -9999 -9999 -9999 7.430725868540878 7.324221442833625 7.351143805191804 7.925706688725746 8.144638933059714 2.9101472665875567 8.182697946722374 4.883601652484473 7.887792852194416 7.840314208279332 7.688063771090612 7.651925773997826 7.5152752425802705 7.619183102956742 7.505470713573744 7.480149623251228 7.518559945936624 7.512316982837872 7.3679939399060475 7.3785462207472445 7.39991180600918 7.433437732301836 7.328860329373881 7.34371068391793 7.333686641124053 7.3815825566646325 7.419893679386702 7.432851750676386 7.452288444621997 7.4640597828956095 7.595875450255574 7.637319002491695 7.630640029134482 7.667518004346799 7.7698225092198845 7.761744060283246 7.7448482887542065 7.735920705538382 -9999
-9999 -9999 -9999 -9999 -9999 -9999 -9999 -9999 -9999 -9999 -9999 -9999 -9999 7.249930683399753 7.465068576641598 7.706517070611762 7.91472102113639 7.720421814244326 7.1351969781900895 7.387124040072696 7.485114448031549 7.787414911709182 7.790644038431831 7.578443015923407 7.5686744269064965 7.472634532588986 7.512772733121822 7.383656424390559 7.444101590717129 7.456220693157692 7.439968103775381 7.4319428433695744 7.422139577117318 7.428908643151827 7.396078275944188 7.4331496824482635 7.448291508101091 7.275274636250272 7.3309118884525075 7.264772023998605 7.287453694813467 7.295848321784653 7.2192726919419465 6.930073519737966 4.570793911305174 4.225402757123475 4.096241749790607 4.403701888618474 4.135525594856218 4.012293639740727 3.9113156001235962 3.460221297968547
-9999 -9999 -9999 -9999 -9999 -9999 -9999 -9999 -9999 -9999 -9999 -9999 -9999 7.235486861174635 7.286759683597706 7.566696033299537 7.669407757661903 7.571560164061656 5.6877946441992355 7.7926217506890465 7.693012471402727 7.662025862196572 7.7250689454630885 7.586144631508947 7.552873562826133 7.556259031647924 7.5743483009991595 7.438486936015457 7.4277516591498545 7.435447010148318 7.435189364710396 7.3961028345838296 7.398485780667236 7.388150752003022 7.369059814221001 7.391805482119508 7.363713712363322 7.211831205509553 7.09527837170474 7.175543652866289 7.155821135582615 7.063513523458584 6.734903204009067 4.389152812098451 -9999 -9999 -9999 -9999 -9999 -9999 -9999 -9999
-9999 -9999 -9999 -9999 -9999 -9999 -9999 -9999 -9999 -9999 -9999 -9999 -9999 7.179356724920801 7.188712721566192 7.393767044252249 5.8427005120481965 7.003520543149219 7.309706074696799 7.749565415337273 7.818989116133111 7.78696099230806 7.683543940031997 7.5832323867924964 7.553120926467396 7.515907057158157 7.522686960703242 7.375786012047887 7.395139633135106 7.402439927412331 7.406010176668376 7.40756087423008 7.4164700740348835 7.413449074600062 7.399055603457647 7.402321761468916 7.370127175509549 7.2830815119839345 6.915609603643277 6.560019585930427 4.711857486916894 -9999 -9999 -9999 -9999 -9999 -9999 -9999 -9999 -9999 -9999 -9999
-9999 -9999 -9999 -9999 -9999 -9999 -9999 -9999 -9999 -9999 -9999 -9999 7.794419746827638 7.112423485947041 6.140220475986414 5.429035466169684 6.71872447586196 6.875116260370795 7.6190554250342055 7.729662805281317 7.79764639254057 7.7776678754618045 7.710861182151944 7.530868115263723 7.530341739557487 7.507299878581345 7.542728935638619 7.345976113742192 7.3512420085750625 7.363927530728371 7.373715387847155 7.410358153979628 7.436783010738488 7.426860752988372 7.3966168430570916 7.431292066130913 7.396364156272247 7.07558082016114 5.613273283202757 4.580955485653417 4.228152892453998 -9999 -9999 -9999 -9999 -9999 -9999 -9999 -9999 -9999 -9999 -9999
-9999 -9999 -9999 -9999 -9999 -9999 -9999 -9999 -9999 -9999 -9999 7.595949771319014 7.470474767478721 7.2515635413829385 6.412341544154768 6.969311686713319 7.041997554123237 7.406669027396824 7.504908288432933 7.664053211053788 7.669327377242127 7.630977827963441 7.61938279987567 7.5222218583556435 7.482036255791315 7.386018509959492 7.4035536169137695 7.433454618987667 7.467217069019767 7.472117040285966 7.502590643210603 7.5827455254399885 7.595588673630751 7.611013316122537 7.640792583459168 7.624099022417393 7.588407706506696 7.263251896562767 5.023860297285835 3.92580582599277 -9999 -9999 -9999 -9999 -9999 -9999 -9999 -9999 -9999 -9999 -9999 -9999
-9999 -9999 -9999 -9999 -9999 -9999 -9999 -9999 -9999 -9999 7.4711319315961 7.5017077364866624 7.4228814223506 7.260314842330064 7.258098286478143 7.60942715885447 7.6325041483621385 7.641438177184161 7.614165813908657 7.634283933514157 7.679049537905388 7.619160051972124 7.631213878203138 7.522951217280568 7.4408776227586175 7.396753168156277 7.378586057718719 7.435361421284326 7.507882387035482 7.5559218793505885 7.579501334800433 7.709561944670414 7.664521570761177 7.637327554966828 7.608091987915985 7.578888063063006 7.563839847565588 7.136479803118887 5.0159149241585075 -9999 -9999 -9999 -9999 -9999 -9999 -9999 -9999 -9999 -9999 -9999 -9999 -9999
-9999 -9999 -9999 -9999 -9999 -9999 -9999 -9999 -9999 -9999 -9999 -9999 7.651062391886972 7.662916986391312 7.548978077008577 7.560785355450928 7.4689368041014275 7.548068996920747 7.544320120242946 7.666427645460073 7.613881821460267 7.53498849578895 7.527559531829858 7.4130698783496305 7.448014700712116 7.481347775067755 7.475214592957932 7.4452441288393985 7.464999629286437 7.529829244777318 7.593496118499528 7.789633593789677 7.7721193160759094 7.718486512000251 7.622662869939448 7.55101992708126 7.536749144459544 5.849502224229991 4.7629267959962815 4.175493691767657 -9999 -9999 -9999 -9999 -9999 -9999 -9999 -9999 -9999 -9999 -9999 -9999
-9999 -9999 -9999 -9999 -9999 -9999 -9999 -9999 -9999 -9999 -9999 7.543622316970709 7.584734759340518 7.647314387312081 7.57994842214517 7.349991303498858 7.199987607965715 7.286699973896027 7.312183695925794 7.41605236490538 7.350565063019035 7.453411178670329 7.441066912110838 7.4103888523995645 7.4038307947727775 7.365293064595367 7.406963199646484 7.4965356816701485 7.495694945885222 7.4327536954792786 7.537311792167452 7.573954175091169 7.603605468069634 7.565778544964623 7.511703027913454 7.181103314370444 6.4373330266322295 4.846530304516533 3.3791872903628652 -9999 -9999 -9999 -9999 -9999 -9999 -9999 -9999 -9999 -9999 -9999 -9999 -9999
-9999 -9999 -9999 -9999 -9999 7.237382826179652 7.287854003679872 7.387255547488682 7.522857250964033 7.529126166276346 7.5260086680755665 7.366793743824703 7.283584823605863 7.265037375753133 7.32153418576182 7.243725122148943 7.195780917445959 7.140301941355839 7.190749466892742 7.302541918029264 7.3066972546792375 7.267445535283289 7.294479450802727 7.369965158084963 7.134495773615901 7.088163606842593 7.150252225272148 7.087625184521843 7.2925039007685815 7.2588213810991284 7.1538033727122174 7.0723429766101615 7.058789120401445 6.951116806422446 5.92251536687827 4.691401121767669 4.589875394114885 3.1979673616960387 -9999 -9999 -9999 -9999 -9999 -9999 -9999 -9999 -9999 -9999 -9999 -9999 -9999 -9999
-9999 -9999 -9999 -9999 7.064187087190992 6.933478180625122 7.011259811343588 7.169865463595799 7.196420407194744 7.222178393656972 7.3492050199744146 7.214259255275782 7.220886148118801 7.187696163646363 7.114229904508046 7.083552399217518 7.0034293573745 7.056037163829273 7.150542874477736 7.195883894216803 7.284680886236832 7.342980712634332 7.4264392454196235 7.252766248821595 7.06486192786155 7.053641431192272 7.051790394780562 7.065901757388586 7.089165571161089 7.104071688910576 6.846368541828513 6.081796769063322 4.842555086416456 4.439906405143166 3.390824711955284 -9999 -9999 -9999 -9999 -9999 -9999 -9999 -9999 -9999 -9999 -9999 -9999 -9999 -9999 -9999 -9999 -9999
-9999 -9999 -9999 6.835332600060212 6.83986492240391 6.4171058924602375 6.805439800287725 7.005237715342702 7.0385201866050435 6.915221531852183 6.8090805669678796 6.648699760133929 6.530708526717337 6.643247699689312 6.715852968433947 6.849778051141999 6.890840092079142 6.965899062991323 7.128992702338127 7.026715726768918 7.109449684000942 7.2682196858030474 7.389419780839837 7.266673461486063 7.005258577114586 6.989301969603279 7.0787586487260805 7.223309897769034 7.07260396023105 5.442100738339874 4.405990840663411 -9999 -9999 -9999 -9999 -9999 -9999 -9999 -9999 -9999 -9999 -9999 -9999 -9999 -9999 -9999 -9999 -9999 -9999 -9999 -9999 -9999
-9999 -9999 -9999 7.6025353524903885 7.556073795253169 7.551245194162402 7.541209657033424 7.457968639172817 7.4676507991540095 7.350902539166325 6.995379793759931 5.663001414463885 4.846112278174339 5.705970543404349 6.620367876021343 6.808598320709294 6.946612824137947 7.009522097530093 7.1112570104676305 7.200635887562509 7.234974018717864 7.209856566039202 7.318204168668947 7.316000805113405 7.432554008702349 7.421268201057939 7.320526006762498 6.831666788213524 3.64585609974364 -9999 -9999 -9999 -9999 -9999 -9999 -9999 -9999 -9999 -9999 -9999 -9999 -9999 -9999 -9999 -9999 -9999 -9999 -9999 -9999 -9999 -9999 -9999
-9999 -9999 -9999 7.438725647116794 7.611412714003812 7.5444706199825475 7.637236069277701 7.40728773649149 7.443710784930627 7.431408471826668 7.36227933432952 6.602321259363289 6.026984570636495 6.291505732718972 6.538498136041343 6.825700704852201 6.895450622968428 6.936532451937177 6.938793995730644 7.156305287976227 7.109402195563253 6.985109452018614 7.0956625360044185 6.782780607944479 6.904402634095999 6.9156218875715805 4.81446538848094 2.8892032440224087 -9999 -9999 -9999 -9999 -9999 -9999 -9999 -9999 -9999 -9999 -9999 -9999 -9999 -9999 -9999 -9999 -9999 -9999 -9999 -9999 -9999 -9999 -9999 -9999
-9999 -9999 -9999 7.263662396848147 7.4077732001623975 7.413124087914152 7.426132663888112 7.440885822102588 7.387541359651875 7.281597118478477 7.060060619590676 6.923161312100763 6.654040014456067 6.616717431780741 6.647563887945486 6.813967574210242 6.835638087262641 6.866093018269975 6.9149633460656394 6.7057714932541606 6.735218075962512 6.679518054582665 6.7247999014007 6.744490011509835 6.744962797292284 4.504252257818703 2.374783842278728 -9999 -9999 -9999 -9999 -9999 -9999 -9999 -9999 -9999 -9999 -9999 -9999 -9999 -9999 -9999 -9999 -9999 -9999 -9999 -9999 -9999 -9999 -9999 -9999 -9999
-9999 -9999 -9999 -9999 7.492429212788956 7.463672568847801 7.4689189803174845 7.411948232113137 7.397812157098348 7.391704365657768 7.342983220029207 7.128246163736312 7.315339113134876 6.999636318052612 6.571149705965571 6.788666945380294 6.697953201752017 6.860679927444969 6.869705374938137 5.871838146409295 6.294352424133039 6.735515194418405 5.971916557286201 5.0298972265519435 -9999 -9999 -9999 -9999 -9999 -9999 -9999 -9999 -9999 -9999 -9999 -9999 -9999 -9999 -9999 -9999 -9999 -9999 -9999 -9999 -9999 -9999 -9999 -9999 -9999 -9999 -9999 -9999
-9999 -9999 -9999 -9999 7.458595652217578 7.472250499799168 7.471615697150995 7.420382437771102 7.363626467286795 6.912953354158876 6.7029961690642095 6.307385957419344 6.5552405089034105 6.67018067296764 6.4534080065906645 6.461132450593964 6.525580028305602 6.72904103581283 6.105760068747263 5.6220179628190525 5.669494417172063 6.046296378920603 4.7303459920367565 3.3623242389944754 2.1273318060374744 -9999 -9999 -9999 -9999 -9999 -9999 -9999 -9999 -9999 -9999 -9999 -9999 -9999 -9999 -9999 -9999 -9999 -9999 -9999 -9999 -9999 -9999 -9999 -9999 -9999 -9999 -9999
-9999 -9999 -9999 -9999 7.138673107915619 6.944472804536948 6.697619321341282 7.116381870866906 7.292733078740341 7.079765067230617 6.707901851561352 5.1578073037712775 4.817822568832362 4.886794139613776 4.691386195590212 5.280965866354325 5.059688584766748 4.906309267505575 4.690912814051496 4.720478381685326 4.957017092713716 5.047999960595281 3.522067170451781 2.1550635427844744 -9999 -9999 -9999 -9999 -9999 -9999 -9999 -9999 -9999 -9999 -9999 -9999 -9999 -9999 -9999 -9999 -9999 -9999 -9999 -9999 -9999 -9999 -9999 -9999 -9999 -9999 -9999 -9999
