metrics/grid_rasters/GLDAS/grideval_GLDAS_all_absolute_ubrmsd.asc
ncols 52
nrows 55
xllcorner     11.25
yllcorner     55.25
cellsize      0.25
NODATA_value  -9999
[rows 0 to 29 of 55, columns 0 to 51 of 52]
-9999 -9999 -9999 -9999 -9999 -9999 -9999 -9999 -9999 -9999 -9999 -9999 -9999 -9999 -9999 -9999 -9999 -9999 -9999 -9999 -9999 -9999 -9999 -9999 -9999 -9999 -9999 -9999 -9999 -9999 -9999 -9999 -9999 -9999 -9999 -9999 7.971258338021567 8.155344066174969 7.796003192721858 -9999 -9999 -9999 -9999 -9999 -9999 -9999 -9999 -9999 -9999 -9999 -9999 -9999
-9999 -9999 -9999 -9999 -9999 -9999 -9999 -9999 -9999 -9999 -9999 -9999 -9999 -9999 -9999 -9999 -9999 -9999 -9999 -9999 -9999 -9999 -9999 -9999 -9999 -9999 -9999 -9999 -9999 -9999 -9999 -9999 -9999 -9999 -9999 -9999 7.062994889250176 7.788720229678843 7.060752774392995 6.470762052791477 6.5711257098806835 7.661315412427183 -9999 -9999 -9999 -9999 -9999 -9999 -9999 -9999 -9999 -9999
-9999 -9999 -9999 -9999 -9999 -9999 -9999 -9999 -9999 -9999 -9999 -9999 -9999 -9999 -9999 -9999 -9999 -9999 -9999 -9999 -9999 -9999 -9999 -9999 -9999 -9999 -9999 8.80618560763631 9.21671595883517 8.925815599981727 8.363455126315138 8.045580872859563 8.336845666208848 8.015169273748617 -9999 7.826692919010924 7.798664297043934 7.461066615570568 7.661178689162736 7.239194254647237 7.675002009173538 7.881375510040412 7.880671670854159 8.073444976276248 8.025521364621168 7.905644816404977 -9999 -9999 -9999 -9999 -9999 -9999
-9999 -9999 -9999 -9999 -9999 -9999 -9999 -9999 -9999 -9999 -9999 -9999 -9999 -9999 -9999 -9999 -9999 -9999 -9999 -9999 -9999 -9999 -9999 -9999 -9999 -9999 -9999 8.156493415672452 7.059077581285546 7.822153276260691 6.241071619774168 7.200374681025966 7.838953896613284 8.197339770259866 8.176707418903035 8.237787675252024 8.183779472855084 8.058844732712076 7.8875745975508025 7.909620633137128 7.944378169253197 7.847810750378071 8.095346275541543 8.062508570367205 7.9633357522438395 7.9839337313443615 8.088866272787456 8.414854640053425 -9999 -9999 -9999 -9999
-9999 -9999 -9999 -9999 -9999 -9999 -9999 -9999 -9999 -9999 -9999 -9999 -9999 -9999 -9999 -9999 -9999 -9999 -9999 -9999 -9999 -9999 7.948323933639648 8.496273901418919 8.610765770117482 8.441468178149206 7.284367422395326 6.8557099069381175 6.752962760539201 6.653323395736091 6.616441656787102 7.279995520019847 7.730839111464112 8.367845093615896 8.3332890106644 8.383375581757782 8.363283741314108 8.495682934551514 8.657178274293129 8.630041482344284 8.648044508051902 8.600186469451117 8.406312521261821 8.285586301757371 8.204402631800564 8.203897595379907 8.320932028800437 8.513281609762371 8.628474874966539 -9999 -9999 -9999
-9999 -9999 -9999 -9999 -9999 -9999 -9999 -9999 -9999 -9999 -9999 -9999 -9999 -9999 -9999 -9999 -9999 -9999 -9999 -9999 -9999 8.05807772471662 8.175959861725406 8.650204158400692 8.318996102015454 8.064149389030455 8.438570930788291 8.137684141101023 7.605889528421715 8.364120449702172 8.447399955013879 7.735031296559647 8.206061017884787 7.958879322080157 8.371293457752152 8.41367057380197 8.359506089979979 8.554767971053254 8.756083037036447 8.873474374231234 8.82783891337856 8.712392225167799 8.635271302773756 8.430818051943165 8.362194545166021 8.417729470492361 8.350283583366531 8.432366010433817 8.500798640085392 -9999 -9999 -9999
-9999 -9999 -9999 -9999 -9999 -9999 -9999 -9999 -9999 -9999 -9999 -9999 -9999 -9999 -9999 -9999 -9999 -9999 -9999 -9999 7.857910337506403 8.071937842571959 8.368227557239075 8.029416758198453 7.030328576786824 6.910926640074997 6.9227506968716686 6.955732595253526 8.490060980184039 8.73200893999848 8.542183253827293 8.116424435810885 8.157289001942347 8.229211748298527 8.393478781034888 8.439668154800069 8.445891148452692 8.489820834696562 8.609034498076968 8.760103623119589 8.930786523227434 8.718897812654498 8.568731036843689 8.515183368999772 8.73459925100526 8.679788441677895 8.608151010556455 8.61509964823997 8.698397107365023 8.846117485408302 -9999 -9999
-9999 -9999 -9999 -9999 -9999 -9999 -9999 -9999 -9999 -9999 -9999 -9999 -9999 -9999 -9999 -9999 -9999 -9999 -9999 -9999 -9999 7.9899153543906305 8.082329645195438 7.043533713719253 7.7292730732385575 7.7378403830499956 7.851882958735615 7.703341104652921 8.660295260782119 8.613347039864378 8.43029632005579 8.357228100088482 8.532029551687017 8.591697505972409 8.478810088483241 8.579034381219566 8.625083337328263 8.863370069812756 9.004079823781677 9.149041044961194 9.166454065725944 8.966399464653712 8.640723471756676 8.46913936741268 8.695210811504491 8.821580705530426 8.748956064053196 8.629615271052076 8.740518435084676 -9999 -9999 -9999
-9999 -9999 -9999 -9999 -9999 -9999 -9999 -9999 -9999 -9999 -9999 -9999 -9999 -9999 -9999 -9999 -9999 -9999 -9999 8.325604568811103 8.477700855334929 8.571254608399762 8.212028784241344 7.6999141143427625 8.658624223546626 8.729768010895947 8.781275675506475 8.761092709518561 8.852051894948275 8.857701578915716 8.92730160590188 8.608437449384084 8.237509127587597 8.091187735681348 8.057295583959974 8.16583503511765 8.104062022844072 8.173182894196112 8.521714608628193 8.877258986051428 9.179699371040373 9.295275993132496 9.25318339942235 8.974100257703341 8.933841394825015 9.187255271984727 9.28419900511297 9.330238134897849 9.16107042076414 9.50050647615268 9.54949688086227 -9999
-9999 -9999 -9999 -9999 -9999 -9999 -9999 -9999 -9999 -9999 -9999 -9999 -9999 -9999 -9999 -9999 -9999 -9999 8.771800772051233 8.567769292846844 8.629373611235504 8.664102090429362 8.484066120624638 8.539921466320274 8.598746487311661 8.62366676875707 8.418337595912933 8.570411926772643 8.372784080924548 8.752787516570868 9.168358379168568 9.224915117980672 9.219963857420822 9.18149258602131 9.070432843123797 9.135540532626331 8.560479289790713 8.892083366466936 8.618891781096066 8.544236117879427 8.414106784361321 8.766368841099185 9.23309116073109 9.378331980095373 9.358816596179553 9.370995254659649 9.354617252411837 9.451396154436623 9.369490633146748 9.514411457943924 9.529018480704517 -9999
-9999 -9999 -9999 -9999 -9999 -9999 -9999 -9999 -9999 -9999 -9999 -9999 -9999 -9999 -9999 -9999 -9999 8.782563253025927 8.415258266147394 8.036317052303293 8.767612979490313 8.973877454355586 8.956086504475373 8.879210620210566 8.881840590013377 8.830488728056633 8.915427780404729 8.7859487048416 9.130759267908783 9.061494045059671 9.035786527148913 8.917947341102252 9.065448078606419 9.153392130555485 9.16194800071237 9.299767227051301 9.296944388519034 9.259578880880717 9.214281225268307 9.041161027203211 9.013112631469117 9.14142533151137 9.07571413392428 9.184785302440805 9.42120845028729 9.50208725439164 9.479532425786019 9.557613154403157 9.441074685383542 9.419936044253651 -9999 -9999
-9999 -9999 -9999 -9999 -9999 -9999 -9999 -9999 -9999 -9999 -9999 -9999 -9999 7.669086718329353 7.956924091134415 8.280133707050872 8.363881432974178 8.267866870271716 8.37141122940958 8.680683078705599 8.44669065934803 8.679082426866538 8.907437075755093 8.944386068483748 9.054234903539763 8.974797868477133 8.963021687847169 9.232957067726742 9.211984059055926 9.290067283290233 9.26136259959074 8.969767666390512 9.096400286737737 9.156079156255604 9.174526065420595 9.358882733723894 9.291111010082307 9.36872437770493 9.306325701212751 9.487249399779207 9.408340858855249 9.440164436289546 9.497794104485939 9.423974922403717 9.343601427037225 9.48441214157072 9.602162784521221 9.584532364865742 9.51620671834722 9.523311597415404 9.472819882810882 -9999
-9999 -9999 -9999 -9999 -9999 -9999 -9999 -9999 -9999 -9999 -9999 -9999 -9999 8.076307045138682 8.219195844120945 8.293422821809711 8.2649892998672 8.323851234310842 8.334756145337215 8.810007046257047 8.935807569391745 9.014290322936978 8.992722293372568 8.994744480904705 8.964317367738138 8.997506163366642 9.010250525707852 9.235838195936461 9.208591304149694 9.241428650456301 9.29885116503301 9.280318328063405 9.327727602400874 9.332529301309279 9.417426092457019 9.412216149913313 9.363092500692996 9.493205440461752 9.440229986948315 9.397914053111986 9.394934673994095 9.456564657125547 9.472137826285966 9.347386112537047 9.064221652615721 8.935748053841301 8.834641177010269 8.824916660127807 8.748277017043463 8.697556053892239 8.622025116920245 7.787755214835702
-9999 -9999 -9999 -9999 -9999 -9999 -9999 -9999 -9999 -9999 -9999 -9999 -9999 8.115688288808629 8.213258878065599 8.465292941790981 8.592642124013555 8.560554681474937 8.491429796007383 8.918447595378666 8.893480311595708 8.93149686745622 9.137076588731233 9.070874461313544 9.06379103220435 9.020450678827848 9.02249566471051 9.214292076411212 9.152064660461994 9.160066290344133 9.159630588330977 9.322589593411037 9.351662948987707 9.397911757229547 9.32321543073062 9.258353729807386 9.272697391614184 9.473284702294622 9.52909699232219 9.43862814419887 9.44611628029965 9.441010521583772 9.387816288787167 9.110953535165198 -9999 -9999 -9999 -9999 -9999 -9999 -9999 -9999
-9999 -9999 -9999 -9999 -9999 -9999 -9999 -9999 -9999 -9999 -9999 -9999 -9999 8.19865589839914 8.309837027364896 8.485047864835071 8.397400870489754 8.510924862004233 8.636090304930446 9.243909199895516 9.282030446427838 9.241019340251835 9.100409513754826 8.900494945926527 8.974629601415819 9.058075203052494 9.072108104876103 9.18823841613449 9.142738376185957 9.16965743930322 9.168342137481194 9.231800860038595 9.30371063778245 9.324086161106695 9.299484574160514 9.294093705896293 9.26745901254661 9.301710913119226 9.470629464874962 9.436204242135704 9.30771177330437 -9999 -9999 -9999 -9999 -9999 -9999 -9999 -9999 -9999 -9999 -9999
-9999 -9999 -9999 -9999 -9999 -9999 -9999 -9999 -9999 -9999 -9999 -9999 8.130408629489247 8.232929364202139 8.289469831506478 8.381106452528943 8.441269624855911 8.587526922554026 8.881751175245082 9.226103577722236 9.140497347041077 9.174200393927842 9.131677673183557 9.068651158536218 9.086557081891273 9.094469095487213 9.074462435389636 9.23024969355051 9.1960599685719 9.147953043230405 9.1661404966286 9.331909623193702 9.383217392006598 9.411605623626583 9.393434749565866 9.439719787580108 9.422074499850957 9.479597381279644 9.502237904257887 9.34431033596594 8.948936117327122 -9999 -9999 -9999 -9999 -9999 -9999 -9999 -9999 -9999 -9999 -9999
-9999 -9999 -9999 -9999 -9999 -9999 -9999 -9999 -9999 -9999 -9999 8.619405949807241 8.587487307763576 8.55384112969407 8.514847065240067 8.706625482302687 8.797019460790812 8.940036923064472 9.050405800286057 9.306234057324 9.266206764290343 9.241129749611682 9.199940813446547 9.290060359067336 9.423320614753543 9.507607306954153 9.579580747316747 9.708589176098195 9.694161550778864 9.666760426384032 9.610206695358752 9.501209516721644 9.561091346786656 9.62284746327826 9.661581392462297 9.569624998198472 9.559221407962893 9.573082162840763 9.480067037395994 8.797937253600846 -9999 -9999 -9999 -9999 -9999 -9999 -9999 -9999 -9999 -9999 -9999 -9999
-9999 -9999 -9999 -9999 -9999 -9999 -9999 -9999 -9999 -9999 8.6961814656981 8.819885784564146 8.547731359381304 8.525183769897852 8.705607916030708 9.000711665921832 9.163900977429833 9.095698171442464 9.01942532642146 9.18215509024668 9.202463810136354 9.259551441150725 9.202941752012013 9.235213611273775 9.220748827274843 9.240024777398695 9.335432224968448 9.593948610411168 9.710529214991768 9.699078056394422 9.7184759683502 9.716491897258406 9.626331316868947 9.593318645985144 9.599663226833007 9.51395632833014 9.544081472676954 9.584909320458912 9.508022561286824 -9999 -9999 -9999 -9999 -9999 -9999 -9999 -9999 -9999 -9999 -9999 -9999 -9999
-9999 -9999 -9999 -9999 -9999 -9999 -9999 -9999 -9999 -9999 -9999 -9999 8.728418244100892 8.940047171633472 9.002412294667899 9.064376426026923 9.101916221045714 8.997436461044096 8.906597376223628 9.104221213969923 9.04364480235484 9.134159400795976 9.18057789923813 9.345148311701056 9.294354688211289 9.249296475074233 9.270505897977262 9.432237508570044 9.541127553782019 9.49047823995996 9.738198261201637 9.757317630893882 9.781744415326065 9.725934506433614 9.638580228723102 9.520887673325634 9.502572227488145 9.49935790280546 9.392245809219961 8.641328907368807 -9999 -9999 -9999 -9999 -9999 -9999 -9999 -9999 -9999 -9999 -9999 -9999
-9999 -9999 -9999 -9999 -9999 -9999 -9999 -9999 -9999 -9999 -9999 8.799501883310846 8.661464744797335 8.614078653104759 8.777851302874412 8.944271690868618 9.023334973354693 9.001964791989254 8.997285233398003 9.372907917400486 9.312091289605323 9.166984830383011 9.164628922763695 9.356182126085878 9.449535290337623 9.464280561217011 9.428830821842409 9.59350618667203 9.60261097712382 9.666233932610028 9.612550872370008 9.755560683126138 9.749498412407636 9.736373811543011 9.704505664186149 9.514003782828569 9.479943921568307 9.257689853417137 8.117489577402706 -9999 -9999 -9999 -9999 -9999 -9999 -9999 -9999 -9999 -9999 -9999 -9999 -9999
-9999 -9999 -9999 -9999 -9999 8.386350426156268 8.445149812248003 8.576036024908676 8.49595026571302 8.52907904090198 8.642764261463018 8.914114304780906 9.05679847669794 8.905329476111335 8.832103333903802 8.998621388972856 9.137166167443356 9.232822147848488 9.264583763245344 9.494872498963344 9.492413136025537 9.482701260559976 9.461154286609403 9.490267935589006 9.40067690038647 9.411306689244762 9.462056510608626 9.629681604379293 9.737108890078236 9.788152735334377 9.758505594752409 9.561402810002251 9.536714847707758 9.498618456107325 9.391645003666358 9.05192460830793 8.456990897331561 7.859654729126872 -9999 -9999 -9999 -9999 -9999 -9999 -9999 -9999 -9999 -9999 -9999 -9999 -9999 -9999
-9999 -9999 -9999 -9999 8.406312502793424 8.480520308267574 8.490752918571694 8.779282617515111 8.865021804729075 8.848836987727026 8.759011050817165 8.766244913444682 8.806359477771425 8.873544295621867 8.823572937090873 8.982206004987725 9.064818939445685 9.15531595554454 9.17904416914463 9.473862142773298 9.531815410011923 9.574522162805273 9.654219505503374 9.638423365541598 9.596160128150231 9.621408673571661 9.646573151405736 9.778603481392512 9.773382078862788 9.737783224208409 9.665546043295091 9.38032065574744 9.252860925452868 8.6079429349798 8.139641159124954 -9999 -9999 -9999 -9999 -9999 -9999 -9999 -9999 -9999 -9999 -9999 -9999 -9999 -9999 -9999 -9999 -9999
-9999 -9999 -9999 8.476611725940435 8.528974221265479 8.612400479618406 8.64844143103219 8.77755578101918 8.89523948700633 8.977180592052978 8.977202308356159 9.119419560081838 9.17756772759674 9.0971208757275 8.85427140542225 9.034178028137577 9.110601621207945 9.11683789735015 9.100138882713546 9.353200089972788 9.43436477779785 9.598617146261931 9.718664949095732 9.737123321641898 9.611476913606753 9.58699662640706 9.607911155114117 9.794908104937836 9.79395472400552 9.652333123925883 9.32941950219349 -9999 -9999 -9999 -9999 -9999 -9999 -9999 -9999 -9999 -9999 -9999 -9999 -9999 -9999 -9999 -9999 -9999 -9999 -9999 -9999 -9999
-9999 -9999 -9999 8.448249694165753 8.367754053512016 8.534067994869204 8.578654357769707 8.809871980060473 8.805949342556303 8.752561285403122 8.83868552316888 9.04169534760442 8.342870227150371 8.901950741689882 8.981210138502279 9.148693765185572 9.1546281691556 9.161875511756586 9.209118280503864 9.579788680932838 9.522127719893968 9.608909736628304 9.722242430636433 9.920300836518146 9.932693592041108 9.935068832798702 9.809153054336804 9.69490631778561 9.447474735996098 -9999 -9999 -9999 -9999 -9999 -9999 -9999 -9999 -9999 -9999 -9999 -9999 -9999 -9999 -9999 -9999 -9999 -9999 -9999 -9999 -9999 -9999 -9999
-9999 -9999 -9999 8.605771937346875 8.59488409603837 8.735249384868094 8.800246515768443 8.978500590388627 8.967245785849778 8.8641747159051 8.881866486779721 9.08492127650026 9.335996367697003 9.418394392808214 9.279410995185305 9.268719474650174 9.272134567762151 9.25699763369132 9.301105659292402 9.58158446756658 9.629442263835804 9.591268178348964 9.597306983317146 9.434849368844317 9.531981304643585 9.593775972663847 9.404062217961114 8.455296679448166 -9999 -9999 -9999 -9999 -9999 -9999 -9999 -9999 -9999 -9999 -9999 -9999 -9999 -9999 -9999 -9999 -9999 -9999 -9999 -9999 -9999 -9999 -9999 -9999
-9999 -9999 -9999 8.770544696770072 8.878398306167895 8.956563507443306 8.928000359106507 9.141868154464408 9.120111674677624 9.098335658037293 9.07113147719048 9.111002148868359 9.208174504943768 9.285305044175377 9.236273356568539 9.241895060371764 9.313098116003488 9.33891044564965 9.34675316263593 9.635243898036112 9.674907904276814 9.703840210647645 9.625298387962653 9.551033887112958 9.500885157415958 9.334920689996569 8.246615535751072 -9999 -9999 -9999 -9999 -9999 -9999 -9999 -9999 -9999 -9999 -9999 -9999 -9999 -9999 -9999 -9999 -9999 -9999 -9999 -9999 -9999 -9999 -9999 -9999 -9999
-9999 -9999 -9999 -9999 8.828524315049341 8.904223304636528 8.903270308913559 9.122169591071188 9.16554123307169 9.187316805863052 9.130363498303817 9.09379060345106 9.111712039220762 9.181317941638252 9.328922714160024 9.40153558940948 9.444061746805687 9.379901187083467 9.345385224003877 9.648349955894217 9.66584308821669 9.632447319446054 9.622203718566904 9.533994391566424 -9999 -9999 -9999 -9999 -9999 -9999 -9999 -9999 -9999 -9999 -9999 -9999 -9999 -9999 -9999 -9999 -9999 -9999 -9999 -9999 -9999 -9999 -9999 -9999 -9999 -9999 -9999 -9999
-9999 -9999 -9999 -9999 8.78402169211947 8.922698511091644 8.868736499276217 8.83083235924563 8.990502323244794 9.043755641605227 9.1777795080655 9.322529981634727 9.287299611997632 9.248119175908833 9.329193097198573 9.429147018732827 9.398212357214273 9.36921701605103 9.4117473080795 9.634074110088845 9.575315795386413 9.526678886840726 9.265388276390947 8.811223186257301 7.729365079002856 -9999 -9999 -9999 -9999 -9999 -9999 -9999 -9999 -9999 -9999 -9999 -9999 -9999 -9999 -9999 -9999 -9999 -9999 -9999 -9999 -9999 -9999 -9999 -9999 -9999 -9999 -9999
-9999 -9999 -9999 -9999 9.146365150527064 9.132276156935395 9.12383222866397 9.144681472961762 9.010923612014286 9.08585891240979 9.130125466061683 9.030685657438482 9.08200654777256 9.118826039452873 9.121068150489453 9.248483816422526 9.311220902314613 9.370401655570472 9.408973551568913 9.509259407954804 9.468152557321003 8.878100607160587 8.785490746796466 8.429172604170555 -9999 -9999 -9999 -9999 -9999 -9999 -9999 -9999 -9999 -9999 -9999 -9999 -9999 -9999 -9999 -9999 -9999 -9999 -9999 -9999 -9999 -9999 -9999 -9999 -9999 -9999 -9999 -9999
-9999 -9999 -9999 -9999 8.651199214379286 8.720458063190721 8.951354163475953 9.240234061395633 9.255394540101124 9.100076368517897 8.815211065723096 9.04587129752393 8.975606721751712 8.93475027680269 8.974959595531779 9.018872974792627 9.044073256799326 9.01607578884669 9.046588402007515 9.182902640345297 9.159937169204968 9.150630170837136 8.859265449495568 -9999 -9999 -9999 -9999 -9999 -9999 -9999 -9999 -9999 -9999 -9999 -9999 -9999 -9999 -9999 -9999 -9999 -9999 -9999 -9999 -9999 -9999 -9999 -9999 -9999 -9999 -9999 -9999 -9999
