metrics/grid_rasters/GLDAS/grideval_GLDAS_X_fall_2018_absolute_ubrmsd.asc
ncols 52
nrows 55
xllcorner     11.25
yllcorner     55.25
cellsize      0.25
NODATA_value  -9999
[rows 0 to 28 of 55, columns 0 to 51 of 52]
-9999 -9999 -9999 -9999 -9999 -9999 -9999 -9999 -9999 -9999 -9999 -9999 -9999 -9999 -9999 -9999 -9999 -9999 -9999 -9999 -9999 -9999 -9999 -9999 -9999 -9999 -9999 -9999 -9999 -9999 -9999 -9999 -9999 -9999 -9999 -9999 7.650418389121609 7.683086407095017 7.803481427315357 -9999 -9999 -9999 -9999 -9999 -9999 -9999 -9999 -9999 -9999 -9999 -9999 -9999
-9999 -9999 -9999 -9999 -9999 -9999 -9999 -9999 -9999 -9999 -9999 -9999 -9999 -9999 -9999 -9999 -9999 -9999 -9999 -9999 -9999 -9999 -9999 -9999 -9999 -9999 -9999 -9999 -9999 -9999 -9999 -9999 -9999 -9999 -9999 -9999 6.495856160764978 7.203028165978769 6.867482657608448 5.6662882455532015 4.934030801875572 6.217702364799647 -9999 -9999 -9999 -9999 -9999 -9999 -9999 -9999 -9999 -9999
-9999 -9999 -9999 -9999 -9999 -9999 -9999 -9999 -9999 -9999 -9999 -9999 -9999 -9999 -9999 -9999 -9999 -9999 -9999 -9999 -9999 -9999 -9999 -9999 -9999 -9999 -9999 7.72774869079546 7.600721429248352 7.485821630227883 7.903031193404003 8.174410571671428 7.544291576165727 7.725805683537909 -9999 8.100412900864416 7.125686818775079 7.383640093453712 6.831301491778094 5.451330875789075 5.947148247086682 6.1536915511485 6.338431802784702 6.574340587291004 6.641907619618192 6.624971465302276 -9999 -9999 -9999 -9999 -9999 -9999
-9999 -9999 -9999 -9999 -9999 -9999 -9999 -9999 -9999 -9999 -9999 -9999 -9999 -9999 -9999 -9999 -9999 -9999 -9999 -9999 -9999 -9999 -9999 -9999 -9999 -9999 -9999 8.162120154535149 6.261294496058506 8.275050794925876 4.350377134044009 6.213091924670597 7.713825155227483 7.799100206280771 7.1545258803972756 7.059736233957867 7.042377694386139 6.6573986665801215 6.41047742960902 6.3147031574552805 6.2570086089791 6.343256819108472 6.483288285566974 6.4821851475479555 6.335152296303716 6.350097761796305 6.4966047524090715 6.549452040837535 -9999 -9999 -9999 -9999
-9999 -9999 -9999 -9999 -9999 -9999 -9999 -9999 -9999 -9999 -9999 -9999 -9999 -9999 -9999 -9999 -9999 -9999 -9999 -9999 -9999 -9999 7.149793475000664 6.505450366206127 7.5000433721286 7.460167696402317 8.087447106199349 6.342277160690157 5.9687285853052465 5.522366782306067 6.022972471007726 7.534650195513903 8.091427600533418 7.5933947813713765 6.362389688259075 6.514566586885264 6.460980733037478 6.5982986661781915 6.669195917912095 6.391653262897592 6.393820498186778 6.381246320561676 6.34827296342471 6.321198699781016 6.366818307587536 6.412358095266554 6.630511909063772 6.797592584132983 6.862949342307236 -9999 -9999 -9999
-9999 -9999 -9999 -9999 -9999 -9999 -9999 -9999 -9999 -9999 -9999 -9999 -9999 -9999 -9999 -9999 -9999 -9999 -9999 -9999 -9999 6.943315488602082 7.025273129248055 7.202178746117848 7.382173377977767 7.551355245088493 7.387122711794224 7.655097881340331 7.933368614134089 7.725798393022617 7.701743728731601 8.17252828424548 7.661028017553724 6.091732535292993 6.212563432111943 6.4289383509514435 6.4045093150853765 6.538270002171887 6.689810057176717 6.550095078501924 6.455440580576393 6.40691061238745 6.511687211794579 6.5746628718437226 6.718638130077982 6.777697623809352 6.807422539324029 6.883568084683686 6.950434501259589 -9999 -9999 -9999
-9999 -9999 -9999 -9999 -9999 -9999 -9999 -9999 -9999 -9999 -9999 -9999 -9999 -9999 -9999 -9999 -9999 -9999 -9999 -9999 7.067725326269868 6.851289686653741 7.269496880411813 8.17133785833675 8.154785133649176 6.896837886272589 7.448362787677377 7.3689415200909 7.627830635734048 7.684575819679483 6.321995757877373 6.170587935572527 6.0636716062994065 6.079008350109119 6.356986189456405 6.3755659498217785 6.4013641254996525 6.407159071376345 6.539939419014955 6.519987002189077 6.55820370816017 6.528435075176684 6.586052560694048 6.764303435355266 6.994395455565103 7.0542449221072046 7.0437952449660655 7.0303564800068665 7.065909625533558 7.073326141725715 -9999 -9999
-9999 -9999 -9999 -9999 -9999 -9999 -9999 -9999 -9999 -9999 -9999 -9999 -9999 -9999 -9999 -9999 -9999 -9999 -9999 -9999 -9999 7.81496186887396 7.878338743222313 8.224434681487438 8.033157805786386 7.9664459660037545 7.852478876542831 7.877802606434621 7.456029960662151 6.936582914229849 6.249859015914135 6.029829182395273 6.6070102453107795 6.664046880938424 6.559086561707822 6.514079083443365 6.6079994995519975 6.723138630983711 6.86095974180146 6.774599464918075 6.887067880863255 6.924053421521987 6.945039853182012 7.035037111326558 7.227493753724314 7.324377338404028 7.202666318153242 7.121218163919269 7.090018501513669 -9999 -9999 -9999
-9999 -9999 -9999 -9999 -9999 -9999 -9999 -9999 -9999 -9999 -9999 -9999 -9999 -9999 -9999 -9999 -9999 -9999 -9999 6.968843379567282 6.976159319889296 6.963721060514658 7.08865497849546 7.8158937696915975 7.496364987802773 6.261962048912613 5.640836998286284 5.448102043462407 5.715931806057713 5.902518684735234 5.996124356775316 4.883462366758658 4.824530949803137 5.190486537591184 5.101840855033259 4.6571425512654105 4.767082147759685 4.784741553206021 5.816795472507254 5.7785727382495145 6.108087300129463 6.472647494140582 6.808115645608251 6.301584033845807 6.409444747427282 6.309044092705261 6.394505581700723 6.8659411835889355 6.852555151538208 7.134458560402579 7.216181722935825 -9999
-9999 -9999 -9999 -9999 -9999 -9999 -9999 -9999 -9999 -9999 -9999 -9999 -9999 -9999 -9999 -9999 -9999 -9999 6.901055313258143 6.929886789993988 6.934535591042298 6.9419898328903775 6.944260607553662 6.603030834515059 5.7282734609439006 5.120986806025334 4.940354275221812 4.691140747850426 4.035933128437138 6.162689133008661 6.449518912047559 6.629610664256938 6.750752858773178 6.796712676580219 6.348879824934179 5.910656838288015 5.338167916157672 5.89841311866024 5.439369151778134 5.202812611874823 5.953064561254639 6.765226322187084 6.83496705214736 6.431148537729144 6.515867130182525 6.635149528886443 6.86764568700395 7.075966842603798 7.176755979458856 7.463880179962457 7.376997586872995 -9999
-9999 -9999 -9999 -9999 -9999 -9999 -9999 -9999 -9999 -9999 -9999 -9999 -9999 -9999 -9999 -9999 -9999 6.911543727901343 7.444139769515061 7.3970431924526165 5.9386990369420865 5.909061855142963 5.937846674740657 5.884189326489871 6.144851185128047 6.22329031919477 6.1539880414248085 5.031385638949254 6.472849019920116 6.354531932437682 6.166305340365378 5.87745992729121 5.864331381647631 6.436450789222182 6.676603660918323 6.899779302622898 6.9124842054305375 6.859612233468647 6.54360841282097 5.799092717757515 5.937999331147518 6.247394252706791 6.562071998279553 5.997864708023187 5.964819505921131 5.673457292527141 5.7357372804646465 6.375590017802191 6.652942646215117 6.0472193959909974 -9999 -9999
-9999 -9999 -9999 -9999 -9999 -9999 -9999 -9999 -9999 -9999 -9999 -9999 -9999 5.746866582941037 6.1203481346822075 6.260784767156951 6.172931676496782 5.853998610978828 6.951725574689527 6.174201469192012 3.991215474886666 5.051914740129231 6.030206107977032 6.3965689180309475 6.440945015348567 6.162529593090213 6.336207386169036 6.651396041242816 6.617091655775941 6.6476739174628445 6.623179155139642 6.074841189094975 6.250800115215218 6.373355622128979 6.558432196960723 6.516123621998488 6.603885532215192 6.843290368334878 6.4394158320363895 5.798790550352777 5.4334727017070135 5.081467484538933 4.353596225403873 3.976012296325509 4.034525106683609 4.0228160187142095 3.714833838134808 3.995376669636228 3.8276743128400543 3.4884666239216706 3.3087399157605217 -9999
-9999 -9999 -9999 -9999 -9999 -9999 -9999 -9999 -9999 -9999 -9999 -9999 -9999 5.887259666453098 5.658796605036698 5.7271431945191065 6.02444782564502 5.945646571721535 5.921062599393862 6.008849645798214 5.957139623487209 6.151967716557608 6.296294223776032 6.481350268778226 6.458420305121255 6.266869312043207 6.329956602046517 6.264254671568938 6.807941264051156 6.8611749845447685 6.990383662730392 6.0517481441089025 6.132398500653707 5.845098195176543 6.0642726431876826 5.763794368444643 5.732176847212191 6.110503701902998 6.04639119423269 6.509507648390505 6.136327412260152 4.853102604730727 3.7064087219941437 2.49962431381541 1.9059637378262115 1.776466872895469 1.7121094365526923 2.020980333936093 1.8265567309151969 1.7579577699522428 1.7086047513493643 1.5664320805348426
-9999 -9999 -9999 -9999 -9999 -9999 -9999 -9999 -9999 -9999 -9999 -9999 -9999 5.89135546741382 5.744041830552675 5.737069745098585 5.8538388101464784 5.812879702524817 5.772439273872321 6.20972659263508 6.184873816594322 6.186376988694513 6.267801514575348 6.480535409361288 6.384619528265067 6.248531749583971 6.227936027781465 5.697545394751633 5.893685023910933 6.257019104510503 6.623185251886565 6.291308800869876 6.674809306501402 6.833219870245951 6.580318483159863 5.327053618848899 4.653724930744558 3.9167560236826495 3.976530560864752 4.462911819787331 4.586563021875234 2.7983337537081687 2.5197340573566778 1.86326228769384 -9999 -9999 -9999 -9999 -9999 -9999 -9999 -9999
-9999 -9999 -9999 -9999 -9999 -9999 -9999 -9999 -9999 -9999 -9999 -9999 -9999 5.900044058935554 5.829415056398942 5.854330057039699 5.770594724210769 5.806970527106001 5.8980152016846965 6.350295515837865 6.393979275136419 6.34492537670308 6.284418774284916 6.36117090346573 6.226590762903171 5.820741877673695 5.571253740019278 4.839225802579313 5.379899649672621 5.696116742856662 6.293268765300609 6.087256631096683 6.293697155854455 6.2756682491239495 5.366601230950287 3.8687949686043024 3.124707010171609 2.791575673813015 2.4575752935455464 2.5629035146666768 2.2949617994243106 -9999 -9999 -9999 -9999 -9999 -9999 -9999 -9999 -9999 -9999 -9999
-9999 -9999 -9999 -9999 -9999 -9999 -9999 -9999 -9999 -9999 -9999 -9999 5.831150107251455 5.898977445292245 5.821129063345755 5.779847134652907 5.805253128074295 5.913194322253336 5.987994845561063 6.361138878726632 6.337331988766729 6.327033510359883 6.320422654347789 6.56580471932937 6.6154149851705615 6.15966668005588 5.503227529697863 4.295328026825966 4.562200608845268 5.0240160117055215 5.2687202990853095 5.170706474419001 5.666591143022113 5.392440788659232 4.952882695702411 3.2896696201893456 2.8916304396298047 2.456515288447076 2.350025788318792 2.2089630358631256 1.7374219102737098 -9999 -9999 -9999 -9999 -9999 -9999 -9999 -9999 -9999 -9999 -9999
-9999 -9999 -9999 -9999 -9999 -9999 -9999 -9999 -9999 -9999 -9999 6.2105312695200325 5.978126632991363 5.804588393324977 5.760641888065853 5.9039681100537065 6.1219388854378565 6.258796267362527 6.306786890280027 6.621255056911599 6.485720949938897 6.23002284514772 6.399596891958053 6.7576241187685095 6.921251580135637 5.65295053996908 5.58797011739931 4.7461839060383895 4.72600403380392 4.756834791961369 4.840467788724426 4.987759706599326 5.0210124101714335 4.62442391406873 3.6313660947066033 3.033155918023648 2.9995904254400223 2.8293743870354966 2.543517131157419 1.8622856496027689 -9999 -9999 -9999 -9999 -9999 -9999 -9999 -9999 -9999 -9999 -9999 -9999
-9999 -9999 -9999 -9999 -9999 -9999 -9999 -9999 -9999 -9999 5.881971849448661 6.539789028539427 5.811268540093857 5.7814913542854605 5.874560264626878 6.358085692132147 6.5083865765425255 6.614798035236835 6.579267691799921 6.503750386255812 5.867139618056588 4.710419902985025 4.850418099964688 4.774006740278882 5.3833923164359625 5.126488188891425 3.9147505913002347 3.3912538355515682 3.5459311010887298 4.005525204960074 4.002198844876078 3.9464267046399812 3.9143601446243617 3.6362754658228256 3.2638176448762457 2.7973743007649223 2.7052529108379297 2.8221523670352266 2.5805087506851856 -9999 -9999 -9999 -9999 -9999 -9999 -9999 -9999 -9999 -9999 -9999 -9999 -9999
-9999 -9999 -9999 -9999 -9999 -9999 -9999 -9999 -9999 -9999 -9999 -9999 6.100919405926409 6.547626018101821 6.7341103867501815 6.605339705031214 6.301777911209762 5.632983789274246 5.181390733678739 4.58052800287179 4.274452275773381 3.872422234549808 3.8026731278624557 3.417265553805636 3.366224710314788 3.473102230857933 3.4327443785421354 3.5278521556729823 3.516573556692879 3.7376056914205833 3.4989087804570955 3.886378852855345 3.533453310230323 3.440835709578714 2.9372600688479125 2.6539728757331202 2.6825122283068894 2.5421586532125278 2.391998552189686 1.9243128355670511 -9999 -9999 -9999 -9999 -9999 -9999 -9999 -9999 -9999 -9999 -9999 -9999
-9999 -9999 -9999 -9999 -9999 -9999 -9999 -9999 -9999 -9999 -9999 6.2789898530374035 6.268157596820522 6.465183803758241 6.7081441693245365 5.06748960599633 4.067067151400293 4.27302498167626 4.210480176927451 3.6360007641019316 3.5573007429405283 3.6581578887858335 3.623906661623512 3.539340235927521 3.256317229292581 3.163103935824142 3.46458680674342 3.760829831494605 3.65829244607536 3.16445314897566 3.4381926537889886 3.3295155707728377 3.330650865247043 3.1970213213221736 3.094277616263112 2.764754482495174 2.618223349532089 2.4334597573377272 1.9171724686562583 -9999 -9999 -9999 -9999 -9999 -9999 -9999 -9999 -9999 -9999 -9999 -9999 -9999
-9999 -9999 -9999 -9999 -9999 4.567206880731608 4.968935854140921 5.653602416263954 6.0657346575171305 6.183996128776023 6.172182827178808 5.681239097382164 4.6514017853013305 5.006077307734534 5.430566609898559 4.391282360043531 4.004793932655674 3.7238446126409332 3.6707212191698666 3.496724411696228 3.4018443628073265 3.2977482651991474 3.223176119339864 3.4695921002362056 3.5560311667445905 3.4839246906293564 3.578283107193778 3.5210402125526428 3.0779438605942246 3.2199199496598863 3.1009306358731736 2.8308222334254776 2.770360397883231 2.7181623089077283 2.6309671008914055 2.844093539026313 2.6945750669414497 2.3011054838343292 -9999 -9999 -9999 -9999 -9999 -9999 -9999 -9999 -9999 -9999 -9999 -9999 -9999 -9999
-9999 -9999 -9999 -9999 4.617330093526027 4.45014399484657 4.3304490856637665 4.711254407180312 6.198643179722979 5.732460896528544 5.243330783957691 4.490872209074903 4.329645236743415 4.061980767940315 3.9976446181627883 3.2845479509355804 2.662673299744253 2.6736038612518342 2.691894212101641 2.6563224792033053 2.697692519762547 2.8236381063722167 2.7215399366502644 2.8163862471623 2.8232795903668597 2.850961971582147 2.863208893810273 3.195391836464092 3.1782088872517202 3.190235408286969 2.9324670429385398 2.5690519833211662 2.439560084082037 2.347096473219829 2.0667725273783395 -9999 -9999 -9999 -9999 -9999 -9999 -9999 -9999 -9999 -9999 -9999 -9999 -9999 -9999 -9999 -9999 -9999
-9999 -9999 -9999 4.235552653196248 4.137701274168308 3.2870691444830125 4.893004652351122 5.566688048513185 5.6197971457278415 4.5895091899046365 3.4833624439206505 3.1966818987219034 2.7325621138389207 2.716456613825992 2.642892160998329 2.3239107790710425 2.3124836951681704 2.27343786489114 2.3878861505726703 2.448591548115112 2.4506977699522245 2.5365632410570567 2.6623269762495227 2.8785112144438414 2.8697325600329715 2.8255253820452677 2.7985834631434905 3.0309473092900845 2.958234655236452 2.7830245295483973 2.3310273958489782 -9999 -9999 -9999 -9999 -9999 -9999 -9999 -9999 -9999 -9999 -9999 -9999 -9999 -9999 -9999 -9999 -9999 -9999 -9999 -9999 -9999
-9999 -9999 -9999 6.251443030756161 6.44727104744638 6.2243131223412504 6.513745333690982 5.098212023217577 4.959934192727981 3.895843120000341 2.9063173335085413 2.1023750398952807 1.9567910851157688 2.0055271986942818 2.385566917695213 2.2667729687555496 2.309669385518479 2.292124293422308 2.3157085253347596 2.444568142391661 2.4521119902607538 2.428728308421324 2.5376903347266917 2.7333794684324313 2.7921269419988066 2.7887303516890563 2.664821898207323 2.762313782302225 2.2776781246918136 -9999 -9999 -9999 -9999 -9999 -9999 -9999 -9999 -9999 -9999 -9999 -9999 -9999 -9999 -9999 -9999 -9999 -9999 -9999 -9999 -9999 -9999 -9999
-9999 -9999 -9999 6.069657949517622 6.626236764224997 6.772849626597313 6.519067572309852 6.750912061584125 6.068495811545688 5.691050981272207 3.448642648247904 2.097363744779251 2.2290960224953618 2.3361001591214787 2.3686756940518987 2.3740569824021263 2.409571033575432 2.481710158164256 2.461045005113994 2.7375428445871446 2.692763471505009 2.7319031256114594 2.6554891437634516 2.438671153482506 2.5019130258786 2.4135310690481817 2.1770067270312548 2.25040018368527 -9999 -9999 -9999 -9999 -9999 -9999 -9999 -9999 -9999 -9999 -9999 -9999 -9999 -9999 -9999 -9999 -9999 -9999 -9999 -9999 -9999 -9999 -9999 -9999
-9999 -9999 -9999 6.807329310005468 6.721350778340484 6.319721287060652 6.812195016378085 6.1836846047275404 4.410939254430719 3.4589745492489348 2.7154433423379296 2.4863881493451863 2.380101124417488 2.426947433179342 2.448664504334808 2.4608367486566527 2.3761356300484926 2.4156710327145814 2.4163075795247444 2.7703924354813663 2.838640779076038 2.9349090936238698 2.8731274300541734 2.4328286539293598 2.305390135292043 1.9903045447669423 1.8610913625688248 -9999 -9999 -9999 -9999 -9999 -9999 -9999 -9999 -9999 -9999 -9999 -9999 -9999 -9999 -9999 -9999 -9999 -9999 -9999 -9999 -9999 -9999 -9999 -9999 -9999
-9999 -9999 -9999 -9999 5.473787744172183 4.08142953440946 3.749453124298957 3.876370170986077 4.1168924348198885 4.772684302331913 3.799860790030389 2.7816218228035923 3.2193962817656323 2.8059457318701977 2.4094407455995372 2.3924520690812856 2.3417491553249152 2.3037367534700453 2.221055566034717 2.2176540743017807 2.3156893277426813 2.5894154242996956 2.462211581514401 2.0605727705942405 -9999 -9999 -9999 -9999 -9999 -9999 -9999 -9999 -9999 -9999 -9999 -9999 -9999 -9999 -9999 -9999 -9999 -9999 -9999 -9999 -9999 -9999 -9999 -9999 -9999 -9999 -9999 -9999
-9999 -9999 -9999 -9999 3.7854738410912847 3.1746917004451447 3.1934124114456583 4.246031871145345 2.683450381194592 2.058212777617538 2.1413667252576447 2.172710848589597 2.30257394804308 2.2981117970343847 2.2955160082039123 2.382349095735001 2.319375822195661 2.304266806774584 2.163207378367884 2.2514367737106507 2.2099518313208906 2.218543037257675 1.9727860008603213 1.9481146057302066 1.7997202237839585 -9999 -9999 -9999 -9999 -9999 -9999 -9999 -9999 -9999 -9999 -9999 -9999 -9999 -9999 -9999 -9999 -9999 -9999 -9999 -9999 -9999 -9999 -9999 -9999 -9999 -9999 -9999
-9999 -9999 -9999 -9999 2.1675948854355047 2.1589516984614003 2.1388143920984057 2.282154229789478 2.336176976591521 2.1281458229381416 2.0847915285331817 1.9904037731672304 2.02720737981844 2.0703546111792432 2.147310545709131 2.0369653918966604 2.226179169385073 2.1348539347681292 2.0810648149010413 2.021481626321896 2.0216209391951314 1.9787187668565984 1.850597631774528 1.6561737963666143 -9999 -9999 -9999 -9999 -9999 -9999 -9999 -9999 -9999 -9999 -9999 -9999 -9999 -9999 -9999 -9999 -9999 -9999 -9999 -9999 -9999 -9999 -9999 -9999 -9999 -9999 -9999 -9999
