metrics/grid_rasters/GLDAS/grideval_GLDAS_X_summer_2018_absolute_pearson_r.asc
ncols 52
nrows 55
xllcorner     11.25
yllcorner     55.25
cellsize      0.25
NODATA_value  -9999
[rows 0 to 28 of 55, columns 0 to 51 of 52]
-9999 -9999 -9999 -9999 -9999 -9999 -9999 -9999 -9999 -9999 -9999 -9999 -9999 -9999 -9999 -9999 -9999 -9999 -9999 -9999 -9999 -9999 -9999 -9999 -9999 -9999 -9999 -9999 -9999 -9999 -9999 -9999 -9999 -9999 -9999 -9999 0.6748184723308271 0.6674412969247459 0.773178957601244 -9999 -9999 -9999 -9999 -9999 -9999 -9999 -9999 -9999 -9999 -9999 -9999 -9999
-9999 -9999 -9999 -9999 -9999 -9999 -9999 -9999 -9999 -9999 -9999 -9999 -9999 -9999 -9999 -9999 -9999 -9999 -9999 -9999 -9999 -9999 -9999 -9999 -9999 -9999 -9999 -9999 -9999 -9999 -9999 -9999 -9999 -9999 -9999 -9999 0.7075514854186306 0.7151616850993459 0.7142658328722747 0.6509446834853221 0.6514754524679829 0.7763172368030787 -9999 -9999 -9999 -9999 -9999 -9999 -9999 -9999 -9999 -9999
-9999 -9999 -9999 -9999 -9999 -9999 -9999 -9999 -9999 -9999 -9999 -9999 -9999 -9999 -9999 -9999 -9999 -9999 -9999 -9999 -9999 -9999 -9999 -9999 -9999 -9999 -9999 0.4521538528676885 0.4215488191236028 0.3850616056721307 0.33476691480372617 0.550202460729714 0.6713142608232816 0.7613218838499731 -9999 0.8051567518163731 0.7147628499324185 0.6957171762023249 0.7946565972217311 0.7670359936974969 0.794959252995598 0.8229974151280663 0.8436079063917576 0.8350352524033752 0.8138199992707119 0.7960029881120841 -9999 -9999 -9999 -9999 -9999 -9999
-9999 -9999 -9999 -9999 -9999 -9999 -9999 -9999 -9999 -9999 -9999 -9999 -9999 -9999 -9999 -9999 -9999 -9999 -9999 -9999 -9999 -9999 -9999 -9999 -9999 -9999 -9999 0.6247883743990623 0.5460758279637616 0.4660839302767261 0.4361717357848566 0.6008490426313051 0.6572031459129039 0.8055302363220092 0.8440486683361266 0.8638873193608844 0.845768432528388 0.8457778673222591 0.8367280428423078 0.8049567802373576 0.8239571523229741 0.8315741367730841 0.7723057506829409 0.809328350648465 0.8089093998759103 0.8293532625993745 0.7926908020800301 0.7645111022622842 -9999 -9999 -9999 -9999
-9999 -9999 -9999 -9999 -9999 -9999 -9999 -9999 -9999 -9999 -9999 -9999 -9999 -9999 -9999 -9999 -9999 -9999 -9999 -9999 -9999 -9999 0.6043682716732015 0.3622535035406032 0.3605031950305817 0.28414214491511003 0.5680105999254226 0.6019893488744951 0.6224193593741785 0.6775401212938017 0.6502904996762467 0.5940320085206514 0.62650581173377 0.7678228001656366 0.8290448527823853 0.8508261383329838 0.8566398360777064 0.8286750615204694 0.8180260109374087 0.8247187744411277 0.8359461432866813 0.8407192192554914 0.8218054386844343 0.7725000901999419 0.7580966638727831 0.7748067977830071 0.7656758090853976 0.7167243550193674 0.7394049827338185 -9999 -9999 -9999
-9999 -9999 -9999 -9999 -9999 -9999 -9999 -9999 -9999 -9999 -9999 -9999 -9999 -9999 -9999 -9999 -9999 -9999 -9999 -9999 -9999 0.5327951505130517 0.4871597331811376 0.32683985589866843 0.3640964171879453 0.5258642496277401 0.37132753327985396 0.5190136824913347 0.5997583898379439 0.6110317449802223 0.6759731100537508 0.6290680350952064 0.7499154351876209 0.8123261121801859 0.8619634040108153 0.8441936932323644 0.8549448236109741 0.8652917570102998 0.8441889071162825 0.8315564744332631 0.8223288691008988 0.7984568977600752 0.8072777622529095 0.7852765127637104 0.7884134474046898 0.8002904507156821 0.7826275873421853 0.7100858822065883 0.7345155434349229 -9999 -9999 -9999
-9999 -9999 -9999 -9999 -9999 -9999 -9999 -9999 -9999 -9999 -9999 -9999 -9999 -9999 -9999 -9999 -9999 -9999 -9999 -9999 0.5353107376193441 0.5397993700170065 0.589856612877083 0.6206573818792342 0.570855200899151 0.6303867505038391 0.6308854044388139 0.7053516690998899 0.7318742403669621 0.7812873567957754 0.8226603507787376 0.8496035921859384 0.8531252386154856 0.8580502212784188 0.8183225807636032 0.8401684450689337 0.8419225543143721 0.8395986697979649 0.8365687144022274 0.8293858420315937 0.8412369911780884 0.8320679582559499 0.8259676635194826 0.8008666629948622 0.783179462315307 0.7748957254650765 0.7674775067931912 0.6876249279572011 0.6926300478869892 0.700513236515218 -9999 -9999
-9999 -9999 -9999 -9999 -9999 -9999 -9999 -9999 -9999 -9999 -9999 -9999 -9999 -9999 -9999 -9999 -9999 -9999 -9999 -9999 -9999 0.5915905831905717 0.6469308468721665 0.6746246212097289 0.6275214815058354 0.6427742878286855 0.6267481892702718 0.6631696453571609 0.7808378488139862 0.8531966097878793 0.8590572631750744 0.8625629084003168 0.8147518123003159 0.8248706861371023 0.8154438556830068 0.8273160010887659 0.8254691184392379 0.8240014568524727 0.8387829037632026 0.8353615051081478 0.8275974845771192 0.8163912868583978 0.8156571578606553 0.7851069405311397 0.7504465463541031 0.7430701483229005 0.72146534040884 0.6359074055623889 0.6309172999254974 -9999 -9999 -9999
-9999 -9999 -9999 -9999 -9999 -9999 -9999 -9999 -9999 -9999 -9999 -9999 -9999 -9999 -9999 -9999 -9999 -9999 -9999 0.5753477362412583 0.5786691415086194 0.5528714032190738 0.6128927027555573 0.682857466828227 0.6108894978031192 0.7525113198017628 0.7717178091676467 0.7617674436454226 0.7774570063334216 0.7681844139376197 0.7623925722112045 0.7790206167365086 0.757994165614382 0.7556492574846768 0.7480195544928163 0.7929026727126685 0.8084175286673392 0.8201118828038197 0.8239367957883772 0.7870688717280582 0.770532613921912 0.7584216515800688 0.7392405929037351 0.6930611038629129 0.6596449112792437 0.6428179989487731 0.6329139836693877 0.5399746076675183 0.5284955434943476 0.5206731266363096 0.5449065683824563 -9999
-9999 -9999 -9999 -9999 -9999 -9999 -9999 -9999 -9999 -9999 -9999 -9999 -9999 -9999 -9999 -9999 -9999 -9999 0.5794562514535887 0.5665364078380093 0.5559389476535335 0.5844230445717579 0.6025665655893035 0.6293480568836435 0.6096591947948502 0.7636980972914489 0.8250760191416489 0.8340910963496482 0.8400252878276692 0.772531907877609 0.7492548006648242 0.7310135412241678 0.7307184432269909 0.7201578439623677 0.7153635627345623 0.7479847058204422 0.7762767043454291 0.7766596426464635 0.7790789675387635 0.7667940016114874 0.7759090418870798 0.7673350711302925 0.7541562789253273 0.6906514916021526 0.6761678999218509 0.6554583874410304 0.6410270006830541 0.5554699974089201 0.5397078054477785 0.5491016324155862 0.5408206269368945 -9999
-9999 -9999 -9999 -9999 -9999 -9999 -9999 -9999 -9999 -9999 -9999 -9999 -9999 -9999 -9999 -9999 -9999 0.6221507157699221 0.657927978430928 0.5714221252726588 0.6878215636161971 0.6705312769478866 0.6960698096697784 0.7226866911179124 0.7340957730375237 0.7920496407201848 0.8353149010267141 0.8247733912537941 0.8240957148288378 0.8150140968373518 0.8016599430254799 0.7923591647107855 0.7794868455714759 0.7681236920384547 0.7508380784383422 0.7608639677174187 0.7553651904991991 0.7488221925557179 0.7477817783930332 0.7373150676258104 0.7601653759530153 0.7817616521001998 0.7845236735879871 0.7240600461970863 0.6741008443416755 0.6472516709309497 0.6479642844327824 0.6315759633165676 0.5857220940066692 0.6045373201794446 -9999 -9999
-9999 -9999 -9999 -9999 -9999 -9999 -9999 -9999 -9999 -9999 -9999 -9999 -9999 0.6516772783162225 0.5786891501489806 0.7083257623488199 0.693204843479948 0.6622082599675454 0.5944273719924661 0.62413705474164 0.591370847511504 0.7059089516288903 0.7519912752471408 0.7939911872253165 0.7797244676172969 0.7812041125043021 0.8204516507771484 0.8214058108566873 0.8482013507166435 0.8224150467479721 0.7837615117778671 0.7942552079138678 0.7693394392191116 0.7718898811426662 0.75426003784247 0.7769217928923218 0.7825543460528961 0.7706394605135822 0.7608820013662466 0.7402448027487216 0.7456002809421356 0.7667468993486708 0.7515762020787461 0.6818972037783242 0.6728278764626947 0.6713435281026712 0.6631860332149678 0.6298285457441257 0.6288424102956889 0.6237583910088624 0.6074364415966466 -9999
-9999 -9999 -9999 -9999 -9999 -9999 -9999 -9999 -9999 -9999 -9999 -9999 -9999 0.5144736710091733 0.5203939284219342 0.6499942026776602 0.6429330209927037 0.6826380780343713 0.6573533678134843 0.6562089627302037 0.7241365675827343 0.7674418930209547 0.7781372996029986 0.8091592440760356 0.8152842427674679 0.7989747042536257 0.7747888820957324 0.777044476567248 0.7852085978950768 0.7622709417098915 0.7592722461540136 0.7892632547112626 0.7749743730079719 0.8004312254758741 0.8009659037503419 0.8266335813981172 0.8149619664425295 0.792632942562379 0.7775204855097236 0.7535642524623422 0.7492239493986383 0.7247176308004633 0.7028572824555227 0.61829259518474 0.6512943362174659 0.6303300657089227 0.64129997028137 0.593333702982146 0.6071550899741616 0.6233278025790232 0.6506075079544482 0.5044034257087341
-9999 -9999 -9999 -9999 -9999 -9999 -9999 -9999 -9999 -9999 -9999 -9999 -9999 0.5650416742159594 0.6365779684688919 0.6678058701894369 0.6610559351488507 0.7250583822926201 0.7267521227520422 0.6906443894340321 0.7447148700740306 0.771133878617907 0.783046124771158 0.7838155577750117 0.777324541928164 0.782053094825278 0.7684900994197046 0.7661400427922906 0.7492369146820794 0.7702752930061332 0.7783681846698883 0.8287843260106863 0.8230124097333048 0.8426513180531963 0.8513964685471712 0.8698821788205464 0.8564987472417791 0.8361148984111291 0.8178696128084393 0.7851635617011871 0.7793330445839501 0.7267487923123805 0.7235891808906498 0.6994386000327399 -9999 -9999 -9999 -9999 -9999 -9999 -9999 -9999
-9999 -9999 -9999 -9999 -9999 -9999 -9999 -9999 -9999 -9999 -9999 -9999 -9999 0.7780777144270312 0.7351742706103193 0.7156945512082149 0.7260576054742836 0.7699807645074352 0.7706231222033231 0.7551002882118449 0.7407589135836306 0.7586949007632987 0.7744993611509742 0.7647276180411832 0.7426792287122567 0.7389461510277164 0.7475529743581536 0.7476669340125747 0.7551701997052245 0.765445659859241 0.7855885991762268 0.840608040066241 0.8328442241984151 0.8441576002376866 0.8413281183146899 0.8573185534752462 0.8549032866999398 0.8382678745145054 0.8099578988220819 0.7665010549332425 0.7605671012280737 -9999 -9999 -9999 -9999 -9999 -9999 -9999 -9999 -9999 -9999 -9999
-9999 -9999 -9999 -9999 -9999 -9999 -9999 -9999 -9999 -9999 -9999 -9999 0.6816978318603261 0.760543401019585 0.7545081019717982 0.7140269679750018 0.7090534953367903 0.7056525635879608 0.7478276145210171 0.7513601772420739 0.7591863576384537 0.7486984296586096 0.7084712380241416 0.7412004874832571 0.7189099485121171 0.7002279286079963 0.7207042311786994 0.7334210104242602 0.7421724493744811 0.7568262877627614 0.7792020340963259 0.8334284696876247 0.8381085811357838 0.8486160897768523 0.8612963607823282 0.8662967635029187 0.8491187823229521 0.8288956338034655 0.8167955491074137 0.7489127108287877 0.7307718718185402 -9999 -9999 -9999 -9999 -9999 -9999 -9999 -9999 -9999 -9999 -9999
-9999 -9999 -9999 -9999 -9999 -9999 -9999 -9999 -9999 -9999 -9999 0.5955527755894401 0.57468111060401 0.6380838975902017 0.6349510711808833 0.6759217856054096 0.6813409479866047 0.7215277710408385 0.7113094694335594 0.7564479972682816 0.7481910789053474 0.7349951343901266 0.7396454140199782 0.6958254268098656 0.6475826573353964 0.6563797089489491 0.6644199637905086 0.6258443716102647 0.6414864659017652 0.6776371388490758 0.7187459139528445 0.7861769441601073 0.7900089593864097 0.804249261503355 0.8018609575826476 0.7773936477798982 0.7376850324851016 0.7159657469191635 0.7054617414210057 0.6748104001889361 -9999 -9999 -9999 -9999 -9999 -9999 -9999 -9999 -9999 -9999 -9999 -9999
-9999 -9999 -9999 -9999 -9999 -9999 -9999 -9999 -9999 -9999 0.7941121292651613 0.6886558847396622 0.6963925761634382 0.6949094923347565 0.6835301351619902 0.7315862234219634 0.6875345938561852 0.6991962884982688 0.7457765753289457 0.7071711543085509 0.6934553541356446 0.7464287068953794 0.7298239427939457 0.6906609951679261 0.6793553444749894 0.6823243358819333 0.6938240917506286 0.6732554649689724 0.6715521639169392 0.6801374575151489 0.7051528846180479 0.7716638238371152 0.7928646669605284 0.8068719901053295 0.8073433240591921 0.7615965262787109 0.7118908952165294 0.7014865187641255 0.6954470063439252 -9999 -9999 -9999 -9999 -9999 -9999 -9999 -9999 -9999 -9999 -9999 -9999 -9999
-9999 -9999 -9999 -9999 -9999 -9999 -9999 -9999 -9999 -9999 -9999 -9999 0.8069744576841271 0.7877295815639926 0.7899054894041311 0.6838971681624517 0.6740505031832706 0.6923984688567298 0.711474870527823 0.6821006937676537 0.6950634766818364 0.7269178249147676 0.7325105181387372 0.6675844417399841 0.6782261586415916 0.6945932478031722 0.7137567114557055 0.6931402344789606 0.6725365522089103 0.6821989674327197 0.7073198696497199 0.7842872046395764 0.8095054442349614 0.8166354556689058 0.8133071813811075 0.7636704348330229 0.7393655218433446 0.7326945751957636 0.7038609954221076 0.6314262935053028 -9999 -9999 -9999 -9999 -9999 -9999 -9999 -9999 -9999 -9999 -9999 -9999
-9999 -9999 -9999 -9999 -9999 -9999 -9999 -9999 -9999 -9999 -9999 0.8298968986473754 0.8127955904005398 0.7853997732387028 0.7885745924811658 0.6968215810100916 0.6627132289752455 0.6684372648569592 0.6898469329961339 0.6423457208443015 0.6744776054615143 0.720661425945629 0.7079491909358693 0.672400299185637 0.6754361348489781 0.6793139396212429 0.6790342383328594 0.6446845810719937 0.6489980059400817 0.6530267732905293 0.6906194448238088 0.7716883077637391 0.7997459992114602 0.7948589882794994 0.7908646267472889 0.7253445621025405 0.7086724804578675 0.6830729419415619 0.6724927809427184 -9999 -9999 -9999 -9999 -9999 -9999 -9999 -9999 -9999 -9999 -9999 -9999 -9999
-9999 -9999 -9999 -9999 -9999 0.7554103012541229 0.7154108389113687 0.7300583356226449 0.6567530239932118 0.6787392827266484 0.7446369070397271 0.6904375901591004 0.6447162292277413 0.7342666481615554 0.7476399393217547 0.748359038258677 0.7003752194747623 0.6179276251263117 0.6197373788866016 0.5876508166377086 0.6282219857276152 0.6698181794134788 0.6947513810704209 0.6659966138564144 0.6865133758272893 0.7074070469816836 0.6913756954963797 0.6173494813452044 0.6219839964772009 0.6386330951902661 0.6619362506053841 0.6819447530429892 0.6795346986190047 0.6606134669267929 0.650144883385371 0.4335053530790917 0.4090972665644485 0.43358714757461614 -9999 -9999 -9999 -9999 -9999 -9999 -9999 -9999 -9999 -9999 -9999 -9999 -9999 -9999
-9999 -9999 -9999 -9999 0.6674003617556596 0.6599342558163027 0.7713507923001698 0.7323534958587719 0.8354235946826252 0.8405932772371701 0.8310146096666584 0.7439223387895115 0.7193719226933422 0.7460703307148759 0.7580663892829596 0.7224191054349426 0.7095696091942679 0.6627746260430639 0.6544786127029776 0.6386328268650333 0.6770326686116752 0.7101491300314756 0.6836705359413409 0.6620109729273858 0.6779092082909451 0.6950320712115292 0.7060024177925491 0.6333339060552434 0.6338601221660287 0.6383569053643352 0.6441200202176394 0.5853513193240282 0.5999805171055144 0.5806794655203977 0.5569220248323039 -9999 -9999 -9999 -9999 -9999 -9999 -9999 -9999 -9999 -9999 -9999 -9999 -9999 -9999 -9999 -9999 -9999
-9999 -9999 -9999 0.7830541908206804 0.7839091993679459 0.796726266088616 0.8050531599101822 0.8228462913419855 0.8249457930647759 0.8080486536365958 0.7966955652891492 0.7740237152594722 0.7314296900128903 0.7070901744675537 0.7193223747844715 0.7174196850207275 0.6832209213878269 0.6943143202786592 0.7145436373493179 0.7047569992927589 0.716908652837418 0.7436756951023571 0.7514289229104698 0.7060002464539998 0.7025411781677302 0.7278184050395 0.7313335883763648 0.6600160302190443 0.6378929245188987 0.6187410913082997 0.6271414728654345 -9999 -9999 -9999 -9999 -9999 -9999 -9999 -9999 -9999 -9999 -9999 -9999 -9999 -9999 -9999 -9999 -9999 -9999 -9999 -9999 -9999
-9999 -9999 -9999 0.7669364253137103 0.7729966765240033 0.7852473588475782 0.7970518070445729 0.8223644612255947 0.8028704016816774 0.8122897450271741 0.8175851436678729 0.7683989737050718 0.6661500443657473 0.7019041048883865 0.6920564500540743 0.7091614661515437 0.7168372192255841 0.7307796100386357 0.7359699140505227 0.7362798620058539 0.7480763457590828 0.7796291746499222 0.7914337982224294 0.7704812792451947 0.7697422026282559 0.7717793668405883 0.7615098524275392 0.6775064580776469 0.6730235093276146 -9999 -9999 -9999 -9999 -9999 -9999 -9999 -9999 -9999 -9999 -9999 -9999 -9999 -9999 -9999 -9999 -9999 -9999 -9999 -9999 -9999 -9999 -9999
-9999 -9999 -9999 0.7569282050843731 0.7690029928579066 0.8029625654819772 0.8201137562826798 0.825580373127683 0.8240934768940655 0.8119026703845016 0.8030207514541998 0.8155993478382041 0.7675800836071272 0.7316072556500473 0.7237892957433112 0.6892037520882167 0.6966939971815848 0.7276017060385566 0.7335332844041611 0.6951111323455281 0.7127228441025533 0.7412588628361401 0.7649644732507972 0.7634768000311623 0.7655668701112284 0.7739257585266079 0.7766868588276992 0.7431015617203918 -9999 -9999 -9999 -9999 -9999 -9999 -9999 -9999 -9999 -9999 -9999 -9999 -9999 -9999 -9999 -9999 -9999 -9999 -9999 -9999 -9999 -9999 -9999 -9999
-9999 -9999 -9999 0.8049911001009041 0.8229534652661232 0.8177815927782962 0.8129222054323789 0.7902777717508209 0.7842341591158942 0.8097424197221277 0.8387217408443416 0.842397963110817 0.7840417576689447 0.7430955069251608 0.7447951318243546 0.7200772381378765 0.7249009377511464 0.7220669798862949 0.7269219740951648 0.7130177747353991 0.7000969310665088 0.7351827918788801 0.7552789551409411 0.7801128647917329 0.7684139662474562 0.7854025925814896 0.7802220359815721 -9999 -9999 -9999 -9999 -9999 -9999 -9999 -9999 -9999 -9999 -9999 -9999 -9999 -9999 -9999 -9999 -9999 -9999 -9999 -9999 -9999 -9999 -9999 -9999 -9999
-9999 -9999 -9999 -9999 0.8214999523045972 0.836577062630375 0.8403314172931082 0.8461151162947704 0.8459974347937447 0.8398053116157628 0.8370760034794265 0.8401757015300009 0.8042339096124141 0.7708452031854008 0.7543625351949357 0.7364101063771125 0.7221010126041583 0.7356397514083105 0.743417392303561 0.7450813562228118 0.7601179663568158 0.7573129399564458 0.7559617350137927 0.8007570401702131 -9999 -9999 -9999 -9999 -9999 -9999 -9999 -9999 -9999 -9999 -9999 -9999 -9999 -9999 -9999 -9999 -9999 -9999 -9999 -9999 -9999 -9999 -9999 -9999 -9999 -9999 -9999 -9999
-9999 -9999 -9999 -9999 0.8121008496166089 0.8460450475335994 0.84361272513743 0.8322939907482305 0.8258475312015692 0.8220149677639471 0.809266223339999 0.7855914706469223 0.7716982827264572 0.7601256537300383 0.7692360213458882 0.7218469012941735 0.7133664821933137 0.724325613964601 0.7441322845509726 0.750666796242889 0.7531497612929586 0.7455314004495195 0.7640367996542791 0.8071118901470395 0.7866089332607434 -9999 -9999 -9999 -9999 -9999 -9999 -9999 -9999 -9999 -9999 -9999 -9999 -9999 -9999 -9999 -9999 -9999 -9999 -9999 -9999 -9999 -9999 -9999 -9999 -9999 -9999 -9999
-9999 -9999 -9999 -9999 0.7755702581178695 0.7929167243584161 0.7954721419929408 0.7664970157912153 0.767390305433117 0.7667491213148065 0.7382555775056898 0.6886413611927498 0.662002410080435 0.6151247651676032 0.6036495723433285 0.5912592144501291 0.5826969341209985 0.5946610988223275 0.5794133964216982 0.5633315040932731 0.5221190259367593 0.5292594298363603 0.5793277196233109 0.7283382560332069 -9999 -9999 -9999 -9999 -9999 -9999 -9999 -9999 -9999 -9999 -9999 -9999 -9999 -9999 -9999 -9999 -9999 -9999 -9999 -9999 -9999 -9999 -9999 -9999 -9999 -9999 -9999 -9999
