metrics/grid_rasters/GLDAS/grideval_GLDAS_X_fall_2017_absolute_bias.asc
ncols 52
nrows 55
xllcorner     11.25
yllcorner     55.25
cellsize      0.25
NODATA_value  -9999
[rows 0 to 27 of 55, columns 0 to 51 of 52]
-9999 -9999 -9999 -9999 -9999 -9999 -9999 -9999 -9999 -9999 -9999 -9999 -9999 -9999 -9999 -9999 -9999 -9999 -9999 -9999 -9999 -9999 -9999 -9999 -9999 -9999 -9999 -9999 -9999 -9999 -9999 -9999 -9999 -9999 -9999 -9999 -25.315406596840734 -25.363719792565803 -28.425636196488533 -9999 -9999 -9999 -9999 -9999 -9999 -9999 -9999 -9999 -9999 -9999 -9999 -9999
-9999 -9999 -9999 -9999 -9999 -9999 -9999 -9999 -9999 -9999 -9999 -9999 -9999 -9999 -9999 -9999 -9999 -9999 -9999 -9999 -9999 -9999 -9999 -9999 -9999 -9999 -9999 -9999 -9999 -9999 -9999 -9999 -9999 -9999 -9999 -9999 -24.292191617149896 -24.784921880524895 -25.713485900067038 -25.392947912789307 -26.47907616359765 -29.358629228588157 -9999 -9999 -9999 -9999 -9999 -9999 -9999 -9999 -9999 -9999
-9999 -9999 -9999 -9999 -9999 -9999 -9999 -9999 -9999 -9999 -9999 -9999 -9999 -9999 -9999 -9999 -9999 -9999 -9999 -9999 -9999 -9999 -9999 -9999 -9999 -9999 -9999 -32.235395689587016 -32.308125518589875 -32.761473200519326 -28.426721205750667 -25.829816513623186 -31.365278206417685 -31.391617739266092 -9999 -30.562072021334053 -26.934125035837454 -26.09930713646687 -30.344349241334488 -30.188754401794014 -30.557394223001143 -30.03617492887181 -29.511239931294387 -29.634671313401604 -29.117314088025264 -28.67191393562889 -9999 -9999 -9999 -9999 -9999 -9999
-9999 -9999 -9999 -9999 -9999 -9999 -9999 -9999 -9999 -9999 -9999 -9999 -9999 -9999 -9999 -9999 -9999 -9999 -9999 -9999 -9999 -9999 -9999 -9999 -9999 -9999 -9999 -24.57245300034737 -22.641337030045282 -25.832684350455857 -22.193517642361776 -24.43381370026823 -25.751137237218057 -32.10135376115667 -31.723040869295765 -31.9775517756672 -31.97052948821623 -31.575175742751785 -32.01652077034853 -31.100487835418722 -30.42074000968465 -29.75591616614998 -29.834535655084554 -29.87651387460857 -30.646898907128268 -30.62436405540659 -30.32945068718886 -30.33978859212373 -9999 -9999 -9999 -9999
-9999 -9999 -9999 -9999 -9999 -9999 -9999 -9999 -9999 -9999 -9999 -9999 -9999 -9999 -9999 -9999 -9999 -9999 -9999 -9999 -9999 -9999 -33.79004841080897 -33.52729657820456 -33.78624103537628 -32.945051502886706 -24.886268007231283 -25.086520721092 -25.10754045799047 -25.051520310997308 -25.511534663347103 -27.171913248619862 -29.347527585596172 -34.140573582601746 -33.96513548986679 -33.30640167929232 -32.67991176325378 -32.2506545365962 -32.17428343540446 -32.001470977276725 -31.97676500590048 -31.868666659487964 -31.86130027366536 -31.717802914657764 -31.67738931345661 -31.73166518627697 -31.774779366779622 -31.695929871462692 -31.73164748418872 -9999 -9999 -9999
-9999 -9999 -9999 -9999 -9999 -9999 -9999 -9999 -9999 -9999 -9999 -9999 -9999 -9999 -9999 -9999 -9999 -9999 -9999 -9999 -9999 -34.539750044694635 -34.384698316618646 -33.673145511361604 -32.1586532793366 -28.19839647670205 -33.364697939542296 -30.21808607724833 -26.189702125573223 -31.472673835376128 -31.472194921429995 -28.86987317828359 -33.098792226145875 -33.85330258373294 -33.23934712177039 -32.41904897813859 -32.18988255634495 -31.9956487819839 -32.3237400344358 -32.36531910304348 -32.209902323332145 -32.22987903752825 -32.161697781388895 -31.990413862925312 -31.945134598802728 -31.977921454870444 -31.94306824026773 -31.778962303464716 -31.717278718416182 -9999 -9999 -9999
-9999 -9999 -9999 -9999 -9999 -9999 -9999 -9999 -9999 -9999 -9999 -9999 -9999 -9999 -9999 -9999 -9999 -9999 -9999 -9999 -33.99361644169459 -34.17718363819377 -31.315635221181324 -25.37265201834041 -24.089466116544642 -22.045811232056593 -23.02972661183922 -25.71551287440317 -31.33616646952354 -33.684134244714144 -33.46883006488065 -33.63757445816729 -33.179237514918476 -32.956458376331646 -32.66001808755919 -31.927358966402632 -32.226081390732105 -32.037467917345545 -32.13666292629972 -32.271770298972235 -32.128375919249194 -32.24361870202471 -32.285545755935075 -32.27691184913555 -32.179156345284575 -32.05755400504139 -32.05485896348626 -31.83606594266718 -31.935458293450733 -31.94594529142173 -9999 -9999
-9999 -9999 -9999 -9999 -9999 -9999 -9999 -9999 -9999 -9999 -9999 -9999 -9999 -9999 -9999 -9999 -9999 -9999 -9999 -9999 -9999 -25.80605543208319 -25.799483338637014 -25.157662138342857 -25.326636913508832 -25.4742990171762 -26.80235211739501 -28.062126799026032 -33.528723860814516 -33.57320624630857 -33.73741372134332 -33.34526042036385 -32.22927220079761 -32.307787296270114 -32.41226319411954 -32.32069949903986 -32.1028567571807 -32.39034835007656 -32.6021398194953 -32.52241309390373 -32.36231616090287 -32.246548918290785 -32.369949934369586 -32.07407051709655 -32.080756009075344 -32.109540829598735 -32.140549340316056 -31.88306936144747 -31.87482835794543 -9999 -9999 -9999
-9999 -9999 -9999 -9999 -9999 -9999 -9999 -9999 -9999 -9999 -9999 -9999 -9999 -9999 -9999 -9999 -9999 -9999 -9999 -32.49799402434747 -33.08217079736865 -33.21745996377789 -28.81002406014518 -26.664446750430614 -29.938584798271517 -34.026430206659896 -34.16760253984031 -32.5928971796491 -32.56775651780049 -32.63088589732709 -32.67663880642298 -32.72569135146645 -32.61705998920805 -32.51105339141501 -32.35823691679308 -32.269773272019656 -32.30795074215384 -32.58425015186543 -32.623215754833694 -32.18394291730454 -32.16936077762927 -32.18834412345601 -32.149870610581004 -31.75574844144285 -31.715561456691763 -31.66625092542925 -31.61329729249189 -31.343675032217092 -31.325450705241536 -31.182979903910518 -31.19494293398828 -9999
-9999 -9999 -9999 -9999 -9999 -9999 -9999 -9999 -9999 -9999 -9999 -9999 -9999 -9999 -9999 -9999 -9999 -9999 -27.878176412657727 -32.1517735436395 -33.788876220747674 -34.29735404924377 -33.01095262184166 -34.39092826800277 -34.21005570430022 -34.240808484093336 -34.31948382417661 -33.531566902421986 -33.30194715232394 -32.5645402124213 -32.61269836281273 -32.706032260536 -32.669074432822036 -32.600372112714325 -32.58502328481812 -32.40073770194591 -32.330639130937364 -32.248948981494195 -32.20950275287032 -31.99144014908553 -32.07014763623394 -32.18255145894875 -32.19495572321689 -31.74529989090349 -31.69938713195478 -31.697602221332897 -31.59817964511995 -31.279702506979906 -31.289988799839392 -31.275581479052104 -31.202337429132108 -9999
-9999 -9999 -9999 -9999 -9999 -9999 -9999 -9999 -9999 -9999 -9999 -9999 -9999 -9999 -9999 -9999 -9999 -29.41444749487461 -26.303378008715402 -26.80844296680784 -34.36237395802451 -32.50923029816413 -32.49402521251813 -32.816840781349235 -32.82664595313043 -32.91122092722127 -32.718437323756106 -32.358820501448854 -32.54881876846264 -32.579894005576826 -32.56526524246066 -32.57990153373352 -32.554903769292515 -32.53309635474132 -32.54014227580238 -32.44341443178173 -32.32134309480642 -32.19057740678417 -32.069430031578285 -31.855908651866923 -31.95912478182588 -31.957659565567315 -31.897084820319662 -31.63266833486793 -31.67625955631445 -31.630258052006035 -31.618616980940594 -31.224747077387928 -31.285890761517233 -31.360091630840202 -9999 -9999
-9999 -9999 -9999 -9999 -9999 -9999 -9999 -9999 -9999 -9999 -9999 -9999 -9999 -34.951356333895376 -33.54120087762783 -33.29390336229251 -34.271338315455466 -34.376271928527515 -27.09293408626384 -34.034161314450124 -29.270631520016178 -33.630749567074105 -32.63457723928022 -32.84539590866029 -32.91399830381212 -32.721084069910944 -32.83695469675893 -32.755589214368506 -32.767049212663714 -32.704598150349085 -32.649439568293616 -32.75864765647758 -32.69208450070941 -32.61047523753247 -32.70968178710849 -32.4788490112175 -32.56737518038314 -32.428913159480125 -32.29938995901618 -31.97955033985468 -31.92982930084179 -31.92608850371543 -31.900396698389894 -31.637096877813672 -31.538221974191924 -31.68435794477361 -31.675983940854998 -31.49101097922731 -31.479437746394137 -31.53295586663452 -31.556966727558564 -9999
-9999 -9999 -9999 -9999 -9999 -9999 -9999 -9999 -9999 -9999 -9999 -9999 -9999 -33.394025726960265 -33.296517400337116 -33.23794332134364 -34.71493961185136 -34.34840202781853 -32.80058934553885 -32.069312421257024 -32.913875604089306 -32.63062517312202 -32.81342190344419 -33.024574607017115 -33.02801100025465 -32.88580903374068 -32.894469473326765 -32.82466809486377 -32.94430700499196 -32.93316357101795 -32.82137011603585 -32.760562206772 -32.7338014283719 -32.705103187709234 -32.65143220167566 -32.308638772282464 -32.281940594806784 -32.11958490443099 -32.195138382428624 -32.42427414123501 -32.371022179968406 -32.2776833365743 -32.02349348832945 -31.461022231318463 -29.4713110167656 -28.90608734946575 -28.76756262883626 -29.2047857780337 -28.70376923084668 -28.667700119848767 -28.679560948715924 -30.7905885234557
-9999 -9999 -9999 -9999 -9999 -9999 -9999 -9999 -9999 -9999 -9999 -9999 -9999 -33.56100011891225 -33.540320258792285 -33.13208468927705 -33.22197269713813 -32.954607241899595 -31.545548911155247 -32.574266183138874 -32.53997803299309 -32.609160370674445 -32.91841681021174 -32.9864868044976 -32.938421085354065 -32.953895509693325 -32.96535813321288 -32.90419855760922 -32.942082095338584 -32.966207105871085 -32.912692426243325 -32.74618343337551 -32.64908884215977 -32.625698950489635 -32.62428631480005 -32.479028498139854 -32.379714947889795 -32.02404963732748 -31.71095014979633 -32.156586430823566 -32.195354652908314 -31.65022906202536 -31.396866501319213 -29.126709786786154 -9999 -9999 -9999 -9999 -9999 -9999 -9999 -9999
-9999 -9999 -9999 -9999 -9999 -9999 -9999 -9999 -9999 -9999 -9999 -9999 -9999 -34.02838534231369 -33.41440117768534 -32.96636603469705 -32.12440569289438 -32.409465395077895 -32.85207629085078 -32.82068222183939 -32.851440793435486 -32.8783473267046 -32.90980917297222 -33.10813951148437 -33.00433511966532 -32.85598921106494 -32.88401677136074 -32.8521628827266 -32.92493772780993 -32.882243202835475 -32.8603585799849 -32.70435184801182 -32.68724701449193 -32.6118463325918 -32.541155630374675 -32.312753122115694 -32.327280504772304 -32.22867031645153 -31.592381187847682 -31.458998401127342 -29.471925002533002 -9999 -9999 -9999 -9999 -9999 -9999 -9999 -9999 -9999 -9999 -9999
-9999 -9999 -9999 -9999 -9999 -9999 -9999 -9999 -9999 -9999 -9999 -9999 -34.9436277434803 -33.92370192735241 -32.535244636114804 -31.545886513480287 -32.33530521736695 -32.1897817833124 -33.061647156765176 -32.79172452981328 -32.925939945872514 -32.89311344252265 -32.785154387293446 -32.895006165092624 -32.85447763270893 -32.8410814143922 -32.908771542709445 -32.76286349019834 -32.78282148165854 -32.779958116586556 -32.71680050582758 -32.561382217414604 -32.51272191344709 -32.472665449890954 -32.43005444700983 -32.18742223636626 -32.12158096082263 -31.725963811461746 -30.223377746192146 -29.24322380199209 -28.672941711700553 -9999 -9999 -9999 -9999 -9999 -9999 -9999 -9999 -9999 -9999 -9999
-9999 -9999 -9999 -9999 -9999 -9999 -9999 -9999 -9999 -9999 -9999 -32.98063755526648 -32.88453262413923 -32.92294964931168 -32.279480615200896 -32.457423541387854 -32.372806587266716 -33.03715714271907 -33.08285178008725 -33.11147630742781 -33.183222115224034 -33.14634344006305 -33.17545801356108 -33.16102169196193 -33.049388117289965 -32.822511330901925 -32.68241993188449 -32.392965346390575 -32.47323849412439 -32.49531068673337 -32.53310717750791 -32.403270510813364 -32.370553548683176 -32.266540493918484 -32.142169173192855 -32.088985071998536 -32.014315105196864 -31.487728737028583 -29.218555081574305 -28.49473728260005 -9999 -9999 -9999 -9999 -9999 -9999 -9999 -9999 -9999 -9999 -9999 -9999
-9999 -9999 -9999 -9999 -9999 -9999 -9999 -9999 -9999 -9999 -32.54612445812877 -32.724272224479 -32.883767263390695 -32.837465342768766 -32.60536546421821 -33.193012340301344 -33.15754185156426 -33.1835251064705 -33.21885897231462 -33.14927908221444 -33.10842583203627 -32.89799399008708 -32.97493183635339 -33.12154962953468 -33.099925718955944 -33.051327231370806 -32.9242799546324 -32.5316271878738 -32.36199920628588 -32.41901273306991 -32.374312465294054 -32.131095451742894 -32.199210012597696 -32.19549175038688 -32.12177632562816 -32.19623080192768 -31.987529039935588 -31.27415979653597 -29.14617987814267 -9999 -9999 -9999 -9999 -9999 -9999 -9999 -9999 -9999 -9999 -9999 -9999 -9999
-9999 -9999 -9999 -9999 -9999 -9999 -9999 -9999 -9999 -9999 -9999 -9999 -32.86007059709384 -32.94831536063454 -32.82823895227041 -33.06569627017438 -32.885928321445554 -32.966564840893014 -33.041591682727194 -33.019420585482486 -33.022780047668206 -32.886808518525015 -32.87120847348738 -32.76016109084689 -32.86997098268961 -32.9337093461264 -32.98211308057 -32.744017002183 -32.5653192293472 -32.55549667503398 -32.256441020437485 -31.943488115690407 -31.919605923059226 -32.018330663483546 -32.086703578173946 -32.11163469813355 -32.021613914110176 -30.278270470572046 -28.839172863759675 -28.82261502120521 -9999 -9999 -9999 -9999 -9999 -9999 -9999 -9999 -9999 -9999 -9999 -9999
-9999 -9999 -9999 -9999 -9999 -9999 -9999 -9999 -9999 -9999 -9999 -32.758435904693144 -32.97150398647556 -33.01278893563609 -33.02542256920056 -32.79740808705625 -32.46409213450829 -32.60397045459639 -32.54981957484487 -32.25137651705562 -32.16742492526524 -32.587767347959534 -32.71442717217564 -32.630314304605946 -32.520666138688604 -32.58161310098328 -32.73502406596646 -32.48545559205033 -32.47515223120022 -32.42245844235787 -32.358380057941105 -31.96907508756024 -31.932078943598075 -31.804585541117486 -31.820740121222297 -31.437347816405715 -30.79167520709254 -29.01277063013269 -27.80949793665946 -9999 -9999 -9999 -9999 -9999 -9999 -9999 -9999 -9999 -9999 -9999 -9999 -9999
-9999 -9999 -9999 -9999 -9999 -32.4396307124132 -32.76980473473668 -32.88674557139421 -33.18690825122726 -33.113111971335094 -33.178044913357105 -33.5372114822596 -33.36090039551913 -33.36493197550158 -33.41332067137809 -32.70830666451909 -32.50779142779308 -32.33884669058434 -32.41352770010849 -31.74035203164177 -31.70910537533544 -31.74156189396732 -32.072904042961014 -32.16070722090593 -32.233149554948895 -32.217891460468806 -32.220317792352084 -32.10812582677374 -32.12339461298025 -32.012756846640464 -31.963078868994998 -32.220744995502656 -31.953673232223963 -31.73017676100953 -30.7950134370476 -29.171655341941904 -28.953744436133203 -28.21668118713321 -9999 -9999 -9999 -9999 -9999 -9999 -9999 -9999 -9999 -9999 -9999 -9999 -9999 -9999
-9999 -9999 -9999 -9999 -32.230426389028075 -32.098962195708864 -32.24766824807931 -32.51264809812982 -32.71804128163545 -32.729669651159874 -32.930220892591464 -33.29243696151445 -33.16521998038413 -33.01427861210982 -33.012387464662176 -32.44516742808724 -32.159432968472714 -32.225741401294265 -32.41494823873534 -31.77192627468689 -31.672654061793136 -31.554247437249664 -31.499315928319817 -31.59576945168549 -31.536037358445125 -31.378144025168083 -31.30899352267139 -31.436371605270185 -31.441864392709928 -31.510296750506694 -31.23343678647755 -31.017209954928237 -29.57154505640514 -28.905082951617107 -28.300011124072984 -9999 -9999 -9999 -9999 -9999 -9999 -9999 -9999 -9999 -9999 -9999 -9999 -9999 -9999 -9999 -9999 -9999
-9999 -9999 -9999 -31.81918506836007 -31.91324538561505 -31.513501196035318 -32.02961046367393 -32.34965122130873 -32.27378729978515 -32.067013542730734 -31.868833990542445 -32.02695932679369 -31.702510677994447 -31.890146560700877 -32.091019376293644 -31.73446011389759 -31.867818073093236 -32.06089747130134 -32.51258231830466 -31.8935222788458 -31.81926333300441 -31.530055664950513 -31.327358601696712 -31.34701948461461 -31.215950569158398 -31.249135395737138 -31.17170631639905 -31.29700868290204 -31.03023385385481 -29.60102942700569 -28.65390207022838 -9999 -9999 -9999 -9999 -9999 -9999 -9999 -9999 -9999 -9999 -9999 -9999 -9999 -9999 -9999 -9999 -9999 -9999 -9999 -9999 -9999
-9999 -9999 -9999 -33.28681397249738 -33.59997434144492 -33.479329750392125 -33.425180355639576 -33.02969864235965 -32.86667958954042 -32.80620469431301 -32.17820305678133 -30.869003644008394 -30.09497031884698 -30.951270535137954 -31.772294205726013 -31.42213387599031 -31.691756531125414 -31.90786274135686 -32.01180174459632 -31.291084229516287 -31.424482958759747 -31.408743592572737 -31.208088250789828 -30.767537229397632 -30.838399210903834 -30.790966309893587 -31.007648125597896 -31.023854351940226 -28.186737894070344 -9999 -9999 -9999 -9999 -9999 -9999 -9999 -9999 -9999 -9999 -9999 -9999 -9999 -9999 -9999 -9999 -9999 -9999 -9999 -9999 -9999 -9999 -9999
-9999 -9999 -9999 -33.68957601213357 -34.909123025793626 -34.65194739331747 -34.80634069369062 -33.075782818576464 -32.7421914959265 -32.68657625761333 -32.75781809747382 -31.87259000656451 -30.73921470851689 -30.830312695149537 -31.04022059456579 -31.43571187078871 -31.632896764265308 -31.939366491900373 -31.84411339025821 -30.845146990411887 -30.722414391197187 -30.554788027020113 -30.91997287489965 -31.29836238079428 -31.385781601460266 -31.100653869294373 -28.952134148064218 -27.739704449221 -9999 -9999 -9999 -9999 -9999 -9999 -9999 -9999 -9999 -9999 -9999 -9999 -9999 -9999 -9999 -9999 -9999 -9999 -9999 -9999 -9999 -9999 -9999 -9999
-9999 -9999 -9999 -33.55523543870384 -33.686783820063205 -33.468828840078885 -33.62375232524106 -33.025371725988265 -32.91130883242567 -32.80088508814819 -32.58900659594808 -32.5213101584628 -31.64645442354319 -31.392761749512214 -31.49193867111763 -31.702436999857923 -31.658559948062674 -31.69986886807441 -31.75536530022765 -30.333926869720052 -30.223408536269112 -30.11930050803246 -30.40409928335102 -31.03145023097622 -31.091951816803324 -28.866883596282573 -27.034523714149557 -9999 -9999 -9999 -9999 -9999 -9999 -9999 -9999 -9999 -9999 -9999 -9999 -9999 -9999 -9999 -9999 -9999 -9999 -9999 -9999 -9999 -9999 -9999 -9999 -9999
-9999 -9999 -9999 -9999 -33.268394659508715 -33.19717967669879 -33.20117265960345 -33.05974715622653 -32.93984855195651 -32.924521366154764 -32.96623541267363 -33.0033007724272 -33.07680145454603 -32.52018166378468 -31.41653032580411 -31.41633650936841 -31.235837816598487 -31.56566481259498 -31.63932216861336 -29.669387858893188 -29.906526573882488 -30.273892563962182 -29.602532338719445 -28.84841950233657 -9999 -9999 -9999 -9999 -9999 -9999 -9999 -9999 -9999 -9999 -9999 -9999 -9999 -9999 -9999 -9999 -9999 -9999 -9999 -9999 -9999 -9999 -9999 -9999 -9999 -9999 -9999 -9999
-9999 -9999 -9999 -9999 -33.23312239430763 -33.15401277064786 -33.304397204911325 -33.127011709713514 -33.033323261866364 -32.556121161842086 -32.12621103888275 -31.34021423435719 -31.811062613051835 -32.0379787601203 -31.519380213610912 -31.112643314689237 -31.1228759227996 -31.334521598704573 -30.704138308190387 -29.444755313181123 -29.5573637149614 -29.91415144028245 -28.421298841014504 -27.924608855109128 -26.46922891887908 -9999 -9999 -9999 -9999 -9999 -9999 -9999 -9999 -9999 -9999 -9999 -9999 -9999 -9999 -9999 -9999 -9999 -9999 -9999 -9999 -9999 -9999 -9999 -9999 -9999 -9999 -9999
