metrics/grid_rasters/GLDAS/grideval_GLDAS_X_spring_2016_absolute_bias.asc
ncols 52
nrows 55
xllcorner     11.25
yllcorner     55.25
cellsize      0.25
NODATA_value  -9999
[rows 0 to 27 of 55, columns 0 to 51 of 52]
-9999 -9999 -9999 -9999 -9999 -9999 -9999 -9999 -9999 -9999 -9999 -9999 -9999 -9999 -9999 -9999 -9999 -9999 -9999 -9999 -9999 -9999 -9999 -9999 -9999 -9999 -9999 -9999 -9999 -9999 -9999 -9999 -9999 -9999 -9999 -9999 -42.709372320131436 -42.338720626197755 -42.29536908506617 -9999 -9999 -9999 -9999 -9999 -9999 -9999 -9999 -9999 -9999 -9999 -9999 -9999
-9999 -9999 -9999 -9999 -9999 -9999 -9999 -9999 -9999 -9999 -9999 -9999 -9999 -9999 -9999 -9999 -9999 -9999 -9999 -9999 -9999 -9999 -9999 -9999 -9999 -9999 -9999 -9999 -9999 -9999 -9999 -9999 -9999 -9999 -9999 -9999 -40.147868872458204 -41.893930622497976 -39.337130579814 -37.98401379342312 -37.862186438343294 -41.32635774414825 -9999 -9999 -9999 -9999 -9999 -9999 -9999 -9999 -9999 -9999
-9999 -9999 -9999 -9999 -9999 -9999 -9999 -9999 -9999 -9999 -9999 -9999 -9999 -9999 -9999 -9999 -9999 -9999 -9999 -9999 -9999 -9999 -9999 -9999 -9999 -9999 -9999 -42.64989257883281 -41.7491540491338 -42.186645125970244 -43.012678847911396 -43.04876041758562 -41.57750498809163 -41.84905926275837 -9999 -42.08674901274397 -42.38663680466783 -40.601763209894955 -41.83955948477935 -41.0293426893692 -41.108334706144646 -40.868162439569176 -40.65583240676104 -40.16115698795361 -39.637761715131454 -39.237860645572454 -9999 -9999 -9999 -9999 -9999 -9999
-9999 -9999 -9999 -9999 -9999 -9999 -9999 -9999 -9999 -9999 -9999 -9999 -9999 -9999 -9999 -9999 -9999 -9999 -9999 -9999 -9999 -9999 -9999 -9999 -9999 -9999 -9999 -43.00839903359504 -37.97918704565129 -42.60469809923646 -33.9436489585787 -40.94979775053165 -42.037134728455186 -42.086489421416715 -41.54351331439355 -41.17102955168357 -41.360075136889584 -41.334378466111325 -41.44440381184382 -40.83122923883164 -40.398290376644574 -39.78499834543175 -39.11652727384606 -39.525991016472496 -40.094640214401096 -39.73831068878265 -38.908299880365476 -38.01206969635804 -9999 -9999 -9999 -9999
-9999 -9999 -9999 -9999 -9999 -9999 -9999 -9999 -9999 -9999 -9999 -9999 -9999 -9999 -9999 -9999 -9999 -9999 -9999 -9999 -9999 -9999 -43.032749915050104 -42.87850528550537 -43.033046212128326 -43.04798460792264 -38.99307596444598 -37.59030017183851 -37.96771619011365 -38.02743353427428 -37.757131419225566 -40.42261412344954 -41.350065581520774 -42.62286275183863 -42.136091647548206 -41.260595029058024 -40.876990457369104 -39.96471991790864 -39.176189161270216 -39.11562692890268 -38.38863631692188 -38.296574896667146 -38.610518472876564 -39.138286121938705 -38.979895731332995 -38.975979757819154 -38.58574103187445 -38.49355295049431 -38.49089124403975 -9999 -9999 -9999
-9999 -9999 -9999 -9999 -9999 -9999 -9999 -9999 -9999 -9999 -9999 -9999 -9999 -9999 -9999 -9999 -9999 -9999 -9999 -9999 -9999 -43.04483024694997 -43.044438350824244 -42.995486009380095 -43.03597377645581 -43.03535591567989 -43.03141373877778 -43.034299879861265 -40.70521190159185 -42.888096371503636 -43.04675427889047 -41.35974903542387 -42.38775207956686 -41.326758051594794 -41.81165394984672 -40.717301103225715 -40.570576250897325 -39.540753031675905 -38.624869761826545 -37.83718346527007 -37.9118820312028 -38.02917709543735 -37.74647040553796 -37.71609830348145 -37.39652085318433 -37.82275236280554 -38.36183464099936 -38.28807356479861 -38.13992502094935 -9999 -9999 -9999
-9999 -9999 -9999 -9999 -9999 -9999 -9999 -9999 -9999 -9999 -9999 -9999 -9999 -9999 -9999 -9999 -9999 -9999 -9999 -9999 -43.02955707960318 -43.01430223295061 -43.012975162502535 -42.97564516989919 -36.69620420743266 -34.24096215326015 -35.755786372146204 -38.4354488906734 -43.03234951850027 -42.78219971611448 -42.3516041786086 -42.139650238981545 -41.8179601388781 -41.55753696051872 -41.28959679334303 -40.07430725783595 -39.97064128615286 -39.73004642997504 -38.89448171898561 -38.03526160566379 -37.42599724664393 -37.72572831900629 -37.9702080886244 -37.640384825148985 -36.90712280607904 -36.936201995056436 -37.08769593879824 -37.32131907323618 -37.302320386222355 -37.26062146600579 -9999 -9999
-9999 -9999 -9999 -9999 -9999 -9999 -9999 -9999 -9999 -9999 -9999 -9999 -9999 -9999 -9999 -9999 -9999 -9999 -9999 -9999 -9999 -42.97901276563821 -42.94175632820343 -37.417360217998855 -41.431187063374594 -41.40545252823959 -41.635286417141884 -39.993248546030365 -42.03384156193098 -41.95816944675196 -41.8240075936622 -41.626550390668534 -40.73671779411075 -40.183800881809525 -40.184467906314566 -38.9502830419325 -38.873572968979076 -38.03647345644625 -37.3186128348841 -36.90218581909153 -36.576104111807496 -36.816122954832785 -37.245473336995296 -37.50325223404671 -36.80603013260533 -36.47840134667881 -36.56839212179994 -36.996832061477974 -36.85174667891925 -9999 -9999 -9999
-9999 -9999 -9999 -9999 -9999 -9999 -9999 -9999 -9999 -9999 -9999 -9999 -9999 -9999 -9999 -9999 -9999 -9999 -9999 -43.03598951548338 -43.03099603274757 -43.03164759168968 -43.03136989486443 -41.734577334081024 -42.16385784761413 -42.64104190100309 -42.17801134460403 -40.78215201587781 -40.131736522945374 -39.79498778729011 -39.54449933643817 -38.489054565074966 -38.564491582831934 -38.53151540401513 -38.202366483458526 -37.22365064981758 -37.25208928363155 -37.28266292028939 -37.344815663062036 -37.35247320766844 -36.86321338488842 -36.547877515807905 -36.27397806361399 -36.80174827488625 -36.52485930178639 -36.21838220506502 -36.266805090900995 -36.71855122355096 -36.758005545839026 -36.085010359144725 -35.920864326413714 -9999
-9999 -9999 -9999 -9999 -9999 -9999 -9999 -9999 -9999 -9999 -9999 -9999 -9999 -9999 -9999 -9999 -9999 -9999 -43.02153218371551 -43.02885477852239 -43.035671563333146 -43.0506228553941 -43.10360428907544 -42.95296444183054 -42.55861674465807 -42.53186938919775 -42.397145018973596 -41.171430444061436 -40.95614358189556 -39.81249022556712 -38.43077622724535 -37.03739046313517 -36.94947258459971 -37.14282911708174 -37.38587043233945 -36.964136549939774 -36.68677932279103 -36.792862976799995 -36.86998108691415 -37.16736711347071 -37.45270692603663 -36.974447632755115 -36.23576227283996 -35.935375662500284 -35.86266694505415 -35.548936712798536 -35.80689553339439 -36.22287034312182 -36.492866277168304 -35.82765593661157 -35.83715081152142 -9999
-9999 -9999 -9999 -9999 -9999 -9999 -9999 -9999 -9999 -9999 -9999 -9999 -9999 -9999 -9999 -9999 -9999 -43.02880318394011 -43.02605493787838 -41.98365509965578 -43.10568963122837 -42.192738067743406 -41.737186860799305 -42.14538962541796 -41.51879898958799 -41.212422688795336 -41.260239619458005 -40.48527454684043 -38.39032856711065 -39.09055907305572 -38.48470324609913 -37.68851784551921 -37.40444223522006 -37.524698118658975 -37.47333590911053 -36.744936776975095 -36.19053528223025 -35.89691650229709 -35.968863495362356 -36.28781926682543 -36.51968416816595 -36.26195118807095 -36.448574530831344 -35.6483657647977 -35.42209324234611 -35.2055216561193 -35.280432648653075 -35.586472489243455 -35.79785920272621 -35.707235785160705 -9999 -9999
-9999 -9999 -9999 -9999 -9999 -9999 -9999 -9999 -9999 -9999 -9999 -9999 -9999 -43.057712377211 -43.06455971288455 -43.051045957223884 -43.04246054067398 -43.04086047042485 -42.182921852714024 -43.03491693670335 -42.60906387403932 -43.10515392693164 -42.071108552424796 -41.163719027708076 -39.67047508145966 -38.29983979271239 -39.74804612773511 -37.89421549500169 -37.94368251593298 -37.32773689008521 -36.91641912538478 -37.438174409913294 -37.467663385156214 -37.32462872076861 -37.024625964624725 -36.47949905480947 -36.4199384613489 -35.68424299434232 -35.723674672250844 -35.18941490467557 -35.399583355057985 -35.243271766594894 -35.06681723505987 -35.438492380932935 -35.54919380712849 -35.244883731331505 -35.030814474124625 -35.40926413197556 -35.49838536451368 -35.34187222616342 -35.43366613401019 -9999
-9999 -9999 -9999 -9999 -9999 -9999 -9999 -9999 -9999 -9999 -9999 -9999 -9999 -43.04453310038409 -43.06831056677291 -43.111043764055594 -43.14848697173368 -43.14909423193287 -43.13124081581507 -42.02614288141385 -42.18543659753936 -41.626694017575815 -40.89804182683482 -39.688855721939184 -39.56271027273539 -38.52215612896354 -38.384372627625815 -37.10427589799561 -37.45005289056217 -37.14273677742028 -36.55978637285855 -37.10313117394791 -36.973436901831754 -36.819859267151706 -36.576477042662546 -36.34383850214679 -36.47018481531869 -35.739254051171564 -35.764511523646824 -36.0036604341484 -36.016523300670094 -35.7456233481998 -35.51989203916215 -35.5266355889161 -35.44458956633816 -34.801575775906116 -34.39059303866942 -34.41648598312927 -34.476657458823986 -34.48136531972609 -34.423490957498714 -36.16801827813944
-9999 -9999 -9999 -9999 -9999 -9999 -9999 -9999 -9999 -9999 -9999 -9999 -9999 -43.06450753723798 -43.137798721355416 -43.00399952059936 -42.499424391588114 -42.73923986097393 -43.040473741985366 -41.008120769027464 -41.236006428143405 -41.20198363262107 -39.236713374398 -37.87663407747269 -37.77917950130675 -37.86423769712691 -37.87359796978696 -37.087086445368506 -37.12999946905462 -36.982817962401256 -37.21432078190391 -37.09955394033181 -36.685387285082065 -36.52665946011067 -36.76057861113678 -36.87922026393125 -36.14886912991009 -35.45453103101285 -35.32701389554321 -35.6216897171841 -35.62394148372518 -35.505139786972784 -35.41641414505632 -33.906645358074464 -9999 -9999 -9999 -9999 -9999 -9999 -9999 -9999
-9999 -9999 -9999 -9999 -9999 -9999 -9999 -9999 -9999 -9999 -9999 -9999 -9999 -43.1223811938063 -43.147377441374026 -42.644114564577855 -42.9590637087822 -42.62467190997837 -42.09297041169813 -38.30517589511431 -37.5994294930209 -37.70422715598556 -38.37015636481912 -38.6319663357597 -37.71832742823449 -37.161842747915365 -37.22398409613854 -36.68332075372177 -36.69578841014805 -36.496068224979 -36.51902525825425 -36.74026480543873 -36.43882206635064 -36.297541285743534 -36.19562163677715 -36.1058721888365 -36.07970395898851 -35.83233975131146 -35.4179776594974 -35.38505869038889 -34.07132010238812 -9999 -9999 -9999 -9999 -9999 -9999 -9999 -9999 -9999 -9999 -9999
-9999 -9999 -9999 -9999 -9999 -9999 -9999 -9999 -9999 -9999 -9999 -9999 -43.041621202602975 -43.10961790419305 -43.125483245649576 -42.8985455777982 -42.38712021242827 -42.09443442100335 -40.920301344994776 -38.09586480885501 -38.05717103841268 -37.409704360928714 -37.06829954803233 -36.92369661530804 -36.96787644726346 -36.7356305400355 -36.839743484722696 -36.076958223711706 -36.061241922393926 -36.07831059631122 -35.93176158916447 -35.75084083719665 -35.75682679930216 -35.76960881102992 -35.850997672274545 -35.809387103391245 -35.754752146343336 -35.43540169175147 -35.07287337163301 -33.91191721695435 -31.85271077949311 -9999 -9999 -9999 -9999 -9999 -9999 -9999 -9999 -9999 -9999 -9999
-9999 -9999 -9999 -9999 -9999 -9999 -9999 -9999 -9999 -9999 -9999 -41.05765324440258 -41.42231692497254 -42.12140220265997 -42.31666111812481 -41.50743345501226 -40.7251686379111 -39.101239098074004 -39.12341935274637 -37.08705949738784 -37.32898985732185 -36.91853533482746 -37.05687281965157 -36.79190896506138 -36.5231082605441 -35.926809294230274 -35.74613430462373 -35.5060232987263 -35.55571380364911 -35.42984797799474 -35.47500336372658 -35.71855849799012 -35.704459903660506 -35.65534388506786 -35.506568609008 -35.828948130790636 -35.62029700106738 -34.077543334752 -32.62747532376291 -32.36729001097948 -9999 -9999 -9999 -9999 -9999 -9999 -9999 -9999 -9999 -9999 -9999 -9999
-9999 -9999 -9999 -9999 -9999 -9999 -9999 -9999 -9999 -9999 -38.16284574525754 -38.15742110491365 -41.37256801992898 -41.59746386064217 -41.32391745086921 -38.11449120394157 -37.77560808155281 -37.33000387330337 -38.24113099679918 -36.86950576858109 -36.71226720700202 -36.21977069042622 -36.447641309917614 -36.450693680175945 -36.95113894098398 -36.716991232951045 -36.12162746707706 -35.519500573894575 -35.03793205017143 -35.40896915822573 -34.971484393144586 -34.65285703153147 -35.32668971142772 -35.50000774210481 -35.43594036808076 -35.8055694013753 -34.118715954620555 -32.754216741061896 -32.21535971963211 -9999 -9999 -9999 -9999 -9999 -9999 -9999 -9999 -9999 -9999 -9999 -9999 -9999
-9999 -9999 -9999 -9999 -9999 -9999 -9999 -9999 -9999 -9999 -9999 -9999 -40.690572035741866 -38.378146119253785 -37.24133178707132 -36.971939610864 -36.18521427691145 -36.43839853914941 -36.678635311070025 -36.567451343993135 -36.478479419672944 -36.09509886118948 -36.018207725016 -35.642993309069425 -35.88569707447744 -36.19583564723396 -36.17279319922723 -35.695362233718775 -35.28001960777961 -35.708883257481546 -33.55739060989784 -34.418303594519585 -34.111315970855735 -34.66295314948682 -34.732746978067674 -34.69195955722471 -33.80692094997705 -31.956478386206307 -31.336896217974797 -31.503314598625444 -9999 -9999 -9999 -9999 -9999 -9999 -9999 -9999 -9999 -9999 -9999 -9999
-9999 -9999 -9999 -9999 -9999 -9999 -9999 -9999 -9999 -9999 -9999 -37.49969408442469 -37.941641458451905 -39.909919225995466 -38.344035529430315 -36.45410211034038 -35.481265713501244 -36.03500290658406 -36.01902158143322 -34.67631195732595 -34.70586517874313 -35.859451144387045 -35.979620736315034 -35.54435910816993 -35.067566402519695 -35.12407923277225 -35.506265144572474 -35.259684602709726 -35.159416380216896 -33.919292281746216 -35.08763381717322 -33.797040990715765 -33.81129235187141 -33.312571105567486 -33.671948145244926 -33.258237421553105 -32.605023164889246 -31.38258393471251 -30.23345456001065 -9999 -9999 -9999 -9999 -9999 -9999 -9999 -9999 -9999 -9999 -9999 -9999 -9999
-9999 -9999 -9999 -9999 -9999 -40.01389580483184 -40.224593292678826 -38.927740357310064 -41.158651727899596 -40.11168935485994 -39.50610307826782 -37.36524114533045 -36.39151158114976 -36.22304694621784 -36.484188705864966 -35.22777741027834 -34.91282133616345 -34.71332290355602 -34.90872021118665 -33.749260924817264 -33.85894284915665 -34.04278826533371 -34.26763475044509 -34.526144648983106 -35.21471765617152 -35.236840580347106 -35.36002327222377 -33.78304391504144 -33.27383480571292 -32.867733226825855 -32.952088877740934 -33.92920654995934 -33.38543902248468 -32.946968899128706 -32.37748710163262 -31.652858697201896 -30.706089027772613 -30.18975930964655 -9999 -9999 -9999 -9999 -9999 -9999 -9999 -9999 -9999 -9999 -9999 -9999 -9999 -9999
-9999 -9999 -9999 -9999 -39.24281215679872 -38.45631444879361 -37.30612418614328 -35.91615986734953 -37.00919953498828 -36.60419559322865 -36.78252179683793 -36.36326048966578 -35.919260505728595 -34.807734883451104 -34.824482030538924 -35.28968708482368 -34.266571087762706 -34.52892128714239 -34.70715197471335 -33.64798604498577 -33.62943970357351 -33.66090669968854 -33.498067537606076 -33.58838295995298 -33.62682403686821 -33.08865804549145 -32.82055387425277 -32.584555482269145 -32.61660496354022 -32.62627977829265 -32.436275526739486 -32.85465660053508 -31.817003134840533 -30.76294181439216 -30.27983362051537 -9999 -9999 -9999 -9999 -9999 -9999 -9999 -9999 -9999 -9999 -9999 -9999 -9999 -9999 -9999 -9999 -9999
-9999 -9999 -9999 -38.79054456321604 -38.82675517949721 -37.895810746263884 -37.65169801101413 -37.21232582183312 -36.244658735479504 -33.9693422311836 -32.76674533374203 -31.851478907097448 -31.42852647086281 -32.11588581687892 -33.287837982805364 -33.70374481554103 -33.915777062754266 -34.12549384956693 -35.14832088055656 -33.880288913481586 -33.72469088380508 -33.3982733112112 -33.035507984054476 -33.22102139234219 -33.58569355628899 -33.409413637917325 -33.029275021617025 -32.38822824060512 -32.16072538740042 -31.720985574080892 -31.28746640117353 -9999 -9999 -9999 -9999 -9999 -9999 -9999 -9999 -9999 -9999 -9999 -9999 -9999 -9999 -9999 -9999 -9999 -9999 -9999 -9999 -9999
-9999 -9999 -9999 -41.62319955509156 -42.55055777133321 -41.66303006292361 -41.47146289900917 -38.33666231467024 -37.996835443798616 -37.15938184764641 -35.49642512775229 -30.6360087556886 -29.786074477996998 -31.03496905622761 -32.502931955877855 -33.013333117771566 -33.65596025159744 -33.809227223568804 -33.953869179620035 -32.97986433762328 -33.54070607599114 -32.93382444107176 -32.540519599013194 -31.818436676130187 -32.08217718867261 -31.920619738693148 -32.38879452350185 -31.94353700791607 -31.228970301580485 -9999 -9999 -9999 -9999 -9999 -9999 -9999 -9999 -9999 -9999 -9999 -9999 -9999 -9999 -9999 -9999 -9999 -9999 -9999 -9999 -9999 -9999 -9999
-9999 -9999 -9999 -41.52790092049248 -42.647877869844116 -42.014810559744745 -42.173404658699155 -41.11937403237528 -39.08795991756589 -38.95308578893057 -37.548459362603076 -33.68264791002983 -30.726828024742886 -30.437361578315333 -31.44226391554769 -32.763495338817485 -33.35283239274893 -33.77252367715878 -33.72845359393598 -32.58588090605791 -32.45848389814162 -32.75753425699456 -32.288427591060646 -32.59534571552649 -32.51913010268269 -31.472061764388148 -30.959280443924442 -29.563820219578467 -9999 -9999 -9999 -9999 -9999 -9999 -9999 -9999 -9999 -9999 -9999 -9999 -9999 -9999 -9999 -9999 -9999 -9999 -9999 -9999 -9999 -9999 -9999 -9999
-9999 -9999 -9999 -41.79700156410589 -41.16407277410769 -39.40273544301643 -40.72654262083866 -38.42916712610294 -37.23910667030545 -36.896483182279475 -36.05116784349894 -34.3307608988379 -32.15060403621148 -31.567143477175545 -31.897035255501777 -32.788760889625266 -32.89267775452817 -32.88935232445922 -33.06971675995737 -32.13021767619269 -32.10728913065775 -31.878758815198164 -32.019524868557475 -31.95741192123893 -31.97003702481237 -31.23895509059177 -29.614240424707532 -9999 -9999 -9999 -9999 -9999 -9999 -9999 -9999 -9999 -9999 -9999 -9999 -9999 -9999 -9999 -9999 -9999 -9999 -9999 -9999 -9999 -9999 -9999 -9999 -9999
-9999 -9999 -9999 -9999 -39.32724104376267 -38.483820347196385 -38.26762320060769 -37.618780531373844 -36.87891755714689 -36.71059692794781 -35.944446181149594 -33.46825649714826 -33.8392777543353 -32.13093271363608 -31.289587608133644 -31.90710256351968 -31.85686326462209 -32.22674807843388 -32.29744637621891 -31.243108572154913 -31.443443465046588 -31.877714931276504 -31.36291077694572 -30.924498798143443 -9999 -9999 -9999 -9999 -9999 -9999 -9999 -9999 -9999 -9999 -9999 -9999 -9999 -9999 -9999 -9999 -9999 -9999 -9999 -9999 -9999 -9999 -9999 -9999 -9999 -9999 -9999 -9999
-9999 -9999 -9999 -9999 -38.47474692377222 -38.0710330405475 -37.87418929815454 -38.23797271925065 -36.83304396579447 -34.485305941137284 -32.72790251917246 -31.543428450903807 -31.58337528631091 -31.705138231911093 -31.432551655736145 -31.33422704413533 -31.9170611409025 -32.21080314985517 -31.89193523861468 -31.38486145388173 -31.33342201681808 -31.40272965454294 -30.55291275649696 -30.05068249221 -28.638737633945823 -9999 -9999 -9999 -9999 -9999 -9999 -9999 -9999 -9999 -9999 -9999 -9999 -9999 -9999 -9999 -9999 -9999 -9999 -9999 -9999 -9999 -9999 -9999 -9999 -9999 -9999 -9999
