metrics/grid_rasters/GLDAS/grideval_GLDAS_X_spring_2017_absolute_bias.asc
ncols 52
nrows 55
xllcorner     11.25
yllcorner     55.25
cellsize      0.25
NODATA_value  -9999
[rows 0 to 27 of 55, columns 0 to 51 of 52]
-9999 -9999 -9999 -9999 -9999 -9999 -9999 -9999 -9999 -9999 -9999 -9999 -9999 -9999 -9999 -9999 -9999 -9999 -9999 -9999 -9999 -9999 -9999 -9999 -9999 -9999 -9999 -9999 -9999 -9999 -9999 -9999 -9999 -9999 -9999 -9999 -32.09356474325709 -33.19434312018363 -39.353562805295475 -9999 -9999 -9999 -9999 -9999 -9999 -9999 -9999 -9999 -9999 -9999 -9999 -9999
-9999 -9999 -9999 -9999 -9999 -9999 -9999 -9999 -9999 -9999 -9999 -9999 -9999 -9999 -9999 -9999 -9999 -9999 -9999 -9999 -9999 -9999 -9999 -9999 -9999 -9999 -9999 -9999 -9999 -9999 -9999 -9999 -9999 -9999 -9999 -9999 -30.73375023609918 -32.85161787801949 -33.930447135606535 -32.20007125344937 -36.261943136220395 -41.35445693649513 -9999 -9999 -9999 -9999 -9999 -9999 -9999 -9999 -9999 -9999
-9999 -9999 -9999 -9999 -9999 -9999 -9999 -9999 -9999 -9999 -9999 -9999 -9999 -9999 -9999 -9999 -9999 -9999 -9999 -9999 -9999 -9999 -9999 -9999 -9999 -9999 -9999 -42.99118016639967 -43.034205810855255 -43.08910213131458 -41.56777218381024 -35.20286694484884 -43.073773560519136 -41.658321896405965 -9999 -35.955954819877185 -34.06422893808264 -32.676694097564265 -37.81388339029787 -37.28386309759125 -39.22873673903877 -41.24882049232964 -41.745317429243386 -42.51711047693844 -42.605149320529215 -42.69055072254623 -9999 -9999 -9999 -9999 -9999 -9999
-9999 -9999 -9999 -9999 -9999 -9999 -9999 -9999 -9999 -9999 -9999 -9999 -9999 -9999 -9999 -9999 -9999 -9999 -9999 -9999 -9999 -9999 -9999 -9999 -9999 -9999 -9999 -33.662690412010186 -31.15851753678821 -35.581364516087845 -29.860167528867073 -31.39960171383522 -33.375628463235564 -40.93713851303429 -41.962571962108925 -39.907695751313284 -38.282476948149025 -38.315259006744974 -37.216188371768624 -38.649682298626594 -40.13445150761096 -40.03436452034942 -41.12269526051925 -41.06391336509715 -39.516432296262 -40.456634225283295 -42.11517449120141 -42.41785324569386 -9999 -9999 -9999 -9999
-9999 -9999 -9999 -9999 -9999 -9999 -9999 -9999 -9999 -9999 -9999 -9999 -9999 -9999 -9999 -9999 -9999 -9999 -9999 -9999 -9999 -9999 -42.9735296604264 -42.99844580184183 -42.98343444024415 -42.99246026004624 -31.868639535270628 -32.229570950826876 -32.342483594527714 -32.055618707536034 -32.06370527220323 -34.483613299448855 -36.91934984784735 -41.308018645433634 -42.20934970128229 -41.58309237525353 -42.35370115634135 -42.87027960384022 -43.060305772005044 -42.60353686186768 -42.30542743977402 -42.25264991587028 -41.1875938096529 -39.708569831032634 -38.644423293051034 -38.61092282726389 -40.3359827011945 -41.01785816926429 -41.55761729788197 -9999 -9999 -9999
-9999 -9999 -9999 -9999 -9999 -9999 -9999 -9999 -9999 -9999 -9999 -9999 -9999 -9999 -9999 -9999 -9999 -9999 -9999 -9999 -9999 -42.99018629838753 -42.984079582697674 -43.00814654993946 -42.804455369386986 -40.267225413664214 -42.996901928001776 -40.26536328183568 -33.53839573353205 -40.40958776158969 -39.41850794442808 -34.724096600857116 -38.472509376846425 -38.958654667473525 -41.314789049894266 -42.424973002108544 -42.50417795473629 -43.08971482414103 -42.43405806718636 -41.72905638202539 -41.84688507318092 -41.79952634947941 -41.65750065215094 -40.15704921473061 -38.74843118436959 -38.07777940263243 -37.92800925350141 -39.578018564265214 -39.704677889143795 -9999 -9999 -9999
-9999 -9999 -9999 -9999 -9999 -9999 -9999 -9999 -9999 -9999 -9999 -9999 -9999 -9999 -9999 -9999 -9999 -9999 -9999 -9999 -42.99980117676213 -42.99553142982008 -42.992827738392286 -33.54755580259244 -30.51135432436738 -29.887759221636728 -31.070259390844274 -32.748268255518504 -41.88844594051657 -41.84720861182912 -42.381140628971316 -39.68541203578934 -39.85241468092831 -39.951501988036476 -41.0779769878794 -42.26379775976681 -42.52628328960956 -42.90490830975139 -42.631459168543145 -41.623222088967644 -41.13953097709253 -41.40410620656432 -41.46994588398577 -40.708184730524756 -40.53790271774177 -39.72142993486689 -39.20056386613894 -39.297283684875325 -39.93378900621168 -40.66310837364796 -9999 -9999
-9999 -9999 -9999 -9999 -9999 -9999 -9999 -9999 -9999 -9999 -9999 -9999 -9999 -9999 -9999 -9999 -9999 -9999 -9999 -9999 -9999 -35.973804988128975 -37.28567380656529 -34.143012750003 -36.613911281866216 -37.00261048527192 -37.23261234544866 -37.35178173035788 -43.134930340573185 -43.12291185978962 -41.9836252162881 -41.84792072971797 -42.926610872939065 -43.01534580159933 -42.69739925413919 -42.768977764265045 -42.83506042317933 -42.19993768436024 -41.5076518945153 -40.845927516848825 -40.62425660076754 -40.8723785335846 -40.922585099429384 -39.75252435441411 -39.88505482469159 -39.98356822839655 -40.29909653967732 -39.82417767976775 -40.43323231332571 -9999 -9999 -9999
-9999 -9999 -9999 -9999 -9999 -9999 -9999 -9999 -9999 -9999 -9999 -9999 -9999 -9999 -9999 -9999 -9999 -9999 -9999 -43.028482497791224 -43.029340795767695 -43.02889609502871 -43.01990962599445 -35.00101030306162 -42.108201545622684 -43.14156723581255 -43.14676452513136 -42.02529430168721 -41.653966739105634 -41.463707401660145 -41.380247060735904 -41.18003096344435 -40.828595704581275 -40.046850890042656 -39.64359894190388 -39.45943040844134 -39.18376474467146 -39.052519814495966 -40.331922741019696 -40.033242672722295 -40.23377800111295 -40.05135743988111 -39.88162845956243 -38.552846851961114 -38.45953751156998 -39.29242647827967 -39.59170865403164 -39.90752616054986 -39.746052830824226 -39.56071448010271 -39.07828856709049 -9999
-9999 -9999 -9999 -9999 -9999 -9999 -9999 -9999 -9999 -9999 -9999 -9999 -9999 -9999 -9999 -9999 -9999 -9999 -42.755589070527456 -43.02435491695676 -43.03159689397105 -43.049761766527325 -43.09705668566343 -43.15448182861766 -43.15690874091714 -43.13344844345652 -43.1274919366545 -42.74526443016594 -42.59121144943588 -41.738524424499296 -40.91640786178734 -39.84296126900565 -39.90779614655058 -40.267025528171956 -40.58803403729816 -40.31153742236126 -39.3832331317396 -40.32672266654022 -39.23463187585382 -38.88482773617801 -38.74860689058171 -39.834243122609735 -39.954149294340894 -38.604209385549076 -38.38538681571979 -38.2179747079904 -39.29982842960517 -39.607727536567204 -39.948254741100676 -38.14717105855031 -38.38563085904183 -9999
-9999 -9999 -9999 -9999 -9999 -9999 -9999 -9999 -9999 -9999 -9999 -9999 -9999 -9999 -9999 -9999 -9999 -43.01935344416162 -37.622327252210155 -35.79716468922308 -43.14673692313954 -43.08887905979772 -43.07600209475292 -43.14060020167381 -43.015038525746405 -42.985451375478476 -43.05512025687115 -42.202499320690066 -41.11476895887324 -41.46149013693566 -41.27514372693132 -40.899742735995225 -40.572872366189316 -40.513798246018425 -40.45927908559047 -39.763640195961386 -39.38933980523649 -39.392726448951684 -39.75649321429513 -38.99434592439186 -38.93316682413949 -39.69706517512627 -39.10165272074063 -37.88522925335185 -37.415053698214024 -37.20451303755703 -37.33708830357975 -37.38052194397493 -38.761034191545576 -37.612657362635694 -9999 -9999
-9999 -9999 -9999 -9999 -9999 -9999 -9999 -9999 -9999 -9999 -9999 -9999 -9999 -43.03011910637598 -43.03007981132554 -43.016437741117954 -43.018201157531664 -43.02358274886628 -42.914902403788716 -43.04431072424126 -43.07006324119057 -43.106017151098385 -43.13092787800681 -42.532999390877954 -41.815843720454716 -41.42039472542946 -41.98302527751935 -40.63827152637279 -40.718091874302395 -40.36610026732492 -39.83901989121882 -40.682265222113095 -40.53462118041985 -40.32428899472175 -39.89438331102871 -37.47038083958804 -38.00138391392387 -37.188929453309946 -37.53279652112447 -36.727206300761864 -37.091346708592035 -37.05546899714872 -36.94542117746871 -37.324855013811224 -38.717473553675845 -37.581894174845814 -37.12480544805041 -37.30258025652122 -38.0098307250351 -37.353558320491366 -37.79032835896816 -9999
-9999 -9999 -9999 -9999 -9999 -9999 -9999 -9999 -9999 -9999 -9999 -9999 -9999 -43.011980782667905 -43.05156529127903 -43.09849253786809 -43.13408734260693 -43.149771542835005 -43.132240070556485 -43.020543666637465 -43.13240930006799 -42.95032162871212 -42.525333723701216 -41.93453339618914 -42.06989271248408 -41.85924544709775 -41.89936371070697 -40.34159138177157 -40.56711668725652 -40.373620844770066 -39.596032845241055 -39.697101147238 -38.8581121317516 -38.34987565743454 -37.44444145470776 -37.16852502765782 -37.16569127731592 -36.46350388775539 -36.60900312795749 -36.702873523752 -36.92062522586354 -36.700721018927425 -36.538793599152044 -36.593171910382814 -36.77917412372873 -36.4532418668918 -36.565469547478564 -36.89983459335306 -37.03775766473668 -37.26636781549567 -37.483846562874064 -38.84806356793674
-9999 -9999 -9999 -9999 -9999 -9999 -9999 -9999 -9999 -9999 -9999 -9999 -9999 -43.0305783574105 -43.11543671989247 -43.14750133742295 -43.14658473784347 -43.144141668453805 -43.13770790088355 -42.42244738374797 -42.81261695633926 -42.8124459589953 -41.722382887529776 -41.157329505208224 -41.23612068095447 -41.417308145567134 -41.54849100416608 -40.303360025762856 -40.45488896559033 -40.40710446353921 -40.478329429038524 -39.88141502745693 -38.67484934951949 -37.76938242629252 -38.71684096038909 -37.59075641273724 -37.146683139746756 -36.0761399612681 -35.66025424181767 -36.218136129921064 -36.37642007651132 -36.46004864431756 -36.419193048637524 -36.10112139596807 -9999 -9999 -9999 -9999 -9999 -9999 -9999 -9999
-9999 -9999 -9999 -9999 -9999 -9999 -9999 -9999 -9999 -9999 -9999 -9999 -9999 -43.09943463082385 -43.138579432224944 -43.147986029133044 -43.14350167534354 -43.13992661940258 -43.132115711700976 -41.33821112950049 -40.85184631215247 -41.147382570248425 -41.760076045848265 -41.89363076560118 -41.14513913762715 -40.645856168546274 -40.86084673908013 -40.04966222610243 -40.14982168975732 -40.14186863935269 -40.07203834143508 -39.655721696356885 -39.16347068151378 -38.36247820631885 -37.65952040898897 -37.31274433401616 -37.18745471854977 -36.89348258661187 -36.16386585293905 -35.66648304498876 -34.89678493352688 -9999 -9999 -9999 -9999 -9999 -9999 -9999 -9999 -9999 -9999 -9999
-9999 -9999 -9999 -9999 -9999 -9999 -9999 -9999 -9999 -9999 -9999 -9999 -43.010810385741614 -43.09159263071564 -43.12631039576524 -43.13954473325335 -43.14241302323163 -43.130620504405506 -42.57972548875715 -41.17603668258728 -41.27847151508879 -40.87112355902385 -40.63812992138707 -40.3497651922719 -40.350100730404094 -40.138617964097016 -40.23520110343056 -38.03189633118556 -38.62838233721888 -38.936660483418756 -38.430148062559404 -37.31435038584649 -37.336310579077065 -37.32941825849854 -37.33756015405221 -37.05577290503551 -36.881275986462995 -36.00838258787585 -35.0196444997159 -34.495638064452976 -33.34402193521838 -9999 -9999 -9999 -9999 -9999 -9999 -9999 -9999 -9999 -9999 -9999
-9999 -9999 -9999 -9999 -9999 -9999 -9999 -9999 -9999 -9999 -9999 -42.68027993530521 -42.9466551280297 -43.0661665097122 -43.06803335131996 -42.48602399288717 -41.604553501364656 -40.94898057828212 -41.07523217692 -39.72207205090672 -40.20906604877066 -39.85685721477089 -39.973495193008006 -39.27158982833119 -38.28888275097732 -36.91269267520503 -36.65454775151675 -35.97387693522741 -36.3366259535896 -36.38514219315561 -36.581778010252215 -36.91273002354833 -36.99428272822305 -36.772686092648655 -36.31007440582566 -36.37650447630364 -35.850105240191944 -34.21306126886655 -33.51993223156213 -32.96831429612053 -9999 -9999 -9999 -9999 -9999 -9999 -9999 -9999 -9999 -9999 -9999 -9999
-9999 -9999 -9999 -9999 -9999 -9999 -9999 -9999 -9999 -9999 -40.962712268324815 -40.95704914400678 -42.85437734621456 -42.826838906550705 -42.234215324704095 -39.84303441576903 -39.42710275557297 -39.24774524873204 -40.6323362622896 -39.50486875951047 -39.4618542895288 -37.634283030182935 -38.963490354545094 -38.8417053853931 -39.9777530614975 -38.720714081665896 -37.14124015696428 -35.689164570937656 -34.916677188229464 -36.09290176986352 -36.02954916056731 -35.80538878195069 -36.407821829532 -36.56662412613387 -36.37031742023385 -36.32433577533811 -34.54041242395001 -33.26534019827681 -32.41481649187272 -9999 -9999 -9999 -9999 -9999 -9999 -9999 -9999 -9999 -9999 -9999 -9999 -9999
-9999 -9999 -9999 -9999 -9999 -9999 -9999 -9999 -9999 -9999 -9999 -9999 -41.62298461798903 -40.265633243298076 -38.001782391787216 -37.10742240775701 -35.48105937307296 -37.58372979147522 -38.63219999570561 -39.22421011099915 -39.30054860926517 -37.734624151342906 -37.72784768549077 -37.17320977003597 -37.314734107045375 -37.84864005446435 -37.53037181867125 -36.61212945739617 -36.03694596777306 -36.802030824570224 -34.65888209964918 -35.35433081258088 -35.26423242226567 -35.94803271865796 -36.05410654954208 -35.99789255053696 -34.85859115409625 -32.034848734938905 -30.196754669001244 -30.504215841971178 -9999 -9999 -9999 -9999 -9999 -9999 -9999 -9999 -9999 -9999 -9999 -9999
-9999 -9999 -9999 -9999 -9999 -9999 -9999 -9999 -9999 -9999 -9999 -37.171016581478 -38.37123160513685 -40.937938874951854 -39.701901846869 -34.98934865734823 -34.55387425035968 -37.03463965889228 -37.581275469400794 -36.539344786119685 -36.698254593162105 -37.433555329016045 -37.73414151052661 -37.110150082563244 -36.602847101571776 -36.414987840467006 -36.67110173005368 -35.97286896359014 -35.77543064589491 -34.604887931425445 -35.743894574576586 -33.88865448356323 -34.357223345655136 -34.16450412040981 -35.02269768224948 -34.62018819029807 -34.233773047428414 -30.811807736551952 -29.065381610664826 -9999 -9999 -9999 -9999 -9999 -9999 -9999 -9999 -9999 -9999 -9999 -9999 -9999
-9999 -9999 -9999 -9999 -9999 -41.944478879763714 -41.93533015362514 -40.385776741551645 -41.513842023585156 -40.32897845408677 -40.071819770959735 -35.63292916228428 -33.62672335055211 -34.47566382631498 -36.80950128359964 -35.21703656523935 -35.79671931906563 -35.8420943372235 -36.23765125496151 -34.483952535701015 -34.78761827565081 -35.260131599543534 -35.664064598310254 -35.68996772427193 -35.80557913482999 -35.57469508367711 -35.19415019011206 -34.455749789333865 -33.32657798488989 -32.68811178596123 -33.37595803875719 -34.65589097399346 -34.4228655510663 -34.39725604084442 -33.68651052669662 -31.43966878679297 -30.439830035760842 -29.569823281920478 -9999 -9999 -9999 -9999 -9999 -9999 -9999 -9999 -9999 -9999 -9999 -9999 -9999 -9999
-9999 -9999 -9999 -9999 -41.24301722548578 -40.52021077631608 -37.59428138759635 -32.11016604168665 -34.842045547602616 -34.141488570780695 -35.18532206482537 -34.2424448014075 -34.60137088781061 -34.36230860312429 -35.80632056733189 -36.41955710518295 -35.58257936957576 -35.78030959786037 -35.90417400585569 -33.520372204097875 -33.67143019888064 -33.80474463068759 -33.557223165468514 -33.59620824952245 -33.67720898192214 -32.368797642178826 -31.687103892109644 -31.49170527629473 -30.992840727386266 -31.853951683814604 -32.444379677955546 -33.637994137086466 -30.979589609469727 -29.846941229846806 -29.372141090241946 -9999 -9999 -9999 -9999 -9999 -9999 -9999 -9999 -9999 -9999 -9999 -9999 -9999 -9999 -9999 -9999 -9999
-9999 -9999 -9999 -41.009804845261186 -40.95227558991832 -39.962170852348216 -39.24934731160655 -36.92024450380679 -34.635604870890305 -31.664297732544824 -31.273244883804377 -29.35825053806943 -28.92523076820552 -30.373157106177963 -33.8781802745374 -34.26436581754166 -34.676462682389214 -35.00459359576116 -36.09787458225922 -33.665082408823885 -32.87923098604559 -31.651654745047182 -31.46307761635145 -31.58443424903342 -32.56905780102977 -32.13764736590826 -31.366171534254175 -30.24892693739789 -29.74348698985641 -29.566409008375004 -29.303007016181134 -9999 -9999 -9999 -9999 -9999 -9999 -9999 -9999 -9999 -9999 -9999 -9999 -9999 -9999 -9999 -9999 -9999 -9999 -9999 -9999 -9999
-9999 -9999 -9999 -43.02722726964756 -43.02506773032086 -43.059343659764394 -42.89137303594338 -40.303059468653224 -39.806340255410134 -38.67589916554077 -35.69883142460299 -28.11741309590718 -27.505473304458928 -28.84180502482164 -33.67257380206138 -34.11455327535615 -34.84852007596308 -35.01120782645581 -34.715858512031645 -30.798146510496736 -32.72255405617635 -31.061101053274523 -30.58021606318653 -29.356185279705606 -29.35555730126393 -29.10503137573276 -29.308042737695835 -29.256866734029483 -28.523804021391854 -9999 -9999 -9999 -9999 -9999 -9999 -9999 -9999 -9999 -9999 -9999 -9999 -9999 -9999 -9999 -9999 -9999 -9999 -9999 -9999 -9999 -9999 -9999
-9999 -9999 -9999 -42.81248457936327 -43.02398827680104 -42.993474440568164 -42.98602719698101 -41.94184640890149 -40.821059480390474 -40.75025794869693 -39.89416775724891 -33.957570195623234 -28.975730244292997 -29.57122285992069 -33.62311623692917 -35.413687475956976 -35.697651524785094 -36.14004970979674 -35.846079790175125 -32.031811513067424 -31.628971668081764 -33.34238940119015 -31.336553005481377 -32.51523125671741 -30.830617298230372 -29.0526747405934 -28.33459301452841 -27.50367772617661 -9999 -9999 -9999 -9999 -9999 -9999 -9999 -9999 -9999 -9999 -9999 -9999 -9999 -9999 -9999 -9999 -9999 -9999 -9999 -9999 -9999 -9999 -9999 -9999
-9999 -9999 -9999 -43.030141272582114 -42.50248318461134 -41.48430656823937 -42.28480239107233 -40.95208821692706 -40.15218466062747 -39.71798191737869 -38.56931061925285 -36.22799076601539 -33.732225999661274 -32.96383292873836 -35.273127021510966 -35.999150560561404 -35.654649086316795 -35.413263248259454 -35.453909335111305 -31.31998976249167 -31.463831140801467 -30.38552724968885 -30.92724215103637 -30.19367965567938 -30.101166620708838 -28.95981334623597 -27.628376126957487 -9999 -9999 -9999 -9999 -9999 -9999 -9999 -9999 -9999 -9999 -9999 -9999 -9999 -9999 -9999 -9999 -9999 -9999 -9999 -9999 -9999 -9999 -9999 -9999 -9999
-9999 -9999 -9999 -9999 -42.13736364213021 -41.587821763130314 -41.371050593119286 -40.61579413936757 -40.24231531805076 -40.076131075175226 -39.51215217521657 -37.17682026587831 -37.08458288388489 -35.662413294913 -33.362941112247825 -34.15649186123324 -32.59229941745086 -34.090441919600025 -34.40920073476256 -29.789034686820663 -29.93951272654711 -30.963059658103667 -29.31032195693368 -28.96996519765209 -9999 -9999 -9999 -9999 -9999 -9999 -9999 -9999 -9999 -9999 -9999 -9999 -9999 -9999 -9999 -9999 -9999 -9999 -9999 -9999 -9999 -9999 -9999 -9999 -9999 -9999 -9999 -9999
-9999 -9999 -9999 -9999 -41.70568073059068 -41.43809473275653 -41.2060795978481 -41.304286380480654 -40.29272012125053 -37.538610707361094 -36.522435718681656 -31.648263808866233 -32.057827380161896 -32.465366916285575 -31.249077480650786 -30.90308652174376 -32.43798136259632 -33.83465523448894 -32.31382753920701 -30.2712659058566 -29.68015033213179 -29.500674509909004 -28.326166075573344 -28.121491844239443 -26.375034951523922 -9999 -9999 -9999 -9999 -9999 -9999 -9999 -9999 -9999 -9999 -9999 -9999 -9999 -9999 -9999 -9999 -9999 -9999 -9999 -9999 -9999 -9999 -9999 -9999 -9999 -9999 -9999
