metrics/grid_rasters/GLDAS/grideval_GLDAS_X_spring_2016_absolute_ubrmsd.asc
ncols 52
nrows 55
xllcorner     11.25
yllcorner     55.25
cellsize      0.25
NODATA_value  -9999
[rows 0 to 29 of 55, columns 0 to 51 of 52]
-9999 -9999 -9999 -9999 -9999 -9999 -9999 -9999 -9999 -9999 -9999 -9999 -9999 -9999 -9999 -9999 -9999 -9999 -9999 -9999 -9999 -9999 -9999 -9999 -9999 -9999 -9999 -9999 -9999 -9999 -9999 -9999 -9999 -9999 -9999 -9999 2.062895504129821 3.2636778818991545 3.515395026637389 -9999 -9999 -9999 -9999 -9999 -9999 -9999 -9999 -9999 -9999 -9999 -9999 -9999
-9999 -9999 -9999 -9999 -9999 -9999 -9999 -9999 -9999 -9999 -9999 -9999 -9999 -9999 -9999 -9999 -9999 -9999 -9999 -9999 -9999 -9999 -9999 -9999 -9999 -9999 -9999 -9999 -9999 -9999 -9999 -9999 -9999 -9999 -9999 -9999 2.2295949364533363 2.830951998320366 3.7547558243681136 4.141440903288219 5.039449563110403 5.399950617766019 -9999 -9999 -9999 -9999 -9999 -9999 -9999 -9999 -9999 -9999
-9999 -9999 -9999 -9999 -9999 -9999 -9999 -9999 -9999 -9999 -9999 -9999 -9999 -9999 -9999 -9999 -9999 -9999 -9999 -9999 -9999 -9999 -9999 -9999 -9999 -9999 -9999 2.424879970856043 4.830614579523394 3.9050949538768074 0.9577059268424732 0.5520260415725935 5.1011890163766465 4.628489371079193 -9999 4.1573726931783535 3.2919367241608946 3.873331882016368 4.5337463895969154 5.0162037373706205 5.576177035933384 6.119566921658628 6.636022946904378 7.217414845481058 7.889259332666809 8.202992485308226 -9999 -9999 -9999 -9999 -9999 -9999
-9999 -9999 -9999 -9999 -9999 -9999 -9999 -9999 -9999 -9999 -9999 -9999 -9999 -9999 -9999 -9999 -9999 -9999 -9999 -9999 -9999 -9999 -9999 -9999 -9999 -9999 -9999 0.062094811626011874 3.0704294265770735 0.8953128531978843 3.920818861451132 1.5765463445853294 1.8970416352184631 4.190941774941206 5.337039240433821 5.974943345156187 5.591992499913586 5.628517373845796 5.209334294109509 6.107235085243199 6.801405229275776 7.627731467038255 8.309033717941931 7.853779522071058 7.189049418239846 7.65578866472435 8.366268766848135 9.118283885940734 -9999 -9999 -9999 -9999
-9999 -9999 -9999 -9999 -9999 -9999 -9999 -9999 -9999 -9999 -9999 -9999 -9999 -9999 -9999 -9999 -9999 -9999 -9999 -9999 -9999 -9999 0.04891364851808675 1.375462609270122 0.04891354045248954 0.051432903003893866 2.7456200422830297 3.5038883967260994 3.3497019765931024 3.376311199011289 3.6123580993098345 2.292823134893041 2.4507666969101325 2.4123329919931416 4.1564140730276735 5.783134984537005 6.238955691751188 7.367571318061199 8.303239508250106 8.381262336573046 8.910053879624106 9.01240264116665 8.720322738416558 8.209444474739634 8.28083325320094 8.236064545381913 8.566989051110875 8.569393582411422 8.551684042944819 -9999 -9999 -9999
-9999 -9999 -9999 -9999 -9999 -9999 -9999 -9999 -9999 -9999 -9999 -9999 -9999 -9999 -9999 -9999 -9999 -9999 -9999 -9999 -9999 0.04694177976331647 0.04889108806698938 0.641798171832907 0.0360571602622946 0.038366061697200214 0.046885071814418235 0.04458997321750326 1.9103914965947004 0.5343367573360362 0.2509641639916709 1.8895922549053343 1.4905532509385877 3.4211338603059938 4.8299491788299305 6.3857158274329535 6.498926179441005 7.746732224008277 8.651774590741407 9.375551738149117 9.319494756323007 9.220476582514245 9.436273974264289 9.348115348095828 9.532444651521626 9.181156840698693 8.663783822224815 8.655000320133617 8.759454752100638 -9999 -9999 -9999
-9999 -9999 -9999 -9999 -9999 -9999 -9999 -9999 -9999 -9999 -9999 -9999 -9999 -9999 -9999 -9999 -9999 -9999 -9999 -9999 0.03890472671198123 0.0647629325739972 0.06814009599980138 0.08861207255520039 3.045263847639637 3.330058230906233 3.5085541458955665 3.0928706113167777 0.1993036399713262 1.9239117931508385 3.4157341930168195 3.1499439629441777 3.8856600368731 4.722560181178199 5.7369605298567725 7.083350861273857 7.229997179195262 7.5341556106739995 8.436792114835193 9.17293793688718 9.765895942891298 9.481530319915963 9.255656444486956 9.41257325379249 9.914705721252147 9.859524178832444 9.691318537014043 9.441330869714946 9.433527814839897 9.491779598855008 -9999 -9999
-9999 -9999 -9999 -9999 -9999 -9999 -9999 -9999 -9999 -9999 -9999 -9999 -9999 -9999 -9999 -9999 -9999 -9999 -9999 -9999 -9999 0.06436819646663536 0.20421451482624292 3.5960422605424496 1.4558979947423287 1.5534287594535006 1.6357850552946966 2.906182164696993 3.936403363066425 3.759739215771413 3.9411909968914594 4.8521294017999095 6.361293226830662 6.9861477785953685 6.972531683932548 8.294712824498745 8.44018122727186 9.178432420834564 9.796816655689279 10.154259944921517 10.37128152181724 10.243388791345604 9.869862197049748 9.54968142556764 9.992251749635294 10.158884931172675 10.075027481324817 9.708535171085213 9.839949253401953 -9999 -9999 -9999
-9999 -9999 -9999 -9999 -9999 -9999 -9999 -9999 -9999 -9999 -9999 -9999 -9999 -9999 -9999 -9999 -9999 -9999 -9999 0.0438745347228423 0.044182868729516864 0.04418659668042831 0.04288123556926926 1.106416943449707 1.7551362406127466 2.659961192402948 3.9525678454874753 6.274936034137834 6.997739366620502 7.394608504803643 7.6808001677560185 8.310922535613418 7.93852327627741 7.807695199633815 7.973807747431621 8.66223222255572 8.79835873223913 8.69333662488888 9.126547115698708 9.796604111089671 10.168864713137028 10.345907838359638 10.475745820107486 10.028224206354707 10.184896082072347 10.334334481259116 10.253250821663448 9.797713431442984 9.779762068077236 10.117784340795804 10.144456453606322 -9999
-9999 -9999 -9999 -9999 -9999 -9999 -9999 -9999 -9999 -9999 -9999 -9999 -9999 -9999 -9999 -9999 -9999 -9999 0.050753236070483376 0.04480322015024727 0.04333278358430353 0.04614758028268225 0.05243642555094668 1.550692932103866 3.0213258878978047 3.0666299691837913 3.4119497131481524 5.924184224938567 6.096688078058655 7.267935455990286 8.649040312076862 9.76562179245644 9.82233220288414 9.707874072053382 9.569682720418005 10.002765588763072 9.468250592772783 10.107277087844306 9.749817828984568 9.655520770731302 9.543791363406823 9.98154760372726 10.454089538296355 10.494397287540794 10.512910063701872 10.672855388680636 10.461778294785663 10.009377672217694 9.858415642330222 10.229718227665334 10.212044187566914 -9999
-9999 -9999 -9999 -9999 -9999 -9999 -9999 -9999 -9999 -9999 -9999 -9999 -9999 -9999 -9999 -9999 -9999 0.049166659154215864 0.04768499123989041 0.9084654987711503 0.5586803164538591 3.943835054204932 4.909669702285243 4.078114874094238 5.303812328426182 5.844627586430275 5.726587135869539 6.1896838169656885 8.625076087093356 7.964630509734651 8.503921504868076 8.962074216317339 9.443276383605443 9.400882085347837 9.435550190030916 10.066951612377316 10.394703186763607 10.56782205209015 10.527535556152381 10.406406833044658 10.245237133840194 10.380476365614737 10.269738730207283 10.639866607120151 10.75160704575453 10.87396678054462 10.783577445415995 10.39327696156712 10.221737557888918 10.24973319545546 -9999 -9999
-9999 -9999 -9999 -9999 -9999 -9999 -9999 -9999 -9999 -9999 -9999 -9999 -9999 0.048425563680828884 0.05030651704649508 0.0508160835518177 0.05091454114645788 0.04426987472265 0.8699192284527515 0.21332983573401704 1.0588013199361588 0.09401666999325926 4.2452758448265575 5.817658750042408 7.291415979196807 8.507236934078637 7.257668614832458 9.117213850295146 9.064754780646783 9.58197905017486 9.812834470483255 9.139663209410783 9.368001965620898 9.556156908276416 9.739451759930574 10.17008283713373 10.179621320963696 10.5737565363489 10.566407965777797 10.900114493573318 10.7800812367896 10.877853876848977 10.956793197158301 10.639718432670437 10.542488749735774 10.688376644114626 10.751892820805317 10.357191938278667 10.283422435653511 10.367153806599406 10.286807292868989 -9999
-9999 -9999 -9999 -9999 -9999 -9999 -9999 -9999 -9999 -9999 -9999 -9999 -9999 0.05137618918305045 0.050168245442346514 0.05373450881801786 0.05915692291703172 0.05845730725344048 0.053625308453326165 4.216411832929004 3.9426677761581086 5.062854514904352 6.041057345723118 7.339400946949864 7.475366706039412 8.504042669386585 8.64229236375005 9.639775561992764 9.392503610142523 9.606729913251128 9.938636555766378 9.571974055797751 9.786728418209954 9.897026206363188 10.0197492892075 10.004867051567377 9.9039097064854 10.27878966751994 10.222029104650638 9.94767818450527 9.931609341562968 10.052001046608682 10.125821771424217 9.939365597513893 9.80945044458934 9.741150676914566 9.561810962435018 9.417221357086493 9.377923790913114 9.428974951713448 9.321179383941091 8.348250941460757
-9999 -9999 -9999 -9999 -9999 -9999 -9999 -9999 -9999 -9999 -9999 -9999 -9999 0.05165783714942754 0.05877709365857284 1.2594424877436114 3.1026690696126886 2.3797686744642808 0.9055587889092471 5.907435810815977 5.750280196219461 5.816839908503031 7.798663883110786 9.042578517650831 9.118784302523178 9.029054015696985 9.02835478775556 9.57060103381336 9.548848370111115 9.653766220239946 9.53362050724475 9.6713515483613 9.924948338470074 10.013153364443586 9.854287202967708 9.692093262560537 10.037795913038906 10.407998796699749 10.393083706533503 10.056397446994158 10.087521844700833 10.094884039956314 10.131162846293472 9.884596520587678 -9999 -9999 -9999 -9999 -9999 -9999 -9999 -9999
-9999 -9999 -9999 -9999 -9999 -9999 -9999 -9999 -9999 -9999 -9999 -9999 -9999 0.04855744111429208 0.04756355812870016 2.7008680143770905 1.4720541404310317 2.7145897913971457 4.11110300796219 8.657137199513906 9.268831157199877 9.194915883111248 8.568281676701679 8.300937304638952 9.081560743770437 9.466146405480352 9.45023664897752 9.825922314148249 9.79915071898442 9.913725222011278 9.88774281372298 9.860961431208498 10.025121144663064 10.078878313742024 10.11202208251014 10.065021850536622 10.011389093368217 10.136644860928703 10.308710687932807 10.133958427101213 9.980063011195444 -9999 -9999 -9999 -9999 -9999 -9999 -9999 -9999 -9999 -9999 -9999
-9999 -9999 -9999 -9999 -9999 -9999 -9999 -9999 -9999 -9999 -9999 -9999 0.05061633549810248 0.051726118984606266 0.0500770355439039 1.6947909323335135 3.4695649289712054 4.13370361968672 5.95430380745628 8.770697547641214 8.776254424932915 9.282623058804944 9.498281897859027 9.591902110647936 9.569591046859571 9.712765085752594 9.667694395704682 10.100386859643594 10.109295132607432 10.082414362477063 10.18544934638394 10.37229156462174 10.38360710960074 10.345272531255793 10.270680346013814 10.191417683908348 10.17471569941442 10.260196373386067 10.164289318038263 9.919097147964177 10.016365390158963 -9999 -9999 -9999 -9999 -9999 -9999 -9999 -9999 -9999 -9999 -9999
-9999 -9999 -9999 -9999 -9999 -9999 -9999 -9999 -9999 -9999 -9999 5.705918888836185 5.3516855569500885 4.001231463962419 3.486865652412582 5.263959624377686 5.951279813071432 7.658235610793059 7.652143408460544 9.259738034700533 9.097484668072449 9.321180073679374 9.246259825296736 9.463258948133603 9.726438405351164 10.03547137040464 10.130055272347134 10.198469920067334 10.242040914097092 10.212599255241708 10.173632653843807 10.151568552539912 10.167760803464759 10.14310999419687 10.112518872236693 9.786415580380543 9.673199950899154 9.533334066237279 9.486484394007553 9.172165704862415 -9999 -9999 -9999 -9999 -9999 -9999 -9999 -9999 -9999 -9999 -9999 -9999
-9999 -9999 -9999 -9999 -9999 -9999 -9999 -9999 -9999 -9999 8.515148609115233 8.512512924186268 5.425322830285598 5.090010809955778 5.450242200424533 8.601532619189612 8.945592040976297 9.126804917277278 8.451823428512133 9.338558606065606 9.406968079388957 9.665788083792707 9.582412522818355 9.636474777348198 9.38332561852494 9.52631212214422 9.843171129053001 10.126949573714787 10.178508705159386 10.118040716509002 10.078377409807759 10.098707371248725 10.037634488523075 10.025904181760676 9.999570099938163 9.617040269423788 9.493745225487658 9.504873118245918 9.535513410189797 -9999 -9999 -9999 -9999 -9999 -9999 -9999 -9999 -9999 -9999 -9999 -9999 -9999
-9999 -9999 -9999 -9999 -9999 -9999 -9999 -9999 -9999 -9999 -9999 -9999 5.930367664806693 8.356183681789505 9.12634092037467 9.347826317919893 9.75341728130411 9.551175206463126 9.394145363462123 9.48384179231531 9.50522737976368 9.683408757649524 9.7784270044601 9.956673856091275 9.917113643375835 9.784085520949153 9.792718657748988 9.922822914920305 10.072405489463877 10.003709628878354 10.156920534833867 10.082682199633453 10.047564766957237 10.002359491740217 9.893028645054518 9.470401670090077 9.48158512973039 9.708614307009253 9.641169240333515 8.999289987766913 -9999 -9999 -9999 -9999 -9999 -9999 -9999 -9999 -9999 -9999 -9999 -9999
-9999 -9999 -9999 -9999 -9999 -9999 -9999 -9999 -9999 -9999 -9999 8.71090808007308 8.432449561746887 6.818325362654253 8.280278321900669 9.425257960409562 9.637941034839631 9.565899217413829 9.603677958219377 9.989399850214783 9.927843409293855 9.78770211523765 9.790937738753543 9.906054127204538 9.877697217823256 9.830846540750176 9.822270035976294 9.925254612322153 9.82435418089694 9.978956294422328 9.767255513238807 9.921437113245254 9.927040059313553 9.937757198433461 9.974456622124 9.504973859976607 9.686250722697867 9.83774559260257 8.942738882547465 -9999 -9999 -9999 -9999 -9999 -9999 -9999 -9999 -9999 -9999 -9999 -9999 -9999
-9999 -9999 -9999 -9999 -9999 6.619881877539412 6.556020519551864 7.567803792589598 5.5107328998148395 6.39934466719164 6.989810588349483 9.005811101893745 9.5594106545199 9.581268271497713 9.543862177783069 9.510664989207905 9.667825724852674 9.786824363500607 9.764050741036742 9.970758513654225 9.957575921751047 9.906028844051336 9.80758160013885 9.722259252442386 9.553505416347491 9.510887567908306 9.597583610905467 9.909796480406516 9.929354162418207 9.924382579128096 9.851819290838256 9.491862270964868 9.493692313296565 9.554071333488904 9.666191915258585 9.500936958554604 8.974206047922687 8.629588530123486 -9999 -9999 -9999 -9999 -9999 -9999 -9999 -9999 -9999 -9999 -9999 -9999 -9999 -9999
-9999 -9999 -9999 -9999 7.365457207207608 7.982233649334813 8.811575128138601 9.195849611278597 9.01055398666733 9.035410208077641 9.024926379279675 9.24960079584582 9.35796368761082 9.517172333428483 9.459443971046984 9.378631156944056 9.6885439096331 9.68501365368966 9.702849193804132 9.892747860470868 9.97178311855805 9.95928988610711 9.923088828993286 9.874711563852387 9.837702910724033 9.8063568036773 9.83229511097225 9.923309861457906 9.858720607653847 9.89595898091051 9.890974295410869 9.652397375292754 9.765893292427636 9.238901732276043 8.786446843225121 -9999 -9999 -9999 -9999 -9999 -9999 -9999 -9999 -9999 -9999 -9999 -9999 -9999 -9999 -9999 -9999 -9999
-9999 -9999 -9999 7.737838187996867 7.758982004034532 8.568603839294317 8.667146495303724 8.90599192783278 9.068165805574989 9.386721692586883 9.652285018868213 9.955495267079314 10.120172012701 10.129077178700578 9.745076124754544 9.727043225293905 9.68802440749841 9.663056282369137 9.4272165937583 9.831980940950649 9.877921637203846 9.837886090170468 9.852556765400529 9.812145360093922 9.790220754199707 9.709232887209954 9.71094880486678 9.80397258246473 9.865057342357431 9.881904353184126 9.888552884963143 -9999 -9999 -9999 -9999 -9999 -9999 -9999 -9999 -9999 -9999 -9999 -9999 -9999 -9999 -9999 -9999 -9999 -9999 -9999 -9999 -9999
-9999 -9999 -9999 4.818641419391146 2.617665568853461 4.752024139213017 5.059463590075431 8.159015516332232 8.453131296179436 9.002818933935895 9.34060196946027 9.577635361473307 8.980794662740154 9.997316664251825 10.047324148149283 9.884438262556241 9.764917361575637 9.777579302963758 9.759099913169312 9.86483095494352 9.829905233302359 9.908172773188161 9.96449254054092 9.918186271960082 9.845735771009547 9.838388168524627 9.778536881895398 9.8057706434111 9.80803281532762 -9999 -9999 -9999 -9999 -9999 -9999 -9999 -9999 -9999 -9999 -9999 -9999 -9999 -9999 -9999 -9999 -9999 -9999 -9999 -9999 -9999 -9999 -9999
-9999 -9999 -9999 4.882712707318643 2.369173224711468 3.9819099042039054 3.6030613583736 5.451135025566861 7.386637587906519 7.489228697806943 8.871796760380906 9.995183790361141 10.239662230144653 10.463959317528287 10.503134297924571 10.30073723261042 10.161879993863755 9.97420635161286 9.976394937352737 9.980500617945584 10.00512752185114 9.976347699196099 10.043518046971476 10.010645999201527 10.073805917967208 10.049528857055147 9.937510977466507 9.246222559973845 -9999 -9999 -9999 -9999 -9999 -9999 -9999 -9999 -9999 -9999 -9999 -9999 -9999 -9999 -9999 -9999 -9999 -9999 -9999 -9999 -9999 -9999 -9999 -9999
-9999 -9999 -9999 4.405464001321131 5.3431952415957005 7.0601992764700965 5.677603153721456 8.092637861975279 9.120533595847316 9.426060704678374 9.73504044483831 10.169222732905633 10.899679005060447 10.833659761268056 10.717546634110818 10.50896883872509 10.294576620948012 10.244687331288556 10.228732490955027 10.056037474088564 10.155680386875405 10.05481920132654 9.966488443898273 10.059167184506224 9.936406253502016 9.92277375210741 9.089455487066694 -9999 -9999 -9999 -9999 -9999 -9999 -9999 -9999 -9999 -9999 -9999 -9999 -9999 -9999 -9999 -9999 -9999 -9999 -9999 -9999 -9999 -9999 -9999 -9999 -9999
-9999 -9999 -9999 -9999 7.254442899557206 8.17232838103281 8.394804955155152 9.035619650492967 9.56661736554808 9.683662128614804 9.861660306498775 10.340704577153064 10.385192114414016 11.035136277083252 11.047535144360328 10.623574284230044 10.457417857287604 10.413857903467894 10.396597299693346 10.242191896306208 10.186947592298699 10.147758602204911 10.058037851109676 10.035549972943736 -9999 -9999 -9999 -9999 -9999 -9999 -9999 -9999 -9999 -9999 -9999 -9999 -9999 -9999 -9999 -9999 -9999 -9999 -9999 -9999 -9999 -9999 -9999 -9999 -9999 -9999 -9999 -9999
-9999 -9999 -9999 -9999 8.044204620535492 8.549598665184599 8.729131596675419 8.376195250103727 9.53979499460912 9.997345235529686 10.95094069839201 11.056695910557869 11.08482708963197 11.081214770969238 10.991750487660447 10.591402216629005 10.435492115190815 10.436177877959565 10.328417942441186 10.251414295525446 10.192643807598923 10.11814363485844 9.443587588706636 9.276519027937859 8.075918747541465 -9999 -9999 -9999 -9999 -9999 -9999 -9999 -9999 -9999 -9999 -9999 -9999 -9999 -9999 -9999 -9999 -9999 -9999 -9999 -9999 -9999 -9999 -9999 -9999 -9999 -9999 -9999
-9999 -9999 -9999 -9999 9.344376250371113 9.424498918054974 9.928227655606486 9.479390492741883 9.464844084853263 9.996568216541926 10.562061958183197 10.600288738866505 10.577594861140364 10.631746929675801 10.51887981455322 10.437149537690672 10.376012093743526 10.343927050478399 10.29113920186119 10.054834568904075 10.019670836773932 8.881795544789236 8.889774373132186 8.867775654896134 -9999 -9999 -9999 -9999 -9999 -9999 -9999 -9999 -9999 -9999 -9999 -9999 -9999 -9999 -9999 -9999 -9999 -9999 -9999 -9999 -9999 -9999 -9999 -9999 -9999 -9999 -9999 -9999
-9999 -9999 -9999 -9999 8.858638590223551 8.928719058289373 9.315741318655082 10.624923314475822 10.448772352445458 9.887216294433294 9.649797992132036 10.049451208032817 10.25059317346208 10.324216218126882 10.271674570585033 9.998789529092024 10.226121850736188 10.280024830877172 10.198679916763515 10.01841172993365 9.91107553658535 9.765921943760778 9.075929186575001 -9999 -9999 -9999 -9999 -9999 -9999 -9999 -9999 -9999 -9999 -9999 -9999 -9999 -9999 -9999 -9999 -9999 -9999 -9999 -9999 -9999 -9999 -9999 -9999 -9999 -9999 -9999 -9999 -9999
