metrics/grid_rasters/GLDAS/grideval_GLDAS_X_spring_2018_absolute_bias.asc
ncols 52
nrows 55
xllcorner     11.25
yllcorner     55.25
cellsize      0.25
NODATA_value  -9999
[rows 0 to 27 of 55, columns 0 to 51 of 52]
-9999 -9999 -9999 -9999 -9999 -9999 -9999 -9999 -9999 -9999 -9999 -9999 -9999 -9999 -9999 -9999 -9999 -9999 -9999 -9999 -9999 -9999 -9999 -9999 -9999 -9999 -9999 -9999 -9999 -9999 -9999 -9999 -9999 -9999 -9999 -9999 -28.85324453878338 -28.62215427778985 -33.08196075106768 -9999 -9999 -9999 -9999 -9999 -9999 -9999 -9999 -9999 -9999 -9999 -9999 -9999
-9999 -9999 -9999 -9999 -9999 -9999 -9999 -9999 -9999 -9999 -9999 -9999 -9999 -9999 -9999 -9999 -9999 -9999 -9999 -9999 -9999 -9999 -9999 -9999 -9999 -9999 -9999 -9999 -9999 -9999 -9999 -9999 -9999 -9999 -9999 -9999 -27.04187457870854 -27.67837503236597 -29.127665290163588 -28.46375122269535 -29.815123738032646 -34.540840293159306 -9999 -9999 -9999 -9999 -9999 -9999 -9999 -9999 -9999 -9999
-9999 -9999 -9999 -9999 -9999 -9999 -9999 -9999 -9999 -9999 -9999 -9999 -9999 -9999 -9999 -9999 -9999 -9999 -9999 -9999 -9999 -9999 -9999 -9999 -9999 -9999 -9999 -39.46940274111441 -38.729245660502635 -39.2662348345165 -38.086384124406 -31.554901611566056 -37.714503143671095 -37.28577748916881 -9999 -36.16108966268518 -31.046142164617773 -29.652258305405468 -35.75206615632076 -35.81237769076277 -36.36112480234031 -35.64600602984833 -35.376482970121764 -36.758341505799606 -35.91664775068183 -35.102708662961334 -9999 -9999 -9999 -9999 -9999 -9999
-9999 -9999 -9999 -9999 -9999 -9999 -9999 -9999 -9999 -9999 -9999 -9999 -9999 -9999 -9999 -9999 -9999 -9999 -9999 -9999 -9999 -9999 -9999 -9999 -9999 -9999 -9999 -33.03878568538019 -28.6599880994662 -33.2950697435957 -26.995299114521757 -29.9857244187885 -30.574581082019467 -37.885453749063394 -37.518255564161464 -37.6609658211996 -37.42705970925643 -37.23064185158633 -37.95972228072503 -37.29512248526368 -36.71297710340309 -36.115586947042324 -36.652087884388216 -36.98723642086691 -37.53734038432089 -37.044141802066214 -36.84176880173871 -37.318289731406495 -9999 -9999 -9999 -9999
-9999 -9999 -9999 -9999 -9999 -9999 -9999 -9999 -9999 -9999 -9999 -9999 -9999 -9999 -9999 -9999 -9999 -9999 -9999 -9999 -9999 -9999 -42.98728429493697 -39.71996561591716 -40.408119793859846 -41.754879317772776 -34.41068608532457 -33.92563949428175 -33.90556561614832 -33.51468609694553 -32.96757636563448 -35.40033107627507 -37.278906836032704 -40.59076940604364 -39.68206474049341 -38.77411986243628 -38.19648727643021 -37.85370874040477 -37.73496227148596 -37.67572997569147 -37.601990216087714 -37.738249971673056 -37.85792360877942 -37.832116024568684 -37.94964693314599 -38.10997445041153 -37.90093785455532 -37.79548922717653 -37.817493278229534 -9999 -9999 -9999
-9999 -9999 -9999 -9999 -9999 -9999 -9999 -9999 -9999 -9999 -9999 -9999 -9999 -9999 -9999 -9999 -9999 -9999 -9999 -9999 -9999 -42.4651504881761 -42.40774859192417 -39.727761952854365 -41.96130475681275 -42.20361925920714 -40.924880590775736 -42.31206544391487 -35.67344001040834 -40.59720950521043 -41.01282510323369 -36.81262472338732 -40.051814592362426 -40.188359225209325 -39.296237677517965 -38.087568976005294 -37.865435954770476 -37.39517773236351 -37.36534895555562 -37.180887259563185 -37.488752627907246 -37.63963402171984 -37.5514949743393 -37.24918475078986 -37.18572461445128 -37.42303978981774 -37.65104447248513 -37.54570677066626 -37.51520971484158 -9999 -9999 -9999
-9999 -9999 -9999 -9999 -9999 -9999 -9999 -9999 -9999 -9999 -9999 -9999 -9999 -9999 -9999 -9999 -9999 -9999 -9999 -9999 -43.00100855233715 -42.95153918672028 -42.79232460681511 -35.469500311650336 -31.76667127333096 -28.692421674971342 -30.84669181360337 -34.74869563078265 -40.8580410749773 -40.175627065781995 -39.40456935560898 -39.64177104322564 -39.239562073560506 -39.0326335859971 -38.723902699132644 -37.676563177946136 -37.46280019991504 -37.40928359309454 -37.267237187788375 -36.987422831194564 -36.898466344234414 -37.18664292511328 -37.30340493642522 -36.92607609427574 -36.522742453011 -36.42156005334919 -36.560183457422845 -36.51235574941435 -36.48923989832806 -36.40608673595378 -9999 -9999
-9999 -9999 -9999 -9999 -9999 -9999 -9999 -9999 -9999 -9999 -9999 -9999 -9999 -9999 -9999 -9999 -9999 -9999 -9999 -9999 -9999 -35.78476940326232 -35.735278584994376 -33.92199618596098 -34.48572765205704 -34.15470173772749 -35.54051585102697 -36.46024454512593 -39.140471932397254 -39.02395262668396 -38.992044244487964 -38.74480229413704 -37.988299421439685 -37.88805190052675 -37.9875677461007 -37.122797302274115 -37.14179510594872 -36.82732803321889 -36.62244454892757 -36.31399933354038 -36.19384021816127 -36.55954551925559 -36.72302360605934 -36.55830598986991 -36.21147722139469 -36.02709009706893 -36.17740161816143 -36.28622653720009 -36.340225856488 -9999 -9999 -9999
-9999 -9999 -9999 -9999 -9999 -9999 -9999 -9999 -9999 -9999 -9999 -9999 -9999 -9999 -9999 -9999 -9999 -9999 -9999 -41.653153227966115 -41.31188240303131 -41.090057924430326 -39.81993715019654 -35.81727268052814 -38.81358345464358 -39.73153304719649 -39.3939574119311 -38.21334262840126 -37.97533750977448 -37.81332465188335 -37.48272099803486 -37.00729929645667 -37.23245678916978 -37.37235036593579 -37.51474504865221 -36.94362854236818 -37.02072680921739 -36.85809519283635 -36.470686548450225 -35.958497764704674 -35.513212055150106 -35.29587945190218 -35.21274270759085 -35.05082358357132 -34.894153306787096 -34.6917450462225 -34.75616181115417 -35.079603289476715 -35.152268876929 -34.485346636107266 -34.508882515679076 -9999
-9999 -9999 -9999 -9999 -9999 -9999 -9999 -9999 -9999 -9999 -9999 -9999 -9999 -9999 -9999 -9999 -9999 -9999 -36.80057399379818 -41.06912891506015 -40.6682204897313 -40.54383792537872 -40.80790062394479 -40.455058332836344 -39.627952232045814 -39.47532855832706 -39.276274855916746 -38.104646245503545 -38.07432246728517 -37.67586357616212 -36.94315979518401 -36.156418187260314 -36.16437073778766 -36.38745005359953 -36.57787038223899 -36.10626349442274 -36.36044379732693 -36.18569839029046 -36.310254821675294 -35.94022967190603 -36.15056919871384 -35.610519770796046 -34.80861846916377 -34.03231732437954 -34.02336230831545 -34.12194161823668 -34.3338090502657 -34.37840836458718 -34.61377651461036 -34.25530554609292 -34.20033883524087 -9999
-9999 -9999 -9999 -9999 -9999 -9999 -9999 -9999 -9999 -9999 -9999 -9999 -9999 -9999 -9999 -9999 -9999 -38.58182140435699 -34.40915532357505 -34.70879986785028 -39.652840824129626 -38.88598134745237 -38.64847773651633 -39.1005044954262 -38.620973597321175 -38.55389272089562 -38.30239044921473 -37.75339458204563 -36.91166490470262 -37.26297208525079 -37.07294602627339 -36.748065327942044 -36.53429079489054 -36.53069092914381 -36.54676643092914 -35.50921579513132 -34.83990073892409 -34.59249951783568 -34.59427024130507 -34.460843410120226 -34.58447610307485 -34.408345628489286 -34.59601714545051 -33.86535879250859 -33.697679738696344 -33.655741158812106 -33.833579046935164 -33.864373400220245 -34.01378064361684 -34.0696772616964 -9999 -9999
-9999 -9999 -9999 -9999 -9999 -9999 -9999 -9999 -9999 -9999 -9999 -9999 -9999 -42.2341031173811 -40.87778633642617 -40.66136802854421 -40.572855386397116 -40.57718085307304 -35.63337629624521 -39.75980835816944 -37.442607262414754 -39.52843602295236 -38.53980812774567 -38.30473962725829 -38.10866717919303 -37.85573213500902 -38.08982749560686 -36.85281043208164 -36.81304008813332 -36.56169090551607 -36.27299861356859 -36.43273342279313 -36.40007525226911 -36.142648231238134 -35.8510263074068 -34.558671073745124 -34.554703888483346 -34.15238451807881 -33.92129969096783 -33.217300940669425 -33.47976329493458 -33.569908605524056 -33.429930036685064 -33.649770402997405 -33.86537688458339 -33.7330792857253 -33.62216375264056 -33.90291088333596 -34.06941676457696 -34.00090281782753 -34.059281365298055 -9999
-9999 -9999 -9999 -9999 -9999 -9999 -9999 -9999 -9999 -9999 -9999 -9999 -9999 -40.65166438707029 -39.90345183994783 -39.873330040753864 -40.773789682081365 -40.65782156568425 -40.15404909500933 -38.786739132306344 -38.73106975353363 -38.29643494368571 -38.01218663168179 -37.33411281363553 -37.249197582248605 -37.2988511071257 -37.20333283621332 -36.268499630483106 -36.429536573771074 -36.31658866594586 -35.26877036577333 -34.85685153738798 -34.686977980536945 -34.64490874227055 -34.35587958331503 -33.410863864842966 -33.36002281453946 -32.999552481909 -33.3178026219425 -33.81001885356786 -33.92955376799016 -33.61141342801325 -33.608543167234934 -33.995735939693354 -34.41325726048292 -34.447055828494385 -34.56793519779635 -34.84623290695574 -35.179136091539554 -35.52936349074235 -35.60138315517131 -36.60451110193263
-9999 -9999 -9999 -9999 -9999 -9999 -9999 -9999 -9999 -9999 -9999 -9999 -9999 -40.485334330521844 -40.0264644173136 -39.579956904519356 -39.23735715896296 -39.30533993466879 -39.506834380126186 -38.02862555612607 -38.09907517833231 -38.038963803029425 -37.140840969291396 -36.802467830438644 -36.674273908927866 -36.665502298198156 -36.638665192942746 -36.06123492808041 -36.14430010199304 -35.99888207820123 -35.79947762879665 -34.74867979188085 -34.3337555181883 -34.21768066505699 -34.40469936929319 -33.86468966523914 -33.14839367064364 -32.522638600319624 -32.414091047709405 -33.089915137717746 -33.241647741109446 -33.36008161747747 -33.376665591849424 -33.729307300208696 -9999 -9999 -9999 -9999 -9999 -9999 -9999 -9999
-9999 -9999 -9999 -9999 -9999 -9999 -9999 -9999 -9999 -9999 -9999 -9999 -9999 -40.295861395946496 -39.758590740435146 -39.24203609703513 -39.54385503646715 -39.16336830391589 -38.584093821295745 -36.88982924410021 -36.69799075295906 -36.72947105206549 -36.917533508420966 -37.03807798038115 -36.619242044854104 -36.16967236234442 -36.159130170516185 -35.24356778899369 -35.478731877190754 -35.10053450112109 -35.121293259278424 -34.51298343851838 -34.449733750530235 -34.28411025310988 -34.1540444184945 -33.408138278223895 -33.288630462980464 -32.951537725981325 -32.55031615600961 -32.482279733673714 -32.39412500749788 -9999 -9999 -9999 -9999 -9999 -9999 -9999 -9999 -9999 -9999 -9999
-9999 -9999 -9999 -9999 -9999 -9999 -9999 -9999 -9999 -9999 -9999 -9999 -41.11049754860933 -40.446264071066096 -40.07244914081758 -39.55617710235326 -39.0824343922305 -38.47873664052104 -37.85182718875939 -36.80278319800677 -36.70456881640965 -36.54053034370198 -36.328486251037404 -36.15068213726678 -35.875549455922425 -35.55911279178184 -35.478374868935056 -34.8434079682414 -34.77805655579204 -34.848634902468845 -34.747882838684895 -33.92310270727815 -33.99506842347024 -33.95216323793663 -33.951222543705896 -33.44643597831221 -33.14409483584535 -32.43656541984124 -32.40103479270297 -32.35317380675722 -32.24306917838428 -9999 -9999 -9999 -9999 -9999 -9999 -9999 -9999 -9999 -9999 -9999
-9999 -9999 -9999 -9999 -9999 -9999 -9999 -9999 -9999 -9999 -9999 -38.009308268154115 -38.22324353029303 -38.50162204978583 -38.76773095009444 -38.430099299420476 -37.969615971041925 -37.54872402382772 -37.41687345865142 -36.30221062511934 -36.36756579065696 -36.11670922457605 -36.156165701944545 -35.65805410757742 -35.20667250385589 -34.565820894710235 -34.387239958341844 -33.73947770219377 -33.829867890954986 -33.74989581377367 -33.787116977446914 -33.673624390392035 -33.681265241405725 -33.60245735072733 -33.05855548197565 -33.3742326065574 -32.827330808843605 -32.538032687026195 -32.290937443871215 -32.96624385496683 -9999 -9999 -9999 -9999 -9999 -9999 -9999 -9999 -9999 -9999 -9999 -9999
-9999 -9999 -9999 -9999 -9999 -9999 -9999 -9999 -9999 -9999 -36.63816618297816 -36.60496663769869 -37.871483078125216 -37.948432980530455 -37.70792656264308 -36.900093903177954 -36.77379709089418 -36.66046416911337 -37.01077007913314 -36.224083834084794 -35.87197155598551 -35.20726680077369 -35.29167314807115 -35.129470288449824 -35.55457733678834 -35.15552725762372 -34.572512697226 -33.613020836314924 -33.180401600431644 -33.491748202025235 -33.250446899308145 -32.67466229372455 -32.99425048703004 -33.12953326938188 -32.973886350331746 -33.4170946188514 -32.846248684754684 -32.41553612312545 -32.15861870856632 -9999 -9999 -9999 -9999 -9999 -9999 -9999 -9999 -9999 -9999 -9999 -9999 -9999
-9999 -9999 -9999 -9999 -9999 -9999 -9999 -9999 -9999 -9999 -9999 -9999 -37.08033041247045 -36.36772025147778 -36.25305641094304 -36.34939975259097 -35.314358058507025 -35.83841417100199 -36.187643463075474 -35.53247232591409 -35.49153844248908 -35.02797715331468 -34.87278382874944 -34.448470222136095 -34.612099540338896 -34.875497727594144 -34.75364812271184 -33.790964712955706 -33.53424635446509 -33.84717635686874 -32.886514708278305 -32.518730799465075 -32.510234027574576 -32.775682527652904 -32.90657202545149 -33.20975346533257 -33.05628155074689 -32.397688068348266 -32.164255337162025 -32.73219885081863 -9999 -9999 -9999 -9999 -9999 -9999 -9999 -9999 -9999 -9999 -9999 -9999
-9999 -9999 -9999 -9999 -9999 -9999 -9999 -9999 -9999 -9999 -9999 -35.77204583552869 -36.11582967049807 -36.9386546488082 -36.48235871156921 -35.585715162365325 -34.9218734425857 -35.12474383434038 -35.06920310474284 -34.11763966233348 -33.9647559819986 -34.56233617448775 -34.728464302201964 -34.315722333611525 -33.99365394955258 -33.903080204238556 -34.090038282756254 -33.44588122298212 -33.42716956203399 -33.150119443626515 -33.36723781996609 -32.51968725450823 -32.54884137439987 -32.467129240905784 -32.63051260236408 -32.63947678906033 -32.53513536339059 -32.2073883860291 -32.21464955369415 -9999 -9999 -9999 -9999 -9999 -9999 -9999 -9999 -9999 -9999 -9999 -9999 -9999
-9999 -9999 -9999 -9999 -9999 -36.04218953876229 -36.48964979072385 -36.38053639486189 -37.305967048822865 -36.85532965419976 -36.489579768608436 -35.919927684610464 -34.99128844659857 -34.98249388694682 -35.27290932147804 -34.589770690457 -34.3190406966833 -34.03233593262975 -34.01845798147438 -33.181310421098836 -33.13090996041327 -33.150779818852804 -33.23490977831913 -33.10535816344149 -33.307462999333985 -33.34887885634342 -33.36729458419849 -33.12087061059783 -32.838047433563545 -32.66492178615021 -32.77296796596973 -33.35031092683177 -33.15662751265842 -32.95893031336448 -32.64294377971522 -32.76083206249725 -32.82515510317424 -33.148006146206804 -9999 -9999 -9999 -9999 -9999 -9999 -9999 -9999 -9999 -9999 -9999 -9999 -9999 -9999
-9999 -9999 -9999 -9999 -35.82081644615644 -35.063714136733964 -34.91534230797349 -35.10802904686526 -35.231170962281205 -35.09716095147736 -35.247451801581875 -35.19792085436537 -35.127614288287155 -34.71237760792365 -34.73985069028466 -34.83126249502453 -34.24308827588253 -34.08661312281924 -33.97204139229396 -33.13177067505034 -32.94402471318355 -32.75364071999312 -32.55141911349948 -32.56995591683232 -32.752720805391185 -32.58270866067513 -32.46982957027934 -32.36911567727752 -32.37267046496677 -32.47448696264916 -32.462338741342336 -32.98455936279472 -32.54678056111721 -32.32867869979742 -32.40966674896038 -9999 -9999 -9999 -9999 -9999 -9999 -9999 -9999 -9999 -9999 -9999 -9999 -9999 -9999 -9999 -9999 -9999
-9999 -9999 -9999 -35.009774031846426 -34.91508235225616 -34.03085571598343 -34.55981371260208 -34.62306233570384 -34.382647855511024 -33.999092852777764 -33.886499478603184 -33.60745522695715 -33.53421377129448 -33.79984573691922 -34.15734643207701 -34.06509547445761 -34.01485825738991 -33.99027008709052 -34.394779001484096 -33.6015706988173 -33.28841960936299 -32.81346397188938 -32.50719902816269 -32.48961199955691 -32.82781677176852 -32.717201938467994 -32.5354430156193 -32.026550227614194 -31.9192401478067 -31.77067449140241 -31.74534507026977 -9999 -9999 -9999 -9999 -9999 -9999 -9999 -9999 -9999 -9999 -9999 -9999 -9999 -9999 -9999 -9999 -9999 -9999 -9999 -9999 -9999
-9999 -9999 -9999 -36.9327249980896 -37.16230138569422 -36.658738711545155 -36.7849307160865 -35.764471930431455 -35.75935667508241 -35.05021690907281 -34.033258631906435 -33.283582407515496 -33.401104563847184 -33.59727940319673 -33.78505279802029 -33.63903846664597 -33.784304024388454 -33.828843316346735 -33.80461412384782 -32.92337492976905 -33.11553411432745 -32.75357745733598 -32.42546642276094 -31.786849721739802 -31.909858162595853 -31.888349103154212 -32.123960237504676 -32.1398983754663 -31.69911340028857 -9999 -9999 -9999 -9999 -9999 -9999 -9999 -9999 -9999 -9999 -9999 -9999 -9999 -9999 -9999 -9999 -9999 -9999 -9999 -9999 -9999 -9999 -9999
-9999 -9999 -9999 -37.28452827291482 -38.3368467037647 -37.54399735687058 -37.5168764452126 -36.65512736994045 -36.17237874499077 -36.16522557638667 -35.387240329332165 -33.54469009768218 -32.8201082015977 -32.72691766713219 -32.91475554488842 -33.42923747061792 -33.74308788559764 -33.988343910131924 -33.79040031839648 -33.10613682633266 -32.96095514663941 -33.10685384652132 -33.05787549335914 -33.64595302370498 -33.180485843032926 -32.573962177818075 -32.261091913197845 -32.724530065452434 -9999 -9999 -9999 -9999 -9999 -9999 -9999 -9999 -9999 -9999 -9999 -9999 -9999 -9999 -9999 -9999 -9999 -9999 -9999 -9999 -9999 -9999 -9999 -9999
-9999 -9999 -9999 -37.69822603439831 -37.367622735808894 -36.90930184527585 -37.055026176729776 -36.297008590489305 -35.302095879314706 -34.77965480465766 -34.127369993649744 -33.84089741821441 -33.32937131504245 -32.98985924950355 -33.16211262476914 -33.600491955572664 -33.55096769484732 -33.42505554729345 -33.55338676063263 -32.876733028005965 -32.89881474822355 -32.75015836249551 -32.887018187680155 -32.830234087355755 -32.87870543784179 -32.37236077670494 -32.21318788206933 -9999 -9999 -9999 -9999 -9999 -9999 -9999 -9999 -9999 -9999 -9999 -9999 -9999 -9999 -9999 -9999 -9999 -9999 -9999 -9999 -9999 -9999 -9999 -9999 -9999
-9999 -9999 -9999 -9999 -36.9204454204351 -36.448804221804366 -36.33024844122322 -35.97095594526795 -35.201760092426255 -35.12944493292952 -34.78607599765224 -34.054431084421985 -34.44409941371692 -33.63207754029123 -32.95909300707685 -32.97174808553056 -32.68014202161652 -32.89837060937577 -32.97434416937682 -32.5053735233074 -32.6473070899551 -32.91064730683423 -32.52967531985158 -32.14873602789948 -9999 -9999 -9999 -9999 -9999 -9999 -9999 -9999 -9999 -9999 -9999 -9999 -9999 -9999 -9999 -9999 -9999 -9999 -9999 -9999 -9999 -9999 -9999 -9999 -9999 -9999 -9999 -9999
-9999 -9999 -9999 -9999 -36.365998228951156 -36.1559070144456 -36.15655327055846 -36.357618243251316 -35.29192361725576 -34.032417058944695 -33.53401986760614 -32.966830294457786 -33.094032378259875 -33.25345793583066 -32.95179851640664 -32.672136979359806 -32.78830472298938 -32.87886547374175 -32.698026686805576 -32.61788958509493 -32.691171883909114 -32.754167698951356 -32.0584375595107 -31.851255280957762 -30.96341189395879 -9999 -9999 -9999 -9999 -9999 -9999 -9999 -9999 -9999 -9999 -9999 -9999 -9999 -9999 -9999 -9999 -9999 -9999 -9999 -9999 -9999 -9999 -9999 -9999 -9999 -9999 -9999
