metrics/grid_rasters/GLDAS/grideval_GLDAS_S_fall_absolute_bias.asc
ncols 52
nrows 55
xllcorner     11.25
yllcorner     55.25
cellsize      0.25
NODATA_value  -9999
[rows 0 to 27 of 55, columns 0 to 51 of 52]
-9999 -9999 -9999 -9999 -9999 -9999 -9999 -9999 -9999 -9999 -9999 -9999 -9999 -9999 -9999 -9999 -9999 -9999 -9999 -9999 -9999 -9999 -9999 -9999 -9999 -9999 -9999 -9999 -9999 -9999 -9999 -9999 -9999 -9999 -9999 -9999 -30.40211773016951 -29.966286128008186 -31.5689509506542 -9999 -9999 -9999 -9999 -9999 -9999 -9999 -9999 -9999 -9999 -9999 -9999 -9999
-9999 -9999 -9999 -9999 -9999 -9999 -9999 -9999 -9999 -9999 -9999 -9999 -9999 -9999 -9999 -9999 -9999 -9999 -9999 -9999 -9999 -9999 -9999 -9999 -9999 -9999 -9999 -9999 -9999 -9999 -9999 -9999 -9999 -9999 -9999 -9999 -28.60558237213191 -29.502341784209342 -28.765859351124984 -27.923037079306177 -27.863802935769478 -29.796601932879614 -9999 -9999 -9999 -9999 -9999 -9999 -9999 -9999 -9999 -9999
-9999 -9999 -9999 -9999 -9999 -9999 -9999 -9999 -9999 -9999 -9999 -9999 -9999 -9999 -9999 -9999 -9999 -9999 -9999 -9999 -9999 -9999 -9999 -9999 -9999 -9999 -9999 -32.87879714355446 -32.585897097466415 -32.732536882136515 -32.00418450478669 -31.28515330989651 -31.863371268411136 -32.074311655639036 -9999 -32.343651060321996 -31.027868878301028 -29.54717863248764 -31.08071471152029 -29.838700699082647 -29.940247114681238 -29.66946984728757 -29.40411359897129 -29.27725076952765 -29.074363518122507 -28.99771938680231 -9999 -9999 -9999 -9999 -9999 -9999
-9999 -9999 -9999 -9999 -9999 -9999 -9999 -9999 -9999 -9999 -9999 -9999 -9999 -9999 -9999 -9999 -9999 -9999 -9999 -9999 -9999 -9999 -9999 -9999 -9999 -9999 -9999 -30.133110224985728 -27.941125643019987 -29.894302305519822 -26.44358743651473 -28.63561268615444 -29.896078183428273 -32.46021646382492 -31.829130396472067 -31.489303727265817 -31.854685722737685 -31.34876507288869 -31.067156423221 -30.250529563714558 -29.695849111902394 -29.158412008095983 -29.034741669494128 -29.299501183601407 -29.499197373801213 -29.61282522773247 -29.434657428869052 -29.47647605163485 -9999 -9999 -9999 -9999
-9999 -9999 -9999 -9999 -9999 -9999 -9999 -9999 -9999 -9999 -9999 -9999 -9999 -9999 -9999 -9999 -9999 -9999 -9999 -9999 -9999 -9999 -33.960491191902825 -32.49766253015784 -33.08315881405149 -33.304213672958234 -29.23090494435362 -28.44899880793969 -28.402608393814287 -28.178322944820827 -28.48119796389857 -29.783909568624512 -30.88035296810443 -32.790051188145945 -31.56595093280507 -30.59513093682088 -30.02127882354678 -29.52680432884493 -29.467359502748643 -29.300324223521123 -29.20979912426568 -29.214076888901033 -29.21951356429893 -29.401551961192638 -29.617953335247154 -29.82983788234376 -29.918398844124237 -30.23152066771821 -30.23213917623878 -9999 -9999 -9999
-9999 -9999 -9999 -9999 -9999 -9999 -9999 -9999 -9999 -9999 -9999 -9999 -9999 -9999 -9999 -9999 -9999 -9999 -9999 -9999 -9999 -33.905571660497685 -34.084476785232816 -32.91005744317362 -33.079742601571176 -32.44555106077466 -32.968076554567105 -32.436697656974445 -29.82067945216793 -32.35351938640719 -32.59998572320974 -30.79536123061041 -32.62724901679494 -31.200270918888744 -30.713301602991525 -29.76542012731207 -29.529788838673873 -29.180055282646688 -29.146910856636552 -29.03087174419089 -29.03159295738889 -29.121098698224298 -29.20254019972776 -29.413511373967467 -29.677545527410746 -29.9614341316059 -30.10109427574367 -30.339811546073022 -30.313214537288466 -9999 -9999 -9999
-9999 -9999 -9999 -9999 -9999 -9999 -9999 -9999 -9999 -9999 -9999 -9999 -9999 -9999 -9999 -9999 -9999 -9999 -9999 -9999 -34.114789605764976 -33.47055094114986 -33.214133333251034 -30.29113398415579 -28.246759569558957 -27.30813395669991 -27.95306746984044 -29.10602044643691 -32.77280740990498 -33.086507723410875 -31.875953317159315 -31.266976003156422 -30.679766631398635 -30.54828291201636 -30.41594757606368 -29.54213033155487 -29.629215999726448 -29.521254084211172 -29.330135049288174 -29.00380480814991 -28.86255127368597 -29.08439379460229 -29.36369919769241 -29.616746801018184 -29.779235788452137 -29.878056351760673 -30.07001609048182 -30.137190992682967 -30.20853454153473 -30.304134502050022 -9999 -9999
-9999 -9999 -9999 -9999 -9999 -9999 -9999 -9999 -9999 -9999 -9999 -9999 -9999 -9999 -9999 -9999 -9999 -9999 -9999 -9999 -9999 -30.487060250980512 -30.259480217287503 -29.23071707224289 -29.850875737964287 -29.806059045092827 -30.141494441797928 -30.214729688846717 -32.16419979155186 -31.931150970509748 -31.55045744550548 -30.682793385154767 -30.05623349635401 -29.907719803334388 -29.88574596613666 -29.33866839633825 -29.340269338462377 -29.314480014779907 -29.070581445163427 -28.84812137570519 -28.79502971563488 -29.078830578676573 -29.496678014408673 -29.706046240931315 -29.89297513000585 -29.835826563531185 -29.961121262056277 -30.062443502058002 -30.150761187787854 -9999 -9999 -9999
-9999 -9999 -9999 -9999 -9999 -9999 -9999 -9999 -9999 -9999 -9999 -9999 -9999 -9999 -9999 -9999 -9999 -9999 -9999 -33.451349853527745 -33.47891521052672 -33.43492057593028 -32.28728768646021 -30.468100053923468 -31.147144862450663 -32.52189783979166 -31.93914681803537 -29.98073540904795 -29.75926234172453 -29.60767324038034 -29.500612321432556 -29.26630126406531 -29.275560015561773 -29.28911908944189 -29.228369990112977 -28.774714373881103 -28.812772349004153 -28.88598058514993 -28.689874530058603 -28.46009942250081 -28.49639312088346 -28.72865046434882 -28.93423045554025 -28.872397040518432 -28.990944866351985 -29.065878324256698 -29.129235739103304 -29.263765868326587 -29.268928624316025 -29.26094901878489 -29.284812747480373 -9999
-9999 -9999 -9999 -9999 -9999 -9999 -9999 -9999 -9999 -9999 -9999 -9999 -9999 -9999 -9999 -9999 -9999 -9999 -31.539521574288358 -33.32446202282681 -33.76620360355374 -33.890126448851284 -33.69553056632036 -33.75867462459604 -32.08933167181049 -32.051102846482216 -31.988765799583724 -30.409805749394607 -30.091892910737467 -29.188697551745552 -28.720423759334807 -28.67591220292437 -28.819278358998663 -28.91563584230288 -29.164051034487787 -28.775288684431793 -28.56225619033736 -28.697660887051004 -28.612153016261058 -28.523534376348195 -28.73777388965527 -28.9238592782416 -28.951055850746666 -28.84064263232298 -28.91085222862395 -29.058802377913604 -29.154862848443113 -29.172711689813205 -29.150277829616442 -29.101095475670927 -28.931186387167 -9999
-9999 -9999 -9999 -9999 -9999 -9999 -9999 -9999 -9999 -9999 -9999 -9999 -9999 -9999 -9999 -9999 -9999 -31.81810406349845 -30.43143167334435 -30.319433320405803 -32.18051852209105 -31.092146436509854 -30.988135655615274 -31.082053023677034 -30.66034081647336 -30.460190484377012 -30.062004447489933 -29.108176473988692 -28.863664816317897 -28.85962106327393 -28.6521836874372 -28.56750480020112 -28.56012909725861 -28.62856765210137 -28.77609633215304 -28.758692950649944 -28.81439408891742 -29.017784558717608 -28.993057107522183 -28.674565244240913 -28.769537771136022 -28.815950263562808 -28.80618237014757 -28.721692709692316 -28.607596391279785 -28.617990882524833 -28.65722756512504 -28.58106816064177 -28.624974434125843 -28.537403483276393 -9999 -9999
-9999 -9999 -9999 -9999 -9999 -9999 -9999 -9999 -9999 -9999 -9999 -9999 -9999 -34.246896629160325 -33.063441566119984 -32.11808925891643 -32.58957041664929 -33.03880308894952 -30.628475706011137 -32.23565316356841 -29.337133032290243 -31.75750483633377 -30.865569813831982 -29.926660068809053 -30.195958825457677 -29.83104119371561 -29.754046992670013 -29.07779670311241 -29.011210673391446 -28.853741344545487 -28.80514422357901 -28.711977659985628 -28.700409436797987 -28.67714603313828 -28.77001408462996 -28.503102098371592 -28.62313758095747 -28.8350381811743 -28.69536655645941 -28.846400368457232 -28.724337233762654 -28.69381653079968 -28.64758150292315 -28.47733951404507 -28.42116334469436 -28.451626553947293 -28.430373819831477 -28.421321646044298 -28.385138832836073 -28.36324455683212 -28.333754459544398 -9999
-9999 -9999 -9999 -9999 -9999 -9999 -9999 -9999 -9999 -9999 -9999 -9999 -9999 -32.526707167092425 -32.24154899007344 -31.836165357509035 -32.77335781695137 -32.602815148727665 -32.08272528096235 -30.809137392492328 -30.97908272018533 -30.65613757187992 -29.95100626977324 -29.819778158452237 -29.818364023568698 -29.811403521607822 -29.81466059756189 -29.020480587684478 -29.005091958612727 -28.91938221884461 -28.879264436058374 -28.275503160135194 -28.273383142882036 -28.200544188832758 -28.173596666910896 -28.02700880792115 -28.02013655251997 -28.393952724682478 -28.563939705025405 -29.497118070261077 -29.477893218510676 -29.42752318592885 -29.0328912242152 -28.28338620984149 -27.56295597177654 -26.781080662712945 -26.76751887487186 -27.05269055261921 -26.92471683593364 -26.953154431364325 -27.05579915275839 -29.35472483003696
-9999 -9999 -9999 -9999 -9999 -9999 -9999 -9999 -9999 -9999 -9999 -9999 -9999 -32.68812904393321 -32.46340282340176 -31.70942427724559 -31.46708640361021 -31.563663887550828 -31.360185267332078 -29.986439002585694 -29.960536570134725 -29.877335093265586 -29.930027757213544 -29.827282788559465 -29.796724933951808 -29.91711533506104 -30.06523536359073 -29.034442184017053 -29.04047528406155 -29.10226187768013 -28.981171632364678 -28.4035176237953 -28.461808368256627 -28.452578200375317 -28.420118714887447 -28.184811452239924 -28.10446481121663 -28.04844322150757 -28.214406729466035 -29.13988326301614 -29.39330607953553 -28.692408659613108 -28.476711072063498 -27.405285518109842 -9999 -9999 -9999 -9999 -9999 -9999 -9999 -9999
-9999 -9999 -9999 -9999 -9999 -9999 -9999 -9999 -9999 -9999 -9999 -9999 -9999 -32.77171841640906 -32.38859656125634 -31.605466047317236 -31.620679230004512 -31.40678238700871 -30.7492808335778 -29.935586627854214 -29.969349995342466 -30.010457443902375 -30.029076065049395 -29.900134800360178 -29.8522592759333 -29.844312559086625 -29.980920312619144 -28.93526535447441 -29.03694062470203 -29.051592894707 -29.078116362627878 -28.49629596704208 -28.60610453647326 -28.567024943679773 -28.345373244536532 -28.06991689726915 -27.935038421691942 -28.014217417513194 -28.09857680197232 -28.64608497968824 -27.909642890883752 -9999 -9999 -9999 -9999 -9999 -9999 -9999 -9999 -9999 -9999 -9999
-9999 -9999 -9999 -9999 -9999 -9999 -9999 -9999 -9999 -9999 -9999 -9999 -32.85544638587469 -32.446034060525044 -32.126611968313064 -31.487081302887674 -31.19988513578773 -30.592851213425156 -30.978759440521777 -30.041039094374927 -29.97327769141399 -29.93231432499098 -29.91338485538714 -29.732365816550146 -29.774785721695032 -29.790713713627184 -29.830761130551227 -28.88081712660553 -28.9447682106325 -29.01395922930461 -29.017534312392982 -28.495937911056718 -28.600073082551646 -28.515617815230122 -28.37153430018001 -27.926672584663788 -27.7998048621281 -27.86296930043334 -27.69825651230045 -27.74011186025218 -26.48895290403903 -9999 -9999 -9999 -9999 -9999 -9999 -9999 -9999 -9999 -9999 -9999
-9999 -9999 -9999 -9999 -9999 -9999 -9999 -9999 -9999 -9999 -9999 -31.573575594953702 -31.27447502032577 -31.40820333847756 -31.363807403108947 -30.8445324866705 -30.565905335180176 -30.860048714098983 -30.743255809681227 -29.82918751660918 -29.695547065052853 -29.66759728689443 -29.474235928678823 -29.15287372029315 -29.222842117177915 -29.144706252568326 -29.102663537170123 -28.19865713641559 -28.237376385859648 -28.33931903877285 -28.372057267490288 -28.325823938735038 -28.323467993745478 -28.153206107135 -27.86540252530108 -28.043460082887048 -28.107048933972486 -27.91551175033469 -27.101274121573173 -26.54672504516809 -9999 -9999 -9999 -9999 -9999 -9999 -9999 -9999 -9999 -9999 -9999 -9999
-9999 -9999 -9999 -9999 -9999 -9999 -9999 -9999 -9999 -9999 -31.827262878269572 -31.556118019221984 -31.35449353081512 -31.326071927630966 -31.18667181076707 -31.12273867241015 -30.85476006788028 -30.899557642546572 -30.838458096188912 -29.90054287506104 -29.589955335923033 -29.347029793122267 -29.2276987582701 -28.97722879650357 -29.07930030689605 -29.14260809170593 -28.910016354045485 -27.913413309840134 -27.934155930432357 -28.03631891090177 -28.128710238068557 -28.06191404241618 -28.073011441780558 -27.988392678826308 -27.86084976588161 -28.246911471249064 -28.132412810277724 -27.59679266014699 -27.06014972727664 -9999 -9999 -9999 -9999 -9999 -9999 -9999 -9999 -9999 -9999 -9999 -9999 -9999
-9999 -9999 -9999 -9999 -9999 -9999 -9999 -9999 -9999 -9999 -9999 -9999 -31.113145277855892 -31.2423591500578 -31.07799273634657 -30.68455917777105 -30.465514641751504 -30.417141364856647 -30.505927704719852 -29.470770062950372 -29.40633803370644 -29.38578299590601 -29.20557459759025 -28.726965154418828 -28.65075932676484 -28.678682946871227 -28.75311076598098 -28.190736848676764 -28.078389618642998 -27.861609567596407 -28.06329521549108 -27.859985086417012 -27.79403399495961 -27.827924287171808 -27.756750692086356 -28.089918768033385 -27.86905507488524 -27.26351790271372 -26.74788423360499 -26.736407061010233 -9999 -9999 -9999 -9999 -9999 -9999 -9999 -9999 -9999 -9999 -9999 -9999
-9999 -9999 -9999 -9999 -9999 -9999 -9999 -9999 -9999 -9999 -9999 -30.936704725369932 -31.071506210126923 -31.272733623617334 -31.17578203202952 -29.94199266702776 -29.66239297316297 -29.930465364414214 -30.169913964033903 -29.017935652050422 -29.040563818364106 -29.145964667850922 -29.10652113252493 -28.598394819780943 -28.620577405759512 -28.72558205306612 -28.725901908522648 -27.96159350349066 -28.06359213746184 -28.166357576212548 -27.96226784343841 -27.87715711025521 -27.82920872609919 -27.612378877802534 -27.534125014372005 -27.58533398637671 -27.44355983314217 -26.415631311879093 -25.454568903550378 -9999 -9999 -9999 -9999 -9999 -9999 -9999 -9999 -9999 -9999 -9999 -9999 -9999
-9999 -9999 -9999 -9999 -9999 -31.61130848814539 -31.876753454894892 -31.29353077936877 -31.364719841537163 -31.41604002348178 -31.208324707952425 -30.769152506244374 -30.40922039591165 -30.594058376010302 -30.819956638737693 -29.86216256331529 -29.735690126492344 -29.66305409544813 -29.704505903329085 -28.35135572810995 -28.28902235165607 -28.36893813965003 -28.510063337689203 -28.07894085600952 -28.211542759008783 -28.20566959144384 -28.15966792336593 -27.886692231316324 -27.680590038648354 -27.639097577170723 -27.69144020972589 -28.17487710486115 -27.905488747248807 -27.713689120854806 -27.337147609427944 -26.481399024412 -26.030879102908283 -25.615063029766127 -9999 -9999 -9999 -9999 -9999 -9999 -9999 -9999 -9999 -9999 -9999 -9999 -9999 -9999
-9999 -9999 -9999 -9999 -31.588234052737498 -31.217013548353464 -30.84161590783765 -30.862400240193196 -31.074280504828092 -30.82448307220097 -30.65785516503748 -30.339184731086412 -30.23241310852201 -30.192639625564752 -30.315412053930476 -29.618334292418805 -29.420750064386443 -29.550649086954994 -29.750016392310982 -28.36136520492261 -28.21597073729672 -28.156936840292392 -28.07143965345081 -27.740470503881607 -27.77276921517901 -27.624019559570023 -27.492777518876878 -27.34517605952755 -27.270156027293755 -27.183708347743483 -27.137002488019988 -27.576659850525456 -26.63242096774751 -25.714455625359587 -25.28397575638943 -9999 -9999 -9999 -9999 -9999 -9999 -9999 -9999 -9999 -9999 -9999 -9999 -9999 -9999 -9999 -9999 -9999
-9999 -9999 -9999 -31.18195020025699 -31.235279939649114 -30.878666526162075 -31.40743343740865 -31.19100608406486 -30.65548790925807 -30.27528176661376 -29.751555255476056 -29.55889902038213 -29.363348211714445 -29.537716655086236 -29.803497101599866 -29.01299841038289 -28.981603643452694 -29.157348967694613 -29.39149698441091 -28.27705844267589 -28.184697407758325 -28.06041621978671 -27.823607598149966 -27.52795055114081 -27.63416800078946 -27.63181769721476 -27.43410121701187 -26.93846634006803 -26.735608681632147 -26.24029101948714 -25.5552186711108 -9999 -9999 -9999 -9999 -9999 -9999 -9999 -9999 -9999 -9999 -9999 -9999 -9999 -9999 -9999 -9999 -9999 -9999 -9999 -9999 -9999
-9999 -9999 -9999 -32.664274145398736 -32.834736734997115 -33.43897191758503 -33.4927861910252 -31.795243418386594 -31.40757712528396 -30.75973303966572 -30.001451909158302 -28.929516655469698 -28.63382948262637 -29.09201087664485 -29.42713373918393 -28.745173945920644 -28.889038185947214 -29.122874514384012 -29.233289013033385 -27.88119909967101 -27.941792410798374 -27.93876189119848 -27.597104144697127 -26.723567679345322 -26.766166259227628 -26.733242272691044 -26.92624691070395 -26.921667520611823 -25.867387422058567 -9999 -9999 -9999 -9999 -9999 -9999 -9999 -9999 -9999 -9999 -9999 -9999 -9999 -9999 -9999 -9999 -9999 -9999 -9999 -9999 -9999 -9999 -9999
-9999 -9999 -9999 -31.84150947864771 -33.0847444480981 -32.89636104861991 -32.646337401776854 -31.702848298562134 -31.043761504087392 -30.768201673167997 -30.34726583425488 -28.813091661340998 -28.05651686323172 -28.145332340468336 -28.410990379489757 -28.70046194177632 -29.07315353959144 -29.495543249012844 -29.49866744922474 -27.77338016792047 -27.58348487383573 -27.571147635118564 -27.563443152730322 -27.896386667958122 -27.95255832766582 -27.59642750841493 -26.644430475115037 -25.305858696877426 -9999 -9999 -9999 -9999 -9999 -9999 -9999 -9999 -9999 -9999 -9999 -9999 -9999 -9999 -9999 -9999 -9999 -9999 -9999 -9999 -9999 -9999 -9999 -9999
-9999 -9999 -9999 -32.40967319673439 -32.16471628355538 -32.39759843005379 -32.15063873926116 -31.74964105831152 -31.175452293009386 -30.63918364242456 -29.966513785502904 -29.23115331603849 -28.630163554874873 -28.62473712044328 -28.806482037580523 -29.11830364825757 -29.1404762047824 -29.262866719334212 -29.291053011905976 -27.544248828106646 -27.44851622785248 -27.237514139797828 -27.30011319005759 -27.70986647138904 -27.6652705318929 -26.77770727869267 -25.289941821042646 -9999 -9999 -9999 -9999 -9999 -9999 -9999 -9999 -9999 -9999 -9999 -9999 -9999 -9999 -9999 -9999 -9999 -9999 -9999 -9999 -9999 -9999 -9999 -9999 -9999
-9999 -9999 -9999 -9999 -31.461975009651383 -31.06708323719635 -31.03290115462125 -30.918465225901045 -30.91363804768975 -31.09900134325457 -30.827638167857227 -29.655971064278344 -29.77307819524411 -29.23202355014631 -28.79271945229905 -28.584921558075433 -28.45600167222341 -28.718372089071924 -28.83923587165159 -27.070608769594642 -27.07646187724914 -27.331222495954524 -26.802026204872302 -26.458079725381108 -9999 -9999 -9999 -9999 -9999 -9999 -9999 -9999 -9999 -9999 -9999 -9999 -9999 -9999 -9999 -9999 -9999 -9999 -9999 -9999 -9999 -9999 -9999 -9999 -9999 -9999 -9999 -9999
-9999 -9999 -9999 -9999 -30.98185406116625 -30.906948722714738 -31.060659988860053 -31.172392495257963 -30.360929198179317 -29.28866290648028 -29.041770116559096 -28.53248880418263 -28.801952555043894 -28.928243058140048 -28.774597415388413 -28.38412902507276 -28.35817247309855 -28.40658364668079 -28.067897587385197 -26.920925657715202 -26.851405768583604 -26.9369130139802 -26.18902818083374 -26.127295840188733 -24.863841648290318 -9999 -9999 -9999 -9999 -9999 -9999 -9999 -9999 -9999 -9999 -9999 -9999 -9999 -9999 -9999 -9999 -9999 -9999 -9999 -9999 -9999 -9999 -9999 -9999 -9999 -9999 -9999
