metrics/grid_rasters/GLDAS/grideval_GLDAS_X_summer_2016_absolute_pearson_r.asc
ncols 52
nrows 55
xllcorner     11.25
yllcorner     55.25
cellsize      0.25
NODATA_value  -9999
[rows 0 to 28 of 55, columns 0 to 51 of 52]
-9999 -9999 -9999 -9999 -9999 -9999 -9999 -9999 -9999 -9999 -9999 -9999 -9999 -9999 -9999 -9999 -9999 -9999 -9999 -9999 -9999 -9999 -9999 -9999 -9999 -9999 -9999 -9999 -9999 -9999 -9999 -9999 -9999 -9999 -9999 -9999 0.3371446483000517 0.33998087913231473 0.5868734825912898 -9999 -9999 -9999 -9999 -9999 -9999 -9999 -9999 -9999 -9999 -9999 -9999 -9999
-9999 -9999 -9999 -9999 -9999 -9999 -9999 -9999 -9999 -9999 -9999 -9999 -9999 -9999 -9999 -9999 -9999 -9999 -9999 -9999 -9999 -9999 -9999 -9999 -9999 -9999 -9999 -9999 -9999 -9999 -9999 -9999 -9999 -9999 -9999 -9999 0.32669953763881376 0.4056849975376702 0.4244334715353287 0.478199152124721 0.5746177551711699 0.7132708216171102 -9999 -9999 -9999 -9999 -9999 -9999 -9999 -9999 -9999 -9999
-9999 -9999 -9999 -9999 -9999 -9999 -9999 -9999 -9999 -9999 -9999 -9999 -9999 -9999 -9999 -9999 -9999 -9999 -9999 -9999 -9999 -9999 -9999 -9999 -9999 -9999 -9999 0.2250287740233227 -0.16875777008218878 -9999 0.1858178302036969 0.3480514360432455 0.16303338374951165 0.4044759301133074 -9999 0.6626343768147559 0.5745157259302103 0.488586797826262 0.6708993254091491 0.7116343221958092 0.7526115519345264 0.7785115377648071 0.8141445283795629 0.8161295655750205 0.8362943650745803 0.8507413729007003 -9999 -9999 -9999 -9999 -9999 -9999
-9999 -9999 -9999 -9999 -9999 -9999 -9999 -9999 -9999 -9999 -9999 -9999 -9999 -9999 -9999 -9999 -9999 -9999 -9999 -9999 -9999 -9999 -9999 -9999 -9999 -9999 -9999 0.35283587468416866 0.4864486815300094 0.2080555765534481 0.4892745395772795 0.3162987373737303 0.3620583838033555 0.6031027054415817 0.6250316730227015 0.6712934639916933 0.7098593678271179 0.7272489867456311 0.7368861499731411 0.7475597699715837 0.7770872205152102 0.7992705757270896 0.8095532837782462 0.8241627877430042 0.8307634039178791 0.8025233701434009 0.7820037246509957 0.7664840887465447 -9999 -9999 -9999 -9999
-9999 -9999 -9999 -9999 -9999 -9999 -9999 -9999 -9999 -9999 -9999 -9999 -9999 -9999 -9999 -9999 -9999 -9999 -9999 -9999 -9999 -9999 0.6107192050923941 -9999 0.16065985782370654 0.3876623894644569 0.6461542115266818 0.5532521174985119 0.5312092656355056 0.4539854179171383 0.4114251375656175 0.4578866407714333 0.5516775371551637 0.6856168802336484 0.7337997444243004 0.713178593044621 0.7027179557017877 0.6903038574057967 0.7373070629860459 0.7664318222561839 0.7642608873004079 0.8179264336392484 0.8121279406087172 0.7624488648136662 0.7445841554967403 0.7475812425142019 0.7274020554584213 0.6713099910666441 0.6772530115733053 -9999 -9999 -9999
-9999 -9999 -9999 -9999 -9999 -9999 -9999 -9999 -9999 -9999 -9999 -9999 -9999 -9999 -9999 -9999 -9999 -9999 -9999 -9999 -9999 0.5301213478797888 0.5095149314032907 0.15756226837591922 0.4945755239566838 0.5650068487671184 0.3960716191459679 0.3113598608623249 0.363493820518648 0.4246473274424882 0.6264313572838123 0.6013477926673655 0.7250937461589642 0.7429950837326271 0.7690697513877056 0.7277953739098308 0.7398783416243739 0.7799277518909913 0.758247275797991 0.7695111556466723 0.7709257278836141 0.7605310152700471 0.7672363520243126 0.7505648640095561 0.7376162380639045 0.7514578332426847 0.7346748927671802 0.7111710448768969 0.7062330532365749 -9999 -9999 -9999
-9999 -9999 -9999 -9999 -9999 -9999 -9999 -9999 -9999 -9999 -9999 -9999 -9999 -9999 -9999 -9999 -9999 -9999 -9999 -9999 0.4511567666453836 0.4760652565012704 0.5391346753426522 0.5501831483572815 0.6168585114261267 0.6491520481182278 0.5825047676495252 0.4389762557391691 0.5184834910186052 0.5711021486333158 0.6628662431635479 0.7261686989242964 0.7503487899693646 0.7782065608161218 0.7744871673738287 0.7579262614434495 0.7773748012347104 0.80298006867957 0.8115994955798961 0.7848844759863977 0.7799605666623463 0.7507579181823432 0.7611546994457125 0.753197589408239 0.7432149024334742 0.75243103279382 0.7579870788707375 0.7707311774655281 0.7613394155078486 0.7645602178855366 -9999 -9999
-9999 -9999 -9999 -9999 -9999 -9999 -9999 -9999 -9999 -9999 -9999 -9999 -9999 -9999 -9999 -9999 -9999 -9999 -9999 -9999 -9999 0.6542885828732368 0.6241647238303625 0.5987846901519821 0.4947716403873654 0.457105282834813 0.4086130587208984 0.37779427220921397 0.3329111994753188 0.6701343520721588 0.7093162825944945 0.5806716277695091 0.4926128953298472 0.6603542012117927 0.7005380257128492 0.7161946919060017 0.7380020438224126 0.7766647541492554 0.7720963219447521 0.7626508679542849 0.7539823004984534 0.7550628809619149 0.7675614229293373 0.7594321730206911 0.7625623627544246 0.7667650090923803 0.7687571240592215 0.7627386052197442 0.7850975259713734 -9999 -9999 -9999
-9999 -9999 -9999 -9999 -9999 -9999 -9999 -9999 -9999 -9999 -9999 -9999 -9999 -9999 -9999 -9999 -9999 -9999 -9999 0.4718262818554504 0.4210106318816146 0.42797459634372825 0.5423879797288356 0.4688792349872173 0.4396273577994496 0.6024921920521089 0.5679362107563595 0.4542663203274188 0.5442795860313944 0.5943997567256212 0.6369480629501889 0.6643282564760781 0.6885276348110325 0.7364239447435839 0.7543946261075414 0.7477025859174357 0.7770282261761613 0.770756798180225 0.7799854657029401 0.7482188598000736 0.7298704557071811 0.7313565918211796 0.722384730346867 0.7004997554257792 0.7167357845696352 0.72111462900271 0.7195096736819222 0.7104619702409802 0.7120062113894087 0.7376400814192252 0.7318005672350156 -9999
-9999 -9999 -9999 -9999 -9999 -9999 -9999 -9999 -9999 -9999 -9999 -9999 -9999 -9999 -9999 -9999 -9999 -9999 0.608043519103201 0.5497306280157037 0.4707603965322851 0.4775975366851814 0.6379500608279615 0.5463990677716313 0.4053615052760062 0.6501880020345758 0.7316718864230336 0.6328460642831675 0.6419410229114719 0.5429598617654416 0.5807602319917902 0.640658107865975 0.650000718832278 0.7028931517571149 0.7269347965547329 0.7438325861417434 0.7561330271416491 0.7637885532170772 0.7691002251777981 0.74299526908297 0.7303666753636884 0.7173023756747321 0.7058162930764332 0.6760112874938156 0.6847003748091245 0.7031135729803892 0.7092493074983217 0.6885543697497896 0.6974651478781351 0.7279357942802023 0.7371037445415429 -9999
-9999 -9999 -9999 -9999 -9999 -9999 -9999 -9999 -9999 -9999 -9999 -9999 -9999 -9999 -9999 -9999 -9999 0.5766546291611816 0.6506096456250868 0.6163849623188657 0.5288413537482362 0.5330516549629116 0.6132003365315493 0.5500729366138934 0.56711499816794 0.6430862132506018 0.7083476536792688 0.6202430766868439 0.623876900463443 0.6704604483768747 0.6885376088368395 0.6800618526387462 0.6949588158095765 0.7283283632373856 0.7435430329049282 0.763943561843496 0.7746333369077922 0.7841335365849712 0.788988251667422 0.7619764769309209 0.7498432677141897 0.7276220746259807 0.7051960622137929 0.6824082993192164 0.6892173684985159 0.7084531849319842 0.7207314267659728 0.7108149867268059 0.7212829719871282 0.7578775232584005 -9999 -9999
-9999 -9999 -9999 -9999 -9999 -9999 -9999 -9999 -9999 -9999 -9999 -9999 -9999 0.6887921353947841 0.4837456163972013 0.4503788445277706 0.4647444901175812 0.4887622944334536 0.58525316325658 0.3856127752878916 0.5020933847310923 0.7152502491688959 0.7385522202443258 0.7324258599970809 0.7069729000310511 0.5911381918386962 0.6721089038493695 0.6482247664297378 0.6951390902593174 0.6931967323129834 0.7147484682547858 0.7021449408287668 0.7048788596433495 0.7370135338921328 0.7588632898708302 0.7799273254113346 0.7833910426384362 0.7927820138355754 0.7991774483032479 0.7800755049517176 0.7743186509283291 0.7618009997158162 0.7401062163828178 0.7152305479582551 0.7210773514875428 0.7321905152403496 0.7410776423503604 0.7570966770986591 0.7629844813834905 0.7645906629817774 0.7640349289374524 -9999
-9999 -9999 -9999 -9999 -9999 -9999 -9999 -9999 -9999 -9999 -9999 -9999 -9999 0.479203913840099 0.4208823942057232 0.34661131950823976 0.6616801873097772 0.6953681488106497 0.6589613189180609 0.5154529315287053 0.6437469819051773 0.6749179401180325 0.6531206665152685 0.6541352236024374 0.6568086767192132 0.6487881667003683 0.6467168974067438 0.6584827736071677 0.6819932916908592 0.6830455551089567 0.6867689322567414 0.7036191311373028 0.6940993056843259 0.7005560788148879 0.6986290230232581 0.7357310633073928 0.7281990010349898 0.7231164554950471 0.7242968652332948 0.7323401745917245 0.7433732266429398 0.7699117040107979 0.7687111381139622 0.7793157950103828 0.7870860836111706 0.7688259931624504 0.7821330244310123 0.7820467181472881 0.7841403828151956 0.7561717051983489 0.7472391512248135 0.6921180912440164
-9999 -9999 -9999 -9999 -9999 -9999 -9999 -9999 -9999 -9999 -9999 -9999 -9999 0.5185122180161521 0.6004038203480122 0.447462116710686 0.31420028782035603 0.5996414002017708 0.6765631666871414 0.5626181750718312 0.6529949462722561 0.6961347594379014 0.6958278458514324 0.6267298337982332 0.6424104835034409 0.6789413668134807 0.6958105551643052 0.637465898652775 0.6867094032985932 0.7029930064416909 0.6880569518484473 0.6943690691429025 0.6997260386953681 0.7021378023631635 0.6923005056078784 0.7267819302963405 0.7302396638551277 0.7231003788629248 0.7419104549261031 0.7734966156720989 0.7855577673805336 0.7924568211337909 0.7842634035638909 0.8054005689880576 -9999 -9999 -9999 -9999 -9999 -9999 -9999 -9999
-9999 -9999 -9999 -9999 -9999 -9999 -9999 -9999 -9999 -9999 -9999 -9999 -9999 0.6914161917265723 0.6812163655116651 0.5627289552639432 0.6604963190397883 0.7405010496795541 0.7337726584540718 0.6687623528778777 0.6627107344509047 0.7063930199691484 0.7375500925730338 0.6905111529539822 0.6794421785051644 0.6905709921802117 0.6966916895035793 0.6823469644942792 0.6813163549789589 0.6807267000194972 0.6814590142509955 0.700264624465547 0.7051933776923901 0.7205095293251365 0.7227949415764978 0.7593031446997289 0.7524943044224863 0.7476706918381213 0.7728788396254702 0.8054539308221538 0.8251513865895479 -9999 -9999 -9999 -9999 -9999 -9999 -9999 -9999 -9999 -9999 -9999
-9999 -9999 -9999 -9999 -9999 -9999 -9999 -9999 -9999 -9999 -9999 -9999 0.6658667882165007 0.7389624748622221 0.7579317981187703 0.7044471191908734 0.6440592826397686 0.6968596370816099 0.7091231242361469 0.6543116249015489 0.6593746997285219 0.6566907169211236 0.5417844394451792 0.6480479393065064 0.6736169396352174 0.6908117645030669 0.7038903185020504 0.6760989719781956 0.6730218913252273 0.6711760721081652 0.6676874576681582 0.6856737815646897 0.6862412878440833 0.7166537184836268 0.725586159158561 0.7624062478250263 0.7514205792972779 0.7270001460469429 0.7627246820605783 0.8016128344646082 0.7644451761648711 -9999 -9999 -9999 -9999 -9999 -9999 -9999 -9999 -9999 -9999 -9999
-9999 -9999 -9999 -9999 -9999 -9999 -9999 -9999 -9999 -9999 -9999 0.14014375623129136 0.3017700114227798 0.49455874937033506 0.556122662802457 0.6527554348448896 0.6343589750215981 0.6966329448775986 0.7235384423622393 0.7173583764111313 0.7252436260903389 0.7172708456373391 0.7152234888485542 0.693213168168509 0.7144006805496292 0.7382007147045766 0.7473893763842736 0.7317230193021291 0.7272199943494294 0.7013497632078218 0.6848650747182171 0.6887530884296544 0.6744727420461596 0.6849461322721179 0.6857720779904964 0.7408488548173646 0.740589104157044 0.7406492939615661 0.7512747717996526 0.75109731822114 -9999 -9999 -9999 -9999 -9999 -9999 -9999 -9999 -9999 -9999 -9999 -9999
-9999 -9999 -9999 -9999 -9999 -9999 -9999 -9999 -9999 -9999 0.5554537811967828 0.3912856108284341 0.5008158149233064 0.5678578800122839 0.6320032579571968 0.679315506038954 0.667105289968259 0.6640767492374909 0.6971975981123171 0.6940076594355398 0.6582446658069256 0.6856111968360903 0.6894684352495499 0.7090593520477899 0.7142960685585127 0.7355072542411389 0.7598148488900334 0.7311522909712584 0.6977983137600176 0.6553656868267429 0.6479031036436755 0.6740497987394864 0.6773331033305531 0.6914960903679221 0.6974451545318917 0.7577665315481206 0.772579610938251 0.7654688868696717 0.7705873089142287 -9999 -9999 -9999 -9999 -9999 -9999 -9999 -9999 -9999 -9999 -9999 -9999 -9999
-9999 -9999 -9999 -9999 -9999 -9999 -9999 -9999 -9999 -9999 -9999 -9999 0.7628633932450136 0.7758280390290064 0.7768942404902022 0.6856149688549271 0.6576561848966863 0.6074972381138033 0.6019887747016501 0.6459809449123837 0.6461837532941542 0.6508211394100849 0.6506287745586526 0.6790714465980249 0.6958482798723952 0.7106825963199854 0.7115120680373549 0.655147253766114 0.6487502959343089 0.604251466065686 0.6040283195380214 0.6594617048259069 0.6812441674956304 0.6922624769042709 0.6891802615943641 0.749822518919167 0.7738508607037384 0.7859064011182226 0.7843866563566084 0.7546184942124404 -9999 -9999 -9999 -9999 -9999 -9999 -9999 -9999 -9999 -9999 -9999 -9999
-9999 -9999 -9999 -9999 -9999 -9999 -9999 -9999 -9999 -9999 -9999 0.7012632891708629 0.7520216041275416 0.7977911586766124 0.7913372868646551 0.732534073899042 0.6940429580694847 0.6214971180984658 0.6038241037358822 0.6253793837963015 0.6304537802303372 0.6201543763828767 0.6157381867835526 0.6507058355316873 0.6738888429579281 0.6891718327787335 0.6871757007606274 0.649245437864102 0.6311695706140199 0.6158675715203998 0.6241481083826779 0.6542070215356958 0.685670891247188 0.6599719522355707 0.6401686069133182 0.7075448240590916 0.7576676291424814 0.7413862076037533 0.7329863408575901 -9999 -9999 -9999 -9999 -9999 -9999 -9999 -9999 -9999 -9999 -9999 -9999 -9999
-9999 -9999 -9999 -9999 -9999 0.6260694225752022 0.4282440199908757 0.639644501453735 0.6216586084837312 0.6776222181232585 0.7355096168459032 0.748448209933811 0.7651011583363352 0.7342441346984249 0.6672758951850359 0.6244562452752689 0.651856094574806 0.6222268534444142 0.6033090740251368 0.6002811582361554 0.5990170342921892 0.5835010408680721 0.5910653839537913 0.5737773445581085 0.5857714578672958 0.6056149952425931 0.617390889023718 0.6067037760323905 0.5830078642789918 0.5605730711035588 0.5864320930784561 0.6342042219742455 0.6408131425872443 0.6281300456009922 0.6273359782639051 0.7256629103292096 0.7409261036903697 0.7638906072151733 -9999 -9999 -9999 -9999 -9999 -9999 -9999 -9999 -9999 -9999 -9999 -9999 -9999 -9999
-9999 -9999 -9999 -9999 0.6782601941653101 0.5445236586036333 0.7203741075360318 0.6229198105843602 0.7914877789878236 0.7542935201298056 0.7275998922009907 0.6990427144315242 0.682186367775391 0.6605213255059961 0.6196613740459396 0.6216710654432803 0.6457464889239222 0.6546579957639014 0.6269422042430008 0.6248323143247021 0.6320915003939793 0.6351607944994008 0.6329834088701027 0.61363484697523 0.6116609163205553 0.6147729186504536 0.6109862951618563 0.6139635273602341 0.6213497957989991 0.6274729536563135 0.639801682029095 0.6494670471888844 0.6749554778793072 0.6740325161447879 0.6585140891982819 -9999 -9999 -9999 -9999 -9999 -9999 -9999 -9999 -9999 -9999 -9999 -9999 -9999 -9999 -9999 -9999 -9999
-9999 -9999 -9999 0.7041374768397399 0.7897340849698768 0.7710836855575973 0.8318979044181168 0.8631860248205976 0.8427117502220807 0.837407073026875 0.8136698787600973 0.7849883436476831 0.7686353402758451 0.6993281642954351 0.6417495134290558 0.6315339722117601 0.6308753181315601 0.6174467471639977 0.6074615420521701 0.6054155577430216 0.6327133953264871 0.6349674358137141 0.6499562080627861 0.606828617368182 0.5863156859029874 0.5758891601261402 0.5601745521535595 0.5532186698719179 0.5838079315373726 0.6303054671829822 0.6488309313740355 -9999 -9999 -9999 -9999 -9999 -9999 -9999 -9999 -9999 -9999 -9999 -9999 -9999 -9999 -9999 -9999 -9999 -9999 -9999 -9999 -9999
-9999 -9999 -9999 0.4907948751338108 0.5836108106762925 0.6459665185878796 0.7861656096470611 0.8599300783262449 0.8602690859229966 0.8556763095954079 0.8471269825800194 0.8532308831325048 0.7689119346865496 0.7411827122087318 0.6799653324099135 0.6487251547227286 0.6288359669750218 0.6030043239091222 0.5938361532656037 0.5974790061943287 0.6025451838184647 0.663833692686864 0.6498713516408988 0.6047464896995737 0.5787907668221977 0.5797839231349879 0.5631419547676144 0.5719357388925995 0.612872657298202 -9999 -9999 -9999 -9999 -9999 -9999 -9999 -9999 -9999 -9999 -9999 -9999 -9999 -9999 -9999 -9999 -9999 -9999 -9999 -9999 -9999 -9999 -9999
-9999 -9999 -9999 0.4965407354010704 0.5952057985121928 0.7399668846687423 0.8026980421435659 0.7889986364130226 0.7882662396139251 0.7748746232375605 0.7622471463002803 0.7049680884515741 0.6552055114651547 0.5805869469994858 0.5434054728853409 0.6093525666983947 0.6059430309859487 0.5632954382190639 0.5472043784331994 0.5825151232062837 0.5900632989016455 0.5881406876315576 0.6097100483283493 0.6560409536641513 0.6563239564559213 0.5871184568033527 0.5380660122140791 0.6440875048602354 -9999 -9999 -9999 -9999 -9999 -9999 -9999 -9999 -9999 -9999 -9999 -9999 -9999 -9999 -9999 -9999 -9999 -9999 -9999 -9999 -9999 -9999 -9999 -9999
-9999 -9999 -9999 0.8034633510120907 0.8083323364786791 0.8408852696189384 0.8372040650525437 0.7865801059115853 0.7543781132121651 0.7157588346968595 0.7298654329263737 0.7114550559178271 0.6514096380405907 0.5531952259104365 0.5416985296145942 0.6020987726651286 0.6177575160185181 0.59289737633121 0.5683285074104336 0.5873882805085608 0.5831084507889367 0.5683663812491331 0.5725183015926668 0.5910338534908766 0.590470744230678 0.549946405715861 0.5506390578881561 -9999 -9999 -9999 -9999 -9999 -9999 -9999 -9999 -9999 -9999 -9999 -9999 -9999 -9999 -9999 -9999 -9999 -9999 -9999 -9999 -9999 -9999 -9999 -9999 -9999
-9999 -9999 -9999 -9999 0.8217437152661733 0.7576399343159437 0.7579857824258802 0.718866727846883 0.7272726366801665 0.7588232438921544 0.7679393983597059 0.7557104155276442 0.7174193867468159 0.6476746942914194 0.6393852029862891 0.6681531558525511 0.6547810411366712 0.6227401393343096 0.6083837849921405 0.5815589523432094 0.5783978421210376 0.6230472172034742 0.6238352577754667 0.5777553471031751 -9999 -9999 -9999 -9999 -9999 -9999 -9999 -9999 -9999 -9999 -9999 -9999 -9999 -9999 -9999 -9999 -9999 -9999 -9999 -9999 -9999 -9999 -9999 -9999 -9999 -9999 -9999 -9999
-9999 -9999 -9999 -9999 0.8085775104191367 0.7893572189024275 0.7918466087717003 0.7538326884963441 0.7277616346363724 0.7572553250528704 0.7822369817706778 0.7754966806539463 0.7311704118663827 0.6741766927748883 0.6852755368006622 0.6977827577643414 0.6787243087213515 0.6326469738697513 0.6104950502922989 0.6110844012030321 0.6101447543425542 0.6408337987629871 0.6392798857719693 0.5976091303869482 0.7029616964080654 -9999 -9999 -9999 -9999 -9999 -9999 -9999 -9999 -9999 -9999 -9999 -9999 -9999 -9999 -9999 -9999 -9999 -9999 -9999 -9999 -9999 -9999 -9999 -9999 -9999 -9999 -9999
-9999 -9999 -9999 -9999 0.7837421428156871 0.7909733630949569 0.7893430269873545 0.7681973007063512 0.7733297837390821 0.7247468142442952 0.7148537951945446 0.7150440905896882 0.7015921804942329 0.666005628704933 0.6621454963902327 0.7131842848317695 0.6916137629996078 0.6213082460223679 0.6082072742577466 0.6227428402282749 0.6156615211897623 0.5882201312859316 0.6123427785116276 0.7298095058582936 -9999 -9999 -9999 -9999 -9999 -9999 -9999 -9999 -9999 -9999 -9999 -9999 -9999 -9999 -9999 -9999 -9999 -9999 -9999 -9999 -9999 -9999 -9999 -9999 -9999 -9999 -9999 -9999
