metrics/grid_rasters/GLDAS/grideval_GLDAS_Y_2017_absolute_ubrmsd.asc
ncols 52
nrows 55
xllcorner     11.25
yllcorner     55.25
cellsize      0.25
NODATA_value  -9999
[rows 0 to 29 of 55, columns 0 to 51 of 52]
-9999 -9999 -9999 -9999 -9999 -9999 -9999 -9999 -9999 -9999 -9999 -9999 -9999 -9999 -9999 -9999 -9999 -9999 -9999 -9999 -9999 -9999 -9999 -9999 -9999 -9999 -9999 -9999 -9999 -9999 -9999 -9999 -9999 -9999 -9999 -9999 5.078908510887329 5.4675831602829055 6.3155887872786005 -9999 -9999 -9999 -9999 -9999 -9999 -9999 -9999 -9999 -9999 -9999 -9999 -9999
-9999 -9999 -9999 -9999 -9999 -9999 -9999 -9999 -9999 -9999 -9999 -9999 -9999 -9999 -9999 -9999 -9999 -9999 -9999 -9999 -9999 -9999 -9999 -9999 -9999 -9999 -9999 -9999 -9999 -9999 -9999 -9999 -9999 -9999 -9999 -9999 4.911171754183796 5.412224860929915 5.608441584983178 5.117744683306341 6.0076613586664855 6.962057230357036 -9999 -9999 -9999 -9999 -9999 -9999 -9999 -9999 -9999 -9999
-9999 -9999 -9999 -9999 -9999 -9999 -9999 -9999 -9999 -9999 -9999 -9999 -9999 -9999 -9999 -9999 -9999 -9999 -9999 -9999 -9999 -9999 -9999 -9999 -9999 -9999 -9999 8.31933640410228 8.882154399265513 8.472360310558221 7.201473375285174 5.746255045856189 7.910241945278653 7.3145249275141335 -9999 5.916309413845676 5.34651894733912 5.339323058402677 6.157116553314602 6.135935139958253 6.639791792648682 7.114721260580111 7.257512820311465 7.701889578915079 7.709731762306745 7.725288881716918 -9999 -9999 -9999 -9999 -9999 -9999
-9999 -9999 -9999 -9999 -9999 -9999 -9999 -9999 -9999 -9999 -9999 -9999 -9999 -9999 -9999 -9999 -9999 -9999 -9999 -9999 -9999 -9999 -9999 -9999 -9999 -9999 -9999 6.113646731330987 6.030648578852488 6.1410024955926525 5.984441933726402 5.279767008447009 5.539341995841966 7.186312929663099 7.541998536224336 7.289080662646594 6.948206022189307 6.760842692432924 6.717057330806988 6.753718989911 7.0782112415366685 6.984300624921953 7.439831538050388 7.346089943477183 6.967638966295698 7.187694265438322 7.769696501157652 8.443438776593876 -9999 -9999 -9999 -9999
-9999 -9999 -9999 -9999 -9999 -9999 -9999 -9999 -9999 -9999 -9999 -9999 -9999 -9999 -9999 -9999 -9999 -9999 -9999 -9999 -9999 -9999 7.739732920550523 8.319158537753284 8.26362549504931 8.126237578284321 5.920368189608495 5.8717849735099605 5.818565689502308 5.783386486088407 5.629958620006086 5.700940311400063 6.322960430879843 7.719805946384237 7.92630580254376 7.991319099716737 8.200073731637495 8.451463580595577 8.651920815281857 8.642854290072147 8.68721793661815 8.63333589549666 8.145921436135861 7.85515391313296 7.7161062240247364 7.661012402645467 7.87656055974503 8.160644396657146 8.426920036148468 -9999 -9999 -9999
-9999 -9999 -9999 -9999 -9999 -9999 -9999 -9999 -9999 -9999 -9999 -9999 -9999 -9999 -9999 -9999 -9999 -9999 -9999 -9999 -9999 7.8113039432851625 7.955146840995331 8.351159100906749 7.760138557174983 6.908738040689152 8.119654754269327 6.919786184345724 5.768505503368687 7.168998795332307 6.875962048251691 5.894975375231347 7.057073456198772 7.431365359019128 7.753959248894226 8.2223114122303 8.232888177847652 8.627269810104384 8.804059077721092 9.043203187884275 8.966764425296326 8.751375811731602 8.673291253988642 8.178701079809597 7.890453448187586 7.801433055145317 7.705335080339164 7.871612216160758 7.963239990073965 -9999 -9999 -9999
-9999 -9999 -9999 -9999 -9999 -9999 -9999 -9999 -9999 -9999 -9999 -9999 -9999 -9999 -9999 -9999 -9999 -9999 -9999 -9999 7.9070936247129575 7.9749109192780026 7.9701574899101555 5.882604558646183 5.375542363847524 5.769283495077093 5.739922103406745 5.498218024570319 7.4471167793509325 8.06175077132208 8.148545281635354 7.574871799460511 7.529630742841532 7.556194796737755 7.798825396619541 8.279428253920303 8.319088905136384 8.479978292654714 8.658828552894992 8.914886228467251 9.04884776022959 8.820928118756274 8.588971015674659 8.310705579979299 8.487192919191262 8.184792735682642 8.00690836125102 8.063816626889121 8.293707821075309 8.57715603897117 -9999 -9999
-9999 -9999 -9999 -9999 -9999 -9999 -9999 -9999 -9999 -9999 -9999 -9999 -9999 -9999 -9999 -9999 -9999 -9999 -9999 -9999 -9999 6.513648113434937 6.814785177019193 6.0761820364838215 6.509129626543702 6.569844330564872 6.469168598027253 6.584600479039992 8.492879004285902 8.485448253688466 8.111781942876148 7.930771694651737 8.398051161579781 8.463865397394926 8.257884693364844 8.511628852560001 8.512920823285002 8.889361866689217 9.034850848163797 9.215624748465805 9.272753508709409 9.097492118219854 8.49390220359349 8.120487021977134 8.294166089597022 8.4285338347312 8.440266269444095 8.209862018963188 8.505960526156732 -9999 -9999 -9999
-9999 -9999 -9999 -9999 -9999 -9999 -9999 -9999 -9999 -9999 -9999 -9999 -9999 -9999 -9999 -9999 -9999 -9999 -9999 7.838099588085375 8.053630308315839 8.153918844439858 7.841827929629011 5.799704899171053 7.94436969265412 8.30214467956895 8.405317540227777 8.724129792306691 8.824066611841692 8.835082612873348 8.854028984631126 8.698360621096269 8.250311003117956 8.011139891756791 7.949910433022135 8.15692473213737 8.107613311758561 8.005491203855604 8.352749445501416 8.654938885945844 9.19471188356991 9.19224515933382 9.01443680726655 8.54803347327739 8.50280192301759 8.861607232099404 9.001382944061127 9.164134668508721 8.956904435652762 9.55516883427056 9.579890753348538 -9999
-9999 -9999 -9999 -9999 -9999 -9999 -9999 -9999 -9999 -9999 -9999 -9999 -9999 -9999 -9999 -9999 -9999 -9999 8.105948459212723 8.010206185123504 8.236087455769589 8.334968402169096 7.920506618639772 8.388248749464948 8.371541269165983 8.376887085592903 8.360551977949374 8.644090135876093 8.551226797381894 8.827105487930538 9.083124156776133 9.263061842240123 9.26378074797837 9.248823211976207 8.972652024034838 9.071991444519986 8.39398559537971 8.775082361502559 8.227934994300554 8.310485842778792 8.167734558043966 8.653174603923096 9.02562341087123 9.185026875107754 8.944452937048533 9.070386311550275 9.07361318774557 9.439669548285034 9.2383249175613 9.621343725296304 9.597035119991633 -9999
-9999 -9999 -9999 -9999 -9999 -9999 -9999 -9999 -9999 -9999 -9999 -9999 -9999 -9999 -9999 -9999 -9999 8.22393377525414 6.612506978543579 6.1183316484464285 8.487937286749046 8.75975555239195 8.725064214248704 8.605788933692516 8.696909840117709 8.732338094338326 8.751343569735456 8.839487211074726 9.11241604662951 8.948652746744854 8.968061841223356 9.02434251167396 9.166534469540878 9.197271717558474 9.230760070620947 9.363192539031463 9.368330638102664 9.151488585688751 9.028694419627985 8.603428750544202 8.48721429151093 8.868931204075897 8.485861674500361 9.309796759268592 9.368699808713012 9.54776626220775 9.524240879351256 9.818456719104919 9.555256589777672 9.661621688868241 -9999 -9999
-9999 -9999 -9999 -9999 -9999 -9999 -9999 -9999 -9999 -9999 -9999 -9999 -9999 7.3232053006469675 7.612687262528943 7.869749862405034 7.995286268417375 8.043142379223312 8.27357545341429 8.435915153174554 8.444563565268156 8.47285589949472 8.646396912189115 8.882436058273049 8.950321988838262 8.892283318104697 8.934497490065189 9.276800549172425 9.243728654885976 9.30110008905492 9.23580831614976 9.045753520285595 9.158977119922016 9.217099821963066 9.192002611692653 9.498038371626713 9.344990388343671 9.5603844213948 9.239760484932848 9.737416760991676 9.563177420054895 9.592375610387336 9.658298869499713 9.632460525553393 9.433752043671502 9.736210352657283 9.921688654836174 9.972560017113668 9.814298119455737 9.883290563720578 9.760485029142599 -9999
-9999 -9999 -9999 -9999 -9999 -9999 -9999 -9999 -9999 -9999 -9999 -9999 -9999 7.714087417705502 7.859726942462545 8.053073681201434 7.931291723868936 7.976254908729548 8.084673884567936 8.615122188930284 8.575653758842813 8.761604400972955 8.889585523045822 8.861631191878509 8.800804499733058 8.778597633930353 8.788098081928897 9.071847797547832 9.039579848542447 9.073845824198317 9.052507518608277 9.149154490213393 9.072865205635637 9.105503702543077 9.243581556017302 9.354036563113901 9.355009308188707 9.408119989439511 9.364622525033868 9.33473305395604 9.264726309187656 9.303160881280029 9.311568227828179 9.4459807525353 9.219174171569305 9.269022164814473 9.19740351564296 9.213701848344815 9.184203947173556 9.115633029744806 8.99813158201636 8.128197347675835
-9999 -9999 -9999 -9999 -9999 -9999 -9999 -9999 -9999 -9999 -9999 -9999 -9999 7.743689178469987 7.825589417827482 8.174837983749809 8.312831463675696 8.263473148756333 7.910717905940904 8.856791223871637 8.742073442404102 8.755828313124907 8.955190942467778 8.860801189852465 8.848305056460443 8.807679094133517 8.783329543232968 9.017311716631818 9.005346378639814 8.986473428119114 8.950649596481089 9.077979230287658 9.03326553628736 9.153834270471362 8.953443527940976 9.195700965344166 9.2596994746247 9.362468005487333 9.407055741950913 9.352817524555336 9.345457199315737 9.268459021402967 9.310419066678131 9.255858070494263 -9999 -9999 -9999 -9999 -9999 -9999 -9999 -9999
-9999 -9999 -9999 -9999 -9999 -9999 -9999 -9999 -9999 -9999 -9999 -9999 -9999 7.748986281434671 7.877487344476008 8.199237037071526 7.89295157132152 8.171707907877332 8.271444488786877 9.003963950988437 9.0685711855645 9.004235439736622 8.855924370714341 8.711555033519321 8.775359395282461 8.843476043909211 8.805583422604004 9.010967582473572 8.975357688501152 8.969394351490859 8.947293361637042 8.911908206411287 9.068942574067028 9.067122472146806 9.144432858918236 9.272837795296061 9.235960838417146 9.236404351421186 9.248523133196688 9.288716078983011 9.156525550330153 -9999 -9999 -9999 -9999 -9999 -9999 -9999 -9999 -9999 -9999 -9999
-9999 -9999 -9999 -9999 -9999 -9999 -9999 -9999 -9999 -9999 -9999 -9999 7.717682676549889 7.720736455039399 7.729921961395818 7.867907498299779 8.116447359480315 8.221766663548152 8.656171565251269 9.0181899732925 8.965931117485887 9.00860428175848 8.953413146421617 8.883229021772715 8.865318515496435 8.874086479925698 8.850113103068693 9.040977838726473 8.945069059711086 8.901136033911039 8.932218430014153 9.25165767644792 9.2692263062598 9.244289660086034 9.21797129079547 9.299795820903864 9.264378585766947 9.210072116508208 9.113880317316001 9.176646343288533 9.06423655053483 -9999 -9999 -9999 -9999 -9999 -9999 -9999 -9999 -9999 -9999 -9999
-9999 -9999 -9999 -9999 -9999 -9999 -9999 -9999 -9999 -9999 -9999 8.378586834077156 8.28335878370548 8.192890744557053 8.046341796483649 8.499789324033175 8.654301166564146 8.768728696369994 8.777852741341412 9.05080688472961 9.038326487339162 9.028653144439538 8.99711922247462 9.033279534527603 9.114755796214355 9.350401454082046 9.387311572493214 9.552814935716283 9.511231824162328 9.471698099476674 9.440422251563335 9.459264234052467 9.485336974493071 9.490073579379189 9.53530407828745 9.522346774394554 9.472353709303038 9.464027594116617 9.225522974290213 8.804123603133775 -9999 -9999 -9999 -9999 -9999 -9999 -9999 -9999 -9999 -9999 -9999 -9999
-9999 -9999 -9999 -9999 -9999 -9999 -9999 -9999 -9999 -9999 8.339502447983612 8.493859171336991 8.276621251193351 8.211374043529341 8.402474373427145 8.868008320240714 8.966567318669156 8.850121864397384 8.719605768817718 8.908981969319441 8.945815301746016 9.137745131626142 9.002544603548687 9.0256411649849 8.957996282882863 8.92977686169925 9.183032825723988 9.390846700128556 9.448994631506489 9.457766622415408 9.490943733584519 9.60056436134222 9.491701256141075 9.452833613002207 9.454871798777994 9.433786212346153 9.53647472350541 9.529903698169306 9.242357652282232 -9999 -9999 -9999 -9999 -9999 -9999 -9999 -9999 -9999 -9999 -9999 -9999 -9999
-9999 -9999 -9999 -9999 -9999 -9999 -9999 -9999 -9999 -9999 -9999 -9999 8.420949733935847 8.669544997323866 8.771639898167884 8.92842423150642 8.991491716139636 8.879588796612367 8.671283338034693 8.893019066086037 8.87981163487003 9.002380492202189 9.05965349200899 9.256591888084207 9.178987615727856 8.980621802134836 9.08951014779604 9.290722479255665 9.326429721040206 9.333484973452641 9.560084383273828 9.671703227945963 9.689372349841086 9.606878087395756 9.51994465324157 9.439510399554363 9.46623043076882 9.286562275989008 9.243247577909749 8.750483371759763 -9999 -9999 -9999 -9999 -9999 -9999 -9999 -9999 -9999 -9999 -9999 -9999
-9999 -9999 -9999 -9999 -9999 -9999 -9999 -9999 -9999 -9999 -9999 8.466374296276129 8.356890209322577 8.333379582000003 8.387328801173597 8.790603128142887 8.899774211001207 8.871154225804164 8.777148909684739 9.167965379125564 9.11158811919232 9.004483406654156 8.933286964502088 9.201528326332395 9.30408197951801 9.30380869728193 9.294015901680961 9.443476545271675 9.425633294683283 9.4257069786779 9.37986137277904 9.572571682235443 9.560812781093595 9.531762667848746 9.471377212922262 9.406624332364563 9.29382031412087 9.182399738106609 8.1576416399273 -9999 -9999 -9999 -9999 -9999 -9999 -9999 -9999 -9999 -9999 -9999 -9999 -9999
-9999 -9999 -9999 -9999 -9999 7.946394277599242 7.907405344974365 8.073226634820204 8.018020157196652 8.113331207174607 8.199867951273086 8.533363767945026 8.788193631753431 8.663135475932847 8.546476380054038 8.705360424889879 8.798570843763413 8.844460278011272 8.868022175015541 9.29252011058481 9.319247125602155 9.287876434754905 9.23510543697393 9.199208917513204 9.149393067082269 9.197869322661298 9.222112483938922 9.354133349589091 9.477910028028822 9.54099894684308 9.410033387815515 9.221699792893926 9.215174053114854 9.166010550097194 9.082132949770203 8.967622835076899 8.741733647645468 7.706843699613595 -9999 -9999 -9999 -9999 -9999 -9999 -9999 -9999 -9999 -9999 -9999 -9999 -9999 -9999
-9999 -9999 -9999 -9999 7.914601976547893 7.984738574141103 8.126982161873366 8.731629743479122 8.486332426995077 8.528025898579228 8.38197955060089 8.529311891108303 8.545717908325113 8.621435363313914 8.591891985777695 8.712006580318032 8.739474359676391 8.77530591614898 8.824634048654412 9.189673299031648 9.283256009176002 9.369004734582576 9.439655295517117 9.410859795136137 9.381181264560727 9.4362230535573 9.499284440556616 9.57925536151832 9.61179201204683 9.470326627158508 9.373387342134103 9.085488147229814 9.042908126174646 8.762139909066367 8.068250741870749 -9999 -9999 -9999 -9999 -9999 -9999 -9999 -9999 -9999 -9999 -9999 -9999 -9999 -9999 -9999 -9999 -9999
-9999 -9999 -9999 7.975524313635359 7.998757010851812 8.033726329183644 8.053586898152425 8.338723250742083 8.508682205280909 8.88722196038457 8.936187329021042 9.290351878158301 9.389336380244893 9.229550433960952 8.666794448289476 8.772483097614423 8.796273582844838 8.822587050382618 8.807687802875172 9.068456357657382 9.141976953794318 9.343097227528443 9.506482334740149 9.547560924855688 9.369922470749508 9.37943938164367 9.480690195291812 9.650836627463043 9.685097314816558 9.376154032370712 9.05160202529086 -9999 -9999 -9999 -9999 -9999 -9999 -9999 -9999 -9999 -9999 -9999 -9999 -9999 -9999 -9999 -9999 -9999 -9999 -9999 -9999 -9999
-9999 -9999 -9999 7.851763587302294 7.784026343282948 7.936351373721233 7.901039420753289 8.442122682507888 8.442219916029368 8.383670082674303 8.574196432535102 9.126069270600793 8.29381026969178 9.009001849450925 8.800796345826333 8.89233850033404 8.87724754262234 8.875119271411558 8.912492591761858 9.508077744789624 9.253983585016336 9.450886160506617 9.548241735681632 9.825270003403881 9.836834601601998 9.826570911877567 9.703341018855518 9.512530900439842 9.054317929491157 -9999 -9999 -9999 -9999 -9999 -9999 -9999 -9999 -9999 -9999 -9999 -9999 -9999 -9999 -9999 -9999 -9999 -9999 -9999 -9999 -9999 -9999 -9999
-9999 -9999 -9999 7.908163752003273 7.814084339075261 7.8773286660293405 7.9538074177995 8.232310663658618 8.37281723186551 8.284237142549692 8.251570321915683 8.798956628414848 9.49158393221318 9.541016525549779 8.954128578638299 8.986613110996858 8.962247324916586 8.937187808819619 8.930798469625119 9.484981696135726 9.521411738167492 9.362529042845756 9.462704352841437 9.18310617354594 9.401218254978064 9.515707912752061 9.23147008158852 8.64582356952304 -9999 -9999 -9999 -9999 -9999 -9999 -9999 -9999 -9999 -9999 -9999 -9999 -9999 -9999 -9999 -9999 -9999 -9999 -9999 -9999 -9999 -9999 -9999 -9999
-9999 -9999 -9999 7.944495604827718 8.0410355525465 8.156683573034204 8.144719369617286 8.39363593164377 8.427917940166559 8.410625539858941 8.374680775989113 8.730420036321549 8.898198893421958 9.040659071720297 8.875553620272226 8.932007802910984 8.963156840345258 8.979010086854382 8.961828914814083 9.557511036449565 9.576160020338511 9.689872569302477 9.538558022504231 9.430145196294921 9.402051404852427 9.167858763349882 8.510227891508894 -9999 -9999 -9999 -9999 -9999 -9999 -9999 -9999 -9999 -9999 -9999 -9999 -9999 -9999 -9999 -9999 -9999 -9999 -9999 -9999 -9999 -9999 -9999 -9999 -9999
-9999 -9999 -9999 -9999 8.163063407678532 8.233280769399995 8.250510138674166 8.408817206436419 8.490471094636746 8.45640808522543 8.388153722129983 8.69425118316058 8.761848030546528 8.78482327800086 8.978626244728652 9.080035388952462 9.26723366714024 9.095855574805748 9.030770289682339 9.592761918479255 9.625840788897412 9.567789281684533 9.559072470129774 9.398764183413249 -9999 -9999 -9999 -9999 -9999 -9999 -9999 -9999 -9999 -9999 -9999 -9999 -9999 -9999 -9999 -9999 -9999 -9999 -9999 -9999 -9999 -9999 -9999 -9999 -9999 -9999 -9999 -9999
-9999 -9999 -9999 -9999 8.212935348612811 8.284537225299788 8.285895245447467 8.268883223958992 8.407483878951242 8.571419903777294 8.627225633954058 9.16579609069893 9.0984314153294 9.043842059932473 9.260575773354184 9.375495621317096 9.235567811810752 9.099105215428354 9.163078361467068 9.536158092382008 9.470809187669005 9.482176327334203 9.357740981377177 8.968868466585617 7.897993504419071 -9999 -9999 -9999 -9999 -9999 -9999 -9999 -9999 -9999 -9999 -9999 -9999 -9999 -9999 -9999 -9999 -9999 -9999 -9999 -9999 -9999 -9999 -9999 -9999 -9999 -9999 -9999
-9999 -9999 -9999 -9999 8.440817746613563 8.420564656115053 8.54369544023423 8.586781711759363 8.548778222710839 8.618536415606357 8.662934164911942 8.625389221813741 9.038243314324095 9.124271462334141 9.196716830045453 9.234329724903613 9.233182266535733 9.257694718004096 9.255139166837763 9.350983055379485 9.341641559236828 9.161483068722863 8.976265435120252 8.673569520607463 -9999 -9999 -9999 -9999 -9999 -9999 -9999 -9999 -9999 -9999 -9999 -9999 -9999 -9999 -9999 -9999 -9999 -9999 -9999 -9999 -9999 -9999 -9999 -9999 -9999 -9999 -9999 -9999
-9999 -9999 -9999 -9999 8.240174218210061 8.264897551039804 8.284463427942002 8.667295183995137 8.663103769444744 8.579877297631588 8.529161795870372 8.623663436896026 8.505254014558343 8.737269817071319 9.003236930635643 9.18762848581022 9.15374040120826 9.045756117712443 9.013417162254443 9.173374286610061 9.202190323665038 9.160537934167126 8.882490779840499 -9999 -9999 -9999 -9999 -9999 -9999 -9999 -9999 -9999 -9999 -9999 -9999 -9999 -9999 -9999 -9999 -9999 -9999 -9999 -9999 -9999 -9999 -9999 -9999 -9999 -9999 -9999 -9999 -9999
