metrics/grid_rasters/GLDAS/grideval_GLDAS_X_summer_2018_absolute_bias.asc
ncols 52
nrows 55
xllcorner     11.25
yllcorner     55.25
cellsize      0.25
NODATA_value  -9999
[rows 0 to 27 of 55, columns 0 to 51 of 52]
-9999 -9999 -9999 -9999 -9999 -9999 -9999 -9999 -9999 -9999 -9999 -9999 -9999 -9999 -9999 -9999 -9999 -9999 -9999 -9999 -9999 -9999 -9999 -9999 -9999 -9999 -9999 -9999 -9999 -9999 -9999 -9999 -9999 -9999 -9999 -9999 -19.53941687101336 -18.667941059755247 -21.653732188005485 -9999 -9999 -9999 -9999 -9999 -9999 -9999 -9999 -9999 -9999 -9999 -9999 -9999
-9999 -9999 -9999 -9999 -9999 -9999 -9999 -9999 -9999 -9999 -9999 -9999 -9999 -9999 -9999 -9999 -9999 -9999 -9999 -9999 -9999 -9999 -9999 -9999 -9999 -9999 -9999 -9999 -9999 -9999 -9999 -9999 -9999 -9999 -9999 -9999 -18.76493494504172 -18.647059725901197 -18.308786621965144 -18.16320773951061 -18.605794808017496 -21.586539174612287 -9999 -9999 -9999 -9999 -9999 -9999 -9999 -9999 -9999 -9999
-9999 -9999 -9999 -9999 -9999 -9999 -9999 -9999 -9999 -9999 -9999 -9999 -9999 -9999 -9999 -9999 -9999 -9999 -9999 -9999 -9999 -9999 -9999 -9999 -9999 -9999 -9999 -22.445688406774856 -21.566999995939273 -22.693998348959926 -22.026358124212884 -22.07698995747563 -22.701326653239843 -22.8205275937267 -9999 -22.025258179774266 -19.45059713543109 -18.57258690237675 -21.668452560678936 -21.40163884463761 -21.641132966169845 -21.667951692361388 -22.315094014467753 -22.26335200234114 -22.254546435043697 -22.278142747469243 -9999 -9999 -9999 -9999 -9999 -9999
-9999 -9999 -9999 -9999 -9999 -9999 -9999 -9999 -9999 -9999 -9999 -9999 -9999 -9999 -9999 -9999 -9999 -9999 -9999 -9999 -9999 -9999 -9999 -9999 -9999 -9999 -9999 -20.79039502504241 -22.17817693912303 -20.196722290559627 -21.067301879717924 -19.33993574851395 -18.95201317694686 -22.332659609879 -22.568561005264357 -22.464838133294787 -22.294484400473863 -22.520858261491288 -22.33136894171248 -22.085227718759004 -22.37472213349184 -22.334396789781753 -22.3159494866698 -22.52603182150051 -22.764467903210416 -22.74973181052053 -22.813902462690912 -22.812332693993557 -9999 -9999 -9999 -9999
-9999 -9999 -9999 -9999 -9999 -9999 -9999 -9999 -9999 -9999 -9999 -9999 -9999 -9999 -9999 -9999 -9999 -9999 -9999 -9999 -9999 -9999 -24.487021403792113 -23.713487668084394 -22.957380326667234 -22.76967222603929 -22.387380914965078 -21.78395360768975 -20.497836525713943 -19.59477615911189 -19.367361562245566 -18.988236249444768 -19.07342427007287 -22.198451155067787 -22.946868732774067 -22.56146323081592 -22.613504732817248 -22.734354965004098 -22.631127486916498 -22.025651136413217 -21.969665164553113 -22.108069472399578 -22.074239443299238 -22.370274506144877 -22.62825880632938 -22.72715041729743 -22.69918893840488 -22.462916121939607 -22.32532070753286 -9999 -9999 -9999
-9999 -9999 -9999 -9999 -9999 -9999 -9999 -9999 -9999 -9999 -9999 -9999 -9999 -9999 -9999 -9999 -9999 -9999 -9999 -9999 -9999 -24.19440822368083 -23.379049662217174 -23.049556833448943 -23.019359819429077 -22.776151774289175 -22.625361026386205 -22.119447543042835 -19.167293688484836 -21.483455538061325 -21.666575298948292 -18.695371116794966 -21.181709326155808 -22.0023805944492 -22.76106561106913 -22.45356631159539 -22.501141265500337 -22.60498205533899 -22.697271406427838 -22.21301028917989 -22.196773068959136 -22.207211340696592 -22.17103629587623 -22.267620907347325 -22.249269800463125 -22.467658517234348 -22.540856282267235 -22.486836646784745 -22.370264763457946 -9999 -9999 -9999
-9999 -9999 -9999 -9999 -9999 -9999 -9999 -9999 -9999 -9999 -9999 -9999 -9999 -9999 -9999 -9999 -9999 -9999 -9999 -9999 -25.83186874315952 -25.001266774033073 -22.074908289491482 -21.01809357633085 -22.591761665459238 -24.02679813839495 -22.59757804617529 -19.862753297323767 -21.864056380323905 -22.177386688837863 -22.279551160683774 -22.35320872368048 -22.259813805211984 -22.41201460895979 -22.607292889111232 -22.435641614598747 -22.61508408350789 -22.76717180033903 -22.75399843842277 -22.25656447158721 -22.272859244404927 -22.292718477526922 -22.303909927586336 -22.37889432498132 -22.207957974270634 -22.23659975180888 -22.211828407082386 -22.076417855877914 -22.009232293045066 -21.928967314266156 -9999 -9999
-9999 -9999 -9999 -9999 -9999 -9999 -9999 -9999 -9999 -9999 -9999 -9999 -9999 -9999 -9999 -9999 -9999 -9999 -9999 -9999 -9999 -24.15870497351432 -22.275726670925707 -20.530719239993587 -19.94455497363663 -19.60219866760156 -19.47511478264452 -19.09693428359764 -22.46813412146319 -22.493043640486736 -22.519795734556798 -22.58072280256159 -22.892235073868342 -22.785199626591865 -22.857242210444227 -22.436250980821967 -22.70993017929647 -22.53390100642877 -22.375928181871448 -21.82174050714821 -21.965532585998755 -22.185738609435607 -22.26483231529836 -22.34116875202111 -22.298159631617047 -22.10624917643145 -22.118929895876054 -22.13048720045987 -22.04326331668088 -9999 -9999 -9999
-9999 -9999 -9999 -9999 -9999 -9999 -9999 -9999 -9999 -9999 -9999 -9999 -9999 -9999 -9999 -9999 -9999 -9999 -9999 -22.79160183234869 -22.971817698815595 -22.758568957367018 -20.963256722518608 -19.66189263343973 -19.21244875841733 -22.95037427315813 -23.085426233344432 -22.79298721122272 -22.851748894292697 -22.871880930585217 -22.76240491860992 -22.700349282250613 -22.804892318242267 -22.826649262873534 -22.87187484313693 -22.336064318073507 -22.26371167958512 -22.31228790808793 -22.17518887753882 -21.742166550101146 -21.534614004295968 -21.472976185381416 -21.47765099075016 -21.16991525870221 -21.130398208093226 -21.075203158184078 -21.018167929480907 -20.81961957579884 -20.85138528510604 -20.63432794570437 -20.465110784214314 -9999
-9999 -9999 -9999 -9999 -9999 -9999 -9999 -9999 -9999 -9999 -9999 -9999 -9999 -9999 -9999 -9999 -9999 -9999 -19.837584922697555 -21.42082298868943 -22.02701963038872 -22.403310123628568 -22.288671027464066 -23.024696639921192 -22.93213768872311 -23.04695215140996 -23.103806271035552 -22.632606012564484 -23.049718143155232 -23.035302512712132 -22.840739195599504 -22.598866486597966 -22.50208513260536 -22.564426569389585 -22.56636858543219 -21.96553923641129 -22.01253943086561 -22.083590326182872 -22.094571854878698 -21.806781590025388 -21.879136164692923 -21.738480930338092 -21.531739539527532 -20.994514779450935 -20.886808010486323 -21.01164450628035 -21.006028171486992 -20.784363701413184 -20.963053066769373 -20.762618835873738 -20.618042726596087 -9999
-9999 -9999 -9999 -9999 -9999 -9999 -9999 -9999 -9999 -9999 -9999 -9999 -9999 -9999 -9999 -9999 -9999 -20.132071676137656 -19.90780412097988 -18.999628005002663 -22.895545326274533 -22.994621833968587 -23.008223007939268 -23.28929622829689 -23.330479836658288 -23.365618135051236 -23.205539513399586 -22.74561379102828 -22.74595500636117 -22.79471933728327 -22.842194803605754 -22.917429837013554 -22.776890065176822 -22.75267163668152 -22.716832694273602 -22.068311604853395 -21.875149323038112 -21.726634657030683 -21.67198779612132 -21.51573533315779 -21.608775692040343 -21.590080093916345 -21.60738178206932 -21.15125210303813 -20.930755563849665 -20.73007448329388 -20.73529290472684 -20.495333416610148 -20.75225506882872 -20.759748954427145 -9999 -9999
-9999 -9999 -9999 -9999 -9999 -9999 -9999 -9999 -9999 -9999 -9999 -9999 -9999 -25.467231599128123 -25.30824487168423 -24.529583315284032 -24.096767600099355 -24.042178831974287 -19.89061280147618 -22.751913785630755 -19.370357456637304 -21.892551697466683 -23.12924349700789 -23.24298613589338 -23.290296420394238 -23.661247201851047 -23.509505716577653 -22.602218928625398 -22.61698441025193 -22.502323940214094 -22.430686852348078 -22.369804881310657 -22.503861493512016 -22.513106427337647 -22.41862555524415 -21.718095141908396 -21.682056187125653 -21.59367073361721 -21.45550841340066 -21.09387774226944 -21.16677836444148 -21.098782647380848 -21.0215699176466 -20.968897567393824 -20.967357762846287 -20.848057424487628 -20.753852903964404 -20.641207456750713 -20.768352677438248 -20.766138539163638 -20.78517125421406 -9999
-9999 -9999 -9999 -9999 -9999 -9999 -9999 -9999 -9999 -9999 -9999 -9999 -9999 -25.013425749949302 -24.873358475955442 -24.556292065925412 -24.214542551735498 -24.22777026486785 -24.158788960204333 -23.27982599504859 -23.242296433096513 -23.404420245904475 -23.30599232238677 -22.857386669731174 -22.768011908694774 -23.01154113451586 -22.867240913009837 -21.49769876200868 -21.550336680435773 -21.55633340607924 -21.346095652056288 -20.608041885997288 -20.607221325454503 -20.542620399177235 -20.4909488287066 -20.310244094054013 -20.288101988095466 -20.32844037204252 -20.469913347826704 -20.706462080145013 -20.68683772947153 -20.626503597884238 -20.585219287941147 -20.837003509595014 -21.455227647624586 -21.470806226357013 -21.56360123966537 -21.517978612333536 -21.96332603978479 -22.25757609123526 -22.458229842616007 -24.777848661634263
-9999 -9999 -9999 -9999 -9999 -9999 -9999 -9999 -9999 -9999 -9999 -9999 -9999 -25.05728544039733 -25.02133807902345 -24.65549206549464 -24.424601676772628 -24.39070877916706 -24.208562353423428 -23.613776444113288 -23.71385976170068 -23.643316692976367 -23.272324550147772 -22.736411017568216 -22.643092717894397 -22.665992613942567 -22.68460389510121 -21.137463256453533 -21.595718761116423 -21.63609294951691 -21.610488151362084 -20.76424747980807 -20.636847753685128 -20.53048651839566 -20.628304588021305 -20.6469564486052 -20.551823596490305 -20.274489274005532 -20.20515274298985 -20.545177866259348 -20.62741372679644 -20.547302779984538 -20.687773318272885 -21.16602054489372 -9999 -9999 -9999 -9999 -9999 -9999 -9999 -9999
-9999 -9999 -9999 -9999 -9999 -9999 -9999 -9999 -9999 -9999 -9999 -9999 -9999 -24.77849148987266 -24.855065728537735 -24.621894819135576 -24.570658677986454 -24.527500227093697 -24.35919183148476 -23.447613831022352 -23.385326647057965 -23.45303480387868 -23.5825225576232 -23.27826310267024 -22.963535975037228 -22.63957241345602 -22.53131857243083 -21.477085047138292 -21.543263508614316 -21.57648998970652 -21.51213117417596 -20.738637615440656 -20.69407097217829 -20.608235811672944 -20.60299513213661 -20.540778882254887 -20.66365982503023 -20.686162933423788 -20.47038200926845 -20.531853291874185 -20.41492343151375 -9999 -9999 -9999 -9999 -9999 -9999 -9999 -9999 -9999 -9999 -9999
-9999 -9999 -9999 -9999 -9999 -9999 -9999 -9999 -9999 -9999 -9999 -9999 -24.780179164392628 -24.58623135116195 -24.8480757232148 -24.79487610770309 -24.563886614799824 -24.30298874575807 -24.158125070085674 -23.50748232409925 -23.613880693507586 -23.609079872379485 -23.39275779403017 -22.95404728834072 -22.755902823830105 -22.64947012131629 -22.602343999072104 -21.52127993428756 -21.543873459323436 -21.598198448732983 -21.47876467231823 -20.639542329266828 -20.49772596019118 -20.46552520542932 -20.460684618872143 -20.353575808158066 -20.421595388436284 -20.371355330429807 -20.193922704450138 -20.383505565640718 -20.843513139199626 -9999 -9999 -9999 -9999 -9999 -9999 -9999 -9999 -9999 -9999 -9999
-9999 -9999 -9999 -9999 -9999 -9999 -9999 -9999 -9999 -9999 -9999 -24.260106883072496 -24.003928856539503 -23.900776886138253 -24.03740279714617 -23.85732548084596 -23.757481683146853 -23.536117608820934 -23.487106225878488 -22.386940737416886 -22.4569341407117 -22.48222962202018 -22.428445010486502 -21.89729414040061 -21.623759888254266 -21.36365560349077 -21.03921340306735 -19.983874311609927 -19.952054338185523 -19.946809148820847 -19.98080542230088 -19.979863332665484 -19.883563756659306 -19.783101620233573 -19.684594786584213 -19.8816662810176 -19.914880834317398 -19.81388265558559 -19.748202669839173 -21.03754432015526 -9999 -9999 -9999 -9999 -9999 -9999 -9999 -9999 -9999 -9999 -9999 -9999
-9999 -9999 -9999 -9999 -9999 -9999 -9999 -9999 -9999 -9999 -24.28148723112257 -23.91852702461588 -24.241397508359317 -24.265891538426768 -23.91740324046544 -23.566057048677262 -23.27450977140309 -23.309761835970797 -23.47938777840413 -22.516750514345325 -22.240694734531086 -21.951994061044864 -21.97113630378052 -21.694520478521515 -21.927161888604093 -21.857189872018672 -21.466805003988355 -20.088728904460922 -19.773424287508853 -19.750229458628304 -19.66393207712099 -19.652229681975488 -19.747927053588565 -19.822308722559523 -19.907858633841187 -20.19585930938711 -20.042540296466782 -19.714323816901967 -19.532715409467727 -9999 -9999 -9999 -9999 -9999 -9999 -9999 -9999 -9999 -9999 -9999 -9999 -9999
-9999 -9999 -9999 -9999 -9999 -9999 -9999 -9999 -9999 -9999 -9999 -9999 -23.84294411369964 -23.48260756181148 -23.268603268828567 -23.25654421159593 -23.07883260919429 -23.2345551179479 -23.28536175310855 -22.42249354707968 -22.367098352912326 -22.146550664819934 -21.891619699116312 -21.244326429846492 -21.380064277909696 -21.504392776233345 -21.514166150545783 -20.37448875415746 -20.17331793199739 -20.08173332774364 -19.764290173112858 -19.56557217363835 -19.53368912722268 -19.674267907282747 -19.83321626415557 -20.139371484032143 -20.10106065389498 -19.692552069890443 -19.538895673523452 -20.848566383913 -9999 -9999 -9999 -9999 -9999 -9999 -9999 -9999 -9999 -9999 -9999 -9999
-9999 -9999 -9999 -9999 -9999 -9999 -9999 -9999 -9999 -9999 -9999 -23.327744471415397 -23.605411974348772 -23.832183012394644 -23.488267883435697 -23.0360175085092 -22.74615056590056 -22.895901716881145 -22.868420581090387 -21.539629331263512 -21.526593040371232 -21.652028269255943 -21.537049750858188 -20.815671178492032 -20.800653911438648 -20.886342626793876 -20.871840298277046 -19.862947652278386 -19.892755455863863 -19.927217776644166 -19.803880611960977 -19.64443098830626 -19.604726256620463 -19.612172301190537 -19.75285136582249 -20.092879918140728 -20.02715848993672 -19.771484710235637 -20.25888881621801 -9999 -9999 -9999 -9999 -9999 -9999 -9999 -9999 -9999 -9999 -9999 -9999 -9999
-9999 -9999 -9999 -9999 -9999 -24.200846126120858 -24.310810895758163 -23.89237033911859 -24.040067830507684 -23.828534879458505 -23.56072522635045 -23.125412650345627 -22.682610333107572 -22.95919007674345 -23.050542546071764 -21.99324353019018 -21.615456844133366 -21.33342833780562 -21.28241995549963 -20.09526007330936 -20.02562328660861 -20.031850292853527 -20.160410511003725 -19.767366755348828 -20.095499860973142 -20.10682595039353 -19.955205157378927 -19.627192983747985 -19.447804314853705 -19.450478012795035 -19.704937977088694 -20.6002927629844 -20.55867231313301 -20.65240822137212 -20.553193450055048 -20.295895692527946 -20.20465010769017 -20.695245772620424 -9999 -9999 -9999 -9999 -9999 -9999 -9999 -9999 -9999 -9999 -9999 -9999 -9999 -9999
-9999 -9999 -9999 -9999 -23.907727153020225 -23.82165191674848 -23.779619051103033 -23.52522139477989 -23.347504993394498 -23.186185749612104 -23.175011587329212 -23.199948534167014 -22.983975225391436 -22.831963257722396 -22.93094371909114 -21.852882433601692 -21.588313262504727 -21.37248468637952 -21.384782913363658 -20.010263206680182 -19.933347288519144 -19.855195647692714 -19.687230916471094 -19.551619492997613 -19.686122175630018 -19.59093045787481 -19.511568753595427 -19.279351254965626 -19.31544243922943 -19.49684829390405 -19.702716650704488 -20.619979378969774 -20.406877566554137 -20.342149412016507 -20.791664541779976 -9999 -9999 -9999 -9999 -9999 -9999 -9999 -9999 -9999 -9999 -9999 -9999 -9999 -9999 -9999 -9999 -9999
-9999 -9999 -9999 -23.77028050540906 -23.538270073760625 -23.261564773689628 -23.38025954667398 -23.122336388160683 -22.870904033274755 -22.705069879596323 -22.550468788138065 -22.52372092237372 -22.363047547557436 -22.46475504812501 -22.747058854296647 -21.766247260627214 -21.41449402268652 -21.46244991629425 -21.519418898605462 -20.33883498242611 -20.15191522256836 -19.840036720179178 -19.63436169916278 -19.362724040493212 -19.6634262234337 -19.722595713020343 -19.62250084903739 -19.19455573114607 -19.15172067193477 -19.18879338643392 -19.325280222636852 -9999 -9999 -9999 -9999 -9999 -9999 -9999 -9999 -9999 -9999 -9999 -9999 -9999 -9999 -9999 -9999 -9999 -9999 -9999 -9999 -9999
-9999 -9999 -9999 -24.167317292612534 -24.21505504629939 -23.927522889297943 -23.962043867061805 -23.247108536630712 -23.17415596269395 -23.159438218172323 -22.620634102971174 -22.292891550768648 -22.68256651715416 -22.79411495412173 -22.39179342231997 -21.423805419639077 -21.350056797751915 -21.327743906224068 -21.1539581748252 -19.854022067262914 -19.907488534247264 -19.776897094941333 -19.475471323862187 -18.852648324616574 -18.896315866109468 -19.01329035087205 -19.382648670094326 -19.33720574920754 -19.21078027015471 -9999 -9999 -9999 -9999 -9999 -9999 -9999 -9999 -9999 -9999 -9999 -9999 -9999 -9999 -9999 -9999 -9999 -9999 -9999 -9999 -9999 -9999 -9999
-9999 -9999 -9999 -22.941200527160067 -23.05514104605612 -22.71649618503516 -22.58319980122716 -21.989481564995874 -21.72880236237593 -21.895213450183686 -21.941221380181126 -21.2357583510406 -20.855970377871852 -20.86785417942978 -21.03314142694454 -21.046844604890797 -21.044154131987497 -21.082747454815745 -20.96840244067995 -20.053179568226412 -19.929637066007636 -19.939332813409198 -19.962010903911587 -20.345970175694674 -20.167708456819962 -19.974173059241604 -19.927727121738307 -19.84078694630981 -9999 -9999 -9999 -9999 -9999 -9999 -9999 -9999 -9999 -9999 -9999 -9999 -9999 -9999 -9999 -9999 -9999 -9999 -9999 -9999 -9999 -9999 -9999 -9999
-9999 -9999 -9999 -22.579347881164562 -22.076790431716844 -22.032247267197818 -21.87677990110672 -21.291457618728444 -21.295078169068564 -21.29050016372829 -21.071807924921263 -21.21658361237496 -21.002092184863336 -20.84999998867431 -20.914318330262017 -21.10588854241549 -20.946495884442296 -20.93861008077131 -20.941288006674174 -20.049196856420327 -19.9548414997635 -19.777815247723915 -19.91780299614386 -20.140161086703934 -20.21631458051422 -20.162369918402124 -20.49321462224116 -9999 -9999 -9999 -9999 -9999 -9999 -9999 -9999 -9999 -9999 -9999 -9999 -9999 -9999 -9999 -9999 -9999 -9999 -9999 -9999 -9999 -9999 -9999 -9999 -9999
-9999 -9999 -9999 -9999 -21.922301590462904 -21.688232065806083 -21.677939453162256 -21.339141089104764 -21.154360440640673 -21.14358744452424 -21.179900455794748 -21.194040414107878 -21.241130648970444 -20.941725026127763 -20.57926222354012 -20.564874837417964 -20.56966503816859 -20.740389820815913 -20.877522058703974 -20.01908899193792 -19.988628658081364 -20.056549889845368 -19.831401126196038 -19.95383207813796 -9999 -9999 -9999 -9999 -9999 -9999 -9999 -9999 -9999 -9999 -9999 -9999 -9999 -9999 -9999 -9999 -9999 -9999 -9999 -9999 -9999 -9999 -9999 -9999 -9999 -9999 -9999 -9999
-9999 -9999 -9999 -9999 -21.544692168639887 -21.416762179877285 -21.575470204039927 -21.359167918279446 -21.19804489175263 -20.890214908625122 -20.661788054498967 -20.593954359079994 -20.75480345652803 -20.80854555401627 -20.599379876648765 -20.52672869714139 -20.665665528392825 -20.69373226105033 -20.58340924955985 -20.052914499791093 -20.148276340115167 -20.268496891018003 -20.114357236793026 -20.47847187658772 -19.977909284704566 -9999 -9999 -9999 -9999 -9999 -9999 -9999 -9999 -9999 -9999 -9999 -9999 -9999 -9999 -9999 -9999 -9999 -9999 -9999 -9999 -9999 -9999 -9999 -9999 -9999 -9999 -9999
