metrics/grid_rasters/GLDAS/grideval_GLDAS_X_summer_2015_absolute_bias.asc
ncols 52
nrows 55
xllcorner     11.25
yllcorner     55.25
cellsize      0.25
NODATA_value  -9999
[rows 0 to 27 of 55, columns 0 to 51 of 52]
-9999 -9999 -9999 -9999 -9999 -9999 -9999 -9999 -9999 -9999 -9999 -9999 -9999 -9999 -9999 -9999 -9999 -9999 -9999 -9999 -9999 -9999 -9999 -9999 -9999 -9999 -9999 -9999 -9999 -9999 -9999 -9999 -9999 -9999 -9999 -9999 -25.774391449016072 -22.735898435824428 -24.269123418479353 -9999 -9999 -9999 -9999 -9999 -9999 -9999 -9999 -9999 -9999 -9999 -9999 -9999
-9999 -9999 -9999 -9999 -9999 -9999 -9999 -9999 -9999 -9999 -9999 -9999 -9999 -9999 -9999 -9999 -9999 -9999 -9999 -9999 -9999 -9999 -9999 -9999 -9999 -9999 -9999 -9999 -9999 -9999 -9999 -9999 -9999 -9999 -9999 -9999 -25.32282177132109 -24.887905583433486 -23.06571043009424 -22.452181671280414 -21.857566508343037 -23.87544274002152 -9999 -9999 -9999 -9999 -9999 -9999 -9999 -9999 -9999 -9999
-9999 -9999 -9999 -9999 -9999 -9999 -9999 -9999 -9999 -9999 -9999 -9999 -9999 -9999 -9999 -9999 -9999 -9999 -9999 -9999 -9999 -9999 -9999 -9999 -9999 -9999 -9999 -27.124755143795323 -22.05665247911668 -24.65636732743081 -27.213839981138054 -27.988021760045186 -24.28293180459625 -24.70767799388293 -9999 -24.863338421058394 -25.00720988910483 -23.049551744925104 -24.323897288889498 -23.747222856496983 -23.501964918945145 -23.397278427672767 -23.399210756745838 -23.487425793954372 -23.649017251542077 -23.55360540808381 -9999 -9999 -9999 -9999 -9999 -9999
-9999 -9999 -9999 -9999 -9999 -9999 -9999 -9999 -9999 -9999 -9999 -9999 -9999 -9999 -9999 -9999 -9999 -9999 -9999 -9999 -9999 -9999 -9999 -9999 -9999 -9999 -9999 -29.31162666727829 -30.58594870737389 -26.734500678985015 -30.46473392439277 -26.661241816721212 -24.67554618082131 -24.659108546400525 -23.843054966980834 -23.659491406571444 -23.49284977739191 -23.6431139425739 -23.742080416145694 -23.42581341496628 -23.279333768635176 -23.32608464299499 -23.529243006310224 -23.57536136065407 -23.60699694382999 -23.623361273668703 -23.391187119236946 -23.120552940415624 -9999 -9999 -9999 -9999
-9999 -9999 -9999 -9999 -9999 -9999 -9999 -9999 -9999 -9999 -9999 -9999 -9999 -9999 -9999 -9999 -9999 -9999 -9999 -9999 -9999 -9999 -32.74588502255147 -28.240300794294022 -28.899714771212768 -30.15793348581571 -31.514133416075744 -29.99302347879047 -29.729277685730032 -29.001048758504506 -28.300578357894782 -26.518649167664677 -25.239260642890528 -26.52869848724779 -25.22586588401591 -24.560760962695856 -24.220205728774484 -23.95876453654921 -23.84812576586948 -23.70517420367864 -24.00393223606617 -23.867989301863734 -24.13588404667605 -24.03816040157867 -24.16158842483697 -24.36775110732845 -23.880129238023706 -23.907170681870017 -23.99589139836557 -9999 -9999 -9999
-9999 -9999 -9999 -9999 -9999 -9999 -9999 -9999 -9999 -9999 -9999 -9999 -9999 -9999 -9999 -9999 -9999 -9999 -9999 -9999 -9999 -31.691899416968226 -31.42415253016288 -28.304751726839207 -30.817942437310904 -31.791531208619148 -28.93609957348393 -29.207693826488182 -26.96742121028997 -27.63446766733313 -27.853493037208427 -25.737823623677958 -26.792649429554693 -26.01496019965523 -24.93493042556245 -25.075661549466137 -24.861209701200057 -24.260750919803172 -24.337281162121702 -24.38236872969276 -24.36607251300112 -24.421455205883827 -24.418351307632808 -24.51043400615859 -24.547300901587892 -24.391289190956112 -24.24617224873003 -23.96219150159184 -24.136955971768856 -9999 -9999 -9999
-9999 -9999 -9999 -9999 -9999 -9999 -9999 -9999 -9999 -9999 -9999 -9999 -9999 -9999 -9999 -9999 -9999 -9999 -9999 -9999 -33.36981998473082 -31.932734165948048 -32.24427578270273 -31.65027654535421 -32.878086813927986 -33.66551886610282 -32.277505275105014 -29.05768144875765 -28.24244281297307 -26.286919225493204 -24.800250697334338 -25.03015633435596 -24.841194034878004 -24.672714419885658 -24.958314283184055 -24.685802089374352 -24.725315282526225 -24.458218275103718 -24.222911726278447 -24.376387818837944 -24.476174220888186 -24.569746817644358 -24.66063998757011 -24.87559375843114 -24.916230092068076 -24.816067754675675 -24.78865878245509 -24.53664358792341 -24.49786882074145 -24.47837559690537 -9999 -9999
-9999 -9999 -9999 -9999 -9999 -9999 -9999 -9999 -9999 -9999 -9999 -9999 -9999 -9999 -9999 -9999 -9999 -9999 -9999 -9999 -9999 -33.18822938143073 -31.718123153176 -31.44951284701085 -29.14321953329541 -28.68808213516098 -27.54237874068887 -25.85475303586977 -25.38093183602652 -25.03745997828715 -24.896116223773394 -24.74201768997085 -24.40587037196383 -24.21515630448804 -24.53097138762393 -24.50551727513337 -24.46294496921093 -24.41909669195909 -24.55906788496625 -24.648718035678662 -24.814472095291734 -24.86901492712533 -24.96051269457877 -24.99418823459469 -25.055949355333887 -25.00984022691441 -25.03678070302324 -24.739974895593427 -24.730169266624287 -9999 -9999 -9999
-9999 -9999 -9999 -9999 -9999 -9999 -9999 -9999 -9999 -9999 -9999 -9999 -9999 -9999 -9999 -9999 -9999 -9999 -9999 -30.261933306879968 -29.16190162714085 -28.824652797623497 -29.97788815123393 -29.17566439134838 -24.294615838393245 -25.10129253983336 -24.446262886201072 -24.317862845775064 -24.28867853521977 -24.237854930815164 -24.090168894450787 -24.606712808933764 -24.685007055897426 -24.65180439133521 -24.82268143165857 -25.188824260587115 -25.204756033465102 -25.331562732305866 -25.400442393476386 -25.44055781396025 -25.35408106962543 -25.31086014126144 -25.346900791253727 -24.993147514942713 -25.010259864426665 -24.992467469292816 -25.021104412092622 -24.85325089368321 -24.81583927432075 -24.74057089666957 -24.58285975296293 -9999
-9999 -9999 -9999 -9999 -9999 -9999 -9999 -9999 -9999 -9999 -9999 -9999 -9999 -9999 -9999 -9999 -9999 -9999 -29.248758078249093 -29.281327578846522 -28.310281687902044 -27.7590729101642 -28.48916679578226 -26.04275528602707 -24.93363854163529 -24.82364023084064 -25.06566570863209 -24.81348204703839 -25.09728956732737 -24.929690161274504 -24.362031671846204 -24.976229453925047 -25.06431908873112 -25.103664241488207 -25.073725372694593 -25.246323318605352 -25.29196293083141 -25.501416578079052 -25.549126280694388 -25.556856425802994 -25.628589573518735 -25.626989882176176 -25.514040447224907 -24.939672733900014 -24.85594368476988 -24.921961125593796 -24.992591353315536 -24.80229030152702 -24.881896187956247 -24.806170026468028 -24.60287466377992 -9999
-9999 -9999 -9999 -9999 -9999 -9999 -9999 -9999 -9999 -9999 -9999 -9999 -9999 -9999 -9999 -9999 -9999 -28.703874725787696 -30.413914990368422 -28.634111783689946 -26.040751404311184 -23.930586261917714 -23.90941851804762 -24.23032072492187 -24.179543608738843 -24.627245234183807 -23.97310785315526 -24.094995227055215 -24.38739498496136 -24.294095397886373 -24.711552011557732 -25.042312216054164 -25.09957941157905 -25.07823953324038 -25.208849168544553 -25.447594494093213 -25.409237670388237 -25.36259327919992 -25.411289412386555 -25.463290428135384 -25.562009168019443 -25.55796382047803 -25.60651487936064 -25.16866372527717 -24.965189783671953 -24.78891720551917 -24.756831718952924 -24.603203595433712 -24.773897315274283 -24.734330473791648 -9999 -9999
-9999 -9999 -9999 -9999 -9999 -9999 -9999 -9999 -9999 -9999 -9999 -9999 -9999 -31.21286869117909 -29.203063101386245 -27.68664612503641 -27.821504783249747 -28.394182214391947 -28.234253516258754 -26.71877318276497 -25.07056010745304 -26.71501095821757 -24.20211503027088 -24.09741507673069 -24.19703573292202 -24.48260913892528 -24.522201761441394 -24.50168898582216 -24.46660643860536 -24.520535225858502 -24.759582295426693 -25.018192508561622 -25.168693404826946 -25.236946887518894 -25.40169551697276 -25.605572237228245 -25.69207262561616 -25.592200890952807 -25.43735883939687 -25.59388603227537 -25.557143753617197 -25.433877027229123 -25.466501988571785 -25.25326683886511 -25.227868773306355 -25.16086871996927 -25.146256202548415 -24.867692913110968 -24.91507478331661 -25.01594381251008 -25.00024840417925 -9999
-9999 -9999 -9999 -9999 -9999 -9999 -9999 -9999 -9999 -9999 -9999 -9999 -9999 -29.445477849439435 -27.536207320472307 -26.781431878997907 -28.799861081794877 -27.67610020643991 -27.142005306486364 -24.779837058776103 -24.592074689799514 -24.28580492392749 -24.520883328969717 -24.544413901703514 -24.68716807546013 -24.54437041687577 -24.783480808887955 -25.044789412909232 -25.109113057164237 -25.08646520397261 -25.115317317839388 -25.32872577742471 -25.410733683297977 -25.38573805609232 -25.357289269080628 -25.480049566588487 -25.56325475752111 -25.755016284022965 -25.8455736382419 -26.147201666810915 -26.091549601183146 -26.050545243242674 -26.04843055205825 -26.100240870095462 -26.0604672097277 -26.011103075848 -26.030654526234645 -26.009209718534965 -26.023627505941402 -26.092737753612358 -26.130750814007353 -28.473537335820176
-9999 -9999 -9999 -9999 -9999 -9999 -9999 -9999 -9999 -9999 -9999 -9999 -9999 -28.423352050331783 -27.333934358624827 -25.717044508712288 -25.112902295735218 -25.49989198121931 -25.96739160378828 -24.863544371525716 -24.70509278241788 -24.510305409582894 -24.127539660984088 -24.719857292189058 -24.834046394159287 -25.039007118660148 -25.127760338516016 -25.27139191521817 -25.313750147212136 -25.350231303813175 -25.331638983491324 -25.46497127344913 -25.49226644424641 -25.456192122529387 -25.53790069778409 -25.73467749434159 -25.699072550091408 -25.787926658340126 -25.78858355918657 -26.137144150111176 -26.158826333085965 -26.184061823756963 -26.14541925273269 -26.061411826891586 -9999 -9999 -9999 -9999 -9999 -9999 -9999 -9999
-9999 -9999 -9999 -9999 -9999 -9999 -9999 -9999 -9999 -9999 -9999 -9999 -9999 -28.2258987386468 -27.01993758261771 -25.71143706296773 -25.928774827625602 -25.698167738727413 -24.97549383763386 -23.961490619077306 -23.971118435628068 -24.07397673135299 -24.363079648809098 -24.964151518540863 -25.227400762940068 -25.255396180077575 -25.199734262332484 -25.319056853024374 -25.38433189682015 -25.384436372039925 -25.44338391239391 -25.539653337985765 -25.56495261032377 -25.537993755353533 -25.520582877261482 -25.621775114341922 -25.795478362833034 -25.94716912923057 -25.967135278163887 -26.155684861435514 -26.084862733806442 -9999 -9999 -9999 -9999 -9999 -9999 -9999 -9999 -9999 -9999 -9999
-9999 -9999 -9999 -9999 -9999 -9999 -9999 -9999 -9999 -9999 -9999 -9999 -30.099260075321503 -28.114634832569767 -27.31828511595402 -25.796217200366534 -25.76230738030584 -25.13672432226493 -24.524769525489077 -24.08127164047049 -24.291723536874127 -24.326145219981022 -24.662650911785335 -25.220084710492067 -25.311628169157423 -25.30299292875292 -25.297610202095594 -25.371674235849444 -25.4391154922221 -25.51183356808336 -25.503859623112593 -25.466286971213542 -25.445740057256717 -25.472922002066568 -25.464157865726914 -25.642516850514088 -25.803610792140603 -25.936000685450498 -25.850210809331063 -26.088505722521607 -26.081641234113306 -9999 -9999 -9999 -9999 -9999 -9999 -9999 -9999 -9999 -9999 -9999
-9999 -9999 -9999 -9999 -9999 -9999 -9999 -9999 -9999 -9999 -9999 -26.106503787916154 -26.13305254602481 -26.064386426288962 -26.076212315496218 -25.78407351128028 -25.644541273683146 -25.615498491319947 -25.010281576653533 -25.370203375350684 -25.2405923765922 -25.39435313674419 -25.339397754317716 -25.356039584270157 -25.445857435910273 -25.354320222977552 -25.17564020147952 -24.891012460863948 -24.881229581878237 -24.927755053418327 -24.95895210325556 -25.06407754762989 -25.086632015082337 -25.05811912521882 -25.01488004416308 -25.308919336990982 -25.395240284178573 -25.2919637801976 -25.20529772422236 -25.93643082951641 -9999 -9999 -9999 -9999 -9999 -9999 -9999 -9999 -9999 -9999 -9999 -9999
-9999 -9999 -9999 -9999 -9999 -9999 -9999 -9999 -9999 -9999 -26.38400529851408 -26.10901092669076 -26.390975686357073 -26.3056333025553 -25.82015401708043 -25.7421729253686 -25.421556948360216 -25.67084376048297 -25.580890066091623 -25.740180199459683 -25.58287058551998 -25.53386494592237 -25.456734655789386 -25.40809989560639 -25.339218576357737 -25.474345267831307 -25.482050321834244 -25.12231341401196 -24.939622848922305 -24.948821778550908 -24.903809780032248 -24.89238388314033 -25.016362716565318 -25.060506805494104 -25.08945804251277 -25.31211515155661 -25.296653778636426 -25.07496887301702 -25.11623265774435 -9999 -9999 -9999 -9999 -9999 -9999 -9999 -9999 -9999 -9999 -9999 -9999 -9999
-9999 -9999 -9999 -9999 -9999 -9999 -9999 -9999 -9999 -9999 -9999 -9999 -25.686234120664228 -25.68322655046359 -25.700172525628105 -25.578902692615014 -25.71455241440107 -25.786172946550604 -25.949491360245034 -25.843115213063914 -25.826919798131872 -25.817486092448235 -25.647679831043053 -25.37286549913899 -25.377822936937694 -25.396655603676386 -25.46515039085289 -25.318262508624922 -25.260928113863844 -25.166929090213355 -25.022968166345812 -24.850493322086074 -24.856106002977036 -24.926569760736562 -25.069912168926194 -25.310168280367456 -25.290756422014017 -25.094454989080194 -25.128894676737808 -26.090384250041094 -9999 -9999 -9999 -9999 -9999 -9999 -9999 -9999 -9999 -9999 -9999 -9999
-9999 -9999 -9999 -9999 -9999 -9999 -9999 -9999 -9999 -9999 -9999 -25.5509779398613 -26.301543201299623 -26.33476433089084 -26.189022798921265 -25.93797925448693 -25.78393018140417 -25.85557903013314 -25.91954029373744 -25.624979382117644 -25.66670565948943 -25.809268894018196 -25.772195448957227 -25.354286345309053 -25.22207567533073 -25.31256267742213 -25.35180968206133 -24.998766237667397 -25.00224896463687 -25.084817041764442 -25.03546988202826 -24.912265154168658 -24.913263690030284 -24.85084679093131 -24.901286060678892 -25.11585280574534 -25.091413496467084 -24.915209045006048 -25.180815829166576 -9999 -9999 -9999 -9999 -9999 -9999 -9999 -9999 -9999 -9999 -9999 -9999 -9999
-9999 -9999 -9999 -9999 -9999 -26.91746976090919 -26.69670635860656 -26.652349062506925 -26.708569647136912 -26.67068799271289 -26.481317717946414 -25.246224200353023 -25.184169005926538 -26.07649854582775 -26.346975539608486 -25.895680873897728 -25.812528175180372 -25.804401137542143 -25.75620864315525 -25.141134933406573 -25.083892218525644 -25.092284816337514 -25.114812361906573 -24.80332473074289 -24.950678473986358 -25.05587015185586 -25.05939208932788 -24.82631184089848 -24.731425787079267 -24.5827559502188 -24.620691411176942 -24.974918139086146 -24.95881041971481 -24.94308060778143 -24.940783305478323 -24.97033702197444 -24.983240632563017 -24.972776454346985 -9999 -9999 -9999 -9999 -9999 -9999 -9999 -9999 -9999 -9999 -9999 -9999 -9999 -9999
-9999 -9999 -9999 -9999 -26.831560725305714 -26.6293706449923 -26.514144505738567 -26.141094388905916 -26.180244869714517 -26.141616372391578 -26.28158992190805 -26.17857477018286 -26.299283476708368 -26.29559442245037 -26.481580237999722 -26.09306569581689 -25.945332243998088 -25.892278749252792 -25.91772022329109 -25.271906651657723 -25.116584712214284 -25.01567423673671 -24.851757367344014 -24.611517866567265 -24.73138370010597 -24.64196590226873 -24.624137270244077 -24.508830892792698 -24.572605857078962 -24.62882166440882 -24.67534020213086 -24.9366614894496 -24.800357978487305 -24.893871944195226 -24.987700981007 -9999 -9999 -9999 -9999 -9999 -9999 -9999 -9999 -9999 -9999 -9999 -9999 -9999 -9999 -9999 -9999 -9999
-9999 -9999 -9999 -26.622900688393127 -26.63569053794945 -26.519734813062392 -26.42805125208005 -26.44961602263072 -26.23197632554271 -26.204851156971216 -26.25096491297059 -26.085564007618178 -26.0765059979268 -26.260202682111412 -26.418340580902342 -25.98172990736835 -25.895375479883317 -25.931022014246203 -25.944567070869002 -25.49630575074369 -25.401151233696904 -25.103513000371017 -24.74496988180782 -24.42967763002557 -24.72285936185685 -24.71366636827588 -24.588105712389652 -24.41092278605894 -24.31259468791034 -24.304804335651998 -24.45539687656919 -9999 -9999 -9999 -9999 -9999 -9999 -9999 -9999 -9999 -9999 -9999 -9999 -9999 -9999 -9999 -9999 -9999 -9999 -9999 -9999 -9999
-9999 -9999 -9999 -26.667097552497268 -27.375424799894024 -26.599646307710234 -25.933678790744718 -25.86888552995641 -26.052111689001322 -26.35221648187903 -26.30738197825849 -26.00894657075 -26.103052092574377 -26.2541383420846 -26.262944786546182 -25.783334043261643 -25.820271062037055 -25.90791888674721 -25.876913551463872 -25.2306312459683 -25.242099479367226 -25.243509874314718 -24.81384275622828 -24.20825116506413 -24.172964724185675 -24.095946899109073 -24.398864284218487 -24.587038571460408 -24.42531821840321 -9999 -9999 -9999 -9999 -9999 -9999 -9999 -9999 -9999 -9999 -9999 -9999 -9999 -9999 -9999 -9999 -9999 -9999 -9999 -9999 -9999 -9999 -9999
-9999 -9999 -9999 -25.96030715111967 -26.973614178557433 -25.80991441890112 -25.69146309697839 -25.648307914987374 -25.64799122882845 -25.771292515220534 -25.99819538995381 -25.98105197944476 -25.627936586251725 -25.578381077933088 -25.82504735676491 -25.82316810295553 -25.80856091826749 -25.872225271132976 -25.86769168696407 -25.057148060234994 -24.97086971656055 -25.0126826795142 -25.03583257337627 -25.335348310596924 -25.337313873085964 -24.85120177169776 -24.44464374590746 -23.952582667399522 -9999 -9999 -9999 -9999 -9999 -9999 -9999 -9999 -9999 -9999 -9999 -9999 -9999 -9999 -9999 -9999 -9999 -9999 -9999 -9999 -9999 -9999 -9999 -9999
-9999 -9999 -9999 -25.553604301753573 -25.453412905720104 -25.63503774055077 -25.347776319791123 -25.430124858394265 -25.649431207784172 -25.956583530014463 -25.972364972467012 -25.933424494249508 -25.795131557661556 -25.730369493183073 -25.971423040447842 -25.85958759108073 -25.834974282846343 -25.873452842741717 -25.89587949584845 -24.93580420236305 -24.810771147315588 -24.773713659616593 -24.850232070109442 -25.050914649689652 -25.054858317740425 -24.956956968156863 -24.62818729792438 -9999 -9999 -9999 -9999 -9999 -9999 -9999 -9999 -9999 -9999 -9999 -9999 -9999 -9999 -9999 -9999 -9999 -9999 -9999 -9999 -9999 -9999 -9999 -9999 -9999
-9999 -9999 -9999 -9999 -25.867671050111074 -25.63341134881763 -25.61913393777997 -25.465095660325304 -25.760843964212608 -25.80178348645163 -25.971082139456566 -26.049219949960552 -26.05609124858418 -25.91951293528647 -25.85027261309164 -25.623775708732072 -25.616883559253715 -25.750899839660395 -25.829183537796464 -24.907070943761774 -24.836912270432904 -24.89494780274918 -24.802137005102374 -24.586741458260175 -9999 -9999 -9999 -9999 -9999 -9999 -9999 -9999 -9999 -9999 -9999 -9999 -9999 -9999 -9999 -9999 -9999 -9999 -9999 -9999 -9999 -9999 -9999 -9999 -9999 -9999 -9999 -9999
-9999 -9999 -9999 -9999 -25.708571504315604 -25.61351077319325 -25.93422081700081 -25.850848524810985 -26.07127398321324 -26.06653564652104 -25.89331898892946 -25.570648639746327 -25.691373589266416 -25.8113940567912 -25.871617997166414 -25.546876671825252 -25.625672766027733 -25.678509477890376 -25.529607053198248 -24.82797778345159 -24.903521000650592 -24.958950788815226 -24.805515422101088 -24.695806429498703 -24.33567889745388 -9999 -9999 -9999 -9999 -9999 -9999 -9999 -9999 -9999 -9999 -9999 -9999 -9999 -9999 -9999 -9999 -9999 -9999 -9999 -9999 -9999 -9999 -9999 -9999 -9999 -9999 -9999
