metrics/grid_rasters/GLDAS/grideval_GLDAS_Y_2016_absolute_bias.asc
ncols 52
nrows 55
xllcorner     11.25
yllcorner     55.25
cellsize      0.25
NODATA_value  -9999
[rows 0 to 27 of 55, columns 0 to 51 of 52]
-9999 -9999 -9999 -9999 -9999 -9999 -9999 -9999 -9999 -9999 -9999 -9999 -9999 -9999 -9999 -9999 -9999 -9999 -9999 -9999 -9999 -9999 -9999 -9999 -9999 -9999 -9999 -9999 -9999 -9999 -9999 -9999 -9999 -9999 -9999 -9999 -33.03879967561918 -32.512959244737374 -33.20104251952099 -9999 -9999 -9999 -9999 -9999 -9999 -9999 -9999 -9999 -9999 -9999 -9999 -9999
-9999 -9999 -9999 -9999 -9999 -9999 -9999 -9999 -9999 -9999 -9999 -9999 -9999 -9999 -9999 -9999 -9999 -9999 -9999 -9999 -9999 -9999 -9999 -9999 -9999 -9999 -9999 -9999 -9999 -9999 -9999 -9999 -9999 -9999 -9999 -9999 -31.175950359451317 -32.301795233651745 -30.655842299272862 -29.882460069847728 -30.093859859345265 -32.69736452455139 -9999 -9999 -9999 -9999 -9999 -9999 -9999 -9999 -9999 -9999
-9999 -9999 -9999 -9999 -9999 -9999 -9999 -9999 -9999 -9999 -9999 -9999 -9999 -9999 -9999 -9999 -9999 -9999 -9999 -9999 -9999 -9999 -9999 -9999 -9999 -9999 -9999 -33.54751891805663 -32.88919037574383 -33.32324669808353 -33.72773663553568 -33.820676626484904 -32.78878206599381 -33.15375073900436 -9999 -33.377610678346876 -33.545665615100845 -31.54209211854457 -33.22334137615936 -32.38002606336271 -32.771568849662444 -32.881380566166804 -32.84122499404729 -32.70063382136773 -32.597689145712856 -32.48880498738745 -9999 -9999 -9999 -9999 -9999 -9999
-9999 -9999 -9999 -9999 -9999 -9999 -9999 -9999 -9999 -9999 -9999 -9999 -9999 -9999 -9999 -9999 -9999 -9999 -9999 -9999 -9999 -9999 -9999 -9999 -9999 -9999 -9999 -33.953536975253485 -31.63530828150325 -32.31896763186027 -29.36490228496329 -31.50146807846232 -32.129224751546694 -33.33876867486988 -33.18736031710532 -33.21329317646498 -33.17861725869359 -33.2593222207802 -33.07601479069925 -32.84731960106804 -32.826388620837626 -32.49641880642399 -32.26610442839278 -32.55123651364075 -32.72371883890362 -32.71743287200037 -32.53338395141045 -32.562706544002914 -9999 -9999 -9999 -9999
-9999 -9999 -9999 -9999 -9999 -9999 -9999 -9999 -9999 -9999 -9999 -9999 -9999 -9999 -9999 -9999 -9999 -9999 -9999 -9999 -9999 -9999 -35.610827695293345 -33.9379745155695 -33.94703325949853 -34.73820203642457 -32.05932586231966 -30.984293168502266 -31.06889225603616 -30.63682868256351 -30.215834318207264 -31.109659163164267 -31.76336123482859 -33.47573626960012 -33.44306383933872 -32.996250411001924 -32.735622180004924 -32.47253347727689 -32.28439129213675 -32.29651927442641 -32.099261463848784 -32.06648826948749 -32.09007872466018 -32.3514483267075 -32.403135438663426 -32.45232272662141 -32.518049358751604 -32.74624604884474 -32.903827775508944 -9999 -9999 -9999
-9999 -9999 -9999 -9999 -9999 -9999 -9999 -9999 -9999 -9999 -9999 -9999 -9999 -9999 -9999 -9999 -9999 -9999 -9999 -9999 -9999 -35.22006595131682 -35.52773124461006 -34.192774610023925 -34.75155098727126 -35.40970408451321 -34.03711144522321 -33.98745227503321 -31.374054963756446 -33.24349079725887 -33.48446867922372 -31.688759130267982 -33.262340091062015 -32.168464838349024 -33.18485953179926 -32.71066176489789 -32.603677147062996 -32.380088172568 -32.2175517071578 -32.11020532953731 -32.06990687738432 -32.016352972036096 -31.95312018771885 -32.127055927994014 -32.10158976863133 -32.17963162172952 -32.350695585353606 -32.64448884518339 -32.75155110931523 -9999 -9999 -9999
-9999 -9999 -9999 -9999 -9999 -9999 -9999 -9999 -9999 -9999 -9999 -9999 -9999 -9999 -9999 -9999 -9999 -9999 -9999 -9999 -35.713094811906906 -35.102840006341296 -35.20985339723446 -33.8401603657508 -30.57632559350605 -29.87079650288845 -30.401510878888477 -31.11123616403081 -33.81266807475702 -33.381976033779765 -33.147244532261794 -32.82944929575843 -32.65660111974579 -32.68196576725834 -32.82064662710382 -32.402896200174396 -32.348972737901114 -32.30775458293921 -32.14442102272633 -32.082895756159694 -31.93045724776212 -31.98725934608081 -32.131671543457024 -32.21615541867322 -32.22173950171271 -32.24033344747203 -32.40479962335889 -32.54265783620805 -32.705878308032716 -32.8536302073874 -9999 -9999
-9999 -9999 -9999 -9999 -9999 -9999 -9999 -9999 -9999 -9999 -9999 -9999 -9999 -9999 -9999 -9999 -9999 -9999 -9999 -9999 -9999 -34.431030838908065 -34.141119241846795 -31.334990190627064 -32.61548281639122 -32.250999104028025 -31.66507749555663 -30.647654743335856 -32.87713698418353 -32.760533864553906 -32.64573254854586 -32.77206057399674 -32.576505399090266 -32.35209003953986 -32.32855700858222 -32.03860345706242 -32.01913323979621 -31.952815810533988 -31.84461236172585 -31.865603296773234 -31.823810535773145 -31.839119036900787 -31.968508561900077 -32.196587972169944 -32.14273942597312 -32.22053046167263 -32.33613053649216 -32.31663764431014 -32.47980548823609 -9999 -9999 -9999
-9999 -9999 -9999 -9999 -9999 -9999 -9999 -9999 -9999 -9999 -9999 -9999 -9999 -9999 -9999 -9999 -9999 -9999 -9999 -34.487117743475835 -34.10739325659726 -34.07330288383805 -34.410951690890826 -32.721827594685514 -31.72004979766417 -33.382591405226925 -33.07447174380793 -32.44897843979788 -32.29418490043857 -32.20082217668148 -32.106468528122356 -31.63837939275866 -31.278546768545986 -31.08669285468065 -30.85633871086512 -30.462976464925365 -30.563399239886003 -30.550093794409488 -31.030160290886307 -31.697770400547878 -31.718195806231986 -31.65921653624461 -31.589480548491448 -31.627843742732143 -31.624176465753532 -31.86383821152639 -32.06562386122863 -32.42322904461883 -32.28727160070519 -32.46451376448258 -32.59700085874647 -9999
-9999 -9999 -9999 -9999 -9999 -9999 -9999 -9999 -9999 -9999 -9999 -9999 -9999 -9999 -9999 -9999 -9999 -9999 -33.53384228034423 -34.43608338546639 -34.2030715430817 -34.0591781577757 -34.36878812585861 -34.363938674865075 -33.68779127221412 -33.72465731532827 -33.67934564470003 -32.904031052152355 -32.79705891727669 -32.41591562620298 -31.998816522123303 -32.066664874894656 -32.056630231923535 -31.954394331491994 -31.82628382670139 -31.697518120189017 -30.57963602724256 -31.582575317192315 -31.17829596507745 -31.48549938643137 -31.777142713217913 -31.820366325752573 -31.620304516598054 -31.616514596233117 -31.597466514267715 -31.727018352760805 -31.94109541980825 -32.38862279128242 -32.1581881860719 -32.55408099331369 -32.4006512243036 -9999
-9999 -9999 -9999 -9999 -9999 -9999 -9999 -9999 -9999 -9999 -9999 -9999 -9999 -9999 -9999 -9999 -9999 -33.61141975743116 -33.489228317178174 -32.374996403883635 -33.9968312999254 -33.815712961963705 -33.60127915080657 -33.601744548946904 -33.53541593028161 -33.53688486337234 -33.17020717663741 -32.219421450796794 -32.201530383665705 -32.18680447055526 -31.96015750627476 -31.817718565687947 -32.14252737217425 -32.267930602649734 -32.29959098546374 -32.11472290528358 -31.75763144349689 -31.50081223909504 -31.48954002520507 -31.444866659781322 -31.50037264294637 -31.55842417903 -31.456881675192367 -31.571818031843932 -31.433506978222784 -31.58802823686738 -31.6476502661578 -32.259983396615645 -32.251997780802924 -32.46152894928685 -9999 -9999
-9999 -9999 -9999 -9999 -9999 -9999 -9999 -9999 -9999 -9999 -9999 -9999 -9999 -36.50906888464761 -35.998983093318564 -34.8170268164001 -34.78999138837222 -35.013594172080694 -32.89322763860552 -34.005919748764555 -31.98531420524817 -33.878663837629794 -33.58666562746518 -33.55436943286694 -33.498718715985326 -33.19930714107235 -33.13975453434278 -32.22850950613944 -32.13871678597513 -31.911909225865017 -31.926754218780648 -31.63496171830151 -32.12081942922573 -32.302268699310275 -32.39701902045985 -32.218522563469826 -32.06030937717322 -31.935135926191233 -31.495523619679275 -32.065213249009 -31.882282922990985 -31.92691577659523 -32.12170548334494 -32.10760576263721 -32.048405720597856 -32.520097978204454 -32.868987295084466 -33.066703619298025 -33.067901038798844 -33.104677108645724 -33.06395218884216 -9999
-9999 -9999 -9999 -9999 -9999 -9999 -9999 -9999 -9999 -9999 -9999 -9999 -9999 -35.379868382923924 -35.23490900039429 -34.865071388409355 -35.13852537869186 -35.08601007772395 -34.92997775782572 -33.80965442850656 -33.65448993687706 -33.52354675584824 -33.43226267727184 -33.28483448596417 -33.17866349678813 -32.84648908085897 -32.72955421886605 -32.26446376817779 -32.06800907707768 -31.92307848355585 -32.015971381120536 -31.5599509767903 -32.00928480358275 -31.956425533579058 -32.00627873010445 -32.05263638209877 -31.96460583009579 -32.421865249073 -32.418318216495535 -32.96381390023 -32.94981520346116 -33.10210535592842 -33.00497705898568 -33.10587422103911 -33.06959684316293 -31.935535660868545 -31.743282198671842 -32.041829538205896 -32.00966543918526 -31.995231437405234 -32.06503569518465 -33.885975121164215
-9999 -9999 -9999 -9999 -9999 -9999 -9999 -9999 -9999 -9999 -9999 -9999 -9999 -35.47210377421169 -35.258863536747874 -34.72436629928384 -34.45735898707062 -34.54103537968518 -34.59922190292489 -33.65357810108734 -33.593692174145716 -33.52875414665768 -33.078377316288574 -33.068052202330826 -32.925256663287065 -32.88432814044461 -32.819494177414306 -32.38233422949564 -32.12272064572536 -32.032841703849414 -31.92172099329287 -31.806485148426646 -32.00276154710764 -32.099138645180425 -32.16084105158072 -32.20461428414807 -32.25769167260618 -32.496601661611244 -32.66429494400229 -33.048502057327646 -33.147392375562646 -33.029553345709914 -33.05192563959647 -32.673608742542356 -9999 -9999 -9999 -9999 -9999 -9999 -9999 -9999
-9999 -9999 -9999 -9999 -9999 -9999 -9999 -9999 -9999 -9999 -9999 -9999 -9999 -35.32144988483439 -35.01985847099577 -34.55773176359206 -34.69693944155865 -34.45341824014452 -34.143204340904624 -32.77873788660524 -32.65219102298607 -32.662801402804185 -32.86657382722924 -33.08911093111694 -32.97495455151332 -32.844166790547426 -32.82981110593721 -32.279592815430355 -32.03088002055985 -31.875748066216346 -31.90561584372562 -31.696326038851076 -31.91214096918702 -32.157200491753066 -32.26298599872901 -32.35307348796416 -32.4396526162192 -32.604673008973926 -32.779787854520514 -33.031583735698966 -32.68325501552126 -9999 -9999 -9999 -9999 -9999 -9999 -9999 -9999 -9999 -9999 -9999
-9999 -9999 -9999 -9999 -9999 -9999 -9999 -9999 -9999 -9999 -9999 -9999 -35.256618502483676 -35.0360853697728 -34.824070816589874 -34.64258764652647 -34.439187006124094 -34.18278580961515 -33.85372466012286 -32.74633939387124 -32.79393165319893 -32.627772305501736 -32.63701496797975 -32.75721856297752 -32.71318759493367 -32.6806023777488 -32.74576844585948 -32.44216646418444 -32.30842598308835 -32.23839669523486 -32.18473818243222 -32.058975433437105 -32.19852718681382 -32.336818033284786 -32.39488383881809 -32.39971793283673 -32.44586766487283 -32.668540305875325 -32.68051616834792 -32.596313617517914 -31.29034074168408 -9999 -9999 -9999 -9999 -9999 -9999 -9999 -9999 -9999 -9999 -9999
-9999 -9999 -9999 -9999 -9999 -9999 -9999 -9999 -9999 -9999 -9999 -34.23113066370248 -34.11223598418483 -34.18659668167941 -34.17591444604974 -33.905862824579124 -33.714617307369124 -33.241835421159905 -33.10272649393158 -32.24089564911289 -32.095247678641904 -32.24620636104214 -32.137490619360754 -31.991085363557065 -31.989629835007413 -32.027436819975904 -32.05277243578715 -31.960265142425808 -31.974125457377948 -32.0691106714807 -32.12820057685441 -32.00436974417092 -32.147860830028854 -32.31776194229641 -32.35806141484305 -32.75841791814325 -32.82083977224519 -32.49831859933854 -32.11588697510013 -31.64531427971469 -9999 -9999 -9999 -9999 -9999 -9999 -9999 -9999 -9999 -9999 -9999 -9999
-9999 -9999 -9999 -9999 -9999 -9999 -9999 -9999 -9999 -9999 -34.201344928973924 -33.64460861822845 -34.086272139382125 -34.102776748667694 -33.90527696986912 -33.217954712726495 -32.905193019851716 -32.828437260285924 -32.871459641275024 -32.08681898445522 -31.87018463761123 -31.92900226602097 -31.58061269241197 -31.3801792308108 -31.40095808426213 -31.726195750386537 -31.955510579039412 -31.806782997854548 -31.920681548131824 -31.972669006513605 -32.01193047409541 -32.10867217522053 -32.16420599833497 -32.283009481555254 -32.40313958458582 -32.91609011057642 -32.55460221987075 -32.11761101938357 -32.008665318046106 -9999 -9999 -9999 -9999 -9999 -9999 -9999 -9999 -9999 -9999 -9999 -9999 -9999
-9999 -9999 -9999 -9999 -9999 -9999 -9999 -9999 -9999 -9999 -9999 -9999 -33.955959310561745 -33.49064759725369 -33.170997208890206 -32.879073997241925 -32.715653837220785 -32.79765383493094 -32.927422553209254 -31.954919941942183 -31.686885221805326 -32.04188951074853 -31.784888889492983 -31.513305676775307 -31.1515060403369 -30.958789793229947 -31.27055830810769 -31.47494792451705 -31.724147782493077 -31.036516200812134 -31.810689536951323 -31.990031621429072 -31.981708882656456 -32.133147728196825 -32.198748450960366 -32.6230068328826 -32.409516710513195 -31.92026718189848 -31.663144257260605 -31.42867984022192 -9999 -9999 -9999 -9999 -9999 -9999 -9999 -9999 -9999 -9999 -9999 -9999
-9999 -9999 -9999 -9999 -9999 -9999 -9999 -9999 -9999 -9999 -9999 -33.462956686555074 -33.69404151917644 -34.086232069935754 -33.636135733009525 -32.764261822714964 -32.505262631805905 -32.70958737142465 -32.8319129355893 -31.83967109520721 -31.80453327053375 -31.487431475490613 -31.35499191191556 -31.144871778658953 -31.4328761849644 -31.746076593160268 -31.59479560931035 -31.443233384089183 -31.65232061564189 -31.852523877438088 -31.701921999810747 -31.99821953596598 -32.002090391677505 -31.904005619112016 -32.011458538370874 -32.20077995125388 -32.01495928358022 -31.309500799438013 -29.31002929906457 -9999 -9999 -9999 -9999 -9999 -9999 -9999 -9999 -9999 -9999 -9999 -9999 -9999
-9999 -9999 -9999 -9999 -9999 -35.149962640403075 -35.16688290703533 -34.258977994943656 -34.56543792546549 -34.38914525153146 -34.03588364651946 -33.376340112959355 -32.99046458919212 -33.08018019794909 -33.20134262657149 -32.67886397039996 -32.599776626722324 -32.51776546883636 -32.53657370841365 -31.11287023139802 -30.91963722106945 -30.99544266276469 -31.14505981777596 -30.793709447917838 -31.078731867958044 -31.260552374742762 -31.29297924945589 -31.37201344728205 -31.41883766310686 -31.38714067806373 -31.482672168791822 -32.0905489704363 -31.965138604269047 -31.828624464281397 -31.679278413403804 -31.11334518786479 -29.8104415516537 -28.529649572681045 -9999 -9999 -9999 -9999 -9999 -9999 -9999 -9999 -9999 -9999 -9999 -9999 -9999 -9999
-9999 -9999 -9999 -9999 -35.097927249138515 -34.73259636447281 -33.94628697447479 -33.37154219225761 -33.539555593994265 -33.279174386462586 -33.20710026244302 -33.122881307205574 -33.035398120925734 -32.84981863267333 -33.03373210961661 -32.87693154472919 -32.57343194845941 -32.60174025417575 -32.73112189189068 -31.580097024675073 -31.30634421776329 -31.12051327156076 -31.08471092071812 -30.73838612826572 -30.849184045252574 -30.886162711292144 -30.912511095475875 -31.268599859265805 -31.326690200935094 -31.302245412077852 -31.35701647140289 -31.867916200070802 -31.29518314065727 -29.291464608661386 -28.118978089352694 -9999 -9999 -9999 -9999 -9999 -9999 -9999 -9999 -9999 -9999 -9999 -9999 -9999 -9999 -9999 -9999 -9999
-9999 -9999 -9999 -34.820630440651314 -34.868929496996834 -34.476071328937486 -34.32642459679049 -33.89053338037834 -33.140408225764666 -32.441487171198624 -32.00503303953879 -31.89736072377612 -31.734446979692727 -32.05930257546385 -32.5950697783452 -32.4165794681147 -32.39538469531477 -32.46758911027853 -32.67180056707129 -31.75908935405416 -31.619442048380808 -31.448159287195107 -31.0983819847499 -30.83051674855273 -30.956151040871447 -30.977121340329727 -30.948289804048628 -31.163337724481817 -31.081838648623787 -30.91366178880298 -30.451832002344357 -9999 -9999 -9999 -9999 -9999 -9999 -9999 -9999 -9999 -9999 -9999 -9999 -9999 -9999 -9999 -9999 -9999 -9999 -9999 -9999 -9999
-9999 -9999 -9999 -35.565190950418746 -35.15711967910696 -35.55133192532294 -35.4776533323447 -34.48877189219344 -34.280682641524265 -33.84552424593925 -32.95261686301378 -31.24488836467836 -30.10396256228614 -31.461497392037202 -32.1514830009279 -32.079537111873954 -32.272576580465326 -32.38276492316235 -32.410180699416124 -31.51834219808136 -31.568380624142375 -31.47713042660285 -31.22753003822345 -30.71472937929256 -30.742307153627113 -30.7054950474848 -31.00052661780024 -31.13406258845916 -30.724443127782866 -9999 -9999 -9999 -9999 -9999 -9999 -9999 -9999 -9999 -9999 -9999 -9999 -9999 -9999 -9999 -9999 -9999 -9999 -9999 -9999 -9999 -9999 -9999
-9999 -9999 -9999 -34.60139237833845 -34.839776448304946 -34.63902675643401 -34.436500475482376 -34.21176906755001 -33.84446427741602 -33.72670145079371 -33.71050726850848 -31.90497810842948 -30.6026806023094 -30.592942099870683 -31.181336854813534 -31.85326732335805 -32.165697642535875 -32.441600366215646 -32.49690956690557 -31.506765681405447 -31.41713754586937 -31.434223669978074 -31.3882114474453 -31.773170744033298 -31.75470149161325 -31.350767863171352 -30.886876497926607 -29.123833707162266 -9999 -9999 -9999 -9999 -9999 -9999 -9999 -9999 -9999 -9999 -9999 -9999 -9999 -9999 -9999 -9999 -9999 -9999 -9999 -9999 -9999 -9999 -9999 -9999
-9999 -9999 -9999 -34.53385710872995 -34.48671821639186 -34.695489048845864 -34.397505885295445 -34.035450772336524 -33.78036287513465 -33.66511615197291 -33.120580685014524 -32.04457829695684 -31.19378864821657 -31.08698006758029 -31.44223375641868 -31.980743532883302 -32.04985406258922 -32.14152565509427 -32.20294155713293 -31.349774804083328 -31.296341073709478 -31.216611792944132 -31.274012598748538 -31.57228266881382 -31.537158930414645 -31.135427720844746 -28.281323574524112 -9999 -9999 -9999 -9999 -9999 -9999 -9999 -9999 -9999 -9999 -9999 -9999 -9999 -9999 -9999 -9999 -9999 -9999 -9999 -9999 -9999 -9999 -9999 -9999 -9999
-9999 -9999 -9999 -9999 -34.513967096800485 -34.192821136136324 -34.154963154020045 -33.713773996202804 -33.445773219323314 -33.35890472536306 -33.1425205796672 -31.982980730678744 -31.94900191635341 -31.283249621075967 -31.14970356634121 -31.479636447605948 -31.572594943751522 -31.825133929293745 -31.95138424897027 -31.059000103836215 -31.071754815291023 -31.235074537241317 -31.008988936375733 -30.895392837303127 -9999 -9999 -9999 -9999 -9999 -9999 -9999 -9999 -9999 -9999 -9999 -9999 -9999 -9999 -9999 -9999 -9999 -9999 -9999 -9999 -9999 -9999 -9999 -9999 -9999 -9999 -9999 -9999
-9999 -9999 -9999 -9999 -34.11058304447661 -34.00930899379093 -34.17707256730035 -34.113652650170195 -33.616879615199856 -32.31986712423138 -31.687276175372872 -30.99710616572185 -31.082459245411464 -31.18027040337421 -31.191302060485498 -31.302557215745985 -31.544279864246203 -31.654185677644453 -31.479219093079085 -30.99086827197484 -30.899517476680828 -30.93652044395443 -30.20505856204513 -29.813507636754565 -27.834192365168747 -9999 -9999 -9999 -9999 -9999 -9999 -9999 -9999 -9999 -9999 -9999 -9999 -9999 -9999 -9999 -9999 -9999 -9999 -9999 -9999 -9999 -9999 -9999 -9999 -9999 -9999 -9999
