metrics/grid_rasters/GLDAS/grideval_GLDAS_X_spring_2018_absolute_ubrmsd.asc
ncols 52
nrows 55
xllcorner     11.25
yllcorner     55.25
cellsize      0.25
NODATA_value  -9999
[rows 0 to 28 of 55, columns 0 to 51 of 52]
-9999 -9999 -9999 -9999 -9999 -9999 -9999 -9999 -9999 -9999 -9999 -9999 -9999 -9999 -9999 -9999 -9999 -9999 -9999 -9999 -9999 -9999 -9999 -9999 -9999 -9999 -9999 -9999 -9999 -9999 -9999 -9999 -9999 -9999 -9999 -9999 5.338585124523648 5.2958588976334084 6.387775114653487 -9999 -9999 -9999 -9999 -9999 -9999 -9999 -9999 -9999 -9999 -9999 -9999 -9999
-9999 -9999 -9999 -9999 -9999 -9999 -9999 -9999 -9999 -9999 -9999 -9999 -9999 -9999 -9999 -9999 -9999 -9999 -9999 -9999 -9999 -9999 -9999 -9999 -9999 -9999 -9999 -9999 -9999 -9999 -9999 -9999 -9999 -9999 -9999 -9999 5.184162831306028 5.1118098819918405 5.1583203312022805 5.290019520545526 6.118461731538211 7.324460389152191 -9999 -9999 -9999 -9999 -9999 -9999 -9999 -9999 -9999 -9999
-9999 -9999 -9999 -9999 -9999 -9999 -9999 -9999 -9999 -9999 -9999 -9999 -9999 -9999 -9999 -9999 -9999 -9999 -9999 -9999 -9999 -9999 -9999 -9999 -9999 -9999 -9999 7.601363719223112 8.476946147894232 7.831192610646434 5.7055471939345255 6.227681894432719 7.548905375573142 7.044483936536071 -9999 6.949371480114692 5.821111502688245 5.613214344670258 7.256417119184473 7.6711894607321165 8.157392451786533 8.325542692122736 8.323261769032396 8.606658708465464 8.380911027873298 8.244381227607418 -9999 -9999 -9999 -9999 -9999 -9999
-9999 -9999 -9999 -9999 -9999 -9999 -9999 -9999 -9999 -9999 -9999 -9999 -9999 -9999 -9999 -9999 -9999 -9999 -9999 -9999 -9999 -9999 -9999 -9999 -9999 -9999 -9999 5.3675685958530375 6.5096678940957275 5.232827846072756 5.904776123729897 5.960756625045157 5.723960228710187 7.577912800333734 7.877761205332863 8.537612603015727 8.423791882261998 8.363720786262697 8.554271583321738 8.953870984702966 9.068662073767882 8.809169206162547 9.212965963100109 9.088200759954775 9.07995649087298 8.885074511048057 8.916744159519519 9.107694210102867 -9999 -9999 -9999 -9999
-9999 -9999 -9999 -9999 -9999 -9999 -9999 -9999 -9999 -9999 -9999 -9999 -9999 -9999 -9999 -9999 -9999 -9999 -9999 -9999 -9999 -9999 0.0885527240552564 7.144409830144972 6.474587391151059 4.605169899251977 4.774326999329879 5.070371199708676 5.204682372287494 5.376432786406633 5.6437436131182395 5.027454449180048 6.186326389682534 6.7747576820617885 7.827932409959314 8.761416071584554 9.159599767839037 9.412588063913859 9.542915754667002 9.678339488183502 9.697408280983897 9.591733138316442 9.463416523844405 9.534359254636827 9.3984332464529 9.26635159778168 9.470948865040773 9.616739725300476 9.618569594197707 -9999 -9999 -9999
-9999 -9999 -9999 -9999 -9999 -9999 -9999 -9999 -9999 -9999 -9999 -9999 -9999 -9999 -9999 -9999 -9999 -9999 -9999 -9999 -9999 2.7885984959359336 3.0231218375703213 7.3732237493271215 3.915172025858933 1.371102605189262 5.9249441848122 3.1060440844849477 4.786854394508377 6.033223898988467 5.921460275867371 6.07012079323889 6.464929330931764 7.271350801058126 8.23406233870038 9.182148763788065 9.347138312805695 9.658971913830307 9.686011183727311 9.921001667383015 9.759476798088153 9.67987087437685 9.742018746487043 9.931364658151525 9.959769272687153 9.797763507986966 9.674977466068583 9.841872464906317 9.867695186077777 -9999 -9999 -9999
-9999 -9999 -9999 -9999 -9999 -9999 -9999 -9999 -9999 -9999 -9999 -9999 -9999 -9999 -9999 -9999 -9999 -9999 -9999 -9999 0.04004190007557769 0.2449563992990997 0.9179955234624506 4.450073919130293 5.627632802593324 6.262036784144268 6.159938023350677 4.849996416342165 6.165992616018527 7.124995233212159 7.962435246198956 7.79593206922827 8.26531604087893 8.448636236502018 8.630074617819297 9.39649674973456 9.575976747713675 9.658922609560387 9.810699042452136 10.107505710666539 10.173724052916413 9.987867570961091 9.923211683989699 10.20417044196588 10.502905893999127 10.533973559725363 10.450341219238977 10.553837754695033 10.561224111725096 10.650377295819432 -9999 -9999
-9999 -9999 -9999 -9999 -9999 -9999 -9999 -9999 -9999 -9999 -9999 -9999 -9999 -9999 -9999 -9999 -9999 -9999 -9999 -9999 -9999 4.302598030480364 4.319888044559424 4.984094941938347 4.917534228759124 5.285378686728425 6.118170843597246 6.585694555658409 8.355661849912371 8.452734370130079 8.443729645899467 8.648162453877129 9.205248686505298 9.325554604079645 9.235715693109062 9.916089658896466 9.874334344428217 10.186875281210778 10.416901362581736 10.704133735516868 10.746136188069386 10.528857540180494 10.423115202926194 10.593103669697387 10.717077143777873 10.83885487606866 10.80135335461666 10.799792886450387 10.768092711164083 -9999 -9999 -9999
-9999 -9999 -9999 -9999 -9999 -9999 -9999 -9999 -9999 -9999 -9999 -9999 -9999 -9999 -9999 -9999 -9999 -9999 -9999 4.621816517107508 5.275055510356013 5.649959865863396 3.609695964532637 4.559132543869596 6.531093061248979 7.692865164237938 7.973925089608418 9.131418119233622 9.32417271062986 9.458013345374056 9.69334297415549 10.08746760044268 9.925958528950684 9.869971513944511 9.80405095478172 10.32251945995732 10.331959008720323 10.464726085349026 10.810714549793413 11.168268462619793 11.444140341715887 11.490070236037875 11.495750147793435 11.585032365706114 11.633781049980024 11.683166503906026 11.670939511827045 11.587053045265355 11.53930108799843 11.80975754994121 11.779809578701501 -9999
-9999 -9999 -9999 -9999 -9999 -9999 -9999 -9999 -9999 -9999 -9999 -9999 -9999 -9999 -9999 -9999 -9999 -9999 5.238950425846013 5.78512711456071 6.58880785514088 6.7672245154178885 6.458664187592745 6.997001909186273 7.848693384928764 7.982354382112197 8.190101746374228 9.304249215434119 9.272956021095318 9.55831541028623 10.133031387417573 10.767320358405263 10.742228978404476 10.60455068874226 10.513411764067444 10.98885259829731 10.872253566009297 11.003844022868533 10.958223286050561 11.24014061993001 11.122895837356275 11.36269892155271 11.639719902538907 12.037626786267353 12.05197017533717 11.970344279324527 11.869233805511787 11.87779027700306 11.778216627551974 11.928272339691961 11.966106690540762 -9999
-9999 -9999 -9999 -9999 -9999 -9999 -9999 -9999 -9999 -9999 -9999 -9999 -9999 -9999 -9999 -9999 -9999 5.831956462589423 4.824561676250206 5.304614443308949 7.79383776520666 8.37141880998119 8.536331726694874 8.19957769726059 8.57602083272031 8.607453498462718 8.91223164098201 9.594984680719726 10.079514244950328 9.870095560738253 10.042018026241854 10.35346547059283 10.5515188302448 10.551759598509989 10.53703918836095 11.18394067109098 11.428309900211653 11.568626908115066 11.601094807740589 11.754146862891126 11.69668790683328 11.781641490497448 11.713222516379835 12.0760986550021 12.163815075528085 12.164469252853221 12.0747781909041 12.079584124141807 12.02308874626464 11.979453500257867 -9999 -9999
-9999 -9999 -9999 -9999 -9999 -9999 -9999 -9999 -9999 -9999 -9999 -9999 -9999 3.493227672194805 5.991553424963807 6.300976787980912 6.490006123753984 6.522411874875772 5.592340933777899 7.5499916916769925 7.20374501754838 8.006499692902059 8.615034299325005 8.782762602989273 8.880046973574341 8.939568044304988 8.918388799638983 10.054649118511467 10.104260939068046 10.296177365240464 10.4982539181265 10.580597415639495 10.587004745278472 10.702876293808481 10.807900511360485 11.564700936638989 11.550871220419864 11.710606455941287 11.80047594797543 12.036862720542402 11.989064965691089 11.996847389812812 12.037319000607958 12.013602664118984 11.96731622325756 11.979459688734856 12.014263316426225 11.947211588232882 11.88431913231459 11.897979569413742 11.883256162665507 -9999
-9999 -9999 -9999 -9999 -9999 -9999 -9999 -9999 -9999 -9999 -9999 -9999 -9999 6.425402250322343 7.126420022302746 7.2529421534087835 6.52288354376302 6.636662603344372 7.134779231893165 8.522258958342405 8.653513136258391 8.928013063964436 9.065063400598326 9.413346090889798 9.489848875192598 9.424627409916035 9.51054079124048 10.392817045260033 10.321949510778332 10.423754625732652 10.850241795788255 11.237915233237679 11.28363755031786 11.339485641635369 11.444145669995427 11.841806913651626 11.852580864866193 11.830120277532805 11.829729442434266 11.743164681701314 11.771861052384665 11.83181770417401 11.852589325059435 11.689712978077125 11.420483638505006 11.35115943821043 11.26538687539852 11.30955994164865 11.105183486125446 10.952435724736233 10.845070569115908 10.320796604895904
-9999 -9999 -9999 -9999 -9999 -9999 -9999 -9999 -9999 -9999 -9999 -9999 -9999 6.640862404855982 7.081055246478603 7.6489576928542995 8.029077271990197 7.987991747747687 7.762260226835144 9.026649694732518 8.981415652910256 9.035655372399537 9.598783633723418 9.695361565088731 9.801062950172868 9.808911166383076 9.845384081135911 10.429443471327296 10.48817463367586 10.529881496108276 10.589608755410783 11.240339127635897 11.400607225023535 11.476789466502046 11.403792866900414 11.699516560435848 11.838946093749492 12.00492173651571 12.012171619326887 11.808747419637553 11.807215140194625 11.819109501115127 11.868974762058615 11.622824717318663 -9999 -9999 -9999 -9999 -9999 -9999 -9999 -9999
-9999 -9999 -9999 -9999 -9999 -9999 -9999 -9999 -9999 -9999 -9999 -9999 -9999 6.795154256757102 7.390767512875754 7.998523514402086 7.691764335716552 8.100375464332105 8.560932288079588 9.67134640456392 9.734391119598527 9.749812015780984 9.619082748850971 9.504189154908655 9.736310925272047 9.931831261830961 9.991181826276023 10.73225123036527 10.703616947970787 10.850716033100795 10.839117610866866 11.339384758030322 11.37623968852085 11.44806189113904 11.498517823769806 11.848442976008565 11.848289463918412 11.849792706170302 11.980154696267896 12.00315373144591 11.945216461407087 -9999 -9999 -9999 -9999 -9999 -9999 -9999 -9999 -9999 -9999 -9999
-9999 -9999 -9999 -9999 -9999 -9999 -9999 -9999 -9999 -9999 -9999 -9999 5.765094750083996 6.731143125159608 6.999094271036142 7.581779556369487 8.103530484091849 8.570072836809487 9.013478038137944 9.658421166133143 9.706935477951868 9.795465379221179 9.836720362642485 9.895053213138334 10.032251269244128 10.174538965524189 10.238072969984698 10.850811954173011 10.907596295806592 10.873506372792594 10.966549686597093 11.506907154044569 11.50978786065584 11.508874687625115 11.521910102553036 11.826859361760024 11.860606862828712 11.993618272635148 12.00353162837465 11.990997714505784 11.888019693124724 -9999 -9999 -9999 -9999 -9999 -9999 -9999 -9999 -9999 -9999 -9999
-9999 -9999 -9999 -9999 -9999 -9999 -9999 -9999 -9999 -9999 -9999 9.331519990133348 9.1926754843845 9.01056423318107 8.75645641195975 8.943503356398939 9.315494503610175 9.563376039288034 9.639249391759064 10.34859048330924 10.362109886449073 10.468879676585631 10.451317993677751 10.72424760898026 11.023415857327842 11.27116443371117 11.324866417919848 11.670001156284066 11.652317896546032 11.664471016792982 11.700430681456135 11.80758630552986 11.851718005025633 11.885865032641293 12.026968162264916 11.939758896219091 11.964035799576605 11.994417016949694 12.027156490870974 11.720557002237781 -9999 -9999 -9999 -9999 -9999 -9999 -9999 -9999 -9999 -9999 -9999 -9999
-9999 -9999 -9999 -9999 -9999 -9999 -9999 -9999 -9999 -9999 10.10278278461622 10.156263202146317 9.478759757412737 9.43473479455026 9.625653254274683 9.959232163904325 10.055637326220381 10.086518009387458 9.865114980835967 10.323823551946676 10.515504667462332 10.829205687686894 10.88963962623073 11.068924412559374 10.878655957047911 11.000621414363382 11.263759116331244 11.753713761141901 11.923010915697025 11.79294465931644 11.919148432733536 12.182554562279186 12.129048086369181 12.088432230184774 12.093409880903756 11.923654277191133 11.945202097062767 12.036224667384708 12.088144574268249 -9999 -9999 -9999 -9999 -9999 -9999 -9999 -9999 -9999 -9999 -9999 -9999 -9999
-9999 -9999 -9999 -9999 -9999 -9999 -9999 -9999 -9999 -9999 -9999 -9999 9.86043789867514 10.261257184525014 10.273102599518687 10.116339334663431 10.397091549954961 10.220915981934704 10.171853056480499 10.527038411083495 10.562329596541367 10.784147887917316 10.966615399030651 11.376923909462324 11.282582066133521 11.122363743110581 11.178953474004807 11.679034331258569 11.790368447974815 11.706491157100794 12.03162435523735 12.282152742524154 12.283626085214493 12.188076319933131 12.092159053571178 11.935446556778414 11.931233051032285 12.070750079737234 12.045707894152885 11.738003474610595 -9999 -9999 -9999 -9999 -9999 -9999 -9999 -9999 -9999 -9999 -9999 -9999
-9999 -9999 -9999 -9999 -9999 -9999 -9999 -9999 -9999 -9999 -9999 10.30635930951259 10.219054311065047 9.965556535871832 10.200902782043018 10.384386998502631 10.585340866938989 10.526709529834676 10.55719816042083 11.138900997715448 11.194744175371538 11.002187525068347 11.060979424632066 11.392170019672385 11.50670999236819 11.55843322887268 11.499073753270624 11.859539300812974 11.85018512215152 11.949529904263814 11.860006360397588 12.230466573957285 12.195975262131931 12.165522994394909 12.082083199924336 12.040714357407387 12.006407812141573 11.991892439642124 11.776029403723278 -9999 -9999 -9999 -9999 -9999 -9999 -9999 -9999 -9999 -9999 -9999 -9999 -9999
-9999 -9999 -9999 -9999 -9999 10.504404804080297 10.56949896291521 10.689158957808257 10.204042873920622 10.379614769464947 10.55503117112698 10.769132967587462 11.079297744879655 10.915864817335956 10.71688897670007 10.90561387436438 11.08919497035506 11.347448482349733 11.359570167704724 11.72021567138076 11.74212296062651 11.765643663184528 11.77160066706085 11.94086538301865 11.817300787250524 11.79780622851886 11.8040619690705 12.071803461284132 12.204633382524955 12.238138410966982 12.224638676492498 12.10080376643263 12.11026216069298 12.12423243279317 12.133264787015667 11.540494409777573 11.351059111411347 10.989607205361382 -9999 -9999 -9999 -9999 -9999 -9999 -9999 -9999 -9999 -9999 -9999 -9999 -9999 -9999
-9999 -9999 -9999 -9999 10.65479181630016 10.829779409392275 10.854830020702252 11.008008260003093 10.876453849820962 10.809847556838806 10.697704949647727 10.728684450256901 10.746963305216193 10.963754247557214 10.913586452369735 10.86904661006422 11.02575327045524 11.270245394608397 11.335554505634219 11.677602520640544 11.764712620376386 11.863672865477467 11.979626764577985 12.021791334267581 11.93928159960867 11.963883991750405 11.993119884909424 12.241491947000847 12.240834093067756 12.191147008911269 12.207261880437875 12.097049524156326 12.163580671237485 12.097531938019907 11.874791462083895 -9999 -9999 -9999 -9999 -9999 -9999 -9999 -9999 -9999 -9999 -9999 -9999 -9999 -9999 -9999 -9999 -9999
-9999 -9999 -9999 10.709607286481656 10.870702139175696 11.291304782562609 11.002551130453083 11.173885069546992 11.235917067344786 11.335093362842482 11.300876176261394 11.441612118557089 11.522170178678154 11.372166290963035 11.082878637048692 11.118012224561713 11.259727436913721 11.30585108368125 11.208291021616207 11.505386601941115 11.66542216351149 11.811969222451653 11.915481055963124 11.974765835619746 11.822376546832334 11.86835171296449 11.9170872297366 12.296151352629176 12.280772936393097 12.22378527478662 12.177671418796733 -9999 -9999 -9999 -9999 -9999 -9999 -9999 -9999 -9999 -9999 -9999 -9999 -9999 -9999 -9999 -9999 -9999 -9999 -9999 -9999 -9999
-9999 -9999 -9999 10.24058568731574 10.173263330205154 10.494233394525793 10.46830915810813 10.960862791843201 10.99422687330863 11.065847106936353 11.390753516862414 11.589909947843411 11.407329627287414 11.38417422082804 11.369355401597385 11.391341377378616 11.332077541014959 11.339263011578208 11.374436498110207 11.712406684066625 11.671022796728025 11.806398831225257 11.925216572304555 12.100780402616286 12.037899052726653 12.006094527422054 11.956937129317383 12.183802812597328 12.201065943217607 -9999 -9999 -9999 -9999 -9999 -9999 -9999 -9999 -9999 -9999 -9999 -9999 -9999 -9999 -9999 -9999 -9999 -9999 -9999 -9999 -9999 -9999 -9999
-9999 -9999 -9999 10.308533883643667 9.442480442686689 10.10139232948708 10.069428209073891 10.609554080821974 10.672507801486782 10.568559154623944 10.659739810443082 11.30195173266406 11.536009070026136 11.586179672974765 11.523704649888039 11.32186119414943 11.128934372483542 11.044370050126453 11.161792997157526 11.497323036242445 11.558872090230247 11.512968411669286 11.584878235811095 11.581208950655219 11.739850626870348 11.858289627847517 11.756800838091893 10.596547392738321 -9999 -9999 -9999 -9999 -9999 -9999 -9999 -9999 -9999 -9999 -9999 -9999 -9999 -9999 -9999 -9999 -9999 -9999 -9999 -9999 -9999 -9999 -9999 -9999
-9999 -9999 -9999 10.028065608179855 10.258739358953617 10.449367564006208 10.347801901833463 10.562283981325097 10.728827932450523 10.904489507964984 11.119696804224308 11.122354342212837 11.289636073563907 11.463773059846234 11.357214691536482 11.221463237103931 11.233367123589117 11.288378787359006 11.262137418727525 11.554766280514631 11.56274063338077 11.606392440217526 11.597325007986386 11.810658342790134 11.782130685633655 11.697691117205277 11.469396680664484 -9999 -9999 -9999 -9999 -9999 -9999 -9999 -9999 -9999 -9999 -9999 -9999 -9999 -9999 -9999 -9999 -9999 -9999 -9999 -9999 -9999 -9999 -9999 -9999 -9999
-9999 -9999 -9999 -9999 10.56800490195222 10.77492278497535 10.724914164208867 10.73736106891265 10.931606463394024 10.986610791044777 11.043305030108142 11.144459885579467 11.013690865800774 11.322499274973342 11.49528234663087 11.472209431752825 11.566200592605538 11.523343190032296 11.504823165881591 11.64016544484557 11.609984116539895 11.53252072107528 11.559607737214625 11.693128766290727 -9999 -9999 -9999 -9999 -9999 -9999 -9999 -9999 -9999 -9999 -9999 -9999 -9999 -9999 -9999 -9999 -9999 -9999 -9999 -9999 -9999 -9999 -9999 -9999 -9999 -9999 -9999 -9999
-9999 -9999 -9999 -9999 10.71621230795826 10.752815501716672 10.654171348038835 10.584377521332463 10.954629906729114 11.337215575796213 11.486473081733939 11.565666742679124 11.503024765790636 11.4651995636667 11.530720611165073 11.605850029168884 11.525095329641895 11.533982104917007 11.562040720381816 11.629816816718908 11.539465672963187 11.47059251146765 11.477858533840616 11.448474269467876 11.331983498305231 -9999 -9999 -9999 -9999 -9999 -9999 -9999 -9999 -9999 -9999 -9999 -9999 -9999 -9999 -9999 -9999 -9999 -9999 -9999 -9999 -9999 -9999 -9999 -9999 -9999 -9999 -9999
-9999 -9999 -9999 -9999 11.331791930604725 11.353889895965526 11.428959546369292 11.32799949277408 11.260202948824801 11.474991686195695 11.536231468872886 11.591816707187883 11.658171740166914 11.54279798045335 11.509220585052686 11.479190696664135 11.486436562815244 11.471272484978984 11.478278429347787 11.575756949085445 11.231014335939676 10.858897271638524 10.91589084352167 11.152293290947735 -9999 -9999 -9999 -9999 -9999 -9999 -9999 -9999 -9999 -9999 -9999 -9999 -9999 -9999 -9999 -9999 -9999 -9999 -9999 -9999 -9999 -9999 -9999 -9999 -9999 -9999 -9999 -9999
