metrics/grid_rasters/GLDAS/grideval_GLDAS_X_summer_2017_absolute_pearson_r.asc
ncols 52
nrows 55
xllcorner     11.25
yllcorner     55.25
cellsize      0.25
NODATA_value  -9999
[rows 0 to 28 of 55, columns 0 to 51 of 52]
-9999 -9999 -9999 -9999 -9999 -9999 -9999 -9999 -9999 -9999 -9999 -9999 -9999 -9999 -9999 -9999 -9999 -9999 -9999 -9999 -9999 -9999 -9999 -9999 -9999 -9999 -9999 -9999 -9999 -9999 -9999 -9999 -9999 -9999 -9999 -9999 0.5687663162374235 0.6209533775772547 0.6829251890634743 -9999 -9999 -9999 -9999 -9999 -9999 -9999 -9999 -9999 -9999 -9999 -9999 -9999
-9999 -9999 -9999 -9999 -9999 -9999 -9999 -9999 -9999 -9999 -9999 -9999 -9999 -9999 -9999 -9999 -9999 -9999 -9999 -9999 -9999 -9999 -9999 -9999 -9999 -9999 -9999 -9999 -9999 -9999 -9999 -9999 -9999 -9999 -9999 -9999 0.5501066898828927 0.5683870983748394 0.5486305847898885 0.5612128913581834 0.6097827076959839 0.6349421807469129 -9999 -9999 -9999 -9999 -9999 -9999 -9999 -9999 -9999 -9999
-9999 -9999 -9999 -9999 -9999 -9999 -9999 -9999 -9999 -9999 -9999 -9999 -9999 -9999 -9999 -9999 -9999 -9999 -9999 -9999 -9999 -9999 -9999 -9999 -9999 -9999 -9999 0.43279719597991 0.30179145645948235 0.2984352905869214 0.4186310487581816 0.6665457234351937 0.4394788472738551 0.6432362745869189 -9999 0.6999300191028437 0.5688406818324218 0.5134218062886997 0.6693878224597334 0.6459821537828631 0.7111104126531336 0.7363983814695478 0.7406446647379401 0.7161148615727364 0.720040891612898 0.7477436883313322 -9999 -9999 -9999 -9999 -9999 -9999
-9999 -9999 -9999 -9999 -9999 -9999 -9999 -9999 -9999 -9999 -9999 -9999 -9999 -9999 -9999 -9999 -9999 -9999 -9999 -9999 -9999 -9999 -9999 -9999 -9999 -9999 -9999 0.4513857518770297 0.6356808975419275 0.4422342524952632 0.5812460306288767 0.5761383267287216 0.6822805736271095 0.7315753433243938 0.7011251349573746 0.6929186535673857 0.7531377662778079 0.7419254230310646 0.7169702083294567 0.7175200010108088 0.7063163400626014 0.7107593017985467 0.6889860004004286 0.684404468731031 0.717374061103795 0.7085935447928988 0.7331231427634783 0.7707206469388409 -9999 -9999 -9999 -9999
-9999 -9999 -9999 -9999 -9999 -9999 -9999 -9999 -9999 -9999 -9999 -9999 -9999 -9999 -9999 -9999 -9999 -9999 -9999 -9999 -9999 -9999 0.4420341954299508 -9999 0.20907394116121467 0.30963301085672845 0.6225660753357546 0.6300228532109925 0.6026653949037702 0.6572894695460401 0.5847410887584858 0.5166559283566499 0.5839346445109693 0.7297805644355373 0.7426816771864458 0.7254972402726423 0.6505841399443123 0.5444209571363448 0.5982187923433402 0.6300880629589305 0.6160545657419211 0.7050526913045039 0.7163485341388791 0.6373152609439723 0.6008760349673914 0.6342764125838809 0.6213947901841756 0.5890766766907382 0.6029816975104385 -9999 -9999 -9999
-9999 -9999 -9999 -9999 -9999 -9999 -9999 -9999 -9999 -9999 -9999 -9999 -9999 -9999 -9999 -9999 -9999 -9999 -9999 -9999 -9999 0.3633569743065132 0.4592722768445748 0.2606552611853029 0.5062550723149608 0.5997205471172125 0.4978229648550246 0.4682181447704705 0.5675775937393173 0.517037366112522 0.6315951669379938 0.6570131486572331 0.6918342660571613 0.7156011342859125 0.7336897008707741 0.6632918747742729 0.6822033345780231 0.6801121955450085 0.5788477931644919 0.5469031637320452 0.5609790199885597 0.5899565852955531 0.600802066448853 0.5806733763079945 0.5860529709105234 0.5857707640366406 0.5949760263431731 0.6274449665278155 0.5997658884278532 -9999 -9999 -9999
-9999 -9999 -9999 -9999 -9999 -9999 -9999 -9999 -9999 -9999 -9999 -9999 -9999 -9999 -9999 -9999 -9999 -9999 -9999 -9999 0.1174785298743577 0.2755790546176948 0.4063321534171339 0.5266372341362812 0.6145634249889661 0.6892252201752864 0.6919311848515397 0.5856691873758657 0.5309804288593977 0.5080158211701025 0.567556132398094 0.6960799944162084 0.72121673797619 0.7373155434973391 0.7664276079521304 0.6615507213481561 0.6446035478860619 0.6348238948983531 0.6216837997825495 0.5054981479761944 0.4935413284336383 0.45034310067269706 0.4940841092023582 0.6582807819485466 0.7401502220743161 0.7473462175705274 0.7206369521095133 0.7164140277010957 0.6945197189016812 0.6301710930658446 -9999 -9999
-9999 -9999 -9999 -9999 -9999 -9999 -9999 -9999 -9999 -9999 -9999 -9999 -9999 -9999 -9999 -9999 -9999 -9999 -9999 -9999 -9999 0.5376294754854817 0.5776716706517648 0.5389177124077631 0.4839743953181058 0.5455622337425052 0.5807080514587597 0.5070702270556706 0.3429173455272289 0.5571371187937395 0.6024526132512307 0.5931721529618802 0.3554982908125303 0.5596599188547178 0.6196617155113464 0.5328680224975125 0.5065219505065287 0.4484229898202057 0.4762764059769712 0.4858010173187798 0.5027065096976089 0.5088259079189965 0.4804394349136256 0.5787442736663224 0.7069867007214863 0.7236556750218499 0.7087275865562712 0.6772089696088379 0.6402214680122476 -9999 -9999 -9999
-9999 -9999 -9999 -9999 -9999 -9999 -9999 -9999 -9999 -9999 -9999 -9999 -9999 -9999 -9999 -9999 -9999 -9999 -9999 0.4463436323204323 0.41971780227387706 0.4399930042135641 0.5755793188537461 0.6384341803549282 0.5146199274533059 0.4138832646995726 0.3254697443837565 -9999 0.1227933204224576 0.26266034950022266 0.35349342323520616 0.4504401568372047 0.5035400190473018 0.5597266702627017 0.5493215608456232 0.4624002317681676 0.4205087724019919 0.386411937763992 0.4429573892483029 0.4903825607754455 0.5369387449984747 0.7232978794750982 0.7447399671265779 0.6613061432399849 0.5794925563884896 0.6253513446949299 0.6217122195729168 0.4575529350743535 0.4635362119614613 0.5530286696418075 0.5484670010684841 -9999
-9999 -9999 -9999 -9999 -9999 -9999 -9999 -9999 -9999 -9999 -9999 -9999 -9999 -9999 -9999 -9999 -9999 -9999 0.5521787037014996 0.4958229600351046 0.4841000140832225 0.5696251693859093 0.6787028401397557 0.4660326377666346 0.33718686107530793 0.5268898129688235 0.6574531254066226 0.3277857995166376 0.4044859797811568 0.33677070749177496 0.4232734894332224 0.5856105848268288 0.6115044786443851 0.644024678460927 0.6270878042233259 0.6172655033741219 0.6054645447076425 0.4778572911003432 0.4813865726572839 0.4766435451777692 0.4676026045279594 0.5218922809554725 0.6742781937092177 0.5639705236847639 0.57231376370195 0.5418349639508369 0.5158149028219471 0.3328268506807823 0.2611452638169969 0.3145154345073602 0.3093821244914605 -9999
-9999 -9999 -9999 -9999 -9999 -9999 -9999 -9999 -9999 -9999 -9999 -9999 -9999 -9999 -9999 -9999 -9999 0.5261443395391804 0.6554440503637029 0.7515836732099251 0.6130184562376156 0.3266837188538322 0.36830557233434735 0.4158495315145427 0.28752335034425663 0.3737097334108568 0.4938742123714237 0.2937567920614628 0.37106085649243103 0.510216917948727 0.5416741489796498 0.6064507456299262 0.650753705900956 0.7830971165269192 0.7930370173341622 0.8200200079376552 0.8395211584408703 0.8488025589872072 0.8258681358363824 0.762084059683277 0.7400808559799332 0.6520415562158866 0.520887592136942 0.4078020503700725 0.5352606307981345 0.6518890637291102 0.5967411964047593 0.361650978901492 0.3453449470159432 0.4620267589073938 -9999 -9999
-9999 -9999 -9999 -9999 -9999 -9999 -9999 -9999 -9999 -9999 -9999 -9999 -9999 0.6514786182022089 0.5265138059622899 0.5062367956792644 0.5194625600206483 0.5408578592050033 0.6039188544893481 0.5137899340612813 0.5932883765834873 0.7576119551857066 0.5966063734538914 0.32130007103658986 0.25627629476022684 0.1411308114156805 0.2896185143374829 0.4586193855713624 0.6717072576077012 0.6713054710908231 0.7100894815239442 0.7098849554715522 0.6971160618148253 0.7880145341807879 0.8018625671489078 0.8081382668567949 0.8292221244725526 0.8517391625602931 0.8500219777063436 0.8052552025506101 0.7834329464123642 0.767394705519457 0.7262780895303027 0.5784810766486543 0.5452759575196511 0.5903511014895946 0.4895348927045567 0.4750974889814394 0.4179232528019419 0.442870320991004 0.4525190063669439 -9999
-9999 -9999 -9999 -9999 -9999 -9999 -9999 -9999 -9999 -9999 -9999 -9999 -9999 0.4400695912030253 0.4510425949251488 0.5107928033392499 0.7236556832510642 0.7709160700241877 0.7258913544046606 0.3968113498565587 0.5294288498996206 0.4461045109911808 0.2488682306452305 0.3157340076159061 0.4667462408649498 0.3604142476304948 0.3464979584893537 0.5255093483460569 0.6061993803285255 0.6327212116958707 0.6577033506674286 0.6663121018283915 0.7060924966186606 0.7549148448079015 0.7787848476417973 0.7862629230827947 0.7934814304111198 0.7843462365700204 0.7703904881862123 0.7447346634512401 0.7104144511575188 0.6782882059108273 0.652349008150311 0.6327005913785241 0.6299037816258624 0.59222530364813 0.5600932901664675 0.5473549647408564 0.5447060366841864 0.4934194209341544 0.4610580444167142 0.37622238600450003
-9999 -9999 -9999 -9999 -9999 -9999 -9999 -9999 -9999 -9999 -9999 -9999 -9999 0.5193433274538479 0.5891113925342655 0.5177879112069704 0.34453713776264994 0.6431438749978731 0.7563814637703823 0.2437827398253985 0.4345301917184196 0.5110270891620412 0.4818688391769503 0.4051661448894486 0.4846291555909178 0.5591836691024294 0.6081483336095013 0.4883932633203557 0.4768277758824884 0.5765655508531371 0.607908721454504 0.6712420217006378 0.7012412970935966 0.7288495993135565 0.7337717284282126 0.7508517161178097 0.7623271911197314 0.7751055291274391 0.7551993606659829 0.6935701980754959 0.6528175535734595 0.5493754421509234 0.5049075725264781 0.5189818495758423 -9999 -9999 -9999 -9999 -9999 -9999 -9999 -9999
-9999 -9999 -9999 -9999 -9999 -9999 -9999 -9999 -9999 -9999 -9999 -9999 -9999 0.724089201417889 0.6692268375333595 0.5497673078815968 0.6728448512867056 0.7385256497768059 0.6775013767224767 0.3953515167291489 0.4468868288938782 0.5836930123076071 0.6254662912131632 0.5486144217069281 0.5721933707199423 0.5902112475454748 0.6013249218442394 0.5730759647570228 0.5907999540303268 0.6284365309880615 0.6529232153455153 0.6796310955958651 0.6942803836090932 0.7252825996493069 0.7266543839860808 0.7281262269438766 0.7223770826074636 0.7046754265384635 0.6722903467415056 0.5739001360912197 0.4873982732353769 -9999 -9999 -9999 -9999 -9999 -9999 -9999 -9999 -9999 -9999 -9999
-9999 -9999 -9999 -9999 -9999 -9999 -9999 -9999 -9999 -9999 -9999 -9999 0.6150516703031779 0.7485899922860284 0.7850921939080301 0.7189230571270341 0.6827128377344733 0.6693776764673507 0.4953912803408825 0.5144795630684139 0.606060511884491 0.5768031646303489 0.34573686396508085 0.5580327280527327 0.5979903863414344 0.5961091482071765 0.6075511356859775 0.5943723738331829 0.5961219414385974 0.5982012981651774 0.626361609168302 0.6913639330724257 0.7068059879663722 0.7163744344348771 0.7160493613451582 0.7075563335250801 0.6961879428035469 0.6734509268903193 0.627777525854978 0.4641783723924234 0.3493199948377171 -9999 -9999 -9999 -9999 -9999 -9999 -9999 -9999 -9999 -9999 -9999
-9999 -9999 -9999 -9999 -9999 -9999 -9999 -9999 -9999 -9999 -9999 0.11569846253304175 0.3019482734987996 0.4750994601778286 0.4757658177331858 0.34536465482513884 0.30949481604340423 0.4318288017929525 0.5281039559676268 0.6401922479155737 0.6550480269480177 0.6515168131312727 0.655886504388161 0.5805980992038742 0.5237755452814755 0.5579619485762874 0.6043966635422262 0.5901929567668788 0.603366337076761 0.6077709742921342 0.6280876454591748 0.6607101201950549 0.6540834066511657 0.7014281271225118 0.7211065512329762 0.7163812048354393 0.6748528441812867 0.5859852504025016 0.5144943452598238 0.3358523612443633 -9999 -9999 -9999 -9999 -9999 -9999 -9999 -9999 -9999 -9999 -9999 -9999
-9999 -9999 -9999 -9999 -9999 -9999 -9999 -9999 -9999 -9999 0.10064753956478543 -9999 0.34602609581901195 0.3978993822685968 0.2816456566492008 0.3619952740885363 0.4204035242199864 0.5654958849454896 0.6473348697761474 0.5785469022269661 0.5361723859113645 0.6697885604097604 0.6609152207848589 0.5330633418737762 0.4767281911294897 0.5047050962182242 0.5558785558730726 0.5366613168033738 0.5753685296598343 0.6126310493409124 0.6299191300304217 0.6482066106023707 0.6655468746141839 0.696142637104656 0.7081930773699949 0.7022340365194231 0.6643824345329437 0.5855118305934347 0.5268042418751874 -9999 -9999 -9999 -9999 -9999 -9999 -9999 -9999 -9999 -9999 -9999 -9999 -9999
-9999 -9999 -9999 -9999 -9999 -9999 -9999 -9999 -9999 -9999 -9999 -9999 0.4702189520382362 0.6078256492304908 0.6835883748890046 0.6591460511303548 0.6773670885437508 0.6756739595459178 0.6718420873297394 0.6550025095048421 0.6473327600251578 0.6259893419242353 0.5851555772255328 0.4792712279740047 0.4831872828225645 0.4748521217059504 0.4801840114879469 0.4170154464089572 0.4496018367180424 0.5116103075174276 0.5306982128123188 0.5392298629072861 0.5690338095952392 0.6124232873387261 0.6315020003543144 0.6365358011820024 0.6425225707039026 0.6060298267477793 0.5422802852215348 0.3423242251637373 -9999 -9999 -9999 -9999 -9999 -9999 -9999 -9999 -9999 -9999 -9999 -9999
-9999 -9999 -9999 -9999 -9999 -9999 -9999 -9999 -9999 -9999 -9999 0.42429699279421457 0.5201371096475895 0.7123756359069366 0.7142907875354919 0.7190149062927038 0.6902812771683452 0.6773640972943231 0.6856026228123557 0.6810224444710441 0.6658304390974574 0.6349031564661637 0.6095204418037109 0.5212096970197844 0.4914662225241159 0.4665511280946522 0.4672951834080708 0.3894567228317012 0.37662173411928745 0.3627649773615673 0.4031744233205003 0.3763235863294641 0.4131060860011758 0.4923422201411548 0.5276637813840924 0.5408375559124655 0.5532640172877982 0.5147043034536667 0.4857409081853974 -9999 -9999 -9999 -9999 -9999 -9999 -9999 -9999 -9999 -9999 -9999 -9999 -9999
-9999 -9999 -9999 -9999 -9999 0.3746512115052423 0.2642450757063826 0.25925259899455216 0.3985274524346413 0.4797048550532626 0.5591835032889081 0.5815933036598313 0.5913930154963254 0.6409995028768691 0.6239494596412736 0.6677781602703894 0.6689009467915904 0.6426087527817872 0.6391854633006013 0.6659916645338102 0.6470467648929437 0.6020744521412904 0.5834058903920345 0.6097570035679231 0.5958610879268502 0.5857731791134259 0.5631314194843579 0.5335918693528585 0.5336518083862873 0.5299268367589935 0.5449082859695847 0.5046282046920654 0.5060139680571301 0.4865770616583944 0.4603679637370057 0.4520623900259167 0.4184093500196725 0.4147659259456661 -9999 -9999 -9999 -9999 -9999 -9999 -9999 -9999 -9999 -9999 -9999 -9999 -9999 -9999
-9999 -9999 -9999 -9999 0.34871784203014417 0.3253295439083699 0.3929441423737316 -9999 0.4222327485575048 0.4938191106961641 0.5832336482867639 0.5833123056995901 0.6042960825223741 0.5969304485452367 0.5982458763456525 0.6265833850630729 0.6314070914997573 0.6344147327507117 0.6243297799506498 0.6375093140336914 0.6119103232612401 0.5651108203867338 0.539123865651608 0.548528704526279 0.5350430660598685 0.4973958108604657 0.4697662256117375 0.4804077209396147 0.5094358222593958 0.5369831219428183 0.5557630950651302 0.5377916320765668 0.524630061310801 0.5235249950463168 0.4569897593450417 -9999 -9999 -9999 -9999 -9999 -9999 -9999 -9999 -9999 -9999 -9999 -9999 -9999 -9999 -9999 -9999 -9999
-9999 -9999 -9999 0.37658036719435056 0.4384571796225848 0.4493030458211272 0.5038517166114784 0.5825605331413481 0.5975934311568433 0.6106603449406871 0.6400457960640678 0.5788583463776289 0.5691653388684865 0.5804641684778413 0.5721133627170842 0.5573036601314537 0.5873198810081577 0.5859867107249985 0.5575574037823259 0.5268970167723137 0.5270232072719803 0.5219244172136837 0.509181685398107 0.5144687442120779 0.4997292923416755 0.4903650440955021 0.4746164888647739 0.4969417228607129 0.5181561882910755 0.5981281921584021 0.615939087803218 -9999 -9999 -9999 -9999 -9999 -9999 -9999 -9999 -9999 -9999 -9999 -9999 -9999 -9999 -9999 -9999 -9999 -9999 -9999 -9999 -9999
-9999 -9999 -9999 0.3806496741605 0.5134612840655489 0.5184929198766828 0.5180654932000602 0.43723563099779617 0.5117277794439952 0.5842853747679976 0.5914922261074711 0.5223240726837275 0.5489742849682897 0.4996525860366346 0.5623923723041694 0.5472735874656464 0.5584323315182615 0.5559899441628009 0.5340938234693393 0.5091973146327023 0.5032079461373045 0.5160187450290117 0.4913718597973861 0.457544030070723 0.43528213148545264 0.4414164730641914 0.4516994654320912 0.5287817174110009 0.6125963626718626 -9999 -9999 -9999 -9999 -9999 -9999 -9999 -9999 -9999 -9999 -9999 -9999 -9999 -9999 -9999 -9999 -9999 -9999 -9999 -9999 -9999 -9999 -9999
-9999 -9999 -9999 0.4362210067386214 0.4530306497387711 0.4540168338261619 0.3828688298185831 0.4875358674780278 0.5249678279440317 0.539874552513993 0.5170984107221914 0.4757136195693262 0.4976382726824015 0.5203111931578814 0.5246154895134953 0.5297197506522361 0.5001153215557808 0.4976365775395412 0.4721989408102165 0.4723449640068852 0.4703548333778022 0.4855534085353361 0.5054144138215421 0.5158359301134577 0.5096335959390264 0.4834204445343323 0.4742057042286047 0.4048221889912215 -9999 -9999 -9999 -9999 -9999 -9999 -9999 -9999 -9999 -9999 -9999 -9999 -9999 -9999 -9999 -9999 -9999 -9999 -9999 -9999 -9999 -9999 -9999 -9999
-9999 -9999 -9999 0.4571620499789105 0.4306668818369393 0.4160038049433827 0.4137363706088832 0.4414432985112319 0.4932483926287609 0.5172417646850127 0.5451543228931346 0.5721251961042884 0.5725049567898474 0.5552910525123151 0.5537133184704593 0.5167805084907324 0.4950206230037119 0.4776941966816242 0.4773340874965742 0.512326463265787 0.5184993509719809 0.5222255834335833 0.5176924565734438 0.4965767416019374 0.4695677613403213 0.4792905235047938 0.42926687690533705 -9999 -9999 -9999 -9999 -9999 -9999 -9999 -9999 -9999 -9999 -9999 -9999 -9999 -9999 -9999 -9999 -9999 -9999 -9999 -9999 -9999 -9999 -9999 -9999 -9999
-9999 -9999 -9999 -9999 0.5032134643200893 0.4587212639689597 0.455081248795489 0.4836466910312014 0.4709596794238978 0.5057710404313458 0.5374976730683665 0.5671981171156741 0.5904398653113188 0.6173623201171878 0.6319652378885636 0.5719009774177944 0.5094911099658483 0.4762584811050503 0.4781262767307951 0.5436212281061992 0.5377255127489946 0.5333150622102188 0.5031371838333599 0.4444044615338172 -9999 -9999 -9999 -9999 -9999 -9999 -9999 -9999 -9999 -9999 -9999 -9999 -9999 -9999 -9999 -9999 -9999 -9999 -9999 -9999 -9999 -9999 -9999 -9999 -9999 -9999 -9999 -9999
-9999 -9999 -9999 -9999 0.5562065654130703 0.5449592555303878 0.5255230220911631 0.5531991553430083 0.5075196838929623 0.5169018211944296 0.5738020495302725 0.5873690835795771 0.5878112832170381 0.6014609839376261 0.6276956951571603 0.5593921952151851 0.5131651301959975 0.4729945898192467 0.5302529993975327 0.5277356139240509 0.5126961798865842 0.5061724570399522 0.4697398853467165 0.4357763009847713 0.4076144286819704 -9999 -9999 -9999 -9999 -9999 -9999 -9999 -9999 -9999 -9999 -9999 -9999 -9999 -9999 -9999 -9999 -9999 -9999 -9999 -9999 -9999 -9999 -9999 -9999 -9999 -9999 -9999
-9999 -9999 -9999 -9999 0.6791193149886652 0.6809304496871308 0.6674383391447195 0.7035138325587585 0.7188974149516881 0.6463465055938855 0.6023377197350274 0.6082814177927569 0.6005836465122325 0.5892821298749553 0.5771069864675522 0.5355499126323833 0.5154214375234584 0.5226336612978361 0.5118028959882834 0.5195086718310624 0.5098518090525764 0.494663726125175 0.4993268646916914 0.478505913768093 -9999 -9999 -9999 -9999 -9999 -9999 -9999 -9999 -9999 -9999 -9999 -9999 -9999 -9999 -9999 -9999 -9999 -9999 -9999 -9999 -9999 -9999 -9999 -9999 -9999 -9999 -9999 -9999
