metrics/grid_rasters/GLDAS/grideval_GLDAS_X_summer_2018_absolute_ubrmsd.asc
ncols 52
nrows 55
xllcorner     11.25
yllcorner     55.25
cellsize      0.25
NODATA_value  -9999
[rows 0 to 28 of 55, columns 0 to 51 of 52]
-9999 -9999 -9999 -9999 -9999 -9999 -9999 -9999 -9999 -9999 -9999 -9999 -9999 -9999 -9999 -9999 -9999 -9999 -9999 -9999 -9999 -9999 -9999 -9999 -9999 -9999 -9999 -9999 -9999 -9999 -9999 -9999 -9999 -9999 -9999 -9999 3.2533463108877654 3.324068614864747 3.395679454079234 -9999 -9999 -9999 -9999 -9999 -9999 -9999 -9999 -9999 -9999 -9999 -9999 -9999
-9999 -9999 -9999 -9999 -9999 -9999 -9999 -9999 -9999 -9999 -9999 -9999 -9999 -9999 -9999 -9999 -9999 -9999 -9999 -9999 -9999 -9999 -9999 -9999 -9999 -9999 -9999 -9999 -9999 -9999 -9999 -9999 -9999 -9999 -9999 -9999 3.1692097972492626 3.2531594011477387 3.336884106741908 3.4458679438408835 3.517812511092323 3.3844433270026117 -9999 -9999 -9999 -9999 -9999 -9999 -9999 -9999 -9999 -9999
-9999 -9999 -9999 -9999 -9999 -9999 -9999 -9999 -9999 -9999 -9999 -9999 -9999 -9999 -9999 -9999 -9999 -9999 -9999 -9999 -9999 -9999 -9999 -9999 -9999 -9999 -9999 4.013457327413127 4.108804546329616 3.9378547929900023 3.998767423886596 3.655814235432618 3.6260641931792486 3.493666621658916 -9999 3.328192188011828 3.3099033117749648 3.3357628841659595 3.4547523420653286 3.3905605637752463 3.3668677530887203 3.3308866400180865 3.124631160597071 2.5163199294843683 2.464278614738208 2.5000272057160955 -9999 -9999 -9999 -9999 -9999 -9999
-9999 -9999 -9999 -9999 -9999 -9999 -9999 -9999 -9999 -9999 -9999 -9999 -9999 -9999 -9999 -9999 -9999 -9999 -9999 -9999 -9999 -9999 -9999 -9999 -9999 -9999 -9999 3.8961132739442 6.638040842409778 3.2876621324066124 6.0997256685047185 3.3486513273453093 3.4960465378739234 3.6815780241768272 3.1324175238248815 2.7954643316406145 3.213195441727011 3.2483899396599067 3.360328165269024 3.2964069170890578 3.153654505470255 2.576392588327709 2.4427254752654983 2.4001573082391565 2.5642491346266105 2.4287152758119768 2.2833618462736216 2.25979390037346 -9999 -9999 -9999 -9999
-9999 -9999 -9999 -9999 -9999 -9999 -9999 -9999 -9999 -9999 -9999 -9999 -9999 -9999 -9999 -9999 -9999 -9999 -9999 -9999 -9999 -9999 3.557533273197391 3.298921477013107 3.828364833968524 3.915833172670052 7.153532399396622 6.911780106121327 4.956205010256372 3.8304164966186818 3.804226946029857 3.797234971082992 3.880927784679221 3.653609304516092 3.410368051796042 2.546294587191302 2.7386256752018414 2.637576397006005 2.587440642856224 2.5275638522880435 2.512122550131442 2.4685092260107866 2.470090041846644 2.2539060091353385 2.1805132767754505 2.1801441575229763 2.1963373540688576 2.154777769924868 2.136805592150954 -9999 -9999 -9999
-9999 -9999 -9999 -9999 -9999 -9999 -9999 -9999 -9999 -9999 -9999 -9999 -9999 -9999 -9999 -9999 -9999 -9999 -9999 -9999 -9999 3.396556764567689 3.5437843322302505 3.779028312646623 3.759495490288893 3.939156466359393 4.039005924196808 3.9862783335972334 3.896596213830362 3.9994827192487072 3.9933786303506937 3.8832071881464953 3.6859481039856585 3.6630723406315333 3.040493160674602 2.640488841397393 2.599198814775116 2.6188828945190523 2.570027091454603 2.5203687474188845 2.511283067871481 2.482176345318209 2.4276440524963294 2.248652187043604 2.216294442036228 2.192565864907236 2.140710880153161 2.1621861646419727 2.1067900548836005 -9999 -9999 -9999
-9999 -9999 -9999 -9999 -9999 -9999 -9999 -9999 -9999 -9999 -9999 -9999 -9999 -9999 -9999 -9999 -9999 -9999 -9999 -9999 5.023561151415303 3.6122360538967513 3.9854488490102415 4.003098879321239 7.247268306900246 9.097672776256292 7.069554997527416 3.84972300796199 4.079346291152039 4.007865984136422 3.4774034256805613 3.248663099648468 3.2507249766356967 3.165959960440588 3.0653152831566084 2.697560298609255 2.6727222122192194 2.6736010234934238 2.6728873944710685 2.5929591126540643 2.5713040720470763 2.543484738338712 2.4813675435650384 2.23037255073304 2.1720164005132294 2.1225594772562038 2.079183482294691 2.092428729149513 2.0948227195920324 2.116519495516296 -9999 -9999
-9999 -9999 -9999 -9999 -9999 -9999 -9999 -9999 -9999 -9999 -9999 -9999 -9999 -9999 -9999 -9999 -9999 -9999 -9999 -9999 -9999 8.000960434418777 5.971035451085207 4.649357784485178 4.0168244016239445 3.968747740383584 4.163192543573326 4.142954365937056 3.7306883105323387 3.6793475463057868 3.874245245439496 3.169480449903836 2.9568852398525016 2.975073733200772 2.930824085195632 2.7221213163436806 2.631565426741892 2.691053085183976 2.6600371600864223 2.5903334812191905 2.4454943493916934 2.3645231941458023 2.3748194893209686 2.2289232712046445 2.1596007364449936 2.1423828828872185 2.128189013499869 2.1993833127886075 2.174951061507889 -9999 -9999 -9999
-9999 -9999 -9999 -9999 -9999 -9999 -9999 -9999 -9999 -9999 -9999 -9999 -9999 -9999 -9999 -9999 -9999 -9999 -9999 3.6633599555320298 3.725276726858195 3.845239435736932 4.227034168398862 4.193150905550864 4.586892921791278 3.1999878897540683 3.0445119825694973 2.706649146301205 2.6279265967849983 2.600306307766114 2.639750794634152 2.5799949983167925 2.554614184660374 2.5389900060751773 2.5116165843510116 2.4617659967983547 2.5207363502385074 2.494437462257841 2.449390250256013 2.3054401295602815 2.3742336620399915 2.2970080659094614 2.246616880384379 2.243841483696311 2.249912807430825 2.243689551371292 2.2261498733005363 2.2071143953236856 2.1982836919518127 2.1879507399363165 2.1165537282655302 -9999
-9999 -9999 -9999 -9999 -9999 -9999 -9999 -9999 -9999 -9999 -9999 -9999 -9999 -9999 -9999 -9999 -9999 -9999 4.110267057504252 4.0589579924014085 4.044766005046884 3.971767118233235 4.021365965171924 3.868932126954056 3.131082640853088 3.171734131609436 3.2625100552005315 2.9779177956651948 2.873509208456774 2.74166543722151 2.6909513436622547 2.5698654217372607 2.5280618419773724 2.465917203231493 2.48174258722646 2.4779011039707384 2.471667236741556 2.4818948033688994 2.4114720464992607 2.408365203076804 2.4097096753192315 2.4156618911269057 2.3445487209466704 2.2567472352534113 2.23788648817058 2.2767885636864267 2.285118798329408 2.326397502336357 2.3160703413479333 2.316304462563 2.2690518367373933 -9999
-9999 -9999 -9999 -9999 -9999 -9999 -9999 -9999 -9999 -9999 -9999 -9999 -9999 -9999 -9999 -9999 -9999 4.176189359577173 3.9870540028052175 4.180833191911964 3.759359424443466 2.9740176662136872 2.9232141659318884 2.8674700183796316 2.8637677100814845 2.854032142695544 3.0116800659129663 2.873039950768065 2.8089940077154103 2.7999945038663183 2.700072970849189 2.558351848804751 2.5624124481758783 2.532742398756482 2.522271157836649 2.4815451587389474 2.353395931382497 2.2462200230051503 2.2573032094738337 2.3513002389517594 2.3451158159601464 2.393723344810895 2.4166381821040823 2.3194903908095106 2.2732983278346874 2.252801368166187 2.2739586510671512 2.260402927898538 2.301782530400212 2.2148421047680404 -9999 -9999
-9999 -9999 -9999 -9999 -9999 -9999 -9999 -9999 -9999 -9999 -9999 -9999 -9999 2.7585604680663307 2.8224690762093485 2.9616447624839664 3.03633463345769 3.2884434143751715 4.020660350412668 3.831882559064874 4.318748863224654 4.081892619653114 2.9246070849137333 2.7789173190414718 2.679600589007985 2.6587319405097887 2.737769219706727 2.745304318785818 2.75049555693438 2.7387551730077377 2.644705850380397 2.617664086714073 2.5896233495891647 2.553687175862115 2.5156617962732044 2.574665208498763 2.488831791743601 2.4043052619448897 2.3193127788601333 2.371898712681992 2.372925413632124 2.315544027887135 2.299590974623004 2.3377787010432405 2.3406947685540485 2.3242110547577983 2.317333156766145 2.2393934633576262 2.2740010259134484 2.2561500712884897 2.272254195992588 -9999
-9999 -9999 -9999 -9999 -9999 -9999 -9999 -9999 -9999 -9999 -9999 -9999 -9999 3.037882725511297 2.9589962037868163 3.0114264229467564 3.477056536356616 3.0917254972674413 3.0833105143915334 3.10214153025629 3.171243063427557 3.068792364633049 2.9473639723612006 2.9358512331759488 2.9359116557517075 2.94284939936173 2.9490726030849315 3.0290749614723893 3.0349237514032774 3.0599711767257016 3.0411882287193905 3.278750823056141 3.1837331826344752 3.1638855435991124 3.1120026380083283 3.08735773116343 3.028911249439293 2.9730090210018707 2.9107820130862376 2.734658983706458 2.7551026302207307 2.7832896227893666 2.7974184352251807 2.5900280473235333 2.5450057032963858 2.7180624758420486 2.5775717517875005 2.4867419674427818 2.4815653246711538 2.544441407216384 2.388947560580194 2.266400378602735
-9999 -9999 -9999 -9999 -9999 -9999 -9999 -9999 -9999 -9999 -9999 -9999 -9999 3.012618983799608 2.963568607434872 2.7624273624325006 2.815951301298161 2.908990975230492 3.0425983944342496 2.8397711915912414 2.825240009107024 2.8901131292618496 2.9631641093312835 2.7870043846165333 2.827293930974668 2.781189386808536 2.8061949212928323 2.787580236371661 3.0350516931555243 3.049168240701154 3.0384018873794343 3.2521071543939777 3.129449395666557 3.1104483874440736 3.119534011385265 3.1294347992742435 3.0582168180595204 2.987181736863581 2.886002604819797 2.6571826646664785 2.7678418652589256 2.6868883277652227 2.727008178807042 2.509736170524966 -9999 -9999 -9999 -9999 -9999 -9999 -9999 -9999
-9999 -9999 -9999 -9999 -9999 -9999 -9999 -9999 -9999 -9999 -9999 -9999 -9999 3.095530101578188 2.926318644114992 2.8126738364201613 2.953453965157645 2.987112088583315 2.9374175050949813 2.8581292259134865 2.791438183917551 2.8792480921295365 2.891596738069988 2.785361648135525 2.736071937807607 2.733213452192461 2.7646615025390866 2.898994468754171 2.9556391123047097 2.975194392161792 2.948701736052416 3.174844016489959 3.1076224335893903 3.0380522346065577 3.0056711695187377 3.0357494870351576 2.9771473384213536 2.9551394698670914 2.9951679464748064 2.8779433123469587 2.642149634352157 -9999 -9999 -9999 -9999 -9999 -9999 -9999 -9999 -9999 -9999 -9999
-9999 -9999 -9999 -9999 -9999 -9999 -9999 -9999 -9999 -9999 -9999 -9999 3.24246382459495 3.2140311262589596 3.018752221349817 2.8467707583926667 2.8890366692878615 2.8544255802083462 2.8440876793335903 2.825653497406692 2.8125555881605275 2.8243621578194045 2.7868464456115767 2.6908406583400377 2.6928634265796645 2.6494473443124513 2.6935025216739352 2.7883981168999563 2.8053228274468447 2.805693011839611 2.8243088466364266 3.008112410750312 2.9487070435189517 2.8846196610130894 2.872330345886141 2.9691552080497714 2.919409422715185 2.892391786477938 2.7859630029351417 2.770227945015346 2.9232747230242846 -9999 -9999 -9999 -9999 -9999 -9999 -9999 -9999 -9999 -9999 -9999
-9999 -9999 -9999 -9999 -9999 -9999 -9999 -9999 -9999 -9999 -9999 2.8483512591882283 3.0702128302383684 3.2237810283148023 3.258648692678792 3.222278860855949 3.128924111084822 3.2158263114778243 3.1759761796648496 3.29678690694475 3.3758330759610877 3.4076585809608897 3.2603814806973315 3.1291133121965737 3.3260593993741945 3.223384672138734 3.1426402569034795 3.0944679687825065 3.1014587103693767 3.076214565045112 3.0947481275228834 3.1357824705042767 3.1282346079715846 3.075752916263 3.0480617147225786 2.906453393971669 2.8700902132498385 2.862211742452747 2.8519905240527965 3.0148954441461644 -9999 -9999 -9999 -9999 -9999 -9999 -9999 -9999 -9999 -9999 -9999 -9999
-9999 -9999 -9999 -9999 -9999 -9999 -9999 -9999 -9999 -9999 2.7664283911458574 2.878920954999034 3.0346431617838965 3.050333927678744 3.0342037712966845 3.17400022366053 3.31808830187011 3.2050270745058542 3.1632290028828263 3.189982032914377 3.2309158031409466 3.34956766861037 3.348131939093128 3.2348915517625234 3.258504027654637 3.2159142964415106 3.11723329631533 3.058762058107197 3.0172391000050847 3.0092031446873078 3.013778841666092 3.058565473023405 3.12858990263816 3.1620165366869264 3.1238873152202093 2.8962113569645416 2.8584580030880207 2.870619951994564 2.8896024786814243 -9999 -9999 -9999 -9999 -9999 -9999 -9999 -9999 -9999 -9999 -9999 -9999 -9999
-9999 -9999 -9999 -9999 -9999 -9999 -9999 -9999 -9999 -9999 -9999 -9999 2.8965480206638845 3.094967722680245 3.093074277900957 3.081745904896678 3.1836848024424467 3.037757116592984 3.1137378622458467 3.0813157725426787 3.0875517325746524 3.0906423918654875 3.1658140224762152 3.230945288746182 3.110921604803155 3.0627440811921507 3.075116785160397 3.105496715910056 3.1344546473323747 3.0734363123362485 3.0028653249695694 3.0188703422033853 3.010371300939965 3.0565029841700277 3.0936763773152456 2.989424738342444 2.9468502072132443 2.903038448042085 2.8169009001640446 2.725023230588606 -9999 -9999 -9999 -9999 -9999 -9999 -9999 -9999 -9999 -9999 -9999 -9999
-9999 -9999 -9999 -9999 -9999 -9999 -9999 -9999 -9999 -9999 -9999 2.773909101441186 2.831736497030913 2.895327241413717 3.048449054485777 3.1005780642858807 3.0073410124068123 2.990312733606564 2.9957760752030937 3.186256248754661 3.1121320633812832 3.152210188975868 3.309855314263938 3.199682547177324 3.1331146988391576 3.1424815771917434 3.1393362842215913 3.127561357975158 3.0275852214059493 3.0384349399268378 2.9843401786305384 2.9656634108999236 2.9208460711126927 2.917664245647745 2.8822718341079594 2.6682355766393044 2.603614330438807 2.579008205065584 2.6251897481292907 -9999 -9999 -9999 -9999 -9999 -9999 -9999 -9999 -9999 -9999 -9999 -9999 -9999
-9999 -9999 -9999 -9999 -9999 2.3614596215592782 2.467363131957023 2.779435585486465 2.933536511351338 2.947225374835196 2.9302515127324216 3.4014118032667313 3.468229564233748 3.0469953850083717 2.9429307617491816 2.7810861179512574 2.92904642367863 3.2293575206101224 3.2524893262563843 3.163233659983663 3.112835164823309 3.1679448565467 3.1008191738212387 3.2224384567121946 3.1361077856680954 3.1231013624443142 3.1850730235757108 3.1873567556138216 3.123508518657149 3.0930963269954144 2.9723139352480046 2.553324208479007 2.521873998970593 2.4429652068193866 2.395051808914437 2.031877549076436 2.0686817090107747 1.9233157039298652 -9999 -9999 -9999 -9999 -9999 -9999 -9999 -9999 -9999 -9999 -9999 -9999 -9999 -9999
-9999 -9999 -9999 -9999 2.7744736334894435 2.7069173614936517 2.5974920983708216 2.9230098340108803 2.817901163608985 2.7094336527561738 2.6835535569923947 2.9905166469578486 3.0143693321681457 3.0683433983678765 2.9763428542145416 2.939806625901072 2.838911153625624 3.2329952960673713 3.240136287695543 3.067157025171653 3.013029445040109 2.9808746097486516 2.995219710399589 2.984735148701031 3.0137675284359515 2.9397956575546136 2.923095190354041 2.9532781521702685 2.8434397322915306 2.7367029225496817 2.678626749654739 2.3626230821680547 2.3549891873694744 2.2590512787157486 2.0915341491327326 -9999 -9999 -9999 -9999 -9999 -9999 -9999 -9999 -9999 -9999 -9999 -9999 -9999 -9999 -9999 -9999 -9999
-9999 -9999 -9999 2.5482350930738806 2.861192959453926 3.0386494758774854 2.9586496748413555 3.2310762509474515 3.143567166708052 3.0717277025822134 2.975626451360604 3.1917630650054734 3.2857910833656128 3.250015961211681 2.984402000578286 2.9112672989089217 3.1071933765719137 3.1434726879089414 3.171231626597013 3.0532076559806374 3.0208464254340535 2.9472258357819645 2.8452362930635267 2.8574712889348906 2.880212681119247 2.8535431105786726 2.7976064510108634 2.8123342738243284 2.645918054828676 2.500771250109913 2.502581434057052 -9999 -9999 -9999 -9999 -9999 -9999 -9999 -9999 -9999 -9999 -9999 -9999 -9999 -9999 -9999 -9999 -9999 -9999 -9999 -9999 -9999
-9999 -9999 -9999 2.5819852795166343 2.730026811581514 2.8906843272113667 2.7972077504127406 3.0430142966898353 2.9159982751245965 2.7813466107688143 3.1863666153770804 3.433077865519256 3.4175434529713233 3.3833677498407697 3.343556454584702 3.0894753733934506 3.0526215239976717 3.0537633883100432 3.031204610721207 2.8583748448778414 2.8656976704788937 2.911541564074564 2.8573246734189874 2.701924308353126 2.7010741278197026 2.6745525963413943 2.7435010113951193 2.7828282354177207 2.7015343563742182 -9999 -9999 -9999 -9999 -9999 -9999 -9999 -9999 -9999 -9999 -9999 -9999 -9999 -9999 -9999 -9999 -9999 -9999 -9999 -9999 -9999 -9999 -9999
-9999 -9999 -9999 3.7145823163710063 3.5758464834798205 3.67909368776445 3.672072989942901 3.451608586281516 3.2533113145297525 3.1804673208619887 3.1490021246266533 3.1257811030164167 3.0654396515778304 3.073942306760304 3.1172112296492256 3.0243241014937228 2.9646846445243877 2.958987150334265 2.9672973383176635 2.9042298832727025 2.897796024013515 2.8859487433389432 2.9544756989406644 3.1503840418057565 3.1826145019178984 2.9184967182059376 2.5394999759057737 1.798984944480201 -9999 -9999 -9999 -9999 -9999 -9999 -9999 -9999 -9999 -9999 -9999 -9999 -9999 -9999 -9999 -9999 -9999 -9999 -9999 -9999 -9999 -9999 -9999 -9999
-9999 -9999 -9999 3.792664136894033 3.766004635858319 3.7639396057686536 3.681489811885792 3.4356037784666467 3.3369660631346405 3.3227161349659875 3.3245300351967075 3.1893148260734505 3.0837701279981644 3.0852723000079942 3.1319381427399184 3.0654466554618933 3.0533963641571105 3.0465179220522987 2.991629546502081 2.903772769790665 2.8647269705899063 2.8238794608076363 2.813183979734837 2.902884024892157 2.9111900388886216 2.581043494727589 2.0966101012543064 -9999 -9999 -9999 -9999 -9999 -9999 -9999 -9999 -9999 -9999 -9999 -9999 -9999 -9999 -9999 -9999 -9999 -9999 -9999 -9999 -9999 -9999 -9999 -9999 -9999
-9999 -9999 -9999 -9999 3.822741620368317 3.832372032665683 3.793086551098532 3.51609230705105 3.4508047092842555 3.4500380163278472 3.4315485215930552 3.350209397550388 3.3237413790936388 3.256010413531796 3.1693710646704334 3.024303934454574 3.02023021350506 3.0550189976287685 3.054297601064158 2.923717431755647 2.8637088513115136 2.8365131820964815 2.640215665436085 2.4264923108997682 -9999 -9999 -9999 -9999 -9999 -9999 -9999 -9999 -9999 -9999 -9999 -9999 -9999 -9999 -9999 -9999 -9999 -9999 -9999 -9999 -9999 -9999 -9999 -9999 -9999 -9999 -9999 -9999
-9999 -9999 -9999 -9999 3.826396236760401 3.7495281025073335 3.6868682010316847 3.52205183666129 3.495279322857971 3.5087853543323355 3.422575034926221 3.1912872517401323 3.2162791387357883 3.225571458577466 3.1813830565545724 3.0190549401565554 3.0219803346354435 3.0386780341005104 3.002625192399252 2.9054644430004313 2.872866099988223 2.7437420032413598 2.2932652308807966 2.0445188937328016 2.836399267392194 -9999 -9999 -9999 -9999 -9999 -9999 -9999 -9999 -9999 -9999 -9999 -9999 -9999 -9999 -9999 -9999 -9999 -9999 -9999 -9999 -9999 -9999 -9999 -9999 -9999 -9999 -9999
-9999 -9999 -9999 -9999 3.6826572298894753 3.6156721385042236 3.6022736303882783 3.5515721537496505 3.5217933982395206 3.6170342724467113 3.5160354120647686 3.345332827676705 3.3832406659709515 3.3608895739866096 3.2996042985570373 3.1965272359598664 3.0954044538901586 2.9427813708073245 2.8378501933086877 2.2827295057551096 1.9178440559795715 1.8643930504541164 1.8785536783131864 1.921681784963439 -9999 -9999 -9999 -9999 -9999 -9999 -9999 -9999 -9999 -9999 -9999 -9999 -9999 -9999 -9999 -9999 -9999 -9999 -9999 -9999 -9999 -9999 -9999 -9999 -9999 -9999 -9999 -9999
