metrics/grid_rasters/GLDAS/grideval_GLDAS_Y_2017_absolute_bias.asc
ncols 52
nrows 55
xllcorner     11.25
yllcorner     55.25
cellsize      0.25
NODATA_value  -9999
[rows 0 to 27 of 55, columns 0 to 51 of 52]
-9999 -9999 -9999 -9999 -9999 -9999 -9999 -9999 -9999 -9999 -9999 -9999 -9999 -9999 -9999 -9999 -9999 -9999 -9999 -9999 -9999 -9999 -9999 -9999 -9999 -9999 -9999 -9999 -9999 -9999 -9999 -9999 -9999 -9999 -9999 -9999 -28.19311401144895 -28.25659531294687 -31.91134586082644 -9999 -9999 -9999 -9999 -9999 -9999 -9999 -9999 -9999 -9999 -9999 -9999 -9999
-9999 -9999 -9999 -9999 -9999 -9999 -9999 -9999 -9999 -9999 -9999 -9999 -9999 -9999 -9999 -9999 -9999 -9999 -9999 -9999 -9999 -9999 -9999 -9999 -9999 -9999 -9999 -9999 -9999 -9999 -9999 -9999 -9999 -9999 -9999 -9999 -27.130006727341513 -28.02842554707233 -28.60998039027191 -27.757927474195828 -29.4982471574353 -32.95088367112593 -9999 -9999 -9999 -9999 -9999 -9999 -9999 -9999 -9999 -9999
-9999 -9999 -9999 -9999 -9999 -9999 -9999 -9999 -9999 -9999 -9999 -9999 -9999 -9999 -9999 -9999 -9999 -9999 -9999 -9999 -9999 -9999 -9999 -9999 -9999 -9999 -9999 -36.088129103112294 -35.60527488322903 -36.04297225254346 -33.672431931302775 -30.09074710832067 -34.629846206348226 -34.01454197388296 -9999 -31.691312947063004 -29.600276733730755 -28.353485196777807 -32.175324911532336 -31.84908915328449 -32.73992981614213 -33.34029137723352 -33.163724871729954 -33.67183825035822 -33.448092821526195 -33.28070848050896 -9999 -9999 -9999 -9999 -9999 -9999
-9999 -9999 -9999 -9999 -9999 -9999 -9999 -9999 -9999 -9999 -9999 -9999 -9999 -9999 -9999 -9999 -9999 -9999 -9999 -9999 -9999 -9999 -9999 -9999 -9999 -9999 -9999 -29.32246228098257 -27.72074092467354 -29.92348554177235 -27.15304494950257 -27.72356171657982 -28.65521135211297 -34.04397876302469 -34.05528512048497 -33.28630692638865 -32.744978999280164 -32.694884286912746 -32.6269579039759 -32.65984986718386 -32.85738568531528 -32.43260791805407 -32.91724858304409 -33.130597710920725 -32.94503157897661 -33.28301033907353 -33.886514194697554 -34.3624822539877 -9999 -9999 -9999 -9999
-9999 -9999 -9999 -9999 -9999 -9999 -9999 -9999 -9999 -9999 -9999 -9999 -9999 -9999 -9999 -9999 -9999 -9999 -9999 -9999 -9999 -9999 -37.50743453784347 -36.75418888212066 -36.80446629673243 -36.6125724155711 -28.920166927535238 -28.91410571789905 -28.815024684502244 -28.601983094225602 -28.461546830047077 -29.50621426297377 -31.19486475311832 -35.01653416022556 -35.15951101776876 -34.35320439382571 -34.55117613126153 -34.8450713348307 -35.00748244613307 -34.53643091035726 -34.58352252307208 -34.43467970323073 -33.744393331123746 -32.98729907504907 -32.53546728578027 -32.605155678154674 -33.404985406009914 -33.81507743029562 -34.18907497702294 -9999 -9999 -9999
-9999 -9999 -9999 -9999 -9999 -9999 -9999 -9999 -9999 -9999 -9999 -9999 -9999 -9999 -9999 -9999 -9999 -9999 -9999 -9999 -9999 -38.02079066275939 -38.01358544913261 -37.0832625966366 -36.226451464303544 -33.77577422828707 -36.41233142488827 -33.646461238773306 -28.95611059147201 -33.83699731430779 -33.43062494286936 -30.2694394093313 -33.68047750257466 -33.97296637059381 -34.565233638632584 -34.51739943767961 -34.62979057440917 -35.240538105741145 -35.2627642012163 -35.00382677671844 -34.89778779899217 -34.731472572097424 -34.60816345813952 -33.58939391923685 -32.76227671438701 -32.34615452740699 -32.24376715055271 -32.965728132590044 -33.15968334700861 -9999 -9999 -9999
-9999 -9999 -9999 -9999 -9999 -9999 -9999 -9999 -9999 -9999 -9999 -9999 -9999 -9999 -9999 -9999 -9999 -9999 -9999 -9999 -37.79892031494273 -37.87185955656922 -36.424942703820655 -29.520855444486013 -27.75441976445791 -26.900448329001666 -27.61425224043531 -28.66506128949049 -34.452806748735576 -35.06588051561011 -35.06828114973662 -34.108013706026625 -34.01415779345146 -33.92327485900015 -34.21950263646367 -34.334717796839875 -34.590282479857336 -34.89447912870307 -35.01001442463125 -34.845940459555344 -34.82541834472181 -34.75611695188468 -34.58239230306385 -34.119310147065214 -34.14606912451962 -33.59997566635274 -33.26730295560029 -33.1913494706307 -33.563844673621325 -33.99063614680853 -9999 -9999
-9999 -9999 -9999 -9999 -9999 -9999 -9999 -9999 -9999 -9999 -9999 -9999 -9999 -9999 -9999 -9999 -9999 -9999 -9999 -9999 -9999 -31.02696084198478 -31.188563117333878 -29.41033236610971 -29.923216125420108 -29.955011187748962 -30.420318326303 -30.62597382091598 -35.48319304224665 -35.50905410172801 -35.03153587115341 -34.86003300797143 -35.10593190430472 -35.1911112160103 -34.982252298504726 -34.74543647726309 -34.805150469387435 -34.89681989543446 -34.979032514570925 -34.76786797651893 -34.721598626550744 -34.616170018554136 -34.100945004137 -33.4340925454481 -33.691183430201384 -33.87056509346178 -33.98138072645317 -33.419347916206675 -33.75008460565483 -9999 -9999 -9999
-9999 -9999 -9999 -9999 -9999 -9999 -9999 -9999 -9999 -9999 -9999 -9999 -9999 -9999 -9999 -9999 -9999 -9999 -9999 -36.65677979915109 -36.74978586741506 -36.7133138903404 -34.50563424169405 -29.87799970956698 -33.226795542403444 -36.18961055879417 -36.100996304655524 -34.81206755733551 -34.84733570404351 -34.93936375607162 -34.908712353424676 -34.52821720150133 -33.91768816980495 -33.38507166187445 -33.07225015042477 -32.89810126280948 -32.73387187448368 -32.794964067382764 -33.688561169012154 -33.66637301279665 -34.23488109970644 -34.155438666938714 -33.82888985375223 -32.582701695684904 -32.58568022943625 -33.22845602705054 -33.464582971213005 -33.541965958220906 -33.334169850518855 -33.77837172666539 -33.716640167576195 -9999
-9999 -9999 -9999 -9999 -9999 -9999 -9999 -9999 -9999 -9999 -9999 -9999 -9999 -9999 -9999 -9999 -9999 -9999 -33.8914419816169 -36.245603869100144 -36.873393266760324 -37.00132001773135 -36.4669328384969 -36.77422448548757 -36.5679489426621 -36.473597266203534 -36.46553127373735 -35.65663433265809 -35.50046988090322 -35.282392848425935 -35.152248978186144 -34.878666599845026 -34.880262709077286 -34.91233641162821 -34.57772337073741 -34.149334221899714 -32.92109834445666 -33.82671299864066 -32.99462840192224 -32.90085130249699 -32.83785608164354 -33.58659517160834 -33.912081139488784 -33.25271197060914 -32.89796043288422 -33.07619167931684 -33.335595092748946 -33.56233455869943 -33.463734623631595 -33.52872312618547 -33.472156731830275 -9999
-9999 -9999 -9999 -9999 -9999 -9999 -9999 -9999 -9999 -9999 -9999 -9999 -9999 -9999 -9999 -9999 -9999 -34.82561143192731 -31.108430079697342 -30.162018133868298 -36.907824653647324 -36.05767933730903 -36.00097402603149 -36.239333329569185 -35.999445466681905 -35.96225425908215 -35.94594432339583 -34.97640092728073 -35.15707277299913 -35.16392136831602 -35.2061736468634 -35.075462639964606 -35.03794343302613 -35.03053955210194 -35.009112129472705 -34.714340780098766 -34.481122951679026 -34.080072163127056 -33.913379130012366 -32.92158336169916 -32.91831817212579 -33.62041491638001 -33.01270410158761 -33.250959097252114 -32.973256759595586 -33.034201794668824 -33.070143325489056 -33.1214623379738 -33.443527222909545 -33.35784407359076 -9999 -9999
-9999 -9999 -9999 -9999 -9999 -9999 -9999 -9999 -9999 -9999 -9999 -9999 -9999 -38.207169554372356 -37.45313986235693 -37.08163191908843 -37.22110144614357 -37.2605040120854 -33.41174644155249 -36.76477475195919 -33.8540099282379 -36.67606049592874 -36.17906219161639 -35.72398434279308 -35.532619763283094 -35.42764343273864 -35.57477887193736 -35.077779348373205 -35.11176032985318 -34.996108990647414 -34.87789801361728 -34.91906480166092 -35.051032531725824 -35.007347152172905 -34.92816251065225 -34.1515037974062 -34.3307833447389 -34.064732257511515 -33.87748130104721 -33.725263417063104 -33.730053256431674 -33.76057872215975 -33.79053027305293 -33.6485276714988 -33.817451084195945 -33.783904740438885 -33.60008959188956 -33.52635802539346 -33.735141061476035 -33.59983404327745 -33.742150603801214 -9999
-9999 -9999 -9999 -9999 -9999 -9999 -9999 -9999 -9999 -9999 -9999 -9999 -9999 -37.2129723792615 -37.01833304037174 -36.87803497722194 -37.47353228170885 -37.281194812472755 -36.736597064106846 -35.86490345582978 -36.18277583573371 -35.88760160009237 -35.70688561497588 -35.64077351523997 -35.71051706386449 -35.64003492952516 -35.647811451355274 -35.135499095386024 -35.230414210846774 -35.16252092764496 -34.96209560808764 -34.89920516443273 -34.71660858804539 -34.581957904137155 -34.35983397038526 -34.13919114977224 -34.1324199893397 -33.90405020556119 -33.99534127230003 -34.08804226877449 -34.165348816188434 -34.07916586918068 -33.97967414986088 -33.70666906328948 -33.259266468744784 -33.02523796108284 -33.0479158737786 -33.189721356087354 -33.123206084420616 -33.21238470377069 -33.29860382151012 -34.795500054792186
-9999 -9999 -9999 -9999 -9999 -9999 -9999 -9999 -9999 -9999 -9999 -9999 -9999 -37.161271454924595 -37.095144868361416 -36.71513994173338 -36.526509266979474 -36.55951872420536 -36.198772810083135 -35.665763111514586 -35.81166754160842 -35.81546007844378 -35.517401986666115 -35.47647793361892 -35.48983580708912 -35.55126247208004 -35.597071117116776 -35.18844829772229 -35.23213240849236 -35.21724758034394 -35.201664055669546 -34.994506293377036 -34.68540293605973 -34.45547541313078 -34.727468803315745 -34.3425960182174 -34.20395844018929 -33.77079349214288 -33.57268134166219 -33.8947436063257 -33.9542958123788 -33.893747450421536 -33.758925623706965 -33.0278986909465 -9999 -9999 -9999 -9999 -9999 -9999 -9999 -9999
-9999 -9999 -9999 -9999 -9999 -9999 -9999 -9999 -9999 -9999 -9999 -9999 -9999 -37.265791223402296 -37.01492545324543 -36.605276153838794 -36.40810065971152 -36.46807960431563 -36.40776441317715 -35.39683605267679 -35.26938040111571 -35.366299462553165 -35.58863103326461 -35.756327938860004 -35.53276300740058 -35.36169376121196 -35.42677941793346 -35.117677198865856 -35.171483830556475 -35.17929760905569 -35.129839548228745 -34.66027202255105 -34.77545095026901 -34.59580028343895 -34.42725923521674 -34.21718456569089 -34.21723220791821 -34.115158992423986 -33.741053664816974 -33.55019156844546 -32.85829809397357 -9999 -9999 -9999 -9999 -9999 -9999 -9999 -9999 -9999 -9999 -9999
-9999 -9999 -9999 -9999 -9999 -9999 -9999 -9999 -9999 -9999 -9999 -9999 -37.598561548696814 -37.26794192775676 -36.87311449831172 -36.312548672943684 -36.431278587867546 -36.279897324608214 -35.9309606578099 -35.3419405216989 -35.42379128740054 -35.31555926779872 -35.288321795462544 -35.292256212408006 -35.28805027048882 -35.23111474060849 -35.28226052486427 -34.603716806623424 -34.77956605159155 -34.88187945470316 -34.732953503416624 -34.326632182989016 -34.30893909378002 -34.31123015125831 -34.31115896377764 -34.118855819580695 -34.079560936696524 -33.739610858751476 -33.081840741078125 -32.67109219623245 -32.18685068798392 -9999 -9999 -9999 -9999 -9999 -9999 -9999 -9999 -9999 -9999 -9999
-9999 -9999 -9999 -9999 -9999 -9999 -9999 -9999 -9999 -9999 -9999 -36.091110073484174 -36.221403668392185 -36.37373724998778 -36.20172937105678 -35.772520080918106 -35.462850921162186 -35.45130860661603 -35.49348984872029 -35.033881327887514 -35.184937508812496 -35.09704007479324 -35.151432867644175 -34.92155244666318 -34.611108096806355 -34.16050461185713 -34.048930609170085 -33.66247717692223 -33.823695956747216 -33.867830484289016 -33.943331769318 -33.95370424263792 -33.95734798832707 -33.869096323092506 -33.69054664508631 -33.660264615265476 -33.514135751633404 -32.98313870644835 -32.22810619064186 -32.045857945329516 -9999 -9999 -9999 -9999 -9999 -9999 -9999 -9999 -9999 -9999 -9999 -9999
-9999 -9999 -9999 -9999 -9999 -9999 -9999 -9999 -9999 -9999 -35.63418295562063 -35.580863949523795 -36.171579875878685 -36.17988139695093 -35.87299593189502 -35.196996168863684 -35.034921400019364 -35.071937652299674 -35.5029949430019 -35.080878592435624 -35.0437039750743 -34.48677464646019 -34.84147470531705 -34.80692556974516 -35.125053896157915 -34.8082034189254 -34.336144579314215 -33.668734182999145 -33.39901335622146 -33.767399476534905 -33.7283185032796 -33.50743955829474 -33.753665765094226 -33.82037683037454 -33.744338985507014 -33.72071599555648 -33.16055114232514 -32.63047845430978 -31.893250388728628 -9999 -9999 -9999 -9999 -9999 -9999 -9999 -9999 -9999 -9999 -9999 -9999 -9999
-9999 -9999 -9999 -9999 -9999 -9999 -9999 -9999 -9999 -9999 -9999 -9999 -35.78017789017256 -35.41045551807811 -34.76858171383812 -34.47602721098555 -34.00988174889696 -34.67536871138297 -35.00927754846236 -34.993779490051196 -35.016069468697665 -34.57357934930247 -34.52245352832627 -34.2632560813723 -34.34383033714066 -34.458791693422484 -34.46857981334811 -34.08018203003154 -33.85276343626008 -34.05751448807447 -33.329546352996395 -33.35107404632009 -33.310287471299304 -33.55314831717884 -33.64383154236903 -33.63755940004979 -33.32319083904771 -32.11208458362173 -31.25848135765489 -31.41093301333181 -9999 -9999 -9999 -9999 -9999 -9999 -9999 -9999 -9999 -9999 -9999 -9999
-9999 -9999 -9999 -9999 -9999 -9999 -9999 -9999 -9999 -9999 -9999 -34.56681654162909 -35.025005433601265 -35.762886187694455 -35.45421784355828 -33.970629263801925 -33.74464520595661 -34.478659954896735 -34.61865844703088 -34.10274089515107 -34.13552048951387 -34.43961500849524 -34.45602037356018 -34.22441259630229 -34.03534733391788 -34.00792762947919 -34.12796812137104 -33.77893018615368 -33.73299380022369 -33.42403225649199 -33.71279095268923 -33.03833826988017 -33.16735491074928 -33.10881340321511 -33.35681168454355 -33.137148913179765 -32.87871146279145 -31.51732164840788 -30.194570809582324 -9999 -9999 -9999 -9999 -9999 -9999 -9999 -9999 -9999 -9999 -9999 -9999 -9999
-9999 -9999 -9999 -9999 -9999 -36.0591681110124 -36.189053322140076 -35.723133814487966 -36.07199149195054 -35.73119180247392 -35.64685221547133 -34.43497674025289 -33.794264236327315 -34.093279094162256 -34.84273215460859 -34.13237570155769 -34.195508062507805 -34.15568143259479 -34.27030892526246 -33.38787660849319 -33.449809491547626 -33.565713227555555 -33.726490338759056 -33.48001036105601 -33.6124223135871 -33.65051586159492 -33.53977930357501 -33.24960198380972 -32.9434217895496 -32.73739156484706 -32.9616900273688 -33.47251928184845 -33.35202224149484 -33.316865061703204 -32.856948533822624 -31.865242384476204 -31.443394281016026 -30.32815174304255 -9999 -9999 -9999 -9999 -9999 -9999 -9999 -9999 -9999 -9999 -9999 -9999 -9999 -9999
-9999 -9999 -9999 -9999 -35.8903255452134 -35.615857421514924 -34.877298737919496 -33.24434527604241 -34.109579246394226 -33.931038226993515 -34.33231932330519 -34.11008144979914 -34.20393179373381 -34.079719127832014 -34.48792841611047 -34.411060003579074 -34.10615360637336 -34.15221255193018 -34.20930663919816 -33.21061813627714 -33.186147448231715 -33.151428959345175 -33.01838239402293 -32.88763831893671 -32.961533775471466 -32.59250143561257 -32.40185517685564 -32.32400686157587 -32.22294416058656 -32.48453392513505 -32.56248041418929 -32.90986253050194 -31.87303548574141 -31.302879852025885 -30.662382946433887 -9999 -9999 -9999 -9999 -9999 -9999 -9999 -9999 -9999 -9999 -9999 -9999 -9999 -9999 -9999 -9999 -9999
-9999 -9999 -9999 -35.64571055413721 -35.67674807639257 -35.308914978057146 -35.19492367980619 -34.61588562050298 -33.93928151926766 -33.0944859672797 -32.93640393170796 -32.334691005353235 -32.14076564883533 -32.702897839579876 -33.74827883309391 -33.67324645409539 -33.77228439003739 -33.877627443486496 -34.26864310839813 -33.30376819761036 -33.08616208080458 -32.691635211398946 -32.4874024919196 -32.415155603032396 -32.6598900611321 -32.575971694857095 -32.358036472500395 -32.01190815041837 -31.761999017678924 -31.358710650512823 -31.061324960656773 -9999 -9999 -9999 -9999 -9999 -9999 -9999 -9999 -9999 -9999 -9999 -9999 -9999 -9999 -9999 -9999 -9999 -9999 -9999 -9999 -9999
-9999 -9999 -9999 -36.71036333202908 -36.957962354333844 -36.71256185328103 -36.55381838405785 -35.540143357850106 -35.3732364495119 -35.138186986851565 -34.15761483833704 -31.487913871377913 -30.91322709808815 -31.80145175865252 -33.55647886801154 -33.50724557161535 -33.75586319680593 -33.84177970850509 -33.788000952370766 -32.38832186149204 -32.91054964857048 -32.48393627526111 -32.25204085002411 -31.57502931750902 -31.58398399918965 -31.496112216070088 -31.70369533944416 -31.73678500508405 -30.73416499200545 -9999 -9999 -9999 -9999 -9999 -9999 -9999 -9999 -9999 -9999 -9999 -9999 -9999 -9999 -9999 -9999 -9999 -9999 -9999 -9999 -9999 -9999 -9999
-9999 -9999 -9999 -36.522169225060786 -37.13411251770919 -36.87436345400263 -36.8391841353721 -35.994177721558174 -35.59541535004973 -35.641796366252926 -35.46534906273121 -33.462001791188165 -31.670598203188753 -31.93094950618401 -33.19435013463746 -33.71565923316736 -33.85114436286361 -34.0639039535994 -33.96072797832934 -32.486320742138034 -32.35157177614125 -32.74003431651588 -32.36929575340593 -32.798334718148595 -32.381242547398564 -31.800143585696002 -30.974358241188607 -30.160840925997864 -9999 -9999 -9999 -9999 -9999 -9999 -9999 -9999 -9999 -9999 -9999 -9999 -9999 -9999 -9999 -9999 -9999 -9999 -9999 -9999 -9999 -9999 -9999 -9999
-9999 -9999 -9999 -36.59507894442506 -36.328904660729926 -35.976514880624535 -36.19491323430653 -35.620326042920354 -35.43856172051332 -35.32150281060436 -34.995705582349466 -34.262745320552014 -33.332798694880445 -33.064812100423524 -33.7425719301127 -33.9537926318966 -33.8464420036298 -33.79435587732045 -33.821302086354734 -32.14389086444288 -32.13266809053515 -31.824033841250895 -32.08094640452261 -32.10110871576487 -32.110986082949864 -31.21103416936957 -30.02520302014093 -9999 -9999 -9999 -9999 -9999 -9999 -9999 -9999 -9999 -9999 -9999 -9999 -9999 -9999 -9999 -9999 -9999 -9999 -9999 -9999 -9999 -9999 -9999 -9999 -9999
-9999 -9999 -9999 -9999 -36.131996433885945 -35.95549648160701 -35.90199550949547 -35.61790698690672 -35.45978496481396 -35.42932423987515 -35.335418402719995 -34.672847832024914 -34.661004462450336 -34.109746943352974 -33.20384181561842 -33.33340565702074 -32.89756154808381 -33.385087638879064 -33.522329924990466 -31.606960153880802 -31.702969174393235 -32.075404414259 -31.46621140651405 -31.13420810703545 -9999 -9999 -9999 -9999 -9999 -9999 -9999 -9999 -9999 -9999 -9999 -9999 -9999 -9999 -9999 -9999 -9999 -9999 -9999 -9999 -9999 -9999 -9999 -9999 -9999 -9999 -9999 -9999
-9999 -9999 -9999 -9999 -35.94789240608272 -35.866373441955204 -35.880726672499755 -35.866498297636646 -35.542958011738456 -34.67540096514029 -34.29757404813211 -32.69632212757452 -32.95462632287447 -33.14272095959583 -32.69011781041651 -32.43809253182518 -32.83045028100581 -33.23531484343111 -32.67956479273941 -31.66910973966938 -31.581349996278345 -31.649070223329 -30.896129068267875 -30.62193427548221 -28.999895789785537 -9999 -9999 -9999 -9999 -9999 -9999 -9999 -9999 -9999 -9999 -9999 -9999 -9999 -9999 -9999 -9999 -9999 -9999 -9999 -9999 -9999 -9999 -9999 -9999 -9999 -9999 -9999
