metrics/grid_rasters/GLDAS/grideval_GLDAS_S_spring_absolute_ubrmsd.asc
ncols 52
nrows 55
xllcorner     11.25
yllcorner     55.25
cellsize      0.25
NODATA_value  -9999
[rows 0 to 29 of 55, columns 0 to 51 of 52]
-9999 -9999 -9999 -9999 -9999 -9999 -9999 -9999 -9999 -9999 -9999 -9999 -9999 -9999 -9999 -9999 -9999 -9999 -9999 -9999 -9999 -9999 -9999 -9999 -9999 -9999 -9999 -9999 -9999 -9999 -9999 -9999 -9999 -9999 -9999 -9999 6.9685333341782005 7.053116322974856 5.829945463160128 -9999 -9999 -9999 -9999 -9999 -9999 -9999 -9999 -9999 -9999 -9999 -9999 -9999
-9999 -9999 -9999 -9999 -9999 -9999 -9999 -9999 -9999 -9999 -9999 -9999 -9999 -9999 -9999 -9999 -9999 -9999 -9999 -9999 -9999 -9999 -9999 -9999 -9999 -9999 -9999 -9999 -9999 -9999 -9999 -9999 -9999 -9999 -9999 -9999 6.572503117809137 6.9495382203724585 6.256289657836963 6.243660912498587 6.50321905009172 6.596214057745919 -9999 -9999 -9999 -9999 -9999 -9999 -9999 -9999 -9999 -9999
-9999 -9999 -9999 -9999 -9999 -9999 -9999 -9999 -9999 -9999 -9999 -9999 -9999 -9999 -9999 -9999 -9999 -9999 -9999 -9999 -9999 -9999 -9999 -9999 -9999 -9999 -9999 4.254213634164048 5.844083296359337 4.650816822647723 3.618224489724972 5.991444615178177 5.802879503818295 5.198029017174762 -9999 6.131405733416552 6.756521309237008 6.797104101128463 6.529264498256737 6.661093294951678 6.603021922100121 6.845591905938928 7.1360084621668936 6.696640408132031 7.300425947108517 7.192116135990182 -9999 -9999 -9999 -9999 -9999 -9999
-9999 -9999 -9999 -9999 -9999 -9999 -9999 -9999 -9999 -9999 -9999 -9999 -9999 -9999 -9999 -9999 -9999 -9999 -9999 -9999 -9999 -9999 -9999 -9999 -9999 -9999 -9999 5.881108468228505 5.3501373462699835 5.3014574141128765 4.7504762408681 6.301420409436775 6.678731266688758 5.971961127337327 5.652935570064003 6.517069080793381 6.6975465978021775 6.921698804916872 6.647399492942437 6.858830172724013 6.860863225631246 6.9031078202717895 7.3441029217521505 7.232224852251488 6.815792099545571 7.1770121474289805 7.180620284313287 7.409487971987772 -9999 -9999 -9999 -9999
-9999 -9999 -9999 -9999 -9999 -9999 -9999 -9999 -9999 -9999 -9999 -9999 -9999 -9999 -9999 -9999 -9999 -9999 -9999 -9999 -9999 -9999 0.0656911099853779 3.9018493662292015 3.4294641741641634 2.3687867356275443 4.911567593504183 4.353703259143393 4.566484874953847 4.909262790611199 5.329714077744064 5.586706795173184 5.856364802187968 5.882936666724464 6.1299497371058935 6.575980036414744 6.4536083092611465 6.8941589365385445 7.219329376105025 7.33839617639654 7.521841796483568 7.6095922435579055 7.415312621383344 7.298095445953956 7.412570236258749 7.419440177722442 7.3568204614662625 7.286663995179262 7.297166222783711 -9999 -9999 -9999
-9999 -9999 -9999 -9999 -9999 -9999 -9999 -9999 -9999 -9999 -9999 -9999 -9999 -9999 -9999 -9999 -9999 -9999 -9999 -9999 -9999 1.4158278143552023 1.5355932154231648 3.9652444322605334 2.0116071001661173 1.6370486938967297 3.2044715416095304 4.022184243839764 5.65263049608212 5.321167701324584 5.582870404118488 6.1278223679192045 6.275245869518145 6.491067128232509 6.626647066433662 6.964714970375623 6.636160325461698 7.1775091483526445 7.4530890144481985 7.984027113127536 7.868373426907867 7.70527129675128 7.828553056609849 7.892040963031378 8.045443884804586 7.878805053559099 7.583414720819657 7.509476530085141 7.582706408177466 -9999 -9999 -9999
-9999 -9999 -9999 -9999 -9999 -9999 -9999 -9999 -9999 -9999 -9999 -9999 -9999 -9999 -9999 -9999 -9999 -9999 -9999 -9999 0.042494388854362915 0.13424804083176825 0.4715566401790376 5.247142855152866 4.366568850252511 4.67484761541881 4.639495255949154 5.330249305533561 5.6216792982688775 5.773087770622378 5.226421004339548 6.090136684696274 6.449450509995349 6.696589750687301 6.760689436902704 7.129695698768475 7.125302411309284 7.05018025472649 7.393136101434277 8.001660039620809 8.49191098098576 8.152729934727818 7.992894247740438 8.220612688204943 8.679837508122612 8.619731699799704 8.46951994775618 8.3736153318447 8.439833636557022 8.557231097982468 -9999 -9999
-9999 -9999 -9999 -9999 -9999 -9999 -9999 -9999 -9999 -9999 -9999 -9999 -9999 -9999 -9999 -9999 -9999 -9999 -9999 -9999 -9999 5.344011172325301 5.366664825349019 4.7305065045646755 5.539192632758689 5.705677787606662 5.958030401011675 5.981692138932508 6.018372331865049 6.433430163674972 6.450734607073853 6.498185892949111 6.320696170619473 6.619327498953612 6.545498931812565 7.40630064501792 7.389994474980202 8.050953103774484 8.61580845803848 9.011210516254248 9.19230620398965 8.935086988087399 8.521460114279412 8.411124915702779 8.77117459799639 8.987988865121672 8.86839233259021 8.593469813724152 8.698416482817139 -9999 -9999 -9999
-9999 -9999 -9999 -9999 -9999 -9999 -9999 -9999 -9999 -9999 -9999 -9999 -9999 -9999 -9999 -9999 -9999 -9999 -9999 2.384664022116252 2.741129092167835 2.947807849450647 3.1775130187664646 5.6322290024154995 5.693683708796438 4.310832032102555 4.708336906175303 6.430628343892812 6.937896633324653 7.1978757466815315 7.442801082537067 7.903370836267103 7.488461865168325 7.3539917598907945 7.435217207095086 8.0701804403114 8.060907405180343 8.092533167799454 8.45361551345164 8.974910128311306 9.408097713464564 9.528224149556102 9.564587746116851 9.276732441168292 9.312029364308847 9.556844242915727 9.548100488270013 9.33354090719652 9.215903296107967 9.646476840038904 9.685851500858275 -9999
-9999 -9999 -9999 -9999 -9999 -9999 -9999 -9999 -9999 -9999 -9999 -9999 -9999 -9999 -9999 -9999 -9999 -9999 5.3747061043552735 3.0113241510902093 3.449855281700493 3.8577362755949247 4.397014813497787 4.501761369915527 4.440182219158122 4.53766494807611 4.794630299894507 6.4964556375941065 6.444574165245014 7.050443283809461 8.136638785858233 9.098650707735224 9.139085721074617 9.031023617025058 8.869314523964713 9.224094652929097 8.832527232637695 9.130808176246356 8.832613602904791 8.884880556616828 8.692405930677065 9.117142768076487 9.628284179546624 9.876875915410793 9.836451404605052 9.912704783097537 9.73225501039001 9.634882642461482 9.490590055241748 9.850603216542712 9.854537101715762 -9999
-9999 -9999 -9999 -9999 -9999 -9999 -9999 -9999 -9999 -9999 -9999 -9999 -9999 -9999 -9999 -9999 -9999 5.064738389270969 6.300290111878139 5.5334368823194175 4.187787803808953 4.981565979531611 5.375145437540996 4.942362314692759 5.603370725142863 5.824661257012613 5.9393886603061725 6.709885425161562 8.111684312040456 7.649001191196962 7.888685853318305 8.35222893773113 8.721198205583077 8.777632489235609 8.806466972622893 9.36626807453606 9.647544076197507 9.787820547083703 9.736104218819335 9.605294823253892 9.478400505921067 9.660815259896326 9.4802951158983 10.060339674068056 10.2789436811671 10.378605596098966 10.286994638790471 10.154118970190726 9.82396797009508 10.015097394963306 -9999 -9999
-9999 -9999 -9999 -9999 -9999 -9999 -9999 -9999 -9999 -9999 -9999 -9999 -9999 1.7818723524019633 3.1401014085258474 3.313795783119442 3.4151656045191237 3.4303921666322603 5.789092667380879 4.0352425133314505 5.384584402263303 4.737900999034983 5.162793358814967 5.912790572944112 6.768386369393325 7.4609241085375935 6.8658549036964285 8.501806214360201 8.463085350569454 8.872283968210088 9.067625836726608 8.690905289669947 8.7998270531329 8.97626256365102 9.114717362662637 9.887037342484987 9.736824209456518 10.187878574597294 10.114152934043874 10.487554698380338 10.337681841338053 10.386785600893367 10.456867328083947 10.238272653459301 9.94698667386483 10.18692623380725 10.345268997918144 10.140223564160497 9.929537026129353 10.106380092855293 9.964299851256598 -9999
-9999 -9999 -9999 -9999 -9999 -9999 -9999 -9999 -9999 -9999 -9999 -9999 -9999 3.3741570874897957 3.8167230891289483 3.887650898025228 3.4193563062694663 3.489856432728907 3.793994867320853 5.071057295082088 5.0903947497845055 5.6316274516681215 6.211551537041283 7.0880388008027495 7.130470263192987 7.691466000885086 7.835721195163015 8.917909181087726 8.707462562535516 8.892285707786776 9.27216174860269 9.26982707194018 9.378380452571935 9.510449089676547 9.829323284840816 10.046050742634996 10.006633900464518 10.295508120800454 10.211411051006504 10.039037241378193 9.995162500066408 10.161574400526872 10.223168476263544 10.110344195008288 9.95624093113562 10.006817121763287 9.918847230341164 9.852645461080982 9.762086524585312 9.690157263867487 9.548636198408039 8.653517449839676
-9999 -9999 -9999 -9999 -9999 -9999 -9999 -9999 -9999 -9999 -9999 -9999 -9999 3.501150557361413 3.786858837575206 4.165170740146602 4.733195663335262 4.470384349167416 4.207712932131937 6.2119147481232515 5.976427382632194 6.0591503289667585 7.544753197772692 8.290633559563636 8.340518922749629 8.21675285299087 8.174088015134839 8.91469452690209 8.883048910156537 8.944281387400627 8.933550037917257 9.295063182547151 9.498903178833732 9.745684819635644 9.457976761583714 9.730724761362962 10.01362755469065 10.408291865191574 10.471069132354556 10.24870543042043 10.258052924321683 10.245177760378347 10.294337933530109 10.24168204530961 -9999 -9999 -9999 -9999 -9999 -9999 -9999 -9999
-9999 -9999 -9999 -9999 -9999 -9999 -9999 -9999 -9999 -9999 -9999 -9999 -9999 3.6103674845482736 3.975867728850866 4.5257244985737985 4.205963155399312 4.583694527609856 5.2957467495131185 8.29408696698995 8.665151581131015 8.501189974919953 7.893676209959506 7.5208004343309725 8.321737704206898 8.774001266209835 8.731841243440275 9.240339523876248 9.174687771719988 9.274798023090383 9.255301861451489 9.44510927427384 9.53988089662451 9.660626481288087 9.833527737797514 10.015983232212614 10.00251205566524 10.147778470001331 10.368122435150418 10.384794922483929 10.347939472638554 -9999 -9999 -9999 -9999 -9999 -9999 -9999 -9999 -9999 -9999 -9999
-9999 -9999 -9999 -9999 -9999 -9999 -9999 -9999 -9999 -9999 -9999 -9999 3.000020393754226 3.557191767748272 3.741569212181553 4.171909514948843 4.7166227284295665 5.312914062915996 6.753333488484915 8.369944902422302 8.300389181474317 8.661082589044893 8.80562323207744 8.861248047425637 8.900608144795962 9.045082248423489 9.034117602700748 9.594798878050355 9.515737825737707 9.461495961497926 9.56397240804451 10.099911459410443 10.100416936739483 10.08176837091996 10.02925785029873 10.154879588832186 10.200563131548556 10.358193410315437 10.384018139696547 10.335545304331363 10.319223788889357 -9999 -9999 -9999 -9999 -9999 -9999 -9999 -9999 -9999 -9999 -9999
-9999 -9999 -9999 -9999 -9999 -9999 -9999 -9999 -9999 -9999 -9999 6.4821854614608885 6.006941147064923 5.31904008880757 5.042781510956007 5.815073883601798 6.693716995126428 7.6400826919668114 7.92989935656997 8.981745408844256 8.869028459639743 9.047717789532646 8.979616256983379 9.171189348688642 9.449228143047998 10.038474635031516 10.166952415750028 10.34364025474941 10.317989485405402 10.304225287066199 10.255774679845096 10.149857676909397 10.16911851496075 10.196641847051858 10.309355456119183 10.11197116620018 10.108475168911607 10.222283808792614 10.219213152566557 9.858676530781485 -9999 -9999 -9999 -9999 -9999 -9999 -9999 -9999 -9999 -9999 -9999 -9999
-9999 -9999 -9999 -9999 -9999 -9999 -9999 -9999 -9999 -9999 8.437896709531884 8.509648594391233 6.0695785258914565 5.947492689035459 6.525424604098537 8.502336037367996 8.868950434677826 8.907359920015264 8.380294507276645 8.959897728193258 9.130791353532553 9.60872430328647 9.384015629305393 9.410121236937819 9.111711010197178 9.29449662454231 9.825504522201113 10.251835399847051 10.363092689851332 10.330928474206335 10.362464713019 10.39289332431015 10.298762052121793 10.246574808254122 10.258639647529996 10.017201292452873 10.128688326968321 10.256352744024946 10.251879623992682 -9999 -9999 -9999 -9999 -9999 -9999 -9999 -9999 -9999 -9999 -9999 -9999 -9999
-9999 -9999 -9999 -9999 -9999 -9999 -9999 -9999 -9999 -9999 -9999 -9999 7.290889612748471 8.744619522850254 9.338143696335797 9.366289984207626 9.749234426179594 9.456718098078976 9.077839008327052 9.149489137764393 9.160987440232534 9.53532207397195 9.641112194475829 9.969724329752092 9.858022344986123 9.627737945437474 9.706440241967817 10.102914976777363 10.256979788752952 10.189842412726096 10.482780373882091 10.497820921299798 10.491365657242786 10.394132059900327 10.284886223050188 10.042873122457543 10.109107869754936 10.287579705116233 10.296814055274233 9.67002155078034 -9999 -9999 -9999 -9999 -9999 -9999 -9999 -9999 -9999 -9999 -9999 -9999
-9999 -9999 -9999 -9999 -9999 -9999 -9999 -9999 -9999 -9999 -9999 8.944383724817351 8.520918948553758 7.482267923295945 8.585566434333925 9.626674841743874 9.8730940663813 9.680609459141259 9.57788785791747 10.090287129424997 10.038304244336814 9.729495428792713 9.663832266233873 10.000256047297363 10.147759129018919 10.141731580079645 10.101813362807924 10.33767937658176 10.288433259639607 10.373108144662867 10.221842048944792 10.466798645068442 10.441124507928189 10.449404663588751 10.391178962835577 10.192504153515976 10.282782144014853 10.312463204085232 9.112059866977178 -9999 -9999 -9999 -9999 -9999 -9999 -9999 -9999 -9999 -9999 -9999 -9999 -9999
-9999 -9999 -9999 -9999 -9999 7.456440033392955 7.680904328153519 8.174435765574053 6.7855295106725775 7.492366410828173 8.113571868656132 9.52459326756705 10.060303645918204 9.855994431718312 9.641433230093234 9.735691240112187 9.892467579866368 10.038855071444289 10.035163162118996 10.379631627154462 10.400871047267788 10.36141467159802 10.253930361519787 10.246372453052864 10.11703406999981 10.08260646143599 10.111778345203003 10.36055331605549 10.494200086990377 10.55078805347026 10.470513330997155 10.227292929613835 10.230122291202763 10.245852307142886 10.321052227773754 10.007375242375813 9.193369434176043 8.717147127383775 -9999 -9999 -9999 -9999 -9999 -9999 -9999 -9999 -9999 -9999 -9999 -9999 -9999 -9999
-9999 -9999 -9999 -9999 8.066267072170094 8.569573768497463 9.050616283258 9.833555458531489 9.544786728462967 9.631471694970948 9.474298830204924 9.668035132501174 9.753406617780273 9.89190590749658 9.764795777838227 9.67952500643775 9.856305329233056 9.942017608172225 9.975337984250032 10.316174567474194 10.41175693541086 10.477144136570974 10.514926927138873 10.45398617219401 10.384601634186273 10.445313483399012 10.514640397086778 10.623081532690124 10.644411893550586 10.526622021398088 10.448752352674537 10.266154614343758 10.416502163380658 9.798146650262684 9.142892995662018 -9999 -9999 -9999 -9999 -9999 -9999 -9999 -9999 -9999 -9999 -9999 -9999 -9999 -9999 -9999 -9999 -9999
-9999 -9999 -9999 8.100561599555737 8.358292711325253 9.010027270474328 8.910460529937525 9.26723892888738 9.697816101624642 10.17017792337293 10.234835156888991 10.595684305430511 10.753994266562907 10.649507672202665 10.016589308754128 9.961131539540293 9.984573724055409 9.985754294974152 9.823060769395834 10.16972624043472 10.310474369808817 10.517378476388217 10.591260961128823 10.544482722224442 10.373578870834617 10.396248437809717 10.479419569492485 10.668632035666985 10.678976236434247 10.577034099720196 10.356492902653084 -9999 -9999 -9999 -9999 -9999 -9999 -9999 -9999 -9999 -9999 -9999 -9999 -9999 -9999 -9999 -9999 -9999 -9999 -9999 -9999 -9999
-9999 -9999 -9999 6.188828726507766 5.808501126250524 6.334162538212973 6.456707242595559 8.456830495662302 8.672839785636235 9.073387414632585 9.625552217476669 10.514619924988226 10.07496207380309 10.558096226058288 10.277198508407013 10.179307706957276 10.089540507876228 10.086957658768283 10.116821442803802 10.620107003105874 10.378089165859793 10.604655822982556 10.662918725902836 10.702415138459932 10.658157342926527 10.635584345623268 10.596816376433598 10.59499792107258 10.444772221080397 -9999 -9999 -9999 -9999 -9999 -9999 -9999 -9999 -9999 -9999 -9999 -9999 -9999 -9999 -9999 -9999 -9999 -9999 -9999 -9999 -9999 -9999 -9999
-9999 -9999 -9999 6.214642655436998 5.256386123350421 5.887327381146663 5.820316646581754 7.089810228035684 8.002577625621372 7.983993857862671 8.693107437634117 10.015804740078172 10.80638481049816 10.891658465623125 10.453878771759397 10.24646432131698 10.114089038272873 10.025844810921868 10.072012153112766 10.444326932947304 10.51358150181089 10.35724903807894 10.518082315861195 10.316182612159007 10.570363017077408 10.630902684390328 10.449125649857418 9.181739080008784 -9999 -9999 -9999 -9999 -9999 -9999 -9999 -9999 -9999 -9999 -9999 -9999 -9999 -9999 -9999 -9999 -9999 -9999 -9999 -9999 -9999 -9999 -9999 -9999
-9999 -9999 -9999 5.900949316976765 6.5184351132902245 7.479957401192527 6.847568355327022 8.072590287408907 8.825102209691467 9.050969601854966 9.39216245886294 9.86634390747526 10.413989297171499 10.551301836916137 10.38084049890698 10.215427420894503 10.19094702682292 10.21447491622595 10.187227274771374 10.578607164312643 10.610318165123196 10.70149461526314 10.577964068395037 10.6143415088975 10.563394410446062 10.48389077012018 9.367691212922693 -9999 -9999 -9999 -9999 -9999 -9999 -9999 -9999 -9999 -9999 -9999 -9999 -9999 -9999 -9999 -9999 -9999 -9999 -9999 -9999 -9999 -9999 -9999 -9999 -9999
-9999 -9999 -9999 -9999 7.430426661029303 7.984380622152175 8.132091202123746 8.648575576596611 9.054577155197476 9.165008564297132 9.309507519822906 9.8939259643321 9.907189958986775 10.367725739694393 10.62298516793006 10.467046572934473 10.597888741904343 10.425733775481321 10.388513082023076 10.78179439429575 10.754992960630222 10.638807204746707 10.652024336743883 10.537049820619854 -9999 -9999 -9999 -9999 -9999 -9999 -9999 -9999 -9999 -9999 -9999 -9999 -9999 -9999 -9999 -9999 -9999 -9999 -9999 -9999 -9999 -9999 -9999 -9999 -9999 -9999 -9999 -9999
-9999 -9999 -9999 -9999 7.868415606839274 8.294015496909715 8.391689854747531 8.05311134304144 9.007763914210175 9.73078970384006 10.290855951226463 10.790109768687048 10.72412945502681 10.664448587751936 10.855357637316915 10.774370224806118 10.582822839994078 10.450544525815292 10.538743090908904 10.761141033192331 10.688878412822136 10.633715421768256 10.31749484625898 9.859107088657089 8.486380752863804 -9999 -9999 -9999 -9999 -9999 -9999 -9999 -9999 -9999 -9999 -9999 -9999 -9999 -9999 -9999 -9999 -9999 -9999 -9999 -9999 -9999 -9999 -9999 -9999 -9999 -9999 -9999
-9999 -9999 -9999 -9999 9.279715233292006 9.35040931068836 9.828812027043066 9.492812778440932 9.385138974180443 9.816386733090061 10.192382246071576 10.354653643970751 10.704931880987038 10.7729624842384 10.799410481987099 10.744893688222763 10.726082439704244 10.697857244298744 10.65675018806375 10.61641424015476 10.48768174556916 10.014749504526122 9.566549117507547 9.456784391369043 -9999 -9999 -9999 -9999 -9999 -9999 -9999 -9999 -9999 -9999 -9999 -9999 -9999 -9999 -9999 -9999 -9999 -9999 -9999 -9999 -9999 -9999 -9999 -9999 -9999 -9999 -9999 -9999
-9999 -9999 -9999 -9999 8.462933067107834 8.5818905728163 9.16682046586101 10.271226528903046 10.130504438988336 9.696507082102684 9.450188963913439 9.86206366453508 10.071436902770085 10.425677594395212 10.613075447867788 10.678618397588359 10.675026894128669 10.591440144843698 10.519428698713329 10.534597315337367 10.43305230553365 10.286051361774307 9.720480781217656 -9999 -9999 -9999 -9999 -9999 -9999 -9999 -9999 -9999 -9999 -9999 -9999 -9999 -9999 -9999 -9999 -9999 -9999 -9999 -9999 -9999 -9999 -9999 -9999 -9999 -9999 -9999 -9999 -9999
