metrics/grid_rasters/GLDAS/grideval_GLDAS_X_winter_2017_absolute_ubrmsd.asc
ncols 52
nrows 55
xllcorner     11.25
yllcorner     55.25
cellsize      0.25
NODATA_value  -9999
[rows 0 to 28 of 55, columns 0 to 51 of 52]
-9999 -9999 -9999 -9999 -9999 -9999 -9999 -9999 -9999 -9999 -9999 -9999 -9999 -9999 -9999 -9999 -9999 -9999 -9999 -9999 -9999 -9999 -9999 -9999 -9999 -9999 -9999 -9999 -9999 -9999 -9999 -9999 -9999 -9999 -9999 -9999 1.2334521830132064 1.4174652758093402 2.4688132362786024 -9999 -9999 -9999 -9999 -9999 -9999 -9999 -9999 -9999 -9999 -9999 -9999 -9999
-9999 -9999 -9999 -9999 -9999 -9999 -9999 -9999 -9999 -9999 -9999 -9999 -9999 -9999 -9999 -9999 -9999 -9999 -9999 -9999 -9999 -9999 -9999 -9999 -9999 -9999 -9999 -9999 -9999 -9999 -9999 -9999 -9999 -9999 -9999 -9999 1.6855052174643326 1.7888192161008187 1.243156066063646 0.9548567705505296 1.7531395707000406 2.8896477412032446 -9999 -9999 -9999 -9999 -9999 -9999 -9999 -9999 -9999 -9999
-9999 -9999 -9999 -9999 -9999 -9999 -9999 -9999 -9999 -9999 -9999 -9999 -9999 -9999 -9999 -9999 -9999 -9999 -9999 -9999 -9999 -9999 -9999 -9999 -9999 -9999 -9999 4.55722248437258 3.721978424963582 4.070382187531021 3.2300643091271573 2.0087263655898737 4.876813161044251 4.1742052648575285 -9999 3.1110547891584903 0.7489699220636091 0.6297249066804551 2.6329526538179304 2.7763341100432406 2.8527015101785587 2.4000041494715734 2.490048642168007 2.7725894138842144 2.6876451032060387 2.9047685101195664 -9999 -9999 -9999 -9999 -9999 -9999
-9999 -9999 -9999 -9999 -9999 -9999 -9999 -9999 -9999 -9999 -9999 -9999 -9999 -9999 -9999 -9999 -9999 -9999 -9999 -9999 -9999 -9999 -9999 -9999 -9999 -9999 -9999 1.9250340632997465 2.909226151594153 1.3113459991897698 2.7664839335899987 1.5483693730514525 1.1154168656482353 4.117373569031826 4.198496723206907 4.720412202181797 4.671111595843026 4.179206638699051 4.614461606949373 3.7965777795045046 3.2436373038490047 3.032191680969239 3.3716749028550304 2.681709076902314 3.1676423028573946 2.4316338049598722 1.908245200002722 1.5644832905770878 -9999 -9999 -9999 -9999
-9999 -9999 -9999 -9999 -9999 -9999 -9999 -9999 -9999 -9999 -9999 -9999 -9999 -9999 -9999 -9999 -9999 -9999 -9999 -9999 -9999 -9999 3.9943619363426586 1.4649948280101786 3.0103689600606205 3.5204144745994936 1.4621647656483174 1.4598835303444466 1.4166907508713762 1.2358743973400308 1.0144193903356091 1.292402822949431 2.6118858321269705 5.394276792650588 5.323520273691454 5.700366294084227 5.055483267402356 3.958968369988369 3.289278972434029 3.578777296558781 3.0152141557085197 3.323494311862135 4.225890058570639 5.089083294394575 5.686339625762153 5.652883575882218 4.326026067432852 3.2805787257284797 2.613387895704381 -9999 -9999 -9999
-9999 -9999 -9999 -9999 -9999 -9999 -9999 -9999 -9999 -9999 -9999 -9999 -9999 -9999 -9999 -9999 -9999 -9999 -9999 -9999 -9999 1.1754870112867666 0.5939278463967732 0.2835215827005064 3.7293565405946665 3.2245490014862934 3.583663847169246 3.3685041925002217 1.2291613137799131 4.168543175859784 4.440507189801319 2.3551137836741725 4.793778435045605 5.715754598169372 5.3346065591031415 5.149244379902801 4.514593520166164 2.5382028114153594 1.285518889866355 1.0511924508160202 1.5598632680254765 2.278384085441622 2.562326298113978 3.642839101346734 4.816181376781444 5.5865204049760475 5.862562588668678 4.784084440586484 4.207347484835046 -9999 -9999 -9999
-9999 -9999 -9999 -9999 -9999 -9999 -9999 -9999 -9999 -9999 -9999 -9999 -9999 -9999 -9999 -9999 -9999 -9999 -9999 -9999 0.3680681894493445 0.040881849290601936 2.3908300406325966 1.8819719580551728 1.4878466587927237 2.6760350216164692 2.341726755863336 1.30778792643136 4.101893147814635 5.013496912950866 4.8389110202288865 5.565158369337595 5.471573492578349 5.472286823003713 5.235915386931838 4.614918293352561 4.431297423657739 3.7564909717618455 2.807464225416559 1.8335661895539157 1.1891837526807207 2.2485218344103943 2.956326209762385 3.181919583235448 2.926850514018991 3.4677345705469036 3.9005500770981114 3.9392977694340487 3.3544484085205912 2.7256589771514323 -9999 -9999
-9999 -9999 -9999 -9999 -9999 -9999 -9999 -9999 -9999 -9999 -9999 -9999 -9999 -9999 -9999 -9999 -9999 -9999 -9999 -9999 -9999 2.320661916678932 2.589866307709757 2.1620605424357353 2.6573944440627986 2.655520788955429 2.349636034742124 2.5238676580883173 4.934974634087412 4.950239518012749 4.913274656309443 4.9250167237790405 4.151544735037096 3.903793820468728 4.1766200014103685 3.7943477945230817 3.551575772684864 2.607875053280804 1.4278069103572522 1.1543690948392402 0.8640367903143161 2.0077412979609064 3.4378073492182604 3.84653205089748 3.3280756813078654 2.9890165473667683 3.1186477239092203 3.9563091638996517 3.5252172545506038 -9999 -9999 -9999
-9999 -9999 -9999 -9999 -9999 -9999 -9999 -9999 -9999 -9999 -9999 -9999 -9999 -9999 -9999 -9999 -9999 -9999 -9999 1.5335131753510312 1.0253742216675985 0.8492157769922525 3.902269016486743 1.6487412293980288 3.4835948127891783 2.870733291063388 3.318997118753535 3.9601604350826154 3.3047434585103566 2.528049299543636 2.508424194416069 3.5246637380199264 4.376255985652318 4.991273303676709 5.436687881311051 5.4670442916046085 5.60043860929391 5.4932318388937365 4.102872996806232 3.7163271489041287 2.5997757519084037 2.6170787783759946 3.2364485025163603 4.560060610156891 4.511470687013331 3.5760967967816413 3.2408172393548913 2.8855918232690048 3.3341723741743285 1.9153792931185991 1.4426377609199443 -9999
-9999 -9999 -9999 -9999 -9999 -9999 -9999 -9999 -9999 -9999 -9999 -9999 -9999 -9999 -9999 -9999 -9999 -9999 3.948449455490324 1.6433086820130176 0.3763686045392261 0.1838661570782767 1.5449925119639416 0.8667445288598171 1.1980539212822632 1.7211366138010935 2.0297162813836005 2.1704512288743083 2.4977475063507115 1.0089156405966857 0.1472250547688599 0.03765610084893691 0.1010221334185869 0.4048437877812475 2.537380670942713 3.122387235217861 5.15455107747024 3.725303237095431 4.829678078647678 4.495473018627188 4.658406615448022 3.6829757101970775 3.291863870011944 3.2091048481644178 3.6068558923521463 3.184230560693295 3.263505217470429 2.647296441171647 3.6015919767104143 1.3726458646442563 1.8328310059914203 -9999
-9999 -9999 -9999 -9999 -9999 -9999 -9999 -9999 -9999 -9999 -9999 -9999 -9999 -9999 -9999 -9999 -9999 3.1317450911173377 3.060735392105571 1.9346887369424208 0.021415774901614 0.02196043973422349 0.020669121223794454 0.029580300563089232 0.017501449433496328 0.01572862520650632 0.0260029729413485 2.7234263675453443 0.1701395328974006 0.9248046995683518 0.463728576972604 0.6084019790186252 0.08453310749282776 0.015667045026399443 0.016423156822221948 0.016963333348552725 0.7900156149371261 2.4473036749242625 3.1819992811139626 4.46729234652945 4.561199060959527 3.643593433311305 4.503557677126211 2.986733306255509 3.4115550839297257 2.9119007302011264 3.2185594072731014 1.9788696593585549 2.6193669156719315 1.6738450906807032 -9999 -9999
-9999 -9999 -9999 -9999 -9999 -9999 -9999 -9999 -9999 -9999 -9999 -9999 -9999 0.01824825941861905 0.01972125549031483 0.01956362619830637 0.018734183814510502 0.017860263095574147 4.754017470125289 0.018651093927334432 3.3950201995895157 0.2020689143428552 0.02052508422283573 0.021309719455960028 0.01895959046867547 0.015416267055597054 0.012247730591514818 0.01639579224442379 0.016792337577671155 0.016886694438779198 0.016335078038280604 1.3257084959574823 0.22355635799518309 0.014373613626036374 0.014616101272864529 0.017822045606523285 0.07420394267988659 0.017399627551164087 1.899121485809801 0.1645813676183689 1.1124349819790236 0.9666773347476408 0.30871262227425506 0.931726685532852 1.589402026136103 0.016141488598279026 0.015437866167688859 0.011313799221196037 0.01211753019695588 0.013437807732457974 0.014223204456881144 -9999
-9999 -9999 -9999 -9999 -9999 -9999 -9999 -9999 -9999 -9999 -9999 -9999 -9999 0.017240558933231433 0.018441382786386663 0.019223486782449988 0.01946506524061508 0.019833603387456246 0.13331889280778986 0.12679458039527586 0.112935162390231 0.021006879766835303 0.02279387250876769 0.018870667261649487 0.01944373192471453 0.015010678992549294 0.008816531055850486 0.016950966933944222 0.022877464925135708 0.04438853259336822 0.017888261039023468 0.01556976961060299 0.016858874631779017 0.0179219338312199 0.01996227071418516 0.01912950638416258 0.018749939174084296 0.01830491614059092 0.017369753419128796 0.014033983608996688 0.011764263438780322 0.010923054242714156 0.011594139981797195 0.013907007196830691 0.054481460909947946 0.14406032735125154 0.19988387113945535 0.06848378846988652 0.1549120261175377 0.2441355582269068 0.3194783140134652 0.2416494417550753
-9999 -9999 -9999 -9999 -9999 -9999 -9999 -9999 -9999 -9999 -9999 -9999 -9999 0.017510736054669438 0.020460260569292888 0.01899441545969838 0.018853427519062247 0.02012316801527446 1.0732040051145684 0.02008628355095277 0.021852941878667674 0.02180368146968537 0.029038095912034795 0.016656415511633042 0.017229176810790784 0.017345894372385432 0.017020984613455425 0.010557512754094708 0.027437080068152413 0.11579695199998795 0.2941123962964384 0.016372453165983906 0.01746023596530034 0.01708923949197819 0.017107287779032712 0.0183335375613695 0.01747076496002481 0.01610936877831374 0.01580338797178266 0.015483583338895154 0.01393940817113472 0.015537183841578515 0.025841031743430345 0.1287319010708706 -9999 -9999 -9999 -9999 -9999 -9999 -9999 -9999
-9999 -9999 -9999 -9999 -9999 -9999 -9999 -9999 -9999 -9999 -9999 -9999 -9999 0.018276070236800283 0.018995560181873903 0.018430336366246747 0.5911548639006522 0.02031001688990651 0.02095065284451791 0.02137403964318963 0.020868455063369776 0.01811623199134396 0.017231490328485987 0.01543722034949915 0.01681250430158273 0.01752577748187881 0.016556063720237983 0.01647464679279424 0.045801117812173296 0.017563911807078513 0.16673186999885545 1.7087489390717632 0.1112684406747411 0.015363630736732031 0.015582847665542382 0.01609810408256629 0.016198985283358246 0.016065641550490582 0.01841562761402922 0.020492453766416098 0.04312158957998096 -9999 -9999 -9999 -9999 -9999 -9999 -9999 -9999 -9999 -9999 -9999
-9999 -9999 -9999 -9999 -9999 -9999 -9999 -9999 -9999 -9999 -9999 -9999 0.016770777005812282 0.02267133484363119 0.24285569639233404 0.5959801540329821 0.06674033582764125 0.019309771506636896 0.022138946972619963 0.021406348919806403 0.01949712126346981 0.017062211108551998 0.012013807335001491 0.0137453515111167 0.015241609711872297 0.01592142982806952 0.017771461461483326 0.017219137103202914 0.015754786213671355 0.013688144903112114 0.014689507196820512 0.015955193855514145 0.01518079065083314 0.015631963007883592 0.015253019546437143 0.015296353448082415 0.017015045273927845 0.02358113410747844 0.046583038377064 0.07689372170657788 0.29122174338059736 -9999 -9999 -9999 -9999 -9999 -9999 -9999 -9999 -9999 -9999 -9999
-9999 -9999 -9999 -9999 -9999 -9999 -9999 -9999 -9999 -9999 -9999 0.017341708851394456 0.015319792707996738 0.016066018074259517 0.3077937652404788 0.017287614939876496 0.017890067078852125 0.017990923360738674 0.016997617431244158 0.014808710564335718 0.013997661767894291 0.013786654274037451 0.01468707378766572 0.012877296277011115 0.012805651450352612 0.015533601975471796 0.015985740284044196 0.016844634905239433 0.015976673067473995 0.014460742821999368 0.014386449672635209 0.019591842060360725 0.012998662429788558 0.013949914804067341 0.015296099083417778 0.014284414940199778 0.01495357511493359 0.02389713487024965 0.07205730124142924 0.4432535246448344 -9999 -9999 -9999 -9999 -9999 -9999 -9999 -9999 -9999 -9999 -9999 -9999
-9999 -9999 -9999 -9999 -9999 -9999 -9999 -9999 -9999 -9999 0.02028484983722208 0.02039127472159133 0.017613751989434958 0.016980772579891584 0.017822123925725058 0.018142689652260145 0.01994506062679803 0.01987590734717657 0.017582681892489946 0.01302624410580517 0.011058359747139377 0.0144880706145632 0.0150366470456019 0.018776395255756362 0.03077264759631147 0.011346615126821329 0.014005110542589776 0.03183625601218902 0.019023175388973662 0.015210985757158313 0.014689669849435554 0.014035262187761714 0.014134783376767369 0.015197413792364438 0.01822412018949187 0.014221593773415631 0.021408742559429608 0.03413425532111288 0.07222925414113304 -9999 -9999 -9999 -9999 -9999 -9999 -9999 -9999 -9999 -9999 -9999 -9999 -9999
-9999 -9999 -9999 -9999 -9999 -9999 -9999 -9999 -9999 -9999 -9999 -9999 0.01955464124841313 0.023743213816280608 0.02537437438144895 0.02298196569816984 0.023696740173090532 0.022438775832504438 0.019534822121832517 0.01611831478436623 0.017689856793121773 0.014416612195641972 0.01323693363356152 0.012856902599226295 0.146650377180566 0.6242231891561301 0.12483471561306282 0.01346152648765833 0.01638251032525553 0.0658724878440709 0.019122937096672243 0.01759670688406215 0.020405072445733686 0.02198131570647394 0.026893789638989304 0.018330951864016436 0.02276541300550508 0.0708921997331684 0.16740149801000248 0.5186961800598461 -9999 -9999 -9999 -9999 -9999 -9999 -9999 -9999 -9999 -9999 -9999 -9999
-9999 -9999 -9999 -9999 -9999 -9999 -9999 -9999 -9999 -9999 -9999 0.022008287088857787 0.018013531119677153 0.014685524347060126 0.019553263462642887 0.024534757561424796 0.02410000328961866 0.019153758574036225 0.016621936468806924 0.015960972273294623 0.015184259636830543 0.0439197301538927 0.4708462333373962 0.06481388199540672 0.012447903321098458 0.011750974117736328 0.011730167791154955 0.011832628486734926 0.01184308233725909 0.014461044562312243 0.01629631534229406 0.020495234753156285 0.021964910957303473 0.02770173102209903 0.034039564962086634 0.031988710553400725 0.06331250229095355 0.16488512803395902 2.5339968682163008 -9999 -9999 -9999 -9999 -9999 -9999 -9999 -9999 -9999 -9999 -9999 -9999 -9999
-9999 -9999 -9999 -9999 -9999 0.01700202977885897 0.01820312346240975 0.015930090528047818 0.014114097037930488 0.012476117446208792 0.01411148276464096 0.026770227397453314 0.09781182610200947 0.040296191446268385 0.01749153101098771 0.01729963707912925 0.015342391823565291 0.015760592334658204 0.016357904717926645 0.01689245111962491 0.017141961191845842 0.021590003801962826 0.08797459813435048 1.1149594032673702 0.7409735089497999 0.057551728576673414 0.013290028181347372 0.013020650782061856 0.015638028133585002 0.020303316198622433 0.018035102399303792 0.015845300996306308 0.018575395729704042 0.029263423383104538 0.06909357330809207 0.1863176452539732 0.6833496125627602 3.1208313353111805 -9999 -9999 -9999 -9999 -9999 -9999 -9999 -9999 -9999 -9999 -9999 -9999 -9999 -9999
-9999 -9999 -9999 -9999 0.01727932368290525 0.022221082360658884 0.017464834253298894 0.24799421083634 0.03956321288245394 0.05425203800984011 0.019919906048605388 0.022470554946322902 0.017006939061921984 0.01785936283734403 0.015256924120451603 0.01571282182501877 0.016285943138461496 0.01628957360449338 0.016146500709286686 0.016164831277186417 0.017035131461482556 0.017489915110206426 0.01682628995017319 0.39001882594774223 0.018945892385727102 0.016476252098679117 0.01741452312288234 0.017446887418132242 0.0215894864994122 0.020915709899435676 0.032135869230179366 0.053691354004688885 0.17590952347181804 0.6833106054762513 1.8472224484238864 -9999 -9999 -9999 -9999 -9999 -9999 -9999 -9999 -9999 -9999 -9999 -9999 -9999 -9999 -9999 -9999 -9999
-9999 -9999 -9999 0.040502808259633406 0.044187688205185136 0.11671094901155958 0.0376615042588831 0.022545010650546003 0.04302114741135889 0.1084317301778278 0.1473636354857596 0.25179903341334203 0.2632967813787679 0.10898830068528197 0.01647892670569133 0.014661890852405303 0.01495790187681027 0.015946231808794866 0.015817039134641726 0.016052617124191457 0.01705249127647415 0.0184158299793254 0.018218468219402883 0.01797325740063839 0.018450965427153455 0.01811499346432641 0.020381484309574014 0.02932301200233057 0.048037789490639686 0.11165789964394683 0.5051898230619477 -9999 -9999 -9999 -9999 -9999 -9999 -9999 -9999 -9999 -9999 -9999 -9999 -9999 -9999 -9999 -9999 -9999 -9999 -9999 -9999 -9999
-9999 -9999 -9999 0.010598710877103146 0.00914376146023799 0.009385355212683886 0.00824745738358705 0.01707566632217811 0.013055031097202812 0.023051061895351364 0.1002277764299622 0.9502021985914868 3.0326308321496587 0.8998096412059441 0.024766904428957685 0.013571531477821148 0.013712757693526836 0.013735078031133864 0.014603757694369559 0.01903208013421563 0.017808241987113747 0.023512015127869202 0.027013944619063045 0.04259807201304144 0.039303997327107335 0.05499997073253314 0.05613570331939994 0.09347563016303714 1.035350338373741 -9999 -9999 -9999 -9999 -9999 -9999 -9999 -9999 -9999 -9999 -9999 -9999 -9999 -9999 -9999 -9999 -9999 -9999 -9999 -9999 -9999 -9999 -9999
-9999 -9999 -9999 0.007480458721853251 0.006036885698277693 0.007339812162456938 0.01062950313170643 0.012688308851863114 0.03206107498771029 0.03376178076576376 0.03136928560616013 0.1893774814539413 0.5299430167095397 0.2966190804521175 0.04400336076339762 0.020090874536705442 0.012829913427628976 0.013179530054166621 0.014268769432580694 0.016296862827824974 0.021554880301009657 0.02345514714048332 0.025430166084232018 0.01776890629397546 0.021000627792308664 0.06856483623538752 0.40681876650951065 2.546298550502432 -9999 -9999 -9999 -9999 -9999 -9999 -9999 -9999 -9999 -9999 -9999 -9999 -9999 -9999 -9999 -9999 -9999 -9999 -9999 -9999 -9999 -9999 -9999 -9999
-9999 -9999 -9999 0.009263965344717214 0.011424132149445076 0.018614012774845052 0.010923889777460512 0.017952814802333763 0.02133263101244581 0.04620289819439127 0.06029913986213056 0.07020136342693371 0.1491475559527352 0.11148534114134488 0.03450537578773085 0.0410037603180513 0.03907116921887392 0.019815430614084428 0.0163277293270681 0.02168202172008217 0.02532334470999471 0.035863735723799764 0.028787112128221087 0.025348151955153008 0.0377143816038134 0.4556916676375593 2.9862501796878065 -9999 -9999 -9999 -9999 -9999 -9999 -9999 -9999 -9999 -9999 -9999 -9999 -9999 -9999 -9999 -9999 -9999 -9999 -9999 -9999 -9999 -9999 -9999 -9999 -9999
-9999 -9999 -9999 -9999 0.010802925752773264 0.029545721694701675 0.033907693078355464 0.02643307758048804 0.023321087299739144 0.029422269961835473 0.037836916443578436 0.04109381305259232 0.04767985726254703 0.06431053202247602 0.09179079366748152 0.0776173230080044 0.09101834511408316 0.04850295031824135 0.04868726312258682 0.057907072185327015 0.04376830942555803 0.02804116822926463 0.03579476998653504 0.20965703246233647 -9999 -9999 -9999 -9999 -9999 -9999 -9999 -9999 -9999 -9999 -9999 -9999 -9999 -9999 -9999 -9999 -9999 -9999 -9999 -9999 -9999 -9999 -9999 -9999 -9999 -9999 -9999 -9999
-9999 -9999 -9999 -9999 0.026405602978770603 0.035090123568608377 0.02134084851802297 0.02371032932066659 0.047086750290390486 0.10033061594779598 0.1149414687438778 0.12608026326612307 0.09640329459788392 0.08763587010449453 0.10360211111032208 0.10436403614177336 0.06538031838787266 0.0989576183664592 0.05719124534466824 0.05385829767744533 0.05053154617732203 0.04246453629863146 0.2759585548799949 1.6312646281072958 3.797829552992872 -9999 -9999 -9999 -9999 -9999 -9999 -9999 -9999 -9999 -9999 -9999 -9999 -9999 -9999 -9999 -9999 -9999 -9999 -9999 -9999 -9999 -9999 -9999 -9999 -9999 -9999 -9999
-9999 -9999 -9999 -9999 0.10544129799879078 0.07959937867721578 0.08152779986217104 0.10359490694620828 0.059973246382433475 0.14778325496432496 0.23082614237549146 0.31288534133866025 0.3363577672912505 0.2650838143551378 0.25386861801045524 0.13024498657650393 0.11357506810132068 0.12667902986424553 0.22080595718685875 0.24138739242494936 0.10660471580340426 0.3613597111564684 1.7221440308585894 2.9464753178338774 -9999 -9999 -9999 -9999 -9999 -9999 -9999 -9999 -9999 -9999 -9999 -9999 -9999 -9999 -9999 -9999 -9999 -9999 -9999 -9999 -9999 -9999 -9999 -9999 -9999 -9999 -9999 -9999
