metrics/grid_rasters/GLDAS/grideval_GLDAS_X_summer_2015_anomaly_pearson_r.asc
ncols 52
nrows 55
xllcorner     11.25
yllcorner     55.25
cellsize      0.25
NODATA_value  -9999
[rows 0 to 28 of 55, columns 0 to 51 of 52]
-9999 -9999 -9999 -9999 -9999 -9999 -9999 -9999 -9999 -9999 -9999 -9999 -9999 -9999 -9999 -9999 -9999 -9999 -9999 -9999 -9999 -9999 -9999 -9999 -9999 -9999 -9999 -9999 -9999 -9999 -9999 -9999 -9999 -9999 -9999 -9999 0.6397730264175762 0.6635249267105228 0.7361359775179451 -9999 -9999 -9999 -9999 -9999 -9999 -9999 -9999 -9999 -9999 -9999 -9999 -9999
-9999 -9999 -9999 -9999 -9999 -9999 -9999 -9999 -9999 -9999 -9999 -9999 -9999 -9999 -9999 -9999 -9999 -9999 -9999 -9999 -9999 -9999 -9999 -9999 -9999 -9999 -9999 -9999 -9999 -9999 -9999 -9999 -9999 -9999 -9999 -9999 0.6139827657060128 0.6525793246475962 0.6567274666507417 0.6656957203201558 0.7318826151510143 0.7699225730669172 -9999 -9999 -9999 -9999 -9999 -9999 -9999 -9999 -9999 -9999
-9999 -9999 -9999 -9999 -9999 -9999 -9999 -9999 -9999 -9999 -9999 -9999 -9999 -9999 -9999 -9999 -9999 -9999 -9999 -9999 -9999 -9999 -9999 -9999 -9999 -9999 -9999 0.4608850584472766 0.341879609056998 0.483092432514925 0.4530414370074496 0.6752570888746043 0.5796780592030197 0.635821131299432 -9999 0.7037444361526815 0.6303197493950983 0.5889587165082514 0.7078713224455255 0.7035217564407976 0.6917552885188293 0.6815279278589437 0.6710527625737102 0.7133621444994653 0.7168461518368836 0.7054683697042351 -9999 -9999 -9999 -9999 -9999 -9999
-9999 -9999 -9999 -9999 -9999 -9999 -9999 -9999 -9999 -9999 -9999 -9999 -9999 -9999 -9999 -9999 -9999 -9999 -9999 -9999 -9999 -9999 -9999 -9999 -9999 -9999 -9999 0.430110691490366 0.5310152431636572 0.3945414057813471 0.6528537107527997 0.583253866037564 0.6661345797524089 0.666195550055154 0.5938280087251481 0.6870688795585251 0.7348489098976061 0.7370723870438167 0.7349604874283646 0.6954834160917698 0.6557272199165449 0.6517251434703154 0.6857608588256126 0.6989464911857668 0.6688786467237301 0.7073591189096154 0.6825690878794504 0.6876369970862021 -9999 -9999 -9999 -9999
-9999 -9999 -9999 -9999 -9999 -9999 -9999 -9999 -9999 -9999 -9999 -9999 -9999 -9999 -9999 -9999 -9999 -9999 -9999 -9999 -9999 -9999 0.5966767080628999 0.2872666085506897 0.4232008703544303 0.4507615120793781 0.6048320244178229 0.5477945952005523 0.5522949447430128 0.6040653105857501 0.6099582078153211 0.6313983608171296 0.6607156786556366 0.7912160857142314 0.7857750908455473 0.8043831858891863 0.7181939645465828 0.651532148978567 0.6661826154909943 0.6908065616451402 0.6982332700900508 0.6983895142543823 0.6946406828445417 0.7093002196551923 0.7095239326592 0.7135015018133244 0.6905964351005698 0.7490863959538059 0.7477983564014999 -9999 -9999 -9999
-9999 -9999 -9999 -9999 -9999 -9999 -9999 -9999 -9999 -9999 -9999 -9999 -9999 -9999 -9999 -9999 -9999 -9999 -9999 -9999 -9999 0.5316387645449969 0.5219521133045057 0.4289240504789252 0.5077259969461834 0.5966650840129336 0.47705875781221596 0.5163427349683268 0.5511624887907514 0.5933157543708014 0.7014637405648321 0.7044987337886236 0.7549809034817253 0.7756713436977689 0.8071849243015264 0.6752350213902606 0.6930910133688004 0.7201112201999319 0.6807208021744657 0.6637338276471785 0.6669748337726362 0.668504151687539 0.6710343137793461 0.669976377206817 0.6747414226122709 0.6970556796157801 0.7095557042912886 0.7274373682979638 0.7277374199328637 -9999 -9999 -9999
-9999 -9999 -9999 -9999 -9999 -9999 -9999 -9999 -9999 -9999 -9999 -9999 -9999 -9999 -9999 -9999 -9999 -9999 -9999 -9999 0.4629469263935937 0.5074295969559433 0.5496499822318054 0.5556747182270037 0.6580693747587036 0.7349920309576395 0.6873631878595206 0.6212471809798266 0.6102200534348925 0.5626649676476216 0.597614727702916 0.7380822425586655 0.7703577564981313 0.8283318073498551 0.7291543405858714 0.7053039502127094 0.6879766120707167 0.7069843536229188 0.7247431705467672 0.6776639960110832 0.6221182997939123 0.6494061865317746 0.6784024750094095 0.64614887735936 0.6262656917144471 0.6082674524537665 0.6289631244731316 0.6644165747304717 0.6482174222823244 0.6181269621621357 -9999 -9999
-9999 -9999 -9999 -9999 -9999 -9999 -9999 -9999 -9999 -9999 -9999 -9999 -9999 -9999 -9999 -9999 -9999 -9999 -9999 -9999 -9999 0.6242577524038837 0.5821394157742457 0.5975378352562863 0.5129483972991761 0.5561951102555835 0.5559203514971913 0.5594797312783456 0.44092857975990624 0.4909513460882813 0.5695863184806231 0.5189889784110081 0.3711556786626028 0.5913930030056633 0.6186996770022704 0.6376530429809788 0.6277884722431282 0.6283964551222301 0.592893858711222 0.5942002575860432 0.6107165501822227 0.6277542228652337 0.6546456345637566 0.6299892730846259 0.6176268204046813 0.6026649439137974 0.6079512037864376 0.6435510514377412 0.6384620783173997 -9999 -9999 -9999
-9999 -9999 -9999 -9999 -9999 -9999 -9999 -9999 -9999 -9999 -9999 -9999 -9999 -9999 -9999 -9999 -9999 -9999 -9999 0.5309062181142171 0.512375619258536 0.5133315021321935 0.6044882058971799 0.6210686593900308 0.4521636972123147 0.3842136428715048 0.2653584757041028 0.11677632509547875 0.2400580969693633 0.4473288197898682 0.5407139736808899 0.6186547673961573 0.6622091002311806 0.7116965148525798 0.6665781492323152 0.6412784278916286 0.6447559106155014 0.6460863742764476 0.6609917169392653 0.7024589123905439 0.6723910846614922 0.6946815330393192 0.7092989349635004 0.7551432230508381 0.7503190197173341 0.740219844613055 0.7280675689884999 0.6841615261962388 0.6778116395275416 0.6724109775129237 0.6696026322642753 -9999
-9999 -9999 -9999 -9999 -9999 -9999 -9999 -9999 -9999 -9999 -9999 -9999 -9999 -9999 -9999 -9999 -9999 -9999 0.5436309777424703 0.5589705390902813 0.5266650228992082 0.5414947470276235 0.6551111680294859 0.4389060433662635 0.35455041381944385 0.44334709319114507 0.5734104190535714 0.511338490334176 0.5179358425930365 0.4821824388495839 0.6014422757548934 0.6157493146496295 0.6042808140171232 0.6287834063606257 0.6171970235302375 0.6459734535972927 0.6482430979814868 0.6453928735415808 0.6615448700802261 0.6957549321648056 0.681204516764867 0.6769570195850805 0.6895804676530205 0.7561632691877123 0.7583811243571235 0.7285083466044937 0.7073155253623625 0.6510671014893676 0.6266170196430736 0.6348750668024739 0.6297295099578004 -9999
-9999 -9999 -9999 -9999 -9999 -9999 -9999 -9999 -9999 -9999 -9999 -9999 -9999 -9999 -9999 -9999 -9999 0.4780516228266036 0.5943962548831612 0.6940568784132211 0.4288374757209418 0.25922584689116324 0.3256426077094565 0.3689952779561396 0.4497789325648325 0.5161788509972438 0.6237238057195738 0.598140859317569 0.6271989937926044 0.6815677745135493 0.6765661555713512 0.6572720403693371 0.6188148711052489 0.6443907329637072 0.6271388420262567 0.6313535008246624 0.6388751463250846 0.6342172096799961 0.6429573380674884 0.6747819884134634 0.6675087842480638 0.6706500652592793 0.66994267482689 0.7167767336598156 0.7319943795354005 0.7178111237463952 0.6772388306015042 0.6296897307831757 0.6237905642819414 0.6393622692058051 -9999 -9999
-9999 -9999 -9999 -9999 -9999 -9999 -9999 -9999 -9999 -9999 -9999 -9999 -9999 0.5497293866676115 0.3341621125475994 0.3997483212623224 0.4648645558746904 0.4887760136570651 0.4959217235414552 0.4212434129750191 0.44269279693195984 0.6044208602646091 0.4694232740442818 0.5972866127603578 0.6103318783085807 0.4840748594319392 0.5854652426662778 0.6162673945491504 0.7087503075011559 0.6563434304744702 0.6374648651919093 0.6520194522995084 0.6333246226949536 0.6273735583593837 0.5992733552338043 0.6135353649918736 0.6171351383033052 0.6089521209973394 0.6111330171937829 0.7016630061390147 0.6728525396137052 0.6495828981882474 0.6442606355391598 0.6979744405470939 0.6831160724920107 0.6872939542683576 0.6961509725284069 0.6277617411372403 0.611729249352453 0.6482299919395172 0.6281206955969185 -9999
-9999 -9999 -9999 -9999 -9999 -9999 -9999 -9999 -9999 -9999 -9999 -9999 -9999 0.3874342346354652 0.3158650166334082 0.4266294177061901 0.565851142989395 0.5087885152827987 0.4640689918504323 0.3726726030031165 0.4257810689848415 0.5408493574035038 0.5322551233052233 0.6518938481589651 0.6827119355299156 0.6717354447980474 0.6252552426740129 0.6171064996341817 0.6498889050944314 0.6432107382688461 0.6321908123255027 0.6172136631360182 0.6319772818862524 0.6444763186696238 0.6494272562134635 0.656456193902319 0.645193301303925 0.6579773211039204 0.656282253923927 0.6765889128901598 0.6571233568186678 0.6376184923382313 0.633611349207551 0.6556125642163755 0.6477959939974038 0.6309283179389698 0.6283881523409849 0.6198121966250507 0.6075377391507178 0.5950111668607316 0.5954814091533291 0.5558412238960502
-9999 -9999 -9999 -9999 -9999 -9999 -9999 -9999 -9999 -9999 -9999 -9999 -9999 0.4298286032611742 0.4260909734033709 0.22494873888387332 0.07693062804097177 0.2866465655542264 0.4393618298697032 0.2475065024732682 0.4638134612112466 0.6029291373193786 0.6883341828969531 0.6514158773233143 0.6590109129955498 0.6739320997282617 0.6774143340992284 0.6357599561988758 0.6076084591343478 0.6329911625221536 0.6256741656351126 0.6120637677561283 0.6151163094268081 0.6304218817336718 0.6410163951724044 0.6454272075511922 0.6500900350626075 0.6911161495363807 0.6949810412073225 0.7045755378448593 0.6813182683377601 0.6855985115535486 0.6590972759244658 0.6756883443186248 -9999 -9999 -9999 -9999 -9999 -9999 -9999 -9999
-9999 -9999 -9999 -9999 -9999 -9999 -9999 -9999 -9999 -9999 -9999 -9999 -9999 0.5334106937382612 0.3854589324917167 0.15091313084972335 0.32895460974153845 0.3849369845497099 0.3869838708490272 0.5253581205300718 0.5937167974646539 0.6910121177370698 0.7414085695025066 0.7372345409160834 0.7007690978146208 0.670687052682027 0.6746319869242917 0.6658476673800007 0.6502651708063338 0.6217275767050521 0.6250492214571179 0.6322714196162298 0.6369581947943108 0.6438140880128529 0.6452909447017039 0.6560080324090698 0.6751966953756044 0.6903839866837096 0.7187777506294877 0.7034405298392155 0.7126609525653738 -9999 -9999 -9999 -9999 -9999 -9999 -9999 -9999 -9999 -9999 -9999
-9999 -9999 -9999 -9999 -9999 -9999 -9999 -9999 -9999 -9999 -9999 -9999 0.5460011435053371 0.5528273485552171 0.502230921403653 0.3492482340593453 0.3061090030187586 0.2688191505038001 0.5293077337051261 0.5555784861334082 0.618238010693702 0.6691101963455067 0.5218046063074242 0.6528509820665447 0.6677890761187981 0.6744915206462636 0.6836779782615976 0.6997513491752009 0.6780268712855619 0.6459859336528706 0.6390028201359591 0.6696585689102643 0.6678014863468076 0.6767246862344943 0.6778599314740674 0.7009743217892503 0.7036494965096749 0.7387306780705296 0.7454149339084221 0.7270388787624215 0.7078326211343569 -9999 -9999 -9999 -9999 -9999 -9999 -9999 -9999 -9999 -9999 -9999
-9999 -9999 -9999 -9999 -9999 -9999 -9999 -9999 -9999 -9999 -9999 0.3046911668073929 0.2836029475178707 0.32962564658806803 0.4442879114060628 0.3058368357593622 0.3696038246348796 0.5370676461145006 0.6122885924513957 0.6221211221735423 0.6631434155819187 0.6571583761979988 0.7019729063685038 0.6836493355335305 0.6619410868408677 0.6871307423602496 0.6987358216422829 0.7220263759715441 0.7276155900169758 0.722594620131646 0.7089990653775577 0.7000338814538184 0.6876378654400211 0.7120402228062157 0.7274698469286864 0.7912508867781565 0.8020384011835694 0.8210367648471999 0.8348814038590827 0.8183622795635626 -9999 -9999 -9999 -9999 -9999 -9999 -9999 -9999 -9999 -9999 -9999 -9999
-9999 -9999 -9999 -9999 -9999 -9999 -9999 -9999 -9999 -9999 0.5272369753331305 0.3105402160539571 0.3729984306666573 0.4149319346430959 0.4847071545894013 0.5339269470451882 0.4755091369327194 0.6006498927385244 0.7058815336151609 0.6385711660548312 0.6001431165284545 0.6389100139763475 0.6327344487656801 0.6448058092257303 0.7245466180396287 0.6805006180290359 0.6687565496931198 0.699188171595861 0.7243895645157598 0.7144707682822409 0.7011085546754351 0.7052602856140351 0.7014608740702379 0.6931983591312211 0.691845088196917 0.7718939022538166 0.8017879000905206 0.8214588714104254 0.8277221802656071 -9999 -9999 -9999 -9999 -9999 -9999 -9999 -9999 -9999 -9999 -9999 -9999 -9999
-9999 -9999 -9999 -9999 -9999 -9999 -9999 -9999 -9999 -9999 -9999 -9999 0.7172543258033861 0.686004193488625 0.7008844181895301 0.6370818730441253 0.6712337000298397 0.6916782798962089 0.6838593192140288 0.6400363130324087 0.6368798597912404 0.6376492204297757 0.6219621839293543 0.6107073809775749 0.6108138635909375 0.6024841812534363 0.6146079489357692 0.6283866793437031 0.6468093864606639 0.6473735878190889 0.6648575104491701 0.6585771502061164 0.6578535642403806 0.6247925238302969 0.6114623927679874 0.7122302415733671 0.7555763616685593 0.7872287815058749 0.8109103763546524 0.8181917473602316 -9999 -9999 -9999 -9999 -9999 -9999 -9999 -9999 -9999 -9999 -9999 -9999
-9999 -9999 -9999 -9999 -9999 -9999 -9999 -9999 -9999 -9999 -9999 0.6603777043660723 0.6315973873801279 0.7442694422077651 0.7151316641941541 0.6730219338529347 0.6588823667468736 0.6572558726214708 0.6551365728567229 0.5958922405470539 0.596535982012802 0.5942867426115591 0.586252636773587 0.6056840879626535 0.6100842302411489 0.6101924593990169 0.6059529409727614 0.6121318382184882 0.6231539332518126 0.6343159666046874 0.6281055773655629 0.6762416816606982 0.6762861192403212 0.6659609923592884 0.6420936118720321 0.7201911790843151 0.7387492261856083 0.780716983913661 0.8176256972224984 -9999 -9999 -9999 -9999 -9999 -9999 -9999 -9999 -9999 -9999 -9999 -9999 -9999
-9999 -9999 -9999 -9999 -9999 0.6676871510269575 0.5265743787619466 0.6052346539778055 0.5903222342305559 0.6429014583871879 0.6840958066501402 0.7159363377210809 0.7325867112038122 0.6664041226657604 0.6883868971785319 0.7034960459036739 0.6960992842588061 0.6873845787305461 0.6751458211698339 0.6513614258110683 0.6333862516304165 0.6172262981081336 0.6307987964999504 0.6377174710310763 0.6408454285550693 0.6386789204315599 0.6303754744526437 0.6369187047856253 0.6622164494411644 0.6571857325447801 0.671694472205195 0.7244552835793414 0.7309961708178345 0.7232529682780318 0.712696609102258 0.7779753775441808 0.7978395654120949 0.7896357869909691 -9999 -9999 -9999 -9999 -9999 -9999 -9999 -9999 -9999 -9999 -9999 -9999 -9999 -9999
-9999 -9999 -9999 -9999 0.6804611209082148 0.6310416850199221 0.6558846257242743 0.6165762198626932 0.6534469664963949 0.6737662687939806 0.6818156497392884 0.664785643375057 0.676009535056984 0.6995955211034216 0.7073680073212905 0.7100914497580332 0.7278439283052244 0.7220328592759864 0.7151842676009628 0.6966359401155979 0.6892162002761524 0.6793016407444261 0.674229834143907 0.6617110498391547 0.6527073884637116 0.6597777949816908 0.6526076534191632 0.6506928433840085 0.6574353811221331 0.6691020280462971 0.6839190281562125 0.7480106719138504 0.7605169169048969 0.7769006851159483 0.7967020445367432 -9999 -9999 -9999 -9999 -9999 -9999 -9999 -9999 -9999 -9999 -9999 -9999 -9999 -9999 -9999 -9999 -9999
-9999 -9999 -9999 0.6884344842371058 0.6834070881534458 0.6717131715547091 0.6648583704746005 0.6836692684576701 0.6849085863828674 0.7189022356235941 0.7594685323005338 0.7017265627238589 0.6790676304148072 0.6880780916901406 0.7115523433733673 0.7102607549896744 0.7023339154679356 0.70862933735146 0.6656766655248372 0.663993810319981 0.6811550397541933 0.6941181713304059 0.7089844448830971 0.6831860515127137 0.6498932821071879 0.6589498679504783 0.6589351583734039 0.6713649370252937 0.6840274230408117 0.6861042463177099 0.7076215142315679 -9999 -9999 -9999 -9999 -9999 -9999 -9999 -9999 -9999 -9999 -9999 -9999 -9999 -9999 -9999 -9999 -9999 -9999 -9999 -9999 -9999
-9999 -9999 -9999 0.6035792452750199 0.5880287217520056 0.6631247469344808 0.7572471986898341 0.7824428827706671 0.727248935014785 0.7038519709052671 0.7279581057763393 0.6846799889238344 0.6661135288869171 0.6841184116913737 0.6963713095317138 0.7102857166351555 0.7163945156423713 0.7216442989655149 0.7135938982224557 0.7130720551112829 0.6961034076509793 0.7148814255501768 0.7364616175809383 0.7316275745892088 0.7318137881563088 0.7295721528651127 0.6865800717189988 0.657459322021896 0.6976800081356122 -9999 -9999 -9999 -9999 -9999 -9999 -9999 -9999 -9999 -9999 -9999 -9999 -9999 -9999 -9999 -9999 -9999 -9999 -9999 -9999 -9999 -9999 -9999
-9999 -9999 -9999 0.7768704917165772 0.6104266305946285 0.7825891870330821 0.8050394681113175 0.7328782644797669 0.7213086106042681 0.727885271482866 0.7243184378082361 0.6735995516389089 0.7046301425056278 0.7196637969245308 0.7196549376155406 0.7021901176892319 0.7138429915871446 0.7141074737659804 0.71061024527252 0.7222326595027071 0.7077983324915185 0.7114666034056291 0.6963099403326678 0.6267703171611755 0.5940738838906032 0.5540957978794514 0.5286384459761548 0.5921304904043256 -9999 -9999 -9999 -9999 -9999 -9999 -9999 -9999 -9999 -9999 -9999 -9999 -9999 -9999 -9999 -9999 -9999 -9999 -9999 -9999 -9999 -9999 -9999 -9999
-9999 -9999 -9999 0.7576747425469096 0.7496629235469943 0.6954135207820058 0.7650681349180943 0.7143455738766997 0.6910351577188694 0.6564130419926092 0.6488548497435179 0.6622125106651947 0.6807507620056359 0.7007836293371557 0.7079334193187685 0.6946585599600281 0.7042357627881648 0.7272015849869595 0.7311478062205515 0.7112850460477148 0.7138712050029441 0.7160600281010685 0.7035791411389116 0.6194131197268385 0.5940244508646559 0.5781902699927852 0.5992608887468701 -9999 -9999 -9999 -9999 -9999 -9999 -9999 -9999 -9999 -9999 -9999 -9999 -9999 -9999 -9999 -9999 -9999 -9999 -9999 -9999 -9999 -9999 -9999 -9999 -9999
-9999 -9999 -9999 -9999 0.6145440222294718 0.6812626879479597 0.6877634993517672 0.7206309288529275 0.6345265734750598 0.636482063985524 0.646308246751722 0.659520138016349 0.6408951842788609 0.6499327430157217 0.6849138587226035 0.6685368292033373 0.6850202296045577 0.7190824229676984 0.7279951606820885 0.7225928223146176 0.7359142537429038 0.7377718089793215 0.7358659424852125 0.6776030631133254 -9999 -9999 -9999 -9999 -9999 -9999 -9999 -9999 -9999 -9999 -9999 -9999 -9999 -9999 -9999 -9999 -9999 -9999 -9999 -9999 -9999 -9999 -9999 -9999 -9999 -9999 -9999 -9999
-9999 -9999 -9999 -9999 0.6853862105120692 0.7005418525076755 0.6516932348410754 0.6983241931171047 0.6416450325529486 0.6518050589053392 0.6579975501267119 0.6661993024737531 0.6494590485868749 0.6324433748334465 0.6573059642946846 0.6475583251070776 0.6788766860689299 0.7175244002269323 0.7164912301928676 0.7316992261621884 0.7418934974765443 0.7527124865562734 0.7626268845485049 0.7555975325167412 0.7477628173112392 -9999 -9999 -9999 -9999 -9999 -9999 -9999 -9999 -9999 -9999 -9999 -9999 -9999 -9999 -9999 -9999 -9999 -9999 -9999 -9999 -9999 -9999 -9999 -9999 -9999 -9999 -9999
-9999 -9999 -9999 -9999 0.6395347900029299 0.6240099447792575 0.6284525376879468 0.6664842710105955 0.7025628841503953 0.6793392330101968 0.6629463328793577 0.6536330180476064 0.6407849877912266 0.6365485261192233 0.6562866008549522 0.659669351017282 0.6916194072336435 0.7021644674611349 0.7210234100709842 0.7431217603710459 0.7602919572788662 0.7688633744180897 0.8029169989549207 0.7819984891478586 -9999 -9999 -9999 -9999 -9999 -9999 -9999 -9999 -9999 -9999 -9999 -9999 -9999 -9999 -9999 -9999 -9999 -9999 -9999 -9999 -9999 -9999 -9999 -9999 -9999 -9999 -9999 -9999
