metrics/grid_rasters/GLDAS/grideval_GLDAS_X_spring_2015_absolute_bias.asc
ncols 52
nrows 55
xllcorner     11.25
yllcorner     55.25
cellsize      0.25
NODATA_value  -9999
[rows 0 to 27 of 55, columns 0 to 51 of 52]
-9999 -9999 -9999 -9999 -9999 -9999 -9999 -9999 -9999 -9999 -9999 -9999 -9999 -9999 -9999 -9999 -9999 -9999 -9999 -9999 -9999 -9999 -9999 -9999 -9999 -9999 -9999 -9999 -9999 -9999 -9999 -9999 -9999 -9999 -9999 -9999 -32.68562140915057 -31.976616931147877 -36.6141248626189 -9999 -9999 -9999 -9999 -9999 -9999 -9999 -9999 -9999 -9999 -9999 -9999 -9999
-9999 -9999 -9999 -9999 -9999 -9999 -9999 -9999 -9999 -9999 -9999 -9999 -9999 -9999 -9999 -9999 -9999 -9999 -9999 -9999 -9999 -9999 -9999 -9999 -9999 -9999 -9999 -9999 -9999 -9999 -9999 -9999 -9999 -9999 -9999 -9999 -30.45251950977937 -32.14470405601289 -31.410717603710037 -30.18949938358982 -31.529952311361942 -35.2628233672889 -9999 -9999 -9999 -9999 -9999 -9999 -9999 -9999 -9999 -9999
-9999 -9999 -9999 -9999 -9999 -9999 -9999 -9999 -9999 -9999 -9999 -9999 -9999 -9999 -9999 -9999 -9999 -9999 -9999 -9999 -9999 -9999 -9999 -9999 -9999 -9999 -9999 -42.955278582789965 -37.8967025289312 -43.128230713571064 -43.1148871833904 -41.446691217731036 -37.822983050233 -38.78514036854081 -9999 -36.37380905038394 -32.67689815681913 -30.85474901650425 -34.31193324229073 -34.21455596982623 -35.42441834800917 -35.83764258802504 -35.68736561252128 -37.7406166867839 -36.08876237931216 -36.85980245464927 -9999 -9999 -9999 -9999 -9999 -9999
-9999 -9999 -9999 -9999 -9999 -9999 -9999 -9999 -9999 -9999 -9999 -9999 -9999 -9999 -9999 -9999 -9999 -9999 -9999 -9999 -9999 -9999 -9999 -9999 -9999 -9999 -9999 -31.012642692936506 -34.45160179864615 -35.0772180683182 -31.00773189273541 -30.669940999709073 -31.247677445938077 -36.42470817757852 -38.890342934522785 -36.67861091041856 -35.557100380082495 -34.98280542987682 -36.10822097272815 -35.776923084874525 -36.62620248740701 -37.19812294559392 -36.76382150847222 -36.35187178716549 -37.29521829120653 -36.07365459786809 -37.041717756985 -37.93724802642575 -9999 -9999 -9999 -9999
-9999 -9999 -9999 -9999 -9999 -9999 -9999 -9999 -9999 -9999 -9999 -9999 -9999 -9999 -9999 -9999 -9999 -9999 -9999 -9999 -9999 -9999 -43.01778377795025 -43.047500490129956 -43.04383688501042 -43.06104304754864 -30.374714001891732 -34.316063848283626 -33.759922025441796 -32.71653455483687 -31.30719471880761 -32.08978127963517 -33.16051570581191 -35.44813618728 -36.563238053704076 -37.07872808769184 -38.171360018420145 -38.17302055669058 -38.763212760222025 -37.82260341588003 -38.071267655463494 -37.1103290475743 -36.999751988676906 -37.51581880691178 -37.332486186459974 -37.08250193741254 -37.680095210043795 -38.79492027462339 -39.42378668195528 -9999 -9999 -9999
-9999 -9999 -9999 -9999 -9999 -9999 -9999 -9999 -9999 -9999 -9999 -9999 -9999 -9999 -9999 -9999 -9999 -9999 -9999 -9999 -9999 -43.04048086714972 -43.04465380371751 -43.046199959783785 -43.045711861842356 -42.719099920283526 -41.6851465759556 -37.12283543416339 -31.40231219043388 -35.65384272773467 -35.42675819924183 -32.27133188609277 -33.831308925362386 -34.55006093803145 -36.14942786020591 -36.65653204885514 -38.10913170536009 -37.864041318408326 -39.626513532747545 -39.1732099971572 -39.065041706593625 -38.816907205983355 -38.198810021878906 -38.42261079826352 -38.22154917723864 -39.102432988503054 -38.647801413160295 -38.3868064678517 -39.29138705847056 -9999 -9999 -9999
-9999 -9999 -9999 -9999 -9999 -9999 -9999 -9999 -9999 -9999 -9999 -9999 -9999 -9999 -9999 -9999 -9999 -9999 -9999 -9999 -43.03192701915522 -43.03314862303112 -43.02686121007023 -33.96507016650361 -33.38531030009946 -34.34851809149689 -34.668914001313574 -29.79398179702137 -35.28908731472557 -35.962295928484075 -38.934899165942944 -36.24727883536126 -35.92412064236629 -35.8288760091907 -36.62710707831075 -36.684085798530795 -37.17296404069614 -38.122201163422964 -38.49269441942401 -38.391030706930906 -38.88279358477777 -38.25980353128651 -38.017890361238926 -38.501791852161936 -38.53433084732893 -38.67701643654753 -38.74444819652759 -38.74053368551414 -38.83447929941442 -39.05525574814933 -9999 -9999
-9999 -9999 -9999 -9999 -9999 -9999 -9999 -9999 -9999 -9999 -9999 -9999 -9999 -9999 -9999 -9999 -9999 -9999 -9999 -9999 -9999 -31.488486313625522 -31.25611148543818 -30.23933256174559 -30.662680377697807 -30.876343363126654 -31.76564815049262 -32.19166122269614 -37.50839708984385 -36.31534087538476 -36.110161654205754 -36.87344087486196 -39.36041008079749 -38.96498624650437 -38.955318464087725 -38.01052769014368 -39.05091463284486 -39.51231383230617 -39.08892353273847 -38.839121398596994 -38.562285081544154 -38.50031886883485 -38.23172882531324 -37.74008539181364 -38.21067724733249 -38.40867917231567 -38.33294778315189 -38.175879180431366 -38.447856871107504 -9999 -9999 -9999
-9999 -9999 -9999 -9999 -9999 -9999 -9999 -9999 -9999 -9999 -9999 -9999 -9999 -9999 -9999 -9999 -9999 -9999 -9999 -42.854038618262045 -43.04047107429284 -43.037824153738185 -39.2211564546451 -31.13371756158607 -34.40843035122784 -43.14991151413921 -43.14839732416136 -41.84153014804115 -41.409034626052275 -41.126205780442156 -40.90604344818174 -40.17759730460365 -40.00606805582167 -39.354108063949525 -39.65036534568619 -39.444264644574695 -38.997779686935246 -39.55226871788339 -39.39231305676715 -38.97495091463561 -38.58455087882264 -38.42850268061233 -38.352666246846475 -38.223188826551095 -37.95626156303384 -38.43922538688892 -38.53365834103897 -38.88447079098905 -38.95892506358011 -38.51849144205208 -38.404086658953815 -9999
-9999 -9999 -9999 -9999 -9999 -9999 -9999 -9999 -9999 -9999 -9999 -9999 -9999 -9999 -9999 -9999 -9999 -9999 -34.15212715170144 -42.92146293903985 -43.026210045887396 -40.75147818911659 -38.88049894287858 -39.482556198197216 -42.81799818694834 -43.145985660791084 -41.354872771478064 -38.37961392543967 -38.8754994536588 -41.334048725664616 -40.03110380709657 -38.56763700837188 -38.40473397989231 -38.41559314523297 -38.62001049008382 -38.44208706680524 -38.6832305499474 -38.665342399182364 -38.93897287077878 -38.70802993837582 -37.92207305866253 -37.87857164766478 -38.390487711491964 -37.77771385659909 -37.759076263431616 -37.839307288274824 -38.37604565049886 -38.54513361351565 -38.76851097988369 -38.4361479773753 -38.36376244394594 -9999
-9999 -9999 -9999 -9999 -9999 -9999 -9999 -9999 -9999 -9999 -9999 -9999 -9999 -9999 -9999 -9999 -9999 -35.354816606349274 -28.818168975696288 -32.166966336860284 -43.149404274907134 -42.94747163106323 -42.65321340049496 -42.843333029451415 -42.2507262001543 -42.014903546007275 -42.001904744310714 -41.38890073677201 -39.80916792168485 -40.35065883454745 -40.41382912113129 -39.80695782660547 -39.25348701739036 -38.903980717265405 -38.838985886667736 -38.348876538342275 -37.49960418003004 -37.281032437823065 -37.66743386966055 -38.27434556402833 -38.42932539018195 -38.288801918190934 -38.40714847100089 -37.495767800825774 -37.01018449141765 -37.0396009864407 -37.49301274631011 -37.87807082550843 -38.35126779396492 -37.77830463992027 -9999 -9999
-9999 -9999 -9999 -9999 -9999 -9999 -9999 -9999 -9999 -9999 -9999 -9999 -9999 -43.041018436946295 -43.05211073480061 -43.02855225652456 -43.027718302105434 -43.034317066326096 -33.27315097018752 -43.048026557242416 -37.14320833584213 -39.99689502574746 -43.066554036720284 -42.174112971143224 -41.20469593734521 -40.23349806069113 -40.719669412376106 -39.15034067187378 -39.27330541823302 -38.53367635957978 -38.278055864892416 -38.96345491571676 -38.748937503900386 -38.493832437260814 -38.275845394733 -37.36787448815353 -37.50661821639084 -36.05375856102404 -36.74554266397963 -35.95716160122791 -36.878588845062524 -36.50798352091047 -36.20009978095312 -37.030326473162226 -37.4138417987396 -37.08839756317194 -36.675902664216 -37.252800778566815 -37.441390857444674 -36.80089445950706 -37.11277048773659 -9999
-9999 -9999 -9999 -9999 -9999 -9999 -9999 -9999 -9999 -9999 -9999 -9999 -9999 -43.03648231299999 -43.063264144341574 -43.11176237097496 -43.147105883624725 -43.15431283963034 -43.141611436705865 -43.03014753471412 -43.08776311331388 -42.574964094826065 -41.84780844574309 -41.03159237365522 -40.993449113858134 -39.80505346462292 -39.5265514338794 -38.55294484114679 -38.92433634218153 -38.622506869086266 -38.02744950562634 -38.388140341267 -37.99981694670556 -37.76344649989725 -37.22672251229296 -36.37948632865901 -37.13876926838218 -35.523900112096705 -35.93398425562064 -36.21103893416812 -36.38434105898942 -35.68850229694711 -35.51833359229014 -35.43651284674264 -35.45994378255842 -35.04946365748005 -34.57815727927601 -34.45869742042345 -34.42175177389594 -34.53470773383489 -34.58931132638827 -36.32334763678195
-9999 -9999 -9999 -9999 -9999 -9999 -9999 -9999 -9999 -9999 -9999 -9999 -9999 -43.047219972126186 -43.12869598299427 -43.13257155565383 -42.57970913570456 -43.105409494823895 -43.150764816481136 -41.81517633611498 -42.11584428566225 -41.979084276715696 -40.01797005847988 -38.903050404406436 -39.023429885668605 -39.3426052515152 -39.44177091081181 -38.54387544781861 -38.614060211987436 -38.57641239626252 -38.538509357882575 -38.366626827491686 -37.78307337741085 -37.39893047363781 -37.8467756992044 -38.12620282922264 -36.66875289427117 -35.05131857834108 -34.77038260081621 -34.974614806189805 -35.13366126135477 -34.72699782013407 -34.506642103033215 -33.11610791728953 -9999 -9999 -9999 -9999 -9999 -9999 -9999 -9999
-9999 -9999 -9999 -9999 -9999 -9999 -9999 -9999 -9999 -9999 -9999 -9999 -9999 -43.121096916496754 -43.149040735569656 -43.14807107394723 -43.15148092213127 -43.146293943019025 -42.33884964666694 -38.42166077560218 -38.052401894480795 -38.43543316948268 -39.60110922173961 -40.47317912474114 -38.944183538829826 -38.117207545787096 -38.16649232377581 -38.04405233302437 -38.15236737575058 -38.052260681703366 -38.02965345668971 -37.86238754214719 -37.444287833636224 -37.17917510057273 -37.00541811302789 -36.49121554588656 -36.48705138264062 -35.77436369653467 -34.88987354640646 -34.1719072344308 -33.28928392947368 -9999 -9999 -9999 -9999 -9999 -9999 -9999 -9999 -9999 -9999 -9999
-9999 -9999 -9999 -9999 -9999 -9999 -9999 -9999 -9999 -9999 -9999 -9999 -43.02775513765441 -43.11158621673594 -43.13299545479696 -43.14883071289438 -43.12963249119323 -42.32427922537065 -39.7681000930986 -38.41113952241595 -38.618734278068274 -38.21565768240101 -38.05647341619529 -37.997334366380855 -37.98016958317274 -37.57750760510807 -37.734767002903894 -37.05096218301711 -37.212633791237906 -37.232743089532725 -37.078714732991784 -35.69703396553498 -35.71584266598296 -35.76185698473178 -35.97765105970852 -35.770005955482304 -35.55496024152102 -34.781915589964576 -34.35034651046052 -33.787129436862536 -32.252042249148786 -9999 -9999 -9999 -9999 -9999 -9999 -9999 -9999 -9999 -9999 -9999
-9999 -9999 -9999 -9999 -9999 -9999 -9999 -9999 -9999 -9999 -9999 -40.458153181041226 -41.649157266537465 -42.74709748383611 -43.018224889169566 -42.34226969427065 -41.038695589963176 -39.85762184637639 -38.901658327865384 -37.878022806071066 -38.2692818461472 -37.890905500085935 -38.11379372846821 -38.006753192181975 -37.827499102983296 -35.21756456812601 -34.762918720305294 -34.435999301768355 -34.68196036905536 -34.677531019298605 -34.87121877031725 -35.424245520130455 -35.456086092243865 -35.29732413156687 -34.91182198377488 -35.165148757195674 -34.99390927317512 -33.555037748210296 -32.68284120775111 -32.476161929515555 -9999 -9999 -9999 -9999 -9999 -9999 -9999 -9999 -9999 -9999 -9999 -9999
-9999 -9999 -9999 -9999 -9999 -9999 -9999 -9999 -9999 -9999 -37.8789808204519 -37.81382745036694 -42.269136544782675 -42.437827691091634 -41.46303139503478 -38.424829092767574 -37.73207863027473 -37.49635696504265 -38.47692857310176 -37.96432699591083 -37.516191369752676 -36.83680978229108 -37.24857738919799 -37.48295279914189 -38.270981308538474 -38.05799530335175 -36.021539121845976 -34.630881698154234 -34.19972650437495 -34.47635004778757 -34.479980128351606 -34.56548800728405 -34.98808857675075 -35.207307578732625 -35.07624804750895 -35.338667971729905 -34.066272491913125 -32.68644089865215 -32.465402891616456 -9999 -9999 -9999 -9999 -9999 -9999 -9999 -9999 -9999 -9999 -9999 -9999 -9999
-9999 -9999 -9999 -9999 -9999 -9999 -9999 -9999 -9999 -9999 -9999 -9999 -39.59053067085536 -37.50345728220418 -35.179620322548665 -35.234343471612945 -34.63976870647267 -35.3475151895343 -36.88349187376139 -37.39471147089954 -37.56352554192848 -36.913736107941396 -36.8532682679715 -35.807481420550324 -36.65505304375825 -37.199698882359684 -37.19069783679088 -35.23869730943166 -34.69812048927111 -35.05338979795899 -34.32315296171557 -34.66197103727609 -34.659689663990356 -34.95076757254403 -35.14057786025755 -35.25522441354216 -34.382193883010395 -32.510940962248355 -32.108310220742844 -31.48905599299495 -9999 -9999 -9999 -9999 -9999 -9999 -9999 -9999 -9999 -9999 -9999 -9999
-9999 -9999 -9999 -9999 -9999 -9999 -9999 -9999 -9999 -9999 -9999 -35.68806509629053 -37.58362366686292 -40.395428799578674 -37.93042125326136 -34.765334414156236 -34.29877392816074 -35.16393293940422 -35.3750785086304 -34.986635765243 -35.11254814301577 -36.23828859074527 -36.7149884341811 -35.466488175073884 -34.942846570062734 -35.06969933734154 -35.215943850617364 -34.66150996384575 -34.76291599432411 -34.72567567545111 -34.948928785024464 -34.655081160994165 -34.822456067832924 -34.58127376544492 -34.72414090966239 -34.130542394968316 -33.02007370903764 -32.21838925539961 -27.26070331780078 -9999 -9999 -9999 -9999 -9999 -9999 -9999 -9999 -9999 -9999 -9999 -9999 -9999
-9999 -9999 -9999 -9999 -9999 -40.257613567635424 -39.28271101961803 -38.93827350352608 -41.7095058153019 -40.35732419140961 -38.85875361307484 -34.869763380159505 -33.717917861862354 -34.3901435766855 -35.20824900534733 -34.81632545300881 -34.800687972051286 -34.82932888902724 -34.94815306130635 -34.46767754484292 -34.40373349402343 -34.51076053522284 -34.839226457330845 -34.80381327468659 -35.136918036186174 -35.145900047424696 -35.06904736426456 -34.75200999032139 -34.31217038064547 -34.37353649472251 -34.44899073793836 -34.81606625388984 -34.621065430829056 -34.103036441253096 -33.20850854569479 -32.63343907510052 -28.970090909982506 -26.9088514220253 -9999 -9999 -9999 -9999 -9999 -9999 -9999 -9999 -9999 -9999 -9999 -9999 -9999 -9999
-9999 -9999 -9999 -9999 -39.28109402537508 -38.21809395973611 -36.59941756976364 -34.70803333622525 -34.965332057812944 -34.399939434420645 -34.6295139172074 -34.5694166215987 -34.41324326800911 -34.244469513833195 -34.88571137515828 -35.216414193784736 -34.778626228459984 -34.82994469500187 -34.93329092487693 -33.792967231883466 -33.71903453038439 -33.83839455649824 -33.595781763448656 -34.30247940963296 -34.564450087309204 -34.2055002918224 -33.90734429339595 -34.013847137659624 -33.867607755687736 -34.11504752753788 -34.05612123962087 -33.89801471660157 -32.585385176940285 -30.880487418591812 -27.034540657257747 -9999 -9999 -9999 -9999 -9999 -9999 -9999 -9999 -9999 -9999 -9999 -9999 -9999 -9999 -9999 -9999 -9999
-9999 -9999 -9999 -40.03820470323705 -39.2450049125144 -37.85353049923383 -37.819958636456214 -36.59836584916743 -34.82989877284221 -34.05344508734086 -33.86385951673045 -33.07045691067596 -32.876859625335776 -33.72865786796193 -34.565777305290915 -34.76307885014735 -34.69496768316173 -34.68850646971765 -35.15959082997364 -34.62865019674696 -34.17672831662323 -33.20013243543065 -33.046487060031325 -33.7319154405521 -34.44718186725336 -34.42848339830728 -34.091928536902465 -33.02371288271135 -32.54288051514279 -32.297605480573594 -31.951168009910088 -9999 -9999 -9999 -9999 -9999 -9999 -9999 -9999 -9999 -9999 -9999 -9999 -9999 -9999 -9999 -9999 -9999 -9999 -9999 -9999 -9999
-9999 -9999 -9999 -43.04250468010001 -43.04007797372406 -43.07294763904065 -42.70952112507075 -39.83705939656205 -39.44757019857997 -38.59433939095344 -36.393801094316274 -33.41293898058812 -32.859939271118485 -33.72229055404339 -34.735904507359244 -34.63346916568749 -34.58545150624021 -34.563560691155985 -34.40420105818497 -33.115693699143335 -33.6398399722479 -33.224568219916165 -32.76153584808597 -32.16351334576535 -32.34466866357252 -32.21015258592999 -32.598616037882216 -32.5202647993827 -32.078865183416106 -9999 -9999 -9999 -9999 -9999 -9999 -9999 -9999 -9999 -9999 -9999 -9999 -9999 -9999 -9999 -9999 -9999 -9999 -9999 -9999 -9999 -9999 -9999
-9999 -9999 -9999 -42.823441973927885 -43.039348284713924 -42.916607991427824 -42.98581379445514 -41.35883083662179 -40.07324909477535 -40.12517717940247 -39.014251891503356 -35.61822805037398 -33.753689665084146 -33.623613186605766 -34.396579712143414 -34.82274835591164 -34.841341747112736 -35.007773921217606 -34.806701788678765 -33.516656258143485 -33.33604817120763 -33.68267411590837 -33.315679023447245 -33.73297825915253 -33.492339014237665 -32.18980092597801 -31.807865529604577 -27.51482963845458 -9999 -9999 -9999 -9999 -9999 -9999 -9999 -9999 -9999 -9999 -9999 -9999 -9999 -9999 -9999 -9999 -9999 -9999 -9999 -9999 -9999 -9999 -9999 -9999
-9999 -9999 -9999 -43.00263690584056 -42.061504130494654 -40.793885595367655 -41.41797043755651 -40.14780867095713 -39.19492311111611 -38.777606224276774 -38.22723680819668 -36.57965456921122 -35.02265650244511 -34.745589836055174 -34.926870757977106 -35.24605981750496 -34.98937738941901 -34.71050499818976 -34.683572687147915 -33.15659867779797 -33.101841006731696 -32.92125417091681 -32.989361525412 -32.77053114634169 -32.53712679158248 -32.075402585465625 -27.9914517630823 -9999 -9999 -9999 -9999 -9999 -9999 -9999 -9999 -9999 -9999 -9999 -9999 -9999 -9999 -9999 -9999 -9999 -9999 -9999 -9999 -9999 -9999 -9999 -9999 -9999
-9999 -9999 -9999 -9999 -41.203982011860475 -40.60199651802363 -40.2211161064308 -39.52847775320887 -38.98007177055368 -38.442992744440936 -38.126970317073 -36.909709398918174 -36.48015536874047 -35.28651378984036 -34.39490981681434 -34.51593464795176 -34.259107557894744 -34.527070750360906 -34.627858345457554 -32.904375018187515 -32.93578719027826 -33.15840424014174 -32.42749281136481 -31.810391959592536 -9999 -9999 -9999 -9999 -9999 -9999 -9999 -9999 -9999 -9999 -9999 -9999 -9999 -9999 -9999 -9999 -9999 -9999 -9999 -9999 -9999 -9999 -9999 -9999 -9999 -9999 -9999 -9999
-9999 -9999 -9999 -9999 -40.423469766448044 -39.64017576619011 -39.58317320757424 -40.279870196286105 -38.974918255197785 -37.51795674291561 -36.096211779619686 -34.4115791303794 -34.679373381902344 -34.85466665270455 -34.101962896165155 -33.564716756202124 -34.242687295312464 -34.4832262889806 -34.11675202530687 -33.15429591525184 -33.06345897927152 -32.905258530042246 -31.923973872488283 -30.379847623347107 -26.72082442405593 -9999 -9999 -9999 -9999 -9999 -9999 -9999 -9999 -9999 -9999 -9999 -9999 -9999 -9999 -9999 -9999 -9999 -9999 -9999 -9999 -9999 -9999 -9999 -9999 -9999 -9999 -9999
