metrics/grid_rasters/GLDAS/grideval_GLDAS_X_summer_2017_absolute_ubrmsd.asc
ncols 52
nrows 55
xllcorner     11.25
yllcorner     55.25
cellsize      0.25
NODATA_value  -9999
[rows 0 to 28 of 55, columns 0 to 51 of 52]
-9999 -9999 -9999 -9999 -9999 -9999 -9999 -9999 -9999 -9999 -9999 -9999 -9999 -9999 -9999 -9999 -9999 -9999 -9999 -9999 -9999 -9999 -9999 -9999 -9999 -9999 -9999 -9999 -9999 -9999 -9999 -9999 -9999 -9999 -9999 -9999 7.872931481074848 7.9208480262270315 7.0373334566623855 -9999 -9999 -9999 -9999 -9999 -9999 -9999 -9999 -9999 -9999 -9999 -9999 -9999
-9999 -9999 -9999 -9999 -9999 -9999 -9999 -9999 -9999 -9999 -9999 -9999 -9999 -9999 -9999 -9999 -9999 -9999 -9999 -9999 -9999 -9999 -9999 -9999 -9999 -9999 -9999 -9999 -9999 -9999 -9999 -9999 -9999 -9999 -9999 -9999 7.887415811012633 7.964098449347122 7.7511401385804275 7.47421335202367 6.98458730384417 6.493475114792052 -9999 -9999 -9999 -9999 -9999 -9999 -9999 -9999 -9999 -9999
-9999 -9999 -9999 -9999 -9999 -9999 -9999 -9999 -9999 -9999 -9999 -9999 -9999 -9999 -9999 -9999 -9999 -9999 -9999 -9999 -9999 -9999 -9999 -9999 -9999 -9999 -9999 8.23523114495518 7.378967722728696 7.341694309149172 8.346302453063426 8.044827282788976 6.576856509369148 6.906521442677505 -9999 7.015775800902692 7.61099091003266 7.84029844034238 6.756000187306968 6.549517300872573 6.369239692512315 6.182957006801977 5.973566302004643 5.572788700188077 5.460539571125062 5.168427490021633 -9999 -9999 -9999 -9999 -9999 -9999
-9999 -9999 -9999 -9999 -9999 -9999 -9999 -9999 -9999 -9999 -9999 -9999 -9999 -9999 -9999 -9999 -9999 -9999 -9999 -9999 -9999 -9999 -9999 -9999 -9999 -9999 -9999 9.649319320919107 9.540710709294268 8.783024289509507 9.428414745592967 8.466026688147013 8.179908246877499 6.765760300849053 6.5606053590077416 6.261823020353341 6.395183060042568 6.353637054643973 6.435896450077621 5.96065752084779 5.693417503708929 5.533610987133769 5.219714329878962 4.940445307872525 5.399915242941358 5.2029661929365005 4.398550218813043 3.5335990034103872 -9999 -9999 -9999 -9999
-9999 -9999 -9999 -9999 -9999 -9999 -9999 -9999 -9999 -9999 -9999 -9999 -9999 -9999 -9999 -9999 -9999 -9999 -9999 -9999 -9999 -9999 8.989639162778987 7.356355704108631 7.9844360020745935 8.452937472340697 10.042865466852632 9.909354365807157 9.680980712718373 9.601976202930182 9.271113816776472 7.947500351247458 7.260599346320357 6.398990583870241 6.063414912074728 5.743838183150754 5.664972721351098 5.454938404128059 4.8404142058099735 4.21380314711638 4.062161510694735 4.056371913856302 3.952478504339328 3.9865069641695303 3.934262765793215 4.0271014111574335 3.5368900330671624 3.2601934346802164 3.292328983533268 -9999 -9999 -9999
-9999 -9999 -9999 -9999 -9999 -9999 -9999 -9999 -9999 -9999 -9999 -9999 -9999 -9999 -9999 -9999 -9999 -9999 -9999 -9999 -9999 8.737252565066878 8.857327994234108 7.567746075453072 8.406897094281385 8.722699159344772 7.874664739819553 7.690627359894428 8.624962373714371 7.238168915064905 7.0743707236363695 7.526815283818989 6.790614100537441 6.416517914617327 6.019490790614142 5.454453235221252 5.393786552559079 4.785251144338359 4.027446256685433 4.1873790724825035 4.162151364275285 4.080876861298016 3.9805344384705466 3.6111895396263294 3.515086298991065 3.482283291105647 3.3706476131817302 3.1864069538176767 3.212228581826459 -9999 -9999 -9999
-9999 -9999 -9999 -9999 -9999 -9999 -9999 -9999 -9999 -9999 -9999 -9999 -9999 -9999 -9999 -9999 -9999 -9999 -9999 -9999 8.452395491921319 8.279811647943005 8.972323952286471 9.337050801845406 9.20015549591915 9.209694541006105 9.180403057368961 8.537488725649617 7.015691217659263 6.73212892585268 6.382318128784107 6.347508712432755 6.237734973274031 6.096600600651419 5.8793122862859475 5.2934184097789405 5.155509658436071 4.807914908114731 3.901740744140657 4.045988388237242 4.092011794842708 3.9877678483404444 3.8701206340108634 3.4776640157970635 3.3902703614678744 3.4066117495324204 3.3826907534091477 3.230016172083213 3.2201575370525837 3.269330947684236 -9999 -9999
-9999 -9999 -9999 -9999 -9999 -9999 -9999 -9999 -9999 -9999 -9999 -9999 -9999 -9999 -9999 -9999 -9999 -9999 -9999 -9999 -9999 9.977896273180518 9.850761574498833 9.368528555363357 8.566928276262885 8.378549832629485 8.053806455745018 7.395087440721638 6.109776153761447 6.145865292892865 6.225922077713347 5.900566979137579 5.348042948813027 5.280803688045529 5.331659328500243 4.201994189203695 4.342794106600187 4.124002507916959 4.217792675467564 4.377926140689016 4.387330594607444 4.295260675614212 4.10219186996858 3.691966671463845 3.5367798310467315 3.4648848357631135 3.4191293460784564 3.235325944222743 3.30345681719296 -9999 -9999 -9999
-9999 -9999 -9999 -9999 -9999 -9999 -9999 -9999 -9999 -9999 -9999 -9999 -9999 -9999 -9999 -9999 -9999 -9999 -9999 7.578850967206991 7.273593338061018 7.2357015965110945 7.920832988517867 8.423846552390636 7.0493531562709455 5.698336318271136 5.381230548877217 4.007201877481738 4.143261026004961 4.213440501957907 4.284220002897752 4.308153005905965 4.1991988696345 4.1531658201140695 4.1919250715783 4.339736098081811 4.3676531281260775 4.29395789118586 4.2672591555456085 4.185249354125226 4.257392531003852 4.190482073979216 4.1024160380796735 3.8887101784575786 3.777867734494224 3.699530041033405 3.624398327972727 3.308748827069144 3.2839632686519997 3.2052535129521864 3.1609913947253014 -9999
-9999 -9999 -9999 -9999 -9999 -9999 -9999 -9999 -9999 -9999 -9999 -9999 -9999 -9999 -9999 -9999 -9999 -9999 8.755841308687295 7.3655320227904735 6.9279660721919125 6.759939134574293 7.010906392671911 5.992925634442828 5.58707302761288 5.606305243526426 5.591210197662983 3.812260972275297 3.7977710781823735 4.100874501728983 4.348591055833098 4.557193696649207 4.551929212660994 4.522930887723342 4.518373752273537 4.595753185159318 4.486697315922992 4.496677761109999 4.386926281699028 4.258372703463158 4.136681059062696 4.19382775530001 4.159245596301698 3.8111155615289016 3.6799895074287403 3.6250393876799447 3.5833619580545037 3.311163522664061 3.2250215833540463 3.3280825578840822 3.2697391911835494 -9999
-9999 -9999 -9999 -9999 -9999 -9999 -9999 -9999 -9999 -9999 -9999 -9999 -9999 -9999 -9999 -9999 -9999 8.157866152257531 9.014991461923106 8.476257427290404 6.126498892986466 4.558034433405898 4.2291573000712335 4.8593831014381035 3.879562457552729 3.8119848681414505 3.9819984861633997 4.239075110598188 4.381101722704966 4.321461205178837 4.243527951807659 4.34926836328897 4.424317652088775 4.433942010608578 4.474464186191051 4.467572433525198 4.391420897377048 4.357884641627177 4.332984752665286 4.179380459891503 4.1184404627113524 4.0859932994745405 4.029502121423277 3.842888037797733 3.740918377031268 3.722453860921172 3.6626481924344128 3.4272104080989894 3.3470397532337475 3.2974275856722954 -9999 -9999
-9999 -9999 -9999 -9999 -9999 -9999 -9999 -9999 -9999 -9999 -9999 -9999 -9999 7.810520716539418 6.940564533578574 6.604902271753019 6.514663143542769 6.581414784801055 8.25030979257434 5.968380199208034 6.805846358795117 6.378894841929806 4.6534386556366565 3.7480152028598432 3.8822271150216654 3.7687979565248577 3.877030311288241 4.466723275307554 4.4374671519031645 4.4658512841322215 4.36528543940186 4.368931206782028 4.35719097302472 4.366993761037023 4.298021160600442 4.333387844033169 4.214897718578216 4.2730608406347885 4.0926155262906745 4.1180332765659085 4.0318478530328425 4.014432926505774 3.988420121035441 3.6860241596456023 3.5872979841317365 3.637432576097828 3.719881227925717 3.447662744939103 3.3645685296960495 3.3170943573912726 3.2332433124984417 -9999
-9999 -9999 -9999 -9999 -9999 -9999 -9999 -9999 -9999 -9999 -9999 -9999 -9999 6.56178022454648 5.97743098803655 5.6979915905470815 6.626048769106793 6.344743668492416 5.988063080751966 3.8871161715582447 4.51274146840038 3.3403396131154364 3.2856539615604032 3.591362902572204 3.5289718846937626 3.4888350719770327 3.473673473517493 3.7994356291315934 3.8198356150587247 3.8531638898353053 3.8386730938840414 3.886005252769416 3.751116132262823 3.7277194926156385 3.7130550214877562 3.5190003392386444 3.447090785796274 3.505178678017556 3.4205934691888054 3.6239882321742285 3.5068213843158373 3.5332638541077697 3.521155318092813 3.4396196394285576 3.454139933164552 3.525144784482627 3.3884793392632764 3.117239065610814 3.0745385664731915 3.1328186908082607 3.0227115433492435 3.1081647605616025
-9999 -9999 -9999 -9999 -9999 -9999 -9999 -9999 -9999 -9999 -9999 -9999 -9999 6.2719749089249 5.9061412631494985 5.397201973655774 4.6138154553129205 5.032737972953894 5.561540448032436 3.155356154111665 3.0348202960692836 3.1362481984556188 3.533363685040555 3.510101753437047 3.4978540167783554 3.4283807979602483 3.383596295213319 3.668752765307706 3.792080685413005 3.78704814499089 3.764191488225564 3.8048477797107036 3.713440899282263 3.6875746383388077 3.5768056227473366 3.4711057165881365 3.473027714288772 3.514495554895215 3.4898728016517873 3.6439161642836417 3.6193226409547696 3.4562219919184334 3.5410677215019435 3.484514323720112 -9999 -9999 -9999 -9999 -9999 -9999 -9999 -9999
-9999 -9999 -9999 -9999 -9999 -9999 -9999 -9999 -9999 -9999 -9999 -9999 -9999 6.24718477813005 5.860730601556718 5.203240114670193 5.456024847900691 5.187361251508569 4.465518100342895 3.544794685872853 3.4512312224122725 3.419905457720839 3.402699105623885 3.414690336993418 3.4023500486798737 3.4304120715733823 3.387060865142577 3.7041411504646096 3.6902919534661187 3.7015101135091446 3.6732605686536792 3.745205656232357 3.711406834078389 3.6440688969435735 3.598962839920921 3.4823899115308032 3.443517975504505 3.3894130574173755 3.4161237284215447 3.7276935968925113 3.614946511682725 -9999 -9999 -9999 -9999 -9999 -9999 -9999 -9999 -9999 -9999 -9999
-9999 -9999 -9999 -9999 -9999 -9999 -9999 -9999 -9999 -9999 -9999 -9999 6.692271562802075 6.3135602840882505 6.2363731672721086 5.477542815333336 5.044192485652618 4.549004574224093 3.255437310936455 3.495904619547296 3.3839874246037436 3.352487509476671 3.2498267573489423 3.4159581770237577 3.3646927507239033 3.325759597039559 3.28774803848139 3.5440099678935564 3.5134933023384063 3.4834429591530105 3.5043913612190036 3.611003405807296 3.6067642033042615 3.5589925454375626 3.518559428281772 3.377983865639826 3.328733439610757 3.3407588853874146 3.3687211971305424 3.793237246463488 3.67953058611376 -9999 -9999 -9999 -9999 -9999 -9999 -9999 -9999 -9999 -9999 -9999
-9999 -9999 -9999 -9999 -9999 -9999 -9999 -9999 -9999 -9999 -9999 2.6247952604550115 3.157277682486181 4.013519733567505 4.084671896279261 2.7784417838602407 2.871977638305093 3.032883618863467 2.9231720596137403 2.8253122949904594 2.7863344324721786 2.7854891377535806 2.7253816946018965 2.8637663311877857 2.9880755065316933 3.0334859998697183 2.9901975275300536 3.1001491647785278 2.9970261646279486 2.9340148558495907 2.9076097275196195 2.8211909996464524 2.8631467775576227 2.807614199276458 2.8513604050111976 2.592038141343047 2.542549423468224 2.4308025372172013 2.4186530627338523 2.375270248458577 -9999 -9999 -9999 -9999 -9999 -9999 -9999 -9999 -9999 -9999 -9999 -9999
-9999 -9999 -9999 -9999 -9999 -9999 -9999 -9999 -9999 -9999 2.3119353574279966 2.5884305906748253 2.4821440547802376 2.406095295246459 2.6330116641502683 3.0529068935372443 3.1058860281186367 2.8502078452880006 2.697661795032651 2.5680770327582927 2.539144979363269 2.5969687766008605 2.5886744660147247 2.7175229406301287 2.7711227600061297 2.698559031422319 2.7211632801405656 2.910081835791269 2.8815377560097875 2.737305099359532 2.744489287369882 2.7435191773160885 2.6510785983977536 2.6454271116235106 2.7034227897631444 2.407126610736631 2.48460629113214 2.398036839591559 2.3609438624619488 -9999 -9999 -9999 -9999 -9999 -9999 -9999 -9999 -9999 -9999 -9999 -9999 -9999
-9999 -9999 -9999 -9999 -9999 -9999 -9999 -9999 -9999 -9999 -9999 -9999 2.5204680440171834 2.698248603058034 2.7921463386321017 2.9846885898914874 2.9427323344108545 2.634039062369378 2.541798653275157 2.4157750908138724 2.418971969055363 2.409317748881805 2.4798538780470727 2.7175542623857862 2.625318128794937 2.570583357494668 2.5601739542537207 2.6750515758360804 2.7056888945114173 2.596950959691406 2.720166892226231 2.6178072640265198 2.6374550909102714 2.6121836362738198 2.617299583079107 2.357869638782026 2.3417305582879058 2.372024576189784 2.300164962459456 2.0947510593567142 -9999 -9999 -9999 -9999 -9999 -9999 -9999 -9999 -9999 -9999 -9999 -9999
-9999 -9999 -9999 -9999 -9999 -9999 -9999 -9999 -9999 -9999 -9999 2.5097381639626546 2.3339696506494483 2.1887335034011173 2.2226364387750586 2.5920647807495016 2.593183114671568 2.3880686326290803 2.1997979076363925 2.271277645076005 2.199646505011412 2.2150527268992564 2.3072860381145195 2.393655173267501 2.456465722014837 2.4699590498610164 2.4516025814342317 2.500651816829788 2.4529282199930553 2.488948155551146 2.3191119637027797 2.3075578084171418 2.25824512683468 2.2371695260752977 2.2405677852678174 2.017309206413161 1.938549765661727 2.034675733293916 1.5702146510613184 -9999 -9999 -9999 -9999 -9999 -9999 -9999 -9999 -9999 -9999 -9999 -9999 -9999
-9999 -9999 -9999 -9999 -9999 1.749277413907085 1.5889770276291335 1.66573351208011 1.7968156618492932 1.7906884313964455 1.8020413261269264 2.2409623863370536 2.4442318217350905 2.1461245574916283 1.7340049961263644 1.8434485889967025 1.8715892541773893 1.914228221475846 1.8900397979885823 2.1477787404314257 2.1449656512484463 2.19753469368981 2.1933818328621446 2.168079578941821 2.1439606283262846 2.141953795450845 2.149540923075787 1.9832645460362015 1.9695362351879064 1.9878620539351743 1.9220883801503763 1.7721205982863142 1.7293315125074402 1.679720607365336 1.7162751414483959 1.6316206993688709 1.5831574326187534 1.4300496651498364 -9999 -9999 -9999 -9999 -9999 -9999 -9999 -9999 -9999 -9999 -9999 -9999 -9999 -9999
-9999 -9999 -9999 -9999 1.5790827287335396 1.618757412784925 1.657478470127165 2.4042339844070595 2.258367916084848 2.157139513182266 1.806375565016277 1.998627670940792 1.8390235794705216 1.8087013009243824 1.8051980279618551 1.8101814110485717 1.798949221965771 1.8979403753156583 1.945986599616366 2.1329929929124467 2.1491214478052543 2.168845310964809 2.191766143705248 2.165217862406349 2.1647315746462787 2.187208052076393 2.1848194014771734 2.0179931947215537 1.9623239634526155 1.925880559110131 1.9261211855534348 1.7673869312214974 1.7299436917131328 1.5581847673370517 1.4518146768072997 -9999 -9999 -9999 -9999 -9999 -9999 -9999 -9999 -9999 -9999 -9999 -9999 -9999 -9999 -9999 -9999 -9999
-9999 -9999 -9999 1.6870038677894732 1.699175020744046 1.720651072265585 1.8702536560306895 2.053188328308694 2.1456653651720354 2.2600075582110133 2.125723374926984 2.4577511883399032 2.4624027561997193 2.1124462947156104 1.7052063078940192 1.8095103096503982 1.869210286509163 1.968642227688037 2.0197602458147093 2.2101491009207392 2.2086562989125618 2.1283319250892365 2.0988243649273204 2.108600730462895 2.1020753964339 2.078596698813536 2.088910315042379 1.9609585808953196 1.974375596593628 1.866783985534236 1.7820477260713914 -9999 -9999 -9999 -9999 -9999 -9999 -9999 -9999 -9999 -9999 -9999 -9999 -9999 -9999 -9999 -9999 -9999 -9999 -9999 -9999 -9999
-9999 -9999 -9999 3.6531939563948734 4.8942231786086285 3.882308622581616 1.9461337690586475 2.332060519626836 2.260286712378605 2.098889711129968 2.1160177806265605 2.8563549234280226 2.2823573290176977 2.5089856215715067 1.7866363876798366 1.7719459504990684 1.8730681715043984 1.890087228973606 1.8928733632919619 2.1274234145665307 2.135676927615397 2.188175887075738 2.122185207109369 2.0759886451861447 2.0341833745495435 2.015295528767658 2.11361439060471 1.9426586615288188 1.826297268537308 -9999 -9999 -9999 -9999 -9999 -9999 -9999 -9999 -9999 -9999 -9999 -9999 -9999 -9999 -9999 -9999 -9999 -9999 -9999 -9999 -9999 -9999 -9999
-9999 -9999 -9999 2.151033172150268 4.582090653043989 3.2874826382685822 2.8948005539099038 1.9540053387860719 1.809327837397108 1.662980200859972 1.5716208793139843 2.153857387081272 2.5326772483172744 2.396187469486623 1.745169980564037 1.7511762029219915 1.8955541841586905 1.9826928564909212 1.9765905700638942 2.1349645731177143 2.145688313369019 2.143678620591281 2.156325170666978 2.203772935976522 2.2331794108688032 2.1941210917788796 2.044866803734436 1.89423946014502 -9999 -9999 -9999 -9999 -9999 -9999 -9999 -9999 -9999 -9999 -9999 -9999 -9999 -9999 -9999 -9999 -9999 -9999 -9999 -9999 -9999 -9999 -9999 -9999
-9999 -9999 -9999 3.4112867076276805 1.8489942008916216 1.8912411492930636 1.9368183799087157 2.0414952162074287 1.9114649764910268 1.7839312322047642 1.7160319847683982 2.035591621715689 2.082490139633135 2.109255651884304 1.8305293627589128 1.931292810640354 1.979577634311636 1.9626468799329464 1.8950527291393875 2.016518107891528 2.01647561917258 2.0282202577935 1.9959033343599295 2.0700128636656507 2.092086341694228 2.0297454066137646 1.8336304324298731 -9999 -9999 -9999 -9999 -9999 -9999 -9999 -9999 -9999 -9999 -9999 -9999 -9999 -9999 -9999 -9999 -9999 -9999 -9999 -9999 -9999 -9999 -9999 -9999 -9999
-9999 -9999 -9999 -9999 1.8161969963027025 1.8725756696694382 1.891178814679224 1.99330832228094 1.9670535620952707 1.9316162878673668 1.8137335590505332 2.0040029053275923 1.9964250153637453 1.849729297566728 1.890791143966909 1.8753885315905847 2.0287304706770324 1.9990505601413893 1.9475373804218767 1.9598964689676008 1.9527583171951182 1.94611442859618 1.9185100967550668 1.942391792154512 -9999 -9999 -9999 -9999 -9999 -9999 -9999 -9999 -9999 -9999 -9999 -9999 -9999 -9999 -9999 -9999 -9999 -9999 -9999 -9999 -9999 -9999 -9999 -9999 -9999 -9999 -9999 -9999
-9999 -9999 -9999 -9999 1.8672201749189268 1.855197956984464 1.7859006287382282 1.8669812686754768 1.890983109405736 1.9349594315081884 1.8288107822861064 2.1290730636669397 2.1006282853425904 2.043546355335075 2.0888208611880725 2.005974956993655 1.978477883869748 1.9440117379034276 1.793297265263731 1.8780565396076403 1.868869139407441 1.84035301332795 1.8487039280299733 1.8133649609732152 1.635990344648928 -9999 -9999 -9999 -9999 -9999 -9999 -9999 -9999 -9999 -9999 -9999 -9999 -9999 -9999 -9999 -9999 -9999 -9999 -9999 -9999 -9999 -9999 -9999 -9999 -9999 -9999 -9999
-9999 -9999 -9999 -9999 2.0457154289305164 2.067216135518329 2.0190612335670433 2.0801766497102507 2.0224137006335163 2.065661364498596 2.2087449510189963 2.0444714237538912 2.232155048960942 2.1809804479425297 2.2107673257290448 2.107401372039175 2.0420678338077414 1.9140656930906976 1.8281802899541604 1.79822509793798 1.7893982308010132 1.8010341040871056 1.7340950368347332 1.607798676900233 -9999 -9999 -9999 -9999 -9999 -9999 -9999 -9999 -9999 -9999 -9999 -9999 -9999 -9999 -9999 -9999 -9999 -9999 -9999 -9999 -9999 -9999 -9999 -9999 -9999 -9999 -9999 -9999
