time,sm
2015-04-01 00:00:00,43.4
2015-04-01 03:00:00,43.399
2015-04-01 06:00:00,43.399
2015-04-01 09:00:00,43.398
2015-04-01 12:00:00,43.4
2015-04-01 15:00:00,43.4
2015-04-01 18:00:00,43.4
2015-04-01 21:00:00,43.4
2015-04-02 00:00:00,43.399
2015-04-02 03:00:00,43.399
2015-04-02 06:00:00,43.399
2015-04-02 09:00:00,43.4
2015-04-02 12:00:00,43.4
2015-04-02 15:00:00,43.4
2015-04-02 18:00:00,43.4
2015-04-02 21:00:00,43.4
2015-04-03 00:00:00,43.4
2015-04-03 03:00:00,43.4
2015-04-03 06:00:00,43.399
2015-04-03 09:00:00,43.4
2015-04-03 12:00:00,43.4
2015-04-03 15:00:00,43.4
2015-04-03 18:00:00,43.4
2015-04-03 21:00:00,43.4
2015-04-04 00:00:00,43.4
2015-04-04 03:00:00,43.4
2015-04-04 06:00:00,43.4
2015-04-04 09:00:00,43.4
2015-04-04 12:00:00,43.4
2015-04-04 15:00:00,43.4
2015-04-04 18:00:00,43.4
2015-04-04 21:00:00,43.4
2015-04-05 00:00:00,43.4
2015-04-05 03:00:00,43.399
2015-04-05 06:00:00,43.399
2015-04-05 09:00:00,43.4
2015-04-05 12:00:00,43.4
2015-04-05 15:00:00,43.4
2015-04-05 18:00:00,43.4
2015-04-05 21:00:00,43.4
2015-04-06 00:00:00,43.399
2015-04-06 03:00:00,43.399
2015-04-06 06:00:00,43.4
2015-04-06 09:00:00,43.4
2015-04-06 12:00:00,43.4
2015-04-06 15:00:00,43.4
2015-04-06 18:00:00,43.4
2015-04-06 21:00:00,43.4
2015-04-07 00:00:00,43.4
2015-04-07 03:00:00,43.4
2015-04-07 06:00:00,43.4
2015-04-07 09:00:00,43.4
2015-04-07 12:00:00,43.4
2015-04-07 15:00:00,43.4
2015-04-07 18:00:00,43.4
2015-04-07 21:00:00,43.4
2015-04-08 00:00:00,43.397
2015-04-08 03:00:00,43.381
2015-04-08 06:00:00,43.396
2015-04-08 09:00:00,43.4
2015-04-08 12:00:00,43.4
2015-04-08 15:00:00,43.4
2015-04-08 18:00:00,43.397
2015-04-08 21:00:00,43.396
2015-04-09 00:00:00,43.4
2015-04-09 03:00:00,43.393
2015-04-09 06:00:00,43.4
2015-04-09 09:00:00,43.4
2015-04-09 12:00:00,43.4
2015-04-09 15:00:00,43.4
2015-04-09 18:00:00,43.4
2015-04-09 21:00:00,43.344
2015-04-10 00:00:00,43.276
2015-04-10 03:00:00,43.263
2015-04-10 06:00:00,43.229
2015-04-10 09:00:00,43.4
2015-04-10 12:00:00,43.4
2015-04-10 15:00:00,43.4
2015-04-10 18:00:00,43.4
2015-04-10 21:00:00,43.375
2015-04-11 00:00:00,43.347
2015-04-11 03:00:00,43.331
2015-04-11 06:00:00,43.336998
2015-04-11 09:00:00,43.4
2015-04-11 12:00:00,43.4
2015-04-11 15:00:00,43.37
2015-04-11 18:00:00,43.032
2015-04-11 21:00:00,42.678
2015-04-12 00:00:00,42.521
2015-04-12 03:00:00,42.459
2015-04-12 06:00:00,42.51
2015-04-12 09:00:00,42.741
2015-04-12 12:00:00,42.847
2015-04-12 15:00:00,42.732
2015-04-12 18:00:00,41.615
2015-04-12 21:00:00,40.673
2015-04-13 00:00:00,40.16
2015-04-13 03:00:00,39.648
2015-04-13 06:00:00,39.222
2015-04-13 09:00:00,38.911
2015-04-13 12:00:00,38.5
2015-04-13 15:00:00,37.682
2015-04-13 18:00:00,36.584
2015-04-13 21:00:00,35.736
2015-04-14 00:00:00,35.236
2015-04-14 03:00:00,34.979
2015-04-14 06:00:00,34.813
2015-04-14 09:00:00,34.822
2015-04-14 12:00:00,34.999
2015-04-14 15:00:00,34.935
2015-04-14 18:00:00,34.446
2015-04-14 21:00:00,33.971
2015-04-15 00:00:00,33.568
2015-04-15 03:00:00,33.373
2015-04-15 06:00:00,33.279
2015-04-15 09:00:00,33.202
2015-04-15 12:00:00,33.015
2015-04-15 15:00:00,32.206
2015-04-15 18:00:00,31.187
2015-04-15 21:00:00,30.482
2015-04-16 00:00:00,30.053999
2015-04-16 03:00:00,29.806
2015-04-16 06:00:00,29.703
2015-04-16 09:00:00,29.641
2015-04-16 12:00:00,29.492
2015-04-16 15:00:00,29.301
2015-04-16 18:00:00,29.121
2015-04-16 21:00:00,29.173
2015-04-17 00:00:00,28.81
2015-04-17 03:00:00,28.496
2015-04-17 06:00:00,28.28
2015-04-17 09:00:00,28.156
2015-04-17 12:00:00,27.966
2015-04-17 15:00:00,27.822
2015-04-17 18:00:00,27.716
2015-04-17 21:00:00,27.545
2015-04-18 00:00:00,27.362999
2015-04-18 03:00:00,27.244
2015-04-18 06:00:00,27.181
2015-04-18 09:00:00,27.044
2015-04-18 12:00:00,26.872
2015-04-18 15:00:00,26.736
2015-04-18 18:00:00,26.663
2015-04-18 21:00:00,26.589
2015-04-19 00:00:00,26.653
2015-04-19 03:00:00,26.8
2015-04-19 06:00:00,26.75
2015-04-19 09:00:00,26.628
2015-04-19 12:00:00,26.571
2015-04-19 15:00:00,26.621
2015-04-19 18:00:00,26.451
2015-04-19 21:00:00,26.825
2015-04-20 00:00:00,26.726
2015-04-20 03:00:00,26.622
2015-04-20 06:00:00,26.56
2015-04-20 09:00:00,26.362
2015-04-20 12:00:00,26.131
2015-04-20 15:00:00,25.853
2015-04-20 18:00:00,25.687
2015-04-20 21:00:00,25.608
2015-04-21 00:00:00,25.531
2015-04-21 03:00:00,25.475
2015-04-21 06:00:00,25.417
2015-04-21 09:00:00,25.218
2015-04-21 12:00:00,24.959
2015-04-21 15:00:00,24.726
2015-04-21 18:00:00,24.612
2015-04-21 21:00:00,24.57
2015-04-22 00:00:00,24.596
2015-04-22 03:00:00,24.667
2015-04-22 06:00:00,25.031
2015-04-22 09:00:00,25.239
2015-04-22 12:00:00,25.207
2015-04-22 15:00:00,25.223999
2015-04-22 18:00:00,25.32
2015-04-22 21:00:00,25.482
2015-04-23 00:00:00,25.480999
2015-04-23 03:00:00,25.453
2015-04-23 06:00:00,25.35
2015-04-23 09:00:00,25.105
2015-04-23 12:00:00,24.743
2015-04-23 15:00:00,24.484
2015-04-23 18:00:00,24.343
2015-04-23 21:00:00,24.293
2015-04-24 00:00:00,24.235
2015-04-24 03:00:00,24.199
2015-04-24 06:00:00,24.135
2015-04-24 09:00:00,23.956
2015-04-24 12:00:00,23.755
2015-04-24 15:00:00,23.584
2015-04-24 18:00:00,23.498
2015-04-24 21:00:00,23.469
2015-04-25 00:00:00,23.453
2015-04-25 03:00:00,23.445
2015-04-25 06:00:00,23.407
2015-04-25 09:00:00,23.315
2015-04-25 12:00:00,23.182
2015-04-25 15:00:00,23.062
2015-04-25 18:00:00,23.037
2015-04-25 21:00:00,22.99
2015-04-26 00:00:00,22.954
2015-04-26 03:00:00,22.944
2015-04-26 06:00:00,23.298
2015-04-26 09:00:00,23.655
2015-04-26 12:00:00,23.626
2015-04-26 15:00:00,23.664999
2015-04-26 18:00:00,23.8
2015-04-26 21:00:00,24.096
2015-04-27 00:00:00,24.06
2015-04-27 03:00:00,24.03
2015-04-27 06:00:00,23.975
2015-04-27 09:00:00,23.822
2015-04-27 12:00:00,23.59
2015-04-27 15:00:00,23.386
2015-04-27 18:00:00,23.295
2015-04-27 21:00:00,23.268
2015-04-28 00:00:00,23.254
2015-04-28 03:00:00,23.252
2015-04-28 06:00:00,23.222
2015-04-28 09:00:00,23.076
2015-04-28 12:00:00,22.836
2015-04-28 15:00:00,22.619
2015-04-28 18:00:00,22.521
2015-04-28 21:00:00,22.508
2015-04-29 00:00:00,22.499
2015-04-29 03:00:00,22.494999
2015-04-29 06:00:00,22.494
2015-04-29 09:00:00,22.507
2015-04-29 12:00:00,22.396
2015-04-29 15:00:00,22.346
2015-04-29 18:00:00,22.843
2015-04-29 21:00:00,23.462
2015-04-30 00:00:00,23.444
2015-04-30 03:00:00,23.436
2015-04-30 06:00:00,23.375
2015-04-30 09:00:00,23.171
2015-04-30 12:00:00,22.889
2015-04-30 15:00:00,22.697
2015-04-30 18:00:00,22.604
2015-04-30 21:00:00,22.564
2015-05-01 00:00:00,22.66
2015-05-01 03:00:00,22.748
2015-05-01 06:00:00,22.794
2015-05-01 09:00:00,22.74
2015-05-01 12:00:00,22.662
2015-05-01 15:00:00,22.559
2015-05-01 18:00:00,22.503
2015-05-01 21:00:00,22.489
2015-05-02 00:00:00,22.603
2015-05-02 03:00:00,22.812
2015-05-02 06:00:00,22.921999
2015-05-02 09:00:00,23.041
2015-05-02 12:00:00,23.101
2015-05-02 15:00:00,23.19
2015-05-02 18:00:00,23.221
2015-05-02 21:00:00,23.292
2015-05-03 00:00:00,23.257
2015-05-03 03:00:00,23.216
2015-05-03 06:00:00,23.13
2015-05-03 09:00:00,22.924
2015-05-03 12:00:00,22.637
2015-05-03 15:00:00,22.407
2015-05-03 18:00:00,22.305
2015-05-03 21:00:00,22.269
2015-05-04 00:00:00,22.249
2015-05-04 03:00:00,22.246
2015-05-04 06:00:00,22.195
2015-05-04 09:00:00,22.036
2015-05-04 12:00:00,21.796999
2015-05-04 15:00:00,21.593
2015-05-04 18:00:00,21.497
2015-05-04 21:00:00,21.463
2015-05-05 00:00:00,22.425
2015-05-05 03:00:00,25.699
2015-05-05 06:00:00,26.089
2015-05-05 09:00:00,25.968
2015-05-05 12:00:00,25.735
2015-05-05 15:00:00,25.552
2015-05-05 18:00:00,25.416
2015-05-05 21:00:00,25.318
2015-05-06 00:00:00,25.255
2015-05-06 03:00:00,28.911
2015-05-06 06:00:00,28.565
2015-05-06 09:00:00,28.703
2015-05-06 12:00:00,28.402
2015-05-06 15:00:00,28.323
2015-05-06 18:00:00,28.292
2015-05-06 21:00:00,28.27
2015-05-07 00:00:00,28.025
2015-05-07 03:00:00,27.808
2015-05-07 06:00:00,27.538
2015-05-07 09:00:00,27.112999
2015-05-07 12:00:00,26.57
2015-05-07 15:00:00,26.103
2015-05-07 18:00:00,25.859
2015-05-07 21:00:00,25.755
2015-05-08 00:00:00,25.691
2015-05-08 03:00:00,25.629
2015-05-08 06:00:00,25.509
2015-05-08 09:00:00,25.316
2015-05-08 12:00:00,25.128
2015-05-08 15:00:00,24.951
2015-05-08 18:00:00,24.829
2015-05-08 21:00:00,24.769
2015-05-09 00:00:00,25.723
2015-05-09 03:00:00,26.733
2015-05-09 06:00:00,27.414999
2015-05-09 09:00:00,27.661
2015-05-09 12:00:00,27.299
2015-05-09 15:00:00,26.993
2015-05-09 18:00:00,26.83
2015-05-09 21:00:00,26.857
2015-05-10 00:00:00,26.729
2015-05-10 03:00:00,26.644
2015-05-10 06:00:00,26.555
2015-05-10 09:00:00,26.49
2015-05-10 12:00:00,26.86
2015-05-10 15:00:00,27.175
2015-05-10 18:00:00,26.992
2015-05-10 21:00:00,26.859
2015-05-11 00:00:00,26.719
2015-05-11 03:00:00,26.592
2015-05-11 06:00:00,26.4
2015-05-11 09:00:00,26.023
2015-05-11 12:00:00,25.532
2015-05-11 15:00:00,25.191
2015-05-11 18:00:00,25.017
2015-05-11 21:00:00,24.933
2015-05-12 00:00:00,24.966
2015-05-12 03:00:00,25.295
2015-05-12 06:00:00,26.045
2015-05-12 09:00:00,26.705
2015-05-12 12:00:00,26.431
2015-05-12 15:00:00,26.241
2015-05-12 18:00:00,26.597
2015-05-12 21:00:00,27.087
2015-05-13 00:00:00,29.352
2015-05-13 03:00:00,31.46
2015-05-13 06:00:00,32.044
2015-05-13 09:00:00,31.812
2015-05-13 12:00:00,31.386
2015-05-13 15:00:00,31.266
2015-05-13 18:00:00,30.362
2015-05-13 21:00:00,30.269
2015-05-14 00:00:00,29.926
2015-05-14 03:00:00,29.528
2015-05-14 06:00:00,29.005
2015-05-14 09:00:00,29.232
2015-05-14 12:00:00,28.425
2015-05-14 15:00:00,27.831
2015-05-14 18:00:00,27.449
2015-05-14 21:00:00,27.206
2015-05-15 00:00:00,27.016
2015-05-15 03:00:00,26.848
2015-05-15 06:00:00,26.747
2015-05-15 09:00:00,26.777
2015-05-15 12:00:00,26.657
2015-05-15 15:00:00,26.728
2015-05-15 18:00:00,26.697
2015-05-15 21:00:00,26.681
2015-05-16 00:00:00,26.577
2015-05-16 03:00:00,26.499
2015-05-16 06:00:00,26.341
2015-05-16 09:00:00,26.021
2015-05-16 12:00:00,25.711
2015-05-16 15:00:00,25.414999
2015-05-16 18:00:00,25.232
2015-05-16 21:00:00,25.145
2015-05-17 00:00:00,25.114
2015-05-17 03:00:00,25.094
2015-05-17 06:00:00,24.994
2015-05-17 09:00:00,24.806
2015-05-17 12:00:00,24.609
2015-05-17 15:00:00,24.441
2015-05-17 18:00:00,24.325
2015-05-17 21:00:00,24.27
2015-05-18 00:00:00,24.237
2015-05-18 03:00:00,24.211
2015-05-18 06:00:00,24.14
2015-05-18 09:00:00,24.053999
2015-05-18 12:00:00,23.84
2015-05-18 15:00:00,23.646
2015-05-18 18:00:00,23.559
2015-05-18 21:00:00,23.538
2015-05-19 00:00:00,24.237
2015-05-19 03:00:00,24.774
2015-05-19 06:00:00,25.273
2015-05-19 09:00:00,25.471
2015-05-19 12:00:00,25.516
2015-05-19 15:00:00,25.544
2015-05-19 18:00:00,26.45
2015-05-19 21:00:00,28.198
2015-05-20 00:00:00,30.325
2015-05-20 03:00:00,31.675
2015-05-20 06:00:00,30.746
2015-05-20 09:00:00,30.049
2015-05-20 12:00:00,29.491
2015-05-20 15:00:00,29.097
2015-05-20 18:00:00,28.852
2015-05-20 21:00:00,28.836
2015-05-21 00:00:00,28.52
2015-05-21 03:00:00,28.276
2015-05-21 06:00:00,27.963
2015-05-21 09:00:00,27.477
2015-05-21 12:00:00,26.933
2015-05-21 15:00:00,26.51
2015-05-21 18:00:00,26.258
2015-05-21 21:00:00,26.14
2015-05-22 00:00:00,26.526
2015-05-22 03:00:00,26.996
2015-05-22 06:00:00,26.82
2015-05-22 09:00:00,26.416
2015-05-22 12:00:00,25.967
2015-05-22 15:00:00,25.682
2015-05-22 18:00:00,25.562
2015-05-22 21:00:00,25.513
2015-05-23 00:00:00,27.028
2015-05-23 03:00:00,28.935
2015-05-23 06:00:00,30.234
2015-05-23 09:00:00,30.977
2015-05-23 12:00:00,30.318
2015-05-23 15:00:00,29.587
2015-05-23 18:00:00,29.206
2015-05-23 21:00:00,28.96
2015-05-24 00:00:00,28.582
2015-05-24 03:00:00,28.268
2015-05-24 06:00:00,27.87
2015-05-24 09:00:00,27.339
2015-05-24 12:00:00,26.771
2015-05-24 15:00:00,26.309
2015-05-24 18:00:00,26.028
2015-05-24 21:00:00,25.9
2015-05-25 00:00:00,25.835
2015-05-25 03:00:00,26.343
2015-05-25 06:00:00,26.295
2015-05-25 09:00:00,26.167
2015-05-25 12:00:00,26.046
2015-05-25 15:00:00,26.539
2015-05-25 18:00:00,28.007
2015-05-25 21:00:00,29.879
2015-05-26 00:00:00,30.549
2015-05-26 03:00:00,30.993
2015-05-26 06:00:00,30.507
2015-05-26 09:00:00,30.196
2015-05-26 12:00:00,29.598
2015-05-26 15:00:00,29.019
2015-05-26 18:00:00,28.592
2015-05-26 21:00:00,28.284
2015-05-27 00:00:00,30.051
2015-05-27 03:00:00,30.976
2015-05-27 06:00:00,30.243
2015-05-27 09:00:00,29.642
2015-05-27 12:00:00,29.068
2015-05-27 15:00:00,28.562
2015-05-27 18:00:00,28.233
2015-05-27 21:00:00,28.455
2015-05-28 00:00:00,28.186
2015-05-28 03:00:00,27.934
2015-05-28 06:00:00,27.598
2015-05-28 09:00:00,27.146
2015-05-28 12:00:00,26.704
2015-05-28 15:00:00,26.303999
2015-05-28 18:00:00,26.022
2015-05-28 21:00:00,25.884
2015-05-29 00:00:00,26.012
2015-05-29 03:00:00,26.134
2015-05-29 06:00:00,26.141
2015-05-29 09:00:00,26.154
2015-05-29 12:00:00,26.267
2015-05-29 15:00:00,26.278
2015-05-29 18:00:00,26.091
2015-05-29 21:00:00,25.984
2015-05-30 00:00:00,25.901
2015-05-30 03:00:00,25.818
2015-05-30 06:00:00,25.653
2015-05-30 09:00:00,25.346
2015-05-30 12:00:00,24.972
2015-05-30 15:00:00,24.649
2015-05-30 18:00:00,24.479
2015-05-30 21:00:00,24.409
2015-05-31 00:00:00,26.522
2015-05-31 03:00:00,28.365
2015-05-31 06:00:00,28.051
2015-05-31 09:00:00,27.711
2015-05-31 12:00:00,27.325
2015-05-31 15:00:00,27.114
2015-05-31 18:00:00,26.874
2015-05-31 21:00:00,26.987
2015-06-01 00:00:00,27.125
2015-06-01 03:00:00,27.39
2015-06-01 06:00:00,29.061
2015-06-01 09:00:00,29.417
2015-06-01 12:00:00,29.004
2015-06-01 15:00:00,28.833
2015-06-01 18:00:00,28.551
2015-06-01 21:00:00,28.283
2015-06-02 00:00:00,27.997
2015-06-02 03:00:00,27.725
2015-06-02 06:00:00,27.375
2015-06-02 09:00:00,26.915
2015-06-02 12:00:00,26.413
2015-06-02 15:00:00,26.016
2015-06-02 18:00:00,25.783
2015-06-02 21:00:00,25.658
2015-06-03 00:00:00,25.643
2015-06-03 03:00:00,25.63
2015-06-03 06:00:00,26.064
2015-06-03 09:00:00,27.682
2015-06-03 12:00:00,27.353
2015-06-03 15:00:00,27.205
2015-06-03 18:00:00,27.416
2015-06-03 21:00:00,27.635
2015-06-04 00:00:00,27.423
2015-06-04 03:00:00,27.208
2015-06-04 06:00:00,27.076
2015-06-04 09:00:00,27.028
2015-06-04 12:00:00,26.583
2015-06-04 15:00:00,26.202
2015-06-04 18:00:00,25.933
2015-06-04 21:00:00,25.803
2015-06-05 00:00:00,25.714
2015-06-05 03:00:00,25.619
2015-06-05 06:00:00,25.427
2015-06-05 09:00:00,25.114
2015-06-05 12:00:00,24.744
2015-06-05 15:00:00,24.435
2015-06-05 18:00:00,24.249
2015-06-05 21:00:00,24.182
2015-06-06 00:00:00,24.313
2015-06-06 03:00:00,24.49
2015-06-06 06:00:00,26.447
2015-06-06 09:00:00,28.866
2015-06-06 12:00:00,28.364
2015-06-06 15:00:00,28.111
2015-06-06 18:00:00,27.994999
2015-06-06 21:00:00,27.86
2015-06-07 00:00:00,27.691
2015-06-07 03:00:00,27.691
2015-06-07 06:00:00,27.844
2015-06-07 09:00:00,27.693
2015-06-07 12:00:00,27.528
2015-06-07 15:00:00,27.357
2015-06-07 18:00:00,27.742
2015-06-07 21:00:00,29.23
2015-06-08 00:00:00,28.824
2015-06-08 03:00:00,28.473999
2015-06-08 06:00:00,28.083
2015-06-08 09:00:00,27.633
2015-06-08 12:00:00,27.129
2015-06-08 15:00:00,26.709
2015-06-08 18:00:00,26.417
2015-06-08 21:00:00,26.262
2015-06-09 00:00:00,26.212
2015-06-09 03:00:00,26.182
2015-06-09 06:00:00,26.139
2015-06-09 09:00:00,26.01
2015-06-09 12:00:00,25.667
2015-06-09 15:00:00,25.369999
2015-06-09 18:00:00,25.169
2015-06-09 21:00:00,25.067
2015-06-10 00:00:00,28.188
2015-06-10 03:00:00,29.551
2015-06-10 06:00:00,29.063
2015-06-10 09:00:00,28.652
2015-06-10 12:00:00,28.480999
2015-06-10 15:00:00,28.259
2015-06-10 18:00:00,27.931
2015-06-10 21:00:00,27.752
2015-06-11 00:00:00,27.504
2015-06-11 03:00:00,27.273
2015-06-11 06:00:00,26.965
2015-06-11 09:00:00,26.578
2015-06-11 12:00:00,26.183
2015-06-11 15:00:00,25.815
2015-06-11 18:00:00,25.568
2015-06-11 21:00:00,25.431
2015-06-12 00:00:00,25.448
2015-06-12 03:00:00,25.42
2015-06-12 06:00:00,25.319
2015-06-12 09:00:00,25.292
2015-06-12 12:00:00,24.972
2015-06-12 15:00:00,24.723999
2015-06-12 18:00:00,24.551
2015-06-12 21:00:00,24.48
2015-06-13 00:00:00,24.503
2015-06-13 03:00:00,24.534
2015-06-13 06:00:00,24.545
2015-06-13 09:00:00,24.406
2015-06-13 12:00:00,24.188
2015-06-13 15:00:00,24.025
2015-06-13 18:00:00,23.953
2015-06-13 21:00:00,23.958
2015-06-14 00:00:00,23.921
2015-06-14 03:00:00,23.904
2015-06-14 06:00:00,23.796999
2015-06-14 09:00:00,23.646
2015-06-14 12:00:00,23.504
2015-06-14 15:00:00,23.47
2015-06-14 18:00:00,23.523
2015-06-14 21:00:00,24.471
2015-06-15 00:00:00,24.851
2015-06-15 03:00:00,25.421999
2015-06-15 06:00:00,26.358
2015-06-15 09:00:00,26.398
2015-06-15 12:00:00,26.068
2015-06-15 15:00:00,25.779
2015-06-15 18:00:00,25.581
2015-06-15 21:00:00,25.485
2015-06-16 00:00:00,25.381
2015-06-16 03:00:00,25.264
2015-06-16 06:00:00,25.079
2015-06-16 09:00:00,24.806
2015-06-16 12:00:00,24.478
2015-06-16 15:00:00,24.201
2015-06-16 18:00:00,24.034
2015-06-16 21:00:00,23.966
2015-06-17 00:00:00,23.92
2015-06-17 03:00:00,23.865
2015-06-17 06:00:00,23.752
2015-06-17 09:00:00,23.571
2015-06-17 12:00:00,23.355999
2015-06-17 15:00:00,23.168
2015-06-17 18:00:00,23.044
2015-06-17 21:00:00,22.996
2015-06-18 00:00:00,22.976
2015-06-18 03:00:00,22.957
2015-06-18 06:00:00,22.937
2015-06-18 09:00:00,22.815
2015-06-18 12:00:00,22.631
2015-06-18 15:00:00,22.491
2015-06-18 18:00:00,22.398
2015-06-18 21:00:00,22.376
2015-06-19 00:00:00,22.362
2015-06-19 03:00:00,22.342
2015-06-19 06:00:00,22.255
2015-06-19 09:00:00,22.092
2015-06-19 12:00:00,21.901
2015-06-19 15:00:00,21.725
2015-06-19 18:00:00,21.628
2015-06-19 21:00:00,21.602
2015-06-20 00:00:00,21.594
2015-06-20 03:00:00,21.581
2015-06-20 06:00:00,21.512
2015-06-20 09:00:00,21.366
2015-06-20 12:00:00,21.187
2015-06-20 15:00:00,21.03
2015-06-20 18:00:00,20.941
2015-06-20 21:00:00,20.904
2015-06-21 00:00:00,20.914999
2015-06-21 03:00:00,20.927
2015-06-21 06:00:00,20.879
2015-06-21 09:00:00,20.773
2015-06-21 12:00:00,20.619
2015-06-21 15:00:00,20.489
2015-06-21 18:00:00,20.416
2015-06-21 21:00:00,20.397
2015-06-22 00:00:00,20.395
2015-06-22 03:00:00,20.398
2015-06-22 06:00:00,20.411
2015-06-22 09:00:00,20.449
2015-06-22 12:00:00,20.662
2015-06-22 15:00:00,20.862
2015-06-22 18:00:00,21.085
2015-06-22 21:00:00,21.486
2015-06-23 00:00:00,21.605999
2015-06-23 03:00:00,21.697
2015-06-23 06:00:00,21.702
2015-06-23 09:00:00,21.628
2015-06-23 12:00:00,21.493
2015-06-23 15:00:00,21.381
2015-06-23 18:00:00,21.316
2015-06-23 21:00:00,21.306
2015-06-24 00:00:00,21.316
2015-06-24 03:00:00,21.323
2015-06-24 06:00:00,21.55
2015-06-24 09:00:00,21.77
2015-06-24 12:00:00,22.105
2015-06-24 15:00:00,23.059
2015-06-24 18:00:00,23.251
2015-06-24 21:00:00,24.785
2015-06-25 00:00:00,25.43
2015-06-25 03:00:00,26.177
2015-06-25 06:00:00,26.836
2015-06-25 09:00:00,26.948
2015-06-25 12:00:00,26.757
2015-06-25 15:00:00,26.586
2015-06-25 18:00:00,26.446
2015-06-25 21:00:00,26.355999
2015-06-26 00:00:00,26.247
2015-06-26 03:00:00,26.13
2015-06-26 06:00:00,25.983
2015-06-26 09:00:00,25.81
2015-06-26 12:00:00,25.66
2015-06-26 15:00:00,25.553
2015-06-26 18:00:00,25.438
2015-06-26 21:00:00,25.355999
2015-06-27 00:00:00,25.384
2015-06-27 03:00:00,25.369
2015-06-27 06:00:00,25.35
2015-06-27 09:00:00,25.277
2015-06-27 12:00:00,25.156
2015-06-27 15:00:00,25.18
2015-06-27 18:00:00,25.229
2015-06-27 21:00:00,25.418
2015-06-28 00:00:00,25.314
2015-06-28 03:00:00,25.205
2015-06-28 06:00:00,25.037
2015-06-28 09:00:00,24.779
2015-06-28 12:00:00,24.497
2015-06-28 15:00:00,24.268
2015-06-28 18:00:00,24.154
2015-06-28 21:00:00,24.139
2015-06-29 00:00:00,24.421
2015-06-29 03:00:00,24.751
2015-06-29 06:00:00,24.762
2015-06-29 09:00:00,24.617
2015-06-29 12:00:00,24.383
2015-06-29 15:00:00,24.225
2015-06-29 18:00:00,24.303
2015-06-29 21:00:00,24.809
2015-06-30 00:00:00,24.979
2015-06-30 03:00:00,25.028
2015-06-30 06:00:00,24.923
2015-06-30 09:00:00,24.842
2015-06-30 12:00:00,24.917
2015-06-30 15:00:00,25.003
2015-06-30 18:00:00,25.246
2015-06-30 21:00:00,26.031
2015-07-01 00:00:00,25.805
2015-07-01 03:00:00,25.622
2015-07-01 06:00:00,25.401
2015-07-01 09:00:00,25.109
2015-07-01 12:00:00,24.809
2015-07-01 15:00:00,24.588
2015-07-01 18:00:00,24.471
2015-07-01 21:00:00,24.442
2015-07-02 00:00:00,24.538
2015-07-02 03:00:00,24.625
2015-07-02 06:00:00,24.581
2015-07-02 09:00:00,24.454
2015-07-02 12:00:00,24.351
2015-07-02 15:00:00,24.537
2015-07-02 18:00:00,24.585
2015-07-02 21:00:00,25.076
2015-07-03 00:00:00,25.637
2015-07-03 03:00:00,26.09
2015-07-03 06:00:00,25.947
2015-07-03 09:00:00,25.669
2015-07-03 12:00:00,25.401
2015-07-03 15:00:00,25.229
2015-07-03 18:00:00,25.179
2015-07-03 21:00:00,25.137
2015-07-04 00:00:00,25.052
2015-07-04 03:00:00,24.967
2015-07-04 06:00:00,24.807
2015-07-04 09:00:00,24.571
2015-07-04 12:00:00,24.327
2015-07-04 15:00:00,24.177
2015-07-04 18:00:00,24.094
2015-07-04 21:00:00,24.093
2015-07-05 00:00:00,24.11
2015-07-05 03:00:00,24.115
2015-07-05 06:00:00,24.083
2015-07-05 09:00:00,24.042
2015-07-05 12:00:00,23.969
2015-07-05 15:00:00,23.866
2015-07-05 18:00:00,23.818
2015-07-05 21:00:00,23.816
2015-07-06 00:00:00,23.841
2015-07-06 03:00:00,23.874
2015-07-06 06:00:00,23.823
2015-07-06 09:00:00,23.728
2015-07-06 12:00:00,23.691
2015-07-06 15:00:00,23.648
2015-07-06 18:00:00,23.655
2015-07-06 21:00:00,23.674
2015-07-07 00:00:00,23.867
2015-07-07 03:00:00,23.869
2015-07-07 06:00:00,24.947
2015-07-07 09:00:00,29.195
2015-07-07 12:00:00,29.706
2015-07-07 15:00:00,30.056
2015-07-07 18:00:00,29.956
2015-07-07 21:00:00,30.72
2015-07-08 00:00:00,29.247
2015-07-08 03:00:00,28.528
2015-07-08 06:00:00,28.043
2015-07-08 09:00:00,27.645
2015-07-08 12:00:00,27.352
2015-07-08 15:00:00,27.101
2015-07-08 18:00:00,26.915
2015-07-08 21:00:00,26.818
2015-07-09 00:00:00,27.253
2015-07-09 03:00:00,27.977
2015-07-09 06:00:00,29.695
2015-07-09 09:00:00,30.021
2015-07-09 12:00:00,30.221
2015-07-09 15:00:00,30.124
2015-07-09 18:00:00,29.551
2015-07-09 21:00:00,29.421
2015-07-10 00:00:00,29.993
2015-07-10 03:00:00,30.278
2015-07-10 06:00:00,30.173
2015-07-10 09:00:00,29.463
2015-07-10 12:00:00,28.973
2015-07-10 15:00:00,28.611
2015-07-10 18:00:00,28.377
2015-07-10 21:00:00,28.24
2015-07-11 00:00:00,28.546
2015-07-11 03:00:00,28.9
2015-07-11 06:00:00,28.756
2015-07-11 09:00:00,28.531
2015-07-11 12:00:00,28.134
2015-07-11 15:00:00,27.891
2015-07-11 18:00:00,27.69
2015-07-11 21:00:00,27.571
2015-07-12 00:00:00,27.482
2015-07-12 03:00:00,27.392
2015-07-12 06:00:00,27.249
2015-07-12 09:00:00,27.076
2015-07-12 12:00:00,26.938
2015-07-12 15:00:00,26.79
2015-07-12 18:00:00,26.693
2015-07-12 21:00:00,26.674
2015-07-13 00:00:00,26.657
2015-07-13 03:00:00,26.634
2015-07-13 06:00:00,26.552
2015-07-13 09:00:00,26.52
2015-07-13 12:00:00,26.284
2015-07-13 15:00:00,26.139
2015-07-13 18:00:00,26.062
2015-07-13 21:00:00,26.058
2015-07-14 00:00:00,26.061
2015-07-14 03:00:00,26.052
2015-07-14 06:00:00,25.989
2015-07-14 09:00:00,25.842
2015-07-14 12:00:00,25.699
2015-07-14 15:00:00,25.586
2015-07-14 18:00:00,25.529
2015-07-14 21:00:00,25.537
2015-07-15 00:00:00,25.715
2015-07-15 03:00:00,26.022
2015-07-15 06:00:00,25.933
2015-07-15 09:00:00,25.841
2015-07-15 12:00:00,25.676
2015-07-15 15:00:00,25.539
2015-07-15 18:00:00,25.754
2015-07-15 21:00:00,27.507
2015-07-16 00:00:00,28.096
2015-07-16 03:00:00,27.936
2015-07-16 06:00:00,27.478
2015-07-16 09:00:00,27.058
2015-07-16 12:00:00,26.722
2015-07-16 15:00:00,26.606
2015-07-16 18:00:00,26.582
2015-07-16 21:00:00,26.932
2015-07-17 00:00:00,26.971
2015-07-17 03:00:00,26.924
2015-07-17 06:00:00,26.713
2015-07-17 09:00:00,26.451
2015-07-17 12:00:00,26.153
2015-07-17 15:00:00,25.907
2015-07-17 18:00:00,25.784
2015-07-17 21:00:00,25.772
2015-07-18 00:00:00,26.049
2015-07-18 03:00:00,26.717
2015-07-18 06:00:00,26.874
2015-07-18 09:00:00,26.74
2015-07-18 12:00:00,26.68
2015-07-18 15:00:00,26.69
2015-07-18 18:00:00,26.508
2015-07-18 21:00:00,26.535
2015-07-19 00:00:00,26.457
2015-07-19 03:00:00,26.445
2015-07-19 06:00:00,26.303
2015-07-19 09:00:00,26.081
2015-07-19 12:00:00,25.833
2015-07-19 15:00:00,25.629
2015-07-19 18:00:00,25.554
2015-07-19 21:00:00,25.561
2015-07-20 00:00:00,25.559
2015-07-20 03:00:00,25.551
2015-07-20 06:00:00,25.47
2015-07-20 09:00:00,25.295
2015-07-20 12:00:00,25.082
2015-07-20 15:00:00,24.92
2015-07-20 18:00:00,24.845
2015-07-20 21:00:00,24.873
2015-07-21 00:00:00,24.907
2015-07-21 03:00:00,24.934
2015-07-21 06:00:00,24.897
2015-07-21 09:00:00,24.779
2015-07-21 12:00:00,24.636
2015-07-21 15:00:00,24.522
2015-07-21 18:00:00,24.476
2015-07-21 21:00:00,24.486
2015-07-22 00:00:00,25.322
2015-07-22 03:00:00,26.045
2015-07-22 06:00:00,26.025
2015-07-22 09:00:00,25.884
2015-07-22 12:00:00,25.567
2015-07-22 15:00:00,25.381
2015-07-22 18:00:00,25.262
2015-07-22 21:00:00,25.213
2015-07-23 00:00:00,25.437
2015-07-23 03:00:00,26.495
2015-07-23 06:00:00,26.212
2015-07-23 09:00:00,25.966
2015-07-23 12:00:00,25.764
2015-07-23 15:00:00,25.62
2015-07-23 18:00:00,25.532
2015-07-23 21:00:00,25.535
2015-07-24 00:00:00,25.706
2015-07-24 03:00:00,26.21
2015-07-24 06:00:00,26.107
2015-07-24 09:00:00,25.931
2015-07-24 12:00:00,25.661
2015-07-24 15:00:00,25.503
2015-07-24 18:00:00,25.42
2015-07-24 21:00:00,25.367
2015-07-25 00:00:00,25.334
2015-07-25 03:00:00,25.299
2015-07-25 06:00:00,25.22
2015-07-25 09:00:00,25.044
2015-07-25 12:00:00,24.816
2015-07-25 15:00:00,24.641
2015-07-25 18:00:00,24.588
2015-07-25 21:00:00,24.606
2015-07-26 00:00:00,30.92
2015-07-26 03:00:00,31.311
2015-07-26 06:00:00,29.38
2015-07-26 09:00:00,28.504
2015-07-26 12:00:00,27.983
2015-07-26 15:00:00,27.644
2015-07-26 18:00:00,27.396
2015-07-26 21:00:00,27.223
2015-07-27 00:00:00,27.095
2015-07-27 03:00:00,26.98
2015-07-27 06:00:00,26.847
2015-07-27 09:00:00,26.725
2015-07-27 12:00:00,26.934
2015-07-27 15:00:00,27.286
2015-07-27 18:00:00,27.055
2015-07-27 21:00:00,26.901
2015-07-28 00:00:00,26.782
2015-07-28 03:00:00,26.692
2015-07-28 06:00:00,27.072
2015-07-28 09:00:00,27.168
2015-07-28 12:00:00,26.766
2015-07-28 15:00:00,26.447
2015-07-28 18:00:00,26.298
2015-07-28 21:00:00,26.271
2015-07-29 00:00:00,30.945
2015-07-29 03:00:00,31.147
2015-07-29 06:00:00,29.739
2015-07-29 09:00:00,28.891
2015-07-29 12:00:00,28.346
2015-07-29 15:00:00,28.168
2015-07-29 18:00:00,27.875
2015-07-29 21:00:00,27.817
2015-07-30 00:00:00,27.946
2015-07-30 03:00:00,28.183
2015-07-30 06:00:00,28.504
2015-07-30 09:00:00,28.309
2015-07-30 12:00:00,28.094
2015-07-30 15:00:00,28.138
2015-07-30 18:00:00,28.916
2015-07-30 21:00:00,29.224
2015-07-31 00:00:00,28.637
2015-07-31 03:00:00,28.271
2015-07-31 06:00:00,27.967
2015-07-31 09:00:00,27.633
2015-07-31 12:00:00,27.34
2015-07-31 15:00:00,27.127
2015-07-31 18:00:00,27.021
2015-07-31 21:00:00,26.979
2015-08-01 00:00:00,27.02
2015-08-01 03:00:00,27.448
2015-08-01 06:00:00,27.518
2015-08-01 09:00:00,27.296
2015-08-01 12:00:00,26.999
2015-08-01 15:00:00,26.83
2015-08-01 18:00:00,26.842
2015-08-01 21:00:00,26.916
2015-08-02 00:00:00,27.136
2015-08-02 03:00:00,27.439
2015-08-02 06:00:00,27.425
2015-08-02 09:00:00,27.212
2015-08-02 12:00:00,26.906
2015-08-02 15:00:00,26.735
2015-08-02 18:00:00,26.682
2015-08-02 21:00:00,26.736
2015-08-03 00:00:00,26.964
2015-08-03 03:00:00,27.194
2015-08-03 06:00:00,27.122
2015-08-03 09:00:00,26.868
2015-08-03 12:00:00,26.596
2015-08-03 15:00:00,26.376
2015-08-03 18:00:00,26.264
2015-08-03 21:00:00,26.225
2015-08-04 00:00:00,26.205
2015-08-04 03:00:00,26.196
2015-08-04 06:00:00,26.135
2015-08-04 09:00:00,25.942
2015-08-04 12:00:00,25.691
2015-08-04 15:00:00,25.488
2015-08-04 18:00:00,25.428
2015-08-04 21:00:00,25.466
2015-08-05 00:00:00,25.535
2015-08-05 03:00:00,25.592
2015-08-05 06:00:00,25.572
2015-08-05 09:00:00,25.427
2015-08-05 12:00:00,25.25
2015-08-05 15:00:00,25.213
2015-08-05 18:00:00,25.234
2015-08-05 21:00:00,26.551
2015-08-06 00:00:00,26.843
2015-08-06 03:00:00,26.917
2015-08-06 06:00:00,27.692
2015-08-06 09:00:00,27.617
2015-08-06 12:00:00,27.678
2015-08-06 15:00:00,27.479
2015-08-06 18:00:00,27.735
2015-08-06 21:00:00,27.876999
2015-08-07 00:00:00,27.549
2015-08-07 03:00:00,27.335
2015-08-07 06:00:00,27.085
2015-08-07 09:00:00,26.768
2015-08-07 12:00:00,26.392
2015-08-07 15:00:00,26.114
2015-08-07 18:00:00,25.969
2015-08-07 21:00:00,25.94
2015-08-08 00:00:00,25.934
2015-08-08 03:00:00,25.926
2015-08-08 06:00:00,25.86
2015-08-08 09:00:00,25.67
2015-08-08 12:00:00,25.475
2015-08-08 15:00:00,25.34
2015-08-08 18:00:00,25.326
2015-08-08 21:00:00,25.378
2015-08-09 00:00:00,25.388
2015-08-09 03:00:00,25.389
2015-08-09 06:00:00,25.344
2015-08-09 09:00:00,25.182
2015-08-09 12:00:00,25.037
2015-08-09 15:00:00,24.956
2015-08-09 18:00:00,25.53
2015-08-09 21:00:00,27.796
2015-08-10 00:00:00,27.499
2015-08-10 03:00:00,27.309
2015-08-10 06:00:00,27.168
2015-08-10 09:00:00,26.883999
2015-08-10 12:00:00,26.526
2015-08-10 15:00:00,26.331
2015-08-10 18:00:00,26.187
2015-08-10 21:00:00,26.108
2015-08-11 00:00:00,26.394
2015-08-11 03:00:00,26.628
2015-08-11 06:00:00,26.437
2015-08-11 09:00:00,26.18
2015-08-11 12:00:00,25.962
2015-08-11 15:00:00,25.864
2015-08-11 18:00:00,26.089
2015-08-11 21:00:00,27.666
2015-08-12 00:00:00,27.258
2015-08-12 03:00:00,26.999
2015-08-12 06:00:00,26.730999
2015-08-12 09:00:00,26.412
2015-08-12 12:00:00,26.043
2015-08-12 15:00:00,25.824
2015-08-12 18:00:00,25.687
2015-08-12 21:00:00,25.635
2015-08-13 00:00:00,25.592
2015-08-13 03:00:00,25.557
2015-08-13 06:00:00,25.47
2015-08-13 09:00:00,25.269
2015-08-13 12:00:00,25.031
2015-08-13 15:00:00,24.852
2015-08-13 18:00:00,24.795
2015-08-13 21:00:00,24.833
2015-08-14 00:00:00,25.862
2015-08-14 03:00:00,27.136
2015-08-14 06:00:00,26.744
2015-08-14 09:00:00,26.315
2015-08-14 12:00:00,25.893
2015-08-14 15:00:00,25.609
2015-08-14 18:00:00,25.473999
2015-08-14 21:00:00,25.435
2015-08-15 00:00:00,25.404
2015-08-15 03:00:00,25.38
2015-08-15 06:00:00,25.309
2015-08-15 09:00:00,25.119999
2015-08-15 12:00:00,24.897
2015-08-15 15:00:00,24.736
2015-08-15 18:00:00,24.688
2015-08-15 21:00:00,24.716
2015-08-16 00:00:00,24.744
2015-08-16 03:00:00,24.771
2015-08-16 06:00:00,24.754
2015-08-16 09:00:00,24.622
2015-08-16 12:00:00,24.425
2015-08-16 15:00:00,24.273
2015-08-16 18:00:00,24.239
2015-08-16 21:00:00,24.275
2015-08-17 00:00:00,24.307
2015-08-17 03:00:00,24.335
2015-08-17 06:00:00,24.337
2015-08-17 09:00:00,24.217
2015-08-17 12:00:00,24.023
2015-08-17 15:00:00,23.867
2015-08-17 18:00:00,23.83
2015-08-17 21:00:00,23.869999
2015-08-18 00:00:00,23.907
2015-08-18 03:00:00,23.94
2015-08-18 06:00:00,23.944
2015-08-18 09:00:00,23.815
2015-08-18 12:00:00,23.622
2015-08-18 15:00:00,23.469
2015-08-18 18:00:00,23.432
2015-08-18 21:00:00,23.476
2015-08-19 00:00:00,23.518
2015-08-19 03:00:00,23.557
2015-08-19 06:00:00,23.563
2015-08-19 09:00:00,23.446
2015-08-19 12:00:00,23.279
2015-08-19 15:00:00,23.149
2015-08-19 18:00:00,23.124
2015-08-19 21:00:00,23.171999
2015-08-20 00:00:00,23.224
2015-08-20 03:00:00,23.276
2015-08-20 06:00:00,23.29
2015-08-20 09:00:00,23.191
2015-08-20 12:00:00,23.026
2015-08-20 15:00:00,22.91
2015-08-20 18:00:00,22.885
2015-08-20 21:00:00,22.931
2015-08-21 00:00:00,22.982
2015-08-21 03:00:00,23.032
2015-08-21 06:00:00,23.047
2015-08-21 09:00:00,22.952
2015-08-21 12:00:00,22.785
2015-08-21 15:00:00,22.649
2015-08-21 18:00:00,22.627
2015-08-21 21:00:00,22.669
2015-08-22 00:00:00,22.713
2015-08-22 03:00:00,22.757
2015-08-22 06:00:00,22.774
2015-08-22 09:00:00,22.663
2015-08-22 12:00:00,22.495
2015-08-22 15:00:00,22.364
2015-08-22 18:00:00,22.35
2015-08-22 21:00:00,22.393
2015-08-23 00:00:00,22.439
2015-08-23 03:00:00,22.482
2015-08-23 06:00:00,22.503
2015-08-23 09:00:00,22.449
2015-08-23 12:00:00,22.353
2015-08-23 15:00:00,22.27
2015-08-23 18:00:00,22.256
2015-08-23 21:00:00,22.285
2015-08-24 00:00:00,22.315
2015-08-24 03:00:00,22.35
2015-08-24 06:00:00,22.368
2015-08-24 09:00:00,22.289
2015-08-24 12:00:00,22.152
2015-08-24 15:00:00,22.038
2015-08-24 18:00:00,22.025
2015-08-24 21:00:00,22.062
2015-08-25 00:00:00,22.099
2015-08-25 03:00:00,22.135
2015-08-25 06:00:00,22.157
2015-08-25 09:00:00,22.095
2015-08-25 12:00:00,21.968
2015-08-25 15:00:00,21.875
2015-08-25 18:00:00,21.864
2015-08-25 21:00:00,21.889
2015-08-26 00:00:00,21.981
2015-08-26 03:00:00,22.077
2015-08-26 06:00:00,22.115
2015-08-26 09:00:00,22.088
2015-08-26 12:00:00,22.019
2015-08-26 15:00:00,22.04
2015-08-26 18:00:00,22.092
2015-08-26 21:00:00,22.157
2015-08-27 00:00:00,22.187
2015-08-27 03:00:00,22.216
2015-08-27 06:00:00,22.226
2015-08-27 09:00:00,22.154
2015-08-27 12:00:00,22.048
2015-08-27 15:00:00,22.005
2015-08-27 18:00:00,22.024
2015-08-27 21:00:00,22.061
2015-08-28 00:00:00,22.237
2015-08-28 03:00:00,22.781
2015-08-28 06:00:00,24.407
2015-08-28 09:00:00,24.666
2015-08-28 12:00:00,24.502
2015-08-28 15:00:00,24.52
2015-08-28 18:00:00,24.479
2015-08-28 21:00:00,24.923
2015-08-29 00:00:00,24.722
2015-08-29 03:00:00,24.551
2015-08-29 06:00:00,24.428
2015-08-29 09:00:00,24.355
2015-08-29 12:00:00,24.012
2015-08-29 15:00:00,23.86
2015-08-29 18:00:00,24.407
2015-08-29 21:00:00,25.585
2015-08-30 00:00:00,25.281
2015-08-30 03:00:00,25.047
2015-08-30 06:00:00,24.843
2015-08-30 09:00:00,24.562
2015-08-30 12:00:00,24.228
2015-08-30 15:00:00,23.993
2015-08-30 18:00:00,23.886
2015-08-30 21:00:00,23.834
2015-08-31 00:00:00,23.797
2015-08-31 03:00:00,23.767
2015-08-31 06:00:00,23.718
2015-08-31 09:00:00,23.575
2015-08-31 12:00:00,23.377
2015-08-31 15:00:00,23.214
2015-08-31 18:00:00,23.16
2015-08-31 21:00:00,23.166
2015-09-01 00:00:00,23.174
2015-09-01 03:00:00,23.184
2015-09-01 06:00:00,23.166
2015-09-01 09:00:00,23.046
2015-09-01 12:00:00,22.891
2015-09-01 15:00:00,22.784
2015-09-01 18:00:00,22.755
2015-09-01 21:00:00,22.771
2015-09-02 00:00:00,22.8
2015-09-02 03:00:00,22.832
2015-09-02 06:00:00,22.834
2015-09-02 09:00:00,22.745
2015-09-02 12:00:00,22.615
2015-09-02 15:00:00,22.528
2015-09-02 18:00:00,22.512
2015-09-02 21:00:00,22.525
2015-09-03 00:00:00,22.54
2015-09-03 03:00:00,22.561
2015-09-03 06:00:00,22.634
2015-09-03 09:00:00,22.685
2015-09-03 12:00:00,22.711
2015-09-03 15:00:00,22.715
2015-09-03 18:00:00,22.69
2015-09-03 21:00:00,22.698
2015-09-04 00:00:00,22.721
2015-09-04 03:00:00,22.742
2015-09-04 06:00:00,22.752
2015-09-04 09:00:00,22.69
2015-09-04 12:00:00,22.586
2015-09-04 15:00:00,22.509
2015-09-04 18:00:00,22.507
2015-09-04 21:00:00,22.529
2015-09-05 00:00:00,22.536
2015-09-05 03:00:00,22.566
2015-09-05 06:00:00,22.688
2015-09-05 09:00:00,22.79
2015-09-05 12:00:00,22.864
2015-09-05 15:00:00,22.857
2015-09-05 18:00:00,22.834
2015-09-05 21:00:00,22.826
2015-09-06 00:00:00,22.819
2015-09-06 03:00:00,22.978
2015-09-06 06:00:00,22.958
2015-09-06 09:00:00,22.894
2015-09-06 12:00:00,22.847
2015-09-06 15:00:00,22.781
2015-09-06 18:00:00,22.75
2015-09-06 21:00:00,22.738
2015-09-07 00:00:00,22.73
2015-09-07 03:00:00,22.723
2015-09-07 06:00:00,22.707
2015-09-07 09:00:00,22.614
2015-09-07 12:00:00,22.475
2015-09-07 15:00:00,22.362
2015-09-07 18:00:00,22.361
2015-09-07 21:00:00,22.411
2015-09-08 00:00:00,22.417
2015-09-08 03:00:00,22.419
2015-09-08 06:00:00,22.414
2015-09-08 09:00:00,22.325
2015-09-08 12:00:00,22.196
2015-09-08 15:00:00,22.1
2015-09-08 18:00:00,22.09
2015-09-08 21:00:00,22.106
2015-09-09 00:00:00,23.954
2015-09-09 03:00:00,26.218
2015-09-09 06:00:00,26.39
2015-09-09 09:00:00,26.123
2015-09-09 12:00:00,25.796
2015-09-09 15:00:00,25.591
2015-09-09 18:00:00,25.635
2015-09-09 21:00:00,27.003
2015-09-10 00:00:00,26.395
2015-09-10 03:00:00,25.975
2015-09-10 06:00:00,25.654
2015-09-10 09:00:00,25.308
2015-09-10 12:00:00,24.936
2015-09-10 15:00:00,24.68
2015-09-10 18:00:00,24.571
2015-09-10 21:00:00,24.507
2015-09-11 00:00:00,24.438
2015-09-11 03:00:00,24.38
2015-09-11 06:00:00,24.323
2015-09-11 09:00:00,24.178
2015-09-11 12:00:00,23.963
2015-09-11 15:00:00,23.812
2015-09-11 18:00:00,23.78
2015-09-11 21:00:00,23.776
2015-09-12 00:00:00,23.771
2015-09-12 03:00:00,23.768
2015-09-12 06:00:00,23.756
2015-09-12 09:00:00,23.672
2015-09-12 12:00:00,23.537
2015-09-12 15:00:00,23.438
2015-09-12 18:00:00,23.416
2015-09-12 21:00:00,23.415
2015-09-13 00:00:00,23.424
2015-09-13 03:00:00,23.439
2015-09-13 06:00:00,23.444
2015-09-13 09:00:00,23.379
2015-09-13 12:00:00,23.27
2015-09-13 15:00:00,23.209
2015-09-13 18:00:00,23.194
2015-09-13 21:00:00,23.204
2015-09-14 00:00:00,23.214
2015-09-14 03:00:00,23.223
2015-09-14 06:00:00,23.231
2015-09-14 09:00:00,23.172
2015-09-14 12:00:00,23.054
2015-09-14 15:00:00,22.974
2015-09-14 18:00:00,22.953
2015-09-14 21:00:00,22.953
2015-09-15 00:00:00,23.085
2015-09-15 03:00:00,23.198
2015-09-15 06:00:00,23.728
2015-09-15 09:00:00,23.878
2015-09-15 12:00:00,23.702
2015-09-15 15:00:00,23.577
2015-09-15 18:00:00,23.535
2015-09-15 21:00:00,23.508
2015-09-16 00:00:00,23.554
2015-09-16 03:00:00,23.726
2015-09-16 06:00:00,23.709
2015-09-16 09:00:00,23.668
2015-09-16 12:00:00,23.629
2015-09-16 15:00:00,23.616
2015-09-16 18:00:00,23.617
2015-09-16 21:00:00,24.998
2015-09-17 00:00:00,27.523
2015-09-17 03:00:00,28.121
2015-09-17 06:00:00,27.883
2015-09-17 09:00:00,27.471
2015-09-17 12:00:00,27.117
2015-09-17 15:00:00,26.712
2015-09-17 18:00:00,26.768
2015-09-17 21:00:00,26.752
2015-09-18 00:00:00,31.476
2015-09-18 03:00:00,31.662
2015-09-18 06:00:00,30.58
2015-09-18 09:00:00,30.37
2015-09-18 12:00:00,30.059
2015-09-18 15:00:00,30.033
2015-09-18 18:00:00,29.17
2015-09-18 21:00:00,28.648
2015-09-19 00:00:00,29.725
2015-09-19 03:00:00,28.974
2015-09-19 06:00:00,28.493
2015-09-19 09:00:00,28.051
2015-09-19 12:00:00,27.637
2015-09-19 15:00:00,27.357
2015-09-19 18:00:00,27.194
2015-09-19 21:00:00,27.056
2015-09-20 00:00:00,26.952
2015-09-20 03:00:00,26.921
2015-09-20 06:00:00,29.44
2015-09-20 09:00:00,29.823
2015-09-20 12:00:00,28.811
2015-09-20 15:00:00,28.24
2015-09-20 18:00:00,27.929
2015-09-20 21:00:00,27.72
2015-09-21 00:00:00,27.529
2015-09-21 03:00:00,27.377
2015-09-21 06:00:00,27.249
2015-09-21 09:00:00,27.051
2015-09-21 12:00:00,26.826
2015-09-21 15:00:00,26.665
2015-09-21 18:00:00,26.589
2015-09-21 21:00:00,26.528
2015-09-22 00:00:00,26.475
2015-09-22 03:00:00,26.422
2015-09-22 06:00:00,26.428
2015-09-22 09:00:00,27.165
2015-09-22 12:00:00,27.279
2015-09-22 15:00:00,27.141
2015-09-22 18:00:00,26.939
2015-09-22 21:00:00,26.791
2015-09-23 00:00:00,26.865
2015-09-23 03:00:00,29.438
2015-09-23 06:00:00,30.199
2015-09-23 09:00:00,29.525
2015-09-23 12:00:00,28.673
2015-09-23 15:00:00,28.166
2015-09-23 18:00:00,27.869
2015-09-23 21:00:00,27.649
2015-09-24 00:00:00,27.893
2015-09-24 03:00:00,28.319
2015-09-24 06:00:00,28.589
2015-09-24 09:00:00,29.228
2015-09-24 12:00:00,28.504
2015-09-24 15:00:00,28.075
2015-09-24 18:00:00,27.895
2015-09-24 21:00:00,27.683
2015-09-25 00:00:00,27.516
2015-09-25 03:00:00,27.384
2015-09-25 06:00:00,27.277
2015-09-25 09:00:00,27.13
2015-09-25 12:00:00,26.981
2015-09-25 15:00:00,26.844
2015-09-25 18:00:00,26.902
2015-09-25 21:00:00,27.14
2015-09-26 00:00:00,27.034
2015-09-26 03:00:00,26.947
2015-09-26 06:00:00,26.865
2015-09-26 09:00:00,26.706
2015-09-26 12:00:00,26.496
2015-09-26 15:00:00,26.349
2015-09-26 18:00:00,26.315
2015-09-26 21:00:00,26.28
2015-09-27 00:00:00,26.269
2015-09-27 03:00:00,26.258
2015-09-27 06:00:00,26.219
2015-09-27 09:00:00,26.087
2015-09-27 12:00:00,25.917
2015-09-27 15:00:00,25.87
2015-09-27 18:00:00,25.838
2015-09-27 21:00:00,25.924
2015-09-28 00:00:00,25.9
2015-09-28 03:00:00,25.888
2015-09-28 06:00:00,25.872
2015-09-28 09:00:00,25.769
2015-09-28 12:00:00,25.608
2015-09-28 15:00:00,25.521
2015-09-28 18:00:00,25.525
2015-09-28 21:00:00,25.526
2015-09-29 00:00:00,25.597
2015-09-29 03:00:00,25.806
2015-09-29 06:00:00,28.706
2015-09-29 09:00:00,30.12
2015-09-29 12:00:00,29.09
2015-09-29 15:00:00,28.539
2015-09-29 18:00:00,28.012
2015-09-29 21:00:00,27.687
2015-09-30 00:00:00,27.48
2015-09-30 03:00:00,27.47
2015-09-30 06:00:00,28.205
2015-09-30 09:00:00,28.005
2015-09-30 12:00:00,27.54
2015-09-30 15:00:00,27.232
2015-09-30 18:00:00,27.085
2015-09-30 21:00:00,26.946
2015-10-01 00:00:00,26.839
2015-10-01 03:00:00,26.755
2015-10-01 06:00:00,26.663
2015-10-01 09:00:00,26.769
2015-10-01 12:00:00,27.725
2015-10-01 15:00:00,28.643
2015-10-01 18:00:00,28.056
2015-10-01 21:00:00,27.684
2015-10-02 00:00:00,27.469
2015-10-02 03:00:00,27.483
2015-10-02 06:00:00,27.848
2015-10-02 09:00:00,27.618
2015-10-02 12:00:00,27.441
2015-10-02 15:00:00,27.129
2015-10-02 18:00:00,26.893
2015-10-02 21:00:00,26.73
2015-10-03 00:00:00,26.608
2015-10-03 03:00:00,26.521
2015-10-03 06:00:00,26.454
2015-10-03 09:00:00,26.311
2015-10-03 12:00:00,26.144
2015-10-03 15:00:00,26.052
2015-10-03 18:00:00,26.034
2015-10-03 21:00:00,26.024
2015-10-04 00:00:00,26.059
2015-10-04 03:00:00,26.048
2015-10-04 06:00:00,26.415
2015-10-04 09:00:00,26.766
2015-10-04 12:00:00,26.467
2015-10-04 15:00:00,26.251
2015-10-04 18:00:00,26.179
2015-10-04 21:00:00,26.159
2015-10-05 00:00:00,26.099
2015-10-05 03:00:00,26.044
2015-10-05 06:00:00,26.01
2015-10-05 09:00:00,25.911
2015-10-05 12:00:00,25.72
2015-10-05 15:00:00,25.627
2015-10-05 18:00:00,25.601
2015-10-05 21:00:00,25.569
2015-10-06 00:00:00,25.545
2015-10-06 03:00:00,25.525
2015-10-06 06:00:00,25.51
2015-10-06 09:00:00,25.463
2015-10-06 12:00:00,25.369
2015-10-06 15:00:00,25.306
2015-10-06 18:00:00,25.288
2015-10-06 21:00:00,25.274
2015-10-07 00:00:00,25.261
2015-10-07 03:00:00,25.256
2015-10-07 06:00:00,25.252
2015-10-07 09:00:00,25.211
2015-10-07 12:00:00,25.113
2015-10-07 15:00:00,25.052
2015-10-07 18:00:00,25.038
2015-10-07 21:00:00,25.028
2015-10-08 00:00:00,25.021
2015-10-08 03:00:00,25.02
2015-10-08 06:00:00,25.018
2015-10-08 09:00:00,24.978
2015-10-08 12:00:00,24.88
2015-10-08 15:00:00,24.806
2015-10-08 18:00:00,24.772
2015-10-08 21:00:00,24.739
2015-10-09 00:00:00,24.711
2015-10-09 03:00:00,24.693
2015-10-09 06:00:00,24.677
2015-10-09 09:00:00,24.625
2015-10-09 12:00:00,24.545
2015-10-09 15:00:00,24.549
2015-10-09 18:00:00,24.543
2015-10-09 21:00:00,24.521
2015-10-10 00:00:00,24.512
2015-10-10 03:00:00,24.508
2015-10-10 06:00:00,24.507
2015-10-10 09:00:00,24.469
2015-10-10 12:00:00,24.393
2015-10-10 15:00:00,24.357
2015-10-10 18:00:00,24.363
2015-10-10 21:00:00,24.368
2015-10-11 00:00:00,24.376
2015-10-11 03:00:00,24.386
2015-10-11 06:00:00,24.395
2015-10-11 09:00:00,24.375
2015-10-11 12:00:00,24.316
2015-10-11 15:00:00,24.296
2015-10-11 18:00:00,24.3
2015-10-11 21:00:00,24.307
2015-10-12 00:00:00,24.313
2015-10-12 03:00:00,24.32
2015-10-12 06:00:00,24.332
2015-10-12 09:00:00,24.32
2015-10-12 12:00:00,24.256
2015-10-12 15:00:00,24.264
2015-10-12 18:00:00,24.29
2015-10-12 21:00:00,24.278
2015-10-13 00:00:00,24.27
2015-10-13 03:00:00,24.266
2015-10-13 06:00:00,24.264
2015-10-13 09:00:00,24.233
2015-10-13 12:00:00,24.153
2015-10-13 15:00:00,24.121
2015-10-13 18:00:00,24.142
2015-10-13 21:00:00,24.157
2015-10-14 00:00:00,24.15
2015-10-14 03:00:00,24.141
2015-10-14 06:00:00,24.134
2015-10-14 09:00:00,24.12
2015-10-14 12:00:00,24.062
2015-10-14 15:00:00,24.063
2015-10-14 18:00:00,24.096
2015-10-14 21:00:00,24.129
2015-10-15 00:00:00,24.408
2015-10-15 03:00:00,24.54
2015-10-15 06:00:00,24.546
2015-10-15 09:00:00,24.712
2015-10-15 12:00:00,24.696
2015-10-15 15:00:00,24.855
2015-10-15 18:00:00,24.853
2015-10-15 21:00:00,25.299
2015-10-16 00:00:00,25.358
2015-10-16 03:00:00,25.653
2015-10-16 06:00:00,25.599
2015-10-16 09:00:00,25.477
2015-10-16 12:00:00,25.293
2015-10-16 15:00:00,25.161
2015-10-16 18:00:00,25.13
2015-10-16 21:00:00,25.106
2015-10-17 00:00:00,25.037
2015-10-17 03:00:00,24.981
2015-10-17 06:00:00,24.934
2015-10-17 09:00:00,24.865
2015-10-17 12:00:00,25.061
2015-10-17 15:00:00,25.255
2015-10-17 18:00:00,25.611
2015-10-17 21:00:00,27.508
2015-10-18 00:00:00,27.077
2015-10-18 03:00:00,26.792
2015-10-18 06:00:00,26.51
2015-10-18 09:00:00,26.242
2015-10-18 12:00:00,25.971
2015-10-18 15:00:00,25.816
2015-10-18 18:00:00,25.733
2015-10-18 21:00:00,25.678
2015-10-19 00:00:00,25.621
2015-10-19 03:00:00,25.585
2015-10-19 06:00:00,25.561
2015-10-19 09:00:00,25.528
2015-10-19 12:00:00,25.432
2015-10-19 15:00:00,25.374
2015-10-19 18:00:00,25.346
2015-10-19 21:00:00,25.317
2015-10-20 00:00:00,25.303
2015-10-20 03:00:00,25.299
2015-10-20 06:00:00,25.295
2015-10-20 09:00:00,25.27
2015-10-20 12:00:00,25.201
2015-10-20 15:00:00,25.178
2015-10-20 18:00:00,25.187
2015-10-20 21:00:00,25.182
2015-10-21 00:00:00,25.337
2015-10-21 03:00:00,25.309
2015-10-21 06:00:00,25.344
2015-10-21 09:00:00,25.483
2015-10-21 12:00:00,25.624
2015-10-21 15:00:00,25.729
2015-10-21 18:00:00,25.841
2015-10-21 21:00:00,25.981
2015-10-22 00:00:00,25.838
2015-10-22 03:00:00,25.756
2015-10-22 06:00:00,25.679
2015-10-22 09:00:00,25.572
2015-10-22 12:00:00,25.974
2015-10-22 15:00:00,26.668
2015-10-22 18:00:00,26.435
2015-10-22 21:00:00,26.256
2015-10-23 00:00:00,26.174
2015-10-23 03:00:00,26.118
2015-10-23 06:00:00,26.087
2015-10-23 09:00:00,26.008
2015-10-23 12:00:00,25.902
2015-10-23 15:00:00,25.83
2015-10-23 18:00:00,25.787
2015-10-23 21:00:00,25.757
2015-10-24 00:00:00,25.688
2015-10-24 03:00:00,25.644
2015-10-24 06:00:00,25.623
2015-10-24 09:00:00,25.599
2015-10-24 12:00:00,25.527
2015-10-24 15:00:00,25.483
2015-10-24 18:00:00,25.44
2015-10-24 21:00:00,25.395
2015-10-25 00:00:00,25.347
2015-10-25 03:00:00,25.313
2015-10-25 06:00:00,26.23
2015-10-25 09:00:00,26.731
2015-10-25 12:00:00,26.519
2015-10-25 15:00:00,26.347
2015-10-25 18:00:00,26.193
2015-10-25 21:00:00,26.131
2015-10-26 00:00:00,25.973
2015-10-26 03:00:00,25.87
2015-10-26 06:00:00,25.79
2015-10-26 09:00:00,25.701
2015-10-26 12:00:00,25.579
2015-10-26 15:00:00,25.504
2015-10-26 18:00:00,25.443
2015-10-26 21:00:00,25.393
2015-10-27 00:00:00,25.374
2015-10-27 03:00:00,25.335
2015-10-27 06:00:00,25.273
2015-10-27 09:00:00,25.183
2015-10-27 12:00:00,25.079
2015-10-27 15:00:00,25.017
2015-10-27 18:00:00,24.991
2015-10-27 21:00:00,24.98
2015-10-28 00:00:00,24.972
2015-10-28 03:00:00,24.953
2015-10-28 06:00:00,24.929
2015-10-28 09:00:00,24.902
2015-10-28 12:00:00,24.824
2015-10-28 15:00:00,24.794
2015-10-28 18:00:00,24.788
2015-10-28 21:00:00,24.78
2015-10-29 00:00:00,24.771
2015-10-29 03:00:00,24.763
2015-10-29 06:00:00,24.757
2015-10-29 09:00:00,24.742
2015-10-29 12:00:00,24.711
2015-10-29 15:00:00,24.706
2015-10-29 18:00:00,24.706
2015-10-29 21:00:00,24.706
2015-10-30 00:00:00,24.706
2015-10-30 03:00:00,24.707
2015-10-30 06:00:00,24.707
2015-10-30 09:00:00,24.706
2015-10-30 12:00:00,24.7
2015-10-30 15:00:00,24.7
2015-10-30 18:00:00,24.7
2015-10-30 21:00:00,24.7
2015-10-31 00:00:00,24.846
2015-10-31 03:00:00,25.121
2015-10-31 06:00:00,25.663
2015-10-31 09:00:00,25.841
2015-10-31 12:00:00,26.017
2015-10-31 15:00:00,26.195
2015-10-31 18:00:00,26.209
2015-10-31 21:00:00,26.234
2015-11-01 00:00:00,26.222
2015-11-01 03:00:00,26.227
2015-11-01 06:00:00,26.603
2015-11-01 09:00:00,26.987
2015-11-01 12:00:00,27.045
2015-11-01 15:00:00,27.09
2015-11-01 18:00:00,26.948
2015-11-01 21:00:00,26.811
2015-11-02 00:00:00,26.683
2015-11-02 03:00:00,26.56
2015-11-02 06:00:00,27.973
2015-11-02 09:00:00,28.655
2015-11-02 12:00:00,29.983
2015-11-02 15:00:00,30.551
2015-11-02 18:00:00,29.12
2015-11-02 21:00:00,28.404
2015-11-03 00:00:00,27.963
2015-11-03 03:00:00,27.658
2015-11-03 06:00:00,27.432
2015-11-03 09:00:00,27.266
2015-11-03 12:00:00,27.127
2015-11-03 15:00:00,27.008
2015-11-03 18:00:00,26.907
2015-11-03 21:00:00,26.816
2015-11-04 00:00:00,26.754
2015-11-04 03:00:00,26.733
2015-11-04 06:00:00,26.685
2015-11-04 09:00:00,26.616
2015-11-04 12:00:00,26.512
2015-11-04 15:00:00,26.455
2015-11-04 18:00:00,26.407
2015-11-04 21:00:00,26.36
2015-11-05 00:00:00,26.306
2015-11-05 03:00:00,26.24
2015-11-05 06:00:00,26.198
2015-11-05 09:00:00,26.175
2015-11-05 12:00:00,26.138
2015-11-05 15:00:00,26.104
2015-11-05 18:00:00,26.084
2015-11-05 21:00:00,26.067
2015-11-06 00:00:00,27.038
2015-11-06 03:00:00,29.063
2015-11-06 06:00:00,29.253
2015-11-06 09:00:00,29.401
2015-11-06 12:00:00,29.267
2015-11-06 15:00:00,28.591
2015-11-06 18:00:00,28.265
2015-11-06 21:00:00,28.098
2015-11-07 00:00:00,27.942
2015-11-07 03:00:00,27.824
2015-11-07 06:00:00,27.74
2015-11-07 09:00:00,27.649
2015-11-07 12:00:00,27.541
2015-11-07 15:00:00,30.322
2015-11-07 18:00:00,29.09
2015-11-07 21:00:00,28.63
2015-11-08 00:00:00,28.162
2015-11-08 03:00:00,27.853
2015-11-08 06:00:00,27.678
2015-11-08 09:00:00,27.563
2015-11-08 12:00:00,28.678
2015-11-08 15:00:00,29.048
2015-11-08 18:00:00,28.915
2015-11-08 21:00:00,28.558
2015-11-09 00:00:00,28.382
2015-11-09 03:00:00,28.287
2015-11-09 06:00:00,30.14
2015-11-09 09:00:00,31.524
2015-11-09 12:00:00,31.19
2015-11-09 15:00:00,30.009
2015-11-09 18:00:00,29.182
2015-11-09 21:00:00,28.713
2015-11-10 00:00:00,28.381
2015-11-10 03:00:00,28.132
2015-11-10 06:00:00,27.947
2015-11-10 09:00:00,27.78
2015-11-10 12:00:00,28.122
2015-11-10 15:00:00,28.089
2015-11-10 18:00:00,27.933
2015-11-10 21:00:00,27.823
2015-11-11 00:00:00,27.744
2015-11-11 03:00:00,27.687
2015-11-11 06:00:00,27.639
2015-11-11 09:00:00,27.746
2015-11-11 12:00:00,27.994
2015-11-11 15:00:00,27.998
2015-11-11 18:00:00,27.947
2015-11-11 21:00:00,27.915
2015-11-12 00:00:00,27.896
2015-11-12 03:00:00,27.886
2015-11-12 06:00:00,27.88
2015-11-12 09:00:00,27.877
2015-11-12 12:00:00,27.861
2015-11-12 15:00:00,27.857
2015-11-12 18:00:00,27.856
2015-11-12 21:00:00,27.854
2015-11-13 00:00:00,27.842
2015-11-13 03:00:00,27.842
2015-11-13 06:00:00,27.842
2015-11-13 09:00:00,27.842
2015-11-13 12:00:00,28.122
2015-11-13 15:00:00,28.796
2015-11-13 18:00:00,29.614
2015-11-13 21:00:00,30.047
2015-11-14 00:00:00,30.118
2015-11-14 03:00:00,30.12
2015-11-14 06:00:00,30.335
2015-11-14 09:00:00,30.32
2015-11-14 12:00:00,30.303
2015-11-14 15:00:00,30.29
2015-11-14 18:00:00,30.287
2015-11-14 21:00:00,30.283
2015-11-15 00:00:00,30.282
2015-11-15 03:00:00,30.281
2015-11-15 06:00:00,30.283
2015-11-15 09:00:00,30.283
2015-11-15 12:00:00,30.444
2015-11-15 15:00:00,30.728
2015-11-15 18:00:00,30.825
2015-11-15 21:00:00,31.3
2015-11-16 00:00:00,31.297
2015-11-16 03:00:00,31.295
2015-11-16 06:00:00,31.294
2015-11-16 09:00:00,31.293
2015-11-16 12:00:00,31.293
2015-11-16 15:00:00,31.292
2015-11-16 18:00:00,31.292
2015-11-16 21:00:00,31.29
2015-11-17 00:00:00,31.287
2015-11-17 03:00:00,31.693
2015-11-17 06:00:00,32.919
2015-11-17 09:00:00,34.071
2015-11-17 12:00:00,34.735
2015-11-17 15:00:00,34.969
2015-11-17 18:00:00,34.982
2015-11-17 21:00:00,34.977
2015-11-18 00:00:00,34.962
2015-11-18 03:00:00,34.944
2015-11-18 06:00:00,34.931
2015-11-18 09:00:00,34.929
2015-11-18 12:00:00,35.133
2015-11-18 15:00:00,35.11
2015-11-18 18:00:00,35.096
2015-11-18 21:00:00,35.083
2015-11-19 00:00:00,35.062
2015-11-19 03:00:00,35.054
2015-11-19 06:00:00,35.051
2015-11-19 09:00:00,35.05
2015-11-19 12:00:00,35.04
2015-11-19 15:00:00,35.038
2015-11-19 18:00:00,35.038
2015-11-19 21:00:00,35.038
2015-11-20 00:00:00,35.038
2015-11-20 03:00:00,35.038
2015-11-20 06:00:00,35.038
2015-11-20 09:00:00,35.038
2015-11-20 12:00:00,35.028
2015-11-20 15:00:00,35.018
2015-11-20 18:00:00,35.003
2015-11-20 21:00:00,34.988
2015-11-21 00:00:00,34.962
2015-11-21 03:00:00,34.935
2015-11-21 06:00:00,34.909
2015-11-21 09:00:00,34.885
2015-11-21 12:00:00,34.869
2015-11-21 15:00:00,34.859
2015-11-21 18:00:00,34.853
2015-11-21 21:00:00,34.847
2015-11-22 00:00:00,34.841
2015-11-22 03:00:00,34.833
2015-11-22 06:00:00,34.833
2015-11-22 09:00:00,34.833
2015-11-22 12:00:00,34.826
2015-11-22 15:00:00,34.826
2015-11-22 18:00:00,34.825
2015-11-22 21:00:00,34.824
2015-11-23 00:00:00,34.823
2015-11-23 03:00:00,34.823
2015-11-23 06:00:00,34.823
2015-11-23 09:00:00,34.822
2015-11-23 12:00:00,34.822
2015-11-23 15:00:00,34.821
2015-11-23 18:00:00,34.82
2015-11-23 21:00:00,34.82
2015-11-24 00:00:00,34.82
2015-11-24 03:00:00,34.82
2015-11-24 06:00:00,34.82
2015-11-24 09:00:00,34.82
2015-11-24 12:00:00,34.82
2015-11-24 15:00:00,34.82
2015-11-24 18:00:00,34.82
2015-11-24 21:00:00,34.82
2015-11-25 00:00:00,34.82
2015-11-25 03:00:00,34.82
2015-11-25 06:00:00,34.82
2015-11-25 09:00:00,34.826
2015-11-25 12:00:00,35.175
2015-11-25 15:00:00,35.924
2015-11-25 18:00:00,36.629
2015-11-25 21:00:00,36.629
2015-11-26 00:00:00,36.629
2015-11-26 03:00:00,36.629
2015-11-26 06:00:00,36.628
2015-11-26 09:00:00,36.628
2015-11-26 12:00:00,36.628
2015-11-26 15:00:00,36.628
2015-11-26 18:00:00,36.622
2015-11-26 21:00:00,36.612
2015-11-27 00:00:00,36.841
2015-11-27 03:00:00,38.468
2015-11-27 06:00:00,39.0
2015-11-27 09:00:00,39.177
2015-11-27 12:00:00,39.37
2015-11-27 15:00:00,39.688
2015-11-27 18:00:00,41.007
2015-11-27 21:00:00,43.247
2015-11-28 00:00:00,43.4
2015-11-28 03:00:00,43.4
2015-11-28 06:00:00,43.4
2015-11-28 09:00:00,43.4
2015-11-28 12:00:00,43.4
2015-11-28 15:00:00,43.4
2015-11-28 18:00:00,43.376
2015-11-28 21:00:00,43.346
2015-11-29 00:00:00,43.319
2015-11-29 03:00:00,43.305
2015-11-29 06:00:00,43.3
2015-11-29 09:00:00,43.297
2015-11-29 12:00:00,43.4
2015-11-29 15:00:00,43.4
2015-11-29 18:00:00,43.4
2015-11-29 21:00:00,43.4
2015-11-30 00:00:00,43.4
2015-11-30 03:00:00,43.4
2015-11-30 06:00:00,43.392
2015-11-30 09:00:00,43.383
2015-11-30 12:00:00,43.376
2015-11-30 15:00:00,43.371
2015-11-30 18:00:00,43.361
2015-11-30 21:00:00,43.346
2015-12-01 00:00:00,43.334
2015-12-01 03:00:00,43.327
2015-12-01 06:00:00,43.326
2015-12-01 09:00:00,43.325
2015-12-01 12:00:00,43.314
2015-12-01 15:00:00,43.296
2015-12-01 18:00:00,43.288
2015-12-01 21:00:00,43.282
2015-12-02 00:00:00,43.275
2015-12-02 03:00:00,43.274
2015-12-02 06:00:00,43.274
2015-12-02 09:00:00,43.274
2015-12-02 12:00:00,43.273
2015-12-02 15:00:00,43.273
2015-12-02 18:00:00,43.272
2015-12-02 21:00:00,43.272
2015-12-03 00:00:00,43.272
2015-12-03 03:00:00,43.272
2015-12-03 06:00:00,43.272
2015-12-03 09:00:00,43.266
2015-12-03 12:00:00,43.266
2015-12-03 15:00:00,43.266
2015-12-03 18:00:00,43.266
2015-12-03 21:00:00,43.266
2015-12-04 00:00:00,43.266
2015-12-04 03:00:00,43.266
2015-12-04 06:00:00,43.266
2015-12-04 09:00:00,43.265
2015-12-04 12:00:00,43.265
2015-12-04 15:00:00,43.265
2015-12-04 18:00:00,43.265
2015-12-04 21:00:00,43.261
2015-12-05 00:00:00,43.26
2015-12-05 03:00:00,43.26
2015-12-05 06:00:00,43.26
2015-12-05 09:00:00,43.26
2015-12-05 12:00:00,43.4
2015-12-05 15:00:00,43.4
2015-12-05 18:00:00,43.4
2015-12-05 21:00:00,43.4
2015-12-06 00:00:00,43.399
2015-12-06 03:00:00,43.399
2015-12-06 06:00:00,43.399
2015-12-06 09:00:00,43.399
2015-12-06 12:00:00,43.399
2015-12-06 15:00:00,43.399
2015-12-06 18:00:00,43.388
2015-12-06 21:00:00,43.386
2015-12-07 00:00:00,43.386
2015-12-07 03:00:00,43.386
2015-12-07 06:00:00,43.386
2015-12-07 09:00:00,43.373
2015-12-07 12:00:00,43.369
2015-12-07 15:00:00,43.367
2015-12-07 18:00:00,43.365
2015-12-07 21:00:00,43.358
2015-12-08 00:00:00,43.341
2015-12-08 03:00:00,43.335
2015-12-08 06:00:00,43.335
2015-12-08 09:00:00,43.335
2015-12-08 12:00:00,43.334
2015-12-08 15:00:00,43.332
2015-12-08 18:00:00,43.331
2015-12-08 21:00:00,43.331
2015-12-09 00:00:00,43.4
2015-12-09 03:00:00,43.4
2015-12-09 06:00:00,43.4
2015-12-09 09:00:00,43.4
2015-12-09 12:00:00,43.4
2015-12-09 15:00:00,43.4
2015-12-09 18:00:00,43.4
2015-12-09 21:00:00,43.399
2015-12-10 00:00:00,43.399
2015-12-10 03:00:00,43.398
2015-12-10 06:00:00,43.398
2015-12-10 09:00:00,43.398
2015-12-10 12:00:00,43.4
2015-12-10 15:00:00,43.4
2015-12-10 18:00:00,43.399
2015-12-10 21:00:00,43.399
2015-12-11 00:00:00,43.4
2015-12-11 03:00:00,43.4
2015-12-11 06:00:00,43.399
2015-12-11 09:00:00,43.399
2015-12-11 12:00:00,43.399
2015-12-11 15:00:00,43.399
2015-12-11 18:00:00,43.398
2015-12-11 21:00:00,43.398
2015-12-12 00:00:00,43.398
2015-12-12 03:00:00,43.398
2015-12-12 06:00:00,43.398
2015-12-12 09:00:00,43.398
2015-12-12 12:00:00,43.398
2015-12-12 15:00:00,43.398
2015-12-12 18:00:00,43.396
2015-12-12 21:00:00,43.384
2015-12-13 00:00:00,43.372
2015-12-13 03:00:00,43.367
2015-12-13 06:00:00,43.367
2015-12-13 09:00:00,43.367
2015-12-13 12:00:00,43.367
2015-12-13 15:00:00,43.367
2015-12-13 18:00:00,43.367
2015-12-13 21:00:00,43.367
2015-12-14 00:00:00,43.367
2015-12-14 03:00:00,43.367
2015-12-14 06:00:00,43.367
2015-12-14 09:00:00,43.367
2015-12-14 12:00:00,43.367
2015-12-14 15:00:00,43.364
2015-12-14 18:00:00,43.364
2015-12-14 21:00:00,43.364
2015-12-15 00:00:00,43.364
2015-12-15 03:00:00,43.364
2015-12-15 06:00:00,43.363
2015-12-15 09:00:00,43.363
2015-12-15 12:00:00,43.361
2015-12-15 15:00:00,43.36
2015-12-15 18:00:00,43.358
2015-12-15 21:00:00,43.357
2015-12-16 00:00:00,43.357
2015-12-16 03:00:00,43.357
2015-12-16 06:00:00,43.356
2015-12-16 09:00:00,43.356
2015-12-16 12:00:00,43.356
2015-12-16 15:00:00,43.356
2015-12-16 18:00:00,43.353
2015-12-16 21:00:00,43.353
2015-12-17 00:00:00,43.352
2015-12-17 03:00:00,43.351
2015-12-17 06:00:00,43.349
2015-12-17 09:00:00,43.349
2015-12-17 12:00:00,43.349
2015-12-17 15:00:00,43.349
2015-12-17 18:00:00,43.349
2015-12-17 21:00:00,43.349
2015-12-18 00:00:00,43.349
2015-12-18 03:00:00,43.349
2015-12-18 06:00:00,43.349
2015-12-18 09:00:00,43.4
2015-12-18 12:00:00,43.4
2015-12-18 15:00:00,43.4
2015-12-18 18:00:00,43.4
2015-12-18 21:00:00,43.4
2015-12-19 00:00:00,43.4
2015-12-19 03:00:00,43.4
2015-12-19 06:00:00,43.4
2015-12-19 09:00:00,43.4
2015-12-19 12:00:00,43.4
2015-12-19 15:00:00,43.4
2015-12-19 18:00:00,43.4
2015-12-19 21:00:00,43.399
2015-12-20 00:00:00,43.4
2015-12-20 03:00:00,43.4
2015-12-20 06:00:00,43.4
2015-12-20 09:00:00,43.4
2015-12-20 12:00:00,43.4
2015-12-20 15:00:00,43.4
2015-12-20 18:00:00,43.4
2015-12-20 21:00:00,43.4
2015-12-21 00:00:00,43.4
2015-12-21 03:00:00,43.4
2015-12-21 06:00:00,43.4
2015-12-21 09:00:00,43.4
2015-12-21 12:00:00,43.4
2015-12-21 15:00:00,43.4
2015-12-21 18:00:00,43.4
2015-12-21 21:00:00,43.4
2015-12-22 00:00:00,43.4
2015-12-22 03:00:00,43.4
2015-12-22 06:00:00,43.4
2015-12-22 09:00:00,43.4
2015-12-22 12:00:00,43.4
2015-12-22 15:00:00,43.399
2015-12-22 18:00:00,43.399
2015-12-22 21:00:00,43.399
2015-12-23 00:00:00,43.399
2015-12-23 03:00:00,43.399
2015-12-23 06:00:00,43.399
2015-12-23 09:00:00,43.399
2015-12-23 12:00:00,43.399
2015-12-23 15:00:00,43.399
2015-12-23 18:00:00,43.399
2015-12-23 21:00:00,43.399
2015-12-24 00:00:00,43.399
2015-12-24 03:00:00,43.399
2015-12-24 06:00:00,43.399
2015-12-24 09:00:00,43.399
2015-12-24 12:00:00,43.399
2015-12-24 15:00:00,43.399
2015-12-24 18:00:00,43.4
2015-12-24 21:00:00,43.4
2015-12-25 00:00:00,43.4
2015-12-25 03:00:00,43.4
2015-12-25 06:00:00,43.4
2015-12-25 09:00:00,43.4
2015-12-25 12:00:00,43.4
2015-12-25 15:00:00,43.4
2015-12-25 18:00:00,43.4
2015-12-25 21:00:00,43.4
2015-12-26 00:00:00,43.396
2015-12-26 03:00:00,43.385
2015-12-26 06:00:00,43.38
2015-12-26 09:00:00,43.376
2015-12-26 12:00:00,43.367
2015-12-26 15:00:00,43.357
2015-12-26 18:00:00,43.349
2015-12-26 21:00:00,43.345
2015-12-27 00:00:00,43.344
2015-12-27 03:00:00,43.343
2015-12-27 06:00:00,43.343
2015-12-27 09:00:00,43.343
2015-12-27 12:00:00,43.343
2015-12-27 15:00:00,43.342
2015-12-27 18:00:00,43.342
2015-12-27 21:00:00,43.342
2015-12-28 00:00:00,43.342
2015-12-28 03:00:00,43.342
2015-12-28 06:00:00,43.342
2015-12-28 09:00:00,43.342
2015-12-28 12:00:00,43.342
2015-12-28 15:00:00,43.342
2015-12-28 18:00:00,43.342
2015-12-28 21:00:00,43.341
2015-12-29 00:00:00,43.341
2015-12-29 03:00:00,43.341
2015-12-29 06:00:00,43.341
2015-12-29 09:00:00,43.341
2015-12-29 12:00:00,43.341
2015-12-29 15:00:00,43.341
2015-12-29 18:00:00,43.341
2015-12-29 21:00:00,43.341
2015-12-30 00:00:00,43.34
2015-12-30 03:00:00,43.339
2015-12-30 06:00:00,43.339
2015-12-30 09:00:00,43.338
2015-12-30 12:00:00,43.337
2015-12-30 15:00:00,43.337
2015-12-30 18:00:00,43.336
2015-12-30 21:00:00,43.336
2015-12-31 00:00:00,43.4
2015-12-31 03:00:00,43.4
2015-12-31 06:00:00,43.4
2015-12-31 09:00:00,43.399
2015-12-31 12:00:00,43.398
2015-12-31 15:00:00,43.398
2015-12-31 18:00:00,43.4
2015-12-31 21:00:00,43.399
2016-01-01 00:00:00,43.398
2016-01-01 03:00:00,43.398
2016-01-01 06:00:00,43.398
2016-01-01 09:00:00,43.397
2016-01-01 12:00:00,43.395
2016-01-01 15:00:00,43.394
2016-01-01 18:00:00,43.394
2016-01-01 21:00:00,43.393
2016-01-02 00:00:00,43.391
2016-01-02 03:00:00,43.39
2016-01-02 06:00:00,43.389
2016-01-02 09:00:00,43.388
2016-01-02 12:00:00,43.388
2016-01-02 15:00:00,43.388
2016-01-02 18:00:00,43.388
2016-01-02 21:00:00,43.388
2016-01-03 00:00:00,43.388
2016-01-03 03:00:00,43.388
2016-01-03 06:00:00,43.387
2016-01-03 09:00:00,43.386
2016-01-03 12:00:00,43.385
2016-01-03 15:00:00,43.383
2016-01-03 18:00:00,43.383
2016-01-03 21:00:00,43.383
2016-01-04 00:00:00,43.383
2016-01-04 03:00:00,43.382
2016-01-04 06:00:00,43.381
2016-01-04 09:00:00,43.38
2016-01-04 12:00:00,43.379
2016-01-04 15:00:00,43.379
2016-01-04 18:00:00,43.378
2016-01-04 21:00:00,43.377
2016-01-05 00:00:00,43.377
2016-01-05 03:00:00,43.377
2016-01-05 06:00:00,43.376
2016-01-05 09:00:00,43.375
2016-01-05 12:00:00,43.374
2016-01-05 15:00:00,43.373
2016-01-05 18:00:00,43.373
2016-01-05 21:00:00,43.373
2016-01-06 00:00:00,43.372
2016-01-06 03:00:00,43.371
2016-01-06 06:00:00,43.37
2016-01-06 09:00:00,43.369
2016-01-06 12:00:00,43.368
2016-01-06 15:00:00,43.367
2016-01-06 18:00:00,43.366
2016-01-06 21:00:00,43.366
2016-01-07 00:00:00,43.366
2016-01-07 03:00:00,43.366
2016-01-07 06:00:00,43.365
2016-01-07 09:00:00,43.364
2016-01-07 12:00:00,43.363
2016-01-07 15:00:00,43.362
2016-01-07 18:00:00,43.361
2016-01-07 21:00:00,43.361
2016-01-08 00:00:00,43.361
2016-01-08 03:00:00,43.361
2016-01-08 06:00:00,43.361
2016-01-08 09:00:00,43.36
2016-01-08 12:00:00,43.359
2016-01-08 15:00:00,43.359
2016-01-08 18:00:00,43.358
2016-01-08 21:00:00,43.358
2016-01-09 00:00:00,43.358
2016-01-09 03:00:00,43.358
2016-01-09 06:00:00,43.358
2016-01-09 09:00:00,43.358
2016-01-09 12:00:00,43.357
2016-01-09 15:00:00,43.357
2016-01-09 18:00:00,43.357
2016-01-09 21:00:00,43.357
2016-01-10 00:00:00,43.357
2016-01-10 03:00:00,43.357
2016-01-10 06:00:00,43.357
2016-01-10 09:00:00,43.357
2016-01-10 12:00:00,43.357
2016-01-10 15:00:00,43.357
2016-01-10 18:00:00,43.357
2016-01-10 21:00:00,43.357
2016-01-11 00:00:00,43.357
2016-01-11 03:00:00,43.357
2016-01-11 06:00:00,43.356
2016-01-11 09:00:00,43.355
2016-01-11 12:00:00,43.354
2016-01-11 15:00:00,43.354
2016-01-11 18:00:00,43.353
2016-01-11 21:00:00,43.353
2016-01-12 00:00:00,43.353
2016-01-12 03:00:00,43.353
2016-01-12 06:00:00,43.353
2016-01-12 09:00:00,43.353
2016-01-12 12:00:00,43.352
2016-01-12 15:00:00,43.351
2016-01-12 18:00:00,43.351
2016-01-12 21:00:00,43.351
2016-01-13 00:00:00,43.35
2016-01-13 03:00:00,43.349
2016-01-13 06:00:00,43.348
2016-01-13 09:00:00,43.347
2016-01-13 12:00:00,43.346
2016-01-13 15:00:00,43.344
2016-01-13 18:00:00,43.343
2016-01-13 21:00:00,43.342
2016-01-14 00:00:00,43.341
2016-01-14 03:00:00,43.34
2016-01-14 06:00:00,43.339
2016-01-14 09:00:00,43.339
2016-01-14 12:00:00,43.338
2016-01-14 15:00:00,43.337
2016-01-14 18:00:00,43.336
2016-01-14 21:00:00,43.336
2016-01-15 00:00:00,43.336
2016-01-15 03:00:00,43.336
2016-01-15 06:00:00,43.336
2016-01-15 09:00:00,43.336
2016-01-15 12:00:00,43.336
2016-01-15 15:00:00,43.336
2016-01-15 18:00:00,43.336
2016-01-15 21:00:00,43.336
2016-01-16 00:00:00,43.336
2016-01-16 03:00:00,43.336
2016-01-16 06:00:00,43.336
2016-01-16 09:00:00,43.336
2016-01-16 12:00:00,43.336
2016-01-16 15:00:00,43.336
2016-01-16 18:00:00,43.335
2016-01-16 21:00:00,43.335
2016-01-17 00:00:00,43.335
2016-01-17 03:00:00,43.335
2016-01-17 06:00:00,43.335
2016-01-17 09:00:00,43.335
2016-01-17 12:00:00,43.335
2016-01-17 15:00:00,43.335
2016-01-17 18:00:00,43.335
2016-01-17 21:00:00,43.335
2016-01-18 00:00:00,43.335
2016-01-18 03:00:00,43.335
2016-01-18 06:00:00,43.335
2016-01-18 09:00:00,43.335
2016-01-18 12:00:00,43.335
2016-01-18 15:00:00,43.335
2016-01-18 18:00:00,43.335
2016-01-18 21:00:00,43.335
2016-01-19 00:00:00,43.335
2016-01-19 03:00:00,43.335
2016-01-19 06:00:00,43.335
2016-01-19 09:00:00,43.335
2016-01-19 12:00:00,43.335
2016-01-19 15:00:00,43.335
2016-01-19 18:00:00,43.335
2016-01-19 21:00:00,43.335
2016-01-20 00:00:00,43.335
2016-01-20 03:00:00,43.335
2016-01-20 06:00:00,43.335
2016-01-20 09:00:00,43.335
2016-01-20 12:00:00,43.335
2016-01-20 15:00:00,43.335
2016-01-20 18:00:00,43.335
2016-01-20 21:00:00,43.335
2016-01-21 00:00:00,43.335
2016-01-21 03:00:00,43.335
2016-01-21 06:00:00,43.335
2016-01-21 09:00:00,43.335
2016-01-21 12:00:00,43.335
2016-01-21 15:00:00,43.335
2016-01-21 18:00:00,43.335
2016-01-21 21:00:00,43.335
2016-01-22 00:00:00,43.335
2016-01-22 03:00:00,43.335
2016-01-22 06:00:00,43.335
2016-01-22 09:00:00,43.335
2016-01-22 12:00:00,43.335
2016-01-22 15:00:00,43.335
2016-01-22 18:00:00,43.335
2016-01-22 21:00:00,43.335
2016-01-23 00:00:00,43.335
2016-01-23 03:00:00,43.335
2016-01-23 06:00:00,43.335
2016-01-23 09:00:00,43.335
2016-01-23 12:00:00,43.335
2016-01-23 15:00:00,43.335
2016-01-23 18:00:00,43.335
2016-01-23 21:00:00,43.335
2016-01-24 00:00:00,43.335
2016-01-24 03:00:00,43.335
2016-01-24 06:00:00,43.335
2016-01-24 09:00:00,43.334
2016-01-24 12:00:00,43.334
2016-01-24 15:00:00,43.334
2016-01-24 18:00:00,43.334
2016-01-24 21:00:00,43.334
2016-01-25 00:00:00,43.334
2016-01-25 03:00:00,43.334
2016-01-25 06:00:00,43.334
2016-01-25 09:00:00,43.334
2016-01-25 12:00:00,43.334
2016-01-25 15:00:00,43.334
2016-01-25 18:00:00,43.334
2016-01-25 21:00:00,43.334
2016-01-26 00:00:00,43.334
2016-01-26 03:00:00,43.366
2016-01-26 06:00:00,43.4
2016-01-26 09:00:00,43.4
2016-01-26 12:00:00,43.4
2016-01-26 15:00:00,43.4
2016-01-26 18:00:00,43.4
2016-01-26 21:00:00,43.4
2016-01-27 00:00:00,43.4
2016-01-27 03:00:00,43.4
2016-01-27 06:00:00,43.4
2016-01-27 09:00:00,43.4
2016-01-27 12:00:00,43.4
2016-01-27 15:00:00,43.4
2016-01-27 18:00:00,43.4
2016-01-27 21:00:00,43.4
2016-01-28 00:00:00,43.4
2016-01-28 03:00:00,43.4
2016-01-28 06:00:00,43.4
2016-01-28 09:00:00,43.399
2016-01-28 12:00:00,43.399
2016-01-28 15:00:00,43.399
2016-01-28 18:00:00,43.399
2016-01-28 21:00:00,43.399
2016-01-29 00:00:00,43.399
2016-01-29 03:00:00,43.399
2016-01-29 06:00:00,43.399
2016-01-29 09:00:00,43.399
2016-01-29 12:00:00,43.398
2016-01-29 15:00:00,43.398
2016-01-29 18:00:00,43.398
2016-01-29 21:00:00,43.4
2016-01-30 00:00:00,43.4
2016-01-30 03:00:00,43.4
2016-01-30 06:00:00,43.4
2016-01-30 09:00:00,43.4
2016-01-30 12:00:00,43.4
2016-01-30 15:00:00,43.4
2016-01-30 18:00:00,43.4
2016-01-30 21:00:00,43.4
2016-01-31 00:00:00,43.4
2016-01-31 03:00:00,43.4
2016-01-31 06:00:00,43.4
2016-01-31 09:00:00,43.4
2016-01-31 12:00:00,43.4
2016-01-31 15:00:00,43.4
2016-01-31 18:00:00,43.4
2016-01-31 21:00:00,43.399
2016-02-01 00:00:00,43.399
2016-02-01 03:00:00,43.399
2016-02-01 06:00:00,43.399
2016-02-01 09:00:00,43.399
2016-02-01 12:00:00,43.399
2016-02-01 15:00:00,43.399
2016-02-01 18:00:00,43.399
2016-02-01 21:00:00,43.399
2016-02-02 00:00:00,43.399
2016-02-02 03:00:00,43.399
2016-02-02 06:00:00,43.399
2016-02-02 09:00:00,43.399
2016-02-02 12:00:00,43.398
2016-02-02 15:00:00,43.398
2016-02-02 18:00:00,43.398
2016-02-02 21:00:00,43.397
2016-02-03 00:00:00,43.397
2016-02-03 03:00:00,43.397
2016-02-03 06:00:00,43.397
2016-02-03 09:00:00,43.397
2016-02-03 12:00:00,43.397
2016-02-03 15:00:00,43.397
2016-02-03 18:00:00,43.397
2016-02-03 21:00:00,43.397
2016-02-04 00:00:00,43.397
2016-02-04 03:00:00,43.397
2016-02-04 06:00:00,43.397
2016-02-04 09:00:00,43.397
2016-02-04 12:00:00,43.397
2016-02-04 15:00:00,43.397
2016-02-04 18:00:00,43.397
2016-02-04 21:00:00,43.397
2016-02-05 00:00:00,43.397
2016-02-05 03:00:00,43.397
2016-02-05 06:00:00,43.397
2016-02-05 09:00:00,43.397
2016-02-05 12:00:00,43.397
2016-02-05 15:00:00,43.397
2016-02-05 18:00:00,43.397
2016-02-05 21:00:00,43.397
2016-02-06 00:00:00,43.397
2016-02-06 03:00:00,43.397
2016-02-06 06:00:00,43.397
2016-02-06 09:00:00,43.397
2016-02-06 12:00:00,43.396
2016-02-06 15:00:00,43.396
2016-02-06 18:00:00,43.396
2016-02-06 21:00:00,43.4
2016-02-07 00:00:00,43.4
2016-02-07 03:00:00,43.4
2016-02-07 06:00:00,43.4
2016-02-07 09:00:00,43.4
2016-02-07 12:00:00,43.4
2016-02-07 15:00:00,43.4
2016-02-07 18:00:00,43.4
2016-02-07 21:00:00,43.4
2016-02-08 00:00:00,43.4
2016-02-08 03:00:00,43.4
2016-02-08 06:00:00,43.4
2016-02-08 09:00:00,43.4
2016-02-08 12:00:00,43.4
2016-02-08 15:00:00,43.4
2016-02-08 18:00:00,43.4
2016-02-08 21:00:00,43.4
2016-02-09 00:00:00,43.4
2016-02-09 03:00:00,43.4
2016-02-09 06:00:00,43.4
2016-02-09 09:00:00,43.4
2016-02-09 12:00:00,43.4
2016-02-09 15:00:00,43.4
2016-02-09 18:00:00,43.4
2016-02-09 21:00:00,43.4
2016-02-10 00:00:00,43.4
2016-02-10 03:00:00,43.4
2016-02-10 06:00:00,43.4
2016-02-10 09:00:00,43.4
2016-02-10 12:00:00,43.4
2016-02-10 15:00:00,43.4
2016-02-10 18:00:00,43.4
2016-02-10 21:00:00,43.4
2016-02-11 00:00:00,43.4
2016-02-11 03:00:00,43.4
2016-02-11 06:00:00,43.4
2016-02-11 09:00:00,43.399
2016-02-11 12:00:00,43.399
2016-02-11 15:00:00,43.399
2016-02-11 18:00:00,43.398
2016-02-11 21:00:00,43.398
2016-02-12 00:00:00,43.398
2016-02-12 03:00:00,43.398
2016-02-12 06:00:00,43.398
2016-02-12 09:00:00,43.397
2016-02-12 12:00:00,43.396
2016-02-12 15:00:00,43.395
2016-02-12 18:00:00,43.395
2016-02-12 21:00:00,43.395
2016-02-13 00:00:00,43.395
2016-02-13 03:00:00,43.395
2016-02-13 06:00:00,43.395
2016-02-13 09:00:00,43.395
2016-02-13 12:00:00,43.394
2016-02-13 15:00:00,43.394
2016-02-13 18:00:00,43.394
2016-02-13 21:00:00,43.394
2016-02-14 00:00:00,43.394
2016-02-14 03:00:00,43.394
2016-02-14 06:00:00,43.394
2016-02-14 09:00:00,43.394
2016-02-14 12:00:00,43.393
2016-02-14 15:00:00,43.393
2016-02-14 18:00:00,43.393
2016-02-14 21:00:00,43.393
2016-02-15 00:00:00,43.393
2016-02-15 03:00:00,43.393
2016-02-15 06:00:00,43.393
2016-02-15 09:00:00,43.393
2016-02-15 12:00:00,43.392
2016-02-15 15:00:00,43.391
2016-02-15 18:00:00,43.391
2016-02-15 21:00:00,43.391
2016-02-16 00:00:00,43.391
2016-02-16 03:00:00,43.391
2016-02-16 06:00:00,43.391
2016-02-16 09:00:00,43.391
2016-02-16 12:00:00,43.39
2016-02-16 15:00:00,43.39
2016-02-16 18:00:00,43.39
2016-02-16 21:00:00,43.39
2016-02-17 00:00:00,43.39
2016-02-17 03:00:00,43.39
2016-02-17 06:00:00,43.39
2016-02-17 09:00:00,43.39
2016-02-17 12:00:00,43.389
2016-02-17 15:00:00,43.389
2016-02-17 18:00:00,43.389
2016-02-17 21:00:00,43.389
2016-02-18 00:00:00,43.389
2016-02-18 03:00:00,43.389
2016-02-18 06:00:00,43.389
2016-02-18 09:00:00,43.388
2016-02-18 12:00:00,43.388
2016-02-18 15:00:00,43.388
2016-02-18 18:00:00,43.387
2016-02-18 21:00:00,43.387
2016-02-19 00:00:00,43.387
2016-02-19 03:00:00,43.387
2016-02-19 06:00:00,43.387
2016-02-19 09:00:00,43.387
2016-02-19 12:00:00,43.387
2016-02-19 15:00:00,43.386
2016-02-19 18:00:00,43.386
2016-02-19 21:00:00,43.386
2016-02-20 00:00:00,43.386
2016-02-20 03:00:00,43.386
2016-02-20 06:00:00,43.386
2016-02-20 09:00:00,43.386
2016-02-20 12:00:00,43.385
2016-02-20 15:00:00,43.384
2016-02-20 18:00:00,43.384
2016-02-20 21:00:00,43.384
2016-02-21 00:00:00,43.384
2016-02-21 03:00:00,43.384
2016-02-21 06:00:00,43.384
2016-02-21 09:00:00,43.384
2016-02-21 12:00:00,43.384
2016-02-21 15:00:00,43.384
2016-02-21 18:00:00,43.384
2016-02-21 21:00:00,43.384
2016-02-22 00:00:00,43.384
2016-02-22 03:00:00,43.384
2016-02-22 06:00:00,43.384
2016-02-22 09:00:00,43.384
2016-02-22 12:00:00,43.383
2016-02-22 15:00:00,43.382
2016-02-22 18:00:00,43.382
2016-02-22 21:00:00,43.382
2016-02-23 00:00:00,43.382
2016-02-23 03:00:00,43.382
2016-02-23 06:00:00,43.382
2016-02-23 09:00:00,43.382
2016-02-23 12:00:00,43.381
2016-02-23 15:00:00,43.381
2016-02-23 18:00:00,43.381
2016-02-23 21:00:00,43.381
2016-02-24 00:00:00,43.381
2016-02-24 03:00:00,43.381
2016-02-24 06:00:00,43.381
2016-02-24 09:00:00,43.381
2016-02-24 12:00:00,43.38
2016-02-24 15:00:00,43.38
2016-02-24 18:00:00,43.379
2016-02-24 21:00:00,43.379
2016-02-25 00:00:00,43.379
2016-02-25 03:00:00,43.379
2016-02-25 06:00:00,43.379
2016-02-25 09:00:00,43.379
2016-02-25 12:00:00,43.378
2016-02-25 15:00:00,43.378
2016-02-25 18:00:00,43.378
2016-02-25 21:00:00,43.378
2016-02-26 00:00:00,43.378
2016-02-26 03:00:00,43.378
2016-02-26 06:00:00,43.378
2016-02-26 09:00:00,43.378
2016-02-26 12:00:00,43.377
2016-02-26 15:00:00,43.376
2016-02-26 18:00:00,43.376
2016-02-26 21:00:00,43.376
2016-02-27 00:00:00,43.376
2016-02-27 03:00:00,43.376
2016-02-27 06:00:00,43.376
2016-02-27 09:00:00,43.376
2016-02-27 12:00:00,43.374
2016-02-27 15:00:00,43.374
2016-02-27 18:00:00,43.374
2016-02-27 21:00:00,43.374
2016-02-28 00:00:00,43.374
2016-02-28 03:00:00,43.374
2016-02-28 06:00:00,43.374
2016-02-28 09:00:00,43.374
2016-02-28 12:00:00,43.373
2016-02-28 15:00:00,43.372
2016-02-28 18:00:00,43.372
2016-02-28 21:00:00,43.372
2016-02-29 00:00:00,43.372
2016-02-29 03:00:00,43.372
2016-02-29 06:00:00,43.372
2016-02-29 09:00:00,43.372
2016-02-29 12:00:00,43.371
2016-02-29 15:00:00,43.37
2016-02-29 18:00:00,43.37
2016-02-29 21:00:00,43.37
2016-03-01 00:00:00,43.37
2016-03-01 03:00:00,43.37
2016-03-01 06:00:00,43.37
2016-03-01 09:00:00,43.37
2016-03-01 12:00:00,43.369
2016-03-01 15:00:00,43.368
2016-03-01 18:00:00,43.368
2016-03-01 21:00:00,43.368
2016-03-02 00:00:00,43.368
2016-03-02 03:00:00,43.368
2016-03-02 06:00:00,43.367
2016-03-02 09:00:00,43.367
2016-03-02 12:00:00,43.366
2016-03-02 15:00:00,43.365
2016-03-02 18:00:00,43.365
2016-03-02 21:00:00,43.365
2016-03-03 00:00:00,43.365
2016-03-03 03:00:00,43.365
2016-03-03 06:00:00,43.365
2016-03-03 09:00:00,43.365
2016-03-03 12:00:00,43.364
2016-03-03 15:00:00,43.363
2016-03-03 18:00:00,43.363
2016-03-03 21:00:00,43.363
2016-03-04 00:00:00,43.363
2016-03-04 03:00:00,43.363
2016-03-04 06:00:00,43.363
2016-03-04 09:00:00,43.362
2016-03-04 12:00:00,43.362
2016-03-04 15:00:00,43.361
2016-03-04 18:00:00,43.361
2016-03-04 21:00:00,43.361
2016-03-05 00:00:00,43.361
2016-03-05 03:00:00,43.361
2016-03-05 06:00:00,43.361
2016-03-05 09:00:00,43.36
2016-03-05 12:00:00,43.359
2016-03-05 15:00:00,43.359
2016-03-05 18:00:00,43.359
2016-03-05 21:00:00,43.358
2016-03-06 00:00:00,43.358
2016-03-06 03:00:00,43.358
2016-03-06 06:00:00,43.358
2016-03-06 09:00:00,43.358
2016-03-06 12:00:00,43.357
2016-03-06 15:00:00,43.357
2016-03-06 18:00:00,43.357
2016-03-06 21:00:00,43.357
2016-03-07 00:00:00,43.357
2016-03-07 03:00:00,43.357
2016-03-07 06:00:00,43.357
2016-03-07 09:00:00,43.356
2016-03-07 12:00:00,43.384
2016-03-07 15:00:00,43.397
2016-03-07 18:00:00,43.397
2016-03-07 21:00:00,43.396
2016-03-08 00:00:00,43.396
2016-03-08 03:00:00,43.396
2016-03-08 06:00:00,43.396
2016-03-08 09:00:00,43.4
2016-03-08 12:00:00,43.4
2016-03-08 15:00:00,43.4
2016-03-08 18:00:00,43.4
2016-03-08 21:00:00,43.4
2016-03-09 00:00:00,43.4
2016-03-09 03:00:00,43.4
2016-03-09 06:00:00,43.4
2016-03-09 09:00:00,43.4
2016-03-09 12:00:00,43.4
2016-03-09 15:00:00,43.4
2016-03-09 18:00:00,43.4
2016-03-09 21:00:00,43.399
2016-03-10 00:00:00,43.399
2016-03-10 03:00:00,43.399
2016-03-10 06:00:00,43.399
2016-03-10 09:00:00,43.399
2016-03-10 12:00:00,43.4
2016-03-10 15:00:00,43.4
2016-03-10 18:00:00,43.4
2016-03-10 21:00:00,43.4
2016-03-11 00:00:00,43.4
2016-03-11 03:00:00,43.4
2016-03-11 06:00:00,43.399
2016-03-11 09:00:00,43.4
2016-03-11 12:00:00,43.4
2016-03-11 15:00:00,43.4
2016-03-11 18:00:00,43.4
2016-03-11 21:00:00,43.4
2016-03-12 00:00:00,43.4
2016-03-12 03:00:00,43.4
2016-03-12 06:00:00,43.4
2016-03-12 09:00:00,43.4
2016-03-12 12:00:00,43.4
2016-03-12 15:00:00,43.4
2016-03-12 18:00:00,43.4
2016-03-12 21:00:00,43.4
2016-03-13 00:00:00,43.4
2016-03-13 03:00:00,43.4
2016-03-13 06:00:00,43.4
2016-03-13 09:00:00,43.399
2016-03-13 12:00:00,43.4
2016-03-13 15:00:00,43.4
2016-03-13 18:00:00,43.4
2016-03-13 21:00:00,43.4
2016-03-14 00:00:00,43.4
2016-03-14 03:00:00,43.4
2016-03-14 06:00:00,43.4
2016-03-14 09:00:00,43.4
2016-03-14 12:00:00,43.4
2016-03-14 15:00:00,43.4
2016-03-14 18:00:00,43.4
2016-03-14 21:00:00,43.4
2016-03-15 00:00:00,43.4
2016-03-15 03:00:00,43.4
2016-03-15 06:00:00,43.4
2016-03-15 09:00:00,43.4
2016-03-15 12:00:00,43.4
2016-03-15 15:00:00,43.4
2016-03-15 18:00:00,43.4
2016-03-15 21:00:00,43.4
2016-03-16 00:00:00,43.4
2016-03-16 03:00:00,43.4
2016-03-16 06:00:00,43.4
2016-03-16 09:00:00,43.4
2016-03-16 12:00:00,43.4
2016-03-16 15:00:00,43.4
2016-03-16 18:00:00,43.4
2016-03-16 21:00:00,43.4
2016-03-17 00:00:00,43.4
2016-03-17 03:00:00,43.4
2016-03-17 06:00:00,43.4
2016-03-17 09:00:00,43.4
2016-03-17 12:00:00,43.4
2016-03-17 15:00:00,43.4
2016-03-17 18:00:00,43.399
2016-03-17 21:00:00,43.399
2016-03-18 00:00:00,43.398
2016-03-18 03:00:00,43.397
2016-03-18 06:00:00,43.397
2016-03-18 09:00:00,43.394
2016-03-18 12:00:00,43.388
2016-03-18 15:00:00,43.384
2016-03-18 18:00:00,43.383
2016-03-18 21:00:00,43.383
2016-03-19 00:00:00,43.382
2016-03-19 03:00:00,43.382
2016-03-19 06:00:00,43.382
2016-03-19 09:00:00,43.379
2016-03-19 12:00:00,43.374
2016-03-19 15:00:00,43.372
2016-03-19 18:00:00,43.372
2016-03-19 21:00:00,43.372
2016-03-20 00:00:00,43.372
2016-03-20 03:00:00,43.372
2016-03-20 06:00:00,43.372
2016-03-20 09:00:00,43.371
2016-03-20 12:00:00,43.368
2016-03-20 15:00:00,43.367
2016-03-20 18:00:00,43.366
2016-03-20 21:00:00,43.366
2016-03-21 00:00:00,43.366
2016-03-21 03:00:00,43.366
2016-03-21 06:00:00,43.366
2016-03-21 09:00:00,43.365
2016-03-21 12:00:00,43.362
2016-03-21 15:00:00,43.36
2016-03-21 18:00:00,43.36
2016-03-21 21:00:00,43.36
2016-03-22 00:00:00,43.36
2016-03-22 03:00:00,43.36
2016-03-22 06:00:00,43.36
2016-03-22 09:00:00,43.359
2016-03-22 12:00:00,43.356
2016-03-22 15:00:00,43.354
2016-03-22 18:00:00,43.353
2016-03-22 21:00:00,43.353
2016-03-23 00:00:00,43.353
2016-03-23 03:00:00,43.353
2016-03-23 06:00:00,43.353
2016-03-23 09:00:00,43.352
2016-03-23 12:00:00,43.348
2016-03-23 15:00:00,43.346
2016-03-23 18:00:00,43.346
2016-03-23 21:00:00,43.346
2016-03-24 00:00:00,43.346
2016-03-24 03:00:00,43.346
2016-03-24 06:00:00,43.346
2016-03-24 09:00:00,43.344
2016-03-24 12:00:00,43.4
2016-03-24 15:00:00,43.4
2016-03-24 18:00:00,43.4
2016-03-24 21:00:00,43.4
2016-03-25 00:00:00,43.4
2016-03-25 03:00:00,43.4
2016-03-25 06:00:00,43.4
2016-03-25 09:00:00,43.4
2016-03-25 12:00:00,43.4
2016-03-25 15:00:00,43.4
2016-03-25 18:00:00,43.4
2016-03-25 21:00:00,43.4
2016-03-26 00:00:00,43.4
2016-03-26 03:00:00,43.4
2016-03-26 06:00:00,43.4
2016-03-26 09:00:00,43.4
2016-03-26 12:00:00,43.4
2016-03-26 15:00:00,43.4
2016-03-26 18:00:00,43.4
2016-03-26 21:00:00,43.4
2016-03-27 00:00:00,43.4
2016-03-27 03:00:00,43.4
2016-03-27 06:00:00,43.4
2016-03-27 09:00:00,43.4
2016-03-27 12:00:00,43.4
2016-03-27 15:00:00,43.4
2016-03-27 18:00:00,43.4
2016-03-27 21:00:00,43.4
2016-03-28 00:00:00,43.4
2016-03-28 03:00:00,43.4
2016-03-28 06:00:00,43.4
2016-03-28 09:00:00,43.4
2016-03-28 12:00:00,43.4
2016-03-28 15:00:00,43.4
2016-03-28 18:00:00,43.4
2016-03-28 21:00:00,43.399
2016-03-29 00:00:00,43.399
2016-03-29 03:00:00,43.399
2016-03-29 06:00:00,43.4
2016-03-29 09:00:00,43.4
2016-03-29 12:00:00,43.4
2016-03-29 15:00:00,43.4
2016-03-29 18:00:00,43.4
2016-03-29 21:00:00,43.4
2016-03-30 00:00:00,43.4
2016-03-30 03:00:00,43.399
2016-03-30 06:00:00,43.4
2016-03-30 09:00:00,43.4
2016-03-30 12:00:00,43.4
2016-03-30 15:00:00,43.4
2016-03-30 18:00:00,43.4
2016-03-30 21:00:00,43.399
2016-03-31 00:00:00,43.399
2016-03-31 03:00:00,43.399
2016-03-31 06:00:00,43.398
2016-03-31 09:00:00,43.4
2016-03-31 12:00:00,43.4
2016-03-31 15:00:00,43.4
2016-03-31 18:00:00,43.4
2016-03-31 21:00:00,43.399
2016-04-01 00:00:00,43.399
2016-04-01 03:00:00,43.399
2016-04-01 06:00:00,43.399
2016-04-01 09:00:00,43.4
2016-04-01 12:00:00,43.4
2016-04-01 15:00:00,43.4
2016-04-01 18:00:00,43.4
2016-04-01 21:00:00,43.4
2016-04-02 00:00:00,43.399
2016-04-02 03:00:00,43.399
2016-04-02 06:00:00,43.399
2016-04-02 09:00:00,43.4
2016-04-02 12:00:00,43.4
2016-04-02 15:00:00,43.4
2016-04-02 18:00:00,43.4
2016-04-02 21:00:00,43.4
2016-04-03 00:00:00,43.4
2016-04-03 03:00:00,43.4
2016-04-03 06:00:00,43.4
2016-04-03 09:00:00,43.4
2016-04-03 12:00:00,43.4
2016-04-03 15:00:00,43.4
2016-04-03 18:00:00,43.4
2016-04-03 21:00:00,43.4
2016-04-04 00:00:00,43.4
2016-04-04 03:00:00,43.399
2016-04-04 06:00:00,43.4
2016-04-04 09:00:00,43.4
2016-04-04 12:00:00,43.4
2016-04-04 15:00:00,43.4
2016-04-04 18:00:00,43.4
2016-04-04 21:00:00,43.4
2016-04-05 00:00:00,43.4
2016-04-05 03:00:00,43.399
2016-04-05 06:00:00,43.4
2016-04-05 09:00:00,43.4
2016-04-05 12:00:00,43.4
2016-04-05 15:00:00,43.4
2016-04-05 18:00:00,43.4
2016-04-05 21:00:00,43.4
2016-04-06 00:00:00,43.4
2016-04-06 03:00:00,43.4
2016-04-06 06:00:00,43.4
2016-04-06 09:00:00,43.4
2016-04-06 12:00:00,43.4
2016-04-06 15:00:00,43.4
2016-04-06 18:00:00,43.4
2016-04-06 21:00:00,43.4
2016-04-07 00:00:00,43.4
2016-04-07 03:00:00,43.398
2016-04-07 06:00:00,43.4
2016-04-07 09:00:00,43.4
2016-04-07 12:00:00,43.4
2016-04-07 15:00:00,43.4
2016-04-07 18:00:00,43.4
2016-04-07 21:00:00,43.4
2016-04-08 00:00:00,43.399
2016-04-08 03:00:00,43.394
2016-04-08 06:00:00,43.4
2016-04-08 09:00:00,43.4
2016-04-08 12:00:00,43.4
2016-04-08 15:00:00,43.4
2016-04-08 18:00:00,43.399
2016-04-08 21:00:00,43.388
2016-04-09 00:00:00,43.382
2016-04-09 03:00:00,43.38
2016-04-09 06:00:00,43.4
2016-04-09 09:00:00,43.4
2016-04-09 12:00:00,43.4
2016-04-09 15:00:00,43.4
2016-04-09 18:00:00,43.395
2016-04-09 21:00:00,43.381
2016-04-10 00:00:00,43.371
2016-04-10 03:00:00,43.363
2016-04-10 06:00:00,43.4
2016-04-10 09:00:00,43.4
2016-04-10 12:00:00,43.4
2016-04-10 15:00:00,43.4
2016-04-10 18:00:00,43.324
2016-04-10 21:00:00,43.079998
2016-04-11 00:00:00,42.957
2016-04-11 03:00:00,42.911
2016-04-11 06:00:00,42.944
2016-04-11 09:00:00,43.4
2016-04-11 12:00:00,43.4
2016-04-11 15:00:00,43.119
2016-04-11 18:00:00,41.567
2016-04-11 21:00:00,40.672
2016-04-12 00:00:00,40.212
2016-04-12 03:00:00,39.931
2016-04-12 06:00:00,39.764
2016-04-12 09:00:00,39.804
2016-04-12 12:00:00,39.577
2016-04-12 15:00:00,37.926
2016-04-12 18:00:00,36.139
2016-04-12 21:00:00,34.854
2016-04-13 00:00:00,34.113
2016-04-13 03:00:00,33.747
2016-04-13 06:00:00,33.519
2016-04-13 09:00:00,33.438
2016-04-13 12:00:00,33.25
2016-04-13 15:00:00,32.74
2016-04-13 18:00:00,32.288
2016-04-13 21:00:00,32.128
2016-04-14 00:00:00,32.082
2016-04-14 03:00:00,32.058
2016-04-14 06:00:00,31.998
2016-04-14 09:00:00,31.958
2016-04-14 12:00:00,31.944
2016-04-14 15:00:00,31.875
2016-04-14 18:00:00,31.787
2016-04-14 21:00:00,31.748
2016-04-15 00:00:00,31.707
2016-04-15 03:00:00,31.673
2016-04-15 06:00:00,31.612999
2016-04-15 09:00:00,31.611
2016-04-15 12:00:00,31.757
2016-04-15 15:00:00,31.845
2016-04-15 18:00:00,31.874
2016-04-15 21:00:00,31.869
2016-04-16 00:00:00,31.866
2016-04-16 03:00:00,31.864
2016-04-16 06:00:00,32.023
2016-04-16 09:00:00,32.301
2016-04-16 12:00:00,32.422
2016-04-16 15:00:00,32.393
2016-04-16 18:00:00,32.119
2016-04-16 21:00:00,31.796
2016-04-17 00:00:00,31.59
2016-04-17 03:00:00,31.457
2016-04-17 06:00:00,31.52
2016-04-17 09:00:00,31.791
2016-04-17 12:00:00,31.362
2016-04-17 15:00:00,31.277
2016-04-17 18:00:00,30.803
2016-04-17 21:00:00,30.464
2016-04-18 00:00:00,31.1
2016-04-18 03:00:00,30.578
2016-04-18 06:00:00,30.514
2016-04-18 09:00:00,30.432
2016-04-18 12:00:00,30.296
2016-04-18 15:00:00,30.163
2016-04-18 18:00:00,29.97
2016-04-18 21:00:00,29.514
2016-04-19 00:00:00,29.123
2016-04-19 03:00:00,28.86
2016-04-19 06:00:00,28.649
2016-04-19 09:00:00,28.615
2016-04-19 12:00:00,28.441
2016-04-19 15:00:00,28.41
2016-04-19 18:00:00,28.329
2016-04-19 21:00:00,28.393
2016-04-20 00:00:00,28.144
2016-04-20 03:00:00,27.931
2016-04-20 06:00:00,27.754
2016-04-20 09:00:00,27.628
2016-04-20 12:00:00,27.439
2016-04-20 15:00:00,27.275
2016-04-20 18:00:00,27.112
2016-04-20 21:00:00,27.004
2016-04-21 00:00:00,26.975
2016-04-21 03:00:00,26.962
2016-04-21 06:00:00,26.938
2016-04-21 09:00:00,26.902
2016-04-21 12:00:00,26.844
2016-04-21 15:00:00,26.753
2016-04-21 18:00:00,26.648
2016-04-21 21:00:00,26.547
2016-04-22 00:00:00,26.506
2016-04-22 03:00:00,26.473
2016-04-22 06:00:00,26.427
2016-04-22 09:00:00,26.353
2016-04-22 12:00:00,26.243
2016-04-22 15:00:00,26.117
2016-04-22 18:00:00,26.007
2016-04-22 21:00:00,25.935
2016-04-23 00:00:00,25.898
2016-04-23 03:00:00,25.873
2016-04-23 06:00:00,25.843
2016-04-23 09:00:00,25.762
2016-04-23 12:00:00,25.619
2016-04-23 15:00:00,25.509
2016-04-23 18:00:00,25.433
2016-04-23 21:00:00,25.378
2016-04-24 00:00:00,25.354
2016-04-24 03:00:00,25.333
2016-04-24 06:00:00,25.301
2016-04-24 09:00:00,25.22
2016-04-24 12:00:00,25.078
2016-04-24 15:00:00,24.931
2016-04-24 18:00:00,24.832
2016-04-24 21:00:00,24.792
2016-04-25 00:00:00,24.774
2016-04-25 03:00:00,24.763
2016-04-25 06:00:00,24.727
2016-04-25 09:00:00,24.753
2016-04-25 12:00:00,24.921999
2016-04-25 15:00:00,25.137
2016-04-25 18:00:00,25.315
2016-04-25 21:00:00,25.384
2016-04-26 00:00:00,25.378
2016-04-26 03:00:00,25.372
2016-04-26 06:00:00,25.727
2016-04-26 09:00:00,26.318
2016-04-26 12:00:00,26.487
2016-04-26 15:00:00,26.576
2016-04-26 18:00:00,26.56
2016-04-26 21:00:00,26.431
2016-04-27 00:00:00,26.572
2016-04-27 03:00:00,26.828
2016-04-27 06:00:00,27.08
2016-04-27 09:00:00,28.014
2016-04-27 12:00:00,28.644
2016-04-27 15:00:00,29.253
2016-04-27 18:00:00,29.861
2016-04-27 21:00:00,29.713
2016-04-28 00:00:00,29.389
2016-04-28 03:00:00,29.246
2016-04-28 06:00:00,29.162
2016-04-28 09:00:00,28.989
2016-04-28 12:00:00,28.664
2016-04-28 15:00:00,28.355
2016-04-28 18:00:00,28.137
2016-04-28 21:00:00,27.976
2016-04-29 00:00:00,28.228
2016-04-29 03:00:00,28.443
2016-04-29 06:00:00,28.226
2016-04-29 09:00:00,27.948
2016-04-29 12:00:00,27.588
2016-04-29 15:00:00,27.638
2016-04-29 18:00:00,27.867
2016-04-29 21:00:00,30.757
2016-04-30 00:00:00,30.156
2016-04-30 03:00:00,29.9
2016-04-30 06:00:00,29.674
2016-04-30 09:00:00,29.164
2016-04-30 12:00:00,28.569
2016-04-30 15:00:00,28.061
2016-04-30 18:00:00,27.75
2016-04-30 21:00:00,27.541
2016-05-01 00:00:00,27.357
2016-05-01 03:00:00,27.188
2016-05-01 06:00:00,26.999
2016-05-01 09:00:00,26.669
2016-05-01 12:00:00,26.244
2016-05-01 15:00:00,25.858
2016-05-01 18:00:00,25.634
2016-05-01 21:00:00,25.546
2016-05-02 00:00:00,25.457
2016-05-02 03:00:00,25.385
2016-05-02 06:00:00,25.277
2016-05-02 09:00:00,25.03
2016-05-02 12:00:00,24.677
2016-05-02 15:00:00,24.369999
2016-05-02 18:00:00,24.213
2016-05-02 21:00:00,24.183
2016-05-03 00:00:00,24.168
2016-05-03 03:00:00,24.145
2016-05-03 06:00:00,24.078
2016-05-03 09:00:00,23.862999
2016-05-03 12:00:00,23.524
2016-05-03 15:00:00,23.218
2016-05-03 18:00:00,23.062
2016-05-03 21:00:00,23.029
2016-05-04 00:00:00,23.01
2016-05-04 03:00:00,22.995
2016-05-04 06:00:00,22.957
2016-05-04 09:00:00,22.772
2016-05-04 12:00:00,22.45
2016-05-04 15:00:00,22.201
2016-05-04 18:00:00,22.133
2016-05-04 21:00:00,22.223
2016-05-05 00:00:00,22.194
2016-05-05 03:00:00,22.178
2016-05-05 06:00:00,22.105
2016-05-05 09:00:00,21.887
2016-05-05 12:00:00,21.592
2016-05-05 15:00:00,21.339
2016-05-05 18:00:00,21.219
2016-05-05 21:00:00,21.189
2016-05-06 00:00:00,21.44
2016-05-06 03:00:00,21.681
2016-05-06 06:00:00,21.67
2016-05-06 09:00:00,21.522
2016-05-06 12:00:00,21.244
2016-05-06 15:00:00,21.005
2016-05-06 18:00:00,20.891
2016-05-06 21:00:00,20.875
2016-05-07 00:00:00,20.862
2016-05-07 03:00:00,20.866
2016-05-07 06:00:00,20.943
2016-05-07 09:00:00,21.035
2016-05-07 12:00:00,21.508
2016-05-07 15:00:00,22.29
2016-05-07 18:00:00,22.318
2016-05-07 21:00:00,22.297
2016-05-08 00:00:00,22.282
2016-05-08 03:00:00,22.272
2016-05-08 06:00:00,22.216
2016-05-08 09:00:00,21.966
2016-05-08 12:00:00,21.622
2016-05-08 15:00:00,21.332
2016-05-08 18:00:00,21.177
2016-05-08 21:00:00,21.154
2016-05-09 00:00:00,21.145
2016-05-09 03:00:00,21.135
2016-05-09 06:00:00,21.044
2016-05-09 09:00:00,20.829
2016-05-09 12:00:00,20.552
2016-05-09 15:00:00,20.338
2016-05-09 18:00:00,20.23
2016-05-09 21:00:00,20.186
2016-05-10 00:00:00,20.245
2016-05-10 03:00:00,20.301
2016-05-10 06:00:00,20.276
2016-05-10 09:00:00,20.266
2016-05-10 12:00:00,20.522
2016-05-10 15:00:00,21.007
2016-05-10 18:00:00,21.335
2016-05-10 21:00:00,21.83
2016-05-11 00:00:00,21.81
2016-05-11 03:00:00,21.799
2016-05-11 06:00:00,21.722
2016-05-11 09:00:00,21.531
2016-05-11 12:00:00,21.294
2016-05-11 15:00:00,21.096
2016-05-11 18:00:00,20.967
2016-05-11 21:00:00,20.926
2016-05-12 00:00:00,20.909
2016-05-12 03:00:00,20.898
2016-05-12 06:00:00,20.812
2016-05-12 09:00:00,20.633
2016-05-12 12:00:00,20.41
2016-05-12 15:00:00,20.218
2016-05-12 18:00:00,20.126
2016-05-12 21:00:00,20.098
2016-05-13 00:00:00,20.212
2016-05-13 03:00:00,20.342
2016-05-13 06:00:00,20.556
2016-05-13 09:00:00,20.665
2016-05-13 12:00:00,20.685
2016-05-13 15:00:00,20.716
2016-05-13 18:00:00,20.765
2016-05-13 21:00:00,20.883
2016-05-14 00:00:00,21.176
2016-05-14 03:00:00,21.484
2016-05-14 06:00:00,21.726
2016-05-14 09:00:00,21.918
2016-05-14 12:00:00,22.032
2016-05-14 15:00:00,22.149
2016-05-14 18:00:00,22.325
2016-05-14 21:00:00,22.647
2016-05-15 00:00:00,22.675
2016-05-15 03:00:00,22.703
2016-05-15 06:00:00,22.629
2016-05-15 09:00:00,22.527
2016-05-15 12:00:00,22.31
2016-05-15 15:00:00,22.162
2016-05-15 18:00:00,22.1
2016-05-15 21:00:00,22.11
2016-05-16 00:00:00,22.102
2016-05-16 03:00:00,22.134
2016-05-16 06:00:00,22.272
2016-05-16 09:00:00,22.287
2016-05-16 12:00:00,22.22
2016-05-16 15:00:00,22.125
2016-05-16 18:00:00,22.023
2016-05-16 21:00:00,22.042
2016-05-17 00:00:00,22.126
2016-05-17 03:00:00,22.184
2016-05-17 06:00:00,22.093
2016-05-17 09:00:00,21.93
2016-05-17 12:00:00,21.696
2016-05-17 15:00:00,21.493
2016-05-17 18:00:00,21.361
2016-05-17 21:00:00,21.336
2016-05-18 00:00:00,21.384
2016-05-18 03:00:00,21.403
2016-05-18 06:00:00,21.496
2016-05-18 09:00:00,21.503
2016-05-18 12:00:00,21.486
2016-05-18 15:00:00,21.471
2016-05-18 18:00:00,21.673
2016-05-18 21:00:00,21.903
2016-05-19 00:00:00,21.986
2016-05-19 03:00:00,22.067
2016-05-19 06:00:00,22.258
2016-05-19 09:00:00,22.529
2016-05-19 12:00:00,22.532
2016-05-19 15:00:00,22.755
2016-05-19 18:00:00,22.812
2016-05-19 21:00:00,22.983
2016-05-20 00:00:00,22.96
2016-05-20 03:00:00,22.946
2016-05-20 06:00:00,22.862
2016-05-20 09:00:00,22.666
2016-05-20 12:00:00,22.414
2016-05-20 15:00:00,22.201
2016-05-20 18:00:00,22.071
2016-05-20 21:00:00,22.013
2016-05-21 00:00:00,22.525
2016-05-21 03:00:00,23.225
2016-05-21 06:00:00,23.313
2016-05-21 09:00:00,23.218
2016-05-21 12:00:00,23.14
2016-05-21 15:00:00,23.16
2016-05-21 18:00:00,23.113
2016-05-21 21:00:00,23.19
2016-05-22 00:00:00,23.166
2016-05-22 03:00:00,23.141
2016-05-22 06:00:00,23.068
2016-05-22 09:00:00,22.896
2016-05-22 12:00:00,22.652
2016-05-22 15:00:00,22.408
2016-05-22 18:00:00,22.276
2016-05-22 21:00:00,22.238
2016-05-23 00:00:00,22.453
2016-05-23 03:00:00,22.559
2016-05-23 06:00:00,22.599
2016-05-23 09:00:00,22.591
2016-05-23 12:00:00,22.535
2016-05-23 15:00:00,22.837
2016-05-23 18:00:00,23.271
2016-05-23 21:00:00,23.611
2016-05-24 00:00:00,23.728
2016-05-24 03:00:00,23.928
2016-05-24 06:00:00,23.968
2016-05-24 09:00:00,23.953
2016-05-24 12:00:00,23.886
2016-05-24 15:00:00,23.779
2016-05-24 18:00:00,24.322
2016-05-24 21:00:00,26.161
2016-05-25 00:00:00,28.846
2016-05-25 03:00:00,31.914
2016-05-25 06:00:00,31.145
2016-05-25 09:00:00,30.328
2016-05-25 12:00:00,29.536
2016-05-25 15:00:00,28.924
2016-05-25 18:00:00,28.478
2016-05-25 21:00:00,28.173
2016-05-26 00:00:00,27.89
2016-05-26 03:00:00,27.655
2016-05-26 06:00:00,27.452
2016-05-26 09:00:00,27.209
2016-05-26 12:00:00,27.011
2016-05-26 15:00:00,26.866
2016-05-26 18:00:00,26.806
2016-05-26 21:00:00,26.845
2016-05-27 00:00:00,26.706
2016-05-27 03:00:00,26.575
2016-05-27 06:00:00,26.33
2016-05-27 09:00:00,25.917
2016-05-27 12:00:00,25.441
2016-05-27 15:00:00,25.041
2016-05-27 18:00:00,24.813
2016-05-27 21:00:00,24.727
2016-05-28 00:00:00,24.647
2016-05-28 03:00:00,24.585
2016-05-28 06:00:00,24.467
2016-05-28 09:00:00,24.258
2016-05-28 12:00:00,23.999
2016-05-28 15:00:00,23.757
2016-05-28 18:00:00,23.61
2016-05-28 21:00:00,23.564
2016-05-29 00:00:00,23.54
2016-05-29 03:00:00,23.514
2016-05-29 06:00:00,23.415
2016-05-29 09:00:00,23.184
2016-05-29 12:00:00,22.884
2016-05-29 15:00:00,22.628
2016-05-29 18:00:00,22.498
2016-05-29 21:00:00,22.46
2016-05-30 00:00:00,22.441
2016-05-30 03:00:00,22.424
2016-05-30 06:00:00,22.343
2016-05-30 09:00:00,22.157
2016-05-30 12:00:00,21.944
2016-05-30 15:00:00,21.738
2016-05-30 18:00:00,21.623
2016-05-30 21:00:00,21.595
2016-05-31 00:00:00,21.608
2016-05-31 03:00:00,21.624
2016-05-31 06:00:00,21.561
2016-05-31 09:00:00,21.379
2016-05-31 12:00:00,21.144
2016-05-31 15:00:00,20.932
2016-05-31 18:00:00,20.819
2016-05-31 21:00:00,20.797
2016-06-01 00:00:00,20.809
2016-06-01 03:00:00,20.899
2016-06-01 06:00:00,20.87
2016-06-01 09:00:00,20.762
2016-06-01 12:00:00,20.588
2016-06-01 15:00:00,20.438
2016-06-01 18:00:00,20.393
2016-06-01 21:00:00,20.406
2016-06-02 00:00:00,20.414
2016-06-02 03:00:00,20.423
2016-06-02 06:00:00,20.387
2016-06-02 09:00:00,20.274
2016-06-02 12:00:00,20.09
2016-06-02 15:00:00,19.929
2016-06-02 18:00:00,19.846
2016-06-02 21:00:00,19.831
2016-06-03 00:00:00,19.839
2016-06-03 03:00:00,19.838
2016-06-03 06:00:00,19.761
2016-06-03 09:00:00,19.595
2016-06-03 12:00:00,19.388
2016-06-03 15:00:00,19.212
2016-06-03 18:00:00,19.114
2016-06-03 21:00:00,19.083
2016-06-04 00:00:00,19.079
2016-06-04 03:00:00,19.082
2016-06-04 06:00:00,19.048
2016-06-04 09:00:00,18.971
2016-06-04 12:00:00,18.895
2016-06-04 15:00:00,18.835
2016-06-04 18:00:00,18.824
2016-06-04 21:00:00,18.87
2016-06-05 00:00:00,18.927
2016-06-05 03:00:00,18.978
2016-06-05 06:00:00,18.996
2016-06-05 09:00:00,18.975
2016-06-05 12:00:00,18.947
2016-06-05 15:00:00,18.917
2016-06-05 18:00:00,18.932
2016-06-05 21:00:00,18.994
2016-06-06 00:00:00,19.076
2016-06-06 03:00:00,19.156
2016-06-06 06:00:00,19.193
2016-06-06 09:00:00,19.16
2016-06-06 12:00:00,19.093
2016-06-06 15:00:00,19.037
2016-06-06 18:00:00,19.028
2016-06-06 21:00:00,19.084
2016-06-07 00:00:00,19.574
2016-06-07 03:00:00,20.301
2016-06-07 06:00:00,20.628
2016-06-07 09:00:00,20.875
2016-06-07 12:00:00,21.028
2016-06-07 15:00:00,21.223
2016-06-07 18:00:00,21.793
2016-06-07 21:00:00,22.751
2016-06-08 00:00:00,22.807
2016-06-08 03:00:00,22.826
2016-06-08 06:00:00,22.747
2016-06-08 09:00:00,22.624
2016-06-08 12:00:00,22.513
2016-06-08 15:00:00,22.47
2016-06-08 18:00:00,22.446
2016-06-08 21:00:00,22.45
2016-06-09 00:00:00,22.602
2016-06-09 03:00:00,22.801
2016-06-09 06:00:00,22.986
2016-06-09 09:00:00,23.057
2016-06-09 12:00:00,23.068
2016-06-09 15:00:00,23.014
2016-06-09 18:00:00,23.081
2016-06-09 21:00:00,23.186
2016-06-10 00:00:00,23.212
2016-06-10 03:00:00,23.242
2016-06-10 06:00:00,23.219
2016-06-10 09:00:00,23.208
2016-06-10 12:00:00,23.325
2016-06-10 15:00:00,23.372
2016-06-10 18:00:00,23.528
2016-06-10 21:00:00,23.705
2016-06-11 00:00:00,23.7
2016-06-11 03:00:00,23.686
2016-06-11 06:00:00,23.628
2016-06-11 09:00:00,23.531
2016-06-11 12:00:00,23.371
2016-06-11 15:00:00,23.251
2016-06-11 18:00:00,23.199
2016-06-11 21:00:00,23.21
2016-06-12 00:00:00,23.22
2016-06-12 03:00:00,23.228
2016-06-12 06:00:00,23.174
2016-06-12 09:00:00,23.026
2016-06-12 12:00:00,22.916
2016-06-12 15:00:00,22.781
2016-06-12 18:00:00,22.713
2016-06-12 21:00:00,22.722
2016-06-13 00:00:00,22.916
2016-06-13 03:00:00,23.016
2016-06-13 06:00:00,22.982
2016-06-13 09:00:00,22.866
2016-06-13 12:00:00,22.738
2016-06-13 15:00:00,22.637
2016-06-13 18:00:00,22.765
2016-06-13 21:00:00,22.951
2016-06-14 00:00:00,22.965
2016-06-14 03:00:00,22.973
2016-06-14 06:00:00,22.905
2016-06-14 09:00:00,22.757
2016-06-14 12:00:00,22.604
2016-06-14 15:00:00,22.497
2016-06-14 18:00:00,22.451
2016-06-14 21:00:00,22.463
2016-06-15 00:00:00,22.504
2016-06-15 03:00:00,22.539
2016-06-15 06:00:00,22.512
2016-06-15 09:00:00,22.425
2016-06-15 12:00:00,22.287
2016-06-15 15:00:00,22.136
2016-06-15 18:00:00,22.074
2016-06-15 21:00:00,22.091
2016-06-16 00:00:00,22.342
2016-06-16 03:00:00,22.599
2016-06-16 06:00:00,22.624
2016-06-16 09:00:00,22.549
2016-06-16 12:00:00,22.412
2016-06-16 15:00:00,22.458
2016-06-16 18:00:00,22.562
2016-06-16 21:00:00,22.738
2016-06-17 00:00:00,23.232
2016-06-17 03:00:00,24.4
2016-06-17 06:00:00,25.904
2016-06-17 09:00:00,26.782
2016-06-17 12:00:00,27.826
2016-06-17 15:00:00,28.367
2016-06-17 18:00:00,28.251
2016-06-17 21:00:00,28.049
2016-06-18 00:00:00,28.157
2016-06-18 03:00:00,28.233
2016-06-18 06:00:00,28.71
2016-06-18 09:00:00,28.681
2016-06-18 12:00:00,28.243
2016-06-18 15:00:00,28.376
2016-06-18 18:00:00,29.302
2016-06-18 21:00:00,29.608
2016-06-19 00:00:00,28.765
2016-06-19 03:00:00,28.269
2016-06-19 06:00:00,27.893
2016-06-19 09:00:00,27.547
2016-06-19 12:00:00,27.285
2016-06-19 15:00:00,27.121
2016-06-19 18:00:00,27.054
2016-06-19 21:00:00,27.045
2016-06-20 00:00:00,26.905
2016-06-20 03:00:00,26.769
2016-06-20 06:00:00,26.568
2016-06-20 09:00:00,26.286
2016-06-20 12:00:00,26.05
2016-06-20 15:00:00,25.812
2016-06-20 18:00:00,25.688
2016-06-20 21:00:00,25.672
2016-06-21 00:00:00,25.891
2016-06-21 03:00:00,27.161
2016-06-21 06:00:00,27.344
2016-06-21 09:00:00,27.956
2016-06-21 12:00:00,28.434
2016-06-21 15:00:00,30.319
2016-06-21 18:00:00,31.114
2016-06-21 21:00:00,31.22
2016-06-22 00:00:00,29.856
2016-06-22 03:00:00,29.167
2016-06-22 06:00:00,28.644
2016-06-22 09:00:00,28.129
2016-06-22 12:00:00,27.622
2016-06-22 15:00:00,27.3
2016-06-22 18:00:00,27.121
2016-06-22 21:00:00,27.075
2016-06-23 00:00:00,27.04
2016-06-23 03:00:00,26.992
2016-06-23 06:00:00,26.847
2016-06-23 09:00:00,26.622
2016-06-23 12:00:00,26.461
2016-06-23 15:00:00,26.384
2016-06-23 18:00:00,28.054
2016-06-23 21:00:00,30.487
2016-06-24 00:00:00,29.393
2016-06-24 03:00:00,28.819
2016-06-24 06:00:00,28.381
2016-06-24 09:00:00,27.94
2016-06-24 12:00:00,27.459
2016-06-24 15:00:00,27.168
2016-06-24 18:00:00,27.023
2016-06-24 21:00:00,26.969
2016-06-25 00:00:00,28.322
2016-06-25 03:00:00,29.806
2016-06-25 06:00:00,29.102
2016-06-25 09:00:00,28.827
2016-06-25 12:00:00,28.584
2016-06-25 15:00:00,28.248
2016-06-25 18:00:00,27.994
2016-06-25 21:00:00,27.857
2016-06-26 00:00:00,27.687
2016-06-26 03:00:00,27.55
2016-06-26 06:00:00,27.353
2016-06-26 09:00:00,27.055
2016-06-26 12:00:00,26.738
2016-06-26 15:00:00,26.482
2016-06-26 18:00:00,26.36
2016-06-26 21:00:00,26.354
2016-06-27 00:00:00,26.387
2016-06-27 03:00:00,26.454
2016-06-27 06:00:00,26.47
2016-06-27 09:00:00,26.507
2016-06-27 12:00:00,27.298
2016-06-27 15:00:00,28.005
2016-06-27 18:00:00,29.222
2016-06-27 21:00:00,29.449
2016-06-28 00:00:00,28.662
2016-06-28 03:00:00,28.194
2016-06-28 06:00:00,27.819
2016-06-28 09:00:00,27.394
2016-06-28 12:00:00,26.955
2016-06-28 15:00:00,26.633
2016-06-28 18:00:00,26.485
2016-06-28 21:00:00,26.465
2016-06-29 00:00:00,26.47
2016-06-29 03:00:00,26.457
2016-06-29 06:00:00,26.362
2016-06-29 09:00:00,26.187
2016-06-29 12:00:00,25.961
2016-06-29 15:00:00,25.77
2016-06-29 18:00:00,25.682
2016-06-29 21:00:00,25.7
2016-06-30 00:00:00,25.814
2016-06-30 03:00:00,25.862
2016-06-30 06:00:00,25.786
2016-06-30 09:00:00,25.6
2016-06-30 12:00:00,25.427
2016-06-30 15:00:00,25.281
2016-06-30 18:00:00,25.268
2016-06-30 21:00:00,25.407
2016-07-01 00:00:00,26.04
2016-07-01 03:00:00,26.586
2016-07-01 06:00:00,26.436
2016-07-01 09:00:00,26.216
2016-07-01 12:00:00,26.042
2016-07-01 15:00:00,25.895
2016-07-01 18:00:00,25.814
2016-07-01 21:00:00,25.795
2016-07-02 00:00:00,25.744
2016-07-02 03:00:00,25.696
2016-07-02 06:00:00,25.684
2016-07-02 09:00:00,25.866
2016-07-02 12:00:00,26.622
2016-07-02 15:00:00,27.499
2016-07-02 18:00:00,27.074
2016-07-02 21:00:00,26.8
2016-07-03 00:00:00,26.604
2016-07-03 03:00:00,26.444
2016-07-03 06:00:00,26.307
2016-07-03 09:00:00,26.082
2016-07-03 12:00:00,25.915
2016-07-03 15:00:00,25.827
2016-07-03 18:00:00,26.677
2016-07-03 21:00:00,27.959
2016-07-04 00:00:00,27.525
2016-07-04 03:00:00,27.263
2016-07-04 06:00:00,27.124
2016-07-04 09:00:00,26.923
2016-07-04 12:00:00,26.669
2016-07-04 15:00:00,26.545
2016-07-04 18:00:00,26.394
2016-07-04 21:00:00,26.309
2016-07-05 00:00:00,26.292
2016-07-05 03:00:00,26.188
2016-07-05 06:00:00,26.341
2016-07-05 09:00:00,27.031
2016-07-05 12:00:00,27.722
2016-07-05 15:00:00,29.888
2016-07-05 18:00:00,29.978
2016-07-05 21:00:00,29.484
2016-07-06 00:00:00,28.667
2016-07-06 03:00:00,28.158
2016-07-06 06:00:00,27.759
2016-07-06 09:00:00,27.788
2016-07-06 12:00:00,29.22
2016-07-06 15:00:00,29.405
2016-07-06 18:00:00,28.711
2016-07-06 21:00:00,28.458
2016-07-07 00:00:00,28.596
2016-07-07 03:00:00,28.614
2016-07-07 06:00:00,29.188
2016-07-07 09:00:00,29.033
2016-07-07 12:00:00,28.573
2016-07-07 15:00:00,28.257
2016-07-07 18:00:00,27.888
2016-07-07 21:00:00,27.701
2016-07-08 00:00:00,27.959
2016-07-08 03:00:00,28.478
2016-07-08 06:00:00,28.737
2016-07-08 09:00:00,28.879
2016-07-08 12:00:00,29.123
2016-07-08 15:00:00,29.352
2016-07-08 18:00:00,29.492
2016-07-08 21:00:00,29.693
2016-07-09 00:00:00,29.241
2016-07-09 03:00:00,28.979
2016-07-09 06:00:00,28.636
2016-07-09 09:00:00,28.323
2016-07-09 12:00:00,28.036
2016-07-09 15:00:00,27.827
2016-07-09 18:00:00,27.731
2016-07-09 21:00:00,27.697
2016-07-10 00:00:00,27.589
2016-07-10 03:00:00,27.488
2016-07-10 06:00:00,28.749
2016-07-10 09:00:00,28.41
2016-07-10 12:00:00,27.944
2016-07-10 15:00:00,27.61
2016-07-10 18:00:00,27.419
2016-07-10 21:00:00,27.372
2016-07-11 00:00:00,27.287
2016-07-11 03:00:00,27.208
2016-07-11 06:00:00,27.072
2016-07-11 09:00:00,26.822
2016-07-11 12:00:00,26.552
2016-07-11 15:00:00,26.336
2016-07-11 18:00:00,26.25
2016-07-11 21:00:00,26.254
2016-07-12 00:00:00,26.274
2016-07-12 03:00:00,26.278
2016-07-12 06:00:00,26.297
2016-07-12 09:00:00,26.468
2016-07-12 12:00:00,26.293
2016-07-12 15:00:00,26.072
2016-07-12 18:00:00,26.009
2016-07-12 21:00:00,26.003
2016-07-13 00:00:00,26.04
2016-07-13 03:00:00,26.165
2016-07-13 06:00:00,26.117
2016-07-13 09:00:00,25.961
2016-07-13 12:00:00,25.766
2016-07-13 15:00:00,25.644
2016-07-13 18:00:00,25.614
2016-07-13 21:00:00,25.655
2016-07-14 00:00:00,25.654
2016-07-14 03:00:00,25.65
2016-07-14 06:00:00,25.587
2016-07-14 09:00:00,25.479
2016-07-14 12:00:00,25.504
2016-07-14 15:00:00,25.582
2016-07-14 18:00:00,25.693
2016-07-14 21:00:00,25.791
2016-07-15 00:00:00,25.781
2016-07-15 03:00:00,25.735
2016-07-15 06:00:00,25.634
2016-07-15 09:00:00,25.543
2016-07-15 12:00:00,25.705
2016-07-15 15:00:00,25.731
2016-07-15 18:00:00,25.653
2016-07-15 21:00:00,25.604
2016-07-16 00:00:00,26.12
2016-07-16 03:00:00,26.915
2016-07-16 06:00:00,27.295
2016-07-16 09:00:00,27.08
2016-07-16 12:00:00,26.822
2016-07-16 15:00:00,26.675
2016-07-16 18:00:00,26.682
2016-07-16 21:00:00,27.288
2016-07-17 00:00:00,27.002
2016-07-17 03:00:00,26.776
2016-07-17 06:00:00,28.326
2016-07-17 09:00:00,29.531
2016-07-17 12:00:00,28.508
2016-07-17 15:00:00,27.928
2016-07-17 18:00:00,27.494
2016-07-17 21:00:00,27.279
2016-07-18 00:00:00,27.107
2016-07-18 03:00:00,26.961
2016-07-18 06:00:00,26.771
2016-07-18 09:00:00,26.488
2016-07-18 12:00:00,26.196
2016-07-18 15:00:00,25.991
2016-07-18 18:00:00,25.878
2016-07-18 21:00:00,25.872
2016-07-19 00:00:00,25.874
2016-07-19 03:00:00,25.868
2016-07-19 06:00:00,25.787
2016-07-19 09:00:00,25.609
2016-07-19 12:00:00,25.393
2016-07-19 15:00:00,25.223
2016-07-19 18:00:00,25.173
2016-07-19 21:00:00,25.199
2016-07-20 00:00:00,25.224
2016-07-20 03:00:00,25.242
2016-07-20 06:00:00,25.194
2016-07-20 09:00:00,25.032
2016-07-20 12:00:00,24.836
2016-07-20 15:00:00,24.684
2016-07-20 18:00:00,24.627
2016-07-20 21:00:00,24.659
2016-07-21 00:00:00,24.692
2016-07-21 03:00:00,24.72
2016-07-21 06:00:00,24.684
2016-07-21 09:00:00,24.533
2016-07-21 12:00:00,24.338
2016-07-21 15:00:00,24.182
2016-07-21 18:00:00,24.134
2016-07-21 21:00:00,24.171
2016-07-22 00:00:00,24.207
2016-07-22 03:00:00,24.237
2016-07-22 06:00:00,24.203
2016-07-22 09:00:00,24.064
2016-07-22 12:00:00,23.881
2016-07-22 15:00:00,23.739
2016-07-22 18:00:00,23.701
2016-07-22 21:00:00,23.74
2016-07-23 00:00:00,23.778
2016-07-23 03:00:00,23.817
2016-07-23 06:00:00,23.808
2016-07-23 09:00:00,23.705
2016-07-23 12:00:00,23.578
2016-07-23 15:00:00,23.457
2016-07-23 18:00:00,23.423
2016-07-23 21:00:00,23.462
2016-07-24 00:00:00,23.503
2016-07-24 03:00:00,23.537
2016-07-24 06:00:00,23.517
2016-07-24 09:00:00,23.397
2016-07-24 12:00:00,23.248
2016-07-24 15:00:00,23.149
2016-07-24 18:00:00,23.112
2016-07-24 21:00:00,23.141
2016-07-25 00:00:00,23.199
2016-07-25 03:00:00,23.392
2016-07-25 06:00:00,23.381
2016-07-25 09:00:00,23.291
2016-07-25 12:00:00,23.174
2016-07-25 15:00:00,23.057
2016-07-25 18:00:00,23.02
2016-07-25 21:00:00,23.049
2016-07-26 00:00:00,23.082
2016-07-26 03:00:00,23.106
2016-07-26 06:00:00,23.152
2016-07-26 09:00:00,23.065
2016-07-26 12:00:00,22.922
2016-07-26 15:00:00,22.928
2016-07-26 18:00:00,22.895
2016-07-26 21:00:00,22.929
2016-07-27 00:00:00,23.122
2016-07-27 03:00:00,24.019
2016-07-27 06:00:00,24.397
2016-07-27 09:00:00,24.375
2016-07-27 12:00:00,24.167
2016-07-27 15:00:00,24.03
2016-07-27 18:00:00,24.025
2016-07-27 21:00:00,23.998
2016-07-28 00:00:00,23.936
2016-07-28 03:00:00,23.887
2016-07-28 06:00:00,23.821
2016-07-28 09:00:00,23.691
2016-07-28 12:00:00,23.532
2016-07-28 15:00:00,23.364
2016-07-28 18:00:00,23.276
2016-07-28 21:00:00,23.255
2016-07-29 00:00:00,23.373
2016-07-29 03:00:00,23.469
2016-07-29 06:00:00,23.455
2016-07-29 09:00:00,23.312
2016-07-29 12:00:00,23.108
2016-07-29 15:00:00,22.937
2016-07-29 18:00:00,22.87
2016-07-29 21:00:00,22.882
2016-07-30 00:00:00,22.898
2016-07-30 03:00:00,22.914
2016-07-30 06:00:00,22.885
2016-07-30 09:00:00,22.775
2016-07-30 12:00:00,22.617
2016-07-30 15:00:00,22.496
2016-07-30 18:00:00,22.624
2016-07-30 21:00:00,22.915
2016-07-31 00:00:00,23.504
2016-07-31 03:00:00,23.973
2016-07-31 06:00:00,23.949
2016-07-31 09:00:00,23.798
2016-07-31 12:00:00,23.663
2016-07-31 15:00:00,23.57
2016-07-31 18:00:00,23.506
2016-07-31 21:00:00,23.497
2016-08-01 00:00:00,23.466
2016-08-01 03:00:00,23.437
2016-08-01 06:00:00,23.356
2016-08-01 09:00:00,23.174
2016-08-01 12:00:00,22.945
2016-08-01 15:00:00,22.766
2016-08-01 18:00:00,22.694
2016-08-01 21:00:00,22.701
2016-08-02 00:00:00,22.777
2016-08-02 03:00:00,22.953
2016-08-02 06:00:00,24.568
2016-08-02 09:00:00,25.686
2016-08-02 12:00:00,26.711
2016-08-02 15:00:00,26.127
2016-08-02 18:00:00,25.686
2016-08-02 21:00:00,25.444
2016-08-03 00:00:00,25.22
2016-08-03 03:00:00,25.046
2016-08-03 06:00:00,24.844
2016-08-03 09:00:00,24.554
2016-08-03 12:00:00,24.223
2016-08-03 15:00:00,23.972
2016-08-03 18:00:00,24.097
2016-08-03 21:00:00,24.403
2016-08-04 00:00:00,24.379
2016-08-04 03:00:00,24.361
2016-08-04 06:00:00,24.434
2016-08-04 09:00:00,24.397
2016-08-04 12:00:00,24.185
2016-08-04 15:00:00,24.053
2016-08-04 18:00:00,24.099
2016-08-04 21:00:00,24.155
2016-08-05 00:00:00,24.096
2016-08-05 03:00:00,24.044
2016-08-05 06:00:00,23.965
2016-08-05 09:00:00,23.774
2016-08-05 12:00:00,23.528
2016-08-05 15:00:00,23.354
2016-08-05 18:00:00,23.288
2016-08-05 21:00:00,23.305
2016-08-06 00:00:00,24.962
2016-08-06 03:00:00,26.822
2016-08-06 06:00:00,26.29
2016-08-06 09:00:00,25.738
2016-08-06 12:00:00,25.242
2016-08-06 15:00:00,24.967
2016-08-06 18:00:00,24.846
2016-08-06 21:00:00,24.848
2016-08-07 00:00:00,24.836
2016-08-07 03:00:00,24.992
2016-08-07 06:00:00,24.961
2016-08-07 09:00:00,24.768
2016-08-07 12:00:00,24.416
2016-08-07 15:00:00,24.164
2016-08-07 18:00:00,24.066
2016-08-07 21:00:00,24.079
2016-08-08 00:00:00,25.792
2016-08-08 03:00:00,27.579
2016-08-08 06:00:00,28.476
2016-08-08 09:00:00,28.668
2016-08-08 12:00:00,28.53
2016-08-08 15:00:00,27.862
2016-08-08 18:00:00,27.588
2016-08-08 21:00:00,27.437
2016-08-09 00:00:00,27.093
2016-08-09 03:00:00,26.88
2016-08-09 06:00:00,26.777
2016-08-09 09:00:00,26.833
2016-08-09 12:00:00,26.662
2016-08-09 15:00:00,26.645
2016-08-09 18:00:00,26.505
2016-08-09 21:00:00,26.492
2016-08-10 00:00:00,28.864
2016-08-10 03:00:00,29.702
2016-08-10 06:00:00,28.525
2016-08-10 09:00:00,27.773
2016-08-10 12:00:00,27.266
2016-08-10 15:00:00,27.085
2016-08-10 18:00:00,27.019
2016-08-10 21:00:00,27.548
2016-08-11 00:00:00,27.265
2016-08-11 03:00:00,27.606
2016-08-11 06:00:00,27.237
2016-08-11 09:00:00,26.842
2016-08-11 12:00:00,26.534
2016-08-11 15:00:00,26.379
2016-08-11 18:00:00,26.238
2016-08-11 21:00:00,26.143
2016-08-12 00:00:00,26.147
2016-08-12 03:00:00,26.153
2016-08-12 06:00:00,26.124
2016-08-12 09:00:00,25.977
2016-08-12 12:00:00,25.741
2016-08-12 15:00:00,25.558
2016-08-12 18:00:00,25.513
2016-08-12 21:00:00,25.568
2016-08-13 00:00:00,26.56
2016-08-13 03:00:00,27.598
2016-08-13 06:00:00,28.32
2016-08-13 09:00:00,28.663
2016-08-13 12:00:00,28.738
2016-08-13 15:00:00,28.811
2016-08-13 18:00:00,29.119
2016-08-13 21:00:00,29.486
2016-08-14 00:00:00,28.633
2016-08-14 03:00:00,28.124
2016-08-14 06:00:00,27.759
2016-08-14 09:00:00,27.434
2016-08-14 12:00:00,27.178
2016-08-14 15:00:00,27.518
2016-08-14 18:00:00,29.266
2016-08-14 21:00:00,31.503
2016-08-15 00:00:00,29.896
2016-08-15 03:00:00,29.212
2016-08-15 06:00:00,28.721
2016-08-15 09:00:00,28.265
2016-08-15 12:00:00,27.852
2016-08-15 15:00:00,27.532
2016-08-15 18:00:00,27.362
2016-08-15 21:00:00,27.269
2016-08-16 00:00:00,27.156
2016-08-16 03:00:00,27.055
2016-08-16 06:00:00,26.911
2016-08-16 09:00:00,26.648
2016-08-16 12:00:00,26.336
2016-08-16 15:00:00,26.107
2016-08-16 18:00:00,26.028
2016-08-16 21:00:00,26.003
2016-08-17 00:00:00,26.012
2016-08-17 03:00:00,26.023
2016-08-17 06:00:00,25.996
2016-08-17 09:00:00,25.894
2016-08-17 12:00:00,25.811
2016-08-17 15:00:00,25.762
2016-08-17 18:00:00,25.764
2016-08-17 21:00:00,25.795
2016-08-18 00:00:00,25.795
2016-08-18 03:00:00,25.806
2016-08-18 06:00:00,25.771
2016-08-18 09:00:00,25.659
2016-08-18 12:00:00,25.526
2016-08-18 15:00:00,25.413
2016-08-18 18:00:00,25.371
2016-08-18 21:00:00,25.379
2016-08-19 00:00:00,25.644
2016-08-19 03:00:00,26.264
2016-08-19 06:00:00,26.643
2016-08-19 09:00:00,26.698
2016-08-19 12:00:00,26.862
2016-08-19 15:00:00,27.028
2016-08-19 18:00:00,27.313
2016-08-19 21:00:00,27.613
2016-08-20 00:00:00,27.217
2016-08-20 03:00:00,26.949
2016-08-20 06:00:00,26.716
2016-08-20 09:00:00,26.466
2016-08-20 12:00:00,26.226
2016-08-20 15:00:00,26.064
2016-08-20 18:00:00,25.982
2016-08-20 21:00:00,26.095
2016-08-21 00:00:00,26.767
2016-08-21 03:00:00,27.387
2016-08-21 06:00:00,27.51
2016-08-21 09:00:00,27.507
2016-08-21 12:00:00,27.196
2016-08-21 15:00:00,26.947
2016-08-21 18:00:00,26.876
2016-08-21 21:00:00,26.95
2016-08-22 00:00:00,27.041
2016-08-22 03:00:00,26.892
2016-08-22 06:00:00,26.705
2016-08-22 09:00:00,27.242
2016-08-22 12:00:00,27.331
2016-08-22 15:00:00,28.42
2016-08-22 18:00:00,30.764
2016-08-22 21:00:00,31.339
2016-08-23 00:00:00,29.793
2016-08-23 03:00:00,29.106
2016-08-23 06:00:00,28.637
2016-08-23 09:00:00,28.206
2016-08-23 12:00:00,27.764
2016-08-23 15:00:00,27.418
2016-08-23 18:00:00,27.311
2016-08-23 21:00:00,27.25
2016-08-24 00:00:00,27.161
2016-08-24 03:00:00,27.08
2016-08-24 06:00:00,26.978
2016-08-24 09:00:00,26.763
2016-08-24 12:00:00,26.504
2016-08-24 15:00:00,26.307
2016-08-24 18:00:00,26.252
2016-08-24 21:00:00,26.247
2016-08-25 00:00:00,26.697
2016-08-25 03:00:00,27.511
2016-08-25 06:00:00,28.026
2016-08-25 09:00:00,27.949
2016-08-25 12:00:00,27.717
2016-08-25 15:00:00,27.585
2016-08-25 18:00:00,28.686
2016-08-25 21:00:00,30.388
2016-08-26 00:00:00,29.198
2016-08-26 03:00:00,28.6
2016-08-26 06:00:00,28.19
2016-08-26 09:00:00,27.776
2016-08-26 12:00:00,27.353
2016-08-26 15:00:00,27.079
2016-08-26 18:00:00,26.968
2016-08-26 21:00:00,26.907
2016-08-27 00:00:00,26.863
2016-08-27 03:00:00,26.812
2016-08-27 06:00:00,26.727
2016-08-27 09:00:00,26.609
2016-08-27 12:00:00,27.296
2016-08-27 15:00:00,27.829
2016-08-27 18:00:00,27.798
2016-08-27 21:00:00,27.692
2016-08-28 00:00:00,27.422
2016-08-28 03:00:00,27.207
2016-08-28 06:00:00,27.026
2016-08-28 09:00:00,26.786
2016-08-28 12:00:00,26.506
2016-08-28 15:00:00,26.29
2016-08-28 18:00:00,26.224
2016-08-28 21:00:00,26.214
2016-08-29 00:00:00,26.262
2016-08-29 03:00:00,26.259
2016-08-29 06:00:00,26.234
2016-08-29 09:00:00,26.113
2016-08-29 12:00:00,25.934
2016-08-29 15:00:00,25.802
2016-08-29 18:00:00,25.763
2016-08-29 21:00:00,25.775
2016-08-30 00:00:00,25.827
2016-08-30 03:00:00,25.873
2016-08-30 06:00:00,25.921
2016-08-30 09:00:00,25.843
2016-08-30 12:00:00,25.675
2016-08-30 15:00:00,25.524
2016-08-30 18:00:00,25.469
2016-08-30 21:00:00,25.476
2016-08-31 00:00:00,25.511
2016-08-31 03:00:00,25.592
2016-08-31 06:00:00,25.585
2016-08-31 09:00:00,25.506
2016-08-31 12:00:00,25.511
2016-08-31 15:00:00,25.599
2016-08-31 18:00:00,26.445
2016-08-31 21:00:00,27.828
2016-09-01 00:00:00,29.122
2016-09-01 03:00:00,28.88
2016-09-01 06:00:00,28.123
2016-09-01 09:00:00,27.69
2016-09-01 12:00:00,27.184
2016-09-01 15:00:00,26.799
2016-09-01 18:00:00,26.618
2016-09-01 21:00:00,26.528
2016-09-02 00:00:00,26.451
2016-09-02 03:00:00,26.392
2016-09-02 06:00:00,26.337
2016-09-02 09:00:00,26.177
2016-09-02 12:00:00,26.128
2016-09-02 15:00:00,26.125
2016-09-02 18:00:00,26.241
2016-09-02 21:00:00,26.49
2016-09-03 00:00:00,26.384
2016-09-03 03:00:00,26.299
2016-09-03 06:00:00,26.214
2016-09-03 09:00:00,26.039
2016-09-03 12:00:00,25.822
2016-09-03 15:00:00,25.656
2016-09-03 18:00:00,25.605
2016-09-03 21:00:00,25.597
2016-09-04 00:00:00,25.657
2016-09-04 03:00:00,25.681
2016-09-04 06:00:00,25.797
2016-09-04 09:00:00,25.721
2016-09-04 12:00:00,25.524
2016-09-04 15:00:00,25.384
2016-09-04 18:00:00,25.359
2016-09-04 21:00:00,25.421
2016-09-05 00:00:00,25.394
2016-09-05 03:00:00,25.347
2016-09-05 06:00:00,25.286
2016-09-05 09:00:00,25.142
2016-09-05 12:00:00,24.956
2016-09-05 15:00:00,24.825
2016-09-05 18:00:00,24.815
2016-09-05 21:00:00,24.84
2016-09-06 00:00:00,24.885
2016-09-06 03:00:00,24.917
2016-09-06 06:00:00,24.935
2016-09-06 09:00:00,24.946
2016-09-06 12:00:00,25.301
2016-09-06 15:00:00,25.857
2016-09-06 18:00:00,26.315
2016-09-06 21:00:00,26.903
2016-09-07 00:00:00,26.644
2016-09-07 03:00:00,26.435
2016-09-07 06:00:00,26.293
2016-09-07 09:00:00,26.054
2016-09-07 12:00:00,25.77
2016-09-07 15:00:00,25.571
2016-09-07 18:00:00,25.447
2016-09-07 21:00:00,25.379
2016-09-08 00:00:00,25.308
2016-09-08 03:00:00,25.256
2016-09-08 06:00:00,25.215
2016-09-08 09:00:00,25.075
2016-09-08 12:00:00,24.884
2016-09-08 15:00:00,24.759
2016-09-08 18:00:00,24.747
2016-09-08 21:00:00,24.766
2016-09-09 00:00:00,24.791
2016-09-09 03:00:00,24.815
2016-09-09 06:00:00,24.817
2016-09-09 09:00:00,24.746
2016-09-09 12:00:00,24.652
2016-09-09 15:00:00,24.617
2016-09-09 18:00:00,24.884
2016-09-09 21:00:00,25.278
2016-09-10 00:00:00,25.274
2016-09-10 03:00:00,25.226
2016-09-10 06:00:00,25.169
2016-09-10 09:00:00,25.093
2016-09-10 12:00:00,25.032
2016-09-10 15:00:00,25.136
2016-09-10 18:00:00,25.146
2016-09-10 21:00:00,25.184
2016-09-11 00:00:00,25.293
2016-09-11 03:00:00,25.379
2016-09-11 06:00:00,25.843
2016-09-11 09:00:00,26.322
2016-09-11 12:00:00,26.149
2016-09-11 15:00:00,25.943
2016-09-11 18:00:00,25.768
2016-09-11 21:00:00,25.623
2016-09-12 00:00:00,25.513
2016-09-12 03:00:00,25.433
2016-09-12 06:00:00,25.335
2016-09-12 09:00:00,25.155
2016-09-12 12:00:00,24.937
2016-09-12 15:00:00,24.777
2016-09-12 18:00:00,24.74
2016-09-12 21:00:00,24.745
2016-09-13 00:00:00,24.78
2016-09-13 03:00:00,24.805
2016-09-13 06:00:00,24.817
2016-09-13 09:00:00,24.745
2016-09-13 12:00:00,24.596
2016-09-13 15:00:00,24.501
2016-09-13 18:00:00,24.496
2016-09-13 21:00:00,24.509
2016-09-14 00:00:00,24.512
2016-09-14 03:00:00,24.514
2016-09-14 06:00:00,24.519
2016-09-14 09:00:00,24.439
2016-09-14 12:00:00,24.297
2016-09-14 15:00:00,24.205
2016-09-14 18:00:00,24.207
2016-09-14 21:00:00,24.225
2016-09-15 00:00:00,24.292
2016-09-15 03:00:00,24.35
2016-09-15 06:00:00,24.346
2016-09-15 09:00:00,24.254
2016-09-15 12:00:00,24.109
2016-09-15 15:00:00,24.02
2016-09-15 18:00:00,24.026
2016-09-15 21:00:00,24.041
2016-09-16 00:00:00,24.063
2016-09-16 03:00:00,24.088
2016-09-16 06:00:00,24.103
2016-09-16 09:00:00,24.04
2016-09-16 12:00:00,23.927
2016-09-16 15:00:00,23.854
2016-09-16 18:00:00,23.862
2016-09-16 21:00:00,23.882
2016-09-17 00:00:00,23.887
2016-09-17 03:00:00,23.88
2016-09-17 06:00:00,23.875
2016-09-17 09:00:00,23.808
2016-09-17 12:00:00,23.701
2016-09-17 15:00:00,23.655
2016-09-17 18:00:00,23.67
2016-09-17 21:00:00,23.704
2016-09-18 00:00:00,23.736
2016-09-18 03:00:00,23.759
2016-09-18 06:00:00,23.756
2016-09-18 09:00:00,23.725
2016-09-18 12:00:00,23.636
2016-09-18 15:00:00,23.585
2016-09-18 18:00:00,23.61
2016-09-18 21:00:00,23.642
2016-09-19 00:00:00,23.74
2016-09-19 03:00:00,23.995
2016-09-19 06:00:00,24.34
2016-09-19 09:00:00,24.396
2016-09-19 12:00:00,24.287
2016-09-19 15:00:00,24.204
2016-09-19 18:00:00,24.201
2016-09-19 21:00:00,24.22
2016-09-20 00:00:00,24.358
2016-09-20 03:00:00,24.663
2016-09-20 06:00:00,24.656
2016-09-20 09:00:00,24.738
2016-09-20 12:00:00,25.343
2016-09-20 15:00:00,25.679
2016-09-20 18:00:00,25.828
2016-09-20 21:00:00,26.004
2016-09-21 00:00:00,26.142
2016-09-21 03:00:00,26.192
2016-09-21 06:00:00,26.201
2016-09-21 09:00:00,26.031
2016-09-21 12:00:00,25.818
2016-09-21 15:00:00,25.628
2016-09-21 18:00:00,25.493
2016-09-21 21:00:00,25.391
2016-09-22 00:00:00,25.428
2016-09-22 03:00:00,25.554
2016-09-22 06:00:00,25.433
2016-09-22 09:00:00,25.287
2016-09-22 12:00:00,25.142
2016-09-22 15:00:00,25.039
2016-09-22 18:00:00,24.982
2016-09-22 21:00:00,24.932
2016-09-23 00:00:00,24.887
2016-09-23 03:00:00,24.849
2016-09-23 06:00:00,24.816
2016-09-23 09:00:00,24.732
2016-09-23 12:00:00,24.706
2016-09-23 15:00:00,24.707
2016-09-23 18:00:00,24.7
2016-09-23 21:00:00,24.702
2016-09-24 00:00:00,24.676
2016-09-24 03:00:00,24.661
2016-09-24 06:00:00,24.643
2016-09-24 09:00:00,24.581
2016-09-24 12:00:00,24.485
2016-09-24 15:00:00,24.432
2016-09-24 18:00:00,24.413
2016-09-24 21:00:00,24.415
2016-09-25 00:00:00,24.89
2016-09-25 03:00:00,25.77
2016-09-25 06:00:00,26.254
2016-09-25 09:00:00,26.796
2016-09-25 12:00:00,27.073
2016-09-25 15:00:00,27.348
2016-09-25 18:00:00,26.886
2016-09-25 21:00:00,27.416
2016-09-26 00:00:00,27.024
2016-09-26 03:00:00,26.807
2016-09-26 06:00:00,26.714
2016-09-26 09:00:00,26.563
2016-09-26 12:00:00,26.277
2016-09-26 15:00:00,26.093
2016-09-26 18:00:00,25.98
2016-09-26 21:00:00,25.889
2016-09-27 00:00:00,25.984
2016-09-27 03:00:00,25.975
2016-09-27 06:00:00,25.999
2016-09-27 09:00:00,25.896
2016-09-27 12:00:00,25.839
2016-09-27 15:00:00,25.824
2016-09-27 18:00:00,26.047
2016-09-27 21:00:00,26.305
2016-09-28 00:00:00,26.742
2016-09-28 03:00:00,27.1
2016-09-28 06:00:00,27.368
2016-09-28 09:00:00,27.49
2016-09-28 12:00:00,27.575
2016-09-28 15:00:00,27.678
2016-09-28 18:00:00,27.879
2016-09-28 21:00:00,28.056
2016-09-29 00:00:00,27.893
2016-09-29 03:00:00,27.821
2016-09-29 06:00:00,27.772
2016-09-29 09:00:00,27.565
2016-09-29 12:00:00,27.36
2016-09-29 15:00:00,27.289
2016-09-29 18:00:00,27.382
2016-09-29 21:00:00,27.412
2016-09-30 00:00:00,27.153
2016-09-30 03:00:00,26.96
2016-09-30 06:00:00,26.866
2016-09-30 09:00:00,26.731
2016-09-30 12:00:00,26.722
2016-09-30 15:00:00,26.756
2016-09-30 18:00:00,26.678
2016-09-30 21:00:00,26.605
2016-10-01 00:00:00,26.509
2016-10-01 03:00:00,26.435
2016-10-01 06:00:00,26.356
2016-10-01 09:00:00,26.219
2016-10-01 12:00:00,26.013
2016-10-01 15:00:00,25.874
2016-10-01 18:00:00,25.912
2016-10-01 21:00:00,26.01
2016-10-02 00:00:00,25.967
2016-10-02 03:00:00,25.936
2016-10-02 06:00:00,25.896
2016-10-02 09:00:00,25.787
2016-10-02 12:00:00,25.62
2016-10-02 15:00:00,25.52
2016-10-02 18:00:00,25.517
2016-10-02 21:00:00,25.514
2016-10-03 00:00:00,25.485
2016-10-03 03:00:00,25.458
2016-10-03 06:00:00,25.431
2016-10-03 09:00:00,25.355
2016-10-03 12:00:00,25.243
2016-10-03 15:00:00,25.185
2016-10-03 18:00:00,25.173
2016-10-03 21:00:00,25.169
2016-10-04 00:00:00,25.136
2016-10-04 03:00:00,25.115
2016-10-04 06:00:00,25.105
2016-10-04 09:00:00,25.035
2016-10-04 12:00:00,24.913
2016-10-04 15:00:00,24.836
2016-10-04 18:00:00,24.82
2016-10-04 21:00:00,24.813
2016-10-05 00:00:00,24.809
2016-10-05 03:00:00,24.806
2016-10-05 06:00:00,24.802
2016-10-05 09:00:00,24.755
2016-10-05 12:00:00,24.638
2016-10-05 15:00:00,24.578
2016-10-05 18:00:00,24.57
2016-10-05 21:00:00,24.568
2016-10-06 00:00:00,24.564
2016-10-06 03:00:00,24.561
2016-10-06 06:00:00,24.654
2016-10-06 09:00:00,24.844
2016-10-06 12:00:00,25.064
2016-10-06 15:00:00,25.252
2016-10-06 18:00:00,25.46
2016-10-06 21:00:00,25.861
2016-10-07 00:00:00,25.759
2016-10-07 03:00:00,25.681
2016-10-07 06:00:00,25.628
2016-10-07 09:00:00,25.509
2016-10-07 12:00:00,25.338
2016-10-07 15:00:00,25.225
2016-10-07 18:00:00,25.173
2016-10-07 21:00:00,25.138
2016-10-08 00:00:00,25.109
2016-10-08 03:00:00,25.084
2016-10-08 06:00:00,25.065
2016-10-08 09:00:00,25.01
2016-10-08 12:00:00,24.923
2016-10-08 15:00:00,24.858
2016-10-08 18:00:00,24.829
2016-10-08 21:00:00,24.818
2016-10-09 00:00:00,24.823
2016-10-09 03:00:00,24.825
2016-10-09 06:00:00,24.832
2016-10-09 09:00:00,24.794
2016-10-09 12:00:00,24.719
2016-10-09 15:00:00,24.674
2016-10-09 18:00:00,24.671
2016-10-09 21:00:00,24.67
2016-10-10 00:00:00,24.666
2016-10-10 03:00:00,24.662
2016-10-10 06:00:00,24.657
2016-10-10 09:00:00,24.61
2016-10-10 12:00:00,24.551
2016-10-10 15:00:00,24.524
2016-10-10 18:00:00,24.521
2016-10-10 21:00:00,24.521
2016-10-11 00:00:00,24.515
2016-10-11 03:00:00,24.488
2016-10-11 06:00:00,24.462
2016-10-11 09:00:00,24.415
2016-10-11 12:00:00,24.337
2016-10-11 15:00:00,24.308
2016-10-11 18:00:00,24.293
2016-10-11 21:00:00,24.281
2016-10-12 00:00:00,24.275
2016-10-12 03:00:00,24.271
2016-10-12 06:00:00,24.267
2016-10-12 09:00:00,24.233
2016-10-12 12:00:00,24.145
2016-10-12 15:00:00,24.106
2016-10-12 18:00:00,24.11
2016-10-12 21:00:00,24.117
2016-10-13 00:00:00,24.126
2016-10-13 03:00:00,24.135
2016-10-13 06:00:00,24.145
2016-10-13 09:00:00,24.139
2016-10-13 12:00:00,24.094
2016-10-13 15:00:00,24.081
2016-10-13 18:00:00,24.084
2016-10-13 21:00:00,24.087
2016-10-14 00:00:00,24.087
2016-10-14 03:00:00,24.087
2016-10-14 06:00:00,24.087
2016-10-14 09:00:00,24.161
2016-10-14 12:00:00,24.161
2016-10-14 15:00:00,24.162
2016-10-14 18:00:00,24.16
2016-10-14 21:00:00,24.157
2016-10-15 00:00:00,24.154
2016-10-15 03:00:00,24.153
2016-10-15 06:00:00,24.152
2016-10-15 09:00:00,24.147
2016-10-15 12:00:00,24.119
2016-10-15 15:00:00,24.11
2016-10-15 18:00:00,24.102
2016-10-15 21:00:00,24.11
2016-10-16 00:00:00,24.114
2016-10-16 03:00:00,24.117
2016-10-16 06:00:00,24.124
2016-10-16 09:00:00,24.099
2016-10-16 12:00:00,24.04
2016-10-16 15:00:00,24.009
2016-10-16 18:00:00,23.994
2016-10-16 21:00:00,23.975
2016-10-17 00:00:00,23.957
2016-10-17 03:00:00,23.951
2016-10-17 06:00:00,23.955
2016-10-17 09:00:00,23.936
2016-10-17 12:00:00,23.886
2016-10-17 15:00:00,23.853
2016-10-17 18:00:00,23.839
2016-10-17 21:00:00,23.844
2016-10-18 00:00:00,23.856
2016-10-18 03:00:00,23.876
2016-10-18 06:00:00,23.911
2016-10-18 09:00:00,23.917
2016-10-18 12:00:00,23.893
2016-10-18 15:00:00,23.877
2016-10-18 18:00:00,23.896
2016-10-18 21:00:00,23.906
2016-10-19 00:00:00,23.917
2016-10-19 03:00:00,23.933
2016-10-19 06:00:00,23.953
2016-10-19 09:00:00,23.952
2016-10-19 12:00:00,23.937
2016-10-19 15:00:00,23.937
2016-10-19 18:00:00,23.942
2016-10-19 21:00:00,23.946
2016-10-20 00:00:00,23.949
2016-10-20 03:00:00,23.959
2016-10-20 06:00:00,23.996
2016-10-20 09:00:00,24.013
2016-10-20 12:00:00,24.001
2016-10-20 15:00:00,23.991
2016-10-20 18:00:00,23.984
2016-10-20 21:00:00,23.979
2016-10-21 00:00:00,23.971
2016-10-21 03:00:00,23.967
2016-10-21 06:00:00,23.965
2016-10-21 09:00:00,23.951
2016-10-21 12:00:00,23.91
2016-10-21 15:00:00,23.884
2016-10-21 18:00:00,23.871
2016-10-21 21:00:00,23.866
2016-10-22 00:00:00,23.861
2016-10-22 03:00:00,23.845
2016-10-22 06:00:00,23.823
2016-10-22 09:00:00,23.795
2016-10-22 12:00:00,23.776
2016-10-22 15:00:00,23.768
2016-10-22 18:00:00,23.752
2016-10-22 21:00:00,23.734
2016-10-23 00:00:00,23.734
2016-10-23 03:00:00,23.737
2016-10-23 06:00:00,23.726
2016-10-23 09:00:00,23.691
2016-10-23 12:00:00,23.652
2016-10-23 15:00:00,23.642
2016-10-23 18:00:00,23.648
2016-10-23 21:00:00,23.662
2016-10-24 00:00:00,23.674
2016-10-24 03:00:00,23.689
2016-10-24 06:00:00,23.867
2016-10-24 09:00:00,23.934
2016-10-24 12:00:00,23.942
2016-10-24 15:00:00,24.026
2016-10-24 18:00:00,24.039
2016-10-24 21:00:00,24.076
2016-10-25 00:00:00,24.506
2016-10-25 03:00:00,26.319
2016-10-25 06:00:00,25.968
2016-10-25 09:00:00,25.696
2016-10-25 12:00:00,25.569
2016-10-25 15:00:00,25.379
2016-10-25 18:00:00,25.235
2016-10-25 21:00:00,25.153
2016-10-26 00:00:00,25.115
2016-10-26 03:00:00,25.087
2016-10-26 06:00:00,25.067
2016-10-26 09:00:00,25.041
2016-10-26 12:00:00,25.001
2016-10-26 15:00:00,24.97
2016-10-26 18:00:00,24.946
2016-10-26 21:00:00,24.923
2016-10-27 00:00:00,24.947
2016-10-27 03:00:00,25.165
2016-10-27 06:00:00,25.155
2016-10-27 09:00:00,25.259
2016-10-27 12:00:00,25.561
2016-10-27 15:00:00,25.737
2016-10-27 18:00:00,25.696
2016-10-27 21:00:00,25.679
2016-10-28 00:00:00,25.64
2016-10-28 03:00:00,25.645
2016-10-28 06:00:00,25.592
2016-10-28 09:00:00,25.87
2016-10-28 12:00:00,26.185
2016-10-28 15:00:00,26.337
2016-10-28 18:00:00,26.215
2016-10-28 21:00:00,26.081
2016-10-29 00:00:00,26.034
2016-10-29 03:00:00,26.007
2016-10-29 06:00:00,25.992
2016-10-29 09:00:00,25.976
2016-10-29 12:00:00,25.931
2016-10-29 15:00:00,25.921
2016-10-29 18:00:00,25.918
2016-10-29 21:00:00,25.904
2016-10-30 00:00:00,25.895
2016-10-30 03:00:00,25.889
2016-10-30 06:00:00,25.893
2016-10-30 09:00:00,25.89
2016-10-30 12:00:00,25.859
2016-10-30 15:00:00,25.862
2016-10-30 18:00:00,25.868
2016-10-30 21:00:00,25.872
2016-10-31 00:00:00,25.878
2016-10-31 03:00:00,25.884
2016-10-31 06:00:00,25.883
2016-10-31 09:00:00,25.879
2016-10-31 12:00:00,25.863
2016-10-31 15:00:00,25.862
2016-10-31 18:00:00,25.862
2016-10-31 21:00:00,25.862
2016-11-01 00:00:00,25.861
2016-11-01 03:00:00,25.861
2016-11-01 06:00:00,25.861
2016-11-01 09:00:00,25.86
2016-11-01 12:00:00,25.852
2016-11-01 15:00:00,25.844
2016-11-01 18:00:00,25.842
2016-11-01 21:00:00,25.834
2016-11-02 00:00:00,25.817
2016-11-02 03:00:00,25.803
2016-11-02 06:00:00,25.793
2016-11-02 09:00:00,25.779
2016-11-02 12:00:00,25.757
2016-11-02 15:00:00,25.752
2016-11-02 18:00:00,25.743
2016-11-02 21:00:00,25.721
2016-11-03 00:00:00,25.699
2016-11-03 03:00:00,25.682
2016-11-03 06:00:00,25.664
2016-11-03 09:00:00,25.635
2016-11-03 12:00:00,25.587
2016-11-03 15:00:00,25.552
2016-11-03 18:00:00,25.535
2016-11-03 21:00:00,25.528
2016-11-04 00:00:00,25.527
2016-11-04 03:00:00,25.526
2016-11-04 06:00:00,25.526
2016-11-04 09:00:00,25.524
2016-11-04 12:00:00,25.505
2016-11-04 15:00:00,25.491
2016-11-04 18:00:00,25.479
2016-11-04 21:00:00,25.473
2016-11-05 00:00:00,25.463
2016-11-05 03:00:00,25.449
2016-11-05 06:00:00,25.434
2016-11-05 09:00:00,25.421
2016-11-05 12:00:00,25.399
2016-11-05 15:00:00,25.389
2016-11-05 18:00:00,25.384
2016-11-05 21:00:00,25.383
2016-11-06 00:00:00,25.383
2016-11-06 03:00:00,25.38
2016-11-06 06:00:00,25.372
2016-11-06 09:00:00,25.357
2016-11-06 12:00:00,25.334
2016-11-06 15:00:00,25.322
2016-11-06 18:00:00,25.311
2016-11-06 21:00:00,25.302
2016-11-07 00:00:00,25.293
2016-11-07 03:00:00,25.284
2016-11-07 06:00:00,25.278
2016-11-07 09:00:00,25.269
2016-11-07 12:00:00,25.243
2016-11-07 15:00:00,25.22
2016-11-07 18:00:00,25.198
2016-11-07 21:00:00,25.178
2016-11-08 00:00:00,25.159
2016-11-08 03:00:00,25.14
2016-11-08 06:00:00,25.126
2016-11-08 09:00:00,25.11
2016-11-08 12:00:00,25.085
2016-11-08 15:00:00,25.072
2016-11-08 18:00:00,25.061
2016-11-08 21:00:00,25.055
2016-11-09 00:00:00,25.055
2016-11-09 03:00:00,25.055
2016-11-09 06:00:00,25.049
2016-11-09 09:00:00,25.033
2016-11-09 12:00:00,25.007
2016-11-09 15:00:00,24.987
2016-11-09 18:00:00,24.978
2016-11-09 21:00:00,24.971
2016-11-10 00:00:00,24.966
2016-11-10 03:00:00,24.96
2016-11-10 06:00:00,24.956
2016-11-10 09:00:00,24.951
2016-11-10 12:00:00,24.937
2016-11-10 15:00:00,24.928
2016-11-10 18:00:00,24.92
2016-11-10 21:00:00,24.911
2016-11-11 00:00:00,24.894
2016-11-11 03:00:00,24.874
2016-11-11 06:00:00,24.857
2016-11-11 09:00:00,24.846
2016-11-11 12:00:00,24.834
2016-11-11 15:00:00,24.833
2016-11-11 18:00:00,24.833
2016-11-11 21:00:00,24.833
2016-11-12 00:00:00,24.833
2016-11-12 03:00:00,24.833
2016-11-12 06:00:00,24.833
2016-11-12 09:00:00,24.833
2016-11-12 12:00:00,24.833
2016-11-12 15:00:00,24.833
2016-11-12 18:00:00,24.833
2016-11-12 21:00:00,24.833
2016-11-13 00:00:00,24.833
2016-11-13 03:00:00,24.833
2016-11-13 06:00:00,24.833
2016-11-13 09:00:00,24.833
2016-11-13 12:00:00,24.832
2016-11-13 15:00:00,24.832
2016-11-13 18:00:00,24.832
2016-11-13 21:00:00,24.832
2016-11-14 00:00:00,24.832
2016-11-14 03:00:00,24.832
2016-11-14 06:00:00,24.832
2016-11-14 09:00:00,24.832
2016-11-14 12:00:00,24.832
2016-11-14 15:00:00,24.832
2016-11-14 18:00:00,24.832
2016-11-14 21:00:00,24.836
2016-11-15 00:00:00,24.906
2016-11-15 03:00:00,25.369
2016-11-15 06:00:00,25.993
2016-11-15 09:00:00,26.658
2016-11-15 12:00:00,27.392
2016-11-15 15:00:00,28.153
2016-11-15 18:00:00,28.49
2016-11-15 21:00:00,28.535
2016-11-16 00:00:00,28.528
2016-11-16 03:00:00,28.527
2016-11-16 06:00:00,28.527
2016-11-16 09:00:00,28.527
2016-11-16 12:00:00,28.524
2016-11-16 15:00:00,28.524
2016-11-16 18:00:00,28.524
2016-11-16 21:00:00,28.602
2016-11-17 00:00:00,28.756
2016-11-17 03:00:00,28.981
2016-11-17 06:00:00,28.988
2016-11-17 09:00:00,29.036
2016-11-17 12:00:00,29.39
2016-11-17 15:00:00,29.879
2016-11-17 18:00:00,31.596
2016-11-17 21:00:00,32.6
2016-11-18 00:00:00,32.592
2016-11-18 03:00:00,32.586
2016-11-18 06:00:00,32.585
2016-11-18 09:00:00,32.636
2016-11-18 12:00:00,32.987
2016-11-18 15:00:00,33.366
2016-11-18 18:00:00,33.568
2016-11-18 21:00:00,33.697
2016-11-19 00:00:00,33.76
2016-11-19 03:00:00,33.976
2016-11-19 06:00:00,34.096
2016-11-19 09:00:00,34.192
2016-11-19 12:00:00,34.973
2016-11-19 15:00:00,35.068
2016-11-19 18:00:00,35.066
2016-11-19 21:00:00,35.061
2016-11-20 00:00:00,35.06
2016-11-20 03:00:00,35.058
2016-11-20 06:00:00,35.058
2016-11-20 09:00:00,35.058
2016-11-20 12:00:00,35.057
2016-11-20 15:00:00,35.057
2016-11-20 18:00:00,35.057
2016-11-20 21:00:00,35.057
2016-11-21 00:00:00,35.057
2016-11-21 03:00:00,35.057
2016-11-21 06:00:00,35.169
2016-11-21 09:00:00,36.163
2016-11-21 12:00:00,40.958
2016-11-21 15:00:00,43.4
2016-11-21 18:00:00,43.4
2016-11-21 21:00:00,43.4
2016-11-22 00:00:00,43.377
2016-11-22 03:00:00,43.362
2016-11-22 06:00:00,43.355
2016-11-22 09:00:00,43.351
2016-11-22 12:00:00,43.4
2016-11-22 15:00:00,43.4
2016-11-22 18:00:00,43.4
2016-11-22 21:00:00,43.4
2016-11-23 00:00:00,43.399
2016-11-23 03:00:00,43.39
2016-11-23 06:00:00,43.382
2016-11-23 09:00:00,43.376
2016-11-23 12:00:00,43.397
2016-11-23 15:00:00,43.399
2016-11-23 18:00:00,43.394
2016-11-23 21:00:00,43.384
2016-11-24 00:00:00,43.38
2016-11-24 03:00:00,43.367
2016-11-24 06:00:00,43.349
2016-11-24 09:00:00,43.318
2016-11-24 12:00:00,43.262
2016-11-24 15:00:00,43.247
2016-11-24 18:00:00,43.238
2016-11-24 21:00:00,43.237
2016-11-25 00:00:00,43.237
2016-11-25 03:00:00,43.237
2016-11-25 06:00:00,43.236
2016-11-25 09:00:00,43.233
2016-11-25 12:00:00,43.223
2016-11-25 15:00:00,43.222
2016-11-25 18:00:00,43.273
2016-11-25 21:00:00,43.4
2016-11-26 00:00:00,43.4
2016-11-26 03:00:00,43.4
2016-11-26 06:00:00,43.4
2016-11-26 09:00:00,43.4
2016-11-26 12:00:00,43.388
2016-11-26 15:00:00,43.387
2016-11-26 18:00:00,43.386
2016-11-26 21:00:00,43.369
2016-11-27 00:00:00,43.328
2016-11-27 03:00:00,43.277
2016-11-27 06:00:00,43.216
2016-11-27 09:00:00,43.156
2016-11-27 12:00:00,43.094
2016-11-27 15:00:00,43.067
2016-11-27 18:00:00,43.043
2016-11-27 21:00:00,43.029
2016-11-28 00:00:00,43.021
2016-11-28 03:00:00,43.02
2016-11-28 06:00:00,43.019
2016-11-28 09:00:00,43.017
2016-11-28 12:00:00,43.017
2016-11-28 15:00:00,43.017
2016-11-28 18:00:00,43.016
2016-11-28 21:00:00,43.011
2016-11-29 00:00:00,43.009
2016-11-29 03:00:00,43.009
2016-11-29 06:00:00,43.009
2016-11-29 09:00:00,43.009
2016-11-29 12:00:00,43.243
2016-11-29 15:00:00,43.4
2016-11-29 18:00:00,43.4
2016-11-29 21:00:00,43.399
2016-11-30 00:00:00,43.393
2016-11-30 03:00:00,43.391
2016-11-30 06:00:00,43.391
2016-11-30 09:00:00,43.385
2016-11-30 12:00:00,43.368
2016-11-30 15:00:00,43.351
2016-11-30 18:00:00,43.347
2016-11-30 21:00:00,43.333
2016-12-01 00:00:00,43.318
2016-12-01 03:00:00,43.312
2016-12-01 06:00:00,43.312
2016-12-01 09:00:00,43.312
2016-12-01 12:00:00,43.312
2016-12-01 15:00:00,43.312
2016-12-01 18:00:00,43.312
2016-12-01 21:00:00,43.311
2016-12-02 00:00:00,43.311
2016-12-02 03:00:00,43.311
2016-12-02 06:00:00,43.31
2016-12-02 09:00:00,43.305
2016-12-02 12:00:00,43.292
2016-12-02 15:00:00,43.286
2016-12-02 18:00:00,43.286
2016-12-02 21:00:00,43.286
2016-12-03 00:00:00,43.284
2016-12-03 03:00:00,43.283
2016-12-03 06:00:00,43.283
2016-12-03 09:00:00,43.283
2016-12-03 12:00:00,43.283
2016-12-03 15:00:00,43.283
2016-12-03 18:00:00,43.283
2016-12-03 21:00:00,43.283
2016-12-04 00:00:00,43.283
2016-12-04 03:00:00,43.283
2016-12-04 06:00:00,43.283
2016-12-04 09:00:00,43.283
2016-12-04 12:00:00,43.283
2016-12-04 15:00:00,43.338
2016-12-04 18:00:00,43.4
2016-12-04 21:00:00,43.4
2016-12-05 00:00:00,43.4
2016-12-05 03:00:00,43.4
2016-12-05 06:00:00,43.4
2016-12-05 09:00:00,43.4
2016-12-05 12:00:00,43.399
2016-12-05 15:00:00,43.399
2016-12-05 18:00:00,43.399
2016-12-05 21:00:00,43.399
2016-12-06 00:00:00,43.396
2016-12-06 03:00:00,43.396
2016-12-06 06:00:00,43.396
2016-12-06 09:00:00,43.396
2016-12-06 12:00:00,43.396
2016-12-06 15:00:00,43.396
2016-12-06 18:00:00,43.396
2016-12-06 21:00:00,43.396
2016-12-07 00:00:00,43.4
2016-12-07 03:00:00,43.4
2016-12-07 06:00:00,43.4
2016-12-07 09:00:00,43.398
2016-12-07 12:00:00,43.4
2016-12-07 15:00:00,43.4
2016-12-07 18:00:00,43.4
2016-12-07 21:00:00,43.399
2016-12-08 00:00:00,43.399
2016-12-08 03:00:00,43.399
2016-12-08 06:00:00,43.399
2016-12-08 09:00:00,43.399
2016-12-08 12:00:00,43.399
2016-12-08 15:00:00,43.399
2016-12-08 18:00:00,43.399
2016-12-08 21:00:00,43.398
2016-12-09 00:00:00,43.397
2016-12-09 03:00:00,43.395
2016-12-09 06:00:00,43.394
2016-12-09 09:00:00,43.394
2016-12-09 12:00:00,43.394
2016-12-09 15:00:00,43.39
2016-12-09 18:00:00,43.39
2016-12-09 21:00:00,43.39
2016-12-10 00:00:00,43.39
2016-12-10 03:00:00,43.39
2016-12-10 06:00:00,43.39
2016-12-10 09:00:00,43.39
2016-12-10 12:00:00,43.39
2016-12-10 15:00:00,43.39
2016-12-10 18:00:00,43.39
2016-12-10 21:00:00,43.39
2016-12-11 00:00:00,43.39
2016-12-11 03:00:00,43.39
2016-12-11 06:00:00,43.39
2016-12-11 09:00:00,43.39
2016-12-11 12:00:00,43.39
2016-12-11 15:00:00,43.39
2016-12-11 18:00:00,43.39
2016-12-11 21:00:00,43.39
2016-12-12 00:00:00,43.39
2016-12-12 03:00:00,43.39
2016-12-12 06:00:00,43.386
2016-12-12 09:00:00,43.384
2016-12-12 12:00:00,43.376
2016-12-12 15:00:00,43.374
2016-12-12 18:00:00,43.374
2016-12-12 21:00:00,43.374
2016-12-13 00:00:00,43.374
2016-12-13 03:00:00,43.374
2016-12-13 06:00:00,43.374
2016-12-13 09:00:00,43.374
2016-12-13 12:00:00,43.374
2016-12-13 15:00:00,43.374
2016-12-13 18:00:00,43.374
2016-12-13 21:00:00,43.374
2016-12-14 00:00:00,43.374
2016-12-14 03:00:00,43.374
2016-12-14 06:00:00,43.374
2016-12-14 09:00:00,43.374
2016-12-14 12:00:00,43.374
2016-12-14 15:00:00,43.374
2016-12-14 18:00:00,43.374
2016-12-14 21:00:00,43.374
2016-12-15 00:00:00,43.374
2016-12-15 03:00:00,43.374
2016-12-15 06:00:00,43.372
2016-12-15 09:00:00,43.372
2016-12-15 12:00:00,43.372
2016-12-15 15:00:00,43.372
2016-12-15 18:00:00,43.395
2016-12-15 21:00:00,43.4
2016-12-16 00:00:00,43.4
2016-12-16 03:00:00,43.4
2016-12-16 06:00:00,43.4
2016-12-16 09:00:00,43.4
2016-12-16 12:00:00,43.4
2016-12-16 15:00:00,43.4
2016-12-16 18:00:00,43.4
2016-12-16 21:00:00,43.4
2016-12-17 00:00:00,43.4
2016-12-17 03:00:00,43.4
2016-12-17 06:00:00,43.4
2016-12-17 09:00:00,43.4
2016-12-17 12:00:00,43.4
2016-12-17 15:00:00,43.4
2016-12-17 18:00:00,43.4
2016-12-17 21:00:00,43.4
2016-12-18 00:00:00,43.4
2016-12-18 03:00:00,43.4
2016-12-18 06:00:00,43.4
2016-12-18 09:00:00,43.4
2016-12-18 12:00:00,43.4
2016-12-18 15:00:00,43.4
2016-12-18 18:00:00,43.4
2016-12-18 21:00:00,43.4
2016-12-19 00:00:00,43.4
2016-12-19 03:00:00,43.4
2016-12-19 06:00:00,43.4
2016-12-19 09:00:00,43.4
2016-12-19 12:00:00,43.4
2016-12-19 15:00:00,43.4
2016-12-19 18:00:00,43.4
2016-12-19 21:00:00,43.4
2016-12-20 00:00:00,43.4
2016-12-20 03:00:00,43.4
2016-12-20 06:00:00,43.4
2016-12-20 09:00:00,43.4
2016-12-20 12:00:00,43.4
2016-12-20 15:00:00,43.4
2016-12-20 18:00:00,43.4
2016-12-20 21:00:00,43.4
2016-12-21 00:00:00,43.4
2016-12-21 03:00:00,43.4
2016-12-21 06:00:00,43.4
2016-12-21 09:00:00,43.4
2016-12-21 12:00:00,43.397
2016-12-21 15:00:00,43.396
2016-12-21 18:00:00,43.393
2016-12-21 21:00:00,43.39
2016-12-22 00:00:00,43.387
2016-12-22 03:00:00,43.386
2016-12-22 06:00:00,43.386
2016-12-22 09:00:00,43.386
2016-12-22 12:00:00,43.386
2016-12-22 15:00:00,43.386
2016-12-22 18:00:00,43.386
2016-12-22 21:00:00,43.386
2016-12-23 00:00:00,43.385
2016-12-23 03:00:00,43.385
2016-12-23 06:00:00,43.385
2016-12-23 09:00:00,43.385
2016-12-23 12:00:00,43.385
2016-12-23 15:00:00,43.385
2016-12-23 18:00:00,43.385
2016-12-23 21:00:00,43.385
2016-12-24 00:00:00,43.385
2016-12-24 03:00:00,43.385
2016-12-24 06:00:00,43.388
2016-12-24 09:00:00,43.396
2016-12-24 12:00:00,43.396
2016-12-24 15:00:00,43.396
2016-12-24 18:00:00,43.393
2016-12-24 21:00:00,43.392
2016-12-25 00:00:00,43.392
2016-12-25 03:00:00,43.392
2016-12-25 06:00:00,43.392
2016-12-25 09:00:00,43.392
2016-12-25 12:00:00,43.392
2016-12-25 15:00:00,43.392
2016-12-25 18:00:00,43.392
2016-12-25 21:00:00,43.392
2016-12-26 00:00:00,43.392
2016-12-26 03:00:00,43.392
2016-12-26 06:00:00,43.392
2016-12-26 09:00:00,43.392
2016-12-26 12:00:00,43.391
2016-12-26 15:00:00,43.391
2016-12-26 18:00:00,43.391
2016-12-26 21:00:00,43.391
2016-12-27 00:00:00,43.391
2016-12-27 03:00:00,43.391
2016-12-27 06:00:00,43.391
2016-12-27 09:00:00,43.391
2016-12-27 12:00:00,43.388
2016-12-27 15:00:00,43.388
2016-12-27 18:00:00,43.388
2016-12-27 21:00:00,43.388
2016-12-28 00:00:00,43.388
2016-12-28 03:00:00,43.388
2016-12-28 06:00:00,43.388
2016-12-28 09:00:00,43.388
2016-12-28 12:00:00,43.388
2016-12-28 15:00:00,43.388
2016-12-28 18:00:00,43.387
2016-12-28 21:00:00,43.386
2016-12-29 00:00:00,43.4
2016-12-29 03:00:00,43.4
2016-12-29 06:00:00,43.4
2016-12-29 09:00:00,43.4
2016-12-29 12:00:00,43.4
2016-12-29 15:00:00,43.4
2016-12-29 18:00:00,43.4
2016-12-29 21:00:00,43.4
2016-12-30 00:00:00,43.4
2016-12-30 03:00:00,43.4
2016-12-30 06:00:00,43.4
2016-12-30 09:00:00,43.4
2016-12-30 12:00:00,43.4
2016-12-30 15:00:00,43.4
2016-12-30 18:00:00,43.4
2016-12-30 21:00:00,43.4
2016-12-31 00:00:00,43.4
2016-12-31 03:00:00,43.399
2016-12-31 06:00:00,43.399
2016-12-31 09:00:00,43.399
2016-12-31 12:00:00,43.399
2016-12-31 15:00:00,43.395
2016-12-31 18:00:00,43.389
2016-12-31 21:00:00,43.389
2017-01-01 00:00:00,43.389
2017-01-01 03:00:00,43.389
2017-01-01 06:00:00,43.389
2017-01-01 09:00:00,43.389
2017-01-01 12:00:00,43.389
2017-01-01 15:00:00,43.389
2017-01-01 18:00:00,43.389
2017-01-01 21:00:00,43.389
2017-01-02 00:00:00,43.389
2017-01-02 03:00:00,43.389
2017-01-02 06:00:00,43.389
2017-01-02 09:00:00,43.387
2017-01-02 12:00:00,43.384
2017-01-02 15:00:00,43.383
2017-01-02 18:00:00,43.383
2017-01-02 21:00:00,43.383
2017-01-03 00:00:00,43.383
2017-01-03 03:00:00,43.383
2017-01-03 06:00:00,43.383
2017-01-03 09:00:00,43.383
2017-01-03 12:00:00,43.383
2017-01-03 15:00:00,43.383
2017-01-03 18:00:00,43.382
2017-01-03 21:00:00,43.379
2017-01-04 00:00:00,43.374
2017-01-04 03:00:00,43.369
2017-01-04 06:00:00,43.363
2017-01-04 09:00:00,43.357
2017-01-04 12:00:00,43.35
2017-01-04 15:00:00,43.343
2017-01-04 18:00:00,43.337
2017-01-04 21:00:00,43.331
2017-01-05 00:00:00,43.327
2017-01-05 03:00:00,43.323
2017-01-05 06:00:00,43.322
2017-01-05 09:00:00,43.322
2017-01-05 12:00:00,43.322
2017-01-05 15:00:00,43.322
2017-01-05 18:00:00,43.321
2017-01-05 21:00:00,43.317
2017-01-06 00:00:00,43.313
2017-01-06 03:00:00,43.31
2017-01-06 06:00:00,43.31
2017-01-06 09:00:00,43.309
2017-01-06 12:00:00,43.309
2017-01-06 15:00:00,43.309
2017-01-06 18:00:00,43.309
2017-01-06 21:00:00,43.309
2017-01-07 00:00:00,43.309
2017-01-07 03:00:00,43.309
2017-01-07 06:00:00,43.309
2017-01-07 09:00:00,43.309
2017-01-07 12:00:00,43.309
2017-01-07 15:00:00,43.309
2017-01-07 18:00:00,43.309
2017-01-07 21:00:00,43.309
2017-01-08 00:00:00,43.309
2017-01-08 03:00:00,43.309
2017-01-08 06:00:00,43.309
2017-01-08 09:00:00,43.309
2017-01-08 12:00:00,43.309
2017-01-08 15:00:00,43.312
2017-01-08 18:00:00,43.4
2017-01-08 21:00:00,43.4
2017-01-09 00:00:00,43.4
2017-01-09 03:00:00,43.4
2017-01-09 06:00:00,43.4
2017-01-09 09:00:00,43.4
2017-01-09 12:00:00,43.4
2017-01-09 15:00:00,43.4
2017-01-09 18:00:00,43.4
2017-01-09 21:00:00,43.4
2017-01-10 00:00:00,43.4
2017-01-10 03:00:00,43.4
2017-01-10 06:00:00,43.4
2017-01-10 09:00:00,43.4
2017-01-10 12:00:00,43.4
2017-01-10 15:00:00,43.4
2017-01-10 18:00:00,43.4
2017-01-10 21:00:00,43.4
2017-01-11 00:00:00,43.4
2017-01-11 03:00:00,43.4
2017-01-11 06:00:00,43.4
2017-01-11 09:00:00,43.4
2017-01-11 12:00:00,43.4
2017-01-11 15:00:00,43.4
2017-01-11 18:00:00,43.4
2017-01-11 21:00:00,43.399
2017-01-12 00:00:00,43.399
2017-01-12 03:00:00,43.399
2017-01-12 06:00:00,43.398
2017-01-12 09:00:00,43.398
2017-01-12 12:00:00,43.398
2017-01-12 15:00:00,43.398
2017-01-12 18:00:00,43.398
2017-01-12 21:00:00,43.397
2017-01-13 00:00:00,43.397
2017-01-13 03:00:00,43.397
2017-01-13 06:00:00,43.397
2017-01-13 09:00:00,43.397
2017-01-13 12:00:00,43.397
2017-01-13 15:00:00,43.397
2017-01-13 18:00:00,43.397
2017-01-13 21:00:00,43.397
2017-01-14 00:00:00,43.397
2017-01-14 03:00:00,43.397
2017-01-14 06:00:00,43.397
2017-01-14 09:00:00,43.397
2017-01-14 12:00:00,43.397
2017-01-14 15:00:00,43.397
2017-01-14 18:00:00,43.397
2017-01-14 21:00:00,43.397
2017-01-15 00:00:00,43.397
2017-01-15 03:00:00,43.397
2017-01-15 06:00:00,43.397
2017-01-15 09:00:00,43.397
2017-01-15 12:00:00,43.397
2017-01-15 15:00:00,43.397
2017-01-15 18:00:00,43.397
2017-01-15 21:00:00,43.397
2017-01-16 00:00:00,43.396
2017-01-16 03:00:00,43.396
2017-01-16 06:00:00,43.396
2017-01-16 09:00:00,43.396
2017-01-16 12:00:00,43.396
2017-01-16 15:00:00,43.396
2017-01-16 18:00:00,43.396
2017-01-16 21:00:00,43.396
2017-01-17 00:00:00,43.396
2017-01-17 03:00:00,43.396
2017-01-17 06:00:00,43.396
2017-01-17 09:00:00,43.396
2017-01-17 12:00:00,43.396
2017-01-17 15:00:00,43.396
2017-01-17 18:00:00,43.396
2017-01-17 21:00:00,43.396
2017-01-18 00:00:00,43.4
2017-01-18 03:00:00,43.4
2017-01-18 06:00:00,43.4
2017-01-18 09:00:00,43.4
2017-01-18 12:00:00,43.4
2017-01-18 15:00:00,43.4
2017-01-18 18:00:00,43.4
2017-01-18 21:00:00,43.4
2017-01-19 00:00:00,43.4
2017-01-19 03:00:00,43.4
2017-01-19 06:00:00,43.4
2017-01-19 09:00:00,43.4
2017-01-19 12:00:00,43.4
2017-01-19 15:00:00,43.4
2017-01-19 18:00:00,43.4
2017-01-19 21:00:00,43.4
2017-01-20 00:00:00,43.4
2017-01-20 03:00:00,43.4
2017-01-20 06:00:00,43.4
2017-01-20 09:00:00,43.4
2017-01-20 12:00:00,43.399
2017-01-20 15:00:00,43.399
2017-01-20 18:00:00,43.399
2017-01-20 21:00:00,43.399
2017-01-21 00:00:00,43.399
2017-01-21 03:00:00,43.399
2017-01-21 06:00:00,43.399
2017-01-21 09:00:00,43.399
2017-01-21 12:00:00,43.399
2017-01-21 15:00:00,43.399
2017-01-21 18:00:00,43.399
2017-01-21 21:00:00,43.399
2017-01-22 00:00:00,43.4
2017-01-22 03:00:00,43.4
2017-01-22 06:00:00,43.4
2017-01-22 09:00:00,43.4
2017-01-22 12:00:00,43.4
2017-01-22 15:00:00,43.4
2017-01-22 18:00:00,43.4
2017-01-22 21:00:00,43.4
2017-01-23 00:00:00,43.4
2017-01-23 03:00:00,43.4
2017-01-23 06:00:00,43.4
2017-01-23 09:00:00,43.4
2017-01-23 12:00:00,43.4
2017-01-23 15:00:00,43.4
2017-01-23 18:00:00,43.4
2017-01-23 21:00:00,43.4
2017-01-24 00:00:00,43.399
2017-01-24 03:00:00,43.398
2017-01-24 06:00:00,43.398
2017-01-24 09:00:00,43.398
2017-01-24 12:00:00,43.398
2017-01-24 15:00:00,43.397
2017-01-24 18:00:00,43.397
2017-01-24 21:00:00,43.397
2017-01-25 00:00:00,43.396
2017-01-25 03:00:00,43.396
2017-01-25 06:00:00,43.396
2017-01-25 09:00:00,43.396
2017-01-25 12:00:00,43.395
2017-01-25 15:00:00,43.395
2017-01-25 18:00:00,43.395
2017-01-25 21:00:00,43.4
2017-01-26 00:00:00,43.4
2017-01-26 03:00:00,43.4
2017-01-26 06:00:00,43.4
2017-01-26 09:00:00,43.4
2017-01-26 12:00:00,43.4
2017-01-26 15:00:00,43.4
2017-01-26 18:00:00,43.4
2017-01-26 21:00:00,43.4
2017-01-27 00:00:00,43.4
2017-01-27 03:00:00,43.4
2017-01-27 06:00:00,43.4
2017-01-27 09:00:00,43.4
2017-01-27 12:00:00,43.4
2017-01-27 15:00:00,43.4
2017-01-27 18:00:00,43.4
2017-01-27 21:00:00,43.4
2017-01-28 00:00:00,43.4
2017-01-28 03:00:00,43.4
2017-01-28 06:00:00,43.399
2017-01-28 09:00:00,43.399
2017-01-28 12:00:00,43.399
2017-01-28 15:00:00,43.399
2017-01-28 18:00:00,43.399
2017-01-28 21:00:00,43.399
2017-01-29 00:00:00,43.399
2017-01-29 03:00:00,43.399
2017-01-29 06:00:00,43.399
2017-01-29 09:00:00,43.399
2017-01-29 12:00:00,43.399
2017-01-29 15:00:00,43.399
2017-01-29 18:00:00,43.399
2017-01-29 21:00:00,43.398
2017-01-30 00:00:00,43.398
2017-01-30 03:00:00,43.397
2017-01-30 06:00:00,43.397
2017-01-30 09:00:00,43.397
2017-01-30 12:00:00,43.397
2017-01-30 15:00:00,43.397
2017-01-30 18:00:00,43.397
2017-01-30 21:00:00,43.397
2017-01-31 00:00:00,43.397
2017-01-31 03:00:00,43.397
2017-01-31 06:00:00,43.397
2017-01-31 09:00:00,43.397
2017-01-31 12:00:00,43.397
2017-01-31 15:00:00,43.397
2017-01-31 18:00:00,43.397
2017-01-31 21:00:00,43.397
2017-02-01 00:00:00,43.397
2017-02-01 03:00:00,43.397
2017-02-01 06:00:00,43.397
2017-02-01 09:00:00,43.397
2017-02-01 12:00:00,43.397
2017-02-01 15:00:00,43.396
2017-02-01 18:00:00,43.396
2017-02-01 21:00:00,43.396
2017-02-02 00:00:00,43.396
2017-02-02 03:00:00,43.396
2017-02-02 06:00:00,43.396
2017-02-02 09:00:00,43.396
2017-02-02 12:00:00,43.396
2017-02-02 15:00:00,43.396
2017-02-02 18:00:00,43.396
2017-02-02 21:00:00,43.396
2017-02-03 00:00:00,43.396
2017-02-03 03:00:00,43.396
2017-02-03 06:00:00,43.396
2017-02-03 09:00:00,43.396
2017-02-03 12:00:00,43.396
2017-02-03 15:00:00,43.396
2017-02-03 18:00:00,43.396
2017-02-03 21:00:00,43.396
2017-02-04 00:00:00,43.396
2017-02-04 03:00:00,43.396
2017-02-04 06:00:00,43.396
2017-02-04 09:00:00,43.396
2017-02-04 12:00:00,43.396
2017-02-04 15:00:00,43.396
2017-02-04 18:00:00,43.396
2017-02-04 21:00:00,43.396
2017-02-05 00:00:00,43.396
2017-02-05 03:00:00,43.396
2017-02-05 06:00:00,43.396
2017-02-05 09:00:00,43.396
2017-02-05 12:00:00,43.396
2017-02-05 15:00:00,43.396
2017-02-05 18:00:00,43.396
2017-02-05 21:00:00,43.396
2017-02-06 00:00:00,43.396
2017-02-06 03:00:00,43.396
2017-02-06 06:00:00,43.396
2017-02-06 09:00:00,43.396
2017-02-06 12:00:00,43.395
2017-02-06 15:00:00,43.395
2017-02-06 18:00:00,43.395
2017-02-06 21:00:00,43.394
2017-02-07 00:00:00,43.394
2017-02-07 03:00:00,43.394
2017-02-07 06:00:00,43.394
2017-02-07 09:00:00,43.394
2017-02-07 12:00:00,43.394
2017-02-07 15:00:00,43.394
2017-02-07 18:00:00,43.394
2017-02-07 21:00:00,43.394
2017-02-08 00:00:00,43.394
2017-02-08 03:00:00,43.394
2017-02-08 06:00:00,43.394
2017-02-08 09:00:00,43.394
2017-02-08 12:00:00,43.394
2017-02-08 15:00:00,43.394
2017-02-08 18:00:00,43.394
2017-02-08 21:00:00,43.394
2017-02-09 00:00:00,43.394
2017-02-09 03:00:00,43.394
2017-02-09 06:00:00,43.394
2017-02-09 09:00:00,43.394
2017-02-09 12:00:00,43.393
2017-02-09 15:00:00,43.393
2017-02-09 18:00:00,43.393
2017-02-09 21:00:00,43.392
2017-02-10 00:00:00,43.392
2017-02-10 03:00:00,43.392
2017-02-10 06:00:00,43.392
2017-02-10 09:00:00,43.392
2017-02-10 12:00:00,43.392
2017-02-10 15:00:00,43.391
2017-02-10 18:00:00,43.391
2017-02-10 21:00:00,43.391
2017-02-11 00:00:00,43.391
2017-02-11 03:00:00,43.391
2017-02-11 06:00:00,43.391
2017-02-11 09:00:00,43.391
2017-02-11 12:00:00,43.391
2017-02-11 15:00:00,43.39
2017-02-11 18:00:00,43.39
2017-02-11 21:00:00,43.39
2017-02-12 00:00:00,43.39
2017-02-12 03:00:00,43.39
2017-02-12 06:00:00,43.39
2017-02-12 09:00:00,43.39
2017-02-12 12:00:00,43.389
2017-02-12 15:00:00,43.389
2017-02-12 18:00:00,43.389
2017-02-12 21:00:00,43.4
2017-02-13 00:00:00,43.4
2017-02-13 03:00:00,43.4
2017-02-13 06:00:00,43.4
2017-02-13 09:00:00,43.4
2017-02-13 12:00:00,43.4
2017-02-13 15:00:00,43.4
2017-02-13 18:00:00,43.4
2017-02-13 21:00:00,43.4
2017-02-14 00:00:00,43.4
2017-02-14 03:00:00,43.4
2017-02-14 06:00:00,43.4
2017-02-14 09:00:00,43.4
2017-02-14 12:00:00,43.4
2017-02-14 15:00:00,43.4
2017-02-14 18:00:00,43.4
2017-02-14 21:00:00,43.4
2017-02-15 00:00:00,43.4
2017-02-15 03:00:00,43.4
2017-02-15 06:00:00,43.4
2017-02-15 09:00:00,43.4
2017-02-15 12:00:00,43.4
2017-02-15 15:00:00,43.4
2017-02-15 18:00:00,43.4
2017-02-15 21:00:00,43.4
2017-02-16 00:00:00,43.399
2017-02-16 03:00:00,43.398
2017-02-16 06:00:00,43.398
2017-02-16 09:00:00,43.398
2017-02-16 12:00:00,43.398
2017-02-16 15:00:00,43.398
2017-02-16 18:00:00,43.398
2017-02-16 21:00:00,43.398
2017-02-17 00:00:00,43.398
2017-02-17 03:00:00,43.398
2017-02-17 06:00:00,43.398
2017-02-17 09:00:00,43.4
2017-02-17 12:00:00,43.4
2017-02-17 15:00:00,43.4
2017-02-17 18:00:00,43.4
2017-02-17 21:00:00,43.4
2017-02-18 00:00:00,43.398
2017-02-18 03:00:00,43.396
2017-02-18 06:00:00,43.396
2017-02-18 09:00:00,43.394
2017-02-18 12:00:00,43.39
2017-02-18 15:00:00,43.388
2017-02-18 18:00:00,43.387
2017-02-18 21:00:00,43.387
2017-02-19 00:00:00,43.387
2017-02-19 03:00:00,43.387
2017-02-19 06:00:00,43.387
2017-02-19 09:00:00,43.387
2017-02-19 12:00:00,43.386
2017-02-19 15:00:00,43.386
2017-02-19 18:00:00,43.386
2017-02-19 21:00:00,43.385
2017-02-20 00:00:00,43.385
2017-02-20 03:00:00,43.385
2017-02-20 06:00:00,43.385
2017-02-20 09:00:00,43.385
2017-02-20 12:00:00,43.384
2017-02-20 15:00:00,43.384
2017-02-20 18:00:00,43.384
2017-02-20 21:00:00,43.384
2017-02-21 00:00:00,43.384
2017-02-21 03:00:00,43.384
2017-02-21 06:00:00,43.384
2017-02-21 09:00:00,43.384
2017-02-21 12:00:00,43.383
2017-02-21 15:00:00,43.382
2017-02-21 18:00:00,43.382
2017-02-21 21:00:00,43.382
2017-02-22 00:00:00,43.382
2017-02-22 03:00:00,43.382
2017-02-22 06:00:00,43.382
2017-02-22 09:00:00,43.382
2017-02-22 12:00:00,43.381
2017-02-22 15:00:00,43.381
2017-02-22 18:00:00,43.38
2017-02-22 21:00:00,43.38
2017-02-23 00:00:00,43.38
2017-02-23 03:00:00,43.38
2017-02-23 06:00:00,43.38
2017-02-23 09:00:00,43.379
2017-02-23 12:00:00,43.378
2017-02-23 15:00:00,43.377
2017-02-23 18:00:00,43.376
2017-02-23 21:00:00,43.376
2017-02-24 00:00:00,43.376
2017-02-24 03:00:00,43.376
2017-02-24 06:00:00,43.376
2017-02-24 09:00:00,43.376
2017-02-24 12:00:00,43.374
2017-02-24 15:00:00,43.373
2017-02-24 18:00:00,43.373
2017-02-24 21:00:00,43.373
2017-02-25 00:00:00,43.373
2017-02-25 03:00:00,43.373
2017-02-25 06:00:00,43.373
2017-02-25 09:00:00,43.372
2017-02-25 12:00:00,43.371
2017-02-25 15:00:00,43.371
2017-02-25 18:00:00,43.371
2017-02-25 21:00:00,43.371
2017-02-26 00:00:00,43.371
2017-02-26 03:00:00,43.371
2017-02-26 06:00:00,43.371
2017-02-26 09:00:00,43.371
2017-02-26 12:00:00,43.37
2017-02-26 15:00:00,43.369
2017-02-26 18:00:00,43.369
2017-02-26 21:00:00,43.369
2017-02-27 00:00:00,43.369
2017-02-27 03:00:00,43.369
2017-02-27 06:00:00,43.369
2017-02-27 09:00:00,43.369
2017-02-27 12:00:00,43.368
2017-02-27 15:00:00,43.368
2017-02-27 18:00:00,43.368
2017-02-27 21:00:00,43.368
2017-02-28 00:00:00,43.368
2017-02-28 03:00:00,43.368
2017-02-28 06:00:00,43.368
2017-02-28 09:00:00,43.367
2017-02-28 12:00:00,43.367
2017-02-28 15:00:00,43.367
2017-02-28 18:00:00,43.367
2017-02-28 21:00:00,43.367
2017-03-01 00:00:00,43.367
2017-03-01 03:00:00,43.367
2017-03-01 06:00:00,43.367
2017-03-01 09:00:00,43.366
2017-03-01 12:00:00,43.365
2017-03-01 15:00:00,43.365
2017-03-01 18:00:00,43.365
2017-03-01 21:00:00,43.365
2017-03-02 00:00:00,43.365
2017-03-02 03:00:00,43.365
2017-03-02 06:00:00,43.365
2017-03-02 09:00:00,43.365
2017-03-02 12:00:00,43.364
2017-03-02 15:00:00,43.363
2017-03-02 18:00:00,43.363
2017-03-02 21:00:00,43.363
2017-03-03 00:00:00,43.363
2017-03-03 03:00:00,43.363
2017-03-03 06:00:00,43.363
2017-03-03 09:00:00,43.363
2017-03-03 12:00:00,43.362
2017-03-03 15:00:00,43.361
2017-03-03 18:00:00,43.361
2017-03-03 21:00:00,43.361
2017-03-04 00:00:00,43.361
2017-03-04 03:00:00,43.361
2017-03-04 06:00:00,43.361
2017-03-04 09:00:00,43.361
2017-03-04 12:00:00,43.36
2017-03-04 15:00:00,43.36
2017-03-04 18:00:00,43.36
2017-03-04 21:00:00,43.36
2017-03-05 00:00:00,43.36
2017-03-05 03:00:00,43.36
2017-03-05 06:00:00,43.36
2017-03-05 09:00:00,43.359
2017-03-05 12:00:00,43.358
2017-03-05 15:00:00,43.357
2017-03-05 18:00:00,43.357
2017-03-05 21:00:00,43.357
2017-03-06 00:00:00,43.357
2017-03-06 03:00:00,43.357
2017-03-06 06:00:00,43.357
2017-03-06 09:00:00,43.357
2017-03-06 12:00:00,43.356
2017-03-06 15:00:00,43.355
2017-03-06 18:00:00,43.355
2017-03-06 21:00:00,43.355
2017-03-07 00:00:00,43.355
2017-03-07 03:00:00,43.355
2017-03-07 06:00:00,43.355
2017-03-07 09:00:00,43.355
2017-03-07 12:00:00,43.353
2017-03-07 15:00:00,43.352
2017-03-07 18:00:00,43.352
2017-03-07 21:00:00,43.352
2017-03-08 00:00:00,43.352
2017-03-08 03:00:00,43.352
2017-03-08 06:00:00,43.352
2017-03-08 09:00:00,43.351
2017-03-08 12:00:00,43.35
2017-03-08 15:00:00,43.35
2017-03-08 18:00:00,43.35
2017-03-08 21:00:00,43.35
2017-03-09 00:00:00,43.35
2017-03-09 03:00:00,43.35
2017-03-09 06:00:00,43.35
2017-03-09 09:00:00,43.349
2017-03-09 12:00:00,43.348
2017-03-09 15:00:00,43.348
2017-03-09 18:00:00,43.348
2017-03-09 21:00:00,43.348
2017-03-10 00:00:00,43.348
2017-03-10 03:00:00,43.348
2017-03-10 06:00:00,43.348
2017-03-10 09:00:00,43.347
2017-03-10 12:00:00,43.346
2017-03-10 15:00:00,43.345
2017-03-10 18:00:00,43.345
2017-03-10 21:00:00,43.345
2017-03-11 00:00:00,43.345
2017-03-11 03:00:00,43.345
2017-03-11 06:00:00,43.345
2017-03-11 09:00:00,43.352
2017-03-11 12:00:00,43.4
2017-03-11 15:00:00,43.4
2017-03-11 18:00:00,43.4
2017-03-11 21:00:00,43.4
2017-03-12 00:00:00,43.4
2017-03-12 03:00:00,43.4
2017-03-12 06:00:00,43.4
2017-03-12 09:00:00,43.4
2017-03-12 12:00:00,43.4
2017-03-12 15:00:00,43.4
2017-03-12 18:00:00,43.4
2017-03-12 21:00:00,43.4
2017-03-13 00:00:00,43.4
2017-03-13 03:00:00,43.4
2017-03-13 06:00:00,43.4
2017-03-13 09:00:00,43.4
2017-03-13 12:00:00,43.4
2017-03-13 15:00:00,43.4
2017-03-13 18:00:00,43.4
2017-03-13 21:00:00,43.4
2017-03-14 00:00:00,43.4
2017-03-14 03:00:00,43.4
2017-03-14 06:00:00,43.4
2017-03-14 09:00:00,43.4
2017-03-14 12:00:00,43.4
2017-03-14 15:00:00,43.4
2017-03-14 18:00:00,43.4
2017-03-14 21:00:00,43.4
2017-03-15 00:00:00,43.4
2017-03-15 03:00:00,43.4
2017-03-15 06:00:00,43.4
2017-03-15 09:00:00,43.4
2017-03-15 12:00:00,43.4
2017-03-15 15:00:00,43.4
2017-03-15 18:00:00,43.4
2017-03-15 21:00:00,43.4
2017-03-16 00:00:00,43.399
2017-03-16 03:00:00,43.399
2017-03-16 06:00:00,43.399
2017-03-16 09:00:00,43.4
2017-03-16 12:00:00,43.4
2017-03-16 15:00:00,43.4
2017-03-16 18:00:00,43.4
2017-03-16 21:00:00,43.399
2017-03-17 00:00:00,43.4
2017-03-17 03:00:00,43.4
2017-03-17 06:00:00,43.4
2017-03-17 09:00:00,43.4
2017-03-17 12:00:00,43.4
2017-03-17 15:00:00,43.4
2017-03-17 18:00:00,43.4
2017-03-17 21:00:00,43.4
2017-03-18 00:00:00,43.4
2017-03-18 03:00:00,43.4
2017-03-18 06:00:00,43.399
2017-03-18 09:00:00,43.397
2017-03-18 12:00:00,43.4
2017-03-18 15:00:00,43.398
2017-03-18 18:00:00,43.398
2017-03-18 21:00:00,43.398
2017-03-19 00:00:00,43.398
2017-03-19 03:00:00,43.398
2017-03-19 06:00:00,43.398
2017-03-19 09:00:00,43.4
2017-03-19 12:00:00,43.397
2017-03-19 15:00:00,43.396
2017-03-19 18:00:00,43.396
2017-03-19 21:00:00,43.396
2017-03-20 00:00:00,43.396
2017-03-20 03:00:00,43.396
2017-03-20 06:00:00,43.396
2017-03-20 09:00:00,43.395
2017-03-20 12:00:00,43.4
2017-03-20 15:00:00,43.399
2017-03-20 18:00:00,43.399
2017-03-20 21:00:00,43.399
2017-03-21 00:00:00,43.399
2017-03-21 03:00:00,43.399
2017-03-21 06:00:00,43.399
2017-03-21 09:00:00,43.398
2017-03-21 12:00:00,43.396
2017-03-21 15:00:00,43.395
2017-03-21 18:00:00,43.395
2017-03-21 21:00:00,43.395
2017-03-22 00:00:00,43.395
2017-03-22 03:00:00,43.395
2017-03-22 06:00:00,43.395
2017-03-22 09:00:00,43.4
2017-03-22 12:00:00,43.4
2017-03-22 15:00:00,43.4
2017-03-22 18:00:00,43.4
2017-03-22 21:00:00,43.4
2017-03-23 00:00:00,43.4
2017-03-23 03:00:00,43.4
2017-03-23 06:00:00,43.4
2017-03-23 09:00:00,43.398
2017-03-23 12:00:00,43.4
2017-03-23 15:00:00,43.398
2017-03-23 18:00:00,43.398
2017-03-23 21:00:00,43.398
2017-03-24 00:00:00,43.398
2017-03-24 03:00:00,43.398
2017-03-24 06:00:00,43.398
2017-03-24 09:00:00,43.396
2017-03-24 12:00:00,43.4
2017-03-24 15:00:00,43.4
2017-03-24 18:00:00,43.4
2017-03-24 21:00:00,43.4
2017-03-25 00:00:00,43.4
2017-03-25 03:00:00,43.4
2017-03-25 06:00:00,43.399
2017-03-25 09:00:00,43.4
2017-03-25 12:00:00,43.4
2017-03-25 15:00:00,43.4
2017-03-25 18:00:00,43.4
2017-03-25 21:00:00,43.4
2017-03-26 00:00:00,43.4
2017-03-26 03:00:00,43.4
2017-03-26 06:00:00,43.4
2017-03-26 09:00:00,43.4
2017-03-26 12:00:00,43.4
2017-03-26 15:00:00,43.4
2017-03-26 18:00:00,43.399
2017-03-26 21:00:00,43.398
2017-03-27 00:00:00,43.398
2017-03-27 03:00:00,43.398
2017-03-27 06:00:00,43.398
2017-03-27 09:00:00,43.4
2017-03-27 12:00:00,43.4
2017-03-27 15:00:00,43.4
2017-03-27 18:00:00,43.397
2017-03-27 21:00:00,43.39
2017-03-28 00:00:00,43.384
2017-03-28 03:00:00,43.382
2017-03-28 06:00:00,43.376
2017-03-28 09:00:00,43.342
2017-03-28 12:00:00,43.292
2017-03-28 15:00:00,43.255
2017-03-28 18:00:00,43.248
2017-03-28 21:00:00,43.248
2017-03-29 00:00:00,43.248
2017-03-29 03:00:00,43.248
2017-03-29 06:00:00,43.247
2017-03-29 09:00:00,43.226
2017-03-29 12:00:00,43.188
2017-03-29 15:00:00,43.161
2017-03-29 18:00:00,43.159
2017-03-29 21:00:00,43.159
2017-03-30 00:00:00,43.159
2017-03-30 03:00:00,43.159
2017-03-30 06:00:00,43.159
2017-03-30 09:00:00,43.147
2017-03-30 12:00:00,43.127
2017-03-30 15:00:00,43.112
2017-03-30 18:00:00,43.111
2017-03-30 21:00:00,43.11
2017-03-31 00:00:00,43.109
2017-03-31 03:00:00,43.108
2017-03-31 06:00:00,43.107
2017-03-31 09:00:00,43.099
2017-03-31 12:00:00,43.207
2017-03-31 15:00:00,43.268
2017-03-31 18:00:00,43.267
2017-03-31 21:00:00,43.267
2017-04-01 00:00:00,43.265
2017-04-01 03:00:00,43.265
2017-04-01 06:00:00,43.264
2017-04-01 09:00:00,43.389
2017-04-01 12:00:00,43.4
2017-04-01 15:00:00,43.4
2017-04-01 18:00:00,43.4
2017-04-01 21:00:00,43.4
2017-04-02 00:00:00,43.4
2017-04-02 03:00:00,43.4
2017-04-02 06:00:00,43.399
2017-04-02 09:00:00,43.393
2017-04-02 12:00:00,43.4
2017-04-02 15:00:00,43.396
2017-04-02 18:00:00,43.395
2017-04-02 21:00:00,43.394
2017-04-03 00:00:00,43.394
2017-04-03 03:00:00,43.392
2017-04-03 06:00:00,43.392
2017-04-03 09:00:00,43.4
2017-04-03 12:00:00,43.4
2017-04-03 15:00:00,43.4
2017-04-03 18:00:00,43.4
2017-04-03 21:00:00,43.4
2017-04-04 00:00:00,43.4
2017-04-04 03:00:00,43.4
2017-04-04 06:00:00,43.4
2017-04-04 09:00:00,43.4
2017-04-04 12:00:00,43.4
2017-04-04 15:00:00,43.4
2017-04-04 18:00:00,43.4
2017-04-04 21:00:00,43.4
2017-04-05 00:00:00,43.4
2017-04-05 03:00:00,43.399
2017-04-05 06:00:00,43.4
2017-04-05 09:00:00,43.4
2017-04-05 12:00:00,43.4
2017-04-05 15:00:00,43.4
2017-04-05 18:00:00,43.4
2017-04-05 21:00:00,43.399
2017-04-06 00:00:00,43.399
2017-04-06 03:00:00,43.399
2017-04-06 06:00:00,43.4
2017-04-06 09:00:00,43.4
2017-04-06 12:00:00,43.4
2017-04-06 15:00:00,43.4
2017-04-06 18:00:00,43.4
2017-04-06 21:00:00,43.399
2017-04-07 00:00:00,43.399
2017-04-07 03:00:00,43.399
2017-04-07 06:00:00,43.391
2017-04-07 09:00:00,43.4
2017-04-07 12:00:00,43.4
2017-04-07 15:00:00,43.4
2017-04-07 18:00:00,43.398
2017-04-07 21:00:00,43.398
2017-04-08 00:00:00,43.396
2017-04-08 03:00:00,43.387
2017-04-08 06:00:00,43.365
2017-04-08 09:00:00,43.4
2017-04-08 12:00:00,43.4
2017-04-08 15:00:00,43.378
2017-04-08 18:00:00,43.339
2017-04-08 21:00:00,43.326
2017-04-09 00:00:00,43.326
2017-04-09 03:00:00,43.4
2017-04-09 06:00:00,43.4
2017-04-09 09:00:00,43.4
2017-04-09 12:00:00,43.4
2017-04-09 15:00:00,43.4
2017-04-09 18:00:00,43.4
2017-04-09 21:00:00,43.4
2017-04-10 00:00:00,43.4
2017-04-10 03:00:00,43.4
2017-04-10 06:00:00,43.4
2017-04-10 09:00:00,43.4
2017-04-10 12:00:00,43.4
2017-04-10 15:00:00,43.4
2017-04-10 18:00:00,43.4
2017-04-10 21:00:00,43.4
2017-04-11 00:00:00,43.397
2017-04-11 03:00:00,43.361
2017-04-11 06:00:00,43.307
2017-04-11 09:00:00,43.276
2017-04-11 12:00:00,43.4
2017-04-11 15:00:00,43.4
2017-04-11 18:00:00,43.387
2017-04-11 21:00:00,43.373
2017-04-12 00:00:00,43.362
2017-04-12 03:00:00,43.356
2017-04-12 06:00:00,43.324
2017-04-12 09:00:00,43.322998
2017-04-12 12:00:00,43.4
2017-04-12 15:00:00,43.371
2017-04-12 18:00:00,43.31
2017-04-12 21:00:00,43.264
2017-04-13 00:00:00,43.236
2017-04-13 03:00:00,43.216
2017-04-13 06:00:00,43.178
2017-04-13 09:00:00,43.034
2017-04-13 12:00:00,42.835
2017-04-13 15:00:00,42.688
2017-04-13 18:00:00,42.621
2017-04-13 21:00:00,42.57
2017-04-14 00:00:00,42.542
2017-04-14 03:00:00,42.525
2017-04-14 06:00:00,42.487
2017-04-14 09:00:00,42.345
2017-04-14 12:00:00,42.134
2017-04-14 15:00:00,41.979
2017-04-14 18:00:00,41.931
2017-04-14 21:00:00,41.903
2017-04-15 00:00:00,41.882
2017-04-15 03:00:00,41.881
2017-04-15 06:00:00,41.855
2017-04-15 09:00:00,41.723
2017-04-15 12:00:00,41.537
2017-04-15 15:00:00,41.389
2017-04-15 18:00:00,41.331
2017-04-15 21:00:00,41.314
2017-04-16 00:00:00,41.313
2017-04-16 03:00:00,41.313
2017-04-16 06:00:00,41.292
2017-04-16 09:00:00,41.163
2017-04-16 12:00:00,41.126
2017-04-16 15:00:00,41.121
2017-04-16 18:00:00,41.076
2017-04-16 21:00:00,41.07
2017-04-17 00:00:00,41.07
2017-04-17 03:00:00,41.069
2017-04-17 06:00:00,41.036
2017-04-17 09:00:00,40.901
2017-04-17 12:00:00,40.803
2017-04-17 15:00:00,40.716
2017-04-17 18:00:00,40.653
2017-04-17 21:00:00,40.604
2017-04-18 00:00:00,40.574
2017-04-18 03:00:00,40.559
2017-04-18 06:00:00,40.552
2017-04-18 09:00:00,40.516
2017-04-18 12:00:00,40.579
2017-04-18 15:00:00,40.64
2017-04-18 18:00:00,40.649
2017-04-18 21:00:00,40.648
2017-04-19 00:00:00,40.614
2017-04-19 03:00:00,40.563
2017-04-19 06:00:00,40.524
2017-04-19 09:00:00,40.541
2017-04-19 12:00:00,40.688
2017-04-19 15:00:00,40.837
2017-04-19 18:00:00,40.868
2017-04-19 21:00:00,40.864
2017-04-20 00:00:00,40.862
2017-04-20 03:00:00,40.862
2017-04-20 06:00:00,40.857
2017-04-20 09:00:00,40.975
2017-04-20 12:00:00,41.152
2017-04-20 15:00:00,41.585
2017-04-20 18:00:00,42.422
2017-04-20 21:00:00,42.48
2017-04-21 00:00:00,42.471
2017-04-21 03:00:00,42.466
2017-04-21 06:00:00,42.437
2017-04-21 09:00:00,42.479
2017-04-21 12:00:00,42.5
2017-04-21 15:00:00,42.442
2017-04-21 18:00:00,42.369
2017-04-21 21:00:00,42.242
2017-04-22 00:00:00,42.169
2017-04-22 03:00:00,42.121
2017-04-22 06:00:00,42.057
2017-04-22 09:00:00,41.885
2017-04-22 12:00:00,41.651
2017-04-22 15:00:00,41.404
2017-04-22 18:00:00,41.014
2017-04-22 21:00:00,40.8
2017-04-23 00:00:00,40.732
2017-04-23 03:00:00,40.704
2017-04-23 06:00:00,40.609
2017-04-23 09:00:00,40.483
2017-04-23 12:00:00,40.287
2017-04-23 15:00:00,40.061
2017-04-23 18:00:00,39.502
2017-04-23 21:00:00,39.085
2017-04-24 00:00:00,38.923
2017-04-24 03:00:00,38.843
2017-04-24 06:00:00,38.76
2017-04-24 09:00:00,38.608
2017-04-24 12:00:00,38.398
2017-04-24 15:00:00,38.063
2017-04-24 18:00:00,37.372
2017-04-24 21:00:00,36.931
2017-04-25 00:00:00,36.755
2017-04-25 03:00:00,36.667
2017-04-25 06:00:00,36.583
2017-04-25 09:00:00,36.465
2017-04-25 12:00:00,36.255
2017-04-25 15:00:00,35.806
2017-04-25 18:00:00,35.13
2017-04-25 21:00:00,34.559
2017-04-26 00:00:00,34.11
2017-04-26 03:00:00,33.764
2017-04-26 06:00:00,33.466
2017-04-26 09:00:00,33.077
2017-04-26 12:00:00,32.592
2017-04-26 15:00:00,31.727
2017-04-26 18:00:00,31.094
2017-04-26 21:00:00,30.402
2017-04-27 00:00:00,29.958
2017-04-27 03:00:00,29.714
2017-04-27 06:00:00,29.556
2017-04-27 09:00:00,29.4
2017-04-27 12:00:00,29.107
2017-04-27 15:00:00,28.8
2017-04-27 18:00:00,28.509
2017-04-27 21:00:00,28.257
2017-04-28 00:00:00,28.114
2017-04-28 03:00:00,28.005
2017-04-28 06:00:00,27.911
2017-04-28 09:00:00,27.783
2017-04-28 12:00:00,27.562
2017-04-28 15:00:00,27.354
2017-04-28 18:00:00,27.162
2017-04-28 21:00:00,27.083
2017-04-29 00:00:00,27.058
2017-04-29 03:00:00,27.052
2017-04-29 06:00:00,27.032
2017-04-29 09:00:00,26.973
2017-04-29 12:00:00,26.838
2017-04-29 15:00:00,26.659
2017-04-29 18:00:00,26.508
2017-04-29 21:00:00,26.385
2017-04-30 00:00:00,26.274
2017-04-30 03:00:00,26.184
2017-04-30 06:00:00,26.098
2017-04-30 09:00:00,26.027
2017-04-30 12:00:00,25.96
2017-04-30 15:00:00,25.92
2017-04-30 18:00:00,25.874
2017-04-30 21:00:00,25.791
2017-05-01 00:00:00,25.742
2017-05-01 03:00:00,25.718
2017-05-01 06:00:00,25.689
2017-05-01 09:00:00,25.665
2017-05-01 12:00:00,25.585
2017-05-01 15:00:00,25.48
2017-05-01 18:00:00,25.426
2017-05-01 21:00:00,25.366
2017-05-02 00:00:00,25.314
2017-05-02 03:00:00,25.288
2017-05-02 06:00:00,25.259
2017-05-02 09:00:00,25.174
2017-05-02 12:00:00,25.02
2017-05-02 15:00:00,24.878
2017-05-02 18:00:00,24.823
2017-05-02 21:00:00,24.781
2017-05-03 00:00:00,24.744
2017-05-03 03:00:00,24.731
2017-05-03 06:00:00,24.695
2017-05-03 09:00:00,24.568
2017-05-03 12:00:00,24.433
2017-05-03 15:00:00,24.318
2017-05-03 18:00:00,24.266
2017-05-03 21:00:00,24.231
2017-05-04 00:00:00,24.195
2017-05-04 03:00:00,24.179
2017-05-04 06:00:00,24.13
2017-05-04 09:00:00,23.974
2017-05-04 12:00:00,23.701
2017-05-04 15:00:00,23.434
2017-05-04 18:00:00,23.305
2017-05-04 21:00:00,23.264
2017-05-05 00:00:00,23.232
2017-05-05 03:00:00,23.206
2017-05-05 06:00:00,23.121
2017-05-05 09:00:00,22.98
2017-05-05 12:00:00,22.935
2017-05-05 15:00:00,22.799
2017-05-05 18:00:00,22.669
2017-05-05 21:00:00,22.622
2017-05-06 00:00:00,22.588
2017-05-06 03:00:00,22.581
2017-05-06 06:00:00,22.509
2017-05-06 09:00:00,22.357
2017-05-06 12:00:00,22.146
2017-05-06 15:00:00,21.99
2017-05-06 18:00:00,21.891
2017-05-06 21:00:00,21.842
2017-05-07 00:00:00,21.839
2017-05-07 03:00:00,21.829
2017-05-07 06:00:00,21.818
2017-05-07 09:00:00,21.773
2017-05-07 12:00:00,21.732
2017-05-07 15:00:00,21.676
2017-05-07 18:00:00,21.661
2017-05-07 21:00:00,21.642
2017-05-08 00:00:00,21.624
2017-05-08 03:00:00,21.602
2017-05-08 06:00:00,21.538
2017-05-08 09:00:00,21.407
2017-05-08 12:00:00,21.319
2017-05-08 15:00:00,21.251
2017-05-08 18:00:00,21.199
2017-05-08 21:00:00,21.178
2017-05-09 00:00:00,21.164
2017-05-09 03:00:00,21.146
2017-05-09 06:00:00,21.088
2017-05-09 09:00:00,21.013
2017-05-09 12:00:00,20.929
2017-05-09 15:00:00,20.877
2017-05-09 18:00:00,20.835
2017-05-09 21:00:00,20.824
2017-05-10 00:00:00,20.814
2017-05-10 03:00:00,20.806
2017-05-10 06:00:00,20.761
2017-05-10 09:00:00,20.641
2017-05-10 12:00:00,20.501
2017-05-10 15:00:00,20.41
2017-05-10 18:00:00,20.366
2017-05-10 21:00:00,20.359
2017-05-11 00:00:00,20.358
2017-05-11 03:00:00,20.356
2017-05-11 06:00:00,20.312
2017-05-11 09:00:00,20.2
2017-05-11 12:00:00,20.063
2017-05-11 15:00:00,19.972
2017-05-11 18:00:00,19.919
2017-05-11 21:00:00,19.906
2017-05-12 00:00:00,19.901
2017-05-12 03:00:00,19.892
2017-05-12 06:00:00,19.851
2017-05-12 09:00:00,19.757
2017-05-12 12:00:00,19.675
2017-05-12 15:00:00,19.609
2017-05-12 18:00:00,19.576
2017-05-12 21:00:00,19.569
2017-05-13 00:00:00,19.568
2017-05-13 03:00:00,19.569
2017-05-13 06:00:00,19.556
2017-05-13 09:00:00,19.552
2017-05-13 12:00:00,19.479
2017-05-13 15:00:00,19.424
2017-05-13 18:00:00,19.435
2017-05-13 21:00:00,19.496
2017-05-14 00:00:00,19.501
2017-05-14 03:00:00,19.512
2017-05-14 06:00:00,19.483
2017-05-14 09:00:00,19.417
2017-05-14 12:00:00,19.336
2017-05-14 15:00:00,19.237999
2017-05-14 18:00:00,19.197
2017-05-14 21:00:00,19.19
2017-05-15 00:00:00,19.174
2017-05-15 03:00:00,19.161
2017-05-15 06:00:00,19.115
2017-05-15 09:00:00,19.005
2017-05-15 12:00:00,18.856
2017-05-15 15:00:00,18.723
2017-05-15 18:00:00,18.656
2017-05-15 21:00:00,18.643
2017-05-16 00:00:00,18.643
2017-05-16 03:00:00,18.642
2017-05-16 06:00:00,18.604
2017-05-16 09:00:00,18.497
2017-05-16 12:00:00,18.353
2017-05-16 15:00:00,18.228
2017-05-16 18:00:00,18.161
2017-05-16 21:00:00,18.14
2017-05-17 00:00:00,18.343
2017-05-17 03:00:00,18.78
2017-05-17 06:00:00,19.11
2017-05-17 09:00:00,19.204
2017-05-17 12:00:00,19.244
2017-05-17 15:00:00,19.24
2017-05-17 18:00:00,19.219
2017-05-17 21:00:00,19.223
2017-05-18 00:00:00,19.508
2017-05-18 03:00:00,20.65
2017-05-18 06:00:00,21.284
2017-05-18 09:00:00,22.001
2017-05-18 12:00:00,22.088
2017-05-18 15:00:00,22.114
2017-05-18 18:00:00,22.142
2017-05-18 21:00:00,22.245
2017-05-19 00:00:00,22.43
2017-05-19 03:00:00,22.652
2017-05-19 06:00:00,22.979
2017-05-19 09:00:00,23.157
2017-05-19 12:00:00,23.172
2017-05-19 15:00:00,23.181
2017-05-19 18:00:00,23.383
2017-05-19 21:00:00,23.799
2017-05-20 00:00:00,23.77
2017-05-20 03:00:00,23.751
2017-05-20 06:00:00,23.651
2017-05-20 09:00:00,23.436
2017-05-20 12:00:00,23.197
2017-05-20 15:00:00,22.97
2017-05-20 18:00:00,22.848
2017-05-20 21:00:00,22.809
2017-05-21 00:00:00,22.791
2017-05-21 03:00:00,22.776
2017-05-21 06:00:00,22.691
2017-05-21 09:00:00,22.492
2017-05-21 12:00:00,22.219
2017-05-21 15:00:00,21.971
2017-05-21 18:00:00,21.836
2017-05-21 21:00:00,21.794
2017-05-22 00:00:00,21.781
2017-05-22 03:00:00,21.768
2017-05-22 06:00:00,21.691
2017-05-22 09:00:00,21.516
2017-05-22 12:00:00,21.282
2017-05-22 15:00:00,21.071
2017-05-22 18:00:00,20.96
2017-05-22 21:00:00,20.938
2017-05-23 00:00:00,20.934
2017-05-23 03:00:00,20.93
2017-05-23 06:00:00,20.903
2017-05-23 09:00:00,20.786
2017-05-23 12:00:00,20.608
2017-05-23 15:00:00,20.477
2017-05-23 18:00:00,20.381
2017-05-23 21:00:00,20.354
2017-05-24 00:00:00,20.357
2017-05-24 03:00:00,20.359
2017-05-24 06:00:00,20.304
2017-05-24 09:00:00,20.191
2017-05-24 12:00:00,19.99
2017-05-24 15:00:00,19.807
2017-05-24 18:00:00,19.706
2017-05-24 21:00:00,19.676
2017-05-25 00:00:00,19.707
2017-05-25 03:00:00,19.717
2017-05-25 06:00:00,19.694
2017-05-25 09:00:00,19.588
2017-05-25 12:00:00,19.458
2017-05-25 15:00:00,19.646
2017-05-25 18:00:00,20.027
2017-05-25 21:00:00,20.865
2017-05-26 00:00:00,20.857
2017-05-26 03:00:00,20.837
2017-05-26 06:00:00,20.761
2017-05-26 09:00:00,20.613
2017-05-26 12:00:00,20.439
2017-05-26 15:00:00,20.284
2017-05-26 18:00:00,20.191
2017-05-26 21:00:00,20.15
2017-05-27 00:00:00,20.732
2017-05-27 03:00:00,21.507
2017-05-27 06:00:00,22.435
2017-05-27 09:00:00,23.301
2017-05-27 12:00:00,23.267
2017-05-27 15:00:00,23.234
2017-05-27 18:00:00,23.321
2017-05-27 21:00:00,23.43
2017-05-28 00:00:00,23.425
2017-05-28 03:00:00,23.417
2017-05-28 06:00:00,23.403
2017-05-28 09:00:00,23.414
2017-05-28 12:00:00,23.349
2017-05-28 15:00:00,23.304
2017-05-28 18:00:00,23.83
2017-05-28 21:00:00,24.984
2017-05-29 00:00:00,24.9
2017-05-29 03:00:00,24.802
2017-05-29 06:00:00,24.651
2017-05-29 09:00:00,24.394
2017-05-29 12:00:00,24.079
2017-05-29 15:00:00,23.818
2017-05-29 18:00:00,23.695
2017-05-29 21:00:00,23.633
2017-05-30 00:00:00,23.599
2017-05-30 03:00:00,23.569
2017-05-30 06:00:00,23.464
2017-05-30 09:00:00,23.245
2017-05-30 12:00:00,22.972
2017-05-30 15:00:00,22.732
2017-05-30 18:00:00,22.599
2017-05-30 21:00:00,22.555
2017-05-31 00:00:00,22.595
2017-05-31 03:00:00,22.617
2017-05-31 06:00:00,22.513
2017-05-31 09:00:00,22.444
2017-05-31 12:00:00,22.186
2017-05-31 15:00:00,21.99
2017-05-31 18:00:00,21.864
2017-05-31 21:00:00,21.807
2017-06-01 00:00:00,21.772
2017-06-01 03:00:00,21.735
2017-06-01 06:00:00,21.649
2017-06-01 09:00:00,21.49
2017-06-01 12:00:00,21.311
2017-06-01 15:00:00,21.161
2017-06-01 18:00:00,21.079
2017-06-01 21:00:00,21.049
2017-06-02 00:00:00,21.039
2017-06-02 03:00:00,21.018
2017-06-02 06:00:00,20.954
2017-06-02 09:00:00,20.815
2017-06-02 12:00:00,20.63
2017-06-02 15:00:00,20.463
2017-06-02 18:00:00,20.382
2017-06-02 21:00:00,20.373
2017-06-03 00:00:00,20.368
2017-06-03 03:00:00,20.362
2017-06-03 06:00:00,20.303
2017-06-03 09:00:00,20.171
2017-06-03 12:00:00,20.001
2017-06-03 15:00:00,19.857
2017-06-03 18:00:00,19.779
2017-06-03 21:00:00,19.758
2017-06-04 00:00:00,19.751
2017-06-04 03:00:00,19.747
2017-06-04 06:00:00,19.704
2017-06-04 09:00:00,19.603
2017-06-04 12:00:00,19.493
2017-06-04 15:00:00,19.422
2017-06-04 18:00:00,19.389
2017-06-04 21:00:00,19.38
2017-06-05 00:00:00,19.583
2017-06-05 03:00:00,19.834
2017-06-05 06:00:00,20.087
2017-06-05 09:00:00,20.368
2017-06-05 12:00:00,20.729
2017-06-05 15:00:00,21.087
2017-06-05 18:00:00,21.074
2017-06-05 21:00:00,21.682
2017-06-06 00:00:00,22.224
2017-06-06 03:00:00,22.545
2017-06-06 06:00:00,22.546
2017-06-06 09:00:00,22.439
2017-06-06 12:00:00,22.221
2017-06-06 15:00:00,22.047
2017-06-06 18:00:00,21.952
2017-06-06 21:00:00,21.926
2017-06-07 00:00:00,21.92
2017-06-07 03:00:00,21.908
2017-06-07 06:00:00,21.845
2017-06-07 09:00:00,21.689
2017-06-07 12:00:00,21.475
2017-06-07 15:00:00,21.279
2017-06-07 18:00:00,21.18
2017-06-07 21:00:00,21.205
2017-06-08 00:00:00,21.215
2017-06-08 03:00:00,21.225
2017-06-08 06:00:00,21.176
2017-06-08 09:00:00,21.035
2017-06-08 12:00:00,20.883
2017-06-08 15:00:00,20.806
2017-06-08 18:00:00,20.762
2017-06-08 21:00:00,20.746
2017-06-09 00:00:00,20.858
2017-06-09 03:00:00,20.968
2017-06-09 06:00:00,21.062
2017-06-09 09:00:00,21.138
2017-06-09 12:00:00,21.195
2017-06-09 15:00:00,21.23
2017-06-09 18:00:00,21.289
2017-06-09 21:00:00,21.393
2017-06-10 00:00:00,21.39
2017-06-10 03:00:00,21.383
2017-06-10 06:00:00,21.329
2017-06-10 09:00:00,21.205
2017-06-10 12:00:00,21.032
2017-06-10 15:00:00,20.881
2017-06-10 18:00:00,20.802
2017-06-10 21:00:00,20.775
2017-06-11 00:00:00,20.845
2017-06-11 03:00:00,20.916
2017-06-11 06:00:00,20.959
2017-06-11 09:00:00,20.995
2017-06-11 12:00:00,21.008
2017-06-11 15:00:00,21.034
2017-06-11 18:00:00,21.079
2017-06-11 21:00:00,21.143
2017-06-12 00:00:00,21.331
2017-06-12 03:00:00,21.542
2017-06-12 06:00:00,21.868
2017-06-12 09:00:00,22.039
2017-06-12 12:00:00,22.279
2017-06-12 15:00:00,22.308
2017-06-12 18:00:00,22.32
2017-06-12 21:00:00,22.473
2017-06-13 00:00:00,22.46
2017-06-13 03:00:00,22.431
2017-06-13 06:00:00,22.352
2017-06-13 09:00:00,22.167
2017-06-13 12:00:00,22.029
2017-06-13 15:00:00,21.877
2017-06-13 18:00:00,21.799
2017-06-13 21:00:00,21.781
2017-06-14 00:00:00,21.769
2017-06-14 03:00:00,21.756
2017-06-14 06:00:00,21.684
2017-06-14 09:00:00,21.524
2017-06-14 12:00:00,21.33
2017-06-14 15:00:00,21.151
2017-06-14 18:00:00,21.044
2017-06-14 21:00:00,21.012
2017-06-15 00:00:00,21.008
2017-06-15 03:00:00,21.001
2017-06-15 06:00:00,20.943
2017-06-15 09:00:00,20.802
2017-06-15 12:00:00,20.62
2017-06-15 15:00:00,20.464
2017-06-15 18:00:00,20.393
2017-06-15 21:00:00,20.378
2017-06-16 00:00:00,20.4
2017-06-16 03:00:00,20.416
2017-06-16 06:00:00,20.388
2017-06-16 09:00:00,20.331
2017-06-16 12:00:00,20.265
2017-06-16 15:00:00,20.263
2017-06-16 18:00:00,20.311
2017-06-16 21:00:00,20.393
2017-06-17 00:00:00,20.57
2017-06-17 03:00:00,20.92
2017-06-17 06:00:00,21.966
2017-06-17 09:00:00,22.438
2017-06-17 12:00:00,22.651
2017-06-17 15:00:00,22.903
2017-06-17 18:00:00,22.992
2017-06-17 21:00:00,23.168
2017-06-18 00:00:00,23.351
2017-06-18 03:00:00,23.459
2017-06-18 06:00:00,23.451
2017-06-18 09:00:00,23.401
2017-06-18 12:00:00,23.173
2017-06-18 15:00:00,22.969
2017-06-18 18:00:00,22.853
2017-06-18 21:00:00,22.838
2017-06-19 00:00:00,22.804
2017-06-19 03:00:00,22.759
2017-06-19 06:00:00,22.649
2017-06-19 09:00:00,22.455
2017-06-19 12:00:00,22.221
2017-06-19 15:00:00,22.029
2017-06-19 18:00:00,21.917
2017-06-19 21:00:00,21.871
2017-06-20 00:00:00,22.23
2017-06-20 03:00:00,23.627
2017-06-20 06:00:00,23.526
2017-06-20 09:00:00,23.357
2017-06-20 12:00:00,23.153
2017-06-20 15:00:00,22.975
2017-06-20 18:00:00,22.85
2017-06-20 21:00:00,22.781
2017-06-21 00:00:00,22.748
2017-06-21 03:00:00,22.697
2017-06-21 06:00:00,22.718
2017-06-21 09:00:00,22.709
2017-06-21 12:00:00,22.57
2017-06-21 15:00:00,22.546
2017-06-21 18:00:00,22.482
2017-06-21 21:00:00,22.55
2017-06-22 00:00:00,23.072
2017-06-22 03:00:00,23.584
2017-06-22 06:00:00,23.557
2017-06-22 09:00:00,23.541
2017-06-22 12:00:00,23.471
2017-06-22 15:00:00,23.33
2017-06-22 18:00:00,23.234
2017-06-22 21:00:00,23.188
2017-06-23 00:00:00,23.159
2017-06-23 03:00:00,23.127
2017-06-23 06:00:00,23.044
2017-06-23 09:00:00,22.89
2017-06-23 12:00:00,22.745
2017-06-23 15:00:00,22.612
2017-06-23 18:00:00,22.523
2017-06-23 21:00:00,22.488
2017-06-24 00:00:00,22.472
2017-06-24 03:00:00,22.536
2017-06-24 06:00:00,22.954
2017-06-24 09:00:00,23.566
2017-06-24 12:00:00,23.675
2017-06-24 15:00:00,23.58
2017-06-24 18:00:00,23.989
2017-06-24 21:00:00,24.931
2017-06-25 00:00:00,25.799
2017-06-25 03:00:00,26.625
2017-06-25 06:00:00,27.28
2017-06-25 09:00:00,27.788
2017-06-25 12:00:00,28.261
2017-06-25 15:00:00,28.427
2017-06-25 18:00:00,28.109
2017-06-25 21:00:00,27.857
2017-06-26 00:00:00,27.694
2017-06-26 03:00:00,27.543
2017-06-26 06:00:00,27.357
2017-06-26 09:00:00,27.136
2017-06-26 12:00:00,26.839
2017-06-26 15:00:00,26.545
2017-06-26 18:00:00,26.382
2017-06-26 21:00:00,26.315
2017-06-27 00:00:00,26.337
2017-06-27 03:00:00,26.421
2017-06-27 06:00:00,26.422
2017-06-27 09:00:00,26.323
2017-06-27 12:00:00,26.133
2017-06-27 15:00:00,25.966
2017-06-27 18:00:00,25.883
2017-06-27 21:00:00,25.887
2017-06-28 00:00:00,25.81
2017-06-28 03:00:00,25.725
2017-06-28 06:00:00,25.598
2017-06-28 09:00:00,25.367
2017-06-28 12:00:00,25.111
2017-06-28 15:00:00,24.918
2017-06-28 18:00:00,24.825
2017-06-28 21:00:00,24.793
2017-06-29 00:00:00,24.74
2017-06-29 03:00:00,24.683
2017-06-29 06:00:00,24.555
2017-06-29 09:00:00,24.308
2017-06-29 12:00:00,24.02
2017-06-29 15:00:00,23.773
2017-06-29 18:00:00,23.632
2017-06-29 21:00:00,23.582
2017-06-30 00:00:00,23.557
2017-06-30 03:00:00,23.529
2017-06-30 06:00:00,23.433
2017-06-30 09:00:00,23.245
2017-06-30 12:00:00,23.01
2017-06-30 15:00:00,22.807
2017-06-30 18:00:00,22.689
2017-06-30 21:00:00,22.654
2017-07-01 00:00:00,22.636
2017-07-01 03:00:00,22.615
2017-07-01 06:00:00,22.543
2017-07-01 09:00:00,22.378
2017-07-01 12:00:00,22.164
2017-07-01 15:00:00,21.976
2017-07-01 18:00:00,21.875
2017-07-01 21:00:00,21.85
2017-07-02 00:00:00,21.84
2017-07-02 03:00:00,21.829
2017-07-02 06:00:00,21.762
2017-07-02 09:00:00,21.614
2017-07-02 12:00:00,21.435
2017-07-02 15:00:00,21.283
2017-07-02 18:00:00,21.2
2017-07-02 21:00:00,21.178
2017-07-03 00:00:00,21.338
2017-07-03 03:00:00,21.843
2017-07-03 06:00:00,22.566
2017-07-03 09:00:00,23.493
2017-07-03 12:00:00,25.161
2017-07-03 15:00:00,26.966
2017-07-03 18:00:00,26.773
2017-07-03 21:00:00,26.634
2017-07-04 00:00:00,26.635
2017-07-04 03:00:00,27.083
2017-07-04 06:00:00,26.917
2017-07-04 09:00:00,26.786
2017-07-04 12:00:00,26.781
2017-07-04 15:00:00,26.621
2017-07-04 18:00:00,26.582
2017-07-04 21:00:00,26.621
2017-07-05 00:00:00,27.31
2017-07-05 03:00:00,27.46
2017-07-05 06:00:00,27.281
2017-07-05 09:00:00,27.015
2017-07-05 12:00:00,26.744
2017-07-05 15:00:00,26.504
2017-07-05 18:00:00,26.343
2017-07-05 21:00:00,26.226
2017-07-06 00:00:00,26.146
2017-07-06 03:00:00,26.066
2017-07-06 06:00:00,25.917
2017-07-06 09:00:00,25.641
2017-07-06 12:00:00,25.308
2017-07-06 15:00:00,25.018
2017-07-06 18:00:00,24.878
2017-07-06 21:00:00,24.843
2017-07-07 00:00:00,24.788
2017-07-07 03:00:00,24.734
2017-07-07 06:00:00,24.599
2017-07-07 09:00:00,24.367
2017-07-07 12:00:00,24.193
2017-07-07 15:00:00,24.006
2017-07-07 18:00:00,23.868
2017-07-07 21:00:00,23.819
2017-07-08 00:00:00,23.788
2017-07-08 03:00:00,23.757
2017-07-08 06:00:00,23.66
2017-07-08 09:00:00,23.479
2017-07-08 12:00:00,23.261
2017-07-08 15:00:00,23.074
2017-07-08 18:00:00,22.963
2017-07-08 21:00:00,22.929
2017-07-09 00:00:00,22.912
2017-07-09 03:00:00,22.892
2017-07-09 06:00:00,22.823
2017-07-09 09:00:00,22.678
2017-07-09 12:00:00,22.491
2017-07-09 15:00:00,22.324
2017-07-09 18:00:00,22.227
2017-07-09 21:00:00,22.201
2017-07-10 00:00:00,23.089
2017-07-10 03:00:00,24.135
2017-07-10 06:00:00,24.095
2017-07-10 09:00:00,24.097
2017-07-10 12:00:00,24.292
2017-07-10 15:00:00,24.407
2017-07-10 18:00:00,24.435
2017-07-10 21:00:00,24.522
2017-07-11 00:00:00,24.567
2017-07-11 03:00:00,24.65
2017-07-11 06:00:00,24.571
2017-07-11 09:00:00,24.432
2017-07-11 12:00:00,24.448
2017-07-11 15:00:00,25.694
2017-07-11 18:00:00,29.266
2017-07-11 21:00:00,32.328
2017-07-12 00:00:00,31.373
2017-07-12 03:00:00,30.716
2017-07-12 06:00:00,30.008
2017-07-12 09:00:00,29.27
2017-07-12 12:00:00,28.64
2017-07-12 15:00:00,28.233
2017-07-12 18:00:00,27.907
2017-07-12 21:00:00,27.687
2017-07-13 00:00:00,27.498
2017-07-13 03:00:00,27.318
2017-07-13 06:00:00,27.08
2017-07-13 09:00:00,26.784
2017-07-13 12:00:00,26.458
2017-07-13 15:00:00,26.214
2017-07-13 18:00:00,26.074
2017-07-13 21:00:00,25.987
2017-07-14 00:00:00,26.297
2017-07-14 03:00:00,27.045
2017-07-14 06:00:00,27.125
2017-07-14 09:00:00,27.006
2017-07-14 12:00:00,26.898
2017-07-14 15:00:00,26.799
2017-07-14 18:00:00,26.686
2017-07-14 21:00:00,26.622
2017-07-15 00:00:00,26.497
2017-07-15 03:00:00,26.373
2017-07-15 06:00:00,26.179
2017-07-15 09:00:00,25.863
2017-07-15 12:00:00,25.508
2017-07-15 15:00:00,25.204
2017-07-15 18:00:00,25.033
2017-07-15 21:00:00,24.968
2017-07-16 00:00:00,24.966
2017-07-16 03:00:00,24.963
2017-07-16 06:00:00,24.948
2017-07-16 09:00:00,24.768
2017-07-16 12:00:00,24.553
2017-07-16 15:00:00,24.434
2017-07-16 18:00:00,24.478
2017-07-16 21:00:00,24.555
2017-07-17 00:00:00,24.518
2017-07-17 03:00:00,24.478
2017-07-17 06:00:00,24.412
2017-07-17 09:00:00,24.306
2017-07-17 12:00:00,24.161
2017-07-17 15:00:00,23.997
2017-07-17 18:00:00,23.877
2017-07-17 21:00:00,23.838
2017-07-18 00:00:00,24.631
2017-07-18 03:00:00,27.246
2017-07-18 06:00:00,26.917
2017-07-18 09:00:00,26.455
2017-07-18 12:00:00,26.017
2017-07-18 15:00:00,25.739
2017-07-18 18:00:00,25.562
2017-07-18 21:00:00,25.568
2017-07-19 00:00:00,25.438
2017-07-19 03:00:00,25.314
2017-07-19 06:00:00,26.684
2017-07-19 09:00:00,27.543
2017-07-19 12:00:00,26.847
2017-07-19 15:00:00,26.324
2017-07-19 18:00:00,26.01
2017-07-19 21:00:00,25.815
2017-07-20 00:00:00,25.666
2017-07-20 03:00:00,25.563
2017-07-20 06:00:00,25.403
2017-07-20 09:00:00,25.246
2017-07-20 12:00:00,25.159
2017-07-20 15:00:00,25.054
2017-07-20 18:00:00,24.952
2017-07-20 21:00:00,24.896
2017-07-21 00:00:00,24.852
2017-07-21 03:00:00,24.904
2017-07-21 06:00:00,24.806
2017-07-21 09:00:00,24.654
2017-07-21 12:00:00,24.482
2017-07-21 15:00:00,24.368
2017-07-21 18:00:00,24.309
2017-07-21 21:00:00,24.29
2017-07-22 00:00:00,24.278
2017-07-22 03:00:00,24.262
2017-07-22 06:00:00,24.209
2017-07-22 09:00:00,24.11
2017-07-22 12:00:00,24.009
2017-07-22 15:00:00,23.947
2017-07-22 18:00:00,23.917
2017-07-22 21:00:00,23.919
2017-07-23 00:00:00,23.924
2017-07-23 03:00:00,23.927
2017-07-23 06:00:00,23.881
2017-07-23 09:00:00,23.764
2017-07-23 12:00:00,23.628
2017-07-23 15:00:00,23.522
2017-07-23 18:00:00,23.527
2017-07-23 21:00:00,23.548
2017-07-24 00:00:00,23.585
2017-07-24 03:00:00,23.735
2017-07-24 06:00:00,24.201
2017-07-24 09:00:00,24.281
2017-07-24 12:00:00,24.217
2017-07-24 15:00:00,24.188
2017-07-24 18:00:00,24.33
2017-07-24 21:00:00,24.575
2017-07-25 00:00:00,24.886
2017-07-25 03:00:00,25.013
2017-07-25 06:00:00,24.862
2017-07-25 09:00:00,24.648
2017-07-25 12:00:00,24.37
2017-07-25 15:00:00,24.164
2017-07-25 18:00:00,24.075
2017-07-25 21:00:00,24.062
2017-07-26 00:00:00,24.059
2017-07-26 03:00:00,24.055
2017-07-26 06:00:00,24.037
2017-07-26 09:00:00,23.874
2017-07-26 12:00:00,23.67
2017-07-26 15:00:00,23.519
2017-07-26 18:00:00,23.508
2017-07-26 21:00:00,23.568
2017-07-27 00:00:00,23.561
2017-07-27 03:00:00,23.695
2017-07-27 06:00:00,24.06
2017-07-27 09:00:00,23.875
2017-07-27 12:00:00,23.649
2017-07-27 15:00:00,23.685
2017-07-27 18:00:00,23.808
2017-07-27 21:00:00,24.123
2017-07-28 00:00:00,24.13
2017-07-28 03:00:00,24.165
2017-07-28 06:00:00,24.108
2017-07-28 09:00:00,24.027
2017-07-28 12:00:00,23.863
2017-07-28 15:00:00,23.705
2017-07-28 18:00:00,23.621
2017-07-28 21:00:00,23.585
2017-07-29 00:00:00,23.687
2017-07-29 03:00:00,23.802
2017-07-29 06:00:00,23.963
2017-07-29 09:00:00,23.997
2017-07-29 12:00:00,23.963
2017-07-29 15:00:00,23.845
2017-07-29 18:00:00,23.825
2017-07-29 21:00:00,23.903
2017-07-30 00:00:00,23.868
2017-07-30 03:00:00,23.835
2017-07-30 06:00:00,23.755
2017-07-30 09:00:00,23.558
2017-07-30 12:00:00,23.318
2017-07-30 15:00:00,23.131
2017-07-30 18:00:00,23.049
2017-07-30 21:00:00,23.054
2017-07-31 00:00:00,23.104
2017-07-31 03:00:00,23.137
2017-07-31 06:00:00,23.102
2017-07-31 09:00:00,22.973
2017-07-31 12:00:00,22.799
2017-07-31 15:00:00,22.688
2017-07-31 18:00:00,22.677
2017-07-31 21:00:00,22.689
2017-08-01 00:00:00,22.721
2017-08-01 03:00:00,22.74
2017-08-01 06:00:00,22.709
2017-08-01 09:00:00,22.656
2017-08-01 12:00:00,22.608
2017-08-01 15:00:00,22.628
2017-08-01 18:00:00,22.602
2017-08-01 21:00:00,22.609
2017-08-02 00:00:00,22.628
2017-08-02 03:00:00,22.643
2017-08-02 06:00:00,22.661
2017-08-02 09:00:00,22.605
2017-08-02 12:00:00,22.55
2017-08-02 15:00:00,22.529
2017-08-02 18:00:00,22.507
2017-08-02 21:00:00,22.515
2017-08-03 00:00:00,22.525
2017-08-03 03:00:00,22.533
2017-08-03 06:00:00,22.508
2017-08-03 09:00:00,22.403
2017-08-03 12:00:00,22.351
2017-08-03 15:00:00,22.354
2017-08-03 18:00:00,22.429
2017-08-03 21:00:00,22.667
2017-08-04 00:00:00,22.906
2017-08-04 03:00:00,23.163
2017-08-04 06:00:00,23.109
2017-08-04 09:00:00,22.977
2017-08-04 12:00:00,22.779
2017-08-04 15:00:00,22.634
2017-08-04 18:00:00,22.55
2017-08-04 21:00:00,22.518
2017-08-05 00:00:00,22.503
2017-08-05 03:00:00,22.51
2017-08-05 06:00:00,22.474
2017-08-05 09:00:00,22.444
2017-08-05 12:00:00,22.422
2017-08-05 15:00:00,22.37
2017-08-05 18:00:00,22.319
2017-08-05 21:00:00,22.301
2017-08-06 00:00:00,22.352
2017-08-06 03:00:00,22.403
2017-08-06 06:00:00,22.444
2017-08-06 09:00:00,22.461
2017-08-06 12:00:00,22.454
2017-08-06 15:00:00,22.425
2017-08-06 18:00:00,22.439
2017-08-06 21:00:00,22.482
2017-08-07 00:00:00,22.479
2017-08-07 03:00:00,22.476
2017-08-07 06:00:00,22.443
2017-08-07 09:00:00,22.318
2017-08-07 12:00:00,22.153
2017-08-07 15:00:00,22.015
2017-08-07 18:00:00,21.955
2017-08-07 21:00:00,21.968
2017-08-08 00:00:00,21.992
2017-08-08 03:00:00,22.016
2017-08-08 06:00:00,22.011
2017-08-08 09:00:00,21.944
2017-08-08 12:00:00,21.8
2017-08-08 15:00:00,21.684
2017-08-08 18:00:00,21.657
2017-08-08 21:00:00,21.667
2017-08-09 00:00:00,21.9
2017-08-09 03:00:00,22.154
2017-08-09 06:00:00,22.123
2017-08-09 09:00:00,22.048
2017-08-09 12:00:00,21.897
2017-08-09 15:00:00,21.78
2017-08-09 18:00:00,21.733
2017-08-09 21:00:00,21.738
2017-08-10 00:00:00,21.891
2017-08-10 03:00:00,22.286
2017-08-10 06:00:00,23.72
2017-08-10 09:00:00,24.887
2017-08-10 12:00:00,24.663
2017-08-10 15:00:00,24.4
2017-08-10 18:00:00,24.22
2017-08-10 21:00:00,24.252
2017-08-11 00:00:00,24.935
2017-08-11 03:00:00,25.786
2017-08-11 06:00:00,26.223
2017-08-11 09:00:00,26.07
2017-08-11 12:00:00,25.778
2017-08-11 15:00:00,25.558
2017-08-11 18:00:00,25.814
2017-08-11 21:00:00,26.396
2017-08-12 00:00:00,26.245
2017-08-12 03:00:00,26.064
2017-08-12 06:00:00,25.668
2017-08-12 09:00:00,25.172
2017-08-12 12:00:00,24.697
2017-08-12 15:00:00,24.393
2017-08-12 18:00:00,24.243
2017-08-12 21:00:00,24.166
2017-08-13 00:00:00,24.176
2017-08-13 03:00:00,24.179
2017-08-13 06:00:00,24.164
2017-08-13 09:00:00,24.098
2017-08-13 12:00:00,23.977
2017-08-13 15:00:00,23.878
2017-08-13 18:00:00,23.855
2017-08-13 21:00:00,27.74
2017-08-14 00:00:00,26.945
2017-08-14 03:00:00,26.59
2017-08-14 06:00:00,26.123
2017-08-14 09:00:00,25.601
2017-08-14 12:00:00,25.087
2017-08-14 15:00:00,24.699
2017-08-14 18:00:00,24.515
2017-08-14 21:00:00,24.459
2017-08-15 00:00:00,24.41
2017-08-15 03:00:00,24.364
2017-08-15 06:00:00,24.29
2017-08-15 09:00:00,24.132
2017-08-15 12:00:00,23.897
2017-08-15 15:00:00,23.674
2017-08-15 18:00:00,23.71
2017-08-15 21:00:00,23.781
2017-08-16 00:00:00,27.045
2017-08-16 03:00:00,28.903
2017-08-16 06:00:00,27.725
2017-08-16 09:00:00,26.859
2017-08-16 12:00:00,26.226
2017-08-16 15:00:00,25.89
2017-08-16 18:00:00,25.682
2017-08-16 21:00:00,25.529
2017-08-17 00:00:00,25.401
2017-08-17 03:00:00,25.305
2017-08-17 06:00:00,25.181
2017-08-17 09:00:00,24.929
2017-08-17 12:00:00,24.606
2017-08-17 15:00:00,24.351
2017-08-17 18:00:00,24.261
2017-08-17 21:00:00,24.257
2017-08-18 00:00:00,24.251
2017-08-18 03:00:00,24.244
2017-08-18 06:00:00,24.322
2017-08-18 09:00:00,24.276
2017-08-18 12:00:00,24.249
2017-08-18 15:00:00,24.305
2017-08-18 18:00:00,24.255
2017-08-18 21:00:00,24.254
2017-08-19 00:00:00,27.397
2017-08-19 03:00:00,29.21
2017-08-19 06:00:00,28.144
2017-08-19 09:00:00,27.458
2017-08-19 12:00:00,26.909
2017-08-19 15:00:00,26.584
2017-08-19 18:00:00,26.388
2017-08-19 21:00:00,26.262
2017-08-20 00:00:00,26.071
2017-08-20 03:00:00,25.911
2017-08-20 06:00:00,25.87
2017-08-20 09:00:00,25.599
2017-08-20 12:00:00,25.242
2017-08-20 15:00:00,24.969
2017-08-20 18:00:00,24.847
2017-08-20 21:00:00,24.82
2017-08-21 00:00:00,24.842
2017-08-21 03:00:00,24.863
2017-08-21 06:00:00,24.852
2017-08-21 09:00:00,24.726
2017-08-21 12:00:00,24.543
2017-08-21 15:00:00,24.418
2017-08-21 18:00:00,24.408
2017-08-21 21:00:00,24.432
2017-08-22 00:00:00,24.466
2017-08-22 03:00:00,24.495
2017-08-22 06:00:00,24.504
2017-08-22 09:00:00,24.466
2017-08-22 12:00:00,24.376
2017-08-22 15:00:00,24.306
2017-08-22 18:00:00,24.285
2017-08-22 21:00:00,24.304
2017-08-23 00:00:00,24.324
2017-08-23 03:00:00,24.344
2017-08-23 06:00:00,24.331
2017-08-23 09:00:00,24.208
2017-08-23 12:00:00,24.045
2017-08-23 15:00:00,23.943
2017-08-23 18:00:00,23.938
2017-08-23 21:00:00,23.97
2017-08-24 00:00:00,23.963
2017-08-24 03:00:00,23.955
2017-08-24 06:00:00,23.93
2017-08-24 09:00:00,23.794
2017-08-24 12:00:00,23.722
2017-08-24 15:00:00,23.89
2017-08-24 18:00:00,24.098
2017-08-24 21:00:00,24.586
2017-08-25 00:00:00,24.604
2017-08-25 03:00:00,24.556
2017-08-25 06:00:00,24.454
2017-08-25 09:00:00,24.255
2017-08-25 12:00:00,24.022
2017-08-25 15:00:00,23.864
2017-08-25 18:00:00,23.791
2017-08-25 21:00:00,23.758
2017-08-26 00:00:00,23.942
2017-08-26 03:00:00,24.134
2017-08-26 06:00:00,24.144
2017-08-26 09:00:00,24.209
2017-08-26 12:00:00,24.511
2017-08-26 15:00:00,24.823
2017-08-26 18:00:00,24.989
2017-08-26 21:00:00,25.028
2017-08-27 00:00:00,24.88
2017-08-27 03:00:00,24.764
2017-08-27 06:00:00,24.642
2017-08-27 09:00:00,24.428
2017-08-27 12:00:00,24.172
2017-08-27 15:00:00,24.009
2017-08-27 18:00:00,23.939
2017-08-27 21:00:00,23.905
2017-08-28 00:00:00,23.891
2017-08-28 03:00:00,23.877
2017-08-28 06:00:00,23.841
2017-08-28 09:00:00,23.704
2017-08-28 12:00:00,23.512
2017-08-28 15:00:00,23.377
2017-08-28 18:00:00,23.344
2017-08-28 21:00:00,23.346
2017-08-29 00:00:00,23.35
2017-08-29 03:00:00,23.358
2017-08-29 06:00:00,23.347
2017-08-29 09:00:00,23.44
2017-08-29 12:00:00,24.349
2017-08-29 15:00:00,25.373
2017-08-29 18:00:00,27.148
2017-08-29 21:00:00,28.41
2017-08-30 00:00:00,27.429
2017-08-30 03:00:00,27.033
2017-08-30 06:00:00,26.555
2017-08-30 09:00:00,26.087
2017-08-30 12:00:00,25.559
2017-08-30 15:00:00,25.164
2017-08-30 18:00:00,26.331
2017-08-30 21:00:00,28.41
2017-08-31 00:00:00,27.74
2017-08-31 03:00:00,27.438
2017-08-31 06:00:00,27.061
2017-08-31 09:00:00,26.601
2017-08-31 12:00:00,26.294
2017-08-31 15:00:00,26.119
2017-08-31 18:00:00,26.031
2017-08-31 21:00:00,25.976
2017-09-01 00:00:00,25.839
2017-09-01 03:00:00,25.994
2017-09-01 06:00:00,26.427
2017-09-01 09:00:00,26.567
2017-09-01 12:00:00,27.086
2017-09-01 15:00:00,27.291
2017-09-01 18:00:00,26.862
2017-09-01 21:00:00,26.615
2017-09-02 00:00:00,26.403
2017-09-02 03:00:00,26.236
2017-09-02 06:00:00,26.077
2017-09-02 09:00:00,25.827
2017-09-02 12:00:00,25.514
2017-09-02 15:00:00,25.276
2017-09-02 18:00:00,25.213
2017-09-02 21:00:00,25.189
2017-09-03 00:00:00,25.165
2017-09-03 03:00:00,25.143
2017-09-03 06:00:00,25.108
2017-09-03 09:00:00,24.953
2017-09-03 12:00:00,24.723
2017-09-03 15:00:00,24.554
2017-09-03 18:00:00,24.522
2017-09-03 21:00:00,24.533
2017-09-04 00:00:00,24.546
2017-09-04 03:00:00,24.559
2017-09-04 06:00:00,24.551
2017-09-04 09:00:00,24.43
2017-09-04 12:00:00,24.239
2017-09-04 15:00:00,24.091
2017-09-04 18:00:00,24.067
2017-09-04 21:00:00,24.094
2017-09-05 00:00:00,24.112
2017-09-05 03:00:00,24.129
2017-09-05 06:00:00,24.128
2017-09-05 09:00:00,24.022
2017-09-05 12:00:00,23.854
2017-09-05 15:00:00,23.729
2017-09-05 18:00:00,23.716
2017-09-05 21:00:00,23.744
2017-09-06 00:00:00,23.775
2017-09-06 03:00:00,23.802
2017-09-06 06:00:00,23.811
2017-09-06 09:00:00,23.732
2017-09-06 12:00:00,23.605
2017-09-06 15:00:00,23.506
2017-09-06 18:00:00,23.5
2017-09-06 21:00:00,23.524
2017-09-07 00:00:00,23.563
2017-09-07 03:00:00,23.606
2017-09-07 06:00:00,23.615
2017-09-07 09:00:00,23.587
2017-09-07 12:00:00,23.517
2017-09-07 15:00:00,23.506
2017-09-07 18:00:00,23.532
2017-09-07 21:00:00,23.606
2017-09-08 00:00:00,24.405
2017-09-08 03:00:00,25.224
2017-09-08 06:00:00,26.041
2017-09-08 09:00:00,26.678
2017-09-08 12:00:00,26.303
2017-09-08 15:00:00,26.042
2017-09-08 18:00:00,25.756
2017-09-08 21:00:00,25.544
2017-09-09 00:00:00,27.443
2017-09-09 03:00:00,28.808
2017-09-09 06:00:00,27.803
2017-09-09 09:00:00,27.162
2017-09-09 12:00:00,26.713
2017-09-09 15:00:00,26.379
2017-09-09 18:00:00,26.157
2017-09-09 21:00:00,25.988
2017-09-10 00:00:00,25.85
2017-09-10 03:00:00,25.745
2017-09-10 06:00:00,25.642
2017-09-10 09:00:00,25.519
2017-09-10 12:00:00,25.405
2017-09-10 15:00:00,25.312
2017-09-10 18:00:00,28.282
2017-09-10 21:00:00,32.724
2017-09-11 00:00:00,29.949
2017-09-11 03:00:00,28.956
2017-09-11 06:00:00,28.404
2017-09-11 09:00:00,27.941
2017-09-11 12:00:00,27.545
2017-09-11 15:00:00,27.294
2017-09-11 18:00:00,27.139
2017-09-11 21:00:00,27.023
2017-09-12 00:00:00,27.446
2017-09-12 03:00:00,28.138
2017-09-12 06:00:00,28.592
2017-09-12 09:00:00,28.3
2017-09-12 12:00:00,28.97
2017-09-12 15:00:00,29.875
2017-09-12 18:00:00,30.555
2017-09-12 21:00:00,30.475
2017-09-13 00:00:00,29.423
2017-09-13 03:00:00,28.853
2017-09-13 06:00:00,28.469
2017-09-13 09:00:00,28.137
2017-09-13 12:00:00,27.864
2017-09-13 15:00:00,27.77
2017-09-13 18:00:00,27.754
2017-09-13 21:00:00,27.856
2017-09-14 00:00:00,27.653
2017-09-14 03:00:00,27.5
2017-09-14 06:00:00,27.366
2017-09-14 09:00:00,27.177
2017-09-14 12:00:00,27.012
2017-09-14 15:00:00,26.876
2017-09-14 18:00:00,26.799
2017-09-14 21:00:00,26.737
2017-09-15 00:00:00,26.672
2017-09-15 03:00:00,26.61
2017-09-15 06:00:00,26.542
2017-09-15 09:00:00,26.561
2017-09-15 12:00:00,29.176
2017-09-15 15:00:00,31.539
2017-09-15 18:00:00,29.73
2017-09-15 21:00:00,28.985
2017-09-16 00:00:00,28.494
2017-09-16 03:00:00,28.165
2017-09-16 06:00:00,27.922
2017-09-16 09:00:00,27.686
2017-09-16 12:00:00,27.466
2017-09-16 15:00:00,27.309
2017-09-16 18:00:00,29.249
2017-09-16 21:00:00,30.637
2017-09-17 00:00:00,29.984
2017-09-17 03:00:00,29.665
2017-09-17 06:00:00,29.017
2017-09-17 09:00:00,28.548
2017-09-17 12:00:00,28.253
2017-09-17 15:00:00,28.014
2017-09-17 18:00:00,27.844
2017-09-17 21:00:00,27.697
2017-09-18 00:00:00,27.763
2017-09-18 03:00:00,27.955
2017-09-18 06:00:00,27.755
2017-09-18 09:00:00,27.542
2017-09-18 12:00:00,27.335
2017-09-18 15:00:00,27.175
2017-09-18 18:00:00,27.088
2017-09-18 21:00:00,27.014
2017-09-19 00:00:00,26.941
2017-09-19 03:00:00,26.871
2017-09-19 06:00:00,26.787
2017-09-19 09:00:00,26.66
2017-09-19 12:00:00,26.583
2017-09-19 15:00:00,26.543
2017-09-19 18:00:00,26.507
2017-09-19 21:00:00,26.475
2017-09-20 00:00:00,26.686
2017-09-20 03:00:00,27.003
2017-09-20 06:00:00,27.336
2017-09-20 09:00:00,27.501
2017-09-20 12:00:00,27.501
2017-09-20 15:00:00,27.591
2017-09-20 18:00:00,27.792
2017-09-20 21:00:00,27.975
2017-09-21 00:00:00,27.635
2017-09-21 03:00:00,27.399
2017-09-21 06:00:00,27.218
2017-09-21 09:00:00,27.042
2017-09-21 12:00:00,27.005
2017-09-21 15:00:00,27.037
2017-09-21 18:00:00,27.61
2017-09-21 21:00:00,27.739
2017-09-22 00:00:00,27.47
2017-09-22 03:00:00,27.275
2017-09-22 06:00:00,27.125
2017-09-22 09:00:00,26.955
2017-09-22 12:00:00,26.767
2017-09-22 15:00:00,26.639
2017-09-22 18:00:00,26.58
2017-09-22 21:00:00,26.53
2017-09-23 00:00:00,26.576
2017-09-23 03:00:00,26.616
2017-09-23 06:00:00,26.645
2017-09-23 09:00:00,26.629
2017-09-23 12:00:00,26.588
2017-09-23 15:00:00,26.571
2017-09-23 18:00:00,26.584
2017-09-23 21:00:00,26.664
2017-09-24 00:00:00,26.568
2017-09-24 03:00:00,26.491
2017-09-24 06:00:00,26.43
2017-09-24 09:00:00,26.329
2017-09-24 12:00:00,26.202
2017-09-24 15:00:00,26.118
2017-09-24 18:00:00,26.092
2017-09-24 21:00:00,26.068
2017-09-25 00:00:00,26.035
2017-09-25 03:00:00,26.006
2017-09-25 06:00:00,25.983
2017-09-25 09:00:00,25.923
2017-09-25 12:00:00,25.838
2017-09-25 15:00:00,25.783
2017-09-25 18:00:00,25.768
2017-09-25 21:00:00,25.751
2017-09-26 00:00:00,25.739
2017-09-26 03:00:00,25.723
2017-09-26 06:00:00,25.707
2017-09-26 09:00:00,25.658
2017-09-26 12:00:00,25.566
2017-09-26 15:00:00,25.505
2017-09-26 18:00:00,25.491
2017-09-26 21:00:00,25.485
2017-09-27 00:00:00,25.475
2017-09-27 03:00:00,25.466
2017-09-27 06:00:00,25.461
2017-09-27 09:00:00,25.415
2017-09-27 12:00:00,25.321
2017-09-27 15:00:00,25.259
2017-09-27 18:00:00,25.246
2017-09-27 21:00:00,25.241
2017-09-28 00:00:00,25.237
2017-09-28 03:00:00,25.241
2017-09-28 06:00:00,25.244
2017-09-28 09:00:00,25.21
2017-09-28 12:00:00,25.122
2017-09-28 15:00:00,25.064
2017-09-28 18:00:00,25.064
2017-09-28 21:00:00,25.077
2017-09-29 00:00:00,25.087
2017-09-29 03:00:00,25.096
2017-09-29 06:00:00,25.069
2017-09-29 09:00:00,25.016
2017-09-29 12:00:00,24.924
2017-09-29 15:00:00,24.874
2017-09-29 18:00:00,24.883
2017-09-29 21:00:00,24.892
2017-09-30 00:00:00,24.957
2017-09-30 03:00:00,25.009
2017-09-30 06:00:00,25.045
2017-09-30 09:00:00,25.034
2017-09-30 12:00:00,24.954
2017-09-30 15:00:00,24.918
2017-09-30 18:00:00,24.923
2017-09-30 21:00:00,24.931
2017-10-01 00:00:00,24.922
2017-10-01 03:00:00,24.915
2017-10-01 06:00:00,24.894
2017-10-01 09:00:00,24.851
2017-10-01 12:00:00,24.79
2017-10-01 15:00:00,24.75
2017-10-01 18:00:00,24.746
2017-10-01 21:00:00,24.757
2017-10-02 00:00:00,24.758
2017-10-02 03:00:00,24.752
2017-10-02 06:00:00,24.747
2017-10-02 09:00:00,24.745
2017-10-02 12:00:00,24.726
2017-10-02 15:00:00,24.715
2017-10-02 18:00:00,24.722
2017-10-02 21:00:00,24.749
2017-10-03 00:00:00,27.247
2017-10-03 03:00:00,28.899
2017-10-03 06:00:00,28.15
2017-10-03 09:00:00,27.548
2017-10-03 12:00:00,27.082
2017-10-03 15:00:00,26.771
2017-10-03 18:00:00,26.557
2017-10-03 21:00:00,26.678
2017-10-04 00:00:00,27.092
2017-10-04 03:00:00,27.361
2017-10-04 06:00:00,27.733
2017-10-04 09:00:00,27.691
2017-10-04 12:00:00,27.695
2017-10-04 15:00:00,27.6
2017-10-04 18:00:00,27.27
2017-10-04 21:00:00,27.034
2017-10-05 00:00:00,26.859
2017-10-05 03:00:00,26.723
2017-10-05 06:00:00,26.986
2017-10-05 09:00:00,27.015
2017-10-05 12:00:00,26.866
2017-10-05 15:00:00,26.929
2017-10-05 18:00:00,26.782
2017-10-05 21:00:00,26.655
2017-10-06 00:00:00,26.542
2017-10-06 03:00:00,26.453
2017-10-06 06:00:00,26.389
2017-10-06 09:00:00,26.28
2017-10-06 12:00:00,26.154
2017-10-06 15:00:00,26.065
2017-10-06 18:00:00,26.025
2017-10-06 21:00:00,25.984
2017-10-07 00:00:00,25.954
2017-10-07 03:00:00,25.926
2017-10-07 06:00:00,25.889
2017-10-07 09:00:00,25.834
2017-10-07 12:00:00,28.16
2017-10-07 15:00:00,28.531
2017-10-07 18:00:00,27.899
2017-10-07 21:00:00,27.492
2017-10-08 00:00:00,27.206
2017-10-08 03:00:00,26.993
2017-10-08 06:00:00,26.831
2017-10-08 09:00:00,26.668
2017-10-08 12:00:00,26.517
2017-10-08 15:00:00,26.441
2017-10-08 18:00:00,26.37
2017-10-08 21:00:00,26.309
2017-10-09 00:00:00,26.261
2017-10-09 03:00:00,26.199
2017-10-09 06:00:00,26.145
2017-10-09 09:00:00,26.049
2017-10-09 12:00:00,25.928
2017-10-09 15:00:00,25.849
2017-10-09 18:00:00,25.811
2017-10-09 21:00:00,25.781
2017-10-10 00:00:00,26.271
2017-10-10 03:00:00,26.812
2017-10-10 06:00:00,27.776
2017-10-10 09:00:00,28.292
2017-10-10 12:00:00,28.121
2017-10-10 15:00:00,28.042
2017-10-10 18:00:00,28.219
2017-10-10 21:00:00,28.168
2017-10-11 00:00:00,27.749
2017-10-11 03:00:00,27.459
2017-10-11 06:00:00,27.25
2017-10-11 09:00:00,27.059
2017-10-11 12:00:00,26.866
2017-10-11 15:00:00,26.741
2017-10-11 18:00:00,26.661
2017-10-11 21:00:00,26.592
2017-10-12 00:00:00,27.77
2017-10-12 03:00:00,28.755
2017-10-12 06:00:00,28.511
2017-10-12 09:00:00,28.203
2017-10-12 12:00:00,27.776
2017-10-12 15:00:00,27.56
2017-10-12 18:00:00,27.344
2017-10-12 21:00:00,27.185
2017-10-13 00:00:00,27.059
2017-10-13 03:00:00,26.951
2017-10-13 06:00:00,26.856
2017-10-13 09:00:00,26.747
2017-10-13 12:00:00,26.682
2017-10-13 15:00:00,26.654
2017-10-13 18:00:00,26.595
2017-10-13 21:00:00,26.539
2017-10-14 00:00:00,26.833
2017-10-14 03:00:00,28.901
2017-10-14 06:00:00,30.114
2017-10-14 09:00:00,30.385
2017-10-14 12:00:00,29.354
2017-10-14 15:00:00,29.245
2017-10-14 18:00:00,28.69
2017-10-14 21:00:00,28.508
2017-10-15 00:00:00,28.544
2017-10-15 03:00:00,28.303
2017-10-15 06:00:00,28.227
2017-10-15 09:00:00,28.013
2017-10-15 12:00:00,27.731
2017-10-15 15:00:00,27.683
2017-10-15 18:00:00,27.549
2017-10-15 21:00:00,27.474
2017-10-16 00:00:00,28.316
2017-10-16 03:00:00,29.378
2017-10-16 06:00:00,29.695
2017-10-16 09:00:00,30.424
2017-10-16 12:00:00,30.79
2017-10-16 15:00:00,30.874
2017-10-16 18:00:00,29.777
2017-10-16 21:00:00,29.188
2017-10-17 00:00:00,28.83
2017-10-17 03:00:00,28.589
2017-10-17 06:00:00,28.432
2017-10-17 09:00:00,28.27
2017-10-17 12:00:00,28.067
2017-10-17 15:00:00,27.969
2017-10-17 18:00:00,27.898
2017-10-17 21:00:00,27.81
2017-10-18 00:00:00,27.696
2017-10-18 03:00:00,27.604
2017-10-18 06:00:00,27.494
2017-10-18 09:00:00,27.374
2017-10-18 12:00:00,27.197
2017-10-18 15:00:00,27.131
2017-10-18 18:00:00,27.106
2017-10-18 21:00:00,27.029
2017-10-19 00:00:00,26.931
2017-10-19 03:00:00,26.835
2017-10-19 06:00:00,26.766
2017-10-19 09:00:00,26.686
2017-10-19 12:00:00,26.558
2017-10-19 15:00:00,26.562
2017-10-19 18:00:00,26.501
2017-10-19 21:00:00,26.461
2017-10-20 00:00:00,26.444
2017-10-20 03:00:00,26.433
2017-10-20 06:00:00,26.421
2017-10-20 09:00:00,26.385
2017-10-20 12:00:00,26.298
2017-10-20 15:00:00,26.258
2017-10-20 18:00:00,26.258
2017-10-20 21:00:00,26.259
2017-10-21 00:00:00,26.257
2017-10-21 03:00:00,26.25
2017-10-21 06:00:00,26.252
2017-10-21 09:00:00,26.241
2017-10-21 12:00:00,26.182
2017-10-21 15:00:00,26.167
2017-10-21 18:00:00,26.178
2017-10-21 21:00:00,26.178
2017-10-22 00:00:00,26.179
2017-10-22 03:00:00,26.179
2017-10-22 06:00:00,26.18
2017-10-22 09:00:00,26.175
2017-10-22 12:00:00,26.129
2017-10-22 15:00:00,26.095
2017-10-22 18:00:00,26.093
2017-10-22 21:00:00,26.091
2017-10-23 00:00:00,26.097
2017-10-23 03:00:00,26.089
2017-10-23 06:00:00,26.081
2017-10-23 09:00:00,26.065
2017-10-23 12:00:00,26.013
2017-10-23 15:00:00,26.003
2017-10-23 18:00:00,26.003
2017-10-23 21:00:00,26.004
2017-10-24 00:00:00,26.002
2017-10-24 03:00:00,26.002
2017-10-24 06:00:00,26.002
2017-10-24 09:00:00,25.988
2017-10-24 12:00:00,25.929
2017-10-24 15:00:00,25.912
2017-10-24 18:00:00,25.92
2017-10-24 21:00:00,25.923
2017-10-25 00:00:00,26.667
2017-10-25 03:00:00,27.768
2017-10-25 06:00:00,29.068
2017-10-25 09:00:00,30.294
2017-10-25 12:00:00,30.758
2017-10-25 15:00:00,31.012
2017-10-25 18:00:00,30.899
2017-10-25 21:00:00,30.812
2017-10-26 00:00:00,30.741
2017-10-26 03:00:00,30.681
2017-10-26 06:00:00,30.623
2017-10-26 09:00:00,30.559
2017-10-26 12:00:00,30.472
2017-10-26 15:00:00,30.385
2017-10-26 18:00:00,30.307
2017-10-26 21:00:00,30.238
2017-10-27 00:00:00,30.175
2017-10-27 03:00:00,30.12
2017-10-27 06:00:00,30.074
2017-10-27 09:00:00,30.075
2017-10-27 12:00:00,30.734
2017-10-27 15:00:00,31.264
2017-10-27 18:00:00,31.246
2017-10-27 21:00:00,31.237
2017-10-28 00:00:00,31.153
2017-10-28 03:00:00,30.956
2017-10-28 06:00:00,32.575
2017-10-28 09:00:00,34.463
2017-10-28 12:00:00,36.0
2017-10-28 15:00:00,35.096
2017-10-28 18:00:00,32.852
2017-10-28 21:00:00,31.697
2017-10-29 00:00:00,31.017
2017-10-29 03:00:00,30.559
2017-10-29 06:00:00,30.164
2017-10-29 09:00:00,29.787
2017-10-29 12:00:00,29.562
2017-10-29 15:00:00,29.271
2017-10-29 18:00:00,29.024
2017-10-29 21:00:00,28.839
2017-10-30 00:00:00,28.71
2017-10-30 03:00:00,28.627
2017-10-30 06:00:00,28.577
2017-10-30 09:00:00,28.52
2017-10-30 12:00:00,28.419
2017-10-30 15:00:00,28.375
2017-10-30 18:00:00,28.365
2017-10-30 21:00:00,28.351
2017-10-31 00:00:00,28.341
2017-10-31 03:00:00,28.338
2017-10-31 06:00:00,28.337
2017-10-31 09:00:00,28.331
2017-10-31 12:00:00,28.307
2017-10-31 15:00:00,28.295
2017-10-31 18:00:00,28.293
2017-10-31 21:00:00,28.293
2017-11-01 00:00:00,28.293
2017-11-01 03:00:00,28.293
2017-11-01 06:00:00,28.293
2017-11-01 09:00:00,28.292
2017-11-01 12:00:00,28.296
2017-11-01 15:00:00,28.294
2017-11-01 18:00:00,28.294
2017-11-01 21:00:00,28.294
2017-11-02 00:00:00,28.294
2017-11-02 03:00:00,28.294
2017-11-02 06:00:00,29.242
2017-11-02 09:00:00,30.247
2017-11-02 12:00:00,31.503
2017-11-02 15:00:00,32.272
2017-11-02 18:00:00,32.22
2017-11-02 21:00:00,32.203
2017-11-03 00:00:00,32.184
2017-11-03 03:00:00,32.179
2017-11-03 06:00:00,35.247
2017-11-03 09:00:00,37.424
2017-11-03 12:00:00,39.814
2017-11-03 15:00:00,40.199
2017-11-03 18:00:00,39.81
2017-11-03 21:00:00,39.503
2017-11-04 00:00:00,39.291
2017-11-04 03:00:00,39.153
2017-11-04 06:00:00,39.056
2017-11-04 09:00:00,39.005
2017-11-04 12:00:00,39.092
2017-11-04 15:00:00,39.09
2017-11-04 18:00:00,39.041
2017-11-04 21:00:00,39.008
2017-11-05 00:00:00,38.982
2017-11-05 03:00:00,39.432
2017-11-05 06:00:00,39.464
2017-11-05 09:00:00,40.049
2017-11-05 12:00:00,40.78
2017-11-05 15:00:00,41.155
2017-11-05 18:00:00,41.177
2017-11-05 21:00:00,41.217
2017-11-06 00:00:00,41.23
2017-11-06 03:00:00,41.218
2017-11-06 06:00:00,40.952
2017-11-06 09:00:00,41.504
2017-11-06 12:00:00,41.138
2017-11-06 15:00:00,40.666
2017-11-06 18:00:00,40.21
2017-11-06 21:00:00,39.793
2017-11-07 00:00:00,39.494
2017-11-07 03:00:00,39.239
2017-11-07 06:00:00,39.069
2017-11-07 09:00:00,38.958
2017-11-07 12:00:00,38.933
2017-11-07 15:00:00,38.899
2017-11-07 18:00:00,38.802
2017-11-07 21:00:00,38.726
2017-11-08 00:00:00,38.668
2017-11-08 03:00:00,38.62
2017-11-08 06:00:00,38.589
2017-11-08 09:00:00,38.578
2017-11-08 12:00:00,39.009
2017-11-08 15:00:00,39.761
2017-11-08 18:00:00,39.828
2017-11-08 21:00:00,39.766
2017-11-09 00:00:00,39.73
2017-11-09 03:00:00,39.71
2017-11-09 06:00:00,40.077
2017-11-09 09:00:00,40.644
2017-11-09 12:00:00,43.4
2017-11-09 15:00:00,43.4
2017-11-09 18:00:00,43.4
2017-11-09 21:00:00,43.303
2017-11-10 00:00:00,42.745
2017-11-10 03:00:00,42.334
2017-11-10 06:00:00,42.108
2017-11-10 09:00:00,41.997
2017-11-10 12:00:00,41.912
2017-11-10 15:00:00,41.856
2017-11-10 18:00:00,41.805
2017-11-10 21:00:00,41.776
2017-11-11 00:00:00,41.764
2017-11-11 03:00:00,41.758
2017-11-11 06:00:00,41.755
2017-11-11 09:00:00,41.752
2017-11-11 12:00:00,41.801
2017-11-11 15:00:00,41.815
2017-11-11 18:00:00,41.813
2017-11-11 21:00:00,41.811
2017-11-12 00:00:00,41.834
2017-11-12 03:00:00,41.913
2017-11-12 06:00:00,41.92
2017-11-12 09:00:00,41.865
2017-11-12 12:00:00,42.602
2017-11-12 15:00:00,42.872
2017-11-12 18:00:00,43.4
2017-11-12 21:00:00,43.4
2017-11-13 00:00:00,43.35
2017-11-13 03:00:00,43.298
2017-11-13 06:00:00,43.262
2017-11-13 09:00:00,43.219
2017-11-13 12:00:00,43.158
2017-11-13 15:00:00,43.117
2017-11-13 18:00:00,43.112
2017-11-13 21:00:00,43.11
2017-11-14 00:00:00,43.11
2017-11-14 03:00:00,43.11
2017-11-14 06:00:00,43.11
2017-11-14 09:00:00,43.11
2017-11-14 12:00:00,43.108
2017-11-14 15:00:00,43.108
2017-11-14 18:00:00,43.108
2017-11-14 21:00:00,43.108
2017-11-15 00:00:00,43.108
2017-11-15 03:00:00,43.108
2017-11-15 06:00:00,43.108
2017-11-15 09:00:00,43.107
2017-11-15 12:00:00,43.103
2017-11-15 15:00:00,43.102
2017-11-15 18:00:00,43.095
2017-11-15 21:00:00,43.089
2017-11-16 00:00:00,43.084
2017-11-16 03:00:00,43.058
2017-11-16 06:00:00,43.049
2017-11-16 09:00:00,43.049
2017-11-16 12:00:00,43.049
2017-11-16 15:00:00,43.049
2017-11-16 18:00:00,43.049
2017-11-16 21:00:00,43.049
2017-11-17 00:00:00,43.049
2017-11-17 03:00:00,43.049
2017-11-17 06:00:00,43.049
2017-11-17 09:00:00,43.044
2017-11-17 12:00:00,42.994
2017-11-17 15:00:00,42.958
2017-11-17 18:00:00,42.941
2017-11-17 21:00:00,42.935
2017-11-18 00:00:00,42.935
2017-11-18 03:00:00,42.935
2017-11-18 06:00:00,42.935
2017-11-18 09:00:00,42.935
2017-11-18 12:00:00,42.925
2017-11-18 15:00:00,42.925
2017-11-18 18:00:00,42.924
2017-11-18 21:00:00,42.91
2017-11-19 00:00:00,42.885
2017-11-19 03:00:00,42.857
2017-11-19 06:00:00,42.827
2017-11-19 09:00:00,42.796
2017-11-19 12:00:00,42.76
2017-11-19 15:00:00,42.736
2017-11-19 18:00:00,42.713
2017-11-19 21:00:00,42.695
2017-11-20 00:00:00,42.673
2017-11-20 03:00:00,42.651
2017-11-20 06:00:00,42.638
2017-11-20 09:00:00,42.629
2017-11-20 12:00:00,42.607
2017-11-20 15:00:00,42.59
2017-11-20 18:00:00,42.571
2017-11-20 21:00:00,42.554
2017-11-21 00:00:00,42.542
2017-11-21 03:00:00,42.534
2017-11-21 06:00:00,42.533
2017-11-21 09:00:00,42.533
2017-11-21 12:00:00,42.532
2017-11-21 15:00:00,42.532
2017-11-21 18:00:00,42.532
2017-11-21 21:00:00,42.532
2017-11-22 00:00:00,42.529
2017-11-22 03:00:00,42.523
2017-11-22 06:00:00,42.513
2017-11-22 09:00:00,42.507
2017-11-22 12:00:00,42.497
2017-11-22 15:00:00,42.483
2017-11-22 18:00:00,42.466
2017-11-22 21:00:00,42.444
2017-11-23 00:00:00,42.419
2017-11-23 03:00:00,42.397
2017-11-23 06:00:00,42.383
2017-11-23 09:00:00,42.376
2017-11-23 12:00:00,42.369
2017-11-23 15:00:00,42.873
2017-11-23 18:00:00,43.4
2017-11-23 21:00:00,43.4
2017-11-24 00:00:00,43.4
2017-11-24 03:00:00,43.4
2017-11-24 06:00:00,43.4
2017-11-24 09:00:00,43.4
2017-11-24 12:00:00,43.4
2017-11-24 15:00:00,43.4
2017-11-24 18:00:00,43.4
2017-11-24 21:00:00,43.399
2017-11-25 00:00:00,43.399
2017-11-25 03:00:00,43.398
2017-11-25 06:00:00,43.398
2017-11-25 09:00:00,43.398
2017-11-25 12:00:00,43.398
2017-11-25 15:00:00,43.398
2017-11-25 18:00:00,43.398
2017-11-25 21:00:00,43.398
2017-11-26 00:00:00,43.398
2017-11-26 03:00:00,43.398
2017-11-26 06:00:00,43.398
2017-11-26 09:00:00,43.398
2017-11-26 12:00:00,43.398
2017-11-26 15:00:00,43.398
2017-11-26 18:00:00,43.398
2017-11-26 21:00:00,43.393
2017-11-27 00:00:00,43.393
2017-11-27 03:00:00,43.393
2017-11-27 06:00:00,43.393
2017-11-27 09:00:00,43.393
2017-11-27 12:00:00,43.393
2017-11-27 15:00:00,43.393
2017-11-27 18:00:00,43.392
2017-11-27 21:00:00,43.383
2017-11-28 00:00:00,43.373
2017-11-28 03:00:00,43.372
2017-11-28 06:00:00,43.372
2017-11-28 09:00:00,43.372
2017-11-28 12:00:00,43.372
2017-11-28 15:00:00,43.372
2017-11-28 18:00:00,43.372
2017-11-28 21:00:00,43.37
2017-11-29 00:00:00,43.368
2017-11-29 03:00:00,43.367
2017-11-29 06:00:00,43.367
2017-11-29 09:00:00,43.367
2017-11-29 12:00:00,43.362
2017-11-29 15:00:00,43.361
2017-11-29 18:00:00,43.361
2017-11-29 21:00:00,43.355
2017-11-30 00:00:00,43.346
2017-11-30 03:00:00,43.341
2017-11-30 06:00:00,43.338
2017-11-30 09:00:00,43.338
2017-11-30 12:00:00,43.334
2017-11-30 15:00:00,43.333
2017-11-30 18:00:00,43.333
2017-11-30 21:00:00,43.333
2017-12-01 00:00:00,43.328
2017-12-01 03:00:00,43.327
2017-12-01 06:00:00,43.327
2017-12-01 09:00:00,43.327
2017-12-01 12:00:00,43.327
2017-12-01 15:00:00,43.327
2017-12-01 18:00:00,43.327
2017-12-01 21:00:00,43.326
2017-12-02 00:00:00,43.326
2017-12-02 03:00:00,43.324
2017-12-02 06:00:00,43.323
2017-12-02 09:00:00,43.323
2017-12-02 12:00:00,43.323
2017-12-02 15:00:00,43.323
2017-12-02 18:00:00,43.4
2017-12-02 21:00:00,43.4
2017-12-03 00:00:00,43.4
2017-12-03 03:00:00,43.4
2017-12-03 06:00:00,43.4
2017-12-03 09:00:00,43.399
2017-12-03 12:00:00,43.399
2017-12-03 15:00:00,43.399
2017-12-03 18:00:00,43.399
2017-12-03 21:00:00,43.399
2017-12-04 00:00:00,43.391
2017-12-04 03:00:00,43.386
2017-12-04 06:00:00,43.382
2017-12-04 09:00:00,43.381
2017-12-04 12:00:00,43.381
2017-12-04 15:00:00,43.379
2017-12-04 18:00:00,43.376
2017-12-04 21:00:00,43.373
2017-12-05 00:00:00,43.373
2017-12-05 03:00:00,43.373
2017-12-05 06:00:00,43.373
2017-12-05 09:00:00,43.369
2017-12-05 12:00:00,43.367
2017-12-05 15:00:00,43.363
2017-12-05 18:00:00,43.359
2017-12-05 21:00:00,43.359
2017-12-06 00:00:00,43.347
2017-12-06 03:00:00,43.333
2017-12-06 06:00:00,43.333
2017-12-06 09:00:00,43.333
2017-12-06 12:00:00,43.333
2017-12-06 15:00:00,43.333
2017-12-06 18:00:00,43.333
2017-12-06 21:00:00,43.333
2017-12-07 00:00:00,43.333
2017-12-07 03:00:00,43.333
2017-12-07 06:00:00,43.332
2017-12-07 09:00:00,43.332
2017-12-07 12:00:00,43.327
2017-12-07 15:00:00,43.32
2017-12-07 18:00:00,43.314
2017-12-07 21:00:00,43.309
2017-12-08 00:00:00,43.4
2017-12-08 03:00:00,43.4
2017-12-08 06:00:00,43.4
2017-12-08 09:00:00,43.4
2017-12-08 12:00:00,43.4
2017-12-08 15:00:00,43.4
2017-12-08 18:00:00,43.4
2017-12-08 21:00:00,43.4
2017-12-09 00:00:00,43.4
2017-12-09 03:00:00,43.4
2017-12-09 06:00:00,43.4
2017-12-09 09:00:00,43.4
2017-12-09 12:00:00,43.4
2017-12-09 15:00:00,43.4
2017-12-09 18:00:00,43.4
2017-12-09 21:00:00,43.4
2017-12-10 00:00:00,43.4
2017-12-10 03:00:00,43.4
2017-12-10 06:00:00,43.4
2017-12-10 09:00:00,43.4
2017-12-10 12:00:00,43.396
2017-12-10 15:00:00,43.392
2017-12-10 18:00:00,43.386
2017-12-10 21:00:00,43.378
2017-12-11 00:00:00,43.377
2017-12-11 03:00:00,43.376
2017-12-11 06:00:00,43.376
2017-12-11 09:00:00,43.376
2017-12-11 12:00:00,43.375
2017-12-11 15:00:00,43.375
2017-12-11 18:00:00,43.372
2017-12-11 21:00:00,43.369
2017-12-12 00:00:00,43.366
2017-12-12 03:00:00,43.364
2017-12-12 06:00:00,43.363
2017-12-12 09:00:00,43.358
2017-12-12 12:00:00,43.352
2017-12-12 15:00:00,43.346
2017-12-12 18:00:00,43.335
2017-12-12 21:00:00,43.323
2017-12-13 00:00:00,43.309
2017-12-13 03:00:00,43.296
2017-12-13 06:00:00,43.291
2017-12-13 09:00:00,43.291
2017-12-13 12:00:00,43.291
2017-12-13 15:00:00,43.291
2017-12-13 18:00:00,43.291
2017-12-13 21:00:00,43.291
2017-12-14 00:00:00,43.291
2017-12-14 03:00:00,43.291
2017-12-14 06:00:00,43.291
2017-12-14 09:00:00,43.291
2017-12-14 12:00:00,43.291
2017-12-14 15:00:00,43.291
2017-12-14 18:00:00,43.314
2017-12-14 21:00:00,43.308
2017-12-15 00:00:00,43.304
2017-12-15 03:00:00,43.303
2017-12-15 06:00:00,43.303
2017-12-15 09:00:00,43.303
2017-12-15 12:00:00,43.303
2017-12-15 15:00:00,43.303
2017-12-15 18:00:00,43.303
2017-12-15 21:00:00,43.302
2017-12-16 00:00:00,43.3
2017-12-16 03:00:00,43.299
2017-12-16 06:00:00,43.297
2017-12-16 09:00:00,43.297
2017-12-16 12:00:00,43.297
2017-12-16 15:00:00,43.296
2017-12-16 18:00:00,43.296
2017-12-16 21:00:00,43.296
2017-12-17 00:00:00,43.296
2017-12-17 03:00:00,43.296
2017-12-17 06:00:00,43.296
2017-12-17 09:00:00,43.296
2017-12-17 12:00:00,43.296
2017-12-17 15:00:00,43.296
2017-12-17 18:00:00,43.296
2017-12-17 21:00:00,43.296
2017-12-18 00:00:00,43.295
2017-12-18 03:00:00,43.295
2017-12-18 06:00:00,43.295
2017-12-18 09:00:00,43.295
2017-12-18 12:00:00,43.295
2017-12-18 15:00:00,43.295
2017-12-18 18:00:00,43.295
2017-12-18 21:00:00,43.295
2017-12-19 00:00:00,43.295
2017-12-19 03:00:00,43.295
2017-12-19 06:00:00,43.294
2017-12-19 09:00:00,43.294
2017-12-19 12:00:00,43.293
2017-12-19 15:00:00,43.292
2017-12-19 18:00:00,43.29
2017-12-19 21:00:00,43.286
2017-12-20 00:00:00,43.4
2017-12-20 03:00:00,43.4
2017-12-20 06:00:00,43.4
2017-12-20 09:00:00,43.4
2017-12-20 12:00:00,43.4
2017-12-20 15:00:00,43.4
2017-12-20 18:00:00,43.4
2017-12-20 21:00:00,43.4
2017-12-21 00:00:00,43.4
2017-12-21 03:00:00,43.4
2017-12-21 06:00:00,43.399
2017-12-21 09:00:00,43.399
2017-12-21 12:00:00,43.398
2017-12-21 15:00:00,43.397
2017-12-21 18:00:00,43.396
2017-12-21 21:00:00,43.392
2017-12-22 00:00:00,43.391
2017-12-22 03:00:00,43.391
2017-12-22 06:00:00,43.388
2017-12-22 09:00:00,43.388
2017-12-22 12:00:00,43.388
2017-12-22 15:00:00,43.388
2017-12-22 18:00:00,43.388
2017-12-22 21:00:00,43.388
2017-12-23 00:00:00,43.388
2017-12-23 03:00:00,43.388
2017-12-23 06:00:00,43.388
2017-12-23 09:00:00,43.4
2017-12-23 12:00:00,43.398
2017-12-23 15:00:00,43.395
2017-12-23 18:00:00,43.392
2017-12-23 21:00:00,43.391
2017-12-24 00:00:00,43.391
2017-12-24 03:00:00,43.391
2017-12-24 06:00:00,43.391
2017-12-24 09:00:00,43.391
2017-12-24 12:00:00,43.391
2017-12-24 15:00:00,43.391
2017-12-24 18:00:00,43.391
2017-12-24 21:00:00,43.391
2017-12-25 00:00:00,43.391
2017-12-25 03:00:00,43.391
2017-12-25 06:00:00,43.391
2017-12-25 09:00:00,43.391
2017-12-25 12:00:00,43.391
2017-12-25 15:00:00,43.391
2017-12-25 18:00:00,43.391
2017-12-25 21:00:00,43.39
2017-12-26 00:00:00,43.389
2017-12-26 03:00:00,43.389
2017-12-26 06:00:00,43.389
2017-12-26 09:00:00,43.389
2017-12-26 12:00:00,43.389
2017-12-26 15:00:00,43.389
2017-12-26 18:00:00,43.389
2017-12-26 21:00:00,43.388
2017-12-27 00:00:00,43.386
2017-12-27 03:00:00,43.384
2017-12-27 06:00:00,43.382
2017-12-27 09:00:00,43.38
2017-12-27 12:00:00,43.379
2017-12-27 15:00:00,43.379
2017-12-27 18:00:00,43.378
2017-12-27 21:00:00,43.378
2017-12-28 00:00:00,43.378
2017-12-28 03:00:00,43.378
2017-12-28 06:00:00,43.378
2017-12-28 09:00:00,43.378
2017-12-28 12:00:00,43.378
2017-12-28 15:00:00,43.377
2017-12-28 18:00:00,43.375
2017-12-28 21:00:00,43.374
2017-12-29 00:00:00,43.373
2017-12-29 03:00:00,43.372
2017-12-29 06:00:00,43.371
2017-12-29 09:00:00,43.37
2017-12-29 12:00:00,43.37
2017-12-29 15:00:00,43.37
2017-12-29 18:00:00,43.37
2017-12-29 21:00:00,43.37
2017-12-30 00:00:00,43.369
2017-12-30 03:00:00,43.369
2017-12-30 06:00:00,43.369
2017-12-30 09:00:00,43.369
2017-12-30 12:00:00,43.369
2017-12-30 15:00:00,43.369
2017-12-30 18:00:00,43.369
2017-12-30 21:00:00,43.369
2017-12-31 00:00:00,43.369
2017-12-31 03:00:00,43.369
2017-12-31 06:00:00,43.369
2017-12-31 09:00:00,43.369
2017-12-31 12:00:00,43.369
2017-12-31 15:00:00,43.369
2017-12-31 18:00:00,43.369
2017-12-31 21:00:00,43.368
2018-01-01 00:00:00,43.367
2018-01-01 03:00:00,43.367
2018-01-01 06:00:00,43.367
2018-01-01 09:00:00,43.367
2018-01-01 12:00:00,43.366
2018-01-01 15:00:00,43.366
2018-01-01 18:00:00,43.366
2018-01-01 21:00:00,43.366
2018-01-02 00:00:00,43.366
2018-01-02 03:00:00,43.366
2018-01-02 06:00:00,43.366
2018-01-02 09:00:00,43.366
2018-01-02 12:00:00,43.366
2018-01-02 15:00:00,43.366
2018-01-02 18:00:00,43.366
2018-01-02 21:00:00,43.366
2018-01-03 00:00:00,43.366
2018-01-03 03:00:00,43.366
2018-01-03 06:00:00,43.366
2018-01-03 09:00:00,43.366
2018-01-03 12:00:00,43.366
2018-01-03 15:00:00,43.366
2018-01-03 18:00:00,43.366
2018-01-03 21:00:00,43.366
2018-01-04 00:00:00,43.366
2018-01-04 03:00:00,43.366
2018-01-04 06:00:00,43.366
2018-01-04 09:00:00,43.365
2018-01-04 12:00:00,43.364
2018-01-04 15:00:00,43.363
2018-01-04 18:00:00,43.362
2018-01-04 21:00:00,43.361
2018-01-05 00:00:00,43.359
2018-01-05 03:00:00,43.358
2018-01-05 06:00:00,43.356
2018-01-05 09:00:00,43.354
2018-01-05 12:00:00,43.352
2018-01-05 15:00:00,43.351
2018-01-05 18:00:00,43.35
2018-01-05 21:00:00,43.349
2018-01-06 00:00:00,43.348
2018-01-06 03:00:00,43.347
2018-01-06 06:00:00,43.347
2018-01-06 09:00:00,43.345
2018-01-06 12:00:00,43.342
2018-01-06 15:00:00,43.339
2018-01-06 18:00:00,43.337
2018-01-06 21:00:00,43.337
2018-01-07 00:00:00,43.336
2018-01-07 03:00:00,43.336
2018-01-07 06:00:00,43.335
2018-01-07 09:00:00,43.335
2018-01-07 12:00:00,43.335
2018-01-07 15:00:00,43.334
2018-01-07 18:00:00,43.334
2018-01-07 21:00:00,43.333
2018-01-08 00:00:00,43.331
2018-01-08 03:00:00,43.329
2018-01-08 06:00:00,43.328
2018-01-08 09:00:00,43.328
2018-01-08 12:00:00,43.328
2018-01-08 15:00:00,43.328
2018-01-08 18:00:00,43.328
2018-01-08 21:00:00,43.328
2018-01-09 00:00:00,43.4
2018-01-09 03:00:00,43.4
2018-01-09 06:00:00,43.4
2018-01-09 09:00:00,43.4
2018-01-09 12:00:00,43.397
2018-01-09 15:00:00,43.4
2018-01-09 18:00:00,43.399
2018-01-09 21:00:00,43.399
2018-01-10 00:00:00,43.399
2018-01-10 03:00:00,43.399
2018-01-10 06:00:00,43.399
2018-01-10 09:00:00,43.399
2018-01-10 12:00:00,43.399
2018-01-10 15:00:00,43.399
2018-01-10 18:00:00,43.399
2018-01-10 21:00:00,43.399
2018-01-11 00:00:00,43.398
2018-01-11 03:00:00,43.398
2018-01-11 06:00:00,43.398
2018-01-11 09:00:00,43.398
2018-01-11 12:00:00,43.398
2018-01-11 15:00:00,43.398
2018-01-11 18:00:00,43.398
2018-01-11 21:00:00,43.398
2018-01-12 00:00:00,43.398
2018-01-12 03:00:00,43.398
2018-01-12 06:00:00,43.398
2018-01-12 09:00:00,43.398
2018-01-12 12:00:00,43.398
2018-01-12 15:00:00,43.397
2018-01-12 18:00:00,43.397
2018-01-12 21:00:00,43.397
2018-01-13 00:00:00,43.397
2018-01-13 03:00:00,43.397
2018-01-13 06:00:00,43.397
2018-01-13 09:00:00,43.397
2018-01-13 12:00:00,43.397
2018-01-13 15:00:00,43.397
2018-01-13 18:00:00,43.397
2018-01-13 21:00:00,43.397
2018-01-14 00:00:00,43.397
2018-01-14 03:00:00,43.397
2018-01-14 06:00:00,43.397
2018-01-14 09:00:00,43.397
2018-01-14 12:00:00,43.396
2018-01-14 15:00:00,43.395
2018-01-14 18:00:00,43.393
2018-01-14 21:00:00,43.39
2018-01-15 00:00:00,43.388
2018-01-15 03:00:00,43.384
2018-01-15 06:00:00,43.382
2018-01-15 09:00:00,43.379
2018-01-15 12:00:00,43.375
2018-01-15 15:00:00,43.372
2018-01-15 18:00:00,43.369
2018-01-15 21:00:00,43.367
2018-01-16 00:00:00,43.363
2018-01-16 03:00:00,43.36
2018-01-16 06:00:00,43.357
2018-01-16 09:00:00,43.354
2018-01-16 12:00:00,43.351
2018-01-16 15:00:00,43.349
2018-01-16 18:00:00,43.346
2018-01-16 21:00:00,43.342
2018-01-17 00:00:00,43.339
2018-01-17 03:00:00,43.336998
2018-01-17 06:00:00,43.336998
2018-01-17 09:00:00,43.336998
2018-01-17 12:00:00,43.336
2018-01-17 15:00:00,43.336
2018-01-17 18:00:00,43.336
2018-01-17 21:00:00,43.336
2018-01-18 00:00:00,43.336
2018-01-18 03:00:00,43.336
2018-01-18 06:00:00,43.335
2018-01-18 09:00:00,43.335
2018-01-18 12:00:00,43.335
2018-01-18 15:00:00,43.335
2018-01-18 18:00:00,43.335
2018-01-18 21:00:00,43.335
2018-01-19 00:00:00,43.334
2018-01-19 03:00:00,43.334
2018-01-19 06:00:00,43.334
2018-01-19 09:00:00,43.334
2018-01-19 12:00:00,43.334
2018-01-19 15:00:00,43.334
2018-01-19 18:00:00,43.334
2018-01-19 21:00:00,43.334
2018-01-20 00:00:00,43.334
2018-01-20 03:00:00,43.334
2018-01-20 06:00:00,43.334
2018-01-20 09:00:00,43.334
2018-01-20 12:00:00,43.333
2018-01-20 15:00:00,43.333
2018-01-20 18:00:00,43.333
2018-01-20 21:00:00,43.333
2018-01-21 00:00:00,43.333
2018-01-21 03:00:00,43.333
2018-01-21 06:00:00,43.333
2018-01-21 09:00:00,43.333
2018-01-21 12:00:00,43.333
2018-01-21 15:00:00,43.333
2018-01-21 18:00:00,43.333
2018-01-21 21:00:00,43.333
2018-01-22 00:00:00,43.333
2018-01-22 03:00:00,43.332
2018-01-22 06:00:00,43.332
2018-01-22 09:00:00,43.332
2018-01-22 12:00:00,43.332
2018-01-22 15:00:00,43.332
2018-01-22 18:00:00,43.332
2018-01-22 21:00:00,43.332
2018-01-23 00:00:00,43.332
2018-01-23 03:00:00,43.332
2018-01-23 06:00:00,43.332
2018-01-23 09:00:00,43.332
2018-01-23 12:00:00,43.332
2018-01-23 15:00:00,43.332
2018-01-23 18:00:00,43.332
2018-01-23 21:00:00,43.332
2018-01-24 00:00:00,43.332
2018-01-24 03:00:00,43.331
2018-01-24 06:00:00,43.331
2018-01-24 09:00:00,43.331
2018-01-24 12:00:00,43.331
2018-01-24 15:00:00,43.331
2018-01-24 18:00:00,43.331
2018-01-24 21:00:00,43.329998
2018-01-25 00:00:00,43.4
2018-01-25 03:00:00,43.4
2018-01-25 06:00:00,43.4
2018-01-25 09:00:00,43.4
2018-01-25 12:00:00,43.4
2018-01-25 15:00:00,43.4
2018-01-25 18:00:00,43.4
2018-01-25 21:00:00,43.4
2018-01-26 00:00:00,43.399
2018-01-26 03:00:00,43.398
2018-01-26 06:00:00,43.398
2018-01-26 09:00:00,43.398
2018-01-26 12:00:00,43.398
2018-01-26 15:00:00,43.398
2018-01-26 18:00:00,43.398
2018-01-26 21:00:00,43.398
2018-01-27 00:00:00,43.398
2018-01-27 03:00:00,43.398
2018-01-27 06:00:00,43.398
2018-01-27 09:00:00,43.398
2018-01-27 12:00:00,43.398
2018-01-27 15:00:00,43.398
2018-01-27 18:00:00,43.398
2018-01-27 21:00:00,43.397
2018-01-28 00:00:00,43.397
2018-01-28 03:00:00,43.397
2018-01-28 06:00:00,43.397
2018-01-28 09:00:00,43.396
2018-01-28 12:00:00,43.396
2018-01-28 15:00:00,43.396
2018-01-28 18:00:00,43.396
2018-01-28 21:00:00,43.395
2018-01-29 00:00:00,43.395
2018-01-29 03:00:00,43.395
2018-01-29 06:00:00,43.395
2018-01-29 09:00:00,43.395
2018-01-29 12:00:00,43.395
2018-01-29 15:00:00,43.395
2018-01-29 18:00:00,43.394
2018-01-29 21:00:00,43.394
2018-01-30 00:00:00,43.393
2018-01-30 03:00:00,43.393
2018-01-30 06:00:00,43.393
2018-01-30 09:00:00,43.393
2018-01-30 12:00:00,43.393
2018-01-30 15:00:00,43.393
2018-01-30 18:00:00,43.393
2018-01-30 21:00:00,43.393
2018-01-31 00:00:00,43.393
2018-01-31 03:00:00,43.393
2018-01-31 06:00:00,43.393
2018-01-31 09:00:00,43.393
2018-01-31 12:00:00,43.392
2018-01-31 15:00:00,43.391
2018-01-31 18:00:00,43.39
2018-01-31 21:00:00,43.39
2018-02-01 00:00:00,43.388
2018-02-01 03:00:00,43.387
2018-02-01 06:00:00,43.385
2018-02-01 09:00:00,43.383
2018-02-01 12:00:00,43.38
2018-02-01 15:00:00,43.378
2018-02-01 18:00:00,43.375
2018-02-01 21:00:00,43.372
2018-02-02 00:00:00,43.37
2018-02-02 03:00:00,43.367
2018-02-02 06:00:00,43.364
2018-02-02 09:00:00,43.362
2018-02-02 12:00:00,43.36
2018-02-02 15:00:00,43.358
2018-02-02 18:00:00,43.357
2018-02-02 21:00:00,43.355
2018-02-03 00:00:00,43.354
2018-02-03 03:00:00,43.353
2018-02-03 06:00:00,43.352
2018-02-03 09:00:00,43.351
2018-02-03 12:00:00,43.35
2018-02-03 15:00:00,43.349
2018-02-03 18:00:00,43.349
2018-02-03 21:00:00,43.349
2018-02-04 00:00:00,43.349
2018-02-04 03:00:00,43.349
2018-02-04 06:00:00,43.349
2018-02-04 09:00:00,43.349
2018-02-04 12:00:00,43.349
2018-02-04 15:00:00,43.349
2018-02-04 18:00:00,43.349
2018-02-04 21:00:00,43.349
2018-02-05 00:00:00,43.349
2018-02-05 03:00:00,43.349
2018-02-05 06:00:00,43.349
2018-02-05 09:00:00,43.349
2018-02-05 12:00:00,43.348
2018-02-05 15:00:00,43.348
2018-02-05 18:00:00,43.348
2018-02-05 21:00:00,43.348
2018-02-06 00:00:00,43.348
2018-02-06 03:00:00,43.348
2018-02-06 06:00:00,43.348
2018-02-06 09:00:00,43.348
2018-02-06 12:00:00,43.346
2018-02-06 15:00:00,43.343
2018-02-06 18:00:00,43.342
2018-02-06 21:00:00,43.341
2018-02-07 00:00:00,43.341
2018-02-07 03:00:00,43.341
2018-02-07 06:00:00,43.341
2018-02-07 09:00:00,43.34
2018-02-07 12:00:00,43.338
2018-02-07 15:00:00,43.336
2018-02-07 18:00:00,43.336
2018-02-07 21:00:00,43.336
2018-02-08 00:00:00,43.336
2018-02-08 03:00:00,43.336
2018-02-08 06:00:00,43.336
2018-02-08 09:00:00,43.336
2018-02-08 12:00:00,43.336
2018-02-08 15:00:00,43.336
2018-02-08 18:00:00,43.336
2018-02-08 21:00:00,43.336
2018-02-09 00:00:00,43.336
2018-02-09 03:00:00,43.336
2018-02-09 06:00:00,43.336
2018-02-09 09:00:00,43.335
2018-02-09 12:00:00,43.334
2018-02-09 15:00:00,43.334
2018-02-09 18:00:00,43.334
2018-02-09 21:00:00,43.334
2018-02-10 00:00:00,43.334
2018-02-10 03:00:00,43.334
2018-02-10 06:00:00,43.333
2018-02-10 09:00:00,43.331
2018-02-10 12:00:00,43.328
2018-02-10 15:00:00,43.327
2018-02-10 18:00:00,43.327
2018-02-10 21:00:00,43.327
2018-02-11 00:00:00,43.327
2018-02-11 03:00:00,43.327
2018-02-11 06:00:00,43.327
2018-02-11 09:00:00,43.327
2018-02-11 12:00:00,43.327
2018-02-11 15:00:00,43.326
2018-02-11 18:00:00,43.326
2018-02-11 21:00:00,43.326
2018-02-12 00:00:00,43.326
2018-02-12 03:00:00,43.326
2018-02-12 06:00:00,43.326
2018-02-12 09:00:00,43.326
2018-02-12 12:00:00,43.325
2018-02-12 15:00:00,43.324
2018-02-12 18:00:00,43.324
2018-02-12 21:00:00,43.324
2018-02-13 00:00:00,43.324
2018-02-13 03:00:00,43.324
2018-02-13 06:00:00,43.324
2018-02-13 09:00:00,43.324
2018-02-13 12:00:00,43.322998
2018-02-13 15:00:00,43.322
2018-02-13 18:00:00,43.322
2018-02-13 21:00:00,43.322
2018-02-14 00:00:00,43.321
2018-02-14 03:00:00,43.321
2018-02-14 06:00:00,43.321
2018-02-14 09:00:00,43.321
2018-02-14 12:00:00,43.32
2018-02-14 15:00:00,43.318
2018-02-14 18:00:00,43.318
2018-02-14 21:00:00,43.317
2018-02-15 00:00:00,43.315998
2018-02-15 03:00:00,43.315
2018-02-15 06:00:00,43.315
2018-02-15 09:00:00,43.313
2018-02-15 12:00:00,43.309
2018-02-15 15:00:00,43.308
2018-02-15 18:00:00,43.308
2018-02-15 21:00:00,43.307
2018-02-16 00:00:00,43.305
2018-02-16 03:00:00,43.305
2018-02-16 06:00:00,43.304
2018-02-16 09:00:00,43.304
2018-02-16 12:00:00,43.303
2018-02-16 15:00:00,43.302
2018-02-16 18:00:00,43.302
2018-02-16 21:00:00,43.302
2018-02-17 00:00:00,43.302
2018-02-17 03:00:00,43.301
2018-02-17 06:00:00,43.301
2018-02-17 09:00:00,43.301
2018-02-17 12:00:00,43.3
2018-02-17 15:00:00,43.3
2018-02-17 18:00:00,43.3
2018-02-17 21:00:00,43.3
2018-02-18 00:00:00,43.3
2018-02-18 03:00:00,43.3
2018-02-18 06:00:00,43.3
2018-02-18 09:00:00,43.3
2018-02-18 12:00:00,43.298
2018-02-18 15:00:00,43.298
2018-02-18 18:00:00,43.298
2018-02-18 21:00:00,43.298
2018-02-19 00:00:00,43.298
2018-02-19 03:00:00,43.297
2018-02-19 06:00:00,43.297
2018-02-19 09:00:00,43.297
2018-02-19 12:00:00,43.296
2018-02-19 15:00:00,43.295
2018-02-19 18:00:00,43.295
2018-02-19 21:00:00,43.295
2018-02-20 00:00:00,43.295
2018-02-20 03:00:00,43.295
2018-02-20 06:00:00,43.295
2018-02-20 09:00:00,43.295
2018-02-20 12:00:00,43.294
2018-02-20 15:00:00,43.294
2018-02-20 18:00:00,43.294
2018-02-20 21:00:00,43.294
2018-02-21 00:00:00,43.294
2018-02-21 03:00:00,43.294
2018-02-21 06:00:00,43.294
2018-02-21 09:00:00,43.293
2018-02-21 12:00:00,43.292
2018-02-21 15:00:00,43.292
2018-02-21 18:00:00,43.292
2018-02-21 21:00:00,43.292
2018-02-22 00:00:00,43.292
2018-02-22 03:00:00,43.292
2018-02-22 06:00:00,43.292
2018-02-22 09:00:00,43.291
2018-02-22 12:00:00,43.29
2018-02-22 15:00:00,43.289
2018-02-22 18:00:00,43.289
2018-02-22 21:00:00,43.289
2018-02-23 00:00:00,43.289
2018-02-23 03:00:00,43.289
2018-02-23 06:00:00,43.289
2018-02-23 09:00:00,43.288
2018-02-23 12:00:00,43.286
2018-02-23 15:00:00,43.285
2018-02-23 18:00:00,43.284
2018-02-23 21:00:00,43.284
2018-02-24 00:00:00,43.284
2018-02-24 03:00:00,43.284
2018-02-24 06:00:00,43.284
2018-02-24 09:00:00,43.283
2018-02-24 12:00:00,43.281
2018-02-24 15:00:00,43.28
2018-02-24 18:00:00,43.28
2018-02-24 21:00:00,43.28
2018-02-25 00:00:00,43.28
2018-02-25 03:00:00,43.28
2018-02-25 06:00:00,43.28
2018-02-25 09:00:00,43.28
2018-02-25 12:00:00,43.277
2018-02-25 15:00:00,43.276
2018-02-25 18:00:00,43.276
2018-02-25 21:00:00,43.276
2018-02-26 00:00:00,43.275
2018-02-26 03:00:00,43.273
2018-02-26 06:00:00,43.272
2018-02-26 09:00:00,43.27
2018-02-26 12:00:00,43.267
2018-02-26 15:00:00,43.265
2018-02-26 18:00:00,43.264
2018-02-26 21:00:00,43.264
2018-02-27 00:00:00,43.264
2018-02-27 03:00:00,43.264
2018-02-27 06:00:00,43.264
2018-02-27 09:00:00,43.263
2018-02-27 12:00:00,43.26
2018-02-27 15:00:00,43.259
2018-02-27 18:00:00,43.259
2018-02-27 21:00:00,43.259
2018-02-28 00:00:00,43.259
2018-02-28 03:00:00,43.259
2018-02-28 06:00:00,43.259
2018-02-28 09:00:00,43.258
2018-02-28 12:00:00,43.255
2018-02-28 15:00:00,43.254
2018-02-28 18:00:00,43.254
2018-02-28 21:00:00,43.254
2018-03-01 00:00:00,43.254
2018-03-01 03:00:00,43.254
2018-03-01 06:00:00,43.254
2018-03-01 09:00:00,43.253
2018-03-01 12:00:00,43.25
2018-03-01 15:00:00,43.248
2018-03-01 18:00:00,43.248
2018-03-01 21:00:00,43.248
2018-03-02 00:00:00,43.248
2018-03-02 03:00:00,43.248
2018-03-02 06:00:00,43.248
2018-03-02 09:00:00,43.248
2018-03-02 12:00:00,43.245
2018-03-02 15:00:00,43.244
2018-03-02 18:00:00,43.244
2018-03-02 21:00:00,43.244
2018-03-03 00:00:00,43.244
2018-03-03 03:00:00,43.244
2018-03-03 06:00:00,43.244
2018-03-03 09:00:00,43.243
2018-03-03 12:00:00,43.24
2018-03-03 15:00:00,43.239
2018-03-03 18:00:00,43.239
2018-03-03 21:00:00,43.239
2018-03-04 00:00:00,43.239
2018-03-04 03:00:00,43.239
2018-03-04 06:00:00,43.239
2018-03-04 09:00:00,43.239
2018-03-04 12:00:00,43.236
2018-03-04 15:00:00,43.235
2018-03-04 18:00:00,43.234
2018-03-04 21:00:00,43.234
2018-03-05 00:00:00,43.234
2018-03-05 03:00:00,43.233
2018-03-05 06:00:00,43.233
2018-03-05 09:00:00,43.232
2018-03-05 12:00:00,43.23
2018-03-05 15:00:00,43.228
2018-03-05 18:00:00,43.227
2018-03-05 21:00:00,43.227
2018-03-06 00:00:00,43.227
2018-03-06 03:00:00,43.227
2018-03-06 06:00:00,43.227
2018-03-06 09:00:00,43.226
2018-03-06 12:00:00,43.224
2018-03-06 15:00:00,43.222
2018-03-06 18:00:00,43.222
2018-03-06 21:00:00,43.222
2018-03-07 00:00:00,43.222
2018-03-07 03:00:00,43.222
2018-03-07 06:00:00,43.222
2018-03-07 09:00:00,43.221
2018-03-07 12:00:00,43.219
2018-03-07 15:00:00,43.218
2018-03-07 18:00:00,43.218
2018-03-07 21:00:00,43.218
2018-03-08 00:00:00,43.218
2018-03-08 03:00:00,43.218
2018-03-08 06:00:00,43.218
2018-03-08 09:00:00,43.218
2018-03-08 12:00:00,43.216
2018-03-08 15:00:00,43.214
2018-03-08 18:00:00,43.213
2018-03-08 21:00:00,43.211998
2018-03-09 00:00:00,43.211
2018-03-09 03:00:00,43.21
2018-03-09 06:00:00,43.209
2018-03-09 09:00:00,43.207
2018-03-09 12:00:00,43.204998
2018-03-09 15:00:00,43.204
2018-03-09 18:00:00,43.204
2018-03-09 21:00:00,43.204
2018-03-10 00:00:00,43.204
2018-03-10 03:00:00,43.204
2018-03-10 06:00:00,43.204
2018-03-10 09:00:00,43.203
2018-03-10 12:00:00,43.202
2018-03-10 15:00:00,43.201
2018-03-10 18:00:00,43.201
2018-03-10 21:00:00,43.201
2018-03-11 00:00:00,43.201
2018-03-11 03:00:00,43.201
2018-03-11 06:00:00,43.2
2018-03-11 09:00:00,43.2
2018-03-11 12:00:00,43.197
2018-03-11 15:00:00,43.195
2018-03-11 18:00:00,43.195
2018-03-11 21:00:00,43.195
2018-03-12 00:00:00,43.195
2018-03-12 03:00:00,43.195
2018-03-12 06:00:00,43.195
2018-03-12 09:00:00,43.194
2018-03-12 12:00:00,43.193
2018-03-12 15:00:00,43.192
2018-03-12 18:00:00,43.192
2018-03-12 21:00:00,43.192
2018-03-13 00:00:00,43.190998
2018-03-13 03:00:00,43.190998
2018-03-13 06:00:00,43.190998
2018-03-13 09:00:00,43.188
2018-03-13 12:00:00,43.184
2018-03-13 15:00:00,43.181
2018-03-13 18:00:00,43.18
2018-03-13 21:00:00,43.178
2018-03-14 00:00:00,43.176
2018-03-14 03:00:00,43.174
2018-03-14 06:00:00,43.172
2018-03-14 09:00:00,43.169
2018-03-14 12:00:00,43.164
2018-03-14 15:00:00,43.161
2018-03-14 18:00:00,43.161
2018-03-14 21:00:00,43.161
2018-03-15 00:00:00,43.161
2018-03-15 03:00:00,43.161
2018-03-15 06:00:00,43.161
2018-03-15 09:00:00,43.159
2018-03-15 12:00:00,43.154
2018-03-15 15:00:00,43.152
2018-03-15 18:00:00,43.152
2018-03-15 21:00:00,43.152
2018-03-16 00:00:00,43.152
2018-03-16 03:00:00,43.152
2018-03-16 06:00:00,43.152
2018-03-16 09:00:00,43.15
2018-03-16 12:00:00,43.145
2018-03-16 15:00:00,43.143
2018-03-16 18:00:00,43.143
2018-03-16 21:00:00,43.143
2018-03-17 00:00:00,43.143
2018-03-17 03:00:00,43.143
2018-03-17 06:00:00,43.142
2018-03-17 09:00:00,43.14
2018-03-17 12:00:00,43.134
2018-03-17 15:00:00,43.129
2018-03-17 18:00:00,43.126
2018-03-17 21:00:00,43.122
2018-03-18 00:00:00,43.119
2018-03-18 03:00:00,43.116
2018-03-18 06:00:00,43.111
2018-03-18 09:00:00,43.4
2018-03-18 12:00:00,43.4
2018-03-18 15:00:00,43.4
2018-03-18 18:00:00,43.398
2018-03-18 21:00:00,43.397
2018-03-19 00:00:00,43.395
2018-03-19 03:00:00,43.395
2018-03-19 06:00:00,43.393
2018-03-19 09:00:00,43.389
2018-03-19 12:00:00,43.381
2018-03-19 15:00:00,43.376
2018-03-19 18:00:00,43.374
2018-03-19 21:00:00,43.372
2018-03-20 00:00:00,43.372
2018-03-20 03:00:00,43.372
2018-03-20 06:00:00,43.372
2018-03-20 09:00:00,43.371
2018-03-20 12:00:00,43.399
2018-03-20 15:00:00,43.399
2018-03-20 18:00:00,43.399
2018-03-20 21:00:00,43.399
2018-03-21 00:00:00,43.398
2018-03-21 03:00:00,43.398
2018-03-21 06:00:00,43.396
2018-03-21 09:00:00,43.4
2018-03-21 12:00:00,43.4
2018-03-21 15:00:00,43.4
2018-03-21 18:00:00,43.4
2018-03-21 21:00:00,43.4
2018-03-22 00:00:00,43.4
2018-03-22 03:00:00,43.4
2018-03-22 06:00:00,43.397
2018-03-22 09:00:00,43.39
2018-03-22 12:00:00,43.381
2018-03-22 15:00:00,43.376
2018-03-22 18:00:00,43.375
2018-03-22 21:00:00,43.374
2018-03-23 00:00:00,43.374
2018-03-23 03:00:00,43.374
2018-03-23 06:00:00,43.374
2018-03-23 09:00:00,43.4
2018-03-23 12:00:00,43.397
2018-03-23 15:00:00,43.393
2018-03-23 18:00:00,43.393
2018-03-23 21:00:00,43.393
2018-03-24 00:00:00,43.393
2018-03-24 03:00:00,43.393
2018-03-24 06:00:00,43.392
2018-03-24 09:00:00,43.4
2018-03-24 12:00:00,43.4
2018-03-24 15:00:00,43.397
2018-03-24 18:00:00,43.396
2018-03-24 21:00:00,43.396
2018-03-25 00:00:00,43.396
2018-03-25 03:00:00,43.395
2018-03-25 06:00:00,43.395
2018-03-25 09:00:00,43.392
2018-03-25 12:00:00,43.386
2018-03-25 15:00:00,43.382
2018-03-25 18:00:00,43.382
2018-03-25 21:00:00,43.381
2018-03-26 00:00:00,43.381
2018-03-26 03:00:00,43.381
2018-03-26 06:00:00,43.381
2018-03-26 09:00:00,43.378
2018-03-26 12:00:00,43.371
2018-03-26 15:00:00,43.365
2018-03-26 18:00:00,43.365
2018-03-26 21:00:00,43.365
2018-03-27 00:00:00,43.365
2018-03-27 03:00:00,43.365
2018-03-27 06:00:00,43.365
2018-03-27 09:00:00,43.362
2018-03-27 12:00:00,43.355
2018-03-27 15:00:00,43.35
2018-03-27 18:00:00,43.349
2018-03-27 21:00:00,43.349
2018-03-28 00:00:00,43.349
2018-03-28 03:00:00,43.349
2018-03-28 06:00:00,43.349
2018-03-28 09:00:00,43.347
2018-03-28 12:00:00,43.4
2018-03-28 15:00:00,43.4
2018-03-28 18:00:00,43.4
2018-03-28 21:00:00,43.4
2018-03-29 00:00:00,43.4
2018-03-29 03:00:00,43.4
2018-03-29 06:00:00,43.399
2018-03-29 09:00:00,43.395
2018-03-29 12:00:00,43.4
2018-03-29 15:00:00,43.399
2018-03-29 18:00:00,43.398
2018-03-29 21:00:00,43.398
2018-03-30 00:00:00,43.398
2018-03-30 03:00:00,43.398
2018-03-30 06:00:00,43.398
2018-03-30 09:00:00,43.4
2018-03-30 12:00:00,43.4
2018-03-30 15:00:00,43.4
2018-03-30 18:00:00,43.4
2018-03-30 21:00:00,43.4
2018-03-31 00:00:00,43.4
2018-03-31 03:00:00,43.4
2018-03-31 06:00:00,43.4
2018-03-31 09:00:00,43.4
2018-03-31 12:00:00,43.4
2018-03-31 15:00:00,43.4
2018-03-31 18:00:00,43.4
2018-03-31 21:00:00,43.4
2018-04-01 00:00:00,43.4
2018-04-01 03:00:00,43.4
2018-04-01 06:00:00,43.4
2018-04-01 09:00:00,43.4
2018-04-01 12:00:00,43.4
2018-04-01 15:00:00,43.4
2018-04-01 18:00:00,43.4
2018-04-01 21:00:00,43.4
2018-04-02 00:00:00,43.4
2018-04-02 03:00:00,43.4
2018-04-02 06:00:00,43.399
2018-04-02 09:00:00,43.395
2018-04-02 12:00:00,43.388
2018-04-02 15:00:00,43.381
2018-04-02 18:00:00,43.377
2018-04-02 21:00:00,43.375
2018-04-03 00:00:00,43.374
2018-04-03 03:00:00,43.373
2018-04-03 06:00:00,43.373
2018-04-03 09:00:00,43.367
2018-04-03 12:00:00,43.4
2018-04-03 15:00:00,43.398
2018-04-03 18:00:00,43.398
2018-04-03 21:00:00,43.398
2018-04-04 00:00:00,43.398
2018-04-04 03:00:00,43.398
2018-04-04 06:00:00,43.397
2018-04-04 09:00:00,43.393
2018-04-04 12:00:00,43.387
2018-04-04 15:00:00,43.384
2018-04-04 18:00:00,43.384
2018-04-04 21:00:00,43.383
2018-04-05 00:00:00,43.383
2018-04-05 03:00:00,43.383
2018-04-05 06:00:00,43.383
2018-04-05 09:00:00,43.4
2018-04-05 12:00:00,43.4
2018-04-05 15:00:00,43.4
2018-04-05 18:00:00,43.399
2018-04-05 21:00:00,43.399
2018-04-06 00:00:00,43.398
2018-04-06 03:00:00,43.398
2018-04-06 06:00:00,43.397
2018-04-06 09:00:00,43.4
2018-04-06 12:00:00,43.4
2018-04-06 15:00:00,43.399
2018-04-06 18:00:00,43.392
2018-04-06 21:00:00,43.391
2018-04-07 00:00:00,43.391
2018-04-07 03:00:00,43.39
2018-04-07 06:00:00,43.39
2018-04-07 09:00:00,43.4
2018-04-07 12:00:00,43.4
2018-04-07 15:00:00,43.4
2018-04-07 18:00:00,43.4
2018-04-07 21:00:00,43.4
2018-04-08 00:00:00,43.4
2018-04-08 03:00:00,43.4
2018-04-08 06:00:00,43.399
2018-04-08 09:00:00,43.4
2018-04-08 12:00:00,43.4
2018-04-08 15:00:00,43.4
2018-04-08 18:00:00,43.399
2018-04-08 21:00:00,43.399
2018-04-09 00:00:00,43.399
2018-04-09 03:00:00,43.399
2018-04-09 06:00:00,43.396
2018-04-09 09:00:00,43.389
2018-04-09 12:00:00,43.4
2018-04-09 15:00:00,43.399
2018-04-09 18:00:00,43.398
2018-04-09 21:00:00,43.398
2018-04-10 00:00:00,43.398
2018-04-10 03:00:00,43.398
2018-04-10 06:00:00,43.398
2018-04-10 09:00:00,43.4
2018-04-10 12:00:00,43.4
2018-04-10 15:00:00,43.4
2018-04-10 18:00:00,43.4
2018-04-10 21:00:00,43.4
2018-04-11 00:00:00,43.4
2018-04-11 03:00:00,43.4
2018-04-11 06:00:00,43.4
2018-04-11 09:00:00,43.4
2018-04-11 12:00:00,43.4
2018-04-11 15:00:00,43.4
2018-04-11 18:00:00,43.4
2018-04-11 21:00:00,43.4
2018-04-12 00:00:00,43.4
2018-04-12 03:00:00,43.4
2018-04-12 06:00:00,43.4
2018-04-12 09:00:00,43.4
2018-04-12 12:00:00,43.4
2018-04-12 15:00:00,43.4
2018-04-12 18:00:00,43.4
2018-04-12 21:00:00,43.4
2018-04-13 00:00:00,43.4
2018-04-13 03:00:00,43.4
2018-04-13 06:00:00,43.4
2018-04-13 09:00:00,43.4
2018-04-13 12:00:00,43.4
2018-04-13 15:00:00,43.4
2018-04-13 18:00:00,43.4
2018-04-13 21:00:00,43.4
2018-04-14 00:00:00,43.4
2018-04-14 03:00:00,43.4
2018-04-14 06:00:00,43.399
2018-04-14 09:00:00,43.4
2018-04-14 12:00:00,43.4
2018-04-14 15:00:00,43.4
2018-04-14 18:00:00,43.4
2018-04-14 21:00:00,43.4
2018-04-15 00:00:00,43.4
2018-04-15 03:00:00,43.4
2018-04-15 06:00:00,43.4
2018-04-15 09:00:00,43.4
2018-04-15 12:00:00,43.4
2018-04-15 15:00:00,43.4
2018-04-15 18:00:00,43.4
2018-04-15 21:00:00,43.4
2018-04-16 00:00:00,43.4
2018-04-16 03:00:00,43.4
2018-04-16 06:00:00,43.4
2018-04-16 09:00:00,43.4
2018-04-16 12:00:00,43.4
2018-04-16 15:00:00,43.4
2018-04-16 18:00:00,43.4
2018-04-16 21:00:00,43.4
2018-04-17 00:00:00,43.4
2018-04-17 03:00:00,43.399
2018-04-17 06:00:00,43.4
2018-04-17 09:00:00,43.4
2018-04-17 12:00:00,43.4
2018-04-17 15:00:00,43.4
2018-04-17 18:00:00,43.4
2018-04-17 21:00:00,43.399
2018-04-18 00:00:00,43.398
2018-04-18 03:00:00,43.397
2018-04-18 06:00:00,43.4
2018-04-18 09:00:00,43.4
2018-04-18 12:00:00,43.4
2018-04-18 15:00:00,43.4
2018-04-18 18:00:00,43.4
2018-04-18 21:00:00,43.4
2018-04-19 00:00:00,43.4
2018-04-19 03:00:00,43.4
2018-04-19 06:00:00,43.4
2018-04-19 09:00:00,43.4
2018-04-19 12:00:00,43.4
2018-04-19 15:00:00,43.4
2018-04-19 18:00:00,43.156
2018-04-19 21:00:00,42.588
2018-04-20 00:00:00,43.4
2018-04-20 03:00:00,43.4
2018-04-20 06:00:00,43.305
2018-04-20 09:00:00,42.916
2018-04-20 12:00:00,41.485
2018-04-20 15:00:00,38.703
2018-04-20 18:00:00,35.718
2018-04-20 21:00:00,33.889
2018-04-21 00:00:00,32.649
2018-04-21 03:00:00,31.791
2018-04-21 06:00:00,31.436
2018-04-21 09:00:00,31.49
2018-04-21 12:00:00,31.644
2018-04-21 15:00:00,31.542
2018-04-21 18:00:00,31.44
2018-04-21 21:00:00,31.038
2018-04-22 00:00:00,30.378
2018-04-22 03:00:00,29.784
2018-04-22 06:00:00,29.395
2018-04-22 09:00:00,29.256
2018-04-22 12:00:00,29.101
2018-04-22 15:00:00,28.883
2018-04-22 18:00:00,28.72
2018-04-22 21:00:00,28.477
2018-04-23 00:00:00,28.262
2018-04-23 03:00:00,28.178
2018-04-23 06:00:00,28.136
2018-04-23 09:00:00,28.109
2018-04-23 12:00:00,28.075
2018-04-23 15:00:00,28.164999
2018-04-23 18:00:00,28.265
2018-04-23 21:00:00,28.656
2018-04-24 00:00:00,28.657
2018-04-24 03:00:00,28.362
2018-04-24 06:00:00,28.105999
2018-04-24 09:00:00,27.903
2018-04-24 12:00:00,27.723
2018-04-24 15:00:00,27.544
2018-04-24 18:00:00,28.198
2018-04-24 21:00:00,28.906
2018-04-25 00:00:00,28.614
2018-04-25 03:00:00,28.453
2018-04-25 06:00:00,28.371
2018-04-25 09:00:00,28.125
2018-04-25 12:00:00,27.784
2018-04-25 15:00:00,27.45
2018-04-25 18:00:00,27.232
2018-04-25 21:00:00,27.075
2018-04-26 00:00:00,26.917
2018-04-26 03:00:00,26.786
2018-04-26 06:00:00,26.65
2018-04-26 09:00:00,26.407999
2018-04-26 12:00:00,26.119
2018-04-26 15:00:00,25.892
2018-04-26 18:00:00,25.756
2018-04-26 21:00:00,25.657
2018-04-27 00:00:00,25.562
2018-04-27 03:00:00,25.487999
2018-04-27 06:00:00,25.421999
2018-04-27 09:00:00,25.189
2018-04-27 12:00:00,24.878
2018-04-27 15:00:00,24.61
2018-04-27 18:00:00,24.483
2018-04-27 21:00:00,24.439
2018-04-28 00:00:00,24.633
2018-04-28 03:00:00,24.604
2018-04-28 06:00:00,24.545
2018-04-28 09:00:00,24.351
2018-04-28 12:00:00,24.093
2018-04-28 15:00:00,23.848999
2018-04-28 18:00:00,23.739
2018-04-28 21:00:00,23.709
2018-04-29 00:00:00,23.678999
2018-04-29 03:00:00,23.65
2018-04-29 06:00:00,23.611
2018-04-29 09:00:00,23.449
2018-04-29 12:00:00,23.212
2018-04-29 15:00:00,23.0
2018-04-29 18:00:00,22.909
2018-04-29 21:00:00,22.886
2018-04-30 00:00:00,22.868
2018-04-30 03:00:00,22.848999
2018-04-30 06:00:00,22.814
2018-04-30 09:00:00,22.685
2018-04-30 12:00:00,22.466
2018-04-30 15:00:00,22.428999
2018-04-30 18:00:00,22.389
2018-04-30 21:00:00,22.367
2018-05-01 00:00:00,22.362
2018-05-01 03:00:00,22.358
2018-05-01 06:00:00,22.379
2018-05-01 09:00:00,22.317
2018-05-01 12:00:00,22.316
2018-05-01 15:00:00,22.251
2018-05-01 18:00:00,22.241
2018-05-01 21:00:00,22.303
2018-05-02 00:00:00,22.479
2018-05-02 03:00:00,22.551
2018-05-02 06:00:00,22.65
2018-05-02 09:00:00,22.758
2018-05-02 12:00:00,22.721
2018-05-02 15:00:00,22.657999
2018-05-02 18:00:00,22.621
2018-05-02 21:00:00,22.596
2018-05-03 00:00:00,22.594
2018-05-03 03:00:00,22.576
2018-05-03 06:00:00,22.536
2018-05-03 09:00:00,22.452
2018-05-03 12:00:00,22.335
2018-05-03 15:00:00,22.203
2018-05-03 18:00:00,22.147
2018-05-03 21:00:00,22.124
2018-05-04 00:00:00,22.253
2018-05-04 03:00:00,22.39
2018-05-04 06:00:00,22.441
2018-05-04 09:00:00,22.494999
2018-05-04 12:00:00,22.549
2018-05-04 15:00:00,22.543
2018-05-04 18:00:00,22.55
2018-05-04 21:00:00,22.604
2018-05-05 00:00:00,22.616
2018-05-05 03:00:00,22.629
2018-05-05 06:00:00,22.597
2018-05-05 09:00:00,22.437
2018-05-05 12:00:00,22.211
2018-05-05 15:00:00,21.991
2018-05-05 18:00:00,21.883
2018-05-05 21:00:00,21.871
2018-05-06 00:00:00,21.872
2018-05-06 03:00:00,21.873
2018-05-06 06:00:00,21.812
2018-05-06 09:00:00,21.65
2018-05-06 12:00:00,21.324
2018-05-06 15:00:00,21.105999
2018-05-06 18:00:00,21.104
2018-05-06 21:00:00,21.348999
2018-05-07 00:00:00,21.503
2018-05-07 03:00:00,21.684
2018-05-07 06:00:00,21.755
2018-05-07 09:00:00,21.741
2018-05-07 12:00:00,21.502
2018-05-07 15:00:00,21.223999
2018-05-07 18:00:00,21.075
2018-05-07 21:00:00,21.055
2018-05-08 00:00:00,21.046999
2018-05-08 03:00:00,21.045
2018-05-08 06:00:00,21.002
2018-05-08 09:00:00,20.837
2018-05-08 12:00:00,20.597
2018-05-08 15:00:00,20.713
2018-05-08 18:00:00,20.626
2018-05-08 21:00:00,20.58
2018-05-09 00:00:00,20.572
2018-05-09 03:00:00,20.565
2018-05-09 06:00:00,20.503
2018-05-09 09:00:00,20.324
2018-05-09 12:00:00,20.07
2018-05-09 15:00:00,19.831
2018-05-09 18:00:00,19.676
2018-05-09 21:00:00,19.619999
2018-05-10 00:00:00,19.605
2018-05-10 03:00:00,19.598
2018-05-10 06:00:00,19.523
2018-05-10 09:00:00,19.344
2018-05-10 12:00:00,19.105
2018-05-10 15:00:00,18.88
2018-05-10 18:00:00,18.75
2018-05-10 21:00:00,18.735
2018-05-11 00:00:00,18.730999
2018-05-11 03:00:00,18.728
2018-05-11 06:00:00,18.671999
2018-05-11 09:00:00,18.513
2018-05-11 12:00:00,18.306
2018-05-11 15:00:00,18.115
2018-05-11 18:00:00,18.015
2018-05-11 21:00:00,18.004
2018-05-12 00:00:00,18.002
2018-05-12 03:00:00,18.002
2018-05-12 06:00:00,17.956
2018-05-12 09:00:00,17.808
2018-05-12 12:00:00,17.607
2018-05-12 15:00:00,17.432
2018-05-12 18:00:00,17.341
2018-05-12 21:00:00,17.33
2018-05-13 00:00:00,17.339
2018-05-13 03:00:00,17.355
2018-05-13 06:00:00,17.324
2018-05-13 09:00:00,17.246
2018-05-13 12:00:00,17.167
2018-05-13 15:00:00,17.081
2018-05-13 18:00:00,16.993
2018-05-13 21:00:00,16.989
2018-05-14 00:00:00,16.987999
2018-05-14 03:00:00,16.987999
2018-05-14 06:00:00,16.952
2018-05-14 09:00:00,16.826
2018-05-14 12:00:00,16.66
2018-05-14 15:00:00,16.509
2018-05-14 18:00:00,16.423
2018-05-14 21:00:00,16.414999
2018-05-15 00:00:00,16.413
2018-05-15 03:00:00,16.412
2018-05-15 06:00:00,16.366
2018-05-15 09:00:00,16.249
2018-05-15 12:00:00,16.104
2018-05-15 15:00:00,15.977
2018-05-15 18:00:00,15.907
2018-05-15 21:00:00,15.907
2018-05-16 00:00:00,15.94
2018-05-16 03:00:00,15.986
2018-05-16 06:00:00,16.004
2018-05-16 09:00:00,15.911
2018-05-16 12:00:00,15.764
2018-05-16 15:00:00,15.638
2018-05-16 18:00:00,15.583
2018-05-16 21:00:00,15.549
2018-05-17 00:00:00,15.57
2018-05-17 03:00:00,15.545
2018-05-17 06:00:00,15.485
2018-05-17 09:00:00,15.462
2018-05-17 12:00:00,15.51
2018-05-17 15:00:00,15.67
2018-05-17 18:00:00,15.774
2018-05-17 21:00:00,15.768
2018-05-18 00:00:00,15.766
2018-05-18 03:00:00,15.763
2018-05-18 06:00:00,15.7109995
2018-05-18 09:00:00,15.608
2018-05-18 12:00:00,15.479
2018-05-18 15:00:00,15.361
2018-05-18 18:00:00,15.290999
2018-05-18 21:00:00,15.28
2018-05-19 00:00:00,15.279
2018-05-19 03:00:00,15.278
2018-05-19 06:00:00,15.243
2018-05-19 09:00:00,15.157
2018-05-19 12:00:00,15.043
2018-05-19 15:00:00,14.937
2018-05-19 18:00:00,14.875
2018-05-19 21:00:00,14.867
2018-05-20 00:00:00,15.489
2018-05-20 03:00:00,16.539
2018-05-20 06:00:00,16.86
2018-05-20 09:00:00,17.230999
2018-05-20 12:00:00,17.249
2018-05-20 15:00:00,17.254
2018-05-20 18:00:00,17.193
2018-05-20 21:00:00,17.704
2018-05-21 00:00:00,17.766
2018-05-21 03:00:00,17.827
2018-05-21 06:00:00,17.852
2018-05-21 09:00:00,17.806
2018-05-21 12:00:00,17.682
2018-05-21 15:00:00,17.579
2018-05-21 18:00:00,17.555
2018-05-21 21:00:00,17.608
2018-05-22 00:00:00,17.605999
2018-05-22 03:00:00,17.605
2018-05-22 06:00:00,17.553999
2018-05-22 09:00:00,17.435
2018-05-22 12:00:00,17.266
2018-05-22 15:00:00,17.112
2018-05-22 18:00:00,17.028
2018-05-22 21:00:00,17.016
2018-05-23 00:00:00,16.982
2018-05-23 03:00:00,16.957
2018-05-23 06:00:00,16.89
2018-05-23 09:00:00,16.772
2018-05-23 12:00:00,16.631
2018-05-23 15:00:00,16.51
2018-05-23 18:00:00,16.438
2018-05-23 21:00:00,16.421999
2018-05-24 00:00:00,16.421
2018-05-24 03:00:00,16.42
2018-05-24 06:00:00,16.381
2018-05-24 09:00:00,16.284
2018-05-24 12:00:00,16.15
2018-05-24 15:00:00,16.025
2018-05-24 18:00:00,15.948999
2018-05-24 21:00:00,15.934999
2018-05-25 00:00:00,15.932
2018-05-25 03:00:00,15.93
2018-05-25 06:00:00,15.89
2018-05-25 09:00:00,15.796
2018-05-25 12:00:00,15.674
2018-05-25 15:00:00,15.562
2018-05-25 18:00:00,15.500999
2018-05-25 21:00:00,15.495
2018-05-26 00:00:00,15.492
2018-05-26 03:00:00,15.4869995
2018-05-26 06:00:00,15.441999
2018-05-26 09:00:00,15.347
2018-05-26 12:00:00,15.23
2018-05-26 15:00:00,15.136
2018-05-26 18:00:00,15.088
2018-05-26 21:00:00,15.068
2018-05-27 00:00:00,15.132999
2018-05-27 03:00:00,15.257999
2018-05-27 06:00:00,15.219
2018-05-27 09:00:00,15.135
2018-05-27 12:00:00,15.033999
2018-05-27 15:00:00,14.948
2018-05-27 18:00:00,14.893
2018-05-27 21:00:00,14.873
2018-05-28 00:00:00,14.87
2018-05-28 03:00:00,14.868
2018-05-28 06:00:00,14.822
2018-05-28 09:00:00,14.73
2018-05-28 12:00:00,14.618
2018-05-28 15:00:00,14.546
2018-05-28 18:00:00,14.486
2018-05-28 21:00:00,14.472
2018-05-29 00:00:00,14.47
2018-05-29 03:00:00,14.469
2018-05-29 06:00:00,14.437
2018-05-29 09:00:00,14.348
2018-05-29 12:00:00,14.232
2018-05-29 15:00:00,14.123
2018-05-29 18:00:00,14.0529995
2018-05-29 21:00:00,14.033999
2018-05-30 00:00:00,14.03
2018-05-30 03:00:00,14.026
2018-05-30 06:00:00,13.997
2018-05-30 09:00:00,13.937
2018-05-30 12:00:00,13.86
2018-05-30 15:00:00,13.790999
2018-05-30 18:00:00,13.753
2018-05-30 21:00:00,13.746
2018-05-31 00:00:00,13.746
2018-05-31 03:00:00,13.745
2018-05-31 06:00:00,13.717999
2018-05-31 09:00:00,13.662
2018-05-31 12:00:00,13.59
2018-05-31 15:00:00,13.523
2018-05-31 18:00:00,13.482
2018-05-31 21:00:00,13.469
2018-06-01 00:00:00,13.524
2018-06-01 03:00:00,13.606
2018-06-01 06:00:00,13.581
2018-06-01 09:00:00,13.547
2018-06-01 12:00:00,13.5
2018-06-01 15:00:00,13.463
2018-06-01 18:00:00,13.51
2018-06-01 21:00:00,13.542
2018-06-02 00:00:00,13.555
2018-06-02 03:00:00,13.566
2018-06-02 06:00:00,13.55
2018-06-02 09:00:00,13.507
2018-06-02 12:00:00,13.446
2018-06-02 15:00:00,13.39
2018-06-02 18:00:00,13.36
2018-06-02 21:00:00,13.3689995
2018-06-03 00:00:00,13.65
2018-06-03 03:00:00,13.818
2018-06-03 06:00:00,13.842999
2018-06-03 09:00:00,13.855
2018-06-03 12:00:00,13.871
2018-06-03 15:00:00,13.979
2018-06-03 18:00:00,13.953
2018-06-03 21:00:00,13.9539995
2018-06-04 00:00:00,13.972
2018-06-04 03:00:00,13.9939995
2018-06-04 06:00:00,13.97
2018-06-04 09:00:00,13.923
2018-06-04 12:00:00,13.893
2018-06-04 15:00:00,13.842
2018-06-04 18:00:00,13.813
2018-06-04 21:00:00,13.804
2018-06-05 00:00:00,13.804
2018-06-05 03:00:00,13.801
2018-06-05 06:00:00,13.783
2018-06-05 09:00:00,13.75
2018-06-05 12:00:00,13.728
2018-06-05 15:00:00,13.717999
2018-06-05 18:00:00,13.713
2018-06-05 21:00:00,13.742
2018-06-06 00:00:00,13.757
2018-06-06 03:00:00,14.002
2018-06-06 06:00:00,13.998
2018-06-06 09:00:00,13.979
2018-06-06 12:00:00,13.953
2018-06-06 15:00:00,13.921
2018-06-06 18:00:00,13.903
2018-06-06 21:00:00,13.915
2018-06-07 00:00:00,13.93
2018-06-07 03:00:00,13.941
2018-06-07 06:00:00,13.995
2018-06-07 09:00:00,14.16
2018-06-07 12:00:00,14.565
2018-06-07 15:00:00,14.912
2018-06-07 18:00:00,15.657
2018-06-07 21:00:00,17.117
2018-06-08 00:00:00,17.157999
2018-06-08 03:00:00,17.2
2018-06-08 06:00:00,17.208
2018-06-08 09:00:00,17.155
2018-06-08 12:00:00,17.091
2018-06-08 15:00:00,17.057
2018-06-08 18:00:00,17.056
2018-06-08 21:00:00,17.091
2018-06-09 00:00:00,17.218
2018-06-09 03:00:00,17.344
2018-06-09 06:00:00,17.405
2018-06-09 09:00:00,17.412
2018-06-09 12:00:00,17.385
2018-06-09 15:00:00,17.384
2018-06-09 18:00:00,17.407999
2018-06-09 21:00:00,17.472
2018-06-10 00:00:00,17.517
2018-06-10 03:00:00,17.561
2018-06-10 06:00:00,17.572
2018-06-10 09:00:00,17.534
2018-06-10 12:00:00,17.467
2018-06-10 15:00:00,17.425
2018-06-10 18:00:00,17.411
2018-06-10 21:00:00,17.447
2018-06-11 00:00:00,17.492
2018-06-11 03:00:00,17.529
2018-06-11 06:00:00,17.519
2018-06-11 09:00:00,17.462
2018-06-11 12:00:00,17.377
2018-06-11 15:00:00,17.3
2018-06-11 18:00:00,17.267
2018-06-11 21:00:00,17.299
2018-06-12 00:00:00,17.34
2018-06-12 03:00:00,17.392
2018-06-12 06:00:00,17.394
2018-06-12 09:00:00,17.374
2018-06-12 12:00:00,17.374
2018-06-12 15:00:00,17.371
2018-06-12 18:00:00,17.379
2018-06-12 21:00:00,17.406
2018-06-13 00:00:00,17.467
2018-06-13 03:00:00,17.548
2018-06-13 06:00:00,17.553999
2018-06-13 09:00:00,17.534
2018-06-13 12:00:00,17.514
2018-06-13 15:00:00,17.51
2018-06-13 18:00:00,17.518
2018-06-13 21:00:00,17.551
2018-06-14 00:00:00,18.339
2018-06-14 03:00:00,19.603
2018-06-14 06:00:00,19.597
2018-06-14 09:00:00,19.524
2018-06-14 12:00:00,19.505
2018-06-14 15:00:00,19.508
2018-06-14 18:00:00,19.52
2018-06-14 21:00:00,19.628
2018-06-15 00:00:00,19.664
2018-06-15 03:00:00,20.825
2018-06-15 06:00:00,20.983
2018-06-15 09:00:00,21.045
2018-06-15 12:00:00,20.871
2018-06-15 15:00:00,20.785
2018-06-15 18:00:00,20.703
2018-06-15 21:00:00,20.717
2018-06-16 00:00:00,20.796
2018-06-16 03:00:00,20.872
2018-06-16 06:00:00,20.904
2018-06-16 09:00:00,20.837
2018-06-16 12:00:00,20.733
2018-06-16 15:00:00,20.66
2018-06-16 18:00:00,20.652
2018-06-16 21:00:00,20.719
2018-06-17 00:00:00,20.744999
2018-06-17 03:00:00,20.767
2018-06-17 06:00:00,20.727
2018-06-17 09:00:00,20.608
2018-06-17 12:00:00,20.459
2018-06-17 15:00:00,20.329
2018-06-17 18:00:00,20.268
2018-06-17 21:00:00,20.263
2018-06-18 00:00:00,20.268
2018-06-18 03:00:00,20.368
2018-06-18 06:00:00,20.631
2018-06-18 09:00:00,20.828
2018-06-18 12:00:00,21.149
2018-06-18 15:00:00,21.473999
2018-06-18 18:00:00,21.865
2018-06-18 21:00:00,22.892
2018-06-19 00:00:00,25.52
2018-06-19 03:00:00,26.32
2018-06-19 06:00:00,25.872
2018-06-19 09:00:00,26.003
2018-06-19 12:00:00,25.44
2018-06-19 15:00:00,24.887
2018-06-19 18:00:00,24.465
2018-06-19 21:00:00,24.392
2018-06-20 00:00:00,24.211
2018-06-20 03:00:00,24.037
2018-06-20 06:00:00,23.794
2018-06-20 09:00:00,23.480999
2018-06-20 12:00:00,23.152
2018-06-20 15:00:00,22.886
2018-06-20 18:00:00,22.734
2018-06-20 21:00:00,22.691
2018-06-21 00:00:00,22.683
2018-06-21 03:00:00,22.743
2018-06-21 06:00:00,22.657
2018-06-21 09:00:00,22.491
2018-06-21 12:00:00,22.298
2018-06-21 15:00:00,22.169
2018-06-21 18:00:00,22.105
2018-06-21 21:00:00,22.102
2018-06-22 00:00:00,22.117
2018-06-22 03:00:00,22.108
2018-06-22 06:00:00,22.156
2018-06-22 09:00:00,22.332
2018-06-22 12:00:00,22.723
2018-06-22 15:00:00,24.338
2018-06-22 18:00:00,24.741
2018-06-22 21:00:00,26.367
2018-06-23 00:00:00,26.272
2018-06-23 03:00:00,26.185
2018-06-23 06:00:00,25.899
2018-06-23 09:00:00,25.556
2018-06-23 12:00:00,25.174
2018-06-23 15:00:00,24.853
2018-06-23 18:00:00,24.665
2018-06-23 21:00:00,24.634
2018-06-24 00:00:00,24.508
2018-06-24 03:00:00,24.392
2018-06-24 06:00:00,24.207
2018-06-24 09:00:00,23.93
2018-06-24 12:00:00,23.622
2018-06-24 15:00:00,23.372
2018-06-24 18:00:00,23.237
2018-06-24 21:00:00,23.216
2018-06-25 00:00:00,23.214
2018-06-25 03:00:00,23.206
2018-06-25 06:00:00,23.122
2018-06-25 09:00:00,22.947
2018-06-25 12:00:00,22.734
2018-06-25 15:00:00,22.603
2018-06-25 18:00:00,22.538
2018-06-25 21:00:00,22.536
2018-06-26 00:00:00,22.551
2018-06-26 03:00:00,22.541
2018-06-26 06:00:00,22.501
2018-06-26 09:00:00,22.388
2018-06-26 12:00:00,22.211
2018-06-26 15:00:00,22.041
2018-06-26 18:00:00,22.182
2018-06-26 21:00:00,23.228
2018-06-27 00:00:00,23.619
2018-06-27 03:00:00,23.767
2018-06-27 06:00:00,23.589
2018-06-27 09:00:00,23.301
2018-06-27 12:00:00,22.987
2018-06-27 15:00:00,22.73
2018-06-27 18:00:00,22.59
2018-06-27 21:00:00,22.567
2018-06-28 00:00:00,22.562
2018-06-28 03:00:00,22.536
2018-06-28 06:00:00,22.535
2018-06-28 09:00:00,22.553
2018-06-28 12:00:00,25.411
2018-06-28 15:00:00,26.909
2018-06-28 18:00:00,26.325
2018-06-28 21:00:00,26.468
2018-06-29 00:00:00,25.988
2018-06-29 03:00:00,25.601
2018-06-29 06:00:00,25.246
2018-06-29 09:00:00,24.782
2018-06-29 12:00:00,24.446
2018-06-29 15:00:00,24.203
2018-06-29 18:00:00,24.011
2018-06-29 21:00:00,23.919
2018-06-30 00:00:00,23.868
2018-06-30 03:00:00,23.787
2018-06-30 06:00:00,23.643
2018-06-30 09:00:00,23.421
2018-06-30 12:00:00,23.202
2018-06-30 15:00:00,23.039
2018-06-30 18:00:00,22.955
2018-06-30 21:00:00,22.948
2018-07-01 00:00:00,22.955
2018-07-01 03:00:00,22.96
2018-07-01 06:00:00,22.894
2018-07-01 09:00:00,22.725
2018-07-01 12:00:00,22.516
2018-07-01 15:00:00,22.339
2018-07-01 18:00:00,22.251
2018-07-01 21:00:00,22.261
2018-07-02 00:00:00,22.284
2018-07-02 03:00:00,22.301
2018-07-02 06:00:00,22.247
2018-07-02 09:00:00,22.098
2018-07-02 12:00:00,21.903
2018-07-02 15:00:00,21.736
2018-07-02 18:00:00,21.66
2018-07-02 21:00:00,21.677
2018-07-03 00:00:00,21.841
2018-07-03 03:00:00,22.017
2018-07-03 06:00:00,22.101
2018-07-03 09:00:00,22.243
2018-07-03 12:00:00,22.24
2018-07-03 15:00:00,22.137
2018-07-03 18:00:00,22.041
2018-07-03 21:00:00,22.047
2018-07-04 00:00:00,22.083
2018-07-04 03:00:00,22.101
2018-07-04 06:00:00,22.052
2018-07-04 09:00:00,21.938
2018-07-04 12:00:00,21.891
2018-07-04 15:00:00,21.859
2018-07-04 18:00:00,21.859
2018-07-04 21:00:00,21.891
2018-07-05 00:00:00,21.904
2018-07-05 03:00:00,21.905
2018-07-05 06:00:00,21.857
2018-07-05 09:00:00,21.734
2018-07-05 12:00:00,21.614
2018-07-05 15:00:00,21.527
2018-07-05 18:00:00,21.472
2018-07-05 21:00:00,21.476
2018-07-06 00:00:00,21.529
2018-07-06 03:00:00,21.57
2018-07-06 06:00:00,21.594
2018-07-06 09:00:00,21.568
2018-07-06 12:00:00,21.502
2018-07-06 15:00:00,21.457
2018-07-06 18:00:00,21.412
2018-07-06 21:00:00,21.406
2018-07-07 00:00:00,21.403
2018-07-07 03:00:00,21.402
2018-07-07 06:00:00,21.346
2018-07-07 09:00:00,21.213
2018-07-07 12:00:00,21.078
2018-07-07 15:00:00,21.0
2018-07-07 18:00:00,20.939
2018-07-07 21:00:00,20.927
2018-07-08 00:00:00,20.944
2018-07-08 03:00:00,20.948
2018-07-08 06:00:00,20.905
2018-07-08 09:00:00,20.799
2018-07-08 12:00:00,20.669
2018-07-08 15:00:00,20.571
2018-07-08 18:00:00,20.529
2018-07-08 21:00:00,20.538
2018-07-09 00:00:00,20.655
2018-07-09 03:00:00,20.763
2018-07-09 06:00:00,20.839
2018-07-09 09:00:00,20.843
2018-07-09 12:00:00,20.812
2018-07-09 15:00:00,20.782
2018-07-09 18:00:00,20.813
2018-07-09 21:00:00,20.911
2018-07-10 00:00:00,20.917
2018-07-10 03:00:00,20.921
2018-07-10 06:00:00,20.886
2018-07-10 09:00:00,20.775
2018-07-10 12:00:00,20.668
2018-07-10 15:00:00,20.541
2018-07-10 18:00:00,20.49
2018-07-10 21:00:00,20.492
2018-07-11 00:00:00,20.503
2018-07-11 03:00:00,20.513
2018-07-11 06:00:00,20.47
2018-07-11 09:00:00,20.348
2018-07-11 12:00:00,20.195
2018-07-11 15:00:00,20.062
2018-07-11 18:00:00,19.999
2018-07-11 21:00:00,20.008
2018-07-12 00:00:00,20.023
2018-07-12 03:00:00,20.035
2018-07-12 06:00:00,20.003
2018-07-12 09:00:00,19.906
2018-07-12 12:00:00,19.78
2018-07-12 15:00:00,19.667
2018-07-12 18:00:00,19.615
2018-07-12 21:00:00,19.623
2018-07-13 00:00:00,19.639
2018-07-13 03:00:00,19.653
2018-07-13 06:00:00,19.632
2018-07-13 09:00:00,19.552
2018-07-13 12:00:00,19.45
2018-07-13 15:00:00,19.376
2018-07-13 18:00:00,19.547
2018-07-13 21:00:00,19.999
2018-07-14 00:00:00,20.016
2018-07-14 03:00:00,20.025
2018-07-14 06:00:00,19.998
2018-07-14 09:00:00,19.894
2018-07-14 12:00:00,19.778
2018-07-14 15:00:00,19.705
2018-07-14 18:00:00,19.641
2018-07-14 21:00:00,19.642
2018-07-15 00:00:00,19.702
2018-07-15 03:00:00,19.791
2018-07-15 06:00:00,19.805
2018-07-15 09:00:00,19.734
2018-07-15 12:00:00,19.635
2018-07-15 15:00:00,19.574
2018-07-15 18:00:00,19.522
2018-07-15 21:00:00,19.521
2018-07-16 00:00:00,19.526
2018-07-16 03:00:00,19.532
2018-07-16 06:00:00,19.488
2018-07-16 09:00:00,19.384
2018-07-16 12:00:00,19.253
2018-07-16 15:00:00,19.145
2018-07-16 18:00:00,19.082
2018-07-16 21:00:00,19.085
2018-07-17 00:00:00,19.093
2018-07-17 03:00:00,19.102
2018-07-17 06:00:00,19.073
2018-07-17 09:00:00,18.978
2018-07-17 12:00:00,18.851
2018-07-17 15:00:00,18.74
2018-07-17 18:00:00,18.684
2018-07-17 21:00:00,18.691
2018-07-18 00:00:00,18.703
2018-07-18 03:00:00,18.713
2018-07-18 06:00:00,18.684
2018-07-18 09:00:00,18.591
2018-07-18 12:00:00,18.465
2018-07-18 15:00:00,18.355
2018-07-18 18:00:00,18.308
2018-07-18 21:00:00,18.314
2018-07-19 00:00:00,18.324
2018-07-19 03:00:00,18.334
2018-07-19 06:00:00,18.305
2018-07-19 09:00:00,18.216
2018-07-19 12:00:00,18.102
2018-07-19 15:00:00,18.009
2018-07-19 18:00:00,17.979
2018-07-19 21:00:00,17.985
2018-07-20 00:00:00,18.035
2018-07-20 03:00:00,18.147
2018-07-20 06:00:00,18.127
2018-07-20 09:00:00,18.044
2018-07-20 12:00:00,17.935
2018-07-20 15:00:00,17.875
2018-07-20 18:00:00,17.861
2018-07-20 21:00:00,17.867
2018-07-21 00:00:00,17.875
2018-07-21 03:00:00,17.883
2018-07-21 06:00:00,17.888
2018-07-21 09:00:00,17.858
2018-07-21 12:00:00,17.832
2018-07-21 15:00:00,17.813
2018-07-21 18:00:00,17.96
2018-07-21 21:00:00,18.46
2018-07-22 00:00:00,19.161
2018-07-22 03:00:00,23.494
2018-07-22 06:00:00,25.818
2018-07-22 09:00:00,24.865
2018-07-22 12:00:00,24.099
2018-07-22 15:00:00,23.604
2018-07-22 18:00:00,23.245
2018-07-22 21:00:00,22.992
2018-07-23 00:00:00,22.819
2018-07-23 03:00:00,22.663
2018-07-23 06:00:00,22.477
2018-07-23 09:00:00,22.191
2018-07-23 12:00:00,21.847
2018-07-23 15:00:00,21.539
2018-07-23 18:00:00,21.367
2018-07-23 21:00:00,21.322
2018-07-24 00:00:00,21.261
2018-07-24 03:00:00,21.203
2018-07-24 06:00:00,21.082
2018-07-24 09:00:00,20.835
2018-07-24 12:00:00,20.547
2018-07-24 15:00:00,20.306
2018-07-24 18:00:00,20.186
2018-07-24 21:00:00,20.163
2018-07-25 00:00:00,20.159
2018-07-25 03:00:00,20.154
2018-07-25 06:00:00,20.081
2018-07-25 09:00:00,19.905
2018-07-25 12:00:00,19.69
2018-07-25 15:00:00,19.516
2018-07-25 18:00:00,19.422
2018-07-25 21:00:00,19.409
2018-07-26 00:00:00,19.461
2018-07-26 03:00:00,19.57
2018-07-26 06:00:00,19.688
2018-07-26 09:00:00,19.786
2018-07-26 12:00:00,19.785
2018-07-26 15:00:00,19.77
2018-07-26 18:00:00,19.782999
2018-07-26 21:00:00,19.85
2018-07-27 00:00:00,19.836
2018-07-27 03:00:00,19.824999
2018-07-27 06:00:00,19.758
2018-07-27 09:00:00,19.577
2018-07-27 12:00:00,19.36
2018-07-27 15:00:00,19.176
2018-07-27 18:00:00,19.079
2018-07-27 21:00:00,19.067
2018-07-28 00:00:00,19.063
2018-07-28 03:00:00,19.058
2018-07-28 06:00:00,19.017
2018-07-28 09:00:00,18.906
2018-07-28 12:00:00,18.748
2018-07-28 15:00:00,18.604
2018-07-28 18:00:00,18.525
2018-07-28 21:00:00,18.506
2018-07-29 00:00:00,18.573
2018-07-29 03:00:00,18.626999
2018-07-29 06:00:00,18.618
2018-07-29 09:00:00,18.545
2018-07-29 12:00:00,18.471
2018-07-29 15:00:00,18.416
2018-07-29 18:00:00,18.463
2018-07-29 21:00:00,18.611
2018-07-30 00:00:00,20.774
2018-07-30 03:00:00,21.388
2018-07-30 06:00:00,21.276
2018-07-30 09:00:00,21.151
2018-07-30 12:00:00,21.603
2018-07-30 15:00:00,21.951
2018-07-30 18:00:00,21.912
2018-07-30 21:00:00,22.092
2018-07-31 00:00:00,21.964
2018-07-31 03:00:00,22.305
2018-07-31 06:00:00,22.113
2018-07-31 09:00:00,21.805
2018-07-31 12:00:00,21.393
2018-07-31 15:00:00,21.06
2018-07-31 18:00:00,20.886
2018-07-31 21:00:00,20.828
2018-08-01 00:00:00,20.784
2018-08-01 03:00:00,20.744999
2018-08-01 06:00:00,20.671999
2018-08-01 09:00:00,20.5
2018-08-01 12:00:00,20.239
2018-08-01 15:00:00,20.006
2018-08-01 18:00:00,19.883
2018-08-01 21:00:00,20.115
2018-08-02 00:00:00,20.567
2018-08-02 03:00:00,21.025
2018-08-02 06:00:00,20.986
2018-08-02 09:00:00,20.782
2018-08-02 12:00:00,20.462
2018-08-02 15:00:00,20.189
2018-08-02 18:00:00,20.048
2018-08-02 21:00:00,20.02
2018-08-03 00:00:00,20.445
2018-08-03 03:00:00,21.06
2018-08-03 06:00:00,21.249
2018-08-03 09:00:00,21.222
2018-08-03 12:00:00,21.063
2018-08-03 15:00:00,20.948
2018-08-03 18:00:00,20.758999
2018-08-03 21:00:00,20.685999
2018-08-04 00:00:00,20.631
2018-08-04 03:00:00,20.581
2018-08-04 06:00:00,20.465
2018-08-04 09:00:00,20.232
2018-08-04 12:00:00,20.057
2018-08-04 15:00:00,19.959
2018-08-04 18:00:00,19.973999
2018-08-04 21:00:00,20.063
2018-08-05 00:00:00,20.07
2018-08-05 03:00:00,20.185
2018-08-05 06:00:00,20.144
2018-08-05 09:00:00,20.161
2018-08-05 12:00:00,20.062
2018-08-05 15:00:00,20.058
2018-08-05 18:00:00,20.058
2018-08-05 21:00:00,20.022999
2018-08-06 00:00:00,20.108
2018-08-06 03:00:00,20.188
2018-08-06 06:00:00,20.25
2018-08-06 09:00:00,20.312
2018-08-06 12:00:00,20.302
2018-08-06 15:00:00,20.273
2018-08-06 18:00:00,20.295
2018-08-06 21:00:00,20.361
2018-08-07 00:00:00,20.315
2018-08-07 03:00:00,20.282
2018-08-07 06:00:00,20.211
2018-08-07 09:00:00,20.02
2018-08-07 12:00:00,19.781
2018-08-07 15:00:00,19.601
2018-08-07 18:00:00,19.492
2018-08-07 21:00:00,19.476
2018-08-08 00:00:00,19.472
2018-08-08 03:00:00,19.471
2018-08-08 06:00:00,19.428999
2018-08-08 09:00:00,19.276
2018-08-08 12:00:00,19.068
2018-08-08 15:00:00,18.912
2018-08-08 18:00:00,18.844
2018-08-08 21:00:00,18.84
2018-08-09 00:00:00,18.873
2018-08-09 03:00:00,18.897
2018-08-09 06:00:00,18.887
2018-08-09 09:00:00,18.777
2018-08-09 12:00:00,18.614
2018-08-09 15:00:00,18.502
2018-08-09 18:00:00,18.461
2018-08-09 21:00:00,19.841
2018-08-10 00:00:00,19.808
2018-08-10 03:00:00,19.815
2018-08-10 06:00:00,19.986
2018-08-10 09:00:00,20.155
2018-08-10 12:00:00,20.639
2018-08-10 15:00:00,21.448
2018-08-10 18:00:00,21.985
2018-08-10 21:00:00,22.344
2018-08-11 00:00:00,22.174
2018-08-11 03:00:00,22.009
2018-08-11 06:00:00,21.803
2018-08-11 09:00:00,21.508
2018-08-11 12:00:00,21.102
2018-08-11 15:00:00,20.751
2018-08-11 18:00:00,20.57
2018-08-11 21:00:00,20.508
2018-08-12 00:00:00,20.458
2018-08-12 03:00:00,20.433
2018-08-12 06:00:00,20.337
2018-08-12 09:00:00,20.125
2018-08-12 12:00:00,19.856
2018-08-12 15:00:00,19.635
2018-08-12 18:00:00,19.523
2018-08-12 21:00:00,19.49
2018-08-13 00:00:00,19.632
2018-08-13 03:00:00,19.759
2018-08-13 06:00:00,19.804
2018-08-13 09:00:00,19.871
2018-08-13 12:00:00,19.871
2018-08-13 15:00:00,19.85
2018-08-13 18:00:00,19.833
2018-08-13 21:00:00,19.881
2018-08-14 00:00:00,19.903
2018-08-14 03:00:00,19.914
2018-08-14 06:00:00,19.899
2018-08-14 09:00:00,19.806
2018-08-14 12:00:00,19.719
2018-08-14 15:00:00,19.651
2018-08-14 18:00:00,19.596
2018-08-14 21:00:00,19.573
2018-08-15 00:00:00,19.689
2018-08-15 03:00:00,19.804
2018-08-15 06:00:00,19.912
2018-08-15 09:00:00,19.929
2018-08-15 12:00:00,19.876
2018-08-15 15:00:00,19.842
2018-08-15 18:00:00,19.886
2018-08-15 21:00:00,19.993
2018-08-16 00:00:00,19.968
2018-08-16 03:00:00,20.031
2018-08-16 06:00:00,20.79
2018-08-16 09:00:00,21.026
2018-08-16 12:00:00,20.74
2018-08-16 15:00:00,20.69
2018-08-16 18:00:00,20.836
2018-08-16 21:00:00,20.83
2018-08-17 00:00:00,20.758
2018-08-17 03:00:00,20.696
2018-08-17 06:00:00,20.591
2018-08-17 09:00:00,20.363
2018-08-17 12:00:00,20.148
2018-08-17 15:00:00,20.03
2018-08-17 18:00:00,20.115
2018-08-17 21:00:00,20.249
2018-08-18 00:00:00,20.198
2018-08-18 03:00:00,20.171
2018-08-18 06:00:00,20.149
2018-08-18 09:00:00,19.942
2018-08-18 12:00:00,19.668
2018-08-18 15:00:00,19.476
2018-08-18 18:00:00,19.387
2018-08-18 21:00:00,19.365
2018-08-19 00:00:00,19.342
2018-08-19 03:00:00,19.326
2018-08-19 06:00:00,19.274
2018-08-19 09:00:00,19.118
2018-08-19 12:00:00,18.919
2018-08-19 15:00:00,18.769
2018-08-19 18:00:00,18.69
2018-08-19 21:00:00,18.679
2018-08-20 00:00:00,18.67
2018-08-20 03:00:00,18.667
2018-08-20 06:00:00,18.629
2018-08-20 09:00:00,18.508
2018-08-20 12:00:00,18.344
2018-08-20 15:00:00,18.202
2018-08-20 18:00:00,18.142
2018-08-20 21:00:00,18.124
2018-08-21 00:00:00,18.109
2018-08-21 03:00:00,18.099
2018-08-21 06:00:00,18.063
2018-08-21 09:00:00,17.956
2018-08-21 12:00:00,17.808
2018-08-21 15:00:00,17.682
2018-08-21 18:00:00,17.625
2018-08-21 21:00:00,17.629
2018-08-22 00:00:00,19.434
2018-08-22 03:00:00,20.84
2018-08-22 06:00:00,20.879
2018-08-22 09:00:00,20.902
2018-08-22 12:00:00,20.916
2018-08-22 15:00:00,21.04
2018-08-22 18:00:00,21.042
2018-08-22 21:00:00,21.173
2018-08-23 00:00:00,22.414
2018-08-23 03:00:00,23.508
2018-08-23 06:00:00,23.157
2018-08-23 09:00:00,22.78
2018-08-23 12:00:00,22.257
2018-08-23 15:00:00,22.058
2018-08-23 18:00:00,21.811
2018-08-23 21:00:00,21.673
2018-08-24 00:00:00,21.555
2018-08-24 03:00:00,21.697
2018-08-24 06:00:00,21.574
2018-08-24 09:00:00,21.445
2018-08-24 12:00:00,21.33
2018-08-24 15:00:00,21.518
2018-08-24 18:00:00,24.041
2018-08-24 21:00:00,26.208
2018-08-25 00:00:00,26.093
2018-08-25 03:00:00,26.146
2018-08-25 06:00:00,25.32
2018-08-25 09:00:00,24.806
2018-08-25 12:00:00,24.078
2018-08-25 15:00:00,23.535
2018-08-25 18:00:00,23.253
2018-08-25 21:00:00,23.073
2018-08-26 00:00:00,23.172
2018-08-26 03:00:00,23.56
2018-08-26 06:00:00,23.9
2018-08-26 09:00:00,23.829
2018-08-26 12:00:00,23.778
2018-08-26 15:00:00,23.897
2018-08-26 18:00:00,24.198
2018-08-26 21:00:00,24.529
2018-08-27 00:00:00,24.35
2018-08-27 03:00:00,24.2
2018-08-27 06:00:00,24.027
2018-08-27 09:00:00,23.759
2018-08-27 12:00:00,23.384
2018-08-27 15:00:00,23.074
2018-08-27 18:00:00,22.944
2018-08-27 21:00:00,22.904
2018-08-28 00:00:00,23.035
2018-08-28 03:00:00,23.489
2018-08-28 06:00:00,23.795
2018-08-28 09:00:00,23.742
2018-08-28 12:00:00,23.64
2018-08-28 15:00:00,23.533
2018-08-28 18:00:00,23.555
2018-08-28 21:00:00,23.826
2018-08-29 00:00:00,23.668
2018-08-29 03:00:00,23.54
2018-08-29 06:00:00,23.392
2018-08-29 09:00:00,23.169
2018-08-29 12:00:00,22.823
2018-08-29 15:00:00,22.556
2018-08-29 18:00:00,22.433
2018-08-29 21:00:00,22.374
2018-08-30 00:00:00,22.346
2018-08-30 03:00:00,22.324
2018-08-30 06:00:00,22.28
2018-08-30 09:00:00,22.089
2018-08-30 12:00:00,21.827
2018-08-30 15:00:00,21.705
2018-08-30 18:00:00,21.67
2018-08-30 21:00:00,21.656
2018-08-31 00:00:00,21.621
2018-08-31 03:00:00,21.588
2018-08-31 06:00:00,21.672
2018-08-31 09:00:00,21.609
2018-08-31 12:00:00,21.39
2018-08-31 15:00:00,21.192
2018-08-31 18:00:00,21.133
2018-08-31 21:00:00,21.126
2018-09-01 00:00:00,21.122
2018-09-01 03:00:00,21.121
2018-09-01 06:00:00,21.099
2018-09-01 09:00:00,20.963
2018-09-01 12:00:00,20.762
2018-09-01 15:00:00,20.611
2018-09-01 18:00:00,20.573
2018-09-01 21:00:00,20.572
2018-09-02 00:00:00,20.579
2018-09-02 03:00:00,20.585
2018-09-02 06:00:00,20.577
2018-09-02 09:00:00,20.457
2018-09-02 12:00:00,20.309
2018-09-02 15:00:00,20.209
2018-09-02 18:00:00,20.215
2018-09-02 21:00:00,20.253
2018-09-03 00:00:00,20.258
2018-09-03 03:00:00,20.267
2018-09-03 06:00:00,20.264
2018-09-03 09:00:00,20.132
2018-09-03 12:00:00,19.921
2018-09-03 15:00:00,19.767
2018-09-03 18:00:00,19.731
2018-09-03 21:00:00,19.745
2018-09-04 00:00:00,19.761
2018-09-04 03:00:00,19.773
2018-09-04 06:00:00,19.773
2018-09-04 09:00:00,19.683
2018-09-04 12:00:00,19.538
2018-09-04 15:00:00,19.45
2018-09-04 18:00:00,19.438
2018-09-04 21:00:00,19.448
2018-09-05 00:00:00,19.458
2018-09-05 03:00:00,19.466
2018-09-05 06:00:00,19.456
2018-09-05 09:00:00,19.355
2018-09-05 12:00:00,19.205
2018-09-05 15:00:00,19.093
2018-09-05 18:00:00,19.072
2018-09-05 21:00:00,19.082
2018-09-06 00:00:00,19.093
2018-09-06 03:00:00,19.105
2018-09-06 06:00:00,19.11
2018-09-06 09:00:00,19.046
2018-09-06 12:00:00,19.108
2018-09-06 15:00:00,19.2
2018-09-06 18:00:00,19.191
2018-09-06 21:00:00,19.198
2018-09-07 00:00:00,19.206
2018-09-07 03:00:00,19.214
2018-09-07 06:00:00,19.214
2018-09-07 09:00:00,19.15
2018-09-07 12:00:00,19.04
2018-09-07 15:00:00,18.944
2018-09-07 18:00:00,18.93
2018-09-07 21:00:00,18.946
2018-09-08 00:00:00,18.965
2018-09-08 03:00:00,18.985
2018-09-08 06:00:00,18.99
2018-09-08 09:00:00,18.934
2018-09-08 12:00:00,18.817
2018-09-08 15:00:00,18.716
2018-09-08 18:00:00,18.693
2018-09-08 21:00:00,18.71
2018-09-09 00:00:00,18.734
2018-09-09 03:00:00,18.763
2018-09-09 06:00:00,18.771
2018-09-09 09:00:00,18.738
2018-09-09 12:00:00,18.685
2018-09-09 15:00:00,18.651
2018-09-09 18:00:00,18.651
2018-09-09 21:00:00,18.665
2018-09-10 00:00:00,18.676
2018-09-10 03:00:00,18.685
2018-09-10 06:00:00,18.691
2018-09-10 09:00:00,18.647
2018-09-10 12:00:00,18.553
2018-09-10 15:00:00,18.471
2018-09-10 18:00:00,18.458
2018-09-10 21:00:00,18.462
2018-09-11 00:00:00,18.535
2018-09-11 03:00:00,18.646
2018-09-11 06:00:00,18.833
2018-09-11 09:00:00,18.995
2018-09-11 12:00:00,19.082
2018-09-11 15:00:00,19.162
2018-09-11 18:00:00,19.199
2018-09-11 21:00:00,19.192
2018-09-12 00:00:00,19.454
2018-09-12 03:00:00,20.067
2018-09-12 06:00:00,20.631
2018-09-12 09:00:00,20.974
2018-09-12 12:00:00,21.213
2018-09-12 15:00:00,21.562
2018-09-12 18:00:00,22.008
2018-09-12 21:00:00,22.436
2018-09-13 00:00:00,22.259
2018-09-13 03:00:00,22.1
2018-09-13 06:00:00,21.955
2018-09-13 09:00:00,21.749
2018-09-13 12:00:00,21.455
2018-09-13 15:00:00,21.212
2018-09-13 18:00:00,21.186
2018-09-13 21:00:00,21.21
2018-09-14 00:00:00,22.084
2018-09-14 03:00:00,22.456
2018-09-14 06:00:00,22.298
2018-09-14 09:00:00,22.089
2018-09-14 12:00:00,21.821
2018-09-14 15:00:00,21.61
2018-09-14 18:00:00,21.503
2018-09-14 21:00:00,21.431
2018-09-15 00:00:00,21.564
2018-09-15 03:00:00,21.784
2018-09-15 06:00:00,22.155
2018-09-15 09:00:00,22.369
2018-09-15 12:00:00,22.364
2018-09-15 15:00:00,22.314
2018-09-15 18:00:00,22.348
2018-09-15 21:00:00,22.533
2018-09-16 00:00:00,22.4
2018-09-16 03:00:00,22.292
2018-09-16 06:00:00,22.172
2018-09-16 09:00:00,21.969
2018-09-16 12:00:00,21.679
2018-09-16 15:00:00,21.444
2018-09-16 18:00:00,21.349
2018-09-16 21:00:00,21.293
2018-09-17 00:00:00,21.244
2018-09-17 03:00:00,21.24
2018-09-17 06:00:00,21.581
2018-09-17 09:00:00,22.051
2018-09-17 12:00:00,21.943
2018-09-17 15:00:00,21.966
2018-09-17 18:00:00,21.865
2018-09-17 21:00:00,21.835
2018-09-18 00:00:00,21.851
2018-09-18 03:00:00,21.921
2018-09-18 06:00:00,21.993
2018-09-18 09:00:00,21.915
2018-09-18 12:00:00,21.868
2018-09-18 15:00:00,21.837
2018-09-18 18:00:00,21.783
2018-09-18 21:00:00,21.784
2018-09-19 00:00:00,22.021
2018-09-19 03:00:00,22.327
2018-09-19 06:00:00,22.476
2018-09-19 09:00:00,22.456
2018-09-19 12:00:00,22.387
2018-09-19 15:00:00,22.3
2018-09-19 18:00:00,22.18
2018-09-19 21:00:00,22.087
2018-09-20 00:00:00,22.289
2018-09-20 03:00:00,22.8
2018-09-20 06:00:00,23.18
2018-09-20 09:00:00,23.213
2018-09-20 12:00:00,23.126
2018-09-20 15:00:00,23.061
2018-09-20 18:00:00,23.14
2018-09-20 21:00:00,23.373
2018-09-21 00:00:00,23.276
2018-09-21 03:00:00,23.223
2018-09-21 06:00:00,23.123
2018-09-21 09:00:00,22.958
2018-09-21 12:00:00,22.765
2018-09-21 15:00:00,22.642
2018-09-21 18:00:00,22.598
2018-09-21 21:00:00,22.576
2018-09-22 00:00:00,22.946
2018-09-22 03:00:00,22.806
2018-09-22 06:00:00,22.671
2018-09-22 09:00:00,23.156
2018-09-22 12:00:00,23.594
2018-09-22 15:00:00,23.958
2018-09-22 18:00:00,23.678
2018-09-22 21:00:00,23.457
2018-09-23 00:00:00,23.298
2018-09-23 03:00:00,23.168
2018-09-23 06:00:00,23.035
2018-09-23 09:00:00,22.988
2018-09-23 12:00:00,22.71
2018-09-23 15:00:00,22.484
2018-09-23 18:00:00,22.358
2018-09-23 21:00:00,22.258
2018-09-24 00:00:00,22.155
2018-09-24 03:00:00,22.057
2018-09-24 06:00:00,21.954
2018-09-24 09:00:00,21.795
2018-09-24 12:00:00,21.583
2018-09-24 15:00:00,23.788
2018-09-24 18:00:00,23.518
2018-09-24 21:00:00,23.311
2018-09-25 00:00:00,23.308
2018-09-25 03:00:00,23.238
2018-09-25 06:00:00,23.242
2018-09-25 09:00:00,23.23
2018-09-25 12:00:00,23.173
2018-09-25 15:00:00,23.153
2018-09-25 18:00:00,23.207
2018-09-25 21:00:00,23.265
2018-09-26 00:00:00,23.117
2018-09-26 03:00:00,22.991
2018-09-26 06:00:00,24.168
2018-09-26 09:00:00,25.196
2018-09-26 12:00:00,25.739
2018-09-26 15:00:00,25.959
2018-09-26 18:00:00,25.312
2018-09-26 21:00:00,24.832
2018-09-27 00:00:00,24.456
2018-09-27 03:00:00,24.147
2018-09-27 06:00:00,23.884
2018-09-27 09:00:00,23.587
2018-09-27 12:00:00,23.274
2018-09-27 15:00:00,23.071
2018-09-27 18:00:00,22.991
2018-09-27 21:00:00,22.934
2018-09-28 00:00:00,22.923
2018-09-28 03:00:00,22.917
2018-09-28 06:00:00,22.911
2018-09-28 09:00:00,22.847
2018-09-28 12:00:00,22.737
2018-09-28 15:00:00,22.646
2018-09-28 18:00:00,22.636
2018-09-28 21:00:00,22.632
2018-09-29 00:00:00,22.63
2018-09-29 03:00:00,22.63
2018-09-29 06:00:00,22.646
2018-09-29 09:00:00,22.836
2018-09-29 12:00:00,22.959
2018-09-29 15:00:00,23.122
2018-09-29 18:00:00,23.331
2018-09-29 21:00:00,23.596
2018-09-30 00:00:00,23.581
2018-09-30 03:00:00,23.562
2018-09-30 06:00:00,23.543
2018-09-30 09:00:00,23.446
2018-09-30 12:00:00,23.442
2018-09-30 15:00:00,23.443
2018-09-30 18:00:00,23.5
2018-09-30 21:00:00,24.301
2018-10-01 00:00:00,24.098
2018-10-01 03:00:00,24.047
2018-10-01 06:00:00,24.029
2018-10-01 09:00:00,23.967
2018-10-01 12:00:00,23.727
2018-10-01 15:00:00,23.526
2018-10-01 18:00:00,23.416
2018-10-01 21:00:00,23.315
2018-10-02 00:00:00,23.212
2018-10-02 03:00:00,23.124
2018-10-02 06:00:00,23.039
2018-10-02 09:00:00,22.914
2018-10-02 12:00:00,22.739
2018-10-02 15:00:00,22.617
2018-10-02 18:00:00,22.576
2018-10-02 21:00:00,22.647
2018-10-03 00:00:00,22.635
2018-10-03 03:00:00,22.656
2018-10-03 06:00:00,22.702
2018-10-03 09:00:00,22.72
2018-10-03 12:00:00,22.686
2018-10-03 15:00:00,22.632
2018-10-03 18:00:00,22.603
2018-10-03 21:00:00,22.592
2018-10-04 00:00:00,22.587
2018-10-04 03:00:00,22.585
2018-10-04 06:00:00,22.583
2018-10-04 09:00:00,22.538
2018-10-04 12:00:00,22.452
2018-10-04 15:00:00,22.4
2018-10-04 18:00:00,22.397
2018-10-04 21:00:00,22.396
2018-10-05 00:00:00,22.395
2018-10-05 03:00:00,22.682
2018-10-05 06:00:00,22.994
2018-10-05 09:00:00,23.345
2018-10-05 12:00:00,23.596
2018-10-05 15:00:00,23.761
2018-10-05 18:00:00,24.076
2018-10-05 21:00:00,24.139
2018-10-06 00:00:00,24.054
2018-10-06 03:00:00,24.035
2018-10-06 06:00:00,24.022
2018-10-06 09:00:00,24.007
2018-10-06 12:00:00,23.809
2018-10-06 15:00:00,23.659
2018-10-06 18:00:00,23.531
2018-10-06 21:00:00,23.501
2018-10-07 00:00:00,23.492
2018-10-07 03:00:00,23.489
2018-10-07 06:00:00,23.487
2018-10-07 09:00:00,23.443
2018-10-07 12:00:00,23.349
2018-10-07 15:00:00,23.296
2018-10-07 18:00:00,23.293
2018-10-07 21:00:00,23.291
2018-10-08 00:00:00,23.291
2018-10-08 03:00:00,23.289
2018-10-08 06:00:00,23.288
2018-10-08 09:00:00,23.281
2018-10-08 12:00:00,23.283
2018-10-08 15:00:00,23.891
2018-10-08 18:00:00,23.89
2018-10-08 21:00:00,23.886
2018-10-09 00:00:00,23.98
2018-10-09 03:00:00,24.009
2018-10-09 06:00:00,24.323
2018-10-09 09:00:00,24.623
2018-10-09 12:00:00,24.789
2018-10-09 15:00:00,24.786
2018-10-09 18:00:00,24.806
2018-10-09 21:00:00,24.833
2018-10-10 00:00:00,24.621
2018-10-10 03:00:00,24.443
2018-10-10 06:00:00,24.288
2018-10-10 09:00:00,24.141
2018-10-10 12:00:00,23.996
2018-10-10 15:00:00,23.875
2018-10-10 18:00:00,23.788
2018-10-10 21:00:00,23.706
2018-10-11 00:00:00,23.605
2018-10-11 03:00:00,23.511
2018-10-11 06:00:00,23.422
2018-10-11 09:00:00,23.348
2018-10-11 12:00:00,23.274
2018-10-11 15:00:00,23.221
2018-10-11 18:00:00,23.171
2018-10-11 21:00:00,23.116
2018-10-12 00:00:00,23.065
2018-10-12 03:00:00,23.016
2018-10-12 06:00:00,22.979
2018-10-12 09:00:00,22.947
2018-10-12 12:00:00,22.897
2018-10-12 15:00:00,22.971
2018-10-12 18:00:00,22.994
2018-10-12 21:00:00,23.006
2018-10-13 00:00:00,25.099
2018-10-13 03:00:00,26.086
2018-10-13 06:00:00,25.616
2018-10-13 09:00:00,25.243
2018-10-13 12:00:00,24.917
2018-10-13 15:00:00,24.668
2018-10-13 18:00:00,24.484
2018-10-13 21:00:00,24.337
2018-10-14 00:00:00,24.205
2018-10-14 03:00:00,24.087
2018-10-14 06:00:00,23.991
2018-10-14 09:00:00,23.875
2018-10-14 12:00:00,23.702
2018-10-14 15:00:00,23.799
2018-10-14 18:00:00,24.0
2018-10-14 21:00:00,25.641
2018-10-15 00:00:00,26.107
2018-10-15 03:00:00,26.356
2018-10-15 06:00:00,25.905
2018-10-15 09:00:00,25.516
2018-10-15 12:00:00,25.179
2018-10-15 15:00:00,24.934
2018-10-15 18:00:00,24.744
2018-10-15 21:00:00,24.581
2018-10-16 00:00:00,24.441
2018-10-16 03:00:00,24.602
2018-10-16 06:00:00,26.086
2018-10-16 09:00:00,26.395
2018-10-16 12:00:00,26.219
2018-10-16 15:00:00,25.951
2018-10-16 18:00:00,25.746
2018-10-16 21:00:00,25.603
2018-10-17 00:00:00,25.347
2018-10-17 03:00:00,25.21
2018-10-17 06:00:00,25.047
2018-10-17 09:00:00,24.991
2018-10-17 12:00:00,26.661
2018-10-17 15:00:00,28.985
2018-10-17 18:00:00,28.523
2018-10-17 21:00:00,28.01
2018-10-18 00:00:00,27.411
2018-10-18 03:00:00,27.112
2018-10-18 06:00:00,26.671
2018-10-18 09:00:00,26.318
2018-10-18 12:00:00,25.975
2018-10-18 15:00:00,25.801
2018-10-18 18:00:00,25.641
2018-10-18 21:00:00,25.551
2018-10-19 00:00:00,25.395
2018-10-19 03:00:00,25.253
2018-10-19 06:00:00,25.106
2018-10-19 09:00:00,24.939
2018-10-19 12:00:00,24.748
2018-10-19 15:00:00,24.639
2018-10-19 18:00:00,24.593
2018-10-19 21:00:00,24.545
2018-10-20 00:00:00,24.499
2018-10-20 03:00:00,24.453
2018-10-20 06:00:00,24.408
2018-10-20 09:00:00,24.354
2018-10-20 12:00:00,24.27
2018-10-20 15:00:00,24.205
2018-10-20 18:00:00,25.316
2018-10-20 21:00:00,27.155
2018-10-21 00:00:00,27.968
2018-10-21 03:00:00,28.026
2018-10-21 06:00:00,27.502
2018-10-21 09:00:00,27.297
2018-10-21 12:00:00,28.24
2018-10-21 15:00:00,28.167
2018-10-21 18:00:00,27.593
2018-10-21 21:00:00,27.222
2018-10-22 00:00:00,27.019
2018-10-22 03:00:00,26.981
2018-10-22 06:00:00,26.674
2018-10-22 09:00:00,26.378
2018-10-22 12:00:00,26.068
2018-10-22 15:00:00,25.853
2018-10-22 18:00:00,25.836
2018-10-22 21:00:00,25.751
2018-10-23 00:00:00,25.695
2018-10-23 03:00:00,25.666
2018-10-23 06:00:00,25.655
2018-10-23 09:00:00,25.635
2018-10-23 12:00:00,25.559
2018-10-23 15:00:00,25.527
2018-10-23 18:00:00,25.52
2018-10-23 21:00:00,25.509
2018-10-24 00:00:00,25.488
2018-10-24 03:00:00,25.466
2018-10-24 06:00:00,25.452
2018-10-24 09:00:00,25.437
2018-10-24 12:00:00,25.378
2018-10-24 15:00:00,25.373
2018-10-24 18:00:00,25.375
2018-10-24 21:00:00,25.376
2018-10-25 00:00:00,25.385
2018-10-25 03:00:00,25.391
2018-10-25 06:00:00,25.378
2018-10-25 09:00:00,25.333
2018-10-25 12:00:00,25.258
2018-10-25 15:00:00,25.232
2018-10-25 18:00:00,25.199
2018-10-25 21:00:00,25.161
2018-10-26 00:00:00,25.117
2018-10-26 03:00:00,25.071
2018-10-26 06:00:00,25.037
2018-10-26 09:00:00,24.994
2018-10-26 12:00:00,24.928
2018-10-26 15:00:00,24.882
2018-10-26 18:00:00,24.851
2018-10-26 21:00:00,24.827
2018-10-27 00:00:00,24.808
2018-10-27 03:00:00,24.791
2018-10-27 06:00:00,24.771
2018-10-27 09:00:00,24.731
2018-10-27 12:00:00,24.661
2018-10-27 15:00:00,24.612
2018-10-27 18:00:00,24.579
2018-10-27 21:00:00,24.55
2018-10-28 00:00:00,24.523
2018-10-28 03:00:00,24.499
2018-10-28 06:00:00,24.478
2018-10-28 09:00:00,24.458
2018-10-28 12:00:00,24.405
2018-10-28 15:00:00,24.386
2018-10-28 18:00:00,24.385
2018-10-28 21:00:00,24.384
2018-10-29 00:00:00,24.383
2018-10-29 03:00:00,24.383
2018-10-29 06:00:00,24.382
2018-10-29 09:00:00,24.382
2018-10-29 12:00:00,24.372
2018-10-29 15:00:00,24.368
2018-10-29 18:00:00,24.368
2018-10-29 21:00:00,24.368
2018-10-30 00:00:00,24.367
2018-10-30 03:00:00,24.367
2018-10-30 06:00:00,24.366
2018-10-30 09:00:00,24.336
2018-10-30 12:00:00,24.276
2018-10-30 15:00:00,24.246
2018-10-30 18:00:00,24.243
2018-10-30 21:00:00,24.243
2018-10-31 00:00:00,24.5
2018-10-31 03:00:00,24.787
2018-10-31 06:00:00,25.075
2018-10-31 09:00:00,25.361
2018-10-31 12:00:00,25.707
2018-10-31 15:00:00,26.074
2018-10-31 18:00:00,26.461
2018-10-31 21:00:00,26.811
2018-11-01 00:00:00,26.752
2018-11-01 03:00:00,26.662
2018-11-01 06:00:00,26.569
2018-11-01 09:00:00,26.48
2018-11-01 12:00:00,26.398
2018-11-01 15:00:00,26.301
2018-11-01 18:00:00,26.246
2018-11-01 21:00:00,26.227
2018-11-02 00:00:00,26.215
2018-11-02 03:00:00,26.932
2018-11-02 06:00:00,27.464
2018-11-02 09:00:00,27.9
2018-11-02 12:00:00,28.762
2018-11-02 15:00:00,29.73
2018-11-02 18:00:00,29.787
2018-11-02 21:00:00,29.685
2018-11-03 00:00:00,29.717
2018-11-03 03:00:00,29.733
2018-11-03 06:00:00,29.636
2018-11-03 09:00:00,29.51
2018-11-03 12:00:00,29.393
2018-11-03 15:00:00,28.999
2018-11-03 18:00:00,28.763
2018-11-03 21:00:00,28.646
2018-11-04 00:00:00,28.589
2018-11-04 03:00:00,28.564
2018-11-04 06:00:00,28.547
2018-11-04 09:00:00,28.966
2018-11-04 12:00:00,29.408
2018-11-04 15:00:00,29.648
2018-11-04 18:00:00,29.692
2018-11-04 21:00:00,29.543
2018-11-05 00:00:00,29.292
2018-11-05 03:00:00,29.039
2018-11-05 06:00:00,28.859
2018-11-05 09:00:00,28.739
2018-11-05 12:00:00,28.643
2018-11-05 15:00:00,28.477
2018-11-05 18:00:00,28.362
2018-11-05 21:00:00,28.287
2018-11-06 00:00:00,28.221
2018-11-06 03:00:00,28.401
2018-11-06 06:00:00,28.34
2018-11-06 09:00:00,28.335
2018-11-06 12:00:00,28.314
2018-11-06 15:00:00,28.212
2018-11-06 18:00:00,28.06
2018-11-06 21:00:00,27.875
2018-11-07 00:00:00,27.706
2018-11-07 03:00:00,27.54
2018-11-07 06:00:00,27.379
2018-11-07 09:00:00,27.29
2018-11-07 12:00:00,27.243
2018-11-07 15:00:00,27.133
2018-11-07 18:00:00,27.013
2018-11-07 21:00:00,26.903
2018-11-08 00:00:00,26.799
2018-11-08 03:00:00,26.669
2018-11-08 06:00:00,26.544
2018-11-08 09:00:00,26.429
2018-11-08 12:00:00,26.367
2018-11-08 15:00:00,26.285
2018-11-08 18:00:00,26.182
2018-11-08 21:00:00,26.102
2018-11-09 00:00:00,26.151
2018-11-09 03:00:00,26.111
2018-11-09 06:00:00,26.143
2018-11-09 09:00:00,26.224
2018-11-09 12:00:00,26.327
2018-11-09 15:00:00,26.415
2018-11-09 18:00:00,26.499
2018-11-09 21:00:00,26.573
2018-11-10 00:00:00,26.79
2018-11-10 03:00:00,27.0
2018-11-10 06:00:00,27.215
2018-11-10 09:00:00,27.437
2018-11-10 12:00:00,27.693
2018-11-10 15:00:00,27.9
2018-11-10 18:00:00,28.077
2018-11-10 21:00:00,28.967
2018-11-11 00:00:00,29.387
2018-11-11 03:00:00,29.714
2018-11-11 06:00:00,29.363
2018-11-11 09:00:00,29.032
2018-11-11 12:00:00,28.895
2018-11-11 15:00:00,28.799
2018-11-11 18:00:00,28.636
2018-11-11 21:00:00,28.442
2018-11-12 00:00:00,28.662
2018-11-12 03:00:00,28.778
2018-11-12 06:00:00,28.739
2018-11-12 09:00:00,28.643
2018-11-12 12:00:00,28.494
2018-11-12 15:00:00,28.38
2018-11-12 18:00:00,28.206
2018-11-12 21:00:00,28.026
2018-11-13 00:00:00,27.925
2018-11-13 03:00:00,27.976
2018-11-13 06:00:00,28.267
2018-11-13 09:00:00,28.229
2018-11-13 12:00:00,28.054
2018-11-13 15:00:00,27.939
2018-11-13 18:00:00,27.733
2018-11-13 21:00:00,27.513
2018-11-14 00:00:00,27.327
2018-11-14 03:00:00,27.191
2018-11-14 06:00:00,27.081
2018-11-14 09:00:00,27.012
2018-11-14 12:00:00,26.96
2018-11-14 15:00:00,26.917
2018-11-14 18:00:00,26.895
2018-11-14 21:00:00,26.88
2018-11-15 00:00:00,26.957
2018-11-15 03:00:00,27.146
2018-11-15 06:00:00,27.523
2018-11-15 09:00:00,28.331
2018-11-15 12:00:00,29.539
2018-11-15 15:00:00,30.55
2018-11-15 18:00:00,30.492
2018-11-15 21:00:00,30.912
2018-11-16 00:00:00,30.545
2018-11-16 03:00:00,30.193
2018-11-16 06:00:00,29.902
2018-11-16 09:00:00,29.653
2018-11-16 12:00:00,29.369
2018-11-16 15:00:00,29.031
2018-11-16 18:00:00,28.776
2018-11-16 21:00:00,28.378
2018-11-17 00:00:00,27.989
2018-11-17 03:00:00,27.694
2018-11-17 06:00:00,27.443
2018-11-17 09:00:00,27.302
2018-11-17 12:00:00,27.176
2018-11-17 15:00:00,27.054
2018-11-17 18:00:00,26.914
2018-11-17 21:00:00,26.797
2018-11-18 00:00:00,26.722
2018-11-18 03:00:00,26.678
2018-11-18 06:00:00,26.657
2018-11-18 09:00:00,26.629
2018-11-18 12:00:00,26.585
2018-11-18 15:00:00,26.55
2018-11-18 18:00:00,26.517
2018-11-18 21:00:00,26.506
2018-11-19 00:00:00,26.493
2018-11-19 03:00:00,26.486
2018-11-19 06:00:00,26.476
2018-11-19 09:00:00,26.469
2018-11-19 12:00:00,26.443
2018-11-19 15:00:00,26.436
2018-11-19 18:00:00,26.429
2018-11-19 21:00:00,26.421
2018-11-20 00:00:00,26.414
2018-11-20 03:00:00,26.406
2018-11-20 06:00:00,26.403
2018-11-20 09:00:00,26.403
2018-11-20 12:00:00,26.403
2018-11-20 15:00:00,26.403
2018-11-20 18:00:00,26.403
2018-11-20 21:00:00,26.403
2018-11-21 00:00:00,26.403
2018-11-21 03:00:00,26.403
2018-11-21 06:00:00,26.403
2018-11-21 09:00:00,26.403
2018-11-21 12:00:00,26.4
2018-11-21 15:00:00,26.4
2018-11-21 18:00:00,26.397
2018-11-21 21:00:00,26.392
2018-11-22 00:00:00,26.385
2018-11-22 03:00:00,26.379
2018-11-22 06:00:00,26.374
2018-11-22 09:00:00,26.369
2018-11-22 12:00:00,26.364
2018-11-22 15:00:00,26.363
2018-11-22 18:00:00,26.361
2018-11-22 21:00:00,26.36
2018-11-23 00:00:00,26.357
2018-11-23 03:00:00,26.354
2018-11-23 06:00:00,26.347
2018-11-23 09:00:00,26.34
2018-11-23 12:00:00,26.335
2018-11-23 15:00:00,26.335
2018-11-23 18:00:00,26.335
2018-11-23 21:00:00,26.332
2018-11-24 00:00:00,26.307
2018-11-24 03:00:00,26.272
2018-11-24 06:00:00,26.233
2018-11-24 09:00:00,26.207
2018-11-24 12:00:00,26.178
2018-11-24 15:00:00,26.172
2018-11-24 18:00:00,26.17
2018-11-24 21:00:00,26.169
2018-11-25 00:00:00,26.169
2018-11-25 03:00:00,26.169
2018-11-25 06:00:00,26.169
2018-11-25 09:00:00,26.169
2018-11-25 12:00:00,26.168
2018-11-25 15:00:00,26.166
2018-11-25 18:00:00,26.165
2018-11-25 21:00:00,26.165
2018-11-26 00:00:00,26.165
2018-11-26 03:00:00,26.165
2018-11-26 06:00:00,26.165
2018-11-26 09:00:00,26.163
2018-11-26 12:00:00,26.149
2018-11-26 15:00:00,26.141
2018-11-26 18:00:00,26.137
2018-11-26 21:00:00,26.135
2018-11-27 00:00:00,26.132
2018-11-27 03:00:00,26.13
2018-11-27 06:00:00,26.128
2018-11-27 09:00:00,26.126
2018-11-27 12:00:00,26.122
2018-11-27 15:00:00,26.121
2018-11-27 18:00:00,26.12
2018-11-27 21:00:00,26.12
2018-11-28 00:00:00,26.119
2018-11-28 03:00:00,26.119
2018-11-28 06:00:00,26.119
2018-11-28 09:00:00,26.119
2018-11-28 12:00:00,26.117
2018-11-28 15:00:00,26.117
2018-11-28 18:00:00,26.116
2018-11-28 21:00:00,26.115
2018-11-29 00:00:00,26.111
2018-11-29 03:00:00,26.105
2018-11-29 06:00:00,26.089
2018-11-29 09:00:00,26.035
2018-11-29 12:00:00,25.97
2018-11-29 15:00:00,25.916
2018-11-29 18:00:00,25.876
2018-11-29 21:00:00,25.852
2018-11-30 00:00:00,25.844
2018-11-30 03:00:00,25.932
2018-11-30 06:00:00,26.024
2018-11-30 09:00:00,26.123
2018-11-30 12:00:00,26.294
2018-11-30 15:00:00,26.541
2018-11-30 18:00:00,26.688
2018-11-30 21:00:00,26.75
2018-12-01 00:00:00,27.028
2018-12-01 03:00:00,27.255
2018-12-01 06:00:00,27.487
2018-12-01 09:00:00,27.743
2018-12-01 12:00:00,27.842
2018-12-01 15:00:00,27.927
2018-12-01 18:00:00,27.953
2018-12-01 21:00:00,27.97
2018-12-02 00:00:00,27.992
2018-12-02 03:00:00,28.005
2018-12-02 06:00:00,28.002
2018-12-02 09:00:00,27.999
2018-12-02 12:00:00,28.036
2018-12-02 15:00:00,28.063
2018-12-02 18:00:00,28.093
2018-12-02 21:00:00,28.099
2018-12-03 00:00:00,28.082
2018-12-03 03:00:00,28.089
2018-12-03 06:00:00,28.095
2018-12-03 09:00:00,28.722
2018-12-03 12:00:00,31.212
2018-12-03 15:00:00,31.974
2018-12-03 18:00:00,31.639
2018-12-03 21:00:00,31.357
2018-12-04 00:00:00,31.163
2018-12-04 03:00:00,31.031
2018-12-04 06:00:00,30.938
2018-12-04 09:00:00,30.879
2018-12-04 12:00:00,30.831
2018-12-04 15:00:00,31.965
2018-12-04 18:00:00,33.013
2018-12-04 21:00:00,32.972
2018-12-05 00:00:00,32.861
2018-12-05 03:00:00,32.767
2018-12-05 06:00:00,32.694
2018-12-05 09:00:00,32.602
2018-12-05 12:00:00,32.5
2018-12-05 15:00:00,32.429
2018-12-05 18:00:00,32.405
2018-12-05 21:00:00,32.397
2018-12-06 00:00:00,32.349
2018-12-06 03:00:00,32.305
2018-12-06 06:00:00,32.286
2018-12-06 09:00:00,32.283
2018-12-06 12:00:00,32.28
2018-12-06 15:00:00,32.28
2018-12-06 18:00:00,32.28
2018-12-06 21:00:00,32.28
2018-12-07 00:00:00,32.28
2018-12-07 03:00:00,32.28
2018-12-07 06:00:00,32.279
2018-12-07 09:00:00,32.279
2018-12-07 12:00:00,32.279
2018-12-07 15:00:00,32.279
2018-12-07 18:00:00,32.278
2018-12-07 21:00:00,32.278
2018-12-08 00:00:00,32.277
2018-12-08 03:00:00,32.273
2018-12-08 06:00:00,32.27
2018-12-08 09:00:00,32.262
2018-12-08 12:00:00,32.252
2018-12-08 15:00:00,32.243
2018-12-08 18:00:00,32.236
2018-12-08 21:00:00,32.232
2018-12-09 00:00:00,32.342
2018-12-09 03:00:00,32.622
2018-12-09 06:00:00,32.917
2018-12-09 09:00:00,33.114
2018-12-09 12:00:00,34.324
2018-12-09 15:00:00,36.958
2018-12-09 18:00:00,38.954
2018-12-09 21:00:00,39.715
2018-12-10 00:00:00,39.805
2018-12-10 03:00:00,43.4
2018-12-10 06:00:00,43.273
2018-12-10 09:00:00,43.117
2018-12-10 12:00:00,43.047
2018-12-10 15:00:00,42.968
2018-12-10 18:00:00,42.883
2018-12-10 21:00:00,42.746
2018-12-11 00:00:00,42.629
2018-12-11 03:00:00,42.547
2018-12-11 06:00:00,42.48
2018-12-11 09:00:00,42.43
2018-12-11 12:00:00,42.377
2018-12-11 15:00:00,42.345
2018-12-11 18:00:00,42.294
2018-12-11 21:00:00,42.239
2018-12-12 00:00:00,42.219
2018-12-12 03:00:00,42.213
2018-12-12 06:00:00,42.211
2018-12-12 09:00:00,42.21
2018-12-12 12:00:00,42.207
2018-12-12 15:00:00,42.207
2018-12-12 18:00:00,42.205
2018-12-12 21:00:00,42.204
2018-12-13 00:00:00,42.202
2018-12-13 03:00:00,42.202
2018-12-13 06:00:00,42.202
2018-12-13 09:00:00,42.202
2018-12-13 12:00:00,42.201
2018-12-13 15:00:00,42.201
2018-12-13 18:00:00,42.2
2018-12-13 21:00:00,42.194
2018-12-14 00:00:00,42.185
2018-12-14 03:00:00,42.179
2018-12-14 06:00:00,42.169
2018-12-14 09:00:00,42.164
2018-12-14 12:00:00,42.139
2018-12-14 15:00:00,42.135
2018-12-14 18:00:00,42.129
2018-12-14 21:00:00,42.122
2018-12-15 00:00:00,42.118
2018-12-15 03:00:00,42.116
2018-12-15 06:00:00,42.112
2018-12-15 09:00:00,42.109
2018-12-15 12:00:00,42.106
2018-12-15 15:00:00,42.105
2018-12-15 18:00:00,42.103
2018-12-15 21:00:00,42.102
2018-12-16 00:00:00,42.102
2018-12-16 03:00:00,42.102
2018-12-16 06:00:00,42.102
2018-12-16 09:00:00,42.102
2018-12-16 12:00:00,42.102
2018-12-16 15:00:00,42.102
2018-12-16 18:00:00,42.102
2018-12-16 21:00:00,42.102
2018-12-17 00:00:00,42.102
2018-12-17 03:00:00,42.102
2018-12-17 06:00:00,42.102
2018-12-17 09:00:00,42.102
2018-12-17 12:00:00,42.102
2018-12-17 15:00:00,42.102
2018-12-17 18:00:00,42.102
2018-12-17 21:00:00,42.102
2018-12-18 00:00:00,42.102
2018-12-18 03:00:00,42.102
2018-12-18 06:00:00,42.102
2018-12-18 09:00:00,42.102
2018-12-18 12:00:00,42.102
2018-12-18 15:00:00,42.102
2018-12-18 18:00:00,42.102
2018-12-18 21:00:00,42.102
2018-12-19 00:00:00,42.102
2018-12-19 03:00:00,42.102
2018-12-19 06:00:00,42.102
2018-12-19 09:00:00,42.102
2018-12-19 12:00:00,42.102
2018-12-19 15:00:00,42.102
2018-12-19 18:00:00,42.102
2018-12-19 21:00:00,42.101
2018-12-20 00:00:00,42.101
2018-12-20 03:00:00,42.101
2018-12-20 06:00:00,42.101
2018-12-20 09:00:00,42.101
2018-12-20 12:00:00,42.101
2018-12-20 15:00:00,42.101
2018-12-20 18:00:00,42.099
2018-12-20 21:00:00,42.088
2018-12-21 00:00:00,42.076
2018-12-21 03:00:00,42.069
2018-12-21 06:00:00,42.06
2018-12-21 09:00:00,42.047
2018-12-21 12:00:00,42.024
2018-12-21 15:00:00,42.016
2018-12-21 18:00:00,41.995
2018-12-21 21:00:00,41.975
2018-12-22 00:00:00,41.956
2018-12-22 03:00:00,41.931
2018-12-22 06:00:00,41.914
2018-12-22 09:00:00,41.889
2018-12-22 12:00:00,41.86
2018-12-22 15:00:00,41.834
2018-12-22 18:00:00,41.817
2018-12-22 21:00:00,41.797
2018-12-23 00:00:00,41.776
2018-12-23 03:00:00,41.754
2018-12-23 06:00:00,41.728
2018-12-23 09:00:00,41.701
2018-12-23 12:00:00,41.673
2018-12-23 15:00:00,41.657
2018-12-23 18:00:00,41.65
2018-12-23 21:00:00,41.635
2018-12-24 00:00:00,41.629
2018-12-24 03:00:00,41.627
2018-12-24 06:00:00,41.627
2018-12-24 09:00:00,41.627
2018-12-24 12:00:00,41.627
2018-12-24 15:00:00,41.627
2018-12-24 18:00:00,41.627
2018-12-24 21:00:00,41.627
2018-12-25 00:00:00,41.627
2018-12-25 03:00:00,41.627
2018-12-25 06:00:00,41.627
2018-12-25 09:00:00,41.625
2018-12-25 12:00:00,41.624
2018-12-25 15:00:00,41.623
2018-12-25 18:00:00,41.573
2018-12-25 21:00:00,41.501
2018-12-26 00:00:00,41.421
2018-12-26 03:00:00,41.323
2018-12-26 06:00:00,41.269
2018-12-26 09:00:00,41.264
2018-12-26 12:00:00,41.254
2018-12-26 15:00:00,41.252
2018-12-26 18:00:00,41.252
2018-12-26 21:00:00,41.252
2018-12-27 00:00:00,41.252
2018-12-27 03:00:00,41.252
2018-12-27 06:00:00,41.252
2018-12-27 09:00:00,41.252
2018-12-27 12:00:00,41.318
2018-12-27 15:00:00,41.334
2018-12-27 18:00:00,41.334
2018-12-27 21:00:00,41.334
2018-12-28 00:00:00,41.334
2018-12-28 03:00:00,41.334
2018-12-28 06:00:00,41.334
2018-12-28 09:00:00,41.334
2018-12-28 12:00:00,41.334
2018-12-28 15:00:00,41.334
2018-12-28 18:00:00,41.334
2018-12-28 21:00:00,41.334
2018-12-29 00:00:00,41.334
2018-12-29 03:00:00,41.334
2018-12-29 06:00:00,41.328
2018-12-29 09:00:00,41.328
2018-12-29 12:00:00,41.328
2018-12-29 15:00:00,41.328
2018-12-29 18:00:00,41.328
2018-12-29 21:00:00,41.328
2018-12-30 00:00:00,41.327
2018-12-30 03:00:00,41.326
2018-12-30 06:00:00,41.326
2018-12-30 09:00:00,41.326
2018-12-30 12:00:00,41.326
2018-12-30 15:00:00,41.326
2018-12-30 18:00:00,41.326
2018-12-30 21:00:00,41.326
2018-12-31 00:00:00,41.326
2018-12-31 03:00:00,41.326
2018-12-31 06:00:00,41.326
2018-12-31 09:00:00,41.318
2018-12-31 12:00:00,41.275
2018-12-31 15:00:00,41.252
2018-12-31 18:00:00,41.861
2018-12-31 21:00:00,43.4
