time,sm
2015-04-01 00:00:00,27.333
2015-04-01 03:00:00,27.41
2015-04-01 06:00:00,27.335
2015-04-01 09:00:00,27.173
2015-04-01 12:00:00,27.014
2015-04-01 15:00:00,26.891
2015-04-01 18:00:00,26.808
2015-04-01 21:00:00,26.767
2015-04-02 00:00:00,26.739
2015-04-02 03:00:00,26.809
2015-04-02 06:00:00,26.772
2015-04-02 09:00:00,26.709
2015-04-02 12:00:00,26.526
2015-04-02 15:00:00,26.435
2015-04-02 18:00:00,26.444
2015-04-02 21:00:00,26.468
2015-04-03 00:00:00,26.442
2015-04-03 03:00:00,26.431
2015-04-03 06:00:00,26.367
2015-04-03 09:00:00,26.196
2015-04-03 12:00:00,25.914
2015-04-03 15:00:00,25.736
2015-04-03 18:00:00,25.723999
2015-04-03 21:00:00,25.764
2015-04-04 00:00:00,25.8
2015-04-04 03:00:00,25.836
2015-04-04 06:00:00,25.851
2015-04-04 09:00:00,25.762
2015-04-04 12:00:00,25.611
2015-04-04 15:00:00,25.496
2015-04-04 18:00:00,25.49
2015-04-04 21:00:00,25.524
2015-04-05 00:00:00,25.562
2015-04-05 03:00:00,25.537
2015-04-05 06:00:00,25.465
2015-04-05 09:00:00,25.292
2015-04-05 12:00:00,25.124
2015-04-05 15:00:00,25.032999
2015-04-05 18:00:00,25.043
2015-04-05 21:00:00,25.091
2015-04-06 00:00:00,25.132
2015-04-06 03:00:00,25.171999
2015-04-06 06:00:00,25.191
2015-04-06 09:00:00,25.112999
2015-04-06 12:00:00,24.98
2015-04-06 15:00:00,24.865
2015-04-06 18:00:00,24.859
2015-04-06 21:00:00,24.888
2015-04-07 00:00:00,24.928999
2015-04-07 03:00:00,24.968
2015-04-07 06:00:00,24.983
2015-04-07 09:00:00,24.931
2015-04-07 12:00:00,24.8
2015-04-07 15:00:00,24.696
2015-04-07 18:00:00,24.68
2015-04-07 21:00:00,24.708
2015-04-08 00:00:00,24.739
2015-04-08 03:00:00,24.795
2015-04-08 06:00:00,25.058
2015-04-08 09:00:00,25.34
2015-04-08 12:00:00,25.104
2015-04-08 15:00:00,24.869
2015-04-08 18:00:00,24.776
2015-04-08 21:00:00,24.816
2015-04-09 00:00:00,24.847
2015-04-09 03:00:00,24.883
2015-04-09 06:00:00,24.878
2015-04-09 09:00:00,24.702
2015-04-09 12:00:00,24.425
2015-04-09 15:00:00,24.192
2015-04-09 18:00:00,24.132
2015-04-09 21:00:00,24.147
2015-04-10 00:00:00,24.202
2015-04-10 03:00:00,24.279
2015-04-10 06:00:00,24.326
2015-04-10 09:00:00,24.204
2015-04-10 12:00:00,23.952
2015-04-10 15:00:00,23.732
2015-04-10 18:00:00,23.696
2015-04-10 21:00:00,23.772
2015-04-11 00:00:00,23.854
2015-04-11 03:00:00,23.937
2015-04-11 06:00:00,23.955
2015-04-11 09:00:00,23.873
2015-04-11 12:00:00,23.667
2015-04-11 15:00:00,23.471
2015-04-11 18:00:00,23.419
2015-04-11 21:00:00,23.464
2015-04-12 00:00:00,23.627
2015-04-12 03:00:00,23.761
2015-04-12 06:00:00,23.769
2015-04-12 09:00:00,23.629
2015-04-12 12:00:00,23.357
2015-04-12 15:00:00,23.145
2015-04-12 18:00:00,23.098999
2015-04-12 21:00:00,23.118
2015-04-13 00:00:00,23.428999
2015-04-13 03:00:00,23.698
2015-04-13 06:00:00,24.137
2015-04-13 09:00:00,24.084
2015-04-13 12:00:00,23.757
2015-04-13 15:00:00,23.526
2015-04-13 18:00:00,23.473
2015-04-13 21:00:00,23.564
2015-04-14 00:00:00,23.793
2015-04-14 03:00:00,24.571
2015-04-14 06:00:00,25.836
2015-04-14 09:00:00,26.835
2015-04-14 12:00:00,26.307
2015-04-14 15:00:00,26.057
2015-04-14 18:00:00,25.938
2015-04-14 21:00:00,25.869999
2015-04-15 00:00:00,25.793
2015-04-15 03:00:00,25.847
2015-04-15 06:00:00,25.893
2015-04-15 09:00:00,25.816
2015-04-15 12:00:00,25.639
2015-04-15 15:00:00,25.509
2015-04-15 18:00:00,25.432
2015-04-15 21:00:00,25.348
2015-04-16 00:00:00,25.256
2015-04-16 03:00:00,25.175
2015-04-16 06:00:00,25.07
2015-04-16 09:00:00,24.828
2015-04-16 12:00:00,24.492
2015-04-16 15:00:00,24.24
2015-04-16 18:00:00,24.155
2015-04-16 21:00:00,24.156
2015-04-17 00:00:00,24.166
2015-04-17 03:00:00,24.198
2015-04-17 06:00:00,24.205
2015-04-17 09:00:00,24.107
2015-04-17 12:00:00,23.972
2015-04-17 15:00:00,23.855
2015-04-17 18:00:00,23.842
2015-04-17 21:00:00,23.872
2015-04-18 00:00:00,23.901
2015-04-18 03:00:00,23.937
2015-04-18 06:00:00,23.952
2015-04-18 09:00:00,23.829
2015-04-18 12:00:00,23.645
2015-04-18 15:00:00,23.491
2015-04-18 18:00:00,23.47
2015-04-18 21:00:00,23.527
2015-04-19 00:00:00,23.65
2015-04-19 03:00:00,23.8
2015-04-19 06:00:00,24.031
2015-04-19 09:00:00,24.134
2015-04-19 12:00:00,23.957
2015-04-19 15:00:00,23.78
2015-04-19 18:00:00,24.493
2015-04-19 21:00:00,24.903
2015-04-20 00:00:00,24.815
2015-04-20 03:00:00,24.742
2015-04-20 06:00:00,24.642
2015-04-20 09:00:00,24.404
2015-04-20 12:00:00,24.19
2015-04-20 15:00:00,23.99
2015-04-20 18:00:00,23.919
2015-04-20 21:00:00,23.939
2015-04-21 00:00:00,23.966
2015-04-21 03:00:00,23.987999
2015-04-21 06:00:00,23.955
2015-04-21 09:00:00,23.791
2015-04-21 12:00:00,23.567
2015-04-21 15:00:00,23.395
2015-04-21 18:00:00,23.354
2015-04-21 21:00:00,23.399
2015-04-22 00:00:00,23.432
2015-04-22 03:00:00,23.48
2015-04-22 06:00:00,23.499
2015-04-22 09:00:00,23.378
2015-04-22 12:00:00,23.162
2015-04-22 15:00:00,22.963
2015-04-22 18:00:00,22.909
2015-04-22 21:00:00,22.96
2015-04-23 00:00:00,22.968
2015-04-23 03:00:00,22.973
2015-04-23 06:00:00,22.93
2015-04-23 09:00:00,22.786
2015-04-23 12:00:00,22.597
2015-04-23 15:00:00,22.379
2015-04-23 18:00:00,22.3
2015-04-23 21:00:00,22.324
2015-04-24 00:00:00,22.368
2015-04-24 03:00:00,22.421
2015-04-24 06:00:00,22.426
2015-04-24 09:00:00,22.314
2015-04-24 12:00:00,22.121
2015-04-24 15:00:00,21.95
2015-04-24 18:00:00,21.892
2015-04-24 21:00:00,21.932
2015-04-25 00:00:00,22.009
2015-04-25 03:00:00,22.082
2015-04-25 06:00:00,22.13
2015-04-25 09:00:00,22.081
2015-04-25 12:00:00,22.558
2015-04-25 15:00:00,23.157
2015-04-25 18:00:00,23.105999
2015-04-25 21:00:00,23.166
2015-04-26 00:00:00,23.292
2015-04-26 03:00:00,23.338
2015-04-26 06:00:00,23.32
2015-04-26 09:00:00,23.234
2015-04-26 12:00:00,23.062
2015-04-26 15:00:00,22.976
2015-04-26 18:00:00,23.131
2015-04-26 21:00:00,23.293
2015-04-27 00:00:00,23.287
2015-04-27 03:00:00,23.3
2015-04-27 06:00:00,23.374
2015-04-27 09:00:00,23.526
2015-04-27 12:00:00,23.45
2015-04-27 15:00:00,23.421
2015-04-27 18:00:00,23.56
2015-04-27 21:00:00,23.667
2015-04-28 00:00:00,23.65
2015-04-28 03:00:00,23.65
2015-04-28 06:00:00,23.614
2015-04-28 09:00:00,23.497
2015-04-28 12:00:00,23.296999
2015-04-28 15:00:00,23.133
2015-04-28 18:00:00,23.061
2015-04-28 21:00:00,23.049
2015-04-29 00:00:00,23.048
2015-04-29 03:00:00,23.194
2015-04-29 06:00:00,23.282
2015-04-29 09:00:00,23.361
2015-04-29 12:00:00,23.487
2015-04-29 15:00:00,23.335
2015-04-29 18:00:00,23.213
2015-04-29 21:00:00,23.225
2015-04-30 00:00:00,23.241
2015-04-30 03:00:00,23.259
2015-04-30 06:00:00,23.21
2015-04-30 09:00:00,23.017
2015-04-30 12:00:00,22.798
2015-04-30 15:00:00,22.623
2015-04-30 18:00:00,22.629
2015-04-30 21:00:00,22.678999
2015-05-01 00:00:00,23.115
2015-05-01 03:00:00,23.838
2015-05-01 06:00:00,25.751
2015-05-01 09:00:00,27.345
2015-05-01 12:00:00,26.68
2015-05-01 15:00:00,26.277
2015-05-01 18:00:00,25.945
2015-05-01 21:00:00,25.697
2015-05-02 00:00:00,26.41
2015-05-02 03:00:00,26.786
2015-05-02 06:00:00,27.274
2015-05-02 09:00:00,26.907999
2015-05-02 12:00:00,26.45
2015-05-02 15:00:00,26.091
2015-05-02 18:00:00,25.823
2015-05-02 21:00:00,25.723
2015-05-03 00:00:00,25.6
2015-05-03 03:00:00,25.503
2015-05-03 06:00:00,25.388
2015-05-03 09:00:00,25.171
2015-05-03 12:00:00,24.885
2015-05-03 15:00:00,24.697
2015-05-03 18:00:00,24.603
2015-05-03 21:00:00,24.582
2015-05-04 00:00:00,24.681
2015-05-04 03:00:00,25.064
2015-05-04 06:00:00,25.269
2015-05-04 09:00:00,25.237999
2015-05-04 12:00:00,25.204
2015-05-04 15:00:00,25.173
2015-05-04 18:00:00,25.551
2015-05-04 21:00:00,26.114
2015-05-05 00:00:00,26.575
2015-05-05 03:00:00,28.482
2015-05-05 06:00:00,27.997
2015-05-05 09:00:00,27.597
2015-05-05 12:00:00,27.368
2015-05-05 15:00:00,27.369999
2015-05-05 18:00:00,27.262
2015-05-05 21:00:00,27.351
2015-05-06 00:00:00,27.449
2015-05-06 03:00:00,27.412
2015-05-06 06:00:00,27.065
2015-05-06 09:00:00,26.609
2015-05-06 12:00:00,29.161
2015-05-06 15:00:00,30.004
2015-05-06 18:00:00,28.855999
2015-05-06 21:00:00,28.397
2015-05-07 00:00:00,27.952
2015-05-07 03:00:00,27.65
2015-05-07 06:00:00,27.36
2015-05-07 09:00:00,26.928999
2015-05-07 12:00:00,26.535
2015-05-07 15:00:00,26.296
2015-05-07 18:00:00,26.168
2015-05-07 21:00:00,26.139
2015-05-08 00:00:00,26.123
2015-05-08 03:00:00,26.115
2015-05-08 06:00:00,26.025
2015-05-08 09:00:00,25.782
2015-05-08 12:00:00,25.539
2015-05-08 15:00:00,25.303999
2015-05-08 18:00:00,25.209
2015-05-08 21:00:00,25.248
2015-05-09 00:00:00,25.285
2015-05-09 03:00:00,25.281
2015-05-09 06:00:00,25.206
2015-05-09 09:00:00,25.064
2015-05-09 12:00:00,24.861
2015-05-09 15:00:00,24.818
2015-05-09 18:00:00,25.08
2015-05-09 21:00:00,25.241
2015-05-10 00:00:00,25.288
2015-05-10 03:00:00,25.315
2015-05-10 06:00:00,26.072
2015-05-10 09:00:00,26.243
2015-05-10 12:00:00,26.888
2015-05-10 15:00:00,26.727
2015-05-10 18:00:00,26.389
2015-05-10 21:00:00,26.199
2015-05-11 00:00:00,26.074
2015-05-11 03:00:00,25.976
2015-05-11 06:00:00,25.839
2015-05-11 09:00:00,25.559
2015-05-11 12:00:00,25.209
2015-05-11 15:00:00,24.92
2015-05-11 18:00:00,24.786
2015-05-11 21:00:00,24.758
2015-05-12 00:00:00,24.737999
2015-05-12 03:00:00,24.734
2015-05-12 06:00:00,25.149
2015-05-12 09:00:00,28.958
2015-05-12 12:00:00,30.414999
2015-05-12 15:00:00,30.619
2015-05-12 18:00:00,29.149
2015-05-12 21:00:00,28.688
2015-05-13 00:00:00,28.157999
2015-05-13 03:00:00,27.796
2015-05-13 06:00:00,27.503
2015-05-13 09:00:00,27.204
2015-05-13 12:00:00,26.883
2015-05-13 15:00:00,26.588
2015-05-13 18:00:00,26.447
2015-05-13 21:00:00,26.409
2015-05-14 00:00:00,26.391
2015-05-14 03:00:00,26.361
2015-05-14 06:00:00,26.265
2015-05-14 09:00:00,26.029
2015-05-14 12:00:00,25.753
2015-05-14 15:00:00,25.553
2015-05-14 18:00:00,25.48
2015-05-14 21:00:00,25.507
2015-05-15 00:00:00,25.523
2015-05-15 03:00:00,25.526
2015-05-15 06:00:00,25.459
2015-05-15 09:00:00,25.255
2015-05-15 12:00:00,24.993
2015-05-15 15:00:00,24.787
2015-05-15 18:00:00,24.734
2015-05-15 21:00:00,24.787
2015-05-16 00:00:00,24.913
2015-05-16 03:00:00,25.009
2015-05-16 06:00:00,25.064
2015-05-16 09:00:00,24.996
2015-05-16 12:00:00,24.958
2015-05-16 15:00:00,24.877
2015-05-16 18:00:00,24.89
2015-05-16 21:00:00,24.967
2015-05-17 00:00:00,25.066
2015-05-17 03:00:00,25.122
2015-05-17 06:00:00,25.069
2015-05-17 09:00:00,24.873
2015-05-17 12:00:00,24.618
2015-05-17 15:00:00,24.413
2015-05-17 18:00:00,24.348
2015-05-17 21:00:00,24.47
2015-05-18 00:00:00,24.479
2015-05-18 03:00:00,24.494999
2015-05-18 06:00:00,24.457
2015-05-18 09:00:00,24.308
2015-05-18 12:00:00,24.124
2015-05-18 15:00:00,24.042
2015-05-18 18:00:00,24.002
2015-05-18 21:00:00,24.022
2015-05-19 00:00:00,24.072
2015-05-19 03:00:00,24.139
2015-05-19 06:00:00,24.322
2015-05-19 09:00:00,26.463
2015-05-19 12:00:00,26.129
2015-05-19 15:00:00,25.93
2015-05-19 18:00:00,26.07
2015-05-19 21:00:00,27.15
2015-05-20 00:00:00,26.956
2015-05-20 03:00:00,26.784
2015-05-20 06:00:00,26.577
2015-05-20 09:00:00,26.222
2015-05-20 12:00:00,25.839
2015-05-20 15:00:00,25.592
2015-05-20 18:00:00,25.489
2015-05-20 21:00:00,25.477
2015-05-21 00:00:00,25.417
2015-05-21 03:00:00,25.373
2015-05-21 06:00:00,25.281
2015-05-21 09:00:00,25.063
2015-05-21 12:00:00,24.801
2015-05-21 15:00:00,24.628
2015-05-21 18:00:00,24.544
2015-05-21 21:00:00,24.561
2015-05-22 00:00:00,24.582
2015-05-22 03:00:00,24.601
2015-05-22 06:00:00,24.568
2015-05-22 09:00:00,24.407999
2015-05-22 12:00:00,24.217
2015-05-22 15:00:00,24.116
2015-05-22 18:00:00,24.077
2015-05-22 21:00:00,24.087
2015-05-23 00:00:00,24.096
2015-05-23 03:00:00,24.181
2015-05-23 06:00:00,24.886
2015-05-23 09:00:00,24.864
2015-05-23 12:00:00,24.626
2015-05-23 15:00:00,24.504
2015-05-23 18:00:00,24.39
2015-05-23 21:00:00,24.413
2015-05-24 00:00:00,24.402
2015-05-24 03:00:00,24.394
2015-05-24 06:00:00,24.329
2015-05-24 09:00:00,24.15
2015-05-24 12:00:00,23.913
2015-05-24 15:00:00,23.712
2015-05-24 18:00:00,23.634
2015-05-24 21:00:00,23.656
2015-05-25 00:00:00,23.795
2015-05-25 03:00:00,23.912
2015-05-25 06:00:00,23.87
2015-05-25 09:00:00,23.735
2015-05-25 12:00:00,23.627
2015-05-25 15:00:00,23.596
2015-05-25 18:00:00,23.588
2015-05-25 21:00:00,23.607
2015-05-26 00:00:00,23.622
2015-05-26 03:00:00,23.632
2015-05-26 06:00:00,23.607
2015-05-26 09:00:00,23.495
2015-05-26 12:00:00,23.346
2015-05-26 15:00:00,23.23
2015-05-26 18:00:00,23.176
2015-05-26 21:00:00,23.197
2015-05-27 00:00:00,23.23
2015-05-27 03:00:00,23.267
2015-05-27 06:00:00,23.249
2015-05-27 09:00:00,23.131
2015-05-27 12:00:00,22.954
2015-05-27 15:00:00,22.861
2015-05-27 18:00:00,22.826
2015-05-27 21:00:00,22.835
2015-05-28 00:00:00,22.869
2015-05-28 03:00:00,22.905
2015-05-28 06:00:00,22.894
2015-05-28 09:00:00,22.803
2015-05-28 12:00:00,22.673
2015-05-28 15:00:00,22.589
2015-05-28 18:00:00,22.559
2015-05-28 21:00:00,22.586
2015-05-29 00:00:00,22.623
2015-05-29 03:00:00,22.655
2015-05-29 06:00:00,22.647
2015-05-29 09:00:00,22.544
2015-05-29 12:00:00,22.395
2015-05-29 15:00:00,22.294
2015-05-29 18:00:00,22.256
2015-05-29 21:00:00,22.27
2015-05-30 00:00:00,22.675
2015-05-30 03:00:00,23.439
2015-05-30 06:00:00,23.407
2015-05-30 09:00:00,23.512
2015-05-30 12:00:00,23.494
2015-05-30 15:00:00,23.466
2015-05-30 18:00:00,23.485
2015-05-30 21:00:00,25.26
2015-05-31 00:00:00,25.006
2015-05-31 03:00:00,24.798
2015-05-31 06:00:00,24.561
2015-05-31 09:00:00,24.308
2015-05-31 12:00:00,24.032
2015-05-31 15:00:00,23.761
2015-05-31 18:00:00,23.602
2015-05-31 21:00:00,23.543
2015-06-01 00:00:00,23.518
2015-06-01 03:00:00,23.501
2015-06-01 06:00:00,23.458
2015-06-01 09:00:00,23.377
2015-06-01 12:00:00,23.213
2015-06-01 15:00:00,23.127
2015-06-01 18:00:00,23.453
2015-06-01 21:00:00,24.708
2015-06-02 00:00:00,25.001
2015-06-02 03:00:00,24.895
2015-06-02 06:00:00,24.7
2015-06-02 09:00:00,24.483
2015-06-02 12:00:00,24.264
2015-06-02 15:00:00,24.092
2015-06-02 18:00:00,23.973
2015-06-02 21:00:00,23.907
2015-06-03 00:00:00,23.835
2015-06-03 03:00:00,23.779
2015-06-03 06:00:00,23.665
2015-06-03 09:00:00,23.432
2015-06-03 12:00:00,23.169
2015-06-03 15:00:00,22.947
2015-06-03 18:00:00,22.822
2015-06-03 21:00:00,22.791
2015-06-04 00:00:00,22.782
2015-06-04 03:00:00,22.783
2015-06-04 06:00:00,22.734
2015-06-04 09:00:00,22.595
2015-06-04 12:00:00,22.402
2015-06-04 15:00:00,22.234
2015-06-04 18:00:00,22.162
2015-06-04 21:00:00,22.185
2015-06-05 00:00:00,22.219
2015-06-05 03:00:00,22.252
2015-06-05 06:00:00,22.232
2015-06-05 09:00:00,22.123
2015-06-05 12:00:00,21.963
2015-06-05 15:00:00,21.825
2015-06-05 18:00:00,21.762
2015-06-05 21:00:00,21.774
2015-06-06 00:00:00,21.993
2015-06-06 03:00:00,22.486
2015-06-06 06:00:00,22.469
2015-06-06 09:00:00,22.4
2015-06-06 12:00:00,22.513
2015-06-06 15:00:00,22.667
2015-06-06 18:00:00,22.884
2015-06-06 21:00:00,23.682
2015-06-07 00:00:00,23.59
2015-06-07 03:00:00,23.51
2015-06-07 06:00:00,23.368
2015-06-07 09:00:00,23.134
2015-06-07 12:00:00,22.919
2015-06-07 15:00:00,22.709
2015-06-07 18:00:00,22.578
2015-06-07 21:00:00,22.543
2015-06-08 00:00:00,22.539
2015-06-08 03:00:00,22.532999
2015-06-08 06:00:00,22.468
2015-06-08 09:00:00,22.316
2015-06-08 12:00:00,22.122
2015-06-08 15:00:00,21.982
2015-06-08 18:00:00,21.914
2015-06-08 21:00:00,21.906
2015-06-09 00:00:00,21.921999
2015-06-09 03:00:00,21.939
2015-06-09 06:00:00,21.919
2015-06-09 09:00:00,21.808
2015-06-09 12:00:00,21.701
2015-06-09 15:00:00,21.609
2015-06-09 18:00:00,21.55
2015-06-09 21:00:00,21.553999
2015-06-10 00:00:00,21.716
2015-06-10 03:00:00,21.921999
2015-06-10 06:00:00,22.004
2015-06-10 09:00:00,21.972
2015-06-10 12:00:00,21.949
2015-06-10 15:00:00,21.973
2015-06-10 18:00:00,22.105
2015-06-10 21:00:00,22.259
2015-06-11 00:00:00,22.244
2015-06-11 03:00:00,22.233
2015-06-11 06:00:00,22.17
2015-06-11 09:00:00,22.006
2015-06-11 12:00:00,21.787
2015-06-11 15:00:00,21.604
2015-06-11 18:00:00,21.518
2015-06-11 21:00:00,21.518
2015-06-12 00:00:00,21.53
2015-06-12 03:00:00,21.544
2015-06-12 06:00:00,21.508
2015-06-12 09:00:00,21.383
2015-06-12 12:00:00,21.208
2015-06-12 15:00:00,21.052
2015-06-12 18:00:00,20.964
2015-06-12 21:00:00,20.954
2015-06-13 00:00:00,20.967
2015-06-13 03:00:00,20.987999
2015-06-13 06:00:00,20.959
2015-06-13 09:00:00,20.846
2015-06-13 12:00:00,20.687
2015-06-13 15:00:00,20.564
2015-06-13 18:00:00,20.504
2015-06-13 21:00:00,20.507
2015-06-14 00:00:00,20.588
2015-06-14 03:00:00,20.766
2015-06-14 06:00:00,21.492
2015-06-14 09:00:00,22.086
2015-06-14 12:00:00,22.269
2015-06-14 15:00:00,23.869
2015-06-14 18:00:00,23.623
2015-06-14 21:00:00,23.446
2015-06-15 00:00:00,23.285
2015-06-15 03:00:00,23.137
2015-06-15 06:00:00,22.939
2015-06-15 09:00:00,22.664999
2015-06-15 12:00:00,22.438
2015-06-15 15:00:00,22.282999
2015-06-15 18:00:00,22.161
2015-06-15 21:00:00,22.118
2015-06-16 00:00:00,22.086
2015-06-16 03:00:00,22.055
2015-06-16 06:00:00,21.973
2015-06-16 09:00:00,21.809
2015-06-16 12:00:00,21.604
2015-06-16 15:00:00,21.458
2015-06-16 18:00:00,21.383
2015-06-16 21:00:00,21.369999
2015-06-17 00:00:00,21.404
2015-06-17 03:00:00,21.436
2015-06-17 06:00:00,21.604
2015-06-17 09:00:00,21.618
2015-06-17 12:00:00,23.214
2015-06-17 15:00:00,24.088
2015-06-17 18:00:00,23.834
2015-06-17 21:00:00,23.656
2015-06-18 00:00:00,23.505
2015-06-18 03:00:00,23.414
2015-06-18 06:00:00,23.28
2015-06-18 09:00:00,23.119999
2015-06-18 12:00:00,23.92
2015-06-18 15:00:00,24.077
2015-06-18 18:00:00,23.923
2015-06-18 21:00:00,23.847
2015-06-19 00:00:00,23.892
2015-06-19 03:00:00,24.013
2015-06-19 06:00:00,23.855999
2015-06-19 09:00:00,23.739
2015-06-19 12:00:00,24.972
2015-06-19 15:00:00,25.311
2015-06-19 18:00:00,24.954
2015-06-19 21:00:00,24.769
2015-06-20 00:00:00,24.827
2015-06-20 03:00:00,24.987
2015-06-20 06:00:00,24.885
2015-06-20 09:00:00,24.774
2015-06-20 12:00:00,24.479
2015-06-20 15:00:00,24.298
2015-06-20 18:00:00,24.178
2015-06-20 21:00:00,24.147
2015-06-21 00:00:00,24.026
2015-06-21 03:00:00,23.921
2015-06-21 06:00:00,23.791
2015-06-21 09:00:00,23.551
2015-06-21 12:00:00,23.287
2015-06-21 15:00:00,23.082
2015-06-21 18:00:00,22.989
2015-06-21 21:00:00,22.961
2015-06-22 00:00:00,22.957
2015-06-22 03:00:00,22.954
2015-06-22 06:00:00,22.928999
2015-06-22 09:00:00,22.808
2015-06-22 12:00:00,22.615
2015-06-22 15:00:00,22.468
2015-06-22 18:00:00,22.451
2015-06-22 21:00:00,22.499
2015-06-23 00:00:00,25.671999
2015-06-23 03:00:00,27.524
2015-06-23 06:00:00,27.263
2015-06-23 09:00:00,27.18
2015-06-23 12:00:00,26.748
2015-06-23 15:00:00,26.296
2015-06-23 18:00:00,25.994
2015-06-23 21:00:00,25.868
2015-06-24 00:00:00,25.635
2015-06-24 03:00:00,25.493
2015-06-24 06:00:00,25.287
2015-06-24 09:00:00,24.976
2015-06-24 12:00:00,24.588
2015-06-24 15:00:00,24.301
2015-06-24 18:00:00,24.166
2015-06-24 21:00:00,24.612
2015-06-25 00:00:00,24.482
2015-06-25 03:00:00,24.382
2015-06-25 06:00:00,24.24
2015-06-25 09:00:00,24.016
2015-06-25 12:00:00,23.691
2015-06-25 15:00:00,23.41
2015-06-25 18:00:00,23.261
2015-06-25 21:00:00,23.232
2015-06-26 00:00:00,23.227
2015-06-26 03:00:00,23.219
2015-06-26 06:00:00,23.153
2015-06-26 09:00:00,22.968
2015-06-26 12:00:00,22.73
2015-06-26 15:00:00,22.565
2015-06-26 18:00:00,22.494999
2015-06-26 21:00:00,22.5
2015-06-27 00:00:00,22.542
2015-06-27 03:00:00,22.582
2015-06-27 06:00:00,22.56
2015-06-27 09:00:00,22.451
2015-06-27 12:00:00,22.269
2015-06-27 15:00:00,22.167
2015-06-27 18:00:00,22.1
2015-06-27 21:00:00,22.129
2015-06-28 00:00:00,22.14
2015-06-28 03:00:00,22.155
2015-06-28 06:00:00,22.128
2015-06-28 09:00:00,21.997
2015-06-28 12:00:00,21.808
2015-06-28 15:00:00,21.657999
2015-06-28 18:00:00,21.629
2015-06-28 21:00:00,21.652
2015-06-29 00:00:00,21.68
2015-06-29 03:00:00,21.709
2015-06-29 06:00:00,21.701
2015-06-29 09:00:00,21.634
2015-06-29 12:00:00,21.528
2015-06-29 15:00:00,21.419
2015-06-29 18:00:00,21.366
2015-06-29 21:00:00,21.386
2015-06-30 00:00:00,21.415
2015-06-30 03:00:00,21.44
2015-06-30 06:00:00,21.416
2015-06-30 09:00:00,21.294
2015-06-30 12:00:00,21.121
2015-06-30 15:00:00,20.987
2015-06-30 18:00:00,20.955
2015-06-30 21:00:00,20.972
2015-07-01 00:00:00,20.995
2015-07-01 03:00:00,21.017
2015-07-01 06:00:00,20.994
2015-07-01 09:00:00,20.881
2015-07-01 12:00:00,20.723
2015-07-01 15:00:00,20.584
2015-07-01 18:00:00,20.514
2015-07-01 21:00:00,20.52
2015-07-02 00:00:00,20.538
2015-07-02 03:00:00,20.559
2015-07-02 06:00:00,20.53
2015-07-02 09:00:00,20.409
2015-07-02 12:00:00,20.237
2015-07-02 15:00:00,20.083
2015-07-02 18:00:00,20.006
2015-07-02 21:00:00,20.017
2015-07-03 00:00:00,20.034
2015-07-03 03:00:00,20.051
2015-07-03 06:00:00,20.025
2015-07-03 09:00:00,19.921
2015-07-03 12:00:00,19.769
2015-07-03 15:00:00,19.632
2015-07-03 18:00:00,19.562
2015-07-03 21:00:00,19.57
2015-07-04 00:00:00,19.6
2015-07-04 03:00:00,19.642
2015-07-04 06:00:00,19.642
2015-07-04 09:00:00,19.56
2015-07-04 12:00:00,19.427
2015-07-04 15:00:00,19.308
2015-07-04 18:00:00,19.246
2015-07-04 21:00:00,19.258
2015-07-05 00:00:00,19.329
2015-07-05 03:00:00,19.401
2015-07-05 06:00:00,19.42
2015-07-05 09:00:00,19.351
2015-07-05 12:00:00,19.219
2015-07-05 15:00:00,19.097
2015-07-05 18:00:00,19.157
2015-07-05 21:00:00,19.209
2015-07-06 00:00:00,19.291
2015-07-06 03:00:00,20.402
2015-07-06 06:00:00,26.689
2015-07-06 09:00:00,29.307
2015-07-06 12:00:00,27.065
2015-07-06 15:00:00,25.716
2015-07-06 18:00:00,24.975
2015-07-06 21:00:00,24.565
2015-07-07 00:00:00,24.26
2015-07-07 03:00:00,24.01
2015-07-07 06:00:00,23.706
2015-07-07 09:00:00,23.292
2015-07-07 12:00:00,22.845
2015-07-07 15:00:00,22.489
2015-07-07 18:00:00,22.29
2015-07-07 21:00:00,22.231
2015-07-08 00:00:00,22.294
2015-07-08 03:00:00,22.328
2015-07-08 06:00:00,22.319
2015-07-08 09:00:00,22.28
2015-07-08 12:00:00,22.184
2015-07-08 15:00:00,22.088
2015-07-08 18:00:00,22.122
2015-07-08 21:00:00,22.189
2015-07-09 00:00:00,22.155
2015-07-09 03:00:00,22.129
2015-07-09 06:00:00,22.063
2015-07-09 09:00:00,21.899
2015-07-09 12:00:00,21.739
2015-07-09 15:00:00,21.625
2015-07-09 18:00:00,21.554
2015-07-09 21:00:00,21.512
2015-07-10 00:00:00,21.494
2015-07-10 03:00:00,21.499
2015-07-10 06:00:00,21.474
2015-07-10 09:00:00,21.45
2015-07-10 12:00:00,21.603
2015-07-10 15:00:00,21.701
2015-07-10 18:00:00,21.719
2015-07-10 21:00:00,21.833
2015-07-11 00:00:00,21.802
2015-07-11 03:00:00,21.768
2015-07-11 06:00:00,21.702
2015-07-11 09:00:00,21.519
2015-07-11 12:00:00,21.305
2015-07-11 15:00:00,21.175
2015-07-11 18:00:00,21.102
2015-07-11 21:00:00,21.09
2015-07-12 00:00:00,21.136
2015-07-12 03:00:00,21.221
2015-07-12 06:00:00,22.003
2015-07-12 09:00:00,22.6
2015-07-12 12:00:00,22.603
2015-07-12 15:00:00,22.575
2015-07-12 18:00:00,22.415
2015-07-12 21:00:00,22.364
2015-07-13 00:00:00,22.898
2015-07-13 03:00:00,24.138
2015-07-13 06:00:00,23.902
2015-07-13 09:00:00,23.58
2015-07-13 12:00:00,23.203
2015-07-13 15:00:00,22.962
2015-07-13 18:00:00,22.808
2015-07-13 21:00:00,22.73
2015-07-14 00:00:00,22.69
2015-07-14 03:00:00,22.629
2015-07-14 06:00:00,22.734
2015-07-14 09:00:00,22.649
2015-07-14 12:00:00,23.801
2015-07-14 15:00:00,23.868
2015-07-14 18:00:00,23.616
2015-07-14 21:00:00,23.452
2015-07-15 00:00:00,23.314
2015-07-15 03:00:00,23.193
2015-07-15 06:00:00,23.038
2015-07-15 09:00:00,22.745
2015-07-15 12:00:00,22.386
2015-07-15 15:00:00,22.097
2015-07-15 18:00:00,22.052
2015-07-15 21:00:00,22.056
2015-07-16 00:00:00,22.018
2015-07-16 03:00:00,21.987
2015-07-16 06:00:00,21.91
2015-07-16 09:00:00,21.689
2015-07-16 12:00:00,21.386
2015-07-16 15:00:00,21.117
2015-07-16 18:00:00,20.977
2015-07-16 21:00:00,20.958
2015-07-17 00:00:00,20.948
2015-07-17 03:00:00,20.942
2015-07-17 06:00:00,20.887
2015-07-17 09:00:00,20.735
2015-07-17 12:00:00,20.532
2015-07-17 15:00:00,20.359
2015-07-17 18:00:00,20.277
2015-07-17 21:00:00,20.265
2015-07-18 00:00:00,20.27
2015-07-18 03:00:00,20.397
2015-07-18 06:00:00,20.517
2015-07-18 09:00:00,20.584
2015-07-18 12:00:00,20.935
2015-07-18 15:00:00,21.767
2015-07-18 18:00:00,21.611
2015-07-18 21:00:00,22.034
2015-07-19 00:00:00,22.016
2015-07-19 03:00:00,22.466
2015-07-19 06:00:00,22.328
2015-07-19 09:00:00,22.105
2015-07-19 12:00:00,21.808
2015-07-19 15:00:00,21.63
2015-07-19 18:00:00,21.512
2015-07-19 21:00:00,21.454
2015-07-20 00:00:00,21.413
2015-07-20 03:00:00,21.377
2015-07-20 06:00:00,22.088
2015-07-20 09:00:00,23.48
2015-07-20 12:00:00,23.101
2015-07-20 15:00:00,22.837
2015-07-20 18:00:00,22.818
2015-07-20 21:00:00,23.406
2015-07-21 00:00:00,23.244
2015-07-21 03:00:00,23.114
2015-07-21 06:00:00,22.937
2015-07-21 09:00:00,22.606
2015-07-21 12:00:00,22.359
2015-07-21 15:00:00,22.25
2015-07-21 18:00:00,22.276
2015-07-21 21:00:00,22.292
2015-07-22 00:00:00,22.22
2015-07-22 03:00:00,22.159
2015-07-22 06:00:00,22.059
2015-07-22 09:00:00,21.813
2015-07-22 12:00:00,21.518
2015-07-22 15:00:00,21.26
2015-07-22 18:00:00,21.11
2015-07-22 21:00:00,21.081
2015-07-23 00:00:00,21.064
2015-07-23 03:00:00,21.322
2015-07-23 06:00:00,21.304
2015-07-23 09:00:00,21.517
2015-07-23 12:00:00,21.396
2015-07-23 15:00:00,21.167
2015-07-23 18:00:00,21.016
2015-07-23 21:00:00,20.98
2015-07-24 00:00:00,20.953
2015-07-24 03:00:00,20.921
2015-07-24 06:00:00,20.849
2015-07-24 09:00:00,20.667
2015-07-24 12:00:00,20.454
2015-07-24 15:00:00,20.3
2015-07-24 18:00:00,20.23
2015-07-24 21:00:00,20.219
2015-07-25 00:00:00,20.218
2015-07-25 03:00:00,20.248
2015-07-25 06:00:00,20.232
2015-07-25 09:00:00,20.151
2015-07-25 12:00:00,20.236
2015-07-25 15:00:00,20.714
2015-07-25 18:00:00,22.77
2015-07-25 21:00:00,26.169
2015-07-26 00:00:00,26.613
2015-07-26 03:00:00,26.357
2015-07-26 06:00:00,25.572
2015-07-26 09:00:00,24.857
2015-07-26 12:00:00,24.306
2015-07-26 15:00:00,23.847
2015-07-26 18:00:00,23.569
2015-07-26 21:00:00,23.375
2015-07-27 00:00:00,23.243
2015-07-27 03:00:00,23.219
2015-07-27 06:00:00,23.045
2015-07-27 09:00:00,22.768
2015-07-27 12:00:00,23.113
2015-07-27 15:00:00,24.665
2015-07-27 18:00:00,24.46
2015-07-27 21:00:00,24.397
2015-07-28 00:00:00,24.47
2015-07-28 03:00:00,24.511
2015-07-28 06:00:00,24.352
2015-07-28 09:00:00,24.124
2015-07-28 12:00:00,23.912
2015-07-28 15:00:00,23.688
2015-07-28 18:00:00,23.543
2015-07-28 21:00:00,23.545
2015-07-29 00:00:00,23.998
2015-07-29 03:00:00,24.645
2015-07-29 06:00:00,24.439
2015-07-29 09:00:00,24.07
2015-07-29 12:00:00,23.687
2015-07-29 15:00:00,23.45
2015-07-29 18:00:00,23.278
2015-07-29 21:00:00,23.176
2015-07-30 00:00:00,23.101
2015-07-30 03:00:00,23.251
2015-07-30 06:00:00,24.007
2015-07-30 09:00:00,24.272
2015-07-30 12:00:00,24.057
2015-07-30 15:00:00,23.945
2015-07-30 18:00:00,23.699
2015-07-30 21:00:00,23.576
2015-07-31 00:00:00,23.46
2015-07-31 03:00:00,23.358
2015-07-31 06:00:00,23.21
2015-07-31 09:00:00,22.968
2015-07-31 12:00:00,22.597
2015-07-31 15:00:00,22.405
2015-07-31 18:00:00,22.246
2015-07-31 21:00:00,22.214
2015-08-01 00:00:00,22.19
2015-08-01 03:00:00,22.161
2015-08-01 06:00:00,22.079
2015-08-01 09:00:00,21.874
2015-08-01 12:00:00,21.593
2015-08-01 15:00:00,21.392
2015-08-01 18:00:00,21.285
2015-08-01 21:00:00,21.282
2015-08-02 00:00:00,21.307
2015-08-02 03:00:00,21.333
2015-08-02 06:00:00,21.305
2015-08-02 09:00:00,21.146
2015-08-02 12:00:00,20.912
2015-08-02 15:00:00,20.685
2015-08-02 18:00:00,20.663
2015-08-02 21:00:00,20.717
2015-08-03 00:00:00,20.728
2015-08-03 03:00:00,20.732
2015-08-03 06:00:00,20.704
2015-08-03 09:00:00,20.547
2015-08-03 12:00:00,20.319
2015-08-03 15:00:00,20.121
2015-08-03 18:00:00,20.04
2015-08-03 21:00:00,20.053
2015-08-04 00:00:00,20.074
2015-08-04 03:00:00,20.097
2015-08-04 06:00:00,20.082
2015-08-04 09:00:00,19.951
2015-08-04 12:00:00,19.756
2015-08-04 15:00:00,19.596
2015-08-04 18:00:00,19.54
2015-08-04 21:00:00,19.557
2015-08-05 00:00:00,19.593
2015-08-05 03:00:00,19.684
2015-08-05 06:00:00,19.704
2015-08-05 09:00:00,19.626
2015-08-05 12:00:00,19.624
2015-08-05 15:00:00,19.514
2015-08-05 18:00:00,19.448
2015-08-05 21:00:00,19.459
2015-08-06 00:00:00,19.47
2015-08-06 03:00:00,19.483
2015-08-06 06:00:00,19.47
2015-08-06 09:00:00,19.353
2015-08-06 12:00:00,19.185
2015-08-06 15:00:00,19.029
2015-08-06 18:00:00,18.965
2015-08-06 21:00:00,18.971
2015-08-07 00:00:00,18.972
2015-08-07 03:00:00,18.987999
2015-08-07 06:00:00,18.972
2015-08-07 09:00:00,18.852
2015-08-07 12:00:00,18.678
2015-08-07 15:00:00,18.532999
2015-08-07 18:00:00,18.476
2015-08-07 21:00:00,18.477
2015-08-08 00:00:00,18.494
2015-08-08 03:00:00,18.507
2015-08-08 06:00:00,18.491
2015-08-08 09:00:00,18.407999
2015-08-08 12:00:00,18.679
2015-08-08 15:00:00,18.843
2015-08-08 18:00:00,18.921999
2015-08-08 21:00:00,18.975
2015-08-09 00:00:00,19.006
2015-08-09 03:00:00,19.044
2015-08-09 06:00:00,19.026
2015-08-09 09:00:00,18.919
2015-08-09 12:00:00,18.746
2015-08-09 15:00:00,18.606
2015-08-09 18:00:00,18.559
2015-08-09 21:00:00,18.596
2015-08-10 00:00:00,18.602
2015-08-10 03:00:00,18.615
2015-08-10 06:00:00,18.602
2015-08-10 09:00:00,18.505
2015-08-10 12:00:00,18.373
2015-08-10 15:00:00,18.236
2015-08-10 18:00:00,18.182
2015-08-10 21:00:00,18.188
2015-08-11 00:00:00,18.196
2015-08-11 03:00:00,18.21
2015-08-11 06:00:00,18.211
2015-08-11 09:00:00,18.162
2015-08-11 12:00:00,18.042
2015-08-11 15:00:00,17.956999
2015-08-11 18:00:00,18.154
2015-08-11 21:00:00,18.831
2015-08-12 00:00:00,19.151
2015-08-12 03:00:00,19.424
2015-08-12 06:00:00,19.815
2015-08-12 09:00:00,19.916
2015-08-12 12:00:00,19.897
2015-08-12 15:00:00,19.824999
2015-08-12 18:00:00,19.765
2015-08-12 21:00:00,19.786
2015-08-13 00:00:00,19.762
2015-08-13 03:00:00,19.747
2015-08-13 06:00:00,19.698
2015-08-13 09:00:00,19.532
2015-08-13 12:00:00,19.305
2015-08-13 15:00:00,19.123
2015-08-13 18:00:00,19.037
2015-08-13 21:00:00,19.024
2015-08-14 00:00:00,19.015
2015-08-14 03:00:00,19.015
2015-08-14 06:00:00,18.984
2015-08-14 09:00:00,18.837
2015-08-14 12:00:00,18.634
2015-08-14 15:00:00,18.464
2015-08-14 18:00:00,18.399
2015-08-14 21:00:00,18.401
2015-08-15 00:00:00,18.414
2015-08-15 03:00:00,18.439
2015-08-15 06:00:00,18.423
2015-08-15 09:00:00,18.3
2015-08-15 12:00:00,18.117
2015-08-15 15:00:00,17.958
2015-08-15 18:00:00,17.896
2015-08-15 21:00:00,17.902
2015-08-16 00:00:00,17.918
2015-08-16 03:00:00,17.939
2015-08-16 06:00:00,17.927
2015-08-16 09:00:00,17.813
2015-08-16 12:00:00,17.647
2015-08-16 15:00:00,17.503
2015-08-16 18:00:00,17.439
2015-08-16 21:00:00,17.437
2015-08-17 00:00:00,17.442
2015-08-17 03:00:00,17.458
2015-08-17 06:00:00,17.446
2015-08-17 09:00:00,17.353
2015-08-17 12:00:00,17.215
2015-08-17 15:00:00,17.099
2015-08-17 18:00:00,17.055
2015-08-17 21:00:00,17.055
2015-08-18 00:00:00,17.069
2015-08-18 03:00:00,17.091
2015-08-18 06:00:00,17.081
2015-08-18 09:00:00,16.993
2015-08-18 12:00:00,16.864
2015-08-18 15:00:00,16.748
2015-08-18 18:00:00,16.701
2015-08-18 21:00:00,16.708
2015-08-19 00:00:00,16.723
2015-08-19 03:00:00,16.749
2015-08-19 06:00:00,16.748
2015-08-19 09:00:00,16.669
2015-08-19 12:00:00,16.552
2015-08-19 15:00:00,16.456
2015-08-19 18:00:00,16.424
2015-08-19 21:00:00,16.437
2015-08-20 00:00:00,16.46
2015-08-20 03:00:00,16.489
2015-08-20 06:00:00,16.493
2015-08-20 09:00:00,16.42
2015-08-20 12:00:00,16.304
2015-08-20 15:00:00,16.21
2015-08-20 18:00:00,16.179
2015-08-20 21:00:00,16.192
2015-08-21 00:00:00,16.206
2015-08-21 03:00:00,16.217
2015-08-21 06:00:00,16.22
2015-08-21 09:00:00,16.161
2015-08-21 12:00:00,16.06
2015-08-21 15:00:00,15.972
2015-08-21 18:00:00,15.942
2015-08-21 21:00:00,15.945
2015-08-22 00:00:00,15.949
2015-08-22 03:00:00,15.956
2015-08-22 06:00:00,15.957
2015-08-22 09:00:00,15.899
2015-08-22 12:00:00,15.804
2015-08-22 15:00:00,15.723
2015-08-22 18:00:00,15.697
2015-08-22 21:00:00,15.702
2015-08-23 00:00:00,15.714
2015-08-23 03:00:00,15.734
2015-08-23 06:00:00,15.736
2015-08-23 09:00:00,15.682
2015-08-23 12:00:00,15.591
2015-08-23 15:00:00,15.513
2015-08-23 18:00:00,15.487
2015-08-23 21:00:00,15.494
2015-08-24 00:00:00,15.504
2015-08-24 03:00:00,15.549
2015-08-24 06:00:00,15.55
2015-08-24 09:00:00,15.506
2015-08-24 12:00:00,15.496
2015-08-24 15:00:00,15.526
2015-08-24 18:00:00,15.514
2015-08-24 21:00:00,15.53
2015-08-25 00:00:00,15.538
2015-08-25 03:00:00,15.55
2015-08-25 06:00:00,15.547
2015-08-25 09:00:00,15.484
2015-08-25 12:00:00,15.419
2015-08-25 15:00:00,15.366
2015-08-25 18:00:00,15.641
2015-08-25 21:00:00,16.408
2015-08-26 00:00:00,16.404
2015-08-26 03:00:00,16.412
2015-08-26 06:00:00,16.402
2015-08-26 09:00:00,16.323
2015-08-26 12:00:00,16.2
2015-08-26 15:00:00,16.126
2015-08-26 18:00:00,16.096
2015-08-26 21:00:00,16.096
2015-08-27 00:00:00,16.273
2015-08-27 03:00:00,16.417
2015-08-27 06:00:00,16.653
2015-08-27 09:00:00,16.632
2015-08-27 12:00:00,16.551
2015-08-27 15:00:00,16.459
2015-08-27 18:00:00,16.645
2015-08-27 21:00:00,18.617
2015-08-28 00:00:00,20.771
2015-08-28 03:00:00,23.667
2015-08-28 06:00:00,23.202
2015-08-28 09:00:00,22.65
2015-08-28 12:00:00,21.967
2015-08-28 15:00:00,21.431
2015-08-28 18:00:00,21.141
2015-08-28 21:00:00,20.985
2015-08-29 00:00:00,20.83
2015-08-29 03:00:00,20.7
2015-08-29 06:00:00,20.559
2015-08-29 09:00:00,20.275
2015-08-29 12:00:00,19.896
2015-08-29 15:00:00,19.584
2015-08-29 18:00:00,19.441
2015-08-29 21:00:00,19.385
2015-08-30 00:00:00,19.51
2015-08-30 03:00:00,19.616
2015-08-30 06:00:00,20.17
2015-08-30 09:00:00,20.251
2015-08-30 12:00:00,20.168
2015-08-30 15:00:00,20.023
2015-08-30 18:00:00,19.917
2015-08-30 21:00:00,19.937
2015-08-31 00:00:00,22.339
2015-08-31 03:00:00,23.915
2015-08-31 06:00:00,23.567
2015-08-31 09:00:00,23.424
2015-08-31 12:00:00,22.97
2015-08-31 15:00:00,22.61
2015-08-31 18:00:00,22.344
2015-08-31 21:00:00,22.129
2015-09-01 00:00:00,21.937
2015-09-01 03:00:00,21.765
2015-09-01 06:00:00,21.597
2015-09-01 09:00:00,21.386
2015-09-01 12:00:00,21.146
2015-09-01 15:00:00,20.918
2015-09-01 18:00:00,24.654
2015-09-01 21:00:00,30.774
2015-09-02 00:00:00,29.827
2015-09-02 03:00:00,28.562
2015-09-02 06:00:00,27.052
2015-09-02 09:00:00,26.037
2015-09-02 12:00:00,25.222
2015-09-02 15:00:00,24.923
2015-09-02 18:00:00,24.563
2015-09-02 21:00:00,24.354
2015-09-03 00:00:00,24.165
2015-09-03 03:00:00,24.01
2015-09-03 06:00:00,23.85
2015-09-03 09:00:00,23.536
2015-09-03 12:00:00,23.116
2015-09-03 15:00:00,22.803
2015-09-03 18:00:00,22.67
2015-09-03 21:00:00,22.63
2015-09-04 00:00:00,24.818
2015-09-04 03:00:00,25.893
2015-09-04 06:00:00,25.694
2015-09-04 09:00:00,25.328
2015-09-04 12:00:00,24.681
2015-09-04 15:00:00,24.199
2015-09-04 18:00:00,23.955
2015-09-04 21:00:00,24.09
2015-09-05 00:00:00,23.927
2015-09-05 03:00:00,24.911
2015-09-05 06:00:00,25.611
2015-09-05 09:00:00,25.159
2015-09-05 12:00:00,24.599
2015-09-05 15:00:00,24.225
2015-09-05 18:00:00,24.017
2015-09-05 21:00:00,24.004
2015-09-06 00:00:00,25.178
2015-09-06 03:00:00,26.855
2015-09-06 06:00:00,26.156
2015-09-06 09:00:00,25.751
2015-09-06 12:00:00,25.225
2015-09-06 15:00:00,24.79
2015-09-06 18:00:00,24.497
2015-09-06 21:00:00,24.279
2015-09-07 00:00:00,24.091
2015-09-07 03:00:00,23.922
2015-09-07 06:00:00,23.754
2015-09-07 09:00:00,23.477
2015-09-07 12:00:00,23.111
2015-09-07 15:00:00,22.801
2015-09-07 18:00:00,22.685
2015-09-07 21:00:00,22.639
2015-09-08 00:00:00,22.576
2015-09-08 03:00:00,22.524
2015-09-08 06:00:00,22.462
2015-09-08 09:00:00,22.308
2015-09-08 12:00:00,22.066
2015-09-08 15:00:00,21.856
2015-09-08 18:00:00,21.795
2015-09-08 21:00:00,21.795
2015-09-09 00:00:00,21.803
2015-09-09 03:00:00,21.815
2015-09-09 06:00:00,21.805
2015-09-09 09:00:00,21.686
2015-09-09 12:00:00,21.535
2015-09-09 15:00:00,21.377
2015-09-09 18:00:00,21.337
2015-09-09 21:00:00,21.344
2015-09-10 00:00:00,21.367
2015-09-10 03:00:00,21.385
2015-09-10 06:00:00,21.541
2015-09-10 09:00:00,21.552
2015-09-10 12:00:00,21.363
2015-09-10 15:00:00,21.215
2015-09-10 18:00:00,21.261
2015-09-10 21:00:00,21.36
2015-09-11 00:00:00,21.366
2015-09-11 03:00:00,21.38
2015-09-11 06:00:00,21.385
2015-09-11 09:00:00,21.27
2015-09-11 12:00:00,21.016
2015-09-11 15:00:00,20.819
2015-09-11 18:00:00,20.779
2015-09-11 21:00:00,20.78
2015-09-12 00:00:00,20.776
2015-09-12 03:00:00,21.32
2015-09-12 06:00:00,21.297
2015-09-12 09:00:00,21.221
2015-09-12 12:00:00,21.098
2015-09-12 15:00:00,20.984
2015-09-12 18:00:00,20.935
2015-09-12 21:00:00,20.909
2015-09-13 00:00:00,20.883
2015-09-13 03:00:00,20.904
2015-09-13 06:00:00,23.071
2015-09-13 09:00:00,23.063
2015-09-13 12:00:00,22.824
2015-09-13 15:00:00,22.684
2015-09-13 18:00:00,22.651
2015-09-13 21:00:00,22.642
2015-09-14 00:00:00,27.814
2015-09-14 03:00:00,28.826
2015-09-14 06:00:00,27.235
2015-09-14 09:00:00,26.301
2015-09-14 12:00:00,25.607
2015-09-14 15:00:00,25.075
2015-09-14 18:00:00,24.734
2015-09-14 21:00:00,24.475
2015-09-15 00:00:00,24.271
2015-09-15 03:00:00,24.108
2015-09-15 06:00:00,23.965
2015-09-15 09:00:00,23.766
2015-09-15 12:00:00,23.425
2015-09-15 15:00:00,23.089
2015-09-15 18:00:00,28.568
2015-09-15 21:00:00,29.715
2015-09-16 00:00:00,28.083
2015-09-16 03:00:00,27.259
2015-09-16 06:00:00,26.696
2015-09-16 09:00:00,26.17
2015-09-16 12:00:00,25.543
2015-09-16 15:00:00,25.11
2015-09-16 18:00:00,25.236
2015-09-16 21:00:00,25.84
2015-09-17 00:00:00,26.166
2015-09-17 03:00:00,26.481
2015-09-17 06:00:00,26.32
2015-09-17 09:00:00,26.415
2015-09-17 12:00:00,26.675
2015-09-17 15:00:00,26.269
2015-09-17 18:00:00,26.002
2015-09-17 21:00:00,27.252
2015-09-18 00:00:00,26.777
2015-09-18 03:00:00,27.143
2015-09-18 06:00:00,29.105
2015-09-18 09:00:00,30.612
2015-09-18 12:00:00,28.799
2015-09-18 15:00:00,27.965
2015-09-18 18:00:00,27.331
2015-09-18 21:00:00,26.934
2015-09-19 00:00:00,26.643
2015-09-19 03:00:00,26.415
2015-09-19 06:00:00,26.213
2015-09-19 09:00:00,25.865
2015-09-19 12:00:00,25.419
2015-09-19 15:00:00,25.076
2015-09-19 18:00:00,24.948
2015-09-19 21:00:00,24.884
2015-09-20 00:00:00,24.88
2015-09-20 03:00:00,25.062
2015-09-20 06:00:00,25.028
2015-09-20 09:00:00,24.977
2015-09-20 12:00:00,24.728
2015-09-20 15:00:00,24.67
2015-09-20 18:00:00,24.588
2015-09-20 21:00:00,24.549
2015-09-21 00:00:00,24.513
2015-09-21 03:00:00,24.483
2015-09-21 06:00:00,24.45
2015-09-21 09:00:00,24.339
2015-09-21 12:00:00,24.106
2015-09-21 15:00:00,23.919
2015-09-21 18:00:00,23.864
2015-09-21 21:00:00,23.834
2015-09-22 00:00:00,23.882
2015-09-22 03:00:00,27.362
2015-09-22 06:00:00,26.78
2015-09-22 09:00:00,26.408
2015-09-22 12:00:00,25.991
2015-09-22 15:00:00,25.858
2015-09-22 18:00:00,25.585
2015-09-22 21:00:00,25.445
2015-09-23 00:00:00,25.254
2015-09-23 03:00:00,25.141
2015-09-23 06:00:00,25.009
2015-09-23 09:00:00,24.827
2015-09-23 12:00:00,24.545
2015-09-23 15:00:00,24.273
2015-09-23 18:00:00,25.229
2015-09-23 21:00:00,27.936
2015-09-24 00:00:00,27.372
2015-09-24 03:00:00,26.887
2015-09-24 06:00:00,26.445
2015-09-24 09:00:00,26.028
2015-09-24 12:00:00,25.541
2015-09-24 15:00:00,25.19
2015-09-24 18:00:00,27.117
2015-09-24 21:00:00,28.323
2015-09-25 00:00:00,27.446
2015-09-25 03:00:00,26.897
2015-09-25 06:00:00,26.51
2015-09-25 09:00:00,26.109
2015-09-25 12:00:00,25.616
2015-09-25 15:00:00,25.258
2015-09-25 18:00:00,25.119
2015-09-25 21:00:00,25.044
2015-09-26 00:00:00,24.981
2015-09-26 03:00:00,24.93
2015-09-26 06:00:00,24.878
2015-09-26 09:00:00,24.702
2015-09-26 12:00:00,24.404
2015-09-26 15:00:00,24.166
2015-09-26 18:00:00,24.12
2015-09-26 21:00:00,24.108
2015-09-27 00:00:00,24.097
2015-09-27 03:00:00,24.093
2015-09-27 06:00:00,24.083
2015-09-27 09:00:00,23.942
2015-09-27 12:00:00,23.662
2015-09-27 15:00:00,23.454
2015-09-27 18:00:00,23.404
2015-09-27 21:00:00,23.394
2015-09-28 00:00:00,23.397
2015-09-28 03:00:00,23.406
2015-09-28 06:00:00,23.41
2015-09-28 09:00:00,23.299
2015-09-28 12:00:00,23.101
2015-09-28 15:00:00,22.99
2015-09-28 18:00:00,22.982
2015-09-28 21:00:00,22.994
2015-09-29 00:00:00,23.006
2015-09-29 03:00:00,23.024
2015-09-29 06:00:00,23.037
2015-09-29 09:00:00,22.961
2015-09-29 12:00:00,22.781
2015-09-29 15:00:00,22.645
2015-09-29 18:00:00,22.646
2015-09-29 21:00:00,22.658
2015-09-30 00:00:00,22.672
2015-09-30 03:00:00,22.688
2015-09-30 06:00:00,22.704
2015-09-30 09:00:00,22.613
2015-09-30 12:00:00,22.41
2015-09-30 15:00:00,22.274
2015-09-30 18:00:00,22.282
2015-09-30 21:00:00,22.317
2015-10-01 00:00:00,22.359
2015-10-01 03:00:00,22.403
2015-10-01 06:00:00,22.423
2015-10-01 09:00:00,22.354
2015-10-01 12:00:00,22.25
2015-10-01 15:00:00,22.173
2015-10-01 18:00:00,22.138
2015-10-01 21:00:00,22.132
2015-10-02 00:00:00,22.13
2015-10-02 03:00:00,22.133
2015-10-02 06:00:00,22.126
2015-10-02 09:00:00,22.02
2015-10-02 12:00:00,21.778
2015-10-02 15:00:00,21.585
2015-10-02 18:00:00,21.534
2015-10-02 21:00:00,21.538
2015-10-03 00:00:00,21.547
2015-10-03 03:00:00,21.581
2015-10-03 06:00:00,21.613
2015-10-03 09:00:00,21.573
2015-10-03 12:00:00,21.461
2015-10-03 15:00:00,21.379
2015-10-03 18:00:00,21.378
2015-10-03 21:00:00,21.396
2015-10-04 00:00:00,21.414
2015-10-04 03:00:00,21.436
2015-10-04 06:00:00,21.458
2015-10-04 09:00:00,21.441
2015-10-04 12:00:00,21.348
2015-10-04 15:00:00,21.265
2015-10-04 18:00:00,21.275
2015-10-04 21:00:00,21.293
2015-10-05 00:00:00,21.322
2015-10-05 03:00:00,21.338
2015-10-05 06:00:00,21.348
2015-10-05 09:00:00,21.327
2015-10-05 12:00:00,21.256
2015-10-05 15:00:00,21.194
2015-10-05 18:00:00,21.199
2015-10-05 21:00:00,21.202
2015-10-06 00:00:00,21.222
2015-10-06 03:00:00,21.25
2015-10-06 06:00:00,21.276
2015-10-06 09:00:00,21.219
2015-10-06 12:00:00,21.097
2015-10-06 15:00:00,20.997
2015-10-06 18:00:00,20.96
2015-10-06 21:00:00,20.929
2015-10-07 00:00:00,20.908
2015-10-07 03:00:00,20.895
2015-10-07 06:00:00,20.892
2015-10-07 09:00:00,20.827
2015-10-07 12:00:00,20.72
2015-10-07 15:00:00,20.65
2015-10-07 18:00:00,20.628
2015-10-07 21:00:00,20.618
2015-10-08 00:00:00,20.62
2015-10-08 03:00:00,20.63
2015-10-08 06:00:00,20.634
2015-10-08 09:00:00,20.571
2015-10-08 12:00:00,20.477
2015-10-08 15:00:00,20.403
2015-10-08 18:00:00,20.381
2015-10-08 21:00:00,20.37
2015-10-09 00:00:00,20.365
2015-10-09 03:00:00,20.372
2015-10-09 06:00:00,20.387
2015-10-09 09:00:00,20.361
2015-10-09 12:00:00,20.29
2015-10-09 15:00:00,20.249
2015-10-09 18:00:00,20.242
2015-10-09 21:00:00,20.253
2015-10-10 00:00:00,20.27
2015-10-10 03:00:00,20.289
2015-10-10 06:00:00,20.309
2015-10-10 09:00:00,20.296
2015-10-10 12:00:00,20.238
2015-10-10 15:00:00,20.197
2015-10-10 18:00:00,20.189
2015-10-10 21:00:00,20.207
2015-10-11 00:00:00,20.226
2015-10-11 03:00:00,20.25
2015-10-11 06:00:00,20.273
2015-10-11 09:00:00,20.264
2015-10-11 12:00:00,20.204
2015-10-11 15:00:00,20.153
2015-10-11 18:00:00,20.153
2015-10-11 21:00:00,20.164
2015-10-12 00:00:00,20.18
2015-10-12 03:00:00,20.196
2015-10-12 06:00:00,20.211
2015-10-12 09:00:00,20.173
2015-10-12 12:00:00,20.109
2015-10-12 15:00:00,20.064
2015-10-12 18:00:00,20.067
2015-10-12 21:00:00,20.082
2015-10-13 00:00:00,20.156
2015-10-13 03:00:00,20.32
2015-10-13 06:00:00,20.576
2015-10-13 09:00:00,20.724
2015-10-13 12:00:00,20.685
2015-10-13 15:00:00,20.702
2015-10-13 18:00:00,21.09
2015-10-13 21:00:00,21.143
2015-10-14 00:00:00,21.189
2015-10-14 03:00:00,21.285
2015-10-14 06:00:00,21.265
2015-10-14 09:00:00,21.209
2015-10-14 12:00:00,21.116
2015-10-14 15:00:00,21.03
2015-10-14 18:00:00,21.002
2015-10-14 21:00:00,20.973
2015-10-15 00:00:00,20.958
2015-10-15 03:00:00,20.953
2015-10-15 06:00:00,20.957
2015-10-15 09:00:00,20.895
2015-10-15 12:00:00,20.755
2015-10-15 15:00:00,20.661
2015-10-15 18:00:00,20.627
2015-10-15 21:00:00,20.619
2015-10-16 00:00:00,20.607
2015-10-16 03:00:00,20.616
2015-10-16 06:00:00,20.618
2015-10-16 09:00:00,20.584
2015-10-16 12:00:00,20.576
2015-10-16 15:00:00,20.578
2015-10-16 18:00:00,20.568
2015-10-16 21:00:00,20.6
2015-10-17 00:00:00,20.609
2015-10-17 03:00:00,20.638
2015-10-17 06:00:00,20.681
2015-10-17 09:00:00,20.671
2015-10-17 12:00:00,20.665
2015-10-17 15:00:00,20.661
2015-10-17 18:00:00,20.661
2015-10-17 21:00:00,20.67
2015-10-18 00:00:00,20.665
2015-10-18 03:00:00,20.654
2015-10-18 06:00:00,20.647
2015-10-18 09:00:00,20.601
2015-10-18 12:00:00,20.502
2015-10-18 15:00:00,20.429
2015-10-18 18:00:00,20.412
2015-10-18 21:00:00,20.419
2015-10-19 00:00:00,20.422
2015-10-19 03:00:00,20.432
2015-10-19 06:00:00,20.454
2015-10-19 09:00:00,20.433
2015-10-19 12:00:00,20.375
2015-10-19 15:00:00,20.344
2015-10-19 18:00:00,20.332
2015-10-19 21:00:00,20.331
2015-10-20 00:00:00,20.338
2015-10-20 03:00:00,20.343
2015-10-20 06:00:00,20.354
2015-10-20 09:00:00,20.34
2015-10-20 12:00:00,20.31
2015-10-20 15:00:00,20.289
2015-10-20 18:00:00,20.292
2015-10-20 21:00:00,20.299
2015-10-21 00:00:00,20.31
2015-10-21 03:00:00,20.329
2015-10-21 06:00:00,20.353
2015-10-21 09:00:00,20.341
2015-10-21 12:00:00,20.29
2015-10-21 15:00:00,20.249
2015-10-21 18:00:00,20.234
2015-10-21 21:00:00,20.222
2015-10-22 00:00:00,20.282
2015-10-22 03:00:00,21.232
2015-10-22 06:00:00,21.277
2015-10-22 09:00:00,21.38
2015-10-22 12:00:00,21.334
2015-10-22 15:00:00,21.281
2015-10-22 18:00:00,21.237
2015-10-22 21:00:00,21.198
2015-10-23 00:00:00,21.141
2015-10-23 03:00:00,21.079
2015-10-23 06:00:00,21.022
2015-10-23 09:00:00,20.913
2015-10-23 12:00:00,20.715
2015-10-23 15:00:00,20.58
2015-10-23 18:00:00,20.551
2015-10-23 21:00:00,20.54
2015-10-24 00:00:00,20.541
2015-10-24 03:00:00,20.563
2015-10-24 06:00:00,20.592
2015-10-24 09:00:00,20.573
2015-10-24 12:00:00,20.493
2015-10-24 15:00:00,20.445
2015-10-24 18:00:00,20.427
2015-10-24 21:00:00,20.406
2015-10-25 00:00:00,20.387
2015-10-25 03:00:00,20.378
2015-10-25 06:00:00,20.41
2015-10-25 09:00:00,20.467
2015-10-25 12:00:00,20.516
2015-10-25 15:00:00,20.504
2015-10-25 18:00:00,20.45
2015-10-25 21:00:00,20.406
2015-10-26 00:00:00,20.383
2015-10-26 03:00:00,20.381
2015-10-26 06:00:00,20.412
2015-10-26 09:00:00,20.404
2015-10-26 12:00:00,20.319
2015-10-26 15:00:00,20.268
2015-10-26 18:00:00,20.255
2015-10-26 21:00:00,20.262
2015-10-27 00:00:00,20.263
2015-10-27 03:00:00,20.277
2015-10-27 06:00:00,20.297
2015-10-27 09:00:00,20.28
2015-10-27 12:00:00,20.208
2015-10-27 15:00:00,20.167
2015-10-27 18:00:00,20.174
2015-10-27 21:00:00,20.19
2015-10-28 00:00:00,20.2
2015-10-28 03:00:00,20.213
2015-10-28 06:00:00,20.236
2015-10-28 09:00:00,20.217
2015-10-28 12:00:00,20.17
2015-10-28 15:00:00,20.136
2015-10-28 18:00:00,20.132
2015-10-28 21:00:00,20.129
2015-10-29 00:00:00,20.121
2015-10-29 03:00:00,20.12
2015-10-29 06:00:00,20.134
2015-10-29 09:00:00,20.118
2015-10-29 12:00:00,20.071
2015-10-29 15:00:00,20.044
2015-10-29 18:00:00,20.048
2015-10-29 21:00:00,20.052
2015-10-30 00:00:00,20.052
2015-10-30 03:00:00,20.053
2015-10-30 06:00:00,20.059
2015-10-30 09:00:00,20.043
2015-10-30 12:00:00,19.99
2015-10-30 15:00:00,19.961
2015-10-30 18:00:00,19.968
2015-10-30 21:00:00,19.98
2015-10-31 00:00:00,19.998
2015-10-31 03:00:00,20.041
2015-10-31 06:00:00,20.062
2015-10-31 09:00:00,20.081
2015-10-31 12:00:00,20.125
2015-10-31 15:00:00,20.217
2015-10-31 18:00:00,20.267
2015-10-31 21:00:00,20.341
2015-11-01 00:00:00,20.339
2015-11-01 03:00:00,20.358
2015-11-01 06:00:00,20.384
2015-11-01 09:00:00,20.364
2015-11-01 12:00:00,20.305
2015-11-01 15:00:00,20.264
2015-11-01 18:00:00,20.254
2015-11-01 21:00:00,20.269
2015-11-02 00:00:00,20.293
2015-11-02 03:00:00,20.333
2015-11-02 06:00:00,20.363
2015-11-02 09:00:00,20.334
2015-11-02 12:00:00,20.24
2015-11-02 15:00:00,20.178
2015-11-02 18:00:00,20.172
2015-11-02 21:00:00,20.189
2015-11-03 00:00:00,20.213
2015-11-03 03:00:00,20.249
2015-11-03 06:00:00,20.281
2015-11-03 09:00:00,20.286
2015-11-03 12:00:00,20.242
2015-11-03 15:00:00,20.211
2015-11-03 18:00:00,20.222
2015-11-03 21:00:00,20.229
2015-11-04 00:00:00,20.224
2015-11-04 03:00:00,20.212
2015-11-04 06:00:00,20.211
2015-11-04 09:00:00,20.196
2015-11-04 12:00:00,20.137
2015-11-04 15:00:00,20.101
2015-11-04 18:00:00,20.098
2015-11-04 21:00:00,20.097
2015-11-05 00:00:00,20.598
2015-11-05 03:00:00,20.864
2015-11-05 06:00:00,20.976
2015-11-05 09:00:00,21.046
2015-11-05 12:00:00,20.991
2015-11-05 15:00:00,21.013
2015-11-05 18:00:00,21.172
2015-11-05 21:00:00,21.371
2015-11-06 00:00:00,21.624
2015-11-06 03:00:00,21.685
2015-11-06 06:00:00,21.625
2015-11-06 09:00:00,21.55
2015-11-06 12:00:00,21.448
2015-11-06 15:00:00,21.374
2015-11-06 18:00:00,22.54
2015-11-06 21:00:00,24.029
2015-11-07 00:00:00,24.222
2015-11-07 03:00:00,24.438
2015-11-07 06:00:00,24.861
2015-11-07 09:00:00,25.104
2015-11-07 12:00:00,24.604
2015-11-07 15:00:00,24.247
2015-11-07 18:00:00,24.021
2015-11-07 21:00:00,24.47
2015-11-08 00:00:00,24.242
2015-11-08 03:00:00,26.144
2015-11-08 06:00:00,25.851
2015-11-08 09:00:00,25.647
2015-11-08 12:00:00,25.035
2015-11-08 15:00:00,24.619
2015-11-08 18:00:00,24.359
2015-11-08 21:00:00,24.161
2015-11-09 00:00:00,23.984
2015-11-09 03:00:00,23.82
2015-11-09 06:00:00,23.665
2015-11-09 09:00:00,23.531
2015-11-09 12:00:00,26.2
2015-11-09 15:00:00,28.4
2015-11-09 18:00:00,29.502
2015-11-09 21:00:00,29.23
2015-11-10 00:00:00,27.838
2015-11-10 03:00:00,27.047
2015-11-10 06:00:00,26.539
2015-11-10 09:00:00,26.172
2015-11-10 12:00:00,25.847
2015-11-10 15:00:00,25.596
2015-11-10 18:00:00,25.424
2015-11-10 21:00:00,25.319
2015-11-11 00:00:00,25.187
2015-11-11 03:00:00,25.069
2015-11-11 06:00:00,24.986
2015-11-11 09:00:00,24.883
2015-11-11 12:00:00,24.678
2015-11-11 15:00:00,24.538
2015-11-11 18:00:00,24.471
2015-11-11 21:00:00,24.409
2015-11-12 00:00:00,26.969
2015-11-12 03:00:00,28.15
2015-11-12 06:00:00,28.27
2015-11-12 09:00:00,28.006
2015-11-12 12:00:00,27.275
2015-11-12 15:00:00,26.81
2015-11-12 18:00:00,27.024
2015-11-12 21:00:00,27.786
2015-11-13 00:00:00,28.235
2015-11-13 03:00:00,28.156
2015-11-13 06:00:00,27.607
2015-11-13 09:00:00,27.177
2015-11-13 12:00:00,26.824
2015-11-13 15:00:00,26.617
2015-11-13 18:00:00,26.472
2015-11-13 21:00:00,26.364
2015-11-14 00:00:00,27.259
2015-11-14 03:00:00,27.644
2015-11-14 06:00:00,28.359
2015-11-14 09:00:00,28.408
2015-11-14 12:00:00,27.59
2015-11-14 15:00:00,27.076
2015-11-14 18:00:00,26.735
2015-11-14 21:00:00,26.463
2015-11-15 00:00:00,26.251
2015-11-15 03:00:00,26.081
2015-11-15 06:00:00,25.951
2015-11-15 09:00:00,25.827
2015-11-15 12:00:00,25.649
2015-11-15 15:00:00,25.537
2015-11-15 18:00:00,25.475
2015-11-15 21:00:00,25.425
2015-11-16 00:00:00,26.18
2015-11-16 03:00:00,26.473
2015-11-16 06:00:00,26.331
2015-11-16 09:00:00,26.426
2015-11-16 12:00:00,26.202
2015-11-16 15:00:00,25.986
2015-11-16 18:00:00,25.846
2015-11-16 21:00:00,25.822
2015-11-17 00:00:00,25.679
2015-11-17 03:00:00,25.544
2015-11-17 06:00:00,25.445
2015-11-17 09:00:00,25.329
2015-11-17 12:00:00,25.186
2015-11-17 15:00:00,25.075
2015-11-17 18:00:00,25.006
2015-11-17 21:00:00,24.965
2015-11-18 00:00:00,24.947
2015-11-18 03:00:00,24.927
2015-11-18 06:00:00,24.897
2015-11-18 09:00:00,24.988
2015-11-18 12:00:00,25.814
2015-11-18 15:00:00,26.788
2015-11-18 18:00:00,27.627
2015-11-18 21:00:00,29.442
2015-11-19 00:00:00,30.968
2015-11-19 03:00:00,29.726
2015-11-19 06:00:00,29.273
2015-11-19 09:00:00,29.364
2015-11-19 12:00:00,28.525
2015-11-19 15:00:00,28.422
2015-11-19 18:00:00,28.148
2015-11-19 21:00:00,27.935
2015-11-20 00:00:00,27.548
2015-11-20 03:00:00,27.506
2015-11-20 06:00:00,27.794
2015-11-20 09:00:00,27.844
2015-11-20 12:00:00,27.566
2015-11-20 15:00:00,27.466
2015-11-20 18:00:00,27.21
2015-11-20 21:00:00,27.07
2015-11-21 00:00:00,26.973
2015-11-21 03:00:00,26.897
2015-11-21 06:00:00,26.857
2015-11-21 09:00:00,26.804
2015-11-21 12:00:00,26.707
2015-11-21 15:00:00,26.637
2015-11-21 18:00:00,26.573
2015-11-21 21:00:00,26.503
2015-11-22 00:00:00,26.445
2015-11-22 03:00:00,26.39
2015-11-22 06:00:00,26.675
2015-11-22 09:00:00,26.775
2015-11-22 12:00:00,26.829
2015-11-22 15:00:00,26.868
2015-11-22 18:00:00,26.787
2015-11-22 21:00:00,26.723
2015-11-23 00:00:00,26.655
2015-11-23 03:00:00,26.591
2015-11-23 06:00:00,26.534
2015-11-23 09:00:00,26.495
2015-11-23 12:00:00,26.383
2015-11-23 15:00:00,26.326
2015-11-23 18:00:00,26.307
2015-11-23 21:00:00,26.285
2015-11-24 00:00:00,26.266
2015-11-24 03:00:00,26.265
2015-11-24 06:00:00,26.265
2015-11-24 09:00:00,26.28
2015-11-24 12:00:00,26.337
2015-11-24 15:00:00,26.515
2015-11-24 18:00:00,26.585
2015-11-24 21:00:00,26.613
2015-11-25 00:00:00,29.162
2015-11-25 03:00:00,30.015
2015-11-25 06:00:00,31.27
2015-11-25 09:00:00,30.555
2015-11-25 12:00:00,29.486
2015-11-25 15:00:00,29.215
2015-11-25 18:00:00,29.565
2015-11-25 21:00:00,30.022
2015-11-26 00:00:00,28.99
2015-11-26 03:00:00,28.41
2015-11-26 06:00:00,28.116
2015-11-26 09:00:00,27.968
2015-11-26 12:00:00,27.766
2015-11-26 15:00:00,27.549
2015-11-26 18:00:00,27.385
2015-11-26 21:00:00,27.272
2015-11-27 00:00:00,27.422
2015-11-27 03:00:00,27.635
2015-11-27 06:00:00,27.633
2015-11-27 09:00:00,27.59
2015-11-27 12:00:00,27.61
2015-11-27 15:00:00,27.598
2015-11-27 18:00:00,27.649
2015-11-27 21:00:00,28.66
2015-11-28 00:00:00,28.414
2015-11-28 03:00:00,28.289
2015-11-28 06:00:00,28.16
2015-11-28 09:00:00,27.795
2015-11-28 12:00:00,27.441
2015-11-28 15:00:00,27.213
2015-11-28 18:00:00,27.049
2015-11-28 21:00:00,26.905
2015-11-29 00:00:00,26.793
2015-11-29 03:00:00,26.698
2015-11-29 06:00:00,26.601
2015-11-29 09:00:00,26.494
2015-11-29 12:00:00,26.379
2015-11-29 15:00:00,26.287
2015-11-29 18:00:00,26.215
2015-11-29 21:00:00,26.156
2015-11-30 00:00:00,26.404
2015-11-30 03:00:00,26.574
2015-11-30 06:00:00,26.625
2015-11-30 09:00:00,27.05
2015-11-30 12:00:00,26.689
2015-11-30 15:00:00,26.418
2015-11-30 18:00:00,26.223
2015-11-30 21:00:00,26.079
2015-12-01 00:00:00,25.976
2015-12-01 03:00:00,25.898
2015-12-01 06:00:00,25.812
2015-12-01 09:00:00,25.714
2015-12-01 12:00:00,25.557
2015-12-01 15:00:00,25.44
2015-12-01 18:00:00,25.354
2015-12-01 21:00:00,25.286
2015-12-02 00:00:00,25.262
2015-12-02 03:00:00,25.213
2015-12-02 06:00:00,25.176
2015-12-02 09:00:00,25.158
2015-12-02 12:00:00,25.124
2015-12-02 15:00:00,25.093
2015-12-02 18:00:00,25.059
2015-12-02 21:00:00,25.057
2015-12-03 00:00:00,25.075
2015-12-03 03:00:00,25.095
2015-12-03 06:00:00,25.111
2015-12-03 09:00:00,25.122
2015-12-03 12:00:00,25.093
2015-12-03 15:00:00,25.063
2015-12-03 18:00:00,25.577
2015-12-03 21:00:00,27.716
2015-12-04 00:00:00,27.651
2015-12-04 03:00:00,27.523
2015-12-04 06:00:00,27.653
2015-12-04 09:00:00,27.848
2015-12-04 12:00:00,27.269
2015-12-04 15:00:00,26.858
2015-12-04 18:00:00,26.579
2015-12-04 21:00:00,26.409
2015-12-05 00:00:00,26.347
2015-12-05 03:00:00,26.298
2015-12-05 06:00:00,26.185
2015-12-05 09:00:00,26.054
2015-12-05 12:00:00,25.893
2015-12-05 15:00:00,25.987
2015-12-05 18:00:00,27.557
2015-12-05 21:00:00,28.855
2015-12-06 00:00:00,28.008
2015-12-06 03:00:00,27.468
2015-12-06 06:00:00,27.078
2015-12-06 09:00:00,26.809
2015-12-06 12:00:00,26.491
2015-12-06 15:00:00,26.274
2015-12-06 18:00:00,27.858
2015-12-06 21:00:00,27.79
2015-12-07 00:00:00,27.211
2015-12-07 03:00:00,26.823
2015-12-07 06:00:00,26.531
2015-12-07 09:00:00,26.322
2015-12-07 12:00:00,26.089
2015-12-07 15:00:00,25.938
2015-12-07 18:00:00,25.879
2015-12-07 21:00:00,25.843
2015-12-08 00:00:00,25.79
2015-12-08 03:00:00,25.74
2015-12-08 06:00:00,25.71
2015-12-08 09:00:00,25.711
2015-12-08 12:00:00,25.661
2015-12-08 15:00:00,26.246
2015-12-08 18:00:00,26.719
2015-12-08 21:00:00,26.888
2015-12-09 00:00:00,26.653
2015-12-09 03:00:00,26.487
2015-12-09 06:00:00,26.359
2015-12-09 09:00:00,26.218
2015-12-09 12:00:00,26.021
2015-12-09 15:00:00,25.843
2015-12-09 18:00:00,25.732
2015-12-09 21:00:00,25.671
2015-12-10 00:00:00,25.889
2015-12-10 03:00:00,27.064
2015-12-10 06:00:00,26.784
2015-12-10 09:00:00,26.497
2015-12-10 12:00:00,26.233
2015-12-10 15:00:00,26.015
2015-12-10 18:00:00,25.845
2015-12-10 21:00:00,25.7
2015-12-11 00:00:00,25.851
2015-12-11 03:00:00,27.601
2015-12-11 06:00:00,27.109
2015-12-11 09:00:00,26.753
2015-12-11 12:00:00,26.447
2015-12-11 15:00:00,26.222
2015-12-11 18:00:00,26.035
2015-12-11 21:00:00,25.885
2015-12-12 00:00:00,25.75
2015-12-12 03:00:00,25.637
2015-12-12 06:00:00,25.557
2015-12-12 09:00:00,25.49
2015-12-12 12:00:00,25.394
2015-12-12 15:00:00,25.317
2015-12-12 18:00:00,25.288
2015-12-12 21:00:00,25.266
2015-12-13 00:00:00,25.243
2015-12-13 03:00:00,25.223
2015-12-13 06:00:00,25.187
2015-12-13 09:00:00,25.139
2015-12-13 12:00:00,25.055
2015-12-13 15:00:00,24.978
2015-12-13 18:00:00,24.896
2015-12-13 21:00:00,24.831
2015-12-14 00:00:00,24.762
2015-12-14 03:00:00,24.729
2015-12-14 06:00:00,24.709
2015-12-14 09:00:00,24.686
2015-12-14 12:00:00,24.622
2015-12-14 15:00:00,24.599
2015-12-14 18:00:00,24.583
2015-12-14 21:00:00,24.574
2015-12-15 00:00:00,24.571
2015-12-15 03:00:00,24.57
2015-12-15 06:00:00,24.569
2015-12-15 09:00:00,24.568
2015-12-15 12:00:00,24.553
2015-12-15 15:00:00,24.552
2015-12-15 18:00:00,24.552
2015-12-15 21:00:00,24.552
2015-12-16 00:00:00,24.552
2015-12-16 03:00:00,24.552
2015-12-16 06:00:00,24.55
2015-12-16 09:00:00,24.547
2015-12-16 12:00:00,24.537
2015-12-16 15:00:00,24.536
2015-12-16 18:00:00,24.536
2015-12-16 21:00:00,24.535
2015-12-17 00:00:00,24.54
2015-12-17 03:00:00,24.662
2015-12-17 06:00:00,25.319
2015-12-17 09:00:00,25.755
2015-12-17 12:00:00,26.553
2015-12-17 15:00:00,27.464
2015-12-17 18:00:00,28.166
2015-12-17 21:00:00,28.459
2015-12-18 00:00:00,28.314
2015-12-18 03:00:00,29.167
2015-12-18 06:00:00,29.072
2015-12-18 09:00:00,28.81
2015-12-18 12:00:00,28.406
2015-12-18 15:00:00,27.924
2015-12-18 18:00:00,27.392
2015-12-18 21:00:00,26.986
2015-12-19 00:00:00,27.12
2015-12-19 03:00:00,27.325
2015-12-19 06:00:00,27.339
2015-12-19 09:00:00,27.092
2015-12-19 12:00:00,26.779
2015-12-19 15:00:00,26.631
2015-12-19 18:00:00,26.489
2015-12-19 21:00:00,26.438
2015-12-20 00:00:00,26.844
2015-12-20 03:00:00,27.173
2015-12-20 06:00:00,27.145
2015-12-20 09:00:00,27.078
2015-12-20 12:00:00,26.788
2015-12-20 15:00:00,26.65
2015-12-20 18:00:00,27.925
2015-12-20 21:00:00,29.097
2015-12-21 00:00:00,28.197
2015-12-21 03:00:00,27.671
2015-12-21 06:00:00,27.309
2015-12-21 09:00:00,27.008
2015-12-21 12:00:00,26.709
2015-12-21 15:00:00,26.517
2015-12-21 18:00:00,26.392
2015-12-21 21:00:00,26.28
2015-12-22 00:00:00,26.332
2015-12-22 03:00:00,26.392
2015-12-22 06:00:00,26.431
2015-12-22 09:00:00,26.385
2015-12-22 12:00:00,26.317
2015-12-22 15:00:00,26.329
2015-12-22 18:00:00,26.352
2015-12-22 21:00:00,26.384
2015-12-23 00:00:00,26.298
2015-12-23 03:00:00,26.239
2015-12-23 06:00:00,26.241
2015-12-23 09:00:00,26.2
2015-12-23 12:00:00,26.08
2015-12-23 15:00:00,25.985
2015-12-23 18:00:00,25.909
2015-12-23 21:00:00,25.815
2015-12-24 00:00:00,25.681
2015-12-24 03:00:00,25.594
2015-12-24 06:00:00,25.563
2015-12-24 09:00:00,25.54
2015-12-24 12:00:00,25.469
2015-12-24 15:00:00,25.419
2015-12-24 18:00:00,25.363
2015-12-24 21:00:00,25.314
2015-12-25 00:00:00,25.273
2015-12-25 03:00:00,25.206
2015-12-25 06:00:00,25.115
2015-12-25 09:00:00,25.014
2015-12-25 12:00:00,24.876
2015-12-25 15:00:00,24.776
2015-12-25 18:00:00,24.704
2015-12-25 21:00:00,24.645
2015-12-26 00:00:00,24.766
2015-12-26 03:00:00,24.906
2015-12-26 06:00:00,24.977
2015-12-26 09:00:00,25.014
2015-12-26 12:00:00,25.286
2015-12-26 15:00:00,26.263
2015-12-26 18:00:00,27.04
2015-12-26 21:00:00,27.172
2015-12-27 00:00:00,26.995
2015-12-27 03:00:00,27.034
2015-12-27 06:00:00,26.848
2015-12-27 09:00:00,26.835
2015-12-27 12:00:00,26.607
2015-12-27 15:00:00,26.387
2015-12-27 18:00:00,26.726
2015-12-27 21:00:00,27.544
2015-12-28 00:00:00,27.134
2015-12-28 03:00:00,26.841
2015-12-28 06:00:00,26.611
2015-12-28 09:00:00,26.425
2015-12-28 12:00:00,26.246
2015-12-28 15:00:00,26.096
2015-12-28 18:00:00,26.016
2015-12-28 21:00:00,25.941
2015-12-29 00:00:00,25.879
2015-12-29 03:00:00,25.848
2015-12-29 06:00:00,25.809
2015-12-29 09:00:00,25.759
2015-12-29 12:00:00,25.691
2015-12-29 15:00:00,25.653
2015-12-29 18:00:00,25.635
2015-12-29 21:00:00,25.616
2015-12-30 00:00:00,25.581
2015-12-30 03:00:00,25.55
2015-12-30 06:00:00,25.522
2015-12-30 09:00:00,25.472
2015-12-30 12:00:00,25.382
2015-12-30 15:00:00,25.31
2015-12-30 18:00:00,25.27
2015-12-30 21:00:00,25.224
2015-12-31 00:00:00,25.169
2015-12-31 03:00:00,25.122
2015-12-31 06:00:00,25.086
2015-12-31 09:00:00,25.038
2015-12-31 12:00:00,24.957
2015-12-31 15:00:00,24.904
2015-12-31 18:00:00,24.894
2015-12-31 21:00:00,24.892
2016-01-01 00:00:00,24.891
2016-01-01 03:00:00,24.887
2016-01-01 06:00:00,24.871
2016-01-01 09:00:00,24.844
2016-01-01 12:00:00,24.844
2016-01-01 15:00:00,24.824
2016-01-01 18:00:00,24.793
2016-01-01 21:00:00,24.755
2016-01-02 00:00:00,24.691
2016-01-02 03:00:00,24.615
2016-01-02 06:00:00,24.532
2016-01-02 09:00:00,24.447
2016-01-02 12:00:00,24.345
2016-01-02 15:00:00,24.264
2016-01-02 18:00:00,24.202
2016-01-02 21:00:00,24.142
2016-01-03 00:00:00,24.088
2016-01-03 03:00:00,24.039
2016-01-03 06:00:00,23.989
2016-01-03 09:00:00,23.942
2016-01-03 12:00:00,23.873
2016-01-03 15:00:00,23.816
2016-01-03 18:00:00,23.8
2016-01-03 21:00:00,23.792
2016-01-04 00:00:00,23.786
2016-01-04 03:00:00,23.782
2016-01-04 06:00:00,23.78
2016-01-04 09:00:00,23.777
2016-01-04 12:00:00,23.742
2016-01-04 15:00:00,23.717
2016-01-04 18:00:00,23.711
2016-01-04 21:00:00,23.707
2016-01-05 00:00:00,23.701
2016-01-05 03:00:00,23.684
2016-01-05 06:00:00,23.68
2016-01-05 09:00:00,23.673
2016-01-05 12:00:00,23.641
2016-01-05 15:00:00,23.616
2016-01-05 18:00:00,23.598
2016-01-05 21:00:00,23.58
2016-01-06 00:00:00,23.563
2016-01-06 03:00:00,23.55
2016-01-06 06:00:00,23.538
2016-01-06 09:00:00,23.52
2016-01-06 12:00:00,23.491
2016-01-06 15:00:00,23.467
2016-01-06 18:00:00,23.449
2016-01-06 21:00:00,23.438
2016-01-07 00:00:00,23.432
2016-01-07 03:00:00,23.427
2016-01-07 06:00:00,23.427
2016-01-07 09:00:00,23.413
2016-01-07 12:00:00,23.379
2016-01-07 15:00:00,23.356
2016-01-07 18:00:00,23.343
2016-01-07 21:00:00,23.329
2016-01-08 00:00:00,23.308
2016-01-08 03:00:00,23.29
2016-01-08 06:00:00,23.277
2016-01-08 09:00:00,23.261
2016-01-08 12:00:00,23.238
2016-01-08 15:00:00,23.224
2016-01-08 18:00:00,23.217
2016-01-08 21:00:00,23.21
2016-01-09 00:00:00,23.203
2016-01-09 03:00:00,23.197
2016-01-09 06:00:00,23.197
2016-01-09 09:00:00,23.192
2016-01-09 12:00:00,23.172
2016-01-09 15:00:00,23.165
2016-01-09 18:00:00,23.161
2016-01-09 21:00:00,23.159
2016-01-10 00:00:00,23.159
2016-01-10 03:00:00,23.159
2016-01-10 06:00:00,23.175
2016-01-10 09:00:00,23.237
2016-01-10 12:00:00,23.423
2016-01-10 15:00:00,23.563
2016-01-10 18:00:00,23.953
2016-01-10 21:00:00,24.932
2016-01-11 00:00:00,25.569
2016-01-11 03:00:00,25.961
2016-01-11 06:00:00,26.017
2016-01-11 09:00:00,26.107
2016-01-11 12:00:00,26.294
2016-01-11 15:00:00,26.488
2016-01-11 18:00:00,26.498
2016-01-11 21:00:00,26.489
2016-01-12 00:00:00,26.481
2016-01-12 03:00:00,26.476
2016-01-12 06:00:00,26.473
2016-01-12 09:00:00,26.474
2016-01-12 12:00:00,26.54
2016-01-12 15:00:00,26.547
2016-01-12 18:00:00,26.538
2016-01-12 21:00:00,26.512
2016-01-13 00:00:00,26.484
2016-01-13 03:00:00,26.465
2016-01-13 06:00:00,26.448
2016-01-13 09:00:00,26.425
2016-01-13 12:00:00,26.384
2016-01-13 15:00:00,26.354
2016-01-13 18:00:00,26.338
2016-01-13 21:00:00,26.322
2016-01-14 00:00:00,26.304
2016-01-14 03:00:00,26.292
2016-01-14 06:00:00,26.279
2016-01-14 09:00:00,26.259
2016-01-14 12:00:00,26.226
2016-01-14 15:00:00,26.207
2016-01-14 18:00:00,26.195
2016-01-14 21:00:00,26.191
2016-01-15 00:00:00,26.179
2016-01-15 03:00:00,26.175
2016-01-15 06:00:00,26.167
2016-01-15 09:00:00,26.152
2016-01-15 12:00:00,26.122
2016-01-15 15:00:00,26.097
2016-01-15 18:00:00,26.077
2016-01-15 21:00:00,26.059
2016-01-16 00:00:00,26.053
2016-01-16 03:00:00,26.053
2016-01-16 06:00:00,26.051
2016-01-16 09:00:00,26.042
2016-01-16 12:00:00,26.022
2016-01-16 15:00:00,26.009
2016-01-16 18:00:00,25.997
2016-01-16 21:00:00,25.995
2016-01-17 00:00:00,25.995
2016-01-17 03:00:00,25.995
2016-01-17 06:00:00,25.995
2016-01-17 09:00:00,25.992
2016-01-17 12:00:00,25.972
2016-01-17 15:00:00,25.965
2016-01-17 18:00:00,25.962
2016-01-17 21:00:00,25.958
2016-01-18 00:00:00,25.953
2016-01-18 03:00:00,25.953
2016-01-18 06:00:00,25.951
2016-01-18 09:00:00,25.946
2016-01-18 12:00:00,25.922
2016-01-18 15:00:00,25.917
2016-01-18 18:00:00,25.917
2016-01-18 21:00:00,25.917
2016-01-19 00:00:00,25.917
2016-01-19 03:00:00,25.917
2016-01-19 06:00:00,25.917
2016-01-19 09:00:00,25.916
2016-01-19 12:00:00,25.907
2016-01-19 15:00:00,25.902
2016-01-19 18:00:00,25.901
2016-01-19 21:00:00,25.899
2016-01-20 00:00:00,25.894
2016-01-20 03:00:00,25.891
2016-01-20 06:00:00,25.887
2016-01-20 09:00:00,25.879
2016-01-20 12:00:00,25.855
2016-01-20 15:00:00,25.844
2016-01-20 18:00:00,25.84
2016-01-20 21:00:00,25.837
2016-01-21 00:00:00,25.836
2016-01-21 03:00:00,25.836
2016-01-21 06:00:00,25.836
2016-01-21 09:00:00,25.832
2016-01-21 12:00:00,25.813
2016-01-21 15:00:00,25.806
2016-01-21 18:00:00,25.806
2016-01-21 21:00:00,25.805
2016-01-22 00:00:00,25.805
2016-01-22 03:00:00,25.805
2016-01-22 06:00:00,25.805
2016-01-22 09:00:00,25.803
2016-01-22 12:00:00,25.791
2016-01-22 15:00:00,25.787
2016-01-22 18:00:00,25.787
2016-01-22 21:00:00,25.787
2016-01-23 00:00:00,25.787
2016-01-23 03:00:00,25.787
2016-01-23 06:00:00,25.787
2016-01-23 09:00:00,25.786
2016-01-23 12:00:00,25.777
2016-01-23 15:00:00,25.773
2016-01-23 18:00:00,25.773
2016-01-23 21:00:00,25.771
2016-01-24 00:00:00,25.771
2016-01-24 03:00:00,25.771
2016-01-24 06:00:00,25.771
2016-01-24 09:00:00,25.77
2016-01-24 12:00:00,25.865
2016-01-24 15:00:00,25.919
2016-01-24 18:00:00,25.919
2016-01-24 21:00:00,25.919
2016-01-25 00:00:00,25.919
2016-01-25 03:00:00,25.919
2016-01-25 06:00:00,25.919
2016-01-25 09:00:00,25.954
2016-01-25 12:00:00,26.32
2016-01-25 15:00:00,26.691
2016-01-25 18:00:00,26.787
2016-01-25 21:00:00,26.88
2016-01-26 00:00:00,26.999
2016-01-26 03:00:00,28.11
2016-01-26 06:00:00,30.268
2016-01-26 09:00:00,31.954
2016-01-26 12:00:00,33.119
2016-01-26 15:00:00,33.999
2016-01-26 18:00:00,34.538
2016-01-26 21:00:00,35.764
2016-01-27 00:00:00,36.186
2016-01-27 03:00:00,36.645
2016-01-27 06:00:00,36.081
2016-01-27 09:00:00,35.275
2016-01-27 12:00:00,34.933
2016-01-27 15:00:00,33.49
2016-01-27 18:00:00,32.684
2016-01-27 21:00:00,32.533
2016-01-28 00:00:00,32.889
2016-01-28 03:00:00,32.282
2016-01-28 06:00:00,31.26
2016-01-28 09:00:00,30.478
2016-01-28 12:00:00,29.85
2016-01-28 15:00:00,29.33
2016-01-28 18:00:00,28.931
2016-01-28 21:00:00,28.64
2016-01-29 00:00:00,28.376
2016-01-29 03:00:00,28.194
2016-01-29 06:00:00,28.532999
2016-01-29 09:00:00,29.526
2016-01-29 12:00:00,30.385
2016-01-29 15:00:00,30.934
2016-01-29 18:00:00,30.752
2016-01-29 21:00:00,30.302
2016-01-30 00:00:00,30.129
2016-01-30 03:00:00,30.036
2016-01-30 06:00:00,29.531
2016-01-30 09:00:00,29.138
2016-01-30 12:00:00,28.902
2016-01-30 15:00:00,28.633
2016-01-30 18:00:00,28.806
2016-01-30 21:00:00,28.89
2016-01-31 00:00:00,28.531
2016-01-31 03:00:00,28.230999
2016-01-31 06:00:00,28.049
2016-01-31 09:00:00,27.903
2016-01-31 12:00:00,27.671
2016-01-31 15:00:00,27.409
2016-01-31 18:00:00,27.2
2016-01-31 21:00:00,27.012
2016-02-01 00:00:00,26.869
2016-02-01 03:00:00,26.767
2016-02-01 06:00:00,26.684
2016-02-01 09:00:00,26.605
2016-02-01 12:00:00,26.475
2016-02-01 15:00:00,26.372
2016-02-01 18:00:00,27.899
2016-02-01 21:00:00,29.723999
2016-02-02 00:00:00,29.301
2016-02-02 03:00:00,28.905
2016-02-02 06:00:00,28.553
2016-02-02 09:00:00,28.215
2016-02-02 12:00:00,27.848999
2016-02-02 15:00:00,27.539
2016-02-02 18:00:00,27.295
2016-02-02 21:00:00,27.08
2016-02-03 00:00:00,26.984
2016-02-03 03:00:00,28.123
2016-02-03 06:00:00,27.883
2016-02-03 09:00:00,27.642
2016-02-03 12:00:00,27.369999
2016-02-03 15:00:00,27.164
2016-02-03 18:00:00,27.145
2016-02-03 21:00:00,27.078
2016-02-04 00:00:00,27.055
2016-02-04 03:00:00,27.036
2016-02-04 06:00:00,27.008
2016-02-04 09:00:00,26.938
2016-02-04 12:00:00,26.808
2016-02-04 15:00:00,26.718
2016-02-04 18:00:00,26.651
2016-02-04 21:00:00,26.591
2016-02-05 00:00:00,26.535
2016-02-05 03:00:00,26.487
2016-02-05 06:00:00,26.46
2016-02-05 09:00:00,26.394
2016-02-05 12:00:00,26.282
2016-02-05 15:00:00,26.228
2016-02-05 18:00:00,26.218
2016-02-05 21:00:00,26.213
2016-02-06 00:00:00,26.562
2016-02-06 03:00:00,28.376
2016-02-06 06:00:00,28.985
2016-02-06 09:00:00,29.604
2016-02-06 12:00:00,29.78
2016-02-06 15:00:00,31.166
2016-02-06 18:00:00,31.961
2016-02-06 21:00:00,32.497
2016-02-07 00:00:00,31.573
2016-02-07 03:00:00,31.174
2016-02-07 06:00:00,30.478
2016-02-07 09:00:00,30.116
2016-02-07 12:00:00,29.71
2016-02-07 15:00:00,29.417
2016-02-07 18:00:00,29.127
2016-02-07 21:00:00,28.931
2016-02-08 00:00:00,28.691
2016-02-08 03:00:00,28.464
2016-02-08 06:00:00,28.255
2016-02-08 09:00:00,28.202
2016-02-08 12:00:00,28.869
2016-02-08 15:00:00,30.561
2016-02-08 18:00:00,30.068
2016-02-08 21:00:00,30.17
2016-02-09 00:00:00,29.653
2016-02-09 03:00:00,29.535
2016-02-09 06:00:00,29.134
2016-02-09 09:00:00,28.812
2016-02-09 12:00:00,28.512
2016-02-09 15:00:00,28.206
2016-02-09 18:00:00,27.961
2016-02-09 21:00:00,27.737999
2016-02-10 00:00:00,27.921
2016-02-10 03:00:00,28.016
2016-02-10 06:00:00,27.937
2016-02-10 09:00:00,27.887
2016-02-10 12:00:00,27.976
2016-02-10 15:00:00,28.059
2016-02-10 18:00:00,29.944
2016-02-10 21:00:00,32.336998
2016-02-11 00:00:00,31.18
2016-02-11 03:00:00,30.404
2016-02-11 06:00:00,29.939
2016-02-11 09:00:00,29.645
2016-02-11 12:00:00,29.209
2016-02-11 15:00:00,28.891
2016-02-11 18:00:00,28.97
2016-02-11 21:00:00,28.803
2016-02-12 00:00:00,28.819
2016-02-12 03:00:00,28.503
2016-02-12 06:00:00,28.276
2016-02-12 09:00:00,28.085
2016-02-12 12:00:00,27.916
2016-02-12 15:00:00,27.777
2016-02-12 18:00:00,27.639
2016-02-12 21:00:00,27.538
2016-02-13 00:00:00,27.466
2016-02-13 03:00:00,27.41
2016-02-13 06:00:00,27.38
2016-02-13 09:00:00,27.295
2016-02-13 12:00:00,27.22
2016-02-13 15:00:00,27.185
2016-02-13 18:00:00,27.183
2016-02-13 21:00:00,27.177
2016-02-14 00:00:00,27.167
2016-02-14 03:00:00,27.153
2016-02-14 06:00:00,27.132
2016-02-14 09:00:00,27.092
2016-02-14 12:00:00,27.041
2016-02-14 15:00:00,27.006
2016-02-14 18:00:00,26.972
2016-02-14 21:00:00,26.924
2016-02-15 00:00:00,26.865
2016-02-15 03:00:00,26.806
2016-02-15 06:00:00,26.75
2016-02-15 09:00:00,26.673
2016-02-15 12:00:00,26.557
2016-02-15 15:00:00,26.462
2016-02-15 18:00:00,26.384
2016-02-15 21:00:00,26.317
2016-02-16 00:00:00,26.262
2016-02-16 03:00:00,26.221
2016-02-16 06:00:00,26.214
2016-02-16 09:00:00,26.171
2016-02-16 12:00:00,26.067
2016-02-16 15:00:00,26.007
2016-02-16 18:00:00,26.006
2016-02-16 21:00:00,26.003
2016-02-17 00:00:00,26.0
2016-02-17 03:00:00,25.997
2016-02-17 06:00:00,25.997
2016-02-17 09:00:00,25.955
2016-02-17 12:00:00,25.851
2016-02-17 15:00:00,25.787
2016-02-17 18:00:00,25.785
2016-02-17 21:00:00,25.784
2016-02-18 00:00:00,25.782999
2016-02-18 03:00:00,25.782
2016-02-18 06:00:00,26.38
2016-02-18 09:00:00,27.388
2016-02-18 12:00:00,28.64
2016-02-18 15:00:00,29.989
2016-02-18 18:00:00,30.001
2016-02-18 21:00:00,29.989
2016-02-19 00:00:00,29.975
2016-02-19 03:00:00,29.964
2016-02-19 06:00:00,29.947
2016-02-19 09:00:00,29.92
2016-02-19 12:00:00,29.938
2016-02-19 15:00:00,29.942
2016-02-19 18:00:00,29.909
2016-02-19 21:00:00,29.877
2016-02-20 00:00:00,29.859
2016-02-20 03:00:00,29.852
2016-02-20 06:00:00,29.845
2016-02-20 09:00:00,29.845
2016-02-20 12:00:00,30.131
2016-02-20 15:00:00,30.298
2016-02-20 18:00:00,30.39
2016-02-20 21:00:00,30.467
2016-02-21 00:00:00,30.44
2016-02-21 03:00:00,30.407999
2016-02-21 06:00:00,30.374
2016-02-21 09:00:00,30.335
2016-02-21 12:00:00,30.246
2016-02-21 15:00:00,30.028
2016-02-21 18:00:00,29.763
2016-02-21 21:00:00,29.556
2016-02-22 00:00:00,29.523
2016-02-22 03:00:00,29.461
2016-02-22 06:00:00,29.432
2016-02-22 09:00:00,29.428999
2016-02-22 12:00:00,29.119
2016-02-22 15:00:00,28.82
2016-02-22 18:00:00,28.574
2016-02-22 21:00:00,28.353
2016-02-23 00:00:00,28.093
2016-02-23 03:00:00,27.854
2016-02-23 06:00:00,27.68
2016-02-23 09:00:00,27.562
2016-02-23 12:00:00,27.397
2016-02-23 15:00:00,27.237
2016-02-23 18:00:00,27.08
2016-02-23 21:00:00,26.961
2016-02-24 00:00:00,26.897
2016-02-24 03:00:00,26.869
2016-02-24 06:00:00,26.848
2016-02-24 09:00:00,26.786
2016-02-24 12:00:00,26.715
2016-02-24 15:00:00,26.668
2016-02-24 18:00:00,26.651
2016-02-24 21:00:00,26.643
2016-02-25 00:00:00,26.637
2016-02-25 03:00:00,26.625
2016-02-25 06:00:00,26.611
2016-02-25 09:00:00,26.571
2016-02-25 12:00:00,26.493
2016-02-25 15:00:00,26.431
2016-02-25 18:00:00,26.426
2016-02-25 21:00:00,26.424
2016-02-26 00:00:00,26.423
2016-02-26 03:00:00,26.423
2016-02-26 06:00:00,26.421999
2016-02-26 09:00:00,26.381
2016-02-26 12:00:00,26.294
2016-02-26 15:00:00,26.236
2016-02-26 18:00:00,26.232
2016-02-26 21:00:00,26.230999
2016-02-27 00:00:00,26.23
2016-02-27 03:00:00,26.229
2016-02-27 06:00:00,26.228
2016-02-27 09:00:00,26.181
2016-02-27 12:00:00,26.082
2016-02-27 15:00:00,26.012
2016-02-27 18:00:00,26.009
2016-02-27 21:00:00,26.008
2016-02-28 00:00:00,26.008
2016-02-28 03:00:00,26.008
2016-02-28 06:00:00,26.008
2016-02-28 09:00:00,25.975
2016-02-28 12:00:00,25.897
2016-02-28 15:00:00,25.846
2016-02-28 18:00:00,25.846
2016-02-28 21:00:00,25.845
2016-02-29 00:00:00,25.845
2016-02-29 03:00:00,25.845
2016-02-29 06:00:00,25.845
2016-02-29 09:00:00,25.816
2016-02-29 12:00:00,25.733
2016-02-29 15:00:00,25.68
2016-02-29 18:00:00,25.678999
2016-02-29 21:00:00,25.678999
2016-03-01 00:00:00,25.678
2016-03-01 03:00:00,25.678
2016-03-01 06:00:00,25.676
2016-03-01 09:00:00,25.619
2016-03-01 12:00:00,25.508
2016-03-01 15:00:00,25.428999
2016-03-01 18:00:00,25.423
2016-03-01 21:00:00,25.406
2016-03-02 00:00:00,25.39
2016-03-02 03:00:00,25.38
2016-03-02 06:00:00,25.365
2016-03-02 09:00:00,25.964
2016-03-02 12:00:00,25.991
2016-03-02 15:00:00,26.062
2016-03-02 18:00:00,26.471
2016-03-02 21:00:00,26.979
2016-03-03 00:00:00,27.362
2016-03-03 03:00:00,27.718
2016-03-03 06:00:00,27.705
2016-03-03 09:00:00,27.697
2016-03-03 12:00:00,27.671
2016-03-03 15:00:00,27.619999
2016-03-03 18:00:00,27.582
2016-03-03 21:00:00,27.617
2016-03-04 00:00:00,27.668
2016-03-04 03:00:00,27.625
2016-03-04 06:00:00,27.59
2016-03-04 09:00:00,27.553
2016-03-04 12:00:00,27.44
2016-03-04 15:00:00,27.369
2016-03-04 18:00:00,27.32
2016-03-04 21:00:00,27.354
2016-03-05 00:00:00,27.192
2016-03-05 03:00:00,27.053999
2016-03-05 06:00:00,26.963
2016-03-05 09:00:00,26.839
2016-03-05 12:00:00,26.703
2016-03-05 15:00:00,26.578
2016-03-05 18:00:00,26.454
2016-03-05 21:00:00,26.332
2016-03-06 00:00:00,28.575
2016-03-06 03:00:00,29.772
2016-03-06 06:00:00,30.131
2016-03-06 09:00:00,29.877
2016-03-06 12:00:00,29.445
2016-03-06 15:00:00,29.06
2016-03-06 18:00:00,28.711
2016-03-06 21:00:00,28.472
2016-03-07 00:00:00,28.244
2016-03-07 03:00:00,28.051
2016-03-07 06:00:00,27.82
2016-03-07 09:00:00,27.695
2016-03-07 12:00:00,27.796
2016-03-07 15:00:00,27.728
2016-03-07 18:00:00,27.517
2016-03-07 21:00:00,27.333
2016-03-08 00:00:00,27.187
2016-03-08 03:00:00,27.104
2016-03-08 06:00:00,27.052
2016-03-08 09:00:00,26.969
2016-03-08 12:00:00,26.786
2016-03-08 15:00:00,26.574
2016-03-08 18:00:00,26.45
2016-03-08 21:00:00,26.336
2016-03-09 00:00:00,26.237999
2016-03-09 03:00:00,26.17
2016-03-09 06:00:00,26.117
2016-03-09 09:00:00,26.019
2016-03-09 12:00:00,25.818
2016-03-09 15:00:00,25.649
2016-03-09 18:00:00,25.557
2016-03-09 21:00:00,25.483
2016-03-10 00:00:00,25.436
2016-03-10 03:00:00,25.391
2016-03-10 06:00:00,25.347
2016-03-10 09:00:00,25.276
2016-03-10 12:00:00,25.159
2016-03-10 15:00:00,25.041
2016-03-10 18:00:00,24.961
2016-03-10 21:00:00,24.895
2016-03-11 00:00:00,24.832
2016-03-11 03:00:00,24.771
2016-03-11 06:00:00,24.714
2016-03-11 09:00:00,24.635
2016-03-11 12:00:00,24.502
2016-03-11 15:00:00,24.377
2016-03-11 18:00:00,24.322
2016-03-11 21:00:00,24.293
2016-03-12 00:00:00,24.281
2016-03-12 03:00:00,24.277
2016-03-12 06:00:00,24.274
2016-03-12 09:00:00,24.221
2016-03-12 12:00:00,24.101
2016-03-12 15:00:00,24.006
2016-03-12 18:00:00,23.956
2016-03-12 21:00:00,23.924
2016-03-13 00:00:00,23.903
2016-03-13 03:00:00,23.885
2016-03-13 06:00:00,23.867
2016-03-13 09:00:00,23.815
2016-03-13 12:00:00,23.714
2016-03-13 15:00:00,23.623
2016-03-13 18:00:00,23.576
2016-03-13 21:00:00,23.539
2016-03-14 00:00:00,25.454
2016-03-14 03:00:00,26.878
2016-03-14 06:00:00,27.303
2016-03-14 09:00:00,27.527
2016-03-14 12:00:00,27.655
2016-03-14 15:00:00,27.835
2016-03-14 18:00:00,28.384
2016-03-14 21:00:00,28.993
2016-03-15 00:00:00,28.686
2016-03-15 03:00:00,28.396
2016-03-15 06:00:00,28.116
2016-03-15 09:00:00,27.783
2016-03-15 12:00:00,27.412
2016-03-15 15:00:00,27.133
2016-03-15 18:00:00,26.99
2016-03-15 21:00:00,26.862
2016-03-16 00:00:00,26.752
2016-03-16 03:00:00,26.7
2016-03-16 06:00:00,26.676
2016-03-16 09:00:00,26.568
2016-03-16 12:00:00,26.32
2016-03-16 15:00:00,26.089
2016-03-16 18:00:00,25.981
2016-03-16 21:00:00,25.891
2016-03-17 00:00:00,25.805
2016-03-17 03:00:00,25.726
2016-03-17 06:00:00,25.644
2016-03-17 09:00:00,25.489
2016-03-17 12:00:00,25.233
2016-03-17 15:00:00,25.017
2016-03-17 18:00:00,24.933
2016-03-17 21:00:00,24.868
2016-03-18 00:00:00,24.81
2016-03-18 03:00:00,24.752
2016-03-18 06:00:00,24.723
2016-03-18 09:00:00,24.672
2016-03-18 12:00:00,24.474
2016-03-18 15:00:00,24.342
2016-03-18 18:00:00,24.278
2016-03-18 21:00:00,24.229
2016-03-19 00:00:00,24.215
2016-03-19 03:00:00,24.16
2016-03-19 06:00:00,24.148
2016-03-19 09:00:00,24.144
2016-03-19 12:00:00,23.979
2016-03-19 15:00:00,23.818
2016-03-19 18:00:00,23.733
2016-03-19 21:00:00,23.686
2016-03-20 00:00:00,23.651
2016-03-20 03:00:00,23.62
2016-03-20 06:00:00,23.59
2016-03-20 09:00:00,23.513
2016-03-20 12:00:00,23.361
2016-03-20 15:00:00,23.237
2016-03-20 18:00:00,23.195
2016-03-20 21:00:00,23.178
2016-03-21 00:00:00,23.157999
2016-03-21 03:00:00,23.161
2016-03-21 06:00:00,23.147
2016-03-21 09:00:00,23.073
2016-03-21 12:00:00,22.939
2016-03-21 15:00:00,22.834
2016-03-21 18:00:00,22.814
2016-03-21 21:00:00,22.825
2016-03-22 00:00:00,22.855
2016-03-22 03:00:00,22.902
2016-03-22 06:00:00,22.99
2016-03-22 09:00:00,23.041
2016-03-22 12:00:00,23.074
2016-03-22 15:00:00,23.177
2016-03-22 18:00:00,23.454
2016-03-22 21:00:00,23.725
2016-03-23 00:00:00,23.853
2016-03-23 03:00:00,23.966
2016-03-23 06:00:00,24.076
2016-03-23 09:00:00,24.182
2016-03-23 12:00:00,24.23
2016-03-23 15:00:00,24.26
2016-03-23 18:00:00,24.879
2016-03-23 21:00:00,25.614
2016-03-24 00:00:00,25.527
2016-03-24 03:00:00,25.458
2016-03-24 06:00:00,25.401
2016-03-24 09:00:00,25.268
2016-03-24 12:00:00,25.064
2016-03-24 15:00:00,24.923
2016-03-24 18:00:00,24.877
2016-03-24 21:00:00,24.862999
2016-03-25 00:00:00,24.907
2016-03-25 03:00:00,24.976
2016-03-25 06:00:00,25.292
2016-03-25 09:00:00,25.489
2016-03-25 12:00:00,25.65
2016-03-25 15:00:00,25.605999
2016-03-25 18:00:00,25.811
2016-03-25 21:00:00,25.942
2016-03-26 00:00:00,25.829
2016-03-26 03:00:00,25.736
2016-03-26 06:00:00,25.657
2016-03-26 09:00:00,25.494
2016-03-26 12:00:00,25.227
2016-03-26 15:00:00,25.01
2016-03-26 18:00:00,24.942
2016-03-26 21:00:00,24.926
2016-03-27 00:00:00,24.894
2016-03-27 03:00:00,24.877
2016-03-27 06:00:00,24.862
2016-03-27 09:00:00,24.716
2016-03-27 12:00:00,24.473
2016-03-27 15:00:00,24.296999
2016-03-27 18:00:00,24.281
2016-03-27 21:00:00,24.347
2016-03-28 00:00:00,24.401
2016-03-28 03:00:00,24.451
2016-03-28 06:00:00,24.494999
2016-03-28 09:00:00,24.421999
2016-03-28 12:00:00,24.246
2016-03-28 15:00:00,24.107
2016-03-28 18:00:00,24.11
2016-03-28 21:00:00,24.151
2016-03-29 00:00:00,24.465
2016-03-29 03:00:00,24.634
2016-03-29 06:00:00,24.714
2016-03-29 09:00:00,24.692
2016-03-29 12:00:00,24.551
2016-03-29 15:00:00,24.396
2016-03-29 18:00:00,24.498
2016-03-29 21:00:00,24.619999
2016-03-30 00:00:00,24.629
2016-03-30 03:00:00,24.646
2016-03-30 06:00:00,24.653
2016-03-30 09:00:00,24.536
2016-03-30 12:00:00,24.329
2016-03-30 15:00:00,24.233
2016-03-30 18:00:00,24.221
2016-03-30 21:00:00,24.242
2016-03-31 00:00:00,24.267
2016-03-31 03:00:00,24.291
2016-03-31 06:00:00,24.298
2016-03-31 09:00:00,24.24
2016-03-31 12:00:00,24.05
2016-03-31 15:00:00,23.878
2016-03-31 18:00:00,23.842
2016-03-31 21:00:00,23.855
2016-04-01 00:00:00,23.867
2016-04-01 03:00:00,23.887
2016-04-01 06:00:00,23.909
2016-04-01 09:00:00,23.817
2016-04-01 12:00:00,23.638
2016-04-01 15:00:00,23.453
2016-04-01 18:00:00,23.418
2016-04-01 21:00:00,23.479
2016-04-02 00:00:00,23.472
2016-04-02 03:00:00,23.503
2016-04-02 06:00:00,23.96
2016-04-02 09:00:00,24.24
2016-04-02 12:00:00,24.399
2016-04-02 15:00:00,24.594
2016-04-02 18:00:00,24.732
2016-04-02 21:00:00,24.967
2016-04-03 00:00:00,25.044
2016-04-03 03:00:00,25.119999
2016-04-03 06:00:00,29.196
2016-04-03 09:00:00,30.561
2016-04-03 12:00:00,28.784
2016-04-03 15:00:00,27.93
2016-04-03 18:00:00,27.623
2016-04-03 21:00:00,27.338
2016-04-04 00:00:00,27.391
2016-04-04 03:00:00,27.45
2016-04-04 06:00:00,27.275
2016-04-04 09:00:00,27.078
2016-04-04 12:00:00,26.674
2016-04-04 15:00:00,26.423
2016-04-04 18:00:00,26.31
2016-04-04 21:00:00,26.263
2016-04-05 00:00:00,26.204
2016-04-05 03:00:00,26.171999
2016-04-05 06:00:00,26.134
2016-04-05 09:00:00,25.983
2016-04-05 12:00:00,25.678
2016-04-05 15:00:00,25.442
2016-04-05 18:00:00,25.888
2016-04-05 21:00:00,26.714
2016-04-06 00:00:00,30.44
2016-04-06 03:00:00,29.811
2016-04-06 06:00:00,28.722
2016-04-06 09:00:00,28.124
2016-04-06 12:00:00,27.432
2016-04-06 15:00:00,27.286
2016-04-06 18:00:00,27.999
2016-04-06 21:00:00,29.151
2016-04-07 00:00:00,28.494999
2016-04-07 03:00:00,28.092
2016-04-07 06:00:00,27.796
2016-04-07 09:00:00,27.407
2016-04-07 12:00:00,27.048
2016-04-07 15:00:00,26.730999
2016-04-07 18:00:00,26.58
2016-04-07 21:00:00,26.566
2016-04-08 00:00:00,26.535
2016-04-08 03:00:00,26.509
2016-04-08 06:00:00,26.447
2016-04-08 09:00:00,26.236
2016-04-08 12:00:00,25.954
2016-04-08 15:00:00,25.757
2016-04-08 18:00:00,25.707
2016-04-08 21:00:00,25.74
2016-04-09 00:00:00,25.759
2016-04-09 03:00:00,25.772
2016-04-09 06:00:00,25.768
2016-04-09 09:00:00,25.622
2016-04-09 12:00:00,25.329
2016-04-09 15:00:00,25.105
2016-04-09 18:00:00,25.051
2016-04-09 21:00:00,25.091
2016-04-10 00:00:00,25.146
2016-04-10 03:00:00,25.126
2016-04-10 06:00:00,25.077
2016-04-10 09:00:00,24.917
2016-04-10 12:00:00,24.766
2016-04-10 15:00:00,24.629
2016-04-10 18:00:00,24.605999
2016-04-10 21:00:00,24.637
2016-04-11 00:00:00,24.671
2016-04-11 03:00:00,24.742
2016-04-11 06:00:00,24.838
2016-04-11 09:00:00,24.912
2016-04-11 12:00:00,24.657
2016-04-11 15:00:00,24.449
2016-04-11 18:00:00,24.436
2016-04-11 21:00:00,24.519
2016-04-12 00:00:00,24.569
2016-04-12 03:00:00,24.557
2016-04-12 06:00:00,24.518
2016-04-12 09:00:00,24.334
2016-04-12 12:00:00,24.083
2016-04-12 15:00:00,23.893
2016-04-12 18:00:00,23.876
2016-04-12 21:00:00,23.952
2016-04-13 00:00:00,24.023
2016-04-13 03:00:00,24.087
2016-04-13 06:00:00,24.102
2016-04-13 09:00:00,23.99
2016-04-13 12:00:00,23.788
2016-04-13 15:00:00,23.631
2016-04-13 18:00:00,23.584
2016-04-13 21:00:00,23.602
2016-04-14 00:00:00,23.928
2016-04-14 03:00:00,24.631
2016-04-14 06:00:00,25.098999
2016-04-14 09:00:00,25.778
2016-04-14 12:00:00,25.424
2016-04-14 15:00:00,25.328
2016-04-14 18:00:00,25.326
2016-04-14 21:00:00,25.36
2016-04-15 00:00:00,25.278
2016-04-15 03:00:00,25.230999
2016-04-15 06:00:00,25.484
2016-04-15 09:00:00,25.445
2016-04-15 12:00:00,25.039
2016-04-15 15:00:00,24.719
2016-04-15 18:00:00,24.63
2016-04-15 21:00:00,24.65
2016-04-16 00:00:00,24.662
2016-04-16 03:00:00,24.703
2016-04-16 06:00:00,24.733
2016-04-16 09:00:00,24.702
2016-04-16 12:00:00,24.596
2016-04-16 15:00:00,24.434
2016-04-16 18:00:00,24.553999
2016-04-16 21:00:00,24.61
2016-04-17 00:00:00,24.592
2016-04-17 03:00:00,24.578
2016-04-17 06:00:00,24.525
2016-04-17 09:00:00,24.334
2016-04-17 12:00:00,24.076
2016-04-17 15:00:00,23.901
2016-04-17 18:00:00,23.837
2016-04-17 21:00:00,23.825
2016-04-18 00:00:00,23.831
2016-04-18 03:00:00,23.845
2016-04-18 06:00:00,23.832
2016-04-18 09:00:00,23.691
2016-04-18 12:00:00,23.47
2016-04-18 15:00:00,23.362999
2016-04-18 18:00:00,23.329
2016-04-18 21:00:00,23.343
2016-04-19 00:00:00,23.367
2016-04-19 03:00:00,23.384
2016-04-19 06:00:00,23.375
2016-04-19 09:00:00,23.279
2016-04-19 12:00:00,23.098999
2016-04-19 15:00:00,22.939
2016-04-19 18:00:00,22.902
2016-04-19 21:00:00,22.937
2016-04-20 00:00:00,22.984
2016-04-20 03:00:00,23.02
2016-04-20 06:00:00,23.022
2016-04-20 09:00:00,22.862
2016-04-20 12:00:00,22.592
2016-04-20 15:00:00,22.36
2016-04-20 18:00:00,22.292
2016-04-20 21:00:00,22.362
2016-04-21 00:00:00,22.471
2016-04-21 03:00:00,22.528
2016-04-21 06:00:00,22.512
2016-04-21 09:00:00,22.414
2016-04-21 12:00:00,22.228
2016-04-21 15:00:00,22.15
2016-04-21 18:00:00,22.111
2016-04-21 21:00:00,22.936
2016-04-22 00:00:00,22.944
2016-04-22 03:00:00,22.958
2016-04-22 06:00:00,22.939
2016-04-22 09:00:00,22.786
2016-04-22 12:00:00,22.561
2016-04-22 15:00:00,22.344
2016-04-22 18:00:00,22.263
2016-04-22 21:00:00,22.314
2016-04-23 00:00:00,22.355
2016-04-23 03:00:00,22.402
2016-04-23 06:00:00,22.393
2016-04-23 09:00:00,22.306
2016-04-23 12:00:00,22.171999
2016-04-23 15:00:00,22.117
2016-04-23 18:00:00,22.129
2016-04-23 21:00:00,22.17
2016-04-24 00:00:00,22.247
2016-04-24 03:00:00,22.3
2016-04-24 06:00:00,22.325
2016-04-24 09:00:00,22.282999
2016-04-24 12:00:00,22.214
2016-04-24 15:00:00,22.14
2016-04-24 18:00:00,22.14
2016-04-24 21:00:00,22.188
2016-04-25 00:00:00,22.19
2016-04-25 03:00:00,22.187
2016-04-25 06:00:00,22.163
2016-04-25 09:00:00,22.029
2016-04-25 12:00:00,21.899
2016-04-25 15:00:00,21.84
2016-04-25 18:00:00,21.842
2016-04-25 21:00:00,21.901
2016-04-26 00:00:00,21.925
2016-04-26 03:00:00,21.925
2016-04-26 06:00:00,21.898
2016-04-26 09:00:00,21.777
2016-04-26 12:00:00,21.653
2016-04-26 15:00:00,21.539999
2016-04-26 18:00:00,21.527
2016-04-26 21:00:00,21.564
2016-04-27 00:00:00,21.61
2016-04-27 03:00:00,21.65
2016-04-27 06:00:00,21.678
2016-04-27 09:00:00,21.686
2016-04-27 12:00:00,21.649
2016-04-27 15:00:00,21.629
2016-04-27 18:00:00,21.654
2016-04-27 21:00:00,21.715
2016-04-28 00:00:00,22.313
2016-04-28 03:00:00,23.279
2016-04-28 06:00:00,24.048
2016-04-28 09:00:00,24.18
2016-04-28 12:00:00,24.301
2016-04-28 15:00:00,25.005
2016-04-28 18:00:00,24.752
2016-04-28 21:00:00,24.643
2016-04-29 00:00:00,24.499
2016-04-29 03:00:00,24.381
2016-04-29 06:00:00,24.256
2016-04-29 09:00:00,24.046999
2016-04-29 12:00:00,23.733
2016-04-29 15:00:00,23.455
2016-04-29 18:00:00,23.333
2016-04-29 21:00:00,23.289999
2016-04-30 00:00:00,23.328
2016-04-30 03:00:00,23.362999
2016-04-30 06:00:00,23.414
2016-04-30 09:00:00,23.312
2016-04-30 12:00:00,23.13
2016-04-30 15:00:00,23.01
2016-04-30 18:00:00,22.987
2016-04-30 21:00:00,23.003
2016-05-01 00:00:00,23.042
2016-05-01 03:00:00,23.04
2016-05-01 06:00:00,23.01
2016-05-01 09:00:00,22.866
2016-05-01 12:00:00,22.657999
2016-05-01 15:00:00,22.473999
2016-05-01 18:00:00,22.412
2016-05-01 21:00:00,22.453
2016-05-02 00:00:00,22.478
2016-05-02 03:00:00,22.494
2016-05-02 06:00:00,22.493
2016-05-02 09:00:00,22.379
2016-05-02 12:00:00,22.195
2016-05-02 15:00:00,22.038
2016-05-02 18:00:00,21.973
2016-05-02 21:00:00,22.013
2016-05-03 00:00:00,22.06
2016-05-03 03:00:00,22.109
2016-05-03 06:00:00,22.112
2016-05-03 09:00:00,21.975
2016-05-03 12:00:00,21.768
2016-05-03 15:00:00,21.595
2016-05-03 18:00:00,21.531
2016-05-03 21:00:00,21.575
2016-05-04 00:00:00,21.623
2016-05-04 03:00:00,21.684
2016-05-04 06:00:00,21.698
2016-05-04 09:00:00,21.602
2016-05-04 12:00:00,21.442
2016-05-04 15:00:00,21.314
2016-05-04 18:00:00,21.282
2016-05-04 21:00:00,21.329
2016-05-05 00:00:00,21.378
2016-05-05 03:00:00,21.424
2016-05-05 06:00:00,21.447
2016-05-05 09:00:00,21.363
2016-05-05 12:00:00,21.203
2016-05-05 15:00:00,21.052
2016-05-05 18:00:00,21.002
2016-05-05 21:00:00,21.044
2016-05-06 00:00:00,21.096
2016-05-06 03:00:00,21.153
2016-05-06 06:00:00,21.171
2016-05-06 09:00:00,21.081
2016-05-06 12:00:00,20.913
2016-05-06 15:00:00,20.752
2016-05-06 18:00:00,20.691
2016-05-06 21:00:00,20.732
2016-05-07 00:00:00,20.778
2016-05-07 03:00:00,20.824
2016-05-07 06:00:00,20.844
2016-05-07 09:00:00,20.739
2016-05-07 12:00:00,20.571
2016-05-07 15:00:00,20.427
2016-05-07 18:00:00,20.385
2016-05-07 21:00:00,20.426
2016-05-08 00:00:00,20.472
2016-05-08 03:00:00,20.519
2016-05-08 06:00:00,20.544
2016-05-08 09:00:00,20.455
2016-05-08 12:00:00,20.295
2016-05-08 15:00:00,20.151
2016-05-08 18:00:00,20.105
2016-05-08 21:00:00,20.146
2016-05-09 00:00:00,20.19
2016-05-09 03:00:00,20.238
2016-05-09 06:00:00,20.263
2016-05-09 09:00:00,20.179
2016-05-09 12:00:00,20.023
2016-05-09 15:00:00,19.881
2016-05-09 18:00:00,19.835
2016-05-09 21:00:00,19.875
2016-05-10 00:00:00,19.917
2016-05-10 03:00:00,19.96
2016-05-10 06:00:00,19.98
2016-05-10 09:00:00,19.894
2016-05-10 12:00:00,19.744
2016-05-10 15:00:00,19.606
2016-05-10 18:00:00,19.556
2016-05-10 21:00:00,19.593
2016-05-11 00:00:00,19.707
2016-05-11 03:00:00,19.805
2016-05-11 06:00:00,20.185
2016-05-11 09:00:00,20.443
2016-05-11 12:00:00,20.333
2016-05-11 15:00:00,21.233
2016-05-11 18:00:00,21.197
2016-05-11 21:00:00,21.234
2016-05-12 00:00:00,21.244
2016-05-12 03:00:00,21.259
2016-05-12 06:00:00,21.231
2016-05-12 09:00:00,21.112
2016-05-12 12:00:00,20.942
2016-05-12 15:00:00,20.801
2016-05-12 18:00:00,20.75
2016-05-12 21:00:00,20.765
2016-05-13 00:00:00,20.786
2016-05-13 03:00:00,20.808
2016-05-13 06:00:00,20.798
2016-05-13 09:00:00,20.696
2016-05-13 12:00:00,20.538
2016-05-13 15:00:00,20.4
2016-05-13 18:00:00,20.348
2016-05-13 21:00:00,20.369
2016-05-14 00:00:00,20.393
2016-05-14 03:00:00,20.42
2016-05-14 06:00:00,20.422
2016-05-14 09:00:00,20.395
2016-05-14 12:00:00,20.346
2016-05-14 15:00:00,20.269
2016-05-14 18:00:00,20.245
2016-05-14 21:00:00,20.254
2016-05-15 00:00:00,20.451
2016-05-15 03:00:00,20.6
2016-05-15 06:00:00,20.665
2016-05-15 09:00:00,20.929
2016-05-15 12:00:00,20.902
2016-05-15 15:00:00,20.946
2016-05-15 18:00:00,21.029
2016-05-15 21:00:00,21.104
2016-05-16 00:00:00,21.964
2016-05-16 03:00:00,22.101
2016-05-16 06:00:00,22.065
2016-05-16 09:00:00,22.073
2016-05-16 12:00:00,21.982
2016-05-16 15:00:00,21.872
2016-05-16 18:00:00,22.062
2016-05-16 21:00:00,22.801
2016-05-17 00:00:00,22.707
2016-05-17 03:00:00,22.627
2016-05-17 06:00:00,22.53
2016-05-17 09:00:00,22.377
2016-05-17 12:00:00,22.209
2016-05-17 15:00:00,22.064
2016-05-17 18:00:00,21.966
2016-05-17 21:00:00,21.937
2016-05-18 00:00:00,21.918
2016-05-18 03:00:00,21.895
2016-05-18 06:00:00,21.841
2016-05-18 09:00:00,21.719
2016-05-18 12:00:00,21.614
2016-05-18 15:00:00,21.537
2016-05-18 18:00:00,21.49
2016-05-18 21:00:00,21.475
2016-05-19 00:00:00,21.463
2016-05-19 03:00:00,21.45
2016-05-19 06:00:00,21.416
2016-05-19 09:00:00,21.322
2016-05-19 12:00:00,21.21
2016-05-19 15:00:00,21.067
2016-05-19 18:00:00,21.0
2016-05-19 21:00:00,20.987
2016-05-20 00:00:00,21.015
2016-05-20 03:00:00,21.075
2016-05-20 06:00:00,21.34
2016-05-20 09:00:00,21.434
2016-05-20 12:00:00,21.482
2016-05-20 15:00:00,21.459
2016-05-20 18:00:00,21.702
2016-05-20 21:00:00,22.28
2016-05-21 00:00:00,22.227
2016-05-21 03:00:00,22.18
2016-05-21 06:00:00,22.108
2016-05-21 09:00:00,21.932
2016-05-21 12:00:00,21.709
2016-05-21 15:00:00,21.552
2016-05-21 18:00:00,21.489
2016-05-21 21:00:00,21.466
2016-05-22 00:00:00,21.84
2016-05-22 03:00:00,22.778
2016-05-22 06:00:00,22.689
2016-05-22 09:00:00,22.559
2016-05-22 12:00:00,22.431
2016-05-22 15:00:00,22.202
2016-05-22 18:00:00,22.103
2016-05-22 21:00:00,22.099
2016-05-23 00:00:00,22.064
2016-05-23 03:00:00,22.044
2016-05-23 06:00:00,21.963
2016-05-23 09:00:00,21.771
2016-05-23 12:00:00,21.546
2016-05-23 15:00:00,21.344
2016-05-23 18:00:00,21.257
2016-05-23 21:00:00,21.251
2016-05-24 00:00:00,21.261
2016-05-24 03:00:00,21.275
2016-05-24 06:00:00,21.24
2016-05-24 09:00:00,21.109
2016-05-24 12:00:00,20.924
2016-05-24 15:00:00,20.761
2016-05-24 18:00:00,20.696
2016-05-24 21:00:00,20.705
2016-05-25 00:00:00,20.721
2016-05-25 03:00:00,20.741
2016-05-25 06:00:00,20.723
2016-05-25 09:00:00,20.641
2016-05-25 12:00:00,20.499
2016-05-25 15:00:00,20.379
2016-05-25 18:00:00,20.336
2016-05-25 21:00:00,20.338
2016-05-26 00:00:00,20.36
2016-05-26 03:00:00,20.382
2016-05-26 06:00:00,20.371
2016-05-26 09:00:00,20.276
2016-05-26 12:00:00,20.144
2016-05-26 15:00:00,20.038
2016-05-26 18:00:00,20.022
2016-05-26 21:00:00,20.027
2016-05-27 00:00:00,20.064
2016-05-27 03:00:00,20.285
2016-05-27 06:00:00,21.457
2016-05-27 09:00:00,22.775
2016-05-27 12:00:00,22.554
2016-05-27 15:00:00,22.396
2016-05-27 18:00:00,22.591
2016-05-27 21:00:00,23.226
2016-05-28 00:00:00,23.096
2016-05-28 03:00:00,23.133
2016-05-28 06:00:00,23.107
2016-05-28 09:00:00,22.951
2016-05-28 12:00:00,22.726
2016-05-28 15:00:00,22.566
2016-05-28 18:00:00,22.5
2016-05-28 21:00:00,22.477
2016-05-29 00:00:00,22.499
2016-05-29 03:00:00,22.528
2016-05-29 06:00:00,22.498
2016-05-29 09:00:00,22.387
2016-05-29 12:00:00,22.196
2016-05-29 15:00:00,22.013
2016-05-29 18:00:00,22.196
2016-05-29 21:00:00,23.794
2016-05-30 00:00:00,23.603
2016-05-30 03:00:00,23.462
2016-05-30 06:00:00,23.259
2016-05-30 09:00:00,22.941
2016-05-30 12:00:00,22.576
2016-05-30 15:00:00,22.272
2016-05-30 18:00:00,22.106
2016-05-30 21:00:00,22.042
2016-05-31 00:00:00,22.026
2016-05-31 03:00:00,22.038
2016-05-31 06:00:00,21.947
2016-05-31 09:00:00,21.788
2016-05-31 12:00:00,21.543
2016-05-31 15:00:00,21.354
2016-05-31 18:00:00,21.272
2016-05-31 21:00:00,21.258
2016-06-01 00:00:00,21.414
2016-06-01 03:00:00,21.612
2016-06-01 06:00:00,21.588
2016-06-01 09:00:00,21.429
2016-06-01 12:00:00,21.234
2016-06-01 15:00:00,21.044
2016-06-01 18:00:00,20.977
2016-06-01 21:00:00,21.077
2016-06-02 00:00:00,21.073
2016-06-02 03:00:00,21.071
2016-06-02 06:00:00,21.021
2016-06-02 09:00:00,20.856
2016-06-02 12:00:00,20.642
2016-06-02 15:00:00,20.457
2016-06-02 18:00:00,20.372
2016-06-02 21:00:00,20.371
2016-06-03 00:00:00,20.385
2016-06-03 03:00:00,20.403
2016-06-03 06:00:00,20.37
2016-06-03 09:00:00,20.245
2016-06-03 12:00:00,20.067
2016-06-03 15:00:00,19.914
2016-06-03 18:00:00,19.852
2016-06-03 21:00:00,19.864
2016-06-04 00:00:00,19.952
2016-06-04 03:00:00,20.031
2016-06-04 06:00:00,20.067
2016-06-04 09:00:00,20.022
2016-06-04 12:00:00,19.926
2016-06-04 15:00:00,19.853
2016-06-04 18:00:00,19.873
2016-06-04 21:00:00,19.966
2016-06-05 00:00:00,19.976
2016-06-05 03:00:00,19.988
2016-06-05 06:00:00,19.97
2016-06-05 09:00:00,19.876
2016-06-05 12:00:00,19.739
2016-06-05 15:00:00,19.629
2016-06-05 18:00:00,19.581
2016-06-05 21:00:00,19.567
2016-06-06 00:00:00,19.579
2016-06-06 03:00:00,19.591
2016-06-06 06:00:00,19.559
2016-06-06 09:00:00,19.46
2016-06-06 12:00:00,19.329
2016-06-06 15:00:00,19.219
2016-06-06 18:00:00,19.17
2016-06-06 21:00:00,19.18
2016-06-07 00:00:00,19.195
2016-06-07 03:00:00,19.209
2016-06-07 06:00:00,19.181
2016-06-07 09:00:00,19.086
2016-06-07 12:00:00,18.945
2016-06-07 15:00:00,18.822
2016-06-07 18:00:00,18.758
2016-06-07 21:00:00,18.75
2016-06-08 00:00:00,18.758
2016-06-08 03:00:00,18.775
2016-06-08 06:00:00,18.765
2016-06-08 09:00:00,18.702
2016-06-08 12:00:00,18.629
2016-06-08 15:00:00,18.586
2016-06-08 18:00:00,18.56
2016-06-08 21:00:00,18.571
2016-06-09 00:00:00,18.59
2016-06-09 03:00:00,18.605
2016-06-09 06:00:00,18.585
2016-06-09 09:00:00,18.508
2016-06-09 12:00:00,18.4
2016-06-09 15:00:00,18.345
2016-06-09 18:00:00,18.336
2016-06-09 21:00:00,18.342
2016-06-10 00:00:00,18.425
2016-06-10 03:00:00,18.51
2016-06-10 06:00:00,18.638
2016-06-10 09:00:00,18.685
2016-06-10 12:00:00,18.755
2016-06-10 15:00:00,18.84
2016-06-10 18:00:00,18.931
2016-06-10 21:00:00,19.043
2016-06-11 00:00:00,19.051
2016-06-11 03:00:00,19.054
2016-06-11 06:00:00,19.035
2016-06-11 09:00:00,18.957
2016-06-11 12:00:00,18.841
2016-06-11 15:00:00,18.747
2016-06-11 18:00:00,18.701
2016-06-11 21:00:00,18.701
2016-06-12 00:00:00,18.707
2016-06-12 03:00:00,18.716
2016-06-12 06:00:00,18.692
2016-06-12 09:00:00,18.609
2016-06-12 12:00:00,18.498
2016-06-12 15:00:00,18.4
2016-06-12 18:00:00,18.355
2016-06-12 21:00:00,18.359
2016-06-13 00:00:00,18.373
2016-06-13 03:00:00,18.386
2016-06-13 06:00:00,18.37
2016-06-13 09:00:00,18.292
2016-06-13 12:00:00,18.18
2016-06-13 15:00:00,18.082
2016-06-13 18:00:00,18.037
2016-06-13 21:00:00,18.04
2016-06-14 00:00:00,18.062
2016-06-14 03:00:00,18.085
2016-06-14 06:00:00,18.073
2016-06-14 09:00:00,18.009
2016-06-14 12:00:00,17.915
2016-06-14 15:00:00,17.834
2016-06-14 18:00:00,17.803
2016-06-14 21:00:00,17.802
2016-06-15 00:00:00,17.99
2016-06-15 03:00:00,18.483
2016-06-15 06:00:00,18.603
2016-06-15 09:00:00,18.621
2016-06-15 12:00:00,18.517
2016-06-15 15:00:00,18.41
2016-06-15 18:00:00,18.345
2016-06-15 21:00:00,18.35
2016-06-16 00:00:00,18.369
2016-06-16 03:00:00,18.398
2016-06-16 06:00:00,18.395
2016-06-16 09:00:00,18.411
2016-06-16 12:00:00,18.509
2016-06-16 15:00:00,18.599
2016-06-16 18:00:00,18.888
2016-06-16 21:00:00,19.505
2016-06-17 00:00:00,19.993
2016-06-17 03:00:00,20.48
2016-06-17 06:00:00,20.911
2016-06-17 09:00:00,21.089
2016-06-17 12:00:00,21.006
2016-06-17 15:00:00,20.945
2016-06-17 18:00:00,20.921
2016-06-17 21:00:00,20.943
2016-06-18 00:00:00,22.669
2016-06-18 03:00:00,24.125
2016-06-18 06:00:00,24.583
2016-06-18 09:00:00,24.505
2016-06-18 12:00:00,24.207
2016-06-18 15:00:00,23.99
2016-06-18 18:00:00,24.05
2016-06-18 21:00:00,24.723
2016-06-19 00:00:00,24.259
2016-06-19 03:00:00,23.904
2016-06-19 06:00:00,23.548
2016-06-19 09:00:00,23.063
2016-06-19 12:00:00,22.53
2016-06-19 15:00:00,22.082
2016-06-19 18:00:00,21.83
2016-06-19 21:00:00,21.738
2016-06-20 00:00:00,21.67
2016-06-20 03:00:00,21.611
2016-06-20 06:00:00,21.489
2016-06-20 09:00:00,21.248
2016-06-20 12:00:00,20.953
2016-06-20 15:00:00,20.694
2016-06-20 18:00:00,20.556
2016-06-20 21:00:00,20.511
2016-06-21 00:00:00,20.544
2016-06-21 03:00:00,20.566
2016-06-21 06:00:00,20.638
2016-06-21 09:00:00,20.916
2016-06-21 12:00:00,21.255
2016-06-21 15:00:00,21.467
2016-06-21 18:00:00,21.399
2016-06-21 21:00:00,21.456
2016-06-22 00:00:00,21.401
2016-06-22 03:00:00,21.354
2016-06-22 06:00:00,21.258
2016-06-22 09:00:00,21.016
2016-06-22 12:00:00,20.712
2016-06-22 15:00:00,20.448
2016-06-22 18:00:00,20.316
2016-06-22 21:00:00,20.273
2016-06-23 00:00:00,20.252
2016-06-23 03:00:00,20.238
2016-06-23 06:00:00,20.241
2016-06-23 09:00:00,20.139
2016-06-23 12:00:00,19.9
2016-06-23 15:00:00,19.714
2016-06-23 18:00:00,19.625
2016-06-23 21:00:00,19.616
2016-06-24 00:00:00,19.67
2016-06-24 03:00:00,19.709
2016-06-24 06:00:00,19.819
2016-06-24 09:00:00,20.025
2016-06-24 12:00:00,20.11
2016-06-24 15:00:00,20.256
2016-06-24 18:00:00,20.265
2016-06-24 21:00:00,20.338
2016-06-25 00:00:00,20.594
2016-06-25 03:00:00,20.938
2016-06-25 06:00:00,20.876
2016-06-25 09:00:00,20.673
2016-06-25 12:00:00,20.393
2016-06-25 15:00:00,20.151
2016-06-25 18:00:00,20.086
2016-06-25 21:00:00,20.157
2016-06-26 00:00:00,20.556
2016-06-26 03:00:00,21.167
2016-06-26 06:00:00,21.43
2016-06-26 09:00:00,21.377
2016-06-26 12:00:00,21.161
2016-06-26 15:00:00,20.988
2016-06-26 18:00:00,20.954
2016-06-26 21:00:00,21.015
2016-06-27 00:00:00,20.967
2016-06-27 03:00:00,20.922
2016-06-27 06:00:00,20.826
2016-06-27 09:00:00,20.585
2016-06-27 12:00:00,20.298
2016-06-27 15:00:00,20.094
2016-06-27 18:00:00,20.036
2016-06-27 21:00:00,20.089
2016-06-28 00:00:00,20.067
2016-06-28 03:00:00,20.049
2016-06-28 06:00:00,19.991
2016-06-28 09:00:00,19.841
2016-06-28 12:00:00,19.626
2016-06-28 15:00:00,19.456
2016-06-28 18:00:00,19.364
2016-06-28 21:00:00,19.345
2016-06-29 00:00:00,19.593
2016-06-29 03:00:00,20.696
2016-06-29 06:00:00,20.771
2016-06-29 09:00:00,20.645
2016-06-29 12:00:00,20.555
2016-06-29 15:00:00,20.604
2016-06-29 18:00:00,20.561
2016-06-29 21:00:00,20.54
2016-06-30 00:00:00,20.633
2016-06-30 03:00:00,20.869
2016-06-30 06:00:00,20.957
2016-06-30 09:00:00,20.815
2016-06-30 12:00:00,20.67
2016-06-30 15:00:00,20.628
2016-06-30 18:00:00,20.62
2016-06-30 21:00:00,20.682
2016-07-01 00:00:00,20.668
2016-07-01 03:00:00,20.683
2016-07-01 06:00:00,20.637
2016-07-01 09:00:00,20.464
2016-07-01 12:00:00,20.248
2016-07-01 15:00:00,20.037
2016-07-01 18:00:00,20.06
2016-07-01 21:00:00,20.22
2016-07-02 00:00:00,20.242
2016-07-02 03:00:00,21.175
2016-07-02 06:00:00,21.427
2016-07-02 09:00:00,21.349
2016-07-02 12:00:00,21.209
2016-07-02 15:00:00,21.154
2016-07-02 18:00:00,22.373
2016-07-02 21:00:00,24.468
2016-07-03 00:00:00,24.0
2016-07-03 03:00:00,23.628
2016-07-03 06:00:00,23.281
2016-07-03 09:00:00,22.785
2016-07-03 12:00:00,22.225
2016-07-03 15:00:00,21.797
2016-07-03 18:00:00,21.566
2016-07-03 21:00:00,21.47
2016-07-04 00:00:00,21.448
2016-07-04 03:00:00,21.435
2016-07-04 06:00:00,21.354
2016-07-04 09:00:00,21.154
2016-07-04 12:00:00,20.924
2016-07-04 15:00:00,20.767
2016-07-04 18:00:00,20.644
2016-07-04 21:00:00,20.614
2016-07-05 00:00:00,20.656
2016-07-05 03:00:00,20.733
2016-07-05 06:00:00,20.8
2016-07-05 09:00:00,20.744
2016-07-05 12:00:00,20.779
2016-07-05 15:00:00,20.673
2016-07-05 18:00:00,20.687
2016-07-05 21:00:00,20.747
2016-07-06 00:00:00,21.557
2016-07-06 03:00:00,22.152
2016-07-06 06:00:00,24.7
2016-07-06 09:00:00,25.047
2016-07-06 12:00:00,24.744
2016-07-06 15:00:00,24.41
2016-07-06 18:00:00,24.212
2016-07-06 21:00:00,24.366
2016-07-07 00:00:00,24.002
2016-07-07 03:00:00,23.7
2016-07-07 06:00:00,23.378
2016-07-07 09:00:00,22.89
2016-07-07 12:00:00,22.368
2016-07-07 15:00:00,21.93
2016-07-07 18:00:00,21.663
2016-07-07 21:00:00,21.577
2016-07-08 00:00:00,21.618
2016-07-08 03:00:00,21.879
2016-07-08 06:00:00,21.828
2016-07-08 09:00:00,21.613
2016-07-08 12:00:00,21.328
2016-07-08 15:00:00,21.056
2016-07-08 18:00:00,20.95
2016-07-08 21:00:00,20.956
2016-07-09 00:00:00,20.933
2016-07-09 03:00:00,20.912
2016-07-09 06:00:00,20.855
2016-07-09 09:00:00,20.699
2016-07-09 12:00:00,20.421
2016-07-09 15:00:00,20.178
2016-07-09 18:00:00,20.046
2016-07-09 21:00:00,20.102
2016-07-10 00:00:00,20.117
2016-07-10 03:00:00,20.154
2016-07-10 06:00:00,20.123
2016-07-10 09:00:00,20.03
2016-07-10 12:00:00,19.865
2016-07-10 15:00:00,19.751
2016-07-10 18:00:00,19.702
2016-07-10 21:00:00,19.713
2016-07-11 00:00:00,24.226
2016-07-11 03:00:00,26.331
2016-07-11 06:00:00,25.459
2016-07-11 09:00:00,24.875
2016-07-11 12:00:00,24.1
2016-07-11 15:00:00,23.401
2016-07-11 18:00:00,24.197
2016-07-11 21:00:00,24.596
2016-07-12 00:00:00,24.22
2016-07-12 03:00:00,23.915
2016-07-12 06:00:00,23.589
2016-07-12 09:00:00,23.099
2016-07-12 12:00:00,22.593
2016-07-12 15:00:00,22.22
2016-07-12 18:00:00,22.033
2016-07-12 21:00:00,21.941
2016-07-13 00:00:00,21.888
2016-07-13 03:00:00,21.842
2016-07-13 06:00:00,21.722
2016-07-13 09:00:00,21.439
2016-07-13 12:00:00,21.077
2016-07-13 15:00:00,20.769
2016-07-13 18:00:00,20.618
2016-07-13 21:00:00,20.587
2016-07-14 00:00:00,20.585
2016-07-14 03:00:00,20.587
2016-07-14 06:00:00,20.527
2016-07-14 09:00:00,20.334
2016-07-14 12:00:00,20.11
2016-07-14 15:00:00,19.981
2016-07-14 18:00:00,19.926
2016-07-14 21:00:00,19.932
2016-07-15 00:00:00,20.402
2016-07-15 03:00:00,21.298
2016-07-15 06:00:00,22.088
2016-07-15 09:00:00,22.511
2016-07-15 12:00:00,22.636
2016-07-15 15:00:00,22.726
2016-07-15 18:00:00,24.239
2016-07-15 21:00:00,27.861
2016-07-16 00:00:00,26.664
2016-07-16 03:00:00,26.043
2016-07-16 06:00:00,25.494
2016-07-16 09:00:00,24.879
2016-07-16 12:00:00,24.236
2016-07-16 15:00:00,23.668
2016-07-16 18:00:00,23.423
2016-07-16 21:00:00,23.552
2016-07-17 00:00:00,23.411
2016-07-17 03:00:00,23.34
2016-07-17 06:00:00,23.166
2016-07-17 09:00:00,22.81
2016-07-17 12:00:00,22.464
2016-07-17 15:00:00,22.322
2016-07-17 18:00:00,22.194
2016-07-17 21:00:00,22.151
2016-07-18 00:00:00,22.096
2016-07-18 03:00:00,22.05
2016-07-18 06:00:00,21.966
2016-07-18 09:00:00,21.727
2016-07-18 12:00:00,21.434
2016-07-18 15:00:00,21.251
2016-07-18 18:00:00,21.234
2016-07-18 21:00:00,21.252
2016-07-19 00:00:00,21.232
2016-07-19 03:00:00,21.222
2016-07-19 06:00:00,21.168
2016-07-19 09:00:00,20.953
2016-07-19 12:00:00,20.655
2016-07-19 15:00:00,20.429
2016-07-19 18:00:00,20.323
2016-07-19 21:00:00,20.322
2016-07-20 00:00:00,20.45
2016-07-20 03:00:00,20.715
2016-07-20 06:00:00,20.873
2016-07-20 09:00:00,20.806
2016-07-20 12:00:00,20.586
2016-07-20 15:00:00,20.403
2016-07-20 18:00:00,20.368
2016-07-20 21:00:00,20.434
2016-07-21 00:00:00,20.426
2016-07-21 03:00:00,20.42
2016-07-21 06:00:00,20.38
2016-07-21 09:00:00,20.164
2016-07-21 12:00:00,19.872
2016-07-21 15:00:00,19.626
2016-07-21 18:00:00,19.52
2016-07-21 21:00:00,19.522
2016-07-22 00:00:00,19.527
2016-07-22 03:00:00,19.531
2016-07-22 06:00:00,19.483
2016-07-22 09:00:00,19.301
2016-07-22 12:00:00,19.058
2016-07-22 15:00:00,18.856
2016-07-22 18:00:00,18.775
2016-07-22 21:00:00,18.782
2016-07-23 00:00:00,18.794
2016-07-23 03:00:00,18.808
2016-07-23 06:00:00,18.787
2016-07-23 09:00:00,18.642
2016-07-23 12:00:00,18.438
2016-07-23 15:00:00,18.268
2016-07-23 18:00:00,18.194
2016-07-23 21:00:00,18.19
2016-07-24 00:00:00,18.2
2016-07-24 03:00:00,18.211
2016-07-24 06:00:00,18.19
2016-07-24 09:00:00,18.107
2016-07-24 12:00:00,17.939
2016-07-24 15:00:00,17.815
2016-07-24 18:00:00,17.916
2016-07-24 21:00:00,18.04
2016-07-25 00:00:00,18.06
2016-07-25 03:00:00,18.083
2016-07-25 06:00:00,18.074
2016-07-25 09:00:00,17.966
2016-07-25 12:00:00,17.792
2016-07-25 15:00:00,17.647
2016-07-25 18:00:00,17.587
2016-07-25 21:00:00,17.595
2016-07-26 00:00:00,17.613
2016-07-26 03:00:00,17.638
2016-07-26 06:00:00,17.622
2016-07-26 09:00:00,17.515
2016-07-26 12:00:00,17.391
2016-07-26 15:00:00,17.318
2016-07-26 18:00:00,17.34
2016-07-26 21:00:00,17.411
2016-07-27 00:00:00,17.419
2016-07-27 03:00:00,17.433
2016-07-27 06:00:00,17.417
2016-07-27 09:00:00,17.308
2016-07-27 12:00:00,17.193
2016-07-27 15:00:00,17.084
2016-07-27 18:00:00,17.022
2016-07-27 21:00:00,17.021
2016-07-28 00:00:00,17.03
2016-07-28 03:00:00,17.084
2016-07-28 06:00:00,17.073
2016-07-28 09:00:00,17.062
2016-07-28 12:00:00,17.038
2016-07-28 15:00:00,18.909
2016-07-28 18:00:00,19.013
2016-07-28 21:00:00,19.469
2016-07-29 00:00:00,19.437
2016-07-29 03:00:00,19.411
2016-07-29 06:00:00,19.354
2016-07-29 09:00:00,19.157
2016-07-29 12:00:00,18.9
2016-07-29 15:00:00,18.721
2016-07-29 18:00:00,18.623
2016-07-29 21:00:00,18.588
2016-07-30 00:00:00,18.68
2016-07-30 03:00:00,18.858
2016-07-30 06:00:00,18.978
2016-07-30 09:00:00,18.925
2016-07-30 12:00:00,18.754
2016-07-30 15:00:00,18.594
2016-07-30 18:00:00,18.544
2016-07-30 21:00:00,18.549
2016-07-31 00:00:00,18.524
2016-07-31 03:00:00,18.502
2016-07-31 06:00:00,18.443
2016-07-31 09:00:00,18.274
2016-07-31 12:00:00,18.034
2016-07-31 15:00:00,17.83
2016-07-31 18:00:00,17.75
2016-07-31 21:00:00,17.734
2016-08-01 00:00:00,17.745
2016-08-01 03:00:00,17.818
2016-08-01 06:00:00,17.847
2016-08-01 09:00:00,17.758
2016-08-01 12:00:00,17.683
2016-08-01 15:00:00,17.747
2016-08-01 18:00:00,17.828
2016-08-01 21:00:00,17.982
2016-08-02 00:00:00,17.973
2016-08-02 03:00:00,17.972
2016-08-02 06:00:00,17.937
2016-08-02 09:00:00,17.792
2016-08-02 12:00:00,17.586
2016-08-02 15:00:00,17.421
2016-08-02 18:00:00,17.358
2016-08-02 21:00:00,17.352
2016-08-03 00:00:00,17.397
2016-08-03 03:00:00,17.431
2016-08-03 06:00:00,17.411
2016-08-03 09:00:00,17.288
2016-08-03 12:00:00,17.147
2016-08-03 15:00:00,17.034
2016-08-03 18:00:00,16.988
2016-08-03 21:00:00,17.113
2016-08-04 00:00:00,17.172
2016-08-04 03:00:00,17.191
2016-08-04 06:00:00,17.188
2016-08-04 09:00:00,17.083
2016-08-04 12:00:00,16.922
2016-08-04 15:00:00,16.802
2016-08-04 18:00:00,16.749
2016-08-04 21:00:00,16.745
2016-08-05 00:00:00,16.743
2016-08-05 03:00:00,17.537
2016-08-05 06:00:00,17.692
2016-08-05 09:00:00,17.796
2016-08-05 12:00:00,17.935
2016-08-05 15:00:00,18.181
2016-08-05 18:00:00,18.782
2016-08-05 21:00:00,19.985
2016-08-06 00:00:00,19.902
2016-08-06 03:00:00,19.826
2016-08-06 06:00:00,19.73
2016-08-06 09:00:00,19.498
2016-08-06 12:00:00,19.171
2016-08-06 15:00:00,18.926
2016-08-06 18:00:00,18.809
2016-08-06 21:00:00,18.766
2016-08-07 00:00:00,18.722
2016-08-07 03:00:00,18.677
2016-08-07 06:00:00,18.601
2016-08-07 09:00:00,18.41
2016-08-07 12:00:00,18.146
2016-08-07 15:00:00,17.93
2016-08-07 18:00:00,17.823
2016-08-07 21:00:00,17.798
2016-08-08 00:00:00,17.887
2016-08-08 03:00:00,17.943
2016-08-08 06:00:00,18.003
2016-08-08 09:00:00,18.009
2016-08-08 12:00:00,17.93
2016-08-08 15:00:00,17.928
2016-08-08 18:00:00,17.956
2016-08-08 21:00:00,18.114
2016-08-09 00:00:00,18.107
2016-08-09 03:00:00,18.105
2016-08-09 06:00:00,18.075
2016-08-09 09:00:00,17.945
2016-08-09 12:00:00,17.753
2016-08-09 15:00:00,17.632
2016-08-09 18:00:00,17.561
2016-08-09 21:00:00,17.555
2016-08-10 00:00:00,17.532
2016-08-10 03:00:00,17.512
2016-08-10 06:00:00,17.458
2016-08-10 09:00:00,17.315
2016-08-10 12:00:00,17.122
2016-08-10 15:00:00,16.962
2016-08-10 18:00:00,16.886
2016-08-10 21:00:00,16.861
2016-08-11 00:00:00,16.872
2016-08-11 03:00:00,16.885
2016-08-11 06:00:00,16.889
2016-08-11 09:00:00,16.809
2016-08-11 12:00:00,16.702
2016-08-11 15:00:00,16.643
2016-08-11 18:00:00,16.634
2016-08-11 21:00:00,16.66
2016-08-12 00:00:00,16.66
2016-08-12 03:00:00,16.663
2016-08-12 06:00:00,16.647
2016-08-12 09:00:00,16.548
2016-08-12 12:00:00,16.432
2016-08-12 15:00:00,16.349
2016-08-12 18:00:00,16.333
2016-08-12 21:00:00,16.34
2016-08-13 00:00:00,16.408
2016-08-13 03:00:00,16.478
2016-08-13 06:00:00,16.792
2016-08-13 09:00:00,17.622
2016-08-13 12:00:00,17.795
2016-08-13 15:00:00,17.722
2016-08-13 18:00:00,17.666
2016-08-13 21:00:00,17.635
2016-08-14 00:00:00,17.608
2016-08-14 03:00:00,17.587
2016-08-14 06:00:00,17.601
2016-08-14 09:00:00,17.483
2016-08-14 12:00:00,17.299
2016-08-14 15:00:00,17.14
2016-08-14 18:00:00,17.077
2016-08-14 21:00:00,17.054
2016-08-15 00:00:00,17.043
2016-08-15 03:00:00,17.033
2016-08-15 06:00:00,17.001
2016-08-15 09:00:00,16.876
2016-08-15 12:00:00,16.675
2016-08-15 15:00:00,16.497
2016-08-15 18:00:00,16.427
2016-08-15 21:00:00,16.414
2016-08-16 00:00:00,16.392
2016-08-16 03:00:00,16.371
2016-08-16 06:00:00,16.334
2016-08-16 09:00:00,16.231
2016-08-16 12:00:00,16.083
2016-08-16 15:00:00,15.957
2016-08-16 18:00:00,15.909
2016-08-16 21:00:00,15.905
2016-08-17 00:00:00,16.263
2016-08-17 03:00:00,16.687
2016-08-17 06:00:00,16.942
2016-08-17 09:00:00,17.098
2016-08-17 12:00:00,17.422
2016-08-17 15:00:00,17.61
2016-08-17 18:00:00,17.759
2016-08-17 21:00:00,18.165
2016-08-18 00:00:00,18.155
2016-08-18 03:00:00,18.145
2016-08-18 06:00:00,18.558
2016-08-18 09:00:00,19.24
2016-08-18 12:00:00,20.101
2016-08-18 15:00:00,20.391
2016-08-18 18:00:00,20.414
2016-08-18 21:00:00,20.816
2016-08-19 00:00:00,20.679
2016-08-19 03:00:00,20.635
2016-08-19 06:00:00,20.622
2016-08-19 09:00:00,21.073
2016-08-19 12:00:00,20.994
2016-08-19 15:00:00,20.806
2016-08-19 18:00:00,20.896
2016-08-19 21:00:00,21.404
2016-08-20 00:00:00,21.45
2016-08-20 03:00:00,21.503
2016-08-20 06:00:00,21.891
2016-08-20 09:00:00,21.846
2016-08-20 12:00:00,21.747
2016-08-20 15:00:00,21.531
2016-08-20 18:00:00,21.304
2016-08-20 21:00:00,21.16
2016-08-21 00:00:00,21.705
2016-08-21 03:00:00,23.604
2016-08-21 06:00:00,24.604
2016-08-21 09:00:00,25.235
2016-08-21 12:00:00,25.28
2016-08-21 15:00:00,25.936
2016-08-21 18:00:00,26.383
2016-08-21 21:00:00,27.351
2016-08-22 00:00:00,26.067
2016-08-22 03:00:00,25.267
2016-08-22 06:00:00,24.71
2016-08-22 09:00:00,24.123
2016-08-22 12:00:00,23.413
2016-08-22 15:00:00,22.917
2016-08-22 18:00:00,22.678
2016-08-22 21:00:00,22.525
2016-08-23 00:00:00,22.487
2016-08-23 03:00:00,22.647
2016-08-23 06:00:00,22.783
2016-08-23 09:00:00,23.216
2016-08-23 12:00:00,23.203
2016-08-23 15:00:00,22.833
2016-08-23 18:00:00,22.655
2016-08-23 21:00:00,22.648
2016-08-24 00:00:00,22.522
2016-08-24 03:00:00,22.414
2016-08-24 06:00:00,22.296
2016-08-24 09:00:00,22.018
2016-08-24 12:00:00,21.582
2016-08-24 15:00:00,21.244
2016-08-24 18:00:00,21.1
2016-08-24 21:00:00,21.058
2016-08-25 00:00:00,21.014
2016-08-25 03:00:00,20.979
2016-08-25 06:00:00,20.917
2016-08-25 09:00:00,20.679
2016-08-25 12:00:00,20.334
2016-08-25 15:00:00,20.045
2016-08-25 18:00:00,19.925
2016-08-25 21:00:00,19.908
2016-08-26 00:00:00,19.901
2016-08-26 03:00:00,19.901
2016-08-26 06:00:00,19.877
2016-08-26 09:00:00,19.697
2016-08-26 12:00:00,19.453
2016-08-26 15:00:00,19.227
2016-08-26 18:00:00,19.129
2016-08-26 21:00:00,19.135
2016-08-27 00:00:00,19.133
2016-08-27 03:00:00,19.124
2016-08-27 06:00:00,19.092
2016-08-27 09:00:00,18.928
2016-08-27 12:00:00,18.675
2016-08-27 15:00:00,18.469
2016-08-27 18:00:00,18.401
2016-08-27 21:00:00,18.409
2016-08-28 00:00:00,21.526
2016-08-28 03:00:00,22.908
2016-08-28 06:00:00,22.807
2016-08-28 09:00:00,22.533
2016-08-28 12:00:00,22.306
2016-08-28 15:00:00,22.108
2016-08-28 18:00:00,21.956
2016-08-28 21:00:00,21.874
2016-08-29 00:00:00,21.813
2016-08-29 03:00:00,21.738
2016-08-29 06:00:00,22.473
2016-08-29 09:00:00,23.152
2016-08-29 12:00:00,22.94
2016-08-29 15:00:00,22.712
2016-08-29 18:00:00,22.733
2016-08-29 21:00:00,23.574
2016-08-30 00:00:00,23.299
2016-08-30 03:00:00,23.072
2016-08-30 06:00:00,22.824
2016-08-30 09:00:00,22.418
2016-08-30 12:00:00,21.927
2016-08-30 15:00:00,21.556
2016-08-30 18:00:00,21.397
2016-08-30 21:00:00,21.333
2016-08-31 00:00:00,21.287
2016-08-31 03:00:00,21.25
2016-08-31 06:00:00,21.194
2016-08-31 09:00:00,20.982
2016-08-31 12:00:00,20.654
2016-08-31 15:00:00,20.379
2016-08-31 18:00:00,20.282
2016-08-31 21:00:00,20.259
2016-09-01 00:00:00,20.226
2016-09-01 03:00:00,20.205
2016-09-01 06:00:00,20.27
2016-09-01 09:00:00,20.181
2016-09-01 12:00:00,19.993
2016-09-01 15:00:00,19.959
2016-09-01 18:00:00,19.88
2016-09-01 21:00:00,19.852
2016-09-02 00:00:00,19.845
2016-09-02 03:00:00,19.856
2016-09-02 06:00:00,19.828
2016-09-02 09:00:00,19.687
2016-09-02 12:00:00,19.464
2016-09-02 15:00:00,19.289
2016-09-02 18:00:00,19.239
2016-09-02 21:00:00,19.234
2016-09-03 00:00:00,19.221
2016-09-03 03:00:00,19.211
2016-09-03 06:00:00,19.186
2016-09-03 09:00:00,19.106
2016-09-03 12:00:00,18.986
2016-09-03 15:00:00,19.57
2016-09-03 18:00:00,19.937
2016-09-03 21:00:00,20.438
2016-09-04 00:00:00,20.401
2016-09-04 03:00:00,20.365
2016-09-04 06:00:00,20.308
2016-09-04 09:00:00,20.132
2016-09-04 12:00:00,19.848
2016-09-04 15:00:00,19.66
2016-09-04 18:00:00,19.612
2016-09-04 21:00:00,19.603
2016-09-05 00:00:00,19.595
2016-09-05 03:00:00,19.598
2016-09-05 06:00:00,19.581
2016-09-05 09:00:00,19.45
2016-09-05 12:00:00,19.22
2016-09-05 15:00:00,19.045
2016-09-05 18:00:00,18.998
2016-09-05 21:00:00,18.998
2016-09-06 00:00:00,19.008
2016-09-06 03:00:00,19.02
2016-09-06 06:00:00,19.014
2016-09-06 09:00:00,18.895
2016-09-06 12:00:00,18.691
2016-09-06 15:00:00,18.52
2016-09-06 18:00:00,18.46
2016-09-06 21:00:00,18.46
2016-09-07 00:00:00,18.494
2016-09-07 03:00:00,18.611
2016-09-07 06:00:00,18.747
2016-09-07 09:00:00,18.74
2016-09-07 12:00:00,18.595
2016-09-07 15:00:00,18.524
2016-09-07 18:00:00,18.499
2016-09-07 21:00:00,18.517
2016-09-08 00:00:00,18.541
2016-09-08 03:00:00,18.553
2016-09-08 06:00:00,18.549
2016-09-08 09:00:00,18.471
2016-09-08 12:00:00,18.326
2016-09-08 15:00:00,18.223
2016-09-08 18:00:00,18.198
2016-09-08 21:00:00,18.216
2016-09-09 00:00:00,18.24
2016-09-09 03:00:00,18.264
2016-09-09 06:00:00,18.273
2016-09-09 09:00:00,18.208
2016-09-09 12:00:00,18.071
2016-09-09 15:00:00,17.937
2016-09-09 18:00:00,17.9
2016-09-09 21:00:00,17.894
2016-09-10 00:00:00,17.9
2016-09-10 03:00:00,17.901
2016-09-10 06:00:00,17.89
2016-09-10 09:00:00,17.793
2016-09-10 12:00:00,17.616
2016-09-10 15:00:00,17.475
2016-09-10 18:00:00,17.442
2016-09-10 21:00:00,17.449
2016-09-11 00:00:00,17.453
2016-09-11 03:00:00,17.472
2016-09-11 06:00:00,17.484
2016-09-11 09:00:00,17.404
2016-09-11 12:00:00,17.266
2016-09-11 15:00:00,17.128
2016-09-11 18:00:00,17.089
2016-09-11 21:00:00,17.096
2016-09-12 00:00:00,17.106
2016-09-12 03:00:00,17.12
2016-09-12 06:00:00,17.128
2016-09-12 09:00:00,17.057
2016-09-12 12:00:00,16.915
2016-09-12 15:00:00,16.799
2016-09-12 18:00:00,16.781
2016-09-12 21:00:00,16.786
2016-09-13 00:00:00,16.795
2016-09-13 03:00:00,16.807
2016-09-13 06:00:00,16.816
2016-09-13 09:00:00,16.746
2016-09-13 12:00:00,16.6
2016-09-13 15:00:00,16.481
2016-09-13 18:00:00,16.459
2016-09-13 21:00:00,16.463
2016-09-14 00:00:00,16.471
2016-09-14 03:00:00,16.488
2016-09-14 06:00:00,16.5
2016-09-14 09:00:00,16.442
2016-09-14 12:00:00,16.326
2016-09-14 15:00:00,16.234
2016-09-14 18:00:00,16.214
2016-09-14 21:00:00,16.218
2016-09-15 00:00:00,16.225
2016-09-15 03:00:00,16.231
2016-09-15 06:00:00,16.239
2016-09-15 09:00:00,16.192
2016-09-15 12:00:00,16.08
2016-09-15 15:00:00,15.993
2016-09-15 18:00:00,15.981
2016-09-15 21:00:00,15.997
2016-09-16 00:00:00,16.01
2016-09-16 03:00:00,16.026
2016-09-16 06:00:00,16.023
2016-09-16 09:00:00,15.981
2016-09-16 12:00:00,15.899
2016-09-16 15:00:00,15.824
2016-09-16 18:00:00,15.807
2016-09-16 21:00:00,15.812
2016-09-17 00:00:00,15.82
2016-09-17 03:00:00,15.827
2016-09-17 06:00:00,15.833
2016-09-17 09:00:00,15.784
2016-09-17 12:00:00,15.705
2016-09-17 15:00:00,15.641
2016-09-17 18:00:00,15.627
2016-09-17 21:00:00,15.632
2016-09-18 00:00:00,15.636
2016-09-18 03:00:00,15.643
2016-09-18 06:00:00,15.645
2016-09-18 09:00:00,15.604
2016-09-18 12:00:00,15.53
2016-09-18 15:00:00,15.464
2016-09-18 18:00:00,15.454
2016-09-18 21:00:00,15.459
2016-09-19 00:00:00,15.464
2016-09-19 03:00:00,15.471
2016-09-19 06:00:00,15.483
2016-09-19 09:00:00,15.455
2016-09-19 12:00:00,15.404
2016-09-19 15:00:00,15.364
2016-09-19 18:00:00,15.358
2016-09-19 21:00:00,15.363
2016-09-20 00:00:00,15.396
2016-09-20 03:00:00,15.47
2016-09-20 06:00:00,15.501
2016-09-20 09:00:00,15.478
2016-09-20 12:00:00,15.427
2016-09-20 15:00:00,15.409
2016-09-20 18:00:00,15.516
2016-09-20 21:00:00,15.671
2016-09-21 00:00:00,15.681
2016-09-21 03:00:00,15.694
2016-09-21 06:00:00,15.701
2016-09-21 09:00:00,15.677
2016-09-21 12:00:00,15.605
2016-09-21 15:00:00,15.548
2016-09-21 18:00:00,15.541
2016-09-21 21:00:00,15.549
2016-09-22 00:00:00,15.563
2016-09-22 03:00:00,15.596
2016-09-22 06:00:00,15.694
2016-09-22 09:00:00,15.729
2016-09-22 12:00:00,15.738
2016-09-22 15:00:00,15.758
2016-09-22 18:00:00,15.813
2016-09-22 21:00:00,15.829
2016-09-23 00:00:00,15.937
2016-09-23 03:00:00,16.11
2016-09-23 06:00:00,16.363
2016-09-23 09:00:00,16.514
2016-09-23 12:00:00,16.527
2016-09-23 15:00:00,16.486
2016-09-23 18:00:00,16.476
2016-09-23 21:00:00,16.467
2016-09-24 00:00:00,16.459
2016-09-24 03:00:00,16.461
2016-09-24 06:00:00,16.473
2016-09-24 09:00:00,16.418
2016-09-24 12:00:00,16.3
2016-09-24 15:00:00,16.216
2016-09-24 18:00:00,16.197
2016-09-24 21:00:00,16.196
2016-09-25 00:00:00,16.223
2016-09-25 03:00:00,16.255
2016-09-25 06:00:00,16.287
2016-09-25 09:00:00,16.269
2016-09-25 12:00:00,16.193
2016-09-25 15:00:00,16.148
2016-09-25 18:00:00,16.162
2016-09-25 21:00:00,16.204
2016-09-26 00:00:00,16.507
2016-09-26 03:00:00,17.485
2016-09-26 06:00:00,18.91
2016-09-26 09:00:00,20.466
2016-09-26 12:00:00,21.209
2016-09-26 15:00:00,23.127
2016-09-26 18:00:00,24.942
2016-09-26 21:00:00,26.143
2016-09-27 00:00:00,25.398
2016-09-27 03:00:00,24.9
2016-09-27 06:00:00,24.303
2016-09-27 09:00:00,23.768
2016-09-27 12:00:00,23.223
2016-09-27 15:00:00,22.76
2016-09-27 18:00:00,22.47
2016-09-27 21:00:00,22.287
2016-09-28 00:00:00,22.365
2016-09-28 03:00:00,22.844
2016-09-28 06:00:00,22.574
2016-09-28 09:00:00,22.354
2016-09-28 12:00:00,22.016
2016-09-28 15:00:00,22.221
2016-09-28 18:00:00,23.497
2016-09-28 21:00:00,24.074
2016-09-29 00:00:00,24.707
2016-09-29 03:00:00,25.142
2016-09-29 06:00:00,24.539
2016-09-29 09:00:00,24.013
2016-09-29 12:00:00,23.535
2016-09-29 15:00:00,23.126
2016-09-29 18:00:00,22.823
2016-09-29 21:00:00,22.571
2016-09-30 00:00:00,22.353
2016-09-30 03:00:00,22.151
2016-09-30 06:00:00,21.963
2016-09-30 09:00:00,21.685
2016-09-30 12:00:00,21.325
2016-09-30 15:00:00,21.062
2016-09-30 18:00:00,20.938
2016-09-30 21:00:00,20.842
2016-10-01 00:00:00,20.766
2016-10-01 03:00:00,20.709
2016-10-01 06:00:00,20.657
2016-10-01 09:00:00,20.527
2016-10-01 12:00:00,20.307
2016-10-01 15:00:00,20.161
2016-10-01 18:00:00,20.111
2016-10-01 21:00:00,20.083
2016-10-02 00:00:00,20.367
2016-10-02 03:00:00,20.839
2016-10-02 06:00:00,22.411
2016-10-02 09:00:00,22.75
2016-10-02 12:00:00,22.533
2016-10-02 15:00:00,22.359
2016-10-02 18:00:00,22.245
2016-10-02 21:00:00,22.145
2016-10-03 00:00:00,22.03
2016-10-03 03:00:00,21.945
2016-10-03 06:00:00,21.896
2016-10-03 09:00:00,21.774
2016-10-03 12:00:00,21.552
2016-10-03 15:00:00,21.488
2016-10-03 18:00:00,21.372
2016-10-03 21:00:00,21.316
2016-10-04 00:00:00,21.237
2016-10-04 03:00:00,21.167
2016-10-04 06:00:00,21.098
2016-10-04 09:00:00,20.955
2016-10-04 12:00:00,20.733
2016-10-04 15:00:00,20.555
2016-10-04 18:00:00,20.459
2016-10-04 21:00:00,20.386
2016-10-05 00:00:00,20.325
2016-10-05 03:00:00,20.263
2016-10-05 06:00:00,20.198
2016-10-05 09:00:00,20.101
2016-10-05 12:00:00,19.961
2016-10-05 15:00:00,19.844
2016-10-05 18:00:00,19.785
2016-10-05 21:00:00,19.729
2016-10-06 00:00:00,19.68
2016-10-06 03:00:00,19.637
2016-10-06 06:00:00,19.596
2016-10-06 09:00:00,19.519
2016-10-06 12:00:00,19.406
2016-10-06 15:00:00,19.32
2016-10-06 18:00:00,19.28
2016-10-06 21:00:00,19.245
2016-10-07 00:00:00,19.234
2016-10-07 03:00:00,19.218
2016-10-07 06:00:00,19.195
2016-10-07 09:00:00,19.159
2016-10-07 12:00:00,19.06
2016-10-07 15:00:00,18.977
2016-10-07 18:00:00,18.943
2016-10-07 21:00:00,18.909
2016-10-08 00:00:00,18.915
2016-10-08 03:00:00,18.938
2016-10-08 06:00:00,18.937
2016-10-08 09:00:00,18.918
2016-10-08 12:00:00,18.881
2016-10-08 15:00:00,18.866
2016-10-08 18:00:00,18.86
2016-10-08 21:00:00,18.857
2016-10-09 00:00:00,18.857
2016-10-09 03:00:00,18.876
2016-10-09 06:00:00,18.94
2016-10-09 09:00:00,19.085
2016-10-09 12:00:00,19.401
2016-10-09 15:00:00,19.632
2016-10-09 18:00:00,19.679
2016-10-09 21:00:00,19.684
2016-10-10 00:00:00,19.661
2016-10-10 03:00:00,19.639
2016-10-10 06:00:00,19.614
2016-10-10 09:00:00,19.575
2016-10-10 12:00:00,20.443
2016-10-10 15:00:00,24.144
2016-10-10 18:00:00,23.683
2016-10-10 21:00:00,23.497
2016-10-11 00:00:00,23.171
2016-10-11 03:00:00,22.893
2016-10-11 06:00:00,22.655
2016-10-11 09:00:00,22.417
2016-10-11 12:00:00,22.163
2016-10-11 15:00:00,21.969
2016-10-11 18:00:00,21.817
2016-10-11 21:00:00,21.684
2016-10-12 00:00:00,21.564
2016-10-12 03:00:00,21.45
2016-10-12 06:00:00,21.341
2016-10-12 09:00:00,21.215
2016-10-12 12:00:00,21.078
2016-10-12 15:00:00,20.968
2016-10-12 18:00:00,20.9
2016-10-12 21:00:00,20.834
2016-10-13 00:00:00,20.774
2016-10-13 03:00:00,20.713
2016-10-13 06:00:00,20.652
2016-10-13 09:00:00,20.577
2016-10-13 12:00:00,20.468
2016-10-13 15:00:00,20.389
2016-10-13 18:00:00,20.334
2016-10-13 21:00:00,20.284
2016-10-14 00:00:00,20.238
2016-10-14 03:00:00,20.197
2016-10-14 06:00:00,20.156
2016-10-14 09:00:00,20.09
2016-10-14 12:00:00,20.002
2016-10-14 15:00:00,19.932
2016-10-14 18:00:00,19.895
2016-10-14 21:00:00,19.867
2016-10-15 00:00:00,19.847
2016-10-15 03:00:00,19.829
2016-10-15 06:00:00,19.809
2016-10-15 09:00:00,19.76
2016-10-15 12:00:00,19.679
2016-10-15 15:00:00,19.614
2016-10-15 18:00:00,19.58
2016-10-15 21:00:00,19.55
2016-10-16 00:00:00,19.514
2016-10-16 03:00:00,19.478
2016-10-16 06:00:00,19.445
2016-10-16 09:00:00,19.395
2016-10-16 12:00:00,19.314
2016-10-16 15:00:00,19.254
2016-10-16 18:00:00,19.22
2016-10-16 21:00:00,19.193
2016-10-17 00:00:00,19.346
2016-10-17 03:00:00,19.435
2016-10-17 06:00:00,19.502
2016-10-17 09:00:00,19.624
2016-10-17 12:00:00,19.648
2016-10-17 15:00:00,19.653
2016-10-17 18:00:00,19.648
2016-10-17 21:00:00,19.713
2016-10-18 00:00:00,19.714
2016-10-18 03:00:00,19.73
2016-10-18 06:00:00,19.751
2016-10-18 09:00:00,19.756
2016-10-18 12:00:00,19.745
2016-10-18 15:00:00,19.731
2016-10-18 18:00:00,19.71
2016-10-18 21:00:00,19.696
2016-10-19 00:00:00,19.683
2016-10-19 03:00:00,19.671
2016-10-19 06:00:00,19.666
2016-10-19 09:00:00,19.653
2016-10-19 12:00:00,19.691
2016-10-19 15:00:00,19.879
2016-10-19 18:00:00,19.894
2016-10-19 21:00:00,19.994
2016-10-20 00:00:00,19.987
2016-10-20 03:00:00,20.076
2016-10-20 06:00:00,20.261
2016-10-20 09:00:00,20.491
2016-10-20 12:00:00,20.537
2016-10-20 15:00:00,20.542
2016-10-20 18:00:00,20.485
2016-10-20 21:00:00,20.433
2016-10-21 00:00:00,20.387
2016-10-21 03:00:00,20.338
2016-10-21 06:00:00,20.287
2016-10-21 09:00:00,20.228
2016-10-21 12:00:00,21.992
2016-10-21 15:00:00,27.174
2016-10-21 18:00:00,26.534
2016-10-21 21:00:00,26.19
2016-10-22 00:00:00,26.655
2016-10-22 03:00:00,27.165
2016-10-22 06:00:00,28.062
2016-10-22 09:00:00,28.922
2016-10-22 12:00:00,29.623
2016-10-22 15:00:00,29.977
2016-10-22 18:00:00,28.204
2016-10-22 21:00:00,27.338
2016-10-23 00:00:00,27.457
2016-10-23 03:00:00,27.4
2016-10-23 06:00:00,29.7
2016-10-23 09:00:00,29.749
2016-10-23 12:00:00,28.478
2016-10-23 15:00:00,27.752
2016-10-23 18:00:00,27.685
2016-10-23 21:00:00,27.777
2016-10-24 00:00:00,28.315
2016-10-24 03:00:00,28.132
2016-10-24 06:00:00,27.517
2016-10-24 09:00:00,27.093
2016-10-24 12:00:00,27.328
2016-10-24 15:00:00,30.114
2016-10-24 18:00:00,28.821
2016-10-24 21:00:00,28.086
2016-10-25 00:00:00,27.523
2016-10-25 03:00:00,27.123
2016-10-25 06:00:00,26.809
2016-10-25 09:00:00,26.524
2016-10-25 12:00:00,26.25
2016-10-25 15:00:00,26.026
2016-10-25 18:00:00,25.85
2016-10-25 21:00:00,25.698
2016-10-26 00:00:00,25.566
2016-10-26 03:00:00,25.448
2016-10-26 06:00:00,25.372
2016-10-26 09:00:00,25.281
2016-10-26 12:00:00,25.11
2016-10-26 15:00:00,24.974
2016-10-26 18:00:00,24.871
2016-10-26 21:00:00,24.78
2016-10-27 00:00:00,24.695
2016-10-27 03:00:00,24.616
2016-10-27 06:00:00,24.553
2016-10-27 09:00:00,24.669
2016-10-27 12:00:00,25.292
2016-10-27 15:00:00,25.465
2016-10-27 18:00:00,26.641
2016-10-27 21:00:00,28.02
2016-10-28 00:00:00,29.204
2016-10-28 03:00:00,29.82
2016-10-28 06:00:00,28.614
2016-10-28 09:00:00,27.818
2016-10-28 12:00:00,27.197
2016-10-28 15:00:00,28.338
2016-10-28 18:00:00,28.676
2016-10-28 21:00:00,29.201
2016-10-29 00:00:00,28.16
2016-10-29 03:00:00,27.521
2016-10-29 06:00:00,27.083
2016-10-29 09:00:00,26.692
2016-10-29 12:00:00,26.269
2016-10-29 15:00:00,25.967
2016-10-29 18:00:00,25.769
2016-10-29 21:00:00,25.587
2016-10-30 00:00:00,25.433
2016-10-30 03:00:00,25.305
2016-10-30 06:00:00,25.211
2016-10-30 09:00:00,25.083
2016-10-30 12:00:00,24.9
2016-10-30 15:00:00,24.786
2016-10-30 18:00:00,24.757
2016-10-30 21:00:00,24.721
2016-10-31 00:00:00,24.821
2016-10-31 03:00:00,24.849
2016-10-31 06:00:00,25.415
2016-10-31 09:00:00,26.441
2016-10-31 12:00:00,26.77
2016-10-31 15:00:00,26.965
2016-10-31 18:00:00,26.765
2016-10-31 21:00:00,26.448
2016-11-01 00:00:00,27.759
2016-11-01 03:00:00,29.393
2016-11-01 06:00:00,29.249
2016-11-01 09:00:00,29.847
2016-11-01 12:00:00,28.879
2016-11-01 15:00:00,28.163
2016-11-01 18:00:00,27.709
2016-11-01 21:00:00,27.452
2016-11-02 00:00:00,27.336
2016-11-02 03:00:00,27.225
2016-11-02 06:00:00,27.482
2016-11-02 09:00:00,27.417
2016-11-02 12:00:00,27.086
2016-11-02 15:00:00,26.82
2016-11-02 18:00:00,26.547
2016-11-02 21:00:00,26.312
2016-11-03 00:00:00,26.119
2016-11-03 03:00:00,25.963
2016-11-03 06:00:00,25.829
2016-11-03 09:00:00,25.682
2016-11-03 12:00:00,25.502
2016-11-03 15:00:00,25.381
2016-11-03 18:00:00,25.308
2016-11-03 21:00:00,25.252
2016-11-04 00:00:00,25.2
2016-11-04 03:00:00,25.167
2016-11-04 06:00:00,25.145
2016-11-04 09:00:00,25.341
2016-11-04 12:00:00,25.239
2016-11-04 15:00:00,25.152
2016-11-04 18:00:00,25.09
2016-11-04 21:00:00,25.041
2016-11-05 00:00:00,26.045
2016-11-05 03:00:00,26.266
2016-11-05 06:00:00,27.185
2016-11-05 09:00:00,27.768
2016-11-05 12:00:00,28.336
2016-11-05 15:00:00,28.566
2016-11-05 18:00:00,27.806
2016-11-05 21:00:00,27.365
2016-11-06 00:00:00,27.982
2016-11-06 03:00:00,29.075
2016-11-06 06:00:00,30.476
2016-11-06 09:00:00,31.393
2016-11-06 12:00:00,29.679
2016-11-06 15:00:00,28.909
2016-11-06 18:00:00,28.346
2016-11-06 21:00:00,28.165
2016-11-07 00:00:00,27.786
2016-11-07 03:00:00,27.494
2016-11-07 06:00:00,27.256
2016-11-07 09:00:00,27.049
2016-11-07 12:00:00,26.851
2016-11-07 15:00:00,26.687
2016-11-07 18:00:00,26.561
2016-11-07 21:00:00,26.459
2016-11-08 00:00:00,26.376
2016-11-08 03:00:00,26.302
2016-11-08 06:00:00,26.24
2016-11-08 09:00:00,26.171
2016-11-08 12:00:00,26.072
2016-11-08 15:00:00,26.013
2016-11-08 18:00:00,25.984
2016-11-08 21:00:00,25.962
2016-11-09 00:00:00,25.951
2016-11-09 03:00:00,25.947
2016-11-09 06:00:00,25.947
2016-11-09 09:00:00,25.928
2016-11-09 12:00:00,25.851
2016-11-09 15:00:00,25.805
2016-11-09 18:00:00,25.791
2016-11-09 21:00:00,25.786
2016-11-10 00:00:00,25.783
2016-11-10 03:00:00,25.782
2016-11-10 06:00:00,25.781
2016-11-10 09:00:00,25.769
2016-11-10 12:00:00,25.717
2016-11-10 15:00:00,25.688
2016-11-10 18:00:00,25.68
2016-11-10 21:00:00,25.661
2016-11-11 00:00:00,25.648
2016-11-11 03:00:00,25.636
2016-11-11 06:00:00,25.636
2016-11-11 09:00:00,25.623
2016-11-11 12:00:00,25.573
2016-11-11 15:00:00,25.541
2016-11-11 18:00:00,25.517
2016-11-11 21:00:00,25.492
2016-11-12 00:00:00,25.464
2016-11-12 03:00:00,25.434
2016-11-12 06:00:00,25.404
2016-11-12 09:00:00,25.371
2016-11-12 12:00:00,25.333
2016-11-12 15:00:00,25.316
2016-11-12 18:00:00,25.319
2016-11-12 21:00:00,25.312
2016-11-13 00:00:00,25.3
2016-11-13 03:00:00,25.289
2016-11-13 06:00:00,25.274
2016-11-13 09:00:00,25.248
2016-11-13 12:00:00,25.202
2016-11-13 15:00:00,25.193
2016-11-13 18:00:00,25.188
2016-11-13 21:00:00,25.179
2016-11-14 00:00:00,25.178
2016-11-14 03:00:00,25.185
2016-11-14 06:00:00,25.178
2016-11-14 09:00:00,25.165
2016-11-14 12:00:00,25.132
2016-11-14 15:00:00,25.131
2016-11-14 18:00:00,25.132
2016-11-14 21:00:00,25.14
2016-11-15 00:00:00,25.165
2016-11-15 03:00:00,26.091
2016-11-15 06:00:00,31.431
2016-11-15 09:00:00,33.125
2016-11-15 12:00:00,32.678
2016-11-15 15:00:00,31.884
2016-11-15 18:00:00,29.877
2016-11-15 21:00:00,31.027
2016-11-16 00:00:00,29.521
2016-11-16 03:00:00,28.716
2016-11-16 06:00:00,28.219
2016-11-16 09:00:00,27.872
2016-11-16 12:00:00,27.577
2016-11-16 15:00:00,27.508
2016-11-16 18:00:00,27.312
2016-11-16 21:00:00,27.188
2016-11-17 00:00:00,27.071
2016-11-17 03:00:00,26.937
2016-11-17 06:00:00,26.842
2016-11-17 09:00:00,26.733
2016-11-17 12:00:00,26.58
2016-11-17 15:00:00,26.489
2016-11-17 18:00:00,26.447
2016-11-17 21:00:00,26.385
2016-11-18 00:00:00,26.918
2016-11-18 03:00:00,27.474
2016-11-18 06:00:00,27.889
2016-11-18 09:00:00,27.715
2016-11-18 12:00:00,28.198
2016-11-18 15:00:00,28.281
2016-11-18 18:00:00,28.865
2016-11-18 21:00:00,29.175
2016-11-19 00:00:00,28.404
2016-11-19 03:00:00,27.93
2016-11-19 06:00:00,27.595
2016-11-19 09:00:00,27.321
2016-11-19 12:00:00,27.057
2016-11-19 15:00:00,26.873
2016-11-19 18:00:00,26.748
2016-11-19 21:00:00,26.652
2016-11-20 00:00:00,26.711
2016-11-20 03:00:00,26.873
2016-11-20 06:00:00,26.948
2016-11-20 09:00:00,27.022
2016-11-20 12:00:00,27.114
2016-11-20 15:00:00,27.142
2016-11-20 18:00:00,27.036
2016-11-20 21:00:00,26.915
2016-11-21 00:00:00,27.085
2016-11-21 03:00:00,27.101
2016-11-21 06:00:00,26.865
2016-11-21 09:00:00,26.726
2016-11-21 12:00:00,26.596
2016-11-21 15:00:00,26.449
2016-11-21 18:00:00,26.418
2016-11-21 21:00:00,26.495
2016-11-22 00:00:00,28.77
2016-11-22 03:00:00,28.765
2016-11-22 06:00:00,29.65
2016-11-22 09:00:00,29.959
2016-11-22 12:00:00,28.88
2016-11-22 15:00:00,28.288
2016-11-22 18:00:00,27.906
2016-11-22 21:00:00,28.49
2016-11-23 00:00:00,28.677
2016-11-23 03:00:00,29.014
2016-11-23 06:00:00,30.928
2016-11-23 09:00:00,30.494
2016-11-23 12:00:00,29.405
2016-11-23 15:00:00,28.848
2016-11-23 18:00:00,28.484
2016-11-23 21:00:00,28.198
2016-11-24 00:00:00,27.953
2016-11-24 03:00:00,27.739
2016-11-24 06:00:00,27.689
2016-11-24 09:00:00,27.608
2016-11-24 12:00:00,27.38
2016-11-24 15:00:00,27.235
2016-11-24 18:00:00,27.084
2016-11-24 21:00:00,26.949
2016-11-25 00:00:00,26.828
2016-11-25 03:00:00,26.728
2016-11-25 06:00:00,26.647
2016-11-25 09:00:00,26.641
2016-11-25 12:00:00,27.363
2016-11-25 15:00:00,28.106
2016-11-25 18:00:00,28.17
2016-11-25 21:00:00,27.956
2016-11-26 00:00:00,28.245
2016-11-26 03:00:00,32.151
2016-11-26 06:00:00,30.145
2016-11-26 09:00:00,29.284
2016-11-26 12:00:00,28.703
2016-11-26 15:00:00,28.329
2016-11-26 18:00:00,28.136
2016-11-26 21:00:00,28.122
2016-11-27 00:00:00,27.846
2016-11-27 03:00:00,27.615
2016-11-27 06:00:00,27.417
2016-11-27 09:00:00,27.214
2016-11-27 12:00:00,26.96
2016-11-27 15:00:00,26.748
2016-11-27 18:00:00,26.587
2016-11-27 21:00:00,26.38
2016-11-28 00:00:00,26.168
2016-11-28 03:00:00,25.985
2016-11-28 06:00:00,25.821
2016-11-28 09:00:00,25.667
2016-11-28 12:00:00,25.486
2016-11-28 15:00:00,25.358
2016-11-28 18:00:00,25.256
2016-11-28 21:00:00,25.138
2016-11-29 00:00:00,25.071
2016-11-29 03:00:00,25.086
2016-11-29 06:00:00,25.041
2016-11-29 09:00:00,25.058
2016-11-29 12:00:00,25.691
2016-11-29 15:00:00,26.326
2016-11-29 18:00:00,26.769
2016-11-29 21:00:00,27.025
2016-11-30 00:00:00,26.95
2016-11-30 03:00:00,26.79
2016-11-30 06:00:00,26.605
2016-11-30 09:00:00,26.431
2016-11-30 12:00:00,26.243
2016-11-30 15:00:00,26.115
2016-11-30 18:00:00,26.023
2016-11-30 21:00:00,25.93
2016-12-01 00:00:00,25.88
2016-12-01 03:00:00,25.858
2016-12-01 06:00:00,25.839
2016-12-01 09:00:00,25.825
2016-12-01 12:00:00,25.793
2016-12-01 15:00:00,25.798
2016-12-01 18:00:00,25.808
2016-12-01 21:00:00,25.821
2016-12-02 00:00:00,25.799
2016-12-02 03:00:00,25.759
2016-12-02 06:00:00,25.714
2016-12-02 09:00:00,25.676
2016-12-02 12:00:00,25.612
2016-12-02 15:00:00,25.571
2016-12-02 18:00:00,25.538
2016-12-02 21:00:00,25.504
2016-12-03 00:00:00,25.473
2016-12-03 03:00:00,25.447
2016-12-03 06:00:00,25.413
2016-12-03 09:00:00,25.368
2016-12-03 12:00:00,25.279
2016-12-03 15:00:00,25.242
2016-12-03 18:00:00,25.238
2016-12-03 21:00:00,25.235
2016-12-04 00:00:00,25.234
2016-12-04 03:00:00,25.233
2016-12-04 06:00:00,25.225
2016-12-04 09:00:00,25.221
2016-12-04 12:00:00,25.2
2016-12-04 15:00:00,25.199
2016-12-04 18:00:00,25.2
2016-12-04 21:00:00,25.202
2016-12-05 00:00:00,25.524
2016-12-05 03:00:00,25.845
2016-12-05 06:00:00,26.162
2016-12-05 09:00:00,26.466
2016-12-05 12:00:00,26.686
2016-12-05 15:00:00,26.812
2016-12-05 18:00:00,26.878
2016-12-05 21:00:00,26.853
2016-12-06 00:00:00,26.52
2016-12-06 03:00:00,26.292
2016-12-06 06:00:00,26.21
2016-12-06 09:00:00,26.152
2016-12-06 12:00:00,26.064
2016-12-06 15:00:00,26.02
2016-12-06 18:00:00,26.011
2016-12-06 21:00:00,26.006
2016-12-07 00:00:00,26.002
2016-12-07 03:00:00,25.991
2016-12-07 06:00:00,25.975
2016-12-07 09:00:00,25.951
2016-12-07 12:00:00,25.923
2016-12-07 15:00:00,25.924
2016-12-07 18:00:00,26.051
2016-12-07 21:00:00,26.281
2016-12-08 00:00:00,26.332
2016-12-08 03:00:00,26.472
2016-12-08 06:00:00,27.69
2016-12-08 09:00:00,27.685
2016-12-08 12:00:00,27.215
2016-12-08 15:00:00,26.934
2016-12-08 18:00:00,26.823
2016-12-08 21:00:00,26.82
2016-12-09 00:00:00,26.706
2016-12-09 03:00:00,26.752
2016-12-09 06:00:00,26.777
2016-12-09 09:00:00,27.344
2016-12-09 12:00:00,27.556
2016-12-09 15:00:00,27.491
2016-12-09 18:00:00,27.143
2016-12-09 21:00:00,27.928
2016-12-10 00:00:00,28.574
2016-12-10 03:00:00,29.083
2016-12-10 06:00:00,29.502
2016-12-10 09:00:00,29.927
2016-12-10 12:00:00,28.966
2016-12-10 15:00:00,28.44
2016-12-10 18:00:00,28.068
2016-12-10 21:00:00,27.803
2016-12-11 00:00:00,27.596
2016-12-11 03:00:00,27.427
2016-12-11 06:00:00,27.282
2016-12-11 09:00:00,27.158
2016-12-11 12:00:00,27.042
2016-12-11 15:00:00,26.937
2016-12-11 18:00:00,26.824
2016-12-11 21:00:00,31.275
2016-12-12 00:00:00,29.519
2016-12-12 03:00:00,28.753
2016-12-12 06:00:00,28.467
2016-12-12 09:00:00,28.306
2016-12-12 12:00:00,28.166
2016-12-12 15:00:00,28.074
2016-12-12 18:00:00,27.975
2016-12-12 21:00:00,27.875
2016-12-13 00:00:00,27.811
2016-12-13 03:00:00,27.907
2016-12-13 06:00:00,27.99
2016-12-13 09:00:00,28.113
2016-12-13 12:00:00,28.155
2016-12-13 15:00:00,28.219
2016-12-13 18:00:00,28.196
2016-12-13 21:00:00,29.371
2016-12-14 00:00:00,29.091
2016-12-14 03:00:00,28.802
2016-12-14 06:00:00,28.56
2016-12-14 09:00:00,28.367
2016-12-14 12:00:00,28.151
2016-12-14 15:00:00,27.915
2016-12-14 18:00:00,27.772
2016-12-14 21:00:00,27.695
2016-12-15 00:00:00,27.661
2016-12-15 03:00:00,27.644
2016-12-15 06:00:00,27.627
2016-12-15 09:00:00,27.618
2016-12-15 12:00:00,27.57
2016-12-15 15:00:00,27.558
2016-12-15 18:00:00,27.551
2016-12-15 21:00:00,27.543
2016-12-16 00:00:00,27.537
2016-12-16 03:00:00,27.537
2016-12-16 06:00:00,27.536
2016-12-16 09:00:00,27.532
2016-12-16 12:00:00,27.507
2016-12-16 15:00:00,27.494
2016-12-16 18:00:00,27.478
2016-12-16 21:00:00,27.455
2016-12-17 00:00:00,27.429
2016-12-17 03:00:00,27.41
2016-12-17 06:00:00,27.396
2016-12-17 09:00:00,27.385
2016-12-17 12:00:00,27.368
2016-12-17 15:00:00,27.363
2016-12-17 18:00:00,27.363
2016-12-17 21:00:00,27.363
2016-12-18 00:00:00,27.366
2016-12-18 03:00:00,27.365
2016-12-18 06:00:00,27.365
2016-12-18 09:00:00,27.364
2016-12-18 12:00:00,27.365
2016-12-18 15:00:00,27.364
2016-12-18 18:00:00,27.363
2016-12-18 21:00:00,27.36
2016-12-19 00:00:00,27.356
2016-12-19 03:00:00,27.353
2016-12-19 06:00:00,27.351
2016-12-19 09:00:00,27.352
2016-12-19 12:00:00,27.364
2016-12-19 15:00:00,27.36
2016-12-19 18:00:00,27.353
2016-12-19 21:00:00,27.348
2016-12-20 00:00:00,27.345
2016-12-20 03:00:00,27.343
2016-12-20 06:00:00,27.34
2016-12-20 09:00:00,27.337
2016-12-20 12:00:00,27.338
2016-12-20 15:00:00,27.323
2016-12-20 18:00:00,27.309
2016-12-20 21:00:00,27.293
2016-12-21 00:00:00,27.278
2016-12-21 03:00:00,27.259
2016-12-21 06:00:00,27.232
2016-12-21 09:00:00,27.198
2016-12-21 12:00:00,27.104
2016-12-21 15:00:00,26.957
2016-12-21 18:00:00,26.799
2016-12-21 21:00:00,26.656
2016-12-22 00:00:00,26.563
2016-12-22 03:00:00,26.485
2016-12-22 06:00:00,26.414
2016-12-22 09:00:00,26.375
2016-12-22 12:00:00,26.255
2016-12-22 15:00:00,26.135
2016-12-22 18:00:00,26.036
2016-12-22 21:00:00,25.954
2016-12-23 00:00:00,25.885
2016-12-23 03:00:00,25.827
2016-12-23 06:00:00,25.78
2016-12-23 09:00:00,25.723
2016-12-23 12:00:00,25.637
2016-12-23 15:00:00,25.574
2016-12-23 18:00:00,25.539
2016-12-23 21:00:00,25.508
2016-12-24 00:00:00,25.649
2016-12-24 03:00:00,27.076
2016-12-24 06:00:00,26.889
2016-12-24 09:00:00,26.743
2016-12-24 12:00:00,26.597
2016-12-24 15:00:00,26.521
2016-12-24 18:00:00,26.481
2016-12-24 21:00:00,26.447
2016-12-25 00:00:00,26.264
2016-12-25 03:00:00,26.121
2016-12-25 06:00:00,26.001
2016-12-25 09:00:00,25.893
2016-12-25 12:00:00,25.781
2016-12-25 15:00:00,25.711
2016-12-25 18:00:00,25.674
2016-12-25 21:00:00,25.65
2016-12-26 00:00:00,25.633
2016-12-26 03:00:00,25.601
2016-12-26 06:00:00,25.559
2016-12-26 09:00:00,25.485
2016-12-26 12:00:00,25.36
2016-12-26 15:00:00,25.262
2016-12-26 18:00:00,25.168
2016-12-26 21:00:00,25.075
2016-12-27 00:00:00,25.003
2016-12-27 03:00:00,24.933
2016-12-27 06:00:00,24.842
2016-12-27 09:00:00,24.759
2016-12-27 12:00:00,24.626
2016-12-27 15:00:00,24.515
2016-12-27 18:00:00,24.44
2016-12-27 21:00:00,24.383
2016-12-28 00:00:00,24.328
2016-12-28 03:00:00,24.247
2016-12-28 06:00:00,24.192
2016-12-28 09:00:00,24.145
2016-12-28 12:00:00,24.064
2016-12-28 15:00:00,24.026
2016-12-28 18:00:00,24.019
2016-12-28 21:00:00,24.012
2016-12-29 00:00:00,24.008
2016-12-29 03:00:00,24.008
2016-12-29 06:00:00,24.008
2016-12-29 09:00:00,24.068
2016-12-29 12:00:00,24.09
2016-12-29 15:00:00,24.105
2016-12-29 18:00:00,24.345
2016-12-29 21:00:00,24.542
2016-12-30 00:00:00,24.552
2016-12-30 03:00:00,24.568
2016-12-30 06:00:00,24.553
2016-12-30 09:00:00,24.55
2016-12-30 12:00:00,24.623
2016-12-30 15:00:00,24.713
2016-12-30 18:00:00,24.688
2016-12-30 21:00:00,24.683
2016-12-31 00:00:00,24.678
2016-12-31 03:00:00,24.678
2016-12-31 06:00:00,24.871
2016-12-31 09:00:00,26.064
2016-12-31 12:00:00,26.235
2016-12-31 15:00:00,26.869
2016-12-31 18:00:00,26.891
2016-12-31 21:00:00,27.247
2017-01-01 00:00:00,28.352
2017-01-01 03:00:00,29.413
2017-01-01 06:00:00,28.578
2017-01-01 09:00:00,28.101
2017-01-01 12:00:00,27.515
2017-01-01 15:00:00,27.115
2017-01-01 18:00:00,26.82
2017-01-01 21:00:00,26.59
2017-01-02 00:00:00,26.428
2017-01-02 03:00:00,26.329
2017-01-02 06:00:00,26.229
2017-01-02 09:00:00,26.126
2017-01-02 12:00:00,25.977
2017-01-02 15:00:00,25.879
2017-01-02 18:00:00,25.825
2017-01-02 21:00:00,25.766
2017-01-03 00:00:00,25.715
2017-01-03 03:00:00,25.681
2017-01-03 06:00:00,25.615
2017-01-03 09:00:00,25.575
2017-01-03 12:00:00,25.502
2017-01-03 15:00:00,25.478
2017-01-03 18:00:00,25.487
2017-01-03 21:00:00,25.491
2017-01-04 00:00:00,25.432
2017-01-04 03:00:00,25.356
2017-01-04 06:00:00,25.298
2017-01-04 09:00:00,25.226
2017-01-04 12:00:00,25.113
2017-01-04 15:00:00,25.012
2017-01-04 18:00:00,24.924
2017-01-04 21:00:00,24.837
2017-01-05 00:00:00,24.748
2017-01-05 03:00:00,24.662
2017-01-05 06:00:00,24.581
2017-01-05 09:00:00,24.5
2017-01-05 12:00:00,24.41
2017-01-05 15:00:00,24.34
2017-01-05 18:00:00,24.286
2017-01-05 21:00:00,24.238
2017-01-06 00:00:00,24.192
2017-01-06 03:00:00,24.153
2017-01-06 06:00:00,24.124
2017-01-06 09:00:00,24.104
2017-01-06 12:00:00,24.059
2017-01-06 15:00:00,24.029
2017-01-06 18:00:00,24.013
2017-01-06 21:00:00,23.981
2017-01-07 00:00:00,23.934
2017-01-07 03:00:00,23.888
2017-01-07 06:00:00,23.85
2017-01-07 09:00:00,23.834
2017-01-07 12:00:00,23.817
2017-01-07 15:00:00,23.812
2017-01-07 18:00:00,23.812
2017-01-07 21:00:00,23.811
2017-01-08 00:00:00,23.811
2017-01-08 03:00:00,23.81
2017-01-08 06:00:00,23.808
2017-01-08 09:00:00,23.804
2017-01-08 12:00:00,23.793
2017-01-08 15:00:00,23.785
2017-01-08 18:00:00,23.782
2017-01-08 21:00:00,23.782
2017-01-09 00:00:00,23.782
2017-01-09 03:00:00,23.782
2017-01-09 06:00:00,23.786
2017-01-09 09:00:00,23.893
2017-01-09 12:00:00,24.127
2017-01-09 15:00:00,24.274
2017-01-09 18:00:00,24.346
2017-01-09 21:00:00,24.413
2017-01-10 00:00:00,24.446
2017-01-10 03:00:00,24.454
2017-01-10 06:00:00,24.442
2017-01-10 09:00:00,24.435
2017-01-10 12:00:00,24.457
2017-01-10 15:00:00,24.443
2017-01-10 18:00:00,24.425
2017-01-10 21:00:00,24.409
2017-01-11 00:00:00,24.835
2017-01-11 03:00:00,25.175
2017-01-11 06:00:00,25.943
2017-01-11 09:00:00,26.576
2017-01-11 12:00:00,26.644
2017-01-11 15:00:00,26.74
2017-01-11 18:00:00,26.803
2017-01-11 21:00:00,27.924
2017-01-12 00:00:00,28.255
2017-01-12 03:00:00,28.427
2017-01-12 06:00:00,28.446
2017-01-12 09:00:00,28.403
2017-01-12 12:00:00,29.211
2017-01-12 15:00:00,30.567
2017-01-12 18:00:00,30.476
2017-01-12 21:00:00,30.344
2017-01-13 00:00:00,30.228
2017-01-13 03:00:00,30.144
2017-01-13 06:00:00,30.091
2017-01-13 09:00:00,30.05
2017-01-13 12:00:00,30.011
2017-01-13 15:00:00,29.977
2017-01-13 18:00:00,29.962
2017-01-13 21:00:00,29.951
2017-01-14 00:00:00,29.939
2017-01-14 03:00:00,29.938
2017-01-14 06:00:00,29.933
2017-01-14 09:00:00,29.921999
2017-01-14 12:00:00,29.897
2017-01-14 15:00:00,29.886
2017-01-14 18:00:00,29.879
2017-01-14 21:00:00,29.872
2017-01-15 00:00:00,29.855
2017-01-15 03:00:00,29.831
2017-01-15 06:00:00,29.8
2017-01-15 09:00:00,29.759
2017-01-15 12:00:00,29.696
2017-01-15 15:00:00,29.659
2017-01-15 18:00:00,29.649
2017-01-15 21:00:00,29.644
2017-01-16 00:00:00,29.644
2017-01-16 03:00:00,29.644
2017-01-16 06:00:00,29.644
2017-01-16 09:00:00,29.636
2017-01-16 12:00:00,29.598
2017-01-16 15:00:00,29.584
2017-01-16 18:00:00,29.582
2017-01-16 21:00:00,29.574
2017-01-17 00:00:00,29.563
2017-01-17 03:00:00,29.551
2017-01-17 06:00:00,29.549
2017-01-17 09:00:00,29.545
2017-01-17 12:00:00,29.508
2017-01-17 15:00:00,29.478
2017-01-17 18:00:00,29.466
2017-01-17 21:00:00,29.465
2017-01-18 00:00:00,29.464
2017-01-18 03:00:00,29.464
2017-01-18 06:00:00,29.464
2017-01-18 09:00:00,29.513
2017-01-18 12:00:00,29.746
2017-01-18 15:00:00,29.937
2017-01-18 18:00:00,30.093
2017-01-18 21:00:00,30.357
2017-01-19 00:00:00,30.534
2017-01-19 03:00:00,30.663
2017-01-19 06:00:00,30.846
2017-01-19 09:00:00,31.048
2017-01-19 12:00:00,31.52
2017-01-19 15:00:00,31.895
2017-01-19 18:00:00,32.037
2017-01-19 21:00:00,31.886
2017-01-20 00:00:00,31.483
2017-01-20 03:00:00,30.980999
2017-01-20 06:00:00,30.581
2017-01-20 09:00:00,30.343
2017-01-20 12:00:00,30.277
2017-01-20 15:00:00,29.946
2017-01-20 18:00:00,29.494
2017-01-20 21:00:00,29.129
2017-01-21 00:00:00,28.921999
2017-01-21 03:00:00,28.814
2017-01-21 06:00:00,28.762
2017-01-21 09:00:00,28.742
2017-01-21 12:00:00,28.82
2017-01-21 15:00:00,28.802
2017-01-21 18:00:00,28.774
2017-01-21 21:00:00,28.762
2017-01-22 00:00:00,28.757
2017-01-22 03:00:00,28.755
2017-01-22 06:00:00,28.754
2017-01-22 09:00:00,28.774
2017-01-22 12:00:00,28.941
2017-01-22 15:00:00,29.043
2017-01-22 18:00:00,29.081
2017-01-22 21:00:00,29.096
2017-01-23 00:00:00,29.106
2017-01-23 03:00:00,29.109
2017-01-23 06:00:00,29.122
2017-01-23 09:00:00,29.14
2017-01-23 12:00:00,29.168
2017-01-23 15:00:00,29.151
2017-01-23 18:00:00,29.109
2017-01-23 21:00:00,29.081
2017-01-24 00:00:00,29.061
2017-01-24 03:00:00,29.049
2017-01-24 06:00:00,29.043
2017-01-24 09:00:00,29.032
2017-01-24 12:00:00,29.043
2017-01-24 15:00:00,29.044
2017-01-24 18:00:00,29.042
2017-01-24 21:00:00,29.038
2017-01-25 00:00:00,29.024
2017-01-25 03:00:00,29.019
2017-01-25 06:00:00,29.017
2017-01-25 09:00:00,29.031
2017-01-25 12:00:00,29.092
2017-01-25 15:00:00,29.116
2017-01-25 18:00:00,29.115
2017-01-25 21:00:00,29.112999
2017-01-26 00:00:00,29.105999
2017-01-26 03:00:00,29.098
2017-01-26 06:00:00,29.085
2017-01-26 09:00:00,29.067
2017-01-26 12:00:00,29.083
2017-01-26 15:00:00,29.098
2017-01-26 18:00:00,29.086
2017-01-26 21:00:00,29.085
2017-01-27 00:00:00,29.085
2017-01-27 03:00:00,29.085
2017-01-27 06:00:00,29.085
2017-01-27 09:00:00,29.081
2017-01-27 12:00:00,29.105999
2017-01-27 15:00:00,29.11
2017-01-27 18:00:00,29.104
2017-01-27 21:00:00,29.101
2017-01-28 00:00:00,29.098999
2017-01-28 03:00:00,29.098999
2017-01-28 06:00:00,29.098999
2017-01-28 09:00:00,29.096
2017-01-28 12:00:00,29.098
2017-01-28 15:00:00,29.1
2017-01-28 18:00:00,29.1
2017-01-28 21:00:00,29.098999
2017-01-29 00:00:00,29.098999
2017-01-29 03:00:00,29.098
2017-01-29 06:00:00,29.098
2017-01-29 09:00:00,29.081
2017-01-29 12:00:00,29.045
2017-01-29 15:00:00,29.031
2017-01-29 18:00:00,29.031
2017-01-29 21:00:00,29.034
2017-01-30 00:00:00,29.041
2017-01-30 03:00:00,29.041
2017-01-30 06:00:00,29.041
2017-01-30 09:00:00,29.048
2017-01-30 12:00:00,29.086
2017-01-30 15:00:00,29.102
2017-01-30 18:00:00,29.102
2017-01-30 21:00:00,29.101
2017-01-31 00:00:00,29.101
2017-01-31 03:00:00,29.1
2017-01-31 06:00:00,29.098999
2017-01-31 09:00:00,29.105999
2017-01-31 12:00:00,29.148
2017-01-31 15:00:00,29.157
2017-01-31 18:00:00,29.156
2017-01-31 21:00:00,29.155
2017-02-01 00:00:00,29.154
2017-02-01 03:00:00,29.153
2017-02-01 06:00:00,29.151
2017-02-01 09:00:00,29.147
2017-02-01 12:00:00,29.167
2017-02-01 15:00:00,29.164
2017-02-01 18:00:00,29.157999
2017-02-01 21:00:00,29.149
2017-02-02 00:00:00,29.138
2017-02-02 03:00:00,29.124
2017-02-02 06:00:00,29.11
2017-02-02 09:00:00,29.092
2017-02-02 12:00:00,29.079
2017-02-02 15:00:00,29.054
2017-02-02 18:00:00,29.039
2017-02-02 21:00:00,29.013
2017-02-03 00:00:00,28.994999
2017-02-03 03:00:00,28.984
2017-02-03 06:00:00,28.976
2017-02-03 09:00:00,28.973999
2017-02-03 12:00:00,28.998
2017-02-03 15:00:00,28.997
2017-02-03 18:00:00,28.996
2017-02-03 21:00:00,28.994999
2017-02-04 00:00:00,28.994
2017-02-04 03:00:00,28.994
2017-02-04 06:00:00,28.993
2017-02-04 09:00:00,29.073
2017-02-04 12:00:00,29.135
2017-02-04 15:00:00,29.16
2017-02-04 18:00:00,29.211
2017-02-04 21:00:00,29.261
2017-02-05 00:00:00,29.266
2017-02-05 03:00:00,29.26
2017-02-05 06:00:00,29.251
2017-02-05 09:00:00,29.254
2017-02-05 12:00:00,29.379
2017-02-05 15:00:00,29.457
2017-02-05 18:00:00,29.441
2017-02-05 21:00:00,29.432
2017-02-06 00:00:00,29.413
2017-02-06 03:00:00,29.372
2017-02-06 06:00:00,29.315
2017-02-06 09:00:00,29.251
2017-02-06 12:00:00,29.161
2017-02-06 15:00:00,29.064
2017-02-06 18:00:00,28.99
2017-02-06 21:00:00,28.919
2017-02-07 00:00:00,28.847
2017-02-07 03:00:00,28.768
2017-02-07 06:00:00,28.685
2017-02-07 09:00:00,28.584
2017-02-07 12:00:00,28.457
2017-02-07 15:00:00,28.338
2017-02-07 18:00:00,28.243
2017-02-07 21:00:00,28.156
2017-02-08 00:00:00,28.082
2017-02-08 03:00:00,28.01
2017-02-08 06:00:00,27.944
2017-02-08 09:00:00,27.86
2017-02-08 12:00:00,27.743
2017-02-08 15:00:00,27.634
2017-02-08 18:00:00,27.551
2017-02-08 21:00:00,27.473
2017-02-09 00:00:00,27.394
2017-02-09 03:00:00,27.316
2017-02-09 06:00:00,27.255
2017-02-09 09:00:00,27.194
2017-02-09 12:00:00,27.119
2017-02-09 15:00:00,27.067
2017-02-09 18:00:00,27.039999
2017-02-09 21:00:00,27.027
2017-02-10 00:00:00,27.017
2017-02-10 03:00:00,27.008
2017-02-10 06:00:00,26.997
2017-02-10 09:00:00,26.972
2017-02-10 12:00:00,26.925
2017-02-10 15:00:00,26.888
2017-02-10 18:00:00,26.884
2017-02-10 21:00:00,26.883
2017-02-11 00:00:00,26.883
2017-02-11 03:00:00,26.883
2017-02-11 06:00:00,26.883
2017-02-11 09:00:00,26.862
2017-02-11 12:00:00,26.811
2017-02-11 15:00:00,26.779
2017-02-11 18:00:00,26.758
2017-02-11 21:00:00,26.73
2017-02-12 00:00:00,26.704
2017-02-12 03:00:00,26.675
2017-02-12 06:00:00,26.643
2017-02-12 09:00:00,26.591
2017-02-12 12:00:00,26.524
2017-02-12 15:00:00,26.469
2017-02-12 18:00:00,26.441
2017-02-12 21:00:00,26.41
2017-02-13 00:00:00,26.378
2017-02-13 03:00:00,26.338
2017-02-13 06:00:00,26.296
2017-02-13 09:00:00,26.244999
2017-02-13 12:00:00,26.188
2017-02-13 15:00:00,26.156
2017-02-13 18:00:00,26.156
2017-02-13 21:00:00,26.156
2017-02-14 00:00:00,26.156
2017-02-14 03:00:00,26.156
2017-02-14 06:00:00,26.156
2017-02-14 09:00:00,26.171999
2017-02-14 12:00:00,26.446
2017-02-14 15:00:00,26.578
2017-02-14 18:00:00,26.578
2017-02-14 21:00:00,26.578
2017-02-15 00:00:00,26.578
2017-02-15 03:00:00,26.578
2017-02-15 06:00:00,26.578
2017-02-15 09:00:00,26.598
2017-02-15 12:00:00,26.862
2017-02-15 15:00:00,26.999
2017-02-15 18:00:00,26.999
2017-02-15 21:00:00,26.999
2017-02-16 00:00:00,26.999
2017-02-16 03:00:00,26.999
2017-02-16 06:00:00,26.998
2017-02-16 09:00:00,27.021
2017-02-16 12:00:00,27.324
2017-02-16 15:00:00,27.577
2017-02-16 18:00:00,27.631
2017-02-16 21:00:00,27.657999
2017-02-17 00:00:00,27.737999
2017-02-17 03:00:00,27.862
2017-02-17 06:00:00,27.911
2017-02-17 09:00:00,28.05
2017-02-17 12:00:00,28.398
2017-02-17 15:00:00,28.631
2017-02-17 18:00:00,28.635
2017-02-17 21:00:00,28.625
2017-02-18 00:00:00,28.621
2017-02-18 03:00:00,28.619999
2017-02-18 06:00:00,28.619999
2017-02-18 09:00:00,28.655
2017-02-18 12:00:00,28.848999
2017-02-18 15:00:00,28.994999
2017-02-18 18:00:00,28.994999
2017-02-18 21:00:00,29.009
2017-02-19 00:00:00,30.875
2017-02-19 03:00:00,32.912
2017-02-19 06:00:00,34.235
2017-02-19 09:00:00,34.453
2017-02-19 12:00:00,33.461998
2017-02-19 15:00:00,32.065998
2017-02-19 18:00:00,31.122
2017-02-19 21:00:00,30.84
2017-02-20 00:00:00,33.004
2017-02-20 03:00:00,33.342
2017-02-20 06:00:00,33.434
2017-02-20 09:00:00,32.959
2017-02-20 12:00:00,31.609
2017-02-20 15:00:00,30.752
2017-02-20 18:00:00,30.137
2017-02-20 21:00:00,29.664999
2017-02-21 00:00:00,29.285
2017-02-21 03:00:00,28.943
2017-02-21 06:00:00,28.623
2017-02-21 09:00:00,28.282
2017-02-21 12:00:00,28.286
2017-02-21 15:00:00,29.002
2017-02-21 18:00:00,28.793
2017-02-21 21:00:00,28.545
2017-02-22 00:00:00,28.407999
2017-02-22 03:00:00,28.322
2017-02-22 06:00:00,28.277
2017-02-22 09:00:00,28.204
2017-02-22 12:00:00,28.352
2017-02-22 15:00:00,31.115
2017-02-22 18:00:00,30.789
2017-02-22 21:00:00,30.604
2017-02-23 00:00:00,29.952
2017-02-23 03:00:00,29.451
2017-02-23 06:00:00,29.031
2017-02-23 09:00:00,28.591
2017-02-23 12:00:00,28.119999
2017-02-23 15:00:00,27.802
2017-02-23 18:00:00,27.583
2017-02-23 21:00:00,27.382
2017-02-24 00:00:00,27.207
2017-02-24 03:00:00,27.066
2017-02-24 06:00:00,26.926
2017-02-24 09:00:00,26.759
2017-02-24 12:00:00,26.558
2017-02-24 15:00:00,26.382
2017-02-24 18:00:00,26.333
2017-02-24 21:00:00,26.273
2017-02-25 00:00:00,26.203
2017-02-25 03:00:00,26.135
2017-02-25 06:00:00,26.08
2017-02-25 09:00:00,25.954
2017-02-25 12:00:00,25.794
2017-02-25 15:00:00,25.686
2017-02-25 18:00:00,25.648
2017-02-25 21:00:00,25.617
2017-02-26 00:00:00,25.97
2017-02-26 03:00:00,26.27
2017-02-26 06:00:00,26.352
2017-02-26 09:00:00,26.439
2017-02-26 12:00:00,26.487999
2017-02-26 15:00:00,26.417
2017-02-26 18:00:00,26.324
2017-02-26 21:00:00,26.239
2017-02-27 00:00:00,26.552
2017-02-27 03:00:00,26.468
2017-02-27 06:00:00,26.417
2017-02-27 09:00:00,26.616
2017-02-27 12:00:00,26.585
2017-02-27 15:00:00,26.575
2017-02-27 18:00:00,26.73
2017-02-27 21:00:00,26.824
2017-02-28 00:00:00,26.907
2017-02-28 03:00:00,27.504
2017-02-28 06:00:00,28.207
2017-02-28 09:00:00,28.61
2017-02-28 12:00:00,28.366
2017-02-28 15:00:00,28.531
2017-02-28 18:00:00,28.514
2017-02-28 21:00:00,28.529
2017-03-01 00:00:00,28.243
2017-03-01 03:00:00,28.027
2017-03-01 06:00:00,27.89
2017-03-01 09:00:00,27.701
2017-03-01 12:00:00,27.41
2017-03-01 15:00:00,27.161
2017-03-01 18:00:00,26.975
2017-03-01 21:00:00,26.81
2017-03-02 00:00:00,26.657999
2017-03-02 03:00:00,26.529
2017-03-02 06:00:00,26.428999
2017-03-02 09:00:00,26.301
2017-03-02 12:00:00,26.14
2017-03-02 15:00:00,26.008
2017-03-02 18:00:00,25.913
2017-03-02 21:00:00,25.822
2017-03-03 00:00:00,25.851
2017-03-03 03:00:00,25.885
2017-03-03 06:00:00,26.075
2017-03-03 09:00:00,26.265
2017-03-03 12:00:00,26.101
2017-03-03 15:00:00,25.963
2017-03-03 18:00:00,25.906
2017-03-03 21:00:00,25.844
2017-03-04 00:00:00,26.08
2017-03-04 03:00:00,26.718
2017-03-04 06:00:00,26.605999
2017-03-04 09:00:00,26.562
2017-03-04 12:00:00,26.411
2017-03-04 15:00:00,26.275
2017-03-04 18:00:00,26.853
2017-03-04 21:00:00,27.51
2017-03-05 00:00:00,27.334
2017-03-05 03:00:00,27.169
2017-03-05 06:00:00,27.003
2017-03-05 09:00:00,26.816
2017-03-05 12:00:00,26.618
2017-03-05 15:00:00,26.447
2017-03-05 18:00:00,26.454
2017-03-05 21:00:00,26.344
2017-03-06 00:00:00,26.257
2017-03-06 03:00:00,26.182
2017-03-06 06:00:00,26.114
2017-03-06 09:00:00,26.035
2017-03-06 12:00:00,25.942
2017-03-06 15:00:00,25.855999
2017-03-06 18:00:00,25.784
2017-03-06 21:00:00,25.704
2017-03-07 00:00:00,25.624
2017-03-07 03:00:00,25.553999
2017-03-07 06:00:00,25.499
2017-03-07 09:00:00,25.48
2017-03-07 12:00:00,25.489
2017-03-07 15:00:00,25.445
2017-03-07 18:00:00,25.413
2017-03-07 21:00:00,25.388
2017-03-08 00:00:00,25.365
2017-03-08 03:00:00,25.344
2017-03-08 06:00:00,25.324
2017-03-08 09:00:00,25.275
2017-03-08 12:00:00,25.292
2017-03-08 15:00:00,25.305
2017-03-08 18:00:00,25.291
2017-03-08 21:00:00,25.282999
2017-03-09 00:00:00,25.33
2017-03-09 03:00:00,25.517
2017-03-09 06:00:00,25.749
2017-03-09 09:00:00,26.112999
2017-03-09 12:00:00,26.592
2017-03-09 15:00:00,26.899
2017-03-09 18:00:00,26.869999
2017-03-09 21:00:00,26.811
2017-03-10 00:00:00,26.76
2017-03-10 03:00:00,26.712
2017-03-10 06:00:00,26.697
2017-03-10 09:00:00,26.848
2017-03-10 12:00:00,27.391
2017-03-10 15:00:00,28.023
2017-03-10 18:00:00,28.131
2017-03-10 21:00:00,28.053
2017-03-11 00:00:00,27.753
2017-03-11 03:00:00,27.557
2017-03-11 06:00:00,27.456
2017-03-11 09:00:00,27.447
2017-03-11 12:00:00,27.46
2017-03-11 15:00:00,27.361
2017-03-11 18:00:00,27.177
2017-03-11 21:00:00,27.098
2017-03-12 00:00:00,27.067
2017-03-12 03:00:00,27.053
2017-03-12 06:00:00,27.046
2017-03-12 09:00:00,27.085
2017-03-12 12:00:00,27.173
2017-03-12 15:00:00,27.209
2017-03-12 18:00:00,27.174
2017-03-12 21:00:00,27.13
2017-03-13 00:00:00,27.098999
2017-03-13 03:00:00,27.088
2017-03-13 06:00:00,27.08
2017-03-13 09:00:00,27.078
2017-03-13 12:00:00,27.104
2017-03-13 15:00:00,27.114
2017-03-13 18:00:00,27.071
2017-03-13 21:00:00,27.02
2017-03-14 00:00:00,27.037
2017-03-14 03:00:00,26.986
2017-03-14 06:00:00,26.943
2017-03-14 09:00:00,26.948
2017-03-14 12:00:00,26.907
2017-03-14 15:00:00,26.777
2017-03-14 18:00:00,26.687
2017-03-14 21:00:00,26.629
2017-03-15 00:00:00,26.542
2017-03-15 03:00:00,26.441
2017-03-15 06:00:00,26.346
2017-03-15 09:00:00,26.222
2017-03-15 12:00:00,26.043
2017-03-15 15:00:00,25.889
2017-03-15 18:00:00,25.817
2017-03-15 21:00:00,25.759
2017-03-16 00:00:00,25.7
2017-03-16 03:00:00,25.671999
2017-03-16 06:00:00,25.651
2017-03-16 09:00:00,25.574
2017-03-16 12:00:00,25.421
2017-03-16 15:00:00,25.33
2017-03-16 18:00:00,25.312
2017-03-16 21:00:00,25.328
2017-03-17 00:00:00,25.694
2017-03-17 03:00:00,25.97
2017-03-17 06:00:00,26.176
2017-03-17 09:00:00,26.286
2017-03-17 12:00:00,26.059
2017-03-17 15:00:00,25.862
2017-03-17 18:00:00,26.555
2017-03-17 21:00:00,27.573
2017-03-18 00:00:00,28.082
2017-03-18 03:00:00,28.259
2017-03-18 06:00:00,28.049
2017-03-18 09:00:00,28.313
2017-03-18 12:00:00,27.928
2017-03-18 15:00:00,28.232
2017-03-18 18:00:00,28.214
2017-03-18 21:00:00,28.291
2017-03-19 00:00:00,27.827
2017-03-19 03:00:00,27.629
2017-03-19 06:00:00,27.529
2017-03-19 09:00:00,27.339
2017-03-19 12:00:00,26.993
2017-03-19 15:00:00,26.744
2017-03-19 18:00:00,26.594
2017-03-19 21:00:00,26.508
2017-03-20 00:00:00,26.459
2017-03-20 03:00:00,26.425
2017-03-20 06:00:00,26.413
2017-03-20 09:00:00,26.33
2017-03-20 12:00:00,26.215
2017-03-20 15:00:00,26.145
2017-03-20 18:00:00,26.107
2017-03-20 21:00:00,26.071
2017-03-21 00:00:00,26.326
2017-03-21 03:00:00,26.52
2017-03-21 06:00:00,26.574
2017-03-21 09:00:00,26.686
2017-03-21 12:00:00,26.51
2017-03-21 15:00:00,26.32
2017-03-21 18:00:00,26.273
2017-03-21 21:00:00,26.271
2017-03-22 00:00:00,26.141
2017-03-22 03:00:00,26.044
2017-03-22 06:00:00,25.953
2017-03-22 09:00:00,25.751
2017-03-22 12:00:00,25.480999
2017-03-22 15:00:00,25.233
2017-03-22 18:00:00,25.162
2017-03-22 21:00:00,25.183
2017-03-23 00:00:00,25.216
2017-03-23 03:00:00,25.191
2017-03-23 06:00:00,25.164
2017-03-23 09:00:00,24.994
2017-03-23 12:00:00,24.792
2017-03-23 15:00:00,24.604
2017-03-23 18:00:00,24.564
2017-03-23 21:00:00,24.611
2017-03-24 00:00:00,24.645
2017-03-24 03:00:00,24.601
2017-03-24 06:00:00,24.558
2017-03-24 09:00:00,24.395
2017-03-24 12:00:00,24.235
2017-03-24 15:00:00,24.098
2017-03-24 18:00:00,24.069
2017-03-24 21:00:00,24.056
2017-03-25 00:00:00,24.061
2017-03-25 03:00:00,24.098999
2017-03-25 06:00:00,24.128
2017-03-25 09:00:00,24.081
2017-03-25 12:00:00,23.945
2017-03-25 15:00:00,23.817
2017-03-25 18:00:00,23.808
2017-03-25 21:00:00,23.877
2017-03-26 00:00:00,23.94
2017-03-26 03:00:00,23.999
2017-03-26 06:00:00,24.042
2017-03-26 09:00:00,23.986
2017-03-26 12:00:00,23.81
2017-03-26 15:00:00,23.598
2017-03-26 18:00:00,23.558
2017-03-26 21:00:00,23.588
2017-03-27 00:00:00,23.637
2017-03-27 03:00:00,23.723999
2017-03-27 06:00:00,23.791
2017-03-27 09:00:00,23.719
2017-03-27 12:00:00,23.512
2017-03-27 15:00:00,23.365
2017-03-27 18:00:00,23.331
2017-03-27 21:00:00,23.344
2017-03-28 00:00:00,23.4
2017-03-28 03:00:00,23.475
2017-03-28 06:00:00,23.528
2017-03-28 09:00:00,23.448
2017-03-28 12:00:00,23.278
2017-03-28 15:00:00,23.149
2017-03-28 18:00:00,23.13
2017-03-28 21:00:00,23.152
2017-03-29 00:00:00,23.601
2017-03-29 03:00:00,24.232
2017-03-29 06:00:00,24.532999
2017-03-29 09:00:00,24.857
2017-03-29 12:00:00,25.128
2017-03-29 15:00:00,25.342
2017-03-29 18:00:00,25.625
2017-03-29 21:00:00,25.773
2017-03-30 00:00:00,25.651
2017-03-30 03:00:00,25.578
2017-03-30 06:00:00,25.566
2017-03-30 09:00:00,25.549
2017-03-30 12:00:00,25.342
2017-03-30 15:00:00,25.183
2017-03-30 18:00:00,25.06
2017-03-30 21:00:00,25.112999
2017-03-31 00:00:00,25.406
2017-03-31 03:00:00,26.277
2017-03-31 06:00:00,26.186
2017-03-31 09:00:00,25.997
2017-03-31 12:00:00,25.754
2017-03-31 15:00:00,25.598
2017-03-31 18:00:00,25.539999
2017-03-31 21:00:00,25.471
2017-04-01 00:00:00,25.388
2017-04-01 03:00:00,25.342
2017-04-01 06:00:00,25.402
2017-04-01 09:00:00,26.455
2017-04-01 12:00:00,26.143
2017-04-01 15:00:00,25.904
2017-04-01 18:00:00,25.864
2017-04-01 21:00:00,25.875
2017-04-02 00:00:00,25.864
2017-04-02 03:00:00,25.951
2017-04-02 06:00:00,26.303
2017-04-02 09:00:00,26.612
2017-04-02 12:00:00,26.347
2017-04-02 15:00:00,26.249
2017-04-02 18:00:00,26.142
2017-04-02 21:00:00,26.072
2017-04-03 00:00:00,25.92
2017-04-03 03:00:00,25.802
2017-04-03 06:00:00,25.698
2017-04-03 09:00:00,25.487
2017-04-03 12:00:00,25.201
2017-04-03 15:00:00,25.043
2017-04-03 18:00:00,24.977
2017-04-03 21:00:00,24.953
2017-04-04 00:00:00,24.942
2017-04-04 03:00:00,24.938
2017-04-04 06:00:00,24.926
2017-04-04 09:00:00,24.847
2017-04-04 12:00:00,24.631
2017-04-04 15:00:00,24.411
2017-04-04 18:00:00,24.361
2017-04-04 21:00:00,24.369
2017-04-05 00:00:00,24.377
2017-04-05 03:00:00,24.395
2017-04-05 06:00:00,24.362
2017-04-05 09:00:00,24.235
2017-04-05 12:00:00,24.017
2017-04-05 15:00:00,23.82
2017-04-05 18:00:00,23.781
2017-04-05 21:00:00,23.813
2017-04-06 00:00:00,23.837
2017-04-06 03:00:00,23.864
2017-04-06 06:00:00,23.872
2017-04-06 09:00:00,23.742
2017-04-06 12:00:00,23.508
2017-04-06 15:00:00,23.36
2017-04-06 18:00:00,23.325
2017-04-06 21:00:00,23.35
2017-04-07 00:00:00,23.404
2017-04-07 03:00:00,23.472
2017-04-07 06:00:00,23.521
2017-04-07 09:00:00,23.454
2017-04-07 12:00:00,23.38
2017-04-07 15:00:00,23.282999
2017-04-07 18:00:00,23.269
2017-04-07 21:00:00,23.305
2017-04-08 00:00:00,23.359
2017-04-08 03:00:00,23.432
2017-04-08 06:00:00,23.475
2017-04-08 09:00:00,23.994
2017-04-08 12:00:00,23.766
2017-04-08 15:00:00,23.611
2017-04-08 18:00:00,23.562
2017-04-08 21:00:00,23.58
2017-04-09 00:00:00,23.577
2017-04-09 03:00:00,23.581
2017-04-09 06:00:00,23.561
2017-04-09 09:00:00,23.414
2017-04-09 12:00:00,23.188
2017-04-09 15:00:00,23.039
2017-04-09 18:00:00,22.985
2017-04-09 21:00:00,23.025
2017-04-10 00:00:00,23.065
2017-04-10 03:00:00,23.112999
2017-04-10 06:00:00,23.103
2017-04-10 09:00:00,22.980999
2017-04-10 12:00:00,22.788
2017-04-10 15:00:00,22.571
2017-04-10 18:00:00,22.487999
2017-04-10 21:00:00,22.48
2017-04-11 00:00:00,22.482
2017-04-11 03:00:00,22.487
2017-04-11 06:00:00,22.468
2017-04-11 09:00:00,22.332
2017-04-11 12:00:00,22.061
2017-04-11 15:00:00,21.857
2017-04-11 18:00:00,21.798
2017-04-11 21:00:00,21.843
2017-04-12 00:00:00,22.0
2017-04-12 03:00:00,22.443
2017-04-12 06:00:00,22.553
2017-04-12 09:00:00,22.584
2017-04-12 12:00:00,22.524
2017-04-12 15:00:00,22.45
2017-04-12 18:00:00,22.437
2017-04-12 21:00:00,22.489
2017-04-13 00:00:00,22.521
2017-04-13 03:00:00,22.553
2017-04-13 06:00:00,22.571
2017-04-13 09:00:00,22.539
2017-04-13 12:00:00,22.436
2017-04-13 15:00:00,22.324
2017-04-13 18:00:00,22.302
2017-04-13 21:00:00,22.311
2017-04-14 00:00:00,22.384
2017-04-14 03:00:00,22.924
2017-04-14 06:00:00,23.184
2017-04-14 09:00:00,23.346
2017-04-14 12:00:00,23.274
2017-04-14 15:00:00,23.195
2017-04-14 18:00:00,23.162
2017-04-14 21:00:00,23.188
2017-04-15 00:00:00,23.207
2017-04-15 03:00:00,23.242
2017-04-15 06:00:00,23.208
2017-04-15 09:00:00,23.141
2017-04-15 12:00:00,23.018
2017-04-15 15:00:00,22.914
2017-04-15 18:00:00,22.862
2017-04-15 21:00:00,22.839
2017-04-16 00:00:00,22.816
2017-04-16 03:00:00,22.793
2017-04-16 06:00:00,22.747
2017-04-16 09:00:00,22.619
2017-04-16 12:00:00,22.515
2017-04-16 15:00:00,22.452
2017-04-16 18:00:00,22.434
2017-04-16 21:00:00,22.456
2017-04-17 00:00:00,22.467
2017-04-17 03:00:00,22.454
2017-04-17 06:00:00,22.421
2017-04-17 09:00:00,22.326
2017-04-17 12:00:00,22.214
2017-04-17 15:00:00,22.102
2017-04-17 18:00:00,22.079
2017-04-17 21:00:00,22.069
2017-04-18 00:00:00,22.055
2017-04-18 03:00:00,22.035
2017-04-18 06:00:00,21.987
2017-04-18 09:00:00,21.875
2017-04-18 12:00:00,21.753
2017-04-18 15:00:00,21.645
2017-04-18 18:00:00,21.636
2017-04-18 21:00:00,21.631
2017-04-19 00:00:00,21.62
2017-04-19 03:00:00,21.615
2017-04-19 06:00:00,21.592
2017-04-19 09:00:00,21.483
2017-04-19 12:00:00,21.329
2017-04-19 15:00:00,21.238
2017-04-19 18:00:00,21.221
2017-04-19 21:00:00,21.241
2017-04-20 00:00:00,21.287
2017-04-20 03:00:00,21.278
2017-04-20 06:00:00,21.316
2017-04-20 09:00:00,21.315
2017-04-20 12:00:00,21.303
2017-04-20 15:00:00,21.313
2017-04-20 18:00:00,21.506
2017-04-20 21:00:00,21.709
2017-04-21 00:00:00,21.831
2017-04-21 03:00:00,21.891
2017-04-21 06:00:00,21.895
2017-04-21 09:00:00,21.879
2017-04-21 12:00:00,21.922
2017-04-21 15:00:00,22.494
2017-04-21 18:00:00,23.488
2017-04-21 21:00:00,24.182
2017-04-22 00:00:00,23.971
2017-04-22 03:00:00,23.809
2017-04-22 06:00:00,23.63
2017-04-22 09:00:00,23.342
2017-04-22 12:00:00,23.041
2017-04-22 15:00:00,22.831
2017-04-22 18:00:00,22.707
2017-04-22 21:00:00,22.651
2017-04-23 00:00:00,22.634
2017-04-23 03:00:00,22.629
2017-04-23 06:00:00,22.586
2017-04-23 09:00:00,22.436
2017-04-23 12:00:00,22.281
2017-04-23 15:00:00,22.179
2017-04-23 18:00:00,22.153
2017-04-23 21:00:00,22.162
2017-04-24 00:00:00,22.234
2017-04-24 03:00:00,22.237
2017-04-24 06:00:00,22.695
2017-04-24 09:00:00,24.063
2017-04-24 12:00:00,23.935
2017-04-24 15:00:00,24.089
2017-04-24 18:00:00,24.048
2017-04-24 21:00:00,24.166
2017-04-25 00:00:00,24.026
2017-04-25 03:00:00,23.952
2017-04-25 06:00:00,23.853
2017-04-25 09:00:00,23.582
2017-04-25 12:00:00,23.233
2017-04-25 15:00:00,22.961
2017-04-25 18:00:00,22.833
2017-04-25 21:00:00,22.789
2017-04-26 00:00:00,22.776
2017-04-26 03:00:00,22.77
2017-04-26 06:00:00,22.736
2017-04-26 09:00:00,22.605
2017-04-26 12:00:00,22.412
2017-04-26 15:00:00,22.289
2017-04-26 18:00:00,22.247
2017-04-26 21:00:00,22.255
2017-04-27 00:00:00,22.279
2017-04-27 03:00:00,22.285
2017-04-27 06:00:00,22.243
2017-04-27 09:00:00,22.108
2017-04-27 12:00:00,21.935
2017-04-27 15:00:00,21.836
2017-04-27 18:00:00,21.809
2017-04-27 21:00:00,21.821
2017-04-28 00:00:00,21.848
2017-04-28 03:00:00,21.848
2017-04-28 06:00:00,21.824
2017-04-28 09:00:00,21.697
2017-04-28 12:00:00,21.547
2017-04-28 15:00:00,21.423
2017-04-28 18:00:00,21.403
2017-04-28 21:00:00,21.424
2017-04-29 00:00:00,25.012
2017-04-29 03:00:00,26.232
2017-04-29 06:00:00,26.45
2017-04-29 09:00:00,26.185
2017-04-29 12:00:00,25.712
2017-04-29 15:00:00,25.555
2017-04-29 18:00:00,25.349
2017-04-29 21:00:00,25.227
2017-04-30 00:00:00,25.012
2017-04-30 03:00:00,24.877
2017-04-30 06:00:00,24.81
2017-04-30 09:00:00,24.524
2017-04-30 12:00:00,24.156
2017-04-30 15:00:00,23.857
2017-04-30 18:00:00,23.704
2017-04-30 21:00:00,23.66
2017-05-01 00:00:00,23.639
2017-05-01 03:00:00,23.625
2017-05-01 06:00:00,23.579
2017-05-01 09:00:00,23.39
2017-05-01 12:00:00,23.13
2017-05-01 15:00:00,22.915
2017-05-01 18:00:00,22.838
2017-05-01 21:00:00,22.861
2017-05-02 00:00:00,22.862
2017-05-02 03:00:00,22.857
2017-05-02 06:00:00,22.821
2017-05-02 09:00:00,22.653
2017-05-02 12:00:00,22.444
2017-05-02 15:00:00,22.263
2017-05-02 18:00:00,22.201
2017-05-02 21:00:00,22.242
2017-05-03 00:00:00,22.283
2017-05-03 03:00:00,22.323
2017-05-03 06:00:00,22.328
2017-05-03 09:00:00,22.222
2017-05-03 12:00:00,22.025
2017-05-03 15:00:00,21.86
2017-05-03 18:00:00,21.803
2017-05-03 21:00:00,21.812
2017-05-04 00:00:00,21.849
2017-05-04 03:00:00,21.889
2017-05-04 06:00:00,21.886
2017-05-04 09:00:00,21.778
2017-05-04 12:00:00,21.603
2017-05-04 15:00:00,21.449
2017-05-04 18:00:00,21.395
2017-05-04 21:00:00,21.403
2017-05-05 00:00:00,21.425
2017-05-05 03:00:00,21.458
2017-05-05 06:00:00,21.46
2017-05-05 09:00:00,21.366
2017-05-05 12:00:00,21.212
2017-05-05 15:00:00,21.085
2017-05-05 18:00:00,21.056
2017-05-05 21:00:00,21.101
2017-05-06 00:00:00,21.147
2017-05-06 03:00:00,21.172
2017-05-06 06:00:00,21.149
2017-05-06 09:00:00,21.062
2017-05-06 12:00:00,20.921
2017-05-06 15:00:00,20.811
2017-05-06 18:00:00,20.786
2017-05-06 21:00:00,20.823
2017-05-07 00:00:00,20.877
2017-05-07 03:00:00,20.917
2017-05-07 06:00:00,20.919
2017-05-07 09:00:00,20.83
2017-05-07 12:00:00,20.701
2017-05-07 15:00:00,20.592
2017-05-07 18:00:00,20.6
2017-05-07 21:00:00,20.693
2017-05-08 00:00:00,20.73
2017-05-08 03:00:00,20.778
2017-05-08 06:00:00,20.801
2017-05-08 09:00:00,20.751
2017-05-08 12:00:00,20.681
2017-05-08 15:00:00,20.598
2017-05-08 18:00:00,20.572
2017-05-08 21:00:00,20.606
2017-05-09 00:00:00,20.641
2017-05-09 03:00:00,20.668
2017-05-09 06:00:00,20.64
2017-05-09 09:00:00,20.575
2017-05-09 12:00:00,20.498
2017-05-09 15:00:00,20.446
2017-05-09 18:00:00,20.447
2017-05-09 21:00:00,20.475
2017-05-10 00:00:00,20.506
2017-05-10 03:00:00,20.535
2017-05-10 06:00:00,20.512
2017-05-10 09:00:00,20.451
2017-05-10 12:00:00,20.346
2017-05-10 15:00:00,20.269
2017-05-10 18:00:00,20.248
2017-05-10 21:00:00,20.267
2017-05-11 00:00:00,20.272
2017-05-11 03:00:00,20.263
2017-05-11 06:00:00,20.263
2017-05-11 09:00:00,20.212
2017-05-11 12:00:00,20.149
2017-05-11 15:00:00,20.088
2017-05-11 18:00:00,20.09
2017-05-11 21:00:00,20.116
2017-05-12 00:00:00,20.203
2017-05-12 03:00:00,20.325
2017-05-12 06:00:00,20.33
2017-05-12 09:00:00,20.287
2017-05-12 12:00:00,20.182
2017-05-12 15:00:00,20.096
2017-05-12 18:00:00,20.075
2017-05-12 21:00:00,20.108
2017-05-13 00:00:00,20.149
2017-05-13 03:00:00,20.171
2017-05-13 06:00:00,20.146
2017-05-13 09:00:00,20.079
2017-05-13 12:00:00,19.978
2017-05-13 15:00:00,19.883
2017-05-13 18:00:00,19.853
2017-05-13 21:00:00,19.878
2017-05-14 00:00:00,19.933
2017-05-14 03:00:00,20.073
2017-05-14 06:00:00,20.781
2017-05-14 09:00:00,20.969
2017-05-14 12:00:00,20.936
2017-05-14 15:00:00,20.9
2017-05-14 18:00:00,20.891
2017-05-14 21:00:00,20.997
2017-05-15 00:00:00,21.018
2017-05-15 03:00:00,21.039
2017-05-15 06:00:00,21.036
2017-05-15 09:00:00,20.979
2017-05-15 12:00:00,20.85
2017-05-15 15:00:00,20.774
2017-05-15 18:00:00,20.737
2017-05-15 21:00:00,20.735
2017-05-16 00:00:00,20.743
2017-05-16 03:00:00,20.753
2017-05-16 06:00:00,20.744
2017-05-16 09:00:00,20.705
2017-05-16 12:00:00,20.638
2017-05-16 15:00:00,20.541
2017-05-16 18:00:00,20.503
2017-05-16 21:00:00,20.499
2017-05-17 00:00:00,20.57
2017-05-17 03:00:00,20.657
2017-05-17 06:00:00,20.888
2017-05-17 09:00:00,21.565
2017-05-17 12:00:00,21.662
2017-05-17 15:00:00,21.69
2017-05-17 18:00:00,21.796
2017-05-17 21:00:00,22.332
2017-05-18 00:00:00,22.468
2017-05-18 03:00:00,22.49
2017-05-18 06:00:00,22.442
2017-05-18 09:00:00,22.261
2017-05-18 12:00:00,21.969
2017-05-18 15:00:00,21.716
2017-05-18 18:00:00,21.59
2017-05-18 21:00:00,21.571
2017-05-19 00:00:00,21.561
2017-05-19 03:00:00,21.559
2017-05-19 06:00:00,21.513
2017-05-19 09:00:00,21.355
2017-05-19 12:00:00,21.134
2017-05-19 15:00:00,20.945
2017-05-19 18:00:00,20.862
2017-05-19 21:00:00,20.863
2017-05-20 00:00:00,20.87
2017-05-20 03:00:00,20.879
2017-05-20 06:00:00,20.849
2017-05-20 09:00:00,20.727
2017-05-20 12:00:00,20.558
2017-05-20 15:00:00,20.418
2017-05-20 18:00:00,20.365
2017-05-20 21:00:00,20.376
2017-05-21 00:00:00,20.4
2017-05-21 03:00:00,20.428
2017-05-21 06:00:00,20.421
2017-05-21 09:00:00,20.36
2017-05-21 12:00:00,20.209
2017-05-21 15:00:00,20.062
2017-05-21 18:00:00,19.993
2017-05-21 21:00:00,20.006
2017-05-22 00:00:00,20.032
2017-05-22 03:00:00,20.058
2017-05-22 06:00:00,20.048
2017-05-22 09:00:00,19.964
2017-05-22 12:00:00,19.848
2017-05-22 15:00:00,19.746
2017-05-22 18:00:00,19.71
2017-05-22 21:00:00,19.726
2017-05-23 00:00:00,19.772
2017-05-23 03:00:00,19.811
2017-05-23 06:00:00,19.841
2017-05-23 09:00:00,19.799
2017-05-23 12:00:00,19.785
2017-05-23 15:00:00,19.806
2017-05-23 18:00:00,19.83
2017-05-23 21:00:00,20.001
2017-05-24 00:00:00,20.016
2017-05-24 03:00:00,20.032
2017-05-24 06:00:00,20.021
2017-05-24 09:00:00,19.927
2017-05-24 12:00:00,19.787
2017-05-24 15:00:00,19.665
2017-05-24 18:00:00,19.603
2017-05-24 21:00:00,19.613
2017-05-25 00:00:00,19.718
2017-05-25 03:00:00,19.862
2017-05-25 06:00:00,19.957
2017-05-25 09:00:00,19.951
2017-05-25 12:00:00,19.818
2017-05-25 15:00:00,19.74
2017-05-25 18:00:00,19.729
2017-05-25 21:00:00,19.74
2017-05-26 00:00:00,19.751
2017-05-26 03:00:00,19.758
2017-05-26 06:00:00,19.73
2017-05-26 09:00:00,19.622
2017-05-26 12:00:00,19.481
2017-05-26 15:00:00,19.365
2017-05-26 18:00:00,19.316
2017-05-26 21:00:00,19.326
2017-05-27 00:00:00,19.339
2017-05-27 03:00:00,19.355
2017-05-27 06:00:00,19.332
2017-05-27 09:00:00,19.232
2017-05-27 12:00:00,19.088
2017-05-27 15:00:00,18.971
2017-05-27 18:00:00,18.929
2017-05-27 21:00:00,18.942
2017-05-28 00:00:00,18.968
2017-05-28 03:00:00,19.093
2017-05-28 06:00:00,19.076
2017-05-28 09:00:00,18.973
2017-05-28 12:00:00,18.842
2017-05-28 15:00:00,18.784
2017-05-28 18:00:00,18.799
2017-05-28 21:00:00,18.811
2017-05-29 00:00:00,18.822
2017-05-29 03:00:00,18.842
2017-05-29 06:00:00,18.824
2017-05-29 09:00:00,18.789
2017-05-29 12:00:00,18.756
2017-05-29 15:00:00,18.711
2017-05-29 18:00:00,18.681
2017-05-29 21:00:00,18.69
2017-05-30 00:00:00,18.926
2017-05-30 03:00:00,19.611
2017-05-30 06:00:00,20.006
2017-05-30 09:00:00,20.223
2017-05-30 12:00:00,20.234
2017-05-30 15:00:00,20.201
2017-05-30 18:00:00,20.17
2017-05-30 21:00:00,20.155
2017-05-31 00:00:00,20.128
2017-05-31 03:00:00,20.104
2017-05-31 06:00:00,20.112
2017-05-31 09:00:00,20.106
2017-05-31 12:00:00,20.023
2017-05-31 15:00:00,19.925
2017-05-31 18:00:00,19.87
2017-05-31 21:00:00,19.854
2017-06-01 00:00:00,19.854
2017-06-01 03:00:00,19.849
2017-06-01 06:00:00,19.792
2017-06-01 09:00:00,19.66
2017-06-01 12:00:00,19.48
2017-06-01 15:00:00,19.318
2017-06-01 18:00:00,19.241
2017-06-01 21:00:00,19.242
2017-06-02 00:00:00,19.349
2017-06-02 03:00:00,19.445
2017-06-02 06:00:00,19.506
2017-06-02 09:00:00,19.517
2017-06-02 12:00:00,19.451
2017-06-02 15:00:00,19.371
2017-06-02 18:00:00,19.362
2017-06-02 21:00:00,19.425
2017-06-03 00:00:00,19.623
2017-06-03 03:00:00,20.284
2017-06-03 06:00:00,21.02
2017-06-03 09:00:00,21.479
2017-06-03 12:00:00,21.491
2017-06-03 15:00:00,21.588
2017-06-03 18:00:00,21.674
2017-06-03 21:00:00,21.759
2017-06-04 00:00:00,22.286
2017-06-04 03:00:00,22.818
2017-06-04 06:00:00,22.996
2017-06-04 09:00:00,22.714
2017-06-04 12:00:00,22.469
2017-06-04 15:00:00,22.391
2017-06-04 18:00:00,22.389
2017-06-04 21:00:00,22.447
2017-06-05 00:00:00,22.319
2017-06-05 03:00:00,22.204
2017-06-05 06:00:00,22.06
2017-06-05 09:00:00,21.797
2017-06-05 12:00:00,21.447
2017-06-05 15:00:00,21.162
2017-06-05 18:00:00,21.016
2017-06-05 21:00:00,20.969
2017-06-06 00:00:00,20.943
2017-06-06 03:00:00,20.92
2017-06-06 06:00:00,20.845
2017-06-06 09:00:00,20.652
2017-06-06 12:00:00,20.41
2017-06-06 15:00:00,20.216
2017-06-06 18:00:00,20.113
2017-06-06 21:00:00,20.078
2017-06-07 00:00:00,20.218
2017-06-07 03:00:00,20.355
2017-06-07 06:00:00,20.469
2017-06-07 09:00:00,20.611
2017-06-07 12:00:00,20.765
2017-06-07 15:00:00,20.835
2017-06-07 18:00:00,21.068
2017-06-07 21:00:00,21.692
2017-06-08 00:00:00,21.705
2017-06-08 03:00:00,22.686
2017-06-08 06:00:00,22.53
2017-06-08 09:00:00,22.342
2017-06-08 12:00:00,22.196
2017-06-08 15:00:00,22.035
2017-06-08 18:00:00,21.887
2017-06-08 21:00:00,21.838
2017-06-09 00:00:00,21.846
2017-06-09 03:00:00,21.825
2017-06-09 06:00:00,21.77
2017-06-09 09:00:00,21.692
2017-06-09 12:00:00,21.572
2017-06-09 15:00:00,21.42
2017-06-09 18:00:00,21.291
2017-06-09 21:00:00,21.249
2017-06-10 00:00:00,22.217
2017-06-10 03:00:00,23.532
2017-06-10 06:00:00,23.279
2017-06-10 09:00:00,22.979
2017-06-10 12:00:00,22.637
2017-06-10 15:00:00,22.349
2017-06-10 18:00:00,22.994
2017-06-10 21:00:00,24.238
2017-06-11 00:00:00,23.936
2017-06-11 03:00:00,23.691
2017-06-11 06:00:00,23.441
2017-06-11 09:00:00,23.03
2017-06-11 12:00:00,22.694
2017-06-11 15:00:00,22.481
2017-06-11 18:00:00,22.328
2017-06-11 21:00:00,22.226
2017-06-12 00:00:00,22.961
2017-06-12 03:00:00,24.094
2017-06-12 06:00:00,24.071
2017-06-12 09:00:00,23.659
2017-06-12 12:00:00,23.115
2017-06-12 15:00:00,22.896
2017-06-12 18:00:00,22.966
2017-06-12 21:00:00,23.072
2017-06-13 00:00:00,22.918
2017-06-13 03:00:00,22.782
2017-06-13 06:00:00,22.571
2017-06-13 09:00:00,22.278
2017-06-13 12:00:00,22.024
2017-06-13 15:00:00,21.849
2017-06-13 18:00:00,21.778
2017-06-13 21:00:00,21.741
2017-06-14 00:00:00,21.754
2017-06-14 03:00:00,21.756
2017-06-14 06:00:00,21.676
2017-06-14 09:00:00,21.457
2017-06-14 12:00:00,21.242
2017-06-14 15:00:00,21.112
2017-06-14 18:00:00,21.021
2017-06-14 21:00:00,21.005
2017-06-15 00:00:00,21.01
2017-06-15 03:00:00,21.01
2017-06-15 06:00:00,20.975
2017-06-15 09:00:00,20.816
2017-06-15 12:00:00,20.592
2017-06-15 15:00:00,20.472
2017-06-15 18:00:00,20.548
2017-06-15 21:00:00,20.701
2017-06-16 00:00:00,21.164
2017-06-16 03:00:00,21.499
2017-06-16 06:00:00,21.532
2017-06-16 09:00:00,21.559
2017-06-16 12:00:00,23.144
2017-06-16 15:00:00,24.703
2017-06-16 18:00:00,24.374
2017-06-16 21:00:00,24.094
2017-06-17 00:00:00,23.879
2017-06-17 03:00:00,23.823
2017-06-17 06:00:00,23.61
2017-06-17 09:00:00,23.278
2017-06-17 12:00:00,22.897
2017-06-17 15:00:00,22.612
2017-06-17 18:00:00,22.432
2017-06-17 21:00:00,22.392
2017-06-18 00:00:00,22.321
2017-06-18 03:00:00,22.279
2017-06-18 06:00:00,22.169
2017-06-18 09:00:00,21.958
2017-06-18 12:00:00,21.637
2017-06-18 15:00:00,21.36
2017-06-18 18:00:00,21.537
2017-06-18 21:00:00,21.662
2017-06-19 00:00:00,21.625
2017-06-19 03:00:00,21.594
2017-06-19 06:00:00,21.512
2017-06-19 09:00:00,21.264
2017-06-19 12:00:00,20.949
2017-06-19 15:00:00,20.683
2017-06-19 18:00:00,20.554
2017-06-19 21:00:00,20.544
2017-06-20 00:00:00,20.529
2017-06-20 03:00:00,20.512
2017-06-20 06:00:00,20.476
2017-06-20 09:00:00,20.335
2017-06-20 12:00:00,20.123
2017-06-20 15:00:00,19.935
2017-06-20 18:00:00,19.86
2017-06-20 21:00:00,19.886
2017-06-21 00:00:00,19.885
2017-06-21 03:00:00,19.887
2017-06-21 06:00:00,19.833
2017-06-21 09:00:00,19.692
2017-06-21 12:00:00,19.496
2017-06-21 15:00:00,19.32
2017-06-21 18:00:00,19.23
2017-06-21 21:00:00,19.235
2017-06-22 00:00:00,19.284
2017-06-22 03:00:00,19.321
2017-06-22 06:00:00,19.316
2017-06-22 09:00:00,19.314
2017-06-22 12:00:00,19.285
2017-06-22 15:00:00,19.253
2017-06-22 18:00:00,19.249
2017-06-22 21:00:00,19.315
2017-06-23 00:00:00,19.515
2017-06-23 03:00:00,20.77
2017-06-23 06:00:00,20.744
2017-06-23 09:00:00,20.627
2017-06-23 12:00:00,20.464
2017-06-23 15:00:00,20.453
2017-06-23 18:00:00,20.384
2017-06-23 21:00:00,20.371
2017-06-24 00:00:00,20.357
2017-06-24 03:00:00,20.381
2017-06-24 06:00:00,20.514
2017-06-24 09:00:00,20.577
2017-06-24 12:00:00,20.471
2017-06-24 15:00:00,20.304
2017-06-24 18:00:00,20.311
2017-06-24 21:00:00,21.211
2017-06-25 00:00:00,21.151
2017-06-25 03:00:00,21.089
2017-06-25 06:00:00,20.983
2017-06-25 09:00:00,20.805
2017-06-25 12:00:00,20.645
2017-06-25 15:00:00,20.433
2017-06-25 18:00:00,20.303
2017-06-25 21:00:00,20.249
2017-06-26 00:00:00,20.224
2017-06-26 03:00:00,20.196
2017-06-26 06:00:00,20.119
2017-06-26 09:00:00,20.005
2017-06-26 12:00:00,19.831
2017-06-26 15:00:00,19.653
2017-06-26 18:00:00,19.54
2017-06-26 21:00:00,19.507
2017-06-27 00:00:00,19.49
2017-06-27 03:00:00,19.473
2017-06-27 06:00:00,19.413
2017-06-27 09:00:00,19.267
2017-06-27 12:00:00,19.081
2017-06-27 15:00:00,18.944
2017-06-27 18:00:00,18.867
2017-06-27 21:00:00,18.863
2017-06-28 00:00:00,18.88
2017-06-28 03:00:00,18.954
2017-06-28 06:00:00,19.002
2017-06-28 09:00:00,19.016
2017-06-28 12:00:00,18.841
2017-06-28 15:00:00,18.745
2017-06-28 18:00:00,18.704
2017-06-28 21:00:00,18.767
2017-06-29 00:00:00,19.64
2017-06-29 03:00:00,20.773
2017-06-29 06:00:00,20.722
2017-06-29 09:00:00,20.626
2017-06-29 12:00:00,20.562
2017-06-29 15:00:00,20.543
2017-06-29 18:00:00,20.975
2017-06-29 21:00:00,23.612
2017-06-30 00:00:00,25.485
2017-06-30 03:00:00,26.051
2017-06-30 06:00:00,27.449
2017-06-30 09:00:00,27.594
2017-06-30 12:00:00,27.687
2017-06-30 15:00:00,27.079
2017-06-30 18:00:00,26.308
2017-06-30 21:00:00,25.855
2017-07-01 00:00:00,26.446
2017-07-01 03:00:00,26.583
2017-07-01 06:00:00,25.962
2017-07-01 09:00:00,26.428
2017-07-01 12:00:00,26.1
2017-07-01 15:00:00,25.695
2017-07-01 18:00:00,25.313
2017-07-01 21:00:00,25.041
2017-07-02 00:00:00,24.802
2017-07-02 03:00:00,24.606
2017-07-02 06:00:00,24.374
2017-07-02 09:00:00,23.951
2017-07-02 12:00:00,23.485
2017-07-02 15:00:00,23.177
2017-07-02 18:00:00,23.014
2017-07-02 21:00:00,22.973
2017-07-03 00:00:00,22.928
2017-07-03 03:00:00,22.873
2017-07-03 06:00:00,22.763
2017-07-03 09:00:00,22.516
2017-07-03 12:00:00,22.189
2017-07-03 15:00:00,21.89
2017-07-03 18:00:00,21.751
2017-07-03 21:00:00,21.733
2017-07-04 00:00:00,21.773
2017-07-04 03:00:00,21.81
2017-07-04 06:00:00,21.822
2017-07-04 09:00:00,21.764
2017-07-04 12:00:00,21.608
2017-07-04 15:00:00,21.404
2017-07-04 18:00:00,21.295
2017-07-04 21:00:00,21.308
2017-07-05 00:00:00,21.318
2017-07-05 03:00:00,21.329
2017-07-05 06:00:00,21.307
2017-07-05 09:00:00,21.146
2017-07-05 12:00:00,20.928
2017-07-05 15:00:00,20.751
2017-07-05 18:00:00,20.679
2017-07-05 21:00:00,20.678
2017-07-06 00:00:00,20.691
2017-07-06 03:00:00,20.707
2017-07-06 06:00:00,20.668
2017-07-06 09:00:00,20.504
2017-07-06 12:00:00,20.276
2017-07-06 15:00:00,20.098
2017-07-06 18:00:00,19.998
2017-07-06 21:00:00,19.983
2017-07-07 00:00:00,19.985
2017-07-07 03:00:00,20.045
2017-07-07 06:00:00,20.264
2017-07-07 09:00:00,20.478
2017-07-07 12:00:00,20.485
2017-07-07 15:00:00,20.547
2017-07-07 18:00:00,20.663
2017-07-07 21:00:00,20.851
2017-07-08 00:00:00,21.799
2017-07-08 03:00:00,22.591
2017-07-08 06:00:00,22.825
2017-07-08 09:00:00,22.819
2017-07-08 12:00:00,22.727
2017-07-08 15:00:00,22.519
2017-07-08 18:00:00,22.321
2017-07-08 21:00:00,22.229
2017-07-09 00:00:00,22.158
2017-07-09 03:00:00,22.088
2017-07-09 06:00:00,21.952
2017-07-09 09:00:00,21.682
2017-07-09 12:00:00,21.332
2017-07-09 15:00:00,21.022
2017-07-09 18:00:00,20.866
2017-07-09 21:00:00,20.84
2017-07-10 00:00:00,20.858
2017-07-10 03:00:00,20.886
2017-07-10 06:00:00,20.857
2017-07-10 09:00:00,20.69
2017-07-10 12:00:00,20.469
2017-07-10 15:00:00,20.332
2017-07-10 18:00:00,20.306
2017-07-10 21:00:00,20.313
2017-07-11 00:00:00,20.311
2017-07-11 03:00:00,20.305
2017-07-11 06:00:00,20.285
2017-07-11 09:00:00,20.243
2017-07-11 12:00:00,20.65
2017-07-11 15:00:00,20.717
2017-07-11 18:00:00,20.712
2017-07-11 21:00:00,20.756
2017-07-12 00:00:00,20.768
2017-07-12 03:00:00,20.769
2017-07-12 06:00:00,20.754
2017-07-12 09:00:00,20.652
2017-07-12 12:00:00,20.476
2017-07-12 15:00:00,20.325
2017-07-12 18:00:00,20.323
2017-07-12 21:00:00,20.447
2017-07-13 00:00:00,20.427
2017-07-13 03:00:00,20.405
2017-07-13 06:00:00,20.333
2017-07-13 09:00:00,20.122
2017-07-13 12:00:00,19.856
2017-07-13 15:00:00,19.624
2017-07-13 18:00:00,19.515
2017-07-13 21:00:00,19.496
2017-07-14 00:00:00,19.49
2017-07-14 03:00:00,19.492
2017-07-14 06:00:00,19.451
2017-07-14 09:00:00,19.327
2017-07-14 12:00:00,19.134
2017-07-14 15:00:00,19.021
2017-07-14 18:00:00,18.97
2017-07-14 21:00:00,18.971
2017-07-15 00:00:00,18.979
2017-07-15 03:00:00,18.978
2017-07-15 06:00:00,18.94
2017-07-15 09:00:00,18.815
2017-07-15 12:00:00,18.641
2017-07-15 15:00:00,18.534
2017-07-15 18:00:00,18.469
2017-07-15 21:00:00,18.474
2017-07-16 00:00:00,18.621
2017-07-16 03:00:00,19.113
2017-07-16 06:00:00,19.205
2017-07-16 09:00:00,19.176
2017-07-16 12:00:00,19.07
2017-07-16 15:00:00,19.019
2017-07-16 18:00:00,19.089
2017-07-16 21:00:00,19.174
2017-07-17 00:00:00,19.172
2017-07-17 03:00:00,19.166
2017-07-17 06:00:00,19.12
2017-07-17 09:00:00,18.951
2017-07-17 12:00:00,18.73
2017-07-17 15:00:00,18.537
2017-07-17 18:00:00,18.45
2017-07-17 21:00:00,18.441
2017-07-18 00:00:00,18.436
2017-07-18 03:00:00,18.432
2017-07-18 06:00:00,18.386
2017-07-18 09:00:00,18.256
2017-07-18 12:00:00,18.083
2017-07-18 15:00:00,17.958
2017-07-18 18:00:00,17.91
2017-07-18 21:00:00,17.902
2017-07-19 00:00:00,17.905
2017-07-19 03:00:00,17.913
2017-07-19 06:00:00,17.885
2017-07-19 09:00:00,17.778
2017-07-19 12:00:00,17.621
2017-07-19 15:00:00,17.492
2017-07-19 18:00:00,17.429
2017-07-19 21:00:00,17.432
2017-07-20 00:00:00,17.438
2017-07-20 03:00:00,17.447
2017-07-20 06:00:00,17.423
2017-07-20 09:00:00,17.316
2017-07-20 12:00:00,17.176
2017-07-20 15:00:00,17.06
2017-07-20 18:00:00,16.999
2017-07-20 21:00:00,17.002
2017-07-21 00:00:00,17.177
2017-07-21 03:00:00,17.458
2017-07-21 06:00:00,17.774
2017-07-21 09:00:00,17.91
2017-07-21 12:00:00,18.032
2017-07-21 15:00:00,18.109
2017-07-21 18:00:00,18.08
2017-07-21 21:00:00,18.075
2017-07-22 00:00:00,18.075
2017-07-22 03:00:00,18.076
2017-07-22 06:00:00,18.045
2017-07-22 09:00:00,17.914
2017-07-22 12:00:00,17.734
2017-07-22 15:00:00,17.58
2017-07-22 18:00:00,17.518
2017-07-22 21:00:00,17.511
2017-07-23 00:00:00,17.562
2017-07-23 03:00:00,17.575
2017-07-23 06:00:00,17.553
2017-07-23 09:00:00,17.432
2017-07-23 12:00:00,17.285
2017-07-23 15:00:00,17.311
2017-07-23 18:00:00,17.344
2017-07-23 21:00:00,17.337
2017-07-24 00:00:00,17.378
2017-07-24 03:00:00,17.374
2017-07-24 06:00:00,17.464
2017-07-24 09:00:00,17.575
2017-07-24 12:00:00,17.517
2017-07-24 15:00:00,17.61
2017-07-24 18:00:00,17.767
2017-07-24 21:00:00,18.169
2017-07-25 00:00:00,18.274
2017-07-25 03:00:00,18.258
2017-07-25 06:00:00,18.26
2017-07-25 09:00:00,18.19
2017-07-25 12:00:00,18.042
2017-07-25 15:00:00,17.925
2017-07-25 18:00:00,17.862
2017-07-25 21:00:00,17.845
2017-07-26 00:00:00,17.85
2017-07-26 03:00:00,17.868
2017-07-26 06:00:00,17.871
2017-07-26 09:00:00,17.831
2017-07-26 12:00:00,17.705
2017-07-26 15:00:00,17.608
2017-07-26 18:00:00,17.579
2017-07-26 21:00:00,17.596
2017-07-27 00:00:00,17.684
2017-07-27 03:00:00,17.777
2017-07-27 06:00:00,17.759
2017-07-27 09:00:00,17.687
2017-07-27 12:00:00,17.587
2017-07-27 15:00:00,17.502
2017-07-27 18:00:00,17.569
2017-07-27 21:00:00,17.655
2017-07-28 00:00:00,17.813
2017-07-28 03:00:00,18.137
2017-07-28 06:00:00,18.196
2017-07-28 09:00:00,18.159
2017-07-28 12:00:00,18.153
2017-07-28 15:00:00,18.317
2017-07-28 18:00:00,18.207
2017-07-28 21:00:00,18.183
2017-07-29 00:00:00,18.247
2017-07-29 03:00:00,18.464
2017-07-29 06:00:00,18.491
2017-07-29 09:00:00,18.33
2017-07-29 12:00:00,18.101
2017-07-29 15:00:00,17.972
2017-07-29 18:00:00,17.911
2017-07-29 21:00:00,17.889
2017-07-30 00:00:00,17.89
2017-07-30 03:00:00,17.896
2017-07-30 06:00:00,17.869
2017-07-30 09:00:00,17.763
2017-07-30 12:00:00,17.648
2017-07-30 15:00:00,17.622
2017-07-30 18:00:00,17.582
2017-07-30 21:00:00,17.598
2017-07-31 00:00:00,17.604
2017-07-31 03:00:00,17.598
2017-07-31 06:00:00,17.566
2017-07-31 09:00:00,17.424
2017-07-31 12:00:00,17.216
2017-07-31 15:00:00,17.048
2017-07-31 18:00:00,16.973
2017-07-31 21:00:00,16.967
2017-08-01 00:00:00,17.049
2017-08-01 03:00:00,17.13
2017-08-01 06:00:00,17.152
2017-08-01 09:00:00,17.209
2017-08-01 12:00:00,17.159
2017-08-01 15:00:00,17.096
2017-08-01 18:00:00,17.054
2017-08-01 21:00:00,17.061
2017-08-02 00:00:00,17.052
2017-08-02 03:00:00,17.066
2017-08-02 06:00:00,17.076
2017-08-02 09:00:00,17.053
2017-08-02 12:00:00,16.878
2017-08-02 15:00:00,16.737
2017-08-02 18:00:00,16.653
2017-08-02 21:00:00,16.649
2017-08-03 00:00:00,16.64
2017-08-03 03:00:00,17.014
2017-08-03 06:00:00,22.284
2017-08-03 09:00:00,23.637
2017-08-03 12:00:00,23.727
2017-08-03 15:00:00,23.698
2017-08-03 18:00:00,23.854
2017-08-03 21:00:00,23.655
2017-08-04 00:00:00,23.218
2017-08-04 03:00:00,22.892
2017-08-04 06:00:00,22.567
2017-08-04 09:00:00,22.193
2017-08-04 12:00:00,21.784
2017-08-04 15:00:00,21.448
2017-08-04 18:00:00,21.244
2017-08-04 21:00:00,21.11
2017-08-05 00:00:00,20.993
2017-08-05 03:00:00,20.889
2017-08-05 06:00:00,20.735
2017-08-05 09:00:00,20.432
2017-08-05 12:00:00,20.114
2017-08-05 15:00:00,19.763
2017-08-05 18:00:00,19.588
2017-08-05 21:00:00,19.525
2017-08-06 00:00:00,19.486
2017-08-06 03:00:00,19.456
2017-08-06 06:00:00,19.38
2017-08-06 09:00:00,19.16
2017-08-06 12:00:00,18.865
2017-08-06 15:00:00,18.594
2017-08-06 18:00:00,18.456
2017-08-06 21:00:00,18.419
2017-08-07 00:00:00,18.395
2017-08-07 03:00:00,18.38
2017-08-07 06:00:00,18.326
2017-08-07 09:00:00,18.152
2017-08-07 12:00:00,17.924
2017-08-07 15:00:00,17.78
2017-08-07 18:00:00,17.715
2017-08-07 21:00:00,17.711
2017-08-08 00:00:00,17.716
2017-08-08 03:00:00,17.74
2017-08-08 06:00:00,17.8
2017-08-08 09:00:00,17.896
2017-08-08 12:00:00,17.674
2017-08-08 15:00:00,17.475
2017-08-08 18:00:00,17.391
2017-08-08 21:00:00,17.37
2017-08-09 00:00:00,17.359
2017-08-09 03:00:00,17.399
2017-08-09 06:00:00,17.447
2017-08-09 09:00:00,17.452
2017-08-09 12:00:00,17.509
2017-08-09 15:00:00,17.634
2017-08-09 18:00:00,17.871
2017-08-09 21:00:00,17.936
2017-08-10 00:00:00,17.935
2017-08-10 03:00:00,17.945
2017-08-10 06:00:00,17.92
2017-08-10 09:00:00,17.769
2017-08-10 12:00:00,17.531
2017-08-10 15:00:00,17.334
2017-08-10 18:00:00,17.254
2017-08-10 21:00:00,17.25
2017-08-11 00:00:00,17.267
2017-08-11 03:00:00,17.313
2017-08-11 06:00:00,17.335
2017-08-11 09:00:00,17.25
2017-08-11 12:00:00,17.108
2017-08-11 15:00:00,17.028
2017-08-11 18:00:00,16.967
2017-08-11 21:00:00,17.002
2017-08-12 00:00:00,16.998
2017-08-12 03:00:00,17.295
2017-08-12 06:00:00,17.285
2017-08-12 09:00:00,17.236
2017-08-12 12:00:00,20.384
2017-08-12 15:00:00,24.124
2017-08-12 18:00:00,23.492
2017-08-12 21:00:00,25.041
2017-08-13 00:00:00,24.374
2017-08-13 03:00:00,23.82
2017-08-13 06:00:00,23.332
2017-08-13 09:00:00,22.679
2017-08-13 12:00:00,22.061
2017-08-13 15:00:00,21.573
2017-08-13 18:00:00,21.31
2017-08-13 21:00:00,21.187
2017-08-14 00:00:00,21.08
2017-08-14 03:00:00,20.985
2017-08-14 06:00:00,20.851
2017-08-14 09:00:00,20.528
2017-08-14 12:00:00,20.107
2017-08-14 15:00:00,19.763
2017-08-14 18:00:00,19.618
2017-08-14 21:00:00,19.572
2017-08-15 00:00:00,19.537
2017-08-15 03:00:00,19.508
2017-08-15 06:00:00,19.453
2017-08-15 09:00:00,19.23
2017-08-15 12:00:00,18.999
2017-08-15 15:00:00,18.774
2017-08-15 18:00:00,18.664
2017-08-15 21:00:00,18.651
2017-08-16 00:00:00,18.637
2017-08-16 03:00:00,18.643
2017-08-16 06:00:00,18.746
2017-08-16 09:00:00,18.754
2017-08-16 12:00:00,18.621
2017-08-16 15:00:00,18.501
2017-08-16 18:00:00,19.495
2017-08-16 21:00:00,21.642
2017-08-17 00:00:00,21.485
2017-08-17 03:00:00,21.35
2017-08-17 06:00:00,21.206
2017-08-17 09:00:00,20.925
2017-08-17 12:00:00,20.476
2017-08-17 15:00:00,20.116
2017-08-17 18:00:00,19.949
2017-08-17 21:00:00,19.865
2017-08-18 00:00:00,19.954
2017-08-18 03:00:00,23.907
2017-08-18 06:00:00,23.661
2017-08-18 09:00:00,23.788
2017-08-18 12:00:00,23.305
2017-08-18 15:00:00,22.885
2017-08-18 18:00:00,22.694
2017-08-18 21:00:00,22.56
2017-08-19 00:00:00,22.379
2017-08-19 03:00:00,22.227
2017-08-19 06:00:00,22.135
2017-08-19 09:00:00,21.948
2017-08-19 12:00:00,23.554
2017-08-19 15:00:00,25.338
2017-08-19 18:00:00,26.334
2017-08-19 21:00:00,26.577
2017-08-20 00:00:00,25.612
2017-08-20 03:00:00,24.993
2017-08-20 06:00:00,24.48
2017-08-20 09:00:00,23.852
2017-08-20 12:00:00,23.14
2017-08-20 15:00:00,22.648
2017-08-20 18:00:00,22.412
2017-08-20 21:00:00,22.298
2017-08-21 00:00:00,22.208
2017-08-21 03:00:00,22.125
2017-08-21 06:00:00,22.015
2017-08-21 09:00:00,21.789
2017-08-21 12:00:00,21.41
2017-08-21 15:00:00,21.118
2017-08-21 18:00:00,21.017
2017-08-21 21:00:00,20.991
2017-08-22 00:00:00,20.969
2017-08-22 03:00:00,20.953
2017-08-22 06:00:00,20.907
2017-08-22 09:00:00,20.78
2017-08-22 12:00:00,20.643
2017-08-22 15:00:00,20.555
2017-08-22 18:00:00,20.479
2017-08-22 21:00:00,20.467
2017-08-23 00:00:00,20.462
2017-08-23 03:00:00,20.46
2017-08-23 06:00:00,20.428
2017-08-23 09:00:00,20.293
2017-08-23 12:00:00,20.024
2017-08-23 15:00:00,19.808
2017-08-23 18:00:00,19.744
2017-08-23 21:00:00,19.743
2017-08-24 00:00:00,19.746
2017-08-24 03:00:00,19.751
2017-08-24 06:00:00,19.729
2017-08-24 09:00:00,19.555
2017-08-24 12:00:00,19.309
2017-08-24 15:00:00,19.097
2017-08-24 18:00:00,19.018
2017-08-24 21:00:00,18.992
2017-08-25 00:00:00,19.147
2017-08-25 03:00:00,19.574
2017-08-25 06:00:00,19.663
2017-08-25 09:00:00,19.62
2017-08-25 12:00:00,19.596
2017-08-25 15:00:00,19.536
2017-08-25 18:00:00,19.492
2017-08-25 21:00:00,19.524
2017-08-26 00:00:00,19.525
2017-08-26 03:00:00,19.535
2017-08-26 06:00:00,19.521
2017-08-26 09:00:00,19.402
2017-08-26 12:00:00,19.184
2017-08-26 15:00:00,19.051
2017-08-26 18:00:00,19.004
2017-08-26 21:00:00,18.992
2017-08-27 00:00:00,20.648
2017-08-27 03:00:00,22.207
2017-08-27 06:00:00,22.333
2017-08-27 09:00:00,22.216
2017-08-27 12:00:00,24.46
2017-08-27 15:00:00,26.037
2017-08-27 18:00:00,25.757
2017-08-27 21:00:00,25.666
2017-08-28 00:00:00,25.024
2017-08-28 03:00:00,24.562
2017-08-28 06:00:00,24.176
2017-08-28 09:00:00,23.71
2017-08-28 12:00:00,23.077
2017-08-28 15:00:00,22.579
2017-08-28 18:00:00,22.352
2017-08-28 21:00:00,22.252
2017-08-29 00:00:00,22.168
2017-08-29 03:00:00,22.098
2017-08-29 06:00:00,22.005
2017-08-29 09:00:00,21.77
2017-08-29 12:00:00,21.411
2017-08-29 15:00:00,21.184
2017-08-29 18:00:00,21.117
2017-08-29 21:00:00,21.077
2017-08-30 00:00:00,21.059
2017-08-30 03:00:00,21.049
2017-08-30 06:00:00,21.011
2017-08-30 09:00:00,20.881
2017-08-30 12:00:00,20.72
2017-08-30 15:00:00,20.593
2017-08-30 18:00:00,21.89
2017-08-30 21:00:00,23.164
2017-08-31 00:00:00,25.269
2017-08-31 03:00:00,26.914
2017-08-31 06:00:00,28.784
2017-08-31 09:00:00,29.076
2017-08-31 12:00:00,27.257
2017-08-31 15:00:00,26.231
2017-08-31 18:00:00,25.816
2017-08-31 21:00:00,25.746
2017-09-01 00:00:00,25.322
2017-09-01 03:00:00,25.004
2017-09-01 06:00:00,24.738
2017-09-01 09:00:00,24.338
2017-09-01 12:00:00,23.776
2017-09-01 15:00:00,23.423
2017-09-01 18:00:00,23.273
2017-09-01 21:00:00,23.177
2017-09-02 00:00:00,24.17
2017-09-02 03:00:00,25.458
2017-09-02 06:00:00,26.793
2017-09-02 09:00:00,27.177
2017-09-02 12:00:00,26.433
2017-09-02 15:00:00,25.746
2017-09-02 18:00:00,25.302
2017-09-02 21:00:00,26.187
2017-09-03 00:00:00,26.776
2017-09-03 03:00:00,26.862
2017-09-03 06:00:00,26.365
2017-09-03 09:00:00,25.982
2017-09-03 12:00:00,25.754
2017-09-03 15:00:00,25.509
2017-09-03 18:00:00,25.273
2017-09-03 21:00:00,25.052
2017-09-04 00:00:00,28.522
2017-09-04 03:00:00,29.457
2017-09-04 06:00:00,28.029
2017-09-04 09:00:00,27.196
2017-09-04 12:00:00,26.604
2017-09-04 15:00:00,26.199
2017-09-04 18:00:00,25.907
2017-09-04 21:00:00,25.678
2017-09-05 00:00:00,25.488
2017-09-05 03:00:00,25.322
2017-09-05 06:00:00,25.161
2017-09-05 09:00:00,24.963
2017-09-05 12:00:00,24.748
2017-09-05 15:00:00,24.576
2017-09-05 18:00:00,24.473
2017-09-05 21:00:00,24.39
2017-09-06 00:00:00,24.607
2017-09-06 03:00:00,25.134
2017-09-06 06:00:00,25.56
2017-09-06 09:00:00,25.722
2017-09-06 12:00:00,25.789
2017-09-06 15:00:00,25.891
2017-09-06 18:00:00,26.119
2017-09-06 21:00:00,26.36
2017-09-07 00:00:00,25.949
2017-09-07 03:00:00,25.627
2017-09-07 06:00:00,25.563
2017-09-07 09:00:00,25.191
2017-09-07 12:00:00,24.988
2017-09-07 15:00:00,24.911
2017-09-07 18:00:00,24.725
2017-09-07 21:00:00,24.811
2017-09-08 00:00:00,25.65
2017-09-08 03:00:00,26.431
2017-09-08 06:00:00,25.994
2017-09-08 09:00:00,25.624
2017-09-08 12:00:00,25.273
2017-09-08 15:00:00,24.99
2017-09-08 18:00:00,24.816
2017-09-08 21:00:00,25.303
2017-09-09 00:00:00,27.212
2017-09-09 03:00:00,26.583
2017-09-09 06:00:00,26.137
2017-09-09 09:00:00,26.615
2017-09-09 12:00:00,30.152
2017-09-09 15:00:00,31.703
2017-09-09 18:00:00,29.315
2017-09-09 21:00:00,28.31
2017-09-10 00:00:00,27.7
2017-09-10 03:00:00,27.276
2017-09-10 06:00:00,26.949
2017-09-10 09:00:00,27.721
2017-09-10 12:00:00,27.079
2017-09-10 15:00:00,28.184
2017-09-10 18:00:00,27.531
2017-09-10 21:00:00,29.327
2017-09-11 00:00:00,28.435
2017-09-11 03:00:00,28.139
2017-09-11 06:00:00,27.647
2017-09-11 09:00:00,27.196
2017-09-11 12:00:00,26.667
2017-09-11 15:00:00,26.251
2017-09-11 18:00:00,26.083
2017-09-11 21:00:00,25.994
2017-09-12 00:00:00,25.868
2017-09-12 03:00:00,25.765
2017-09-12 06:00:00,25.666
2017-09-12 09:00:00,25.386
2017-09-12 12:00:00,25.039
2017-09-12 15:00:00,25.263
2017-09-12 18:00:00,25.824
2017-09-12 21:00:00,25.665
2017-09-13 00:00:00,25.665
2017-09-13 03:00:00,25.648
2017-09-13 06:00:00,25.489
2017-09-13 09:00:00,25.343
2017-09-13 12:00:00,25.141
2017-09-13 15:00:00,25.392
2017-09-13 18:00:00,27.085
2017-09-13 21:00:00,27.897
2017-09-14 00:00:00,27.211
2017-09-14 03:00:00,26.754
2017-09-14 06:00:00,26.418
2017-09-14 09:00:00,26.206
2017-09-14 12:00:00,26.078
2017-09-14 15:00:00,25.946
2017-09-14 18:00:00,26.276
2017-09-14 21:00:00,26.479
2017-09-15 00:00:00,28.248
2017-09-15 03:00:00,28.353
2017-09-15 06:00:00,27.579
2017-09-15 09:00:00,27.019
2017-09-15 12:00:00,26.692
2017-09-15 15:00:00,26.57
2017-09-15 18:00:00,26.297
2017-09-15 21:00:00,26.105
2017-09-16 00:00:00,25.962
2017-09-16 03:00:00,25.838
2017-09-16 06:00:00,25.716
2017-09-16 09:00:00,25.505
2017-09-16 12:00:00,25.24
2017-09-16 15:00:00,25.082
2017-09-16 18:00:00,24.995
2017-09-16 21:00:00,24.956
2017-09-17 00:00:00,24.914
2017-09-17 03:00:00,24.863
2017-09-17 06:00:00,24.81
2017-09-17 09:00:00,24.7
2017-09-17 12:00:00,24.528
2017-09-17 15:00:00,24.39
2017-09-17 18:00:00,25.334
2017-09-17 21:00:00,26.588
2017-09-18 00:00:00,27.102
2017-09-18 03:00:00,27.527
2017-09-18 06:00:00,28.075
2017-09-18 09:00:00,27.395
2017-09-18 12:00:00,26.78
2017-09-18 15:00:00,26.367
2017-09-18 18:00:00,26.068
2017-09-18 21:00:00,25.862
2017-09-19 00:00:00,26.701
2017-09-19 03:00:00,26.614
2017-09-19 06:00:00,26.413
2017-09-19 09:00:00,26.361
2017-09-19 12:00:00,26.514
2017-09-19 15:00:00,26.598
2017-09-19 18:00:00,28.0
2017-09-19 21:00:00,27.867
2017-09-20 00:00:00,27.294
2017-09-20 03:00:00,27.428
2017-09-20 06:00:00,27.228
2017-09-20 09:00:00,27.993
2017-09-20 12:00:00,27.699
2017-09-20 15:00:00,27.323
2017-09-20 18:00:00,27.217
2017-09-20 21:00:00,26.913
2017-09-21 00:00:00,26.673
2017-09-21 03:00:00,26.471
2017-09-21 06:00:00,26.301
2017-09-21 09:00:00,26.126
2017-09-21 12:00:00,25.93
2017-09-21 15:00:00,26.09
2017-09-21 18:00:00,25.954
2017-09-21 21:00:00,25.841
2017-09-22 00:00:00,25.739
2017-09-22 03:00:00,25.642
2017-09-22 06:00:00,25.551
2017-09-22 09:00:00,25.439
2017-09-22 12:00:00,25.394
2017-09-22 15:00:00,25.28
2017-09-22 18:00:00,25.215
2017-09-22 21:00:00,25.161
2017-09-23 00:00:00,25.114
2017-09-23 03:00:00,25.069
2017-09-23 06:00:00,25.031
2017-09-23 09:00:00,24.962
2017-09-23 12:00:00,25.072
2017-09-23 15:00:00,25.116
2017-09-23 18:00:00,25.275
2017-09-23 21:00:00,25.43
2017-09-24 00:00:00,25.435
2017-09-24 03:00:00,25.433
2017-09-24 06:00:00,25.433
2017-09-24 09:00:00,25.327
2017-09-24 12:00:00,25.103
2017-09-24 15:00:00,24.885
2017-09-24 18:00:00,24.818
2017-09-24 21:00:00,24.789
2017-09-25 00:00:00,24.767
2017-09-25 03:00:00,24.749
2017-09-25 06:00:00,24.728
2017-09-25 09:00:00,24.578
2017-09-25 12:00:00,24.307
2017-09-25 15:00:00,24.125
2017-09-25 18:00:00,24.098
2017-09-25 21:00:00,24.112
2017-09-26 00:00:00,24.127
2017-09-26 03:00:00,24.123
2017-09-26 06:00:00,24.109
2017-09-26 09:00:00,24.041
2017-09-26 12:00:00,23.937
2017-09-26 15:00:00,23.83
2017-09-26 18:00:00,23.802
2017-09-26 21:00:00,23.797
2017-09-27 00:00:00,23.829
2017-09-27 03:00:00,23.866
2017-09-27 06:00:00,23.888
2017-09-27 09:00:00,23.825
2017-09-27 12:00:00,23.986
2017-09-27 15:00:00,23.87
2017-09-27 18:00:00,23.828
2017-09-27 21:00:00,23.811
2017-09-28 00:00:00,23.795
2017-09-28 03:00:00,23.8
2017-09-28 06:00:00,23.802
2017-09-28 09:00:00,23.678
2017-09-28 12:00:00,23.447
2017-09-28 15:00:00,23.293
2017-09-28 18:00:00,23.271
2017-09-28 21:00:00,23.269
2017-09-29 00:00:00,23.265
2017-09-29 03:00:00,23.261
2017-09-29 06:00:00,23.255
2017-09-29 09:00:00,23.269
2017-09-29 12:00:00,23.191
2017-09-29 15:00:00,23.17
2017-09-29 18:00:00,23.135
2017-09-29 21:00:00,23.144
2017-09-30 00:00:00,23.159
2017-09-30 03:00:00,23.159
2017-09-30 06:00:00,23.161
2017-09-30 09:00:00,23.057
2017-09-30 12:00:00,22.894
2017-09-30 15:00:00,22.772
2017-09-30 18:00:00,22.747
2017-09-30 21:00:00,22.763
2017-10-01 00:00:00,22.795
2017-10-01 03:00:00,22.823
2017-10-01 06:00:00,22.843
2017-10-01 09:00:00,22.767
2017-10-01 12:00:00,22.591
2017-10-01 15:00:00,22.454
2017-10-01 18:00:00,22.444
2017-10-01 21:00:00,22.475
2017-10-02 00:00:00,22.514
2017-10-02 03:00:00,22.526
2017-10-02 06:00:00,22.516
2017-10-02 09:00:00,23.255
2017-10-02 12:00:00,26.403
2017-10-02 15:00:00,26.682
2017-10-02 18:00:00,26.458
2017-10-02 21:00:00,26.248
2017-10-03 00:00:00,25.825
2017-10-03 03:00:00,25.508
2017-10-03 06:00:00,25.252
2017-10-03 09:00:00,24.972
2017-10-03 12:00:00,24.813
2017-10-03 15:00:00,24.605
2017-10-03 18:00:00,24.414
2017-10-03 21:00:00,24.269
2017-10-04 00:00:00,24.136
2017-10-04 03:00:00,24.021
2017-10-04 06:00:00,24.226
2017-10-04 09:00:00,24.473
2017-10-04 12:00:00,24.466
2017-10-04 15:00:00,24.439
2017-10-04 18:00:00,24.304
2017-10-04 21:00:00,24.172
2017-10-05 00:00:00,24.055
2017-10-05 03:00:00,23.964
2017-10-05 06:00:00,23.895
2017-10-05 09:00:00,23.75
2017-10-05 12:00:00,23.518
2017-10-05 15:00:00,23.353
2017-10-05 18:00:00,23.333
2017-10-05 21:00:00,23.328
2017-10-06 00:00:00,23.325
2017-10-06 03:00:00,23.315
2017-10-06 06:00:00,23.306
2017-10-06 09:00:00,23.206
2017-10-06 12:00:00,23.003
2017-10-06 15:00:00,22.859
2017-10-06 18:00:00,22.821
2017-10-06 21:00:00,22.82
2017-10-07 00:00:00,22.816
2017-10-07 03:00:00,22.824
2017-10-07 06:00:00,22.818
2017-10-07 09:00:00,22.764
2017-10-07 12:00:00,23.331
2017-10-07 15:00:00,23.941
2017-10-07 18:00:00,25.839
2017-10-07 21:00:00,27.364
2017-10-08 00:00:00,26.608
2017-10-08 03:00:00,26.095
2017-10-08 06:00:00,25.708
2017-10-08 09:00:00,25.338
2017-10-08 12:00:00,24.954
2017-10-08 15:00:00,24.915
2017-10-08 18:00:00,24.701
2017-10-08 21:00:00,24.575
2017-10-09 00:00:00,24.401
2017-10-09 03:00:00,24.42
2017-10-09 06:00:00,24.505
2017-10-09 09:00:00,24.869
2017-10-09 12:00:00,24.64
2017-10-09 15:00:00,24.448
2017-10-09 18:00:00,24.457
2017-10-09 21:00:00,24.608
2017-10-10 00:00:00,24.479
2017-10-10 03:00:00,24.366
2017-10-10 06:00:00,24.276
2017-10-10 09:00:00,24.129
2017-10-10 12:00:00,23.952
2017-10-10 15:00:00,23.811
2017-10-10 18:00:00,23.884
2017-10-10 21:00:00,24.013
2017-10-11 00:00:00,24.335
2017-10-11 03:00:00,24.593
2017-10-11 06:00:00,24.738
2017-10-11 09:00:00,24.71
2017-10-11 12:00:00,24.476
2017-10-11 15:00:00,24.317
2017-10-11 18:00:00,24.252
2017-10-11 21:00:00,24.195
2017-10-12 00:00:00,24.144
2017-10-12 03:00:00,24.233
2017-10-12 06:00:00,24.135
2017-10-12 09:00:00,24.016
2017-10-12 12:00:00,24.623
2017-10-12 15:00:00,24.874
2017-10-12 18:00:00,24.943
2017-10-12 21:00:00,25.147
2017-10-13 00:00:00,24.907
2017-10-13 03:00:00,24.718
2017-10-13 06:00:00,24.534
2017-10-13 09:00:00,24.348
2017-10-13 12:00:00,24.459
2017-10-13 15:00:00,25.114
2017-10-13 18:00:00,24.989
2017-10-13 21:00:00,24.84
2017-10-14 00:00:00,24.698
2017-10-14 03:00:00,24.781
2017-10-14 06:00:00,26.927
2017-10-14 09:00:00,28.331
2017-10-14 12:00:00,27.277
2017-10-14 15:00:00,26.619
2017-10-14 18:00:00,30.707
2017-10-14 21:00:00,31.782
2017-10-15 00:00:00,30.186
2017-10-15 03:00:00,29.717
2017-10-15 06:00:00,29.546
2017-10-15 09:00:00,29.377
2017-10-15 12:00:00,29.297
2017-10-15 15:00:00,29.369
2017-10-15 18:00:00,29.49
2017-10-15 21:00:00,29.65
2017-10-16 00:00:00,28.895
2017-10-16 03:00:00,28.402
2017-10-16 06:00:00,28.046
2017-10-16 09:00:00,27.69
2017-10-16 12:00:00,27.254
2017-10-16 15:00:00,26.958
2017-10-16 18:00:00,26.864
2017-10-16 21:00:00,26.779
2017-10-17 00:00:00,26.881
2017-10-17 03:00:00,26.959
2017-10-17 06:00:00,27.002
2017-10-17 09:00:00,26.96
2017-10-17 12:00:00,26.75
2017-10-17 15:00:00,26.598
2017-10-17 18:00:00,26.621
2017-10-17 21:00:00,26.653
2017-10-18 00:00:00,26.449
2017-10-18 03:00:00,26.291
2017-10-18 06:00:00,26.187
2017-10-18 09:00:00,26.035
2017-10-18 12:00:00,25.84
2017-10-18 15:00:00,25.695
2017-10-18 18:00:00,25.676
2017-10-18 21:00:00,25.66
2017-10-19 00:00:00,25.597
2017-10-19 03:00:00,25.56
2017-10-19 06:00:00,25.525
2017-10-19 09:00:00,25.453
2017-10-19 12:00:00,25.279
2017-10-19 15:00:00,25.164
2017-10-19 18:00:00,25.147
2017-10-19 21:00:00,25.124
2017-10-20 00:00:00,25.54
2017-10-20 03:00:00,25.964
2017-10-20 06:00:00,26.494
2017-10-20 09:00:00,26.676
2017-10-20 12:00:00,26.409
2017-10-20 15:00:00,26.148
2017-10-20 18:00:00,25.951
2017-10-20 21:00:00,25.789
2017-10-21 00:00:00,25.656
2017-10-21 03:00:00,25.543
2017-10-21 06:00:00,25.471
2017-10-21 09:00:00,25.381
2017-10-21 12:00:00,25.579
2017-10-21 15:00:00,25.905
2017-10-21 18:00:00,25.899
2017-10-21 21:00:00,26.045
2017-10-22 00:00:00,25.967
2017-10-22 03:00:00,25.839
2017-10-22 06:00:00,25.739
2017-10-22 09:00:00,25.653
2017-10-22 12:00:00,25.638
2017-10-22 15:00:00,25.686
2017-10-22 18:00:00,25.551
2017-10-22 21:00:00,25.434
2017-10-23 00:00:00,25.329
2017-10-23 03:00:00,25.233
2017-10-23 06:00:00,25.131
2017-10-23 09:00:00,25.37
2017-10-23 12:00:00,25.678
2017-10-23 15:00:00,27.061
2017-10-23 18:00:00,26.631
2017-10-23 21:00:00,26.313
2017-10-24 00:00:00,27.377
2017-10-24 03:00:00,27.898
2017-10-24 06:00:00,27.3
2017-10-24 09:00:00,27.035
2017-10-24 12:00:00,26.832
2017-10-24 15:00:00,27.053
2017-10-24 18:00:00,26.882
2017-10-24 21:00:00,26.777
2017-10-25 00:00:00,28.434
2017-10-25 03:00:00,29.48
2017-10-25 06:00:00,29.906
2017-10-25 09:00:00,30.387
2017-10-25 12:00:00,30.646
2017-10-25 15:00:00,30.843
2017-10-25 18:00:00,31.035
2017-10-25 21:00:00,31.22
2017-10-26 00:00:00,29.906
2017-10-26 03:00:00,29.254
2017-10-26 06:00:00,28.813
2017-10-26 09:00:00,28.427
2017-10-26 12:00:00,28.042
2017-10-26 15:00:00,27.804
2017-10-26 18:00:00,27.666
2017-10-26 21:00:00,27.529
2017-10-27 00:00:00,27.56
2017-10-27 03:00:00,27.567
2017-10-27 06:00:00,27.446
2017-10-27 09:00:00,27.233
2017-10-27 12:00:00,27.164
2017-10-27 15:00:00,27.311
2017-10-27 18:00:00,27.208
2017-10-27 21:00:00,27.127
2017-10-28 00:00:00,27.022
2017-10-28 03:00:00,26.859
2017-10-28 06:00:00,27.077
2017-10-28 09:00:00,27.175
2017-10-28 12:00:00,27.583
2017-10-28 15:00:00,28.949
2017-10-28 18:00:00,29.573
2017-10-28 21:00:00,29.455
2017-10-29 00:00:00,29.294
2017-10-29 03:00:00,28.732
2017-10-29 06:00:00,28.205
2017-10-29 09:00:00,27.782
2017-10-29 12:00:00,27.392
2017-10-29 15:00:00,27.113
2017-10-29 18:00:00,27.031
2017-10-29 21:00:00,27.089
2017-10-30 00:00:00,26.874
2017-10-30 03:00:00,26.698
2017-10-30 06:00:00,26.548
2017-10-30 09:00:00,26.36
2017-10-30 12:00:00,26.106
2017-10-30 15:00:00,25.937
2017-10-30 18:00:00,25.862
2017-10-30 21:00:00,25.802
2017-10-31 00:00:00,25.762
2017-10-31 03:00:00,25.74
2017-10-31 06:00:00,25.721
2017-10-31 09:00:00,25.67
2017-10-31 12:00:00,25.599
2017-10-31 15:00:00,25.59
2017-10-31 18:00:00,25.642
2017-10-31 21:00:00,25.695
2017-11-01 00:00:00,26.117
2017-11-01 03:00:00,26.326
2017-11-01 06:00:00,26.641
2017-11-01 09:00:00,26.698
2017-11-01 12:00:00,26.617
2017-11-01 15:00:00,26.536
2017-11-01 18:00:00,26.884
2017-11-01 21:00:00,27.543
2017-11-02 00:00:00,29.84
2017-11-02 03:00:00,29.697
2017-11-02 06:00:00,29.522
2017-11-02 09:00:00,29.227
2017-11-02 12:00:00,28.496
2017-11-02 15:00:00,28.068
2017-11-02 18:00:00,27.71
2017-11-02 21:00:00,27.668
2017-11-03 00:00:00,27.432
2017-11-03 03:00:00,27.251
2017-11-03 06:00:00,27.115
2017-11-03 09:00:00,26.973
2017-11-03 12:00:00,26.762
2017-11-03 15:00:00,26.624
2017-11-03 18:00:00,26.53
2017-11-03 21:00:00,26.461
2017-11-04 00:00:00,26.399
2017-11-04 03:00:00,26.333
2017-11-04 06:00:00,26.261
2017-11-04 09:00:00,26.163
2017-11-04 12:00:00,26.038
2017-11-04 15:00:00,25.955
2017-11-04 18:00:00,25.9
2017-11-04 21:00:00,25.859
2017-11-05 00:00:00,26.871
2017-11-05 03:00:00,27.06
2017-11-05 06:00:00,27.056
2017-11-05 09:00:00,28.466
2017-11-05 12:00:00,28.303
2017-11-05 15:00:00,28.447
2017-11-05 18:00:00,28.479
2017-11-05 21:00:00,28.291
2017-11-06 00:00:00,28.624
2017-11-06 03:00:00,28.394
2017-11-06 06:00:00,27.912
2017-11-06 09:00:00,27.558
2017-11-06 12:00:00,27.216
2017-11-06 15:00:00,27.078
2017-11-06 18:00:00,27.22
2017-11-06 21:00:00,27.423
2017-11-07 00:00:00,27.224
2017-11-07 03:00:00,27.105
2017-11-07 06:00:00,27.036
2017-11-07 09:00:00,26.979
2017-11-07 12:00:00,26.825
2017-11-07 15:00:00,26.693
2017-11-07 18:00:00,26.614
2017-11-07 21:00:00,26.543
2017-11-08 00:00:00,26.466
2017-11-08 03:00:00,26.393
2017-11-08 06:00:00,26.333
2017-11-08 09:00:00,26.271
2017-11-08 12:00:00,26.227
2017-11-08 15:00:00,26.187
2017-11-08 18:00:00,26.148
2017-11-08 21:00:00,26.107
2017-11-09 00:00:00,26.314
2017-11-09 03:00:00,26.636
2017-11-09 06:00:00,26.493
2017-11-09 09:00:00,26.369
2017-11-09 12:00:00,26.181
2017-11-09 15:00:00,26.034
2017-11-09 18:00:00,25.924
2017-11-09 21:00:00,25.844
2017-11-10 00:00:00,25.773
2017-11-10 03:00:00,25.714
2017-11-10 06:00:00,25.648
2017-11-10 09:00:00,25.572
2017-11-10 12:00:00,25.453
2017-11-10 15:00:00,25.377
2017-11-10 18:00:00,25.635
2017-11-10 21:00:00,25.882
2017-11-11 00:00:00,25.98
2017-11-11 03:00:00,26.514
2017-11-11 06:00:00,27.789
2017-11-11 09:00:00,28.593
2017-11-11 12:00:00,27.819
2017-11-11 15:00:00,27.695
2017-11-11 18:00:00,27.447
2017-11-11 21:00:00,27.271
2017-11-12 00:00:00,26.946
2017-11-12 03:00:00,26.736
2017-11-12 06:00:00,26.59
2017-11-12 09:00:00,26.475
2017-11-12 12:00:00,26.283
2017-11-12 15:00:00,26.161
2017-11-12 18:00:00,26.104
2017-11-12 21:00:00,26.045
2017-11-13 00:00:00,26.016
2017-11-13 03:00:00,26.003
2017-11-13 06:00:00,25.969
2017-11-13 09:00:00,25.897
2017-11-13 12:00:00,25.795
2017-11-13 15:00:00,25.722
2017-11-13 18:00:00,25.702
2017-11-13 21:00:00,25.691
2017-11-14 00:00:00,25.822
2017-11-14 03:00:00,25.818
2017-11-14 06:00:00,25.815
2017-11-14 09:00:00,25.91
2017-11-14 12:00:00,25.881
2017-11-14 15:00:00,26.105
2017-11-14 18:00:00,26.098
2017-11-14 21:00:00,26.089
2017-11-15 00:00:00,26.083
2017-11-15 03:00:00,26.08
2017-11-15 06:00:00,26.079
2017-11-15 09:00:00,26.081
2017-11-15 12:00:00,26.06
2017-11-15 15:00:00,25.97
2017-11-15 18:00:00,25.872
2017-11-15 21:00:00,25.783
2017-11-16 00:00:00,25.703
2017-11-16 03:00:00,25.632
2017-11-16 06:00:00,25.576
2017-11-16 09:00:00,25.528
2017-11-16 12:00:00,25.489
2017-11-16 15:00:00,25.461
2017-11-16 18:00:00,25.447
2017-11-16 21:00:00,25.454
2017-11-17 00:00:00,25.456
2017-11-17 03:00:00,25.415
2017-11-17 06:00:00,25.357
2017-11-17 09:00:00,25.29
2017-11-17 12:00:00,25.186
2017-11-17 15:00:00,25.128
2017-11-17 18:00:00,25.342
2017-11-17 21:00:00,25.35
2017-11-18 00:00:00,25.496
2017-11-18 03:00:00,25.978
2017-11-18 06:00:00,27.232
2017-11-18 09:00:00,28.041
2017-11-18 12:00:00,27.513
2017-11-18 15:00:00,27.113
2017-11-18 18:00:00,26.924
2017-11-18 21:00:00,27.088
2017-11-19 00:00:00,26.795
2017-11-19 03:00:00,26.578
2017-11-19 06:00:00,26.411
2017-11-19 09:00:00,26.317
2017-11-19 12:00:00,26.335
2017-11-19 15:00:00,26.367
2017-11-19 18:00:00,26.482
2017-11-19 21:00:00,26.31
2017-11-20 00:00:00,26.189
2017-11-20 03:00:00,26.095
2017-11-20 06:00:00,26.02
2017-11-20 09:00:00,25.955
2017-11-20 12:00:00,25.878
2017-11-20 15:00:00,25.833
2017-11-20 18:00:00,25.797
2017-11-20 21:00:00,25.768
2017-11-21 00:00:00,25.739
2017-11-21 03:00:00,25.709
2017-11-21 06:00:00,25.679
2017-11-21 09:00:00,25.646
2017-11-21 12:00:00,25.594
2017-11-21 15:00:00,25.561
2017-11-21 18:00:00,25.535
2017-11-21 21:00:00,25.517
2017-11-22 00:00:00,25.508
2017-11-22 03:00:00,25.502
2017-11-22 06:00:00,25.501
2017-11-22 09:00:00,25.626
2017-11-22 12:00:00,27.027
2017-11-22 15:00:00,27.432
2017-11-22 18:00:00,28.383
2017-11-22 21:00:00,29.217
2017-11-23 00:00:00,28.867
2017-11-23 03:00:00,28.51
2017-11-23 06:00:00,27.834
2017-11-23 09:00:00,27.406
2017-11-23 12:00:00,29.487
2017-11-23 15:00:00,30.096
2017-11-23 18:00:00,28.882
2017-11-23 21:00:00,28.262
2017-11-24 00:00:00,27.862
2017-11-24 03:00:00,27.572
2017-11-24 06:00:00,27.353
2017-11-24 09:00:00,27.176
2017-11-24 12:00:00,31.077
2017-11-24 15:00:00,32.258
2017-11-24 18:00:00,30.309
2017-11-24 21:00:00,29.523
2017-11-25 00:00:00,28.993
2017-11-25 03:00:00,28.645
2017-11-25 06:00:00,28.428
2017-11-25 09:00:00,28.223
2017-11-25 12:00:00,28.018
2017-11-25 15:00:00,27.85
2017-11-25 18:00:00,27.737
2017-11-25 21:00:00,27.608
2017-11-26 00:00:00,27.479
2017-11-26 03:00:00,27.365
2017-11-26 06:00:00,27.259
2017-11-26 09:00:00,27.163
2017-11-26 12:00:00,27.037
2017-11-26 15:00:00,26.933
2017-11-26 18:00:00,26.864
2017-11-26 21:00:00,26.813
2017-11-27 00:00:00,26.748
2017-11-27 03:00:00,26.671
2017-11-27 06:00:00,26.592
2017-11-27 09:00:00,26.602
2017-11-27 12:00:00,26.57
2017-11-27 15:00:00,26.988
2017-11-27 18:00:00,26.95
2017-11-27 21:00:00,26.924
2017-11-28 00:00:00,26.736
2017-11-28 03:00:00,27.831
2017-11-28 06:00:00,30.581
2017-11-28 09:00:00,30.017
2017-11-28 12:00:00,31.205
2017-11-28 15:00:00,29.709
2017-11-28 18:00:00,31.333
2017-11-28 21:00:00,29.948
2017-11-29 00:00:00,29.276
2017-11-29 03:00:00,28.857
2017-11-29 06:00:00,28.566
2017-11-29 09:00:00,28.323
2017-11-29 12:00:00,28.098
2017-11-29 15:00:00,27.944
2017-11-29 18:00:00,27.822
2017-11-29 21:00:00,27.708
2017-11-30 00:00:00,27.585
2017-11-30 03:00:00,27.516
2017-11-30 06:00:00,27.46
2017-11-30 09:00:00,27.413
2017-11-30 12:00:00,27.334
2017-11-30 15:00:00,27.245
2017-11-30 18:00:00,27.156
2017-11-30 21:00:00,27.073
2017-12-01 00:00:00,27.009
2017-12-01 03:00:00,26.927
2017-12-01 06:00:00,26.845
2017-12-01 09:00:00,26.785
2017-12-01 12:00:00,26.692
2017-12-01 15:00:00,26.608
2017-12-01 18:00:00,26.541
2017-12-01 21:00:00,26.494
2017-12-02 00:00:00,26.447
2017-12-02 03:00:00,26.336
2017-12-02 06:00:00,26.231
2017-12-02 09:00:00,26.169
2017-12-02 12:00:00,26.076
2017-12-02 15:00:00,26.013
2017-12-02 18:00:00,25.972
2017-12-02 21:00:00,25.911
2017-12-03 00:00:00,26.679
2017-12-03 03:00:00,26.552
2017-12-03 06:00:00,26.434
2017-12-03 09:00:00,26.325
2017-12-03 12:00:00,26.231
2017-12-03 15:00:00,26.172
2017-12-03 18:00:00,27.317
2017-12-03 21:00:00,28.001
2017-12-04 00:00:00,27.779
2017-12-04 03:00:00,27.672
2017-12-04 06:00:00,27.601
2017-12-04 09:00:00,27.525
2017-12-04 12:00:00,27.372
2017-12-04 15:00:00,27.28
2017-12-04 18:00:00,27.239
2017-12-04 21:00:00,27.213
2017-12-05 00:00:00,27.171
2017-12-05 03:00:00,27.113
2017-12-05 06:00:00,27.08
2017-12-05 09:00:00,27.07
2017-12-05 12:00:00,27.048
2017-12-05 15:00:00,27.012
2017-12-05 18:00:00,26.938
2017-12-05 21:00:00,26.831
2017-12-06 00:00:00,27.137
2017-12-06 03:00:00,27.222
2017-12-06 06:00:00,27.063
2017-12-06 09:00:00,26.95
2017-12-06 12:00:00,28.569
2017-12-06 15:00:00,28.385
2017-12-06 18:00:00,27.882
2017-12-06 21:00:00,27.651
2017-12-07 00:00:00,29.199
2017-12-07 03:00:00,29.928
2017-12-07 06:00:00,32.253
2017-12-07 09:00:00,31.127
2017-12-07 12:00:00,30.17
2017-12-07 15:00:00,30.066
2017-12-07 18:00:00,29.306
2017-12-07 21:00:00,29.59
2017-12-08 00:00:00,29.218
2017-12-08 03:00:00,29.051
2017-12-08 06:00:00,28.679
2017-12-08 09:00:00,28.377
2017-12-08 12:00:00,28.059
2017-12-08 15:00:00,27.841
2017-12-08 18:00:00,27.675
2017-12-08 21:00:00,27.543
2017-12-09 00:00:00,27.427
2017-12-09 03:00:00,27.296
2017-12-09 06:00:00,27.169
2017-12-09 09:00:00,27.051
2017-12-09 12:00:00,26.927
2017-12-09 15:00:00,26.838
2017-12-09 18:00:00,26.786
2017-12-09 21:00:00,26.741
2017-12-10 00:00:00,26.685
2017-12-10 03:00:00,26.621
2017-12-10 06:00:00,26.494
2017-12-10 09:00:00,26.386
2017-12-10 12:00:00,26.239
2017-12-10 15:00:00,26.219
2017-12-10 18:00:00,26.214
2017-12-10 21:00:00,26.193
2017-12-11 00:00:00,26.159
2017-12-11 03:00:00,26.063
2017-12-11 06:00:00,25.985
2017-12-11 09:00:00,25.914
2017-12-11 12:00:00,25.885
2017-12-11 15:00:00,25.881
2017-12-11 18:00:00,25.895
2017-12-11 21:00:00,25.915
2017-12-12 00:00:00,26.473
2017-12-12 03:00:00,27.466
2017-12-12 06:00:00,30.789
2017-12-12 09:00:00,30.705
2017-12-12 12:00:00,29.366
2017-12-12 15:00:00,28.682
2017-12-12 18:00:00,28.243
2017-12-12 21:00:00,27.942
2017-12-13 00:00:00,27.734
2017-12-13 03:00:00,27.638
2017-12-13 06:00:00,27.565
2017-12-13 09:00:00,27.474
2017-12-13 12:00:00,27.315
2017-12-13 15:00:00,27.14
2017-12-13 18:00:00,26.97
2017-12-13 21:00:00,26.843
2017-12-14 00:00:00,26.774
2017-12-14 03:00:00,26.708
2017-12-14 06:00:00,26.658
2017-12-14 09:00:00,26.608
2017-12-14 12:00:00,26.545
2017-12-14 15:00:00,26.603
2017-12-14 18:00:00,29.947
2017-12-14 21:00:00,31.547
2017-12-15 00:00:00,30.296
2017-12-15 03:00:00,29.93
2017-12-15 06:00:00,29.195
2017-12-15 09:00:00,28.851
2017-12-15 12:00:00,28.499
2017-12-15 15:00:00,28.311
2017-12-15 18:00:00,28.744
2017-12-15 21:00:00,28.797
2017-12-16 00:00:00,28.517
2017-12-16 03:00:00,28.293
2017-12-16 06:00:00,28.146
2017-12-16 09:00:00,28.033
2017-12-16 12:00:00,27.92
2017-12-16 15:00:00,27.801
2017-12-16 18:00:00,27.69
2017-12-16 21:00:00,27.593
2017-12-17 00:00:00,27.53
2017-12-17 03:00:00,27.49
2017-12-17 06:00:00,27.452
2017-12-17 09:00:00,27.402
2017-12-17 12:00:00,27.337
2017-12-17 15:00:00,27.282
2017-12-17 18:00:00,27.231
2017-12-17 21:00:00,27.179
2017-12-18 00:00:00,27.134
2017-12-18 03:00:00,27.103
2017-12-18 06:00:00,27.082
2017-12-18 09:00:00,27.071
2017-12-18 12:00:00,27.045
2017-12-18 15:00:00,27.033
2017-12-18 18:00:00,27.022
2017-12-18 21:00:00,27.016
2017-12-19 00:00:00,27.016
2017-12-19 03:00:00,27.016
2017-12-19 06:00:00,27.015
2017-12-19 09:00:00,27.013
2017-12-19 12:00:00,27.005
2017-12-19 15:00:00,27.003
2017-12-19 18:00:00,26.991
2017-12-19 21:00:00,26.977
2017-12-20 00:00:00,26.966
2017-12-20 03:00:00,26.962
2017-12-20 06:00:00,26.958
2017-12-20 09:00:00,26.957
2017-12-20 12:00:00,26.947
2017-12-20 15:00:00,26.946
2017-12-20 18:00:00,26.946
2017-12-20 21:00:00,26.944
2017-12-21 00:00:00,26.941
2017-12-21 03:00:00,26.934
2017-12-21 06:00:00,26.924
2017-12-21 09:00:00,26.912
2017-12-21 12:00:00,26.872
2017-12-21 15:00:00,26.828
2017-12-21 18:00:00,26.778
2017-12-21 21:00:00,26.732
2017-12-22 00:00:00,26.689
2017-12-22 03:00:00,26.656
2017-12-22 06:00:00,26.624
2017-12-22 09:00:00,26.59
2017-12-22 12:00:00,26.513
2017-12-22 15:00:00,26.458
2017-12-22 18:00:00,26.418
2017-12-22 21:00:00,26.388
2017-12-23 00:00:00,27.736
2017-12-23 03:00:00,28.267
2017-12-23 06:00:00,29.158
2017-12-23 09:00:00,31.312
2017-12-23 12:00:00,30.957
2017-12-23 15:00:00,30.818
2017-12-23 18:00:00,30.455
2017-12-23 21:00:00,30.515
2017-12-24 00:00:00,29.656
2017-12-24 03:00:00,29.859
2017-12-24 06:00:00,30.021
2017-12-24 09:00:00,30.449
2017-12-24 12:00:00,29.482
2017-12-24 15:00:00,28.971
2017-12-24 18:00:00,28.647
2017-12-24 21:00:00,28.41
2017-12-25 00:00:00,28.225
2017-12-25 03:00:00,28.071
2017-12-25 06:00:00,27.94
2017-12-25 09:00:00,27.829
2017-12-25 12:00:00,27.714
2017-12-25 15:00:00,27.598
2017-12-25 18:00:00,29.272
2017-12-25 21:00:00,31.18
2017-12-26 00:00:00,29.781
2017-12-26 03:00:00,29.116
2017-12-26 06:00:00,28.716
2017-12-26 09:00:00,28.432
2017-12-26 12:00:00,28.19
2017-12-26 15:00:00,27.992
2017-12-26 18:00:00,27.811
2017-12-26 21:00:00,27.674
2017-12-27 00:00:00,29.438
2017-12-27 03:00:00,29.621
2017-12-27 06:00:00,28.944
2017-12-27 09:00:00,28.526
2017-12-27 12:00:00,28.226
2017-12-27 15:00:00,28.026
2017-12-27 18:00:00,27.877
2017-12-27 21:00:00,27.751
2017-12-28 00:00:00,31.057
2017-12-28 03:00:00,31.601
2017-12-28 06:00:00,30.265
2017-12-28 09:00:00,29.595
2017-12-28 12:00:00,29.269
2017-12-28 15:00:00,30.28
2017-12-28 18:00:00,29.996
2017-12-28 21:00:00,30.162
2017-12-29 00:00:00,29.527
2017-12-29 03:00:00,29.141
2017-12-29 06:00:00,28.873
2017-12-29 09:00:00,28.67
2017-12-29 12:00:00,28.476
2017-12-29 15:00:00,28.325
2017-12-29 18:00:00,28.21
2017-12-29 21:00:00,28.063
2017-12-30 00:00:00,27.948
2017-12-30 03:00:00,27.885
2017-12-30 06:00:00,27.833
2017-12-30 09:00:00,27.786
2017-12-30 12:00:00,27.663
2017-12-30 15:00:00,27.534
2017-12-30 18:00:00,27.432
2017-12-30 21:00:00,27.334
2017-12-31 00:00:00,27.3
2017-12-31 03:00:00,27.295
2017-12-31 06:00:00,27.22
2017-12-31 09:00:00,27.192
2017-12-31 12:00:00,27.433
2017-12-31 15:00:00,28.704
2017-12-31 18:00:00,29.667
2017-12-31 21:00:00,29.973
2018-01-01 00:00:00,29.453
2018-01-01 03:00:00,29.196
2018-01-01 06:00:00,28.865
2018-01-01 09:00:00,28.702
2018-01-01 12:00:00,28.409
2018-01-01 15:00:00,28.3
2018-01-01 18:00:00,28.305
2018-01-01 21:00:00,28.51
2018-01-02 00:00:00,28.227
2018-01-02 03:00:00,28.03
2018-01-02 06:00:00,27.885
2018-01-02 09:00:00,27.758
2018-01-02 12:00:00,27.622
2018-01-02 15:00:00,27.522
2018-01-02 18:00:00,27.454
2018-01-02 21:00:00,27.409
2018-01-03 00:00:00,27.542
2018-01-03 03:00:00,27.666
2018-01-03 06:00:00,27.628
2018-01-03 09:00:00,27.566
2018-01-03 12:00:00,27.38
2018-01-03 15:00:00,27.231
2018-01-03 18:00:00,27.117
2018-01-03 21:00:00,27.034
2018-01-04 00:00:00,27.237
2018-01-04 03:00:00,28.057
2018-01-04 06:00:00,28.134
2018-01-04 09:00:00,28.134
2018-01-04 12:00:00,28.747
2018-01-04 15:00:00,28.571
2018-01-04 18:00:00,28.203
2018-01-04 21:00:00,28.213
2018-01-05 00:00:00,27.957
2018-01-05 03:00:00,27.77
2018-01-05 06:00:00,27.625
2018-01-05 09:00:00,27.509
2018-01-05 12:00:00,27.384
2018-01-05 15:00:00,27.29
2018-01-05 18:00:00,27.229
2018-01-05 21:00:00,27.181
2018-01-06 00:00:00,27.135
2018-01-06 03:00:00,27.065
2018-01-06 06:00:00,26.958
2018-01-06 09:00:00,26.855
2018-01-06 12:00:00,26.707
2018-01-06 15:00:00,26.571
2018-01-06 18:00:00,26.447
2018-01-06 21:00:00,26.327
2018-01-07 00:00:00,26.209
2018-01-07 03:00:00,26.109
2018-01-07 06:00:00,26.014
2018-01-07 09:00:00,25.92
2018-01-07 12:00:00,25.795
2018-01-07 15:00:00,25.673
2018-01-07 18:00:00,25.55
2018-01-07 21:00:00,25.456
2018-01-08 00:00:00,25.404
2018-01-08 03:00:00,25.391
2018-01-08 06:00:00,25.404
2018-01-08 09:00:00,25.406
2018-01-08 12:00:00,25.393
2018-01-08 15:00:00,25.399
2018-01-08 18:00:00,25.403
2018-01-08 21:00:00,25.406
2018-01-09 00:00:00,25.407999
2018-01-09 03:00:00,25.409
2018-01-09 06:00:00,25.411
2018-01-09 09:00:00,25.409
2018-01-09 12:00:00,25.404
2018-01-09 15:00:00,25.404
2018-01-09 18:00:00,25.404
2018-01-09 21:00:00,25.421999
2018-01-10 00:00:00,25.421
2018-01-10 03:00:00,25.42
2018-01-10 06:00:00,25.428
2018-01-10 09:00:00,25.432
2018-01-10 12:00:00,25.372
2018-01-10 15:00:00,25.343
2018-01-10 18:00:00,25.339
2018-01-10 21:00:00,25.357
2018-01-11 00:00:00,25.354
2018-01-11 03:00:00,25.706
2018-01-11 06:00:00,25.748
2018-01-11 09:00:00,25.828
2018-01-11 12:00:00,26.264
2018-01-11 15:00:00,26.704
2018-01-11 18:00:00,26.801
2018-01-11 21:00:00,26.814
2018-01-12 00:00:00,26.793
2018-01-12 03:00:00,26.776
2018-01-12 06:00:00,26.758
2018-01-12 09:00:00,26.737
2018-01-12 12:00:00,26.683
2018-01-12 15:00:00,26.645
2018-01-12 18:00:00,26.629
2018-01-12 21:00:00,26.614
2018-01-13 00:00:00,26.579
2018-01-13 03:00:00,26.534
2018-01-13 06:00:00,26.48
2018-01-13 09:00:00,26.419
2018-01-13 12:00:00,26.344
2018-01-13 15:00:00,26.285
2018-01-13 18:00:00,26.243
2018-01-13 21:00:00,26.208
2018-01-14 00:00:00,26.174
2018-01-14 03:00:00,26.136
2018-01-14 06:00:00,26.1
2018-01-14 09:00:00,26.044
2018-01-14 12:00:00,25.953
2018-01-14 15:00:00,25.88
2018-01-14 18:00:00,25.819
2018-01-14 21:00:00,25.75
2018-01-15 00:00:00,25.68
2018-01-15 03:00:00,25.608
2018-01-15 06:00:00,25.537
2018-01-15 09:00:00,25.463
2018-01-15 12:00:00,25.373
2018-01-15 15:00:00,25.293
2018-01-15 18:00:00,25.219
2018-01-15 21:00:00,25.138
2018-01-16 00:00:00,25.053999
2018-01-16 03:00:00,25.382
2018-01-16 06:00:00,25.343
2018-01-16 09:00:00,25.289999
2018-01-16 12:00:00,25.236
2018-01-16 15:00:00,26.872
2018-01-16 18:00:00,28.646
2018-01-16 21:00:00,30.595
2018-01-17 00:00:00,30.579
2018-01-17 03:00:00,30.583
2018-01-17 06:00:00,30.561
2018-01-17 09:00:00,30.605999
2018-01-17 12:00:00,31.128
2018-01-17 15:00:00,31.472
2018-01-17 18:00:00,31.414
2018-01-17 21:00:00,31.366
2018-01-18 00:00:00,31.324
2018-01-18 03:00:00,31.293
2018-01-18 06:00:00,31.276
2018-01-18 09:00:00,31.256
2018-01-18 12:00:00,31.215
2018-01-18 15:00:00,31.19
2018-01-18 18:00:00,31.189
2018-01-18 21:00:00,31.183
2018-01-19 00:00:00,31.175
2018-01-19 03:00:00,31.174
2018-01-19 06:00:00,31.173
2018-01-19 09:00:00,31.162
2018-01-19 12:00:00,31.123
2018-01-19 15:00:00,31.108
2018-01-19 18:00:00,31.098999
2018-01-19 21:00:00,31.089
2018-01-20 00:00:00,31.074
2018-01-20 03:00:00,31.067
2018-01-20 06:00:00,31.065
2018-01-20 09:00:00,31.062
2018-01-20 12:00:00,31.044
2018-01-20 15:00:00,31.026
2018-01-20 18:00:00,31.008
2018-01-20 21:00:00,30.980999
2018-01-21 00:00:00,30.961
2018-01-21 03:00:00,30.943
2018-01-21 06:00:00,30.918
2018-01-21 09:00:00,30.887
2018-01-21 12:00:00,30.829
2018-01-21 15:00:00,30.794
2018-01-21 18:00:00,30.788
2018-01-21 21:00:00,30.787
2018-01-22 00:00:00,30.778
2018-01-22 03:00:00,30.765
2018-01-22 06:00:00,30.747
2018-01-22 09:00:00,30.719
2018-01-22 12:00:00,30.682
2018-01-22 15:00:00,30.663
2018-01-22 18:00:00,30.662
2018-01-22 21:00:00,30.657999
2018-01-23 00:00:00,30.656
2018-01-23 03:00:00,30.654
2018-01-23 06:00:00,30.639
2018-01-23 09:00:00,30.586
2018-01-23 12:00:00,30.498
2018-01-23 15:00:00,30.417
2018-01-23 18:00:00,30.348
2018-01-23 21:00:00,30.292
2018-01-24 00:00:00,37.232
2018-01-24 03:00:00,43.4
2018-01-24 06:00:00,42.715
2018-01-24 09:00:00,42.719
2018-01-24 12:00:00,40.178
2018-01-24 15:00:00,37.617
2018-01-24 18:00:00,34.951
2018-01-24 21:00:00,32.742
2018-01-25 00:00:00,31.612
2018-01-25 03:00:00,30.779
2018-01-25 06:00:00,30.432
2018-01-25 09:00:00,30.695
2018-01-25 12:00:00,30.875
2018-01-25 15:00:00,31.059
2018-01-25 18:00:00,30.342
2018-01-25 21:00:00,29.774
2018-01-26 00:00:00,29.464
2018-01-26 03:00:00,29.21
2018-01-26 06:00:00,30.121
2018-01-26 09:00:00,29.746
2018-01-26 12:00:00,29.432
2018-01-26 15:00:00,29.17
2018-01-26 18:00:00,28.957
2018-01-26 21:00:00,28.721
2018-01-27 00:00:00,28.501
2018-01-27 03:00:00,28.375
2018-01-27 06:00:00,28.27
2018-01-27 09:00:00,28.156
2018-01-27 12:00:00,27.979
2018-01-27 15:00:00,27.811
2018-01-27 18:00:00,27.687
2018-01-27 21:00:00,27.595
2018-01-28 00:00:00,28.999
2018-01-28 03:00:00,30.441
2018-01-28 06:00:00,30.673
2018-01-28 09:00:00,32.162
2018-01-28 12:00:00,30.966
2018-01-28 15:00:00,30.498
2018-01-28 18:00:00,29.898
2018-01-28 21:00:00,30.299
2018-01-29 00:00:00,29.925
2018-01-29 03:00:00,29.664
2018-01-29 06:00:00,29.827
2018-01-29 09:00:00,29.676
2018-01-29 12:00:00,29.39
2018-01-29 15:00:00,29.342
2018-01-29 18:00:00,29.437
2018-01-29 21:00:00,29.254
2018-01-30 00:00:00,29.253
2018-01-30 03:00:00,28.928999
2018-01-30 06:00:00,28.832
2018-01-30 09:00:00,28.69
2018-01-30 12:00:00,28.468
2018-01-30 15:00:00,28.314
2018-01-30 18:00:00,28.127
2018-01-30 21:00:00,27.994999
2018-01-31 00:00:00,27.921999
2018-01-31 03:00:00,27.867
2018-01-31 06:00:00,27.819
2018-01-31 09:00:00,27.759
2018-01-31 12:00:00,27.831
2018-01-31 15:00:00,27.867
2018-01-31 18:00:00,29.963
2018-01-31 21:00:00,31.039999
2018-02-01 00:00:00,32.254
2018-02-01 03:00:00,33.429
2018-02-01 06:00:00,32.427
2018-02-01 09:00:00,32.688
2018-02-01 12:00:00,31.246
2018-02-01 15:00:00,30.558
2018-02-01 18:00:00,30.214
2018-02-01 21:00:00,29.853
2018-02-02 00:00:00,29.522
2018-02-02 03:00:00,29.847
2018-02-02 06:00:00,30.352
2018-02-02 09:00:00,30.921
2018-02-02 12:00:00,30.45
2018-02-02 15:00:00,29.948
2018-02-02 18:00:00,29.544
2018-02-02 21:00:00,29.282999
2018-02-03 00:00:00,29.124
2018-02-03 03:00:00,29.023
2018-02-03 06:00:00,28.961
2018-02-03 09:00:00,28.911
2018-02-03 12:00:00,29.111
2018-02-03 15:00:00,29.437
2018-02-03 18:00:00,29.681
2018-02-03 21:00:00,29.748
2018-02-04 00:00:00,29.684
2018-02-04 03:00:00,29.604
2018-02-04 06:00:00,29.511
2018-02-04 09:00:00,29.418
2018-02-04 12:00:00,29.293
2018-02-04 15:00:00,29.174
2018-02-04 18:00:00,29.09
2018-02-04 21:00:00,29.021
2018-02-05 00:00:00,28.955
2018-02-05 03:00:00,28.907999
2018-02-05 06:00:00,28.867
2018-02-05 09:00:00,28.817
2018-02-05 12:00:00,28.75
2018-02-05 15:00:00,28.692
2018-02-05 18:00:00,28.661
2018-02-05 21:00:00,28.644
2018-02-06 00:00:00,28.628
2018-02-06 03:00:00,28.612999
2018-02-06 06:00:00,28.598999
2018-02-06 09:00:00,28.579
2018-02-06 12:00:00,28.532
2018-02-06 15:00:00,28.493
2018-02-06 18:00:00,28.480999
2018-02-06 21:00:00,28.469
2018-02-07 00:00:00,28.45
2018-02-07 03:00:00,28.428999
2018-02-07 06:00:00,28.41
2018-02-07 09:00:00,28.383
2018-02-07 12:00:00,28.327
2018-02-07 15:00:00,28.285
2018-02-07 18:00:00,28.276
2018-02-07 21:00:00,28.265
2018-02-08 00:00:00,28.249
2018-02-08 03:00:00,28.246
2018-02-08 06:00:00,28.246
2018-02-08 09:00:00,28.244999
2018-02-08 12:00:00,28.398
2018-02-08 15:00:00,28.503
2018-02-08 18:00:00,28.503
2018-02-08 21:00:00,28.501
2018-02-09 00:00:00,28.486
2018-02-09 03:00:00,28.483
2018-02-09 06:00:00,28.483
2018-02-09 09:00:00,28.509
2018-02-09 12:00:00,28.759
2018-02-09 15:00:00,28.911
2018-02-09 18:00:00,28.911
2018-02-09 21:00:00,28.911
2018-02-10 00:00:00,28.898
2018-02-10 03:00:00,28.891
2018-02-10 06:00:00,28.891
2018-02-10 09:00:00,28.901
2018-02-10 12:00:00,29.015
2018-02-10 15:00:00,29.05
2018-02-10 18:00:00,29.046
2018-02-10 21:00:00,29.039
2018-02-11 00:00:00,29.022
2018-02-11 03:00:00,29.009
2018-02-11 06:00:00,28.998
2018-02-11 09:00:00,28.973
2018-02-11 12:00:00,29.035
2018-02-11 15:00:00,29.053999
2018-02-11 18:00:00,29.029
2018-02-11 21:00:00,29.045
2018-02-12 00:00:00,29.125
2018-02-12 03:00:00,29.215
2018-02-12 06:00:00,29.352
2018-02-12 09:00:00,29.582
2018-02-12 12:00:00,30.084
2018-02-12 15:00:00,30.372
2018-02-12 18:00:00,30.423
2018-02-12 21:00:00,30.456
2018-02-13 00:00:00,30.404
2018-02-13 03:00:00,30.371
2018-02-13 06:00:00,30.351
2018-02-13 09:00:00,30.337
2018-02-13 12:00:00,30.479
2018-02-13 15:00:00,30.56
2018-02-13 18:00:00,30.55
2018-02-13 21:00:00,30.531
2018-02-14 00:00:00,30.516
2018-02-14 03:00:00,30.506
2018-02-14 06:00:00,30.487999
2018-02-14 09:00:00,30.47
2018-02-14 12:00:00,30.562
2018-02-14 15:00:00,30.644
2018-02-14 18:00:00,30.643
2018-02-14 21:00:00,30.642
2018-02-15 00:00:00,30.641
2018-02-15 03:00:00,30.639
2018-02-15 06:00:00,30.638
2018-02-15 09:00:00,30.608
2018-02-15 12:00:00,30.624
2018-02-15 15:00:00,30.591
2018-02-15 18:00:00,30.572
2018-02-15 21:00:00,30.532999
2018-02-16 00:00:00,30.485
2018-02-16 03:00:00,30.447
2018-02-16 06:00:00,30.423
2018-02-16 09:00:00,30.555
2018-02-16 12:00:00,30.671999
2018-02-16 15:00:00,31.578
2018-02-16 18:00:00,34.388
2018-02-16 21:00:00,36.433
2018-02-17 00:00:00,36.372
2018-02-17 03:00:00,36.324
2018-02-17 06:00:00,36.277
2018-02-17 09:00:00,36.238
2018-02-17 12:00:00,36.265
2018-02-17 15:00:00,36.238
2018-02-17 18:00:00,36.162
2018-02-17 21:00:00,36.112
2018-02-18 00:00:00,36.084
2018-02-18 03:00:00,36.048
2018-02-18 06:00:00,36.005
2018-02-18 09:00:00,35.947998
2018-02-18 12:00:00,36.007
2018-02-18 15:00:00,36.097
2018-02-18 18:00:00,36.088
2018-02-18 21:00:00,36.076
2018-02-19 00:00:00,36.056
2018-02-19 03:00:00,36.043
2018-02-19 06:00:00,36.027
2018-02-19 09:00:00,36.139
2018-02-19 12:00:00,36.38
2018-02-19 15:00:00,36.578
2018-02-19 18:00:00,36.601
2018-02-19 21:00:00,36.569
2018-02-20 00:00:00,36.525
2018-02-20 03:00:00,36.466
2018-02-20 06:00:00,36.406
2018-02-20 09:00:00,36.32
2018-02-20 12:00:00,36.204
2018-02-20 15:00:00,36.109
2018-02-20 18:00:00,36.06
2018-02-20 21:00:00,36.012
2018-02-21 00:00:00,35.968
2018-02-21 03:00:00,35.929
2018-02-21 06:00:00,35.897
2018-02-21 09:00:00,35.845
2018-02-21 12:00:00,35.769
2018-02-21 15:00:00,35.707
2018-02-21 18:00:00,35.672
2018-02-21 21:00:00,35.634
2018-02-22 00:00:00,35.588
2018-02-22 03:00:00,35.545
2018-02-22 06:00:00,35.507
2018-02-22 09:00:00,35.457
2018-02-22 12:00:00,35.398
2018-02-22 15:00:00,35.36
2018-02-22 18:00:00,35.35
2018-02-22 21:00:00,35.322998
2018-02-23 00:00:00,35.291
2018-02-23 03:00:00,35.252
2018-02-23 06:00:00,35.206
2018-02-23 09:00:00,35.152
2018-02-23 12:00:00,35.082
2018-02-23 15:00:00,35.011
2018-02-23 18:00:00,34.951
2018-02-23 21:00:00,34.886
2018-02-24 00:00:00,34.82
2018-02-24 03:00:00,34.755
2018-02-24 06:00:00,34.7
2018-02-24 09:00:00,34.602
2018-02-24 12:00:00,34.468
2018-02-24 15:00:00,34.349
2018-02-24 18:00:00,34.275
2018-02-24 21:00:00,34.215
2018-02-25 00:00:00,34.162
2018-02-25 03:00:00,34.112
2018-02-25 06:00:00,34.051
2018-02-25 09:00:00,33.966
2018-02-25 12:00:00,33.852
2018-02-25 15:00:00,33.744
2018-02-25 18:00:00,33.676
2018-02-25 21:00:00,33.637
2018-02-26 00:00:00,33.608
2018-02-26 03:00:00,33.579
2018-02-26 06:00:00,33.541
2018-02-26 09:00:00,33.47
2018-02-26 12:00:00,33.371
2018-02-26 15:00:00,33.306
2018-02-26 18:00:00,33.271
2018-02-26 21:00:00,33.219
2018-02-27 00:00:00,33.16
2018-02-27 03:00:00,33.118
2018-02-27 06:00:00,33.074
2018-02-27 09:00:00,32.981
2018-02-27 12:00:00,32.844
2018-02-27 15:00:00,32.728
2018-02-27 18:00:00,32.639
2018-02-27 21:00:00,32.555
2018-02-28 00:00:00,32.48
2018-02-28 03:00:00,32.408
2018-02-28 06:00:00,32.332
2018-02-28 09:00:00,32.232
2018-02-28 12:00:00,32.109
2018-02-28 15:00:00,32.004
2018-02-28 18:00:00,31.932
2018-02-28 21:00:00,31.878
2018-03-01 00:00:00,31.831
2018-03-01 03:00:00,31.775
2018-03-01 06:00:00,31.719
2018-03-01 09:00:00,31.637
2018-03-01 12:00:00,31.525
2018-03-01 15:00:00,31.427
2018-03-01 18:00:00,31.355
2018-03-01 21:00:00,31.285
2018-03-02 00:00:00,31.229
2018-03-02 03:00:00,31.181
2018-03-02 06:00:00,31.144
2018-03-02 09:00:00,31.091
2018-03-02 12:00:00,31.013
2018-03-02 15:00:00,30.954
2018-03-02 18:00:00,30.941
2018-03-02 21:00:00,30.932
2018-03-03 00:00:00,30.924
2018-03-03 03:00:00,30.917
2018-03-03 06:00:00,30.91
2018-03-03 09:00:00,30.868
2018-03-03 12:00:00,30.799
2018-03-03 15:00:00,30.749
2018-03-03 18:00:00,30.728
2018-03-03 21:00:00,30.708
2018-03-04 00:00:00,30.689
2018-03-04 03:00:00,30.67
2018-03-04 06:00:00,30.647
2018-03-04 09:00:00,30.602
2018-03-04 12:00:00,30.518
2018-03-04 15:00:00,30.461
2018-03-04 18:00:00,30.447
2018-03-04 21:00:00,30.428
2018-03-05 00:00:00,30.414999
2018-03-05 03:00:00,30.412
2018-03-05 06:00:00,30.406
2018-03-05 09:00:00,30.357
2018-03-05 12:00:00,30.288
2018-03-05 15:00:00,30.242
2018-03-05 18:00:00,30.22
2018-03-05 21:00:00,30.214
2018-03-06 00:00:00,30.214
2018-03-06 03:00:00,30.214
2018-03-06 06:00:00,30.214
2018-03-06 09:00:00,30.494
2018-03-06 12:00:00,31.025
2018-03-06 15:00:00,31.51
2018-03-06 18:00:00,31.515
2018-03-06 21:00:00,31.514
2018-03-07 00:00:00,31.513
2018-03-07 03:00:00,31.513
2018-03-07 06:00:00,31.509
2018-03-07 09:00:00,31.496
2018-03-07 12:00:00,31.636
2018-03-07 15:00:00,31.708
2018-03-07 18:00:00,31.689
2018-03-07 21:00:00,31.674
2018-03-08 00:00:00,31.663
2018-03-08 03:00:00,31.652
2018-03-08 06:00:00,31.645
2018-03-08 09:00:00,31.779
2018-03-08 12:00:00,32.1
2018-03-08 15:00:00,32.499
2018-03-08 18:00:00,33.322998
2018-03-08 21:00:00,34.358
2018-03-09 00:00:00,34.349
2018-03-09 03:00:00,34.345
2018-03-09 06:00:00,34.346
2018-03-09 09:00:00,34.785
2018-03-09 12:00:00,35.4
2018-03-09 15:00:00,35.923
2018-03-09 18:00:00,35.935
2018-03-09 21:00:00,35.936
2018-03-10 00:00:00,35.912
2018-03-10 03:00:00,35.883
2018-03-10 06:00:00,35.853
2018-03-10 09:00:00,35.799
2018-03-10 12:00:00,35.858
2018-03-10 15:00:00,35.887
2018-03-10 18:00:00,35.88
2018-03-10 21:00:00,35.86
2018-03-11 00:00:00,35.84
2018-03-11 03:00:00,35.826
2018-03-11 06:00:00,35.814
2018-03-11 09:00:00,36.013
2018-03-11 12:00:00,36.362
2018-03-11 15:00:00,36.774
2018-03-11 18:00:00,37.025
2018-03-11 21:00:00,37.204
2018-03-12 00:00:00,37.718
2018-03-12 03:00:00,38.172
2018-03-12 06:00:00,38.357
2018-03-12 09:00:00,39.274
2018-03-12 12:00:00,40.999
2018-03-12 15:00:00,41.977
2018-03-12 18:00:00,42.013
2018-03-12 21:00:00,41.949
2018-03-13 00:00:00,41.341
2018-03-13 03:00:00,40.869
2018-03-13 06:00:00,40.57
2018-03-13 09:00:00,40.384
2018-03-13 12:00:00,43.102
2018-03-13 15:00:00,43.4
2018-03-13 18:00:00,41.855
2018-03-13 21:00:00,40.488
2018-03-14 00:00:00,39.32
2018-03-14 03:00:00,38.644
2018-03-14 06:00:00,38.238
2018-03-14 09:00:00,37.933
2018-03-14 12:00:00,37.676
2018-03-14 15:00:00,37.42
2018-03-14 18:00:00,37.262
2018-03-14 21:00:00,37.166
2018-03-15 00:00:00,37.088
2018-03-15 03:00:00,37.017
2018-03-15 06:00:00,36.931
2018-03-15 09:00:00,36.8
2018-03-15 12:00:00,36.623
2018-03-15 15:00:00,36.442
2018-03-15 18:00:00,36.32
2018-03-15 21:00:00,36.211998
2018-03-16 00:00:00,36.12
2018-03-16 03:00:00,36.046
2018-03-16 06:00:00,35.934
2018-03-16 09:00:00,35.707
2018-03-16 12:00:00,35.419
2018-03-16 15:00:00,35.201
2018-03-16 18:00:00,35.053
2018-03-16 21:00:00,34.923
2018-03-17 00:00:00,34.813
2018-03-17 03:00:00,34.725
2018-03-17 06:00:00,34.638
2018-03-17 09:00:00,34.437
2018-03-17 12:00:00,34.190998
2018-03-17 15:00:00,33.994
2018-03-17 18:00:00,33.895
2018-03-17 21:00:00,33.856
2018-03-18 00:00:00,33.819
2018-03-18 03:00:00,33.787
2018-03-18 06:00:00,33.75
2018-03-18 09:00:00,33.627
2018-03-18 12:00:00,33.557
2018-03-18 15:00:00,33.559
2018-03-18 18:00:00,33.54
2018-03-18 21:00:00,33.489
2018-03-19 00:00:00,33.417
2018-03-19 03:00:00,33.34
2018-03-19 06:00:00,33.24
2018-03-19 09:00:00,33.076
2018-03-19 12:00:00,33.546
2018-03-19 15:00:00,33.82
2018-03-19 18:00:00,33.776
2018-03-19 21:00:00,33.734
2018-03-20 00:00:00,33.711
2018-03-20 03:00:00,33.683
2018-03-20 06:00:00,33.632
2018-03-20 09:00:00,33.494
2018-03-20 12:00:00,33.366
2018-03-20 15:00:00,33.228
2018-03-20 18:00:00,33.164
2018-03-20 21:00:00,33.125
2018-03-21 00:00:00,33.081
2018-03-21 03:00:00,33.035
2018-03-21 06:00:00,32.982
2018-03-21 09:00:00,32.882
2018-03-21 12:00:00,32.784
2018-03-21 15:00:00,32.713
2018-03-21 18:00:00,32.694
2018-03-21 21:00:00,32.675
2018-03-22 00:00:00,33.279
2018-03-22 03:00:00,33.307
2018-03-22 06:00:00,33.295
2018-03-22 09:00:00,33.295
2018-03-22 12:00:00,33.313
2018-03-22 15:00:00,33.3
2018-03-22 18:00:00,33.238
2018-03-22 21:00:00,33.194
2018-03-23 00:00:00,33.174
2018-03-23 03:00:00,33.167
2018-03-23 06:00:00,33.158
2018-03-23 09:00:00,33.172
2018-03-23 12:00:00,33.208
2018-03-23 15:00:00,33.192
2018-03-23 18:00:00,33.102
2018-03-23 21:00:00,33.007
2018-03-24 00:00:00,32.935
2018-03-24 03:00:00,32.89
2018-03-24 06:00:00,32.843
2018-03-24 09:00:00,32.769
2018-03-24 12:00:00,32.707
2018-03-24 15:00:00,32.606
2018-03-24 18:00:00,32.419
2018-03-24 21:00:00,32.223
2018-03-25 00:00:00,32.036
2018-03-25 03:00:00,31.874
2018-03-25 06:00:00,31.716
2018-03-25 09:00:00,31.47
2018-03-25 12:00:00,30.768
2018-03-25 15:00:00,30.067
2018-03-25 18:00:00,29.56
2018-03-25 21:00:00,29.134
2018-03-26 00:00:00,28.768
2018-03-26 03:00:00,28.542
2018-03-26 06:00:00,28.425
2018-03-26 09:00:00,28.296999
2018-03-26 12:00:00,28.108
2018-03-26 15:00:00,27.887
2018-03-26 18:00:00,27.726
2018-03-26 21:00:00,27.645
2018-03-27 00:00:00,27.581
2018-03-27 03:00:00,27.519
2018-03-27 06:00:00,27.457
2018-03-27 09:00:00,27.347
2018-03-27 12:00:00,27.21
2018-03-27 15:00:00,27.076
2018-03-27 18:00:00,26.987999
2018-03-27 21:00:00,26.932
2018-03-28 00:00:00,26.885
2018-03-28 03:00:00,26.851
2018-03-28 06:00:00,26.828
2018-03-28 09:00:00,26.681
2018-03-28 12:00:00,26.477
2018-03-28 15:00:00,26.31
2018-03-28 18:00:00,26.237
2018-03-28 21:00:00,26.213
2018-03-29 00:00:00,26.178
2018-03-29 03:00:00,26.139
2018-03-29 06:00:00,26.044
2018-03-29 09:00:00,25.885
2018-03-29 12:00:00,25.7
2018-03-29 15:00:00,25.518
2018-03-29 18:00:00,25.425
2018-03-29 21:00:00,25.367
2018-03-30 00:00:00,25.315
2018-03-30 03:00:00,25.273
2018-03-30 06:00:00,25.223999
2018-03-30 09:00:00,25.383
2018-03-30 12:00:00,25.281
2018-03-30 15:00:00,25.193
2018-03-30 18:00:00,25.146
2018-03-30 21:00:00,25.119
2018-03-31 00:00:00,25.098999
2018-03-31 03:00:00,25.082
2018-03-31 06:00:00,25.062
2018-03-31 09:00:00,25.014
2018-03-31 12:00:00,24.93
2018-03-31 15:00:00,24.852
2018-03-31 18:00:00,24.813
2018-03-31 21:00:00,24.782
2018-04-01 00:00:00,24.754
2018-04-01 03:00:00,24.73
2018-04-01 06:00:00,24.696
2018-04-01 09:00:00,24.633
2018-04-01 12:00:00,28.47
2018-04-01 15:00:00,30.153
2018-04-01 18:00:00,29.938
2018-04-01 21:00:00,29.739
2018-04-02 00:00:00,29.362
2018-04-02 03:00:00,29.081
2018-04-02 06:00:00,28.851
2018-04-02 09:00:00,28.662
2018-04-02 12:00:00,28.259
2018-04-02 15:00:00,27.961
2018-04-02 18:00:00,27.768
2018-04-02 21:00:00,27.584
2018-04-03 00:00:00,27.487
2018-04-03 03:00:00,27.433
2018-04-03 06:00:00,27.389
2018-04-03 09:00:00,27.32
2018-04-03 12:00:00,27.691
2018-04-03 15:00:00,27.942
2018-04-03 18:00:00,28.06
2018-04-03 21:00:00,28.039999
2018-04-04 00:00:00,27.982
2018-04-04 03:00:00,27.928
2018-04-04 06:00:00,27.92
2018-04-04 09:00:00,27.980999
2018-04-04 12:00:00,27.983
2018-04-04 15:00:00,27.802
2018-04-04 18:00:00,27.664999
2018-04-04 21:00:00,27.521
2018-04-05 00:00:00,27.44
2018-04-05 03:00:00,27.392
2018-04-05 06:00:00,27.623
2018-04-05 09:00:00,27.736
2018-04-05 12:00:00,27.729
2018-04-05 15:00:00,27.67
2018-04-05 18:00:00,27.708
2018-04-05 21:00:00,28.098
2018-04-06 00:00:00,27.838
2018-04-06 03:00:00,27.555
2018-04-06 06:00:00,27.276
2018-04-06 09:00:00,26.897
2018-04-06 12:00:00,26.421
2018-04-06 15:00:00,25.987
2018-04-06 18:00:00,25.788
2018-04-06 21:00:00,25.702
2018-04-07 00:00:00,25.638
2018-04-07 03:00:00,25.581
2018-04-07 06:00:00,26.057
2018-04-07 09:00:00,26.154
2018-04-07 12:00:00,25.857
2018-04-07 15:00:00,25.651
2018-04-07 18:00:00,25.475
2018-04-07 21:00:00,25.386
2018-04-08 00:00:00,25.314
2018-04-08 03:00:00,25.247
2018-04-08 06:00:00,25.178
2018-04-08 09:00:00,25.027
2018-04-08 12:00:00,24.73
2018-04-08 15:00:00,24.471
2018-04-08 18:00:00,24.355
2018-04-08 21:00:00,24.314
2018-04-09 00:00:00,24.273
2018-04-09 03:00:00,24.234
2018-04-09 06:00:00,24.195
2018-04-09 09:00:00,24.039
2018-04-09 12:00:00,23.75
2018-04-09 15:00:00,23.476
2018-04-09 18:00:00,23.36
2018-04-09 21:00:00,23.289999
2018-04-10 00:00:00,23.235
2018-04-10 03:00:00,23.182
2018-04-10 06:00:00,23.13
2018-04-10 09:00:00,23.05
2018-04-10 12:00:00,22.835
2018-04-10 15:00:00,22.617
2018-04-10 18:00:00,22.511
2018-04-10 21:00:00,22.454
2018-04-11 00:00:00,22.404
2018-04-11 03:00:00,22.378
2018-04-11 06:00:00,22.343
2018-04-11 09:00:00,22.19
2018-04-11 12:00:00,21.966
2018-04-11 15:00:00,21.772
2018-04-11 18:00:00,21.692
2018-04-11 21:00:00,21.678999
2018-04-12 00:00:00,21.676
2018-04-12 03:00:00,21.677
2018-04-12 06:00:00,21.656
2018-04-12 09:00:00,21.522
2018-04-12 12:00:00,21.313
2018-04-12 15:00:00,21.118
2018-04-12 18:00:00,21.029
2018-04-12 21:00:00,21.011
2018-04-13 00:00:00,21.003
2018-04-13 03:00:00,21.009
2018-04-13 06:00:00,20.989
2018-04-13 09:00:00,20.86
2018-04-13 12:00:00,20.663
2018-04-13 15:00:00,20.480999
2018-04-13 18:00:00,20.393
2018-04-13 21:00:00,20.369
2018-04-14 00:00:00,20.362
2018-04-14 03:00:00,20.378
2018-04-14 06:00:00,20.374
2018-04-14 09:00:00,20.284
2018-04-14 12:00:00,20.144
2018-04-14 15:00:00,20.018
2018-04-14 18:00:00,19.982
2018-04-14 21:00:00,19.984
2018-04-15 00:00:00,19.989
2018-04-15 03:00:00,19.999
2018-04-15 06:00:00,19.991
2018-04-15 09:00:00,19.947
2018-04-15 12:00:00,19.871
2018-04-15 15:00:00,19.798
2018-04-15 18:00:00,19.761
2018-04-15 21:00:00,19.744999
2018-04-16 00:00:00,19.779
2018-04-16 03:00:00,19.796
2018-04-16 06:00:00,19.8
2018-04-16 09:00:00,19.757
2018-04-16 12:00:00,19.763
2018-04-16 15:00:00,19.891
2018-04-16 18:00:00,19.967
2018-04-16 21:00:00,20.218
2018-04-17 00:00:00,20.362999
2018-04-17 03:00:00,20.424
2018-04-17 06:00:00,20.406
2018-04-17 09:00:00,20.288
2018-04-17 12:00:00,20.149
2018-04-17 15:00:00,20.037
2018-04-17 18:00:00,20.028
2018-04-17 21:00:00,20.073
2018-04-18 00:00:00,20.394
2018-04-18 03:00:00,20.542
2018-04-18 06:00:00,20.715
2018-04-18 09:00:00,20.655
2018-04-18 12:00:00,20.486
2018-04-18 15:00:00,20.401
2018-04-18 18:00:00,20.519
2018-04-18 21:00:00,20.945
2018-04-19 00:00:00,21.09
2018-04-19 03:00:00,21.267
2018-04-19 06:00:00,21.414
2018-04-19 09:00:00,21.427
2018-04-19 12:00:00,21.375
2018-04-19 15:00:00,21.324
2018-04-19 18:00:00,21.387
2018-04-19 21:00:00,21.534
2018-04-20 00:00:00,21.696
2018-04-20 03:00:00,21.879
2018-04-20 06:00:00,22.016
2018-04-20 09:00:00,21.979
2018-04-20 12:00:00,21.829
2018-04-20 15:00:00,21.68
2018-04-20 18:00:00,21.677
2018-04-20 21:00:00,21.801
2018-04-21 00:00:00,21.911
2018-04-21 03:00:00,22.005
2018-04-21 06:00:00,22.055
2018-04-21 09:00:00,21.957
2018-04-21 12:00:00,21.776
2018-04-21 15:00:00,21.63
2018-04-21 18:00:00,21.634
2018-04-21 21:00:00,21.748
2018-04-22 00:00:00,21.852
2018-04-22 03:00:00,21.969
2018-04-22 06:00:00,22.06
2018-04-22 09:00:00,22.014
2018-04-22 12:00:00,21.883
2018-04-22 15:00:00,21.774
2018-04-22 18:00:00,21.776
2018-04-22 21:00:00,21.875
2018-04-23 00:00:00,22.230999
2018-04-23 03:00:00,22.457
2018-04-23 06:00:00,22.52
2018-04-23 09:00:00,22.596
2018-04-23 12:00:00,22.571
2018-04-23 15:00:00,22.627
2018-04-23 18:00:00,22.757
2018-04-23 21:00:00,22.958
2018-04-24 00:00:00,23.032999
2018-04-24 03:00:00,23.079
2018-04-24 06:00:00,23.09
2018-04-24 09:00:00,23.005
2018-04-24 12:00:00,22.938
2018-04-24 15:00:00,22.903
2018-04-24 18:00:00,22.888
2018-04-24 21:00:00,22.894
2018-04-25 00:00:00,22.901
2018-04-25 03:00:00,23.301
2018-04-25 06:00:00,24.121
2018-04-25 09:00:00,24.358
2018-04-25 12:00:00,24.136
2018-04-25 15:00:00,23.994
2018-04-25 18:00:00,24.072
2018-04-25 21:00:00,24.235
2018-04-26 00:00:00,24.213
2018-04-26 03:00:00,24.209
2018-04-26 06:00:00,24.159
2018-04-26 09:00:00,23.97
2018-04-26 12:00:00,23.721
2018-04-26 15:00:00,23.531
2018-04-26 18:00:00,23.480999
2018-04-26 21:00:00,23.493
2018-04-27 00:00:00,23.521
2018-04-27 03:00:00,23.553
2018-04-27 06:00:00,23.545
2018-04-27 09:00:00,23.473999
2018-04-27 12:00:00,23.302
2018-04-27 15:00:00,23.208
2018-04-27 18:00:00,23.188
2018-04-27 21:00:00,23.239
2018-04-28 00:00:00,23.377
2018-04-28 03:00:00,23.749
2018-04-28 06:00:00,24.469
2018-04-28 09:00:00,25.244999
2018-04-28 12:00:00,25.103
2018-04-28 15:00:00,24.844
2018-04-28 18:00:00,24.656
2018-04-28 21:00:00,24.639
2018-04-29 00:00:00,24.947
2018-04-29 03:00:00,25.688
2018-04-29 06:00:00,25.492
2018-04-29 09:00:00,25.144
2018-04-29 12:00:00,24.792
2018-04-29 15:00:00,24.619999
2018-04-29 18:00:00,24.551
2018-04-29 21:00:00,24.565
2018-04-30 00:00:00,24.541
2018-04-30 03:00:00,24.521
2018-04-30 06:00:00,24.472
2018-04-30 09:00:00,24.342
2018-04-30 12:00:00,24.164999
2018-04-30 15:00:00,24.083
2018-04-30 18:00:00,24.003
2018-04-30 21:00:00,23.987
2018-05-01 00:00:00,23.996
2018-05-01 03:00:00,24.039
2018-05-01 06:00:00,24.026
2018-05-01 09:00:00,23.871
2018-05-01 12:00:00,23.652
2018-05-01 15:00:00,23.44
2018-05-01 18:00:00,23.335
2018-05-01 21:00:00,23.325
2018-05-02 00:00:00,23.33
2018-05-02 03:00:00,23.374
2018-05-02 06:00:00,23.381
2018-05-02 09:00:00,23.271
2018-05-02 12:00:00,23.11
2018-05-02 15:00:00,22.94
2018-05-02 18:00:00,22.88
2018-05-02 21:00:00,22.934
2018-05-03 00:00:00,22.987999
2018-05-03 03:00:00,23.039
2018-05-03 06:00:00,23.069
2018-05-03 09:00:00,23.093
2018-05-03 12:00:00,23.114
2018-05-03 15:00:00,24.782999
2018-05-03 18:00:00,26.33
2018-05-03 21:00:00,25.972
2018-05-04 00:00:00,25.702
2018-05-04 03:00:00,25.496
2018-05-04 06:00:00,25.285
2018-05-04 09:00:00,24.944
2018-05-04 12:00:00,24.562
2018-05-04 15:00:00,24.3
2018-05-04 18:00:00,24.194
2018-05-04 21:00:00,24.187
2018-05-05 00:00:00,24.196
2018-05-05 03:00:00,24.232
2018-05-05 06:00:00,24.294
2018-05-05 09:00:00,24.148
2018-05-05 12:00:00,23.93
2018-05-05 15:00:00,23.769
2018-05-05 18:00:00,23.719
2018-05-05 21:00:00,23.744
2018-05-06 00:00:00,23.77
2018-05-06 03:00:00,23.8
2018-05-06 06:00:00,23.78
2018-05-06 09:00:00,23.607
2018-05-06 12:00:00,23.355
2018-05-06 15:00:00,23.14
2018-05-06 18:00:00,23.094
2018-05-06 21:00:00,23.134
2018-05-07 00:00:00,23.176
2018-05-07 03:00:00,23.219
2018-05-07 06:00:00,23.226
2018-05-07 09:00:00,23.083
2018-05-07 12:00:00,22.859
2018-05-07 15:00:00,22.673
2018-05-07 18:00:00,22.614
2018-05-07 21:00:00,22.664
2018-05-08 00:00:00,22.713
2018-05-08 03:00:00,22.761
2018-05-08 06:00:00,22.781
2018-05-08 09:00:00,22.657
2018-05-08 12:00:00,22.439
2018-05-08 15:00:00,22.235
2018-05-08 18:00:00,22.162
2018-05-08 21:00:00,22.214
2018-05-09 00:00:00,22.267
2018-05-09 03:00:00,22.32
2018-05-09 06:00:00,22.338
2018-05-09 09:00:00,22.225
2018-05-09 12:00:00,22.041
2018-05-09 15:00:00,21.888
2018-05-09 18:00:00,21.847
2018-05-09 21:00:00,21.9
2018-05-10 00:00:00,21.954
2018-05-10 03:00:00,22.014
2018-05-10 06:00:00,22.03
2018-05-10 09:00:00,21.935
2018-05-10 12:00:00,21.778
2018-05-10 15:00:00,21.647
2018-05-10 18:00:00,21.617
2018-05-10 21:00:00,21.666
2018-05-11 00:00:00,21.75
2018-05-11 03:00:00,21.824
2018-05-11 06:00:00,21.838
2018-05-11 09:00:00,21.758
2018-05-11 12:00:00,21.746
2018-05-11 15:00:00,21.75
2018-05-11 18:00:00,21.744
2018-05-11 21:00:00,21.843
2018-05-12 00:00:00,22.09
2018-05-12 03:00:00,23.064
2018-05-12 06:00:00,23.07
2018-05-12 09:00:00,22.978
2018-05-12 12:00:00,22.755
2018-05-12 15:00:00,22.585
2018-05-12 18:00:00,22.522
2018-05-12 21:00:00,22.818
2018-05-13 00:00:00,22.808
2018-05-13 03:00:00,22.801
2018-05-13 06:00:00,22.762
2018-05-13 09:00:00,22.587
2018-05-13 12:00:00,22.348
2018-05-13 15:00:00,22.148
2018-05-13 18:00:00,22.072
2018-05-13 21:00:00,22.092
2018-05-14 00:00:00,22.112999
2018-05-14 03:00:00,22.136
2018-05-14 06:00:00,22.117
2018-05-14 09:00:00,21.973
2018-05-14 12:00:00,21.766
2018-05-14 15:00:00,21.595
2018-05-14 18:00:00,21.542
2018-05-14 21:00:00,21.574
2018-05-15 00:00:00,21.605999
2018-05-15 03:00:00,21.637
2018-05-15 06:00:00,21.621
2018-05-15 09:00:00,21.502
2018-05-15 12:00:00,21.324
2018-05-15 15:00:00,21.16
2018-05-15 18:00:00,21.092
2018-05-15 21:00:00,21.125
2018-05-16 00:00:00,21.16
2018-05-16 03:00:00,21.194
2018-05-16 06:00:00,21.189
2018-05-16 09:00:00,21.094
2018-05-16 12:00:00,20.999
2018-05-16 15:00:00,20.848999
2018-05-16 18:00:00,20.802
2018-05-16 21:00:00,20.836
2018-05-17 00:00:00,20.886
2018-05-17 03:00:00,20.927
2018-05-17 06:00:00,20.925
2018-05-17 09:00:00,20.861
2018-05-17 12:00:00,20.794
2018-05-17 15:00:00,20.696
2018-05-17 18:00:00,20.655
2018-05-17 21:00:00,20.682
2018-05-18 00:00:00,20.715
2018-05-18 03:00:00,20.746
2018-05-18 06:00:00,20.717
2018-05-18 09:00:00,20.601
2018-05-18 12:00:00,20.445
2018-05-18 15:00:00,20.319
2018-05-18 18:00:00,20.273
2018-05-18 21:00:00,20.308
2018-05-19 00:00:00,20.344
2018-05-19 03:00:00,20.379
2018-05-19 06:00:00,20.386
2018-05-19 09:00:00,20.3
2018-05-19 12:00:00,20.161
2018-05-19 15:00:00,20.044
2018-05-19 18:00:00,20.001
2018-05-19 21:00:00,20.034
2018-05-20 00:00:00,20.068
2018-05-20 03:00:00,20.106
2018-05-20 06:00:00,20.12
2018-05-20 09:00:00,20.031
2018-05-20 12:00:00,19.886
2018-05-20 15:00:00,19.754
2018-05-20 18:00:00,19.693
2018-05-20 21:00:00,19.722
2018-05-21 00:00:00,19.753
2018-05-21 03:00:00,19.784
2018-05-21 06:00:00,19.805
2018-05-21 09:00:00,19.756
2018-05-21 12:00:00,19.656
2018-05-21 15:00:00,19.546
2018-05-21 18:00:00,19.5
2018-05-21 21:00:00,19.524
2018-05-22 00:00:00,19.595
2018-05-22 03:00:00,19.646
2018-05-22 06:00:00,19.648
2018-05-22 09:00:00,19.571
2018-05-22 12:00:00,19.446
2018-05-22 15:00:00,19.378
2018-05-22 18:00:00,19.348999
2018-05-22 21:00:00,19.376
2018-05-23 00:00:00,19.407999
2018-05-23 03:00:00,19.44
2018-05-23 06:00:00,19.449
2018-05-23 09:00:00,19.369
2018-05-23 12:00:00,19.241
2018-05-23 15:00:00,19.128
2018-05-23 18:00:00,19.085
2018-05-23 21:00:00,19.11
2018-05-24 00:00:00,19.138
2018-05-24 03:00:00,19.169
2018-05-24 06:00:00,19.167
2018-05-24 09:00:00,19.088
2018-05-24 12:00:00,18.97
2018-05-24 15:00:00,18.867
2018-05-24 18:00:00,18.821
2018-05-24 21:00:00,18.844
2018-05-25 00:00:00,18.869999
2018-05-25 03:00:00,18.897
2018-05-25 06:00:00,18.891
2018-05-25 09:00:00,18.812
2018-05-25 12:00:00,18.7
2018-05-25 15:00:00,18.608
2018-05-25 18:00:00,18.576
2018-05-25 21:00:00,18.6
2018-05-26 00:00:00,18.9
2018-05-26 03:00:00,19.647
2018-05-26 06:00:00,20.051
2018-05-26 09:00:00,20.288
2018-05-26 12:00:00,20.673
2018-05-26 15:00:00,20.779
2018-05-26 18:00:00,20.708
2018-05-26 21:00:00,20.69
2018-05-27 00:00:00,20.678
2018-05-27 03:00:00,20.657999
2018-05-27 06:00:00,20.595
2018-05-27 09:00:00,20.436
2018-05-27 12:00:00,20.246
2018-05-27 15:00:00,20.751
2018-05-27 18:00:00,20.868
2018-05-27 21:00:00,20.941
2018-05-28 00:00:00,20.919
2018-05-28 03:00:00,20.899
2018-05-28 06:00:00,20.834
2018-05-28 09:00:00,20.678999
2018-05-28 12:00:00,20.480999
2018-05-28 15:00:00,20.31
2018-05-28 18:00:00,20.223
2018-05-28 21:00:00,20.217
2018-05-29 00:00:00,20.219
2018-05-29 03:00:00,20.223999
2018-05-29 06:00:00,20.187
2018-05-29 09:00:00,20.058
2018-05-29 12:00:00,19.881
2018-05-29 15:00:00,19.729
2018-05-29 18:00:00,19.657999
2018-05-29 21:00:00,19.664999
2018-05-30 00:00:00,19.676
2018-05-30 03:00:00,19.691
2018-05-30 06:00:00,19.667
2018-05-30 09:00:00,19.559
2018-05-30 12:00:00,19.409
2018-05-30 15:00:00,19.281
2018-05-30 18:00:00,19.223
2018-05-30 21:00:00,19.229
2018-05-31 00:00:00,19.242
2018-05-31 03:00:00,19.255
2018-05-31 06:00:00,19.229
2018-05-31 09:00:00,19.138
2018-05-31 12:00:00,19.011
2018-05-31 15:00:00,18.902
2018-05-31 18:00:00,18.851
2018-05-31 21:00:00,18.861
2018-06-01 00:00:00,18.88
2018-06-01 03:00:00,18.902
2018-06-01 06:00:00,18.89
2018-06-01 09:00:00,18.816
2018-06-01 12:00:00,18.707
2018-06-01 15:00:00,18.608
2018-06-01 18:00:00,18.565
2018-06-01 21:00:00,18.577
2018-06-02 00:00:00,18.593
2018-06-02 03:00:00,18.611
2018-06-02 06:00:00,18.605999
2018-06-02 09:00:00,18.527
2018-06-02 12:00:00,18.405
2018-06-02 15:00:00,18.294
2018-06-02 18:00:00,18.239
2018-06-02 21:00:00,18.248
2018-06-03 00:00:00,18.267
2018-06-03 03:00:00,18.288
2018-06-03 06:00:00,18.272
2018-06-03 09:00:00,18.197
2018-06-03 12:00:00,18.082
2018-06-03 15:00:00,18.024
2018-06-03 18:00:00,18.027
2018-06-03 21:00:00,18.05
2018-06-04 00:00:00,18.058
2018-06-04 03:00:00,18.063
2018-06-04 06:00:00,18.028
2018-06-04 09:00:00,17.948
2018-06-04 12:00:00,17.855
2018-06-04 15:00:00,17.793
2018-06-04 18:00:00,17.755
2018-06-04 21:00:00,17.762
2018-06-05 00:00:00,17.781
2018-06-05 03:00:00,17.795
2018-06-05 06:00:00,17.772
2018-06-05 09:00:00,17.697
2018-06-05 12:00:00,17.601
2018-06-05 15:00:00,17.517
2018-06-05 18:00:00,17.473
2018-06-05 21:00:00,17.463
2018-06-06 00:00:00,17.473
2018-06-06 03:00:00,17.487
2018-06-06 06:00:00,17.473999
2018-06-06 09:00:00,17.413
2018-06-06 12:00:00,17.362
2018-06-06 15:00:00,17.331
2018-06-06 18:00:00,17.32
2018-06-06 21:00:00,17.325
2018-06-07 00:00:00,17.366
2018-06-07 03:00:00,17.412
2018-06-07 06:00:00,17.405
2018-06-07 09:00:00,17.342
2018-06-07 12:00:00,17.242
2018-06-07 15:00:00,17.173
2018-06-07 18:00:00,17.133
2018-06-07 21:00:00,17.137
2018-06-08 00:00:00,17.146
2018-06-08 03:00:00,17.156
2018-06-08 06:00:00,17.145
2018-06-08 09:00:00,17.082
2018-06-08 12:00:00,16.987999
2018-06-08 15:00:00,16.898
2018-06-08 18:00:00,16.848999
2018-06-08 21:00:00,16.85
2018-06-09 00:00:00,16.859
2018-06-09 03:00:00,16.869999
2018-06-09 06:00:00,16.888
2018-06-09 09:00:00,16.86
2018-06-09 12:00:00,16.812
2018-06-09 15:00:00,16.766
2018-06-09 18:00:00,16.791
2018-06-09 21:00:00,16.854
2018-06-10 00:00:00,16.862999
2018-06-10 03:00:00,16.872
2018-06-10 06:00:00,16.858
2018-06-10 09:00:00,16.796
2018-06-10 12:00:00,16.702
2018-06-10 15:00:00,16.618
2018-06-10 18:00:00,16.574
2018-06-10 21:00:00,16.575
2018-06-11 00:00:00,16.693
2018-06-11 03:00:00,16.733
2018-06-11 06:00:00,16.73
2018-06-11 09:00:00,16.722
2018-06-11 12:00:00,16.737999
2018-06-11 15:00:00,16.73
2018-06-11 18:00:00,16.717
2018-06-11 21:00:00,16.736
2018-06-12 00:00:00,16.799
2018-06-12 03:00:00,16.869999
2018-06-12 06:00:00,16.891
2018-06-12 09:00:00,16.855
2018-06-12 12:00:00,16.832
2018-06-12 15:00:00,16.825
2018-06-12 18:00:00,16.802
2018-06-12 21:00:00,16.803
2018-06-13 00:00:00,16.896
2018-06-13 03:00:00,16.983
2018-06-13 06:00:00,17.062
2018-06-13 09:00:00,17.053
2018-06-13 12:00:00,17.013
2018-06-13 15:00:00,16.97
2018-06-13 18:00:00,16.968
2018-06-13 21:00:00,16.97
2018-06-14 00:00:00,16.983
2018-06-14 03:00:00,16.996
2018-06-14 06:00:00,16.980999
2018-06-14 09:00:00,16.919
2018-06-14 12:00:00,16.826
2018-06-14 15:00:00,16.737
2018-06-14 18:00:00,16.684
2018-06-14 21:00:00,16.678
2018-06-15 00:00:00,17.605999
2018-06-15 03:00:00,18.546999
2018-06-15 06:00:00,18.5
2018-06-15 09:00:00,18.36
2018-06-15 12:00:00,18.521
2018-06-15 15:00:00,18.44
2018-06-15 18:00:00,18.521
2018-06-15 21:00:00,18.641
2018-06-16 00:00:00,19.161
2018-06-16 03:00:00,19.127
2018-06-16 06:00:00,19.064
2018-06-16 09:00:00,18.892
2018-06-16 12:00:00,18.681
2018-06-16 15:00:00,18.525
2018-06-16 18:00:00,18.536
2018-06-16 21:00:00,18.931
2018-06-17 00:00:00,21.142
2018-06-17 03:00:00,21.986
2018-06-17 06:00:00,21.787
2018-06-17 09:00:00,21.461
2018-06-17 12:00:00,21.083
2018-06-17 15:00:00,20.744999
2018-06-17 18:00:00,20.535
2018-06-17 21:00:00,20.435
2018-06-18 00:00:00,20.353
2018-06-18 03:00:00,20.275
2018-06-18 06:00:00,20.126
2018-06-18 09:00:00,19.888
2018-06-18 12:00:00,19.57
2018-06-18 15:00:00,19.302
2018-06-18 18:00:00,19.149
2018-06-18 21:00:00,19.101
2018-06-19 00:00:00,19.087
2018-06-19 03:00:00,19.128
2018-06-19 06:00:00,19.076
2018-06-19 09:00:00,18.99
2018-06-19 12:00:00,18.778
2018-06-19 15:00:00,18.535
2018-06-19 18:00:00,18.472
2018-06-19 21:00:00,18.491
2018-06-20 00:00:00,18.461
2018-06-20 03:00:00,18.428
2018-06-20 06:00:00,18.421999
2018-06-20 09:00:00,18.309
2018-06-20 12:00:00,18.171
2018-06-20 15:00:00,18.117
2018-06-20 18:00:00,18.112
2018-06-20 21:00:00,18.095
2018-06-21 00:00:00,18.074
2018-06-21 03:00:00,18.055
2018-06-21 06:00:00,18.022
2018-06-21 09:00:00,17.953
2018-06-21 12:00:00,17.881
2018-06-21 15:00:00,17.928
2018-06-21 18:00:00,18.657
2018-06-21 21:00:00,22.802
2018-06-22 00:00:00,23.526
2018-06-22 03:00:00,23.489
2018-06-22 06:00:00,23.087
2018-06-22 09:00:00,22.619
2018-06-22 12:00:00,22.1
2018-06-22 15:00:00,21.807
2018-06-22 18:00:00,21.525
2018-06-22 21:00:00,21.35
2018-06-23 00:00:00,21.214
2018-06-23 03:00:00,21.1
2018-06-23 06:00:00,20.921
2018-06-23 09:00:00,20.621
2018-06-23 12:00:00,20.357
2018-06-23 15:00:00,20.161
2018-06-23 18:00:00,20.046
2018-06-23 21:00:00,20.014
2018-06-24 00:00:00,19.966
2018-06-24 03:00:00,19.917
2018-06-24 06:00:00,19.822
2018-06-24 09:00:00,19.692
2018-06-24 12:00:00,19.467
2018-06-24 15:00:00,19.309
2018-06-24 18:00:00,19.224
2018-06-24 21:00:00,19.229
2018-06-25 00:00:00,19.246
2018-06-25 03:00:00,19.249
2018-06-25 06:00:00,19.207
2018-06-25 09:00:00,19.045
2018-06-25 12:00:00,18.812
2018-06-25 15:00:00,18.625
2018-06-25 18:00:00,18.548
2018-06-25 21:00:00,18.532
2018-06-26 00:00:00,18.517
2018-06-26 03:00:00,18.506
2018-06-26 06:00:00,18.442
2018-06-26 09:00:00,18.293
2018-06-26 12:00:00,18.105
2018-06-26 15:00:00,17.949
2018-06-26 18:00:00,17.873
2018-06-26 21:00:00,17.867
2018-06-27 00:00:00,17.865
2018-06-27 03:00:00,17.863
2018-06-27 06:00:00,17.826
2018-06-27 09:00:00,17.701
2018-06-27 12:00:00,17.529
2018-06-27 15:00:00,17.388
2018-06-27 18:00:00,17.343
2018-06-27 21:00:00,17.457
2018-06-28 00:00:00,17.457
2018-06-28 03:00:00,17.459
2018-06-28 06:00:00,17.436
2018-06-28 09:00:00,17.308
2018-06-28 12:00:00,17.131
2018-06-28 15:00:00,16.968
2018-06-28 18:00:00,16.875
2018-06-28 21:00:00,16.87
2018-06-29 00:00:00,16.87
2018-06-29 03:00:00,16.864
2018-06-29 06:00:00,16.819
2018-06-29 09:00:00,16.718
2018-06-29 12:00:00,16.623
2018-06-29 15:00:00,16.545
2018-06-29 18:00:00,16.483
2018-06-29 21:00:00,16.48
2018-06-30 00:00:00,16.483
2018-06-30 03:00:00,16.488
2018-06-30 06:00:00,16.457
2018-06-30 09:00:00,16.368
2018-06-30 12:00:00,16.266
2018-06-30 15:00:00,16.174
2018-06-30 18:00:00,16.12
2018-06-30 21:00:00,16.115
2018-07-01 00:00:00,16.119
2018-07-01 03:00:00,16.122
2018-07-01 06:00:00,16.095
2018-07-01 09:00:00,16.019
2018-07-01 12:00:00,15.916
2018-07-01 15:00:00,15.825
2018-07-01 18:00:00,15.775
2018-07-01 21:00:00,15.773
2018-07-02 00:00:00,15.806
2018-07-02 03:00:00,15.838
2018-07-02 06:00:00,15.828
2018-07-02 09:00:00,15.758
2018-07-02 12:00:00,15.661
2018-07-02 15:00:00,15.602
2018-07-02 18:00:00,15.565
2018-07-02 21:00:00,15.561
2018-07-03 00:00:00,15.592
2018-07-03 03:00:00,15.594
2018-07-03 06:00:00,15.574
2018-07-03 09:00:00,15.551
2018-07-03 12:00:00,15.565
2018-07-03 15:00:00,15.589
2018-07-03 18:00:00,15.642
2018-07-03 21:00:00,15.728
2018-07-04 00:00:00,15.729
2018-07-04 03:00:00,15.731
2018-07-04 06:00:00,15.712
2018-07-04 09:00:00,15.625
2018-07-04 12:00:00,15.514
2018-07-04 15:00:00,15.427
2018-07-04 18:00:00,15.383
2018-07-04 21:00:00,15.379
2018-07-05 00:00:00,15.383
2018-07-05 03:00:00,15.39
2018-07-05 06:00:00,15.368
2018-07-05 09:00:00,15.3
2018-07-05 12:00:00,15.202
2018-07-05 15:00:00,15.117
2018-07-05 18:00:00,15.077
2018-07-05 21:00:00,15.071
2018-07-06 00:00:00,15.092
2018-07-06 03:00:00,15.114
2018-07-06 06:00:00,15.126
2018-07-06 09:00:00,15.089
2018-07-06 12:00:00,15.081
2018-07-06 15:00:00,15.026
2018-07-06 18:00:00,15.025
2018-07-06 21:00:00,15.051
2018-07-07 00:00:00,15.081
2018-07-07 03:00:00,15.111
2018-07-07 06:00:00,15.13
2018-07-07 09:00:00,15.12
2018-07-07 12:00:00,15.088
2018-07-07 15:00:00,15.053
2018-07-07 18:00:00,15.538
2018-07-07 21:00:00,19.477
2018-07-08 00:00:00,19.4
2018-07-08 03:00:00,19.343
2018-07-08 06:00:00,19.241
2018-07-08 09:00:00,18.954
2018-07-08 12:00:00,18.577
2018-07-08 15:00:00,18.259
2018-07-08 18:00:00,18.083
2018-07-08 21:00:00,18.041
2018-07-09 00:00:00,18.018
2018-07-09 03:00:00,17.992
2018-07-09 06:00:00,18.169
2018-07-09 09:00:00,18.261
2018-07-09 12:00:00,18.121
2018-07-09 15:00:00,17.972
2018-07-09 18:00:00,17.907
2018-07-09 21:00:00,17.911
2018-07-10 00:00:00,17.946
2018-07-10 03:00:00,17.977
2018-07-10 06:00:00,17.99
2018-07-10 09:00:00,17.935
2018-07-10 12:00:00,17.844
2018-07-10 15:00:00,17.647
2018-07-10 18:00:00,17.707
2018-07-10 21:00:00,17.803
2018-07-11 00:00:00,17.787
2018-07-11 03:00:00,17.803
2018-07-11 06:00:00,17.753
2018-07-11 09:00:00,17.562
2018-07-11 12:00:00,17.31
2018-07-11 15:00:00,17.091
2018-07-11 18:00:00,16.974
2018-07-11 21:00:00,16.953
2018-07-12 00:00:00,16.947
2018-07-12 03:00:00,16.945
2018-07-12 06:00:00,16.897
2018-07-12 09:00:00,16.75
2018-07-12 12:00:00,16.563
2018-07-12 15:00:00,16.42
2018-07-12 18:00:00,16.353
2018-07-12 21:00:00,16.339
2018-07-13 00:00:00,16.346
2018-07-13 03:00:00,16.341
2018-07-13 06:00:00,16.369
2018-07-13 09:00:00,16.371
2018-07-13 12:00:00,16.185
2018-07-13 15:00:00,16.061
2018-07-13 18:00:00,16.004
2018-07-13 21:00:00,16.043
2018-07-14 00:00:00,16.037
2018-07-14 03:00:00,16.032
2018-07-14 06:00:00,16.012
2018-07-14 09:00:00,15.903
2018-07-14 12:00:00,15.775
2018-07-14 15:00:00,15.648
2018-07-14 18:00:00,15.644
2018-07-14 21:00:00,15.665
2018-07-15 00:00:00,15.661
2018-07-15 03:00:00,15.657
2018-07-15 06:00:00,15.617
2018-07-15 09:00:00,15.494
2018-07-15 12:00:00,15.332
2018-07-15 15:00:00,15.191
2018-07-15 18:00:00,15.115
2018-07-15 21:00:00,15.111
2018-07-16 00:00:00,15.112
2018-07-16 03:00:00,15.114
2018-07-16 06:00:00,15.079
2018-07-16 09:00:00,14.97
2018-07-16 12:00:00,14.824
2018-07-16 15:00:00,14.697
2018-07-16 18:00:00,14.631
2018-07-16 21:00:00,14.625
2018-07-17 00:00:00,14.651
2018-07-17 03:00:00,14.801
2018-07-17 06:00:00,14.803
2018-07-17 09:00:00,14.759
2018-07-17 12:00:00,14.636
2018-07-17 15:00:00,14.534
2018-07-17 18:00:00,14.51
2018-07-17 21:00:00,14.544
2018-07-18 00:00:00,14.637
2018-07-18 03:00:00,14.752
2018-07-18 06:00:00,15.578
2018-07-18 09:00:00,15.689
2018-07-18 12:00:00,15.51
2018-07-18 15:00:00,15.463
2018-07-18 18:00:00,15.483
2018-07-18 21:00:00,15.565
2018-07-19 00:00:00,15.696
2018-07-19 03:00:00,17.039
2018-07-19 06:00:00,16.991
2018-07-19 09:00:00,16.852
2018-07-19 12:00:00,16.597
2018-07-19 15:00:00,16.374
2018-07-19 18:00:00,16.277
2018-07-19 21:00:00,16.259
2018-07-20 00:00:00,16.246
2018-07-20 03:00:00,16.236
2018-07-20 06:00:00,16.177
2018-07-20 09:00:00,16.004
2018-07-20 12:00:00,15.805
2018-07-20 15:00:00,15.619
2018-07-20 18:00:00,15.532
2018-07-20 21:00:00,15.519
2018-07-21 00:00:00,15.509
2018-07-21 03:00:00,15.499
2018-07-21 06:00:00,15.456
2018-07-21 09:00:00,15.325
2018-07-21 12:00:00,15.132
2018-07-21 15:00:00,14.954
2018-07-21 18:00:00,14.859
2018-07-21 21:00:00,14.848
2018-07-22 00:00:00,14.844
2018-07-22 03:00:00,14.842
2018-07-22 06:00:00,14.801
2018-07-22 09:00:00,14.678
2018-07-22 12:00:00,14.511
2018-07-22 15:00:00,14.367
2018-07-22 18:00:00,14.285
2018-07-22 21:00:00,14.279
2018-07-23 00:00:00,14.278
2018-07-23 03:00:00,14.284
2018-07-23 06:00:00,14.257
2018-07-23 09:00:00,14.158
2018-07-23 12:00:00,14.021
2018-07-23 15:00:00,13.918
2018-07-23 18:00:00,13.861
2018-07-23 21:00:00,13.856
2018-07-24 00:00:00,13.855
2018-07-24 03:00:00,13.86
2018-07-24 06:00:00,13.837
2018-07-24 09:00:00,13.745
2018-07-24 12:00:00,13.621
2018-07-24 15:00:00,13.524
2018-07-24 18:00:00,13.479
2018-07-24 21:00:00,13.473
2018-07-25 00:00:00,13.481
2018-07-25 03:00:00,13.491
2018-07-25 06:00:00,13.472
2018-07-25 09:00:00,13.39
2018-07-25 12:00:00,13.277
2018-07-25 15:00:00,13.177
2018-07-25 18:00:00,13.121
2018-07-25 21:00:00,13.115
2018-07-26 00:00:00,13.113999
2018-07-26 03:00:00,13.113999
2018-07-26 06:00:00,13.094
2018-07-26 09:00:00,13.02
2018-07-26 12:00:00,12.918
2018-07-26 15:00:00,12.828
2018-07-26 18:00:00,12.781
2018-07-26 21:00:00,12.778
2018-07-27 00:00:00,12.78
2018-07-27 03:00:00,12.792
2018-07-27 06:00:00,12.774
2018-07-27 09:00:00,12.706
2018-07-27 12:00:00,12.616
2018-07-27 15:00:00,12.539
2018-07-27 18:00:00,12.495999
2018-07-27 21:00:00,12.492
2018-07-28 00:00:00,12.54
2018-07-28 03:00:00,12.587999
2018-07-28 06:00:00,12.594
2018-07-28 09:00:00,12.568999
2018-07-28 12:00:00,12.526999
2018-07-28 15:00:00,12.488999
2018-07-28 18:00:00,12.481999
2018-07-28 21:00:00,12.483
2018-07-29 00:00:00,12.697
2018-07-29 03:00:00,13.434
2018-07-29 06:00:00,14.405
2018-07-29 09:00:00,14.588
2018-07-29 12:00:00,14.511
2018-07-29 15:00:00,14.466
2018-07-29 18:00:00,14.4279995
2018-07-29 21:00:00,14.455
2018-07-30 00:00:00,15.403
2018-07-30 03:00:00,16.039999
2018-07-30 06:00:00,16.011
2018-07-30 09:00:00,15.8619995
2018-07-30 12:00:00,15.613
2018-07-30 15:00:00,15.408
2018-07-30 18:00:00,15.295
2018-07-30 21:00:00,15.278
2018-07-31 00:00:00,15.266
2018-07-31 03:00:00,15.255
2018-07-31 06:00:00,15.208
2018-07-31 09:00:00,15.035
2018-07-31 12:00:00,14.812
2018-07-31 15:00:00,14.624
2018-07-31 18:00:00,14.53
2018-07-31 21:00:00,14.521
2018-08-01 00:00:00,14.524
2018-08-01 03:00:00,14.521999
2018-08-01 06:00:00,14.491
2018-08-01 09:00:00,14.352
2018-08-01 12:00:00,14.219
2018-08-01 15:00:00,14.153
2018-08-01 18:00:00,14.297999
2018-08-01 21:00:00,14.658
2018-08-02 00:00:00,14.651
2018-08-02 03:00:00,14.972
2018-08-02 06:00:00,14.952
2018-08-02 09:00:00,14.824
2018-08-02 12:00:00,14.598
2018-08-02 15:00:00,14.42
2018-08-02 18:00:00,14.308
2018-08-02 21:00:00,14.295
2018-08-03 00:00:00,14.288
2018-08-03 03:00:00,14.282
2018-08-03 06:00:00,14.24
2018-08-03 09:00:00,14.105
2018-08-03 12:00:00,13.918
2018-08-03 15:00:00,13.763
2018-08-03 18:00:00,13.693
2018-08-03 21:00:00,13.679
2018-08-04 00:00:00,13.674
2018-08-04 03:00:00,13.863
2018-08-04 06:00:00,13.846
2018-08-04 09:00:00,13.84
2018-08-04 12:00:00,13.883
2018-08-04 15:00:00,13.94
2018-08-04 18:00:00,13.848
2018-08-04 21:00:00,13.835
2018-08-05 00:00:00,13.827
2018-08-05 03:00:00,13.82
2018-08-05 06:00:00,13.789
2018-08-05 09:00:00,13.679
2018-08-05 12:00:00,13.518
2018-08-05 15:00:00,13.372
2018-08-05 18:00:00,13.292
2018-08-05 21:00:00,13.275
2018-08-06 00:00:00,13.41
2018-08-06 03:00:00,13.55
2018-08-06 06:00:00,13.529
2018-08-06 09:00:00,13.424
2018-08-06 12:00:00,13.271
2018-08-06 15:00:00,13.146
2018-08-06 18:00:00,13.247
2018-08-06 21:00:00,13.382
2018-08-07 00:00:00,13.379
2018-08-07 03:00:00,13.384
2018-08-07 06:00:00,13.371
2018-08-07 09:00:00,13.276
2018-08-07 12:00:00,13.128
2018-08-07 15:00:00,13.043
2018-08-07 18:00:00,12.9939995
2018-08-07 21:00:00,12.984
2018-08-08 00:00:00,12.981
2018-08-08 03:00:00,12.984
2018-08-08 06:00:00,12.962
2018-08-08 09:00:00,12.854
2018-08-08 12:00:00,12.706
2018-08-08 15:00:00,12.596
2018-08-08 18:00:00,12.542
2018-08-08 21:00:00,12.53
2018-08-09 00:00:00,12.523
2018-08-09 03:00:00,12.52
2018-08-09 06:00:00,12.506
2018-08-09 09:00:00,12.694
2018-08-09 12:00:00,13.326
2018-08-09 15:00:00,13.718
2018-08-09 18:00:00,13.715
2018-08-09 21:00:00,13.816999
2018-08-10 00:00:00,14.736
2018-08-10 03:00:00,15.166
2018-08-10 06:00:00,15.752
2018-08-10 09:00:00,15.809
2018-08-10 12:00:00,15.659
2018-08-10 15:00:00,15.658
2018-08-10 18:00:00,15.653
2018-08-10 21:00:00,15.742
2018-08-11 00:00:00,15.832
2018-08-11 03:00:00,16.0
2018-08-11 06:00:00,16.078
2018-08-11 09:00:00,15.991
2018-08-11 12:00:00,15.82
2018-08-11 15:00:00,15.748
2018-08-11 18:00:00,15.773
2018-08-11 21:00:00,15.864
2018-08-12 00:00:00,15.883
2018-08-12 03:00:00,15.899
2018-08-12 06:00:00,15.888
2018-08-12 09:00:00,15.75
2018-08-12 12:00:00,15.476
2018-08-12 15:00:00,15.249
2018-08-12 18:00:00,15.148
2018-08-12 21:00:00,15.115
2018-08-13 00:00:00,15.098
2018-08-13 03:00:00,15.087
2018-08-13 06:00:00,15.051
2018-08-13 09:00:00,14.905
2018-08-13 12:00:00,14.685
2018-08-13 15:00:00,14.52
2018-08-13 18:00:00,14.461
2018-08-13 21:00:00,14.448
2018-08-14 00:00:00,15.336
2018-08-14 03:00:00,16.583
2018-08-14 06:00:00,17.758
2018-08-14 09:00:00,18.397
2018-08-14 12:00:00,18.816
2018-08-14 15:00:00,19.223
2018-08-14 18:00:00,20.406
2018-08-14 21:00:00,21.3
2018-08-15 00:00:00,21.002
2018-08-15 03:00:00,20.734
2018-08-15 06:00:00,20.465
2018-08-15 09:00:00,20.172
2018-08-15 12:00:00,19.724
2018-08-15 15:00:00,19.325
2018-08-15 18:00:00,19.096
2018-08-15 21:00:00,18.98
2018-08-16 00:00:00,18.878
2018-08-16 03:00:00,18.786
2018-08-16 06:00:00,18.655
2018-08-16 09:00:00,18.329
2018-08-16 12:00:00,17.921
2018-08-16 15:00:00,17.587
2018-08-16 18:00:00,17.406
2018-08-16 21:00:00,17.352
2018-08-17 00:00:00,17.308
2018-08-17 03:00:00,17.272
2018-08-17 06:00:00,17.191
2018-08-17 09:00:00,16.908
2018-08-17 12:00:00,16.54
2018-08-17 15:00:00,16.314
2018-08-17 18:00:00,16.22
2018-08-17 21:00:00,16.188
2018-08-18 00:00:00,16.262
2018-08-18 03:00:00,16.333
2018-08-18 06:00:00,16.397
2018-08-18 09:00:00,16.429
2018-08-18 12:00:00,16.263
2018-08-18 15:00:00,16.131
2018-08-18 18:00:00,16.117
2018-08-18 21:00:00,16.189
2018-08-19 00:00:00,17.206
2018-08-19 03:00:00,18.119
2018-08-19 06:00:00,19.391
2018-08-19 09:00:00,20.464
2018-08-19 12:00:00,20.454
2018-08-19 15:00:00,20.355
2018-08-19 18:00:00,20.375
2018-08-19 21:00:00,20.731
2018-08-20 00:00:00,20.969
2018-08-20 03:00:00,21.182
2018-08-20 06:00:00,22.387
2018-08-20 09:00:00,22.604
2018-08-20 12:00:00,23.398
2018-08-20 15:00:00,23.006
2018-08-20 18:00:00,22.391
2018-08-20 21:00:00,22.433
2018-08-21 00:00:00,22.014
2018-08-21 03:00:00,21.672
2018-08-21 06:00:00,21.354
2018-08-21 09:00:00,20.839
2018-08-21 12:00:00,20.202
2018-08-21 15:00:00,19.754
2018-08-21 18:00:00,19.548
2018-08-21 21:00:00,19.444
2018-08-22 00:00:00,19.349
2018-08-22 03:00:00,19.259
2018-08-22 06:00:00,19.135
2018-08-22 09:00:00,18.835
2018-08-22 12:00:00,18.446
2018-08-22 15:00:00,18.093
2018-08-22 18:00:00,17.928
2018-08-22 21:00:00,17.873
2018-08-23 00:00:00,17.831
2018-08-23 03:00:00,17.806
2018-08-23 06:00:00,17.742
2018-08-23 09:00:00,17.484
2018-08-23 12:00:00,17.117
2018-08-23 15:00:00,16.812
2018-08-23 18:00:00,16.672
2018-08-23 21:00:00,16.651
2018-08-24 00:00:00,18.46
2018-08-24 03:00:00,20.882
2018-08-24 06:00:00,21.648
2018-08-24 09:00:00,21.343
2018-08-24 12:00:00,20.842
2018-08-24 15:00:00,20.51
2018-08-24 18:00:00,20.241
2018-08-24 21:00:00,20.087
2018-08-25 00:00:00,20.141
2018-08-25 03:00:00,20.434
2018-08-25 06:00:00,20.469
2018-08-25 09:00:00,20.374
2018-08-25 12:00:00,20.046
2018-08-25 15:00:00,19.755
2018-08-25 18:00:00,19.587
2018-08-25 21:00:00,19.548
2018-08-26 00:00:00,19.49
2018-08-26 03:00:00,19.418
2018-08-26 06:00:00,19.325
2018-08-26 09:00:00,19.091
2018-08-26 12:00:00,18.733
2018-08-26 15:00:00,18.476
2018-08-26 18:00:00,18.469
2018-08-26 21:00:00,18.546
2018-08-27 00:00:00,20.44
2018-08-27 03:00:00,22.389
2018-08-27 06:00:00,22.791
2018-08-27 09:00:00,22.763
2018-08-27 12:00:00,22.486
2018-08-27 15:00:00,22.462
2018-08-27 18:00:00,22.087
2018-08-27 21:00:00,21.798
2018-08-28 00:00:00,21.556
2018-08-28 03:00:00,21.395
2018-08-28 06:00:00,21.198
2018-08-28 09:00:00,20.946
2018-08-28 12:00:00,20.54
2018-08-28 15:00:00,20.235
2018-08-28 18:00:00,20.073
2018-08-28 21:00:00,19.988
2018-08-29 00:00:00,19.913
2018-08-29 03:00:00,19.834
2018-08-29 06:00:00,19.748
2018-08-29 09:00:00,19.514
2018-08-29 12:00:00,19.215
2018-08-29 15:00:00,19.009
2018-08-29 18:00:00,18.906
2018-08-29 21:00:00,18.868
2018-08-30 00:00:00,19.121
2018-08-30 03:00:00,19.779
2018-08-30 06:00:00,19.701
2018-08-30 09:00:00,20.665
2018-08-30 12:00:00,20.738
2018-08-30 15:00:00,20.791
2018-08-30 18:00:00,20.625
2018-08-30 21:00:00,20.844
2018-08-31 00:00:00,20.978
2018-08-31 03:00:00,20.966
2018-08-31 06:00:00,20.921
2018-08-31 09:00:00,21.337
2018-08-31 12:00:00,23.838
2018-08-31 15:00:00,26.225
2018-08-31 18:00:00,27.058
2018-08-31 21:00:00,26.159
2018-09-01 00:00:00,25.159
2018-09-01 03:00:00,24.487
2018-09-01 06:00:00,23.982
2018-09-01 09:00:00,23.524
2018-09-01 12:00:00,23.117
2018-09-01 15:00:00,22.759
2018-09-01 18:00:00,22.517
2018-09-01 21:00:00,22.377
2018-09-02 00:00:00,22.225
2018-09-02 03:00:00,22.091
2018-09-02 06:00:00,21.948
2018-09-02 09:00:00,21.634
2018-09-02 12:00:00,21.183
2018-09-02 15:00:00,20.831
2018-09-02 18:00:00,20.703
2018-09-02 21:00:00,20.654
2018-09-03 00:00:00,20.61
2018-09-03 03:00:00,20.572
2018-09-03 06:00:00,20.52
2018-09-03 09:00:00,20.301
2018-09-03 12:00:00,19.965
2018-09-03 15:00:00,19.715
2018-09-03 18:00:00,19.642
2018-09-03 21:00:00,19.622
2018-09-04 00:00:00,19.601
2018-09-04 03:00:00,19.582
2018-09-04 06:00:00,19.641
2018-09-04 09:00:00,19.632
2018-09-04 12:00:00,19.434
2018-09-04 15:00:00,19.373
2018-09-04 18:00:00,19.443
2018-09-04 21:00:00,19.51
2018-09-05 00:00:00,19.494
2018-09-05 03:00:00,19.478
2018-09-05 06:00:00,19.458
2018-09-05 09:00:00,19.301
2018-09-05 12:00:00,19.004
2018-09-05 15:00:00,18.766
2018-09-05 18:00:00,18.701
2018-09-05 21:00:00,18.697
2018-09-06 00:00:00,18.699
2018-09-06 03:00:00,18.704
2018-09-06 06:00:00,18.7
2018-09-06 09:00:00,18.573
2018-09-06 12:00:00,18.366
2018-09-06 15:00:00,18.226
2018-09-06 18:00:00,18.185
2018-09-06 21:00:00,18.194
2018-09-07 00:00:00,18.198
2018-09-07 03:00:00,18.21
2018-09-07 06:00:00,18.209
2018-09-07 09:00:00,18.137
2018-09-07 12:00:00,17.98
2018-09-07 15:00:00,17.835
2018-09-07 18:00:00,17.806
2018-09-07 21:00:00,17.802
2018-09-08 00:00:00,17.805
2018-09-08 03:00:00,17.804
2018-09-08 06:00:00,17.807
2018-09-08 09:00:00,17.784
2018-09-08 12:00:00,17.623
2018-09-08 15:00:00,17.483
2018-09-08 18:00:00,17.476
2018-09-08 21:00:00,17.519
2018-09-09 00:00:00,17.517
2018-09-09 03:00:00,17.521
2018-09-09 06:00:00,17.514
2018-09-09 09:00:00,17.41
2018-09-09 12:00:00,17.246
2018-09-09 15:00:00,17.092
2018-09-09 18:00:00,17.142
2018-09-09 21:00:00,17.217
2018-09-10 00:00:00,18.209
2018-09-10 03:00:00,18.389
2018-09-10 06:00:00,18.51
2018-09-10 09:00:00,18.516
2018-09-10 12:00:00,18.415
2018-09-10 15:00:00,18.359
2018-09-10 18:00:00,18.383
2018-09-10 21:00:00,18.428
2018-09-11 00:00:00,18.674
2018-09-11 03:00:00,19.155
2018-09-11 06:00:00,19.112
2018-09-11 09:00:00,19.301
2018-09-11 12:00:00,20.915
2018-09-11 15:00:00,23.123
2018-09-11 18:00:00,22.746
2018-09-11 21:00:00,22.429
2018-09-12 00:00:00,22.237
2018-09-12 03:00:00,22.037
2018-09-12 06:00:00,21.934
2018-09-12 09:00:00,21.735
2018-09-12 12:00:00,21.33
2018-09-12 15:00:00,20.998
2018-09-12 18:00:00,20.861
2018-09-12 21:00:00,21.06
2018-09-13 00:00:00,20.92
2018-09-13 03:00:00,20.817
2018-09-13 06:00:00,20.715
2018-09-13 09:00:00,20.476
2018-09-13 12:00:00,20.178
2018-09-13 15:00:00,19.927
2018-09-13 18:00:00,19.802
2018-09-13 21:00:00,19.736
2018-09-14 00:00:00,19.738
2018-09-14 03:00:00,19.694
2018-09-14 06:00:00,19.682
2018-09-14 09:00:00,19.592
2018-09-14 12:00:00,19.429
2018-09-14 15:00:00,19.289
2018-09-14 18:00:00,19.298
2018-09-14 21:00:00,19.393
2018-09-15 00:00:00,20.743
2018-09-15 03:00:00,21.397
2018-09-15 06:00:00,21.326
2018-09-15 09:00:00,21.196
2018-09-15 12:00:00,20.978
2018-09-15 15:00:00,20.704
2018-09-15 18:00:00,20.545
2018-09-15 21:00:00,20.456
2018-09-16 00:00:00,20.385
2018-09-16 03:00:00,20.33
2018-09-16 06:00:00,20.268
2018-09-16 09:00:00,20.062
2018-09-16 12:00:00,19.749
2018-09-16 15:00:00,19.524
2018-09-16 18:00:00,19.431
2018-09-16 21:00:00,19.375
2018-09-17 00:00:00,19.508
2018-09-17 03:00:00,19.629
2018-09-17 06:00:00,19.923
2018-09-17 09:00:00,20.158
2018-09-17 12:00:00,20.477
2018-09-17 15:00:00,20.777
2018-09-17 18:00:00,20.888
2018-09-17 21:00:00,20.895
2018-09-18 00:00:00,20.871
2018-09-18 03:00:00,20.803
2018-09-18 06:00:00,20.789
2018-09-18 09:00:00,20.677
2018-09-18 12:00:00,20.411
2018-09-18 15:00:00,20.201
2018-09-18 18:00:00,20.214
2018-09-18 21:00:00,20.325
2018-09-19 00:00:00,20.266
2018-09-19 03:00:00,20.224
2018-09-19 06:00:00,20.179
2018-09-19 09:00:00,20.004
2018-09-19 12:00:00,19.656
2018-09-19 15:00:00,19.384
2018-09-19 18:00:00,19.293
2018-09-19 21:00:00,19.237
2018-09-20 00:00:00,19.846
2018-09-20 03:00:00,20.179
2018-09-20 06:00:00,20.1
2018-09-20 09:00:00,19.933
2018-09-20 12:00:00,19.71
2018-09-20 15:00:00,19.549
2018-09-20 18:00:00,19.468
2018-09-20 21:00:00,19.422
2018-09-21 00:00:00,19.46
2018-09-21 03:00:00,19.607
2018-09-21 06:00:00,19.559
2018-09-21 09:00:00,19.438
2018-09-21 12:00:00,19.551
2018-09-21 15:00:00,19.638
2018-09-21 18:00:00,19.516
2018-09-21 21:00:00,19.487
2018-09-22 00:00:00,19.415
2018-09-22 03:00:00,19.343
2018-09-22 06:00:00,19.257
2018-09-22 09:00:00,19.115
2018-09-22 12:00:00,18.901
2018-09-22 15:00:00,18.692
2018-09-22 18:00:00,18.602
2018-09-22 21:00:00,18.554
2018-09-23 00:00:00,18.513
2018-09-23 03:00:00,18.477
2018-09-23 06:00:00,18.439
2018-09-23 09:00:00,18.319
2018-09-23 12:00:00,18.166
2018-09-23 15:00:00,18.027
2018-09-23 18:00:00,17.974
2018-09-23 21:00:00,17.951
2018-09-24 00:00:00,17.933
2018-09-24 03:00:00,17.917
2018-09-24 06:00:00,17.886
2018-09-24 09:00:00,17.786
2018-09-24 12:00:00,17.605
2018-09-24 15:00:00,17.448
2018-09-24 18:00:00,17.381
2018-09-24 21:00:00,17.346
2018-09-25 00:00:00,17.324
2018-09-25 03:00:00,17.312
2018-09-25 06:00:00,17.305
2018-09-25 09:00:00,17.22
2018-09-25 12:00:00,17.066
2018-09-25 15:00:00,16.936
2018-09-25 18:00:00,16.883
2018-09-25 21:00:00,16.858
2018-09-26 00:00:00,17.627
2018-09-26 03:00:00,18.778
2018-09-26 06:00:00,19.885
2018-09-26 09:00:00,20.835
2018-09-26 12:00:00,21.634
2018-09-26 15:00:00,22.372
2018-09-26 18:00:00,23.124
2018-09-26 21:00:00,23.814
2018-09-27 00:00:00,23.428
2018-09-27 03:00:00,23.124
2018-09-27 06:00:00,22.873
2018-09-27 09:00:00,22.608
2018-09-27 12:00:00,22.331
2018-09-27 15:00:00,22.117
2018-09-27 18:00:00,21.96
2018-09-27 21:00:00,21.825
2018-09-28 00:00:00,21.59
2018-09-28 03:00:00,21.394
2018-09-28 06:00:00,21.229
2018-09-28 09:00:00,20.995
2018-09-28 12:00:00,20.653
2018-09-28 15:00:00,20.359
2018-09-28 18:00:00,20.226
2018-09-28 21:00:00,20.161
2018-09-29 00:00:00,20.111
2018-09-29 03:00:00,20.065
2018-09-29 06:00:00,20.022
2018-09-29 09:00:00,19.885
2018-09-29 12:00:00,19.645
2018-09-29 15:00:00,19.607
2018-09-29 18:00:00,19.861
2018-09-29 21:00:00,20.123
2018-09-30 00:00:00,20.757
2018-09-30 03:00:00,20.93
2018-09-30 06:00:00,20.889
2018-09-30 09:00:00,20.797
2018-09-30 12:00:00,20.575
2018-09-30 15:00:00,20.377
2018-09-30 18:00:00,20.441
2018-09-30 21:00:00,20.532
2018-10-01 00:00:00,20.456
2018-10-01 03:00:00,20.444
2018-10-01 06:00:00,20.376
2018-10-01 09:00:00,20.272
2018-10-01 12:00:00,20.125
2018-10-01 15:00:00,19.979
2018-10-01 18:00:00,19.903
2018-10-01 21:00:00,19.845
2018-10-02 00:00:00,19.868
2018-10-02 03:00:00,19.904
2018-10-02 06:00:00,19.915
2018-10-02 09:00:00,19.822
2018-10-02 12:00:00,19.666
2018-10-02 15:00:00,19.566
2018-10-02 18:00:00,20.197
2018-10-02 21:00:00,20.579
2018-10-03 00:00:00,20.5
2018-10-03 03:00:00,20.423
2018-10-03 06:00:00,20.342
2018-10-03 09:00:00,20.225
2018-10-03 12:00:00,20.038
2018-10-03 15:00:00,19.861
2018-10-03 18:00:00,19.788
2018-10-03 21:00:00,19.746
2018-10-04 00:00:00,19.709
2018-10-04 03:00:00,19.677
2018-10-04 06:00:00,19.649
2018-10-04 09:00:00,19.584
2018-10-04 12:00:00,19.459
2018-10-04 15:00:00,19.355
2018-10-04 18:00:00,19.313
2018-10-04 21:00:00,19.277
2018-10-05 00:00:00,19.247
2018-10-05 03:00:00,19.215
2018-10-05 06:00:00,19.173
2018-10-05 09:00:00,19.08
2018-10-05 12:00:00,19.078
2018-10-05 15:00:00,19.059
2018-10-05 18:00:00,19.085
2018-10-05 21:00:00,19.115
2018-10-06 00:00:00,20.812
2018-10-06 03:00:00,20.989
2018-10-06 06:00:00,20.886
2018-10-06 09:00:00,20.888
2018-10-06 12:00:00,20.723
2018-10-06 15:00:00,20.582
2018-10-06 18:00:00,20.489
2018-10-06 21:00:00,20.411
2018-10-07 00:00:00,20.813
2018-10-07 03:00:00,22.388
2018-10-07 06:00:00,22.213
2018-10-07 09:00:00,22.044
2018-10-07 12:00:00,21.801
2018-10-07 15:00:00,21.597
2018-10-07 18:00:00,21.525
2018-10-07 21:00:00,21.465
2018-10-08 00:00:00,26.158
2018-10-08 03:00:00,26.671
2018-10-08 06:00:00,25.901
2018-10-08 09:00:00,25.184
2018-10-08 12:00:00,24.479
2018-10-08 15:00:00,24.242
2018-10-08 18:00:00,23.839
2018-10-08 21:00:00,23.785
2018-10-09 00:00:00,23.472
2018-10-09 03:00:00,23.277
2018-10-09 06:00:00,23.301
2018-10-09 09:00:00,23.092
2018-10-09 12:00:00,23.5
2018-10-09 15:00:00,23.896
2018-10-09 18:00:00,23.916
2018-10-09 21:00:00,23.715
2018-10-10 00:00:00,23.439
2018-10-10 03:00:00,23.227
2018-10-10 06:00:00,23.063
2018-10-10 09:00:00,22.837
2018-10-10 12:00:00,22.516
2018-10-10 15:00:00,22.275
2018-10-10 18:00:00,22.185
2018-10-10 21:00:00,22.106
2018-10-11 00:00:00,22.041
2018-10-11 03:00:00,21.983
2018-10-11 06:00:00,21.932
2018-10-11 09:00:00,21.819
2018-10-11 12:00:00,21.582
2018-10-11 15:00:00,21.394
2018-10-11 18:00:00,21.339
2018-10-11 21:00:00,21.314
2018-10-12 00:00:00,21.286
2018-10-12 03:00:00,21.276
2018-10-12 06:00:00,21.402
2018-10-12 09:00:00,21.445
2018-10-12 12:00:00,21.211
2018-10-12 15:00:00,21.01
2018-10-12 18:00:00,20.966
2018-10-12 21:00:00,20.95
2018-10-13 00:00:00,20.942
2018-10-13 03:00:00,20.945
2018-10-13 06:00:00,20.951
2018-10-13 09:00:00,20.909
2018-10-13 12:00:00,20.75
2018-10-13 15:00:00,20.584
2018-10-13 18:00:00,20.557
2018-10-13 21:00:00,20.549
2018-10-14 00:00:00,20.555
2018-10-14 03:00:00,20.566
2018-10-14 06:00:00,20.577
2018-10-14 09:00:00,20.509
2018-10-14 12:00:00,20.297
2018-10-14 15:00:00,20.121
2018-10-14 18:00:00,20.079
2018-10-14 21:00:00,20.069
2018-10-15 00:00:00,20.069
2018-10-15 03:00:00,20.083
2018-10-15 06:00:00,20.102
2018-10-15 09:00:00,20.053
2018-10-15 12:00:00,19.871
2018-10-15 15:00:00,19.721
2018-10-15 18:00:00,19.7
2018-10-15 21:00:00,19.695
2018-10-16 00:00:00,19.7
2018-10-16 03:00:00,19.713
2018-10-16 06:00:00,19.726
2018-10-16 09:00:00,19.704
2018-10-16 12:00:00,19.579
2018-10-16 15:00:00,19.493
2018-10-16 18:00:00,19.492
2018-10-16 21:00:00,19.504
2018-10-17 00:00:00,19.525
2018-10-17 03:00:00,19.553
2018-10-17 06:00:00,19.585
2018-10-17 09:00:00,19.566
2018-10-17 12:00:00,19.448
2018-10-17 15:00:00,19.36
2018-10-17 18:00:00,19.356
2018-10-17 21:00:00,19.349
2018-10-18 00:00:00,19.347
2018-10-18 03:00:00,19.368
2018-10-18 06:00:00,19.511
2018-10-18 09:00:00,19.621
2018-10-18 12:00:00,19.898
2018-10-18 15:00:00,19.913
2018-10-18 18:00:00,20.026
2018-10-18 21:00:00,20.14
2018-10-19 00:00:00,20.111
2018-10-19 03:00:00,20.086
2018-10-19 06:00:00,20.064
2018-10-19 09:00:00,20.028
2018-10-19 12:00:00,19.903
2018-10-19 15:00:00,19.808
2018-10-19 18:00:00,19.787
2018-10-19 21:00:00,19.768
2018-10-20 00:00:00,19.749
2018-10-20 03:00:00,19.731
2018-10-20 06:00:00,20.445
2018-10-20 09:00:00,20.899
2018-10-20 12:00:00,20.776
2018-10-20 15:00:00,20.69
2018-10-20 18:00:00,20.657
2018-10-20 21:00:00,20.617
2018-10-21 00:00:00,20.587
2018-10-21 03:00:00,20.568
2018-10-21 06:00:00,20.551
2018-10-21 09:00:00,20.488
2018-10-21 12:00:00,20.337
2018-10-21 15:00:00,20.222
2018-10-21 18:00:00,20.155
2018-10-21 21:00:00,20.101
2018-10-22 00:00:00,20.053
2018-10-22 03:00:00,20.003
2018-10-22 06:00:00,19.935
2018-10-22 09:00:00,19.818
2018-10-22 12:00:00,19.622
2018-10-22 15:00:00,19.47
2018-10-22 18:00:00,19.474
2018-10-22 21:00:00,19.517
2018-10-23 00:00:00,20.291
2018-10-23 03:00:00,22.613
2018-10-23 06:00:00,22.367
2018-10-23 09:00:00,22.19
2018-10-23 12:00:00,22.05
2018-10-23 15:00:00,22.371
2018-10-23 18:00:00,22.736
2018-10-23 21:00:00,22.602
2018-10-24 00:00:00,22.324
2018-10-24 03:00:00,22.078
2018-10-24 06:00:00,21.868
2018-10-24 09:00:00,21.635
2018-10-24 12:00:00,21.351
2018-10-24 15:00:00,21.133
2018-10-24 18:00:00,21.012
2018-10-24 21:00:00,20.929
2018-10-25 00:00:00,20.846
2018-10-25 03:00:00,20.89
2018-10-25 06:00:00,20.836
2018-10-25 09:00:00,20.742
2018-10-25 12:00:00,20.572
2018-10-25 15:00:00,20.431
2018-10-25 18:00:00,20.411
2018-10-25 21:00:00,20.413
2018-10-26 00:00:00,20.694
2018-10-26 03:00:00,22.596
2018-10-26 06:00:00,22.487
2018-10-26 09:00:00,22.437
2018-10-26 12:00:00,22.344
2018-10-26 15:00:00,22.243
2018-10-26 18:00:00,22.074
2018-10-26 21:00:00,21.919
2018-10-27 00:00:00,22.296
2018-10-27 03:00:00,22.752
2018-10-27 06:00:00,23.183
2018-10-27 09:00:00,23.503
2018-10-27 12:00:00,23.688
2018-10-27 15:00:00,23.907
2018-10-27 18:00:00,24.137
2018-10-27 21:00:00,24.362
2018-10-28 00:00:00,23.953
2018-10-28 03:00:00,23.63
2018-10-28 06:00:00,23.363
2018-10-28 09:00:00,23.102
2018-10-28 12:00:00,22.832
2018-10-28 15:00:00,22.609
2018-10-28 18:00:00,22.436
2018-10-28 21:00:00,22.292
2018-10-29 00:00:00,22.211
2018-10-29 03:00:00,22.094
2018-10-29 06:00:00,21.967
2018-10-29 09:00:00,21.817
2018-10-29 12:00:00,21.649
2018-10-29 15:00:00,21.515
2018-10-29 18:00:00,21.452
2018-10-29 21:00:00,21.363
2018-10-30 00:00:00,21.29
2018-10-30 03:00:00,21.23
2018-10-30 06:00:00,21.181
2018-10-30 09:00:00,21.191
2018-10-30 12:00:00,21.492
2018-10-30 15:00:00,23.095
2018-10-30 18:00:00,23.287
2018-10-30 21:00:00,23.262
2018-10-31 00:00:00,23.051
2018-10-31 03:00:00,22.846
2018-10-31 06:00:00,22.649
2018-10-31 09:00:00,22.458
2018-10-31 12:00:00,22.252
2018-10-31 15:00:00,22.151
2018-10-31 18:00:00,22.044
2018-10-31 21:00:00,21.95
2018-11-01 00:00:00,24.699
2018-11-01 03:00:00,25.065
2018-11-01 06:00:00,24.613
2018-11-01 09:00:00,24.518
2018-11-01 12:00:00,24.101
2018-11-01 15:00:00,23.795
2018-11-01 18:00:00,23.561
2018-11-01 21:00:00,23.365
2018-11-02 00:00:00,23.194
2018-11-02 03:00:00,23.044
2018-11-02 06:00:00,23.959
2018-11-02 09:00:00,24.195
2018-11-02 12:00:00,24.149
2018-11-02 15:00:00,24.352
2018-11-02 18:00:00,24.059
2018-11-02 21:00:00,23.804
2018-11-03 00:00:00,23.602
2018-11-03 03:00:00,23.433
2018-11-03 06:00:00,23.277
2018-11-03 09:00:00,23.099
2018-11-03 12:00:00,22.855
2018-11-03 15:00:00,22.693
2018-11-03 18:00:00,22.61
2018-11-03 21:00:00,22.541
2018-11-04 00:00:00,22.475
2018-11-04 03:00:00,22.425
2018-11-04 06:00:00,22.379
2018-11-04 09:00:00,22.32
2018-11-04 12:00:00,22.218
2018-11-04 15:00:00,22.135
2018-11-04 18:00:00,22.095
2018-11-04 21:00:00,22.045
2018-11-05 00:00:00,22.012
2018-11-05 03:00:00,21.989
2018-11-05 06:00:00,21.972
2018-11-05 09:00:00,21.941
2018-11-05 12:00:00,21.868
2018-11-05 15:00:00,21.812
2018-11-05 18:00:00,21.774
2018-11-05 21:00:00,21.746
2018-11-06 00:00:00,21.803
2018-11-06 03:00:00,21.858
2018-11-06 06:00:00,21.817
2018-11-06 09:00:00,21.761
2018-11-06 12:00:00,21.688
2018-11-06 15:00:00,21.7
2018-11-06 18:00:00,21.681
2018-11-06 21:00:00,21.665
2018-11-07 00:00:00,21.64
2018-11-07 03:00:00,21.611
2018-11-07 06:00:00,21.592
2018-11-07 09:00:00,21.564
2018-11-07 12:00:00,21.471
2018-11-07 15:00:00,21.402
2018-11-07 18:00:00,21.368
2018-11-07 21:00:00,21.343
2018-11-08 00:00:00,21.323
2018-11-08 03:00:00,21.299
2018-11-08 06:00:00,21.279
2018-11-08 09:00:00,21.255
2018-11-08 12:00:00,21.202
2018-11-08 15:00:00,21.164
2018-11-08 18:00:00,21.14
2018-11-08 21:00:00,21.123
2018-11-09 00:00:00,21.105
2018-11-09 03:00:00,21.092
2018-11-09 06:00:00,21.291
2018-11-09 09:00:00,21.515
2018-11-09 12:00:00,22.045
2018-11-09 15:00:00,22.673
2018-11-09 18:00:00,22.967
2018-11-09 21:00:00,23.441
2018-11-10 00:00:00,24.132
2018-11-10 03:00:00,24.249
2018-11-10 06:00:00,23.957
2018-11-10 09:00:00,23.695
2018-11-10 12:00:00,23.447
2018-11-10 15:00:00,23.989
2018-11-10 18:00:00,24.22
2018-11-10 21:00:00,24.124
2018-11-11 00:00:00,23.998
2018-11-11 03:00:00,23.92
2018-11-11 06:00:00,23.79
2018-11-11 09:00:00,23.569
2018-11-11 12:00:00,23.363
2018-11-11 15:00:00,23.263
2018-11-11 18:00:00,23.103
2018-11-11 21:00:00,23.09
2018-11-12 00:00:00,23.06
2018-11-12 03:00:00,23.207
2018-11-12 06:00:00,24.236
2018-11-12 09:00:00,24.149
2018-11-12 12:00:00,23.862
2018-11-12 15:00:00,23.637
2018-11-12 18:00:00,23.462
2018-11-12 21:00:00,23.314
2018-11-13 00:00:00,23.185
2018-11-13 03:00:00,23.072
2018-11-13 06:00:00,22.963
2018-11-13 09:00:00,23.759
2018-11-13 12:00:00,24.677
2018-11-13 15:00:00,24.904
2018-11-13 18:00:00,24.553
2018-11-13 21:00:00,24.372
2018-11-14 00:00:00,24.134
2018-11-14 03:00:00,23.928
2018-11-14 06:00:00,23.748
2018-11-14 09:00:00,23.575
2018-11-14 12:00:00,23.393
2018-11-14 15:00:00,23.241
2018-11-14 18:00:00,23.121
2018-11-14 21:00:00,23.017
2018-11-15 00:00:00,22.923
2018-11-15 03:00:00,22.937
2018-11-15 06:00:00,22.947
2018-11-15 09:00:00,22.956
2018-11-15 12:00:00,22.839
2018-11-15 15:00:00,22.821
2018-11-15 18:00:00,22.772
2018-11-15 21:00:00,22.737
2018-11-16 00:00:00,22.709
2018-11-16 03:00:00,22.667
2018-11-16 06:00:00,22.619
2018-11-16 09:00:00,22.565
2018-11-16 12:00:00,22.455
2018-11-16 15:00:00,22.376
2018-11-16 18:00:00,22.345
2018-11-16 21:00:00,22.328
2018-11-17 00:00:00,22.308
2018-11-17 03:00:00,22.274
2018-11-17 06:00:00,22.237
2018-11-17 09:00:00,22.192
2018-11-17 12:00:00,22.126
2018-11-17 15:00:00,22.064
2018-11-17 18:00:00,22.012
2018-11-17 21:00:00,21.967
2018-11-18 00:00:00,21.922
2018-11-18 03:00:00,21.888
2018-11-18 06:00:00,21.843
2018-11-18 09:00:00,21.781
2018-11-18 12:00:00,21.691
2018-11-18 15:00:00,21.607
2018-11-18 18:00:00,21.533
2018-11-18 21:00:00,21.466
2018-11-19 00:00:00,21.402
2018-11-19 03:00:00,21.346
2018-11-19 06:00:00,21.298
2018-11-19 09:00:00,21.241
2018-11-19 12:00:00,21.156
2018-11-19 15:00:00,21.095
2018-11-19 18:00:00,21.065
2018-11-19 21:00:00,21.045
2018-11-20 00:00:00,21.031
2018-11-20 03:00:00,21.03
2018-11-20 06:00:00,21.032
2018-11-20 09:00:00,21.022
2018-11-20 12:00:00,20.964
2018-11-20 15:00:00,20.926
2018-11-20 18:00:00,20.902
2018-11-20 21:00:00,20.867
2018-11-21 00:00:00,20.839
2018-11-21 03:00:00,20.818
2018-11-21 06:00:00,20.796
2018-11-21 09:00:00,20.763
2018-11-21 12:00:00,20.71
2018-11-21 15:00:00,20.675
2018-11-21 18:00:00,20.667
2018-11-21 21:00:00,20.664
2018-11-22 00:00:00,20.662
2018-11-22 03:00:00,20.66
2018-11-22 06:00:00,20.658
2018-11-22 09:00:00,20.655
2018-11-22 12:00:00,20.632
2018-11-22 15:00:00,20.613
2018-11-22 18:00:00,20.612
2018-11-22 21:00:00,20.611
2018-11-23 00:00:00,20.61
2018-11-23 03:00:00,20.609
2018-11-23 06:00:00,20.605
2018-11-23 09:00:00,20.599
2018-11-23 12:00:00,20.573
2018-11-23 15:00:00,20.565
2018-11-23 18:00:00,20.564
2018-11-23 21:00:00,20.563
2018-11-24 00:00:00,20.56
2018-11-24 03:00:00,20.709
2018-11-24 06:00:00,20.708
2018-11-24 09:00:00,20.698
2018-11-24 12:00:00,20.707
2018-11-24 15:00:00,20.68
2018-11-24 18:00:00,20.663
2018-11-24 21:00:00,20.66
2018-11-25 00:00:00,20.66
2018-11-25 03:00:00,20.658
2018-11-25 06:00:00,20.649
2018-11-25 09:00:00,20.634
2018-11-25 12:00:00,20.611
2018-11-25 15:00:00,20.601
2018-11-25 18:00:00,20.595
2018-11-25 21:00:00,20.581
2018-11-26 00:00:00,20.568
2018-11-26 03:00:00,20.562
2018-11-26 06:00:00,20.56
2018-11-26 09:00:00,20.551
2018-11-26 12:00:00,20.513
2018-11-26 15:00:00,20.5
2018-11-26 18:00:00,20.5
2018-11-26 21:00:00,20.499
2018-11-27 00:00:00,20.496
2018-11-27 03:00:00,20.491
2018-11-27 06:00:00,20.487
2018-11-27 09:00:00,20.479
2018-11-27 12:00:00,20.438
2018-11-27 15:00:00,20.417
2018-11-27 18:00:00,20.416
2018-11-27 21:00:00,20.415
2018-11-28 00:00:00,20.415
2018-11-28 03:00:00,20.415
2018-11-28 06:00:00,20.415
2018-11-28 09:00:00,20.415
2018-11-28 12:00:00,20.414
2018-11-28 15:00:00,20.414
2018-11-28 18:00:00,20.414
2018-11-28 21:00:00,20.4
2018-11-29 00:00:00,20.42
2018-11-29 03:00:00,20.679
2018-11-29 06:00:00,20.982
2018-11-29 09:00:00,21.094
2018-11-29 12:00:00,20.996
2018-11-29 15:00:00,20.907
2018-11-29 18:00:00,20.831
2018-11-29 21:00:00,20.762
2018-11-30 00:00:00,22.039
2018-11-30 03:00:00,26.22
2018-11-30 06:00:00,26.041
2018-11-30 09:00:00,25.996
2018-11-30 12:00:00,25.838
2018-11-30 15:00:00,25.7
2018-11-30 18:00:00,26.502
2018-11-30 21:00:00,26.339
2018-12-01 00:00:00,26.998
2018-12-01 03:00:00,27.631
2018-12-01 06:00:00,28.204
2018-12-01 09:00:00,28.718
2018-12-01 12:00:00,29.152
2018-12-01 15:00:00,29.554
2018-12-01 18:00:00,29.91
2018-12-01 21:00:00,30.208
2018-12-02 00:00:00,29.652
2018-12-02 03:00:00,29.23
2018-12-02 06:00:00,28.856
2018-12-02 09:00:00,28.538
2018-12-02 12:00:00,28.175
2018-12-02 15:00:00,27.757
2018-12-02 18:00:00,27.286
2018-12-02 21:00:00,26.567
2018-12-03 00:00:00,26.397
2018-12-03 03:00:00,26.127
2018-12-03 06:00:00,26.402
2018-12-03 09:00:00,26.475
2018-12-03 12:00:00,26.014
2018-12-03 15:00:00,25.659
2018-12-03 18:00:00,25.568
2018-12-03 21:00:00,25.33
2018-12-04 00:00:00,25.152
2018-12-04 03:00:00,24.953
2018-12-04 06:00:00,24.747
2018-12-04 09:00:00,24.539
2018-12-04 12:00:00,24.309
2018-12-04 15:00:00,24.138
2018-12-04 18:00:00,23.985
2018-12-04 21:00:00,23.834
2018-12-05 00:00:00,23.69
2018-12-05 03:00:00,23.577
2018-12-05 06:00:00,23.499
2018-12-05 09:00:00,23.42
2018-12-05 12:00:00,23.305
2018-12-05 15:00:00,23.26
2018-12-05 18:00:00,23.25
2018-12-05 21:00:00,23.234
2018-12-06 00:00:00,23.237
2018-12-06 03:00:00,23.231
2018-12-06 06:00:00,23.227
2018-12-06 09:00:00,23.213
2018-12-06 12:00:00,23.177
2018-12-06 15:00:00,23.15
2018-12-06 18:00:00,23.115
2018-12-06 21:00:00,23.074
2018-12-07 00:00:00,23.041
2018-12-07 03:00:00,23.259
2018-12-07 06:00:00,23.724
2018-12-07 09:00:00,24.06
2018-12-07 12:00:00,24.4
2018-12-07 15:00:00,24.812
2018-12-07 18:00:00,24.96
2018-12-07 21:00:00,25.2
2018-12-08 00:00:00,26.219
2018-12-08 03:00:00,26.728
2018-12-08 06:00:00,27.775
2018-12-08 09:00:00,27.938
2018-12-08 12:00:00,26.938
2018-12-08 15:00:00,26.318
2018-12-08 18:00:00,26.244
2018-12-08 21:00:00,25.869
2018-12-09 00:00:00,25.528
2018-12-09 03:00:00,25.237
2018-12-09 06:00:00,24.992
2018-12-09 09:00:00,24.803
2018-12-09 12:00:00,24.639
2018-12-09 15:00:00,24.512
2018-12-09 18:00:00,24.425
2018-12-09 21:00:00,24.331
2018-12-10 00:00:00,24.197
2018-12-10 03:00:00,24.082
2018-12-10 06:00:00,24.025
2018-12-10 09:00:00,23.982
2018-12-10 12:00:00,23.888
2018-12-10 15:00:00,23.831
2018-12-10 18:00:00,23.797
2018-12-10 21:00:00,23.771
2018-12-11 00:00:00,23.73
2018-12-11 03:00:00,23.694
2018-12-11 06:00:00,23.664
2018-12-11 09:00:00,23.629
2018-12-11 12:00:00,23.57
2018-12-11 15:00:00,23.513
2018-12-11 18:00:00,23.451
2018-12-11 21:00:00,23.392
2018-12-12 00:00:00,23.353
2018-12-12 03:00:00,23.319
2018-12-12 06:00:00,23.273
2018-12-12 09:00:00,23.213
2018-12-12 12:00:00,23.139
2018-12-12 15:00:00,23.086
2018-12-12 18:00:00,23.044
2018-12-12 21:00:00,23.005
2018-12-13 00:00:00,22.969
2018-12-13 03:00:00,22.932
2018-12-13 06:00:00,22.892
2018-12-13 09:00:00,22.838
2018-12-13 12:00:00,22.766
2018-12-13 15:00:00,22.718
2018-12-13 18:00:00,22.683
2018-12-13 21:00:00,22.647
2018-12-14 00:00:00,22.624
2018-12-14 03:00:00,22.606
2018-12-14 06:00:00,22.571
2018-12-14 09:00:00,22.522
2018-12-14 12:00:00,22.452
2018-12-14 15:00:00,22.395
2018-12-14 18:00:00,22.364
2018-12-14 21:00:00,22.341
2018-12-15 00:00:00,22.319
2018-12-15 03:00:00,22.298
2018-12-15 06:00:00,22.266
2018-12-15 09:00:00,22.231
2018-12-15 12:00:00,22.183
2018-12-15 15:00:00,22.142
2018-12-15 18:00:00,22.116
2018-12-15 21:00:00,22.094
2018-12-16 00:00:00,22.073
2018-12-16 03:00:00,22.256
2018-12-16 06:00:00,23.904
2018-12-16 09:00:00,25.488
2018-12-16 12:00:00,25.037
2018-12-16 15:00:00,24.692
2018-12-16 18:00:00,24.611
2018-12-16 21:00:00,24.561
2018-12-17 00:00:00,24.382
2018-12-17 03:00:00,24.342
2018-12-17 06:00:00,24.311
2018-12-17 09:00:00,24.282
2018-12-17 12:00:00,24.245
2018-12-17 15:00:00,24.221
2018-12-17 18:00:00,24.202
2018-12-17 21:00:00,24.181
2018-12-18 00:00:00,24.156
2018-12-18 03:00:00,24.132
2018-12-18 06:00:00,24.108
2018-12-18 09:00:00,24.086
2018-12-18 12:00:00,24.061
2018-12-18 15:00:00,24.042
2018-12-18 18:00:00,24.031
2018-12-18 21:00:00,24.028
2018-12-19 00:00:00,24.028
2018-12-19 03:00:00,24.026
2018-12-19 06:00:00,24.026
2018-12-19 09:00:00,24.148
2018-12-19 12:00:00,24.249
2018-12-19 15:00:00,25.249
2018-12-19 18:00:00,25.271
2018-12-19 21:00:00,25.256
2018-12-20 00:00:00,25.233
2018-12-20 03:00:00,25.208
2018-12-20 06:00:00,25.179
2018-12-20 09:00:00,25.146
2018-12-20 12:00:00,25.094
2018-12-20 15:00:00,25.03
2018-12-20 18:00:00,27.493
2018-12-20 21:00:00,32.742
2018-12-21 00:00:00,31.496
2018-12-21 03:00:00,30.744
2018-12-21 06:00:00,30.072
2018-12-21 09:00:00,29.597
2018-12-21 12:00:00,29.192
2018-12-21 15:00:00,28.865
2018-12-21 18:00:00,28.614
2018-12-21 21:00:00,28.429
2018-12-22 00:00:00,28.283
2018-12-22 03:00:00,28.174
2018-12-22 06:00:00,28.089
2018-12-22 09:00:00,28.007
2018-12-22 12:00:00,27.92
2018-12-22 15:00:00,27.849
2018-12-22 18:00:00,27.791
2018-12-22 21:00:00,27.741
2018-12-23 00:00:00,27.695
2018-12-23 03:00:00,27.655
2018-12-23 06:00:00,27.616
2018-12-23 09:00:00,27.582
2018-12-23 12:00:00,27.538
2018-12-23 15:00:00,27.5
2018-12-23 18:00:00,27.463
2018-12-23 21:00:00,27.426
2018-12-24 00:00:00,27.396
2018-12-24 03:00:00,27.369
2018-12-24 06:00:00,27.34
2018-12-24 09:00:00,27.297
2018-12-24 12:00:00,27.239
2018-12-24 15:00:00,27.203
2018-12-24 18:00:00,27.175
2018-12-24 21:00:00,27.156
2018-12-25 00:00:00,27.154
2018-12-25 03:00:00,27.152
2018-12-25 06:00:00,28.254
2018-12-25 09:00:00,29.479
2018-12-25 12:00:00,29.867
2018-12-25 15:00:00,31.032
2018-12-25 18:00:00,31.107
2018-12-25 21:00:00,31.165
2018-12-26 00:00:00,31.146
2018-12-26 03:00:00,31.154
2018-12-26 06:00:00,31.158
2018-12-26 09:00:00,31.14
2018-12-26 12:00:00,31.086
2018-12-26 15:00:00,31.0
2018-12-26 18:00:00,30.965
2018-12-26 21:00:00,31.005
2018-12-27 00:00:00,31.572
2018-12-27 03:00:00,31.993
2018-12-27 06:00:00,32.528
2018-12-27 09:00:00,32.181
2018-12-27 12:00:00,31.179
2018-12-27 15:00:00,30.414
2018-12-27 18:00:00,30.174
2018-12-27 21:00:00,29.643
2018-12-28 00:00:00,29.208
2018-12-28 03:00:00,28.836
2018-12-28 06:00:00,28.584
2018-12-28 09:00:00,28.461
2018-12-28 12:00:00,28.348
2018-12-28 15:00:00,28.248
2018-12-28 18:00:00,28.196
2018-12-28 21:00:00,28.174
2018-12-29 00:00:00,28.166
2018-12-29 03:00:00,28.163
2018-12-29 06:00:00,28.161
2018-12-29 09:00:00,28.16
2018-12-29 12:00:00,28.171
2018-12-29 15:00:00,28.171
2018-12-29 18:00:00,28.164
2018-12-29 21:00:00,28.157
2018-12-30 00:00:00,29.888
2018-12-30 03:00:00,31.754
2018-12-30 06:00:00,31.962
2018-12-30 09:00:00,31.956
2018-12-30 12:00:00,32.027
2018-12-30 15:00:00,31.759
2018-12-30 18:00:00,31.634
2018-12-30 21:00:00,31.412
2018-12-31 00:00:00,31.249
2018-12-31 03:00:00,31.139
2018-12-31 06:00:00,31.066
2018-12-31 09:00:00,31.021
2018-12-31 12:00:00,30.947
2018-12-31 15:00:00,31.095
2018-12-31 18:00:00,31.562
2018-12-31 21:00:00,32.153
