metrics/grid_rasters/SMOS-BEC/grideval_SMOS-BEC_X_fall_2018_absolute_bias.asc
ncols 52
nrows 55
xllcorner     11.25
yllcorner     55.25
cellsize      0.25
NODATA_value  -9999
[rows 0 to 27 of 55, columns 0 to 51 of 52]
-9999 -9999 -9999 -9999 -9999 -9999 -9999 -9999 -9999 -9999 -9999 -9999 -9999 -9999 -9999 -9999 -9999 -9999 -9999 -9999 -9999 -9999 -9999 -9999 -9999 -9999 -9999 -9999 -9999 -9999 -9999 -9999 -9999 -9999 -9999 -9999 -9999 -9999 -9999 -9999 -9999 -9999 -9999 -9999 -9999 -9999 -9999 -9999 -9999 -9999 -9999 -9999
-9999 -9999 -9999 -9999 -9999 -9999 -9999 -9999 -9999 -9999 -9999 -9999 -9999 -9999 -9999 -9999 -9999 -9999 -9999 -9999 -9999 -9999 -9999 -9999 -9999 -9999 -9999 -9999 -9999 -9999 -9999 -9999 -9999 -9999 -9999 -9999 0.16079135894775393 0.13405207118817736 0.12058275425806643 0.10803380531483683 0.03558556189139686 0.05436850170935354 -9999 -9999 -9999 -9999 -9999 -9999 -9999 -9999 -9999 -9999
-9999 -9999 -9999 -9999 -9999 -9999 -9999 -9999 -9999 -9999 -9999 -9999 -9999 -9999 -9999 -9999 -9999 -9999 -9999 -9999 -9999 -9999 -9999 -9999 -9999 -9999 -9999 0.14750121987384301 0.07803555545599566 0.07377008497714996 0.07343425780534746 0.0991581505537033 0.08552829525433481 0.09995024104136974 -9999 0.07872231772967744 0.10565353160904303 0.12043935317417673 0.0690068625845015 0.032554219876016886 0.03489633863791822 0.01770903049288572 0.01125217651998675 0.0033602216526081585 -0.00399930139140381 -0.010966960795041948 -9999 -9999 -9999 -9999 -9999 -9999
-9999 -9999 -9999 -9999 -9999 -9999 -9999 -9999 -9999 -9999 -9999 -9999 -9999 -9999 -9999 -9999 -9999 -9999 -9999 -9999 -9999 -9999 -9999 -9999 -9999 -9999 -9999 0.11478803577748208 0.15221698108044535 0.10768301784992218 0.15113497915722074 0.16680067688226702 0.10278702983933108 0.059336782847013776 0.037848742384659656 0.015584149803870769 0.0329067409038544 0.0448015796450468 0.0343504156385149 0.01680615785959605 0.033041603774541906 0.009161672067074578 -0.011015381391455524 -0.018267895467579343 -0.01797491166649795 -0.00770675701399648 -0.026914501086223952 -0.03349410369992256 -9999 -9999 -9999 -9999
-9999 -9999 -9999 -9999 -9999 -9999 -9999 -9999 -9999 -9999 -9999 -9999 -9999 -9999 -9999 -9999 -9999 -9999 -9999 -9999 -9999 -9999 0.09270165183327417 0.10020424879115558 0.11448016424070705 0.08850003454996191 0.12856576998125424 0.12155227477733906 0.13541605997653236 0.15676659780244034 0.16125792145729065 0.10764151769024984 0.10109314629260233 0.03518101895177686 0.036862879207259724 0.028753296304971757 0.015307710911983132 0.009912319108843798 -0.005872163549065612 -0.011418860937867814 -0.008989296498752741 -0.031220720257869983 -0.08126004421433737 -0.0895457018253415 -0.0440228773487939 -0.02506609062353771 -0.036238750612193886 -0.02354999428445648 -0.01608293469656596 -9999 -9999 -9999
-9999 -9999 -9999 -9999 -9999 -9999 -9999 -9999 -9999 -9999 -9999 -9999 -9999 -9999 -9999 -9999 -9999 -9999 -9999 -9999 -9999 0.09136225621808663 0.09001433578404516 0.10684024678035214 0.10899283766746526 0.10943153758461656 0.1219997491687536 0.13264721632003784 0.15416951498814993 0.16396569267467215 0.13084428587130134 0.07189559211602081 0.06290449322880927 0.010874155002671304 0.015216741514833347 0.019479268636458963 0.01106742896684787 -0.013746361906935513 -0.021396046731530168 -0.038354964154522615 -0.017120076473369158 -0.037828360238800866 -0.05914220764585165 -0.08866671076480376 -0.1003185088435809 -0.057072984094315375 -0.03946895864994626 -0.01616787645551898 -0.012722168697251237 -9999 -9999 -9999
-9999 -9999 -9999 -9999 -9999 -9999 -9999 -9999 -9999 -9999 -9999 -9999 -9999 -9999 -9999 -9999 -9999 -9999 -9999 -9999 -9999 -9999 0.10491050841907662 0.11531562209129335 -9999 0.13434723821970132 0.14562260875335106 0.14249007155497867 0.16310267647107446 0.12238293596439888 0.08527156514556786 0.01951882321583595 0.003104909078071039 -0.008201373642996723 -0.000963394458477318 0.01204097786775002 -0.018970461227954986 -0.015966062620282162 -0.0492830462753773 -0.03604410734118485 -0.04550539538627718 -0.05150021815841849 -0.029209987300893525 -0.095941443709617 -0.0759585574269295 -0.07865901323074989 -0.06145442730706671 -0.05383113917449245 -0.02187288734647963 0.012106038133303326 -9999 -9999
-9999 -9999 -9999 -9999 -9999 -9999 -9999 -9999 -9999 -9999 -9999 -9999 -9999 -9999 -9999 -9999 -9999 -9999 -9999 -9999 -9999 0.12527441061460054 0.12179687160712023 0.12561213089661166 0.1189399717942528 0.1286276630733324 0.12279867070416613 0.047893138229846983 0.027894024840659587 0.04044536777905056 0.0804919735011127 0.006070769146869104 -0.028211653232574463 -0.017805418797901706 -0.02777184322476389 -0.0290010460676291 -0.048818413540720966 -0.06979500956651641 -0.07421184240317928 -0.03809144365233047 -0.028137457656099433 -0.015923748942131666 -0.004103698629014024 -0.038926562604804836 -0.054766098658243806 -0.05579470936208966 -0.051443575260539866 -0.03294762823244801 -0.006595597966857575 -9999 -9999 -9999
-9999 -9999 -9999 -9999 -9999 -9999 -9999 -9999 -9999 -9999 -9999 -9999 -9999 -9999 -9999 -9999 -9999 -9999 -9999 0.09661529155877924 0.11467993011077245 0.13295775175094604 0.10603539219924384 0.1048094823404595 0.08987562014506417 0.006320819650825704 -0.00606453754007813 -0.017446029186248768 -0.006706080967333272 -0.022143864560694948 -0.044491335040047035 -0.04352915396050705 -0.04306853312726428 -0.06913656377937735 -0.042187374617372216 -0.07699970137782214 -0.08735086387250482 -0.10755974781222458 -0.09532534167533964 -0.05279459939761594 -0.04180709256426149 -0.0022497070687157728 -0.0017776291589347848 -0.006705066189169885 0.0014889246473709927 -0.019545651351412147 -0.015522786416113347 0.012675524405811156 0.021401076051204115 0.025615244455959474 0.03580551180574629 -9999
-9999 -9999 -9999 -9999 -9999 -9999 -9999 -9999 -9999 -9999 -9999 -9999 -9999 -9999 -9999 -9999 -9999 -9999 0.11760703312314075 0.1251875494535153 0.12859771616997254 0.10253205838111727 0.0046418373649184655 -0.02720195854582436 -0.008229169041611417 -0.007571312288443266 -0.031710039551665126 -0.029604415223002386 -0.017191761661143556 -0.05210566449733006 -0.06683039151959946 -0.0737771446054632 -0.051106607922437534 -0.06598614755532017 -0.06453069461428597 -0.06840377615557773 -0.07582258052296112 -0.06831141302119129 -0.05603764475660122 -0.044893716502448805 -0.03379757281230844 -0.017761710948414302 -0.0131373523424069 -0.007839874625205995 -0.00807993174815666 -0.01986426692836141 -0.015941759761498864 -0.006160568683705432 0.004654302545215788 0.0071094787639120185 0.017021201388991408 -9999
-9999 -9999 -9999 -9999 -9999 -9999 -9999 -9999 -9999 -9999 -9999 -9999 -9999 -9999 -9999 -9999 -9999 0.1143308756026355 0.12701113792982965 0.057724471092224124 -0.005048815563723885 -0.02377646943417988 -0.018390532582998283 -0.031084955069753895 -0.03620476117159455 -0.04291542801592085 -0.052479998601807465 -0.051455533173349166 -0.04394446507744165 -0.05445394729790482 -0.0930142491016277 -0.10990831567797547 -0.07359788900034298 -0.059355618887477424 -0.0633494171831343 -0.054224491443323086 -0.03249159233367188 -0.02536364365369081 -0.013408271025638184 -0.030238761281480588 -0.0226665751970544 -0.017552047073841087 -0.02079077096035084 -0.024507173957924042 -0.013945636700610692 -0.03456640912561998 -0.040908056558394884 -0.025508052048583838 -0.026595000098360355 -0.028252712431106188 -9999 -9999
-9999 -9999 -9999 -9999 -9999 -9999 -9999 -9999 -9999 -9999 -9999 -9999 -9999 0.06960035860538483 0.09472694993019104 0.1074440817941319 0.10911301455714484 0.12794465020946838 0.14857650412754578 0.11985955206733763 0.05467297513747499 0.02496088785784589 -0.014802626513815254 -0.03635284207437345 -0.05293927683184546 -0.058714539433519015 -0.08427949186335218 -0.06662279173083924 -0.06052723577754065 -0.06261542731005215 -0.07548637947310571 -0.09023465021796848 -0.07393540838297374 -0.04882150064123439 -0.05022850442439955 -0.053231395133163606 -0.028219416737556482 -0.008372218563006463 -0.00045823112682058515 -0.00319040014787958 0.009223265430101962 -0.024730246961116756 -0.013197116851806634 -0.033764483630657205 -0.02221638785333049 -0.030549263163488768 -0.03647914468025673 -0.0241673181368848 -0.02436032669341312 -0.019562852985047258 -0.001201438301421276 -9999
-9999 -9999 -9999 -9999 -9999 -9999 -9999 -9999 -9999 -9999 -9999 -9999 -9999 0.09214330712954204 0.09806785732507706 0.03884213079105725 -0.0017751028591936335 -0.021948721259832386 -0.004962853514231147 0.0540786890143698 -0.014562209678250669 -0.020576472746001384 -0.039533399542172776 -0.047830512828153086 -0.05278341844677925 -0.07387326721181264 -0.08697136507389391 -0.07724234477636666 -0.07605945236153072 -0.05873614582030667 -0.05422414607471887 -0.07271086725782844 -0.061569547082515476 -0.04513527611468704 -0.027457979042083025 -0.008304198980331412 -0.0003951372435459788 0.0021772930082285262 -0.00016664390294057752 0.002856163816018553 -0.0130404494702816 -0.02730206356329079 -0.03529122352600095 -0.04026649743318558 -0.03241840775670676 -0.042037199042281335 -0.030148053807871663 -0.01855305806649002 -0.02563335575784248 -0.017565210863035585 -0.000839690544775562 -9999
-9999 -9999 -9999 -9999 -9999 -9999 -9999 -9999 -9999 -9999 -9999 -9999 -9999 0.09486644428509933 0.010526795799915613 0.004574522376060486 -0.00933468319249875 -0.043587085119513584 -0.022942361203913963 -0.030021935370233288 -0.05014061695999572 -0.050143042869038035 -0.027690257150122025 -0.02796836137771608 -0.0580836802112813 -0.08334055801435393 -0.08724970789626241 -0.10080583819321223 -0.07667719528955569 -0.08230027750782343 -0.08042971951806027 -0.07836786347130932 -0.058973326968650035 -0.042630549830695 -0.056493267734000034 -0.05074867233633998 -0.005795497160691471 -0.0070487412539395325 0.010985673911738795 0.002658268809318548 -0.002177530500505648 -0.0187050794009809 -0.0385064736008644 0.05315916240215302 -9999 -9999 -9999 -9999 -9999 -9999 -9999 -9999
-9999 -9999 -9999 -9999 -9999 -9999 -9999 -9999 -9999 -9999 -9999 -9999 -9999 0.034985847093842226 0.02137764811515808 0.028222637107739063 -0.042231108405088084 -0.017002166756852122 -0.015730090756365608 -0.027801000177860247 -0.0506630482114091 -0.06275000620861443 -0.03998085049291456 -0.04900075890580002 -0.05149705141782762 -0.07738962662048066 -0.09693239614367484 -0.09918178937264853 -0.08297481977691254 -0.07044650924702484 -0.0710287525629004 -0.07075107935816048 -0.0586248388949861 -0.06396246019830099 -0.06675751289973655 -0.03455271540830532 -0.010265116989612577 -0.002326664216113522 0.004161357081362199 0.011064735640372551 0.002163858576254424 -9999 -9999 -9999 -9999 -9999 -9999 -9999 -9999 -9999 -9999 -9999
-9999 -9999 -9999 -9999 -9999 -9999 -9999 -9999 -9999 -9999 -9999 -9999 0.11990154128183025 0.05676601567993991 0.040530786514282234 -0.005762461234222749 0.02238328167452264 -0.0009902219506019994 -0.01802222673990289 0.001748280003666891 -0.01602806910299337 -0.041469017664591434 -0.031524956226348884 -0.025781692454108496 -0.040495364874039035 -0.0463314065533989 -0.06903850680047817 -0.06996901147067544 -0.06283476358314732 -0.061827854490747625 -0.0675486758643506 -0.04942369709412256 -0.05399752056823584 -0.06112901398948595 -0.04562450179232741 -0.03627158847509643 -0.015070291856924713 -0.0008576788284160307 0.0017213692719286187 -0.0012863877144726756 0.004439516091033047 -9999 -9999 -9999 -9999 -9999 -9999 -9999 -9999 -9999 -9999 -9999
-9999 -9999 -9999 -9999 -9999 -9999 -9999 -9999 -9999 -9999 -9999 0.019724112957022918 0.05004819274641748 0.05372829424838227 0.05015561458739365 0.02634252111117044 -0.0036236373491065343 -0.00846046310934151 -0.010753890872001626 -0.0053644791807768155 0.0005750133207551023 0.006376208364963526 -0.013109662703105374 -0.018949827369378502 -0.01812890478793311 -0.020263430205258448 -0.042746680216831034 -0.05333399068978098 -0.04790179569412159 -0.04228535253893245 -0.05298650698228313 -0.04407034556453046 -0.0372800678014755 -0.03477435969576545 -0.03618431344347178 -0.03445220124303247 -0.016979412028664043 -0.0245369995633761 -0.017414512819257266 -0.018830699396544498 -9999 -9999 -9999 -9999 -9999 -9999 -9999 -9999 -9999 -9999 -9999 -9999
-9999 -9999 -9999 -9999 -9999 -9999 -9999 -9999 -9999 -9999 0.02469043412970168 0.04283384555442768 0.016434245768028318 0.004831233549685732 0.0055190847876171465 -0.0026046967506408447 -0.00842010751366612 -0.010654567629098943 0.0073421965890492205 0.017396662957393172 0.005220913328230381 0.013655204858098735 -0.014814668231540262 -0.018590085646685458 -0.008333905070435743 0.01610956508286146 0.0059580275958234785 -0.023171966826474242 -0.021589316834102982 -0.026786263705345648 -0.044981458063783314 -0.03091653423351151 -0.03171375606741225 -0.04827009521278683 -0.03341546735980297 -0.03508366972713145 -0.03247968473676907 -0.026132065926988884 -0.02408271548101457 -9999 -9999 -9999 -9999 -9999 -9999 -9999 -9999 -9999 -9999 -9999 -9999 -9999
-9999 -9999 -9999 -9999 -9999 -9999 -9999 -9999 -9999 -9999 -9999 -9999 0.09251561015844342 0.014186318342884363 0.024171103365146215 -0.0044551588156644395 -0.018968872439402814 -0.020062919992667017 -0.011361599971468628 -0.0054105897075855105 0.000953676799933134 0.009770767970217614 -0.00048820784798375705 -0.021184170583509018 -0.024064784726271243 -0.0021965998411178638 0.006720460805238471 0.01326375424253698 0.005893284419797501 -0.012629680074097843 -0.013692054440055 -0.02461366974196189 -0.01742981258651305 -0.03171208911928638 -0.03585735911672766 -0.028411580515759344 -0.016904435409554136 -0.02039987271030744 -0.03205583345586974 -0.02688086084250746 -9999 -9999 -9999 -9999 -9999 -9999 -9999 -9999 -9999 -9999 -9999 -9999
-9999 -9999 -9999 -9999 -9999 -9999 -9999 -9999 -9999 -9999 -9999 0.12711214515915578 0.05317177375157675 0.06881716549396512 0.023495432062476257 0.018535906374454486 -0.002504287744468148 -0.028129287741401 0.0076915281925998 -0.01902447627591236 -0.009593962595380591 0.012752801312931937 -0.021469913553773312 -0.03185886484489103 -0.026030051995787732 -0.012166067130035846 0.009164984811816296 0.008222834833643666 0.01626893573186614 0.005026136658021374 -0.005005682297682361 0.001998683532415807 -0.00846519712674415 -0.020684129372239124 -0.01792742535471914 -0.015938431521256763 -0.021338904181779444 -0.03625243965346933 -0.023776411389311164 -9999 -9999 -9999 -9999 -9999 -9999 -9999 -9999 -9999 -9999 -9999 -9999 -9999
-9999 -9999 -9999 -9999 -9999 -9999 0.0626364557279481 0.10300920982109874 0.14829827358739242 0.17450768690005966 0.16430253697478253 0.06664368851070708 0.04827439097257763 0.030697085679723683 0.016182633222274034 0.011544262550093887 -0.002228544425156187 -0.025018330534984368 -0.043122985645344385 -0.045070615384662366 -0.02919937897536712 -0.0064772779153565154 -0.03383191834603036 -0.02746022610287921 -0.025296714285324345 -0.015733961473431483 0.004113520894731798 0.011867252917125315 -7.927032380283805e-06 -0.002968672149140261 -0.00453117055197555 0.003795306457847841 -0.01037661321461203 -0.017196347652855576 -0.012876176227957531 0.03853300213813782 0.03809196501970291 -9999 -9999 -9999 -9999 -9999 -9999 -9999 -9999 -9999 -9999 -9999 -9999 -9999 -9999 -9999
-9999 -9999 -9999 -9999 -9999 -9999 0.17398168167306316 0.0907320719852578 0.07870096664713774 0.09255557598508136 0.07536204934728391 0.05172876175493005 0.027462506873740102 0.02706108945158292 0.018167818861979046 0.004115789614874743 0.003200058514873177 -0.0254005531469981 -0.02471151674787203 -0.012184201571785071 -0.015614762780119168 -0.009395716009569954 -0.009632808677220772 -0.02259318795749696 -0.013006765458543457 -0.002021760114880866 0.0037430148691900414 -0.0033301940808693753 -0.008516401052474977 -0.01793001989523571 -0.011596175735114041 -0.016742418413279475 -0.024019155899683647 -0.041414428186618696 -0.04087896935515484 -9999 -9999 -9999 -9999 -9999 -9999 -9999 -9999 -9999 -9999 -9999 -9999 -9999 -9999 -9999 -9999 -9999
-9999 -9999 -9999 0.14075245640494607 -9999 -9999 -9999 0.11583875427022575 0.08995955284270972 0.11436780838637935 0.08308651529252531 0.07907676346161785 0.04225933752380887 -0.006582945022942904 -0.010699803354563523 -0.013275988269270513 -0.01946229499871616 -0.02931490882498317 -0.0006523892536001719 0.0002466191427182296 -0.006581268723933914 -0.0024889915204439057 -0.004957319051027281 -0.019021269249714038 -0.021359699681915062 -0.02320973789792952 -0.02349017404260173 -0.04261669276222105 -0.06393031214104325 -0.05407800088668693 -0.04659312715133029 -9999 -9999 -9999 -9999 -9999 -9999 -9999 -9999 -9999 -9999 -9999 -9999 -9999 -9999 -9999 -9999 -9999 -9999 -9999 -9999 -9999
-9999 -9999 -9999 0.15390093727358456 0.15776391780894733 -9999 -9999 0.1469089195487045 0.1920027361975776 0.11180813346679014 0.09720133370434753 0.07456093601882458 0.04835203679447822 -0.013644214380871156 -0.032188326368729266 -0.01943763441616489 -0.03465314795736407 -0.01951161945859589 0.014618471264839172 0.013687063369058809 0.02005811365412885 0.006248967902314273 -0.007234550652004069 -0.014800667518475032 -0.010242575458411507 -0.037183286458776686 -0.05913802211062383 -0.05293842330574988 -0.07021896879781375 -9999 -9999 -9999 -9999 -9999 -9999 -9999 -9999 -9999 -9999 -9999 -9999 -9999 -9999 -9999 -9999 -9999 -9999 -9999 -9999 -9999 -9999 -9999
-9999 -9999 -9999 0.15117367088794711 0.1719699747139408 -9999 -9999 0.12162289850232078 0.11570220715973685 0.11566500449363065 0.10661707829912097 0.07610706910490989 0.02390959569149548 -0.00045431698007245 -0.030292047311862306 -0.031117686238445182 -0.028986541494246426 -0.041950078511779926 -0.028999003431489395 -0.017684331252461383 -0.0185385505037923 -0.029751839176301063 -0.03620573707291338 -0.034406378865241984 -0.04065483631724018 -0.0599626982111042 -0.0485081084604774 -0.09230068805075042 -9999 -9999 -9999 -9999 -9999 -9999 -9999 -9999 -9999 -9999 -9999 -9999 -9999 -9999 -9999 -9999 -9999 -9999 -9999 -9999 -9999 -9999 -9999 -9999
-9999 -9999 -9999 0.13445186976875578 0.14022855264575854 0.17269184945949487 0.20758265574894305 0.1926736579558184 0.1598342113355373 0.08629945906646111 0.0716024487480229 0.06002790777495615 0.004465996819947443 -0.023601185869086886 -0.028261754395706332 -0.039662844801353216 -0.027403995635048032 -0.05349723628309905 -0.035904831085048716 -0.0367112569510937 -0.02748170495033267 -0.04965084278192677 -0.06947916965992726 -0.07463789184888202 -0.06051928599675499 -0.062010900196382564 -0.010081470012664795 -9999 -9999 -9999 -9999 -9999 -9999 -9999 -9999 -9999 -9999 -9999 -9999 -9999 -9999 -9999 -9999 -9999 -9999 -9999 -9999 -9999 -9999 -9999 -9999 -9999
-9999 -9999 -9999 -9999 0.10254343668388767 0.05370828763327815 0.07996759512885049 0.0801347323855304 0.08759408126420834 0.09776514695425118 0.10127227377422432 0.05085327584635127 0.005084134367379285 -0.026633476388865512 -0.02793090196989351 -0.036972458837396006 -0.030715313169264014 -0.03941973121393294 -0.029178678028045163 -0.03839683532714844 -0.050391516724570866 -0.07002130077510585 -0.08791335227508701 -0.1003164661223771 -9999 -9999 -9999 -9999 -9999 -9999 -9999 -9999 -9999 -9999 -9999 -9999 -9999 -9999 -9999 -9999 -9999 -9999 -9999 -9999 -9999 -9999 -9999 -9999 -9999 -9999 -9999 -9999
-9999 -9999 -9999 -9999 0.1478693578392267 0.08841107101464757 0.08800027693839785 0.08361790160059324 0.08250027030706407 0.07518167407424363 0.01976773061535575 0.00978974015291395 -0.0157062497610847 -0.032406654337356816 -0.052437098821004224 -0.055652988702058766 -0.04887559423681168 -0.04451276650351865 -0.04796528287472263 -0.05432776544914872 -0.05569153254230818 -0.07648122012615202 -0.1053164005279541 -0.10597594153313407 -0.09910240120464757 -9999 -9999 -9999 -9999 -9999 -9999 -9999 -9999 -9999 -9999 -9999 -9999 -9999 -9999 -9999 -9999 -9999 -9999 -9999 -9999 -9999 -9999 -9999 -9999 -9999 -9999 -9999
