metrics/grid_rasters/SMOS-BEC/grideval_SMOS-BEC_X_fall_2017_absolute_bias.asc
ncols 52
nrows 55
xllcorner     11.25
yllcorner     55.25
cellsize      0.25
NODATA_value  -9999
[rows 0 to 27 of 55, columns 0 to 51 of 52]
-9999 -9999 -9999 -9999 -9999 -9999 -9999 -9999 -9999 -9999 -9999 -9999 -9999 -9999 -9999 -9999 -9999 -9999 -9999 -9999 -9999 -9999 -9999 -9999 -9999 -9999 -9999 -9999 -9999 -9999 -9999 -9999 -9999 -9999 -9999 -9999 -9999 -9999 -9999 -9999 -9999 -9999 -9999 -9999 -9999 -9999 -9999 -9999 -9999 -9999 -9999 -9999
-9999 -9999 -9999 -9999 -9999 -9999 -9999 -9999 -9999 -9999 -9999 -9999 -9999 -9999 -9999 -9999 -9999 -9999 -9999 -9999 -9999 -9999 -9999 -9999 -9999 -9999 -9999 -9999 -9999 -9999 -9999 -9999 -9999 -9999 -9999 -9999 0.15274034366011618 0.13282713014632466 0.13554984369339085 0.1268649120361377 0.06240669465981999 0.07056497316807507 -9999 -9999 -9999 -9999 -9999 -9999 -9999 -9999 -9999 -9999
-9999 -9999 -9999 -9999 -9999 -9999 -9999 -9999 -9999 -9999 -9999 -9999 -9999 -9999 -9999 -9999 -9999 -9999 -9999 -9999 -9999 -9999 -9999 -9999 -9999 -9999 -9999 0.1283937119657085 0.08042720650754323 0.07949499295252127 -9999 0.10519248615019022 0.1042076869025117 0.10319247169465556 -9999 0.08112235106527804 0.1097897035189164 0.1163881566279974 0.06525578107684847 0.06407629884779452 0.0641223603859544 0.05561294006865199 0.04427640919768533 0.014421467690966831 -0.007482895119623689 -0.014812462859683571 -9999 -9999 -9999 -9999 -9999 -9999
-9999 -9999 -9999 -9999 -9999 -9999 -9999 -9999 -9999 -9999 -9999 -9999 -9999 -9999 -9999 -9999 -9999 -9999 -9999 -9999 -9999 -9999 -9999 -9999 -9999 -9999 -9999 0.12450198179636247 0.15397188373101062 0.17595265147143174 0.18898433292734207 0.19081600780288374 0.13645126932376134 0.06802887469530106 0.044582692059603614 0.02861025686873944 0.015684741662769813 0.027580605110242268 0.02665916884817729 0.03978188633918761 0.036394042982941584 -0.00967964252760245 -0.03112812305605689 -0.03659220178459965 -0.04471647894630831 -0.045188912323543 -0.03470603071830492 -0.037727579474449165 -9999 -9999 -9999 -9999
-9999 -9999 -9999 -9999 -9999 -9999 -9999 -9999 -9999 -9999 -9999 -9999 -9999 -9999 -9999 -9999 -9999 -9999 -9999 -9999 -9999 -9999 0.08119117096066475 0.09943835586309437 0.09165995121002196 0.08132245718705944 0.13400876502457415 0.15975007218749898 0.16726184776052833 0.19304874590758614 0.1844020179089378 0.14109824506974805 0.1269760079681873 0.0627058991571752 0.042586793147382264 0.01206450961356942 -0.015593689467225724 0.002429575818340912 -0.020470058101983324 -0.031991554601561445 -0.013008245895075266 -0.06595804351706835 -0.1206447776745666 -0.13697183529535933 -0.10399339483542874 -0.06539816714145924 -0.05955739962783724 -0.032402630733407045 -0.0245081934591998 -9999 -9999 -9999
-9999 -9999 -9999 -9999 -9999 -9999 -9999 -9999 -9999 -9999 -9999 -9999 -9999 -9999 -9999 -9999 -9999 -9999 -9999 -9999 -9999 0.07835874408483506 0.07362740747630597 0.08867221474647524 0.08143819141678693 0.11760343784509705 0.1692091378569603 0.17763339187062924 0.1730825071915602 0.17890761557378265 0.16222936526322976 0.12144376594444806 0.09582579247653483 0.03555313915741154 0.029619058457816514 0.007768322669324423 -0.011177715801057364 -0.016225597539613446 -0.03796903442504795 -0.0458428977533828 -0.05383604900403455 -0.018318315347035763 -0.06296981809039909 -0.13772814166038594 -0.14260452383376182 -0.10907092236954236 -0.07883549092904385 -0.053477553245813936 -0.07769548892974854 -9999 -9999 -9999
-9999 -9999 -9999 -9999 -9999 -9999 -9999 -9999 -9999 -9999 -9999 -9999 -9999 -9999 -9999 -9999 -9999 -9999 -9999 -9999 -9999 -9999 0.09376791939139367 0.109003127405518 -9999 0.12543909086121452 0.1268766169194822 0.16370260407184736 0.17551029799506068 0.14762421138584614 0.09366422416047844 0.052871290898031525 0.0210620982702388 0.015472136256171444 -0.025571105380852995 -0.005323802076634909 -0.0090136102786878 -0.05902992116241922 -0.05419986304782687 -0.011751602035622257 -0.07789320058443328 -0.05290935965294536 -0.03796901274472475 -0.11495521664619444 -0.1406029493224864 -0.14837784852300373 -0.1148883430287242 -0.08994838812698919 -0.045505884479969116 -0.0036180135100445376 -9999 -9999
-9999 -9999 -9999 -9999 -9999 -9999 -9999 -9999 -9999 -9999 -9999 -9999 -9999 -9999 -9999 -9999 -9999 -9999 -9999 -9999 -9999 0.11157624003214717 0.1117373998550808 0.11850797841625832 0.13776542246341705 0.1475365102291107 0.1384605438478531 0.10677099517650074 0.04417652897536753 0.05627056397497654 0.0798677017814235 0.03166332026553709 -0.07050820820185599 -0.06433379681160056 -0.04660452416409616 -0.060554408184860076 -0.05956730686805468 -0.08814142379495833 -0.07496246436367865 -0.07499876338988543 -0.03702949109126108 -0.021174540325086918 -0.02201781825472915 -0.056681715408150035 -0.061593090088999984 -0.09947331097661233 -0.08218816835053111 -0.052134744822978966 -0.006964368935750476 -9999 -9999 -9999
-9999 -9999 -9999 -9999 -9999 -9999 -9999 -9999 -9999 -9999 -9999 -9999 -9999 -9999 -9999 -9999 -9999 -9999 -9999 0.11235778310964273 0.12893562231745045 0.13837708284457528 0.12593084537401428 0.1242016247800879 0.09438571333885193 0.008668694554305634 0.003538666535978729 -0.004273919031975104 -0.005503461716022895 -0.016127574200532846 -0.02890240841982317 -0.024082640299991687 -0.04899187137683236 -0.0709553761407733 -0.08513402665147972 -0.10393873799820336 -0.10171915527353892 -0.1162744692486265 -0.10747464940599773 -0.08011964676172834 -0.046722802954415436 -0.017047783854056364 0.0016117638775280385 -0.00028033889069850604 0.007095796265164212 -0.01931069517622186 -0.017417914101055698 0.005062671036136446 0.028078180946865844 0.034252737553752216 0.04386602813492016 -9999
-9999 -9999 -9999 -9999 -9999 -9999 -9999 -9999 -9999 -9999 -9999 -9999 -9999 -9999 -9999 -9999 -9999 -9999 0.13388202103172858 0.14128027129464035 0.147488921135664 0.1259190394328191 0.06034631530443825 0.015245663679458843 -0.00013950872032536532 -0.0033378905179549108 -0.012863365370173796 -0.0068110140040517075 -0.026862401969549143 -0.06916990639133891 -0.07220175291629549 -0.06613826099783182 -0.03274693993889555 -0.06700273952922042 -0.09856238961219788 -0.09405644694153148 -0.07108546641408181 -0.07216067399297438 -0.07384560819791286 -0.06097876691088382 -0.04856953316408652 -0.030958761015663968 -0.012609710295995114 0.0005033039012733997 0.012501470896662507 -0.0036757595989168608 -0.009800699140344371 -0.001450008275557524 0.01672815577108036 0.01840696453439949 0.015179395219501209 -9999
-9999 -9999 -9999 -9999 -9999 -9999 -9999 -9999 -9999 -9999 -9999 -9999 -9999 -9999 -9999 -9999 -9999 0.1317693463912824 0.14279834360911925 0.06504476509797266 0.05384965059233876 0.03982232036915692 0.033219988489973123 -0.0073596186315020296 -0.0100528012650708 -0.02397215987245244 -0.037314340928379375 -0.04185028678300429 -0.029296902673585087 -0.057790025460476735 -0.11914089226976354 -0.11969688793887262 -0.09710291725523927 -0.057556858286261565 -0.06807850829015177 -0.034010794324179534 -0.03045825964334065 -0.024358092522134608 -0.01473161669410006 -0.0372953782884442 -0.02679631615779837 -0.008671342794384251 -0.010595455309566182 -0.015048876094321428 -0.011840002554835694 -0.020182005756971818 -0.029829184315642517 -0.021903037872849692 -0.004723839309750788 -0.0041036356985568725 -9999 -9999
-9999 -9999 -9999 -9999 -9999 -9999 -9999 -9999 -9999 -9999 -9999 -9999 -9999 0.10905966430138317 0.12491037830328333 0.13578383550047873 0.1304637356883004 0.1412946570664644 0.15253737255146627 0.15000747182430366 0.1270677367615145 0.0599177191334386 0.033528521995652816 0.005963344507071422 -0.009339873431896684 -0.04753704536326076 -0.08006478101015091 -0.053539413648347016 -0.04797192476689816 -0.06285631563514471 -0.07075494801511573 -0.10369019489735364 -0.08623928529150943 -0.040950559390087904 -0.045323404483497136 -0.010966113147636236 -0.005860023821393667 -0.0044864495189822495 0.0052141481820418 -0.018257579785220523 -0.01643149874040062 -0.0176970418922755 -0.013849576973185285 -0.0251738570478498 -0.015892301895180483 -0.033508189174593694 -0.025187790089723997 -0.015154022951515356 -0.0052568094462764345 -0.0004986334516077774 -0.0049354762447123566 -9999
-9999 -9999 -9999 -9999 -9999 -9999 -9999 -9999 -9999 -9999 -9999 -9999 -9999 0.14084347318380305 0.12793166362322295 0.07595569506669657 0.02132956180721524 0.028380969130411382 0.05324492622166871 0.09352838654409756 0.03658734683109363 0.04411301599896469 0.028826011911682436 -0.00568876221128134 -0.038108967086102064 -0.04818279509033474 -0.1187588818827454 -0.0700842187720902 -0.07950841418157023 -0.0636851591989398 -0.06102957700689636 -0.0740062277764082 -0.06118048541247845 -0.02621674817055464 -0.004762177045146586 -0.00741280980256137 0.011609649627792595 0.0239601907681446 0.011287690121300377 -0.00015861677880191216 -0.011234474577465849 -0.02257524521983401 -0.03064525963700548 -0.03184020260767062 -0.03865576051175595 -0.033862201230866584 -0.023147581639338527 -0.005918004782870412 -0.003172164972947589 0.015755633006290515 0.02024290953971905 -9999
-9999 -9999 -9999 -9999 -9999 -9999 -9999 -9999 -9999 -9999 -9999 -9999 -9999 0.12060310614520105 0.04629761751355796 0.028622328508190964 0.031181721694090142 0.03766128503614002 0.04059532847669392 0.03201354084455449 0.027494003915268437 0.04113165580708048 0.02746925214115453 -0.009171971405039005 -0.05006646912316887 -0.05541280064047599 -0.0720126355180935 -0.09632699921423074 -0.08416654504075344 -0.08563870161163567 -0.0892432493468126 -0.07760944780038326 -0.0707112556944291 -0.03554359990723277 -0.040794607327908905 -0.015267715478936794 -0.004859150565685089 0.017125264120598643 -0.007722909872730609 -0.0007047668403508678 -0.009493673334316331 -0.016786448353407313 -0.03373679077746922 0.01769581250846386 -9999 -9999 -9999 -9999 -9999 -9999 -9999 -9999
-9999 -9999 -9999 -9999 -9999 -9999 -9999 -9999 -9999 -9999 -9999 -9999 -9999 0.04955329112708568 0.02916782113110145 0.03644825936090654 0.03981691531159662 0.05060305169155432 0.039719035724798867 0.019516227044621304 -0.0003873163035937877 -0.001359959950252454 0.005059309455813178 -0.00435662619313415 -0.04125186253567131 -0.07369480479736717 -0.08435682313782833 -0.07543724045461536 -0.07848221215666558 -0.0749055317470006 -0.07938003692091727 -0.0747462660074234 -0.06160833779722452 -0.056772742109994064 -0.054890668950974934 -0.028569622275729963 -0.027168572900143077 -0.027435573016075358 -0.017267308508356394 -0.0022985070031516512 -0.005947636402383161 -9999 -9999 -9999 -9999 -9999 -9999 -9999 -9999 -9999 -9999 -9999
-9999 -9999 -9999 -9999 -9999 -9999 -9999 -9999 -9999 -9999 -9999 -9999 0.14034470619681555 0.06547665614180448 0.051319625890917236 0.03996597959295562 0.05382623840123416 0.047791999805232716 0.02967985495164688 0.01971114352345465 0.005054184765208025 0.007415101224300891 0.00273572757840157 -0.010582273515562237 -0.047646595009913084 -0.05236590927352708 -0.06598425582051276 -0.07184974819421769 -0.0620251341164112 -0.060542065650224686 -0.04693530441499222 -0.041769868602939686 -0.04310480266809463 -0.035840033876652584 -0.03875178533295787 -0.02994700986891985 -0.019704084067294958 -0.009314791299402714 0.008013966958969831 0.00016698195618025657 0.0016522987373173148 -9999 -9999 -9999 -9999 -9999 -9999 -9999 -9999 -9999 -9999 -9999
-9999 -9999 -9999 -9999 -9999 -9999 -9999 -9999 -9999 -9999 -9999 0.01645218258102732 0.06699476148499997 0.09686017599370747 0.09563954588439727 0.049716672988142814 0.044332665536138766 0.05510385844694535 0.030087522395393418 0.014063932604211238 0.006706474050879485 0.011550296259963013 0.008583398380627272 0.003739867359399796 -0.0032899742169926194 -0.016805588551189576 -0.05296907046188909 -0.058892600983381276 -0.05410654053968539 -0.04101825695411832 -0.0325293418765068 -0.027783657215079468 -0.021508692800998708 -0.016224151294605416 -0.022661111628015877 -0.030635879577501968 -0.044800754636526115 -0.002442204952239957 0.025654352229574462 0.016591279102223272 -9999 -9999 -9999 -9999 -9999 -9999 -9999 -9999 -9999 -9999 -9999 -9999
-9999 -9999 -9999 -9999 -9999 -9999 -9999 -9999 -9999 -9999 0.03684559583346897 0.02902319784397667 0.029964284173079888 0.035556467870871244 0.04697368459569085 0.03545691384731428 0.03505775635130706 0.034585340321063994 0.0344782461430512 0.042360360656554484 0.03817881804470924 0.01555751652146378 0.009732055605626566 0.01150626953070366 0.012969781847103734 0.01617093141312187 -0.00819919250595075 -0.033767005652189264 -0.02919650369999455 -0.030634244867399633 -0.0375575389092167 -0.023226841390132924 -0.045500224232673636 -0.05488106549954885 -0.033146556238738856 -0.04132598994866665 -0.008142773144774962 -0.006083734171546062 0.011248422462655115 -9999 -9999 -9999 -9999 -9999 -9999 -9999 -9999 -9999 -9999 -9999 -9999 -9999
-9999 -9999 -9999 -9999 -9999 -9999 -9999 -9999 -9999 -9999 -9999 -9999 0.11064320090024364 0.03621131683821263 0.04832880944013593 0.03706578633864408 0.033277785735360034 0.033496475815772975 0.029915324257065862 0.041399235967546716 0.030436381089444083 0.013611763259586018 0.009678735435009023 0.015005774175127357 0.01973320916295052 0.007957470464579619 -0.005793697656469143 -0.01852686198738712 -0.011682701278097785 -0.008107589712987306 -0.019211956829416958 -0.017852032885831925 -0.030282237231731457 -0.052853513062000264 -0.047958883767326654 -0.02907296351116634 0.00238482819663155 -0.006357009056955576 -0.0014781765639781954 0.0025197164240208236 -9999 -9999 -9999 -9999 -9999 -9999 -9999 -9999 -9999 -9999 -9999 -9999
-9999 -9999 -9999 -9999 -9999 -9999 -9999 -9999 -9999 -9999 -9999 0.1056634846102932 0.08542934250692985 0.11598230162191958 0.0519914865574759 0.04570753632773023 0.04803931004568643 0.038280321706859584 0.058718911031834214 0.013327112682163687 0.010283052623271949 0.015239923584217913 0.002895329302797733 -0.007189993651545767 -0.004638438170053494 0.002969736575472115 -0.0024370201388184127 -0.01898887662255033 -0.012844869159162052 -0.004608100124945225 0.006095195045837998 -0.002812717475143112 -0.012100118140761671 -0.029821442914944093 -0.026152929365634903 -0.013712339413662731 -0.004250360264753283 -0.02002810873091221 -0.016965880757197738 -9999 -9999 -9999 -9999 -9999 -9999 -9999 -9999 -9999 -9999 -9999 -9999 -9999
-9999 -9999 -9999 -9999 -9999 -9999 0.03045715553605038 0.08038727583532984 0.10053509562031218 0.15848137890653952 0.14166921969841825 0.05769471666879121 0.06321715674501785 0.04657275102874064 0.05275748967331775 0.04320090434824428 0.05295497102334218 0.04435530411838382 0.030442636066044776 0.009287904463708365 0.009839225262403495 0.01869691875965701 0.00897480369262077 0.002854101210832627 0.008436473757028606 0.011848340722474648 0.013075282797217369 0.001038278700137618 -0.014703623986301484 0.0006202117030350562 0.014419797734886997 0.012720552310347577 -0.004678722982313144 -0.0053362693064488145 -0.0060401306871105676 0.08932864169279732 0.11127633849779764 0.2517168251797557 -9999 -9999 -9999 -9999 -9999 -9999 -9999 -9999 -9999 -9999 -9999 -9999 -9999 -9999
-9999 -9999 -9999 -9999 -9999 -9999 0.1493200407080028 0.06971381776966154 0.08117132382683975 0.09261854497922792 0.08775299617813692 0.0710986011205629 0.04458535238704145 0.03407297140918672 0.04184228206984703 0.04631686826445616 0.04484100121201254 0.03448933180145641 0.024945801826861645 0.028360270842347518 0.03010230138897896 0.03993416520265433 0.03389863782333877 0.024835684164254745 0.03039045642631555 0.025701806164131702 0.040615324360819965 0.022832420206180315 0.00027279000390662 -0.008579869568347942 -0.00510347451803822 0.013405084609985352 0.0004999969227640898 -0.019936911475199937 -0.022514505992428657 -9999 -9999 -9999 -9999 -9999 -9999 -9999 -9999 -9999 -9999 -9999 -9999 -9999 -9999 -9999 -9999 -9999
-9999 -9999 -9999 0.167264350859279 -9999 -9999 -9999 0.1028714648253003 0.11273607886819678 0.1214957420042781 0.10217962985815003 0.10705435143576728 0.070301478272494 0.03326582807438591 0.015715592303576886 0.036851457431912434 0.02550016044173389 0.01750566601753234 0.03598900648708248 0.033667550586602264 0.04018819953004518 0.04743240148110209 0.04640599857601857 0.03452566259031028 0.028556829281881774 0.032910658637634836 0.022533436754235525 0.017339597549289487 -0.01870149412666855 -0.022231124552353376 -0.017331215585100257 -9999 -9999 -9999 -9999 -9999 -9999 -9999 -9999 -9999 -9999 -9999 -9999 -9999 -9999 -9999 -9999 -9999 -9999 -9999 -9999 -9999
-9999 -9999 -9999 0.1737765950816018 0.17573739648345976 -9999 -9999 0.15338476081719488 0.19483211429324004 0.14041295390910444 0.1278440258889036 0.10189142916351557 0.066684439966574 0.035615392876789005 0.00581392791811558 0.0223403565228954 0.018127267562354388 0.016795855369418883 0.034893904319580865 0.0442968304641545 0.05264812965805715 0.037771588881258616 0.05176146938042206 0.04195014847950504 0.05190147981712859 0.03572448925538499 0.011118657749008276 0.005053694478490189 -0.010559861333324372 -9999 -9999 -9999 -9999 -9999 -9999 -9999 -9999 -9999 -9999 -9999 -9999 -9999 -9999 -9999 -9999 -9999 -9999 -9999 -9999 -9999 -9999 -9999
-9999 -9999 -9999 0.17289808860846928 0.1809079644325025 -9999 -9999 0.12623227157107575 0.14061342660958567 0.1393269202996825 0.1320299943909049 0.12741727574706768 0.060479878093642365 0.044301614402702055 0.00918467407452636 0.007801471991543295 0.019163729658220524 0.007044534765037801 0.015269071301993203 0.024963736355018168 0.022685832394794964 0.02865526665534293 0.024158597906243112 0.03156551253050563 0.021641641925528338 0.0239148531626496 -0.002818335090642388 -0.01879224099896171 -9999 -9999 -9999 -9999 -9999 -9999 -9999 -9999 -9999 -9999 -9999 -9999 -9999 -9999 -9999 -9999 -9999 -9999 -9999 -9999 -9999 -9999 -9999 -9999
-9999 -9999 -9999 0.17509280976006075 0.17501074407954473 0.1796257279158847 0.21461916842350834 0.22030870373801964 0.1956420214213722 0.09123359571094623 0.1275363256689161 0.11626590402530773 0.05110220809777577 0.0226535685360432 0.007857701209697698 -0.005429896108883781 0.010379147607172678 0.004409522823989376 0.002727834617390401 0.008136627457614176 0.0015404176032334238 0.007444669802983639 0.008038146292854986 0.01319152312843419 0.022008192807174587 0.017669571732932904 0.03634841424914506 -9999 -9999 -9999 -9999 -9999 -9999 -9999 -9999 -9999 -9999 -9999 -9999 -9999 -9999 -9999 -9999 -9999 -9999 -9999 -9999 -9999 -9999 -9999 -9999 -9999
-9999 -9999 -9999 -9999 0.10092368854307816 0.06912995983116532 0.09453663972549536 0.12361750761955614 0.1422253782860935 0.14390615959876285 0.06512231465312651 0.10320047199408093 0.05725353097336161 0.03121477533969313 0.01609146087699065 0.01616639153172192 0.024283284880962763 0.017534475497625462 0.021849781550742936 0.016159277133367702 0.018526937406171427 0.004259246025691943 -0.0019838656851295933 -0.010515607664721038 -9999 -9999 -9999 -9999 -9999 -9999 -9999 -9999 -9999 -9999 -9999 -9999 -9999 -9999 -9999 -9999 -9999 -9999 -9999 -9999 -9999 -9999 -9999 -9999 -9999 -9999 -9999 -9999
-9999 -9999 -9999 -9999 0.17743023408248146 0.11495887175098887 0.10378675189401423 0.12407701010325628 0.13816988583666426 0.14122624196068834 0.09942115519550587 0.07532095584780149 0.036049441339194105 0.021849557697876443 0.009250742813581458 0.010538170532733091 0.015674677352368268 0.01648251504565659 0.008647424223668432 0.009910127763056498 0.011570847786541272 -0.0011116675699928136 0.00018550468641415074 -0.013735356462890648 -0.004051626022709032 -9999 -9999 -9999 -9999 -9999 -9999 -9999 -9999 -9999 -9999 -9999 -9999 -9999 -9999 -9999 -9999 -9999 -9999 -9999 -9999 -9999 -9999 -9999 -9999 -9999 -9999 -9999
