metrics/grid_rasters/SMOS-BEC/grideval_SMOS-BEC_S_summer_absolute_bias.asc
ncols 52
nrows 55
xllcorner     11.25
yllcorner     55.25
cellsize      0.25
NODATA_value  -9999
[rows 0 to 27 of 55, columns 0 to 51 of 52]
-9999 -9999 -9999 -9999 -9999 -9999 -9999 -9999 -9999 -9999 -9999 -9999 -9999 -9999 -9999 -9999 -9999 -9999 -9999 -9999 -9999 -9999 -9999 -9999 -9999 -9999 -9999 -9999 -9999 -9999 -9999 -9999 -9999 -9999 -9999 -9999 -9999 -9999 -9999 -9999 -9999 -9999 -9999 -9999 -9999 -9999 -9999 -9999 -9999 -9999 -9999 -9999
-9999 -9999 -9999 -9999 -9999 -9999 -9999 -9999 -9999 -9999 -9999 -9999 -9999 -9999 -9999 -9999 -9999 -9999 -9999 -9999 -9999 -9999 -9999 -9999 -9999 -9999 -9999 -9999 -9999 -9999 -9999 -9999 -9999 -9999 -9999 -9999 0.15079990380824204 0.12805141739192466 0.13968655465924668 0.14101077708794296 0.06953629682160165 0.056310786366633475 -9999 -9999 -9999 -9999 -9999 -9999 -9999 -9999 -9999 -9999
-9999 -9999 -9999 -9999 -9999 -9999 -9999 -9999 -9999 -9999 -9999 -9999 -9999 -9999 -9999 -9999 -9999 -9999 -9999 -9999 -9999 -9999 -9999 -9999 -9999 -9999 -9999 0.14337046388444935 0.09070097479409504 0.06841204273193954 0.07011159560318256 0.1081265228577266 0.09721552052346456 0.09242926178148286 -9999 0.06857441904182633 0.10256590986811727 0.10467863862212047 0.07002777527127646 0.041970328663358064 0.03685339234084231 0.02761376454871159 0.02531289358364477 -0.0005393247186795957 -0.02890775339907425 -0.04649182782644529 -9999 -9999 -9999 -9999 -9999 -9999
-9999 -9999 -9999 -9999 -9999 -9999 -9999 -9999 -9999 -9999 -9999 -9999 -9999 -9999 -9999 -9999 -9999 -9999 -9999 -9999 -9999 -9999 -9999 -9999 -9999 -9999 -9999 0.1519675879070988 0.1696300356280665 0.15358229997079995 0.17539463024646718 0.1687191719499727 0.11567780414184968 0.04773406121222412 0.02942802487262366 0.006596961264154294 -0.00010815601263727824 -0.007855478557758033 -0.008456498628583053 0.0032608473989350073 0.0026861897988967602 -0.009230301394469316 -0.02886757048341515 -0.0486367687919719 -0.05965460998948013 -0.04923416359650856 -0.05393027942365322 -0.049508868979001565 -9999 -9999 -9999 -9999
-9999 -9999 -9999 -9999 -9999 -9999 -9999 -9999 -9999 -9999 -9999 -9999 -9999 -9999 -9999 -9999 -9999 -9999 -9999 -9999 -9999 -9999 0.10380378807032553 0.11301962312468344 0.12341452186757867 0.0979995497211974 0.13966221254372946 0.15245893811907174 0.15748773039519492 0.16188771829854512 0.1703112606659152 0.11857970725722915 0.10318112573860323 0.034915058106622286 0.018493195014768787 -0.01040527877800787 -0.013360136651567043 -0.0064900919934206824 -0.034218688424222904 -0.037208955275902685 -0.02590384030392756 -0.05854709353824121 -0.0984933283757156 -0.09987782856947937 -0.07124768292247237 -0.06690514312878168 -0.053336899989927335 -0.02729722609822177 -0.03238359492429544 -9999 -9999 -9999
-9999 -9999 -9999 -9999 -9999 -9999 -9999 -9999 -9999 -9999 -9999 -9999 -9999 -9999 -9999 -9999 -9999 -9999 -9999 -9999 -9999 0.12329123035740495 0.1173595777296118 0.1342098190350673 0.10618317821118316 0.09622337543593223 0.11762732396071607 0.1386426569449838 0.14779769009584987 0.15821144397753156 0.12995234711057 0.09413618320522048 0.06125995728391163 0.0060227109722387475 -0.0015402814650327112 -0.017585116010132212 -0.040651723489922964 -0.05456892892423662 -0.05445093839392487 -0.060547159801066786 -0.04152254677656511 -0.04443252248103827 -0.06835908657413417 -0.0953442322795337 -0.09990335004718118 -0.08018002982290698 -0.06911880857611105 -0.04458404597146126 -0.03760452367616507 -9999 -9999 -9999
-9999 -9999 -9999 -9999 -9999 -9999 -9999 -9999 -9999 -9999 -9999 -9999 -9999 -9999 -9999 -9999 -9999 -9999 -9999 -9999 -9999 -9999 0.13034227427261152 0.13458203308952926 0.07542507504594738 0.10455795223919713 0.12167303524595703 0.13288502194374416 0.13720545763469705 0.11602224875241518 0.08521886627810696 0.028476695273104705 -0.006931013785875739 -0.02298865163114649 -0.027233204010620016 -0.03606715922906106 -0.05280307211676205 -0.06098510244750435 -0.08019651676245859 -0.06995250630966374 -0.06373275406027246 -0.04314663151205425 -0.05427197366952893 -0.09548797948801584 -0.09582600715371332 -0.09961577261417688 -0.0868284453178795 -0.07939298218116161 -0.05120521019934937 -0.020797678849227008 -9999 -9999
-9999 -9999 -9999 -9999 -9999 -9999 -9999 -9999 -9999 -9999 -9999 -9999 -9999 -9999 -9999 -9999 -9999 -9999 -9999 -9999 -9999 0.1359507489657073 0.12846969125842278 0.1261682499143471 0.11923469682769465 0.1051395777283835 0.10805235458571437 0.05371105365724449 -0.003282513204155069 0.01454448854062884 0.06605595380729322 -0.003930487866217747 -0.024939054623246196 -0.034997318062454374 -0.03032228555846012 -0.04252602135773098 -0.0602055840657256 -0.08800138044105446 -0.09039258120555277 -0.06728085492488367 -0.05596478856365445 -0.04086452443678837 -0.03289155058015539 -0.05744383249064569 -0.06778283404632354 -0.07861946829607787 -0.06500268957354652 -0.05789347424098613 -0.03504055903785014 -9999 -9999 -9999
-9999 -9999 -9999 -9999 -9999 -9999 -9999 -9999 -9999 -9999 -9999 -9999 -9999 -9999 -9999 -9999 -9999 -9999 -9999 0.12348343389193445 0.13321599815192536 0.13353819439445086 0.12012087984593828 0.1013461586822254 0.05509999625437462 -0.02375701711474909 -0.023246482315802286 -0.03303966930786356 -0.02717454777618428 -0.041083513734921216 -0.0403749753823342 -0.04461872773621811 -0.034501175985893084 -0.0506899877010763 -0.050269448069466184 -0.060826759668666734 -0.08515931062905466 -0.10808765646857274 -0.10694640881158936 -0.07372955898164024 -0.04421060141963018 -0.02333971157164899 -0.015155839212870196 -0.023427678245893646 -0.02226806918919924 -0.04195664504044491 -0.033442024099574946 -0.01507065459834725 -0.011384064158503432 -0.02020769154941529 -0.012123928584242605 -9999
-9999 -9999 -9999 -9999 -9999 -9999 -9999 -9999 -9999 -9999 -9999 -9999 -9999 -9999 -9999 -9999 -9999 -9999 0.12103190265726055 0.12185139974021834 0.12731187598643656 0.1031295972537588 0.032784439245792614 -0.018160490914227112 -0.02304745642911821 -0.04555490963413555 -0.0637029774315247 -0.08359382130826515 -0.08668272806081309 -0.06428931591942103 -0.08843199915083291 -0.07224555545758254 -0.04795703934293916 -0.044985690777670256 -0.053879240908744665 -0.05464872723133973 -0.05898409206631847 -0.0803101456258446 -0.07184394997205923 -0.053927273627116606 -0.0345562168936753 -0.025226615131197644 -0.021732228945686743 -0.019043674877193103 -0.02778146298418585 -0.04776694040513979 -0.045327837194847516 -0.037508266093865233 -0.03450497009365233 -0.03673218578765058 -0.030568498478300062 -9999
-9999 -9999 -9999 -9999 -9999 -9999 -9999 -9999 -9999 -9999 -9999 -9999 -9999 -9999 -9999 -9999 -9999 0.12583565261760135 0.12468064405273592 0.04393975299796263 0.015335971908952225 -0.0007346076624734077 -0.021332541217764598 -0.030700209812668276 -0.05186128359873857 -0.07070414117714832 -0.07876400710204322 -0.07067944423595388 -0.05362605572093365 -0.08862857929092241 -0.1126926731191237 -0.10623257633604677 -0.08021886466470149 -0.04678421439361419 -0.04906216245676789 -0.04778690855417933 -0.03400542504757387 -0.036428249152056086 -0.028002592039176797 -0.04261254287852858 -0.02739487138838001 -0.024008719308767492 -0.029939885131823718 -0.03597823254468588 -0.04089439967778369 -0.06354576919627727 -0.0773565412707437 -0.06590201335263926 -0.05599309255679447 -0.060481356504365334 -9999 -9999
-9999 -9999 -9999 -9999 -9999 -9999 -9999 -9999 -9999 -9999 -9999 -9999 -9999 0.0915021120231146 0.10764463835706316 0.1167246731006364 0.11015520618766322 0.11137646936995194 0.12592720286920667 0.11735232514758155 0.08267359371387922 0.0118491438944347 -0.02527360321532582 -0.047960220340661 -0.056691176457212174 -0.05748906241463764 -0.092296600701626 -0.0796579962738766 -0.07760921120643616 -0.0867092477221211 -0.09003801581584361 -0.10154342193356994 -0.0726244879456667 -0.04159155118840102 -0.035332100024457615 -0.02626736400028073 -0.01642824607287449 -0.017226430270080334 -0.013070934971148696 -0.02770328299171776 -0.017523697326277617 -0.03118053455970118 -0.0343059075736252 -0.04085035219873456 -0.04464928139695679 -0.060202934595066974 -0.06626114782766772 -0.057452942722242224 -0.053338335075585 -0.053916119351263385 -0.04439476281087002 -9999
-9999 -9999 -9999 -9999 -9999 -9999 -9999 -9999 -9999 -9999 -9999 -9999 -9999 0.10848801612784044 0.09856340513323192 0.03620802804962542 -0.022273538351644945 -0.02696931780380954 2.886451139355595e-05 0.0471498549242716 -0.014943904760180066 -0.019489659568721257 -0.02938840188675965 -0.0513855808994908 -0.06618341983910597 -0.07331863974898377 -0.08725372353166512 -0.0847346659072421 -0.07455566109539091 -0.07304998008872976 -0.0965850938232906 -0.08287670002147429 -0.05989041485802527 -0.04115625786176627 -0.029892891656420586 -0.02639338993722365 -0.011742031030660988 -0.009362709422703784 -0.008510842500254523 -0.017986945258213316 -0.03420740952981369 -0.04143461635070186 -0.047621262869230435 -0.05096553550467695 -0.044367972288339885 -0.06358849098327132 -0.06947111757472157 -0.04988542589584349 -0.060779790849086274 -0.049469069038009766 -0.040870630412510656 -9999
-9999 -9999 -9999 -9999 -9999 -9999 -9999 -9999 -9999 -9999 -9999 -9999 -9999 0.08480659026739212 -0.012961829350226441 -0.02294232484488981 -0.015469868923080944 -0.02958823093781768 -0.02683039711731852 -0.03376224725409313 -0.03468468808427902 -0.027067411777837613 -0.03857961651981759 -0.05217453845064432 -0.07384149228848022 -0.09541821415568216 -0.0958881288660424 -0.0955160863526251 -0.09293872987407006 -0.09051989421608264 -0.09143724634441372 -0.0843627849747215 -0.06387427126438441 -0.0473302194184258 -0.04281243677371127 -0.022033984699549924 -0.007563488652143706 -0.018720241010490524 -0.007923761487071357 -0.019407499138596768 -0.0330443930673017 -0.04117080140165066 -0.04843426604622178 -0.06732321232557295 -9999 -9999 -9999 -9999 -9999 -9999 -9999 -9999
-9999 -9999 -9999 -9999 -9999 -9999 -9999 -9999 -9999 -9999 -9999 -9999 -9999 0.010169753122941716 -0.02362451221715736 -0.020829872218860814 -0.01144748123886147 -0.01996705959600981 -0.03382979141223055 -0.03562345877510858 -0.04039167028082455 -0.05079562299300075 -0.04893098662289755 -0.056476060340094836 -0.07695239012654145 -0.09669941251718553 -0.10172894794493914 -0.09936878077107768 -0.08989198812262411 -0.09314772068649872 -0.09613489535298536 -0.09632609137968924 -0.07290024876440651 -0.06659071535984235 -0.06492831663772294 -0.0439608070078675 -0.02469752815399948 -0.016954316600175184 -0.020204171432945398 -0.028840869240611355 -0.024652272786783117 -9999 -9999 -9999 -9999 -9999 -9999 -9999 -9999 -9999 -9999 -9999
-9999 -9999 -9999 -9999 -9999 -9999 -9999 -9999 -9999 -9999 -9999 -9999 0.08709872295578802 0.010178040801468556 -0.011990671983468038 -0.01666781075764448 -0.012449857593773815 -0.01110117161359922 -0.022152492072777245 -0.02269581859013603 -0.0267898035019116 -0.028798622483762307 -0.015198490153615797 -0.04523903872160348 -0.07467828078838121 -0.08476495451488814 -0.09463057553098686 -0.09596894247194362 -0.0839737910502536 -0.08152049980818707 -0.08524409813228351 -0.08793001842621545 -0.07383714467180927 -0.06586514782288136 -0.05582184680568717 -0.0432326243348615 -0.01782772813524519 -0.008637064508558528 -0.00019743219125031847 -0.025581005741253326 -0.0144433810776316 -9999 -9999 -9999 -9999 -9999 -9999 -9999 -9999 -9999 -9999 -9999
-9999 -9999 -9999 -9999 -9999 -9999 -9999 -9999 -9999 -9999 -9999 -0.022116531569710246 0.00401036452338399 0.0217659996989637 0.03480814500815338 -0.031895649758494134 -0.014176518090663504 -0.017794133945839646 -0.01932345041219727 -0.022384765782359872 -0.02525221943453756 -0.02838057062465202 -0.022296862910265364 -0.03740017688328245 -0.044924836257943884 -0.0643251131580447 -0.07274602172342504 -0.08891324549565896 -0.08325964102743946 -0.07667116239222127 -0.07977689305941263 -0.07638434624908874 -0.04956716256062319 -0.054237654965332234 -0.04841161822872375 -0.0417948567927508 -0.0251268054518474 -0.015601896492409563 -0.021875563272347104 -0.019955965664870703 -9999 -9999 -9999 -9999 -9999 -9999 -9999 -9999 -9999 -9999 -9999 -9999
-9999 -9999 -9999 -9999 -9999 -9999 -9999 -9999 -9999 -9999 0.011359993759625849 -0.019636760183399687 -0.052674409809646106 -0.041149880492295586 -0.02813255226403749 -0.023465879461062825 -0.00989145428656102 -0.010502868385107306 -0.011500227413288459 -0.0011699598518211394 -0.0011683096216913436 -0.02669681456988443 -0.03453301965578723 -0.028600780652409587 -0.030074695473065568 -0.03402995697456185 -0.052239514562908235 -0.059409517734897076 -0.05387857969461093 -0.06081960504343981 -0.059998466760008314 -0.053873487093540666 -0.06791724224337252 -0.07010938176959644 -0.053549111912499635 -0.05661341630223535 -0.03681561714534226 -0.026138541671181376 -0.023377093369033125 -9999 -9999 -9999 -9999 -9999 -9999 -9999 -9999 -9999 -9999 -9999 -9999 -9999
-9999 -9999 -9999 -9999 -9999 -9999 -9999 -9999 -9999 -9999 -9999 -9999 0.04205911579606292 -0.026360696446068282 -0.02340193233530588 -0.021957586405844217 -0.023577263584468742 -0.018453385511582543 -0.01475558356132087 -0.01775852016249274 -0.023052686518739623 -0.03110539929274425 -0.03825066008953595 -0.04597608814875223 -0.044895751974458636 -0.04390312234939237 -0.0356680502835946 -0.032763848715568485 -0.033606795294034784 -0.029986820384906018 -0.04083892781043985 -0.046220521333518366 -0.04280683346926137 -0.058217367686118036 -0.06284508962992086 -0.053621274339137985 -0.04112251154189811 -0.027673963395257798 -0.028082784620875656 -0.04281336715388479 -9999 -9999 -9999 -9999 -9999 -9999 -9999 -9999 -9999 -9999 -9999 -9999
-9999 -9999 -9999 -9999 -9999 -9999 -9999 -9999 -9999 -9999 -9999 0.04635298831335805 -0.010723602183937251 0.008618937403200189 -0.03292678238322305 -0.01944893030704517 -0.018428506232820885 -0.02986210639955417 0.025058343490347912 -0.051791469625610966 -0.05476046834856543 -0.03628883184577672 -0.05504239226000074 -0.05947451059340321 -0.05713537844748776 -0.04466286490148885 -0.029971375012983026 -0.0345267458320033 -0.0398486116929348 -0.032329573780298236 -0.02722046629511216 -0.03301248052879308 -0.03799732169970427 -0.04996834249303217 -0.04683140077972195 -0.04956020006875686 -0.04732363963522379 -0.042934683580515935 -0.031353068080815394 -9999 -9999 -9999 -9999 -9999 -9999 -9999 -9999 -9999 -9999 -9999 -9999 -9999
-9999 -9999 -9999 -9999 -9999 -9999 0.01524294613265112 0.05520432603938436 0.0995000314800755 0.10881314492242417 0.09144450204111987 0.0037686051653950674 -0.0017800108065425535 -0.024552897649741 -0.03178658731328912 -0.0362309676107746 -0.034887647729102605 -0.03512356816618531 -0.05124037424102424 -0.07371995164521086 -0.06069139118685765 -0.03888712276492815 -0.06231954537790374 -0.06158120259172531 -0.05508820080092247 -0.03831584011219141 -0.02253607463724208 -0.03264615148434352 -0.04534898331007045 -0.038150160558870966 -0.03943845293332335 -0.037744554538949183 -0.040394660046271874 -0.0516019516084113 -0.053334858240018566 -0.007174869067966937 -0.0060372721275378785 0.035229188576340685 -9999 -9999 -9999 -9999 -9999 -9999 -9999 -9999 -9999 -9999 -9999 -9999 -9999 -9999
-9999 -9999 -9999 -9999 -9999 -9999 0.1065932934584676 0.0265073771659059 0.024527521243964127 0.023698723126132748 0.012907930714248091 -0.0075401662134973735 -0.0152134121334338 -0.02337775814695484 -0.03363992712649083 -0.04055223499796706 -0.04580229941042668 -0.05000600818077525 -0.0574463825818384 -0.05008440424242746 -0.04572059630335848 -0.043053316402024235 -0.043369877534075285 -0.05393660104354661 -0.04183766846941661 -0.029210308518517636 -0.023488985460310724 -0.04181377295662397 -0.06433565625111046 -0.06064285737413325 -0.058463334759289824 -0.055322307669456734 -0.06373399346618575 -0.07497067915695274 -0.0874892944475815 -9999 -9999 -9999 -9999 -9999 -9999 -9999 -9999 -9999 -9999 -9999 -9999 -9999 -9999 -9999 -9999 -9999
-9999 -9999 -9999 0.13831321030905352 -9999 -9999 -9999 0.05581116003335498 0.05150379618956832 0.0411684575378018 0.028599650246425745 0.0312473374799106 -0.0029822662117935106 -0.04471996383460003 -0.05166988855874416 -0.04894398850430348 -0.05854319622262553 -0.05761706832877641 -0.04071960774061428 -0.0403580278505562 -0.02991225855244745 -0.021611445983841487 -0.033455676573057536 -0.0466422343432715 -0.0417755459682248 -0.04442648059977128 -0.05164741836012171 -0.06648274824744269 -0.0757227355313782 -0.08137854532365374 -0.06135857131224697 -9999 -9999 -9999 -9999 -9999 -9999 -9999 -9999 -9999 -9999 -9999 -9999 -9999 -9999 -9999 -9999 -9999 -9999 -9999 -9999 -9999
-9999 -9999 -9999 0.15171648101553173 0.15189166659934553 -9999 -9999 0.10984017974978327 0.14497427675541086 0.08372542887345162 0.050888568604231084 0.04466307929997304 0.005606879880517834 -0.06378245029866306 -0.07392756600260539 -0.056850009634480114 -0.06851229935373163 -0.05212084996398275 -0.02292836117421668 -0.01223375376120403 -0.0021371529911634046 -0.010941381437813036 -0.022245401907894258 -0.035820808600295656 -0.039383238645626116 -0.05761486373601421 -0.08300523015114103 -0.08900799076133345 -0.07550150718443194 -9999 -9999 -9999 -9999 -9999 -9999 -9999 -9999 -9999 -9999 -9999 -9999 -9999 -9999 -9999 -9999 -9999 -9999 -9999 -9999 -9999 -9999 -9999
-9999 -9999 -9999 0.1363745631821733 0.14382934799223435 -9999 -9999 0.07943467399487991 0.08222537377457087 0.07120793174903886 0.05262444712561387 0.026858958744211875 -0.008726834895205676 -0.04092599508948014 -0.06509218114983373 -0.06374280123508785 -0.05961154983890871 -0.05600216177148557 -0.04475712545021929 -0.03515546201085154 -0.04026705862421101 -0.04502437844798906 -0.0539581818181524 -0.06133955414709336 -0.056437387046488825 -0.07076062103432995 -0.08110337882598856 -0.13347406183673874 -9999 -9999 -9999 -9999 -9999 -9999 -9999 -9999 -9999 -9999 -9999 -9999 -9999 -9999 -9999 -9999 -9999 -9999 -9999 -9999 -9999 -9999 -9999 -9999
-9999 -9999 -9999 0.1238659628913006 0.12478422940062035 0.13375048967540865 0.15333288919723387 0.17010635037884664 0.12108807601158407 0.04912421346952517 0.04262409927633904 0.020201214494808658 -0.01512393958570546 -0.037713712181549015 -0.053546252266828825 -0.06656586697691336 -0.05771159156750666 -0.072662912621653 -0.058881662401263864 -0.055360129031424336 -0.07422244172388068 -0.060612418304800325 -0.0777372239757812 -0.07889437025730628 -0.07327795222942585 -0.07841215114033706 -0.043032954005818615 -9999 -9999 -9999 -9999 -9999 -9999 -9999 -9999 -9999 -9999 -9999 -9999 -9999 -9999 -9999 -9999 -9999 -9999 -9999 -9999 -9999 -9999 -9999 -9999 -9999
-9999 -9999 -9999 -9999 0.06585165719338767 0.02521740892902019 0.03491829705155014 0.04755542976843405 0.052347816752010834 0.03404090721175748 0.033874182005556634 0.0091740894690156 -0.017275065141160426 -0.03882576223867018 -0.05221002408613762 -0.05207389958406375 -0.040446222248957525 -0.04901277285496592 -0.055069871714579006 -0.0599706840034373 -0.06325172158917322 -0.07538863467807705 -0.09072688822185873 -0.0973011336498037 -9999 -9999 -9999 -9999 -9999 -9999 -9999 -9999 -9999 -9999 -9999 -9999 -9999 -9999 -9999 -9999 -9999 -9999 -9999 -9999 -9999 -9999 -9999 -9999 -9999 -9999 -9999 -9999
-9999 -9999 -9999 -9999 0.111220932351677 0.04425071558469665 0.03527148999273777 0.04838729896690955 0.049729386759160776 0.035937386841150165 -0.0062975593253362105 -0.028653704861210574 -0.041342966894240885 -0.05000807057943321 -0.0570917138406499 -0.04649542100776993 -0.041724582064142916 -0.044082834823084886 -0.06014867154214229 -0.07065844647960118 -0.07561874697172402 -0.08513758437254942 -0.090318590999281 -0.10754066536372356 -0.10745593519122512 -9999 -9999 -9999 -9999 -9999 -9999 -9999 -9999 -9999 -9999 -9999 -9999 -9999 -9999 -9999 -9999 -9999 -9999 -9999 -9999 -9999 -9999 -9999 -9999 -9999 -9999 -9999
