metrics/grid_rasters/SMOS-BEC/grideval_SMOS-BEC_Y_2018_absolute_bias.asc
ncols 52
nrows 55
xllcorner     11.25
yllcorner     55.25
cellsize      0.25
NODATA_value  -9999
[rows 0 to 27 of 55, columns 0 to 51 of 52]
-9999 -9999 -9999 -9999 -9999 -9999 -9999 -9999 -9999 -9999 -9999 -9999 -9999 -9999 -9999 -9999 -9999 -9999 -9999 -9999 -9999 -9999 -9999 -9999 -9999 -9999 -9999 -9999 -9999 -9999 -9999 -9999 -9999 -9999 -9999 -9999 -9999 -9999 -9999 -9999 -9999 -9999 -9999 -9999 -9999 -9999 -9999 -9999 -9999 -9999 -9999 -9999
-9999 -9999 -9999 -9999 -9999 -9999 -9999 -9999 -9999 -9999 -9999 -9999 -9999 -9999 -9999 -9999 -9999 -9999 -9999 -9999 -9999 -9999 -9999 -9999 -9999 -9999 -9999 -9999 -9999 -9999 -9999 -9999 -9999 -9999 -9999 -9999 0.1375225051555015 0.11596380997645232 0.12525393091715303 0.11785744230343599 0.048162468476220965 0.046174150176238334 -9999 -9999 -9999 -9999 -9999 -9999 -9999 -9999 -9999 -9999
-9999 -9999 -9999 -9999 -9999 -9999 -9999 -9999 -9999 -9999 -9999 -9999 -9999 -9999 -9999 -9999 -9999 -9999 -9999 -9999 -9999 -9999 -9999 -9999 -9999 -9999 -9999 0.13673543806716398 0.08915253724085123 0.08129020027741038 0.0731860689708207 0.10956072165454564 0.09430884972243804 0.08930089637064015 -9999 0.06165113583417006 0.09396329565450204 0.0936663841759717 0.05151614112605296 0.02130981267128193 0.014454410265700353 0.002922063952104925 0.00029054666972822 -0.015298678546116272 -0.04003367267999075 -0.05549314363090788 -9999 -9999 -9999 -9999 -9999 -9999
-9999 -9999 -9999 -9999 -9999 -9999 -9999 -9999 -9999 -9999 -9999 -9999 -9999 -9999 -9999 -9999 -9999 -9999 -9999 -9999 -9999 -9999 -9999 -9999 -9999 -9999 -9999 0.12656225034116225 0.15805336330437436 0.15529164572821014 0.1876356421167603 0.1815553859361455 0.11545192949207768 0.046956225923860256 0.023449474367602117 0.0005080086140804019 -6.223255640838699e-05 -0.0035081013577849818 -0.007896218947331668 -0.009943620043082356 -0.005429998611410468 -0.012531988819440204 -0.02994440100937082 -0.04606403828271341 -0.066268514841795 -0.06576296336654773 -0.06500445577679881 -0.06529646266492145 -9999 -9999 -9999 -9999
-9999 -9999 -9999 -9999 -9999 -9999 -9999 -9999 -9999 -9999 -9999 -9999 -9999 -9999 -9999 -9999 -9999 -9999 -9999 -9999 -9999 -9999 0.08629052661773234 0.10047149215195632 0.10741401642356836 0.07831581017455536 0.13607514557647118 0.13644304394415796 0.15373955514015894 0.14288674457734374 0.16551279529505142 0.11816477996850375 0.08514382328230438 0.0158131497963849 0.004916912265892692 -0.01626534147621833 -0.022341022216906287 -0.01790645107116906 -0.036677797039856734 -0.03390274270618923 -0.021715701272090267 -0.05403807492840368 -0.0917886171415942 -0.0879238454612675 -0.07262733956049014 -0.07330244640188835 -0.05475181190211786 -0.039001038467342236 -0.03733820893934792 -9999 -9999 -9999
-9999 -9999 -9999 -9999 -9999 -9999 -9999 -9999 -9999 -9999 -9999 -9999 -9999 -9999 -9999 -9999 -9999 -9999 -9999 -9999 -9999 0.11082761746081632 0.10791196080530624 0.12280128053611232 0.10601344094279093 0.09152036542477816 0.1154120824688557 0.12369060451997732 0.13422295267679796 0.16658897863494027 0.134025060156217 0.07006089130403301 0.0414200202155281 -0.01185690851269902 -0.02265007090237406 -0.0252306985444036 -0.035978136131086864 -0.06145200775181123 -0.05426011725354032 -0.060269143757404074 -0.037131359063138886 -0.04677276240259995 -0.06746049617211541 -0.08835171763935395 -0.10399963692495016 -0.08475006233232146 -0.07442358623330411 -0.05008613097090875 -0.042532780574214064 -9999 -9999 -9999
-9999 -9999 -9999 -9999 -9999 -9999 -9999 -9999 -9999 -9999 -9999 -9999 -9999 -9999 -9999 -9999 -9999 -9999 -9999 -9999 -9999 -9999 0.1116363409884184 0.12144909903451978 0.0926123463681766 0.10196456705477648 0.11430874635134974 0.12254349845978953 0.1343350869293014 0.11598765599818628 0.08737969278955635 0.00762950274830973 -0.0240095627683026 -0.050439554059671037 -0.0432928540326398 -0.03929505034767347 -0.05989123790920395 -0.062187590313201035 -0.08633926683137208 -0.06539509775454566 -0.06183453689555865 -0.059745411878745824 -0.047888686016104576 -0.09344728449659964 -0.08804838655468747 -0.10012767583322828 -0.09068229221380672 -0.09635484246059486 -0.06098883027030577 -0.020636727636860253 -9999 -9999
-9999 -9999 -9999 -9999 -9999 -9999 -9999 -9999 -9999 -9999 -9999 -9999 -9999 -9999 -9999 -9999 -9999 -9999 -9999 -9999 -9999 0.13777736052437578 0.12279959677994905 0.11949366614654927 0.10195623756769827 0.09023561898780907 0.09061496408703999 0.03471147130331853 -0.0019849067379673624 0.011975742104862436 0.059971080302740586 -0.011593506264854477 -0.03597663358474773 -0.04697175429298958 -0.04442432900441101 -0.05234786271028325 -0.06570019200444221 -0.07983657861749333 -0.09106288696328796 -0.06890646110926019 -0.05169769350078798 -0.034022454196563016 -0.023357189574895743 -0.054598715872718716 -0.06904596969103202 -0.08051344462830548 -0.07404300774548468 -0.06989568791901457 -0.04678677734083092 -9999 -9999 -9999
-9999 -9999 -9999 -9999 -9999 -9999 -9999 -9999 -9999 -9999 -9999 -9999 -9999 -9999 -9999 -9999 -9999 -9999 -9999 0.11261295126034665 0.1199319082834236 0.12659203406761993 0.1103611178210248 0.08903314781685673 0.047178954500885883 -0.03574795253518831 -0.033313292880646016 -0.04459552616662496 -0.037579708829008296 -0.05081793876225443 -0.050612599899371474 -0.05442247878888557 -0.04615272934837592 -0.07069865442041692 -0.05795915050394074 -0.07433061055033592 -0.08924284094832086 -0.1088246907293796 -0.10121780062715216 -0.07077651933517329 -0.048440074233652715 -0.026753139897034702 -0.020825617063121915 -0.03005075363967663 -0.031486492365216584 -0.05329572134147026 -0.044493813304954284 -0.027457880477110563 -0.02140721435157153 -0.025096279719183517 -0.014522969130087991 -9999
-9999 -9999 -9999 -9999 -9999 -9999 -9999 -9999 -9999 -9999 -9999 -9999 -9999 -9999 -9999 -9999 -9999 -9999 0.10224595189709024 0.10537108946382327 0.10620789297351267 0.09011638381293624 0.009285146896620744 -0.030046584153109623 -0.025549459033203825 -0.05306711934055342 -0.07494129166007041 -0.0817715283345293 -0.08743773652561783 -0.07384481209105459 -0.08634291534115998 -0.07964714591866298 -0.05354807147135335 -0.06001957325804 -0.06593038502082324 -0.0749950691028253 -0.062182999681681374 -0.07535444594481414 -0.06853836847396637 -0.05580290049022316 -0.03914999378388684 -0.029428692112366345 -0.021581702635853326 -0.02590845333068234 -0.03084425300739372 -0.05131248695550447 -0.05274434874107123 -0.046452893708378816 -0.040270107431757816 -0.04419305833477166 -0.036733231053597486 -9999
-9999 -9999 -9999 -9999 -9999 -9999 -9999 -9999 -9999 -9999 -9999 -9999 -9999 -9999 -9999 -9999 -9999 0.10177313985133712 0.10257101560893812 0.023836457606302486 -0.0025083195087650108 -0.020395647080345 -0.0295234121275034 -0.04356380848556149 -0.061647489666938775 -0.08309834092955462 -0.08749902119622532 -0.07849566213436576 -0.062442285219828274 -0.08978579397002856 -0.10981912600914104 -0.10868572744230426 -0.08194408553031582 -0.059008468671061985 -0.05543655054153582 -0.07114595110645358 -0.039758954343258164 -0.0390390827018299 -0.03368295410549954 -0.051499156413539776 -0.03648505590615733 -0.032254208528226434 -0.029201008671639026 -0.03468811676627204 -0.03877817829892893 -0.06423656746840023 -0.07777644693851474 -0.06915209748467821 -0.06493274356501222 -0.07870322282020098 -9999 -9999
-9999 -9999 -9999 -9999 -9999 -9999 -9999 -9999 -9999 -9999 -9999 -9999 -9999 0.07125728965805073 0.08615019286258352 0.10217818026912624 0.07711899765538721 0.0950542718445489 0.11197372240440867 0.10287622611754194 0.0614334367404597 -0.006031407556665258 -0.043314463965005566 -0.06454644317587688 -0.07656109170211073 -0.06606527352520566 -0.09469724118709563 -0.08780941620812213 -0.08437575086951253 -0.08648025967314646 -0.09348461029478924 -0.10215232545643847 -0.07710834660756044 -0.05735584713876346 -0.04387676260815368 -0.04796065007580205 -0.029344915800667812 -0.02564185616971071 -0.02709712039784723 -0.03285716969590141 -0.01699838107713922 -0.04004111219077342 -0.029352968678069413 -0.03942698838730013 -0.04321778587137279 -0.056976459754310586 -0.06328645827853754 -0.06215466627957536 -0.059139812675615126 -0.061549873469818 -0.04992684468386635 -9999
-9999 -9999 -9999 -9999 -9999 -9999 -9999 -9999 -9999 -9999 -9999 -9999 -9999 0.08971275251220773 0.08887673932829021 0.02087533345510217 -0.04098372499651784 -0.035820222380807835 -0.012290576088523077 0.03915870422852863 -0.027962463055836384 -0.04283614951622233 -0.05535919428484085 -0.07583019215412233 -0.08448508563206382 -0.09020952636996904 -0.07558173608034853 -0.09810207068528 -0.07981970035378508 -0.07396283506847967 -0.08595677394738521 -0.07698814195955728 -0.06265747071812293 -0.05154402586321039 -0.045927946481646775 -0.02500428970425242 -0.01871607844407361 -0.020897569140123032 -0.02387610397257861 -0.030015619623009113 -0.04471097480272873 -0.05255141500739535 -0.056771828419273834 -0.05415317873914982 -0.03241840775670676 -0.057988542114283635 -0.06083670049715952 -0.06399618262962606 -0.06361796476753656 -0.0555778496252124 -0.042683732043358534 -9999
-9999 -9999 -9999 -9999 -9999 -9999 -9999 -9999 -9999 -9999 -9999 -9999 -9999 0.07494936311898165 -0.019534304291786042 -0.029176153652711763 -0.028216954004966568 -0.04495503197495751 -0.04453405062002797 -0.04644697689464397 -0.05674881790764628 -0.05428413869491938 -0.06229738643525856 -0.06488031708905773 -0.084814504393703 -0.10386317785756263 -0.1019658539324038 -0.08943161157915347 -0.08944422601451799 -0.09452321832558436 -0.0899161053151866 -0.07857057611427959 -0.0554898848389381 -0.04205104628949902 -0.044871379800190216 -0.035522047436655824 -0.017487191834094862 -0.024074561211760992 -0.013184738033075157 -0.032581846683751775 -0.03513660156196613 -0.04648776403628288 -0.056039157193035434 -0.1183182845513026 -9999 -9999 -9999 -9999 -9999 -9999 -9999 -9999
-9999 -9999 -9999 -9999 -9999 -9999 -9999 -9999 -9999 -9999 -9999 -9999 -9999 0.0126328113965872 -0.02185821357286638 -0.02997083700186498 -0.04108017457709196 -0.03460910646661894 -0.04585058556071348 -0.047456517942300463 -0.056803791632724775 -0.07097868531342323 -0.06971353636047731 -0.08721446467478289 -0.08644890283735898 -0.1035221866508828 -0.10445914037857844 -0.1058320477604866 -0.09774778548676467 -0.09104387716136196 -0.08947711229904909 -0.08466197436735515 -0.05043856026239546 -0.04930035621408696 -0.05241160926719507 -0.03582951061585857 -0.01979462974254162 -0.016616898452400386 -0.01776852410413926 -0.026747341627723603 -0.03310749234838617 -9999 -9999 -9999 -9999 -9999 -9999 -9999 -9999 -9999 -9999 -9999
-9999 -9999 -9999 -9999 -9999 -9999 -9999 -9999 -9999 -9999 -9999 -9999 0.07935289375483989 0.007491161589595396 -0.011295376378193278 -0.030490065007298086 -0.013991911129625613 -0.02572076973408013 -0.032529082071656945 -0.030821349046774364 -0.03848863057545479 -0.044742196718672 -0.03624309790533739 -0.06063760229229154 -0.08298500117128066 -0.08431707559877141 -0.10072954256766994 -0.09278445167941338 -0.08592608189032339 -0.08354536211722854 -0.08603109998568409 -0.0736503104176025 -0.05953598610914435 -0.0525604122846077 -0.04532566535122254 -0.03834287022609359 -0.020337566823021763 -0.014869099891066162 -0.008123230040530505 -0.03398278324744816 -0.021688007574994117 -9999 -9999 -9999 -9999 -9999 -9999 -9999 -9999 -9999 -9999 -9999
-9999 -9999 -9999 -9999 -9999 -9999 -9999 -9999 -9999 -9999 -9999 -0.021534353960305445 -0.0029902374953962862 0.014940895110605257 0.027761274517805745 -0.027899040459938684 -0.027958230663310102 -0.03181545536073163 -0.031077684672086825 -0.032497009669510746 -0.034001817378927664 -0.02526910458035117 -0.03628809557565108 -0.05288321215256645 -0.048112638642390536 -0.06271648312640657 -0.08055438917533607 -0.09054336174847977 -0.0821396008988095 -0.07408958666266932 -0.0777120136966308 -0.06784272178462739 -0.03844360433617569 -0.035668785395848834 -0.043940273638173634 -0.03681267848639172 -0.02231355030206764 -0.029823269058736224 -0.03718705696088295 -0.035566097056847414 -9999 -9999 -9999 -9999 -9999 -9999 -9999 -9999 -9999 -9999 -9999 -9999
-9999 -9999 -9999 -9999 -9999 -9999 -9999 -9999 -9999 -9999 0.018580230727729186 -0.009801195791134448 -0.04350483919814471 -0.04462809401542642 -0.02777665328207637 -0.0315554573923558 -0.023468601797427324 -0.02566758048214368 -0.02261120391183144 -0.0063806837052106935 -0.010146929347707391 -0.023302284867635803 -0.04885103646057104 -0.04560713951062681 -0.0392835494875908 -0.028100947310932656 -0.045290091441523635 -0.06320785014492689 -0.05807750316077397 -0.055232393764596016 -0.06070117131830788 -0.042016265495338406 -0.04974274932203862 -0.057153290399775826 -0.0450489700801911 -0.04919514106586576 -0.03970003326886271 -0.04153048805892468 -0.041378317515085805 -9999 -9999 -9999 -9999 -9999 -9999 -9999 -9999 -9999 -9999 -9999 -9999 -9999
-9999 -9999 -9999 -9999 -9999 -9999 -9999 -9999 -9999 -9999 -9999 -9999 0.04261698771048994 -0.02589732852271373 -0.0211325238490927 -0.026895250846334068 -0.041445491388440114 -0.04029667767502318 -0.031327326500775826 -0.03399853358995045 -0.03223719893905677 -0.03276129949837922 -0.03847491746147472 -0.058297225380403876 -0.05551242093311859 -0.04372811874987295 -0.03184456251561643 -0.02880754907036553 -0.03607335931768543 -0.03254279294716461 -0.03204543561404272 -0.036408646509815484 -0.0254016975752048 -0.040772664621709635 -0.051778752042295095 -0.05292423881830705 -0.045150032676990685 -0.034340141663028866 -0.04089545453927532 -0.04272781481403251 -9999 -9999 -9999 -9999 -9999 -9999 -9999 -9999 -9999 -9999 -9999 -9999
-9999 -9999 -9999 -9999 -9999 -9999 -9999 -9999 -9999 -9999 -9999 0.058999255065012864 -0.0015552707933890464 0.015052948245835113 -0.028841185435238812 -0.023479690647696786 -0.030020422863447083 -0.0479209385322113 -0.012982059087461 -0.057107983529567724 -0.0550524186916076 -0.030780236984259995 -0.0555537074950396 -0.06413405392245916 -0.061366543609213536 -0.04119167588894665 -0.02167724735967913 -0.021937210354712102 -0.029815799097058837 -0.023140139877796173 -0.017114132848697255 -0.018843816257650383 -0.02262575902881786 -0.04319013028781718 -0.04214982754371552 -0.04352820166767393 -0.04419295073021204 -0.04455161349188466 -0.03253640278162045 -9999 -9999 -9999 -9999 -9999 -9999 -9999 -9999 -9999 -9999 -9999 -9999 -9999
-9999 -9999 -9999 -9999 -9999 -9999 0.02972322819400425 0.06577576953368107 0.0950634528782742 0.1096836851552633 0.09116649691627096 0.015881214893871926 0.01376427400049629 -0.017136899473732453 -0.030391953731405325 -0.03984178357676371 -0.047384978701862035 -0.05045949701124275 -0.06778565505029341 -0.08773519779245059 -0.06916485961478253 -0.04323540286671729 -0.06976522855754749 -0.06201157802225726 -0.059475304914246276 -0.039904783103639714 -0.02386151708662509 -0.02529856787684065 -0.036368191799825166 -0.03161596571052677 -0.029850459394541062 -0.022657365707096228 -0.033069235880484237 -0.04554404865558834 -0.049350673175574115 -0.0011766314506530815 -0.006755955268939322 0.015216860920190813 -9999 -9999 -9999 -9999 -9999 -9999 -9999 -9999 -9999 -9999 -9999 -9999 -9999 -9999
-9999 -9999 -9999 -9999 -9999 -9999 0.11861208543058273 0.04068537810335643 0.024085426518252767 0.028909224260976363 0.013927370309829712 -0.005464550799557154 -0.00934408192747624 -0.015890691834850396 -0.02443684201228291 -0.03584951718680951 -0.04303205808161928 -0.06128384680694834 -0.06002463907484085 -0.046038210246857086 -0.05235683046376857 -0.04600798220884417 -0.04224317839909947 -0.054773609395828336 -0.043497637434342463 -0.029046658088543263 -0.02303314775589013 -0.0386649568499938 -0.05692281151694134 -0.05813878994800525 -0.051596245013628216 -0.04757570943986186 -0.05611258681052392 -0.07193957398615737 -0.09803620159675347 -9999 -9999 -9999 -9999 -9999 -9999 -9999 -9999 -9999 -9999 -9999 -9999 -9999 -9999 -9999 -9999 -9999
-9999 -9999 -9999 0.11998019182783926 -9999 -9999 -9999 0.05888291032169945 0.04637578399287482 0.0419039137340253 0.02359016601451866 0.02609920250317016 -0.0013142993482032628 -0.042417237727806506 -0.04955061018264212 -0.044804407954215995 -0.05438658879383612 -0.0608016944219989 -0.039445493248553065 -0.0365372212936744 -0.038846311036889486 -0.028705724282190207 -0.037937742664046537 -0.04896698355094178 -0.047567592685421295 -0.04842154502770618 -0.04871028131775318 -0.0631840665667475 -0.08990455809446754 -0.08825426644286494 -0.061785674085729714 -9999 -9999 -9999 -9999 -9999 -9999 -9999 -9999 -9999 -9999 -9999 -9999 -9999 -9999 -9999 -9999 -9999 -9999 -9999 -9999 -9999
-9999 -9999 -9999 0.1381940202493417 0.13551516933810145 -9999 -9999 0.10489273059462743 0.14306642366290992 0.06638076957717215 0.04024309360777304 0.04364865967737777 0.018257438323335432 -0.07033693012207337 -0.06872245269876562 -0.04692384615344436 -0.0623167781776052 -0.052251576305994 -0.026486921547488745 -0.022475463512443727 -0.0122520704501988 -0.017597853512371947 -0.03209721107132635 -0.04296682124897355 -0.040248912440514865 -0.05851571521903045 -0.08784689773984303 -0.08367756349769861 -0.08122628857381642 -9999 -9999 -9999 -9999 -9999 -9999 -9999 -9999 -9999 -9999 -9999 -9999 -9999 -9999 -9999 -9999 -9999 -9999 -9999 -9999 -9999 -9999 -9999
-9999 -9999 -9999 0.11912923641838467 0.12640053118791494 -9999 -9999 0.07652945956587792 0.0684925725585536 0.056346313974687035 0.0443490706384182 0.017029516292469817 -0.020955522264633986 -0.05016421644042615 -0.06278442307130286 -0.053335948259030534 -0.0509163519232779 -0.06165844704265945 -0.0517197287971935 -0.04338797778041373 -0.04355470261645394 -0.05701273047159632 -0.06456928089066269 -0.06730605736858658 -0.06433586594893742 -0.07134047111138603 -0.08594966633980602 -0.11752833203584152 -9999 -9999 -9999 -9999 -9999 -9999 -9999 -9999 -9999 -9999 -9999 -9999 -9999 -9999 -9999 -9999 -9999 -9999 -9999 -9999 -9999 -9999 -9999 -9999
-9999 -9999 -9999 0.08802026639546243 0.09688266678675404 0.11191499955020844 0.14153202887125846 0.15150941946194507 0.10360873364569508 0.029976624702768656 0.018066075896578188 0.00913443822990842 -0.02602807453109157 -0.04585161916658181 -0.05875432871332106 -0.06334572322291612 -0.051898905445511116 -0.07563488011236316 -0.057921626556713075 -0.059597713053976514 -0.07776454320843637 -0.07214122055875544 -0.09698446333603143 -0.09672941254010717 -0.08057208570014487 -0.0782110532935785 -0.03018556764492622 -9999 -9999 -9999 -9999 -9999 -9999 -9999 -9999 -9999 -9999 -9999 -9999 -9999 -9999 -9999 -9999 -9999 -9999 -9999 -9999 -9999 -9999 -9999 -9999 -9999
-9999 -9999 -9999 -9999 0.047093188289061984 0.015351736976299437 0.01719315452430084 0.022089787667165628 0.0260086246367012 0.011761119438271073 0.017722498013318818 0.0009890947152267626 -0.02714806996906799 -0.05033669290726617 -0.04763401970888181 -0.04368407803898056 -0.03752895065893727 -0.04807647836184309 -0.05424555241265089 -0.06714959799939274 -0.07112507060073411 -0.09560319213875082 -0.11527065806961675 -0.11870536641552555 -9999 -9999 -9999 -9999 -9999 -9999 -9999 -9999 -9999 -9999 -9999 -9999 -9999 -9999 -9999 -9999 -9999 -9999 -9999 -9999 -9999 -9999 -9999 -9999 -9999 -9999 -9999 -9999
-9999 -9999 -9999 -9999 0.08296273178062757 0.02585953727916437 0.019612747139500508 0.0240384841364992 0.0281208084113356 0.01496218459627835 -0.029661474049302694 -0.04254498903255363 -0.05083840993166952 -0.056020140152133135 -0.0628452481205265 -0.05210567661320212 -0.04326772965125841 -0.05051722920285789 -0.06638828455160062 -0.07779312859018966 -0.08312716110089385 -0.10141570203296547 -0.11626661398651585 -0.1222823951151464 -0.11581002518732025 -9999 -9999 -9999 -9999 -9999 -9999 -9999 -9999 -9999 -9999 -9999 -9999 -9999 -9999 -9999 -9999 -9999 -9999 -9999 -9999 -9999 -9999 -9999 -9999 -9999 -9999 -9999
