metrics/grid_rasters/SMOS-BEC/grideval_SMOS-BEC_X_fall_2016_absolute_bias.asc
ncols 52
nrows 55
xllcorner     11.25
yllcorner     55.25
cellsize      0.25
NODATA_value  -9999
[rows 0 to 27 of 55, columns 0 to 51 of 52]
-9999 -9999 -9999 -9999 -9999 -9999 -9999 -9999 -9999 -9999 -9999 -9999 -9999 -9999 -9999 -9999 -9999 -9999 -9999 -9999 -9999 -9999 -9999 -9999 -9999 -9999 -9999 -9999 -9999 -9999 -9999 -9999 -9999 -9999 -9999 -9999 -9999 -9999 -9999 -9999 -9999 -9999 -9999 -9999 -9999 -9999 -9999 -9999 -9999 -9999 -9999 -9999
-9999 -9999 -9999 -9999 -9999 -9999 -9999 -9999 -9999 -9999 -9999 -9999 -9999 -9999 -9999 -9999 -9999 -9999 -9999 -9999 -9999 -9999 -9999 -9999 -9999 -9999 -9999 -9999 -9999 -9999 -9999 -9999 -9999 -9999 -9999 -9999 0.16356278227435214 0.14456285855008494 0.1472801711824205 0.140538920296563 0.07195515599515702 0.0767112568190152 -9999 -9999 -9999 -9999 -9999 -9999 -9999 -9999 -9999 -9999
-9999 -9999 -9999 -9999 -9999 -9999 -9999 -9999 -9999 -9999 -9999 -9999 -9999 -9999 -9999 -9999 -9999 -9999 -9999 -9999 -9999 -9999 -9999 -9999 -9999 -9999 -9999 0.12604593062723007 0.0850326307117939 0.0601058951155706 0.055477679769198096 0.06514344736933708 0.10020007987817127 0.10152996828158696 -9999 0.08166113326495347 0.11604483053088192 0.12662775645201854 0.06492049179293892 0.06143742020834575 0.07500711315208011 0.05094625552495319 0.027347139675508808 -0.00655731662761333 -0.03685336577337845 -0.022407678717916657 -9999 -9999 -9999 -9999 -9999 -9999
-9999 -9999 -9999 -9999 -9999 -9999 -9999 -9999 -9999 -9999 -9999 -9999 -9999 -9999 -9999 -9999 -9999 -9999 -9999 -9999 -9999 -9999 -9999 -9999 -9999 -9999 -9999 0.12559515610337255 0.1450053870677948 0.13588292630655424 0.16405481021655233 0.16884072639402886 0.10629520227396212 0.06219458828369776 0.048350539141231136 0.03602483868598938 0.03689461726356638 0.03681980733844365 0.04562361226525416 0.03757905994736871 0.06013341248035434 0.014327090572227112 -0.014958974580432103 -0.0368351697228676 -0.057281023541162164 -0.02738408067009668 -0.03330156782811339 -0.021213645962151584 -9999 -9999 -9999 -9999
-9999 -9999 -9999 -9999 -9999 -9999 -9999 -9999 -9999 -9999 -9999 -9999 -9999 -9999 -9999 -9999 -9999 -9999 -9999 -9999 -9999 -9999 0.09517567328044346 0.09414555337922326 0.10833678849869303 0.07117582895816899 0.11768030314832115 0.13400543853640556 0.1482897803590104 0.1677438596432859 0.17430949448184532 0.13625222676330145 0.12862459062175316 0.05726346542889424 0.04506599787208768 0.031059492958916583 0.024459393864328216 0.034299378198656194 0.007137460295449648 -0.020195788957855898 0.01315496775300004 -0.028458987447348538 -0.09484500979835336 -0.09140471524970477 -0.05571462110031483 -0.05598367508067642 -0.0552098782256592 -0.02814175619019399 -0.03977182744578883 -9999 -9999 -9999
-9999 -9999 -9999 -9999 -9999 -9999 -9999 -9999 -9999 -9999 -9999 -9999 -9999 -9999 -9999 -9999 -9999 -9999 -9999 -9999 -9999 0.09568139585929042 0.07350107209711537 0.11097102151030586 0.08131345397815476 0.09133807846973108 0.10582898370921613 0.15329425714232706 0.17181733758612114 0.1681665996597572 0.16604761050807104 0.1242763034322045 0.09333732910454272 0.04807834140956402 0.030274154787713836 0.013660870831121108 0.007532773200761206 -0.0005928374488245457 -0.013198554177175914 -0.016125989622539968 -0.020298719737264825 -0.04432974126603867 -0.08554390208287671 -0.14188221235607945 -0.15395657440950705 -0.10708264735612 -0.09650826454162598 -0.07365109365094791 -0.06290427876843346 -9999 -9999 -9999
-9999 -9999 -9999 -9999 -9999 -9999 -9999 -9999 -9999 -9999 -9999 -9999 -9999 -9999 -9999 -9999 -9999 -9999 -9999 -9999 -9999 0.042039739397855935 0.102653453219682 0.09658987075090407 -9999 0.1154776705162866 0.13838082380019706 0.1538346508009867 0.16427651688803074 0.14974452869759666 0.11560659905274705 0.06151812083341859 0.030796784230253917 0.023845755918459444 0.008988876234401366 -0.0038534199649637455 -0.011686166071078974 -0.0193779620934616 -0.02702213942327281 -0.014352459629828285 -0.028705052383567964 -0.04485846991124365 -0.041278069757896885 -0.130123526505802 -0.14443032145500184 -0.1524545446686123 -0.1384844611088435 -0.1088827523920271 -0.09318622946739197 -0.02914992272853856 -9999 -9999
-9999 -9999 -9999 -9999 -9999 -9999 -9999 -9999 -9999 -9999 -9999 -9999 -9999 -9999 -9999 -9999 -9999 -9999 -9999 -9999 -9999 0.11838962080386972 0.11428369256930475 0.11293179009641917 0.15578567748889324 0.15267158469015904 0.13785114222102693 0.098947480998256 0.04411292482506146 0.05636112894429717 0.08171877992707632 0.021731076762080196 -0.010252363979816437 0.01776255582543937 -0.0102879706431519 -0.033753728324716736 -0.0506592492262522 -0.06618074262919632 -0.06446027626161988 -0.0433757761898248 -0.029412296479162936 -0.02662209891106776 -0.031861243976487034 -0.08210918390088613 -0.0959076246489649 -0.12919839860304544 -0.10000018808576794 -0.07978504962391325 -0.03821834822495779 -9999 -9999 -9999
-9999 -9999 -9999 -9999 -9999 -9999 -9999 -9999 -9999 -9999 -9999 -9999 -9999 -9999 -9999 -9999 -9999 -9999 -9999 0.10773129920874323 0.1180737157200658 0.12331535060738408 0.11149319382601007 0.1155382198366252 0.11740731811800667 0.03427331979301845 0.02389945140616459 0.015704102729531818 0.012029406699267305 -0.0063310377299785605 -0.017611194846474276 -0.034903382205150324 -0.02801363661207934 -0.02503142776814377 -0.028607194565913874 -0.050943858748258575 -0.07833398813786713 -0.10086787718793623 -0.09347486560759337 -0.05851853217767632 -0.02931986214674037 -0.004611821567758635 -0.009300812754941991 -0.021074595415721764 -0.02436722993202828 -0.0489133436070836 -0.04451278256981267 -0.0211765356361866 0.0016484994279301612 0.009278737656448184 0.012145960548271743 -9999
-9999 -9999 -9999 -9999 -9999 -9999 -9999 -9999 -9999 -9999 -9999 -9999 -9999 -9999 -9999 -9999 -9999 -9999 0.1294157834247101 0.13233725224123444 0.14022942242168246 0.11943473595948445 0.05751483650370076 0.01814757829362693 0.025355138053948238 0.0038517897150346365 0.013291929350342874 0.011033438484777086 0.0009914608888847989 -0.03211081660417625 -0.050894707102667185 -0.04232202212670416 -0.024266900251741 -0.02293743889616884 -0.03718587708600018 -0.04055097731559176 -0.03456581334273024 -0.06672805282804706 -0.05572346018420327 -0.04105165335867145 -0.025914075970649708 -0.011732249976472651 -0.010614498363186895 -0.0046819060419996394 -0.006365997070560625 -0.02493406063877046 -0.028617785569835238 -0.01600340802384459 0.004308857914546271 0.013657211147724307 0.019401449244469432 -9999
-9999 -9999 -9999 -9999 -9999 -9999 -9999 -9999 -9999 -9999 -9999 -9999 -9999 -9999 -9999 -9999 -9999 0.12024381331035068 0.132265842741444 0.05726284100565801 0.04756208189896177 0.04588915528946141 0.03716446164735529 0.02317440085286318 -0.001666294162472104 0.0048632089828336 -0.014345152520163109 -0.018910749880380384 -0.020452971548535148 -0.0773836071292559 -0.11350168863480742 -0.10615557635372336 -0.07096946154805744 -0.018936751948462616 -0.021266163043353853 0.004915491354708784 0.0021180752664804463 -0.0014635619579576875 0.012227844446897534 -0.002516384391735016 0.00504655771433038 0.00041842809382908186 -0.0089839286309607 -0.01101946672226517 -0.012561409100890151 -0.01217984322458504 -0.030582692328036957 -0.021667395927468136 -0.01240135619074717 0.0016630203276872813 -9999 -9999
-9999 -9999 -9999 -9999 -9999 -9999 -9999 -9999 -9999 -9999 -9999 -9999 -9999 0.08525981652465736 0.1066007681545757 0.11251502111554146 0.12615244956903682 0.13261572739412614 0.1490797439420765 0.14793501201678408 0.12589447269606033 0.07061280310153961 0.03634898018005284 0.017130331244579574 0.0024680288677866318 -0.02959198877215385 -0.0491853400093058 -0.03400754928588867 -0.030926134098659908 -0.04686066589277721 -0.061701771195815935 -0.08018106837635453 -0.04572186359892722 -0.0065909976813387505 -0.003404103675667153 0.01858101192177558 0.026922225367789158 0.0218382216259545 0.034119489674384766 0.019615729040694696 -0.0067153031006455255 -0.00030271751138399866 -0.00451263668490387 0.003280177634830295 -0.0091811806647753 -0.01556908756494524 -0.02682085875421764 -0.010421308949589758 -0.01343505888008606 5.8696769616173317e-05 0.016679448678213003 -9999
-9999 -9999 -9999 -9999 -9999 -9999 -9999 -9999 -9999 -9999 -9999 -9999 -9999 0.0974738321134022 0.10465234331786633 0.05026818705456598 0.02061075983302937 0.02439631202391218 0.055906722711962335 0.10362300016852312 0.051209964551204856 0.05732467294085857 0.04096404385081559 0.007622357197972219 -0.010513621880564594 -0.0375198890765508 -0.07428519452071708 -0.04682023734178231 -0.040113554590127685 -0.032753362279871245 -0.04831114103612694 -0.03072269455246301 -0.010437710986783116 0.017603213821227343 0.035996341310879754 0.03355322990055179 0.03643376366147455 0.037130774966641966 0.039564847946166985 0.03852228433737215 0.018207369407392898 0.002814254413048417 -0.002991565134165402 0.008575145520415967 -0.027174264192581173 -0.016460355791244996 -0.024267732147492643 0.009593177873354702 0.010141188899675996 0.013627056243284695 0.021938053604501902 -9999
-9999 -9999 -9999 -9999 -9999 -9999 -9999 -9999 -9999 -9999 -9999 -9999 -9999 0.08626797866253627 0.026585162532600515 0.022055283535358544 0.031567447060762484 0.04072980032790277 0.04391053886640639 0.03355702300640667 0.04102849689396945 0.04570549963550136 0.01679543888365681 0.004633686251261039 -0.028871662169694886 -0.0657827983731809 -0.05943989273574617 -0.0791238228102093 -0.06649667419949354 -0.03923843610793984 -0.060031112679775726 -0.04170642853999623 -0.02661505980151041 -0.009512635495732807 0.009499545912353358 0.03517432079887858 0.037105881394102015 0.03327355437256671 0.040414247052236035 0.03665865075431371 0.018395073170011683 0.009751384908502749 -0.01772307259617026 0.0577395082052265 -9999 -9999 -9999 -9999 -9999 -9999 -9999 -9999
-9999 -9999 -9999 -9999 -9999 -9999 -9999 -9999 -9999 -9999 -9999 -9999 -9999 0.0329270560971715 0.016120880322400916 0.03793414106423207 0.04541745612567122 0.04472595949967703 0.03791662638208696 0.026244531903001998 -0.008303650716940558 0.015658594916264233 0.006586994721808209 -0.00448691450752492 -0.030396978557109818 -0.053220276344329735 -0.06334523065015674 -0.06633495329879224 -0.06590453292364659 -0.03237787808509585 -0.05209372629937917 -0.06575330039081365 -0.0464050620794296 -0.039570432311544834 -0.015734533103657716 0.003949194303098702 0.02362881825779969 0.02794925446780222 0.03179352578741532 0.02572770841550409 0.021871907128529128 -9999 -9999 -9999 -9999 -9999 -9999 -9999 -9999 -9999 -9999 -9999
-9999 -9999 -9999 -9999 -9999 -9999 -9999 -9999 -9999 -9999 -9999 -9999 0.12598872371017933 0.04850037311288441 0.04032346538522028 0.032489992678165464 -0.01057167295366529 0.042680857703089714 0.032486214973898836 0.02995867166254257 0.02826105198926396 0.017894853982660525 0.008541846485889487 -0.011942166586716957 -0.02761049568653107 -0.04171233964355095 -0.04718143593830368 -0.04704914046261385 -0.058154281266033676 -0.036295881085097764 -0.061053861692851874 -0.04484018326426548 -0.04392759144014002 -0.028881699971432945 -0.0205614307493556 -0.003692174473634125 0.02484773071307056 0.034716745321121456 0.04521278893215616 0.035725977533219155 0.019469410912799 -9999 -9999 -9999 -9999 -9999 -9999 -9999 -9999 -9999 -9999 -9999
-9999 -9999 -9999 -9999 -9999 -9999 -9999 -9999 -9999 -9999 -9999 -0.006998172333074204 0.038673780685247405 0.07392133910988652 0.09955801287750626 0.02136722044087949 0.02786262142352569 0.04110357623833877 0.03369295215234158 0.021834098423520742 0.028376406979643637 0.010981508247230376 0.016479459404945385 0.00025065810504285024 -0.014694338325749734 -0.022572275330411614 -0.017382894754409794 -0.025670576384481145 -0.028314392177426068 -0.026732131540775302 -0.036196711882948866 -0.042186909336216584 -0.021801780643207674 -0.020781102163406732 -0.018367813329915637 -0.004325989037752137 0.022904619049619542 0.023866581404581668 0.048873108930208464 0.03424071789615685 -9999 -9999 -9999 -9999 -9999 -9999 -9999 -9999 -9999 -9999 -9999 -9999
-9999 -9999 -9999 -9999 -9999 -9999 -9999 -9999 -9999 -9999 0.02106705480595916 0.02024889338848201 0.0030656775762868405 0.016608865628408853 0.038494560434374686 0.039699886925518485 0.016974824978861713 0.0339098275639117 0.035880256730776584 0.051952995005108055 0.032198794324822866 0.04366103988950668 0.002978780088906591 0.009454377990385343 -0.0018167863058489442 0.0009604247964241364 -0.012122762805603926 0.0005407566402820807 0.005470516703401984 -0.017546953905063358 -0.03873639534778742 -0.01526866798910001 -0.02095203313976524 -0.03549498924985525 -0.010631854740940777 -0.012009644880890845 0.008770530698475998 0.004487486763132932 0.023974858766252327 -9999 -9999 -9999 -9999 -9999 -9999 -9999 -9999 -9999 -9999 -9999 -9999 -9999
-9999 -9999 -9999 -9999 -9999 -9999 -9999 -9999 -9999 -9999 -9999 -9999 0.08108991757035257 0.00928290277305574 0.01960360499409336 0.024577483217766958 0.020162558297113498 0.027715695649385447 0.04184061798210045 0.0310500868444526 0.031280749195883445 0.026965375773088884 0.0052966691310639144 -0.006321270207062053 -0.011314904620481098 0.0012235271766088962 0.0027591783021177767 0.0113861236807912 0.019549264013767248 0.00635981575950334 -0.003482175447667657 -0.001228050701320177 -0.004061143123069572 -0.03335616024250679 -0.03540250038107237 -0.02130101773203638 -0.003132072149538534 0.015045539062056272 0.015745170966342648 0.01841913953423499 -9999 -9999 -9999 -9999 -9999 -9999 -9999 -9999 -9999 -9999 -9999 -9999
-9999 -9999 -9999 -9999 -9999 -9999 -9999 -9999 -9999 -9999 -9999 0.07846277666852827 0.04818990517680238 0.06934716864380724 0.02574653400385632 0.018396995185563952 0.03965764351189138 0.03247167667374015 0.0815745888756135 0.00558496205782405 -0.012125083630013744 0.015329996700442994 -0.012575660508287984 -0.008166797023187289 -0.009524620005062656 -0.0035507759286297898 -0.0008250263265588142 0.006318404773871107 0.017395260743796825 0.02326758724191916 0.014502935577183962 0.020946718053892255 0.0117534917779267 0.0016232565231621145 0.014195586756785504 -0.001261812563125908 0.002764610608793655 0.0077148405835032454 0.02124800591695089 -9999 -9999 -9999 -9999 -9999 -9999 -9999 -9999 -9999 -9999 -9999 -9999 -9999
-9999 -9999 -9999 -9999 -9999 -9999 0.03917223371045533 0.08174678971144286 0.11552163186882225 0.1345886557466454 0.13005002064907806 0.04788935176380305 0.04038297887081685 0.02620141691666969 0.01946544456989205 0.02264724477815133 0.02288206566411716 0.025319134743482463 0.012359606131832013 -0.007254064045086189 -0.006124354594824272 0.005484607225904853 -0.019161385362562927 -0.00991318070075728 -0.007365571031736767 -0.003632347014817322 0.003920129077001039 0.00039726366167483484 0.008268510656697425 0.020951606258749974 0.022605823307279862 0.013181884140479105 0.007633456587791437 -0.005869491567584485 0.004267879979495209 0.057335276570585035 0.0731886552646756 0.055196386846629066 -9999 -9999 -9999 -9999 -9999 -9999 -9999 -9999 -9999 -9999 -9999 -9999 -9999 -9999
-9999 -9999 -9999 -9999 -9999 -9999 0.14031429051659827 0.016681804124153016 0.07515155490149153 0.07388043704819172 0.07857107026304339 0.04947137262444107 0.024211655668121692 0.014113406393122169 0.007180876356173066 0.008903381754256173 0.0098161427490413 0.014128278358839452 0.013427851566423982 0.01170381243961552 0.0039675296949489005 0.006033984012901783 0.010900006939967457 -0.007581572067372644 -0.0034225229173898697 0.00627400141720677 0.00470051717232256 0.0011592380081613949 -0.0008669641553139262 -0.0038408446036135853 0.007482508267715294 0.0033300783274308465 -0.0052723275125026725 -0.01887871076663333 -0.04076875187456605 -9999 -9999 -9999 -9999 -9999 -9999 -9999 -9999 -9999 -9999 -9999 -9999 -9999 -9999 -9999 -9999 -9999
-9999 -9999 -9999 0.1576273950578814 -9999 -9999 -9999 0.09470395821818088 0.10302966413478 0.09853822038405473 0.09330447022285726 0.0814630500972271 0.04808974524541778 7.667864098193089e-05 -0.007142727084933438 -0.0013472369693695307 0.0004932425896792547 0.008619677691542094 0.02268661511071185 0.027649018066850575 0.03374724023871953 0.027219365410348195 0.02261318102478982 0.0007917243911295668 0.006237314447112703 0.002466267569268016 -0.012229797302507894 -0.020406327998408885 -0.03296075831606701 -0.021081931647603164 0.00251077445379147 -9999 -9999 -9999 -9999 -9999 -9999 -9999 -9999 -9999 -9999 -9999 -9999 -9999 -9999 -9999 -9999 -9999 -9999 -9999 -9999 -9999
-9999 -9999 -9999 0.1671244364231825 0.17273154955070755 -9999 -9999 0.14277970138937232 0.1848700436611855 0.1176497646403022 0.10027251079339873 0.08894252983179496 0.06008580205245661 0.0007400535693278254 -0.02722954943137082 -0.008597443796733911 -0.02581231991449992 0.00826490213247863 0.048057238514326056 0.06463333575621892 0.05425732450352777 0.046012491473685135 0.034427009988576174 0.01875053695878204 -0.0133866179658442 -0.005834908462038213 -0.01967324024321987 -0.02329101264476777 -0.03431151572026705 -9999 -9999 -9999 -9999 -9999 -9999 -9999 -9999 -9999 -9999 -9999 -9999 -9999 -9999 -9999 -9999 -9999 -9999 -9999 -9999 -9999 -9999 -9999
-9999 -9999 -9999 0.16509446548298 0.18283016732893884 -9999 -9999 0.12332811988890174 0.11242126857699908 0.11273863439893593 0.09316029412333264 0.06617224107476627 0.032141388393938534 0.011934730651959493 -0.02342203087270414 -0.027457408824975216 -0.024899838699234844 -0.016570027917623548 0.011305723339319227 0.017525591121779566 0.003987255030208164 0.007264096869362745 0.004713485260372574 0.004668972610185561 -0.005446860680774768 0.0014643982912485312 -0.12843303236480674 -0.08722786050216824 -9999 -9999 -9999 -9999 -9999 -9999 -9999 -9999 -9999 -9999 -9999 -9999 -9999 -9999 -9999 -9999 -9999 -9999 -9999 -9999 -9999 -9999 -9999 -9999
-9999 -9999 -9999 0.15952566945925356 0.16239512101747094 0.1725933506893806 0.19136687640000036 0.2079076409792981 0.16159046298036206 0.07646026634252989 0.0712015807810353 0.06198117738081652 0.029777080954416942 -0.011247542169358998 -0.033441817954830505 -0.045200197564230986 -0.02329405666665829 -0.02842976152896881 -0.005707598088876054 -0.00879471533828313 -0.019143592011421292 -0.013439081609249115 -0.021475763193198605 -0.027390843182802216 -0.023483992516994456 -0.034204902499914175 -0.01929937452077865 -9999 -9999 -9999 -9999 -9999 -9999 -9999 -9999 -9999 -9999 -9999 -9999 -9999 -9999 -9999 -9999 -9999 -9999 -9999 -9999 -9999 -9999 -9999 -9999 -9999
-9999 -9999 -9999 -9999 0.10646223680426677 0.058866580630221016 0.07676223600283266 0.07760788627753135 0.08548754215413748 0.06858359188165357 0.06998583941679934 0.05151385735980302 0.02225710538237594 -0.01096829043870623 -0.028211394729821593 -0.035295826196670536 -0.018335066260175503 -0.018610487003689245 -0.017347309252490173 -0.016803415573161562 -0.027495408673649246 -0.034461446258486544 -0.05209778755903244 -0.06130503505468371 -9999 -9999 -9999 -9999 -9999 -9999 -9999 -9999 -9999 -9999 -9999 -9999 -9999 -9999 -9999 -9999 -9999 -9999 -9999 -9999 -9999 -9999 -9999 -9999 -9999 -9999 -9999 -9999
-9999 -9999 -9999 -9999 0.1445962431737118 0.09177458924906597 0.09235488881285372 0.08381929983561104 0.08510992028995565 0.0683095664359056 0.04814747730042879 0.03848246567297814 0.0094445813447237 -0.01154107389890627 -0.033616159194045564 -0.028821686672609894 -0.02798242221275965 -0.01995890781931253 -0.02886192485069236 -0.040318040332446486 -0.04006901351006134 -0.04628252555081183 -0.052706818343425284 -0.06797277489129236 -0.06456679806989779 -9999 -9999 -9999 -9999 -9999 -9999 -9999 -9999 -9999 -9999 -9999 -9999 -9999 -9999 -9999 -9999 -9999 -9999 -9999 -9999 -9999 -9999 -9999 -9999 -9999 -9999 -9999
