metrics/grid_rasters/SMOS-BEC/grideval_SMOS-BEC_X_summer_2017_absolute_bias.asc
ncols 52
nrows 55
xllcorner     11.25
yllcorner     55.25
cellsize      0.25
NODATA_value  -9999
[rows 0 to 27 of 55, columns 0 to 51 of 52]
-9999 -9999 -9999 -9999 -9999 -9999 -9999 -9999 -9999 -9999 -9999 -9999 -9999 -9999 -9999 -9999 -9999 -9999 -9999 -9999 -9999 -9999 -9999 -9999 -9999 -9999 -9999 -9999 -9999 -9999 -9999 -9999 -9999 -9999 -9999 -9999 -9999 -9999 -9999 -9999 -9999 -9999 -9999 -9999 -9999 -9999 -9999 -9999 -9999 -9999 -9999 -9999
-9999 -9999 -9999 -9999 -9999 -9999 -9999 -9999 -9999 -9999 -9999 -9999 -9999 -9999 -9999 -9999 -9999 -9999 -9999 -9999 -9999 -9999 -9999 -9999 -9999 -9999 -9999 -9999 -9999 -9999 -9999 -9999 -9999 -9999 -9999 -9999 0.17196589382365346 0.1639492540985723 0.16623065153820604 0.16384592613903806 0.09261229373514654 0.08280483924034167 -9999 -9999 -9999 -9999 -9999 -9999 -9999 -9999 -9999 -9999
-9999 -9999 -9999 -9999 -9999 -9999 -9999 -9999 -9999 -9999 -9999 -9999 -9999 -9999 -9999 -9999 -9999 -9999 -9999 -9999 -9999 -9999 -9999 -9999 -9999 -9999 -9999 0.21674249981130872 0.1651664809747176 0.1190722054314046 0.11278218124061826 0.1403383314609528 0.13035669128180713 0.11767411505496952 -9999 0.10849546110257507 0.13608696546871218 0.12590904007665815 0.08272109171602787 0.06761817865800565 0.06148365939535744 0.049687390192979713 0.052397277115321717 0.01668904744178415 -0.006559648786682693 -0.027214857289590003 -9999 -9999 -9999 -9999 -9999 -9999
-9999 -9999 -9999 -9999 -9999 -9999 -9999 -9999 -9999 -9999 -9999 -9999 -9999 -9999 -9999 -9999 -9999 -9999 -9999 -9999 -9999 -9999 -9999 -9999 -9999 -9999 -9999 0.2383191237116561 0.2453386572211288 0.2576404559012089 0.18925132345710247 0.19144837451832636 0.13442592453211544 0.0829656038571287 0.0633662538028058 0.03770289179391975 0.03193582998341826 0.01263178642406021 0.01737056874177037 0.021285502328759143 0.022185432183188053 0.009052080498344606 -0.007360148018804079 -0.029250547118570613 -0.030423416840759217 -0.015842833317989524 -0.03283830461176962 -0.042541606351733215 -9999 -9999 -9999 -9999
-9999 -9999 -9999 -9999 -9999 -9999 -9999 -9999 -9999 -9999 -9999 -9999 -9999 -9999 -9999 -9999 -9999 -9999 -9999 -9999 -9999 -9999 0.16505366067091626 0.16766894883231115 0.1987730203817288 0.1626708473890058 0.2133432667264167 0.23514032596722245 0.2139019778952366 0.1971807607333176 0.18288730055485897 0.13257893580424635 0.12939207476598247 0.06608961025873822 0.05303585547723885 0.015570685812612868 0.007936217249876032 0.013200910155509782 -0.022552808356839538 -0.026734115599199804 -0.01104262731103012 -0.04150568205734778 -0.08186547204174782 -0.08580424856733193 -0.05656968971545045 -0.038548046144945884 -0.03355629098686308 -0.02051288525709949 -0.01968001231048888 -9999 -9999 -9999
-9999 -9999 -9999 -9999 -9999 -9999 -9999 -9999 -9999 -9999 -9999 -9999 -9999 -9999 -9999 -9999 -9999 -9999 -9999 -9999 -9999 0.13995501895745593 0.13402467221021652 0.17931484888928634 0.09633361734449863 0.08657919183846502 0.23851737876733145 0.1601172694315513 0.15360148103695498 0.19400097977141945 0.13504981415139306 0.12225733722709578 0.0968182150412489 0.0417206009350172 0.0342618985211148 0.01022287764607921 -0.024746191570128476 -0.03679228805262469 -0.04559405524840299 -0.041837805712764915 -0.03213338054377923 -0.03550923497162084 -0.045877026563340965 -0.07469564100558107 -0.07865460116541789 -0.0641228874747673 -0.037580978585762925 -0.02846958293683 -0.02273100366195041 -9999 -9999 -9999
-9999 -9999 -9999 -9999 -9999 -9999 -9999 -9999 -9999 -9999 -9999 -9999 -9999 -9999 -9999 -9999 -9999 -9999 -9999 -9999 -9999 -9999 0.1587554844039859 0.16727528146335055 -9999 0.1129304830122877 0.15696820478106654 0.1464025392932327 0.13990848044617266 0.12814774978905916 0.09355662893503904 0.04965250734239815 0.027495739820562776 0.01326288636773823 0.0036201226360657594 -0.0018161287766763625 -0.0204941096715629 -0.040859095837878064 -0.053800005768967214 -0.052427328276363316 -0.046340464021671864 -0.043864591724493314 -0.0464784000068903 -0.07837581177326762 -0.08549884740221364 -0.0926517780577199 -0.06860769004299401 -0.06018939481841196 -0.036817998852994686 -0.007900545332166886 -9999 -9999
-9999 -9999 -9999 -9999 -9999 -9999 -9999 -9999 -9999 -9999 -9999 -9999 -9999 -9999 -9999 -9999 -9999 -9999 -9999 -9999 -9999 0.1368599310517311 0.13440383637839176 0.14393640397382634 0.13523668958054436 0.12382821680179662 0.12094191350900617 0.062099801629413816 0.006215043547676824 0.032897365186363436 0.07789674528175966 0.00937984211415782 -0.007106333616234029 -0.01517607453279196 -0.003110890587170956 -0.014768574900668241 -0.04856987449933181 -0.07771375323279517 -0.06237382065044361 -0.03803252119026829 -0.031899388921394815 -0.018155747250224785 -0.02110723414447868 -0.035132186131530914 -0.05032243052225438 -0.06349994844934914 -0.04884966437736255 -0.0334702796406216 -0.0036976297696431626 -9999 -9999 -9999
-9999 -9999 -9999 -9999 -9999 -9999 -9999 -9999 -9999 -9999 -9999 -9999 -9999 -9999 -9999 -9999 -9999 -9999 -9999 0.1577758128521964 0.14737452752888205 0.1330747733276988 0.1262047240956568 0.10512851913635796 0.06243766360468678 -0.02046606254268002 -0.009579207702183457 -0.020085869220698768 -0.009721448326983129 -0.01408728448356067 -0.02487912864946734 -0.027296151148109904 -0.005740716166439508 -0.019626607497533144 -0.02135414895655097 -0.04731631226399369 -0.059889863668517625 -0.0875026374385598 -0.07990446000286701 -0.04652586847208856 -0.014682244049029403 -0.007529046428337516 0.009824861636322513 -0.0026394078570805557 0.00399256355307076 -0.012430202760053466 -0.0049301722411359 0.0128177300095558 0.01875454766882792 0.004645749595430126 -0.0006839485632048613 -9999
-9999 -9999 -9999 -9999 -9999 -9999 -9999 -9999 -9999 -9999 -9999 -9999 -9999 -9999 -9999 -9999 -9999 -9999 0.1490150227677077 0.1247229209924438 0.1421133428812027 0.11385372863151133 0.032845030622318035 -0.02480748324812232 -0.02407526262104509 -0.028389673314842486 -0.04049462903948392 -0.058584852144122124 -0.06842081062495707 -0.03723303143951024 -0.06282564523545181 -0.04692177372899925 -0.024350942027839773 -0.020757411805431503 -0.03457135765740038 -0.03676722525210863 -0.04851065000349825 -0.056128622775667165 -0.04789603409472476 -0.02686886271733913 -0.014566887463076716 -0.015730139747094585 -0.010990679096639809 0.0007691316390305293 -0.0026475356870822586 -0.011715165852160923 -0.013694896289471849 -0.0029052228070376995 0.004872569709681362 -0.0012906568773676794 -0.002998655264297212 -9999
-9999 -9999 -9999 -9999 -9999 -9999 -9999 -9999 -9999 -9999 -9999 -9999 -9999 -9999 -9999 -9999 -9999 0.1567599278874695 0.1505146405022395 0.07573655267967094 0.0378291787881706 0.015232940323841896 -0.0211141235553301 -0.01965481115432527 -0.03103435241881713 -0.052536138333380215 -0.060136223715894326 -0.057766472985004584 -0.038457621227611205 -0.06961361792954529 -0.09870669330385597 -0.08824196847325022 -0.05637484712695534 -0.01889632273925823 -0.02668453012169764 -0.02254584330049425 -0.011965190855723451 -0.01410902567793812 -0.007683317647891125 -0.024076220024837502 -0.012641679202572642 -0.012137472127260795 -0.021800452236379164 -0.029195704654361443 -0.026059247134776583 -0.04483414449718562 -0.04815444584642903 -0.03294810535532705 -0.025529670916246583 -0.03323354865058084 -9999 -9999
-9999 -9999 -9999 -9999 -9999 -9999 -9999 -9999 -9999 -9999 -9999 -9999 -9999 0.11308069810980842 0.13213523690189635 0.14708032228407406 0.14013360486480225 0.11714721941456635 0.14823760788233298 0.14521983132305505 0.10133085201661554 0.033630811217191935 -0.0022280191841684838 -0.02527326986540196 -0.04010249521921977 -0.0421092794700102 -0.07199202833527871 -0.061076717112552026 -0.0551983714103699 -0.06758263046768576 -0.06852749492345231 -0.07889846787693794 -0.04903086359527975 -0.020658598958768648 -0.019389815544814226 -0.0003935414027760875 0.010329763541060856 -0.0025403266877270787 0.0006142948450666985 -0.01834545527281384 0.005294469333338464 -0.03431351633554092 -0.02819464364078605 -0.040664269348208826 -0.037967796573478214 -0.045950077055545324 -0.040466060799159376 -0.028233655643734087 -0.027472586625001627 -0.031052872036280262 -0.018932161706217226 -9999
-9999 -9999 -9999 -9999 -9999 -9999 -9999 -9999 -9999 -9999 -9999 -9999 -9999 0.14001192400852838 0.12670850434473585 0.07183331818807695 0.0072258737837446185 -0.010834319878454512 0.023778637282942442 0.05970510738817125 0.003770248439067481 -0.0013851006696750654 -0.004459351833377535 -0.01728298403750894 -0.037008968605236565 -0.05017257651144808 -0.06859538653357464 -0.058577773753892275 -0.050471173091368234 -0.04995470764962112 -0.07213132535473685 -0.0677997796388155 -0.055048954757777165 -0.0321194162570882 -0.016670479514132974 -0.020726697286590903 0.0029203513298522443 0.006515481582518357 0.013072804955953976 -0.014268928364421563 -0.041127739997392304 -0.05142593567960715 -0.06588728508252775 -0.05728217741746582 -0.055130768687494336 -0.05991787756426947 -0.056844772750072235 -0.02945199921384625 -0.05506821857257324 -0.04350674771860746 -0.02809977430975841 -9999
-9999 -9999 -9999 -9999 -9999 -9999 -9999 -9999 -9999 -9999 -9999 -9999 -9999 0.11642108219010487 0.012718159028074938 0.0008601974695920943 0.0069446157369958406 -0.004371733367443065 -0.010077975969761621 -0.020339602427113638 -0.008392006536073304 -0.009743236881845084 -0.006216665686562983 -0.016917974434115638 -0.03976737589321355 -0.06831879642876715 -0.07430628450079396 -0.07626868327232922 -0.07304083781965663 -0.06839820307292296 -0.07192657720506862 -0.07373067872090774 -0.0615593163635243 -0.044582442634484985 -0.04422940212312373 -0.014083551496944654 0.0016336159759692823 -0.008522504501128486 0.006706365206268383 -0.01574002105868264 -0.040683072437061374 -0.05122607762224218 -0.06227456853630839 -0.01676295101642611 -9999 -9999 -9999 -9999 -9999 -9999 -9999 -9999
-9999 -9999 -9999 -9999 -9999 -9999 -9999 -9999 -9999 -9999 -9999 -9999 -9999 0.03504886478185654 -0.0046996885127779655 -0.004314693279172277 0.006364588290452944 -0.005272814513821389 -0.014511964249390162 -0.016546734290964482 -0.00860386386770623 -0.018744251669146283 -0.011293235609586227 -0.01379449470815336 -0.03949290530925448 -0.06910416704009878 -0.08433150025931269 -0.08621592396362263 -0.07018017082401877 -0.07528789944193334 -0.07685115899932515 -0.0858712230216373 -0.07811340943656186 -0.06772127815268257 -0.0648553557693958 -0.038111591439568576 -0.019994191071960377 -0.00946351517452282 -0.01078684276409364 -0.027933461612529964 -0.016024171331420894 -9999 -9999 -9999 -9999 -9999 -9999 -9999 -9999 -9999 -9999 -9999
-9999 -9999 -9999 -9999 -9999 -9999 -9999 -9999 -9999 -9999 -9999 -9999 0.11476312368585355 0.04249180748593062 0.02099914457413216 -0.0007500791851478562 0.018147261863624697 0.007507789027260014 -0.010295130754821023 -0.012752225189361477 -0.008018550687822812 -0.006498550866232355 0.01593394040368323 -0.008629982359707355 -0.04161826579758288 -0.057023606517098174 -0.06564073044468055 -0.07514629286996435 -0.06313764083791865 -0.06954429247839883 -0.07061160880733616 -0.07656214301559056 -0.06839749333448708 -0.05935359885131295 -0.04443835731680423 -0.036190519956025236 -0.008790666635116823 0.0016566950014267892 0.01198931988970986 -0.01730812486560865 0.003122887919458112 -9999 -9999 -9999 -9999 -9999 -9999 -9999 -9999 -9999 -9999 -9999
-9999 -9999 -9999 -9999 -9999 -9999 -9999 -9999 -9999 -9999 -9999 0.01921715613611985 0.04024431701392345 0.0579513487847228 0.06097743332031225 0.009054815353349177 0.014750649925412198 0.010594512358671287 0.0035922270177340954 -0.01165016584190326 -0.018799400680205414 -0.02752657914646417 -0.0037733568322091404 -0.013339792333898093 -0.015589495090877313 -0.04409066789290486 -0.040585273368792085 -0.07987351975468704 -0.07007859261596905 -0.06826470792293549 -0.06695139887689175 -0.06779591876199875 -0.031465059595702366 -0.048898060093907764 -0.043469418904611035 -0.0373521630847177 -0.026477906246518 -0.01099810465460732 -0.004028338672859315 -0.00856149459586425 -9999 -9999 -9999 -9999 -9999 -9999 -9999 -9999 -9999 -9999 -9999 -9999
-9999 -9999 -9999 -9999 -9999 -9999 -9999 -9999 -9999 -9999 0.02903638625341909 -0.0030192081115127944 -0.012985681453229592 -0.003197767624729564 0.008425795278230397 0.01735422328453173 0.02876213821301979 0.022048628653388413 0.01565548977473885 0.013397658795670231 0.005415437677327328 -0.028730271230725662 -0.024232985008330567 -0.0122626406096277 -0.014563837296822537 -0.024736642837524414 -0.033604243431578966 -0.032753352162449866 -0.0339248431079528 -0.04213195422600055 -0.04464338480056018 -0.036794763529437724 -0.06226119251791822 -0.06789833061835346 -0.053768659099226866 -0.05167370324217999 -0.025253672239392292 -0.013017164099784123 -0.007836036738895212 -9999 -9999 -9999 -9999 -9999 -9999 -9999 -9999 -9999 -9999 -9999 -9999 -9999
-9999 -9999 -9999 -9999 -9999 -9999 -9999 -9999 -9999 -9999 -9999 -9999 0.07108962435911342 0.006141470318817233 0.007732372376180852 0.012330708015395958 0.019807542179837656 0.024007060520705698 0.013614770206736376 0.011482221869433816 -0.00594557912611382 -0.013700787159727834 -0.026262693196894168 -0.0296593584665438 -0.03330960654350645 -0.01880229273474357 -0.019629033215074643 -0.013395911239715952 -0.010734250966240366 0.0018420544940800645 -0.02773898751253176 -0.03131183245602778 -0.03730495344190038 -0.06111935242300943 -0.06472887350134104 -0.04571305736001713 -0.014330449755545009 -0.007842227816581726 -0.008632841419024623 -0.025980437420449167 -9999 -9999 -9999 -9999 -9999 -9999 -9999 -9999 -9999 -9999 -9999 -9999
-9999 -9999 -9999 -9999 -9999 -9999 -9999 -9999 -9999 -9999 -9999 0.07609705281693763 0.029469643235206625 0.044775890686163056 -0.0007846751693813547 0.010017136887957662 0.024218564692102845 0.01679012108416786 0.07050007437506027 -0.01968072064039184 -0.03141709726031239 -0.01997753150942849 -0.03504777762545161 -0.03731912810628005 -0.033809935651629784 -0.016621751957629074 -0.002307706568614537 -0.0107382583510445 -0.01898166484692515 -0.0049646906554698935 -0.006657104761827543 -0.016297080061014962 -0.03016976801788102 -0.03980917660962968 -0.030542658933674 -0.0325181460883244 -0.025040620730982868 -0.025965832084058282 -0.012951910316226002 -9999 -9999 -9999 -9999 -9999 -9999 -9999 -9999 -9999 -9999 -9999 -9999 -9999
-9999 -9999 -9999 -9999 -9999 -9999 0.04016568419867997 0.08077238469499431 0.13931844373926136 0.16195854072326002 0.15011625835562456 0.041661018619268415 0.035958667308455566 0.012748207260922713 0.005930663905588995 0.012683826288030995 0.02245722364926017 0.01956857161389458 0.005991620353505561 -0.027851740997957924 -0.030429607593869618 -0.02338912683289224 -0.031112323267550424 -0.03540164345427402 -0.02916803624894887 -0.006792462998773979 0.01514002099269776 -0.003849516808986653 -0.010982627185379595 -0.00709681467312137 -0.007358461436701991 -0.014031134368408305 -0.024395546999322337 -0.037507725652398134 -0.03171548525612036 0.04749644547700882 0.046903027594089486 0.09364363551139833 -9999 -9999 -9999 -9999 -9999 -9999 -9999 -9999 -9999 -9999 -9999 -9999 -9999 -9999
-9999 -9999 -9999 -9999 -9999 -9999 0.1281505963981968 0.05009264498949051 0.06374989338219167 0.06773419577409237 0.057546033885549124 0.03695021315318783 0.033195649909718766 0.02401697295774685 0.010983237648854031 0.011980599102874606 0.01410250325339385 0.0061393845136518965 -0.015571055910255316 -0.009331821946494541 -0.01750645005559348 -0.01044446784185202 -0.01842433723467815 -0.02939579003973855 -0.01123144100477666 0.010651182292438138 0.01898208160589379 0.00010155066847802874 -0.02123440929302356 -0.020136876440629725 -0.0160517063809604 -0.01985841874210606 -0.04566208057733906 -0.06329726972957936 -0.0726377474794905 -9999 -9999 -9999 -9999 -9999 -9999 -9999 -9999 -9999 -9999 -9999 -9999 -9999 -9999 -9999 -9999 -9999
-9999 -9999 -9999 0.162892452351851 -9999 -9999 -9999 0.08921866377194722 0.08975020507350563 0.08862252635881304 0.0764906853437424 0.0845502447780399 0.04957985684827523 0.0075060509239571185 -0.003113156023584779 -0.00028070937382218547 -0.006175976837190207 -0.009778312770876957 -0.0021223231782147856 -0.0019035047934025109 0.0038358130707190634 0.004783656400970282 -0.009825044288867851 -0.022975728764564163 -0.012238723756391791 -0.010372983817106636 -0.0165330795571208 -0.029365206632433083 -0.029854144155979177 -0.03968145847320556 -0.030363018314043668 -9999 -9999 -9999 -9999 -9999 -9999 -9999 -9999 -9999 -9999 -9999 -9999 -9999 -9999 -9999 -9999 -9999 -9999 -9999 -9999 -9999
-9999 -9999 -9999 0.17355532933996148 0.17396575886092774 -9999 -9999 0.14161615302929512 0.1815893617517586 0.1325444346175918 0.1029021755285278 0.09204080398194492 0.049736678912716936 -0.013610618701204669 -0.03226318641100076 -0.010828210762701962 -0.01802435516161316 -0.00612094604293814 0.01562130288817945 0.02141780613721173 0.022156070344723198 0.013462266383262785 0.0024649742283398557 -0.008221691522078634 -0.014058687174931556 -0.02248684804026896 -0.05156042092503649 -0.05190775030619138 -0.044950356334447855 -9999 -9999 -9999 -9999 -9999 -9999 -9999 -9999 -9999 -9999 -9999 -9999 -9999 -9999 -9999 -9999 -9999 -9999 -9999 -9999 -9999 -9999 -9999
-9999 -9999 -9999 0.16209948031852645 0.16893018844226995 -9999 -9999 0.11654980422614455 0.1265794098377228 0.1241979058366269 0.10640785772400564 0.0812471762765199 0.0490473065572449 0.008746882947161777 -0.022314571822062118 -0.026006776094436662 -0.019512787679739213 -0.017405803967267264 -0.006631355072501344 -0.003565271066713949 -0.012202097437320621 -0.012138747538511574 -0.015505546067334425 -0.020214721655998497 -0.02028786314603612 -0.042226012700643266 -0.019451177865266817 -0.1001393058663839 -9999 -9999 -9999 -9999 -9999 -9999 -9999 -9999 -9999 -9999 -9999 -9999 -9999 -9999 -9999 -9999 -9999 -9999 -9999 -9999 -9999 -9999 -9999 -9999
-9999 -9999 -9999 0.16087564161500414 0.15056333264434024 0.1708580093582471 0.19024676344308414 0.21075503384837732 0.167206576780269 0.10042617119268166 0.10259345689086946 0.07131247500641437 0.040887723476449166 0.007351250220567762 -0.0002732230827976468 -0.016620642941775177 -0.017920493357814815 -0.028054027422331262 -0.025817957152671458 -0.023880700676296024 -0.031190517104484814 -0.02643016880595841 -0.036607479628844135 -0.04222519744139211 -0.04141724941792424 -0.04859957218170166 -0.01608262328725113 -9999 -9999 -9999 -9999 -9999 -9999 -9999 -9999 -9999 -9999 -9999 -9999 -9999 -9999 -9999 -9999 -9999 -9999 -9999 -9999 -9999 -9999 -9999 -9999 -9999
-9999 -9999 -9999 -9999 0.08724865883395266 0.04128087738430816 0.06290776098703407 0.08286852241517642 0.10120505527103027 0.10039562741354982 0.08978844630090813 0.05792589216858526 0.019912773766849638 0.005848713266925931 -0.02325825612896526 -0.018214835019051277 -0.008843210816849023 -0.012852623681478851 -0.02082275153031643 -0.025842528957395968 -0.030373812015903636 -0.03970030665789781 -0.05374060556865659 -0.061759801267029374 -9999 -9999 -9999 -9999 -9999 -9999 -9999 -9999 -9999 -9999 -9999 -9999 -9999 -9999 -9999 -9999 -9999 -9999 -9999 -9999 -9999 -9999 -9999 -9999 -9999 -9999 -9999 -9999
-9999 -9999 -9999 -9999 0.13812944576144218 0.06839147120617425 0.06416290625929835 0.08144592411525836 0.08584874015497533 0.08549579862203148 0.045346418752858116 0.023307109499971057 -0.00567335243287842 -0.01883420561041149 -0.03344261164281079 -0.025323838392893483 -0.015854567552033155 -0.013173715415177869 -0.017713976340203358 -0.030515666524940088 -0.03695077017733925 -0.05079225768645607 -0.060988084848534775 -0.09570019467709924 -0.07482575576800808 -9999 -9999 -9999 -9999 -9999 -9999 -9999 -9999 -9999 -9999 -9999 -9999 -9999 -9999 -9999 -9999 -9999 -9999 -9999 -9999 -9999 -9999 -9999 -9999 -9999 -9999 -9999
