metrics/grid_rasters/SMOS-BEC/grideval_SMOS-BEC_Y_2017_absolute_bias.asc
ncols 52
nrows 55
xllcorner     11.25
yllcorner     55.25
cellsize      0.25
NODATA_value  -9999
[rows 0 to 27 of 55, columns 0 to 51 of 52]
-9999 -9999 -9999 -9999 -9999 -9999 -9999 -9999 -9999 -9999 -9999 -9999 -9999 -9999 -9999 -9999 -9999 -9999 -9999 -9999 -9999 -9999 -9999 -9999 -9999 -9999 -9999 -9999 -9999 -9999 -9999 -9999 -9999 -9999 -9999 -9999 -9999 -9999 -9999 -9999 -9999 -9999 -9999 -9999 -9999 -9999 -9999 -9999 -9999 -9999 -9999 -9999
-9999 -9999 -9999 -9999 -9999 -9999 -9999 -9999 -9999 -9999 -9999 -9999 -9999 -9999 -9999 -9999 -9999 -9999 -9999 -9999 -9999 -9999 -9999 -9999 -9999 -9999 -9999 -9999 -9999 -9999 -9999 -9999 -9999 -9999 -9999 -9999 0.16457145145306218 0.15348803596336302 0.1560903845386485 0.15172609798766734 0.08271297975247649 0.07885975844018964 -9999 -9999 -9999 -9999 -9999 -9999 -9999 -9999 -9999 -9999
-9999 -9999 -9999 -9999 -9999 -9999 -9999 -9999 -9999 -9999 -9999 -9999 -9999 -9999 -9999 -9999 -9999 -9999 -9999 -9999 -9999 -9999 -9999 -9999 -9999 -9999 -9999 0.16855225189552675 0.11821634241858048 0.09952201613460676 0.11278218124061826 0.10764452186954576 0.12112763091264404 0.1127262202401956 -9999 0.09937109109014276 0.12746853508180436 0.1227887505430634 0.07699476035891989 0.06645690658908399 0.06234880726112696 0.051662573484870494 0.049603698551654835 0.015915190860156053 -0.006879513657937875 -0.02285464049782604 -9999 -9999 -9999 -9999 -9999 -9999
-9999 -9999 -9999 -9999 -9999 -9999 -9999 -9999 -9999 -9999 -9999 -9999 -9999 -9999 -9999 -9999 -9999 -9999 -9999 -9999 -9999 -9999 -9999 -9999 -9999 -9999 -9999 0.17751270542814307 0.2018837283660726 0.2079174445091706 0.18917615136619909 0.1912710754392303 0.13506641818417445 0.07802784215073938 0.056754440069198615 0.03457502537965773 0.026562486264494173 0.017536867555463687 0.020393049728775814 0.027252077815994147 0.026847632601857185 0.002856202882069836 -0.015121397443283781 -0.031966650956555376 -0.035595998548987214 -0.0260331666515779 -0.0337915092258525 -0.04096375670697955 -9999 -9999 -9999 -9999
-9999 -9999 -9999 -9999 -9999 -9999 -9999 -9999 -9999 -9999 -9999 -9999 -9999 -9999 -9999 -9999 -9999 -9999 -9999 -9999 -9999 -9999 0.11713223797934395 0.12141091970063872 0.1375655522836106 0.11634745852400855 0.17147227971711093 0.1993299554218538 0.1934569893430357 0.1958922829919605 0.18335548591884696 0.13548969980329276 0.1285933749981163 0.06495246144591782 0.04946788297436099 0.0143645612001419 3.0168592929813446e-05 0.00972355025138444 -0.021869405929464847 -0.028459212771849707 -0.011697833505711795 -0.04959377084787076 -0.09483683484571953 -0.1025394390830222 -0.07224946235542867 -0.0458952971082881 -0.042458678210588296 -0.024930299204938555 -0.02158216584254713 -9999 -9999 -9999
-9999 -9999 -9999 -9999 -9999 -9999 -9999 -9999 -9999 -9999 -9999 -9999 -9999 -9999 -9999 -9999 -9999 -9999 -9999 -9999 -9999 0.10475714760167254 0.10093028057519704 0.13160819934043838 0.08990506510201253 0.09916449918077797 0.17663502081164292 0.1673297904358775 0.16004012527449402 0.1874084758690034 0.14388316826273995 0.12204285025257955 0.09649014146613684 0.039664780342482005 0.03282178451461118 0.009197750388501402 -0.020080546312259917 -0.032378622239693684 -0.04393312940023897 -0.043479633510560944 -0.03932426820198698 -0.03002659549169678 -0.052256658351678635 -0.09609638165304624 -0.09995954285422676 -0.07881536064804462 -0.05049742536916246 -0.03610092614569682 -0.03640197734694839 -9999 -9999 -9999
-9999 -9999 -9999 -9999 -9999 -9999 -9999 -9999 -9999 -9999 -9999 -9999 -9999 -9999 -9999 -9999 -9999 -9999 -9999 -9999 -9999 -9999 0.12314585973955185 0.13694183140584867 -9999 0.11710001896193 0.14536144946302687 0.15118065242256434 0.15187547794159725 0.1346399036546548 0.09359644764051664 0.05082761879921669 0.025264718960369803 0.01401147517290982 -0.0060167904011905185 -0.00305338782759812 -0.016604023100423415 -0.04674036003822502 -0.058694713534070915 -0.039470109866181435 -0.05618254851411891 -0.046640731394290924 -0.04352906914494875 -0.0910173640719482 -0.10486539463836247 -0.1122976038472872 -0.08430928667741161 -0.07122057137337134 -0.038909712646688736 -0.0067789422200738025 -9999 -9999
-9999 -9999 -9999 -9999 -9999 -9999 -9999 -9999 -9999 -9999 -9999 -9999 -9999 -9999 -9999 -9999 -9999 -9999 -9999 -9999 -9999 0.12512107450692428 0.12488952968959455 0.13613163969378073 0.13606127639017673 0.13094070482999087 0.12601740454175625 0.0758447842592867 0.018661432212493445 0.04068843144923445 0.07853146008673617 0.015228159311744928 -0.03057669547956382 -0.041764844983313835 -0.01829965281135898 -0.030182496562381037 -0.05014268024002805 -0.07527263263161754 -0.06287343002540963 -0.04790193089123429 -0.03234870179549798 -0.01839534511099328 -0.022214894773254945 -0.04256271193145028 -0.05468992318244692 -0.07647466078294934 -0.06202902502201967 -0.04051071637911152 -0.0060812994103196525 -9999 -9999 -9999
-9999 -9999 -9999 -9999 -9999 -9999 -9999 -9999 -9999 -9999 -9999 -9999 -9999 -9999 -9999 -9999 -9999 -9999 -9999 0.13424599021448785 0.13793021022546584 0.13519569713444934 0.12610446492076982 0.11148622101760124 0.07261580334300488 -0.0103429689750833 -0.004827851678912143 -0.01432492612868319 -0.008184662507486007 -0.014850446286092278 -0.02638401955593633 -0.02583937933950714 -0.021199727753051237 -0.037497617413892466 -0.04401220649266413 -0.06668907393069162 -0.07200886877320656 -0.09393144739525656 -0.08507116117647717 -0.05929306426218577 -0.024060919775929283 -0.010929445807750404 0.00586364199439965 -0.002353614274884619 0.004624653845391347 -0.01477707404616879 -0.011041292273406444 0.008979053774350099 0.0199251319216171 0.013192552391072393 0.013677833720724621 -9999
-9999 -9999 -9999 -9999 -9999 -9999 -9999 -9999 -9999 -9999 -9999 -9999 -9999 -9999 -9999 -9999 -9999 -9999 0.14135510830875533 0.1315800054610302 0.14398310923058055 0.1184221472844337 0.04201212551635808 -0.01024270254718368 -0.015336812784274456 -0.016114299744367566 -0.0316530276638593 -0.04132690609743195 -0.05433903579130645 -0.04666732659014011 -0.066888274004062 -0.05383603450738717 -0.028334674444691843 -0.03774098327306852 -0.05629129075024225 -0.05423130855478092 -0.05329308468720007 -0.05796733950746469 -0.05383963331784286 -0.03767349295420192 -0.02568714310239245 -0.02293857868681559 -0.012011255218288108 -8.34840682003013e-05 0.0024253731252442123 -0.008902427099697963 -0.012656478013129968 -0.0029980922844393128 0.007613878300849418 0.004305234350633985 0.0035064858219302497 -9999
-9999 -9999 -9999 -9999 -9999 -9999 -9999 -9999 -9999 -9999 -9999 -9999 -9999 -9999 -9999 -9999 -9999 0.1441103742906341 0.14717475080223227 0.07160804064317358 0.043540825257482714 0.02410124132379157 -0.006388055804733893 -0.014933457225561109 -0.02322726361742317 -0.041824646410532296 -0.052026611511354126 -0.0516192865197676 -0.033446649698564423 -0.06686488114711309 -0.10289928095137818 -0.09593568270583808 -0.06583801662208333 -0.030123061866595857 -0.04041991602732903 -0.024320150919569072 -0.01849892812666215 -0.016621312417951558 -0.008509477182310432 -0.024762346631004684 -0.015729417859697004 -0.010109365828437356 -0.01812115275151249 -0.02448211127603556 -0.021742916414662 -0.03594489243458696 -0.04172521882446098 -0.0290448488601556 -0.018505739721846104 -0.02333080700375661 -9999 -9999
-9999 -9999 -9999 -9999 -9999 -9999 -9999 -9999 -9999 -9999 -9999 -9999 -9999 0.1111446447946407 0.12865660128034195 0.1415698409262227 0.13603123612325602 0.1260086644244372 0.14969645660936035 0.14684346592782635 0.11047701766976152 0.0412466443518055 0.010358283311128648 -0.014606805025216385 -0.026135818752115736 -0.0429685118383375 -0.07238239189609885 -0.05512659642203105 -0.0503069157230443 -0.06269223412563063 -0.06426639643472593 -0.08100747910081124 -0.05945219762366394 -0.0224671141333776 -0.02185581624507904 -0.006931969871123656 0.00371785753884829 -0.006212061683603554 0.0007191427902087378 -0.016192413715494625 -0.0023104861611500105 -0.02509742980303406 -0.02214506293843393 -0.03414168690020841 -0.029943557364957293 -0.0414231663018885 -0.034447872407839315 -0.02382538980203316 -0.019802718077387118 -0.020649197623662102 -0.015173366095157403 -9999
-9999 -9999 -9999 -9999 -9999 -9999 -9999 -9999 -9999 -9999 -9999 -9999 -9999 0.14041229953736434 0.1272974328862296 0.07381816631481974 0.012982481140263236 0.003146783159488964 0.033939426572158427 0.06985209113494918 0.015944333326431998 0.015630455157621126 0.0073185461071821325 -0.014255677252563104 -0.036253638048138866 -0.04692409702972189 -0.08414670416753586 -0.06005062958965561 -0.05828162441993584 -0.05273566564609266 -0.06411054416173173 -0.06662286442964255 -0.053892834565124 -0.027571991263400986 -0.013356982554132868 -0.01908060805933759 0.0005985003389768206 0.007999190898149627 0.009853442743320591 -0.008600333353152134 -0.02926423005303555 -0.03985362951041893 -0.053671560978808375 -0.04772283421415418 -0.05111247401048494 -0.05184183689490171 -0.04547863931093416 -0.021633260434480026 -0.03744365115250861 -0.02367875656337604 -0.011361979687890269 -9999
-9999 -9999 -9999 -9999 -9999 -9999 -9999 -9999 -9999 -9999 -9999 -9999 -9999 0.1181292328196512 0.02296873056574872 0.010588807491665186 0.015831554587930396 0.011390648533900538 0.008164413630962375 0.00018746066181096754 0.004814045310020443 0.012876365548200763 0.004165281817830825 -0.012594815595327212 -0.03735609715049332 -0.060583820113459134 -0.07014487653567986 -0.08226861514978936 -0.07124389984355067 -0.069459362436604 -0.07188591959052965 -0.06227949659998532 -0.047868360888283217 -0.036105339029792016 -0.04247499439031721 -0.02070303294288961 -0.004492201195780643 -0.0036256334072427006 0.00040712814991639146 -0.010080788872743912 -0.02819694458638264 -0.03781572684041554 -0.05233669225253218 -0.001447945005363882 -9999 -9999 -9999 -9999 -9999 -9999 -9999 -9999
-9999 -9999 -9999 -9999 -9999 -9999 -9999 -9999 -9999 -9999 -9999 -9999 -9999 0.042124194706358566 0.00792365599084982 0.00996976021008611 0.018733515928522848 0.014917624535179946 0.004856250027105935 0.0011562647971701256 -0.0028312930387669466 -0.008203732402160269 -0.005827605877428865 -0.005995842905060666 -0.03698082691108856 -0.0680353088757476 -0.08125793651954544 -0.08162445016205311 -0.06457426788565379 -0.06553061372999636 -0.07013549202797459 -0.0715346493167815 -0.06053309310828486 -0.04958621072406066 -0.0456132346764207 -0.02709469935040415 -0.02262323449371728 -0.0167692761607231 -0.010624807186519064 -0.02046569637758169 -0.014934237856341875 -9999 -9999 -9999 -9999 -9999 -9999 -9999 -9999 -9999 -9999 -9999
-9999 -9999 -9999 -9999 -9999 -9999 -9999 -9999 -9999 -9999 -9999 -9999 0.12515564158093184 0.05146684362774803 0.032002545051997684 0.014233430445194206 0.030666200999628024 0.02430495763266527 0.010373138497428323 0.006582622915212165 0.0011260314280853168 0.0014287245770295276 0.014170935587180356 -0.006023426225643279 -0.040563530533721526 -0.048239690539928486 -0.05909291045232251 -0.06056476913907996 -0.04481753798914545 -0.0505338010858305 -0.04475900071968392 -0.045383702037912386 -0.04194023021017057 -0.03687363244790698 -0.03156969576375557 -0.026022168772318718 -0.011749399606115318 -0.0030518273512522565 0.007845064081390463 -0.014228243663718415 0.001153932926945045 -9999 -9999 -9999 -9999 -9999 -9999 -9999 -9999 -9999 -9999 -9999
-9999 -9999 -9999 -9999 -9999 -9999 -9999 -9999 -9999 -9999 -9999 0.018144537084575363 0.0501604300506156 0.07242157377979974 0.07387445411894106 0.02443012070152481 0.027011801817811515 0.028418848457843482 0.015574230818498512 0.002287339047776338 -0.003768669776849865 -0.00637597144400115 0.007868425454944372 -0.0021291994613906184 -0.0013770204879770542 -0.022999146484559585 -0.029266161337980767 -0.053443518623432 -0.047156300442004084 -0.04157322608620112 -0.03966623176763087 -0.039174720828915786 -0.014656423450229106 -0.023846328764418 -0.02614336121308658 -0.02718820313739173 -0.02950833709194109 -0.010224973434402096 0.0009319063324433052 -0.004393349958103393 -9999 -9999 -9999 -9999 -9999 -9999 -9999 -9999 -9999 -9999 -9999 -9999
-9999 -9999 -9999 -9999 -9999 -9999 -9999 -9999 -9999 -9999 0.03243483857066304 -0.0011414962421570918 0.00230159444766026 0.01121496458437818 0.024650453025994667 0.029669833027066744 0.03459783635983532 0.03106591360101218 0.025733685577815413 0.02621672101218828 0.020687166212892263 -0.003698805839784658 -0.0019394292961805726 0.004346430468826712 0.00017890145381294076 -0.0039252735870449204 -0.020115391828883944 -0.021389929033954702 -0.02020501159131527 -0.024884069509849976 -0.030856453441083426 -0.0198092305941916 -0.04140452520898832 -0.046498562680718336 -0.032807548325391685 -0.035405809949537764 -0.0131655547554326 -0.01275235677185732 -0.004500973778657408 -9999 -9999 -9999 -9999 -9999 -9999 -9999 -9999 -9999 -9999 -9999 -9999 -9999
-9999 -9999 -9999 -9999 -9999 -9999 -9999 -9999 -9999 -9999 -9999 -9999 0.08582448279736812 0.019534991096173016 0.028273977787245663 0.02919983239212065 0.03460086753913835 0.0345080336946213 0.0286729500024516 0.025179543887497883 0.012896807366831686 0.005730037306305724 -0.0021353246644139068 -0.002266535368294298 -0.00429321099550295 0.00035925678187803683 -0.005457182709247832 -0.0054602771281049844 -0.0012011732086070759 0.006095373801365017 -0.01370298589423577 -0.0173013346430696 -0.023595483720670524 -0.04253382781832857 -0.042806710407232766 -0.02709744807768177 -0.0022012291868266087 -0.007777009657613798 -0.0090442058415367 -0.017618454394885075 -9999 -9999 -9999 -9999 -9999 -9999 -9999 -9999 -9999 -9999 -9999 -9999
-9999 -9999 -9999 -9999 -9999 -9999 -9999 -9999 -9999 -9999 -9999 0.08617119740327481 0.049861737037614234 0.07700819928776209 0.025172924394569085 0.028766637328052264 0.03940157100106731 0.03244586927706705 0.06300344931444635 0.003412628489220804 -0.007001515272204884 0.002212957443693042 -0.008886192954561223 -0.011609478941503605 -0.011456656729495971 -0.0007081419751522878 0.006077021550221079 -0.0028195670171148324 -0.003454642312135548 0.004791110065902132 0.00857168953451845 -0.0033275517232624068 -0.015561217773545744 -0.025813958573120577 -0.019005887396633614 -0.01899397210815013 -0.013640642763139338 -0.0225256969025181 -0.015667289993755357 -9999 -9999 -9999 -9999 -9999 -9999 -9999 -9999 -9999 -9999 -9999 -9999 -9999
-9999 -9999 -9999 -9999 -9999 -9999 0.036412807572789564 0.08062755743153073 0.13019535591935413 0.15343454210652094 0.14229201318344456 0.0502670924179256 0.05305184376163363 0.03024489628268948 0.029212219386089668 0.02794692362371237 0.03756508462300357 0.03179637738642932 0.020721232166468373 -0.008261580276721248 -0.007646449908081998 0.0009944153328736438 -0.009144635459819415 -0.011543277252770046 -0.0035261502084524827 0.009833082485540628 0.02105478937587429 0.004834123971787341 -0.0035963715403340975 0.00561427635451156 0.009626595854009462 0.0033656962448730954 -0.010600919974967815 -0.020007762825116487 -0.017105314464117394 0.06318351905792953 0.07104301918298006 0.172680230345577 -9999 -9999 -9999 -9999 -9999 -9999 -9999 -9999 -9999 -9999 -9999 -9999 -9999 -9999
-9999 -9999 -9999 -9999 -9999 -9999 0.13633374293812184 0.058749044745448335 0.06920638353428768 0.07907684499190915 0.06801234760119779 0.05221863666704543 0.04268023713581984 0.03445823705595191 0.031875127435560896 0.03123967412746312 0.029215980949531126 0.020965301309756542 0.006408022279032033 0.00678964829540743 0.0005701560505300963 0.00476233681750507 0.005784516871878587 -0.0021859540615275512 0.0129232004736409 0.02312037239246295 0.030950163325374837 0.01456493064418343 -0.0072703850088697295 -0.008559595884346405 -0.00593522908339586 -0.004589493200182926 -0.023831375910549457 -0.042636514404175464 -0.04785109277998595 -9999 -9999 -9999 -9999 -9999 -9999 -9999 -9999 -9999 -9999 -9999 -9999 -9999 -9999 -9999 -9999 -9999
-9999 -9999 -9999 0.16453658512387526 -9999 -9999 -9999 0.09419383703715216 0.09581618923693896 0.09643693933529512 0.08116925874991078 0.089447910757431 0.06015283282869641 0.020115019853563957 0.0115753896950212 0.021091636469042524 0.012099698840401962 0.009726686513371023 0.01906869080231852 0.01808462631024285 0.021718855622376104 0.018720628757199098 0.009443851945164422 0.0020314266242213164 0.009348923623649004 0.012850876149087226 0.006764748829405726 -0.009132725161475092 -0.02284580017931712 -0.03085368883330375 -0.02690471538219108 -9999 -9999 -9999 -9999 -9999 -9999 -9999 -9999 -9999 -9999 -9999 -9999 -9999 -9999 -9999 -9999 -9999 -9999 -9999 -9999 -9999
-9999 -9999 -9999 0.1736270358303079 0.17449384315225938 -9999 -9999 0.14574808623581156 0.18433203509091647 0.12612731266697802 0.1074995983258954 0.09114774454359872 0.05426561729619642 0.009935283285449265 -0.009494799138822896 0.01353636465950439 0.008262164229036945 0.016603334770826206 0.03325328333470634 0.033852765369310735 0.03673850209053073 0.025236468508400084 0.02172847492776439 0.012713869227870794 0.017244903651695703 0.010112134940520741 -0.01535624085119899 -0.02394846993141203 -0.030623265653848625 -9999 -9999 -9999 -9999 -9999 -9999 -9999 -9999 -9999 -9999 -9999 -9999 -9999 -9999 -9999 -9999 -9999 -9999 -9999 -9999 -9999 -9999 -9999
-9999 -9999 -9999 0.16563173536663856 0.1727721165900804 -9999 -9999 0.11807435887224485 0.12827956097382573 0.12438063051471175 0.10752261766111074 0.09066622626340508 0.05497139624876343 0.029878439824384286 -0.0007378866084653822 0.0029666610121455994 0.01025040608510608 0.011183589937932337 0.017084836170953854 0.022164090964729072 0.015126093803496832 0.01271159083892903 0.002635914447337545 -0.0004897276316419563 0.00457105843414521 -0.012186109991631944 0.003792848339990579 -0.06836043793009594 -9999 -9999 -9999 -9999 -9999 -9999 -9999 -9999 -9999 -9999 -9999 -9999 -9999 -9999 -9999 -9999 -9999 -9999 -9999 -9999 -9999 -9999 -9999 -9999
-9999 -9999 -9999 0.1662013236911292 0.1585682372735665 0.17359419613913224 0.2009984650456708 0.20300082007795567 0.1665221689504016 0.08835888045304632 0.10078180614692063 0.08110570526071663 0.045604486876216384 0.020548071928562645 0.01598408988167918 0.004096919408237421 0.009844852518185704 0.000526386859088096 0.0037108030512757744 0.009427344688120204 0.002906433732637742 0.0027899849768830967 -0.010710637310294646 -0.016512788340940554 -0.009524369705988715 -0.012975678093240656 0.007673591064910085 -9999 -9999 -9999 -9999 -9999 -9999 -9999 -9999 -9999 -9999 -9999 -9999 -9999 -9999 -9999 -9999 -9999 -9999 -9999 -9999 -9999 -9999 -9999 -9999 -9999
-9999 -9999 -9999 -9999 0.09036871346599254 0.043334110332114116 0.0681263453885913 0.08732097232425515 0.10622226020607814 0.10437303633614857 0.0747244834783487 0.06402723078507985 0.036149027880700624 0.017676739369991396 0.001298601395472998 0.0066167525175584154 0.014933731911938862 0.016323707600155585 0.011405962432529476 0.0047554098343276785 0.005620529296371218 -0.002303415992193747 -0.02245098881546284 -0.034913421428417635 -9999 -9999 -9999 -9999 -9999 -9999 -9999 -9999 -9999 -9999 -9999 -9999 -9999 -9999 -9999 -9999 -9999 -9999 -9999 -9999 -9999 -9999 -9999 -9999 -9999 -9999 -9999 -9999
-9999 -9999 -9999 -9999 0.1476208458474854 0.08362417430180358 0.06922447228232237 0.08366458672134361 0.09393800390646116 0.0960269987631096 0.059144562951944514 0.043845937097406314 0.01249975938869477 0.00018981494707986932 -0.009882371743274164 0.0020996551972705673 0.009508553090695787 0.010963036802381615 0.006415151879191422 0.004084924413833041 0.0006328673758120572 -0.013077171248846886 -0.025752499107868282 -0.04945590029367142 -0.039914848427314235 -9999 -9999 -9999 -9999 -9999 -9999 -9999 -9999 -9999 -9999 -9999 -9999 -9999 -9999 -9999 -9999 -9999 -9999 -9999 -9999 -9999 -9999 -9999 -9999 -9999 -9999 -9999
