metrics/grid_rasters/SMOS-BEC/grideval_SMOS-BEC_X_summer_2016_absolute_bias.asc
ncols 52
nrows 55
xllcorner     11.25
yllcorner     55.25
cellsize      0.25
NODATA_value  -9999
[rows 0 to 27 of 55, columns 0 to 51 of 52]
-9999 -9999 -9999 -9999 -9999 -9999 -9999 -9999 -9999 -9999 -9999 -9999 -9999 -9999 -9999 -9999 -9999 -9999 -9999 -9999 -9999 -9999 -9999 -9999 -9999 -9999 -9999 -9999 -9999 -9999 -9999 -9999 -9999 -9999 -9999 -9999 -9999 -9999 -9999 -9999 -9999 -9999 -9999 -9999 -9999 -9999 -9999 -9999 -9999 -9999 -9999 -9999
-9999 -9999 -9999 -9999 -9999 -9999 -9999 -9999 -9999 -9999 -9999 -9999 -9999 -9999 -9999 -9999 -9999 -9999 -9999 -9999 -9999 -9999 -9999 -9999 -9999 -9999 -9999 -9999 -9999 -9999 -9999 -9999 -9999 -9999 -9999 -9999 0.15012852715540534 0.12981861262094405 0.14108829759061334 0.14139307308055102 0.07568068951368334 0.05295128471711105 -9999 -9999 -9999 -9999 -9999 -9999 -9999 -9999 -9999 -9999
-9999 -9999 -9999 -9999 -9999 -9999 -9999 -9999 -9999 -9999 -9999 -9999 -9999 -9999 -9999 -9999 -9999 -9999 -9999 -9999 -9999 -9999 -9999 -9999 -9999 -9999 -9999 0.13416355498360866 0.06927647739648818 0.041155175332512166 0.05705926997794045 0.09548452397187554 0.08067304989959623 0.08491492210779081 -9999 0.06332916142635568 0.10166494723628547 0.10631114386376883 0.07142782672530129 0.06234659298377876 0.05517191054189904 0.04728580327594984 0.038678660287576584 0.01226945611692612 -0.021006346281085664 -0.0369010828435421 -9999 -9999 -9999 -9999 -9999 -9999
-9999 -9999 -9999 -9999 -9999 -9999 -9999 -9999 -9999 -9999 -9999 -9999 -9999 -9999 -9999 -9999 -9999 -9999 -9999 -9999 -9999 -9999 -9999 -9999 -9999 -9999 -9999 0.13256190990915107 0.1457492895424366 0.12206629839013605 0.16164982396488387 0.1639420268190808 0.10827043373137712 0.04480811069871105 0.029703421277158387 0.014127432774094978 0.014247566812178702 0.007549963891506195 0.005276688862414614 0.015643399427918814 0.0259096142123727 0.0002168981467976505 -0.026015633695265827 -0.04858757117215323 -0.047177453303620935 -0.03757322991595546 -0.048221250404329896 -0.04361585676670071 -9999 -9999 -9999 -9999
-9999 -9999 -9999 -9999 -9999 -9999 -9999 -9999 -9999 -9999 -9999 -9999 -9999 -9999 -9999 -9999 -9999 -9999 -9999 -9999 -9999 -9999 0.0908080354332924 0.10597007974982264 0.11439329408682307 0.09521140462972903 0.12398204024021442 0.1166329757899654 0.13593813754045042 0.15066619552200355 0.16665436819563678 0.11896646168382688 0.10039979999148572 0.0358611034272715 0.022886430046388045 0.004037899655454313 0.014688003238509691 0.0188281906001708 -0.014078711323878338 -0.03117581360480365 -0.031168324807110962 -0.053558318930513715 -0.10031794449862308 -0.11454687197418773 -0.0817596020975283 -0.06619137998889474 -0.06475316163371593 -0.040446163889239765 -0.040698840337641096 -9999 -9999 -9999
-9999 -9999 -9999 -9999 -9999 -9999 -9999 -9999 -9999 -9999 -9999 -9999 -9999 -9999 -9999 -9999 -9999 -9999 -9999 -9999 -9999 0.10876149168381323 0.09909424598400413 0.11739926636219022 0.12615048274341406 0.11850609676274534 0.11675871497598188 0.13648953896604088 0.16143284440040587 0.14159705052152274 0.1355831040026144 0.09649183729599264 0.06419633692780205 0.016279921455438745 0.01062081875496135 -0.0051901708630954215 -0.02121510443299313 -0.03532106360030729 -0.04080057655309522 -0.052981743112552986 -0.030931707796489075 -0.0366691697608022 -0.07418744967773905 -0.10978740782931797 -0.1148266005654668 -0.09146256464369157 -0.07948592447099229 -0.04960155688664492 -0.042484200526686285 -9999 -9999 -9999
-9999 -9999 -9999 -9999 -9999 -9999 -9999 -9999 -9999 -9999 -9999 -9999 -9999 -9999 -9999 -9999 -9999 -9999 -9999 -9999 -9999 -9999 0.11706221527778188 0.12536030308558396 0.05938362181186674 0.12939775047393948 0.1346316256094724 0.1336362200938625 0.1569655083692991 0.12331384021875473 0.0905000460009242 0.044272182252386494 0.0046855311754137865 -0.005191314878851883 -0.007848263999750471 -0.0218515196267296 -0.0496778158947479 -0.03142615407705307 -0.0661105899963268 -0.06501112271879994 -0.06489069508605227 -0.04339764013799818 -0.05386860382764835 -0.11217990812174113 -0.1069784412203833 -0.1162058472633362 -0.10338034805129552 -0.08500712180838871 -0.05283053315737668 -0.026064232612649615 -9999 -9999
-9999 -9999 -9999 -9999 -9999 -9999 -9999 -9999 -9999 -9999 -9999 -9999 -9999 -9999 -9999 -9999 -9999 -9999 -9999 -9999 -9999 0.11806594752348387 0.11966238079162746 0.11631429052123655 0.14513576655433727 0.12713214861495153 0.14056167811728446 0.07523464316198998 0.0006612366022065164 0.030463766566542705 0.06701444981749666 0.0013328683237696648 -0.026017523608928502 -0.020644012281949453 -0.017568538928854068 -0.020358708869109232 -0.048767353906187916 -0.07434488832950592 -0.09147797477279984 -0.073542638746805 -0.06591876565890252 -0.048780194721942734 -0.04382113826482792 -0.07350258096012957 -0.08765020568010418 -0.0983850748906302 -0.08263279233387738 -0.0682284637409098 -0.04166065454483031 -9999 -9999 -9999
-9999 -9999 -9999 -9999 -9999 -9999 -9999 -9999 -9999 -9999 -9999 -9999 -9999 -9999 -9999 -9999 -9999 -9999 -9999 0.10855129292378056 0.11719297354037946 0.13292383825914428 0.11995110245278252 0.10827881837172842 0.10172968896535728 0.0011474256252133608 -0.00338528487224915 -0.021644380842817224 -0.017247518809402673 -0.0337062059291478 -0.02528976397805438 -0.03693842350743537 -0.03048181157002505 -0.04573093029274339 -0.04167065538209058 -0.040843881146852334 -0.07120655927547187 -0.10089667678572413 -0.11069033277589224 -0.08649857532839443 -0.053290502016627495 -0.026400946167319358 -0.021996453491061274 -0.029098445852828562 -0.023943528013173957 -0.0480144554965718 -0.04746293640413951 -0.02753611496266195 -0.015053912952897097 -0.02502603671130016 -0.014900047332048416 -9999
-9999 -9999 -9999 -9999 -9999 -9999 -9999 -9999 -9999 -9999 -9999 -9999 -9999 -9999 -9999 -9999 -9999 -9999 0.1265273659275128 0.1282453760632301 0.13399429757196407 0.10692513969082096 0.05351820554245604 -0.006542781794286634 -0.0017414588311856494 -0.02128509886097163 -0.03298184618182565 -0.0529080675593738 -0.07335040878889887 -0.05531153827905655 -0.08886547489412899 -0.0756908918934307 -0.04972930809204607 -0.038967141509056114 -0.04341898490400875 -0.0417853545310885 -0.04887898300969323 -0.08297329702798062 -0.07625543405027951 -0.06302752459750455 -0.03804969129174257 -0.027118176373458203 -0.02246606560314401 -0.012006334346883418 -0.026024004920970567 -0.04012514906393927 -0.04815191377040951 -0.04063400244990062 -0.04087859041550579 -0.0358935986601171 -0.029689335308614232 -9999
-9999 -9999 -9999 -9999 -9999 -9999 -9999 -9999 -9999 -9999 -9999 -9999 -9999 -9999 -9999 -9999 -9999 0.1316122216244157 0.1327729751355946 0.05110053762205338 0.023974674930678147 0.012336126621812576 -0.00911680816418742 -0.012684652920473716 -0.03440915056588978 -0.03854978752547295 -0.04825951741344625 -0.040934931015831344 -0.032498596214700026 -0.0801562248975381 -0.11002898421780816 -0.10813155487693588 -0.08384018079486 -0.05089401672868171 -0.045807678429853387 -0.037708988648721575 -0.039261974480956086 -0.03651145810590073 -0.033177970700404236 -0.04507304622846492 -0.02654307171009307 -0.01663585940679141 -0.023054378874161674 -0.024071581749355087 -0.020986208778827675 -0.049979823879724335 -0.06413893533103604 -0.053077293429956866 -0.03574311996207519 -0.029562891239211662 -9999 -9999
-9999 -9999 -9999 -9999 -9999 -9999 -9999 -9999 -9999 -9999 -9999 -9999 -9999 0.07989239033128392 0.10125179092089336 0.11601439023774768 0.1175513018084609 0.13071724995970724 0.1335290107302941 0.1255320826402077 0.09384722886390463 0.029864425631775268 -0.002551978072998173 -0.024638012993609737 -0.03011829303256397 -0.03897690011019056 -0.07001948742003275 -0.050295879700403064 -0.05574489581858974 -0.07236838092406589 -0.09380369059655863 -0.1025148310709274 -0.07517663380880463 -0.0416283691630644 -0.02882953910600572 -0.022383796960808555 -0.02001088372496668 -0.015906467244905603 -0.010674555161420044 -0.020967121509944703 -0.03842380652442959 -0.017265845853162067 -0.027753777757641814 -0.019996658668798545 -0.025759565189134248 -0.04643511356309399 -0.056820986619175874 -0.04732695090420108 -0.033291423338509714 -0.038193140223267565 -0.03010826983622145 -9999
-9999 -9999 -9999 -9999 -9999 -9999 -9999 -9999 -9999 -9999 -9999 -9999 -9999 0.0943482603694572 0.08244964125610532 0.02382448356365785 -0.02499629770006451 -0.04369156864973217 0.0006651975410549293 0.05695450167434335 0.0019281879067420962 0.004284757062454098 0.0012636694379828115 -0.033620670609090485 -0.0467701181769371 -0.053284889764406485 -0.08385072708472441 -0.05526362881920805 -0.05553711985034507 -0.06208532911607589 -0.076184477785538 -0.08823159371299305 -0.06200333384946844 -0.04243626182570179 -0.02662337926172073 -0.019292973956569683 -0.008222971505978505 -0.004073259760351722 -0.014581746213576384 -0.011035333836779848 -0.023509179791772198 -0.03188394180622442 -0.02727169762639436 -0.028676998878226532 0.01085690584252863 -0.04603622229986415 -0.05799984674723374 -0.032456763213636664 -0.03506536976922128 -0.02352250908457096 -0.022595747595741626 -9999
-9999 -9999 -9999 -9999 -9999 -9999 -9999 -9999 -9999 -9999 -9999 -9999 -9999 0.07500657250010777 -0.04564530664199112 -0.03920913912072965 -0.02824517110763472 -0.038071442625404885 -0.019632357064374658 -0.0200794272904479 -0.019834975148876027 -0.01314431326142673 -0.03704396729496706 -0.043332748628895856 -0.060784857763963585 -0.07824532157358005 -0.0717646713642513 -0.08275386806400048 -0.08985095051513323 -0.0913316637448881 -0.09263083133204232 -0.08666673354033771 -0.06740209049191964 -0.050416689922754776 -0.04264757868855501 -0.01562676318856171 -0.0041572144038455605 -0.019878078252077103 -0.008230231615693057 -0.011606804853261904 -0.024397299681083284 -0.03308770078492454 -0.03872807151297245 -0.06524188257753849 -9999 -9999 -9999 -9999 -9999 -9999 -9999 -9999
-9999 -9999 -9999 -9999 -9999 -9999 -9999 -9999 -9999 -9999 -9999 -9999 -9999 0.012133750773500651 -0.03206366782387096 -0.013641705784278035 -0.008607306718071833 -0.010263538549104362 -0.01649248810095147 -0.022367941622418924 -0.03353587422391463 -0.04454545085800105 -0.042795756424980624 -0.04718543927388627 -0.06170873847954414 -0.08079513245645689 -0.08206614722662113 -0.07773481489026117 -0.07301061191521155 -0.08558299709325551 -0.09063760148382737 -0.09503754630856133 -0.07467987602469564 -0.07088812483453202 -0.06464489341475241 -0.04438072572960408 -0.023652270263017583 -0.021302034428646418 -0.0200666861911846 -0.020466405465159317 -0.02060166836143976 -9999 -9999 -9999 -9999 -9999 -9999 -9999 -9999 -9999 -9999 -9999
-9999 -9999 -9999 -9999 -9999 -9999 -9999 -9999 -9999 -9999 -9999 -9999 0.0804857252963952 -0.008006454288185416 -0.03150098053738476 -0.004754138622610343 -0.019575873479968087 -0.003980376384069395 -0.015364775367613354 -0.013689350936262085 -0.022849379813876664 -0.027737282687562648 -0.016828879324156217 -0.039225830785220565 -0.07008200797547656 -0.07880415306204841 -0.08601764048285346 -0.07957784789392636 -0.0616087971889156 -0.06080997874399266 -0.060345421610183525 -0.07969543312130299 -0.07856429342565865 -0.06443213062251317 -0.06069166505013601 -0.047073128474194835 -0.01456830089583119 -0.00363833691145099 0.01968300481175267 -0.008368064454475133 -0.0016394979264362786 -9999 -9999 -9999 -9999 -9999 -9999 -9999 -9999 -9999 -9999 -9999
-9999 -9999 -9999 -9999 -9999 -9999 -9999 -9999 -9999 -9999 -9999 -0.043031380105186506 -0.033247769695438745 -0.0029743742652055816 0.02512741498649118 -0.04646378501159387 -0.002287898559209911 -0.011263980015235764 -0.01904901283628801 -0.009542343634016376 -0.023915004389113675 -0.03259459277053911 -0.02897970288553658 -0.04096125016909047 -0.04756492111517721 -0.06845656569194361 -0.07201874501343017 -0.07429902428864607 -0.06506799313058031 -0.05467399600438955 -0.06658249222729581 -0.08051162792077983 -0.053726465048560185 -0.05260768319879261 -0.04007668290511671 -0.043417021908141916 -0.02275279302287983 0.00014305121560651002 0.018660061194834016 0.0049317020270398535 -9999 -9999 -9999 -9999 -9999 -9999 -9999 -9999 -9999 -9999 -9999 -9999
-9999 -9999 -9999 -9999 -9999 -9999 -9999 -9999 -9999 -9999 -0.005463712201971144 -0.03116225078701973 -0.0814789654687047 -0.052797705119038814 -0.040586395507178664 -0.023205111335430826 -0.005348337597625208 -0.002252613270983972 -0.005042812622645332 0.0012488424777984677 0.002480955884219649 -0.03890966238027593 -0.03855328508378828 -0.034873252577451365 -0.035650372729603065 -0.0382943128246859 -0.0595954341130166 -0.052758189751824114 -0.03703862167440538 -0.0631488774375743 -0.053830675017761925 -0.04389067811061104 -0.06646017281405894 -0.06237918919041041 -0.0485053702470768 -0.05521348706320109 -0.03052552876833045 -0.010814802834718695 0.009867630948641959 -9999 -9999 -9999 -9999 -9999 -9999 -9999 -9999 -9999 -9999 -9999 -9999 -9999
-9999 -9999 -9999 -9999 -9999 -9999 -9999 -9999 -9999 -9999 -9999 -9999 0.04049263922851298 -0.029924198146909494 -0.016722070359731 -0.008831801392683164 -0.007975376344152851 -0.008981844898135888 -0.009694339207759722 -0.012058367220950966 -0.020662943628139613 -0.031482957418502135 -0.03967514702277941 -0.044635301984754634 -0.047281612847726084 -0.056777827349709875 -0.0541927481070161 -0.04147356390198576 -0.0323471955577784 -0.0299486248539044 -0.02428441809743276 -0.03340466565838676 -0.029655421379862736 -0.0495305287583572 -0.05625184025706317 -0.04294571416595809 -0.025170617311457037 -0.01038886861944638 0.0006739483157425785 0.0020880933762306157 -9999 -9999 -9999 -9999 -9999 -9999 -9999 -9999 -9999 -9999 -9999 -9999
-9999 -9999 -9999 -9999 -9999 -9999 -9999 -9999 -9999 -9999 -9999 0.04940654752375204 -0.013967755906007906 0.009428066946566116 -0.02551126781898211 -0.001345118008008822 -0.000714154914021492 -0.018760047719946937 0.03946332956607243 -0.04648773334476916 -0.04465272494523631 -0.029906391534080482 -0.044430940434700084 -0.049348508295269655 -0.05576282451990283 -0.061416631035598725 -0.053692397498525696 -0.049216746010735085 -0.042515465588886525 -0.0295438991429714 -0.01909836986458596 -0.022749541372787674 -0.03248026785327165 -0.041482394424880435 -0.032026716803268684 -0.03675721012628996 -0.03582480966033025 -0.030672446744125587 -0.013022724768997712 -9999 -9999 -9999 -9999 -9999 -9999 -9999 -9999 -9999 -9999 -9999 -9999 -9999
-9999 -9999 -9999 -9999 -9999 -9999 0.01702124023577195 0.048908186646608204 0.08805390594429094 0.10532485520733256 0.08478133199050239 -0.0008810208989428193 -0.014360018074512482 -0.030332601456730474 -0.02879998888820409 -0.030152869328290588 -0.02430573657532284 -0.029871733702090838 -0.049784106246772236 -0.07505889665795333 -0.05600801976397632 -0.029482390862913464 -0.04828632605047178 -0.05239867023479794 -0.051532435836270464 -0.04850192463550812 -0.045472759207089715 -0.04625261333081629 -0.04878386374138577 -0.030414234288036857 -0.02926041012725386 -0.033434079500374865 -0.03552390907246333 -0.04102580368886757 -0.045036915053681625 0.04377766263981661 0.05492191602076801 0.04940236173570156 -9999 -9999 -9999 -9999 -9999 -9999 -9999 -9999 -9999 -9999 -9999 -9999 -9999 -9999
-9999 -9999 -9999 -9999 -9999 -9999 0.11135818182956428 0.03000818605845174 0.019228552026968267 0.014622434447579963 0.0015243507529560107 -0.021523007518285286 -0.03168803827124245 -0.03799740021565445 -0.04825875121168791 -0.05112198726097236 -0.04874806886515285 -0.05068624327632496 -0.054458538879684736 -0.047167683227194696 -0.034667073795571934 -0.037960931181143465 -0.03917921370325178 -0.05200133320909958 -0.04631721014156937 -0.04379735084680411 -0.04764385749896369 -0.059817494219773774 -0.06913769396045541 -0.05632655252702538 -0.05322171735744447 -0.04329503617890468 -0.051732409984255434 -0.0677206831305851 -0.0906959359108666 -9999 -9999 -9999 -9999 -9999 -9999 -9999 -9999 -9999 -9999 -9999 -9999 -9999 -9999 -9999 -9999 -9999
-9999 -9999 -9999 0.14460292777144593 -9999 -9999 -9999 0.051099190297417135 0.04993215255373612 0.03776003438734302 0.020806960463523868 0.019052959175927447 -0.018940188971004995 -0.05673204098321213 -0.06396309539559297 -0.06322306204775842 -0.07390578226609665 -0.06702755198076174 -0.034396605639442523 -0.03456259377395049 -0.021875220164656626 -0.019990445598476125 -0.0339569617909464 -0.04450182795901842 -0.040732445737606336 -0.05004127770662306 -0.060439039642612165 -0.07894048397739731 -0.07859198472185712 -0.07547189454290723 -0.049347477082751307 -9999 -9999 -9999 -9999 -9999 -9999 -9999 -9999 -9999 -9999 -9999 -9999 -9999 -9999 -9999 -9999 -9999 -9999 -9999 -9999 -9999
-9999 -9999 -9999 0.15777681738912286 0.15484776095438155 -9999 -9999 0.1044070177276929 0.13703598196307815 0.07394628502630726 0.04291903817405302 0.0368655446279598 0.003916783506671573 -0.06772943357626597 -0.08255928132290903 -0.07024997640401126 -0.08604067504405974 -0.06077062385376944 -0.014943800866603853 -0.0089632955851493 0.00046305877109070753 -0.0015832578854035328 -0.017885525904402316 -0.03463719429617576 -0.03246748103917421 -0.05036887297263512 -0.07453745712624177 -0.08984108583687189 -0.07156878878318129 -9999 -9999 -9999 -9999 -9999 -9999 -9999 -9999 -9999 -9999 -9999 -9999 -9999 -9999 -9999 -9999 -9999 -9999 -9999 -9999 -9999 -9999 -9999
-9999 -9999 -9999 0.13862745204697485 0.15072051398946268 -9999 -9999 0.07246455351511635 0.06843805591265363 0.06714624926251803 0.049593636815093066 0.029592430317088164 -0.01680112617185314 -0.040560661236176604 -0.06938937899509545 -0.07460229358946283 -0.06883151321227685 -0.060646779567832675 -0.05209144749320471 -0.038889933716167085 -0.04309922807432917 -0.04829480023144217 -0.05107262088953482 -0.05852958613208365 -0.0567344280999976 -0.07016056021436665 -0.08267451313634712 -0.13739907182753086 -9999 -9999 -9999 -9999 -9999 -9999 -9999 -9999 -9999 -9999 -9999 -9999 -9999 -9999 -9999 -9999 -9999 -9999 -9999 -9999 -9999 -9999 -9999 -9999
-9999 -9999 -9999 0.12681984636736546 0.13173888254910704 0.13612550449230384 0.15365700872222846 0.16373310513692355 0.12119646628697715 0.04809057869017122 0.04625995403776565 0.021113039574853776 -0.024561445539196317 -0.0451591353704377 -0.06338451539922972 -0.08446219302937 -0.06933872691459125 -0.09167062044143676 -0.06728186889698631 -0.062476154612867485 -0.06675420543461136 -0.06683928767674123 -0.07503432090822107 -0.07806375663022735 -0.06862214923297102 -0.0779981766144435 -0.056260241816441216 -9999 -9999 -9999 -9999 -9999 -9999 -9999 -9999 -9999 -9999 -9999 -9999 -9999 -9999 -9999 -9999 -9999 -9999 -9999 -9999 -9999 -9999 -9999 -9999 -9999
-9999 -9999 -9999 -9999 0.06606958021183272 0.02875565176175252 0.046108802363864686 0.05919620538180745 0.06585222480197747 0.046399653964751465 0.04976051492062775 0.00761944055557251 -0.02059975631560168 -0.04470211143741229 -0.05668546080589292 -0.06400766789913176 -0.05573745475461084 -0.060217355688412966 -0.055630643543845504 -0.06529818661510943 -0.06632444485054388 -0.07114996800297183 -0.08175225878084025 -0.0922672319653872 -9999 -9999 -9999 -9999 -9999 -9999 -9999 -9999 -9999 -9999 -9999 -9999 -9999 -9999 -9999 -9999 -9999 -9999 -9999 -9999 -9999 -9999 -9999 -9999 -9999 -9999 -9999 -9999
-9999 -9999 -9999 -9999 0.11825286878927332 0.053796457195956576 0.03955473761323472 0.05610781100014564 0.06556780688050717 0.0494690387406283 0.005521039338144546 -0.01700635080876417 -0.042135934594651335 -0.05138728454837999 -0.06242508320389568 -0.0578697113196055 -0.060281620939841164 -0.05217956824021208 -0.07045575746360555 -0.08137799134931051 -0.08234205420472121 -0.08623598476773811 -0.0890131870905558 -0.102743998169899 -0.12198009617524602 -9999 -9999 -9999 -9999 -9999 -9999 -9999 -9999 -9999 -9999 -9999 -9999 -9999 -9999 -9999 -9999 -9999 -9999 -9999 -9999 -9999 -9999 -9999 -9999 -9999 -9999 -9999
