metrics/grid_rasters/SMOS-BEC/grideval_SMOS-BEC_Y_2016_absolute_bias.asc
ncols 52
nrows 55
xllcorner     11.25
yllcorner     55.25
cellsize      0.25
NODATA_value  -9999
[rows 0 to 27 of 55, columns 0 to 51 of 52]
-9999 -9999 -9999 -9999 -9999 -9999 -9999 -9999 -9999 -9999 -9999 -9999 -9999 -9999 -9999 -9999 -9999 -9999 -9999 -9999 -9999 -9999 -9999 -9999 -9999 -9999 -9999 -9999 -9999 -9999 -9999 -9999 -9999 -9999 -9999 -9999 -9999 -9999 -9999 -9999 -9999 -9999 -9999 -9999 -9999 -9999 -9999 -9999 -9999 -9999 -9999 -9999
-9999 -9999 -9999 -9999 -9999 -9999 -9999 -9999 -9999 -9999 -9999 -9999 -9999 -9999 -9999 -9999 -9999 -9999 -9999 -9999 -9999 -9999 -9999 -9999 -9999 -9999 -9999 -9999 -9999 -9999 -9999 -9999 -9999 -9999 -9999 -9999 0.15500386167437796 0.13380941919818085 0.14583301864673984 0.13915446334901982 0.07763080929752686 0.06148747499922619 -9999 -9999 -9999 -9999 -9999 -9999 -9999 -9999 -9999 -9999
-9999 -9999 -9999 -9999 -9999 -9999 -9999 -9999 -9999 -9999 -9999 -9999 -9999 -9999 -9999 -9999 -9999 -9999 -9999 -9999 -9999 -9999 -9999 -9999 -9999 -9999 -9999 0.13124751516626876 0.0762792122032907 0.04846948823123648 0.05666387242575485 0.08493110602316647 0.08775947206924037 0.08514475844362203 -9999 0.060727990287191724 0.09927346706390378 0.10650343826012826 0.06627552222322536 0.06140739901198278 0.057356543461049785 0.03733262409280228 0.029357455460958082 -0.0002821528531135597 -0.033859379279116815 -0.04410931641516619 -9999 -9999 -9999 -9999 -9999 -9999
-9999 -9999 -9999 -9999 -9999 -9999 -9999 -9999 -9999 -9999 -9999 -9999 -9999 -9999 -9999 -9999 -9999 -9999 -9999 -9999 -9999 -9999 -9999 -9999 -9999 -9999 -9999 0.12980961210933736 0.1455104217753498 0.12830606583626036 0.16203661892382848 0.15709720664560348 0.1075799056608987 0.04436015022279571 0.03094273104387172 0.013599197825659907 0.007996022967355576 0.010166452266275884 0.009110954403877271 0.015968231484293938 0.02428858676185347 -0.01054005345253095 -0.0317934375384758 -0.0496127110193757 -0.05768995336417492 -0.03892624465218431 -0.05143495395779607 -0.044791239897410066 -9999 -9999 -9999 -9999
-9999 -9999 -9999 -9999 -9999 -9999 -9999 -9999 -9999 -9999 -9999 -9999 -9999 -9999 -9999 -9999 -9999 -9999 -9999 -9999 -9999 -9999 0.09250656126274004 0.10162943082896968 0.11223453961976683 0.08628390509457817 0.12169611600099828 0.12399072471786947 0.14041863542561436 0.15677527862229967 0.16934897264838222 0.11953031244701234 0.10441645256736698 0.03620538372984705 0.02360982138801501 0.005792997669482602 0.0083012404186385 0.016856833394114867 -0.015247828043098988 -0.03438308764196618 -0.02548665758864632 -0.05542392130583934 -0.10344626836098024 -0.11200548641640562 -0.07961648152819993 -0.06999030770087727 -0.06593618326939192 -0.03976571673391671 -0.043781691138318035 -9999 -9999 -9999
-9999 -9999 -9999 -9999 -9999 -9999 -9999 -9999 -9999 -9999 -9999 -9999 -9999 -9999 -9999 -9999 -9999 -9999 -9999 -9999 -9999 0.10385645574961716 0.0891949994805849 0.11487603006518887 0.10896993901093156 0.10843519342999004 0.11287258830335405 0.14265126896401245 0.15313415869518562 0.15102495505444466 0.13850176883657486 0.09955432750012756 0.06909004757728647 0.019404946299998643 0.00928001613288687 -0.00550787509792916 -0.014979818197962347 -0.025361595222105567 -0.033432020023465125 -0.04098602433345822 -0.034240673943761964 -0.045337657635377726 -0.08414068753087277 -0.12118210792541505 -0.1293681468566259 -0.09852721427111016 -0.08882749473323692 -0.06445462473773013 -0.05387978324372522 -9999 -9999 -9999
-9999 -9999 -9999 -9999 -9999 -9999 -9999 -9999 -9999 -9999 -9999 -9999 -9999 -9999 -9999 -9999 -9999 -9999 -9999 -9999 -9999 0.042039739397855935 0.1115731630651724 0.1162749034009482 0.05938362181186674 0.12520675865873215 0.13605122492440694 0.1383243744217214 0.1598763728721274 0.12273167470728392 0.0940508631368478 0.04405774668776902 0.00613975274736861 -0.003500004501446441 -0.011823103566404812 -0.02260506850607852 -0.03952198297433235 -0.02635642632842061 -0.049542372047111705 -0.0517886942387491 -0.055328650947879365 -0.04863531433844137 -0.05266557703060765 -0.11832177882490592 -0.121806012270482 -0.13093113445288296 -0.11780482580264405 -0.0987369599507043 -0.06907235120276084 -0.030624408644950973 -9999 -9999
-9999 -9999 -9999 -9999 -9999 -9999 -9999 -9999 -9999 -9999 -9999 -9999 -9999 -9999 -9999 -9999 -9999 -9999 -9999 -9999 -9999 0.11818732500362855 0.11764537270825642 0.11513041537255048 0.1491928754817872 0.13641921627866332 0.13945282252336091 0.07713553456276873 0.011753621001313221 0.032426499700459244 0.06456047867553949 0.0015289667399897011 -0.026438982941318245 -0.013099132456641238 -0.02040231379927421 -0.028426358873645474 -0.04722505462130694 -0.06598673160974082 -0.07775919219212872 -0.06261476249464093 -0.05283591602570736 -0.04010500009112722 -0.03988675162676841 -0.07749856604275357 -0.09333440914652708 -0.11195762048622493 -0.09305326075644682 -0.07659951244529922 -0.04563271631731797 -9999 -9999 -9999
-9999 -9999 -9999 -9999 -9999 -9999 -9999 -9999 -9999 -9999 -9999 -9999 -9999 -9999 -9999 -9999 -9999 -9999 -9999 0.10822942623189674 0.11754363940821755 0.12913333395615628 0.11694539938706995 0.11081384745470824 0.10797170797983804 0.013957230648135449 0.004714610329007385 -0.01022204602866067 -0.008102274938103005 -0.026415671536819563 -0.02359025040971685 -0.0392394588454395 -0.03472711338655099 -0.0462183877825737 -0.044308506908851734 -0.0447955778925806 -0.06979197273393734 -0.0932493678161076 -0.09800200086909457 -0.07480345368385316 -0.04629720241213458 -0.024241723213930592 -0.02226196301098049 -0.030094176326547924 -0.032101094089691966 -0.056068709218188295 -0.055772909551466736 -0.03376323817407384 -0.019419547783112837 -0.02153844176943781 -0.011749553920761269 -9999
-9999 -9999 -9999 -9999 -9999 -9999 -9999 -9999 -9999 -9999 -9999 -9999 -9999 -9999 -9999 -9999 -9999 -9999 0.12767738400510065 0.12976219223266272 0.13619492987186468 0.11183544850655808 0.05294939973493562 -0.0014108577743172646 0.007782924542392544 -0.013634741468274092 -0.016210091663590553 -0.031879672365222884 -0.04976457410046586 -0.049716423252138535 -0.07863503694534303 -0.07005063105266872 -0.045301260475657516 -0.0403042965411366 -0.046879243011338834 -0.049466509985018385 -0.048004605967527765 -0.07239083019204627 -0.06219415767834735 -0.05287156015439748 -0.031385557761617555 -0.02435083971973861 -0.022593527891725862 -0.015419870615005491 -0.028138361040763785 -0.044553758732734206 -0.05175077361236147 -0.040701243252336206 -0.03313362367110312 -0.026533918576194082 -0.01727481281910187 -9999
-9999 -9999 -9999 -9999 -9999 -9999 -9999 -9999 -9999 -9999 -9999 -9999 -9999 -9999 -9999 -9999 -9999 0.12714985574412846 0.1325720358850821 0.053327252290078564 0.032162039332892245 0.02406604721294189 0.0044109822689172296 -0.00019540330463085895 -0.022782043520387985 -0.02238154729855235 -0.034511049297895835 -0.03220854942680251 -0.03019367840061798 -0.07895198417501853 -0.10919570095009272 -0.10855557841473612 -0.0790027587505795 -0.04488177665697984 -0.042022501587108414 -0.029330380732500105 -0.026814152912041308 -0.028799041596628883 -0.016969386881552858 -0.03168688044420581 -0.019651135043153245 -0.014374688677724012 -0.0238290603119361 -0.026882774602526305 -0.026620276483162345 -0.049701259263856414 -0.06319251639922713 -0.050944582434596535 -0.03711487170165545 -0.029192386515391106 -9999 -9999
-9999 -9999 -9999 -9999 -9999 -9999 -9999 -9999 -9999 -9999 -9999 -9999 -9999 0.0821415974980309 0.1033913818143663 0.11461464258886515 0.12085352818082486 0.13140906800784294 0.1391374718886418 0.13361182766126806 0.09608887914401383 0.04104727247246992 0.010942489914868014 -0.011052091107506991 -0.018331990799023982 -0.03532980317437412 -0.060640594343075865 -0.0430633768844767 -0.05208658920349302 -0.0680596511811018 -0.08250549930718637 -0.08871490529810007 -0.0643273991986345 -0.03131100959466687 -0.02521193552857787 -0.013343509309496626 -0.005493120984597644 -0.0059020788026002404 0.0019051540981639414 -0.007532130118953206 -0.02927016477424202 -0.01569094833420831 -0.028002574091187168 -0.020480853001213384 -0.030176190034592487 -0.04791166600148389 -0.05720121554650698 -0.044347926950568606 -0.03705705018939487 -0.033594000141454694 -0.021439516366277837 -9999
-9999 -9999 -9999 -9999 -9999 -9999 -9999 -9999 -9999 -9999 -9999 -9999 -9999 0.09562276535242503 0.09107204982377948 0.034302177399677995 -0.007893651125154277 -0.0198608104139566 0.02062642092213909 0.07353917469293618 0.020314395080195446 0.02174307790119201 0.014945644069544572 -0.017831652044830167 -0.0342443549546273 -0.045086724821153064 -0.07579800387730408 -0.04493249258989057 -0.05216855983677749 -0.055355278480994086 -0.06728277886938899 -0.06285485965199766 -0.04708343767132495 -0.027607253226249132 -0.011058351813467038 -0.007133530881820309 0.0030809994113732697 0.005460070183306381 0.002625188040660642 0.004291716671313145 -0.012940827505720148 -0.0221004875422251 -0.024909663082259483 -0.022824294454403597 0.0020724530021349608 -0.05012877908932745 -0.05887781353428576 -0.029936501296619174 -0.029851116240024594 -0.02098814691416917 -0.015177914919331681 -9999
-9999 -9999 -9999 -9999 -9999 -9999 -9999 -9999 -9999 -9999 -9999 -9999 -9999 0.07951113496507918 -0.018711911356550148 -0.01761594097145269 -0.00716367454008493 -0.010233174648977078 0.004513925011444818 0.00013916479953884894 0.0014459571895608092 0.0054946284970804615 -0.02139356609031151 -0.025215033541789836 -0.04492195718140407 -0.06633859376934981 -0.06191714626076994 -0.08129997901618483 -0.08521039173938336 -0.0725028912071139 -0.08026194710070916 -0.06900272863667184 -0.055223724752102236 -0.039858503850648215 -0.030507545892175275 -0.005627240263151423 0.0041453434401247935 -0.007038622559187663 0.0028436248295405924 -0.00022238412360001122 -0.012538784823144772 -0.0196749381043694 -0.03845855957012115 -0.022934623829582168 -9999 -9999 -9999 -9999 -9999 -9999 -9999 -9999
-9999 -9999 -9999 -9999 -9999 -9999 -9999 -9999 -9999 -9999 -9999 -9999 -9999 0.02060509738684807 -0.01450489180446679 0.0049594193086272545 0.01071862470570617 0.00876814738980361 0.002944947213382648 -0.004982569208033638 -0.023108965773699863 -0.020956911087261162 -0.025160195935215485 -0.026717999308193824 -0.04654710407058396 -0.06627590466584818 -0.07068618896187512 -0.07310677967484921 -0.07017210867444551 -0.06993829589337114 -0.07848601280711592 -0.08206791116028839 -0.06772599174718191 -0.059889816021992386 -0.04944859939542684 -0.03018340856550697 -0.010905753888055952 -0.0063632195313533535 -0.006575742359494874 -0.010642674430246246 -0.01323380413274447 -9999 -9999 -9999 -9999 -9999 -9999 -9999 -9999 -9999 -9999 -9999
-9999 -9999 -9999 -9999 -9999 -9999 -9999 -9999 -9999 -9999 -9999 -9999 0.09804828608768028 0.012541482948567271 -0.0041424843172232495 0.012607705751151749 -0.016044814450045436 0.01677752930769011 0.009152488010067515 0.00021941774826964022 -0.0017380394479807881 -0.00650301597431885 -0.00670000391621739 -0.020366757010288616 -0.049723911117638984 -0.05925916638467221 -0.06492626005139365 -0.06576604544055423 -0.059864479803872626 -0.05345759265499669 -0.06220317647958092 -0.06814139340918487 -0.06366403039589705 -0.05150669218456172 -0.0468381670890031 -0.033850921294939364 -0.005848869367177212 0.00487493824524185 0.01991143450140953 0.0011083111602660511 -0.0009490096470318733 -9999 -9999 -9999 -9999 -9999 -9999 -9999 -9999 -9999 -9999 -9999
-9999 -9999 -9999 -9999 -9999 -9999 -9999 -9999 -9999 -9999 -9999 -0.02943990699816168 -0.002874409685195478 0.033038140359896266 0.0636837230792836 -0.01798277056086378 0.013656312550389849 0.013175106007662224 0.0009368999592410109 0.0029881803306522907 -0.006198165935174332 -0.017306706474331413 -0.013161932659986749 -0.0243644683564804 -0.027819772725863195 -0.046493625948922014 -0.04784798794067824 -0.05604346781127298 -0.05505019041063014 -0.04694336586737932 -0.05912241025362161 -0.06613572890747269 -0.04275092148696474 -0.04317813181551175 -0.035539101668686235 -0.03191447767275798 -0.009737092178178641 0.000983426447562663 0.01792711492373864 0.00733282026889065 -9999 -9999 -9999 -9999 -9999 -9999 -9999 -9999 -9999 -9999 -9999 -9999
-9999 -9999 -9999 -9999 -9999 -9999 -9999 -9999 -9999 -9999 0.004162495296481439 -0.008972477509329696 -0.04986662067796874 -0.025980913823889232 -0.003013527854443421 0.004623743236706362 0.006440741090190327 0.015615445655464327 0.010850455649447144 0.016338836142657603 0.01425763424606877 -0.014277575090527544 -0.02315003215630035 -0.014598376413696268 -0.016285769197325026 -0.01960216754263169 -0.037127514290653814 -0.034306757989666065 -0.02436660367470136 -0.04803989733907446 -0.051149006358951116 -0.03760774973544137 -0.051112337422091536 -0.054444495262578115 -0.036970709432970816 -0.03876976579776964 -0.01941889814712519 -0.01270105625025747 0.003519681730364072 -9999 -9999 -9999 -9999 -9999 -9999 -9999 -9999 -9999 -9999 -9999 -9999 -9999
-9999 -9999 -9999 -9999 -9999 -9999 -9999 -9999 -9999 -9999 -9999 -9999 0.05849765585414296 -0.010345924257611244 0.004304420477991955 0.010674179065972568 0.002988720796059191 0.005659700660555628 0.009587772379193144 -0.00520704166805433 -0.004175442228325055 -0.009953286131157674 -0.019175373318214558 -0.024842671599456828 -0.02899334317415345 -0.030896781437987107 -0.028377517843870687 -0.02126198026628512 -0.014118458877007191 -0.01981716091434157 -0.02167586883147937 -0.028291233485163738 -0.026911397138313864 -0.04687537589380816 -0.04831981716247705 -0.03658498476513405 -0.019657367430393063 -0.005900446716466085 -0.0017542310036074982 0.008859829070340662 -9999 -9999 -9999 -9999 -9999 -9999 -9999 -9999 -9999 -9999 -9999 -9999
-9999 -9999 -9999 -9999 -9999 -9999 -9999 -9999 -9999 -9999 -9999 0.05953165459568085 0.00966418013558723 0.029248898112496674 -0.002438899915234577 0.007551315095420757 0.01324887794112753 0.001078182277529982 0.0479964073294098 -0.02818571700951697 -0.035112172054747766 -0.01362148988745268 -0.030352315354731787 -0.03062123732713909 -0.03529664778541172 -0.03591255925510542 -0.029577372766410318 -0.026509528642830738 -0.01760695580076549 -0.010195709268252084 -0.011711246381776452 -0.010574723285390079 -0.021086425762152 -0.031868369725261685 -0.01922644777454852 -0.026023147212471957 -0.021246569184875663 -0.018018271429119298 -0.00435278087532448 -9999 -9999 -9999 -9999 -9999 -9999 -9999 -9999 -9999 -9999 -9999 -9999 -9999
-9999 -9999 -9999 -9999 -9999 -9999 0.025885301135480404 0.06116434360944456 0.09877172829583286 0.11453764742665636 0.1010169070621912 0.016436055042110126 0.005034316559227148 -0.008521995580706154 -0.011062499525305471 -0.012797296359654405 -0.00767462597639293 -0.011936944407044014 -0.027253962492708256 -0.05172673370457767 -0.04048768924549223 -0.01928941980834789 -0.035645956829141234 -0.035956071187300875 -0.03365607760634101 -0.02872102358222209 -0.024459338599237882 -0.02543767415297526 -0.02745380961977234 -0.012980420974781748 -0.01415984581765389 -0.020610576970202327 -0.023366323019099692 -0.0311651366818462 -0.03119245771628152 0.07161130963100326 0.08209842620417476 0.0690963332257841 -9999 -9999 -9999 -9999 -9999 -9999 -9999 -9999 -9999 -9999 -9999 -9999 -9999 -9999
-9999 -9999 -9999 -9999 -9999 -9999 0.1222193108648062 0.026713203305476583 0.0401699952170497 0.034465456978701375 0.029212356171142432 0.007426623637749707 -0.012304952600970864 -0.019210164233012802 -0.02723109806139096 -0.03174704963701866 -0.02810814481744037 -0.02623450127858784 -0.03195357565127782 -0.030528867744510968 -0.02498364014701443 -0.027514567610564502 -0.02091954747674526 -0.034624547320922267 -0.02869637654875043 -0.02195625767732659 -0.026586830383166643 -0.037728028322588515 -0.043914045948027225 -0.03763182975268761 -0.032599330452644536 -0.029825793689666088 -0.03826993349455782 -0.050332781410764284 -0.06994999801339227 -9999 -9999 -9999 -9999 -9999 -9999 -9999 -9999 -9999 -9999 -9999 -9999 -9999 -9999 -9999 -9999 -9999
-9999 -9999 -9999 0.15072660756507708 -9999 -9999 -9999 0.06798184951466897 0.06666790342547535 0.05454523169079467 0.043344894506865066 0.039028579410650334 0.008148476555943501 -0.03262720703957725 -0.03827386053028303 -0.03548069432923559 -0.039228237088722216 -0.032809438284747555 -0.013422437494487629 -0.014580751152394657 -0.003490804079568616 -0.005548456910691113 -0.012373733939602977 -0.0245360125147272 -0.025382083003082645 -0.02958853986818844 -0.0408233008649829 -0.052727259469209364 -0.05971335480008672 -0.054750194628305084 -0.02524327816191449 -9999 -9999 -9999 -9999 -9999 -9999 -9999 -9999 -9999 -9999 -9999 -9999 -9999 -9999 -9999 -9999 -9999 -9999 -9999 -9999 -9999
-9999 -9999 -9999 0.16253992982886056 0.16280985501508755 -9999 -9999 0.11696676946725815 0.15262293570245114 0.08507960982735394 0.058117926880881625 0.04742687238826298 0.02385053463513032 -0.03561559929144811 -0.0509687733253649 -0.040200499368591165 -0.050078780554673234 -0.026188963733100284 0.013361715292558056 0.01290124139320925 0.015422946458737654 0.014627791892201925 0.00016337592969647982 -0.012978249339398396 -0.023934523770763636 -0.03267743152476127 -0.05321381428869432 -0.06132273309355552 -0.054888181059676085 -9999 -9999 -9999 -9999 -9999 -9999 -9999 -9999 -9999 -9999 -9999 -9999 -9999 -9999 -9999 -9999 -9999 -9999 -9999 -9999 -9999 -9999 -9999
-9999 -9999 -9999 0.14834011752807766 0.1640034738307198 -9999 -9999 0.09104911989021684 0.08231559599560681 0.07746575163717538 0.05883998626394429 0.03630154019116727 0.002762514932609261 -0.012599303688415692 -0.03937332096782506 -0.04497779894079415 -0.0432967004837172 -0.03523966976325596 -0.02411554965980442 -0.01691383208277861 -0.024768951913565432 -0.025775033517525525 -0.02640913172373141 -0.030897022166018227 -0.032882418044528405 -0.041314183710477285 -0.08565923938618247 -0.10911675070235932 -9999 -9999 -9999 -9999 -9999 -9999 -9999 -9999 -9999 -9999 -9999 -9999 -9999 -9999 -9999 -9999 -9999 -9999 -9999 -9999 -9999 -9999 -9999 -9999
-9999 -9999 -9999 0.14513475516991267 0.14444828658024705 0.14618762128705545 0.16424609316376654 0.17386455739240264 0.1335089566611399 0.05356361979188829 0.04811303436784356 0.030985947045088887 0.0021340604616354453 -0.02320374180077733 -0.04068078753445528 -0.05174317375842388 -0.040394136827293925 -0.0504971940536052 -0.03585588955917418 -0.037176954536101765 -0.04430884951535538 -0.041802703203127456 -0.04915541202961643 -0.051737385608677584 -0.04496225924231112 -0.05697095123315717 -0.014685377765160353 -9999 -9999 -9999 -9999 -9999 -9999 -9999 -9999 -9999 -9999 -9999 -9999 -9999 -9999 -9999 -9999 -9999 -9999 -9999 -9999 -9999 -9999 -9999 -9999 -9999
-9999 -9999 -9999 -9999 0.08151971960614901 0.044934439720236696 0.05484830302105645 0.06360064207017421 0.06423858547569218 0.04797316575422883 0.05270154486574671 0.020025424849595463 0.0023086915143216698 -0.01995331853455076 -0.034170869932649985 -0.04001306266283358 -0.03243264217489683 -0.033413686558224576 -0.03448564417817285 -0.042151763414343214 -0.04586105879135191 -0.05028865128091187 -0.06313674463509761 -0.07251669567879998 -9999 -9999 -9999 -9999 -9999 -9999 -9999 -9999 -9999 -9999 -9999 -9999 -9999 -9999 -9999 -9999 -9999 -9999 -9999 -9999 -9999 -9999 -9999 -9999 -9999 -9999 -9999 -9999
-9999 -9999 -9999 -9999 0.12971186461248274 0.06922607504494603 0.057220658786066886 0.05941207495331763 0.06603348624753203 0.04723472315378077 0.01265140004794707 0.004278406846736166 -0.016186192940021382 -0.026075372088574408 -0.04485538157800964 -0.0386287791891986 -0.038080132663153216 -0.03075793900756868 -0.04199704341695654 -0.05475394346791765 -0.05423750281333925 -0.06474947009701279 -0.06812782189808789 -0.07827316010370852 -0.08497455402548554 -9999 -9999 -9999 -9999 -9999 -9999 -9999 -9999 -9999 -9999 -9999 -9999 -9999 -9999 -9999 -9999 -9999 -9999 -9999 -9999 -9999 -9999 -9999 -9999 -9999 -9999 -9999
