metrics/grid_rasters/SMOS-BEC/grideval_SMOS-BEC_S_fall_absolute_bias.asc
ncols 52
nrows 55
xllcorner     11.25
yllcorner     55.25
cellsize      0.25
NODATA_value  -9999
[rows 0 to 27 of 55, columns 0 to 51 of 52]
-9999 -9999 -9999 -9999 -9999 -9999 -9999 -9999 -9999 -9999 -9999 -9999 -9999 -9999 -9999 -9999 -9999 -9999 -9999 -9999 -9999 -9999 -9999 -9999 -9999 -9999 -9999 -9999 -9999 -9999 -9999 -9999 -9999 -9999 -9999 -9999 -9999 -9999 -9999 -9999 -9999 -9999 -9999 -9999 -9999 -9999 -9999 -9999 -9999 -9999 -9999 -9999
-9999 -9999 -9999 -9999 -9999 -9999 -9999 -9999 -9999 -9999 -9999 -9999 -9999 -9999 -9999 -9999 -9999 -9999 -9999 -9999 -9999 -9999 -9999 -9999 -9999 -9999 -9999 -9999 -9999 -9999 -9999 -9999 -9999 -9999 -9999 -9999 0.1520315440785554 0.13082700669015415 0.1321548265929254 0.12131663257877033 0.05773466514633191 0.059896507149247775 -9999 -9999 -9999 -9999 -9999 -9999 -9999 -9999 -9999 -9999
-9999 -9999 -9999 -9999 -9999 -9999 -9999 -9999 -9999 -9999 -9999 -9999 -9999 -9999 -9999 -9999 -9999 -9999 -9999 -9999 -9999 -9999 -9999 -9999 -9999 -9999 -9999 0.13221269851649992 0.08227923501254923 0.06885227823643378 0.05868578392941998 0.09006152839023385 0.09658909700327103 0.0962190157501027 -9999 0.07537158475668163 0.10912692430731538 0.12075155130983176 0.060195020761839135 0.04219224974975822 0.052719607882335484 0.039616455318349765 0.02562649265290745 0.0005574837947885379 -0.015612573894784487 -0.0156875899146226 -9999 -9999 -9999 -9999 -9999 -9999
-9999 -9999 -9999 -9999 -9999 -9999 -9999 -9999 -9999 -9999 -9999 -9999 -9999 -9999 -9999 -9999 -9999 -9999 -9999 -9999 -9999 -9999 -9999 -9999 -9999 -9999 -9999 0.12508235065663448 0.1523846566677093 0.14368679992170358 0.1691118104335589 0.17686924688629252 0.1085964031517506 0.05995645631295458 0.03798447898720614 0.024125804108652227 0.024152372075721268 0.025397423329914737 0.025296094471758068 0.019796451689993444 0.02763172314870493 -0.0009249589652166047 -0.02318649089267089 -0.04024475253016285 -0.05186854616298287 -0.03352478187945157 -0.030250916576517236 -0.028811333609409018 -9999 -9999 -9999 -9999
-9999 -9999 -9999 -9999 -9999 -9999 -9999 -9999 -9999 -9999 -9999 -9999 -9999 -9999 -9999 -9999 -9999 -9999 -9999 -9999 -9999 -9999 0.09578735274927958 0.10393697528307104 0.1067636661876844 0.08106193313318671 0.12577742367746342 0.13915167774843132 0.14887042806929898 0.17336133762728426 0.17505322739803533 0.12737840800546107 0.11720345178619028 0.0510030519441668 0.03922120693984421 0.02303483446170998 0.008536559503144497 0.01028465339913967 -0.010016519447852812 -0.026157964957611912 -0.006877298713072966 -0.04194669662551448 -0.09574193913828244 -0.10238263608708892 -0.0645578887503026 -0.047797640248880564 -0.04862125110295085 -0.030700131042583626 -0.025941358779066337 -9999 -9999 -9999
-9999 -9999 -9999 -9999 -9999 -9999 -9999 -9999 -9999 -9999 -9999 -9999 -9999 -9999 -9999 -9999 -9999 -9999 -9999 -9999 -9999 0.09441557601094247 0.08596553941341961 0.1063671097495502 0.09007646677934604 0.10668961167947888 0.13596190780288342 0.15114413026948362 0.15689284804294695 0.16650634210394774 0.14984028671442726 0.10097442828602607 0.08144713057713078 0.027533461073679568 0.02439275454487322 0.0097256401303219 -0.002420012796805704 -0.014888494998716084 -0.02698055298610047 -0.0345252690826609 -0.0291175627980822 -0.0353056547976045 -0.06894133922629331 -0.1168438608526553 -0.12887830144547402 -0.08876703576521673 -0.06737872509546178 -0.04485520306118035 -0.040662353266181284 -9999 -9999 -9999
-9999 -9999 -9999 -9999 -9999 -9999 -9999 -9999 -9999 -9999 -9999 -9999 -9999 -9999 -9999 -9999 -9999 -9999 -9999 -9999 -9999 0.07640449908272973 0.1041191768790804 0.10940124998744738 -9999 0.11893074090282126 0.13141760747465825 0.14403147073529607 0.16120912983909355 0.1328988727625637 0.10019989471015688 0.04022122249321153 0.014100500700101659 0.008109042344734668 -0.003073750308581757 -0.003916864868166836 -0.01886330943773773 -0.03930943476599319 -0.044156963842805874 -0.030120090229643737 -0.051656833490845884 -0.04753076241760662 -0.04208534335096675 -0.10789319158522126 -0.11286012813066824 -0.11842996406615995 -0.09900505134125348 -0.0778904519010084 -0.05103648847934461 -0.009369702284273362 -9999 -9999
-9999 -9999 -9999 -9999 -9999 -9999 -9999 -9999 -9999 -9999 -9999 -9999 -9999 -9999 -9999 -9999 -9999 -9999 -9999 -9999 -9999 0.11681941207498316 0.11556411690038182 0.11985825741291045 0.13754644554348724 0.14234646019481478 0.12960093568510084 0.08307700352622316 0.029965746210762312 0.03963881305938852 0.07973886653780937 0.014086112123111227 -0.035087244977822174 -0.0242508863093992 -0.029166334835083574 -0.04118878365228962 -0.056086340679802726 -0.07507127923991086 -0.07251029832159134 -0.0567388795901343 -0.038628985345059534 -0.02583925277754973 -0.024655653096233632 -0.05442936223019201 -0.06784233044494281 -0.08497164877665102 -0.0697735054843922 -0.051802173756139824 -0.02133529994408695 -9999 -9999 -9999
-9999 -9999 -9999 -9999 -9999 -9999 -9999 -9999 -9999 -9999 -9999 -9999 -9999 -9999 -9999 -9999 -9999 -9999 -9999 0.10763757479514263 0.12273172495212965 0.13295976515416494 0.1157440853362181 0.118046247959137 0.10114697417984272 0.01748670615822251 0.008569779263420394 -0.0065153109874711 -0.0015702456073031779 -0.02213566306423637 -0.034556953389217326 -0.044369155192438885 -0.04471192437062122 -0.055802048806519455 -0.05721683134004552 -0.0721297692111198 -0.08492637226584733 -0.10908622501846303 -0.1032077985558104 -0.07237558237587416 -0.04548988073151938 -0.013190904511741096 -0.007474094964563859 -0.013708329698698007 -0.009959178803554123 -0.03159342694971429 -0.02511630933638193 -0.003530918379422931 0.01272770403151588 0.014121180970449815 0.023719475200079942 -9999
-9999 -9999 -9999 -9999 -9999 -9999 -9999 -9999 -9999 -9999 -9999 -9999 -9999 -9999 -9999 -9999 -9999 -9999 0.12622997800216956 0.13234759057088505 0.13927044134412034 0.11707323165062596 0.04457149820694006 0.007729767406054132 0.0051302078949368455 -0.00400791848078369 -0.014614889933460053 -0.02230471875085388 -0.022518439745971897 -0.055181395879931205 -0.06705051849697541 -0.06425845840688754 -0.04054884677800125 -0.04944878264429603 -0.06341686319898471 -0.06690525134959198 -0.059285523864079474 -0.0707212241024387 -0.06709413676697595 -0.055681122771027165 -0.041473732640345866 -0.023981723857601892 -0.015663702785968764 -0.00546566925465769 -0.004814347518341866 -0.02086833161809068 -0.021688519370051732 -0.011978963645279063 -0.0011413109735870508 0.0009223973085432381 0.0070327802668863635 -9999
-9999 -9999 -9999 -9999 -9999 -9999 -9999 -9999 -9999 -9999 -9999 -9999 -9999 -9999 -9999 -9999 -9999 0.12200627698382338 0.1339283309510497 0.05675006067114219 0.02973967254068116 0.01818067339164289 0.011401782084892452 -0.0067593937837763796 -0.018206682392232776 -0.027810305317348627 -0.04110917336647474 -0.043264258303679526 -0.035426440441237834 -0.0615297475715681 -0.1068935437949114 -0.11410588307960612 -0.08317453275709724 -0.049801014096308986 -0.05382408692064333 -0.031738530455240554 -0.02554717935694784 -0.020019016942931626 -0.012992664844524576 -0.02912870273361065 -0.019564596179983438 -0.010904419249648495 -0.01876903358680096 -0.019146952927112576 -0.011823761711764386 -0.028289964222689982 -0.04197451687481221 -0.03530178960449623 -0.02454039824209106 -0.02316044731606989 -9999 -9999
-9999 -9999 -9999 -9999 -9999 -9999 -9999 -9999 -9999 -9999 -9999 -9999 -9999 0.09014304328916802 0.10868033755195232 0.11930331734627705 0.11812135181226928 0.1344425391938005 0.1483069504226061 0.13113578432534315 0.10427554510533807 0.04436010035214488 0.0115929111118101 -0.016591041786026 -0.029661619327962407 -0.05004169452603502 -0.06984884042273923 -0.057242801632636675 -0.05069859197828919 -0.06363867370761589 -0.07748821733435196 -0.0914776370004572 -0.07178657191810267 -0.03857657775732143 -0.03578072964255491 -0.017610512264072897 -0.004433575081707802 -0.002037395998125996 0.005866507934012889 -0.0014431540654084307 -0.00010065907480738544 -0.009886221351245313 -0.009047390741594665 -0.014527176811200804 -0.016121537102068345 -0.030087042645126263 -0.0373206079823942 -0.029356550536499108 -0.023513567161383864 -0.01804392634737259 -0.007917922044145875 -9999
-9999 -9999 -9999 -9999 -9999 -9999 -9999 -9999 -9999 -9999 -9999 -9999 -9999 0.1076176474861642 0.10743957129972326 0.05432916960831896 0.006390337457156003 0.01184508006100532 0.02904534804416292 0.07164803746996856 0.017173464612920852 0.022496701708884626 0.0015981660751754336 -0.026776881267627117 -0.042615768518679036 -0.05901533799554831 -0.09145976185117884 -0.0703227387182414 -0.06699262875380943 -0.06045645709872849 -0.06457813788967381 -0.06704699713736773 -0.04997105796885959 -0.026269509443151432 -0.004998154739297711 0.000689669534492704 0.009031971775979364 0.01470761552874772 0.012008642320925328 0.013730083388644593 0.000584903912984297 -0.004612704957594888 -0.013120274924901587 -0.010053167943484487 -0.03209648082653685 -0.029009782331253318 -0.031462939383769484 -0.02214076991192998 -0.017975005985161885 -0.011686313180296642 -0.0010791385802330078 -9999
-9999 -9999 -9999 -9999 -9999 -9999 -9999 -9999 -9999 -9999 -9999 -9999 -9999 0.09570082600137823 0.01391112446102477 0.010565609859874871 0.015471132894966488 0.0014669497807820453 0.009433367775510182 0.005735482597673258 -0.002321931463415916 0.003109985922879366 -0.00477846311756347 -0.025668272582611232 -0.0491508134844037 -0.06975983638316396 -0.07615728092562296 -0.09199494704382846 -0.0780377812501861 -0.07507125928997993 -0.08656332675706258 -0.07497274068797508 -0.05683309256153951 -0.03874669258891067 -0.03816280304798353 -0.01330292822026155 0.00408144820304146 0.010009114734000651 0.0116011620792624 0.01049442505000403 0.0049636693961849785 -0.003128749777644435 -0.014814841909713631 0.049540550634264935 -9999 -9999 -9999 -9999 -9999 -9999 -9999 -9999
-9999 -9999 -9999 -9999 -9999 -9999 -9999 -9999 -9999 -9999 -9999 -9999 -9999 0.03854665278598965 0.01785631008542976 0.023520567143956842 0.01199122349363427 0.01719093922588788 0.010516813840415027 0.0006071189275154709 -0.025684020517628026 -0.026335903878637323 -0.02129275688544069 -0.03085591426740092 -0.0481215074732162 -0.07021402392210893 -0.08299396997544822 -0.0838532735167736 -0.08103885012331294 -0.07071010849558483 -0.0801614015478993 -0.07993973020464183 -0.06438319712877273 -0.061485323702814565 -0.055553370363359306 -0.025710526817631942 -0.007608400371212244 -0.002409468859575381 0.004745992088536628 0.0059510436861237295 0.0032768426590586157 -9999 -9999 -9999 -9999 -9999 -9999 -9999 -9999 -9999 -9999 -9999
-9999 -9999 -9999 -9999 -9999 -9999 -9999 -9999 -9999 -9999 -9999 -9999 0.12758976677494338 0.0544673213245053 0.037376202987851936 0.01654440045847999 0.012537330151626865 0.02113843221922182 0.008827466158739639 0.008487509097903967 -0.0034207999525428523 -0.014464323851958059 -0.01510935532860458 -0.0248602179141299 -0.04289327401940418 -0.050112263178047935 -0.06442459839624615 -0.06741392417924008 -0.06538759109581696 -0.06083199884742496 -0.06633821968430592 -0.05564087471911608 -0.04994284659275944 -0.048780014957060865 -0.04301047503377834 -0.02763865150224704 -0.004856475327216392 0.00539121158524522 0.01739116815420297 0.005927252620458595 0.0037685250657387977 -9999 -9999 -9999 -9999 -9999 -9999 -9999 -9999 -9999 -9999 -9999
-9999 -9999 -9999 -9999 -9999 -9999 -9999 -9999 -9999 -9999 -9999 -2.2169182097520057e-05 0.043682247651426975 0.06839549924769156 0.07368266843975735 0.016029814143276092 0.016167679613225905 0.019604779554756147 0.010008723983033152 0.003913075672324906 0.004455985449163646 -0.0014664364345182699 -0.003694308511912825 -0.013952036679844682 -0.01912921388624331 -0.02760744659940981 -0.040552524568618464 -0.04958681717657587 -0.048389033115697366 -0.043317187560159086 -0.050845291675396385 -0.043201641143801116 -0.0341498414586697 -0.03116503970670528 -0.02950210528867095 -0.02316534312817975 -0.010448338302879416 -0.003535953780289647 0.014913588496191175 0.0027143970333241285 -9999 -9999 -9999 -9999 -9999 -9999 -9999 -9999 -9999 -9999 -9999 -9999
-9999 -9999 -9999 -9999 -9999 -9999 -9999 -9999 -9999 -9999 0.02405216836963189 0.02348204354277333 0.00777315682340307 0.009452938702371405 0.020714621230257742 0.013455419730975388 0.008891028085989627 0.01317710380669665 0.019246355714697627 0.030168615002185126 0.016377434339986452 0.013256924275135112 -0.008154234456083764 -0.006579293989905366 -0.005806841863896045 0.00045047329776751194 -0.015289215416004087 -0.022764229460766425 -0.019510713335618633 -0.03369329154870854 -0.047183414851205994 -0.031881031103677016 -0.034353139589345716 -0.045499142027642735 -0.031439682257906436 -0.03288685015407028 -0.016962558511764786 -0.014071391980855856 -0.002735065559954425 -9999 -9999 -9999 -9999 -9999 -9999 -9999 -9999 -9999 -9999 -9999 -9999 -9999
-9999 -9999 -9999 -9999 -9999 -9999 -9999 -9999 -9999 -9999 -9999 -9999 0.08652927128673353 0.007860293465330848 0.01703496312199557 0.011680549751459185 -0.00028283391421773935 0.009993592430140114 0.016845443927981346 0.018234436281443583 0.014831212614023813 0.0051102682528104395 -0.004927003900138088 -0.01180630505039562 -0.01041426075313559 -0.0042352614130087285 -0.004059078729697296 -0.0028146741921224183 0.0002712283246949776 -0.011690659430420495 -0.019188181003074702 -0.022470584666552083 -0.02364351395084413 -0.040787558950168966 -0.04093788286145225 -0.03129351350407189 -0.01440336050413479 -0.011656517624385188 -0.013869490980158022 -0.016899367129164098 -9999 -9999 -9999 -9999 -9999 -9999 -9999 -9999 -9999 -9999 -9999 -9999
-9999 -9999 -9999 -9999 -9999 -9999 -9999 -9999 -9999 -9999 -9999 0.09930827409762484 0.04846739104333145 0.06852404348966147 0.021132398905597427 0.0165424297582083 0.020661635245284412 0.008771857190444016 0.0406724205404958 -0.005428061405188035 -0.008646973465868013 0.004192857653266047 -0.01854911534801909 -0.020234755969623902 -0.01715176498316265 -0.008444901085594314 0.0028934701202580626 -0.006328365095139704 0.0025253464595825226 0.001246447436475534 -0.0032682142430736087 -0.0010054466672175244 -0.011254298776354754 -0.023889832429352914 -0.019578424804162137 -0.016978028758957542 -0.019157947267632203 -0.02445590815970447 -0.013045764902407024 -9999 -9999 -9999 -9999 -9999 -9999 -9999 -9999 -9999 -9999 -9999 -9999 -9999
-9999 -9999 -9999 -9999 -9999 -9999 0.033469032113616536 0.07671666117133323 0.11466530639500848 0.14947095457489903 0.13811442284403666 0.04922759166101412 0.03992936131430838 0.025757056765440045 0.017796449571196887 0.014296959941657859 0.01634356944229115 0.0090448210913954 -0.00480198576675589 -0.01842089167167976 -0.011278582264750814 0.0011973537859462644 -0.0177513309389207 -0.015639700758315278 -0.011136792369541682 -0.002874773104213996 0.008971257281361833 0.005628289645938783 -0.008508288875630488 -0.004421431403439313 0.0017678508900005328 0.0017255787351714016 -0.012626782297815914 -0.021598852032704063 -0.016936438586045488 0.04832568466663362 0.05952463201468899 0.07299942293514808 -9999 -9999 -9999 -9999 -9999 -9999 -9999 -9999 -9999 -9999 -9999 -9999 -9999 -9999
-9999 -9999 -9999 -9999 -9999 -9999 0.14743972866125005 0.05290727429968828 0.06676157902035376 0.07591933857649563 0.07327746419292508 0.05012019907749785 0.02620298429302728 0.02095932844785625 0.013934640132190895 0.009125617585355794 0.01101408590515865 0.0007817606175584412 -0.0017428551017391605 0.0033715798398437913 0.003922618332531963 0.007821355438367872 0.004796724865366142 -0.006288363002576264 0.001059003826230781 0.008247801601620641 0.013139914053037022 0.004729868751019245 -0.007127739023417234 -0.01713610375749369 -0.012223804090582352 -0.015777291444776326 -0.02228447104289652 -0.0373016477232557 -0.042580307619313584 -9999 -9999 -9999 -9999 -9999 -9999 -9999 -9999 -9999 -9999 -9999 -9999 -9999 -9999 -9999 -9999 -9999
-9999 -9999 -9999 0.15276033788469134 -9999 -9999 -9999 0.09435431193056944 0.09620600400391212 0.0982530077786318 0.08409183911380155 0.07721965460195429 0.043273005379750464 0.003507895610582457 -0.004534680149539394 -0.0005302386375788115 -0.003686899856840203 -0.007129864267355541 0.013796990858046004 0.018737778362146632 0.020647021213715727 0.020766618825933503 0.015679670239998306 0.0005728691243208349 -0.0002612063191204384 -1.9048344890720825e-05 -0.008376300351269433 -0.025717434941183226 -0.048476296518596716 -0.04236745392494407 -0.03040958908164784 -9999 -9999 -9999 -9999 -9999 -9999 -9999 -9999 -9999 -9999 -9999 -9999 -9999 -9999 -9999 -9999 -9999 -9999 -9999 -9999 -9999
-9999 -9999 -9999 0.1598263534717262 0.16673160750871974 -9999 -9999 0.14442395952323242 0.1834357395888336 0.11647279136490454 0.09577897651508677 0.07729886900541362 0.045957270742303914 -0.0008529126709110324 -0.02257406286474678 -0.006165338934708331 -0.014992660451936727 -0.0030769045327865285 0.02713410568062785 0.03487356879579073 0.03874334806925087 0.029287441608695564 0.020505348983577698 0.00742524208729728 0.003174233019549777 -0.011110986272493987 -0.030715011974929707 -0.030733863810698175 -0.044377278900988686 -9999 -9999 -9999 -9999 -9999 -9999 -9999 -9999 -9999 -9999 -9999 -9999 -9999 -9999 -9999 -9999 -9999 -9999 -9999 -9999 -9999 -9999 -9999
-9999 -9999 -9999 0.15907278609772524 0.17364075880661706 -9999 -9999 0.11474961697223918 0.11477412410864705 0.11177327550346186 0.09617598155807508 0.07680017707767475 0.03444027240971845 0.005381035637886583 -0.020587508613351013 -0.021074576362872192 -0.01538802604268086 -0.01816945666740385 -0.006141887135701657 0.0035717049237724845 0.0004168181081435352 -0.002796763455313905 -0.010425185826649004 -0.008461519983087196 -0.014488615263421241 -0.023199481305486547 -0.05845415096488488 -0.07618248306007852 -9999 -9999 -9999 -9999 -9999 -9999 -9999 -9999 -9999 -9999 -9999 -9999 -9999 -9999 -9999 -9999 -9999 -9999 -9999 -9999 -9999 -9999 -9999 -9999
-9999 -9999 -9999 0.151334268912368 0.15424688987172488 0.1693067461755341 0.19632711085049728 0.1996478238439112 0.1607549305989106 0.07630947129741457 0.08247077301105796 0.07136944950272764 0.023501261725153738 -0.009904776266136922 -0.023137161925263244 -0.03448776765283018 -0.01907924597495972 -0.030807681493806083 -0.018488743299738014 -0.0161301848309284 -0.018422154135236124 -0.023477665075471055 -0.03526394046519113 -0.040450377313552055 -0.030579093541427124 -0.03558907619949464 0.010898719800429224 -9999 -9999 -9999 -9999 -9999 -9999 -9999 -9999 -9999 -9999 -9999 -9999 -9999 -9999 -9999 -9999 -9999 -9999 -9999 -9999 -9999 -9999 -9999 -9999 -9999
-9999 -9999 -9999 -9999 0.09371644379931256 0.04897777350650653 0.0744869872875926 0.08871852709537212 0.0985393991550574 0.09658480087983916 0.08489968857136365 0.06164294670614873 0.023929396899074168 -0.005090061298687942 -0.013495060070526116 -0.019699787103057448 -0.011688933132572549 -0.01614589661326077 -0.014606130170336712 -0.020417372093481184 -0.02195771007695133 -0.03697070016566178 -0.05022265609457263 -0.06305251649568698 -9999 -9999 -9999 -9999 -9999 -9999 -9999 -9999 -9999 -9999 -9999 -9999 -9999 -9999 -9999 -9999 -9999 -9999 -9999 -9999 -9999 -9999 -9999 -9999 -9999 -9999 -9999 -9999
-9999 -9999 -9999 -9999 0.1526923984862291 0.08529068148472227 0.08781835833971187 0.09273352251549427 0.09740510651691628 0.08959472389198002 0.052871998614776684 0.038874709328379616 0.009468818270119916 -0.009271840211704768 -0.024911080603763645 -0.02506885288587729 -0.02269832809336073 -0.02038613516824539 -0.028140012593512703 -0.03134817754369382 -0.032867331251636905 -0.043398031144349584 -0.0572087054169334 -0.06883600716241252 -0.06361484239119794 -9999 -9999 -9999 -9999 -9999 -9999 -9999 -9999 -9999 -9999 -9999 -9999 -9999 -9999 -9999 -9999 -9999 -9999 -9999 -9999 -9999 -9999 -9999 -9999 -9999 -9999 -9999
