metrics/grid_rasters/SMOS-BEC/grideval_SMOS-BEC_X_summer_2018_absolute_bias.asc
ncols 52
nrows 55
xllcorner     11.25
yllcorner     55.25
cellsize      0.25
NODATA_value  -9999
[rows 0 to 27 of 55, columns 0 to 51 of 52]
-9999 -9999 -9999 -9999 -9999 -9999 -9999 -9999 -9999 -9999 -9999 -9999 -9999 -9999 -9999 -9999 -9999 -9999 -9999 -9999 -9999 -9999 -9999 -9999 -9999 -9999 -9999 -9999 -9999 -9999 -9999 -9999 -9999 -9999 -9999 -9999 -9999 -9999 -9999 -9999 -9999 -9999 -9999 -9999 -9999 -9999 -9999 -9999 -9999 -9999 -9999 -9999
-9999 -9999 -9999 -9999 -9999 -9999 -9999 -9999 -9999 -9999 -9999 -9999 -9999 -9999 -9999 -9999 -9999 -9999 -9999 -9999 -9999 -9999 -9999 -9999 -9999 -9999 -9999 -9999 -9999 -9999 -9999 -9999 -9999 -9999 -9999 -9999 0.1411787644847409 0.11671548615117648 0.1270002280617808 0.12206867320851965 0.05315320766889131 0.05409604908673316 -9999 -9999 -9999 -9999 -9999 -9999 -9999 -9999 -9999 -9999
-9999 -9999 -9999 -9999 -9999 -9999 -9999 -9999 -9999 -9999 -9999 -9999 -9999 -9999 -9999 -9999 -9999 -9999 -9999 -9999 -9999 -9999 -9999 -9999 -9999 -9999 -9999 0.13188028156611267 0.09348627590274404 0.0838307797707416 0.07310442790683161 0.11309837369138705 0.10104317533680132 0.08876106486870691 -9999 0.06457440374971747 0.0931056915976844 0.09501298271365216 0.057484016723030225 0.026662012869185157 0.0156978991005447 0.010635172354651027 0.008409812800831834 -0.014217928543195618 -0.04353471960012728 -0.06123955678808817 -9999 -9999 -9999 -9999 -9999 -9999
-9999 -9999 -9999 -9999 -9999 -9999 -9999 -9999 -9999 -9999 -9999 -9999 -9999 -9999 -9999 -9999 -9999 -9999 -9999 -9999 -9999 -9999 -9999 -9999 -9999 -9999 -9999 0.13095263543270402 0.16500492472155595 0.17349494462284973 0.1972170661436394 0.1924966599728013 0.12029898985300533 0.04710937938192389 0.030583781855446936 0.005956473852415684 -0.003191256916130009 -0.008449627516361384 -0.009783310590537024 -0.00847722368908452 -0.008872156696660194 -0.008604567620780434 -0.023591989589916484 -0.04226275459750667 -0.07173911400221206 -0.06785764872700306 -0.06210092152213004 -0.04959011357277632 -9999 -9999 -9999 -9999
-9999 -9999 -9999 -9999 -9999 -9999 -9999 -9999 -9999 -9999 -9999 -9999 -9999 -9999 -9999 -9999 -9999 -9999 -9999 -9999 -9999 -9999 0.08346963152289387 0.1005920136676115 0.10436587422793986 0.0737229246719211 0.13887525173061985 0.1396693772636354 0.15984738686136785 0.15620915049856354 0.17304214022562395 0.12777344403522356 0.0946435337620122 0.0201758926959483 -0.0013015781948854663 -0.021495732141065062 -0.028354876521197007 -0.020713785467515844 -0.036988256581045785 -0.028877064073970032 -0.012640204812799177 -0.04997201968025375 -0.08091622959453984 -0.06952585763001179 -0.0655507946407402 -0.07700633503251023 -0.052217405248474284 -0.022038243297073573 -0.028311649627155714 -9999 -9999 -9999
-9999 -9999 -9999 -9999 -9999 -9999 -9999 -9999 -9999 -9999 -9999 -9999 -9999 -9999 -9999 -9999 -9999 -9999 -9999 -9999 -9999 0.1179649165831506 0.11436684196051515 0.12846487315912394 0.10458413028526442 0.0965333122405268 0.1133006508342731 0.1296841794473314 0.14815634367770925 0.16771324404648374 0.1418613777919249 0.08694841738112946 0.04404485451706341 -0.012181114239825151 -0.025987089342541157 -0.029733539786603706 -0.042762649556001016 -0.06605816197892031 -0.05641480199992657 -0.059612995717260586 -0.034716490363137086 -0.03216819440046054 -0.05328861222173389 -0.07118126590935031 -0.08821162564886939 -0.08294650423857901 -0.07128661622603738 -0.051601226048337064 -0.043479782674047666 -9999 -9999 -9999
-9999 -9999 -9999 -9999 -9999 -9999 -9999 -9999 -9999 -9999 -9999 -9999 -9999 -9999 -9999 -9999 -9999 -9999 -9999 -9999 -9999 -9999 0.11437227288103202 0.123396234572052 0.0926123463681766 0.10550808824308512 0.10922024371102457 0.12295960132660487 0.13430263384662827 0.11973304809494452 0.09524442895912053 0.021772021470083447 -0.022995384054237542 -0.051645139356454206 -0.05018900728060141 -0.05073812024460897 -0.06404487046723567 -0.07002734533614582 -0.09152042120695117 -0.0705459817416138 -0.05630029855149515 -0.042245278114013435 -0.04307859692345842 -0.07864424109124066 -0.08170519835419128 -0.09514807172947462 -0.08894602391454909 -0.1022533882616295 -0.06727844079335532 -0.023137549062569932 -9999 -9999
-9999 -9999 -9999 -9999 -9999 -9999 -9999 -9999 -9999 -9999 -9999 -9999 -9999 -9999 -9999 -9999 -9999 -9999 -9999 -9999 -9999 0.14000391324803435 0.12296671764208722 0.1185410383540918 0.09565582003204093 0.08643165135452917 0.08723812015063465 0.041551497266736126 -0.002036157953129586 0.01110690359151767 0.056972952036375424 -0.004711528732018022 -0.024227371016009275 -0.04094185872838413 -0.04213295571422307 -0.058846459922830725 -0.06170054265622341 -0.07078635833329625 -0.08531484612160256 -0.06694087994595369 -0.04774977086802548 -0.031002050561999762 -0.025123848325826925 -0.052550092925516406 -0.06670793271466585 -0.08095002735263848 -0.06944317705510708 -0.07631555845340092 -0.054694591876533305 -9999 -9999 -9999
-9999 -9999 -9999 -9999 -9999 -9999 -9999 -9999 -9999 -9999 -9999 -9999 -9999 -9999 -9999 -9999 -9999 -9999 -9999 0.11581248320066012 0.12181321389750754 0.12503000202455689 0.11059606046799353 0.0918860939042322 0.0327618985690854 -0.04282818895510651 -0.033878892448476784 -0.04685454364781355 -0.039414625614881516 -0.053438065720073286 -0.041968274191859056 -0.0475323922424154 -0.03942869006740776 -0.06186816134405404 -0.054528633205827036 -0.06905805252576143 -0.08562642314963123 -0.099313304407729 -0.09102145772841244 -0.06021367493602964 -0.03977647122372402 -0.022201219404285627 -0.017956528050655646 -0.031786878708373295 -0.040392272844073485 -0.05926149254769422 -0.04579296117920553 -0.03416623887088563 -0.03206753416193858 -0.03999820945972807 -0.028615413149923438 -9999
-9999 -9999 -9999 -9999 -9999 -9999 -9999 -9999 -9999 -9999 -9999 -9999 -9999 -9999 -9999 -9999 -9999 -9999 0.09747156178629074 0.1019814318340076 0.09849806521635723 0.0829852744936943 0.0142234732536064 -0.02508885745721109 -0.027255823643043103 -0.07562645808072158 -0.08773811445148152 -0.10215161190452897 -0.11205765733431124 -0.07779094448377344 -0.09600893913329334 -0.07462563416497273 -0.04526198788107128 -0.048175523357316015 -0.056112040172923684 -0.06927904025228185 -0.04682396779852835 -0.0681104308671572 -0.0619397497820583 -0.0451651603745466 -0.02540152535102394 -0.01434806465756064 -0.017174614957351786 -0.026872696143320995 -0.03650391210665863 -0.05756365884603426 -0.061668363865464926 -0.0579262227657136 -0.05307211220431865 -0.05908698294562902 -0.04984198487102148 -9999
-9999 -9999 -9999 -9999 -9999 -9999 -9999 -9999 -9999 -9999 -9999 -9999 -9999 -9999 -9999 -9999 -9999 0.09758722793423767 0.095205499293053 0.013978210827672309 -0.00113739009727451 -0.020976111206204382 -0.03006742594086312 -0.04076780256053264 -0.07059917735984958 -0.09363486596637156 -0.09669650771485808 -0.08313262911344116 -0.0605365815149112 -0.09195051616293262 -0.112247781592539 -0.10149916231801563 -0.07726476742712737 -0.048871844457125814 -0.0443432821299542 -0.07396244162390397 -0.03282556836975031 -0.031248809858447024 -0.03330327153560661 -0.04733257783555436 -0.02956715191917858 -0.02981194689176805 -0.02647365274470906 -0.03400994907133281 -0.041868902240576385 -0.06982231343334372 -0.08793320168148386 -0.08112632035371961 -0.07323246273431885 -0.091242216318176 -9999 -9999
-9999 -9999 -9999 -9999 -9999 -9999 -9999 -9999 -9999 -9999 -9999 -9999 -9999 0.07186483104402819 0.08426039893243276 0.10039587513758584 0.07402982378815431 0.08626159702438907 0.1005850945072002 0.09475479288136256 0.06899503263480525 -0.01652129686930601 -0.05327820459510696 -0.06746274602181951 -0.07651832434295239 -0.06313686036429869 -0.09331776749813693 -0.08990722706287421 -0.08309529687481365 -0.08844794251624198 -0.0953976544069833 -0.10096541800718196 -0.06960752554411109 -0.04860468191604708 -0.03548477123300711 -0.03638123796277104 -0.019969004777852798 -0.0205116026803342 -0.02669592179509614 -0.03476467120006335 -0.012194871834071808 -0.03763523862707888 -0.02692839687411813 -0.03443935084654842 -0.042290882503783184 -0.06023468360812825 -0.06775702680037779 -0.07076725053988148 -0.06562531743659061 -0.07073171371170743 -0.05912850545295936 -9999
-9999 -9999 -9999 -9999 -9999 -9999 -9999 -9999 -9999 -9999 -9999 -9999 -9999 0.08886205839614075 0.08544954278711547 0.014794263587548206 -0.0480251599356164 -0.04123096850263066 -0.016640731177869298 0.029852565821437638 -0.035299501151723006 -0.053681884793674216 -0.05854897729532664 -0.07873269166240747 -0.08287323494865137 -0.08325186311856086 -0.06034575730305292 -0.10060154149929684 -0.0734534429322029 -0.07402336340526053 -0.09909951717903216 -0.07346761213808227 -0.051483642673869234 -0.04280302956341262 -0.04333113845533288 -0.029918871735817337 -0.01930549367112511 -0.02172156481395998 -0.019901850865549083 -0.029359701869272888 -0.040559351251556935 -0.048251554755301296 -0.04672998092560607 -0.05125429775867174 -9999 -0.05516946472396905 -0.06544937235726553 -0.07368638160474161 -0.07241187131639279 -0.06394764709032394 -0.050356648767113016 -9999
-9999 -9999 -9999 -9999 -9999 -9999 -9999 -9999 -9999 -9999 -9999 -9999 -9999 0.07063399553298949 -0.01920518169645219 -0.0340469835533036 -0.03221480266713514 -0.045091086135404856 -0.061016786207513135 -0.059661641447658974 -0.0620259327485281 -0.05402704139842704 -0.06900432526188738 -0.07083258221254626 -0.08646690025925638 -0.10801675096154216 -0.09901200033638673 -0.07543775153368018 -0.09034925272558317 -0.09242329943578599 -0.08426391110680573 -0.06571563608387765 -0.04373395395861274 -0.02810624852153365 -0.02725996928555624 -0.01592075647904151 -0.0014850116323357756 -0.024190143273189302 -0.008196351151647295 -0.027083072570316943 -0.030592349282969025 -0.04384241921120677 -0.04698113099121573 -0.12958893328905102 -9999 -9999 -9999 -9999 -9999 -9999 -9999 -9999
-9999 -9999 -9999 -9999 -9999 -9999 -9999 -9999 -9999 -9999 -9999 -9999 -9999 0.004436698307593662 -0.02994480510242287 -0.04432611231033395 -0.0379253814827247 -0.04618525190884806 -0.06407853433998617 -0.0590373813118561 -0.062030315442996864 -0.07038300668492037 -0.07346155347631256 -0.10174749973451808 -0.09149378425506656 -0.10382843489737008 -0.10333759170667878 -0.09770567368629364 -0.09248301884982477 -0.09310338026735672 -0.09038847069754158 -0.08364154402723259 -0.034706969740042504 -0.030026562294755005 -0.03219689993278646 -0.028236520308784624 -0.016019215053390882 -0.00834476790007424 -0.011130776174147344 -0.019261854989775312 -0.024284674625458386 -9999 -9999 -9999 -9999 -9999 -9999 -9999 -9999 -9999 -9999 -9999
-9999 -9999 -9999 -9999 -9999 -9999 -9999 -9999 -9999 -9999 -9999 -9999 0.0696188392803857 -0.006619713405465244 -0.023615545282761274 -0.04104254879506239 -0.029945113438818814 -0.04248480875918895 -0.039765295060351515 -0.050551560143997636 -0.04503686144584565 -0.042813917894552384 -0.031784741185242084 -0.07333552455644551 -0.09573964903219824 -0.09513205498279563 -0.11147256677641587 -0.10331942513585088 -0.09492840054666712 -0.08627665258315673 -0.08783070836216211 -0.08361756212838077 -0.052390973408554864 -0.0413370034424588 -0.029081748525907364 -0.02887902933969555 -0.010331556634154415 -0.0044768908234356355 0.002680078820260473 -0.03426383420565099 -0.016712198662291098 -9999 -9999 -9999 -9999 -9999 -9999 -9999 -9999 -9999 -9999 -9999
-9999 -9999 -9999 -9999 -9999 -9999 -9999 -9999 -9999 -9999 -9999 -0.04671575338882089 -0.02193241614799996 -0.0027143619034761253 0.00892365667261652 -0.05180808281691016 -0.046014026738703216 -0.04524151796911971 -0.05084415589585714 -0.045730345370247984 -0.044072418520227065 -0.02962215086445213 -0.034571119434671636 -0.056679799094980166 -0.05430988799780609 -0.07707124189473691 -0.09549102345481514 -0.10362438642116914 -0.09530863822216076 -0.08326154556355361 -0.08685393346312606 -0.07141531657364314 -0.02794255658518524 -0.029156049262203363 -0.03722243170004064 -0.030092665419718362 -0.010416281568567942 -0.017812239892053883 -0.03998092128100192 -0.032565592934029636 -9999 -9999 -9999 -9999 -9999 -9999 -9999 -9999 -9999 -9999 -9999 -9999
-9999 -9999 -9999 -9999 -9999 -9999 -9999 -9999 -9999 -9999 0.020115174267342998 -0.029833083446973413 -0.06314939395947887 -0.06816396696699989 -0.0479284968227148 -0.04893545594848231 -0.0346692221239209 -0.03440672701891559 -0.03527594606081644 -0.014229562925174829 -0.009316386235877884 -0.023311797576025108 -0.05297965924313039 -0.048011569467223736 -0.04437743220478296 -0.03473913099003745 -0.0630601446144283 -0.07546939691865298 -0.06798860949597188 -0.06301821002214239 -0.06119844047352671 -0.04437411453482912 -0.05034680397068037 -0.0539349823843733 -0.039706973313558415 -0.049197142598805615 -0.033287061832663466 -0.03423953669645438 -0.04062064893816303 -9999 -9999 -9999 -9999 -9999 -9999 -9999 -9999 -9999 -9999 -9999 -9999 -9999
-9999 -9999 -9999 -9999 -9999 -9999 -9999 -9999 -9999 -9999 -9999 -9999 0.025639567088771187 -0.04283796956141789 -0.04141162526913178 -0.03809178983792663 -0.05237022726796567 -0.047034908699083916 -0.035354164535109006 -0.039620270859450114 -0.0404853167224534 -0.04724912333469361 -0.045903796282334215 -0.06794046017933975 -0.06039143496981034 -0.05205231881700456 -0.038394936313852664 -0.035737888631410884 -0.043392018228769313 -0.03480095772120434 -0.03930669713506027 -0.03674675729125737 -0.02383415335553546 -0.03880851860740223 -0.05127512392254521 -0.05676007345318795 -0.05079499668913123 -0.029844776393822686 -0.035643770508928065 -0.04890443326211444 -9999 -9999 -9999 -9999 -9999 -9999 -9999 -9999 -9999 -9999 -9999 -9999
-9999 -9999 -9999 -9999 -9999 -9999 -9999 -9999 -9999 -9999 -9999 0.02476247170796761 -0.02707642674833149 -0.011924328055937572 -0.05245244331084764 -0.038096446264535185 -0.042015321506187316 -0.05521083302512955 -0.022624783443682128 -0.07310161553323273 -0.07514371883265578 -0.044469468223934 -0.06585915410556853 -0.07255527713372334 -0.06599512447913489 -0.04181245630607011 -0.027748117988396964 -0.0264550915453583 -0.042392822611145665 -0.030255589021157606 -0.01838531002919544 -0.02715567827812934 -0.022277998444796717 -0.04659964048445131 -0.04689338994098871 -0.04932213160209359 -0.04477995896229037 -0.03769393357229822 -0.03140985147084718 -9999 -9999 -9999 -9999 -9999 -9999 -9999 -9999 -9999 -9999 -9999 -9999 -9999
-9999 -9999 -9999 -9999 -9999 -9999 0.014296406134963054 0.04995916182031998 0.07326781940891555 0.07694323241519621 0.053881121920300784 -0.003961079419614433 0.0016298306162481346 -0.03441324626857584 -0.04685010184844335 -0.0601766216323564 -0.07075233265566519 -0.05804442934974841 -0.07917117230690918 -0.11318170110384625 -0.08969082354911065 -0.05444876820623098 -0.0838966289801257 -0.07202851757794232 -0.06656868405346023 -0.04215156813462576 -0.02699560449494945 -0.03772100724892902 -0.04737266136799007 -0.042164991367850214 -0.04447187488825108 -0.037385292046048964 -0.04615324172501761 -0.0575663638360138 -0.060847900163095735 -0.019814617931842804 -0.029293343424797055 -0.001965412497520441 -9999 -9999 -9999 -9999 -9999 -9999 -9999 -9999 -9999 -9999 -9999 -9999 -9999 -9999
-9999 -9999 -9999 -9999 -9999 -9999 0.0968689139932394 0.022107463186750054 0.0009519829855937633 0.003150592820766657 -0.0110352972570138 -0.026809296164757163 -0.019789932102158486 -0.024786158186661744 -0.03694794341921806 -0.04901212194052182 -0.06588318022206807 -0.08127254486466065 -0.08309746538470318 -0.06576781868934631 -0.0722322999744823 -0.06595220714807509 -0.05164811434829003 -0.059507439735454415 -0.05144920487972823 -0.03594047930712502 -0.031103602472088626 -0.05323220326159245 -0.07558181498898195 -0.07484009719337338 -0.07422983257744747 -0.05678116937784794 -0.06778065888762573 -0.07838712932305819 -0.10830903239548206 -9999 -9999 -9999 -9999 -9999 -9999 -9999 -9999 -9999 -9999 -9999 -9999 -9999 -9999 -9999 -9999 -9999
-9999 -9999 -9999 0.11700109706113213 -9999 -9999 -9999 0.044673291565496716 0.034000525662264275 0.012336916586694613 -0.0005472249498492676 0.008096905988886155 -0.01908882310948309 -0.05228739589452744 -0.0621526210506757 -0.05407510033330404 -0.07215645060771039 -0.08010373929062406 -0.06165811370470022 -0.05833159490312272 -0.05480058299791482 -0.03941599240836996 -0.052684132991408984 -0.058695242985298775 -0.05576869638989099 -0.05496135438481967 -0.061400515660643584 -0.07389894369486216 -0.0915140791481675 -0.0912332860511038 -0.06792025221080553 -9999 -9999 -9999 -9999 -9999 -9999 -9999 -9999 -9999 -9999 -9999 -9999 -9999 -9999 -9999 -9999 -9999 -9999 -9999 -9999 -9999
-9999 -9999 -9999 0.13714071663169114 0.13551024171347556 -9999 -9999 0.09562355551767997 0.13049639041560726 0.05592844242850939 0.02094598293304445 0.03725758641958235 0.013787657059729092 -0.1042313186602818 -0.0903043404527723 -0.05923648409440485 -0.07664113354042804 -0.06849359462244645 -0.05546505899272031 -0.038442219926478116 -0.013930068726637462 -0.024317784180097723 -0.043874743841078166 -0.0507781860745839 -0.04848878634338444 -0.06767219516473849 -0.10353355411742184 -0.1015846652759088 -0.0842930645530307 -9999 -9999 -9999 -9999 -9999 -9999 -9999 -9999 -9999 -9999 -9999 -9999 -9999 -9999 -9999 -9999 -9999 -9999 -9999 -9999 -9999 -9999 -9999
-9999 -9999 -9999 0.11106763617732583 0.11227477878332136 -9999 -9999 0.0635854893842259 0.057886685773327534 0.03176438361406325 0.022200037464499472 -0.004234012762705464 -0.040280817831690234 -0.0749785365486467 -0.0836158169254865 -0.0634733582329419 -0.06200179483898927 -0.06839000960545882 -0.056887941253888935 -0.04875387955366428 -0.04286420203021002 -0.06765868211139553 -0.08028122818429176 -0.08755053524431344 -0.07186889536168478 -0.07470084273734606 -0.08563103179485365 -0.12197631584480405 -9999 -9999 -9999 -9999 -9999 -9999 -9999 -9999 -9999 -9999 -9999 -9999 -9999 -9999 -9999 -9999 -9999 -9999 -9999 -9999 -9999 -9999 -9999 -9999
-9999 -9999 -9999 0.07906138082345326 0.08586249316732089 0.09228869619434826 0.12044383308573348 0.1435273873479399 0.08784698564055804 0.013588262825376451 0.004312958154413432 -0.008441616112077749 -0.03555488576077753 -0.05626796175901955 -0.07274862103266258 -0.0731755528998162 -0.06537273681640407 -0.0831814362129695 -0.06326790434688748 -0.058329372277566766 -0.08004534460072008 -0.07618906980623369 -0.10928662425615418 -0.10339110808997926 -0.08977001395127546 -0.08411644682498046 -0.04065320221707225 -9999 -9999 -9999 -9999 -9999 -9999 -9999 -9999 -9999 -9999 -9999 -9999 -9999 -9999 -9999 -9999 -9999 -9999 -9999 -9999 -9999 -9999 -9999 -9999 -9999
-9999 -9999 -9999 -9999 0.029658846457799263 0.0036228384873638326 0.0017401665650509655 0.012269161539535 0.003445583999761054 -0.032233336287188434 -0.02041030157771376 -0.015771302486389468 -0.03608344722953108 -0.056633759189296425 -0.054532446964106085 -0.04158354465993988 -0.037404294481829685 -0.04785235864962911 -0.058202952193771175 -0.07211686963072192 -0.06862620810327462 -0.103424156597559 -0.12416562417023615 -0.11995797069139882 -9999 -9999 -9999 -9999 -9999 -9999 -9999 -9999 -9999 -9999 -9999 -9999 -9999 -9999 -9999 -9999 -9999 -9999 -9999 -9999 -9999 -9999 -9999 -9999 -9999 -9999 -9999 -9999
-9999 -9999 -9999 -9999 0.05723457732429246 0.006682054257728692 0.00034849051858337754 0.010899656184323842 0.010437508356081288 -0.011104142752527774 -0.04979606124926622 -0.06661732599768841 -0.0715482283915792 -0.0611169561976567 -0.05665834335876362 -0.04051318107026894 -0.032013522509707903 -0.04625439922540234 -0.06756046992629322 -0.07916173050311251 -0.08453078899118635 -0.10637553566939212 -0.11317962338881833 -0.1228099967752184 -0.12480009836809974 -9999 -9999 -9999 -9999 -9999 -9999 -9999 -9999 -9999 -9999 -9999 -9999 -9999 -9999 -9999 -9999 -9999 -9999 -9999 -9999 -9999 -9999 -9999 -9999 -9999 -9999 -9999
