metrics/grid_rasters/SMOS-BEC/grideval_SMOS-BEC_X_fall_2015_absolute_bias.asc
ncols 52
nrows 55
xllcorner     11.25
yllcorner     55.25
cellsize      0.25
NODATA_value  -9999
[rows 0 to 27 of 55, columns 0 to 51 of 52]
-9999 -9999 -9999 -9999 -9999 -9999 -9999 -9999 -9999 -9999 -9999 -9999 -9999 -9999 -9999 -9999 -9999 -9999 -9999 -9999 -9999 -9999 -9999 -9999 -9999 -9999 -9999 -9999 -9999 -9999 -9999 -9999 -9999 -9999 -9999 -9999 -9999 -9999 -9999 -9999 -9999 -9999 -9999 -9999 -9999 -9999 -9999 -9999 -9999 -9999 -9999 -9999
-9999 -9999 -9999 -9999 -9999 -9999 -9999 -9999 -9999 -9999 -9999 -9999 -9999 -9999 -9999 -9999 -9999 -9999 -9999 -9999 -9999 -9999 -9999 -9999 -9999 -9999 -9999 -9999 -9999 -9999 -9999 -9999 -9999 -9999 -9999 -9999 0.12949468896669494 0.1089264489710331 0.11950511634349825 0.10250085270082628 0.05347363429295052 0.03528273236006496 -9999 -9999 -9999 -9999 -9999 -9999 -9999 -9999 -9999 -9999
-9999 -9999 -9999 -9999 -9999 -9999 -9999 -9999 -9999 -9999 -9999 -9999 -9999 -9999 -9999 -9999 -9999 -9999 -9999 -9999 -9999 -9999 -9999 -9999 -9999 -9999 -9999 0.1334862107860631 0.08446550985862468 0.06283656738955397 0.03402499281443083 0.056679638532491826 0.09291682988405224 0.08087844987000742 -9999 0.06051333616709425 0.1035628970712423 0.1188167491700591 0.043308921340035215 0.009220382642178336 0.034954915798845736 0.031161165663174232 0.017393035902863424 -0.008458855477246341 -0.013884225807091977 -0.014323298697886287 -9999 -9999 -9999 -9999 -9999 -9999
-9999 -9999 -9999 -9999 -9999 -9999 -9999 -9999 -9999 -9999 -9999 -9999 -9999 -9999 -9999 -9999 -9999 -9999 -9999 -9999 -9999 -9999 -9999 -9999 -9999 -9999 -9999 0.13310647267719794 0.1592833271314358 0.13620796491359846 0.16888340742423616 0.18147760589380524 0.08881777583768494 0.05103858010843396 0.02295175716280937 0.016061242745847137 0.012591823625067859 -0.003348121934748705 -0.0018097871671552406 -0.013236018067056488 -0.018397975713014603 -0.01688667651679776 -0.03454890218045975 -0.06775047404821527 -0.08741218787504408 -0.053633024179658206 -0.02651516035199164 -0.02305845733808015 -9999 -9999 -9999 -9999
-9999 -9999 -9999 -9999 -9999 -9999 -9999 -9999 -9999 -9999 -9999 -9999 -9999 -9999 -9999 -9999 -9999 -9999 -9999 -9999 -9999 -9999 0.11899912768396842 0.1228938277425437 0.1197896399374666 0.08808952775494805 0.12320703987417553 0.12598445851887974 0.13906009238341754 0.17576481978739458 0.1767128946052657 0.1204285617822256 0.10897292870850793 0.047142604027282126 0.03252431845411344 0.02074084107821086 0.00949324263880652 -0.003827039517608377 -0.02004778447250521 -0.0396976957612849 -0.017943664413431426 -0.042429050349670934 -0.08610774974028268 -0.09080708836731703 -0.05498397217856516 -0.045497574739985995 -0.04413815967890677 -0.03772848904132842 -0.023848198067683457 -9999 -9999 -9999
-9999 -9999 -9999 -9999 -9999 -9999 -9999 -9999 -9999 -9999 -9999 -9999 -9999 -9999 -9999 -9999 -9999 -9999 -9999 -9999 -9999 0.1171769325075478 0.11753432966511825 0.12374719566312332 0.09783593589259736 0.11020523901371397 -9999 0.1300191223621368 0.12780119951178387 0.15010281832053746 0.13710438893284912 0.08863405646248299 0.07207809354771266 0.014133739082709625 0.021689024632391724 -0.000520758330821991 -0.01513601626668659 -0.027012827934003336 -0.033700330803791645 -0.037938084729291784 -0.025879163846925457 -0.03987738939951047 -0.06907115623636068 -0.10273070203570216 -0.12182573854923245 -0.08386026585803312 -0.05688149094581608 -0.03768755696140802 -0.02453834549436029 -9999 -9999 -9999
-9999 -9999 -9999 -9999 -9999 -9999 -9999 -9999 -9999 -9999 -9999 -9999 -9999 -9999 -9999 -9999 -9999 -9999 -9999 -9999 -9999 0.10432586632668972 0.11924208650986352 0.11909720147478164 -9999 0.10895024293235367 0.11991334167020072 0.11748811478416127 0.13832821685707927 0.1122926102673754 0.10644649277473316 0.025575712472200415 0.0012639863416552546 0.0003068248430888043 0.0035628390312194835 -0.015960611244465434 -0.034416636695032504 -0.060632407982298665 -0.04660094866099268 -0.05398039863659787 -0.054856640597184536 -0.04167451881445372 -0.05798889782566291 -0.09237583612020196 -0.0938265140888826 -0.09688658708775487 -0.08424791070547971 -0.061840339391319825 -0.045028379118001005 -0.015909848910457658 -9999 -9999
-9999 -9999 -9999 -9999 -9999 -9999 -9999 -9999 -9999 -9999 -9999 -9999 -9999 -9999 -9999 -9999 -9999 -9999 -9999 -9999 -9999 0.11796874270356933 0.11897856921985228 0.1267310927311579 0.12760484266665673 0.1321921620903344 0.11540526546099605 0.07487573627478034 0.0040046950412350735 0.008248612284660341 0.07688169908232806 -0.001987670757332638 -0.028012845665216446 -0.027802184224128727 -0.03072690853366145 -0.03942169308662419 -0.06372181445360181 -0.0757589687903722 -0.07598692923784252 -0.06674014031887054 -0.05706314659780925 -0.03803533922742913 -0.03915199918567014 -0.043305309523235684 -0.06134902807799252 -0.06096238363534213 -0.049979277361523015 -0.04438610591671685 -0.03245074168911999 -9999 -9999 -9999
-9999 -9999 -9999 -9999 -9999 -9999 -9999 -9999 -9999 -9999 -9999 -9999 -9999 -9999 -9999 -9999 -9999 -9999 -9999 0.10558545541378757 0.1268871556967497 0.1386334868994626 0.11680050194263457 0.12453265246507285 0.0971778474929856 0.018470688723027682 0.011306284711911141 -0.024965908059052026 -0.005549741580205825 -0.04080463299211468 -0.04576884320488683 -0.07163280220526569 -0.0564112625285691 -0.057280428431652215 -0.06688569486141208 -0.056724086674776915 -0.0742824579504403 -0.11112271263091653 -0.11365544416687705 -0.09278202163321632 -0.060740752943924524 -0.026589984606419287 -0.0189081108463662 -0.025409757824880724 -0.022859757233943262 -0.038440407652940066 -0.024142607514347356 -0.009868130087852506 0.0012722563530717654 -0.009377379038117169 0.006299403096948347 -9999
-9999 -9999 -9999 -9999 -9999 -9999 -9999 -9999 -9999 -9999 -9999 -9999 -9999 -9999 -9999 -9999 -9999 -9999 0.11752667920342807 0.12294363102008556 0.13821038810743225 0.11479394959992377 0.05093394819161165 0.021128051759054276 0.003698114670959152 -0.006443457383858542 -0.026836329318107418 -0.059693036445726926 -0.04499809412246058 -0.06490680288809997 -0.07544794652545661 -0.07351815010662432 -0.05204404479470748 -0.04228198155760768 -0.053764886555394936 -0.06365006547747998 -0.05560170349321866 -0.07464999146759507 -0.07960330588477002 -0.07166259150419915 -0.054689752242781886 -0.0335296192871673 -0.02395670967442648 -0.009240491581814642 -0.015750609072191363 -0.03330547814922677 -0.031303142596568384 -0.022965489734302874 -0.026466944813728355 -0.030711889808828188 -0.018901998576309004 -9999
-9999 -9999 -9999 -9999 -9999 -9999 -9999 -9999 -9999 -9999 -9999 -9999 -9999 -9999 -9999 -9999 -9999 0.11657856867231176 0.1327135855781621 0.04554087013909311 0.018204384507277068 0.009358708125849545 0.002450503719349739 -0.00979072931740016 -0.023573239092473608 -0.0452999509871006 -0.056976722410092 -0.05686204189603977 -0.04546966552734377 -0.05787456035614014 -0.10170942688217527 -0.11935824213119656 -0.08867169119286958 -0.060093190586357814 -0.06057518184707875 -0.04299067179190705 -0.03962015155060539 -0.028246110369419236 -0.0332637546878112 -0.04356433974023452 -0.030974648500743687 -0.016329211885468986 -0.0321613471758993 -0.024785706087162632 -0.009343232032271082 -0.04399610833640685 -0.06352470815181732 -0.0673504240278687 -0.050777151116303036 -0.058065402720655725 -9999 -9999
-9999 -9999 -9999 -9999 -9999 -9999 -9999 -9999 -9999 -9999 -9999 -9999 -9999 0.08832388485853493 0.09827360510826112 0.11587273848779273 0.0996342988477813 0.13308723446200876 0.14138663534460394 0.10487278036418418 0.10872759154209724 0.02364499006006454 -0.005049601501348089 -0.044972785844885066 -0.0515623398251453 -0.06100979144290341 -0.06569791883230207 -0.07072761184290832 -0.0608487320797784 -0.07866342601023224 -0.0972846183797409 -0.091315857166874 -0.07913225157219067 -0.05450394213722465 -0.043664253594582536 -0.02557113034683361 -0.011379215866327286 -0.015282949496959852 -0.013024069882672434 -0.004854579167119372 0.010073951984706677 0.0011317390682441806 -0.005462289487911498 -0.0036858033774228023 -0.017029507856430648 -0.03932174555315027 -0.057684243771067824 -0.06254548187318604 -0.047956198453903226 -0.04705347853191827 -0.03652259682615594 -9999
-9999 -9999 -9999 -9999 -9999 -9999 -9999 -9999 -9999 -9999 -9999 -9999 -9999 0.09364826776660408 0.09509278222536433 0.04361438342640478 -0.018989338213577844 0.008672732573289155 0.009127788618207013 0.04155886511911045 -0.003932366979883084 0.011849386904102116 -0.018298073925755217 -0.05275501598391619 -0.0616530922466311 -0.07280442645323687 -0.08533845029094002 -0.08355689485525261 -0.07021326764866156 -0.08148275498758281 -0.08804495838644394 -0.0851939963334698 -0.06377477236723497 -0.04733385813647306 -0.0223536574739521 -0.013366714625035305 -0.009733399183585734 -0.0011034052250748774 -0.00027525020857988025 0.01312017363720927 0.007152627318583681 0.023120616325887574 0.010720559442415815 0.0180190249249853 -0.026278275464262257 -0.02493924454882224 -0.0461793866073876 -0.06833215084459099 -0.05032005674880125 -0.050366925376076815 -0.038020241944516316 -9999
-9999 -9999 -9999 -9999 -9999 -9999 -9999 -9999 -9999 -9999 -9999 -9999 -9999 0.08483394415214146 -0.01837486889627249 -0.014084486629475257 0.002335889048354578 -0.027053503597036344 -0.017140035331249248 -0.010741610378026985 -0.024422147694756008 -0.020037431480749573 -0.03175249372450808 -0.06001743371203794 -0.057113484100059224 -0.0736972138817821 -0.08429061936644408 -0.09109955897618983 -0.08401268667408399 -0.08944717614815151 -0.1111339181661606 -0.09764875345310922 -0.06889750821105506 -0.06531875268979506 -0.06135185217035225 -0.02348949302706801 -0.009197555608668584 -0.0011717807185851747 0.0010574096340243977 0.001967560561994736 0.011335906990129374 0.010463481105990323 0.02430242595487628 0.08091506361961365 -9999 -9999 -9999 -9999 -9999 -9999 -9999 -9999
-9999 -9999 -9999 -9999 -9999 -9999 -9999 -9999 -9999 -9999 -9999 -9999 -9999 0.035998529361353976 0.007252267334196315 -0.005068020688162922 -0.0018052126726378905 -0.005490207113325568 -0.013626080188973266 -0.012330605118882398 -0.035447243126955914 -0.05007309466600418 -0.04973015738160985 -0.057930207566211124 -0.06476701102380097 -0.07461086069715431 -0.08608773504865583 -0.0933281360369808 -0.0935996657815473 -0.09844617494221393 -0.1106401442967612 -0.10309347664487772 -0.08591437699465918 -0.08151451832261578 -0.0813969555547682 -0.043435151116889836 -0.01801199774289955 -0.00994695311990279 -0.0014404884229103634 -0.010596639186632423 -0.005215073128541303 -9999 -9999 -9999 -9999 -9999 -9999 -9999 -9999 -9999 -9999 -9999
-9999 -9999 -9999 -9999 -9999 -9999 -9999 -9999 -9999 -9999 -9999 -9999 0.12198420630201053 0.04897398095239292 0.019959574565291405 -7.011586179334063e-05 -0.008381626132796416 0.0009900787128852009 -0.005357990662256895 -0.013156537847085427 -0.024150619989839084 -0.034714735665563795 -0.03388599169751008 -0.045485540214231485 -0.053271508165474574 -0.058186046652874725 -0.07283008932057075 -0.07814270914611174 -0.0766602724285449 -0.08101020071466089 -0.08611736893653871 -0.08166724294424055 -0.057172554731369035 -0.06642786189913749 -0.06425214075205621 -0.039816472875444486 -0.010202882361823096 -0.0036129650970300187 0.012901204409169365 -0.01000280736479908 -0.00911536032245272 -9999 -9999 -9999 -9999 -9999 -9999 -9999 -9999 -9999 -9999 -9999
-9999 -9999 -9999 -9999 -9999 -9999 -9999 -9999 -9999 -9999 -9999 -0.025325459884662282 0.02203307103137581 0.04818116888708002 0.05140952005678296 -0.020566689819097483 -0.0009401726956461133 -0.0037261642656236655 -0.0063642076494401225 -0.009747735763850962 -0.013032780694110069 -0.029893843694166675 -0.02155287974867326 -0.03418685723159273 -0.03618741376420195 -0.04688641984583966 -0.04822656695257152 -0.058591446440134726 -0.06077481497978341 -0.060321411086341065 -0.07723252680794945 -0.0563056142679576 -0.05235900489960685 -0.04953042329367946 -0.038312121720637284 -0.022414878383278845 -0.009597219912142602 -0.009730755897431527 0.006520159542560577 -0.015855651409899613 -9999 -9999 -9999 -9999 -9999 -9999 -9999 -9999 -9999 -9999 -9999 -9999
-9999 -9999 -9999 -9999 -9999 -9999 -9999 -9999 -9999 -9999 0.01440064909939584 0.0048792179709730155 -0.014568673644928197 -0.016312102377414706 -0.0014091876420108118 -0.013249986280094495 -0.004528052698482166 -0.0007079394132483152 0.005096666645585446 0.0157547142228176 -0.00448204551712944 -0.013510541173449714 -0.02638794721688256 -0.023148918845530192 -0.02170889197211517 -0.026091183486737696 -0.044372421346212665 -0.03178453496817885 -0.029696929557570112 -0.05577222779393196 -0.06448788889523208 -0.054037569668786256 -0.03876850514088645 -0.04313308480432476 -0.045461352472588167 -0.04235021496812502 -0.031724706165871384 -0.0252088277504362 -0.017188878130104585 -9999 -9999 -9999 -9999 -9999 -9999 -9999 -9999 -9999 -9999 -9999 -9999 -9999
-9999 -9999 -9999 -9999 -9999 -9999 -9999 -9999 -9999 -9999 -9999 -9999 0.06625255611392533 -0.020964080467820168 -0.016892949740091978 -0.007583413559656915 -0.030120287700132864 0.000933398170904709 0.010084891266990135 0.008827149868011475 0.0023726540906675864 -0.02261403973760276 -0.030194914654681576 -0.030187876404900314 -0.02288789687944306 -0.020195250644495597 -0.01729760894127058 -0.014118047659857219 -0.009899614280775959 -0.028941296311942005 -0.03788914439970989 -0.042321954490774784 -0.04067790508270264 -0.045483339706371584 -0.0445261435775921 -0.044506949290894604 -0.034157391389211006 -0.03118462041020395 -0.032043086334330145 -0.04525267788105541 -9999 -9999 -9999 -9999 -9999 -9999 -9999 -9999 -9999 -9999 -9999 -9999
-9999 -9999 -9999 -9999 -9999 -9999 -9999 -9999 -9999 -9999 -9999 0.08762179778994256 0.01532509077892258 0.02768740922212598 -0.014005542546510708 -0.011328062990255516 0.0013811540436642347 -0.0038487853057551924 0.013967372370617707 -0.017772847979233175 -0.021260471179567503 -0.02146960640775747 -0.0381633699711027 -0.029451929159083626 -0.025441778052983616 -0.01842093403483261 0.004054358550186821 -0.019243116394199174 -0.009563317586635728 -0.015308232291748632 -0.02460272905641589 -0.020789082732892816 -0.03175371681009573 -0.04299613564717966 -0.04515805351929583 -0.033693708839916375 -0.04736412929431083 -0.04467783471749676 -0.029495108031457468 -9999 -9999 -9999 -9999 -9999 -9999 -9999 -9999 -9999 -9999 -9999 -9999 -9999
-9999 -9999 -9999 -9999 -9999 -9999 0.01419038884341717 0.053293787448082934 0.10101522025294027 0.1338872892486576 0.11958541513754513 0.029606589212499836 0.01410712239642936 0.004467157426021856 -0.009933709466861451 -0.014931694471410325 -0.0028189920402806323 -0.0034321180132569074 -0.012385621791084572 -0.025430724024772644 -0.015534862370814282 -0.008591503819875557 -0.022466095131156688 -0.02416320984898987 -0.01655290004307941 -0.0015933827721867078 0.01428000110068492 0.007479680036859837 -0.025057067846258496 -0.03098075934609429 -0.020399559040864296 -0.02039832223592133 -0.03940907737304422 -0.05312883243209027 -0.04874464161083345 0.013382254540920235 0.014005161821842194 0.07870475451151529 -9999 -9999 -9999 -9999 -9999 -9999 -9999 -9999 -9999 -9999 -9999 -9999 -9999 -9999
-9999 -9999 -9999 -9999 -9999 -9999 0.13538053485213733 0.0353789227929982 0.036604916348176864 0.050990329266099615 0.05569249757549222 0.032283219240479534 0.012229766386250646 0.009818359893762452 -0.007841140714784478 -0.017560942784736022 -0.009614084429782009 -0.013571511473386531 -0.013340611851984485 -0.009340635271834513 0.0006235581512252232 -0.001226626273434034 -0.011881520004816765 -0.017210806844135146 -0.0068138136116207846 0.005239448882639386 0.005972597748041153 -0.0008312300939498363 -0.017635861411690712 -0.03540350356307187 -0.03655875995755195 -0.057379647575575725 -0.05519022882498545 -0.06352922186011173 -0.06287541484735049 -9999 -9999 -9999 -9999 -9999 -9999 -9999 -9999 -9999 -9999 -9999 -9999 -9999 -9999 -9999 -9999 -9999
-9999 -9999 -9999 0.14528382972615664 -9999 -9999 -9999 0.07332634483858687 0.08408058798093285 0.06771237441038683 0.0653692618867413 0.050970653338091726 0.018955187691796216 -0.010223245308283837 -0.014340546514306747 -0.018933207852145032 -0.015716223110412736 -0.0174418187389771 0.003096864970981106 0.017712622025951003 0.022292892598817417 0.015800396508226792 0.0028850383746127357 -0.010329927504062671 -0.009497463198031408 -0.0077007804686824435 -0.01715560019260548 -0.04183107690285828 -0.0740498596508252 -0.06887490109636862 -0.05830089774514949 -9999 -9999 -9999 -9999 -9999 -9999 -9999 -9999 -9999 -9999 -9999 -9999 -9999 -9999 -9999 -9999 -9999 -9999 -9999 -9999 -9999
-9999 -9999 -9999 0.1489630551742656 0.16115123778581614 -9999 -9999 0.1373013130536205 0.1678659997495084 0.10362501739192814 0.06780775679896275 0.05362410293591599 0.00788125827124242 -0.020491421344827454 -0.033627009492809466 -0.015725515782833068 -0.015593691170215584 -0.011964528968459677 0.01635493289251796 0.02638084255158901 0.0341305893342026 0.03252758875849748 0.009739984908411577 -0.010003786711465734 -0.014906230959154302 -0.03302888968779194 -0.049801527398327966 -0.04753694205234446 -0.06445668607950207 -9999 -9999 -9999 -9999 -9999 -9999 -9999 -9999 -9999 -9999 -9999 -9999 -9999 -9999 -9999 -9999 -9999 -9999 -9999 -9999 -9999 -9999 -9999
-9999 -9999 -9999 0.14852728843688964 0.16321729537513524 -9999 -9999 0.09482718973674556 0.09656499605625864 0.08547868372665512 0.0619070355187763 0.04987613032342958 0.02593504477170161 -0.027607311463604373 -0.03438150734993917 -0.030567044802641438 -0.024147222191095358 -0.023513268165547246 -0.014098682999610925 -0.002796235302137934 -0.0029740301711905504 -0.011413234980806486 -0.02585592424316752 -0.027395582315130312 -0.02783521466323588 -0.04951164008132994 -0.05284173093562902 -0.1035520658828318 -9999 -9999 -9999 -9999 -9999 -9999 -9999 -9999 -9999 -9999 -9999 -9999 -9999 -9999 -9999 -9999 -9999 -9999 -9999 -9999 -9999 -9999 -9999 -9999
-9999 -9999 -9999 0.14030674125613835 0.1442201927836452 0.15766113477626018 0.17863534986972807 0.18526895953850314 0.13687914455759118 0.057056642611298614 0.06936576155324775 0.05679107893858167 0.01562405093494107 -0.021697136043603044 -0.034598754140837434 -0.044959990693063584 -0.03165218914891113 -0.03923112308156898 -0.028615356609225286 -0.02228135985111998 -0.02921409880922685 -0.033761177049388 -0.05300608139124608 -0.06857434612051666 -0.0560843201934314 -0.05880757144862603 0.03056476047883433 -9999 -9999 -9999 -9999 -9999 -9999 -9999 -9999 -9999 -9999 -9999 -9999 -9999 -9999 -9999 -9999 -9999 -9999 -9999 -9999 -9999 -9999 -9999 -9999 -9999
-9999 -9999 -9999 -9999 0.07322059379055583 0.025131903196636 0.05562416855888117 0.07831514923501823 0.08824434830639205 0.08360953253330823 0.09548919601573808 0.05000715709195056 0.01718477519421743 -0.009603008596847457 -0.013664594947777914 -0.02218481981805684 -0.017595472777711924 -0.020268609650946928 -0.030521842509003024 -0.037837261669948434 -0.025726904848679174 -0.044224251549513593 -0.05681803542381475 -0.07631279433482002 -9999 -9999 -9999 -9999 -9999 -9999 -9999 -9999 -9999 -9999 -9999 -9999 -9999 -9999 -9999 -9999 -9999 -9999 -9999 -9999 -9999 -9999 -9999 -9999 -9999 -9999 -9999 -9999
-9999 -9999 -9999 -9999 0.1466036772257403 0.059092820736399876 0.073773667075724 0.08519605225460097 0.09149979551633197 0.07939923312515018 0.05384536808142898 0.04119006676946657 0.015265819821822455 -0.00846936542279367 -0.019437687234445028 -0.023185270806324904 -0.02607412162726208 -0.02798908562319161 -0.03888283245134772 -0.03735465051259024 -0.04342368653705042 -0.04726480902172625 -0.06682141550949641 -0.08291844166815279 -0.08240705463638315 -9999 -9999 -9999 -9999 -9999 -9999 -9999 -9999 -9999 -9999 -9999 -9999 -9999 -9999 -9999 -9999 -9999 -9999 -9999 -9999 -9999 -9999 -9999 -9999 -9999 -9999 -9999
