metrics/grid_rasters/SMOS-BEC/grideval_SMOS-BEC_Y_2015_absolute_bias.asc
ncols 52
nrows 55
xllcorner     11.25
yllcorner     55.25
cellsize      0.25
NODATA_value  -9999
[rows 0 to 27 of 55, columns 0 to 51 of 52]
-9999 -9999 -9999 -9999 -9999 -9999 -9999 -9999 -9999 -9999 -9999 -9999 -9999 -9999 -9999 -9999 -9999 -9999 -9999 -9999 -9999 -9999 -9999 -9999 -9999 -9999 -9999 -9999 -9999 -9999 -9999 -9999 -9999 -9999 -9999 -9999 -9999 -9999 -9999 -9999 -9999 -9999 -9999 -9999 -9999 -9999 -9999 -9999 -9999 -9999 -9999 -9999
-9999 -9999 -9999 -9999 -9999 -9999 -9999 -9999 -9999 -9999 -9999 -9999 -9999 -9999 -9999 -9999 -9999 -9999 -9999 -9999 -9999 -9999 -9999 -9999 -9999 -9999 -9999 -9999 -9999 -9999 -9999 -9999 -9999 -9999 -9999 -9999 0.13940942626778444 0.1056674968893245 0.12458719841690145 0.1279010246781742 0.05716814108568584 0.03081096279142548 -9999 -9999 -9999 -9999 -9999 -9999 -9999 -9999 -9999 -9999
-9999 -9999 -9999 -9999 -9999 -9999 -9999 -9999 -9999 -9999 -9999 -9999 -9999 -9999 -9999 -9999 -9999 -9999 -9999 -9999 -9999 -9999 -9999 -9999 -9999 -9999 -9999 0.1226078474894166 0.0690597487613559 0.051496248940626786 0.024027683772146702 0.057577005587518215 0.0798159397765994 0.0786729463880215 -9999 0.04666187630725968 0.08859588303526894 0.10161908304061347 0.060983488654218036 -0.0005734413862228394 0.01046819088683612 0.004383592404049924 0.0012303572014081274 -0.018029077477018624 -0.038426127927029374 -0.04623765651358672 -9999 -9999 -9999 -9999 -9999 -9999
-9999 -9999 -9999 -9999 -9999 -9999 -9999 -9999 -9999 -9999 -9999 -9999 -9999 -9999 -9999 -9999 -9999 -9999 -9999 -9999 -9999 -9999 -9999 -9999 -9999 -9999 -9999 0.1317775232018903 0.15374558527817886 0.11228254189093906 0.15734011121094227 0.14362606495364094 0.09375154588903696 0.0288634012658589 0.0034678133911100195 -0.016689857635004746 -0.025405155995796458 -0.03253311237384532 -0.03907764361550409 -0.014392212506324525 -0.033038818350074994 -0.04107507021277099 -0.059997542181631926 -0.07498456136131962 -0.08948798421368326 -0.06762172736174671 -0.05580459172144914 -0.04636837706690836 -9999 -9999 -9999 -9999
-9999 -9999 -9999 -9999 -9999 -9999 -9999 -9999 -9999 -9999 -9999 -9999 -9999 -9999 -9999 -9999 -9999 -9999 -9999 -9999 -9999 -9999 0.10977955402008127 0.11761374070363888 0.1097193405789844 0.08501334955443196 0.1150889566215949 0.12561674902422562 0.13256084802560508 0.15649320239700926 0.16366790812097345 0.102712112168471 0.09621567200989496 0.029143450574742408 0.01301877581795982 -0.01947741386448515 -0.028150267880158262 -0.026567911307017026 -0.05021441743081928 -0.05898649049167697 -0.045924558424625256 -0.08012381516046971 -0.11982312829761235 -0.11435734064548048 -0.07267336187019846 -0.06922609422331541 -0.053084896208766164 -0.02635616377280775 -0.03238661894574757 -9999 -9999 -9999
-9999 -9999 -9999 -9999 -9999 -9999 -9999 -9999 -9999 -9999 -9999 -9999 -9999 -9999 -9999 -9999 -9999 -9999 -9999 -9999 -9999 0.13111501095195616 0.13110829662376394 0.12774597329867854 0.09455225253716493 0.08967502577894038 -9999 0.1317537046362008 0.12722945741067332 0.14496618791630395 0.11685157251358033 0.07753042474625604 0.052334517713577056 -0.013427327224216246 -0.007948712154757231 -0.03004251595120877 -0.05359312983191744 -0.06097794429167808 -0.05744478429825799 -0.06121538926852992 -0.05056763996864538 -0.06089977800478175 -0.08523716005079585 -0.11226058686956948 -0.11216040034286724 -0.07659060599995249 -0.07294330447912217 -0.042088465392589584 -0.03597492275648562 -9999 -9999 -9999
-9999 -9999 -9999 -9999 -9999 -9999 -9999 -9999 -9999 -9999 -9999 -9999 -9999 -9999 -9999 -9999 -9999 -9999 -9999 -9999 -9999 0.10432586632668972 0.13747283893326914 0.12984095025257986 -9999 0.07836470704574089 0.10370060108984124 0.125139056723945 0.12499994878666565 0.09975123867508053 0.07251089919697151 0.008603133317647588 -0.022042559545773718 -0.02863039958935515 -0.03375635863769619 -0.050946384462816935 -0.06058394047431648 -0.08486767853128499 -0.0832665021394848 -0.07701835840940477 -0.06767666214116064 -0.0417090799682629 -0.06225534146766604 -0.09976163616886846 -0.10051744749269836 -0.09263977832866438 -0.08384542672923118 -0.0658989993878353 -0.045948930728582665 -0.021319786306493786 -9999 -9999
-9999 -9999 -9999 -9999 -9999 -9999 -9999 -9999 -9999 -9999 -9999 -9999 -9999 -9999 -9999 -9999 -9999 -9999 -9999 -9999 -9999 0.1409382854519626 0.13557381447522887 0.12821165115762784 0.10432331869378686 0.09744051344032534 0.09576812670344398 0.04812314847515803 -0.010655831305250052 -0.007794062355681086 0.06813584856480083 -0.014547149837017046 -0.03875562135834948 -0.04398707104642896 -0.04498095964231802 -0.05799777972462933 -0.07660119479182381 -0.10425778827917433 -0.09830362496920576 -0.07832292246597787 -0.0611397201217801 -0.049501990278561885 -0.039958333187713864 -0.054388948143964784 -0.06277531502117595 -0.06655088874572768 -0.05380416616617917 -0.049794402427789625 -0.036373004044701424 -9999 -9999 -9999
-9999 -9999 -9999 -9999 -9999 -9999 -9999 -9999 -9999 -9999 -9999 -9999 -9999 -9999 -9999 -9999 -9999 -9999 -9999 0.1178373655787221 0.14601376372171035 0.1479711617258462 0.12292379939130373 0.10920043356435476 0.05366471063877859 -0.012265723917567915 -0.0238779040465828 -0.03782683411805793 -0.02787795259996695 -0.05553076745107255 -0.061677885871078475 -0.06810892554553777 -0.05868234956751067 -0.0661188064045028 -0.07100732259212006 -0.06992295593213127 -0.09708860755057597 -0.12295790858290813 -0.12485566607282204 -0.09765909660875408 -0.06235041197188601 -0.03110094054276685 -0.024955386946718342 -0.02735701804778659 -0.0234508976699358 -0.04434772826240449 -0.032113749734655805 -0.01367301063006182 -0.011046488383194305 -0.016201573646873052 -0.0012148918538558704 -9999
-9999 -9999 -9999 -9999 -9999 -9999 -9999 -9999 -9999 -9999 -9999 -9999 -9999 -9999 -9999 -9999 -9999 -9999 0.12312410300291038 0.13241516443532567 0.1394805147126317 0.1177145114693886 0.03770812092319365 -8.000545533359825e-05 -0.023521329304485583 -0.0320024075494571 -0.06852488142472724 -0.09824540939672977 -0.07460513844853267 -0.08023914709991342 -0.09568746508909508 -0.08322864612996184 -0.05966947232151315 -0.05519834431734949 -0.0627731092678136 -0.0581507694483156 -0.06705028292010813 -0.09153961949050426 -0.08380212634801865 -0.07018398076650639 -0.05210406980699017 -0.031601862538428505 -0.0326709800851559 -0.029641390378986113 -0.038301828200231765 -0.06519294043857896 -0.050033720132119625 -0.04069853795297218 -0.039199382158144835 -0.04266089484369831 -0.03411013903942975 -9999
-9999 -9999 -9999 -9999 -9999 -9999 -9999 -9999 -9999 -9999 -9999 -9999 -9999 -9999 -9999 -9999 -9999 0.12557363037079106 0.13872889512115055 0.04419532378620286 0.007230622531140873 -0.0012882128983986438 -0.014889746523044256 -0.033817280884142265 -0.05234289820547455 -0.07756088797311134 -0.09292717788602922 -0.08833588709767233 -0.06918622838223681 -0.09321112862599444 -0.11874741535858825 -0.12095644780053387 -0.0955863984144596 -0.061731062427966166 -0.06544747087591424 -0.04349241784867447 -0.03945609857464394 -0.04735238457980906 -0.0313170341884389 -0.0435268207507975 -0.0322919540237962 -0.025250718260512617 -0.043704578245179926 -0.04908814312085597 -0.05275561520414029 -0.07593959902546235 -0.09483013816532634 -0.08699906132666463 -0.07423341501413325 -0.07756579912653783 -9999 -9999
-9999 -9999 -9999 -9999 -9999 -9999 -9999 -9999 -9999 -9999 -9999 -9999 -9999 0.10101520543297132 0.11253921550580824 0.11453654621210367 0.1136110376370581 0.12152188729184372 0.12927293712678162 0.10464856634351694 0.08066160080291457 0.009605658411979634 -0.02886455334149873 -0.06282021220720987 -0.06888755113928471 -0.07885926844258058 -0.11237616038047957 -0.1001402894596019 -0.0933464274261937 -0.10394249517809256 -0.09804003858672722 -0.10584086911486727 -0.08491003242809148 -0.0511719010461717 -0.044655646613853794 -0.031786994756582865 -0.02332893439701628 -0.02220647773321935 -0.01322290395550868 -0.021208316175376662 -0.01081878766858363 -0.019131655859596586 -0.034551223859800945 -0.042419668024077116 -0.052038315374999394 -0.07196234934825516 -0.08622294380551293 -0.07797042441046878 -0.07152659827616156 -0.06504921641892303 -0.0614529184159443 -9999
-9999 -9999 -9999 -9999 -9999 -9999 -9999 -9999 -9999 -9999 -9999 -9999 -9999 0.11003103015128146 0.10374402647817528 0.04753860049409631 -0.015162552592857759 -0.000910068364831984 -0.0008120886840910503 0.04229292758154096 -0.020205301188287283 -0.011655556121424049 -0.04151626390175545 -0.0670687885994607 -0.08396402704463883 -0.09787389948483438 -0.121243531731042 -0.10921775998480347 -0.10044765367281216 -0.0952177311845882 -0.11225610584869278 -0.0907827513898618 -0.06341164393557441 -0.04314756602571723 -0.02646689550128095 -0.024993382134409853 -0.01638628095388414 -0.011417866624586798 -0.008782877298126407 -0.006060814156251815 -0.015082248140039806 -0.013541705475721729 -0.028138960955317985 -0.032985449012588035 -0.044667542713587416 -0.0704961012189205 -0.08234674935894354 -0.07523573091730656 -0.07372764085071631 -0.06543665493235867 -0.057936854923472676 -9999
-9999 -9999 -9999 -9999 -9999 -9999 -9999 -9999 -9999 -9999 -9999 -9999 -9999 0.08658812704342828 -0.0026504662476087852 -0.01578990551077314 -0.002572724296312223 -0.02792511361518077 -0.016765420917760232 -0.02609719433463536 -0.038553404102798616 -0.027946948205064603 -0.042845499150607085 -0.07783239524645408 -0.08914387364935432 -0.10700356608087368 -0.11577660483973362 -0.12730382344415114 -0.1046016006225563 -0.09680199102010756 -0.10807208230573973 -0.09815063964672427 -0.07279358874349035 -0.058991859239690414 -0.05398638958826005 -0.03149290201980942 -0.018066334056443145 -0.014423043181785972 -0.014609119623382629 -0.014524821984185532 -0.017336972210316604 -0.015764911030960616 -0.019072239057106144 0.095097241923213 -9999 -9999 -9999 -9999 -9999 -9999 -9999 -9999
-9999 -9999 -9999 -9999 -9999 -9999 -9999 -9999 -9999 -9999 -9999 -9999 -9999 0.013428584970895495 -0.01220206038974156 -0.013235942357116282 -0.002048080608896552 -0.012252880669221644 -0.029940611006230355 -0.04373713281560454 -0.04361526698690571 -0.0664211092216353 -0.06171226776205003 -0.06711471711427269 -0.0950261550419258 -0.10971339689400378 -0.11566134680530983 -0.11686542243869212 -0.11026154831051826 -0.10783962178088367 -0.11807468843956792 -0.10803460369448686 -0.09625993409464437 -0.08346683855001638 -0.08194962627757557 -0.05143190059014138 -0.027901378411778144 -0.019680820145579286 -0.021024040578083075 -0.033970159590244325 -0.02420564753816309 -9999 -9999 -9999 -9999 -9999 -9999 -9999 -9999 -9999 -9999 -9999
-9999 -9999 -9999 -9999 -9999 -9999 -9999 -9999 -9999 -9999 -9999 -9999 0.10687309673622897 0.031010474126529075 0.0010872777285320099 -0.01206499634341135 -0.015657597296051373 -0.0031178054495120122 -0.023839762906233464 -0.01943740748101846 -0.027687374091038663 -0.03360495064965269 -0.032479772142258 -0.05015883469131105 -0.07294156550489672 -0.0836449787446431 -0.09774889503206524 -0.09999764858829703 -0.09388989680472698 -0.09156073326781644 -0.09935576079620256 -0.09169596515966384 -0.07193629855279765 -0.07379126962688234 -0.07018880096488983 -0.04701654313282033 -0.024189185755593427 -0.01598716840486633 -0.015460883240915269 -0.029306396632716888 -0.029570047489621443 -9999 -9999 -9999 -9999 -9999 -9999 -9999 -9999 -9999 -9999 -9999
-9999 -9999 -9999 -9999 -9999 -9999 -9999 -9999 -9999 -9999 -9999 -0.01960986054369379 0.028235544824636864 0.04271580883469739 0.04196560804677363 -0.033585944355608105 -0.015512911501780913 -0.018175280151458858 -0.017216766113415327 -0.021215152455332842 -0.007909891594733542 -0.023247605466073545 -0.01671225431631182 -0.03390612059868639 -0.04806903325792017 -0.05798507036491371 -0.06652066946029664 -0.0756985975493645 -0.07605148382527008 -0.07386281012473732 -0.08231366157866596 -0.0706425195305862 -0.06502871340915056 -0.06312596218926564 -0.051329052575996965 -0.04010850152799061 -0.02823087681344777 -0.02567353029871544 -0.035348483963924315 -0.033645521191989665 -9999 -9999 -9999 -9999 -9999 -9999 -9999 -9999 -9999 -9999 -9999 -9999
-9999 -9999 -9999 -9999 -9999 -9999 -9999 -9999 -9999 -9999 0.008317451045765145 -0.00722633708937792 -0.03734915025739205 -0.02914066172595464 -0.027683943510055545 -0.03319769962267438 -0.02220024329841519 -0.02263129823932464 -0.016142088757908846 -8.893355818617721e-05 -0.0011323644883103336 -0.009919001939304062 -0.017396674464548262 -0.01419774332013779 -0.01979095246209656 -0.028803901616917094 -0.0452010751622064 -0.0524515368470124 -0.049520517178511185 -0.05677321848756106 -0.06381411342647489 -0.06956469411538407 -0.06699201188395533 -0.06891016206571035 -0.055630256576197495 -0.05399507607732501 -0.045282790929764144 -0.03948906116318282 -0.04031793236039402 -9999 -9999 -9999 -9999 -9999 -9999 -9999 -9999 -9999 -9999 -9999 -9999 -9999
-9999 -9999 -9999 -9999 -9999 -9999 -9999 -9999 -9999 -9999 -9999 -9999 0.042731294782195006 -0.03488903943132726 -0.03500205143805468 -0.036546697525622014 -0.043979902318708464 -0.02920320831567236 -0.016449935288129436 -0.01627785289978106 -0.01027322460918928 -0.02177606996773296 -0.02693427293803649 -0.02900919742408517 -0.025879577237960198 -0.026875330189059937 -0.019010652154684088 -0.02420644303075753 -0.028192429797989967 -0.03937407794026282 -0.049166187347674944 -0.05691438453407261 -0.057726604542855574 -0.06311550292837828 -0.05685957182855536 -0.052302032091913836 -0.05474383379580708 -0.04918662563842885 -0.05243310467367285 -0.07113044815404074 -9999 -9999 -9999 -9999 -9999 -9999 -9999 -9999 -9999 -9999 -9999 -9999
-9999 -9999 -9999 -9999 -9999 -9999 -9999 -9999 -9999 -9999 -9999 0.05628801268987915 -0.01138964903273787 0.005218132668071307 -0.03760754050233883 -0.03364948703432985 -0.032477781048510235 -0.03981106346530944 0.00790910321579838 -0.04493546350831873 -0.0479814374256273 -0.03480360484708939 -0.04993732183657845 -0.04901160044329509 -0.0444006213347691 -0.03212174356529682 -0.010939173993061907 -0.030306335885164317 -0.03231797769496386 -0.03788858179535187 -0.040518454233692464 -0.03699477622797204 -0.04232085910573435 -0.055083180523731456 -0.058489949103783474 -0.05598061227764206 -0.0652919060355702 -0.061959660200532125 -0.050185089107862735 -9999 -9999 -9999 -9999 -9999 -9999 -9999 -9999 -9999 -9999 -9999 -9999 -9999
-9999 -9999 -9999 -9999 -9999 -9999 0.0004773882189483825 0.04696792621478324 0.09972864935013252 0.10553970735242232 0.09331814522459493 0.0006549990699662446 -0.011065748093589622 -0.02630218722594857 -0.03847471789657314 -0.049649856939184944 -0.04394814349621179 -0.0432467743133505 -0.050051530558593904 -0.05556623908997957 -0.044546418913773145 -0.029749073867881032 -0.05185025995049408 -0.05100199777286416 -0.03925176751041829 -0.02429651358297891 -0.00513436479580609 -0.01243214005994242 -0.04486221172979898 -0.04765616521491845 -0.045112323289537126 -0.039614035282284 -0.04109033048152922 -0.05683630748197091 -0.060358728014532174 -0.03783386065201328 -0.036526986821131285 0.07870475451151529 -9999 -9999 -9999 -9999 -9999 -9999 -9999 -9999 -9999 -9999 -9999 -9999 -9999 -9999
-9999 -9999 -9999 -9999 -9999 -9999 0.11094741299188224 0.019243062993066492 0.02273495229227201 0.023649676678408144 0.020424954295158396 0.0008120352702755683 -0.02194484114166229 -0.032310492168061256 -0.040566555429367164 -0.053048756357395255 -0.05308512152133588 -0.04843572759452991 -0.04719266503356223 -0.04715055527431625 -0.03332984678193249 -0.028647351774504812 -0.036769084442632965 -0.0440484011233542 -0.029726597619639025 -0.019083379752050017 -0.011781720936983486 -0.022176623440214597 -0.048773465762761536 -0.057323689283119074 -0.05791377141482415 -0.0687397436069494 -0.06531621923341471 -0.07055374533804347 -0.06568761376514172 -9999 -9999 -9999 -9999 -9999 -9999 -9999 -9999 -9999 -9999 -9999 -9999 -9999 -9999 -9999 -9999 -9999
-9999 -9999 -9999 0.1366036253091984 -9999 -9999 -9999 0.054706367334925184 0.05400215378625597 0.039538213255389636 0.033091647976558974 0.02438116692147163 -0.0072859939601686565 -0.04688426983175853 -0.049354615252046215 -0.05306160610896599 -0.05543279163090575 -0.051547952607334635 -0.03498059123405939 -0.03193521151068615 -0.015566844728657575 -0.006934166030838461 -0.017668073118494998 -0.0333250940946693 -0.03034031622368713 -0.032624423783810835 -0.03879489985959872 -0.057536298773069476 -0.07872816403721307 -0.08679866951982876 -0.08025119403326836 -9999 -9999 -9999 -9999 -9999 -9999 -9999 -9999 -9999 -9999 -9999 -9999 -9999 -9999 -9999 -9999 -9999 -9999 -9999 -9999 -9999
-9999 -9999 -9999 0.1433107901078004 0.1510035266825395 -9999 -9999 0.11089771690850073 0.14075095131475893 0.07981258943276917 0.04618524977110869 0.02537879658242068 -0.03361671596519217 -0.047389440283358834 -0.06458022955692172 -0.05682547842817647 -0.06110277066805536 -0.04848231951151888 -0.013888961711778612 0.0011008267702404817 0.007109270047615551 -0.005765705155315742 -0.009361856542099478 -0.02797413062812254 -0.034900204546875896 -0.05698889366218024 -0.07232588219867889 -0.07843975350260735 -0.08492739897286683 -9999 -9999 -9999 -9999 -9999 -9999 -9999 -9999 -9999 -9999 -9999 -9999 -9999 -9999 -9999 -9999 -9999 -9999 -9999 -9999 -9999 -9999 -9999
-9999 -9999 -9999 0.14100305675979585 0.15228679112624374 -9999 -9999 0.07641545600199606 0.08217305304495602 0.06790962147301641 0.041703156463495684 0.019626298907303025 -0.005245096888393197 -0.04343276571369537 -0.06350235706876689 -0.06479630199913494 -0.06197443072284975 -0.06116179971084481 -0.040694647646021286 -0.024032060399480217 -0.0319025387640956 -0.029330780761221725 -0.04235772929281334 -0.049260869526437316 -0.048837098229507166 -0.06781743564219636 -0.08737134827721504 -0.13029263318230996 -9999 -9999 -9999 -9999 -9999 -9999 -9999 -9999 -9999 -9999 -9999 -9999 -9999 -9999 -9999 -9999 -9999 -9999 -9999 -9999 -9999 -9999 -9999 -9999
-9999 -9999 -9999 0.12981622497231435 0.13013049114995928 0.14435687794614194 0.16327942729763248 0.17243152315329227 0.11567130342734105 0.03528174800460773 0.035516379008951965 0.02045756878635888 -0.01225057750849462 -0.04027815261981421 -0.05850401686297524 -0.07430727329630793 -0.06092647977850652 -0.06233719963381984 -0.049159314770381435 -0.04610563950591731 -0.06360079904581292 -0.04585276912918992 -0.06520061364418336 -0.07225908819404056 -0.06886360333489544 -0.07681582293966235 -0.039896614733152085 -9999 -9999 -9999 -9999 -9999 -9999 -9999 -9999 -9999 -9999 -9999 -9999 -9999 -9999 -9999 -9999 -9999 -9999 -9999 -9999 -9999 -9999 -9999 -9999 -9999
-9999 -9999 -9999 -9999 0.07784619787033054 0.028292808519757295 0.04188056662678719 0.050944552565478335 0.056854385429208974 0.040842960915522065 0.04431722811627753 0.010050196345750384 -0.009474919686105364 -0.036762203671263934 -0.04799038206261619 -0.05755562088225125 -0.04348586041884248 -0.049096030831043184 -0.05567422852723184 -0.05419962757895158 -0.05109740862622855 -0.057379570663354175 -0.0748222579016734 -0.09272304398473352 -9999 -9999 -9999 -9999 -9999 -9999 -9999 -9999 -9999 -9999 -9999 -9999 -9999 -9999 -9999 -9999 -9999 -9999 -9999 -9999 -9999 -9999 -9999 -9999 -9999 -9999 -9999 -9999
-9999 -9999 -9999 -9999 0.13782470267923438 0.05040987122137813 0.048181380875207284 0.057134651885318875 0.055497065624770026 0.03988124385663547 0.011436808458529402 -0.008949649687972128 -0.016141939793287985 -0.038925510854315726 -0.04965033663331336 -0.04511256870446784 -0.04231080285725039 -0.04841892116844354 -0.059873255206729314 -0.061924880640091114 -0.06575959817974605 -0.05954239255451892 -0.07141164998981836 -0.08644923405440827 -0.08586817717179654 -9999 -9999 -9999 -9999 -9999 -9999 -9999 -9999 -9999 -9999 -9999 -9999 -9999 -9999 -9999 -9999 -9999 -9999 -9999 -9999 -9999 -9999 -9999 -9999 -9999 -9999 -9999
