metrics/grid_rasters/SMOS-BEC/grideval_SMOS-BEC_all_absolute_bias.asc
ncols 52
nrows 55
xllcorner     11.25
yllcorner     55.25
cellsize      0.25
NODATA_value  -9999
[rows 0 to 27 of 55, columns 0 to 51 of 52]
-9999 -9999 -9999 -9999 -9999 -9999 -9999 -9999 -9999 -9999 -9999 -9999 -9999 -9999 -9999 -9999 -9999 -9999 -9999 -9999 -9999 -9999 -9999 -9999 -9999 -9999 -9999 -9999 -9999 -9999 -9999 -9999 -9999 -9999 -9999 -9999 -9999 -9999 -9999 -9999 -9999 -9999 -9999 -9999 -9999 -9999 -9999 -9999 -9999 -9999 -9999 -9999
-9999 -9999 -9999 -9999 -9999 -9999 -9999 -9999 -9999 -9999 -9999 -9999 -9999 -9999 -9999 -9999 -9999 -9999 -9999 -9999 -9999 -9999 -9999 -9999 -9999 -9999 -9999 -9999 -9999 -9999 -9999 -9999 -9999 -9999 -9999 -9999 0.14876458701556144 0.12718400919051626 0.1379474434042405 0.13406892172702234 0.06649318134882462 0.05356665789079676 -9999 -9999 -9999 -9999 -9999 -9999 -9999 -9999 -9999 -9999
-9999 -9999 -9999 -9999 -9999 -9999 -9999 -9999 -9999 -9999 -9999 -9999 -9999 -9999 -9999 -9999 -9999 -9999 -9999 -9999 -9999 -9999 -9999 -9999 -9999 -9999 -9999 0.13899421459342728 0.08726511163168524 0.06857057313381695 0.06742018218669624 0.10008341440051384 0.09628341689452748 0.09149757830633057 -9999 0.06652120988587651 0.10198145861008973 0.10572882802198308 0.06358818686881276 0.036091741417715366 0.03502966263288751 0.023175151798134508 0.01924014430154453 -0.005077449268651364 -0.03062276346621315 -0.042884527377862115 -9999 -9999 -9999 -9999 -9999 -9999
-9999 -9999 -9999 -9999 -9999 -9999 -9999 -9999 -9999 -9999 -9999 -9999 -9999 -9999 -9999 -9999 -9999 -9999 -9999 -9999 -9999 -9999 -9999 -9999 -9999 -9999 -9999 0.14099769177145785 0.1628293142475458 0.1488051620160638 0.17351143764523422 0.1675605268102428 0.11336898850175173 0.04908766033781087 0.02759623077246759 0.006954345438589055 0.0012979422335152035 -0.002886716283119456 -0.005391116381726707 0.004350258620842429 0.0026719601083118327 -0.015678514574240267 -0.0344957168165006 -0.05087669192409433 -0.062619826993362 -0.05048623972294156 -0.05208593720601773 -0.049675366888214056 -9999 -9999 -9999 -9999
-9999 -9999 -9999 -9999 -9999 -9999 -9999 -9999 -9999 -9999 -9999 -9999 -9999 -9999 -9999 -9999 -9999 -9999 -9999 -9999 -9999 -9999 0.10029659761736788 0.10884091442188837 0.1164354503449827 0.09096884094881563 0.13440850864838555 0.14737476887447493 0.1543129348014438 0.16148035201451766 0.1704128814820686 0.11897322170275998 0.10286677842139053 0.035600948535526755 0.02192528167725508 -0.004700290681357217 -0.01120229724008251 -0.005319877191182987 -0.031478478224223484 -0.03934159953429689 -0.026642471369218903 -0.06013416752426162 -0.102420318029268 -0.10422131462410444 -0.07428234204039635 -0.06521449210185584 -0.05436508720598848 -0.032674283536780264 -0.03407346609725731 -9999 -9999 -9999
-9999 -9999 -9999 -9999 -9999 -9999 -9999 -9999 -9999 -9999 -9999 -9999 -9999 -9999 -9999 -9999 -9999 -9999 -9999 -9999 -9999 0.11195033892223843 0.10448997196024112 0.12335034591197708 0.10063608607742937 0.09768039768315713 0.12450279290152882 0.14084289163299554 0.14361194626077334 0.1611020902943129 0.1333406775520416 0.0908775789634205 0.06389970607700801 0.0072047620861905295 0.002178702968236912 -0.01307919383074882 -0.03148453717768504 -0.0453296670481434 -0.04749513096728564 -0.051877517296840585 -0.04054212420118014 -0.04643122919299869 -0.07286481231697339 -0.10466007960975664 -0.11150801637174668 -0.08460456626720664 -0.07208658154571179 -0.04834410220323021 -0.042520139269878215 -9999 -9999 -9999
-9999 -9999 -9999 -9999 -9999 -9999 -9999 -9999 -9999 -9999 -9999 -9999 -9999 -9999 -9999 -9999 -9999 -9999 -9999 -9999 -9999 0.07640449908272973 0.11988425328828654 0.12513923942624855 0.07542507504594738 0.10651617923724482 0.12473237768985156 0.13408120449755218 0.14312788230187426 0.11805284448414755 0.08752621946699024 0.027329464683648497 -0.0043537995118773385 -0.018335571963388947 -0.024357079060953718 -0.029713481505286913 -0.0449568209400851 -0.05504441253462522 -0.06987337435667329 -0.059076108325488076 -0.06041597818066863 -0.04914015130330562 -0.05191255163915631 -0.10080553653543116 -0.10362307373647006 -0.10849925660532804 -0.09403429951049302 -0.08307219607337893 -0.053929971466804366 -0.02012827896540706 -9999 -9999
-9999 -9999 -9999 -9999 -9999 -9999 -9999 -9999 -9999 -9999 -9999 -9999 -9999 -9999 -9999 -9999 -9999 -9999 -9999 -9999 -9999 0.12909773276604491 0.12409169405731744 0.1241124873705418 0.12579728885300756 0.1148811865014484 0.11356494307370953 0.05869432432624583 0.004386428522367092 0.01915792403582406 0.06744578191331824 -0.0026262348601177603 -0.033089227016671774 -0.036074429446710576 -0.032421045216186994 -0.04251236958454735 -0.06031553063466644 -0.08176960361092106 -0.08303875485312588 -0.0648422861465705 -0.05004936014452288 -0.03608775920565088 -0.03168639901995174 -0.057450811615639426 -0.07010278787899324 -0.08355768996998791 -0.07049329870236595 -0.059421119436645964 -0.03430558196253808 -9999 -9999 -9999
-9999 -9999 -9999 -9999 -9999 -9999 -9999 -9999 -9999 -9999 -9999 -9999 -9999 -9999 -9999 -9999 -9999 -9999 -9999 0.11762636849512598 0.12913234477852426 0.13323667185046734 0.11886133248145135 0.10496055941272442 0.07077099573483693 -0.010928257853685008 -0.014678568333442775 -0.026660895099006432 -0.020862958231650356 -0.03761456420916892 -0.04118326483902107 -0.04755290136952284 -0.040676042512977406 -0.05555717031789406 -0.05467145305746735 -0.06397454762610336 -0.08247015099025795 -0.10520410904101413 -0.10302539433688662 -0.07598371640120488 -0.046060265615125114 -0.02364357483262813 -0.016144534491974366 -0.02298544930754554 -0.021208008158613345 -0.042754473439395146 -0.03627687091886322 -0.016926902631596574 -0.00858884700953183 -0.012973603608654904 -0.0037921593048236843 -9999
-9999 -9999 -9999 -9999 -9999 -9999 -9999 -9999 -9999 -9999 -9999 -9999 -9999 -9999 -9999 -9999 -9999 -9999 0.12296871977207595 0.12524247677781836 0.13107486074868654 0.10841363014210714 0.035493275790371426 -0.010997960748395874 -0.014002788329661231 -0.03079344127869726 -0.04815674504773185 -0.06329506181223216 -0.06704974450044951 -0.06300575954607167 -0.08218072311833552 -0.07191243901036831 -0.04723740074389832 -0.048537677751682 -0.0579986097784429 -0.05914419688857522 -0.05787593664195484 -0.07492945344453841 -0.06762266191295707 -0.05470714712695729 -0.03758631150429298 -0.027232265102897085 -0.022895282088384625 -0.01836838186383247 -0.02457828688798516 -0.043716703757884 -0.04263437245648974 -0.033527001061222785 -0.027168714910063868 -0.028193858594954213 -0.021916175127554727 -9999
-9999 -9999 -9999 -9999 -9999 -9999 -9999 -9999 -9999 -9999 -9999 -9999 -9999 -9999 -9999 -9999 -9999 0.12432197611339413 0.128089157048489 0.048063568421914726 0.020156639666330745 0.006212824537898593 -0.01194180840212844 -0.0236446050968131 -0.040644549301557635 -0.05682383059612375 -0.06728097024819699 -0.06331796624646002 -0.048772847730365776 -0.0824539803347345 -0.11027340345583077 -0.10874955163786176 -0.0811851143006917 -0.0493759609792333 -0.05124852254145565 -0.04216970919879976 -0.031447546121876564 -0.0334478378946346 -0.022899475031428838 -0.03813028164361432 -0.02628775743791195 -0.0207199481537654 -0.029229766328970088 -0.034313065796443686 -0.03593991602671745 -0.05729209320345083 -0.07054068428579341 -0.060213118545627074 -0.04976177851652885 -0.05314163666260646 -9999 -9999
-9999 -9999 -9999 -9999 -9999 -9999 -9999 -9999 -9999 -9999 -9999 -9999 -9999 0.0909554475044322 0.10803189979515217 0.11769520678649566 0.11157851907632592 0.11867646124597675 0.13306021529699374 0.12222163766742715 0.08657438768740973 0.021031358848638826 -0.013591301679077322 -0.03878391926786798 -0.0475677629390151 -0.056041943040400284 -0.08532598476718972 -0.0726131019625263 -0.0708253966080711 -0.08058620019066484 -0.08505392776061899 -0.09480480201996096 -0.07189406014356009 -0.040907893414050316 -0.034125220045423565 -0.02494416687979445 -0.013873970085709592 -0.015161985397453281 -0.009540953520615902 -0.01940359962846311 -0.01463625437853286 -0.02473338684287127 -0.02874182846367832 -0.034272242170838914 -0.039275106426459344 -0.05521785983741282 -0.06136797633296692 -0.05321760124721472 -0.04788737488696218 -0.046091527241655585 -0.037936749775559636 -9999
-9999 -9999 -9999 -9999 -9999 -9999 -9999 -9999 -9999 -9999 -9999 -9999 -9999 0.10814134387225753 0.10205403227735772 0.04304812091966748 -0.013144953570054213 -0.013907764186067095 0.010185917739694572 0.05591360977751775 -0.0034082837473778387 -0.005238450227875224 -0.01962381588487791 -0.044463580484147634 -0.05990552150465753 -0.07045120590055981 -0.08950835791801788 -0.07912560557524201 -0.07347203410020381 -0.07014319079594518 -0.08323897248432041 -0.07468063089227868 -0.056829216131507036 -0.037532095635970215 -0.0238361644069924 -0.018996434647851838 -0.007862137127521013 -0.004848995222417663 -0.004993234917015339 -0.009927425333963956 -0.025169936681856825 -0.03132020389768711 -0.04019997274299386 -0.03896670556928633 -0.03858367925380718 -0.05799968219846487 -0.06264610202866419 -0.048603961323878064 -0.051757782679738816 -0.04227191387159618 -0.03277247896637458 -9999
-9999 -9999 -9999 -9999 -9999 -9999 -9999 -9999 -9999 -9999 -9999 -9999 -9999 0.08855978733428366 -0.005329365450151224 -0.012703241669869691 -0.005491371688796043 -0.018258853321090143 -0.012880941353878878 -0.018245038082566837 -0.02308741256553115 -0.016309611090750048 -0.03074929164173152 -0.04580822316639138 -0.06476416884391918 -0.08513806750650732 -0.08809052284776678 -0.09543323093039874 -0.08800508273777233 -0.0835484786021114 -0.08796977318100785 -0.07743116859662333 -0.05811837066730705 -0.044500736872949975 -0.04328174086368872 -0.02310601997441636 -0.008965707028166986 -0.012249149047975805 -0.006220649700668296 -0.014171570910869484 -0.023073453507823805 -0.02944604543059373 -0.04082422756367368 -0.03994012023839688 -9999 -9999 -9999 -9999 -9999 -9999 -9999 -9999
-9999 -9999 -9999 -9999 -9999 -9999 -9999 -9999 -9999 -9999 -9999 -9999 -9999 0.021596184720595712 -0.010172195488725722 -0.006516885549220419 -0.0037043486139010646 -0.006503467525975193 -0.017284046479522502 -0.02407145712682057 -0.03193644678543095 -0.04211240299559982 -0.0411397104315534 -0.04719964004509769 -0.06723840455246283 -0.0877148895919323 -0.0936539579248324 -0.0948403206345468 -0.08616770179809838 -0.08399316886697641 -0.08961340989184194 -0.08705045312473722 -0.06879516071114211 -0.061210508780567885 -0.05790156057141783 -0.036350541147367854 -0.020350022684279958 -0.014838266678462553 -0.014073161411827573 -0.02304883175578853 -0.021517184005337364 -9999 -9999 -9999 -9999 -9999 -9999 -9999 -9999 -9999 -9999 -9999
-9999 -9999 -9999 -9999 -9999 -9999 -9999 -9999 -9999 -9999 -9999 -9999 0.1018906977138857 0.02509464776819259 0.004790892354956222 -0.004172553239455479 -0.0026608460351218444 0.003156968321130105 -0.009067285519728352 -0.011011522916927974 -0.016832937725694774 -0.021187795237914583 -0.01573684078156945 -0.034952910809783605 -0.062084976394798014 -0.06945576905347142 -0.08121427736738829 -0.08036500970129526 -0.07165232850515102 -0.0702118813539476 -0.07356261529501112 -0.07022392184042661 -0.059575466199684735 -0.054161498686946835 -0.048977831367099066 -0.03654480314156741 -0.015641057944602327 -0.0073322488432805985 0.0009036425395780033 -0.01912578143346222 -0.013214341120239892 -9999 -9999 -9999 -9999 -9999 -9999 -9999 -9999 -9999 -9999 -9999
-9999 -9999 -9999 -9999 -9999 -9999 -9999 -9999 -9999 -9999 -9999 -0.013110565621485937 0.017647552917796072 0.040369776552543035 0.05219247227195989 -0.012483251245776372 -0.0007703435009802362 -0.0024783297296488704 -0.007881979973072162 -0.012108180640486936 -0.012754847926027324 -0.018101651892932363 -0.014389543807421247 -0.02836065607686392 -0.031642223863060814 -0.04783351173411604 -0.05618535339020092 -0.06903402969912326 -0.06532526724511886 -0.05936537277372125 -0.06503112970215336 -0.061038316216928734 -0.04084897285685515 -0.04200201046040333 -0.03952129191651235 -0.03417658384739891 -0.0224327941835728 -0.016279640365063436 -0.013720519145801885 -0.016824893683074268 -9999 -9999 -9999 -9999 -9999 -9999 -9999 -9999 -9999 -9999 -9999 -9999
-9999 -9999 -9999 -9999 -9999 -9999 -9999 -9999 -9999 -9999 0.015566778551539734 -0.006632496863531678 -0.031974885190312115 -0.022594420180080205 -0.008392826347850657 -0.0071772252090559485 -0.0011896978877484756 -8.529124931355714e-05 -0.0004916035194671153 0.008812164702432984 0.0059117813222399895 -0.012494480007219172 -0.022440756256084715 -0.01722535554012622 -0.01882647219477268 -0.020323084084314075 -0.037165357024410345 -0.04301340143099844 -0.0383367700605122 -0.04640409670687951 -0.05192940916000247 -0.04279374144545458 -0.05269810073319029 -0.05699585124715172 -0.04292072260315402 -0.04460465578802295 -0.029806063225552376 -0.026925145621404408 -0.021037735586748846 -9999 -9999 -9999 -9999 -9999 -9999 -9999 -9999 -9999 -9999 -9999 -9999 -9999
-9999 -9999 -9999 -9999 -9999 -9999 -9999 -9999 -9999 -9999 -9999 -9999 0.05761661047914196 -0.01328965803091442 -0.00556982996608124 -0.0052503174435862285 -0.011234625111938595 -0.0062475812302187905 -0.0020215714258677298 -0.007279135033215396 -0.00819671715735268 -0.014674579189122185 -0.021543419511177136 -0.02829783018958412 -0.028296181041131407 -0.025118871038827068 -0.02093835105929689 -0.01990593151214801 -0.02000877547587429 -0.02182792752029297 -0.029641832963040377 -0.03532863326711963 -0.03399575621616899 -0.04865931872215018 -0.05010809180021167 -0.0424832200920327 -0.03112781121277475 -0.024733782169364726 -0.026531247098285412 -0.033428515512441616 -9999 -9999 -9999 -9999 -9999 -9999 -9999 -9999 -9999 -9999 -9999 -9999
-9999 -9999 -9999 -9999 -9999 -9999 -9999 -9999 -9999 -9999 -9999 0.06528632680544122 0.01069357370580809 0.0323414669777215 -0.01039690522458217 -0.004704885633207172 -0.0017193096647480643 -0.01242884899227828 0.026561826983402925 -0.0315651441566073 -0.03625924325039986 -0.019569112550561263 -0.036359321070303215 -0.038925301135399985 -0.03814513652614554 -0.02746830399921588 -0.013717652516331195 -0.020553114510245774 -0.021036087313716145 -0.017250370228393652 -0.015755003891460034 -0.018033459091185398 -0.025838838074401682 -0.03933951503452929 -0.035283819683841616 -0.03670325752739845 -0.03674840965295331 -0.03724749342315586 -0.026137285770286456 -9999 -9999 -9999 -9999 -9999 -9999 -9999 -9999 -9999 -9999 -9999 -9999 -9999
-9999 -9999 -9999 -9999 -9999 -9999 0.02259217826855675 0.0631482693204573 0.10577837990891396 0.12107460197402425 0.10719256061129273 0.020716171705304348 0.015423015621606972 -0.0051009448464302545 -0.012115451904252285 -0.01830981206296689 -0.0150074449340514 -0.017982836009184933 -0.030570306152341412 -0.049893897179851786 -0.03989291560795025 -0.022733238042727227 -0.04179190801142177 -0.04015560217319045 -0.033712959157197235 -0.02059042830568375 -0.007629340918812537 -0.014487501124032074 -0.02842724348790368 -0.02221767616446904 -0.0205364330696996 -0.02033350185414498 -0.02722974835170966 -0.038707961898547166 -0.03981286717632498 0.026166342055568337 0.031614379508903716 0.0665291633511729 -9999 -9999 -9999 -9999 -9999 -9999 -9999 -9999 -9999 -9999 -9999 -9999 -9999 -9999
-9999 -9999 -9999 -9999 -9999 -9999 0.12170521592923315 0.036206870554605336 0.03918935396507675 0.04148168277102879 0.032946441460295905 0.014006617438448388 6.295441901604804e-05 -0.007572201943751355 -0.014251519384859634 -0.02192844250246745 -0.02348319044873368 -0.02828220475399953 -0.032878710334239135 -0.028888577003589933 -0.0270460662123444 -0.02373334594738974 -0.023455810336931587 -0.033622202376763416 -0.021882500867175803 -0.011470604858719173 -0.007168445561185287 -0.020548228961602997 -0.03913950092950977 -0.04061614757789892 -0.03746167909671075 -0.03843695721459678 -0.046178087839063416 -0.05902286357398642 -0.06982494256235369 -9999 -9999 -9999 -9999 -9999 -9999 -9999 -9999 -9999 -9999 -9999 -9999 -9999 -9999 -9999 -9999 -9999
-9999 -9999 -9999 0.14286526355915186 -9999 -9999 -9999 0.06830533098792346 0.06540593462408667 0.05785537127662178 0.04507462469108625 0.04491263633662102 0.015231454494208848 -0.02493181122924412 -0.0307045725756325 -0.027811739459866675 -0.033870246510949775 -0.033297136024607786 -0.016916207882458373 -0.015868343184028574 -0.00826889641095335 -0.004765354661778437 -0.013673728573428884 -0.02544577438886958 -0.022688025837543147 -0.02408183142955106 -0.03000467862647316 -0.0463500780270881 -0.06294024408789327 -0.06534858723280193 -0.04887329868582235 -9999 -9999 -9999 -9999 -9999 -9999 -9999 -9999 -9999 -9999 -9999 -9999 -9999 -9999 -9999 -9999 -9999 -9999 -9999 -9999 -9999
-9999 -9999 -9999 0.15391875771967098 0.1558649456393406 -9999 -9999 0.11941169239358446 0.15482566694796665 0.08895306593108973 0.06275926598647194 0.05169690561992571 0.017872139588367225 -0.0351919305312316 -0.047992666432236965 -0.03195193860662493 -0.04031776410381238 -0.026867598845934426 0.0018975067372359602 0.006918973546004542 0.012681798143098888 0.004837268840889336 -0.003982603272096402 -0.017029453291377034 -0.01949782462272429 -0.03416125899348005 -0.05688531164601679 -0.06197787603288715 -0.06146432262817944 -9999 -9999 -9999 -9999 -9999 -9999 -9999 -9999 -9999 -9999 -9999 -9999 -9999 -9999 -9999 -9999 -9999 -9999 -9999 -9999 -9999 -9999 -9999
-9999 -9999 -9999 0.14323590415841728 0.15362527999533418 -9999 -9999 0.09026557808174546 0.090164971610057 0.0813357481157298 0.06273926931986197 0.04094000441685625 0.00854665357410525 -0.018494837309647436 -0.04116141308536225 -0.03956574198599816 -0.03568980167435168 -0.034738056264713935 -0.024207516843753496 -0.014708848270332588 -0.02025861062596926 -0.023551386595102947 -0.03157613731605158 -0.03629126876423308 -0.034509190255055305 -0.04803726768611896 -0.06544583007581628 -0.1066417945709465 -9999 -9999 -9999 -9999 -9999 -9999 -9999 -9999 -9999 -9999 -9999 -9999 -9999 -9999 -9999 -9999 -9999 -9999 -9999 -9999 -9999 -9999 -9999 -9999
-9999 -9999 -9999 0.13175464552501595 0.13200150957638995 0.14318390483912302 0.16706835011597101 0.17499286553855076 0.1290703497021308 0.050962523963378865 0.04979108027800064 0.03524310695341765 0.0024526689582728693 -0.022115669944238414 -0.034994231391395236 -0.04569088873836877 -0.03524262842947565 -0.0459149707568009 -0.03402922510754364 -0.0319999666243814 -0.042900480580246265 -0.03761994893069512 -0.0538900494936371 -0.05773241955275901 -0.049787927800452825 -0.055632448998285705 -0.014699434019768446 -9999 -9999 -9999 -9999 -9999 -9999 -9999 -9999 -9999 -9999 -9999 -9999 -9999 -9999 -9999 -9999 -9999 -9999 -9999 -9999 -9999 -9999 -9999 -9999 -9999
-9999 -9999 -9999 -9999 0.07403733800354499 0.032746535035085345 0.0451002888356693 0.05557940288576388 0.062406666179162434 0.0503375579244445 0.04673400518425266 0.02319652418576676 0.0005601674479520646 -0.02219233740606069 -0.031588145988150566 -0.03298970791349648 -0.023959857347978064 -0.02741689386400381 -0.032053621513310065 -0.03823204662799376 -0.039367511201942096 -0.049476991203102366 -0.06714292165582134 -0.07823075448904562 -9999 -9999 -9999 -9999 -9999 -9999 -9999 -9999 -9999 -9999 -9999 -9999 -9999 -9999 -9999 -9999 -9999 -9999 -9999 -9999 -9999 -9999 -9999 -9999 -9999 -9999 -9999 -9999
-9999 -9999 -9999 -9999 0.12379973269661045 0.0566752093473975 0.04822032034536389 0.055714329620054286 0.060225599028300734 0.048861931569437585 0.01285584915009605 -0.0010408760728726207 -0.017688724688645685 -0.030238160232125968 -0.04110994739686705 -0.032373879373982256 -0.02733396818972894 -0.02832584461398402 -0.03918887039431873 -0.046218583268582615 -0.049583734533626016 -0.058008092484540384 -0.06841518752204939 -0.0828108015050904 -0.08006784647491061 -9999 -9999 -9999 -9999 -9999 -9999 -9999 -9999 -9999 -9999 -9999 -9999 -9999 -9999 -9999 -9999 -9999 -9999 -9999 -9999 -9999 -9999 -9999 -9999 -9999 -9999 -9999
