metrics/grid_rasters/ASCAT 12.5 TS/grideval_ASCAT 12.5 TS_Y_2018_absolute_ubrmsd.asc
ncols 52
nrows 55
xllcorner     11.25
yllcorner     55.25
cellsize      0.25
NODATA_value  -9999
[rows 0 to 29 of 55, columns 0 to 51 of 52]
-9999 -9999 -9999 -9999 -9999 -9999 -9999 -9999 -9999 -9999 -9999 -9999 -9999 -9999 -9999 -9999 -9999 -9999 -9999 -9999 -9999 -9999 -9999 -9999 -9999 -9999 -9999 -9999 -9999 -9999 -9999 -9999 -9999 -9999 -9999 -9999 14.613366185481805 15.210609752587182 15.941223196605108 -9999 -9999 -9999 -9999 -9999 -9999 -9999 -9999 -9999 -9999 -9999 -9999 -9999
-9999 -9999 -9999 -9999 -9999 -9999 -9999 -9999 -9999 -9999 -9999 -9999 -9999 -9999 -9999 -9999 -9999 -9999 -9999 -9999 -9999 -9999 -9999 -9999 -9999 -9999 -9999 -9999 -9999 -9999 -9999 -9999 -9999 -9999 -9999 -9999 17.213620591270413 16.035483976772216 16.543959636244463 17.969952923036967 19.776788814220875 19.776482669521368 -9999 -9999 -9999 -9999 -9999 -9999 -9999 -9999 -9999 -9999
-9999 -9999 -9999 -9999 -9999 -9999 -9999 -9999 -9999 -9999 -9999 -9999 -9999 -9999 -9999 -9999 -9999 -9999 -9999 -9999 -9999 -9999 -9999 -9999 -9999 -9999 -9999 15.878102127070475 15.880436448650599 16.477270105998695 17.677056645114245 19.436899613793212 21.46829625263378 21.678573576840094 -9999 21.70479203632101 21.188683688553805 19.830367537637674 19.28610815504952 20.072374616974734 20.078618885147375 21.03798765969464 21.70174456338913 22.97787343622338 23.78836404394323 23.793226753311053 -9999 -9999 -9999 -9999 -9999 -9999
-9999 -9999 -9999 -9999 -9999 -9999 -9999 -9999 -9999 -9999 -9999 -9999 -9999 -9999 -9999 -9999 -9999 -9999 -9999 -9999 -9999 -9999 -9999 -9999 -9999 -9999 -9999 14.14944794527982 14.506433135221656 15.278418867741903 16.3824968185717 19.197484591814828 19.20731570739371 20.994178962957026 21.60280846272316 22.0257380074107 22.178626906053037 21.71774549154395 21.719141580682038 21.5119828405686 21.880997547833644 22.22643877848736 22.684733684883042 23.381984790645852 23.384842598656288 23.43660592181278 23.62342226556707 23.75240312586911 -9999 -9999 -9999 -9999
-9999 -9999 -9999 -9999 -9999 -9999 -9999 -9999 -9999 -9999 -9999 -9999 -9999 -9999 -9999 -9999 -9999 -9999 -9999 -9999 -9999 -9999 15.05556709464139 14.14001142281325 14.699624515510886 14.346062616529474 14.612563081914926 15.17474774298186 17.29231116831649 17.245825951008314 16.952300863918133 17.670807883921267 19.642613337704503 21.057571065095555 21.869140590778 22.673351008454226 22.261026946445387 22.277971648378614 22.811893065128746 23.82504519441334 25.06020944613553 24.966681970381945 25.223144396316584 25.075726456250376 23.75692126147689 23.0541112043838 22.476344614923097 21.644562967754272 21.407319064935173 -9999 -9999 -9999
-9999 -9999 -9999 -9999 -9999 -9999 -9999 -9999 -9999 -9999 -9999 -9999 -9999 -9999 -9999 -9999 -9999 -9999 -9999 -9999 -9999 14.131211947315489 14.130017923112552 13.59151923043501 13.790997212245452 14.975253353740973 16.25348539340252 17.383989120883907 19.343004257353964 19.343387174946514 20.03608266033857 20.834867674365405 21.506430498297266 21.941721523264665 22.667534532603554 23.777466980326082 23.77744079122312 24.297089522268337 23.400197052913555 22.79228088020737 22.435119178562466 22.593803165110387 22.595257143675102 22.40262765182861 22.43568538443936 22.254204653840386 21.900333752568574 21.47364195521964 21.20711453334189 -9999 -9999 -9999
-9999 -9999 -9999 -9999 -9999 -9999 -9999 -9999 -9999 -9999 -9999 -9999 -9999 -9999 -9999 -9999 -9999 -9999 -9999 -9999 14.668016682527973 13.58745283308423 13.631849104375277 14.299265850112304 15.292803066948332 16.390890862069348 16.39035598045773 16.740116841772842 18.403530636352194 19.568599513524124 21.29731221727011 22.195683080171946 22.862458263695306 22.870680811237637 23.96448736728715 24.076736569395642 23.312660791949373 22.681321781597124 21.45877104261379 21.11533553051466 21.113477936950115 20.821904301002146 20.781571602884885 21.088291077283053 21.3424760061998 21.70223548789121 22.198861524774173 22.20239722587345 22.319681315728502 22.000211723156706 -9999 -9999
-9999 -9999 -9999 -9999 -9999 -9999 -9999 -9999 -9999 -9999 -9999 -9999 -9999 -9999 -9999 -9999 -9999 -9999 -9999 -9999 -9999 15.69439110938266 16.22673056050045 16.228799340529662 17.497047078919195 17.53446878582033 17.44373210478851 17.024435825558136 18.107415149699854 19.287896765012206 19.28906762132734 20.189396758050684 21.406337328225483 22.90839068209393 24.203106730386494 24.394367233177004 22.728062623139444 21.09565298959603 21.09853207610058 20.12530381006327 19.82879952103705 19.8601102866726 20.04833988111609 19.91293041238116 20.401519057390797 20.40267719992596 21.04719435670412 21.404428172339546 21.190907196051235 -9999 -9999 -9999
-9999 -9999 -9999 -9999 -9999 -9999 -9999 -9999 -9999 -9999 -9999 -9999 -9999 -9999 -9999 -9999 -9999 -9999 -9999 15.701611545970108 15.609161995155661 15.223870819607532 15.818620642279697 16.78359953545416 17.286727715327668 18.56308648295779 19.249766958152147 19.249437787936717 19.32548530234848 19.000391567320364 18.960907106686694 18.812662438301306 19.015685427822863 19.642743485856226 20.616822489297146 20.615651449779662 21.50525774294572 21.598595298002273 21.20125509201315 20.64841730958424 19.925985688045518 18.840082965579768 18.688616237725423 18.68840651453229 18.77901941734801 18.876666476974567 19.156786364440986 19.495626696045704 19.56821708807583 19.16662448577808 18.9730857733988 -9999
-9999 -9999 -9999 -9999 -9999 -9999 -9999 -9999 -9999 -9999 -9999 -9999 -9999 -9999 -9999 -9999 -9999 -9999 15.298885146401927 16.312000441377613 16.903841558196067 17.23937139937676 17.510298355965862 17.903289346332684 18.548492417691783 18.973093655941998 18.981979291037298 19.699728667256892 20.463245963962574 21.330601983473148 21.187085059764968 19.636789673570114 17.782622364118094 17.180361152035598 17.00917803523102 17.009370887577706 17.141392877965902 18.382936460599375 19.559210668103372 19.876400262936478 19.994589825879405 18.993451570267727 18.29458918004478 17.922022656867682 17.922632734191595 18.01519943030407 18.190467270329503 17.78438273650485 17.483677444491395 17.410202941402574 17.863739314155804 -9999
-9999 -9999 -9999 -9999 -9999 -9999 -9999 -9999 -9999 -9999 -9999 -9999 -9999 -9999 -9999 -9999 -9999 14.920107584523176 16.12360906846996 17.71442149171495 19.918205462067302 19.591596860571162 19.59442623825541 18.420343362478945 17.68114868779019 17.28569343501803 17.57442754322549 17.836255059774338 18.52055854550068 19.478990081124575 19.851018119898892 19.851798630268704 18.827112152342124 17.28223420217753 16.546687029001074 16.264416051300454 16.948216757794327 17.449894802151526 17.99725811348133 18.71244328254855 19.048083717559273 19.047984890972653 18.934376382854687 19.1525915914642 18.53634167591795 18.288585718282388 17.666800153260485 17.88342932442729 18.004265840101432 18.143232142714613 -9999 -9999
-9999 -9999 -9999 -9999 -9999 -9999 -9999 -9999 -9999 -9999 -9999 -9999 -9999 15.889069463899023 15.320192275493257 15.463673600427786 15.77928176276954 15.775473117985037 16.23263797328879 17.0901653556954 18.77343778003489 20.23109205534648 19.264499984414613 17.689704606109604 16.584888915965887 16.846300814146105 16.653082526329598 16.65651002126946 16.449595431263813 16.725803523972022 17.318073352871497 17.333381843837675 17.18920786743254 16.429067137721578 16.397491373316 17.29457273743084 17.698041873219665 18.158527558551715 18.15848568262538 18.37089699649753 18.5684239557669 18.391017443954038 18.55027583719657 18.780279410609747 18.748592132167527 18.609829338543122 18.73854985925045 18.643762529651987 18.643566230121774 19.108556832221492 19.94726131001752 -9999
-9999 -9999 -9999 -9999 -9999 -9999 -9999 -9999 -9999 -9999 -9999 -9999 -9999 15.361465275629252 15.101580671984275 15.188003832219293 16.30811545324423 17.022501349730284 17.905755693822446 18.29711736961046 18.73596458977273 18.56769119467916 17.581649423224395 17.583392871651206 17.129074595346722 16.972928164373208 17.38710247867193 17.38021778416411 17.282161115913187 17.74357349325178 17.61541943505366 18.096704712227613 18.274988549983515 17.98609260139075 17.987681981003462 17.976341079079358 18.192822290871167 18.548445067997747 19.183313501145467 18.894522711956476 17.979717809899196 17.512093361237067 16.831005141631316 16.81875718269065 17.306894581963054 17.307026499889442 17.499441877464854 18.352198763327845 19.163103769777084 19.664744404414865 20.31247384655354 20.133140961126724
-9999 -9999 -9999 -9999 -9999 -9999 -9999 -9999 -9999 -9999 -9999 -9999 -9999 16.653972446937964 16.87929289998898 18.390231570998925 19.03489192770013 18.968064015735273 18.36311480661601 17.931143997245954 17.883881069134013 17.398182949113373 16.981932825630114 16.872237709624702 17.543512044055802 18.372948139491704 19.13211464044092 19.95313996704279 20.51919802934057 19.747070901558754 19.552176716895996 19.58465113593029 19.252774712858933 19.57448806080354 19.517805654329678 19.057280974384412 18.773981052894328 18.868433167571567 18.42795125606736 17.747689878275466 16.927058001304868 16.494475721622287 16.965256523380543 19.171121062368318 -9999 -9999 -9999 -9999 -9999 -9999 -9999 -9999
-9999 -9999 -9999 -9999 -9999 -9999 -9999 -9999 -9999 -9999 -9999 -9999 -9999 17.790394291775108 18.915631943339523 19.525618893183697 19.8241754000357 19.428123189987996 18.604525797820088 17.626283605680086 17.58651820611278 17.78168953923437 18.1224806314642 18.308270963520325 18.03112605306563 18.740630237674047 19.28236953465636 19.58566584541096 19.585620435915942 20.18592649930112 20.542217196305355 20.352187215929614 20.04507913336273 19.77358882332805 20.2355644629528 20.12925088455655 19.747408806165318 19.45624553360648 18.80144600123419 17.92951730195916 17.7695134078068 -9999 -9999 -9999 -9999 -9999 -9999 -9999 -9999 -9999 -9999 -9999
-9999 -9999 -9999 -9999 -9999 -9999 -9999 -9999 -9999 -9999 -9999 -9999 15.747976800612252 16.531736621651827 18.23041614504689 19.5032664284068 19.665192544690296 19.194831806081464 17.965603999353736 18.082258112025567 18.178365911072945 18.179223540224523 18.612778173749817 18.363262018365255 18.012374104756148 18.115727909710795 18.538087115208945 19.15068986766345 19.666495330429022 20.195097737932556 20.200861192011878 19.943472448859488 19.125510522381173 19.130614898829148 18.897592253756333 18.682820738590127 18.681972461939978 18.682116809698073 18.585534831342386 18.74975727486267 18.70204198232737 -9999 -9999 -9999 -9999 -9999 -9999 -9999 -9999 -9999 -9999 -9999
-9999 -9999 -9999 -9999 -9999 -9999 -9999 -9999 -9999 -9999 -9999 15.387547138437279 15.388632027341389 15.544569878843221 16.77292437720477 18.38826811990435 19.106739410901703 18.7987612094265 18.77012325149317 18.39164943169688 18.191233256608587 18.446048802663622 18.491422135570602 18.338484246718885 17.836604067527645 18.036807841719643 18.394828303461924 18.423715518194694 19.363134226659923 19.526301677964906 19.46419425565265 19.463533934670547 19.258068330260684 18.544367613347365 18.282331070144934 18.187631982742328 18.1729246061042 18.036240277280235 18.24867441192213 20.335874615027357 -9999 -9999 -9999 -9999 -9999 -9999 -9999 -9999 -9999 -9999 -9999 -9999
-9999 -9999 -9999 -9999 -9999 -9999 -9999 -9999 -9999 -9999 18.096380253689887 17.912554652844037 17.97420050902835 18.463147460634804 19.23544560228788 18.93240435212239 18.463713106356835 18.385047028304655 18.599494675576864 18.617482795957592 18.335979379605728 17.757033044133948 17.651598377203666 18.139967133871785 18.751157973947954 19.199380771544963 19.105834800105146 18.360593036697463 18.505368286907427 17.944555916020263 18.015640584522163 17.770365534361087 17.711478047339092 18.274453672618492 18.73490348700515 18.81606259344818 18.737605714447785 18.84858683881946 19.336093435431113 -9999 -9999 -9999 -9999 -9999 -9999 -9999 -9999 -9999 -9999 -9999 -9999 -9999
-9999 -9999 -9999 -9999 -9999 -9999 -9999 -9999 -9999 -9999 -9999 -9999 19.523302355225344 18.3374891089338 17.778508587835738 17.777746756303944 17.70647220070963 18.0667997241362 17.84021944826375 17.957628708844602 17.536964984869726 17.336123641599098 17.092373370930584 16.910063287698527 17.51074585388529 18.65612015800216 18.356326679206642 18.23151270169182 18.29646683564042 17.639859160896727 17.19556939014631 17.20072023615301 17.993760126560286 18.56753912759374 19.077599570879983 19.184278014118647 19.16641878673909 18.912745699143574 18.78436814153461 19.100531959720357 -9999 -9999 -9999 -9999 -9999 -9999 -9999 -9999 -9999 -9999 -9999 -9999
-9999 -9999 -9999 -9999 -9999 -9999 -9999 -9999 -9999 -9999 -9999 20.332867618514932 20.261035543969406 19.719218607521093 18.213128902809533 17.135610564231 16.580208598756872 15.967387685125324 15.994684450105744 15.89177150825778 15.744945455710228 15.965521245712392 16.189166690508944 16.304889153329356 16.154500928530474 16.399308055340487 16.679293272213105 17.49984547003967 17.619450845803357 16.98151819296184 17.07063714617699 17.403495567459256 18.23087157225161 18.582624872060965 18.5827641990268 18.802469824160926 18.77661224678936 18.672859344105575 18.78502180746141 -9999 -9999 -9999 -9999 -9999 -9999 -9999 -9999 -9999 -9999 -9999 -9999 -9999
-9999 -9999 -9999 -9999 -9999 18.1088822916685 18.48325669811775 18.23420629136877 18.82252874863489 20.024416409447127 20.219087708017053 18.440815465949157 18.440659428396554 18.09964137581214 17.38977118895498 16.645010120009886 15.866016411004406 14.8313221676671 14.434822482515528 14.604017199546954 14.930754020782487 14.929199001213355 15.23932281454243 15.542594242270374 15.98457550275995 16.17855122797954 15.962027572406786 16.279821876849066 16.741619584578043 16.498806116541115 16.855870180255703 17.021720401697323 17.415972801108587 17.848838641087788 18.631216816410557 18.1920958234672 17.808714615631935 17.933985566823214 -9999 -9999 -9999 -9999 -9999 -9999 -9999 -9999 -9999 -9999 -9999 -9999 -9999 -9999
-9999 -9999 -9999 -9999 18.22909449931433 18.77024613048876 20.039616601062246 19.33392210061868 19.450746856210653 19.25820040843311 18.235220185475672 17.580943454996838 16.9692408566976 16.020512466442668 15.426532859373234 15.192795732929936 14.483624970497115 13.96607513369917 14.218411454949988 14.454251132340046 14.940744104896142 15.231167168401056 15.227179990333967 15.235388935972939 15.723207091326584 15.714715597788064 15.887390266155439 16.64644673147808 16.349597879702856 16.957138888522795 17.152113076859262 17.49296858121526 18.15258964391272 18.483437238631986 20.55593747257414 -9999 -9999 -9999 -9999 -9999 -9999 -9999 -9999 -9999 -9999 -9999 -9999 -9999 -9999 -9999 -9999 -9999
-9999 -9999 -9999 20.83202303320537 21.17834553095257 19.538273664733232 18.35055666691733 17.40732303031711 16.689742955951463 15.984933882789287 15.78578255453725 15.582552926839215 15.263974994924087 14.551358766157513 14.730549656346072 14.639438368821482 14.202709803581033 14.26518492393264 14.462695102036571 14.966264858705662 15.163574300074284 15.148019815140591 15.100987957857289 15.729278584545886 15.932020351775718 16.477058477518607 17.284923778756244 17.86966350060352 18.056171911437474 18.493878540160424 20.50200242565721 -9999 -9999 -9999 -9999 -9999 -9999 -9999 -9999 -9999 -9999 -9999 -9999 -9999 -9999 -9999 -9999 -9999 -9999 -9999 -9999 -9999
-9999 -9999 -9999 19.849631457968574 22.12952465963665 22.93272064798071 22.70637799937681 21.215848475734774 20.58674150071577 20.02716781580472 19.04752965941099 18.310362397512147 16.95142086198276 16.03650920386395 15.176092863234622 14.761828976544793 14.518121627845712 14.344232238286686 14.842857067939773 14.814778790110966 14.993125370652026 15.534643400291744 15.975050467654519 16.40567059107483 16.356048695814785 16.871810261717116 17.973469215751805 18.41236906535658 19.132201817454426 -9999 -9999 -9999 -9999 -9999 -9999 -9999 -9999 -9999 -9999 -9999 -9999 -9999 -9999 -9999 -9999 -9999 -9999 -9999 -9999 -9999 -9999 -9999
-9999 -9999 -9999 18.8628492557801 19.68479889268021 21.897402635834037 23.255509449637238 22.6259425821048 22.348951901475946 22.390111564866856 21.642875502567293 21.81105872391292 18.02406987030525 16.13528685497872 15.617826201651196 14.899970728924494 14.63856102216336 14.88275951344229 15.165533788096026 15.60370920610148 15.860507578836383 16.537657556010586 17.219879314704365 17.296176244226633 17.743939913892344 18.710068150610926 19.56053471375192 21.0097330830508 -9999 -9999 -9999 -9999 -9999 -9999 -9999 -9999 -9999 -9999 -9999 -9999 -9999 -9999 -9999 -9999 -9999 -9999 -9999 -9999 -9999 -9999 -9999 -9999
-9999 -9999 -9999 21.457322242719282 23.062247726977333 22.92079942128865 22.540402020841068 22.34724972244401 22.015961107929357 21.990316928833565 21.503646669065148 20.357258988869887 19.19737956272981 17.543952643697725 15.87315678720364 15.406117015339346 15.324580298284594 15.31011945857789 15.592486463244796 15.9588672224594 16.195021421275968 16.529305444230573 17.262394177485607 17.630281646837968 18.105912595981078 19.538901256313785 21.624662123768 -9999 -9999 -9999 -9999 -9999 -9999 -9999 -9999 -9999 -9999 -9999 -9999 -9999 -9999 -9999 -9999 -9999 -9999 -9999 -9999 -9999 -9999 -9999 -9999 -9999
-9999 -9999 -9999 -9999 23.26122924715937 22.95177582545543 22.92487238681446 22.27651014057497 21.44088425928168 21.342744618553773 20.835262661446805 20.16283176179001 18.405772643025134 17.713517228106845 17.157820756898033 16.93559136977932 16.189657293267008 16.44058447869466 16.583086670120654 16.913246206970197 16.825091389312682 17.25428055744392 17.741121235253452 18.7857160674122 -9999 -9999 -9999 -9999 -9999 -9999 -9999 -9999 -9999 -9999 -9999 -9999 -9999 -9999 -9999 -9999 -9999 -9999 -9999 -9999 -9999 -9999 -9999 -9999 -9999 -9999 -9999 -9999
-9999 -9999 -9999 -9999 23.553186901013717 23.940060493531828 23.71736958596086 22.766117221942768 22.038096322660536 20.61838836503723 19.607871956273804 19.060316506673885 18.648401899720174 18.336441864801373 18.17428000286504 17.424909688492125 16.766659719583668 16.611981022795142 16.92389453036126 17.281032729895387 17.243357172679826 17.453537415787114 19.40956385233267 21.72828829514751 24.260502135201047 -9999 -9999 -9999 -9999 -9999 -9999 -9999 -9999 -9999 -9999 -9999 -9999 -9999 -9999 -9999 -9999 -9999 -9999 -9999 -9999 -9999 -9999 -9999 -9999 -9999 -9999 -9999
-9999 -9999 -9999 -9999 23.85572728542238 23.531206701202407 22.961110193633736 22.716618107272442 22.79167158805445 22.103718401356605 21.495319631128243 20.363672578936526 18.662823959123433 18.249325213464765 18.181530307996873 17.504205771096114 17.10832700653295 17.170964761660272 17.35514260000285 17.62501708636525 17.906636474163452 18.520713821022632 19.552120246794782 21.06659892515188 -9999 -9999 -9999 -9999 -9999 -9999 -9999 -9999 -9999 -9999 -9999 -9999 -9999 -9999 -9999 -9999 -9999 -9999 -9999 -9999 -9999 -9999 -9999 -9999 -9999 -9999 -9999 -9999
-9999 -9999 -9999 -9999 22.735848831446386 22.84335964095985 21.140437746463906 20.093959450557865 20.369277122932786 20.21369816619936 19.737973433965863 18.981825378673754 18.11964755110645 17.867494723700947 17.715448066669783 17.583525747513658 17.456752661050107 17.21509165591718 17.292721313848947 17.48225801320023 18.189380345901608 18.45919492032957 20.704592610631334 -9999 -9999 -9999 -9999 -9999 -9999 -9999 -9999 -9999 -9999 -9999 -9999 -9999 -9999 -9999 -9999 -9999 -9999 -9999 -9999 -9999 -9999 -9999 -9999 -9999 -9999 -9999 -9999 -9999
