metrics/grid_rasters/ASCAT 12.5 TS/grideval_ASCAT 12.5 TS_X_summer_2018_absolute_ubrmsd.asc
ncols 52
nrows 55
xllcorner     11.25
yllcorner     55.25
cellsize      0.25
NODATA_value  -9999
[rows 0 to 29 of 55, columns 0 to 51 of 52]
-9999 -9999 -9999 -9999 -9999 -9999 -9999 -9999 -9999 -9999 -9999 -9999 -9999 -9999 -9999 -9999 -9999 -9999 -9999 -9999 -9999 -9999 -9999 -9999 -9999 -9999 -9999 -9999 -9999 -9999 -9999 -9999 -9999 -9999 -9999 -9999 6.085353690882816 6.6033468469925936 5.637716743990352 -9999 -9999 -9999 -9999 -9999 -9999 -9999 -9999 -9999 -9999 -9999 -9999 -9999
-9999 -9999 -9999 -9999 -9999 -9999 -9999 -9999 -9999 -9999 -9999 -9999 -9999 -9999 -9999 -9999 -9999 -9999 -9999 -9999 -9999 -9999 -9999 -9999 -9999 -9999 -9999 -9999 -9999 -9999 -9999 -9999 -9999 -9999 -9999 -9999 5.684909991390518 4.759567083986303 4.74023753415428 5.029479275375526 5.253935951883199 5.2546904324267025 -9999 -9999 -9999 -9999 -9999 -9999 -9999 -9999 -9999 -9999
-9999 -9999 -9999 -9999 -9999 -9999 -9999 -9999 -9999 -9999 -9999 -9999 -9999 -9999 -9999 -9999 -9999 -9999 -9999 -9999 -9999 -9999 -9999 -9999 -9999 -9999 -9999 12.578635467464759 12.578742869351409 12.041781917969196 10.662910911173359 9.933609661864173 10.005238811695092 9.170015816308238 -9999 7.5856230171195556 6.103218886513038 4.743874282668875 4.330293532220543 4.544348887798405 4.54513304631971 4.843461682303773 4.903038454965136 5.146448312609187 5.265892804486652 5.265862684706491 -9999 -9999 -9999 -9999 -9999 -9999
-9999 -9999 -9999 -9999 -9999 -9999 -9999 -9999 -9999 -9999 -9999 -9999 -9999 -9999 -9999 -9999 -9999 -9999 -9999 -9999 -9999 -9999 -9999 -9999 -9999 -9999 -9999 13.063587734344726 13.821133543742116 13.698325856745008 11.578104907919212 9.841768275028556 9.841792320048862 9.19518612624541 9.035291366101891 8.15309440836039 7.348135956377617 6.2891929058641445 6.2894683376980005 5.292465524700619 5.036489008723512 5.082256094616401 5.107106048479562 5.250828072152398 5.250959145985411 5.4936287076155415 5.563155253147876 5.573347651057345 -9999 -9999 -9999 -9999
-9999 -9999 -9999 -9999 -9999 -9999 -9999 -9999 -9999 -9999 -9999 -9999 -9999 -9999 -9999 -9999 -9999 -9999 -9999 -9999 -9999 -9999 8.622178287605161 7.601546187062646 9.197304121401737 9.445743379009674 10.60443286585422 11.968893680652943 11.627169387602393 10.132599675918225 11.498845609504711 9.408922026999234 7.764890053325206 7.997197646486177 8.242327787013807 7.806834048828191 8.468853083565474 8.225004626055249 7.612847662526113 6.972139348627647 6.4693603148361465 6.099048653966256 5.7304779335018985 5.569289444823508 5.664617392888205 6.0348649241486205 6.153875579139365 6.54153453887246 6.281305811340718 -9999 -9999 -9999
-9999 -9999 -9999 -9999 -9999 -9999 -9999 -9999 -9999 -9999 -9999 -9999 -9999 -9999 -9999 -9999 -9999 -9999 -9999 -9999 -9999 6.896996156184407 6.897094493015086 6.9180444241442105 8.780190129420184 10.198634469807775 11.070913610203302 11.206741032186294 10.72785320120835 10.725139042562512 8.108527620142857 6.2220537474854085 5.510692204339498 5.418354254049046 6.062542047095383 6.801844520496041 6.8012783759634505 7.518751449200077 7.75010192411046 7.520983603549517 6.980111702427353 6.5021963772907325 6.5032857342892685 6.226936945614567 6.046169366797465 5.963912045633851 6.02966416085752 6.224670558071113 6.182951308063401 -9999 -9999 -9999
-9999 -9999 -9999 -9999 -9999 -9999 -9999 -9999 -9999 -9999 -9999 -9999 -9999 -9999 -9999 -9999 -9999 -9999 -9999 -9999 10.29188935509255 8.66999882650957 9.116173115218313 11.95714802494136 14.884399083933337 15.580878811734594 15.576516317391462 13.165347887726247 10.749718645962414 8.475136967349071 7.402630924402031 6.4340177238058525 5.905521678074246 5.905982581258923 5.870762157886905 6.34388486412905 7.154303083017075 8.055799474458388 7.858764185926932 7.496724746104492 7.497172639247639 6.9621402529245575 6.757775574607461 6.521168420485338 6.16043754473097 5.674282236994424 5.746665448083711 5.747788309910343 6.143440345655393 6.569034270568437 -9999 -9999
-9999 -9999 -9999 -9999 -9999 -9999 -9999 -9999 -9999 -9999 -9999 -9999 -9999 -9999 -9999 -9999 -9999 -9999 -9999 -9999 -9999 11.728204122942946 12.342206221829409 12.342044971190155 13.935512028173065 14.308469511588788 13.286322664732676 10.331807940680008 8.399325025232239 7.570797527379672 7.5709106892605 7.383363475687476 7.1607678576328615 6.666470662093222 6.268196112772776 6.537378905072472 7.070444715511348 7.757012548195601 7.757083624208258 7.584743532654432 7.111695626636234 6.628458751786221 6.274376776091773 5.940592470813968 6.067945861964837 6.068495761037163 6.249369665075713 6.46021178479073 6.648233833294864 -9999 -9999 -9999
-9999 -9999 -9999 -9999 -9999 -9999 -9999 -9999 -9999 -9999 -9999 -9999 -9999 -9999 -9999 -9999 -9999 -9999 -9999 9.846359983167446 8.758402825774555 8.413018312977648 8.998119792551474 9.383037584324356 9.84613413871832 10.319775095240127 10.208133877289283 10.207809758696444 9.806180802170948 9.361788063117123 8.691547889139498 7.7910017878118065 7.394267801317143 7.12050380743908 6.6209151265689545 6.620429610779299 6.240877621112112 6.346521172417267 6.4302491531401325 6.5585245019774465 6.189023819251545 5.755512926397156 5.744880950791942 5.7460293111622365 5.907080764060483 6.1826884129599105 6.450996174313374 6.615162207105595 6.700228011416288 6.676242321182479 6.7959118977862465 -9999
-9999 -9999 -9999 -9999 -9999 -9999 -9999 -9999 -9999 -9999 -9999 -9999 -9999 -9999 -9999 -9999 -9999 -9999 6.336916841267916 6.45345449683771 6.460489366812768 6.497228772840211 6.316080307106247 6.870961690947597 7.362452658337053 7.486458459629318 7.484132578373623 7.602282272107619 7.696444448766446 7.717755197947343 7.438046525676869 6.883775874120066 6.711172540190951 6.8756883544773455 6.947116656536249 6.946767091890037 6.930108032459898 6.6322810237300445 6.212294355778002 5.810435780581665 5.755825284581068 5.715515735087459 5.953612629167543 6.166785853014853 6.1675273139632365 6.372572575428863 6.476521249843214 6.65697831011554 6.998036160389134 7.364011753492223 7.478047491005294 -9999
-9999 -9999 -9999 -9999 -9999 -9999 -9999 -9999 -9999 -9999 -9999 -9999 -9999 -9999 -9999 -9999 -9999 5.334682138661766 5.548412291566351 5.908236130161789 7.3474654055905315 8.08310801060488 8.082294495295969 8.219476662423567 8.124987470856508 7.801463147838918 8.051130682388052 8.126494934307523 7.526095837484987 6.772065438169823 6.444094357318381 6.4450251516244075 6.326377166003352 6.3055831510276175 6.2335192940668325 6.25760436045146 6.486481261890296 6.580562888062898 6.481917864213258 6.229628268293954 6.175132326725013 6.1756344164846055 6.211592062390671 6.265883467884188 6.135544007606523 6.224141433729107 6.2740229104411664 6.579445994571932 7.223205617633406 7.295513012853411 -9999 -9999
-9999 -9999 -9999 -9999 -9999 -9999 -9999 -9999 -9999 -9999 -9999 -9999 -9999 7.40344684144051 6.585706165982886 5.649729357807834 5.110721880795932 5.109901368176287 5.021738332345628 5.460124721745868 6.245363325848197 7.505550849067041 8.596045402311862 8.562587214288008 7.8854604911736 7.800015398800234 7.783040608142947 7.779351406895683 7.580009596409157 7.350924543650353 7.002992051437782 6.738281700015081 6.766144363859894 6.5977965326752885 6.722757580728634 6.727259156316137 6.854818961835459 7.026352315854209 7.0266917075446775 6.789170432795728 6.6147184711701525 6.481420961669918 6.4968591959357145 6.617251872765915 6.420061247557413 6.3536668098579465 6.489863591801457 6.460069617389921 6.4606219684467945 6.764353780590744 7.2605104449742655 -9999
-9999 -9999 -9999 -9999 -9999 -9999 -9999 -9999 -9999 -9999 -9999 -9999 -9999 7.4812549340409635 7.254305225248456 7.085665838498032 6.691359061397005 6.048529140057285 6.329855040106133 7.198931256567192 8.34239766558196 9.3591797384016 9.28149767509888 9.28292113099288 8.555989333087943 7.8703260604999565 7.484602086812758 7.320104987219517 7.475061826066433 7.53720138239492 7.202949482149223 6.856575979208268 6.9864145269943165 7.434710614450452 7.434908494421736 7.261405340571202 7.353025018300391 7.289097932793647 7.170707811319008 7.025513793174554 6.786116800813218 6.7647371047923945 6.8228506542613205 7.093026473663479 7.160937811343301 7.162483999982222 7.063200911148878 7.098627168419419 7.046569924515157 7.188274158640399 7.619863963990701 7.996062658275266
-9999 -9999 -9999 -9999 -9999 -9999 -9999 -9999 -9999 -9999 -9999 -9999 -9999 5.802519727367812 5.772465019070367 7.657421138719591 8.960958853257239 9.518051046058275 9.193298266813393 8.2583981713952 8.991403943070924 9.128728759881113 9.089453524246744 8.831882749302682 8.604852920092371 8.236819661433415 7.660853631923048 7.151162535498407 7.166661248335908 7.148083631867741 7.538507198934419 7.513460537986081 7.3180067805303635 7.326106241743258 7.25056126424303 7.396263273028049 7.67976096213516 7.8608993163536125 8.010572196971202 7.619094523510637 7.286957228351076 7.4725015242473205 9.093568218296756 13.525954503641213 -9999 -9999 -9999 -9999 -9999 -9999 -9999 -9999
-9999 -9999 -9999 -9999 -9999 -9999 -9999 -9999 -9999 -9999 -9999 -9999 -9999 5.5827791270997515 5.523271560950342 6.71226152044778 8.600680719920312 9.841334083474104 10.022675142924953 9.4411952889584 9.285499021803991 9.10806821801721 8.837934271709498 8.741912840647599 8.510073695029622 8.317023484636232 7.77929803874318 7.218046301323056 7.218023532300067 7.24200255021946 7.153152951272391 7.030262387934378 7.15020153071729 7.155603338457556 7.39378060803972 7.523607128708546 7.5010720515735665 7.767743095440433 8.008190966049199 8.330930447464375 8.641577593590384 -9999 -9999 -9999 -9999 -9999 -9999 -9999 -9999 -9999 -9999 -9999
-9999 -9999 -9999 -9999 -9999 -9999 -9999 -9999 -9999 -9999 -9999 -9999 5.5499442135996295 5.297752187136492 6.136147403543978 7.940394960584428 9.152173408234413 9.543051060572854 9.244386155196617 9.044618882280405 8.755531664327536 8.75608064800964 8.741829375471685 8.472690514293292 8.59154765312003 8.315836825480313 8.065259539035047 7.824521507271161 7.587762303763223 7.482379277860756 7.367019553903662 7.2248876259484325 7.377129048875407 7.524016390792532 7.335530424684553 7.408654037798568 7.770096878811362 7.770383737846001 8.044462597657914 9.175367642169514 9.771145415057434 -9999 -9999 -9999 -9999 -9999 -9999 -9999 -9999 -9999 -9999 -9999
-9999 -9999 -9999 -9999 -9999 -9999 -9999 -9999 -9999 -9999 -9999 5.255797605626091 5.255486049847242 5.322057009555746 6.262535644770452 7.6022984946267425 8.785883361674074 9.255966816424543 9.303143936013193 8.937435548174571 8.446586829048456 8.059021205519596 7.954860125116197 7.924642582769684 7.9447207725462965 8.036699866230792 8.12823780536179 7.923034487345457 7.893597797196253 7.714406419827268 7.714897916327184 7.713957866894933 7.941841083703551 7.732902982597301 7.655473183443544 7.751226542521367 8.253445650815774 8.752795138498648 9.569387035529198 14.620742802351986 -9999 -9999 -9999 -9999 -9999 -9999 -9999 -9999 -9999 -9999 -9999 -9999
-9999 -9999 -9999 -9999 -9999 -9999 -9999 -9999 -9999 -9999 7.245565794731162 7.0691904628266915 7.052754751371611 7.799990293463456 8.994501172279726 9.213411600199963 8.999158667885439 8.829509150575973 8.505178180401224 8.08064661761267 8.006164346371508 7.8436518443210685 7.664095554807894 7.8332672699915875 7.8302715485307575 7.70637638003162 7.764620749974951 7.856395126397447 7.8485418461854435 7.63974251729172 7.34256742656767 7.077019067173853 7.003975725466484 7.111645134279828 7.408401961162897 7.8636716133056614 8.40182651581259 9.206200736339001 11.822936555035591 -9999 -9999 -9999 -9999 -9999 -9999 -9999 -9999 -9999 -9999 -9999 -9999 -9999
-9999 -9999 -9999 -9999 -9999 -9999 -9999 -9999 -9999 -9999 -9999 -9999 9.976900541748057 10.048893645351868 9.847349743497627 9.847616653192306 9.383502718842253 8.919707968357052 8.387834918566915 8.059156086707025 7.752628296144532 7.59350674758153 7.401045949843372 7.373530703067041 7.3813626716193665 7.807917554532909 8.06526299846049 7.906524723610764 7.8166936059716425 7.50385514636604 7.40931574790175 7.133203744058123 6.935461421546573 7.446183047368388 7.196084153683847 7.505542658440403 8.458534112466197 9.536394277257298 11.9611250042517 14.745181591527164 -9999 -9999 -9999 -9999 -9999 -9999 -9999 -9999 -9999 -9999 -9999 -9999
-9999 -9999 -9999 -9999 -9999 -9999 -9999 -9999 -9999 -9999 -9999 8.466927627226884 9.357544739758564 10.045221637476939 9.97946595396357 9.714094898324987 9.183465917130949 8.304063505159284 7.9901046265174545 7.753117039744994 7.5750167231007 7.8403257682009935 7.504137149639008 7.347053495729897 7.553064613230159 7.95181260674435 7.897872440420384 7.74561171852662 7.934800750799411 7.524512192340847 7.549784180657072 7.606469686181088 7.696118324744847 7.5573931525504126 7.558152964337831 7.5406898468894115 8.398560978560258 9.427196955970095 12.327935480006351 -9999 -9999 -9999 -9999 -9999 -9999 -9999 -9999 -9999 -9999 -9999 -9999 -9999
-9999 -9999 -9999 -9999 -9999 6.2692384505241385 6.426281433172619 6.429909724289066 6.610806320976957 7.993803797195853 9.512473754349946 9.84665350696898 9.846191263588203 9.786786280427588 9.533598802393131 9.568718008433713 9.086736661082519 8.292976797626434 7.954809654167872 7.903386419882669 8.066612429301895 7.965902106237657 7.704203624458666 7.656053615426898 7.941457384969903 8.081940175234738 7.828555709935598 7.517903726742263 7.753212758691532 7.851196795187099 7.494384000824568 7.760837029487268 7.608756771553336 7.7964792714693845 8.735763165067876 9.369754757926405 10.396917698621737 11.561714310592727 -9999 -9999 -9999 -9999 -9999 -9999 -9999 -9999 -9999 -9999 -9999 -9999 -9999 -9999
-9999 -9999 -9999 -9999 6.804172119582081 7.360772210287095 8.550231686987765 8.959603278490158 9.702823161040584 10.048154677754974 9.800871716912589 9.936669540954217 9.99752490346802 9.437147115745594 9.152070677357674 8.716970566280454 8.31751817697319 8.231760402226621 8.201265493642262 8.40434589140666 8.370483304880633 8.217960681027293 7.782497755000637 7.6352412960975125 7.9422671670486125 7.8917629875565884 7.594554683781692 7.589512046994496 7.415647971763692 7.980873386789902 8.175062842085007 8.263670738692426 8.412654608139007 9.42501121373825 13.154494430420813 -9999 -9999 -9999 -9999 -9999 -9999 -9999 -9999 -9999 -9999 -9999 -9999 -9999 -9999 -9999 -9999 -9999
-9999 -9999 -9999 7.167910200652871 7.725630185691943 8.329343717441994 8.704746338090485 9.201331151654395 9.467272379573938 9.312422803089811 9.3501674179981 9.133339504446765 9.380015314585496 9.270135162570954 9.208884961897454 8.956043478971191 8.731149521466387 8.734497559449851 8.721831316449265 8.68345582539049 8.564262507024717 8.616381297677021 8.312550895293565 7.8557508527248014 7.93073279882698 7.638291241625072 7.3537383182005875 7.831290914470339 8.241307044547426 9.285188739086863 14.131991752629736 -9999 -9999 -9999 -9999 -9999 -9999 -9999 -9999 -9999 -9999 -9999 -9999 -9999 -9999 -9999 -9999 -9999 -9999 -9999 -9999 -9999
-9999 -9999 -9999 6.456303602122119 7.312379204960773 8.573753081907704 9.361774469401858 9.680836710080138 10.100909372398268 10.024141332440678 9.716644001779583 9.675782895604339 9.569060715737852 9.784874389538587 9.474450487827447 9.14006013084916 9.107680440093446 9.138975768105672 9.383069530439217 9.190875596878508 9.09257506371594 9.343599893795137 9.036599725269747 8.416579013706857 7.904420786345607 7.7752479402343475 8.055244599698751 8.798623017064694 10.276480235047202 -9999 -9999 -9999 -9999 -9999 -9999 -9999 -9999 -9999 -9999 -9999 -9999 -9999 -9999 -9999 -9999 -9999 -9999 -9999 -9999 -9999 -9999 -9999
-9999 -9999 -9999 5.9019279522649954 5.986829122469379 7.28654274967233 8.74087713069668 9.405969055034198 9.40037690168337 9.407124815716736 8.953717275955235 9.471382524369227 10.074782740156856 9.896141880057321 10.066980680007369 10.022091155448251 9.84762919237306 9.842508583685746 9.86236935501893 9.938596085184836 9.643853763461355 9.8741507683525 9.452197480193878 8.860954129571052 8.746282918919821 9.149912568750596 10.38446898769208 13.849991175592306 -9999 -9999 -9999 -9999 -9999 -9999 -9999 -9999 -9999 -9999 -9999 -9999 -9999 -9999 -9999 -9999 -9999 -9999 -9999 -9999 -9999 -9999 -9999 -9999
-9999 -9999 -9999 7.908209952388757 8.715600940342902 9.316270685872977 9.302626353017743 9.008898655062168 8.874415181489331 8.702681032863701 9.059024604576964 9.482021549217476 10.009198776820632 10.150176641718613 9.952926510983117 9.991924416186539 10.087737981377662 10.215693386133069 10.499499034419363 10.428536122269213 10.345468649467287 10.250482531046037 10.161290251773467 9.710701266484095 9.088936058707407 9.339980351220133 12.153405241636154 -9999 -9999 -9999 -9999 -9999 -9999 -9999 -9999 -9999 -9999 -9999 -9999 -9999 -9999 -9999 -9999 -9999 -9999 -9999 -9999 -9999 -9999 -9999 -9999 -9999
-9999 -9999 -9999 -9999 8.623856109603995 8.921601843812303 9.173580561132042 9.371896626085826 9.263940308160556 9.376366717246613 9.27820104845516 9.44163615996614 9.476695512755377 10.075197024504174 10.358755242846547 10.56457349062074 10.226815407648523 10.283689582169954 10.675338368376424 10.914419104447797 10.96713112868034 10.898967139076069 10.775437487247157 10.536654735270906 -9999 -9999 -9999 -9999 -9999 -9999 -9999 -9999 -9999 -9999 -9999 -9999 -9999 -9999 -9999 -9999 -9999 -9999 -9999 -9999 -9999 -9999 -9999 -9999 -9999 -9999 -9999 -9999
-9999 -9999 -9999 -9999 8.552688755139695 8.569659653661665 8.798675201196946 8.583517579753106 8.797954318811941 8.851214252634342 8.881566485358094 8.927469050345833 9.120818471214026 9.456102029737641 10.116990697081162 10.22930755944327 10.172625383223087 10.27139558929567 10.387840062615911 10.516795986592893 10.332596280929684 10.408529692276806 10.50226205246587 11.891999238373511 16.389896191244365 -9999 -9999 -9999 -9999 -9999 -9999 -9999 -9999 -9999 -9999 -9999 -9999 -9999 -9999 -9999 -9999 -9999 -9999 -9999 -9999 -9999 -9999 -9999 -9999 -9999 -9999 -9999
-9999 -9999 -9999 -9999 8.829790205824565 8.805117963789879 8.602513988065382 8.155846978068059 7.931187999752862 8.049124417352044 8.371168203763494 8.593403375440898 9.463144045814158 9.578154368421883 9.722211690457737 9.889969319373797 10.06726081513272 10.063133240448428 10.16208800864985 10.207720031293944 10.015445095619055 10.2249881388851 10.141392972857586 11.476373669436414 -9999 -9999 -9999 -9999 -9999 -9999 -9999 -9999 -9999 -9999 -9999 -9999 -9999 -9999 -9999 -9999 -9999 -9999 -9999 -9999 -9999 -9999 -9999 -9999 -9999 -9999 -9999 -9999
-9999 -9999 -9999 -9999 9.218482647791344 9.159272410741456 8.513200294064376 7.8940260055732905 7.809366249935587 8.018023894328103 8.513526641208099 9.078901833848263 9.080325765620682 9.164583636538499 9.053290611928821 9.574253371341635 9.879680006365355 9.52515200328914 9.739494750849401 9.769216166474015 9.48022857435454 9.56564460842755 11.679947313687167 -9999 -9999 -9999 -9999 -9999 -9999 -9999 -9999 -9999 -9999 -9999 -9999 -9999 -9999 -9999 -9999 -9999 -9999 -9999 -9999 -9999 -9999 -9999 -9999 -9999 -9999 -9999 -9999 -9999
