metrics/grid_rasters/ASCAT 12.5 TS/grideval_ASCAT 12.5 TS_X_spring_2018_absolute_bias.asc
ncols 52
nrows 55
xllcorner     11.25
yllcorner     55.25
cellsize      0.25
NODATA_value  -9999
[rows 0 to 28 of 55, columns 0 to 51 of 52]
-9999 -9999 -9999 -9999 -9999 -9999 -9999 -9999 -9999 -9999 -9999 -9999 -9999 -9999 -9999 -9999 -9999 -9999 -9999 -9999 -9999 -9999 -9999 -9999 -9999 -9999 -9999 -9999 -9999 -9999 -9999 -9999 -9999 -9999 -9999 -9999 -56.28068907653525 -55.15268165191349 -54.646332029105245 -9999 -9999 -9999 -9999 -9999 -9999 -9999 -9999 -9999 -9999 -9999 -9999 -9999
-9999 -9999 -9999 -9999 -9999 -9999 -9999 -9999 -9999 -9999 -9999 -9999 -9999 -9999 -9999 -9999 -9999 -9999 -9999 -9999 -9999 -9999 -9999 -9999 -9999 -9999 -9999 -9999 -9999 -9999 -9999 -9999 -9999 -9999 -9999 -9999 -52.56383843764243 -57.738309294276036 -57.04960781170186 -52.885149108056545 -48.03080997488111 -48.03342884563154 -9999 -9999 -9999 -9999 -9999 -9999 -9999 -9999 -9999 -9999
-9999 -9999 -9999 -9999 -9999 -9999 -9999 -9999 -9999 -9999 -9999 -9999 -9999 -9999 -9999 -9999 -9999 -9999 -9999 -9999 -9999 -9999 -9999 -9999 -9999 -9999 -9999 -53.65512308335535 -53.694603405463184 -54.61310130713736 -52.926716983203896 -46.7254886792694 -37.95001742112781 -36.709854722090654 -9999 -40.449168224195006 -46.225660672284775 -52.33547329802144 -53.377950345511046 -50.90381173823303 -50.900900377556546 -48.174444462706546 -46.64811486061237 -44.67487852147356 -44.51214606162765 -44.51120543074313 -9999 -9999 -9999 -9999 -9999 -9999
-9999 -9999 -9999 -9999 -9999 -9999 -9999 -9999 -9999 -9999 -9999 -9999 -9999 -9999 -9999 -9999 -9999 -9999 -9999 -9999 -9999 -9999 -9999 -9999 -9999 -9999 -9999 -59.97126558935097 -61.642858787804464 -59.54499280250917 -51.39173752261366 -39.7717963022345 -39.82087586501333 -34.73440127710355 -37.39977677264689 -41.346047842359795 -43.14510846139176 -44.47531893990268 -44.47567429750207 -45.319112418426606 -45.53078296841787 -44.659085372799645 -44.96240916042196 -43.444333548585575 -43.44458232026224 -43.65990049961012 -44.60758307980496 -46.49777134177255 -9999 -9999 -9999 -9999
-9999 -9999 -9999 -9999 -9999 -9999 -9999 -9999 -9999 -9999 -9999 -9999 -9999 -9999 -9999 -9999 -9999 -9999 -9999 -9999 -9999 -9999 -59.59284514360256 -63.81972670917979 -61.86230952373358 -61.37305893737497 -60.982353266818215 -61.57860092728678 -56.58511860954591 -55.0013002743758 -54.620201947489726 -47.74810018368085 -43.000321366439024 -39.56429226064968 -41.697795812260715 -42.35561288047532 -42.46908170085349 -42.62624463226772 -41.482082823464395 -39.61931639266588 -39.13858925174254 -42.744937805892064 -43.14091766578552 -41.819505244676655 -42.75841181919283 -43.361985009417886 -45.586068722991705 -50.90172473909919 -53.714453234976254 -9999 -9999 -9999
-9999 -9999 -9999 -9999 -9999 -9999 -9999 -9999 -9999 -9999 -9999 -9999 -9999 -9999 -9999 -9999 -9999 -9999 -9999 -9999 -9999 -64.98343334037715 -64.98560631046867 -66.45603209976622 -65.24427254941293 -62.485112396472005 -55.066897915089065 -49.28387229583284 -44.41604322614464 -44.41936488570961 -43.82212286796797 -45.32420597275466 -45.7657500512317 -46.10745162620447 -44.8488643297292 -42.08724013501536 -42.089344695194725 -39.96575264815924 -41.448408260913034 -43.9105463488354 -45.195482447904475 -46.25230855211721 -46.25243759503317 -48.759928550659005 -49.59350848103928 -51.04528094482129 -52.613600268369176 -54.76111541586139 -54.740370338321725 -9999 -9999 -9999
-9999 -9999 -9999 -9999 -9999 -9999 -9999 -9999 -9999 -9999 -9999 -9999 -9999 -9999 -9999 -9999 -9999 -9999 -9999 -9999 -63.77165720909811 -65.8942097429824 -64.22620365440497 -64.06774343090096 -63.683353214263114 -56.734962940323626 -56.73253362788993 -48.1669020155342 -40.80988941731667 -37.85851141567153 -38.38343215479459 -41.320835130154684 -43.021854709176274 -43.02177939557497 -43.241977297056025 -42.139272358449205 -41.02264149333352 -40.287688052469846 -43.19809164528048 -44.362716769826996 -44.36217528084832 -46.37955106692769 -48.34190099612909 -50.14298374544733 -52.818035256809424 -54.88042778974518 -55.761304646259354 -55.76174912512269 -56.73753384235822 -56.16777302688696 -9999 -9999
-9999 -9999 -9999 -9999 -9999 -9999 -9999 -9999 -9999 -9999 -9999 -9999 -9999 -9999 -9999 -9999 -9999 -9999 -9999 -9999 -9999 -56.514229669814746 -54.23677086772666 -54.23381638266245 -53.330076231089 -51.152730867351856 -48.09585829474504 -46.71159401860741 -44.30526868182929 -43.31058961497487 -43.26094880993768 -41.09366838118944 -42.07102008688461 -43.451083571871 -43.923292085683755 -43.710801096095544 -43.646229148286864 -44.59439218309103 -44.594931066748146 -46.084298593344286 -47.45968454888539 -49.0643931910166 -50.495643053215815 -53.07269509893632 -54.49239069606421 -54.49231419533408 -55.982222953068074 -57.701016884367334 -58.30689108189546 -9999 -9999 -9999
-9999 -9999 -9999 -9999 -9999 -9999 -9999 -9999 -9999 -9999 -9999 -9999 -9999 -9999 -9999 -9999 -9999 -9999 -9999 -56.33361060492708 -57.60578228703261 -58.326089739902685 -55.95370705068871 -53.52438749460091 -50.23008279886322 -45.18738708887433 -41.75677392218176 -41.75858857191077 -41.061930368552005 -43.349215304865695 -45.073823962518304 -45.09978156181086 -45.619553450934895 -46.53486342790934 -47.1974471217929 -47.19741336549819 -47.25464026396613 -47.22672547060398 -47.58535386304099 -48.15790575318991 -49.873777468403816 -51.94492541210178 -54.76991472924941 -54.76971050347082 -55.01098257477106 -55.794330794526594 -57.42889365374944 -58.53109723749071 -59.05666475426962 -58.727633010154584 -58.59168422138765 -9999
-9999 -9999 -9999 -9999 -9999 -9999 -9999 -9999 -9999 -9999 -9999 -9999 -9999 -9999 -9999 -9999 -9999 -9999 -59.46397400078838 -55.741336606738116 -54.28575330136258 -53.363989450819865 -52.992300118569744 -51.473641664919946 -49.62072184749506 -47.88335572252952 -47.88319718184285 -45.76167927718693 -44.612233783226564 -43.71308253493309 -44.797065431584244 -48.22099888893624 -51.91306443868394 -55.011960187979895 -56.749057724130076 -56.7491664385318 -57.883834212602615 -58.61261373897968 -57.0773801393892 -55.89098903817655 -54.116714170359906 -54.37473371650055 -56.704572005523936 -58.84529280392026 -58.845106745477494 -60.110847327298316 -59.845744038385064 -59.612369402038155 -59.79166541595188 -59.16525817048126 -58.407490772367666 -9999
-9999 -9999 -9999 -9999 -9999 -9999 -9999 -9999 -9999 -9999 -9999 -9999 -9999 -9999 -9999 -9999 -9999 -60.229964725490674 -57.122710514802634 -52.933295895537604 -48.17731912284568 -49.36651301149129 -49.367820208043 -50.54143326691637 -49.926920805048134 -49.115658939350574 -48.27465318864833 -46.45840281597375 -45.947251513838786 -45.52113940032444 -44.29933076789282 -44.30062969521698 -44.858087560083334 -48.72465321882709 -52.22220028891359 -55.333168100876605 -58.402297362646344 -59.825313017177194 -60.88154163782586 -60.5819987504914 -59.95696119168394 -59.95594565859912 -60.494677014297544 -61.549948610720655 -62.138463715848474 -61.21484170737761 -60.1398672841915 -60.214132919665005 -59.23918240141777 -58.95914356343368 -9999 -9999
-9999 -9999 -9999 -9999 -9999 -9999 -9999 -9999 -9999 -9999 -9999 -9999 -9999 -57.037988568098726 -57.00983859709405 -58.38109762346862 -60.19780699834733 -60.203058942063855 -58.517748545916575 -55.21490653525467 -49.725300452745294 -46.41287591900875 -46.86249411609442 -47.93314551210845 -49.4330651256683 -51.44444376324635 -50.91957675195256 -50.918699921083686 -50.80384480330304 -50.87882559970764 -51.852222549036405 -53.0651749236014 -53.49658448387756 -54.88398883889216 -56.62178008134307 -59.86540066952645 -61.92122860371926 -64.15893991393325 -64.15823029250029 -64.70247830570607 -63.66142114160564 -62.911237831293754 -62.38791583339464 -61.230629314798435 -60.67358558654586 -61.24286304061836 -61.18242262697972 -61.42575239993603 -61.42584767559404 -62.59764877009068 -61.47042508756454 -9999
-9999 -9999 -9999 -9999 -9999 -9999 -9999 -9999 -9999 -9999 -9999 -9999 -9999 -56.52545901681472 -55.679415054155356 -56.25538963671378 -56.138856132359294 -56.393414765760404 -54.03529851147789 -51.60531992799596 -48.016393975248405 -46.79263649500561 -47.747872022925655 -47.75231522736385 -50.34939993071088 -52.228633642002706 -54.641914864772346 -55.53949108354948 -55.382711172118604 -57.22902169102809 -59.558543629274254 -61.85069969185978 -63.299413418001315 -64.62413974685114 -64.62490317406896 -65.05023376825295 -64.89950115975856 -65.72493322426733 -66.8078653867568 -67.25497051876344 -66.14116399202996 -65.4753585787868 -64.23671705884529 -61.418501635016746 -61.01830539121331 -61.017673630873134 -61.85660894081367 -63.60519679300954 -65.01726578010636 -65.31710709006808 -66.76010331876198 -67.53344693505413
-9999 -9999 -9999 -9999 -9999 -9999 -9999 -9999 -9999 -9999 -9999 -9999 -9999 -54.906182123175036 -55.828035832202616 -52.232277403720204 -51.865241868603114 -51.68367389706839 -51.76467936539966 -51.33965533494268 -49.94014558902431 -49.75633125398984 -51.70309207192246 -53.47668444390088 -57.11113145877366 -58.18281268621974 -60.47624124456341 -62.169834383103506 -63.13019096085486 -63.35075506045509 -64.83716938589762 -65.55723702046296 -65.12448312172383 -65.58381004576063 -66.26389315555589 -66.6588213440446 -65.71977650579676 -65.60595630649142 -66.1634694821647 -68.53640713531342 -69.14864181912125 -68.02190921153766 -66.43536567317639 -60.61424187843072 -9999 -9999 -9999 -9999 -9999 -9999 -9999 -9999
-9999 -9999 -9999 -9999 -9999 -9999 -9999 -9999 -9999 -9999 -9999 -9999 -9999 -55.7253089660831 -54.948587616751134 -53.349875202326835 -51.035541575726725 -49.63255628010757 -50.75102090632822 -53.832003693570975 -57.70216840076146 -60.86674528387515 -60.94228138188098 -60.64558557721181 -60.9197602289225 -62.95752181337349 -65.63927716756889 -66.84072649511197 -66.84051633339197 -66.50809628782565 -66.63551378935864 -66.42394256407941 -66.84928176484857 -67.00496659816916 -67.1326736325916 -66.64770455109293 -65.4667567619283 -65.32128692056091 -66.85320985659757 -68.80089053873108 -69.6443891042411 -9999 -9999 -9999 -9999 -9999 -9999 -9999 -9999 -9999 -9999 -9999
-9999 -9999 -9999 -9999 -9999 -9999 -9999 -9999 -9999 -9999 -9999 -9999 -58.85063117948214 -56.28752997910418 -53.6315132870663 -50.08742566219476 -47.764914606616536 -48.65230704228718 -53.15863771390091 -56.79774049265171 -60.90131246728353 -60.90257308938551 -63.626233460107954 -63.65760407713268 -64.21439709567082 -65.76123942130515 -67.76516539046801 -69.43434416923542 -69.7714251897391 -69.86805806516234 -70.15410071908005 -69.96007422984565 -70.25518451140799 -70.05689750399722 -70.06293476229112 -68.68042771905755 -68.07971852504228 -68.07981164590473 -69.06303752054619 -69.07635806193836 -67.61202057439826 -9999 -9999 -9999 -9999 -9999 -9999 -9999 -9999 -9999 -9999 -9999
-9999 -9999 -9999 -9999 -9999 -9999 -9999 -9999 -9999 -9999 -9999 -54.33509163411666 -54.303538469523595 -54.915108016404325 -55.0953079563016 -51.26794224245239 -49.04983116839446 -51.39296490069912 -54.77714073606175 -58.45911575300164 -60.9529650589131 -62.1627691847511 -62.91581552156948 -63.057345862709006 -65.02257652112118 -66.79782364195664 -70.08698987400571 -71.51677004707021 -72.82941781464694 -73.10113886862794 -72.46711880870731 -72.46716804109987 -71.81956026997594 -72.32727534729307 -72.72267437915019 -72.94244317029833 -71.83755181845662 -71.97772106523827 -70.85238581342013 -64.97485137751265 -9999 -9999 -9999 -9999 -9999 -9999 -9999 -9999 -9999 -9999 -9999 -9999
-9999 -9999 -9999 -9999 -9999 -9999 -9999 -9999 -9999 -9999 -55.168961641025035 -53.09120133928293 -51.87127511422379 -51.264132959153535 -51.28775646404612 -53.321209731121314 -56.513028146776065 -59.152065760930796 -59.53372822870656 -63.923650911372185 -65.75617330351504 -68.25182456292548 -69.05985556849437 -66.63991076245797 -65.78880977556571 -64.18612921533177 -65.25607477937166 -67.08550341194629 -71.1249102694213 -73.44245256654978 -74.31393517828356 -73.96830840563781 -73.11411888614454 -73.99735474078805 -74.02245412370624 -73.49712171069504 -73.52290260545993 -71.78292404883341 -69.50440665178455 -9999 -9999 -9999 -9999 -9999 -9999 -9999 -9999 -9999 -9999 -9999 -9999 -9999
-9999 -9999 -9999 -9999 -9999 -9999 -9999 -9999 -9999 -9999 -9999 -9999 -54.24871828994574 -58.24265857979744 -62.393529834261294 -62.3925992099689 -65.59651054870648 -67.65246598550904 -68.51216124017935 -68.98198911650759 -69.91029338663945 -69.40564499540248 -71.39728489703269 -72.05423090072195 -71.23937667234541 -70.53979790299253 -69.25469925546035 -69.80079502649218 -69.83127606241212 -71.67393351749631 -73.23825119265341 -74.60785637293169 -74.60036751641469 -73.76190176723586 -73.1530092801473 -73.55952037474306 -75.10828633464777 -73.45442483126708 -68.34767306907099 -62.150511961837815 -9999 -9999 -9999 -9999 -9999 -9999 -9999 -9999 -9999 -9999 -9999 -9999
-9999 -9999 -9999 -9999 -9999 -9999 -9999 -9999 -9999 -9999 -9999 -52.20230460984278 -51.97344047734745 -53.828762846711534 -57.735073409723405 -61.96135116546261 -66.98979853501828 -70.10126557212375 -71.40100098949556 -71.02164797405213 -71.15650429354211 -71.36189172063013 -72.6509050793355 -72.0002900451063 -71.89780375739605 -72.84968953709148 -73.390570202345 -74.22792245782303 -74.55226801762225 -73.78518674438543 -74.03806989032523 -74.44890759528641 -75.05794002003684 -74.73042355992568 -74.72929172372922 -74.98107566465781 -76.41277445412925 -73.79535069001216 -67.99952047433453 -9999 -9999 -9999 -9999 -9999 -9999 -9999 -9999 -9999 -9999 -9999 -9999 -9999
-9999 -9999 -9999 -9999 -9999 -58.2389161167081 -56.851721541574484 -54.49604484239562 -53.25004340722408 -51.670290351999434 -53.42314051067459 -57.82910901074951 -57.82874940796668 -60.33868360664052 -60.939521071187436 -61.635936625302136 -64.08556644477665 -68.22915611348124 -71.06902418589084 -71.50206749760548 -71.80024771444587 -72.24959559562181 -72.46633248362515 -72.86814600577192 -73.209728232459 -72.54761937461238 -72.83613561247397 -73.94492093628705 -74.83307163784545 -75.08431377108934 -75.14751865513985 -74.9388224661588 -74.81209482071381 -74.25518773401122 -74.37249789082719 -72.62295364255138 -69.11729556095776 -62.121378087595346 -9999 -9999 -9999 -9999 -9999 -9999 -9999 -9999 -9999 -9999 -9999 -9999 -9999 -9999
-9999 -9999 -9999 -9999 -59.24504649489678 -58.20688930051678 -56.1083587925984 -56.799441762832785 -57.630348795406675 -58.839051805102784 -60.106180046153355 -61.212681865502475 -61.890505571836854 -63.51188151740551 -64.79694219834359 -65.64073371901732 -67.414241207391 -69.48817285423755 -70.26094389085107 -71.94718712525255 -72.92615497286386 -74.01446843539112 -73.92707132494304 -74.96217591389184 -74.33306524666537 -74.0594325281017 -74.85201609856568 -76.02174663974986 -75.01528595363884 -74.14156826192995 -74.1227196901078 -72.77036276223315 -72.15184682294039 -70.3541039323585 -65.81513939146572 -9999 -9999 -9999 -9999 -9999 -9999 -9999 -9999 -9999 -9999 -9999 -9999 -9999 -9999 -9999 -9999 -9999
-9999 -9999 -9999 -54.5663556242925 -53.06260136619286 -55.215199897531214 -57.802516610796225 -58.35295594123485 -59.613811685203075 -61.06673533222351 -61.73316951917223 -64.73703720612528 -65.76666691261211 -66.69944297467711 -67.74620452984371 -69.22966043552083 -69.62599297396207 -70.52421330587967 -70.28863101529825 -70.85337212585141 -71.76333327181295 -72.863536363059 -73.55727488999455 -75.0924783421224 -75.33371746874512 -74.73476605945376 -72.92430332429944 -71.77359862789119 -70.46117583932606 -65.7714525584911 -58.82035997943983 -9999 -9999 -9999 -9999 -9999 -9999 -9999 -9999 -9999 -9999 -9999 -9999 -9999 -9999 -9999 -9999 -9999 -9999 -9999 -9999 -9999
-9999 -9999 -9999 -56.49449505118029 -50.407069555048466 -43.286744640493346 -42.43791396928032 -45.85562681877157 -49.124811034514245 -51.79300035898813 -52.76057097973022 -54.84874213559621 -59.532906800504115 -62.31376346060792 -65.60707598755985 -68.1744064311152 -68.76140997263201 -70.51620247629249 -70.39841358803095 -70.9424302769257 -71.49007868763049 -71.86075340780954 -72.59243150516347 -74.36299833313521 -75.34720846360932 -74.5640878600412 -72.84765476610251 -70.41464282452549 -65.59479161637735 -9999 -9999 -9999 -9999 -9999 -9999 -9999 -9999 -9999 -9999 -9999 -9999 -9999 -9999 -9999 -9999 -9999 -9999 -9999 -9999 -9999 -9999 -9999
-9999 -9999 -9999 -57.658234025423546 -56.49023308798761 -52.12692254925714 -46.053361995306396 -45.430630631796454 -49.48788172531208 -52.462915789204615 -54.08286521602051 -53.59880108036372 -58.64228920292624 -63.73562735025442 -65.46267478719287 -67.11736252237846 -68.25545710451466 -69.50497058840814 -70.31796467005604 -71.36802082983648 -72.42721933783031 -72.18611904390386 -73.966840467923 -74.66651335652408 -72.84644477710374 -71.76383925790937 -67.76151598566479 -59.14389148942171 -9999 -9999 -9999 -9999 -9999 -9999 -9999 -9999 -9999 -9999 -9999 -9999 -9999 -9999 -9999 -9999 -9999 -9999 -9999 -9999 -9999 -9999 -9999 -9999
-9999 -9999 -9999 -54.71393908704348 -52.414304291689966 -51.86977023419559 -52.6510742170364 -55.02044176907092 -56.20195771115039 -56.77282936584021 -56.22958149593505 -56.98232225157881 -56.9146642123621 -60.33674660416747 -65.50370821794702 -67.05568391993023 -67.51850379260826 -68.35291198630948 -69.28103119444368 -70.01767713630787 -69.77852827870865 -70.85179629252328 -72.43896610091942 -72.84136892115308 -72.30143872601751 -69.14032564705687 -62.339465747279796 -9999 -9999 -9999 -9999 -9999 -9999 -9999 -9999 -9999 -9999 -9999 -9999 -9999 -9999 -9999 -9999 -9999 -9999 -9999 -9999 -9999 -9999 -9999 -9999 -9999
-9999 -9999 -9999 -9999 -50.26495499998602 -51.885519365743825 -54.036214777792026 -55.97563447566171 -57.10364508636818 -58.178680062041856 -57.126926655371506 -56.98100098364095 -59.600280436260995 -61.21274799001266 -64.41279704568849 -67.11017044250355 -68.45283251911798 -69.30136981396545 -68.86443420994786 -68.56581630179029 -68.2469005315035 -68.38807929215432 -68.88171006136996 -65.9106476349325 -9999 -9999 -9999 -9999 -9999 -9999 -9999 -9999 -9999 -9999 -9999 -9999 -9999 -9999 -9999 -9999 -9999 -9999 -9999 -9999 -9999 -9999 -9999 -9999 -9999 -9999 -9999 -9999
-9999 -9999 -9999 -9999 -49.95307824389316 -51.91490521446316 -53.074642721973326 -54.53480277657906 -55.2778751899771 -56.27782859888246 -58.95395715091713 -60.72353129715867 -61.70817171562249 -61.28769956230271 -62.85170579012805 -65.08233830370435 -66.5938585427662 -67.59865413983725 -69.2806908369175 -70.76150980445665 -71.9818983031541 -71.77183609292477 -69.97139962820023 -65.78305656340004 -50.919613631112995 -9999 -9999 -9999 -9999 -9999 -9999 -9999 -9999 -9999 -9999 -9999 -9999 -9999 -9999 -9999 -9999 -9999 -9999 -9999 -9999 -9999 -9999 -9999 -9999 -9999 -9999 -9999
-9999 -9999 -9999 -9999 -55.06227381088973 -54.71265439372899 -55.76801292100886 -55.728044232830534 -54.54608899880557 -54.44084973932336 -55.47471264805939 -58.779661847908926 -62.3916772446632 -63.201600002559225 -64.38934942345706 -66.43990762057972 -68.68777298360324 -70.49837890234241 -72.13317428826038 -73.64536975828791 -73.69578045889149 -73.58628861517526 -72.80163129188814 -69.90135262097891 -9999 -9999 -9999 -9999 -9999 -9999 -9999 -9999 -9999 -9999 -9999 -9999 -9999 -9999 -9999 -9999 -9999 -9999 -9999 -9999 -9999 -9999 -9999 -9999 -9999 -9999 -9999 -9999
