metrics/grid_rasters/ASCAT 12.5 TS/grideval_ASCAT 12.5 TS_X_fall_2015_absolute_bias.asc
ncols 52
nrows 55
xllcorner     11.25
yllcorner     55.25
cellsize      0.25
NODATA_value  -9999
[rows 0 to 28 of 55, columns 0 to 51 of 52]
-9999 -9999 -9999 -9999 -9999 -9999 -9999 -9999 -9999 -9999 -9999 -9999 -9999 -9999 -9999 -9999 -9999 -9999 -9999 -9999 -9999 -9999 -9999 -9999 -9999 -9999 -9999 -9999 -9999 -9999 -9999 -9999 -9999 -9999 -9999 -9999 -72.75688850538975 -71.96340046601448 -72.64637006630147 -9999 -9999 -9999 -9999 -9999 -9999 -9999 -9999 -9999 -9999 -9999 -9999 -9999
-9999 -9999 -9999 -9999 -9999 -9999 -9999 -9999 -9999 -9999 -9999 -9999 -9999 -9999 -9999 -9999 -9999 -9999 -9999 -9999 -9999 -9999 -9999 -9999 -9999 -9999 -9999 -9999 -9999 -9999 -9999 -9999 -9999 -9999 -9999 -9999 -71.39046414221109 -76.13379895857008 -75.85919258141486 -72.97584848248465 -69.46639617623254 -69.46636527919117 -9999 -9999 -9999 -9999 -9999 -9999 -9999 -9999 -9999 -9999
-9999 -9999 -9999 -9999 -9999 -9999 -9999 -9999 -9999 -9999 -9999 -9999 -9999 -9999 -9999 -9999 -9999 -9999 -9999 -9999 -9999 -9999 -9999 -9999 -9999 -9999 -9999 -66.29190340052213 -66.34166117419963 -68.87926757382935 -68.34762640260838 -64.57498486300875 -56.599466134947605 -54.50050737737855 -9999 -59.9323657428185 -68.117049126281 -74.96446947542383 -75.41828557696799 -73.24954047927591 -73.2485692438298 -70.10980885043203 -67.20044496134129 -64.10642115255374 -62.78185483372371 -62.782787779705345 -9999 -9999 -9999 -9999 -9999 -9999
-9999 -9999 -9999 -9999 -9999 -9999 -9999 -9999 -9999 -9999 -9999 -9999 -9999 -9999 -9999 -9999 -9999 -9999 -9999 -9999 -9999 -9999 -9999 -9999 -9999 -9999 -9999 -67.54542924606724 -70.38283686117913 -69.73728441448206 -63.41662985466144 -54.866477408473216 -54.923848293615464 -50.41512445182225 -51.88517286640354 -56.854771317867325 -61.68212645795224 -65.58199508675531 -65.58311958123157 -68.36270485745725 -67.63750911593884 -65.15421846214647 -63.463084322198675 -60.91419126973307 -60.91469119936979 -60.11062191325296 -59.26098233502118 -59.0624651776776 -9999 -9999 -9999 -9999
-9999 -9999 -9999 -9999 -9999 -9999 -9999 -9999 -9999 -9999 -9999 -9999 -9999 -9999 -9999 -9999 -9999 -9999 -9999 -9999 -9999 -9999 -74.75865599384794 -77.06763042269309 -75.5335324249441 -74.02258503349705 -73.70636427130361 -75.58942425746679 -74.45367436006744 -72.92040230703556 -70.40432334567488 -64.25963774246001 -60.56176548261535 -55.983093307523795 -57.0282700231452 -58.07111297282214 -56.43342008642528 -56.22158112581346 -57.04119435531371 -57.28487060200526 -57.892538005794655 -58.043701994154 -57.628123960744574 -57.41299261143372 -56.89165619366901 -56.85705880888374 -57.20608707639906 -58.548148334954824 -59.45784962363903 -9999 -9999 -9999
-9999 -9999 -9999 -9999 -9999 -9999 -9999 -9999 -9999 -9999 -9999 -9999 -9999 -9999 -9999 -9999 -9999 -9999 -9999 -9999 -9999 -78.52659560616361 -78.52791169238169 -78.99664369570056 -75.07964171177062 -72.51641814400217 -67.89727392587093 -65.44646033627383 -62.40293216195504 -62.40169837420621 -62.60501448269432 -65.09725601035927 -66.78736619587798 -67.36377076583271 -65.3914725497729 -61.17542237871566 -61.17634293204164 -57.16625104478072 -56.0127492484011 -56.72212884933619 -57.48725551177708 -57.40611991444562 -57.40623885998462 -59.38975646826528 -60.498530232387715 -61.0152605419051 -61.261287516184765 -61.72093965262439 -59.28703816216116 -9999 -9999 -9999
-9999 -9999 -9999 -9999 -9999 -9999 -9999 -9999 -9999 -9999 -9999 -9999 -9999 -9999 -9999 -9999 -9999 -9999 -9999 -9999 -72.6633794804212 -76.76819884428616 -77.39309221772444 -77.29071647335265 -75.92673112643452 -70.50063407036534 -70.49664217500495 -64.08291948341778 -58.1083989582087 -55.292748835929686 -56.90015934023426 -59.98928821877833 -62.966958587746326 -62.97010706080868 -64.4570963936838 -61.82501772572219 -58.27191663468733 -55.08899028164756 -56.26419234773726 -56.855847882762546 -56.85433762686882 -57.66201809432445 -58.88603875106233 -61.295179505206434 -63.61835443902986 -64.55439567388086 -64.11593326323 -64.11654056848752 -63.54849341765364 -61.24632227904998 -9999 -9999
-9999 -9999 -9999 -9999 -9999 -9999 -9999 -9999 -9999 -9999 -9999 -9999 -9999 -9999 -9999 -9999 -9999 -9999 -9999 -9999 -9999 -72.13820897328254 -72.53548297523112 -72.53834134512223 -72.62652396276309 -69.98714863324871 -65.50154980656471 -62.52634865349818 -60.53625041325407 -59.576835562029096 -59.51597410226381 -56.54861375600382 -57.1703064962015 -59.11030640847747 -60.76853608154022 -59.94224081890536 -57.465688546790275 -56.19722530416517 -56.19787982164179 -57.79291482796197 -58.82193754271646 -59.474390376305685 -60.839364853372466 -62.77549858114727 -63.24634553163328 -63.245444011381046 -62.516079980754874 -61.79733490588085 -60.15738141837015 -9999 -9999 -9999
-9999 -9999 -9999 -9999 -9999 -9999 -9999 -9999 -9999 -9999 -9999 -9999 -9999 -9999 -9999 -9999 -9999 -9999 -9999 -73.26389501074583 -75.1074928894968 -75.70037643292237 -74.50303754109028 -72.86506019650906 -68.39605726432528 -60.927055124149064 -53.092363619214744 -53.094602255653506 -49.042966127204046 -48.75835582499939 -50.08942667636203 -50.89876131243468 -52.266571251792755 -54.11625378081926 -57.53081294617465 -57.530907948405705 -59.90500738481916 -60.438877965887784 -60.83956089331032 -60.107532167139865 -59.161448789680186 -58.550488102320536 -59.63120935345069 -59.63046424520192 -59.28127398111484 -58.84846184553571 -59.240446986000116 -59.90832619552742 -59.00700595515006 -58.416615140106856 -58.607164525766 -9999
-9999 -9999 -9999 -9999 -9999 -9999 -9999 -9999 -9999 -9999 -9999 -9999 -9999 -9999 -9999 -9999 -9999 -9999 -77.31371832087747 -74.48161765911766 -72.1710601252987 -70.23590425618733 -68.17643130019981 -65.00827183801997 -62.72516688671754 -60.63547173256158 -60.63832153518618 -58.75270624608015 -57.1246375390126 -54.46535384042048 -52.707212722318154 -53.20209890829422 -54.01993567266266 -55.805639223097856 -56.829160781216494 -56.82920371577985 -58.10050067121501 -60.232827513308614 -61.51584042091481 -61.719370716399155 -59.46970190827473 -57.0686881041654 -56.80382721808557 -56.97511279486658 -56.97586023287879 -57.21206810477611 -56.790028979747674 -57.129969406558374 -58.353191118470065 -58.5013228247955 -58.050872675721436 -9999
-9999 -9999 -9999 -9999 -9999 -9999 -9999 -9999 -9999 -9999 -9999 -9999 -9999 -9999 -9999 -9999 -9999 -79.334259634535 -77.05523135829405 -71.97637510943656 -63.72634871815341 -59.55636508263682 -59.55794603545057 -56.79109259488872 -54.33419595011985 -52.10260415589596 -50.937612883891276 -50.20918988571416 -50.839661206447595 -52.00743973853305 -51.206965318644215 -51.208810233409565 -49.88937522722488 -51.40261636358332 -53.668318515823564 -54.5907650461991 -55.945036727745965 -56.325893333037655 -57.301447816340534 -57.680590919630355 -56.803729471579544 -56.80206060980178 -57.06457517001546 -57.44829876824068 -57.55354559135025 -55.88567705570068 -54.77209646000214 -55.94005052108071 -56.25843115714717 -57.2154605099641 -9999 -9999
-9999 -9999 -9999 -9999 -9999 -9999 -9999 -9999 -9999 -9999 -9999 -9999 -9999 -71.33880031724983 -73.2668249222944 -76.72590954799617 -79.20418449985688 -79.20485015560588 -77.63379857098975 -73.73965689196713 -67.23563696832915 -60.69944406877621 -55.61616182133632 -51.63083495102536 -50.12898886291774 -50.96024901949829 -49.520128770130384 -49.515281415911595 -49.46399594494697 -49.930425584793866 -51.490688259036425 -52.2410365197981 -52.16107061712838 -52.98799477753232 -53.948553206153676 -56.26301543498296 -56.08783825269485 -56.502023303937996 -56.50069976849227 -56.17678771703618 -54.53661208437846 -54.43182275954527 -55.340705053214435 -54.894810617479116 -54.707478426318026 -55.31774056772976 -56.51767161785306 -56.948709931272745 -56.94666460681113 -58.88065778635978 -57.475065098162325 -9999
-9999 -9999 -9999 -9999 -9999 -9999 -9999 -9999 -9999 -9999 -9999 -9999 -9999 -71.81003652719609 -71.67413215347348 -72.69042546371001 -73.4263549969684 -73.55632686043955 -69.92389368349957 -64.3002248587827 -57.71417995557376 -52.97653997040436 -50.41395319358803 -50.41685856539032 -50.86394825782839 -51.50869963271078 -52.73573631851201 -52.86715587930308 -52.512979448194564 -53.34950944162463 -53.52655721699618 -54.55014218798981 -55.03992467044032 -56.18364335595611 -56.18723075991888 -56.73115171043104 -56.116632500709294 -55.736387639127685 -55.157829540403974 -54.413186289572884 -53.6356669321709 -55.370812987813856 -56.082049715768434 -55.80604410749589 -56.78898323978639 -56.78624898709935 -58.712586844461896 -59.183276532314174 -59.813813664118214 -59.63185506720662 -61.12637927034463 -62.2405413081098
-9999 -9999 -9999 -9999 -9999 -9999 -9999 -9999 -9999 -9999 -9999 -9999 -9999 -73.73901116496529 -71.65724402100734 -62.96258782925484 -57.317353753221816 -55.23609278949212 -54.13296448624932 -57.788234452574635 -53.87361475719007 -50.12044986167018 -49.37121062242196 -50.08830824560407 -51.40314633962762 -53.28041129525632 -56.3078848650074 -57.122977129196975 -56.37922838284175 -55.56464043527076 -56.501645483885156 -57.23833031061404 -56.759807826785746 -56.81786985954315 -56.7429536871471 -56.40953903228804 -54.73703525871858 -53.99173591641432 -52.951843125125436 -55.21967814694656 -57.316348886625825 -57.77258682797763 -58.07920541360954 -54.68424241450546 -9999 -9999 -9999 -9999 -9999 -9999 -9999 -9999
-9999 -9999 -9999 -9999 -9999 -9999 -9999 -9999 -9999 -9999 -9999 -9999 -9999 -74.22887174612521 -71.57083436099357 -65.5055093480657 -58.918288942786454 -52.50343455734425 -50.49920978926244 -50.41367404994901 -51.32673989159676 -52.465147176827365 -51.89012944055715 -51.5614768069719 -52.43423587397086 -53.70029862372419 -55.99386266451647 -56.799270916528634 -56.800147184797716 -56.45055308960345 -56.41320570864376 -56.45913965232617 -56.91124755938662 -56.81311773372187 -56.471130020235904 -54.727734447400685 -53.0994564311702 -52.77438723856136 -54.232688887799576 -56.89649205912371 -57.70543903974605 -9999 -9999 -9999 -9999 -9999 -9999 -9999 -9999 -9999 -9999 -9999
-9999 -9999 -9999 -9999 -9999 -9999 -9999 -9999 -9999 -9999 -9999 -9999 -79.61124209098077 -74.30540273135982 -67.79658859955751 -60.0299483364228 -53.328384149663705 -49.90871985913153 -50.392484190197976 -50.806335182696785 -52.50600115207527 -52.509134484179135 -53.812415563193035 -53.91985732181098 -53.787560750779846 -55.331182664202146 -56.09714739974906 -55.48297279656922 -54.248342402183205 -53.94776284055607 -54.313449969189264 -54.54184685652413 -54.76149430875151 -55.10433759143892 -55.23712703949746 -53.76194032677208 -53.76992550474318 -53.7682091206696 -55.65902472217397 -57.064815930565814 -56.984208820764245 -9999 -9999 -9999 -9999 -9999 -9999 -9999 -9999 -9999 -9999 -9999
-9999 -9999 -9999 -9999 -9999 -9999 -9999 -9999 -9999 -9999 -9999 -70.4258423482874 -70.39007310440375 -70.50116315718033 -68.96466782532268 -61.80305476926739 -54.095473454129326 -51.44743422823645 -51.48283555046186 -52.98301695572579 -54.29306556982751 -55.08949383744954 -55.79462959760328 -55.14238988636187 -55.81432986865485 -55.29989716877714 -56.069816477799826 -55.09909799607921 -53.88101846248044 -53.66946432505697 -53.59426375756522 -53.59632359983653 -53.373986293342284 -54.56511715662047 -55.179622346911394 -55.35885870458191 -55.364085813674876 -56.37046918167138 -56.153934522157535 -53.39258596379532 -9999 -9999 -9999 -9999 -9999 -9999 -9999 -9999 -9999 -9999 -9999 -9999
-9999 -9999 -9999 -9999 -9999 -9999 -9999 -9999 -9999 -9999 -65.81773435731239 -63.89364252950921 -62.71549922082318 -60.521177790427316 -56.414855394753396 -52.56185059884508 -53.3594231161759 -55.87826234937904 -56.14822995079923 -58.131320931516726 -58.560910633926134 -60.02262296871536 -59.62549674703394 -58.658814121513174 -58.101845648636996 -57.26513322715878 -56.43148923770508 -56.004853512919844 -56.36183565871994 -56.38001930116048 -56.22278350266212 -55.534189737368706 -54.77694831564181 -56.224053100404284 -56.23654742158311 -56.18594658074298 -56.2267771333758 -54.72867047666065 -53.48712652923503 -9999 -9999 -9999 -9999 -9999 -9999 -9999 -9999 -9999 -9999 -9999 -9999 -9999
-9999 -9999 -9999 -9999 -9999 -9999 -9999 -9999 -9999 -9999 -9999 -9999 -57.08163802890554 -55.54462859891347 -55.85866448808078 -55.86005666235714 -56.754231590386155 -57.62173351725786 -58.46281646952691 -59.21860849053757 -60.67333378194475 -61.29128930694925 -62.098924857414 -61.0859213774803 -60.001717454499854 -57.96618682488627 -55.8497801256076 -55.39786944737298 -55.035137782637605 -55.79030413954082 -55.79255065309656 -55.92988090874496 -54.373810601731456 -53.279538584495135 -53.087915455857384 -54.00883752689232 -56.57998153907406 -56.4088139373991 -54.365259197357645 -50.850663079810545 -9999 -9999 -9999 -9999 -9999 -9999 -9999 -9999 -9999 -9999 -9999 -9999
-9999 -9999 -9999 -9999 -9999 -9999 -9999 -9999 -9999 -9999 -9999 -60.29512404750873 -57.743467338917704 -55.26045760356446 -53.97011591871721 -54.82935874168642 -58.223583784680024 -60.621493741866786 -61.746069784491 -61.391492211568526 -62.286545643702595 -62.12773351111273 -62.395854285341855 -60.8175831828392 -59.41193166938049 -59.16591110419241 -58.07898705531834 -57.924675215253394 -57.37902425247889 -56.21765572424197 -55.491142576785705 -54.967998939058894 -53.53630727033895 -53.299249483867314 -53.29761501314622 -54.85101290557136 -58.05863187829814 -57.371267290764884 -53.96731575274857 -9999 -9999 -9999 -9999 -9999 -9999 -9999 -9999 -9999 -9999 -9999 -9999 -9999
-9999 -9999 -9999 -9999 -9999 -73.89913334601582 -72.33451965962206 -70.09342388440099 -68.48871366328011 -62.556064156024924 -56.03499783178374 -54.59866958117976 -54.59841363654261 -55.426600713354816 -55.36568533957754 -55.500869298597145 -57.727813833270815 -60.234466126128595 -62.223444095736724 -62.148157389730045 -61.82802711153136 -61.766350130538214 -61.22819908794249 -61.27128949263866 -60.85821939312115 -59.37464730700673 -58.605668897432956 -59.13526036576853 -58.54688065277294 -57.630433853151246 -57.42220073629977 -55.965750571763145 -55.563048581073616 -54.685523886939585 -54.37894240424959 -54.63497779984149 -54.208328194937934 -51.67775545649451 -9999 -9999 -9999 -9999 -9999 -9999 -9999 -9999 -9999 -9999 -9999 -9999 -9999 -9999
-9999 -9999 -9999 -9999 -69.75871105730614 -68.18919434318016 -64.3371132267307 -60.05917671733035 -58.086817921129395 -57.37367286643546 -56.8465781262179 -55.720529381316716 -56.04529765313491 -57.6253641953647 -59.64513203625154 -61.14322496669533 -62.131778368280905 -63.20187363566434 -62.70626955968749 -63.24735175138216 -61.69053882912794 -59.968471864732344 -58.94738735544299 -59.781138564238404 -58.98819494121739 -58.70751155260341 -59.63191578647165 -60.5034172146744 -58.63312158890329 -58.10991928047406 -58.056711549113324 -57.15222758404792 -56.646110665732266 -54.86588447631798 -51.67612837180572 -9999 -9999 -9999 -9999 -9999 -9999 -9999 -9999 -9999 -9999 -9999 -9999 -9999 -9999 -9999 -9999 -9999
-9999 -9999 -9999 -65.13737223811736 -60.21908070890835 -56.99487258526713 -55.92673873450211 -54.821178442241106 -54.8315620905705 -55.032478818979314 -56.12257241830516 -59.53632293432288 -60.97587261010951 -61.89564181800765 -62.54100631547786 -63.193175679713534 -63.19195396239031 -63.46094687771274 -63.17390266173118 -62.77574379939204 -61.91295865545464 -60.10911862415514 -58.60976867336627 -59.00062241246775 -58.55016150149024 -58.10873367425985 -56.234426206134025 -56.00215707267167 -55.27990707299706 -53.103070698092786 -50.42460683894866 -9999 -9999 -9999 -9999 -9999 -9999 -9999 -9999 -9999 -9999 -9999 -9999 -9999 -9999 -9999 -9999 -9999 -9999 -9999 -9999 -9999
-9999 -9999 -9999 -68.80755858109121 -63.748424074835704 -54.73993453687647 -51.7814249187955 -50.24782807501912 -50.69646329938402 -51.23986472119206 -52.22574250865383 -54.42651842161965 -58.70431082848839 -60.7388919143429 -61.509603980637166 -62.863183450257885 -62.44174635908097 -63.30378500129729 -62.2027051548304 -62.054530290179024 -61.27666980029069 -60.07151640294561 -58.660141060965344 -58.60897246857702 -58.52866422235942 -57.34112624045821 -55.16214393671317 -53.587672796590354 -51.77466117989868 -9999 -9999 -9999 -9999 -9999 -9999 -9999 -9999 -9999 -9999 -9999 -9999 -9999 -9999 -9999 -9999 -9999 -9999 -9999 -9999 -9999 -9999 -9999
-9999 -9999 -9999 -71.14814308984862 -70.32623827685993 -65.67488152673121 -54.29477625507194 -51.072175240699565 -53.291730800435865 -55.13794960042484 -56.896946303122384 -57.051285203851 -57.676384465033074 -60.13820478665637 -59.994929967372464 -60.61856755878892 -61.24468906072397 -61.95906639771989 -61.53799818034936 -61.26568729169029 -61.1387980921135 -59.110086933633916 -58.59057034853913 -57.382785209793816 -55.21056947535551 -54.65666730786247 -51.86366719176422 -49.1352229507133 -9999 -9999 -9999 -9999 -9999 -9999 -9999 -9999 -9999 -9999 -9999 -9999 -9999 -9999 -9999 -9999 -9999 -9999 -9999 -9999 -9999 -9999 -9999 -9999
-9999 -9999 -9999 -63.47817333098578 -58.85225084725511 -53.71932637275406 -52.95398964556057 -55.08239973606398 -56.19933407428177 -57.509774186201675 -57.08346358270907 -56.802089544034615 -56.56621886654639 -58.305121427383305 -60.749216273226175 -60.62059400297478 -59.93982309615284 -60.37693915935933 -59.88670925997347 -60.194073305232465 -58.7480583598596 -57.90560185653364 -57.1054918025199 -56.38609166467585 -55.564888603361524 -52.89968536407793 -48.41567358048031 -9999 -9999 -9999 -9999 -9999 -9999 -9999 -9999 -9999 -9999 -9999 -9999 -9999 -9999 -9999 -9999 -9999 -9999 -9999 -9999 -9999 -9999 -9999 -9999 -9999
-9999 -9999 -9999 -9999 -55.76369371846565 -52.664252369013994 -52.31606699289063 -52.383943271813294 -53.2027960492803 -54.39280895170087 -53.47490694636016 -53.70622393538171 -57.713137691435115 -57.87087619573538 -58.93141413674903 -60.14465559805697 -60.8256343406068 -61.21205907037055 -59.990280128038656 -57.95529658456769 -55.5414472452312 -54.087220429528436 -53.26780205796429 -49.716009799011964 -9999 -9999 -9999 -9999 -9999 -9999 -9999 -9999 -9999 -9999 -9999 -9999 -9999 -9999 -9999 -9999 -9999 -9999 -9999 -9999 -9999 -9999 -9999 -9999 -9999 -9999 -9999 -9999
-9999 -9999 -9999 -9999 -55.14878699421546 -57.78985833180804 -57.4129000173831 -55.70827442976334 -54.56668625237968 -53.31583104330145 -55.369310642463724 -57.36141583818397 -58.8478834522964 -58.03894377921149 -58.258328854524066 -58.76569489736286 -59.2112359305766 -59.28844437645086 -59.060215405646936 -57.618844872225935 -57.15865055262705 -56.084629792638566 -53.09406452019763 -48.549304274991904 -36.28432493066312 -9999 -9999 -9999 -9999 -9999 -9999 -9999 -9999 -9999 -9999 -9999 -9999 -9999 -9999 -9999 -9999 -9999 -9999 -9999 -9999 -9999 -9999 -9999 -9999 -9999 -9999 -9999
-9999 -9999 -9999 -9999 -57.516308586224184 -57.06522115204947 -57.40430334924285 -58.81477457183375 -59.543385812961226 -58.32895277412708 -56.898785432786035 -57.29879254157657 -57.13856226248753 -57.12871985802797 -57.2801609314467 -58.81902992460912 -59.305790039137754 -58.748253837146336 -57.47390937704417 -57.052464022615354 -55.38097199115153 -54.349656674827074 -53.774014530981596 -50.76346470530938 -9999 -9999 -9999 -9999 -9999 -9999 -9999 -9999 -9999 -9999 -9999 -9999 -9999 -9999 -9999 -9999 -9999 -9999 -9999 -9999 -9999 -9999 -9999 -9999 -9999 -9999 -9999 -9999
