metrics/grid_rasters/ASCAT 12.5 TS/grideval_ASCAT 12.5 TS_Y_2018_absolute_bias.asc
ncols 52
nrows 55
xllcorner     11.25
yllcorner     55.25
cellsize      0.25
NODATA_value  -9999
[rows 0 to 28 of 55, columns 0 to 51 of 52]
-9999 -9999 -9999 -9999 -9999 -9999 -9999 -9999 -9999 -9999 -9999 -9999 -9999 -9999 -9999 -9999 -9999 -9999 -9999 -9999 -9999 -9999 -9999 -9999 -9999 -9999 -9999 -9999 -9999 -9999 -9999 -9999 -9999 -9999 -9999 -9999 -67.90138462494183 -67.50869846715463 -67.83511251221229 -9999 -9999 -9999 -9999 -9999 -9999 -9999 -9999 -9999 -9999 -9999 -9999 -9999
-9999 -9999 -9999 -9999 -9999 -9999 -9999 -9999 -9999 -9999 -9999 -9999 -9999 -9999 -9999 -9999 -9999 -9999 -9999 -9999 -9999 -9999 -9999 -9999 -9999 -9999 -9999 -9999 -9999 -9999 -9999 -9999 -9999 -9999 -9999 -9999 -65.42930765068014 -70.50031022874501 -70.39405103998527 -67.41873007782101 -63.78343807643121 -63.7843419145465 -9999 -9999 -9999 -9999 -9999 -9999 -9999 -9999 -9999 -9999
-9999 -9999 -9999 -9999 -9999 -9999 -9999 -9999 -9999 -9999 -9999 -9999 -9999 -9999 -9999 -9999 -9999 -9999 -9999 -9999 -9999 -9999 -9999 -9999 -9999 -9999 -9999 -64.86679661796849 -64.91341382018618 -66.80653877588816 -65.80186008663287 -60.57202276764054 -52.08334859765264 -50.370971365063966 -9999 -54.337620405565474 -61.40100447202715 -67.74085507321887 -68.74714994511919 -66.54443892521901 -66.54745533132646 -64.19651035575876 -62.455272524845036 -60.552116315381056 -60.23663832021336 -60.23881196001538 -9999 -9999 -9999 -9999 -9999 -9999
-9999 -9999 -9999 -9999 -9999 -9999 -9999 -9999 -9999 -9999 -9999 -9999 -9999 -9999 -9999 -9999 -9999 -9999 -9999 -9999 -9999 -9999 -9999 -9999 -9999 -9999 -9999 -69.35049331988364 -71.68277361402625 -70.44461176665037 -63.4174945425517 -53.295712081988896 -53.35639185312346 -48.192890790628226 -49.06018763821148 -53.02394051339882 -56.237383333439105 -58.9628840504714 -58.96344902365836 -60.833519092604654 -60.92024777941272 -59.783492690563676 -59.8082194504978 -58.19024065911525 -58.192616287898424 -58.34039566427195 -58.6400556042665 -59.785041231819534 -9999 -9999 -9999 -9999
-9999 -9999 -9999 -9999 -9999 -9999 -9999 -9999 -9999 -9999 -9999 -9999 -9999 -9999 -9999 -9999 -9999 -9999 -9999 -9999 -9999 -9999 -71.41955594622 -74.62025002513462 -73.36288048524446 -72.3626256945837 -72.35729622152186 -73.78825186487045 -71.2797100297793 -69.92289126560989 -68.71200802383915 -62.2390869126805 -58.06543340191153 -53.497961340146205 -53.886191753408276 -54.60342639737358 -53.65356972680747 -53.74829143598495 -53.45936434917168 -52.90757948200881 -53.6820668781564 -55.8989369227678 -56.47282675674408 -55.510685310245655 -56.103388168209584 -56.62893743592625 -58.10184981214487 -61.475631855989405 -63.21315082878381 -9999 -9999 -9999
-9999 -9999 -9999 -9999 -9999 -9999 -9999 -9999 -9999 -9999 -9999 -9999 -9999 -9999 -9999 -9999 -9999 -9999 -9999 -9999 -9999 -75.85819042486573 -75.85982693128456 -76.95973967624822 -74.94090797829902 -72.50746673312267 -66.63123031584843 -62.637225164212076 -59.37038370609603 -59.37280267346581 -59.26562681316039 -60.73147923306245 -61.39336734428411 -61.41412407636106 -59.08346066076614 -55.6274827748265 -55.62836481411581 -52.65429205642318 -52.80867054781115 -54.71264344947303 -56.25307229717914 -57.73904881898721 -57.74021417984355 -60.3873094911745 -61.233379674651566 -62.28279629151432 -63.08379730842096 -64.21076485582354 -62.91637072401369 -9999 -9999 -9999
-9999 -9999 -9999 -9999 -9999 -9999 -9999 -9999 -9999 -9999 -9999 -9999 -9999 -9999 -9999 -9999 -9999 -9999 -9999 -9999 -72.81853623571008 -75.39702682362376 -74.89355803903288 -75.39480869324774 -75.10139206721225 -69.36546967157764 -69.36449414337582 -62.029990590281365 -55.607522582659065 -52.40548074050334 -53.13356360736503 -55.91289506889902 -57.84544889040357 -57.847617974639284 -58.18082985224853 -55.789072357287885 -53.24095782747619 -51.46647900780468 -53.61638460054464 -54.57885062016228 -54.5769432878652 -56.4963510383181 -58.559374188963204 -60.515996658753856 -62.787346566212385 -64.35668502152733 -64.67102650622971 -64.67451138703754 -64.92686011818857 -63.832692968699206 -9999 -9999
-9999 -9999 -9999 -9999 -9999 -9999 -9999 -9999 -9999 -9999 -9999 -9999 -9999 -9999 -9999 -9999 -9999 -9999 -9999 -9999 -9999 -69.61790496936347 -68.49115311559339 -68.49111400398492 -68.51633029444933 -66.41953322133513 -63.065582312453444 -60.772487205156075 -58.78881555066551 -57.831514067514284 -57.77427251702375 -55.032014873396214 -55.57874363597778 -56.65675081807662 -57.21748937791606 -56.50008550762378 -55.02062833306443 -54.42712569462574 -54.42999066372588 -55.33706179905585 -56.20311799986525 -57.615753801585825 -59.060959364524315 -61.16738255740874 -62.1710769297596 -62.17179573737089 -63.190764243681066 -64.10821377146333 -63.94250971933658 -9999 -9999 -9999
-9999 -9999 -9999 -9999 -9999 -9999 -9999 -9999 -9999 -9999 -9999 -9999 -9999 -9999 -9999 -9999 -9999 -9999 -9999 -68.92411488802622 -71.02633691871989 -71.75704402560314 -70.28378518315962 -68.87077323969481 -65.43825211845589 -60.015480433590746 -54.6163955416469 -54.615065151074354 -52.55038535693717 -53.400960591588365 -54.106932503795655 -53.92024998190442 -54.50980718458683 -55.4834886651705 -56.99266172190668 -56.99175725743528 -58.03041016645315 -58.166970469496185 -57.964560756306476 -57.353605230391686 -57.48830380405215 -58.397668991999396 -60.676585021418994 -60.67755546766965 -60.525010547068774 -61.11559486496397 -62.367733619113295 -62.933314318882616 -63.206699561926214 -62.6700955099701 -62.52567661484318 -9999
-9999 -9999 -9999 -9999 -9999 -9999 -9999 -9999 -9999 -9999 -9999 -9999 -9999 -9999 -9999 -9999 -9999 -9999 -72.41014150077538 -69.6582510804579 -68.35153814089287 -67.43938640871575 -66.90116613478109 -64.97034573303817 -63.192902257658126 -61.296439937126074 -61.30255787089245 -59.20767113487278 -57.33731396195481 -55.63093330757574 -54.92626056967831 -56.03783786415914 -58.13490606476846 -59.82543899461639 -61.339939607903005 -61.339736420461186 -62.772990663534614 -63.76147662728686 -63.42282388937293 -62.96722902636221 -60.7307471892641 -59.69933967839889 -60.93079698940696 -61.82138539377212 -61.82365370847851 -62.821315433287495 -62.631219426787936 -62.51018454573479 -62.87461968968207 -62.23144677954419 -61.74696919339242 -9999
-9999 -9999 -9999 -9999 -9999 -9999 -9999 -9999 -9999 -9999 -9999 -9999 -9999 -9999 -9999 -9999 -9999 -73.51719120995575 -71.62751856606037 -68.01392579273005 -62.81424910746063 -61.889358374283525 -61.89043089029444 -60.97165201932057 -59.54745562460845 -58.14501006089749 -57.334870730894366 -56.43306044916796 -56.253593791982325 -55.734284497925074 -54.523788942196504 -54.52683981331894 -53.78823334439014 -55.44415427907033 -57.83422231210711 -59.764699860655696 -61.66654746042636 -62.4854214373756 -63.48097231057167 -63.607786815937814 -63.41585481428732 -63.41550140218165 -64.11469765613334 -64.41497524070445 -64.32418351466914 -63.202412917323464 -62.183686493185064 -62.59225615141571 -62.408631488882335 -62.97277907266467 -9999 -9999
-9999 -9999 -9999 -9999 -9999 -9999 -9999 -9999 -9999 -9999 -9999 -9999 -9999 -68.10237538685432 -68.58200022842273 -71.0617184733992 -73.46102214960452 -73.46275682005408 -72.4896661375828 -69.87499712367811 -64.9725118794456 -61.24278086113864 -59.02914689828972 -57.31207181845158 -57.00955836672818 -58.46483464407303 -58.08249298834837 -58.080951671742675 -58.40398195827027 -58.55567110395712 -59.92119267384311 -60.6632681275128 -59.78672769930246 -59.62751904831799 -60.748119867241705 -63.423710203278226 -63.99540289297588 -65.06146720823124 -65.06146623401945 -65.05077268120671 -64.05993510593447 -63.76779420287985 -64.0868440141369 -63.21580800045562 -63.07627282636779 -63.83789191302196 -63.77776171969875 -64.70115951428627 -64.70050300398171 -66.22386781363964 -64.86428155365276 -9999
-9999 -9999 -9999 -9999 -9999 -9999 -9999 -9999 -9999 -9999 -9999 -9999 -9999 -67.26569018091821 -66.77173767984759 -68.15669344886724 -69.17402392050094 -70.11720177692592 -68.1964726157256 -65.1645796463658 -60.89293334294094 -58.23043822491129 -57.23267169815901 -57.233673277995884 -57.829499969580795 -58.88776168173792 -60.96845954169609 -61.89099159847475 -61.88279360905175 -63.290764598205755 -64.34433037572515 -65.59028929109662 -66.01774266532081 -67.07968961480915 -67.0834489786719 -67.03507110343817 -66.31033277591014 -66.57287029163098 -66.79483029947622 -66.3095475236866 -65.12205788525107 -64.75355292324572 -64.33980798147319 -62.85497283149248 -63.05125511641233 -63.05094062287904 -64.75566367417473 -66.31000520531815 -67.67169523351266 -67.70150538760427 -68.28776229381353 -68.12823705897281
-9999 -9999 -9999 -9999 -9999 -9999 -9999 -9999 -9999 -9999 -9999 -9999 -9999 -67.69704860935589 -67.26117938321492 -62.327507977312145 -60.18034022458032 -59.7898946120641 -59.803118181591614 -61.69775703993447 -60.00553350901218 -58.71738640130209 -59.08999384479788 -59.828464203062204 -62.4714141936481 -63.27943465785336 -66.34794259906533 -67.369609710279 -67.32574778773603 -67.33716168406605 -68.00444521122263 -68.49925612930839 -67.99879841094686 -68.2138505172055 -68.43425141009982 -68.14467761694758 -66.64816340598328 -66.99084759515375 -66.20751834425184 -67.64211452310741 -68.2968087212222 -67.29943703445787 -65.6793433041223 -60.44257299644775 -9999 -9999 -9999 -9999 -9999 -9999 -9999 -9999
-9999 -9999 -9999 -9999 -9999 -9999 -9999 -9999 -9999 -9999 -9999 -9999 -9999 -69.21596261640673 -67.62645488903019 -64.39350024442021 -60.54019630346559 -57.40068645327249 -57.26442918841778 -58.936208900301544 -61.56483947947057 -64.03316686177871 -64.24416028417687 -64.38720266323266 -64.67764652172852 -66.659544032277 -68.91223830241739 -69.8991711316286 -69.89922392386467 -69.352821060481 -69.18653232561093 -68.90438412854076 -69.1697008032531 -69.2643502985289 -69.08394293271151 -68.36361379959955 -67.10776235892112 -66.389401731997 -67.20892852234309 -68.61661123227178 -68.9768836381938 -9999 -9999 -9999 -9999 -9999 -9999 -9999 -9999 -9999 -9999 -9999
-9999 -9999 -9999 -9999 -9999 -9999 -9999 -9999 -9999 -9999 -9999 -9999 -72.93417535972544 -69.37816006251686 -65.43730665936265 -60.57349246562804 -57.03037154337573 -55.95320390884367 -58.029396459600534 -59.53623358415848 -62.7115327338164 -62.71184610773282 -64.70842458198715 -64.88381493905521 -65.64482734115525 -67.26847083817161 -69.41087664276802 -70.68065192779666 -70.57360001406305 -70.51108730768895 -70.48826042005292 -70.4345479358476 -71.01457116950854 -70.65545406440579 -70.67212528401822 -69.27068409163559 -68.27814313340062 -68.27885662508393 -69.4071758828943 -69.40615864060574 -68.55270099682221 -9999 -9999 -9999 -9999 -9999 -9999 -9999 -9999 -9999 -9999 -9999
-9999 -9999 -9999 -9999 -9999 -9999 -9999 -9999 -9999 -9999 -9999 -66.12514706367907 -66.09386307576304 -66.62602369872567 -66.6802686212843 -61.7108554658059 -57.233853985601385 -57.30347711308123 -58.27018113745071 -60.4496446080401 -62.24324474571331 -63.25601130938095 -64.37309993566072 -64.45649688355456 -65.95979375159841 -67.25247744716097 -70.20033808057569 -71.4289182655781 -71.73756603292249 -72.07563431492525 -71.87664130390584 -71.87670152869647 -70.90626550931583 -71.40706238001515 -71.76531016668305 -71.88061901678074 -70.35993815460861 -70.16124051574563 -68.85645393167458 -63.71879540095808 -9999 -9999 -9999 -9999 -9999 -9999 -9999 -9999 -9999 -9999 -9999 -9999
-9999 -9999 -9999 -9999 -9999 -9999 -9999 -9999 -9999 -9999 -64.71866093957021 -63.223265428145815 -62.127855432783115 -60.559670503755854 -58.60944261922536 -57.67154368734726 -59.3562798785808 -61.6292932446622 -62.039800712494014 -65.4069209398421 -66.93335396148447 -69.05164521413957 -69.68946927287575 -67.70261464753371 -67.11609654439417 -65.90381867199946 -66.61939184089553 -67.98306009697225 -70.52455164548799 -72.5702583833099 -73.02490283231161 -72.71937116296965 -71.95878840917155 -72.65855669459191 -72.37879635338795 -71.36667525704804 -70.6052999862593 -67.9443381404769 -64.83920957592119 -9999 -9999 -9999 -9999 -9999 -9999 -9999 -9999 -9999 -9999 -9999 -9999 -9999
-9999 -9999 -9999 -9999 -9999 -9999 -9999 -9999 -9999 -9999 -9999 -9999 -60.24158499163322 -60.7112106205657 -62.71120600398382 -62.712775031263675 -64.97549870555696 -66.77704504131128 -67.88551865176052 -68.5127743525621 -69.86576962953598 -69.85631212840012 -71.77934597320848 -72.10721894395881 -71.15475134774805 -70.74359927415992 -69.76246365592391 -69.53730649948206 -68.78873903303557 -70.00341064550473 -71.61927661514802 -72.17833612018552 -71.40077569152893 -70.83591050798402 -69.90637869224692 -70.28871412393248 -71.00812929054358 -69.10350571086039 -64.60938866312155 -58.75675283224 -9999 -9999 -9999 -9999 -9999 -9999 -9999 -9999 -9999 -9999 -9999 -9999
-9999 -9999 -9999 -9999 -9999 -9999 -9999 -9999 -9999 -9999 -9999 -60.66511894878593 -59.317659090112286 -58.630234537234756 -59.309864739375726 -61.702635514945975 -65.61760427844413 -68.3222824125143 -69.76820384951215 -69.80284094734293 -70.44503822201338 -71.09174927766418 -72.38198304657679 -71.62699967692251 -71.81752115716469 -72.69243534567944 -72.63540945483288 -72.3649555741422 -72.58650109538925 -72.10936905255835 -71.70393788084695 -71.47679182205479 -71.20592624336459 -70.354841513236 -70.35381636285526 -70.37412932755444 -72.31134181149588 -70.04119215758531 -64.55793534251072 -9999 -9999 -9999 -9999 -9999 -9999 -9999 -9999 -9999 -9999 -9999 -9999 -9999
-9999 -9999 -9999 -9999 -9999 -69.85379898678175 -68.07852189208589 -65.85441747037363 -64.59242474670661 -61.03227329650311 -59.045229653999904 -60.51536633698596 -60.514986504258395 -61.31969635208826 -61.26070786486279 -61.750418385937564 -63.594193536834 -66.71707287043843 -69.08175437644314 -69.54779623964563 -70.03110687233448 -71.07767842492105 -71.59849481565223 -72.39258361690743 -72.65751309129534 -72.12009093209227 -72.21943965049688 -72.65772833841051 -72.45857711350844 -72.53073876320852 -72.19171050150591 -71.60907419111412 -71.17658815340181 -70.01052430789039 -68.92546538326721 -67.7076484221667 -65.0883357567836 -58.99584492283199 -9999 -9999 -9999 -9999 -9999 -9999 -9999 -9999 -9999 -9999 -9999 -9999 -9999 -9999
-9999 -9999 -9999 -9999 -69.23478274788597 -67.79094589258911 -64.45015233058768 -62.95648459548242 -61.82650272993243 -62.00268306331522 -61.90535819695396 -61.665082377972816 -61.4145281697452 -62.74482135572993 -64.30458876130551 -64.83630079649502 -66.2308496467209 -67.95819380154327 -67.99332793256532 -69.70091719611996 -70.41905061231958 -71.72780690120969 -71.7735720465202 -73.11058922739645 -72.72266979550174 -72.09559062538193 -72.53211202293734 -73.16170820559269 -72.21326509729994 -70.728848987972 -70.71564900612307 -69.37495034177645 -68.34499051110568 -66.38142768203798 -62.82718415212319 -9999 -9999 -9999 -9999 -9999 -9999 -9999 -9999 -9999 -9999 -9999 -9999 -9999 -9999 -9999 -9999 -9999
-9999 -9999 -9999 -64.38310492507388 -61.50905330079104 -60.32306836667603 -60.19317570698089 -59.561959570118646 -59.88861937283994 -60.48379222567757 -61.0647498674251 -63.706068764840566 -64.44369835184352 -65.54289421215998 -66.60807698813008 -67.9509031936596 -67.9979854989234 -68.47246785923065 -68.26396297846647 -68.52667151399707 -69.23947898344447 -69.83122439469031 -70.27349252284478 -71.61468092327466 -71.90877308025209 -71.09787345802367 -68.45191842939481 -67.01359675862724 -65.5735383304183 -61.575072345284575 -56.206524708172424 -9999 -9999 -9999 -9999 -9999 -9999 -9999 -9999 -9999 -9999 -9999 -9999 -9999 -9999 -9999 -9999 -9999 -9999 -9999 -9999 -9999
-9999 -9999 -9999 -65.43058781238153 -60.15567436391819 -51.99087861283082 -50.21780022850922 -51.22012330587515 -52.93919665964911 -53.99972838378231 -54.55782272753233 -55.72621641076804 -59.33793285512878 -61.93159405744735 -64.43265327771529 -66.76517127724081 -67.11436518044226 -68.52061699564358 -67.76310296028537 -67.9936009290696 -68.41211141376587 -68.40132317986013 -68.8976438610902 -70.19826677010636 -71.20826744164155 -69.89439811953379 -67.53673318787574 -65.32893014106875 -61.663661769419754 -9999 -9999 -9999 -9999 -9999 -9999 -9999 -9999 -9999 -9999 -9999 -9999 -9999 -9999 -9999 -9999 -9999 -9999 -9999 -9999 -9999 -9999 -9999
-9999 -9999 -9999 -67.10906129471086 -66.6235257923432 -62.77033113072896 -54.713040785398405 -52.36763158030981 -55.04725948451396 -56.83605456378453 -57.47615318697255 -56.36025028212786 -58.3477356512857 -62.176351728388504 -63.30764518032014 -64.9275317580231 -65.97504955669804 -67.08632446984106 -67.52155767951179 -68.07639781154678 -69.09406895187401 -68.75931930589513 -70.11588409729828 -70.50591876628117 -68.29505387296592 -66.65583991462401 -62.52557843939946 -56.524747159536155 -9999 -9999 -9999 -9999 -9999 -9999 -9999 -9999 -9999 -9999 -9999 -9999 -9999 -9999 -9999 -9999 -9999 -9999 -9999 -9999 -9999 -9999 -9999 -9999
-9999 -9999 -9999 -63.065280081296336 -60.42096515288705 -57.88919567522703 -57.18069355465749 -58.24183934967406 -59.23130344380521 -59.3965553196568 -58.875855492881044 -58.405028259518936 -57.47495305385008 -59.7848975899719 -63.94742206235085 -65.09407009160672 -65.32173012964428 -66.09017238195885 -66.55112379136429 -67.06748021835871 -66.67830160375603 -67.53774908720412 -68.92850557055715 -68.86374597701759 -68.07926559085077 -64.59221675244697 -58.753305197215795 -9999 -9999 -9999 -9999 -9999 -9999 -9999 -9999 -9999 -9999 -9999 -9999 -9999 -9999 -9999 -9999 -9999 -9999 -9999 -9999 -9999 -9999 -9999 -9999 -9999
-9999 -9999 -9999 -9999 -57.915362339649846 -57.764599419700566 -57.976414795037705 -58.50918792348899 -59.0334840309506 -59.61677170078456 -58.56179434678246 -58.082966384586534 -60.06904763735237 -61.11200130992452 -63.47955692425242 -65.4592499815017 -66.50530113358516 -66.94405104901085 -66.49930198337012 -65.61133913860536 -65.11246047594658 -65.09278457610812 -65.50895367490017 -62.34453463337713 -9999 -9999 -9999 -9999 -9999 -9999 -9999 -9999 -9999 -9999 -9999 -9999 -9999 -9999 -9999 -9999 -9999 -9999 -9999 -9999 -9999 -9999 -9999 -9999 -9999 -9999 -9999 -9999
-9999 -9999 -9999 -9999 -56.86655515129646 -58.020869508778105 -58.471991395060385 -58.910182947731606 -58.213962714737356 -58.142413243837574 -60.17041927053998 -61.36612207996699 -62.18298641469162 -61.85893654557179 -62.97221176115107 -64.34906375501804 -65.74085508602464 -66.51598229362209 -67.48586825130786 -68.23766813216739 -69.36679433344813 -68.83007417013701 -66.47435410776683 -62.75077547893176 -48.20977170736868 -9999 -9999 -9999 -9999 -9999 -9999 -9999 -9999 -9999 -9999 -9999 -9999 -9999 -9999 -9999 -9999 -9999 -9999 -9999 -9999 -9999 -9999 -9999 -9999 -9999 -9999 -9999
-9999 -9999 -9999 -9999 -59.9893898123245 -59.026097027598865 -59.652765837537174 -60.13553341781454 -59.281086125232314 -58.54374058036378 -58.557077643291706 -60.54100760957331 -63.11409239844282 -63.65892185956911 -64.43484326556118 -66.15731630357571 -67.72056754401537 -68.73176118146823 -69.3832057331666 -69.94653683905094 -69.53563360453401 -68.81692753844126 -67.81728346578038 -64.85432169766096 -9999 -9999 -9999 -9999 -9999 -9999 -9999 -9999 -9999 -9999 -9999 -9999 -9999 -9999 -9999 -9999 -9999 -9999 -9999 -9999 -9999 -9999 -9999 -9999 -9999 -9999 -9999 -9999
