metrics/grid_rasters/ASCAT 12.5 TS/grideval_ASCAT 12.5 TS_all_absolute_bias.asc
ncols 52
nrows 55
xllcorner     11.25
yllcorner     55.25
cellsize      0.25
NODATA_value  -9999
[rows 0 to 28 of 55, columns 0 to 51 of 52]
-9999 -9999 -9999 -9999 -9999 -9999 -9999 -9999 -9999 -9999 -9999 -9999 -9999 -9999 -9999 -9999 -9999 -9999 -9999 -9999 -9999 -9999 -9999 -9999 -9999 -9999 -9999 -9999 -9999 -9999 -9999 -9999 -9999 -9999 -9999 -9999 -67.03066146916969 -66.63753828159192 -66.76243084495486 -9999 -9999 -9999 -9999 -9999 -9999 -9999 -9999 -9999 -9999 -9999 -9999 -9999
-9999 -9999 -9999 -9999 -9999 -9999 -9999 -9999 -9999 -9999 -9999 -9999 -9999 -9999 -9999 -9999 -9999 -9999 -9999 -9999 -9999 -9999 -9999 -9999 -9999 -9999 -9999 -9999 -9999 -9999 -9999 -9999 -9999 -9999 -9999 -9999 -64.88204509879435 -70.01292663807797 -70.09910573201975 -67.48301133999378 -64.06858510636647 -64.06852645625246 -9999 -9999 -9999 -9999 -9999 -9999 -9999 -9999 -9999 -9999
-9999 -9999 -9999 -9999 -9999 -9999 -9999 -9999 -9999 -9999 -9999 -9999 -9999 -9999 -9999 -9999 -9999 -9999 -9999 -9999 -9999 -9999 -9999 -9999 -9999 -9999 -9999 -61.40637479110942 -61.45146524947606 -63.662717728672646 -63.127178117716596 -59.07360988794342 -51.66505990527386 -50.243977324734345 -9999 -54.53399358876179 -61.56350184118407 -68.27467422057224 -69.56958486284682 -67.65787577694853 -67.65948028115011 -65.28786703670943 -63.230476175106716 -61.0294790576739 -60.7071640240472 -60.70814464081828 -9999 -9999 -9999 -9999 -9999 -9999
-9999 -9999 -9999 -9999 -9999 -9999 -9999 -9999 -9999 -9999 -9999 -9999 -9999 -9999 -9999 -9999 -9999 -9999 -9999 -9999 -9999 -9999 -9999 -9999 -9999 -9999 -9999 -64.88328303432016 -67.6363849672292 -67.2488333751334 -61.070408508036095 -51.70632692846676 -51.76383664596996 -46.82110121776753 -48.367067947751885 -52.95334794058189 -56.576495119549676 -59.606834996966114 -59.60696255921473 -62.14013470445033 -62.25137353371246 -60.602711620611935 -60.2508894832031 -58.32414678509127 -58.3253397212155 -57.96140679738534 -58.41147252159292 -59.763789656886274 -9999 -9999 -9999 -9999
-9999 -9999 -9999 -9999 -9999 -9999 -9999 -9999 -9999 -9999 -9999 -9999 -9999 -9999 -9999 -9999 -9999 -9999 -9999 -9999 -9999 -9999 -68.00088547727833 -71.66818656381108 -70.13743851225064 -68.93707185330949 -69.02204538519278 -71.29015851667344 -70.67711460066944 -70.07422718705746 -67.97451777340876 -61.581266750921344 -57.02863044887783 -52.3395947209492 -52.59501951684614 -53.714101172883346 -52.85703913546094 -53.5008158243235 -54.18094627510821 -54.20984215338507 -54.65447342329423 -56.852726894980286 -57.47068296923096 -56.43304311681268 -56.49981063404211 -56.83007902316267 -58.37298304435997 -61.871033185867965 -64.35826216334111 -9999 -9999 -9999
-9999 -9999 -9999 -9999 -9999 -9999 -9999 -9999 -9999 -9999 -9999 -9999 -9999 -9999 -9999 -9999 -9999 -9999 -9999 -9999 -9999 -71.80247056838951 -71.80497286891027 -73.3453413488419 -71.40459238832244 -69.52157626601861 -64.532455502378 -61.90333095626953 -59.348544182455704 -59.35023847499801 -59.31594592825385 -60.757891390290744 -61.3442122164793 -61.3960595935825 -59.144994343866536 -55.73664846838503 -55.736792548345186 -52.823191486536615 -52.931232045540284 -54.825258605501105 -56.451802470293764 -57.95149835445418 -57.95208762566824 -60.86119172470953 -62.36617368233179 -63.48754604711785 -64.61096870853943 -66.20758204800926 -65.68774690117917 -9999 -9999 -9999
-9999 -9999 -9999 -9999 -9999 -9999 -9999 -9999 -9999 -9999 -9999 -9999 -9999 -9999 -9999 -9999 -9999 -9999 -9999 -9999 -68.07305744026992 -71.59678844915094 -72.00343407536278 -73.50324135800108 -73.95699392378351 -68.60329253318449 -68.60277608669278 -61.302773378592576 -55.417062556780216 -52.419044100693114 -53.01956381410509 -55.42606732619463 -57.41608212392996 -57.415999297003566 -58.152396538605814 -56.066510836450405 -53.894526095594905 -52.12302693023591 -54.017977415820134 -55.33716830052413 -55.33564498031662 -57.0619591178636 -59.00842359320949 -61.717150353167604 -64.85629209854643 -67.01673205192104 -67.74165398809991 -67.74283845614764 -68.26875406595214 -67.8761019800514 -9999 -9999
-9999 -9999 -9999 -9999 -9999 -9999 -9999 -9999 -9999 -9999 -9999 -9999 -9999 -9999 -9999 -9999 -9999 -9999 -9999 -9999 -9999 -67.50550472157389 -67.69901109120264 -67.69995127758696 -68.80557132933886 -67.19315835357051 -63.26410103684784 -61.04530605905917 -58.89329675679976 -57.59314863973025 -57.5349739344151 -54.349073612763156 -54.27980058070939 -55.669741079096184 -56.69187591024829 -56.355579006532174 -55.16225648276885 -54.57275269753722 -54.57346550663293 -55.991395291561076 -57.587130495723365 -59.386340400128354 -61.199677709310286 -63.88451106239107 -65.25286630201157 -65.25284722021985 -66.32094857862151 -66.92767775039616 -66.5708667540594 -9999 -9999 -9999
-9999 -9999 -9999 -9999 -9999 -9999 -9999 -9999 -9999 -9999 -9999 -9999 -9999 -9999 -9999 -9999 -9999 -9999 -9999 -66.86450702913702 -69.10561385583118 -70.28794227538437 -69.42966345709456 -68.75588029969414 -65.68393707276338 -59.98057460099948 -54.25368662961729 -54.252470670683174 -51.65657017779697 -52.315694477114356 -53.230686396214544 -53.352629285560276 -53.86680920605179 -54.7665999842037 -56.83859845876968 -56.8383384081401 -58.126208227347405 -58.292879321510526 -58.140294311663894 -57.9293147237508 -58.76645163391765 -60.65626532169826 -63.43172783354073 -63.432328084394435 -63.65442417971464 -64.18020138435607 -65.50781562532367 -66.05294159798544 -66.10741496615893 -65.89076031846672 -66.4442211660439 -9999
-9999 -9999 -9999 -9999 -9999 -9999 -9999 -9999 -9999 -9999 -9999 -9999 -9999 -9999 -9999 -9999 -9999 -9999 -70.12701933679075 -68.43792613938764 -67.94627704778189 -67.24608545589679 -66.73146642288042 -64.67876411140749 -62.71140856724984 -60.50737791894199 -60.509963573571994 -58.21860489862113 -56.48777584577488 -54.883859328955296 -54.679748150788 -56.27490317599269 -58.45827457098256 -60.244107999187634 -61.792193767251646 -61.79200837632629 -63.227228042410594 -64.50735137926165 -64.24095435965364 -63.526308818536265 -61.52843093651521 -61.193003935551644 -63.096316246513794 -64.54456239439163 -64.54549981727497 -65.62124340966011 -65.43095743546826 -65.52872952060757 -65.9441814898628 -65.31800752064564 -64.66854387260908 -9999
-9999 -9999 -9999 -9999 -9999 -9999 -9999 -9999 -9999 -9999 -9999 -9999 -9999 -9999 -9999 -9999 -9999 -71.6264346284177 -70.46083727188973 -67.41886951409033 -62.3571085067039 -61.362514535756254 -61.36297750618371 -60.162715705443325 -58.35027175362018 -56.68635062650085 -55.7538255491893 -54.799914528755686 -54.89411695775665 -55.00782312576907 -54.375674752558936 -54.37710573186474 -53.80932236549509 -55.41367504259035 -57.91192755988398 -60.0332583627796 -62.79534417971244 -64.29515540040728 -65.51854382925943 -65.47048447854624 -65.01038638836177 -65.00969592408015 -65.85495176632881 -66.53431488192743 -66.41334621381152 -65.2734586054379 -64.08310251901374 -64.45297019148262 -63.92153251856549 -63.99882637417142 -9999 -9999
-9999 -9999 -9999 -9999 -9999 -9999 -9999 -9999 -9999 -9999 -9999 -9999 -9999 -65.1511604369296 -66.69098178224314 -69.99819207220756 -72.80961679036818 -72.81022911904913 -72.13575793962504 -69.73866231711813 -65.07742751332249 -60.998627091461366 -58.187060104770076 -56.28555995013108 -56.00962316078105 -57.78838157615426 -57.01022330104291 -57.00607074994918 -56.83918458159714 -56.866266444237965 -58.419007654056934 -59.14070974356828 -58.46282108076069 -58.971166111488024 -60.30573421766414 -63.29245906729723 -64.42718219848743 -66.2354106233814 -66.23548829921947 -66.54037407913563 -65.68770275076976 -65.53182432789566 -66.02107685862518 -65.0029441636239 -64.38229726664927 -64.73900164040113 -64.31496494176344 -64.2220462411478 -64.2213145015521 -64.91032743941396 -62.96172102844388 -9999
-9999 -9999 -9999 -9999 -9999 -9999 -9999 -9999 -9999 -9999 -9999 -9999 -9999 -65.51042986720422 -65.93510335043287 -67.81290915215585 -69.05654749519752 -70.23790498454527 -67.96421396497375 -64.48113103453056 -60.129090795506066 -57.22058996042962 -55.675431775169585 -55.67572187753736 -56.616290167964905 -58.071290611855716 -60.61312876426428 -61.27543608201187 -60.73869254423902 -61.781940798339654 -62.277389083407755 -63.355394832285455 -64.01272102179361 -65.50662731154746 -65.50799911847636 -66.36376041668635 -66.23540334547435 -66.35706038835743 -66.71834970934707 -66.36314654237049 -65.21697617032306 -65.70482506289464 -65.55982047770883 -64.47848627916589 -64.65838537890221 -64.65777388061348 -64.83094069650956 -64.79347139248503 -64.89055906865435 -63.93620540958704 -64.55502556251679 -64.9548140707781
-9999 -9999 -9999 -9999 -9999 -9999 -9999 -9999 -9999 -9999 -9999 -9999 -9999 -68.21490284069893 -68.4840097034109 -63.432831029373844 -60.82214662408581 -60.02680848993386 -59.65544308146618 -61.33856728036399 -59.16168303626637 -57.3335892324661 -57.707433923046 -58.5092364522738 -61.5436909403541 -63.300638060210105 -66.35564879112968 -66.98493814217561 -66.41726714809455 -65.61768752269428 -66.01180288067292 -66.67589134748647 -65.83337861281423 -66.0664689833695 -66.22717484212954 -66.38017361943831 -65.53285007987871 -65.3125917878279 -64.69328756309211 -66.4891590954976 -67.25668952602159 -66.64851954898613 -65.16633774810552 -59.679517401115476 -9999 -9999 -9999 -9999 -9999 -9999 -9999 -9999
-9999 -9999 -9999 -9999 -9999 -9999 -9999 -9999 -9999 -9999 -9999 -9999 -9999 -69.91729535393445 -69.2074871428365 -66.06573822973722 -61.84421424023871 -57.766977007233706 -56.913770867928726 -57.95080344103125 -60.18609395985625 -62.574850651243715 -62.82261251576554 -63.20010885531281 -64.07288598855412 -66.60733152169823 -68.49007792036636 -68.78608732310792 -68.78629259864555 -67.86888961614261 -67.64179692788929 -67.39063451985531 -67.78007968719794 -67.68800493646303 -67.44565604523811 -66.20342689781819 -64.94344056016558 -64.01113956216885 -64.74945436033728 -66.25355473104814 -66.35393933141248 -9999 -9999 -9999 -9999 -9999 -9999 -9999 -9999 -9999 -9999 -9999
-9999 -9999 -9999 -9999 -9999 -9999 -9999 -9999 -9999 -9999 -9999 -9999 -73.7940365148424 -70.78522209388505 -66.79505499808718 -61.48189148819853 -57.35162091384675 -55.83280021398257 -57.24676118626164 -58.3251374797555 -61.12538019622064 -61.12567807487039 -63.373539935034934 -63.929825247925365 -65.07627572171266 -67.05885757756988 -68.87551477421123 -69.37247359015801 -68.52667628984084 -68.05825047442303 -68.2270087700609 -68.23512933497169 -68.65924279632365 -68.67492831149951 -68.7067333845677 -67.06499055813418 -65.80459290021015 -65.8045170570881 -66.68020775121016 -66.63009912935246 -64.79774851033672 -9999 -9999 -9999 -9999 -9999 -9999 -9999 -9999 -9999 -9999 -9999
-9999 -9999 -9999 -9999 -9999 -9999 -9999 -9999 -9999 -9999 -9999 -67.10183607805908 -67.07044318041416 -68.04719278609643 -67.99315484895793 -63.06386042875125 -58.479920375806465 -58.03455344679721 -58.76075903409306 -60.49399163360119 -61.97577371640837 -63.16122093077124 -63.97213237046474 -63.81100451068716 -64.97251259957285 -66.01093218341141 -68.38645490036735 -68.7957954523161 -68.74199106352924 -68.63932692760403 -68.34747641697291 -68.34844094649753 -67.84731211973622 -68.54829012280715 -69.03909888034207 -68.89085517498961 -67.36189544638647 -67.07398423033811 -65.68982407793521 -61.17069372699081 -9999 -9999 -9999 -9999 -9999 -9999 -9999 -9999 -9999 -9999 -9999 -9999
-9999 -9999 -9999 -9999 -9999 -9999 -9999 -9999 -9999 -9999 -64.34109883349608 -63.29947548823912 -62.87371226864732 -61.98031673330343 -60.48949033105706 -59.31559767668515 -60.85472830205692 -62.76301398656347 -62.44699075867037 -64.91289404993071 -66.07652805971466 -68.18963025368171 -68.6862145535813 -66.9221077738314 -66.13841799974611 -64.73274655878528 -64.90722772449915 -65.62655634501469 -67.53282640046112 -68.64616226063578 -68.9665617329925 -68.70280061298 -67.86309535939256 -68.84581701860766 -68.67304155445575 -67.59818782740747 -66.46184132405624 -63.91010369183189 -61.429282782393024 -9999 -9999 -9999 -9999 -9999 -9999 -9999 -9999 -9999 -9999 -9999 -9999 -9999
-9999 -9999 -9999 -9999 -9999 -9999 -9999 -9999 -9999 -9999 -9999 -9999 -61.09668367673989 -61.46071506491396 -63.159602639393704 -63.161684401508396 -64.94311536433287 -66.12761887242632 -66.6572362902159 -66.9295962011775 -68.21312680436003 -68.75079180280926 -70.67066830847524 -70.56382230446197 -69.67199006177222 -68.62947766548234 -66.84080618334448 -66.06791138375814 -65.07784482904317 -65.74614560146425 -66.50788243347564 -66.88939073257478 -66.06772462797865 -65.18352629707242 -64.61508051862079 -65.06293583741163 -66.24905103132417 -64.69573022594322 -60.81809989416986 -53.9670621596096 -9999 -9999 -9999 -9999 -9999 -9999 -9999 -9999 -9999 -9999 -9999 -9999
-9999 -9999 -9999 -9999 -9999 -9999 -9999 -9999 -9999 -9999 -9999 -61.93260455126353 -61.43384998698975 -60.71144506345914 -60.65776942133255 -62.18736028602 -65.25875378526207 -67.52402500198802 -68.54680845698603 -68.51551824092618 -69.3544673406914 -70.06845223987051 -70.99043718115958 -69.79211973708232 -69.2345753446003 -69.34421580755847 -68.63806098500929 -68.20109938793054 -67.74438524680069 -66.52459080449185 -65.62908995724878 -65.11385387630281 -64.37353687038214 -63.93382007604797 -63.933068486514166 -64.81562467430497 -67.22532090963354 -65.48358794040635 -60.168203221657464 -9999 -9999 -9999 -9999 -9999 -9999 -9999 -9999 -9999 -9999 -9999 -9999 -9999
-9999 -9999 -9999 -9999 -9999 -67.21860374318783 -66.56180207364301 -65.01859920654097 -64.37914757727584 -61.261312848259685 -59.66464694886489 -60.93040154929169 -60.929585943688046 -62.12302061981144 -62.52579121951597 -62.80432663734628 -64.28500154701084 -66.88448268684431 -68.75623168428396 -68.7430932866113 -68.92481558434693 -69.76240823860472 -70.05181788666295 -70.44083707022622 -70.20593786282437 -68.77094452793379 -67.93651085434928 -68.10835170364415 -67.57319415639653 -66.88273751124315 -66.20812344856718 -65.04304899443243 -64.19186982309719 -63.07684412345204 -62.4969530804686 -61.73230800728686 -59.93173216497672 -54.92387074510325 -9999 -9999 -9999 -9999 -9999 -9999 -9999 -9999 -9999 -9999 -9999 -9999 -9999 -9999
-9999 -9999 -9999 -9999 -66.16789543338953 -65.76078724684892 -63.05360517663611 -61.22925830644385 -60.38244916675109 -60.87201592970107 -61.1131573146527 -61.110522461950495 -61.33152963361313 -62.74571445581957 -64.522512708842 -65.59964194975157 -67.02603525453121 -68.30068762550553 -67.663841867041 -68.49917130807573 -68.29992179494921 -68.53551298565871 -68.4052423046014 -69.47121314081241 -68.78837554560184 -67.69424470728579 -67.690758832694 -68.12451327344318 -66.37835097134088 -64.94787555070012 -64.51929387441004 -63.15552887809029 -62.42852255159782 -60.18361106489131 -56.57296754609915 -9999 -9999 -9999 -9999 -9999 -9999 -9999 -9999 -9999 -9999 -9999 -9999 -9999 -9999 -9999 -9999 -9999
-9999 -9999 -9999 -61.394990082233626 -59.666155229607895 -59.395275025881126 -59.60759137581122 -58.91223231385862 -58.87701848634326 -59.04463562054586 -59.33625876178417 -61.85377481387838 -63.215247655593885 -64.66945887652878 -66.13315474175967 -67.83405887936303 -68.02321839373379 -68.41023070287106 -67.89847054396623 -67.57296236177046 -67.09679504581662 -66.30013944065483 -65.66761222897135 -66.55953609887602 -66.09082678855721 -64.96090896699964 -62.261496554112924 -61.04461333581179 -59.586288720341656 -56.13540559895562 -51.968697334124975 -9999 -9999 -9999 -9999 -9999 -9999 -9999 -9999 -9999 -9999 -9999 -9999 -9999 -9999 -9999 -9999 -9999 -9999 -9999 -9999 -9999
-9999 -9999 -9999 -62.04757929963005 -57.38466026616124 -50.218381061277476 -49.484214057933315 -50.981584067450115 -53.134317286655225 -54.27171554980171 -54.70344417911566 -55.33061956149047 -58.653864238161724 -61.08143713781345 -63.47875685279006 -65.7272880399972 -65.98370983458294 -67.20284106846279 -66.30867862021232 -66.30558410991611 -66.18376943286403 -65.13936310359567 -64.39323164837174 -64.76382745488678 -65.00754455736457 -63.66043153021746 -61.32282570667277 -59.124270239325895 -55.405531565814364 -9999 -9999 -9999 -9999 -9999 -9999 -9999 -9999 -9999 -9999 -9999 -9999 -9999 -9999 -9999 -9999 -9999 -9999 -9999 -9999 -9999 -9999 -9999
-9999 -9999 -9999 -65.74765132053732 -65.70730108006303 -62.407186279806346 -54.93975677365843 -53.31017771501101 -56.55639311099164 -58.87853492050125 -60.2898421455609 -59.24952030461588 -59.12396001314897 -61.93112415597517 -62.575923182661505 -63.82201238842225 -64.70282246287667 -65.46601062439976 -65.44324816528115 -65.38610404000475 -65.51515498790583 -64.09380277627719 -64.39890796714211 -64.03144778581711 -61.334072327177275 -60.10234314582095 -56.08063195621829 -50.590273637911004 -9999 -9999 -9999 -9999 -9999 -9999 -9999 -9999 -9999 -9999 -9999 -9999 -9999 -9999 -9999 -9999 -9999 -9999 -9999 -9999 -9999 -9999 -9999 -9999
-9999 -9999 -9999 -64.33961922145434 -62.53037491257545 -60.123359012809686 -59.628863237074135 -61.209082067978 -62.368631572509365 -62.52033914764633 -61.79038961360386 -60.887268135239886 -59.6550003948361 -60.951370725463896 -64.05225362253408 -64.55772011772085 -64.19168151685075 -64.13925530814907 -63.902017301953144 -63.86413379802123 -62.45756495824431 -62.07917856855129 -62.26052787631152 -61.7735310814513 -60.714046565171756 -57.5244368637225 -51.651488130208314 -9999 -9999 -9999 -9999 -9999 -9999 -9999 -9999 -9999 -9999 -9999 -9999 -9999 -9999 -9999 -9999 -9999 -9999 -9999 -9999 -9999 -9999 -9999 -9999 -9999
-9999 -9999 -9999 -9999 -59.851394739813394 -59.79525940277219 -60.38942543139884 -61.302758251708525 -61.91327188201835 -62.38717346179083 -61.12875436898655 -60.43708906502528 -61.43747476737526 -61.36282361166715 -62.44676780580828 -63.38540119089758 -63.80194811510014 -63.701339813235165 -62.56951324843601 -61.122597315218655 -59.829761982427435 -58.628855463736116 -57.79762997766514 -54.39247089452527 -9999 -9999 -9999 -9999 -9999 -9999 -9999 -9999 -9999 -9999 -9999 -9999 -9999 -9999 -9999 -9999 -9999 -9999 -9999 -9999 -9999 -9999 -9999 -9999 -9999 -9999 -9999 -9999
-9999 -9999 -9999 -9999 -59.945094299774674 -61.90242098886487 -62.19093633628896 -61.953098032645904 -60.80744618739868 -60.054046229605284 -61.9233750061113 -63.045373740793536 -63.39405760405853 -62.02732482772782 -61.971263855416325 -61.98828268078409 -62.28372934160854 -62.20499369159168 -62.431350073711606 -62.37419256448493 -62.73324520974343 -61.604503538153715 -57.985901656163314 -52.759348504621116 -38.89108149784546 -9999 -9999 -9999 -9999 -9999 -9999 -9999 -9999 -9999 -9999 -9999 -9999 -9999 -9999 -9999 -9999 -9999 -9999 -9999 -9999 -9999 -9999 -9999 -9999 -9999 -9999 -9999
-9999 -9999 -9999 -9999 -62.978451226689465 -62.59869959612271 -63.39261028627264 -63.922323049811105 -63.130024107431744 -61.93901696834774 -61.17632900472322 -62.05543943748227 -62.1249752154309 -61.863014573760644 -62.00987338222991 -62.9580199242364 -63.343653239897606 -63.11752660366954 -62.45447239171874 -61.98653019630577 -60.749420617931534 -59.63635625781978 -58.52393076252469 -55.2014114362477 -9999 -9999 -9999 -9999 -9999 -9999 -9999 -9999 -9999 -9999 -9999 -9999 -9999 -9999 -9999 -9999 -9999 -9999 -9999 -9999 -9999 -9999 -9999 -9999 -9999 -9999 -9999 -9999
