metrics/grid_rasters/ASCAT 12.5 TS/grideval_ASCAT 12.5 TS_X_spring_2016_absolute_ubrmsd.asc
ncols 52
nrows 55
xllcorner     11.25
yllcorner     55.25
cellsize      0.25
NODATA_value  -9999
[rows 0 to 29 of 55, columns 0 to 51 of 52]
-9999 -9999 -9999 -9999 -9999 -9999 -9999 -9999 -9999 -9999 -9999 -9999 -9999 -9999 -9999 -9999 -9999 -9999 -9999 -9999 -9999 -9999 -9999 -9999 -9999 -9999 -9999 -9999 -9999 -9999 -9999 -9999 -9999 -9999 -9999 -9999 19.29189352323479 18.65508154391237 18.284820864041905 -9999 -9999 -9999 -9999 -9999 -9999 -9999 -9999 -9999 -9999 -9999 -9999 -9999
-9999 -9999 -9999 -9999 -9999 -9999 -9999 -9999 -9999 -9999 -9999 -9999 -9999 -9999 -9999 -9999 -9999 -9999 -9999 -9999 -9999 -9999 -9999 -9999 -9999 -9999 -9999 -9999 -9999 -9999 -9999 -9999 -9999 -9999 -9999 -9999 19.715574824711407 20.556116292642127 20.560868069564837 19.880329678094565 20.4051830528178 20.406419098296325 -9999 -9999 -9999 -9999 -9999 -9999 -9999 -9999 -9999 -9999
-9999 -9999 -9999 -9999 -9999 -9999 -9999 -9999 -9999 -9999 -9999 -9999 -9999 -9999 -9999 -9999 -9999 -9999 -9999 -9999 -9999 -9999 -9999 -9999 -9999 -9999 -9999 15.950566415783749 15.95659661375088 17.621321197957062 19.100699327670114 19.482213496672138 18.48092711434629 18.57025668215123 -9999 19.092995604894906 19.94034994578209 19.93620424577786 19.742122093863927 19.858146463232792 19.863224467342977 19.8031175088171 20.32466452249764 21.498121448123303 22.103482887741706 22.108956644360237 -9999 -9999 -9999 -9999 -9999 -9999
-9999 -9999 -9999 -9999 -9999 -9999 -9999 -9999 -9999 -9999 -9999 -9999 -9999 -9999 -9999 -9999 -9999 -9999 -9999 -9999 -9999 -9999 -9999 -9999 -9999 -9999 -9999 17.388031883369113 20.05254891947924 22.23166943808999 20.428344473921648 16.474753263415113 16.482151220490106 17.4230418469796 18.88213698657475 19.0835818205424 19.3502823254352 19.269719187497927 19.27333004295649 19.25544110176984 19.7602902254128 20.292362683800913 20.74675972955503 21.21340604361966 21.213982188873146 21.247820493183735 20.972564866409712 20.928663728337103 -9999 -9999 -9999 -9999
-9999 -9999 -9999 -9999 -9999 -9999 -9999 -9999 -9999 -9999 -9999 -9999 -9999 -9999 -9999 -9999 -9999 -9999 -9999 -9999 -9999 -9999 15.57390840005265 16.095066499671102 17.3013333651359 17.462780762509233 19.193753434657374 22.55797991040152 24.47521979306463 23.438309360139517 23.78203719077222 20.155171596450923 19.524361886543666 19.752903221234856 19.80226537113158 20.077360608783586 19.02610950100417 18.0959402013278 18.181301264839245 19.187263370473854 20.495247928959692 20.838822124410008 21.321275215364853 21.191578723050533 20.36828209971607 19.770789707669124 18.936269469328288 18.285734111540858 18.498211105257173 -9999 -9999 -9999
-9999 -9999 -9999 -9999 -9999 -9999 -9999 -9999 -9999 -9999 -9999 -9999 -9999 -9999 -9999 -9999 -9999 -9999 -9999 -9999 -9999 12.895412114004571 12.895511957737252 13.835299479755651 16.504274013386272 19.053583621585556 19.553581720335824 20.162756169101673 20.479285763855657 20.485770876963393 19.551176469926567 19.49102977981439 19.95857602603603 20.286309637069074 20.35276889812117 20.437588955207215 20.439139579515572 19.944968043417443 18.52839998096511 17.69251370323123 17.971304820686328 19.625692989310178 19.625325720687368 20.377866644452084 20.886226510975998 20.712998526590745 20.394061905852105 20.37492623263081 19.93530735011426 -9999 -9999 -9999
-9999 -9999 -9999 -9999 -9999 -9999 -9999 -9999 -9999 -9999 -9999 -9999 -9999 -9999 -9999 -9999 -9999 -9999 -9999 -9999 14.439996487439126 12.193326219278074 12.607820641688912 17.432476566322887 22.20401769129336 22.96148025847199 22.969272092064877 20.493414088631148 18.789013149092952 17.700083221785146 18.045636933777367 18.60355794904411 19.18541360405132 19.19529351042011 19.669682106346663 19.721758577753125 18.46226722457434 17.622291082751392 16.672240195324367 16.351740333383983 16.351405446901733 17.13599729942834 17.776187560478586 19.52248629175388 21.659342860056373 22.799679462075442 23.837595365467127 23.842284207746644 24.009586811953287 22.89939009366437 -9999 -9999
-9999 -9999 -9999 -9999 -9999 -9999 -9999 -9999 -9999 -9999 -9999 -9999 -9999 -9999 -9999 -9999 -9999 -9999 -9999 -9999 -9999 18.130445051599732 18.3713958088708 18.372071256272594 20.939359345545395 21.551968730638663 20.35494493160234 19.115626155793194 18.989948537358462 19.24988010996057 19.25040956046061 18.794593420302306 18.942587553088813 19.89972536660116 19.978454103201877 19.53416911246374 17.764100333962492 16.388028142078323 16.390584871507127 15.406994536924028 16.13159330224214 17.008877232152106 18.20077242295912 19.342814685057007 21.574280367494545 21.578195658093886 22.977161540212908 23.5462237687708 22.688231220523328 -9999 -9999 -9999
-9999 -9999 -9999 -9999 -9999 -9999 -9999 -9999 -9999 -9999 -9999 -9999 -9999 -9999 -9999 -9999 -9999 -9999 -9999 13.844831702554606 16.052545254028548 17.178945220367435 17.854766738639512 18.533520392051173 17.954593810657546 18.037270616226547 18.120818595205353 18.120409849154576 17.635607162001246 17.27097003974803 16.692657907353205 16.366275803932762 16.486498245938307 17.12192506339834 17.6550081577549 17.655704207930626 18.505372169583445 19.051861691640326 18.622514543550828 18.079622745071088 17.527228846958767 17.52345673829315 17.94050438799807 17.93757356852423 18.351686872175147 19.453376257352886 20.41843366457553 20.394577204841728 20.20017346908389 19.67032433274827 19.16107678890634 -9999
-9999 -9999 -9999 -9999 -9999 -9999 -9999 -9999 -9999 -9999 -9999 -9999 -9999 -9999 -9999 -9999 -9999 -9999 16.676714712658214 16.70471736515466 16.692452894705593 17.198899949924833 17.870852954586045 18.200982597792915 18.917937844069282 18.98385746244786 18.986537921437602 18.555122307997735 18.310789034197075 18.420835241420125 17.925851641286076 16.85819694316862 15.78834804490442 15.762373531438602 15.598479690972312 15.600199792669265 15.884223058246512 16.494401647761528 17.369205352937968 17.887609344885696 17.951022826600994 17.012206686957843 17.219848061804274 17.364105621581395 17.365393485671248 17.79324661322658 18.423382833184192 18.386289694442354 18.075220034537324 17.749995570936754 17.768823009141727 -9999
-9999 -9999 -9999 -9999 -9999 -9999 -9999 -9999 -9999 -9999 -9999 -9999 -9999 -9999 -9999 -9999 -9999 17.970765650036736 17.87343675394529 17.26804611184273 18.462731152027303 19.18456813510358 19.18681398533465 18.713527350757246 18.29022958983932 18.22522636470933 17.587655508580156 16.480401751375016 16.649915359127665 16.913487185035905 17.312372845033767 17.313681711456834 17.155030374011243 15.827801375272848 15.238769730697308 15.756554033664385 16.116298240126255 17.03576648408516 17.21686874588616 17.278101710545062 17.109928539484926 17.10935531195593 17.283619007629518 17.925125883860805 18.351077444470352 18.89478586928994 18.899321725596725 19.05744610985477 19.099260632819508 19.013623117229415 -9999 -9999
-9999 -9999 -9999 -9999 -9999 -9999 -9999 -9999 -9999 -9999 -9999 -9999 -9999 17.744908243722378 17.250257257459474 17.36177304170661 17.50344762942605 17.496807832962116 17.211209675498537 16.84718000945784 16.862018860580008 17.833046105986302 17.66779399640193 16.202082697044467 15.65026516471 16.161043137333948 16.271724805284055 16.27989284264948 15.510713958976352 15.364469300515205 15.919786091200221 16.042811144664487 15.763319124511948 15.140627420707789 15.202117497829224 15.579296025760375 16.32540143360931 16.365175032982147 16.366031769319903 15.918744737602953 16.067345221811575 16.29067485194297 17.11753698484648 18.30523332230468 18.878614783543448 18.828900824077675 18.519319319342237 18.39292312605716 18.392863701163613 18.555686130505414 18.58622488649608 -9999
-9999 -9999 -9999 -9999 -9999 -9999 -9999 -9999 -9999 -9999 -9999 -9999 -9999 19.489170388141105 18.85703647300033 18.43706839989802 18.774136042455687 18.645504870929468 18.43509156542145 18.1084303351692 17.543661931581887 16.491869501557762 14.986629133567993 14.992420518413512 13.921474124199278 14.396462229580786 15.928733894597874 16.60698321244991 16.395847561143484 15.994863353545124 15.449808174234715 15.206711440008814 15.330805659950228 15.777099976209536 15.78072033265198 16.044875074810175 15.825692322941165 15.310445746997509 14.670819536707357 14.420313181672508 14.192358193126244 13.793116540645109 14.41135830810683 14.967265852155375 15.293344415914266 15.293030198152385 14.90387235594517 15.360015177663056 15.884120644392198 16.381564616935037 17.091773756004773 17.002283384222775
-9999 -9999 -9999 -9999 -9999 -9999 -9999 -9999 -9999 -9999 -9999 -9999 -9999 16.761749913271686 17.012139707853382 18.489058708120467 17.512852587536713 16.984039324445693 16.53319071857403 18.49969304504876 17.629668097007524 15.348090805368846 13.205914755611117 12.488230397350266 14.09959715762118 15.388889208844088 16.673798917234002 17.22328508508975 16.828820760798518 16.21764307110992 15.3181664881786 15.394946386962747 14.792612040059547 15.397849448081098 15.736165916841196 15.326392710519876 14.87260207925774 14.854749036604787 13.774159454838802 12.724657615293165 12.539712310487163 12.351906068078472 12.284459898146935 14.945837831240725 -9999 -9999 -9999 -9999 -9999 -9999 -9999 -9999
-9999 -9999 -9999 -9999 -9999 -9999 -9999 -9999 -9999 -9999 -9999 -9999 -9999 15.73541727519627 16.955766628948105 18.188587920576254 17.430278732156516 15.758764344232585 13.772907441044072 12.381802661877556 12.135218426007535 12.577902467078193 14.052614514908571 14.81714208691299 15.642125416661038 16.844662473467373 17.174442810768902 16.651271710118824 16.65057088292964 16.77485578976988 16.361234999486125 16.119482842309512 16.35245152959778 16.8633621361119 17.228088356465477 17.666057298605338 16.874186364295714 16.330840272114088 15.400110157094225 14.280133109825664 13.60200030460982 -9999 -9999 -9999 -9999 -9999 -9999 -9999 -9999 -9999 -9999 -9999
-9999 -9999 -9999 -9999 -9999 -9999 -9999 -9999 -9999 -9999 -9999 -9999 17.796723557365922 17.85571339346815 18.648823014573104 18.151825600123328 16.69505410021565 14.808695756809994 13.284903111505027 12.579932714847601 13.05248614153928 13.057058597982106 13.895221456226695 14.379412931784485 14.637402152675245 14.935345787245845 15.670175208385036 16.00799793889501 15.571209629273982 15.09959227048709 14.957754818413123 14.845457034002047 14.877532571966805 15.300549414117024 15.601862432975581 15.409406918865047 15.013278422964039 15.014435477595491 15.228337075802374 15.697835338078878 16.391188555508467 -9999 -9999 -9999 -9999 -9999 -9999 -9999 -9999 -9999 -9999 -9999
-9999 -9999 -9999 -9999 -9999 -9999 -9999 -9999 -9999 -9999 -9999 17.535633461774992 17.538726096955198 17.920528216606364 18.93279235012886 19.593509531289445 18.564330616510283 16.114684676111164 14.303423849557571 13.776357057168394 13.868326054884223 14.621090925668097 16.486528854361442 16.218483939747195 14.62713011993546 14.135570264752586 13.545390987147892 12.77124647757215 12.195269030928964 12.025517620261535 12.362910611398892 12.360707406926661 12.94665955017698 13.476388202393991 13.368057692865513 13.113561501872725 12.472753939144148 12.421024722559993 12.923305037396776 15.422003706237955 -9999 -9999 -9999 -9999 -9999 -9999 -9999 -9999 -9999 -9999 -9999 -9999
-9999 -9999 -9999 -9999 -9999 -9999 -9999 -9999 -9999 -9999 17.559367511665492 16.728434511516248 17.106749135867563 17.998905199525446 18.72289108073436 17.243771294477664 15.13836871497652 14.618729465010473 15.05803506096368 15.020200387151814 15.228118700028707 15.41934034437761 15.8400248137813 16.714915907376508 16.953805035890845 16.783215039113156 16.166020771795118 14.514028625042913 12.373055259223635 10.778146583752203 10.252245241775775 10.468894566564432 11.430672094427052 12.391729478202851 12.950859170515395 12.880028937086784 12.098543878625364 11.665847728890204 12.316839194010766 -9999 -9999 -9999 -9999 -9999 -9999 -9999 -9999 -9999 -9999 -9999 -9999 -9999
-9999 -9999 -9999 -9999 -9999 -9999 -9999 -9999 -9999 -9999 -9999 -9999 14.073241410105545 12.931523835279874 12.897690344993606 12.894767569198256 13.29622177671076 13.707883282792425 13.924444993162224 13.985514573982224 14.148895216187114 14.888491936885956 14.943100452372484 15.100531271403373 15.163089814969714 15.520116718029945 15.387982242137491 14.613543564830414 13.182784454703135 11.044328542168284 9.957766464446495 9.526660878242435 10.145466442933316 11.169921137057948 12.02094828391752 12.621634762338994 12.588721584692475 12.912917299953437 13.855723503975511 15.687683047668896 -9999 -9999 -9999 -9999 -9999 -9999 -9999 -9999 -9999 -9999 -9999 -9999
-9999 -9999 -9999 -9999 -9999 -9999 -9999 -9999 -9999 -9999 -9999 16.920535409152695 17.175536930734864 15.73787379864661 13.643307906459947 12.554811991092546 12.206391608159464 11.974285927480278 12.149887215664863 12.14475666983796 12.603194159784405 13.19623002509219 13.15375948852046 12.943168943339565 12.815166615758159 12.484568303751864 12.239301982074856 11.951431647267524 11.693113677515376 10.787571171921464 10.11697274663941 9.537269213179757 9.836600924941825 10.073127974795874 10.072109598608778 10.5239318893537 11.972895479337478 13.223911963026127 14.056475822720444 -9999 -9999 -9999 -9999 -9999 -9999 -9999 -9999 -9999 -9999 -9999 -9999 -9999
-9999 -9999 -9999 -9999 -9999 19.005236773879574 17.348707893517997 16.17086219056011 16.485464692617427 17.336342715671634 16.511254663169243 14.100957712244412 14.102247258874721 12.732499102610904 12.48132035702378 12.23215523656482 11.644063026756148 10.936207488827883 10.490260645512288 10.511585783218989 10.720129108258323 10.904188970782547 11.1926613113343 11.409379755915742 11.94722797784671 11.861203335142797 11.557107267234919 10.969157861781664 10.564611150270984 10.03258520488899 9.833914092205706 9.532708287076694 9.275648040099476 9.166306305494082 9.571128665985668 10.199443474058024 11.491336650147804 12.603124390932507 -9999 -9999 -9999 -9999 -9999 -9999 -9999 -9999 -9999 -9999 -9999 -9999 -9999 -9999
-9999 -9999 -9999 -9999 20.76877414685741 19.625613286598877 18.583491438171933 16.688357788905062 14.822672654243226 14.224176497212815 12.720414961982328 11.773558347700872 11.211163421884331 10.712745721757614 10.198182854620212 9.861734503326153 9.278938131326424 8.961211320395872 8.809877326922347 8.905892480855385 8.965684264825654 9.056524102372233 9.091192263094266 9.225548362594543 9.641580505791314 9.62311118721652 9.778855948995199 9.798433264388402 9.600185179569348 9.506823041378906 9.696657728760316 9.730762631567565 9.790565868264787 10.690574356288584 11.520601184156464 -9999 -9999 -9999 -9999 -9999 -9999 -9999 -9999 -9999 -9999 -9999 -9999 -9999 -9999 -9999 -9999 -9999
-9999 -9999 -9999 16.820801538234182 15.415022735696805 12.786461328042972 11.036028249248636 9.99969729950207 9.222483645665246 8.327764108231452 7.8931748390532945 7.806390409344117 8.029248999878583 8.292303872546391 8.47157438923712 8.485216844740183 8.152069932316587 8.651899736641429 9.03739036733652 9.335834824238749 9.226492049464314 9.037643378602686 8.63838412602189 8.36468266771247 8.394698761602706 8.518420324995352 8.589121575624514 8.635353461863367 8.835377722962871 9.499567004648943 11.027137537426588 -9999 -9999 -9999 -9999 -9999 -9999 -9999 -9999 -9999 -9999 -9999 -9999 -9999 -9999 -9999 -9999 -9999 -9999 -9999 -9999 -9999
-9999 -9999 -9999 15.968316092648296 16.875208259586127 15.165513221233633 12.635454075304267 12.09215151819872 12.142038460340679 11.647868584557946 11.35330307336949 11.667599485802732 11.37727655991058 11.019866158285556 9.817754602176704 8.789675514121289 8.284277301251104 8.474197030984822 8.575092261555682 8.402598335116934 8.753682406727718 9.012735712119083 9.07602507040241 8.956487298509998 8.450008575567656 8.111781574740636 8.261522450960003 9.13736165244272 9.966955804075203 -9999 -9999 -9999 -9999 -9999 -9999 -9999 -9999 -9999 -9999 -9999 -9999 -9999 -9999 -9999 -9999 -9999 -9999 -9999 -9999 -9999 -9999 -9999
-9999 -9999 -9999 17.094284436358777 18.685960298275422 20.070457654300704 17.975308715869147 14.766646225151085 13.4660011992066 13.507658243645876 12.694364551689825 13.34987977134021 12.571490305160534 10.580790068151844 9.821563893559409 9.415680635649883 9.187080051514457 9.09705064523108 8.927262521028624 9.01598112083204 9.180713767638297 9.414754947320468 9.41648840843365 8.734962364877285 8.571894568524161 8.622490944619772 9.238316606039602 12.69577147044459 -9999 -9999 -9999 -9999 -9999 -9999 -9999 -9999 -9999 -9999 -9999 -9999 -9999 -9999 -9999 -9999 -9999 -9999 -9999 -9999 -9999 -9999 -9999 -9999
-9999 -9999 -9999 18.782977474731208 19.48166152616278 16.99426824130967 15.411465062776113 14.308911782965534 14.433897726960618 13.998574306751989 13.430839403514929 12.599405057369523 12.522527068089676 12.197024654157646 11.18276601836719 10.399455076530943 9.918120368353225 9.821596805495018 9.906926697481087 9.845505519609322 9.872692568777246 9.707498814488947 9.531348240786231 9.01175307516474 8.54224658356641 9.046496971616953 10.057460216008066 -9999 -9999 -9999 -9999 -9999 -9999 -9999 -9999 -9999 -9999 -9999 -9999 -9999 -9999 -9999 -9999 -9999 -9999 -9999 -9999 -9999 -9999 -9999 -9999 -9999
-9999 -9999 -9999 -9999 18.65738239660192 17.264488022126155 15.260770909305652 14.097574819297195 12.937759106723034 12.81375657531172 12.586210840522805 12.458034717130086 13.812247601124456 13.08607132834837 12.680642730879992 13.122524313922534 12.745070755150492 12.643403474029302 12.238623573516414 11.657336943658636 11.355389174679349 11.112608031014819 10.910067765745142 10.481552989511703 -9999 -9999 -9999 -9999 -9999 -9999 -9999 -9999 -9999 -9999 -9999 -9999 -9999 -9999 -9999 -9999 -9999 -9999 -9999 -9999 -9999 -9999 -9999 -9999 -9999 -9999 -9999 -9999
-9999 -9999 -9999 -9999 16.32291677810052 16.874761027796637 17.305727864481064 16.355898402107453 14.99988477655024 14.16410033962706 14.09352511835002 14.233098233162014 14.176635208574837 13.80658682361778 13.99837363240717 14.270656147377698 14.456066870882369 14.219465956234298 13.830386901598963 12.972652922383904 12.259119651049213 11.471847354852473 10.64364831698793 11.841250977742353 13.829178882593956 -9999 -9999 -9999 -9999 -9999 -9999 -9999 -9999 -9999 -9999 -9999 -9999 -9999 -9999 -9999 -9999 -9999 -9999 -9999 -9999 -9999 -9999 -9999 -9999 -9999 -9999 -9999
-9999 -9999 -9999 -9999 16.733972686864885 16.1527484408428 15.23567315787145 15.710461002780738 17.044350147252928 17.083015242411573 16.706380729855425 15.741707359388947 14.257186288404405 14.076172568975005 14.774363964468419 14.91258603725253 15.017223695947859 14.941028407985222 14.552048383003411 13.616240252842125 12.777714854044998 11.972183410334553 11.242863143496328 12.05010025712162 -9999 -9999 -9999 -9999 -9999 -9999 -9999 -9999 -9999 -9999 -9999 -9999 -9999 -9999 -9999 -9999 -9999 -9999 -9999 -9999 -9999 -9999 -9999 -9999 -9999 -9999 -9999 -9999
-9999 -9999 -9999 -9999 18.060321222015013 15.325649855539307 14.821747424590061 15.507389638916186 16.12260443189954 15.895721429683627 15.766510163650727 15.296666790443693 14.657474166191292 14.682233000862642 14.974991434211105 14.881628038231945 15.125807466312336 14.641915268149125 14.32911800855599 14.094822662564413 13.466182588242635 12.761230087977092 13.678811234842017 -9999 -9999 -9999 -9999 -9999 -9999 -9999 -9999 -9999 -9999 -9999 -9999 -9999 -9999 -9999 -9999 -9999 -9999 -9999 -9999 -9999 -9999 -9999 -9999 -9999 -9999 -9999 -9999 -9999
