metrics/grid_rasters/ASCAT 12.5 TS/grideval_ASCAT 12.5 TS_X_fall_2016_absolute_bias.asc
ncols 52
nrows 55
xllcorner     11.25
yllcorner     55.25
cellsize      0.25
NODATA_value  -9999
[rows 0 to 28 of 55, columns 0 to 51 of 52]
-9999 -9999 -9999 -9999 -9999 -9999 -9999 -9999 -9999 -9999 -9999 -9999 -9999 -9999 -9999 -9999 -9999 -9999 -9999 -9999 -9999 -9999 -9999 -9999 -9999 -9999 -9999 -9999 -9999 -9999 -9999 -9999 -9999 -9999 -9999 -9999 -69.13260484225886 -69.20248529420991 -68.99317102718341 -9999 -9999 -9999 -9999 -9999 -9999 -9999 -9999 -9999 -9999 -9999 -9999 -9999
-9999 -9999 -9999 -9999 -9999 -9999 -9999 -9999 -9999 -9999 -9999 -9999 -9999 -9999 -9999 -9999 -9999 -9999 -9999 -9999 -9999 -9999 -9999 -9999 -9999 -9999 -9999 -9999 -9999 -9999 -9999 -9999 -9999 -9999 -9999 -9999 -65.23477560823986 -70.57685905460056 -70.14263564959512 -67.10018695198673 -63.50319877354554 -63.50299962948488 -9999 -9999 -9999 -9999 -9999 -9999 -9999 -9999 -9999 -9999
-9999 -9999 -9999 -9999 -9999 -9999 -9999 -9999 -9999 -9999 -9999 -9999 -9999 -9999 -9999 -9999 -9999 -9999 -9999 -9999 -9999 -9999 -9999 -9999 -9999 -9999 -9999 -70.05127907471072 -70.09908777882856 -71.23768761100713 -69.93085927242339 -64.65742043176371 -54.1594625019224 -48.92448348948749 -9999 -51.14356892181383 -59.259591656619165 -67.22721604485561 -69.01042105162253 -67.2981031662088 -67.2978516982012 -64.91143434185534 -62.92832285582926 -60.54258184839694 -59.88556136208518 -59.8857874150694 -9999 -9999 -9999 -9999 -9999 -9999
-9999 -9999 -9999 -9999 -9999 -9999 -9999 -9999 -9999 -9999 -9999 -9999 -9999 -9999 -9999 -9999 -9999 -9999 -9999 -9999 -9999 -9999 -9999 -9999 -9999 -9999 -9999 -78.92845627325542 -81.34296854313601 -79.62813141050013 -70.22553263909558 -55.48967155058528 -55.55190988398714 -44.42444232815566 -42.25201737223432 -45.52497862224961 -49.92297034665407 -54.93501861770385 -54.93485413453884 -59.42155706555154 -60.54222821996343 -59.68301595143579 -60.277047533509105 -58.957090293097494 -58.95755227116396 -57.977245573471926 -56.92820087411182 -56.76920242979203 -9999 -9999 -9999 -9999
-9999 -9999 -9999 -9999 -9999 -9999 -9999 -9999 -9999 -9999 -9999 -9999 -9999 -9999 -9999 -9999 -9999 -9999 -9999 -9999 -9999 -9999 -73.55276856491446 -77.2440580830413 -78.29370836182841 -78.50282135466658 -80.2098101832517 -83.39024570204278 -80.59698970169472 -77.64562509748508 -77.15586451967526 -65.33002625582489 -55.04508145540802 -46.426007972640704 -44.785123783059966 -45.817684481507904 -43.59764969455999 -43.42791522370175 -45.222254922257484 -46.58587125161284 -49.24726118053806 -51.2439367549767 -53.86977852494718 -55.09520519791251 -55.65607376823974 -55.691509787249224 -55.278982337261105 -55.05822341750378 -55.67093301644763 -9999 -9999 -9999
-9999 -9999 -9999 -9999 -9999 -9999 -9999 -9999 -9999 -9999 -9999 -9999 -9999 -9999 -9999 -9999 -9999 -9999 -9999 -9999 -9999 -77.01966520856458 -77.02093854047298 -78.10969995322505 -77.4526405557665 -77.51555075007849 -72.96433075624479 -68.52738757835425 -62.762720043644684 -62.76550821863964 -59.12113868194995 -58.322038211563786 -57.8884249149077 -57.692831648926536 -54.5252929984945 -50.14257177108252 -50.14301459758207 -45.97413301470088 -44.5634674418831 -45.829448437574904 -47.99221029541831 -50.44127251825243 -50.44111062619203 -53.91355563378875 -56.26257497883845 -57.404016765884656 -57.792007126923934 -58.15046637884617 -56.52711313350002 -9999 -9999 -9999
-9999 -9999 -9999 -9999 -9999 -9999 -9999 -9999 -9999 -9999 -9999 -9999 -9999 -9999 -9999 -9999 -9999 -9999 -9999 -9999 -75.60999914736374 -77.42455428000356 -77.3776874239887 -81.2988040959257 -83.74242245896869 -79.14389940586189 -79.14458251410194 -68.27223591566239 -57.72833884468889 -49.81912158570389 -47.94848650156578 -50.18361010619979 -52.73921349699285 -52.74000719807202 -53.446741116983496 -51.301427274654685 -47.96872902887047 -44.3539041728679 -45.068623881541356 -46.27988518190607 -46.278832924837076 -48.32951114389239 -51.180236202632024 -54.26382107959816 -57.662967167096895 -60.05229367500312 -60.601173623450315 -60.60139378609782 -60.23057062395381 -59.1166611583959 -9999 -9999
-9999 -9999 -9999 -9999 -9999 -9999 -9999 -9999 -9999 -9999 -9999 -9999 -9999 -9999 -9999 -9999 -9999 -9999 -9999 -9999 -9999 -76.04070941159216 -75.66581728059558 -75.66735741716596 -76.36436686515006 -73.93004862359975 -66.75222684185113 -61.02196898311421 -55.42777119516117 -52.261945569492376 -52.201389959266116 -48.29185726684529 -47.55472475404746 -48.5481355908925 -50.232387509092405 -50.15799539015947 -48.11382806607221 -46.1430310826642 -46.14309510329266 -46.58467053838093 -47.59237629805615 -49.97672000939925 -52.84777472280208 -56.499502548951156 -57.50103218941057 -57.50187799538007 -58.52784730877298 -58.4300317294025 -57.2803084105768 -9999 -9999 -9999
-9999 -9999 -9999 -9999 -9999 -9999 -9999 -9999 -9999 -9999 -9999 -9999 -9999 -9999 -9999 -9999 -9999 -9999 -9999 -71.83417548234989 -74.89670142010199 -77.27578882974758 -76.7759349185702 -74.71067401672741 -68.22704980138613 -57.40807788383953 -46.997409120447465 -46.9969567391085 -41.06368048822589 -40.56742957149847 -41.38460664482517 -42.562663698674456 -43.376064390311264 -44.53709737588459 -48.14535521504794 -48.145065001198 -50.354555229431675 -51.16409692833231 -50.10595638502551 -49.51776127514483 -49.71022059654375 -51.20717631431529 -53.93382277472771 -53.933583282016286 -54.535210696150244 -55.189842300925186 -56.224253678519794 -56.567049939132595 -56.531133862952444 -55.67956278889433 -55.84332251815362 -9999
-9999 -9999 -9999 -9999 -9999 -9999 -9999 -9999 -9999 -9999 -9999 -9999 -9999 -9999 -9999 -9999 -9999 -9999 -76.34643440822275 -72.62808485960603 -70.01949010345767 -67.78174409842761 -65.64916343017602 -61.46165652571271 -57.85615295299366 -55.05459580259982 -55.055607972298596 -52.63859116771471 -49.79214634674696 -46.6001624239013 -45.71686976209885 -46.60933085019705 -47.29834536215937 -47.211642920936264 -47.77304445206318 -47.77280607714794 -48.67325518051413 -51.18559972389945 -52.5225237797713 -53.20065105517236 -51.43436567468049 -50.683464977563936 -51.63561748678165 -52.902664149570924 -52.90210880275948 -53.273855428641205 -53.151355390395715 -53.552414083546196 -53.936115383222436 -53.34109901594646 -51.852631313586166 -9999
-9999 -9999 -9999 -9999 -9999 -9999 -9999 -9999 -9999 -9999 -9999 -9999 -9999 -9999 -9999 -9999 -9999 -75.50941167302473 -73.49003659925509 -67.22514563794357 -57.178457408475715 -52.68744582669101 -52.68782303867066 -50.03850091700491 -47.82888950776341 -45.62424341752964 -44.244451134625436 -44.01895358807441 -44.94653099356967 -46.61571445122547 -46.788656666831805 -46.78991406298958 -45.29431118369898 -45.335614668760655 -45.98872848930679 -46.796764202133886 -48.62644309383667 -49.39959160217635 -50.87908340239446 -51.05140926810563 -50.967806249178 -50.96659122147831 -52.53008077848739 -53.52588202209353 -53.35296403231985 -51.67482706261915 -50.31288906817773 -50.87276390618378 -50.40178101839621 -50.44531471165961 -9999 -9999
-9999 -9999 -9999 -9999 -9999 -9999 -9999 -9999 -9999 -9999 -9999 -9999 -9999 -65.94773282728242 -67.65754215204855 -71.15272891891014 -73.73243986465529 -73.73332400634163 -72.8447531735339 -68.91425551351328 -61.3085308030019 -53.262444845185655 -46.759333345302544 -42.8820100058345 -42.202444881588455 -43.976373172066964 -43.22904781133405 -43.22537522583629 -43.635517087150504 -44.73506473806272 -46.68224070864103 -47.3559946394627 -46.51401003828665 -46.52762367776054 -47.37363633843642 -50.08502030516277 -50.22642969616899 -50.5799331555653 -50.57869783207557 -50.01509465577014 -49.28196604084833 -49.699734807529595 -50.487025293305216 -50.370998473635765 -49.69142877367307 -49.94932575333532 -49.895178187288856 -50.55718991299448 -50.55705000157366 -51.19560831758992 -49.18265116399282 -9999
-9999 -9999 -9999 -9999 -9999 -9999 -9999 -9999 -9999 -9999 -9999 -9999 -9999 -66.53351162476697 -65.80563134499674 -66.7256460307312 -66.7570401714099 -67.40403139746921 -63.21917835140198 -57.353326581287575 -49.43577987500372 -44.345644754389006 -41.69120531608243 -41.693016796992545 -42.293296759662866 -43.35375188704616 -45.56332506513122 -46.38004962332576 -46.06178188087494 -46.585328511882885 -46.718493983305436 -47.52031226016938 -48.102969679739324 -50.10624712741331 -50.107565138652404 -51.6947851571059 -51.4418327283185 -51.06582247984853 -50.31151201238408 -50.05169530879604 -48.864184647024075 -49.77762625392799 -50.11387359312485 -49.64262206554614 -50.368550405412186 -50.366793514779616 -50.85816520500147 -50.99976501708797 -51.568449258626146 -51.41074790915757 -51.899642273783606 -52.024765285775736
-9999 -9999 -9999 -9999 -9999 -9999 -9999 -9999 -9999 -9999 -9999 -9999 -9999 -65.59812514309421 -63.23994246445715 -53.47934717783914 -46.989706517010184 -44.449731203614455 -43.37451789648966 -47.922596762837784 -44.83597803859258 -42.06125457074432 -42.35781515480701 -43.404806335253966 -45.5098959851595 -47.64087749524185 -51.18538234300864 -52.52869342489042 -51.511016443449904 -50.6044848385469 -50.86746917389385 -51.33002059930339 -50.16917330786642 -50.632283955770845 -51.00881689686602 -51.69008462911889 -50.72348199092807 -50.470325784415685 -49.24498069615037 -50.973308725134494 -51.490048024090406 -50.70858086918718 -49.433291501727524 -45.918754481818475 -9999 -9999 -9999 -9999 -9999 -9999 -9999 -9999
-9999 -9999 -9999 -9999 -9999 -9999 -9999 -9999 -9999 -9999 -9999 -9999 -9999 -67.4319436438874 -63.403420506591985 -56.35178743687604 -49.482218016978166 -43.15655880985814 -41.16723771774825 -40.80535797868736 -42.27990604996298 -43.80900451504645 -44.191174824730695 -44.962343455853016 -46.698768589669065 -49.60968691405651 -52.139727374773905 -53.03347334349083 -53.03359577226939 -52.590312910466395 -52.821779299317335 -53.01160990788365 -53.145194509796255 -52.33719003038456 -51.66061301864422 -50.255045612855255 -49.12099732387083 -48.19235564004981 -49.08701828753794 -50.54072748901597 -50.208525528583365 -9999 -9999 -9999 -9999 -9999 -9999 -9999 -9999 -9999 -9999 -9999
-9999 -9999 -9999 -9999 -9999 -9999 -9999 -9999 -9999 -9999 -9999 -9999 -75.1520811020424 -67.98347147466404 -60.22585207396842 -51.81433792866296 -45.19958992056037 -41.927632437305476 -41.373221737745325 -41.702388119460615 -43.16976375037444 -43.17075003635368 -44.79193181213657 -45.29945651756962 -46.6657692166558 -48.86670986611523 -51.37392691445167 -51.660767016922634 -50.76328715556219 -51.15706575901029 -52.13322661010911 -52.05093668384057 -52.798271223674746 -52.44458381114997 -52.21272320010549 -50.655442696252614 -49.620639320751856 -49.62064645840808 -50.36955912661217 -50.74890266615193 -50.035820255982685 -9999 -9999 -9999 -9999 -9999 -9999 -9999 -9999 -9999 -9999 -9999
-9999 -9999 -9999 -9999 -9999 -9999 -9999 -9999 -9999 -9999 -9999 -63.556331567145996 -63.523033899213026 -63.480216218198244 -61.78497988634089 -54.136535564164156 -46.445614873361905 -43.60416909178032 -42.65077025741189 -43.598766939282065 -44.58945089161164 -45.422839262684356 -45.73891821184453 -45.56123883849885 -46.906453599172146 -48.797733989947176 -50.401285072562494 -50.629327327524635 -50.58137829092743 -50.39327974718504 -50.39144298801784 -50.39072816767384 -50.22851525510313 -51.285674412261045 -52.00604581313755 -52.160965821250294 -51.37487486877388 -51.39190136240596 -50.259138310964225 -48.19324401943272 -9999 -9999 -9999 -9999 -9999 -9999 -9999 -9999 -9999 -9999 -9999 -9999
-9999 -9999 -9999 -9999 -9999 -9999 -9999 -9999 -9999 -9999 -55.85903204870993 -54.09991993106973 -53.74740753637657 -52.11183208497632 -48.41611079527638 -44.310791647521846 -44.265882785223475 -45.4168183580056 -45.03328032410245 -46.5096057267216 -47.98378151073349 -49.89628419456478 -50.05002641414868 -48.359777496423334 -47.51297934680546 -47.41925890714034 -48.31057757671646 -49.05866268257901 -50.47863897350346 -50.8049397873686 -50.75038308345063 -50.30258556457793 -50.3077403276437 -51.339550730996606 -51.79599945329606 -51.89192381508894 -51.63039305239098 -49.41034826061818 -47.817736667583674 -9999 -9999 -9999 -9999 -9999 -9999 -9999 -9999 -9999 -9999 -9999 -9999 -9999
-9999 -9999 -9999 -9999 -9999 -9999 -9999 -9999 -9999 -9999 -9999 -9999 -48.7849172245197 -47.8235411651014 -47.8619875190675 -47.86455869183627 -48.30055176742506 -47.98649087794879 -48.00209626102264 -47.50899250755468 -49.30226691113432 -50.22331927196714 -51.9491973963037 -51.32215459016889 -50.919237341846674 -50.21660418325093 -48.69349943844056 -48.42770713887411 -47.9517537576492 -49.020014442828796 -49.68309157567591 -49.841260905125466 -48.48947807639574 -47.78983683692778 -47.98645794670988 -49.03517882624436 -51.23772506299058 -51.26100081408822 -49.54383181468607 -45.53237937381786 -9999 -9999 -9999 -9999 -9999 -9999 -9999 -9999 -9999 -9999 -9999 -9999
-9999 -9999 -9999 -9999 -9999 -9999 -9999 -9999 -9999 -9999 -9999 -51.121246158446034 -49.73686490062519 -48.187981038925756 -47.19068376299682 -47.25673615253753 -49.596719033670794 -51.19534621810664 -51.17807956086004 -50.570653057144725 -51.38760681295643 -51.48481196879842 -52.249301684995686 -51.599933257564935 -51.32277699569021 -51.395399546395204 -50.7285248642135 -50.69266609643753 -50.43053558296639 -50.14413559394265 -49.39327656620946 -48.84880958162418 -47.88392743165135 -47.71590811224946 -47.716035874298704 -49.30684979354421 -52.40154548892396 -51.027290309530194 -48.59288616539868 -9999 -9999 -9999 -9999 -9999 -9999 -9999 -9999 -9999 -9999 -9999 -9999 -9999
-9999 -9999 -9999 -9999 -9999 -62.51732467726121 -62.52474684397657 -61.22249395662187 -60.01192555382421 -53.825553553836706 -49.79424680741163 -48.687388946966635 -48.68738856407587 -48.98607062451685 -48.06733203244465 -47.779365678953454 -49.296232544986026 -51.80841236630399 -52.86596397881442 -52.056449693274004 -51.88537984711071 -52.10439091827774 -51.792550468490894 -52.316006666820705 -51.9302986201126 -51.15441742975045 -50.98932993903978 -51.19208215025263 -51.27048765727471 -50.78134392583675 -50.725923465239504 -50.24302152382513 -49.70331389650952 -48.763744636298924 -48.09537208848744 -47.7607034313121 -47.28182429162718 -46.11475416372055 -9999 -9999 -9999 -9999 -9999 -9999 -9999 -9999 -9999 -9999 -9999 -9999 -9999 -9999
-9999 -9999 -9999 -9999 -58.921446570821544 -58.9410251061344 -55.32771035453845 -52.55163888607871 -49.854107390029775 -49.98574984399186 -49.68048383882714 -48.686612790261286 -48.290480428456924 -49.08001489564595 -50.32135177122628 -51.395685377081186 -52.41391363471369 -53.16146461533042 -52.22531893631462 -52.88586480181115 -52.07772860058445 -51.481340694981405 -50.735602395655526 -51.72087954105712 -51.55016205758852 -51.25872470542004 -50.81063213986026 -51.93934643256403 -50.8185806692025 -50.26632634448212 -50.82363509380061 -50.27515397378618 -49.395053863439124 -47.808030851227464 -44.89347261018853 -9999 -9999 -9999 -9999 -9999 -9999 -9999 -9999 -9999 -9999 -9999 -9999 -9999 -9999 -9999 -9999 -9999
-9999 -9999 -9999 -53.24347788760437 -50.727511955773174 -50.14695475591635 -51.023301477208726 -51.652716721152274 -51.90671197729621 -51.221339917490674 -50.808716996492294 -52.228873471123066 -52.26535769197049 -52.41293103273488 -52.47977781288847 -53.14649854575028 -52.79200431857718 -52.40275276893555 -51.90317340322158 -51.2266941422152 -50.930930506685975 -50.48017327012944 -50.01739923281043 -50.564830201430404 -50.49350571138421 -50.084951571565135 -48.14463543688387 -47.51117782247258 -46.82316955713573 -44.92886211918131 -42.1491182564909 -9999 -9999 -9999 -9999 -9999 -9999 -9999 -9999 -9999 -9999 -9999 -9999 -9999 -9999 -9999 -9999 -9999 -9999 -9999 -9999 -9999
-9999 -9999 -9999 -55.932675434025406 -50.37307737146728 -42.44112040392332 -42.13670880806251 -44.12915802015446 -45.70350503390691 -47.1004984133746 -48.04401268829342 -48.89699461529578 -51.2448722554897 -51.617479654982034 -52.56720955874008 -53.21577435357647 -52.48061646748291 -52.94356929841328 -51.31949178031089 -51.592536138036614 -51.27210926384135 -49.91571758980106 -49.11847051005631 -49.651841646715155 -51.18925357193141 -50.454557133824565 -48.287471296485 -46.78585564160472 -44.41788653741557 -9999 -9999 -9999 -9999 -9999 -9999 -9999 -9999 -9999 -9999 -9999 -9999 -9999 -9999 -9999 -9999 -9999 -9999 -9999 -9999 -9999 -9999 -9999
-9999 -9999 -9999 -60.36730301015897 -60.62345095043022 -56.40662920655513 -47.73283746335599 -46.45262834625228 -50.23270836453091 -52.17720677813777 -54.96179972477336 -54.48171973007678 -52.05485640937198 -52.34538502879418 -51.215934939800604 -51.68892961841672 -51.66379761194318 -51.7753471906394 -51.564001039063065 -51.39709137279906 -51.41786331417535 -49.87185751453887 -50.088780747397784 -50.598259915754326 -49.361089543371065 -48.99660407469163 -45.85009158880543 -42.86540523283989 -9999 -9999 -9999 -9999 -9999 -9999 -9999 -9999 -9999 -9999 -9999 -9999 -9999 -9999 -9999 -9999 -9999 -9999 -9999 -9999 -9999 -9999 -9999 -9999
-9999 -9999 -9999 -57.0718290696915 -55.38507339912898 -52.86772812742239 -52.28969427150914 -53.81428064942143 -55.09566974574808 -55.42427259694269 -55.25479736569143 -55.013056014194916 -53.227221381689404 -53.26781033323761 -54.64183956565428 -53.37960122318513 -51.93767170139186 -51.419522833566 -50.421000318022614 -50.908883207923296 -50.07194658771971 -50.253231182710245 -50.71574533275321 -50.57004125243475 -50.27769342061761 -47.962012924115314 -43.285244124326496 -9999 -9999 -9999 -9999 -9999 -9999 -9999 -9999 -9999 -9999 -9999 -9999 -9999 -9999 -9999 -9999 -9999 -9999 -9999 -9999 -9999 -9999 -9999 -9999 -9999
-9999 -9999 -9999 -9999 -53.5167390019206 -53.15588820551302 -53.354356541571995 -53.89316301804296 -54.394780336459945 -54.31695834129418 -52.68881412308252 -52.93499174190158 -55.779941832477476 -54.43647710910041 -54.24060421602165 -53.71859736254565 -53.284115293233974 -52.362747632144135 -51.433638676311595 -51.236263466217395 -50.42658315076249 -49.76520337287144 -49.4071959484305 -45.65967400571579 -9999 -9999 -9999 -9999 -9999 -9999 -9999 -9999 -9999 -9999 -9999 -9999 -9999 -9999 -9999 -9999 -9999 -9999 -9999 -9999 -9999 -9999 -9999 -9999 -9999 -9999 -9999 -9999
-9999 -9999 -9999 -9999 -52.72095473735435 -55.323098694727115 -55.227727327449976 -54.44114382718325 -53.32687585507769 -54.035604723879565 -57.190005959940606 -58.6913468534062 -58.786752835940774 -56.74419041163517 -55.953814085234654 -54.7132066363772 -54.1150514085458 -53.266091447467176 -53.51385056454068 -53.242912562015285 -54.1771101554722 -54.27745293242346 -51.058598881575634 -45.43084436357209 -35.11458380753167 -9999 -9999 -9999 -9999 -9999 -9999 -9999 -9999 -9999 -9999 -9999 -9999 -9999 -9999 -9999 -9999 -9999 -9999 -9999 -9999 -9999 -9999 -9999 -9999 -9999 -9999 -9999
-9999 -9999 -9999 -9999 -55.0289694883292 -55.44787364679742 -56.27957728011925 -56.975198510501535 -57.15154062836897 -57.06603702881378 -56.83575830702236 -58.60524337139893 -58.58447106956178 -57.601318222518216 -56.81839311053282 -57.301863331645116 -57.43139508089987 -56.64657484128169 -55.309806631033794 -54.74946901200889 -54.00235515965716 -53.2093976748033 -52.03404161148029 -48.34035015739953 -9999 -9999 -9999 -9999 -9999 -9999 -9999 -9999 -9999 -9999 -9999 -9999 -9999 -9999 -9999 -9999 -9999 -9999 -9999 -9999 -9999 -9999 -9999 -9999 -9999 -9999 -9999 -9999
