metrics/grid_rasters/ASCAT 12.5 TS/grideval_ASCAT 12.5 TS_X_fall_2018_absolute_bias.asc
ncols 52
nrows 55
xllcorner     11.25
yllcorner     55.25
cellsize      0.25
NODATA_value  -9999
[rows 0 to 28 of 55, columns 0 to 51 of 52]
-9999 -9999 -9999 -9999 -9999 -9999 -9999 -9999 -9999 -9999 -9999 -9999 -9999 -9999 -9999 -9999 -9999 -9999 -9999 -9999 -9999 -9999 -9999 -9999 -9999 -9999 -9999 -9999 -9999 -9999 -9999 -9999 -9999 -9999 -9999 -9999 -69.63930612734362 -69.43959723935477 -71.29084272958364 -9999 -9999 -9999 -9999 -9999 -9999 -9999 -9999 -9999 -9999 -9999 -9999 -9999
-9999 -9999 -9999 -9999 -9999 -9999 -9999 -9999 -9999 -9999 -9999 -9999 -9999 -9999 -9999 -9999 -9999 -9999 -9999 -9999 -9999 -9999 -9999 -9999 -9999 -9999 -9999 -9999 -9999 -9999 -9999 -9999 -9999 -9999 -9999 -9999 -68.93980462494353 -74.06657111338208 -74.04156252241455 -71.74267806916747 -68.75421600457302 -68.75355203929692 -9999 -9999 -9999 -9999 -9999 -9999 -9999 -9999 -9999 -9999
-9999 -9999 -9999 -9999 -9999 -9999 -9999 -9999 -9999 -9999 -9999 -9999 -9999 -9999 -9999 -9999 -9999 -9999 -9999 -9999 -9999 -9999 -9999 -9999 -9999 -9999 -9999 -65.67476970007309 -65.7260058366746 -69.05752416748545 -69.29772478603836 -64.49385897640342 -56.77251218406903 -55.46829684331155 -9999 -59.5854746848217 -67.04426619618948 -73.25714815352718 -74.20123749492923 -72.42224454090334 -72.42240889693765 -70.4802703740132 -68.47173076044605 -65.93792416042525 -65.36367898860384 -65.36471869365438 -9999 -9999 -9999 -9999 -9999 -9999
-9999 -9999 -9999 -9999 -9999 -9999 -9999 -9999 -9999 -9999 -9999 -9999 -9999 -9999 -9999 -9999 -9999 -9999 -9999 -9999 -9999 -9999 -9999 -9999 -9999 -9999 -9999 -68.18062506818772 -70.84700168706121 -69.94354834394791 -63.45257736844965 -55.18262320007642 -55.24168214884716 -52.18738981531269 -53.47405532373793 -57.16136556858854 -60.802486774231504 -63.567907141923094 -63.567581646758434 -65.85234234649865 -66.58719501510532 -65.30557707103313 -64.80985020835439 -63.51799397488697 -63.51973942538364 -62.6167657219164 -61.32721689498701 -61.40582774312331 -9999 -9999 -9999 -9999
-9999 -9999 -9999 -9999 -9999 -9999 -9999 -9999 -9999 -9999 -9999 -9999 -9999 -9999 -9999 -9999 -9999 -9999 -9999 -9999 -9999 -9999 -73.21078961235362 -76.11058324536909 -74.11117555475184 -72.91788070408106 -72.70743727838156 -74.75932451359442 -72.87693549701216 -71.96524501696855 -69.47790407461717 -64.30059970863765 -61.44148951997529 -56.41854485805878 -56.63976147340788 -57.52062905874739 -55.899511662088216 -55.842455546092516 -56.01822272697245 -56.234780221580074 -58.38938317722587 -58.927625255581106 -59.35343948799303 -59.39326718572813 -59.22288803891652 -58.677762524919466 -58.288808008422066 -59.22112742883198 -59.2224206357174 -9999 -9999 -9999
-9999 -9999 -9999 -9999 -9999 -9999 -9999 -9999 -9999 -9999 -9999 -9999 -9999 -9999 -9999 -9999 -9999 -9999 -9999 -9999 -9999 -75.91628957691671 -75.91866033726835 -77.35076539834157 -75.06627655126172 -73.09218644482108 -68.53837086172582 -65.58554184832916 -63.58154347450181 -63.58008651964956 -64.28204217286013 -65.97860492350125 -67.19737013768936 -67.37918469300271 -63.998609150245315 -60.10174774066988 -60.10239238240449 -56.49060848189328 -54.6492309970137 -55.80804614500091 -56.93618762662716 -56.99495651400086 -56.99519563749613 -58.597362793152065 -58.30623965168667 -59.24113969520113 -59.787466694578846 -59.85328619430428 -57.08961605206292 -9999 -9999 -9999
-9999 -9999 -9999 -9999 -9999 -9999 -9999 -9999 -9999 -9999 -9999 -9999 -9999 -9999 -9999 -9999 -9999 -9999 -9999 -9999 -70.5925491409412 -74.59282777426023 -75.26453720196962 -75.90097448341533 -75.62583951712634 -70.68045229027189 -70.68050883577122 -65.22892226275785 -60.2566139988726 -57.82888857196548 -58.45246882525205 -61.108473770863334 -62.631191687836534 -62.63217452072446 -62.96617989965274 -60.17481724422471 -56.10883062757639 -52.9724005572351 -53.99272958758559 -53.725943946932794 -53.72448516701097 -54.53135034197692 -55.54386305942432 -56.09750063847914 -57.13524777907092 -57.884647281534036 -57.84284591256907 -57.845428654417105 -57.46676201102272 -56.04572357825677 -9999 -9999
-9999 -9999 -9999 -9999 -9999 -9999 -9999 -9999 -9999 -9999 -9999 -9999 -9999 -9999 -9999 -9999 -9999 -9999 -9999 -9999 -9999 -70.99774997049336 -71.70364560701941 -71.70455551704512 -72.36823797053788 -70.76772883769999 -67.04627524363549 -64.30091808782173 -62.2251954064455 -61.41419917050483 -61.35309816266551 -57.84560384213884 -57.79223531860358 -58.34151961937978 -59.302744274481604 -58.39719921514307 -55.690054351050776 -53.403570958495465 -53.40571373599258 -52.851226235836585 -53.019724574595976 -53.69612193937575 -54.16966207773913 -55.108939289896796 -54.66183807299347 -54.663171179302644 -54.450990295382425 -54.328490238013906 -53.05470826273612 -9999 -9999 -9999
-9999 -9999 -9999 -9999 -9999 -9999 -9999 -9999 -9999 -9999 -9999 -9999 -9999 -9999 -9999 -9999 -9999 -9999 -9999 -71.09230398166746 -73.6817652632806 -74.98180639492485 -74.41321667292131 -73.29229276571434 -69.77522007115255 -63.56075726685396 -55.72727468263061 -55.72793690138313 -53.15166117610064 -53.48370119114018 -52.54654313863516 -52.3184256274605 -52.891233421053904 -53.33875541087082 -54.967350309741384 -54.96769826833049 -56.372256417459106 -57.02011754155156 -55.19122169131252 -52.83533437510924 -51.9986325356544 -51.39933800313643 -53.036521954336365 -53.03779734407974 -52.044552349600174 -52.342590344807036 -53.1161864040586 -52.06346171173645 -52.07392785406309 -51.732169505761604 -52.09220978367286 -9999
-9999 -9999 -9999 -9999 -9999 -9999 -9999 -9999 -9999 -9999 -9999 -9999 -9999 -9999 -9999 -9999 -9999 -9999 -74.09186032378847 -73.50251428091393 -72.71901021036749 -71.46864905624597 -70.63849744708264 -68.36156361913875 -66.60093720012932 -65.41834404805229 -65.42123224012315 -63.07480745051987 -60.08215470350928 -57.28942010637742 -54.062052784442606 -53.04729656821432 -53.54306761116235 -52.643803307861404 -53.01402559492751 -53.015318819981744 -53.776100321678655 -54.6005414708545 -54.570569983547784 -54.806946077951444 -51.871453430378196 -50.3778315292932 -50.81319226908217 -51.39185352936636 -51.39404604029771 -52.01984853774622 -51.238408512305526 -51.600039039066566 -52.287214165139034 -51.5361214472354 -50.456699161825455 -9999
-9999 -9999 -9999 -9999 -9999 -9999 -9999 -9999 -9999 -9999 -9999 -9999 -9999 -9999 -9999 -9999 -9999 -75.88433591040996 -75.39242075455795 -73.0401911014362 -67.5029295531057 -64.77059076583853 -64.77074663556985 -61.60468159029397 -59.649690410463975 -57.43175338497503 -55.56226264520528 -55.316430818467204 -54.93821254956925 -53.60344041256103 -52.239385337976806 -52.24333321235841 -50.585515881887396 -49.774888709664594 -50.10587206161468 -50.41715377065208 -50.69222155510581 -50.654763792175395 -51.24026921251334 -51.18901147878341 -50.925777396309115 -50.92463598604372 -51.69086269188767 -51.543431965752866 -51.60117914188205 -51.09883044941277 -50.314285170230036 -50.63675366542201 -50.72457836983161 -51.20367085626722 -9999 -9999
-9999 -9999 -9999 -9999 -9999 -9999 -9999 -9999 -9999 -9999 -9999 -9999 -9999 -68.36434107385597 -69.84185009435836 -74.10091680872961 -77.50906909431905 -77.51114016538169 -77.05880988949608 -74.6234474124757 -69.887157206748 -65.3067917051501 -59.81590906220993 -55.29540523263647 -53.66568077935601 -54.124536739138705 -53.51320950730853 -53.5033135199381 -53.35256616062722 -52.64215504010576 -53.38945832164708 -53.37396728812422 -51.36254958030983 -50.06581828016954 -50.75219530621196 -52.29094715786975 -51.095221546561746 -50.769891266638496 -50.77035685297519 -50.13204049516095 -48.80059328841578 -48.880759289511616 -50.029461523061634 -49.74284934766429 -50.00266403276949 -50.669063863317454 -50.70677425639844 -52.02170429823449 -52.020450167941675 -52.92027750364768 -51.259049227614405 -9999
-9999 -9999 -9999 -9999 -9999 -9999 -9999 -9999 -9999 -9999 -9999 -9999 -9999 -66.14045935804694 -67.19916004260686 -70.07588916008916 -72.21648379432101 -74.40682745384127 -72.32455111005429 -67.97536943308047 -61.3075404638516 -56.23152055616021 -53.470320993026455 -53.47126204310185 -51.3526419591046 -51.73529850865393 -53.14573411157113 -54.25903240071639 -53.739234174868095 -53.549197012720406 -53.393743210503025 -53.18148405662979 -52.99548498754846 -54.433204292756244 -54.43773110484853 -54.74107537635382 -53.26909737409071 -52.06667541744676 -50.625339634373766 -49.57266994454764 -49.17092711710365 -49.81276765039714 -50.92034942470679 -50.74004594364347 -50.80047839700576 -50.798891656674634 -53.22564332230585 -53.678918519670994 -54.693870121105356 -54.6524318628468 -54.9351471233357 -55.219971510952995
-9999 -9999 -9999 -9999 -9999 -9999 -9999 -9999 -9999 -9999 -9999 -9999 -9999 -71.49999127626555 -70.93650636521977 -65.18719731512611 -60.69819795917245 -58.28473838624405 -56.97311975336088 -60.90171584808454 -58.169897102748784 -54.721056686680434 -52.932557735559065 -52.3257554251191 -53.37495974560785 -53.20945083226798 -55.69091106622746 -55.327216736489035 -53.68738952303522 -53.651859020065096 -54.184537815849154 -54.68945210338079 -54.342671797231176 -54.66613218957825 -55.10781121142738 -54.7363468536804 -52.73822566340878 -53.23992045830768 -51.28865724601303 -52.21711336488054 -53.268373579112385 -53.689510702152994 -54.04861555359495 -51.01475959654069 -9999 -9999 -9999 -9999 -9999 -9999 -9999 -9999
-9999 -9999 -9999 -9999 -9999 -9999 -9999 -9999 -9999 -9999 -9999 -9999 -9999 -74.00926420024551 -73.7110175360643 -69.68323233714764 -63.07294785519677 -56.69163690041684 -53.885001832600075 -53.57373475959025 -54.10813195778427 -55.18857437826618 -54.10258857716693 -53.76912260179035 -53.67512147206325 -54.19503065439421 -55.20767883224978 -55.678785687355344 -55.679006342567675 -54.327137813046896 -53.7904767705615 -54.31135875769028 -54.86409573488085 -55.51666296381251 -54.82488686912672 -54.19112763062768 -52.94584991034563 -51.79969875536214 -52.53622761381461 -54.137619056096284 -55.60649112696714 -9999 -9999 -9999 -9999 -9999 -9999 -9999 -9999 -9999 -9999 -9999
-9999 -9999 -9999 -9999 -9999 -9999 -9999 -9999 -9999 -9999 -9999 -9999 -75.9549207316069 -74.01248150428233 -70.25402184776782 -63.360327338080566 -56.15243446360353 -52.17403254702836 -52.70778382533261 -51.73070050401832 -53.39827542990267 -53.399384200590106 -53.884981967885075 -53.932734811204796 -54.60165179020579 -55.25057359867194 -56.62401914329434 -55.988170912703104 -54.45703609395086 -53.792452551028916 -53.99599440558249 -54.01009666437176 -55.76674346808161 -55.93748535848586 -55.960081821593505 -54.76987216690846 -53.20698429226885 -53.20644263732442 -54.4710091573838 -54.532406550155365 -55.576681396647395 -9999 -9999 -9999 -9999 -9999 -9999 -9999 -9999 -9999 -9999 -9999
-9999 -9999 -9999 -9999 -9999 -9999 -9999 -9999 -9999 -9999 -9999 -69.17196959992606 -69.13901259318153 -69.84062149534869 -69.77743003256586 -61.820643392193816 -54.438262724235784 -52.2848113472691 -51.501530562019354 -52.44795433116665 -53.36511695235728 -53.372995156203956 -54.34240723387023 -54.37192600867506 -54.97983095795519 -54.925821811955565 -56.338907946791785 -56.450985559445975 -55.33280510727063 -54.93389692809457 -55.298365892216026 -55.300123545237255 -55.1576809441153 -55.61029758334644 -56.0519906868561 -56.27129028374738 -54.51080898087054 -54.73754227400226 -53.719543075131035 -51.64346597895843 -9999 -9999 -9999 -9999 -9999 -9999 -9999 -9999 -9999 -9999 -9999 -9999
-9999 -9999 -9999 -9999 -9999 -9999 -9999 -9999 -9999 -9999 -67.49515023381103 -65.4142761717353 -63.50732990190633 -60.542622785031824 -55.746019928520404 -52.20842968458204 -51.97507567029196 -54.26254644766439 -54.20276499090311 -56.03366704186933 -56.349754441066075 -58.249885396159954 -58.66501338062278 -57.45490349480459 -56.471482153352156 -54.13522219255609 -54.31613950422022 -54.96710964064796 -55.37201839604668 -57.10593368037564 -57.29498695146117 -57.763618982739466 -56.98927092811451 -57.313253387508546 -56.14302979156226 -54.98594483582917 -54.20746045338559 -52.04404311593485 -50.5984516314843 -9999 -9999 -9999 -9999 -9999 -9999 -9999 -9999 -9999 -9999 -9999 -9999 -9999
-9999 -9999 -9999 -9999 -9999 -9999 -9999 -9999 -9999 -9999 -9999 -9999 -58.613817926753406 -56.1405195867819 -55.29351672257656 -55.295738852205226 -55.62873065881257 -55.964571732317495 -56.94120784653117 -57.28755054329674 -58.62849015856582 -58.873402188150045 -61.02913905510786 -60.4691482372327 -58.629710837740056 -57.076201275599715 -56.943873355712405 -56.27380016371383 -54.490616533441475 -55.42428325162506 -57.28413029683171 -57.540643883102845 -55.55722188447957 -54.05539984613864 -52.92193439598842 -53.499505726173545 -54.41191264446186 -54.098801631707204 -52.78634963048439 -50.25942327437532 -9999 -9999 -9999 -9999 -9999 -9999 -9999 -9999 -9999 -9999 -9999 -9999
-9999 -9999 -9999 -9999 -9999 -9999 -9999 -9999 -9999 -9999 -9999 -60.36984409284781 -58.36848657605145 -55.37625583697526 -52.864910968231726 -53.34479109823498 -55.701637366121645 -58.060811498952674 -58.79167053995175 -58.47212307361226 -59.49659114414886 -60.446207060705525 -61.0422113960927 -60.00381330267464 -60.77638498924803 -61.25354043191294 -60.49775120969829 -58.704614777295504 -58.72304606886587 -58.398032103656035 -57.55433735949763 -56.18599118442958 -55.18065818438676 -54.25712808494921 -54.25596181071261 -54.18993785840481 -56.851970616562994 -56.045763927312606 -53.41970604488879 -9999 -9999 -9999 -9999 -9999 -9999 -9999 -9999 -9999 -9999 -9999 -9999 -9999
-9999 -9999 -9999 -9999 -9999 -74.15647134869897 -71.07449228197584 -68.616791706998 -66.90591164595 -60.81580521076523 -55.56876009002289 -55.30033678072807 -55.301044604195525 -54.3334068539602 -53.86956969519416 -53.90885170592906 -55.121138538752184 -57.66904246508681 -59.13834465012384 -58.62091521412404 -59.09061844548398 -59.76021405130255 -59.88252107136866 -61.225462129951886 -61.29900163900367 -60.376131645785705 -60.340817916641704 -60.55152693319438 -59.210384877974775 -59.757172157405 -59.04438619264308 -57.78672778632186 -56.76726387657903 -55.57429026897139 -54.74860195641968 -55.07011969563669 -54.348705466464615 -50.35626833003779 -9999 -9999 -9999 -9999 -9999 -9999 -9999 -9999 -9999 -9999 -9999 -9999 -9999 -9999
-9999 -9999 -9999 -9999 -71.87774502004784 -70.01045870581315 -64.73958771152519 -61.943815283044955 -58.66387585554836 -57.28147148050017 -56.09034308139551 -54.7993054681781 -53.556752686409894 -55.19009171569407 -56.73996502631422 -57.411620999217824 -58.74338502182273 -60.278650051098865 -58.8260110139851 -59.51781936743833 -59.07101980986964 -60.06410418651318 -60.4646379568529 -62.02833421282445 -61.32992913686852 -60.73476974480061 -60.761981888888776 -60.45337997692761 -60.17475353098385 -58.4649273016577 -58.59519078126112 -56.83591460335835 -55.82748382312186 -54.687004214653044 -52.89632222634513 -9999 -9999 -9999 -9999 -9999 -9999 -9999 -9999 -9999 -9999 -9999 -9999 -9999 -9999 -9999 -9999 -9999
-9999 -9999 -9999 -65.16177115946897 -61.75968619387461 -59.09987996636608 -57.52354457635444 -56.71975037222593 -56.54456661303135 -56.33124507571856 -56.30155435068246 -58.59551285639584 -58.7727674439739 -59.53566859819811 -59.49900374573106 -60.45129016949135 -60.12435577953392 -59.62509301367077 -59.13360594890032 -58.666616957953146 -58.726247210085276 -58.42139570260756 -58.62692611327199 -59.25867006852332 -59.8841038713916 -58.873473970763676 -56.40855149299149 -55.42655880220118 -54.733457094626104 -52.674544766894996 -50.00164711213529 -9999 -9999 -9999 -9999 -9999 -9999 -9999 -9999 -9999 -9999 -9999 -9999 -9999 -9999 -9999 -9999 -9999 -9999 -9999 -9999 -9999
-9999 -9999 -9999 -63.915874183791075 -58.52092566749034 -49.93053743467298 -48.77209660706796 -49.76932212202915 -51.555637813475045 -52.08364647875178 -52.89392522766824 -53.75089323149665 -57.012128283683225 -59.225593735926545 -59.797580163946236 -60.49100492514921 -59.997091838426144 -60.53244442573072 -58.64245903437632 -58.5502284969966 -58.27464825983292 -57.68428508406457 -56.9435279478034 -57.152857332290594 -58.0904029029501 -56.96366453739476 -54.67479110598535 -52.832325229473845 -51.21698155869174 -9999 -9999 -9999 -9999 -9999 -9999 -9999 -9999 -9999 -9999 -9999 -9999 -9999 -9999 -9999 -9999 -9999 -9999 -9999 -9999 -9999 -9999 -9999
-9999 -9999 -9999 -66.89275280084505 -66.03768003543608 -61.43624793823969 -51.7528115799949 -49.73370244796542 -52.22493234860013 -55.25866241326179 -56.688990842438876 -56.09959867916889 -55.603413223183814 -57.202905620717665 -57.206410343812095 -58.189404103124645 -58.225576879429866 -58.51691463647594 -58.35814606764883 -57.836543108389655 -58.36122724403757 -57.027439959531776 -56.351761379652366 -55.70226269456229 -53.399566204936036 -51.867822158967066 -48.86111520823349 -47.18731506587616 -9999 -9999 -9999 -9999 -9999 -9999 -9999 -9999 -9999 -9999 -9999 -9999 -9999 -9999 -9999 -9999 -9999 -9999 -9999 -9999 -9999 -9999 -9999 -9999
-9999 -9999 -9999 -62.30291881624262 -58.858466032485936 -54.90311826807304 -53.75400489984997 -54.237637351478185 -56.06188091663678 -56.77400362922869 -57.17039503732973 -55.926533116782096 -54.098786129955656 -54.97973001763337 -58.338699145668066 -57.79897731202143 -56.73272614959878 -57.21495124434094 -57.27950034698554 -56.994856731746424 -56.212067757905785 -56.2708320611326 -56.556992846170175 -55.85834870616998 -54.38878693771662 -50.422930226443384 -45.79328150836825 -9999 -9999 -9999 -9999 -9999 -9999 -9999 -9999 -9999 -9999 -9999 -9999 -9999 -9999 -9999 -9999 -9999 -9999 -9999 -9999 -9999 -9999 -9999 -9999 -9999
-9999 -9999 -9999 -9999 -57.800626237271935 -55.54626417378546 -53.13500482882715 -53.373243315228926 -54.20929891161065 -55.189982602642154 -54.202861503862714 -53.69728087038142 -56.19725642158446 -55.968383632892106 -57.034281126886256 -57.974161375010866 -58.335595971614076 -57.95525470915417 -56.6296223044253 -55.06032280095865 -54.16481166392118 -53.45195844765114 -53.32411230538932 -49.97337464579825 -9999 -9999 -9999 -9999 -9999 -9999 -9999 -9999 -9999 -9999 -9999 -9999 -9999 -9999 -9999 -9999 -9999 -9999 -9999 -9999 -9999 -9999 -9999 -9999 -9999 -9999 -9999 -9999
-9999 -9999 -9999 -9999 -55.47705986506877 -56.402323123987635 -56.54154626556544 -56.108158690433385 -54.2859561084993 -53.76118303803504 -56.42882635027998 -57.383624137567566 -58.58481299839651 -57.979239380811606 -58.388795648176014 -58.64834152902297 -59.358635796669596 -59.09497276635374 -58.67072375154893 -58.04810175505651 -58.590761141242 -57.49320484920474 -53.27023250036108 -48.19566130620196 -36.22340007859647 -9999 -9999 -9999 -9999 -9999 -9999 -9999 -9999 -9999 -9999 -9999 -9999 -9999 -9999 -9999 -9999 -9999 -9999 -9999 -9999 -9999 -9999 -9999 -9999 -9999 -9999 -9999
-9999 -9999 -9999 -9999 -56.109039357949285 -55.20734673402799 -56.045821048621704 -57.38038252899345 -57.46853730326563 -57.438149644913004 -56.57589555945799 -57.564713672970925 -58.868052446841496 -58.62261734024645 -59.198906287514646 -60.96920900756042 -61.83111610558144 -60.89389239724608 -59.59910922293884 -58.25103526692434 -57.38224796238021 -56.44745628963358 -54.76792286224892 -51.27204805483508 -9999 -9999 -9999 -9999 -9999 -9999 -9999 -9999 -9999 -9999 -9999 -9999 -9999 -9999 -9999 -9999 -9999 -9999 -9999 -9999 -9999 -9999 -9999 -9999 -9999 -9999 -9999 -9999
