metrics/grid_rasters/ASCAT 12.5 TS/grideval_ASCAT 12.5 TS_S_fall_absolute_ubrmsd.asc
ncols 52
nrows 55
xllcorner     11.25
yllcorner     55.25
cellsize      0.25
NODATA_value  -9999
[rows 0 to 29 of 55, columns 0 to 51 of 52]
-9999 -9999 -9999 -9999 -9999 -9999 -9999 -9999 -9999 -9999 -9999 -9999 -9999 -9999 -9999 -9999 -9999 -9999 -9999 -9999 -9999 -9999 -9999 -9999 -9999 -9999 -9999 -9999 -9999 -9999 -9999 -9999 -9999 -9999 -9999 -9999 13.955880649283849 14.45592168010657 14.005500956209627 -9999 -9999 -9999 -9999 -9999 -9999 -9999 -9999 -9999 -9999 -9999 -9999 -9999
-9999 -9999 -9999 -9999 -9999 -9999 -9999 -9999 -9999 -9999 -9999 -9999 -9999 -9999 -9999 -9999 -9999 -9999 -9999 -9999 -9999 -9999 -9999 -9999 -9999 -9999 -9999 -9999 -9999 -9999 -9999 -9999 -9999 -9999 -9999 -9999 15.3195498554454 12.919218723181677 12.812610422099288 13.667720534629025 15.069137184439194 15.069280447950142 -9999 -9999 -9999 -9999 -9999 -9999 -9999 -9999 -9999 -9999
-9999 -9999 -9999 -9999 -9999 -9999 -9999 -9999 -9999 -9999 -9999 -9999 -9999 -9999 -9999 -9999 -9999 -9999 -9999 -9999 -9999 -9999 -9999 -9999 -9999 -9999 -9999 16.520147415905427 16.52043290959073 17.23439719583702 18.284522399059068 19.369496363573344 21.63463105527446 21.61900773306045 -9999 20.168469869313725 17.571851986728944 14.412564260795682 13.55908595372373 14.46532012667299 14.464950287969188 15.530968501364876 16.602330192130548 18.115674924100727 19.10425414187314 19.10532178803687 -9999 -9999 -9999 -9999 -9999 -9999
-9999 -9999 -9999 -9999 -9999 -9999 -9999 -9999 -9999 -9999 -9999 -9999 -9999 -9999 -9999 -9999 -9999 -9999 -9999 -9999 -9999 -9999 -9999 -9999 -9999 -9999 -9999 13.363938819826972 12.936704261625335 13.477371653880526 15.082526782244294 18.73103299129586 18.73110238504884 21.2552890498452 22.032792871599693 22.0688838254282 21.041448212958286 19.07159627951782 19.071785881704702 17.529909858800615 17.44027438475801 18.047605353035213 18.384277850295906 19.347997953004782 19.348708579888925 20.13796350959743 20.93354619749604 21.780391374953844 -9999 -9999 -9999 -9999
-9999 -9999 -9999 -9999 -9999 -9999 -9999 -9999 -9999 -9999 -9999 -9999 -9999 -9999 -9999 -9999 -9999 -9999 -9999 -9999 -9999 -9999 13.782776612501953 12.286051443518508 12.591411136183893 12.59912197364487 12.755809419744017 11.888582538346586 12.513539959230291 12.021103676170062 12.258628133703391 14.117390180504627 17.1276802991807 19.904007018069546 21.85237447763187 22.643543405615624 23.19037903655478 23.72843763082813 24.02944572318703 24.059268586036268 23.76643591554111 24.259589441541934 23.93148073316928 22.73942659090841 21.978582478371795 21.947957162046094 21.921172177890803 22.42525005505232 22.018164730216554 -9999 -9999 -9999
-9999 -9999 -9999 -9999 -9999 -9999 -9999 -9999 -9999 -9999 -9999 -9999 -9999 -9999 -9999 -9999 -9999 -9999 -9999 -9999 -9999 12.241775427988275 12.241236237358489 12.054262609751891 12.164102514284554 13.226833760850516 14.484046160699252 15.563908044699733 17.604400286359624 17.603855220567496 17.46621373260734 17.42616936477694 17.634884529089803 18.064058958509776 19.94399570076792 22.246421518177357 22.24645671025987 24.10092981388205 24.689280157290828 24.66795265801269 24.053237705478846 23.878287597817756 23.878518144158477 23.544195935239266 23.420028131901056 23.124705655598234 22.727842517589153 22.363465742927872 21.88757647516849 -9999 -9999 -9999
-9999 -9999 -9999 -9999 -9999 -9999 -9999 -9999 -9999 -9999 -9999 -9999 -9999 -9999 -9999 -9999 -9999 -9999 -9999 -9999 12.73831638659806 12.349632124863847 12.442664513838999 11.996745319538546 11.748132466447995 12.621662073986261 12.622563581119193 14.392232108648985 17.94215149290223 19.399865450642782 20.64123581135624 21.01117263446225 20.842142112308792 20.8433683595125 21.36848806933222 22.4632553729491 23.186187849845442 24.11121629715787 24.108575815382014 23.98017472895728 23.979902758614912 23.74272558419523 23.51288699729867 22.98567795247829 22.715504993058982 22.660775038259157 22.582193348156643 22.582551019609518 22.182919217712012 21.7774363526975 -9999 -9999
-9999 -9999 -9999 -9999 -9999 -9999 -9999 -9999 -9999 -9999 -9999 -9999 -9999 -9999 -9999 -9999 -9999 -9999 -9999 -9999 -9999 13.250927878473975 13.488111981881952 13.487951847995687 13.863931057815915 13.371283477576704 14.53261640803037 15.534543400516215 16.967343408770045 18.53177685798352 18.533506905337614 20.26345674561311 21.910570179315638 23.325579836992322 23.85117081995282 23.799143211749747 23.62296870021189 23.73154313760339 23.731699444374215 23.567095136231732 23.36722280635149 23.075943378147628 22.61688542538114 21.96289745008516 22.059961200152898 22.06029683072953 21.891643284192423 21.571155589080107 21.11491662342856 -9999 -9999 -9999
-9999 -9999 -9999 -9999 -9999 -9999 -9999 -9999 -9999 -9999 -9999 -9999 -9999 -9999 -9999 -9999 -9999 -9999 -9999 14.721371520510688 13.32312763634857 12.014458975168536 12.123781516113636 12.981361575490668 14.727276272753755 18.227385090813677 21.40966639898627 21.410330448958398 22.7568173544247 23.028117996825628 23.115875798272143 22.337007382644128 22.26967591227912 22.444803291791953 22.326826361124386 22.326922956444136 22.543882421238656 22.651660280603448 22.820689559986075 22.777970533085586 22.40227562024274 21.517087575588636 21.262147393366227 21.262447552331878 20.970657638605516 20.234939195236482 20.19074221113979 20.3069382070304 20.08171409726414 19.818835459383827 19.931610027058067 -9999
-9999 -9999 -9999 -9999 -9999 -9999 -9999 -9999 -9999 -9999 -9999 -9999 -9999 -9999 -9999 -9999 -9999 -9999 13.08110418673277 14.198527053466453 14.981591500034568 15.14306170628472 15.721084763780668 17.014900109495915 18.621236937594613 19.526314792595716 19.527815815279336 20.426276295567323 21.732389244924484 23.572570437935124 23.768132371648175 22.443662702768503 21.43962863305156 20.998899524659407 20.76252909953196 20.762731765039398 20.670619258403693 21.249760904192343 21.83453585515471 21.875219304073056 21.818748227855515 21.061903636466152 20.316207504321078 19.498353927756238 19.498542288842305 19.303497799928422 19.47157894474745 19.322652578392923 19.24982247526109 18.939829552561886 19.077732869930987 -9999
-9999 -9999 -9999 -9999 -9999 -9999 -9999 -9999 -9999 -9999 -9999 -9999 -9999 -9999 -9999 -9999 -9999 12.697234746292848 13.549615271801114 15.96707349228459 20.09146060190663 21.472608110809347 21.47295029048964 20.84068409409597 20.457201546008747 20.50451902882403 20.870276278499503 20.630856293735803 20.97367619034836 21.301334939966388 21.62313146311152 21.623260125439906 21.21429191000668 20.167381520322614 19.87598044859585 19.538700439925552 19.739143833217682 19.831012396147674 19.97244554452143 20.03482623999773 20.35017688047953 20.349842885763188 20.2801058946388 19.850456089199714 18.96401387886325 18.733015447902165 18.538896758120774 18.90939143129422 19.095740838325554 18.96961814637761 -9999 -9999
-9999 -9999 -9999 -9999 -9999 -9999 -9999 -9999 -9999 -9999 -9999 -9999 -9999 15.739327031368651 14.97395051590426 14.414153614426956 13.969683867201256 13.969670500056347 14.019520249179926 15.134435923665333 17.730616432431926 20.866260339162128 22.09021903885569 21.53427988666818 20.684012610542585 20.189939588973406 19.659424744550016 19.655307510720135 19.30270609074067 18.76254086535899 19.208404976339494 19.373267859132365 19.513543135070428 19.097867682144926 19.064812152945088 19.469194108290935 19.635479705888592 19.78848266314568 19.788158580440715 19.410340841558842 19.183573447221992 19.28038799793186 19.6440204519647 19.576211189063674 19.295240191522527 19.56487395277914 19.97230287196617 19.638869484866586 19.6387809367083 19.616334874267505 20.094906899628942 -9999
-9999 -9999 -9999 -9999 -9999 -9999 -9999 -9999 -9999 -9999 -9999 -9999 -9999 14.135575823660993 14.492638212503019 14.830783088484695 15.90654849311151 16.117778367011603 17.605551826486842 19.22877600873358 20.990789879113684 21.92612798932768 21.553243387487896 21.553697247272858 20.84278087916938 19.94543963013139 19.942656755387077 19.64768549109002 19.204729904673652 19.413357243265146 19.210232820619193 19.442710342289978 19.80053994003564 20.144589736638306 20.14536397628304 20.07645302938293 20.24661383332035 20.172887870357044 20.00076089028831 19.323095351168913 18.834749704545718 19.34970727861836 19.720593231147987 19.9830538006448 20.5365529296226 20.53677997807571 20.82042366997551 21.24562698275617 21.13449426416348 20.796857294909586 21.534155802713837 22.358720767149663
-9999 -9999 -9999 -9999 -9999 -9999 -9999 -9999 -9999 -9999 -9999 -9999 -9999 15.385157288675853 16.310237926062015 19.34102030444227 21.88260715088825 22.497022984013 21.99653921235479 20.767206610611197 20.930133407013003 21.076692226619887 20.664139888891427 20.064963768952246 19.820696502739214 20.103698551668927 20.455031974538898 20.510802196201148 20.76795651098818 20.02830207040246 19.915403634590206 19.93761601915638 19.672255562526342 20.294967545153874 20.610526336580367 20.534550848532586 20.60023479277232 20.344445612644826 20.309216205468463 20.042407883096022 19.939507505728585 20.25159624391296 21.132063777797825 22.179478504913625 -9999 -9999 -9999 -9999 -9999 -9999 -9999 -9999
-9999 -9999 -9999 -9999 -9999 -9999 -9999 -9999 -9999 -9999 -9999 -9999 -9999 16.31735556221822 17.734946993115454 19.93548565121284 21.585161521046125 22.643564936627737 22.401371309211346 21.713530709987765 21.2080215514682 20.966126384005253 20.700700180240272 20.485430853870035 20.151269874999358 20.76261575653654 20.53827122107725 20.171374062561714 20.171326151861226 20.301071111706236 20.43770676620272 20.386766618017216 20.453583505809558 20.5962010091528 20.83382216008872 20.50219329107923 20.024214798184094 20.17553405296566 20.414457522731823 20.68103140978529 21.63179188286628 -9999 -9999 -9999 -9999 -9999 -9999 -9999 -9999 -9999 -9999 -9999
-9999 -9999 -9999 -9999 -9999 -9999 -9999 -9999 -9999 -9999 -9999 -9999 12.358291968690288 14.61458867197476 17.88546222956612 20.84840250235198 22.324975864473068 22.781659722208968 22.065856664674005 21.472056351336654 21.116796518950967 21.117625328712997 21.17682922533768 20.95293134121492 21.029876489971176 21.274421723674497 21.0104106494359 20.7249932012422 20.61225879801294 20.503701021764666 20.41701434939724 20.497612763805762 20.616382834346272 20.73343606996147 20.67171649554733 20.311397133026908 19.736827791039847 19.73625886439906 19.99135386359217 20.86300578681364 21.94833137592125 -9999 -9999 -9999 -9999 -9999 -9999 -9999 -9999 -9999 -9999 -9999
-9999 -9999 -9999 -9999 -9999 -9999 -9999 -9999 -9999 -9999 -9999 12.306979016671312 12.306255777870616 13.066501611553786 15.408670029309864 18.51367445297497 21.11509221313522 21.99605053384128 21.983164815135503 21.67396423433373 21.391023638004985 21.41225440725168 21.636199304202947 21.77608717652369 21.525914532419538 21.08385072638471 21.3620065448698 20.94709041494169 20.79801552806679 20.517577389489208 20.53333323130644 20.53344436885461 20.554184178467526 20.677005605742654 20.656096320845013 20.46610400714082 19.768034067387788 19.62963704931298 20.13988831897237 21.47456660872243 -9999 -9999 -9999 -9999 -9999 -9999 -9999 -9999 -9999 -9999 -9999 -9999
-9999 -9999 -9999 -9999 -9999 -9999 -9999 -9999 -9999 -9999 17.542893860335802 17.35030708989281 17.05493330668005 17.784573977609988 19.60775621965431 20.664121644215307 21.06134557781513 21.39504640207505 21.98829181605623 22.120118542844573 22.241901067434878 21.884111384662305 21.81511303749889 21.870968568696394 22.177763556314424 22.011098949207568 22.05059026269556 21.788451856444286 21.55258513100916 20.740043550238017 20.454127739848584 20.199599294385145 20.177459902496683 20.440300874415087 20.58928021725412 20.06379750980312 19.562658038016078 19.657647700023606 20.35853177396961 -9999 -9999 -9999 -9999 -9999 -9999 -9999 -9999 -9999 -9999 -9999 -9999 -9999
-9999 -9999 -9999 -9999 -9999 -9999 -9999 -9999 -9999 -9999 -9999 -9999 22.478722142678137 21.236964666955565 20.771929485447536 20.77187027432096 20.692476968071265 21.110019000136518 21.007749499362163 21.32679053902387 21.53735507363732 21.59987479254049 21.86786784878366 21.809804121793942 21.86436304126317 22.53079120163729 22.323962227811847 22.2170249381602 21.940731574856834 21.1410456827006 20.832069130917528 20.230392110575604 20.333409722167307 19.701957255657803 18.958371668048372 18.946131469305648 19.511992343593047 20.048522372632114 20.474581895272678 21.248253613274926 -9999 -9999 -9999 -9999 -9999 -9999 -9999 -9999 -9999 -9999 -9999 -9999
-9999 -9999 -9999 -9999 -9999 -9999 -9999 -9999 -9999 -9999 -9999 21.386622140215174 21.734121766041874 21.81930077665518 21.070901773303508 20.597109370674268 20.414316397367152 19.959891773812288 20.45047383007449 20.44614008536476 20.783653700226818 21.409750129843566 21.99935995386496 22.00827268841051 22.16285755967232 22.31757046254927 22.295235948075167 22.127207741198674 21.71023756312161 20.87022799430593 20.502363298836446 19.914116968071358 19.74254861132482 19.23744671898589 19.237128042883995 19.329400782795233 20.18702886381628 21.424870028847085 21.783385361762466 -9999 -9999 -9999 -9999 -9999 -9999 -9999 -9999 -9999 -9999 -9999 -9999 -9999
-9999 -9999 -9999 -9999 -9999 17.894889028020753 17.682807099144302 17.347674697417688 17.66214250881911 19.43583150713849 20.9289671865023 20.761631393153213 20.761758620372547 21.17545554335197 21.014534680278413 20.91885258856301 20.430480731412004 19.61590995042544 19.769879460366546 20.200577107895228 20.34151566098814 20.32042203302711 20.852071530028923 21.353471044843374 22.094912519254933 22.14507299776691 21.547075440542255 21.038436898864628 20.831601165544065 20.65855753814603 20.618338780530763 20.12222861195893 20.338419105477065 20.436237955591785 21.466801010445536 22.021015234932538 22.1459011532864 21.863818676959404 -9999 -9999 -9999 -9999 -9999 -9999 -9999 -9999 -9999 -9999 -9999 -9999 -9999 -9999
-9999 -9999 -9999 -9999 20.170193120776187 19.82215982182689 21.678911332500377 22.124456365013078 22.143068600484625 21.918318653086075 21.252401922853092 21.17299806032349 20.992500173378 20.522442632862013 20.46492439005763 20.21309234674804 20.03649711239971 19.904328914482274 20.136901044193312 20.298070713124467 20.635986272354433 21.038126718411373 21.299324955382506 21.792290923892203 22.092070443073244 21.528994462003713 21.240877031514227 21.45661309085697 21.071805732415285 21.13015853670532 21.054858593929612 21.413145344868056 22.092916146109935 22.338610994109906 23.447204748363408 -9999 -9999 -9999 -9999 -9999 -9999 -9999 -9999 -9999 -9999 -9999 -9999 -9999 -9999 -9999 -9999 -9999
-9999 -9999 -9999 21.736250143309746 23.278564089142236 23.0107450050357 22.22941925380486 21.40917287668136 20.82810375760777 20.435883299920064 21.011068417762047 21.09132977622098 21.05911366923659 20.384973229379746 20.809920512930447 20.679032558919054 19.968613669975888 20.189006272578293 20.237901342109577 20.80971445069864 21.03546675119614 20.98925724233157 20.833134332512422 20.863487738070788 20.503581864183854 20.594504549309693 20.54977675080808 20.73490410902861 21.300134466982623 21.915797882931876 23.290296798731408 -9999 -9999 -9999 -9999 -9999 -9999 -9999 -9999 -9999 -9999 -9999 -9999 -9999 -9999 -9999 -9999 -9999 -9999 -9999 -9999 -9999
-9999 -9999 -9999 19.19701075841505 22.289623862739354 24.74234889928142 25.26536066840096 23.633021660185555 22.58405698794005 21.923857250250148 21.711291965631887 21.481210307564307 21.032139752305728 21.01212877310588 20.432007843827737 20.238264878341557 19.919071201673216 20.11705244121266 20.370845358837126 20.10357658493532 20.29519997744843 20.69829302418146 20.8581896279528 20.82626951786989 20.338369358110022 20.162192445458953 20.615882314275357 20.463765407526818 21.319599604706248 -9999 -9999 -9999 -9999 -9999 -9999 -9999 -9999 -9999 -9999 -9999 -9999 -9999 -9999 -9999 -9999 -9999 -9999 -9999 -9999 -9999 -9999 -9999
-9999 -9999 -9999 16.88057313193129 17.45094174870594 20.371379602273898 23.854096980620977 23.556983581157237 22.68317127024682 22.634408654735388 21.92062972394206 22.45949379766034 21.753469091297674 20.861071292333428 20.59972923902826 20.066254518116672 20.179670825018007 20.347203823071972 20.28637848246764 20.269009138305712 20.25531244130253 20.503443659976355 20.4268138934707 20.043242259485467 19.974892674103845 20.52563215958528 20.700224677873138 22.49478877163789 -9999 -9999 -9999 -9999 -9999 -9999 -9999 -9999 -9999 -9999 -9999 -9999 -9999 -9999 -9999 -9999 -9999 -9999 -9999 -9999 -9999 -9999 -9999 -9999
-9999 -9999 -9999 19.292358511549764 21.12844489516566 21.470436715869425 21.697516045841333 21.74285064167431 21.656711182248937 21.49534825575387 21.5956260598268 21.72231154148368 21.87310184077053 21.34976984031841 20.389178444346165 20.3410070653758 20.539012542244436 20.479436836228725 20.6174911400112 20.55783515540989 20.377836874778083 20.281845030572054 20.42485862983238 20.42526555086435 20.368985710429985 20.637368930478143 21.41304628736215 -9999 -9999 -9999 -9999 -9999 -9999 -9999 -9999 -9999 -9999 -9999 -9999 -9999 -9999 -9999 -9999 -9999 -9999 -9999 -9999 -9999 -9999 -9999 -9999 -9999
-9999 -9999 -9999 -9999 21.13141375001732 21.2649001783894 21.517128352070927 21.430628932211828 20.99644811850606 21.122557607340365 21.379689322332908 21.470036853476163 21.26304885126931 21.12337091261199 21.092129790368194 21.299353231028753 20.46376703038226 20.579195388325697 20.512359266550643 20.182174805845662 19.94743425349485 20.063068311604713 19.8081924673203 19.80516659277865 -9999 -9999 -9999 -9999 -9999 -9999 -9999 -9999 -9999 -9999 -9999 -9999 -9999 -9999 -9999 -9999 -9999 -9999 -9999 -9999 -9999 -9999 -9999 -9999 -9999 -9999 -9999 -9999
-9999 -9999 -9999 -9999 21.895144781263202 22.582986771728926 22.544817852293978 21.953844163526824 21.93156994370186 21.900846870057908 21.79206515243289 21.67094114737465 21.723812915210377 21.488008203557147 21.507348876371765 21.13952084621245 21.08563269960784 21.107235728061315 21.139237587096336 20.9734507766339 20.660309344422494 20.256187463698254 19.24730964295105 19.748334595357434 19.958708904696017 -9999 -9999 -9999 -9999 -9999 -9999 -9999 -9999 -9999 -9999 -9999 -9999 -9999 -9999 -9999 -9999 -9999 -9999 -9999 -9999 -9999 -9999 -9999 -9999 -9999 -9999 -9999
-9999 -9999 -9999 -9999 22.78190883353008 23.273450546837548 23.297804435371656 22.982939192030482 22.987286473809057 22.902039415268263 23.207969613965826 22.65991911874061 21.896948770667024 21.69488901693432 21.79434386037489 21.52972854529367 21.64107539190975 21.619071868524518 21.56925292223837 21.14423133455096 20.493172867345066 19.859185402772468 19.319202856763305 20.0695923268764 -9999 -9999 -9999 -9999 -9999 -9999 -9999 -9999 -9999 -9999 -9999 -9999 -9999 -9999 -9999 -9999 -9999 -9999 -9999 -9999 -9999 -9999 -9999 -9999 -9999 -9999 -9999 -9999
-9999 -9999 -9999 -9999 21.149552431708035 22.790959241212764 22.61024418183106 22.06259572897923 22.72408688266945 22.817726848924643 22.828607219023876 22.080644531066547 21.593744940746145 21.22905100559101 21.06727459019657 21.181031407786115 21.436790301870136 21.126782798917944 20.84105823213097 20.23865021395414 19.967584135832038 19.129569014375228 20.049657642229405 -9999 -9999 -9999 -9999 -9999 -9999 -9999 -9999 -9999 -9999 -9999 -9999 -9999 -9999 -9999 -9999 -9999 -9999 -9999 -9999 -9999 -9999 -9999 -9999 -9999 -9999 -9999 -9999 -9999
