metrics/grid_rasters/ASCAT 12.5 TS/grideval_ASCAT 12.5 TS_X_fall_2015_anomaly_pearson_r.asc
ncols 52
nrows 55
xllcorner     11.25
yllcorner     55.25
cellsize      0.25
NODATA_value  -9999
[rows 0 to 28 of 55, columns 0 to 51 of 52]
-9999 -9999 -9999 -9999 -9999 -9999 -9999 -9999 -9999 -9999 -9999 -9999 -9999 -9999 -9999 -9999 -9999 -9999 -9999 -9999 -9999 -9999 -9999 -9999 -9999 -9999 -9999 -9999 -9999 -9999 -9999 -9999 -9999 -9999 -9999 -9999 0.6820254904714752 0.6111183511016118 0.6011694964344376 -9999 -9999 -9999 -9999 -9999 -9999 -9999 -9999 -9999 -9999 -9999 -9999 -9999
-9999 -9999 -9999 -9999 -9999 -9999 -9999 -9999 -9999 -9999 -9999 -9999 -9999 -9999 -9999 -9999 -9999 -9999 -9999 -9999 -9999 -9999 -9999 -9999 -9999 -9999 -9999 -9999 -9999 -9999 -9999 -9999 -9999 -9999 -9999 -9999 0.7371096569985633 0.6570934158292876 0.6113231937194539 0.6191949453104841 0.5646247345902643 0.5653178163770378 -9999 -9999 -9999 -9999 -9999 -9999 -9999 -9999 -9999 -9999
-9999 -9999 -9999 -9999 -9999 -9999 -9999 -9999 -9999 -9999 -9999 -9999 -9999 -9999 -9999 -9999 -9999 -9999 -9999 -9999 -9999 -9999 -9999 -9999 -9999 -9999 -9999 0.6736310627416158 0.6505280370184219 0.6109638241542374 0.6515630963368729 0.6827646451252809 0.7140155720323462 0.7301931685378225 -9999 0.7175620131947495 0.6697976638861244 0.6041919563412878 0.5326894904413966 0.4820100862719969 0.4598679697314412 0.4625884571079867 0.4549766389230412 0.4802152734417678 0.38854574363484395 0.30056916984239823 -9999 -9999 -9999 -9999 -9999 -9999
-9999 -9999 -9999 -9999 -9999 -9999 -9999 -9999 -9999 -9999 -9999 -9999 -9999 -9999 -9999 -9999 -9999 -9999 -9999 -9999 -9999 -9999 -9999 -9999 -9999 -9999 -9999 0.6096545986454499 0.5644502142916612 0.6055707338578089 0.690949213497834 0.7491017164723145 0.6910507611186572 0.6993150563668952 0.6991965830125889 0.6535989671082661 0.5502330728111193 0.4543471479085624 0.4204075499303219 0.426047233391437 0.3951873428343163 0.4128389770566709 0.41970596036665664 0.4143989465604726 0.3692035733870327 0.4215993680361997 0.4143514346729549 0.3908085328058745 -9999 -9999 -9999 -9999
-9999 -9999 -9999 -9999 -9999 -9999 -9999 -9999 -9999 -9999 -9999 -9999 -9999 -9999 -9999 -9999 -9999 -9999 -9999 -9999 -9999 -9999 0.7379073969892508 0.7647695358802027 0.654664748215996 0.6075641374881255 0.5356500621568836 0.5182817941737716 0.5988032933102678 0.6580268698014555 0.5655957786913985 0.6723835889705105 0.6809333100808547 0.6834899326098693 0.6538553735823878 0.5639470270316251 0.6001342696349601 0.5825108379826247 0.4924186265685046 0.4621615882846202 0.4435357507063482 0.31478597324537005 0.3291364012451611 0.4827385845007301 0.5211168762162947 0.4642805534105196 0.4755192437332602 0.3888906132928217 0.3259632332777975 -9999 -9999 -9999
-9999 -9999 -9999 -9999 -9999 -9999 -9999 -9999 -9999 -9999 -9999 -9999 -9999 -9999 -9999 -9999 -9999 -9999 -9999 -9999 -9999 0.6883580536020479 0.6901959151582729 0.6497468798047943 0.5810523350459087 0.5605856764864481 0.6100620971229733 0.6865146299535132 0.6892354803348213 0.7137241191056566 0.7296660658105372 0.6727405372292128 0.6671699042826107 0.613069112595687 0.5819099744761376 0.5526633302017416 0.5376645331892298 0.5249594543245172 0.5788318502395401 0.5430929087215942 0.5309422821343284 0.4945995822593431 0.4788432921235094 0.4466394082287467 0.4148499512148013 0.35463443367202274 0.3129083399661929 0.27443594462468235 0.2743797728587289 -9999 -9999 -9999
-9999 -9999 -9999 -9999 -9999 -9999 -9999 -9999 -9999 -9999 -9999 -9999 -9999 -9999 -9999 -9999 -9999 -9999 -9999 -9999 0.6769748494428391 0.7606526553441983 0.5638527313048447 0.4891796633897333 0.4126878860738173 0.531844405832013 0.5712342251180431 0.7282029386890443 0.8024809306377199 0.8014382280853162 0.7779587642688329 0.6956189266062673 0.6351125335011802 0.5691200874577673 0.5035242628028394 0.4852619743635053 0.4815871248907024 0.4939934345331116 0.475950002462307 0.5120974195326459 0.5404271951218599 0.5446624627447291 0.5146618133395504 0.4415028578293189 0.3606088280717118 0.2952795584812071 0.27154728022162244 0.2450736817332051 0.2747779583388861 0.3177525645947956 -9999 -9999
-9999 -9999 -9999 -9999 -9999 -9999 -9999 -9999 -9999 -9999 -9999 -9999 -9999 -9999 -9999 -9999 -9999 -9999 -9999 -9999 -9999 0.4064116960784471 0.5164154315282372 0.5963304970560575 0.5601003778563984 0.6173305043140247 0.6456790990710147 0.6822689827634012 0.7015081200655948 0.6988247726979153 0.7048548105549544 0.6873444467385996 0.6980928976612955 0.6039806592120668 0.5172802034373529 0.4725764312485313 0.4885791714643047 0.4859523572282102 0.4720057218223914 0.4877771620359136 0.4729488323510049 0.4516838160251817 0.4452863251283343 0.3888475590574783 0.3601202471251883 0.36222407847230137 0.3303242421648344 0.3159282404361863 0.3350502638582654 -9999 -9999 -9999
-9999 -9999 -9999 -9999 -9999 -9999 -9999 -9999 -9999 -9999 -9999 -9999 -9999 -9999 -9999 -9999 -9999 -9999 -9999 0.5016119067691419 0.4774217575470168 0.5252953069101775 0.5135692450017413 0.5029239693062383 0.5179704674859034 0.5350865901399542 0.6281486994752523 0.6819669942176977 0.6803317705539382 0.6711012091947459 0.680015848853349 0.6213441601547767 0.5775840226862411 0.465409674180986 0.4053158738705904 0.39589431942846 0.35968804005451005 0.3436944997044677 0.35390589010026985 0.3909236074816861 0.4047548314569664 0.4138794957224757 0.4088653430708028 0.4042345012962013 0.413257139262324 0.39867475098688393 0.402056985887458 0.3907093415523868 0.3681074381565061 0.3500208102175077 0.34559596142556925 -9999
-9999 -9999 -9999 -9999 -9999 -9999 -9999 -9999 -9999 -9999 -9999 -9999 -9999 -9999 -9999 -9999 -9999 -9999 0.3494133595060154 0.4341682006328684 0.5158463374835061 0.5898268639468645 0.6102940315930365 0.6660978709018961 0.6831543539432161 0.6712780461288659 0.6165853983413125 0.5852357517936846 0.5738781733714526 0.5993080174969891 0.576684942144778 0.575843367132477 0.4913017498839695 0.4027651475912364 0.3218557857695049 0.3078801350494968 0.2767500158194343 0.2796023096827146 0.2938628857132488 0.32523668134297345 0.38215769208077344 0.3986842976065539 0.4162673838877364 0.4260798212005901 0.4094529600190235 0.40605834487937975 0.4168145806794234 0.3952744244154065 0.3901042512231184 0.3921259347265483 0.40586944985923423 -9999
-9999 -9999 -9999 -9999 -9999 -9999 -9999 -9999 -9999 -9999 -9999 -9999 -9999 -9999 -9999 -9999 -9999 0.5103123638241864 0.476177522694832 0.515268990444217 0.5645889080557027 0.6095089952572723 0.6122042587400953 0.6101580503838362 0.6076728653903494 0.5945168864202115 0.6123482757309893 0.6191780121843369 0.5866752228790801 0.5594282454944552 0.5317611172383534 0.5063602145508405 0.4686740313114267 0.3868772497104364 0.3057797146516016 0.25825547325303194 0.2729232111755816 0.2834059676054167 0.308001516195764 0.3577269148828722 0.3607462943926996 0.3906557379974181 0.40120977885443104 0.39366905534066254 0.4042102737381797 0.4168601683985621 0.4271462735219408 0.4404727659297844 0.4491849386100704 0.4468012779211399 -9999 -9999
-9999 -9999 -9999 -9999 -9999 -9999 -9999 -9999 -9999 -9999 -9999 -9999 -9999 0.7203811855666453 0.6872200061185851 0.6593783531590796 0.6187053853192177 0.6569816194712104 0.6405347806407139 0.6612447898826612 0.6464301920396696 0.573570766864681 0.5262166081488107 0.4969165757568187 0.4958186602864942 0.5415173371134521 0.5254892972574214 0.5214599309822037 0.4438559927749324 0.4399738706073182 0.4195417326236828 0.3697676243331295 0.3548576321734641 0.3235511808450399 0.2934994637518061 0.2776057306430785 0.28323504258294496 0.3173238337533533 0.34798514835760985 0.4404380159920612 0.4338235098835157 0.4539144732423787 0.4525973138222502 0.4430021719241332 0.4129715345210472 0.4130526504627904 0.4644112560645701 0.4616931844445018 0.4755102283575126 0.4891088665583814 0.46618837185809997 -9999
-9999 -9999 -9999 -9999 -9999 -9999 -9999 -9999 -9999 -9999 -9999 -9999 -9999 0.7297219990617566 0.7176106069305961 0.6235334829816205 0.5643671498035419 0.6184870568822796 0.6190081566422396 0.6119649814248636 0.5776303488335628 0.536784285281619 0.4789954914131885 0.4529855707958825 0.4381975356479315 0.4477007311887181 0.4210428995037096 0.38467186367878425 0.35713688221775663 0.3335281891017824 0.295033321958086 0.3312511452480068 0.31221724624297803 0.2653668541309561 0.22066296487878126 0.24229213195978305 0.27394336731945723 0.3208761409946692 0.3666296730119621 0.3773428051803397 0.3979539548195345 0.3781040457142727 0.3701112273352605 0.3459210568636936 0.3339864128347865 0.3411142920669894 0.3440357855326193 0.3597575264471179 0.38958203977183536 0.4292031530213194 0.4422279412396657 0.4395773977448685
-9999 -9999 -9999 -9999 -9999 -9999 -9999 -9999 -9999 -9999 -9999 -9999 -9999 0.6691523615345515 0.6256846261663126 0.6008642224137501 0.5954766882215506 0.5518811026262199 0.5078209374649996 0.5549983959331644 0.4949504290862015 0.4557665575563601 0.4394669251001617 0.4248344275759761 0.3839599903196227 0.3355929912665166 0.29950212557129136 0.3110498904644399 0.32895927396062785 0.2910045678332739 0.3007953564811644 0.29085154678252045 0.3121728168563056 0.2835765103847262 0.2513085841123107 0.2735253770631181 0.3348170717430654 0.3719092413976727 0.3681570634184092 0.33302594218633874 0.3821282826980957 0.408075027388938 0.4444519689124557 0.4369757032705007 -9999 -9999 -9999 -9999 -9999 -9999 -9999 -9999
-9999 -9999 -9999 -9999 -9999 -9999 -9999 -9999 -9999 -9999 -9999 -9999 -9999 0.4751466316402805 0.4613816641293872 0.47633184995734207 0.4848352957682752 0.4401927961993339 0.4297000833685461 0.4309608687236737 0.4227158360941258 0.3867820145248929 0.3355497801798671 0.2612095634541203 0.2344935423189849 0.1899531913545871 0.2242805276066409 0.2303967035494784 0.22411462603443755 0.22914595562594334 0.2002431380861414 0.1869132640753179 0.17460790994689498 0.1562482948742304 -9999 0.1833627087568854 0.2607615566741129 0.3147754083965586 0.3378037160649737 0.3810170360995413 0.3938935174548944 -9999 -9999 -9999 -9999 -9999 -9999 -9999 -9999 -9999 -9999 -9999
-9999 -9999 -9999 -9999 -9999 -9999 -9999 -9999 -9999 -9999 -9999 -9999 0.5951668202016396 0.5330170365372661 0.4705127346525749 0.4544484783223504 0.4326320635560941 0.4654319466814904 0.4028770345661117 0.4072731471967429 0.3784523384418935 0.3560245621931396 0.36083454197098697 0.2966543273913884 0.20588675688019453 0.19673971059898854 0.1813346575237328 0.20460667784247585 0.22595137427378095 0.2253372236425543 0.21792414733343668 0.15707985807458125 0.16889870901580656 -9999 -9999 -9999 0.25084944699435546 0.2768444293421163 0.3230707983060259 0.3606687890080504 0.3922820949649376 -9999 -9999 -9999 -9999 -9999 -9999 -9999 -9999 -9999 -9999 -9999
-9999 -9999 -9999 -9999 -9999 -9999 -9999 -9999 -9999 -9999 -9999 0.5881760609406634 0.6084083466205703 0.5762533573113104 0.5465916917102289 0.5039340095225472 0.4731908369587186 0.456624091712884 0.4464408632483372 0.3893518199697841 0.3463859089449928 0.2681240251818729 0.21225007754080288 0.22634634921384025 0.25783452805655416 0.26394624010910706 0.2601274217628241 0.2326193255309364 0.2056192700393341 0.18923674944518867 0.1761070494536504 -9999 0.1833684382252004 0.1843441678100496 0.1979696620346565 0.1857263792942893 0.2623042207848304 0.3087372375538596 0.3551843007509757 0.4054182608035099 -9999 -9999 -9999 -9999 -9999 -9999 -9999 -9999 -9999 -9999 -9999 -9999
-9999 -9999 -9999 -9999 -9999 -9999 -9999 -9999 -9999 -9999 0.5653414317136738 0.5259283434533881 0.5120880001224373 0.5204754217550374 0.4985131867309428 0.46061155000838 0.4660068592028875 0.4597114524899774 0.4137651055735852 0.3835785981921331 0.3569322930453655 0.29378437201512153 0.254128924270953 0.2665130236047779 0.28462719888363064 0.33144465587523303 0.2892733474004576 0.2695061185659614 0.2451967545794373 0.2018492141138336 0.19192437376385388 0.1695995396134129 0.1887644838230864 0.21585036117146794 0.22423786439603746 0.2583695931958542 0.28108516667375405 0.3419884156299303 0.4116969465524593 -9999 -9999 -9999 -9999 -9999 -9999 -9999 -9999 -9999 -9999 -9999 -9999 -9999
-9999 -9999 -9999 -9999 -9999 -9999 -9999 -9999 -9999 -9999 -9999 -9999 0.4583171770529573 0.5322455466475293 0.5545856154032849 0.5653108131549986 0.5294647098294121 0.49453528053626894 0.4485334044217145 0.4145339322272476 0.3683515995751737 0.3601495162203026 0.32217918340514656 0.2983578413116161 0.30846124921473983 0.3106014519512706 0.28971924938309923 0.2610429813970913 0.23572146691605803 0.20620732513506415 0.18523006438113632 0.1953560685499072 0.19331476404370787 0.2465024452484036 0.2971092320228793 0.32640837443443393 0.3502226970424047 0.37443656157606975 0.4324410850485263 0.4724439385312268 -9999 -9999 -9999 -9999 -9999 -9999 -9999 -9999 -9999 -9999 -9999 -9999
-9999 -9999 -9999 -9999 -9999 -9999 -9999 -9999 -9999 -9999 -9999 0.496579292207665 0.4688936798365621 0.500534545345263 0.5573897396119115 0.5831889359482636 0.562030730948889 0.5118030204174622 0.4857754508911979 0.4365251673540872 0.4425614330582708 0.4115449552814782 0.3922791010906649 0.3756558212192085 0.3528488800837448 0.32331829524302697 0.28181614794090226 0.30812916869096074 0.27361947953537064 0.2013308489406072 0.2025388275942744 0.24607939640687534 0.24103428096132296 0.2899589318487905 0.29957313021386056 0.3200313240200137 0.3222989704984281 0.3198278071930661 0.3812525584624727 -9999 -9999 -9999 -9999 -9999 -9999 -9999 -9999 -9999 -9999 -9999 -9999 -9999
-9999 -9999 -9999 -9999 -9999 0.6143584855569084 0.6515128480602859 0.6086932503507894 0.5816214977950461 0.5704498984669772 0.5253125410563225 0.5788120179010589 0.5971453872376852 0.5592345346315851 0.5447405356627204 0.52842332971621 0.5212569802017091 0.5185337398942289 0.4938632932311908 0.44146275392653256 0.4426136560120773 0.4445006833256699 0.4276755108377137 0.4309314286541302 0.44093237289908216 0.4116916338112798 0.3898706538109923 0.3945302951346632 0.36072278553853226 0.3103238233515586 0.3158259660354211 0.2847595658272101 0.30868253512271754 0.28814308314535664 0.3228909089159719 0.3321009932714884 0.3716294820059992 0.4656887508202117 -9999 -9999 -9999 -9999 -9999 -9999 -9999 -9999 -9999 -9999 -9999 -9999 -9999 -9999
-9999 -9999 -9999 -9999 0.5876190433025168 0.5707369640637001 0.5494828626530971 0.5936642322151879 0.5650689788298231 0.5739838555136625 0.5508144221414044 0.524321088163987 0.531356310593831 0.4923509897207428 0.5037476067435562 0.5002529714420487 0.5084652457213148 0.4977610882592633 0.4746380731171317 0.4716673495149119 0.4488819476657384 0.3702006592807247 0.3922762004031942 0.34864323170285483 0.3544547662480332 0.3855135238856363 0.3866216204620938 0.3789235947946601 0.3171706952674862 0.3197371545081523 0.3390353426784911 0.35758685818240504 0.32274191978239875 0.3306813923287282 0.362658824575042 -9999 -9999 -9999 -9999 -9999 -9999 -9999 -9999 -9999 -9999 -9999 -9999 -9999 -9999 -9999 -9999 -9999
-9999 -9999 -9999 0.5080786230405602 0.4958927064137308 0.56429636611561 0.4873942772233971 0.5074322151604094 0.5196886164417899 0.5353235117476349 0.5353304297226669 0.5684995350244817 0.5583779382040983 0.5067202549262376 0.5012745987624021 0.5068114139477358 0.5384297167079426 0.5356420302154841 0.528515228057358 0.5041093230202536 0.46945371770391797 0.3879387458838152 0.34417170212826176 0.28402938412656376 0.2583067645680228 0.27463431646667136 0.2803002931450297 0.2764860707337355 0.3050884461760707 0.3542005274731984 0.4289124028001303 -9999 -9999 -9999 -9999 -9999 -9999 -9999 -9999 -9999 -9999 -9999 -9999 -9999 -9999 -9999 -9999 -9999 -9999 -9999 -9999 -9999
-9999 -9999 -9999 0.6076225721763029 0.6203805780837244 0.6600850990532839 0.638469849726085 0.6499801352084835 0.667194184791697 0.6141333935318278 0.5893056722221712 0.5805692695766914 0.6142964512212259 0.5341640269882788 0.4824031448388244 0.5282584972349305 0.5391591533922109 0.5491240180384824 0.5348317799372715 0.494077089119159 0.4455728539143683 0.3627675366551538 0.29653034233457154 0.19611850367399128 0.17174219123741813 0.1864882326976526 0.23432596340145176 0.26520864269951605 0.32076901653954804 -9999 -9999 -9999 -9999 -9999 -9999 -9999 -9999 -9999 -9999 -9999 -9999 -9999 -9999 -9999 -9999 -9999 -9999 -9999 -9999 -9999 -9999 -9999
-9999 -9999 -9999 0.6970778242097134 0.7168000111863524 0.7134085430389963 0.7082830194177948 0.6971926697435413 0.6696794422062041 0.6444219743871734 0.6431280946441891 0.6096321877187434 0.6178626338805198 0.6294885160477403 0.6054711949883178 0.5786009973308823 0.5452248874127323 0.5129955817189539 0.4633989566359611 0.42631742117299787 0.3561543402646427 0.3069691474263214 0.2487310182774478 0.19963193302176568 0.215219387954162 0.2144377180135489 0.2388725816039552 0.352144660295443 -9999 -9999 -9999 -9999 -9999 -9999 -9999 -9999 -9999 -9999 -9999 -9999 -9999 -9999 -9999 -9999 -9999 -9999 -9999 -9999 -9999 -9999 -9999 -9999
-9999 -9999 -9999 0.6628706452176626 0.6851110590472244 0.670576095425625 0.6821978645639567 0.6919004571501429 0.6705938397369 0.6486293064256312 0.6439201458460545 0.6344353237603324 0.6437636286849503 0.6311708613571338 0.6044749678053521 0.5655301727748089 0.5167829194791855 0.4527119905992175 0.4220601604156814 0.3360132654620472 0.350556471645285 0.27005092392706 0.19702060316910525 0.16556848446441708 0.2098932940928757 0.2211495721315144 0.2872415157355288 -9999 -9999 -9999 -9999 -9999 -9999 -9999 -9999 -9999 -9999 -9999 -9999 -9999 -9999 -9999 -9999 -9999 -9999 -9999 -9999 -9999 -9999 -9999 -9999 -9999
-9999 -9999 -9999 -9999 0.6820402249480225 0.6996094913354157 0.6971713769529461 0.6877410119067067 0.6826049008970434 0.6428410588027278 0.6683058203281915 0.6464958581963473 0.6299498860632686 0.588106036611292 0.5895414365210867 0.5738370747552459 0.5433413846801447 0.4729272666315729 0.4634671578787231 0.4348011118324991 0.3551995678585244 0.2873955996046641 0.21407819531583325 0.2228043093247412 -9999 -9999 -9999 -9999 -9999 -9999 -9999 -9999 -9999 -9999 -9999 -9999 -9999 -9999 -9999 -9999 -9999 -9999 -9999 -9999 -9999 -9999 -9999 -9999 -9999 -9999 -9999 -9999
-9999 -9999 -9999 -9999 0.6385952448297485 0.6514709516147297 0.6507260413995157 0.6575005094526266 0.6782672503920857 0.6606600994341971 0.610015871617184 0.5671559474567379 0.5939340815184768 0.5743521031891319 0.5555381662901321 0.5508993305107786 0.5365396689814599 0.4958286640724918 0.4842900082347611 0.4445909057381251 0.3909880065060029 0.3398538627049717 0.3245373228602303 0.29083868746857194 0.3751722285706727 -9999 -9999 -9999 -9999 -9999 -9999 -9999 -9999 -9999 -9999 -9999 -9999 -9999 -9999 -9999 -9999 -9999 -9999 -9999 -9999 -9999 -9999 -9999 -9999 -9999 -9999 -9999
-9999 -9999 -9999 -9999 0.6373696114235939 0.6343046323278836 0.6390043380683165 0.5937663434716014 0.5552046351109458 0.5708098878943679 0.5675997766462579 0.5560073777242351 0.5944809275299837 0.5731148935700994 0.5830226100833051 0.5711414724393964 0.545522823240824 0.4856779749103791 0.4577820983600235 0.4087027027610872 0.3808033097285277 0.349763072698515 0.35645477466777786 0.3687596986910886 -9999 -9999 -9999 -9999 -9999 -9999 -9999 -9999 -9999 -9999 -9999 -9999 -9999 -9999 -9999 -9999 -9999 -9999 -9999 -9999 -9999 -9999 -9999 -9999 -9999 -9999 -9999 -9999
