metrics/grid_rasters/ASCAT 12.5 TS/grideval_ASCAT 12.5 TS_X_summer_2016_absolute_bias.asc
ncols 52
nrows 55
xllcorner     11.25
yllcorner     55.25
cellsize      0.25
NODATA_value  -9999
[rows 0 to 28 of 55, columns 0 to 51 of 52]
-9999 -9999 -9999 -9999 -9999 -9999 -9999 -9999 -9999 -9999 -9999 -9999 -9999 -9999 -9999 -9999 -9999 -9999 -9999 -9999 -9999 -9999 -9999 -9999 -9999 -9999 -9999 -9999 -9999 -9999 -9999 -9999 -9999 -9999 -9999 -9999 -84.36901380227964 -84.61569981226661 -86.40648231460109 -9999 -9999 -9999 -9999 -9999 -9999 -9999 -9999 -9999 -9999 -9999 -9999 -9999
-9999 -9999 -9999 -9999 -9999 -9999 -9999 -9999 -9999 -9999 -9999 -9999 -9999 -9999 -9999 -9999 -9999 -9999 -9999 -9999 -9999 -9999 -9999 -9999 -9999 -9999 -9999 -9999 -9999 -9999 -9999 -9999 -9999 -9999 -9999 -9999 -85.40351889926558 -88.44276729802178 -88.89026509461561 -87.90998338897526 -86.57879036509532 -86.57713806444531 -9999 -9999 -9999 -9999 -9999 -9999 -9999 -9999 -9999 -9999
-9999 -9999 -9999 -9999 -9999 -9999 -9999 -9999 -9999 -9999 -9999 -9999 -9999 -9999 -9999 -9999 -9999 -9999 -9999 -9999 -9999 -9999 -9999 -9999 -9999 -9999 -9999 -73.83594268879388 -73.88290297330029 -77.86375466968167 -80.09266133233609 -79.21004915264103 -75.1775159682884 -74.96542859360817 -9999 -79.91087583307164 -85.74345891681803 -89.60440630388962 -89.98258965799887 -89.31855436414473 -89.32143156560345 -88.57978894779032 -88.4910422306322 -88.71420820393772 -89.82823583656067 -89.83062051751726 -9999 -9999 -9999 -9999 -9999 -9999
-9999 -9999 -9999 -9999 -9999 -9999 -9999 -9999 -9999 -9999 -9999 -9999 -9999 -9999 -9999 -9999 -9999 -9999 -9999 -9999 -9999 -9999 -9999 -9999 -9999 -9999 -9999 -73.78283260461376 -76.06458622400345 -78.12911987967874 -77.19017388809492 -74.57921386133332 -74.64647188405891 -73.03762796703033 -74.88435642963096 -79.14460202126808 -82.71815179436767 -85.26296711465514 -85.26329876949417 -86.95836992101879 -87.85483679461012 -87.75270782747812 -87.97106301551861 -87.53145082320971 -87.53304542293529 -87.94592855072581 -88.50954029113869 -89.33161122714937 -9999 -9999 -9999 -9999
-9999 -9999 -9999 -9999 -9999 -9999 -9999 -9999 -9999 -9999 -9999 -9999 -9999 -9999 -9999 -9999 -9999 -9999 -9999 -9999 -9999 -9999 -80.85046799954644 -83.71306987262061 -81.47616257995014 -80.65665011542114 -79.93863457675569 -80.20517090521189 -82.78485035290194 -83.7983848013386 -80.2810878900007 -79.14831925478495 -80.25670964869627 -78.7482353372411 -80.32033825511941 -82.58255521755463 -80.64652717131361 -81.03602604715722 -82.3883235293992 -83.64600597372947 -85.85805194851751 -88.06036546973542 -89.00438755395388 -87.82447999871029 -86.57853032441177 -86.07955297356699 -86.34587015375662 -86.89360339722514 -86.31464977391444 -9999 -9999 -9999
-9999 -9999 -9999 -9999 -9999 -9999 -9999 -9999 -9999 -9999 -9999 -9999 -9999 -9999 -9999 -9999 -9999 -9999 -9999 -9999 -9999 -84.3098863030253 -84.31227503223332 -85.8083693312781 -82.65166160088584 -81.40314451336712 -78.23472438458779 -77.63842371796129 -78.92732469735459 -78.93044607103937 -81.56178243581216 -84.30188841218931 -85.69784873566431 -86.6248436649062 -86.50074200494726 -85.81630704683509 -85.8162412287198 -84.03610816809176 -83.26815428951062 -84.31429491194953 -85.26976934543445 -86.68208534474905 -86.68239523867945 -88.52960412868116 -89.18403651199978 -88.92047842301979 -88.37754457126894 -87.32251129341965 -84.15198662407599 -9999 -9999 -9999
-9999 -9999 -9999 -9999 -9999 -9999 -9999 -9999 -9999 -9999 -9999 -9999 -9999 -9999 -9999 -9999 -9999 -9999 -9999 -9999 -77.10193416248413 -82.82933596467423 -84.40622355473614 -83.8313973675752 -81.39311464762612 -77.516296193954 -77.51679840549724 -74.82439354338956 -75.0152946165927 -75.73725279675867 -79.01372180395562 -82.95699209391016 -85.06020707903184 -85.0636926450165 -86.82583737531314 -85.79927284729081 -83.19449198595673 -81.04274451690557 -82.01969371077024 -82.42781543761305 -82.42406682028361 -83.6575181891877 -85.23510830458714 -86.74108014794474 -88.07059179070009 -88.78294500787993 -88.24413508589943 -88.2464550933663 -87.08826184655355 -85.12962775577954 -9999 -9999
-9999 -9999 -9999 -9999 -9999 -9999 -9999 -9999 -9999 -9999 -9999 -9999 -9999 -9999 -9999 -9999 -9999 -9999 -9999 -9999 -9999 -79.09910888426974 -80.40127742237534 -80.40315262171173 -81.24859421343483 -79.12572774840122 -76.83907489273129 -77.45078534005425 -78.91243894768127 -81.0531411575969 -80.99161077607437 -80.44538989456777 -82.06664693995229 -85.45882027305015 -87.4471308915727 -86.75888993804355 -84.05530997818178 -82.11697329773949 -82.11998783425256 -81.7868918358502 -82.0999395379584 -82.9205206477085 -83.90919651395112 -84.97329352123221 -84.89460347214978 -84.89463801678706 -84.46787587559555 -83.84171618670156 -82.30611639308626 -9999 -9999 -9999
-9999 -9999 -9999 -9999 -9999 -9999 -9999 -9999 -9999 -9999 -9999 -9999 -9999 -9999 -9999 -9999 -9999 -9999 -9999 -81.60290213202819 -83.36945099239692 -83.88716087900575 -83.16920086674564 -83.12717381632162 -81.45165966269387 -79.07496884818526 -76.5262653300525 -76.52151125709197 -75.5050155306391 -76.32585753556098 -77.73261019067327 -78.04834310919472 -79.05321566650417 -80.53070817509055 -82.30628991526133 -82.30389765941533 -84.36649817591807 -85.12935012031777 -84.09141426750325 -82.54307017483319 -80.81577310589175 -79.07367208052848 -80.05185452329924 -80.05103327527304 -79.13909023702462 -78.32241093363274 -79.00396965738611 -79.33250482609174 -79.52961635799147 -78.77349185742146 -78.84998581448673 -9999
-9999 -9999 -9999 -9999 -9999 -9999 -9999 -9999 -9999 -9999 -9999 -9999 -9999 -9999 -9999 -9999 -9999 -9999 -83.6572809332529 -84.14777378233715 -84.58790118608117 -84.22287828347841 -84.04601247058254 -82.56880102267391 -81.6509035151374 -81.07381988744685 -81.08555590614449 -80.76650458996689 -81.03877196054404 -81.54402039759084 -80.91628032615911 -79.82647712576293 -79.18298953127457 -78.71463165479308 -77.69375271080234 -77.69361499418592 -77.55461901467994 -79.07431671013927 -80.27295456022684 -80.97014599476474 -79.32412080611944 -76.79371103184015 -75.72798111225923 -74.4905283864919 -74.49400712954221 -74.34323660875864 -74.30178776951428 -74.90262328667741 -75.53227422264051 -74.81570486095625 -74.4301536512666 -9999
-9999 -9999 -9999 -9999 -9999 -9999 -9999 -9999 -9999 -9999 -9999 -9999 -9999 -9999 -9999 -9999 -9999 -84.73650113984813 -84.99430726744303 -84.62420554598327 -82.8795216314506 -81.50907039781441 -81.51184911558593 -78.48767371317855 -75.92138290378175 -74.23713425125594 -73.60639785427671 -73.61400373688565 -75.2431415124682 -76.78186486841894 -77.06338197480723 -77.06395244090038 -75.60449055831424 -74.41280684872599 -73.94273530815894 -73.3355288983665 -73.95899223990534 -73.50957653652351 -73.92875417573198 -74.42618703830188 -74.69952783017006 -74.69731625176439 -75.89803753609938 -76.05398232192249 -74.35366525905202 -72.19277899171405 -70.72736175052226 -71.88115960317434 -72.14676573540306 -72.98819760954669 -9999 -9999
-9999 -9999 -9999 -9999 -9999 -9999 -9999 -9999 -9999 -9999 -9999 -9999 -9999 -76.8197557525202 -79.23543723101724 -83.53919775533893 -87.34140896027122 -87.34100531880213 -87.24922278493244 -85.66415661840422 -83.15996783331525 -81.47782528242173 -78.15306762203119 -74.07186458143589 -71.97053494915697 -72.73572658045991 -71.47777446177884 -71.46883165237072 -71.60211525907971 -71.76289712991057 -73.8981726019057 -74.61136744727524 -73.18906677536141 -71.5567842987095 -72.04020744433464 -74.8634902669417 -74.67093184966946 -74.30155644303227 -74.3016952719865 -72.79972705808187 -71.1115546922302 -70.92303354467103 -71.95405472329703 -71.31813655773334 -70.54929500992911 -71.26983584248684 -71.6957954415547 -72.28004350791541 -72.2779171055332 -73.89940245315324 -73.27475299047465 -9999
-9999 -9999 -9999 -9999 -9999 -9999 -9999 -9999 -9999 -9999 -9999 -9999 -9999 -74.49764107987403 -76.35253842427139 -79.6833571894116 -83.20951949099644 -85.83603955969896 -84.52111162294828 -81.74985594269859 -77.94290975379967 -75.31255736387226 -72.6244597164723 -72.6218238271571 -72.3907529654287 -72.82220459079696 -74.50381095452225 -74.90338418909721 -73.89536481877882 -74.99148567485152 -74.52443143563956 -74.55535364080504 -74.62990104030196 -75.87688951454305 -75.88314241939091 -76.30286807962123 -75.68788162766344 -75.05244586725112 -74.19641326861344 -72.12219582963846 -69.92929454789349 -70.67201931656994 -71.12631427529762 -70.43203462503756 -71.44231447114402 -71.43836537311797 -72.70484382893981 -73.60272243568971 -74.36142449223998 -73.82964179511947 -75.48127975839483 -76.93031413535589
-9999 -9999 -9999 -9999 -9999 -9999 -9999 -9999 -9999 -9999 -9999 -9999 -9999 -82.08121733825199 -82.31867884991074 -78.45701363252452 -77.0481413250524 -75.94367264313671 -74.3833344246664 -75.91048898355433 -73.65759211786903 -71.55924785213641 -70.75105928481291 -71.08862329768881 -73.20345107298078 -75.54081304649914 -79.29642914177947 -79.71605576426181 -78.87968806562627 -77.48760407520342 -77.97825811467385 -78.19236612609271 -77.21528300264917 -77.44526351959102 -77.63318237418194 -77.29688930273664 -75.60863105099206 -75.31463275342054 -73.3065589808538 -74.07230028676356 -74.47010298124452 -74.15238684216732 -72.23271906470764 -64.87752626414797 -9999 -9999 -9999 -9999 -9999 -9999 -9999 -9999
-9999 -9999 -9999 -9999 -9999 -9999 -9999 -9999 -9999 -9999 -9999 -9999 -9999 -85.81557651731455 -85.67761386448055 -83.37511727600392 -79.77681792749797 -75.50464347173255 -73.58296663681391 -72.43128810506687 -72.85869773138243 -74.18890683504733 -74.1494654949268 -74.24069042371215 -74.43355148788571 -76.55620351251156 -78.16464601466349 -78.28455678623942 -78.28241959085356 -77.66922803706285 -77.82610829274483 -77.68225632122183 -78.24848778628561 -77.78635690718752 -77.23362658468794 -75.78520246773797 -74.3807432174111 -73.59371112385857 -74.26937661359706 -75.61590268922575 -74.53277907789936 -9999 -9999 -9999 -9999 -9999 -9999 -9999 -9999 -9999 -9999 -9999
-9999 -9999 -9999 -9999 -9999 -9999 -9999 -9999 -9999 -9999 -9999 -9999 -85.11608141716587 -84.31217902407273 -82.82171626724974 -79.08062014012008 -75.10562593105553 -73.01438677232653 -72.97702479103259 -72.52367131426557 -74.1261149037854 -74.12210025243685 -75.28891352458649 -74.73891806699149 -75.6237681581199 -77.55424253688301 -78.69354046585303 -77.94830354194106 -76.13861482376136 -75.71663822185057 -76.06552688937552 -76.30858716233291 -77.09626494308951 -77.16606885476274 -76.9912723859472 -75.23258708929751 -73.88448142567353 -73.88471676734909 -75.09748802681648 -75.73695829483506 -73.51556590539572 -9999 -9999 -9999 -9999 -9999 -9999 -9999 -9999 -9999 -9999 -9999
-9999 -9999 -9999 -9999 -9999 -9999 -9999 -9999 -9999 -9999 -9999 -76.0512826805268 -76.02202965610516 -77.93627555448259 -79.86504197902376 -76.51398509421647 -72.73218684165238 -71.84398110460855 -72.15518868129523 -73.48310435926247 -74.84347930528384 -76.19231067014617 -77.23815281980978 -77.38000794460208 -77.91157725366695 -77.58625874575937 -78.74097971735861 -77.29042096707107 -76.39515950931751 -75.98713563053632 -75.97219751685368 -75.97167168697703 -75.89257536761019 -76.38467530962595 -76.93680884254266 -76.91067696162597 -75.18026907334155 -75.1463110006259 -73.74722404405351 -68.01090764503247 -9999 -9999 -9999 -9999 -9999 -9999 -9999 -9999 -9999 -9999 -9999 -9999
-9999 -9999 -9999 -9999 -9999 -9999 -9999 -9999 -9999 -9999 -74.13426978651525 -73.88769087471533 -73.92983087687924 -72.92453933235151 -71.11266865126231 -69.535919182766 -70.67641398887638 -73.1330670274757 -74.04032157170441 -76.06471557636097 -77.88349405481681 -79.69120602200852 -80.0618298648438 -79.66487070004949 -79.81571475968309 -78.81657241677992 -79.35616998178244 -78.95327300190142 -79.31985288490174 -78.48729722676518 -77.6882930568903 -77.08903381890703 -76.26909737742972 -77.62475803322606 -77.63325256543425 -76.2987992020148 -75.46703908493015 -72.97782019897227 -70.19874166548563 -9999 -9999 -9999 -9999 -9999 -9999 -9999 -9999 -9999 -9999 -9999 -9999 -9999
-9999 -9999 -9999 -9999 -9999 -9999 -9999 -9999 -9999 -9999 -9999 -9999 -73.83066931293251 -71.1923048696096 -70.81124035552358 -70.81100464289919 -71.20363221376809 -72.57564410382312 -73.49420334417526 -74.56837329159245 -77.06172840529733 -78.5385693474285 -80.63501678931176 -80.06399156942256 -79.5359059691953 -79.96170494742174 -79.28052131266395 -79.25634128854264 -77.64872653498709 -76.99862552807313 -76.91097553608621 -76.16864735652986 -74.17710082003455 -72.22548894487477 -71.39487207907075 -72.13098743794764 -74.33428781163113 -74.19850102153791 -69.3152247605738 -58.2081087357044 -9999 -9999 -9999 -9999 -9999 -9999 -9999 -9999 -9999 -9999 -9999 -9999
-9999 -9999 -9999 -9999 -9999 -9999 -9999 -9999 -9999 -9999 -9999 -73.80982783182787 -73.39283779909782 -71.95289802753119 -69.83665090594037 -69.68111742247683 -71.94499456438837 -73.29517745415899 -74.19163414085935 -74.4271092236217 -76.33196956419009 -78.3274587872657 -79.68662745930803 -79.0377133557715 -79.19295491461926 -80.19052919723288 -79.83355224101996 -79.47527775982661 -78.69099056990474 -76.94896725618094 -75.43481703044675 -73.6445210953063 -71.80747647499756 -70.75493023779109 -70.75372900624039 -71.72686877662427 -75.95413089922145 -75.7163732410002 -69.19664801713596 -9999 -9999 -9999 -9999 -9999 -9999 -9999 -9999 -9999 -9999 -9999 -9999 -9999
-9999 -9999 -9999 -9999 -9999 -83.31294144482699 -81.87980208927559 -79.7204821168452 -78.47003889107339 -74.0786761533339 -70.47266229247313 -69.82093520858584 -69.81573291209351 -70.49133257598288 -70.37692541327239 -70.29360893463299 -71.51456558866974 -73.44577759225088 -74.80378129338114 -74.54680471960336 -74.6159499687967 -75.34657419722404 -76.22852498243174 -77.98668241826233 -78.71578259295634 -77.976028382901 -77.0757301413068 -77.35064361056892 -76.97700383631356 -76.5932032102062 -75.93777568728305 -74.25156278725876 -73.06010987556273 -71.89549928265096 -71.6044198196648 -71.51548074571438 -70.60521855025276 -63.29507238537078 -9999 -9999 -9999 -9999 -9999 -9999 -9999 -9999 -9999 -9999 -9999 -9999 -9999 -9999
-9999 -9999 -9999 -9999 -82.35959428840415 -80.77893761600065 -77.78303722410604 -74.37400342594513 -72.01960379757358 -71.6315579960503 -70.86385728974642 -70.26548001830761 -70.2102058233445 -71.74885579061117 -73.44533725967135 -74.3132369038612 -75.17735453239371 -76.08915706756217 -75.30495012113666 -75.56600528771109 -74.92699295244083 -75.32564535453245 -75.567049073641 -77.21893658087673 -76.73055002001307 -76.12637337289992 -76.10656157249926 -76.93062715640878 -75.68513555034627 -74.4805796111835 -74.60566609871509 -73.97166738851836 -74.00241718770941 -71.01330161283272 -64.93986908824472 -9999 -9999 -9999 -9999 -9999 -9999 -9999 -9999 -9999 -9999 -9999 -9999 -9999 -9999 -9999 -9999 -9999
-9999 -9999 -9999 -82.67971262369815 -80.08569670212019 -77.65206384632613 -75.96579006261518 -74.26516650915293 -73.62857781531336 -72.9851901297283 -72.31486900236426 -73.83895498350745 -74.6145614966034 -75.10478403260363 -76.0507892100392 -77.15243646226186 -76.27066732018373 -76.42794588339491 -76.16213842920257 -76.36300010400544 -76.29766349423363 -75.66687481219131 -74.85228836622613 -75.27817506881674 -74.6116839641352 -73.38805130308097 -70.84487527324059 -69.94682488321024 -69.12702310123093 -66.1567210230978 -60.755134888352785 -9999 -9999 -9999 -9999 -9999 -9999 -9999 -9999 -9999 -9999 -9999 -9999 -9999 -9999 -9999 -9999 -9999 -9999 -9999 -9999 -9999
-9999 -9999 -9999 -82.78779697448375 -80.66780535141477 -74.79274501903227 -73.45337897285991 -72.93196472907684 -73.899014327555 -73.99617080590896 -73.96401226725432 -73.26604238118546 -74.0738033222588 -74.24172346416913 -75.47669869417564 -76.88379090279814 -76.44300427592054 -77.05767523071292 -75.9446938791937 -75.81525999466264 -75.95590205244527 -75.35421714029674 -74.44062476739394 -74.55578217934955 -74.65398553522566 -73.00775769443503 -70.67293956263184 -67.82819609365552 -63.561351818018295 -9999 -9999 -9999 -9999 -9999 -9999 -9999 -9999 -9999 -9999 -9999 -9999 -9999 -9999 -9999 -9999 -9999 -9999 -9999 -9999 -9999 -9999 -9999
-9999 -9999 -9999 -83.60045092017668 -83.85390776463163 -82.98816237966093 -77.78247230923809 -75.51999058800246 -77.86608697044393 -79.61900090259986 -80.32358174447471 -79.77107032302416 -76.10633340050231 -75.89875128950173 -75.11858591660898 -75.27647324864078 -75.5693234360433 -76.15326947756175 -75.79443900243284 -75.93415380443956 -76.18354830502776 -74.80843328626337 -74.24635625817513 -73.2643019359218 -70.43202950383787 -69.5406063056994 -65.46022536714881 -58.3182754382362 -9999 -9999 -9999 -9999 -9999 -9999 -9999 -9999 -9999 -9999 -9999 -9999 -9999 -9999 -9999 -9999 -9999 -9999 -9999 -9999 -9999 -9999 -9999 -9999
-9999 -9999 -9999 -82.54652560984925 -82.01203541618399 -79.71100735640424 -79.23420184588764 -80.70829504181181 -81.7656015111298 -81.96181572551524 -81.28469526368326 -79.51385514982044 -77.34739952807206 -76.64500288698636 -77.68414574807299 -76.5836276815447 -75.49142586346836 -75.08832440592604 -75.0026235139966 -75.06056635684844 -73.71408354113538 -73.25899967664822 -72.85487752103252 -71.95867220594727 -70.10493440501493 -66.57763920502819 -58.378834654550936 -9999 -9999 -9999 -9999 -9999 -9999 -9999 -9999 -9999 -9999 -9999 -9999 -9999 -9999 -9999 -9999 -9999 -9999 -9999 -9999 -9999 -9999 -9999 -9999 -9999
-9999 -9999 -9999 -9999 -79.06101542234337 -78.64559267574325 -78.956827872828 -79.33777842799833 -79.31082083301699 -80.01640226313799 -78.759692082028 -78.30089999712105 -78.8005128020712 -77.56097440921657 -77.34409964893581 -77.37391036805764 -76.62686298984394 -76.29070320679676 -74.64483279052364 -72.93313034706782 -70.80564033191735 -69.66518318079571 -68.87619400266192 -63.843728034879895 -9999 -9999 -9999 -9999 -9999 -9999 -9999 -9999 -9999 -9999 -9999 -9999 -9999 -9999 -9999 -9999 -9999 -9999 -9999 -9999 -9999 -9999 -9999 -9999 -9999 -9999 -9999 -9999
-9999 -9999 -9999 -9999 -79.23008494845338 -81.57075287601296 -81.97794474330443 -81.07568355582067 -79.30602333359661 -77.80377877031404 -79.2627153763278 -80.21061402243167 -80.46217840571019 -78.89032648886159 -78.6150793747936 -77.21515236459673 -76.32875900223466 -75.6544044452294 -75.47767270519375 -74.45199004253182 -74.32789168603367 -72.788395918985 -67.51271903917565 -60.79052587946861 -39.85843538736629 -9999 -9999 -9999 -9999 -9999 -9999 -9999 -9999 -9999 -9999 -9999 -9999 -9999 -9999 -9999 -9999 -9999 -9999 -9999 -9999 -9999 -9999 -9999 -9999 -9999 -9999 -9999
-9999 -9999 -9999 -9999 -82.76232651956748 -81.75489681715837 -82.18786640845418 -83.1245297162443 -83.28541444785111 -82.17653557521966 -80.86345707205456 -80.46276711230824 -79.07002584095255 -77.98828249903023 -77.61806377242574 -77.83838555146677 -77.91081306985944 -77.64344623560184 -76.29811374004267 -75.23471932113628 -73.08018006546705 -71.10135589916331 -69.07791397619982 -64.82090066973302 -9999 -9999 -9999 -9999 -9999 -9999 -9999 -9999 -9999 -9999 -9999 -9999 -9999 -9999 -9999 -9999 -9999 -9999 -9999 -9999 -9999 -9999 -9999 -9999 -9999 -9999 -9999 -9999
