metrics/grid_rasters/ASCAT 12.5 TS/grideval_ASCAT 12.5 TS_X_fall_2017_absolute_bias.asc
ncols 52
nrows 55
xllcorner     11.25
yllcorner     55.25
cellsize      0.25
NODATA_value  -9999
[rows 0 to 28 of 55, columns 0 to 51 of 52]
-9999 -9999 -9999 -9999 -9999 -9999 -9999 -9999 -9999 -9999 -9999 -9999 -9999 -9999 -9999 -9999 -9999 -9999 -9999 -9999 -9999 -9999 -9999 -9999 -9999 -9999 -9999 -9999 -9999 -9999 -9999 -9999 -9999 -9999 -9999 -9999 -69.358890220828 -68.64169030310445 -69.75094609277558 -9999 -9999 -9999 -9999 -9999 -9999 -9999 -9999 -9999 -9999 -9999 -9999 -9999
-9999 -9999 -9999 -9999 -9999 -9999 -9999 -9999 -9999 -9999 -9999 -9999 -9999 -9999 -9999 -9999 -9999 -9999 -9999 -9999 -9999 -9999 -9999 -9999 -9999 -9999 -9999 -9999 -9999 -9999 -9999 -9999 -9999 -9999 -9999 -9999 -68.97253741062795 -74.38493377709317 -74.33797911286815 -71.62127920201884 -68.51040185001804 -68.5094226947932 -9999 -9999 -9999 -9999 -9999 -9999 -9999 -9999 -9999 -9999
-9999 -9999 -9999 -9999 -9999 -9999 -9999 -9999 -9999 -9999 -9999 -9999 -9999 -9999 -9999 -9999 -9999 -9999 -9999 -9999 -9999 -9999 -9999 -9999 -9999 -9999 -9999 -61.7994686489914 -61.846491623482535 -64.19093476581831 -64.18068326160684 -60.469487487136746 -53.01084545035871 -51.98145956834824 -9999 -58.069622601809854 -66.40955749748403 -73.66203742749303 -74.70393002136787 -72.79123220697045 -72.79137719340622 -70.57471294222654 -68.64016289846946 -66.8607784789842 -67.03342333371559 -67.03429242631047 -9999 -9999 -9999 -9999 -9999 -9999
-9999 -9999 -9999 -9999 -9999 -9999 -9999 -9999 -9999 -9999 -9999 -9999 -9999 -9999 -9999 -9999 -9999 -9999 -9999 -9999 -9999 -9999 -9999 -9999 -9999 -9999 -9999 -69.14745633771811 -70.7458811789616 -68.22616643760213 -60.666472097598884 -52.10287849671589 -52.160999095165536 -49.27640825892794 -51.61734474458153 -55.52952809151522 -59.25431859793685 -62.923867303081714 -62.924629200661755 -66.26404488690143 -66.87913291885529 -65.13143443387573 -64.99350915677311 -63.97827144822797 -63.979119791746214 -64.2723689766606 -64.91026382043658 -66.1262582490622 -9999 -9999 -9999 -9999
-9999 -9999 -9999 -9999 -9999 -9999 -9999 -9999 -9999 -9999 -9999 -9999 -9999 -9999 -9999 -9999 -9999 -9999 -9999 -9999 -9999 -9999 -69.59503177415905 -73.89792371313419 -73.33535390729014 -72.92467486179298 -73.32325846183817 -74.99918180750774 -72.26231645163382 -70.61146325398205 -68.1340893089135 -62.07173592867957 -60.236696536162945 -57.72647997793642 -57.94890064489881 -57.7698000154048 -55.656407361134946 -53.450084957868825 -53.26753346120568 -53.72946879822923 -55.27023424519372 -56.361030778682206 -57.9853421043578 -58.87236761436193 -59.79237587955583 -61.8000089366759 -63.322848683790504 -64.54274416915155 -65.72227694856652 -9999 -9999 -9999
-9999 -9999 -9999 -9999 -9999 -9999 -9999 -9999 -9999 -9999 -9999 -9999 -9999 -9999 -9999 -9999 -9999 -9999 -9999 -9999 -9999 -74.62218506240127 -74.62363706770165 -75.94078539910016 -73.54463861789324 -71.59596514679184 -65.77676341351064 -61.92358928579189 -58.33728356948163 -58.334226752151785 -59.758951110508654 -63.61608287680668 -65.66774723068146 -65.88079224838384 -62.45780173862682 -57.94959989777904 -57.95041696166954 -53.74226678838874 -52.39384721497331 -53.09428767081912 -54.448525175975284 -56.34353489596591 -56.34390151908468 -59.49517454960779 -61.75118154234333 -63.915685904908464 -65.18231967905038 -65.3331106249487 -63.11967311811402 -9999 -9999 -9999
-9999 -9999 -9999 -9999 -9999 -9999 -9999 -9999 -9999 -9999 -9999 -9999 -9999 -9999 -9999 -9999 -9999 -9999 -9999 -9999 -71.11322614091345 -74.99535676351188 -75.03457964552405 -76.13857947095546 -75.75753068435438 -68.61717250891978 -68.6104045358744 -60.07462262023406 -54.35181909103422 -52.71144795437967 -54.84487936125557 -57.60235041701936 -59.11345677625781 -59.11439287902216 -59.049703451556475 -55.52657663428759 -52.77539379681463 -49.92122701425368 -50.993892594532355 -51.57644613934771 -51.5759371390236 -53.319143743428214 -56.14976539408367 -59.23250846775553 -62.301957699450426 -64.8692296712782 -65.24962692950828 -65.24907922260071 -64.66569625604934 -62.289592892424146 -9999 -9999
-9999 -9999 -9999 -9999 -9999 -9999 -9999 -9999 -9999 -9999 -9999 -9999 -9999 -9999 -9999 -9999 -9999 -9999 -9999 -9999 -9999 -72.4308222636904 -71.40282565656797 -71.39669653646611 -70.54935948004038 -67.08422175589492 -61.80325056458121 -59.435357597537454 -58.20290001254786 -58.34952471622167 -58.28742404961442 -55.71042934393194 -55.13748400890474 -55.65417289761209 -56.18141402964609 -55.161484661150816 -53.3803763310709 -50.907701094445855 -50.907757508864 -51.4142369973698 -52.53898687525154 -54.33370285067829 -56.50341244741209 -59.763795269196976 -60.76206695236143 -60.76106777270867 -60.9649778058671 -60.967280749417846 -60.022978188540066 -9999 -9999 -9999
-9999 -9999 -9999 -9999 -9999 -9999 -9999 -9999 -9999 -9999 -9999 -9999 -9999 -9999 -9999 -9999 -9999 -9999 -9999 -71.39513685726854 -73.86675703869612 -74.78292644746176 -73.55374164621483 -71.98214665749934 -67.17178767125725 -59.923794618195934 -52.6575327673121 -52.656025995085194 -48.291040801180074 -47.505212850250295 -47.86427868556033 -49.17271322643555 -50.22546344390626 -51.51505270524108 -54.13726910647029 -54.13775343357227 -56.3994388173661 -57.245707835821705 -56.52788667628915 -55.417305967936095 -54.78266329429007 -54.39781961522476 -56.496559511589595 -56.49559998302279 -57.000661697586864 -57.15897179025268 -57.75419974074539 -58.17252152878722 -57.99156801566053 -56.625370195683224 -56.278739494515676 -9999
-9999 -9999 -9999 -9999 -9999 -9999 -9999 -9999 -9999 -9999 -9999 -9999 -9999 -9999 -9999 -9999 -9999 -9999 -76.05125869039992 -73.35918391941932 -71.17971273806313 -69.52092751972269 -68.45353446975489 -65.62220167241982 -63.54443059138594 -61.836994815239926 -61.838248298566725 -59.95275663292541 -58.13467251342024 -55.48483877455493 -53.12307689424424 -52.126676497038495 -51.986982023657895 -52.42182308977874 -53.229276958590724 -53.22994751923194 -54.90221891831926 -57.62734315652934 -59.32297172609347 -60.22077180923814 -58.43566389509529 -56.99686635693682 -56.823224639922415 -56.124824386391275 -56.12465591259078 -55.439450431591865 -54.759836811396944 -54.65139677238432 -55.292767516321646 -54.95265396924279 -53.92459746350816 -9999
-9999 -9999 -9999 -9999 -9999 -9999 -9999 -9999 -9999 -9999 -9999 -9999 -9999 -9999 -9999 -9999 -9999 -76.6881426780682 -75.46132839225865 -70.83779284098141 -63.27059304561038 -60.535717170830964 -60.534640772549906 -58.01908369705485 -55.93981586986517 -54.27420929535281 -53.237658490364744 -52.24915933130935 -52.88173880037465 -53.47302667833321 -52.32440052335376 -52.32434223401968 -50.27295565907972 -49.81291157810578 -50.515999141282464 -52.184297769972545 -53.47555744835204 -54.34795440477974 -55.62279402790266 -56.52105513401114 -56.98351037998057 -56.981647433015105 -57.65550435591778 -57.82259894371848 -56.31817234574387 -53.37363308198828 -51.83580059974328 -52.691191844103116 -52.44024307551254 -53.15425094120189 -9999 -9999
-9999 -9999 -9999 -9999 -9999 -9999 -9999 -9999 -9999 -9999 -9999 -9999 -9999 -66.95326113395598 -69.04644691576416 -72.94789728435214 -76.11537651702764 -76.11604150148506 -75.55577221154542 -72.34632344884517 -66.58594078642153 -61.01954153561971 -56.224137218584346 -52.48721816864675 -51.03104247465206 -52.52461856374365 -51.56325151076991 -51.55667012480978 -51.869028926995895 -52.684200974347846 -53.85339310665288 -54.06391640764714 -52.36956274055376 -51.8975979010178 -52.8152920309254 -55.09555203827024 -55.17820394983218 -55.56700268368574 -55.5658612779877 -55.10034841499015 -54.267032010639504 -53.85535847023778 -53.992092753789215 -52.60843114466657 -51.8414775324724 -51.925282370104 -51.71283001541804 -52.602261871299106 -52.60155606927138 -54.25695477327819 -53.292266755855294 -9999
-9999 -9999 -9999 -9999 -9999 -9999 -9999 -9999 -9999 -9999 -9999 -9999 -9999 -67.46454156739254 -67.38375010061822 -69.05599586001883 -70.03943681318643 -71.06716759986382 -68.01914346201045 -63.429773098994495 -58.19964550567405 -54.12458717919525 -51.68404658977589 -51.68336321827896 -51.514118698126595 -52.47609879818688 -54.567237698045176 -54.728061294552745 -54.593229984058254 -55.728737756380355 -55.97301120410353 -55.63573687066097 -55.85393767073139 -56.49599583775678 -56.4963342377925 -56.58506974061275 -56.141908218575104 -55.9660661891712 -55.56618436582143 -55.08778645210066 -53.80835301147057 -53.76109405084555 -52.895434436459986 -51.848443517395594 -52.25687784766709 -52.25799880963825 -52.902935411270526 -53.84304158628875 -55.26670176928377 -55.847147164861276 -57.33111814114725 -58.07937566295136
-9999 -9999 -9999 -9999 -9999 -9999 -9999 -9999 -9999 -9999 -9999 -9999 -9999 -69.98769631348044 -67.98483165453588 -59.274007961265994 -53.97119460462594 -52.96290042517278 -53.23898390648712 -56.920554568007496 -54.8210820691317 -52.191249227303715 -52.14703076697185 -52.92630463050559 -55.98020251668786 -57.82503758508352 -60.61100845117289 -61.52045573939192 -60.56193068622272 -59.026806416716525 -58.49547370170911 -58.806632500504655 -58.10839800071483 -57.83267678247815 -56.92401581942112 -56.41727765709044 -54.51681636086154 -54.934113297311775 -54.052248942747404 -56.3642139296266 -57.190643591351225 -56.230675474944114 -54.89513964985166 -50.91050282016634 -9999 -9999 -9999 -9999 -9999 -9999 -9999 -9999
-9999 -9999 -9999 -9999 -9999 -9999 -9999 -9999 -9999 -9999 -9999 -9999 -9999 -72.37754506237033 -69.28826105824369 -63.139220138392226 -56.72543861504065 -51.220955967892316 -50.41251367573082 -50.70386177036625 -52.68321094210303 -55.24374150126695 -56.04972337326619 -56.82630000522523 -57.48920355670364 -59.253683848864796 -60.49740205593561 -61.016887705240926 -61.01691256335804 -60.4662847146289 -60.26180620014207 -59.69519919720726 -59.221349040388716 -58.1843440127746 -57.375165128771236 -56.428793771720315 -55.322357890565186 -54.95104014916957 -56.26176062328413 -58.571586797662754 -58.382504648705776 -9999 -9999 -9999 -9999 -9999 -9999 -9999 -9999 -9999 -9999 -9999
-9999 -9999 -9999 -9999 -9999 -9999 -9999 -9999 -9999 -9999 -9999 -9999 -77.79497144255987 -72.76277401975402 -66.15193280581695 -58.59038761436555 -53.44310957329372 -50.818525625745885 -51.4825256362827 -51.82205192812231 -54.24162410984074 -54.24249856823835 -56.562434684357434 -57.53876228448122 -58.147588033261535 -59.52096412520881 -60.78705960200025 -60.86800094495905 -60.43284292300624 -59.7776647885445 -60.42929805448033 -60.20816378457756 -59.80024431164339 -59.16292337436194 -59.601158095792535 -58.37615571648795 -57.98524511804579 -57.98409530226037 -59.81514463853138 -60.93906937214695 -60.2346216998518 -9999 -9999 -9999 -9999 -9999 -9999 -9999 -9999 -9999 -9999 -9999
-9999 -9999 -9999 -9999 -9999 -9999 -9999 -9999 -9999 -9999 -9999 -67.47449983160193 -67.43916893861119 -67.77012914360418 -66.6534577442869 -59.589864292318595 -53.37517391906785 -51.88635265562878 -52.597751044197615 -53.55541759340206 -54.734558929030534 -56.53120081798744 -58.05997165373096 -57.986195034489796 -58.606186336044 -59.18419245222132 -60.61709151088419 -61.04376588702285 -60.62454006088493 -60.43202840372944 -60.37991417576021 -60.37970360135546 -59.52893851860817 -60.029234379505155 -60.49144145012153 -60.65693474429485 -60.106257489189 -61.44428545268836 -61.49438831941792 -59.16479336150266 -9999 -9999 -9999 -9999 -9999 -9999 -9999 -9999 -9999 -9999 -9999 -9999
-9999 -9999 -9999 -9999 -9999 -9999 -9999 -9999 -9999 -9999 -62.55414782892362 -60.48275254957146 -60.100137474978474 -57.97531249522007 -54.20999583491757 -51.60511589162043 -52.080111169441054 -54.62873842359568 -54.73411047070197 -56.94472598675416 -58.196938812780104 -59.86633116701096 -60.342289361117885 -59.846279119637146 -60.53795120222778 -60.481861688811996 -60.979982348360174 -60.97596663305501 -61.16776398151189 -61.16247860744625 -61.325243250012534 -60.82549249665707 -59.7586154463525 -60.940952665445884 -60.840443879049495 -61.10554863241409 -61.738720057276744 -60.96351641065216 -60.106532926400135 -9999 -9999 -9999 -9999 -9999 -9999 -9999 -9999 -9999 -9999 -9999 -9999 -9999
-9999 -9999 -9999 -9999 -9999 -9999 -9999 -9999 -9999 -9999 -9999 -9999 -54.816678753525764 -53.434933502491205 -53.92284738355985 -53.92406969228497 -54.73148874782599 -56.1730893133746 -56.584879830746225 -56.416531215113686 -58.376958027191144 -59.323715635147174 -61.292596252192794 -61.077407903442 -61.788945347076385 -61.743871356715886 -61.21772187633945 -60.93501024596522 -60.309804866370136 -60.5167837852492 -60.934058179077034 -60.1026584258266 -58.79541027802747 -57.73240390529979 -58.16525986906143 -59.60098537871035 -62.297195456855675 -63.18077842095425 -62.045037309796676 -57.9909921046011 -9999 -9999 -9999 -9999 -9999 -9999 -9999 -9999 -9999 -9999 -9999 -9999
-9999 -9999 -9999 -9999 -9999 -9999 -9999 -9999 -9999 -9999 -9999 -56.477951767853014 -54.23379551547335 -52.33754142161581 -51.20636551970189 -52.70691354421989 -55.35397956772788 -57.35827678855506 -57.23280204113878 -57.04809771263466 -58.00852721624448 -59.6836232786732 -60.79933746463125 -60.283783374058466 -60.48717156812066 -60.72446656198348 -60.649518672809656 -61.116121720197384 -61.57076659531167 -61.098446164934046 -59.922649913498354 -59.03340980320055 -58.31746260695285 -58.252719936412184 -58.250602410547856 -59.77067072544299 -63.013413766948005 -62.92050513893491 -60.635203807408345 -9999 -9999 -9999 -9999 -9999 -9999 -9999 -9999 -9999 -9999 -9999 -9999 -9999
-9999 -9999 -9999 -9999 -9999 -70.52375101023289 -68.55690457151255 -66.47719338976778 -64.31962314313833 -58.2155146364229 -52.39398202825764 -51.36627864562468 -51.365176845610655 -51.89801284180376 -51.83721337155079 -52.03289999609661 -53.7407246356065 -55.81011195046153 -57.46923674289264 -57.2193461433476 -57.44919112355387 -58.68643949304627 -59.18411278017476 -60.21696666811578 -60.36993383728568 -59.6385634364515 -59.418923203218824 -60.50096334918165 -60.43985888931181 -60.45846064190445 -60.533582914872106 -59.957719022647765 -59.221589758670255 -58.494251495940276 -58.830266746156724 -58.85462741071355 -58.19783438643428 -56.03211248983314 -9999 -9999 -9999 -9999 -9999 -9999 -9999 -9999 -9999 -9999 -9999 -9999 -9999 -9999
-9999 -9999 -9999 -9999 -66.7827138569031 -65.18016113850129 -60.158032620922974 -56.167256921677655 -53.131709878996574 -52.59434756525547 -52.135042889861715 -51.48327244834003 -50.845587168401785 -52.501805366142705 -54.51267162661032 -55.873676913008616 -57.2566704988277 -58.831048419812 -58.49235979734207 -59.09963886248392 -59.07317152461474 -59.548045079050205 -59.727238514356216 -60.839004117592275 -60.42707565795685 -59.51877430674557 -60.15902511374543 -61.308212227419965 -60.063930237502525 -59.853563013744925 -60.52131447597945 -59.44379737356413 -59.58706491506624 -57.25422184084524 -55.435779020386754 -9999 -9999 -9999 -9999 -9999 -9999 -9999 -9999 -9999 -9999 -9999 -9999 -9999 -9999 -9999 -9999 -9999
-9999 -9999 -9999 -61.41673433625999 -56.28125911014345 -53.746984184147976 -52.971988518973006 -51.437791020663994 -51.61200072496331 -51.59917650433201 -52.23069807479035 -55.141789377770365 -55.925397037995126 -56.37043215815629 -56.92145707973582 -58.398691842596904 -58.89185989678605 -59.569863582188454 -59.93053620020768 -59.552532982649396 -60.400177770009776 -61.22473888637737 -60.953622567442466 -61.642691671780135 -60.430461331595595 -59.96422156584536 -58.50229272675743 -57.97298886922634 -56.87049257347224 -54.856328566920325 -52.55905637042439 -9999 -9999 -9999 -9999 -9999 -9999 -9999 -9999 -9999 -9999 -9999 -9999 -9999 -9999 -9999 -9999 -9999 -9999 -9999 -9999 -9999
-9999 -9999 -9999 -64.29925269765702 -57.73802337921357 -47.781187926559326 -45.83692828806252 -46.20267913340433 -47.649296119677636 -48.57397102928788 -49.7535782049496 -50.95348606055999 -54.07061978298109 -55.133756745658786 -56.61721780856178 -58.01995882503513 -57.82545154079296 -59.517864119831245 -58.41899867113431 -58.982566757964534 -59.93322294511549 -60.93912449974693 -60.93340727801576 -61.83101170950365 -62.32532711957736 -60.583083827814285 -58.39675658245197 -57.31012101653504 -55.32785891765863 -9999 -9999 -9999 -9999 -9999 -9999 -9999 -9999 -9999 -9999 -9999 -9999 -9999 -9999 -9999 -9999 -9999 -9999 -9999 -9999 -9999 -9999 -9999
-9999 -9999 -9999 -66.14563619858032 -65.33528368277895 -60.10746458744146 -50.195080291282395 -47.12988738619325 -50.75101576715417 -53.36286913507095 -55.54052950003035 -54.86094802293088 -53.401510327251955 -54.96400271887524 -54.92911969407134 -55.89812283969528 -57.213282350207386 -57.967700797426794 -58.52193178638004 -59.678592680248535 -61.491965420958145 -60.566851498583745 -61.3333959699924 -61.51537564487162 -59.00023776935276 -58.51433446069826 -55.698829049289614 -52.73092238825929 -9999 -9999 -9999 -9999 -9999 -9999 -9999 -9999 -9999 -9999 -9999 -9999 -9999 -9999 -9999 -9999 -9999 -9999 -9999 -9999 -9999 -9999 -9999 -9999
-9999 -9999 -9999 -59.63359369305542 -56.29251679442518 -52.3161353161271 -51.36777394327078 -53.349841570217706 -56.15638586965118 -57.31162248062317 -56.67914332041338 -55.230942919680565 -53.649855920519094 -53.64038888638078 -55.837000567810065 -55.69877626919982 -56.04183798153881 -56.89874413790105 -57.884788056701275 -58.58537502238666 -58.73465780908171 -59.41243011191007 -60.244553583077135 -59.3568240792505 -58.21018343453212 -56.21964033135036 -52.469442374324636 -9999 -9999 -9999 -9999 -9999 -9999 -9999 -9999 -9999 -9999 -9999 -9999 -9999 -9999 -9999 -9999 -9999 -9999 -9999 -9999 -9999 -9999 -9999 -9999 -9999
-9999 -9999 -9999 -9999 -54.14012047182912 -52.339219945705224 -52.117629325629295 -53.19971538501574 -54.271130272161216 -55.31667789319495 -54.28886974850165 -54.125393649116106 -54.241760200898256 -53.81128931301694 -53.9545294388425 -55.149154844295474 -56.80721999344684 -57.328565944055406 -57.508352328015725 -57.720287662752504 -59.35088157533409 -58.739560731232345 -57.8233275598916 -55.3538064072126 -9999 -9999 -9999 -9999 -9999 -9999 -9999 -9999 -9999 -9999 -9999 -9999 -9999 -9999 -9999 -9999 -9999 -9999 -9999 -9999 -9999 -9999 -9999 -9999 -9999 -9999 -9999 -9999
-9999 -9999 -9999 -9999 -53.744261029934215 -56.46377240223307 -56.64008067096215 -56.33221325264456 -54.27440416491248 -53.31266017365851 -55.4609437905705 -56.570313595045995 -56.45754665639005 -55.12869969488396 -55.04500428484074 -55.32279822183626 -55.77085236637296 -55.215782928881005 -55.58493205438271 -56.68204126212208 -59.56181791646128 -59.860771141131934 -57.78166582769433 -53.57926542634458 -44.13981675820736 -9999 -9999 -9999 -9999 -9999 -9999 -9999 -9999 -9999 -9999 -9999 -9999 -9999 -9999 -9999 -9999 -9999 -9999 -9999 -9999 -9999 -9999 -9999 -9999 -9999 -9999 -9999
-9999 -9999 -9999 -9999 -56.08926624114213 -54.4864631293668 -54.72093868667836 -55.72999221407356 -56.37685613124739 -56.40929285411338 -55.69488478033304 -56.65517753935704 -55.96024993311235 -54.854090357438494 -55.344971014592936 -56.27904909116122 -56.03103153644955 -56.520662637663136 -57.496130474310206 -58.1234791713353 -58.82209359566572 -58.902531996537476 -58.40690373744385 -56.47206540628088 -9999 -9999 -9999 -9999 -9999 -9999 -9999 -9999 -9999 -9999 -9999 -9999 -9999 -9999 -9999 -9999 -9999 -9999 -9999 -9999 -9999 -9999 -9999 -9999 -9999 -9999 -9999 -9999
