metrics/grid_rasters/ASCAT 12.5 TS/grideval_ASCAT 12.5 TS_S_spring_absolute_ubrmsd.asc
ncols 52
nrows 55
xllcorner     11.25
yllcorner     55.25
cellsize      0.25
NODATA_value  -9999
[rows 0 to 29 of 55, columns 0 to 51 of 52]
-9999 -9999 -9999 -9999 -9999 -9999 -9999 -9999 -9999 -9999 -9999 -9999 -9999 -9999 -9999 -9999 -9999 -9999 -9999 -9999 -9999 -9999 -9999 -9999 -9999 -9999 -9999 -9999 -9999 -9999 -9999 -9999 -9999 -9999 -9999 -9999 18.319730262462443 18.994133544232284 17.913245406794527 -9999 -9999 -9999 -9999 -9999 -9999 -9999 -9999 -9999 -9999 -9999 -9999 -9999
-9999 -9999 -9999 -9999 -9999 -9999 -9999 -9999 -9999 -9999 -9999 -9999 -9999 -9999 -9999 -9999 -9999 -9999 -9999 -9999 -9999 -9999 -9999 -9999 -9999 -9999 -9999 -9999 -9999 -9999 -9999 -9999 -9999 -9999 -9999 -9999 19.221157720261694 18.39382758083481 17.90153856695642 17.343453320609036 17.683236874627536 17.683517108836547 -9999 -9999 -9999 -9999 -9999 -9999 -9999 -9999 -9999 -9999
-9999 -9999 -9999 -9999 -9999 -9999 -9999 -9999 -9999 -9999 -9999 -9999 -9999 -9999 -9999 -9999 -9999 -9999 -9999 -9999 -9999 -9999 -9999 -9999 -9999 -9999 -9999 21.9366485780508 21.939627754118625 23.47822137014525 23.69507961625359 21.86444653594076 20.09175938296364 19.72085644431125 -9999 19.65296795107281 19.830367201300724 19.2574688677562 18.49043056554948 18.41269377912484 18.417932496656178 18.53580677059165 18.868513648289763 19.87417009759568 20.64262771163049 20.64725503909108 -9999 -9999 -9999 -9999 -9999 -9999
-9999 -9999 -9999 -9999 -9999 -9999 -9999 -9999 -9999 -9999 -9999 -9999 -9999 -9999 -9999 -9999 -9999 -9999 -9999 -9999 -9999 -9999 -9999 -9999 -9999 -9999 -9999 18.334872339569603 19.87004119975937 21.27717310860704 20.10556567860686 17.733513027839308 17.740751305497405 17.27137857267704 17.653148102279204 18.00696388889246 18.25620060414429 18.28891077114648 18.291584226908874 18.36155974126457 18.814191063920727 19.428661144997967 20.03999024836665 20.36890345433937 20.369492867303453 20.160218250308933 20.160334857814007 20.56161659702156 -9999 -9999 -9999 -9999
-9999 -9999 -9999 -9999 -9999 -9999 -9999 -9999 -9999 -9999 -9999 -9999 -9999 -9999 -9999 -9999 -9999 -9999 -9999 -9999 -9999 -9999 24.72278127792005 25.42205123444713 24.25214651716543 22.29072234526531 20.408818039222453 20.945440726116303 23.162260702154487 22.185312297778612 21.815421894717502 19.32418371291364 18.45010837480576 17.97378990668161 17.887299323872014 18.4397999185614 17.90634597964517 17.726925218329654 18.196856358858486 19.22696652887577 20.461630575428483 21.023669453120345 21.37164538888843 21.0396201991407 20.022931831646336 19.305436479308977 18.863015131220827 18.718982549368974 18.939754084047404 -9999 -9999 -9999
-9999 -9999 -9999 -9999 -9999 -9999 -9999 -9999 -9999 -9999 -9999 -9999 -9999 -9999 -9999 -9999 -9999 -9999 -9999 -9999 -9999 24.266616776838017 24.266863152697415 24.956723909513308 25.00473859852342 24.981005520807233 23.06620835551877 21.878882386678075 21.423479392316512 21.427107163640493 20.457501421955925 20.12054938324734 19.83915361100546 19.37024871025629 19.114565844612482 19.113611828882274 19.114749880722307 18.878889588489578 18.245539110589174 18.14800339445304 18.61503912669432 19.783584475303268 19.783773662186718 20.328033974117407 20.921044404722668 20.758772032132327 20.24872775267889 19.801419702777018 19.47746407217217 -9999 -9999 -9999
-9999 -9999 -9999 -9999 -9999 -9999 -9999 -9999 -9999 -9999 -9999 -9999 -9999 -9999 -9999 -9999 -9999 -9999 -9999 -9999 23.596600886971594 23.91323109206593 23.55636892807015 23.705335898650777 23.825194327273227 23.32058981429478 23.324991238197278 20.950924713928487 20.051817741721734 18.839764566259962 18.574670733002172 18.39595298215661 18.59048298376152 18.598337845920454 19.19355427992016 18.96788134390253 18.111226992935684 17.618772973204447 16.981475050836643 17.442520781924696 17.442202313320553 18.088523528152407 18.615983635960344 19.961231559002886 21.50725145751279 22.209188066073786 22.693441205146126 22.69683159974225 22.732880674239265 22.00867945612455 -9999 -9999
-9999 -9999 -9999 -9999 -9999 -9999 -9999 -9999 -9999 -9999 -9999 -9999 -9999 -9999 -9999 -9999 -9999 -9999 -9999 -9999 -9999 22.00431657517539 20.832222604283587 20.83289448080103 22.2807657917175 22.83519390518905 22.279638432954894 21.35102504970949 20.747350763348106 19.722106656289352 19.722161645343512 18.12485395356124 17.783400457571663 18.839050201686074 19.728331701011523 19.764119482171846 18.292263207548803 17.273002503519212 17.275239571549164 17.07809334852051 17.849949174409726 18.456952513696553 19.275722945674726 19.99417710987466 21.458237225398012 21.460833677248573 22.496484035123054 22.53627512506357 21.479624650775083 -9999 -9999 -9999
-9999 -9999 -9999 -9999 -9999 -9999 -9999 -9999 -9999 -9999 -9999 -9999 -9999 -9999 -9999 -9999 -9999 -9999 -9999 23.97565233206841 24.260699168740413 22.82150942159584 21.68930930696288 21.373725669944953 21.13703889609145 21.724908528824386 21.08606377917692 21.08537959935901 19.45914987529164 18.506589457502802 17.467767332266842 16.604957202049285 16.68711094897444 17.43524972826658 18.53635882989012 18.53677679621472 19.409592710431358 19.82176286514616 19.564937735748305 19.1960349335378 18.676314745212 18.24490534892765 18.513481290423574 18.51083901637461 18.718916363863656 19.63768833398497 20.261854766830997 19.964458110523047 19.51984078105059 18.996472911425286 18.58847407665181 -9999
-9999 -9999 -9999 -9999 -9999 -9999 -9999 -9999 -9999 -9999 -9999 -9999 -9999 -9999 -9999 -9999 -9999 -9999 21.250684555647812 21.613285652965775 21.58310569018141 21.86014715972404 22.273217072540632 22.386207339110946 22.464323692798228 21.584697556110893 21.58820177628121 20.4403782990989 19.60279318385261 19.11295414470472 18.31204039905036 17.507574790158042 16.7361601898227 16.803901693637084 16.97906604027877 16.980412483757735 17.295128541628326 18.22962576837884 19.0204457743757 19.366553871445827 19.2008164901588 18.10405992036234 18.096122733085814 18.04821482553005 18.048694582334832 18.141574780847 18.452950618413734 18.25321205260806 18.026927461123023 17.682717090763234 17.762284536292906 -9999
-9999 -9999 -9999 -9999 -9999 -9999 -9999 -9999 -9999 -9999 -9999 -9999 -9999 -9999 -9999 -9999 -9999 22.838246805780464 22.282636326957423 22.155789152066003 23.64990379906989 23.526412681641542 23.528986219511914 22.54574986973556 21.711486158397154 21.010561587710143 20.04746379887084 19.037601199990497 18.816743937845988 18.841612312136352 18.75437040834945 18.75438285652369 17.884187147688387 16.620602542223555 16.33746945787565 16.800013980647652 17.558814612670268 18.020437929500442 18.14233430611307 18.430963820853293 18.76480433449036 18.765033650606963 18.93935526546572 19.16169990633583 18.70758557935885 18.75674281485821 18.315412450057096 18.493073511174238 18.865410622296725 18.841246774015307 -9999 -9999
-9999 -9999 -9999 -9999 -9999 -9999 -9999 -9999 -9999 -9999 -9999 -9999 -9999 26.445114580321746 25.993319016197706 25.393085941016 24.728564663478984 24.725311681965714 23.91873212708163 23.192162186312533 23.002318311281236 23.056728630838386 21.519422075243376 19.80299911249229 18.930758535410515 18.963857322585078 18.66497194717545 18.671662908491843 17.916227491728247 17.98936746320334 18.537679189931282 18.205497337205433 17.355194549596053 16.159278521591915 16.224628614327706 16.758111264216925 16.993006170119752 16.867237003124014 16.868201585590132 16.659328578326132 17.303883798999095 17.832405365223895 18.845636408998672 19.726890293392888 19.936076780153343 19.624192235469454 18.970697289600533 18.75165011208807 18.751143761398925 19.02368894634377 19.467161970015255 -9999
-9999 -9999 -9999 -9999 -9999 -9999 -9999 -9999 -9999 -9999 -9999 -9999 -9999 26.947880207272092 26.704010739807025 25.92476153679721 26.064076619367427 25.299136986928467 25.00640457698071 24.240510111652924 23.197487953875516 21.253868963991913 18.81201162914024 18.81451865916562 17.068295864739262 17.38433468309623 18.684508389395585 19.1056893736145 18.68286335665998 18.393189839903624 17.540344517935072 17.031774761273223 16.79352299639999 16.769952103239845 16.77383946154656 16.835292641014238 16.6463963869767 16.109764416146483 16.111830822521004 15.942693858873957 15.694830399078526 15.803576899625726 16.494262789212208 17.41461702268684 17.96277760075715 17.962193256572174 18.050407629028022 18.16554751826369 18.513578818817066 18.868618803652797 19.686335244724813 19.339118806142885
-9999 -9999 -9999 -9999 -9999 -9999 -9999 -9999 -9999 -9999 -9999 -9999 -9999 26.288145600381192 26.220817128352685 27.047125614817023 25.74522147506413 24.28868805240839 22.946315034615765 24.699087137370128 23.193901005139065 20.655862990065838 18.249337043295213 17.215633463086828 18.436985334138125 19.223269152624272 20.008150164844068 20.23743365089492 19.822673609216327 18.915008282809595 18.14625699130253 18.086689948323823 17.317331763116776 17.560885395774307 17.438199142830225 16.607256050181338 16.180302507678405 16.576766063796306 15.806175672150284 14.807350972428624 14.624182656633065 14.834658729359319 15.394821246467524 17.98602879077988 -9999 -9999 -9999 -9999 -9999 -9999 -9999 -9999
-9999 -9999 -9999 -9999 -9999 -9999 -9999 -9999 -9999 -9999 -9999 -9999 -9999 24.963578524088568 26.165627018192158 26.60339538659394 25.36339038535784 22.790492383144453 19.792896963765816 17.581149255919982 16.839857458302806 16.977384415949224 18.0012385252278 18.79120966286345 18.97092093860405 19.69976103206684 19.582952147921997 18.871308581201898 18.870820287545843 18.73422022531214 18.47511657469193 18.459042058213495 18.630065454254808 19.11641855066826 19.480239723938915 19.635455520245067 18.623098401511747 17.877835393143066 16.628772848094226 15.546708294984061 15.619086632742453 -9999 -9999 -9999 -9999 -9999 -9999 -9999 -9999 -9999 -9999 -9999
-9999 -9999 -9999 -9999 -9999 -9999 -9999 -9999 -9999 -9999 -9999 -9999 24.825050970945732 25.11043031459041 25.448385426519014 24.606543094034947 22.78028998307579 20.555994576019856 17.86631335359079 16.553471685131637 16.30968697258592 16.31284546952661 16.916085795315812 17.18937581280879 16.995319359353044 17.031560762192644 17.429139609778154 17.5881812160472 17.429038991559064 17.363106166069905 17.203918535020414 16.96637726079371 16.99854500515751 17.398344348667163 17.52428920573758 17.043068705378598 16.158611859817974 16.159484079652756 16.00026285572053 16.423451819385676 17.533357799911347 -9999 -9999 -9999 -9999 -9999 -9999 -9999 -9999 -9999 -9999 -9999
-9999 -9999 -9999 -9999 -9999 -9999 -9999 -9999 -9999 -9999 -9999 26.29943455310686 26.301183868611805 26.135551547547426 26.59624329431655 26.34308375088233 24.6365554595358 21.5537628786234 18.784906719148125 16.993678131971212 16.289963162254008 16.63950541807859 17.517614557662505 17.054192967222768 15.367424554478774 14.588265846802 14.194427295997903 14.04973720173374 14.448890390351085 14.570559922458145 14.870179928434975 14.868741812516935 15.252136200609801 15.071452243892717 14.743588461485295 14.354431004420102 13.667988212516734 13.411902469371542 14.076963490337018 16.94221400529351 -9999 -9999 -9999 -9999 -9999 -9999 -9999 -9999 -9999 -9999 -9999 -9999
-9999 -9999 -9999 -9999 -9999 -9999 -9999 -9999 -9999 -9999 25.684484988280612 26.332726724678192 27.150922861787873 27.220642880813152 26.010069554581353 22.834322429673588 19.518922020999263 17.697678822053962 17.173128425090653 16.329359541103873 16.357650993396962 16.103789363275073 16.110651879212007 16.79237136558921 17.198138657012198 17.0786987165974 16.23461628243288 14.766410346845673 13.351656054261573 12.389455888610456 12.247773052344446 12.733202749666278 13.300009930342979 14.07987805392565 14.3995352241185 14.319427033000457 13.905864563720415 14.264209463485914 15.033046913846414 -9999 -9999 -9999 -9999 -9999 -9999 -9999 -9999 -9999 -9999 -9999 -9999 -9999
-9999 -9999 -9999 -9999 -9999 -9999 -9999 -9999 -9999 -9999 -9999 -9999 19.373078587621347 16.46743568009709 14.962200119122226 14.959906252335351 14.400580018230686 14.478076523222427 14.395031130596292 14.579172461824742 14.432697439369507 15.089656190779733 15.291093228061154 15.245149620524693 15.131386819004511 15.50767670000524 15.442011012431632 14.688572213180336 13.687695982812727 12.143920828704633 11.673933555197875 11.58720857581914 12.189902660112741 13.15125219477291 14.128672838945365 14.890265884047697 14.921245782683382 15.119045773284633 16.357998496559322 17.13766696228481 -9999 -9999 -9999 -9999 -9999 -9999 -9999 -9999 -9999 -9999 -9999 -9999
-9999 -9999 -9999 -9999 -9999 -9999 -9999 -9999 -9999 -9999 -9999 23.12136477804761 23.28387860027636 21.321158436854816 17.333413058231326 14.347844985502999 13.00622275757096 12.381337103298753 12.54745498711707 12.427039197198226 12.68144559276578 13.427732790096107 13.596238781092062 13.365626750991984 13.076999311336456 12.647540242061726 12.527454297858515 12.512965407654313 12.470498914804626 12.03290984497147 11.778797091655106 11.678401081148968 12.392179503301596 12.842418901606846 12.841556574452374 13.305949252254743 14.339210326580277 14.940296807879191 15.612251143446288 -9999 -9999 -9999 -9999 -9999 -9999 -9999 -9999 -9999 -9999 -9999 -9999 -9999
-9999 -9999 -9999 -9999 -9999 22.516869883611108 22.122232027102715 21.83401401092321 22.62507960108392 22.93824369791493 20.622658932785164 16.757400203475175 16.75858211944185 14.836282787195149 14.163854196201324 13.425038379474044 12.139627772478967 11.04659925599643 10.597168693211335 10.6677551813432 10.896604890523275 11.2821616784356 11.933238338227985 12.607075941714973 12.954118913945134 12.795742096926928 12.452469340024702 11.97123968648385 11.653921628926618 11.395524872099314 11.457631599789195 11.738109090245832 12.030458168659015 12.25998085622458 12.79234072978551 12.801354674476972 12.856369972780346 13.761588617024856 -9999 -9999 -9999 -9999 -9999 -9999 -9999 -9999 -9999 -9999 -9999 -9999 -9999 -9999
-9999 -9999 -9999 -9999 22.15612134437315 22.148277587070197 21.817555980634765 19.305694017968914 17.21635595679792 16.239875531796873 14.813725029456467 13.160595218648266 12.185350117052453 11.346311496047669 10.781896885785285 10.499570014582023 10.071669880640584 9.723255042416657 9.450913403992283 9.512309183896436 9.752509166182836 10.090484663989502 10.324220423051985 10.632771560176314 11.210789421899516 11.290532416532585 11.247483137280636 11.315482149719225 11.161681643786522 11.573246636876314 11.845632259937641 12.151799156425982 12.213061926081144 13.111863589534755 14.94921677709172 -9999 -9999 -9999 -9999 -9999 -9999 -9999 -9999 -9999 -9999 -9999 -9999 -9999 -9999 -9999 -9999 -9999
-9999 -9999 -9999 22.162257796512428 19.62001809589401 15.544676283466465 12.997242494457623 11.545312787864644 10.959348318087487 10.630265601576172 11.029700243366714 11.13705019720621 10.760501975576467 10.122101331245329 10.118442551058747 10.106686644963187 9.77221181435668 9.709857199083288 9.87855223822759 9.962808583122518 9.733421207735011 9.401598794767756 9.174743655255968 9.41182457198801 10.063753863355004 10.479877300194063 10.9182643967026 11.15520813339717 11.315010786792113 11.974345646227029 14.255324291883007 -9999 -9999 -9999 -9999 -9999 -9999 -9999 -9999 -9999 -9999 -9999 -9999 -9999 -9999 -9999 -9999 -9999 -9999 -9999 -9999 -9999
-9999 -9999 -9999 23.071537883366545 22.214626291720023 18.784621352635067 15.496510840156018 13.823368320275414 13.724133143024002 13.449239328698877 13.066770829918099 13.42577637212984 12.8628783354302 12.086674789650298 10.600975205672858 9.943466926155944 9.618059166253817 9.403813190907409 9.474929050576364 9.15245847019112 9.222291990662006 9.367641020228328 9.688696898359993 9.887056383334563 9.76732902495667 9.834008980920572 10.461401964626065 11.398522533113715 12.898235713589747 -9999 -9999 -9999 -9999 -9999 -9999 -9999 -9999 -9999 -9999 -9999 -9999 -9999 -9999 -9999 -9999 -9999 -9999 -9999 -9999 -9999 -9999 -9999
-9999 -9999 -9999 22.4545606251053 22.134667919610383 22.129474073205568 19.96451721049218 17.16809807388055 16.174029332344006 16.161899533406228 15.18481832575748 15.307052676221339 13.238928536856346 11.237945290810067 10.48615172600676 9.991550713667037 9.808885977514182 9.702117567308276 9.570014431609609 9.491231666435214 9.47791859092365 9.850056512937657 10.415190753695487 10.62232155856431 10.871245724649633 11.164632914235344 12.130629961619967 15.968223050266742 -9999 -9999 -9999 -9999 -9999 -9999 -9999 -9999 -9999 -9999 -9999 -9999 -9999 -9999 -9999 -9999 -9999 -9999 -9999 -9999 -9999 -9999 -9999 -9999
-9999 -9999 -9999 22.712681747315774 22.543510539791228 20.180935853575637 18.422320285071613 17.492803223275217 17.117684126967834 16.507049535794472 15.53427242274707 14.377962833565919 13.724334499311794 12.667844804111086 11.380100408668596 10.927407019574764 10.62235468487792 10.211496630563518 10.002162113038066 9.83731127648515 9.916484338983622 9.979425705786523 10.503862435057377 10.670128191560053 11.083421297056136 12.027940378854167 14.44747759234681 -9999 -9999 -9999 -9999 -9999 -9999 -9999 -9999 -9999 -9999 -9999 -9999 -9999 -9999 -9999 -9999 -9999 -9999 -9999 -9999 -9999 -9999 -9999 -9999 -9999
-9999 -9999 -9999 -9999 22.11277078076767 20.780979329916747 19.125626954230434 17.65354264934284 16.2683606147232 15.834302994730098 15.623664644818449 15.099577201079194 13.952052593353518 12.980579710430426 12.293976568750693 12.107084123975971 11.75102894811056 11.770355122563195 11.551480658836992 11.324408662481485 11.279176618877205 11.512523547980305 11.799614352258502 12.694308450375807 -9999 -9999 -9999 -9999 -9999 -9999 -9999 -9999 -9999 -9999 -9999 -9999 -9999 -9999 -9999 -9999 -9999 -9999 -9999 -9999 -9999 -9999 -9999 -9999 -9999 -9999 -9999 -9999
-9999 -9999 -9999 -9999 20.89884816486207 21.37944154784327 21.61199394483107 20.289611285152613 18.19592534660185 15.94905382903633 14.7301412974983 14.3186374070593 13.887962497738974 13.390901409563696 13.156724138230008 12.871054453568982 12.692668071560496 12.489192941334359 12.302437740807544 12.117714825220881 11.880201345777493 11.759706363138928 12.89188121352666 15.378461168469016 18.683917519476623 -9999 -9999 -9999 -9999 -9999 -9999 -9999 -9999 -9999 -9999 -9999 -9999 -9999 -9999 -9999 -9999 -9999 -9999 -9999 -9999 -9999 -9999 -9999 -9999 -9999 -9999 -9999
-9999 -9999 -9999 -9999 20.688286153437765 20.18122368506207 19.8298077685809 20.3060746231915 20.882895243582023 19.852912971529253 18.14720660448706 15.958068397121115 13.616631908956395 13.27604581595125 13.59300315052142 13.13377481425235 12.597024517526329 12.275232676709544 12.281306352378552 12.06635673046335 12.230061708008778 12.625722676342738 13.190643605961311 15.284073273291176 -9999 -9999 -9999 -9999 -9999 -9999 -9999 -9999 -9999 -9999 -9999 -9999 -9999 -9999 -9999 -9999 -9999 -9999 -9999 -9999 -9999 -9999 -9999 -9999 -9999 -9999 -9999 -9999
-9999 -9999 -9999 -9999 23.888034113842224 22.08947649597386 20.05946097336644 19.11586534878145 19.334639918151368 18.937536504645447 18.19209316018917 16.742969490523038 15.177521074266984 14.37015521162469 13.681702917153142 13.240475135820112 12.875898804481153 12.373204929122062 12.023745820362144 12.245447107474293 12.632741716069695 12.910267422601907 15.739353409274356 -9999 -9999 -9999 -9999 -9999 -9999 -9999 -9999 -9999 -9999 -9999 -9999 -9999 -9999 -9999 -9999 -9999 -9999 -9999 -9999 -9999 -9999 -9999 -9999 -9999 -9999 -9999 -9999 -9999
