metrics/grid_rasters/ASCAT 12.5 TS/grideval_ASCAT 12.5 TS_X_fall_2016_absolute_ubrmsd.asc
ncols 52
nrows 55
xllcorner     11.25
yllcorner     55.25
cellsize      0.25
NODATA_value  -9999
[rows 0 to 29 of 55, columns 0 to 51 of 52]
-9999 -9999 -9999 -9999 -9999 -9999 -9999 -9999 -9999 -9999 -9999 -9999 -9999 -9999 -9999 -9999 -9999 -9999 -9999 -9999 -9999 -9999 -9999 -9999 -9999 -9999 -9999 -9999 -9999 -9999 -9999 -9999 -9999 -9999 -9999 -9999 16.396926358853133 16.75600848665535 16.484815283042096 -9999 -9999 -9999 -9999 -9999 -9999 -9999 -9999 -9999 -9999 -9999 -9999 -9999
-9999 -9999 -9999 -9999 -9999 -9999 -9999 -9999 -9999 -9999 -9999 -9999 -9999 -9999 -9999 -9999 -9999 -9999 -9999 -9999 -9999 -9999 -9999 -9999 -9999 -9999 -9999 -9999 -9999 -9999 -9999 -9999 -9999 -9999 -9999 -9999 18.841984443631247 16.192556942519087 16.14169672172441 16.94315059536194 18.476686207924462 18.476333923948992 -9999 -9999 -9999 -9999 -9999 -9999 -9999 -9999 -9999 -9999
-9999 -9999 -9999 -9999 -9999 -9999 -9999 -9999 -9999 -9999 -9999 -9999 -9999 -9999 -9999 -9999 -9999 -9999 -9999 -9999 -9999 -9999 -9999 -9999 -9999 -9999 -9999 18.063845870608468 18.065247098364534 18.978309524041574 19.964584640009388 20.581166129175728 23.314454088244325 24.42254326050094 -9999 24.25538508503168 22.23063261523877 18.49642073604321 17.41056930561565 18.04161597002385 18.04075322221562 18.957141594212946 20.080326801721142 21.66239845083503 22.79991106796688 22.800675247765422 -9999 -9999 -9999 -9999 -9999 -9999
-9999 -9999 -9999 -9999 -9999 -9999 -9999 -9999 -9999 -9999 -9999 -9999 -9999 -9999 -9999 -9999 -9999 -9999 -9999 -9999 -9999 -9999 -9999 -9999 -9999 -9999 -9999 10.880844317611043 10.102375660176019 10.817807455942363 13.348287529897554 18.726871696725702 18.72586311755214 23.030082371688252 24.951387491792374 25.607688590225898 25.19068940957255 23.053004468619534 23.052623453633032 21.052386873361872 20.610073654267644 20.91236135559902 20.63538575069606 21.35747789666039 21.357844280245928 22.78967632333939 24.48032689451564 25.522452982359553 -9999 -9999 -9999 -9999
-9999 -9999 -9999 -9999 -9999 -9999 -9999 -9999 -9999 -9999 -9999 -9999 -9999 -9999 -9999 -9999 -9999 -9999 -9999 -9999 -9999 -9999 16.162055196849888 14.213478902633906 13.644094380814206 12.960472296793 11.724444912536747 9.510182841670842 10.286610436895415 10.451488655678133 9.993871372564527 13.898301271262099 18.793516719226155 23.10607274355504 25.67006949215777 26.608740792385877 26.902301702963033 27.030393574856713 27.144225773720432 27.054570427772738 26.64348560386802 27.383043729095878 26.61238873390029 24.54504238429669 23.58997961841077 23.810668857704115 24.38704079098557 25.29906704126455 24.612565508178 -9999 -9999 -9999
-9999 -9999 -9999 -9999 -9999 -9999 -9999 -9999 -9999 -9999 -9999 -9999 -9999 -9999 -9999 -9999 -9999 -9999 -9999 -9999 -9999 14.216852944211519 14.215931042161696 14.03725605602993 13.075332830788795 12.927730853414607 13.518772080109255 14.765108893823168 17.748470708907313 17.746715446361225 18.25931703328938 19.33765158974695 20.58885083988132 21.453807961507714 23.40139815417262 25.393735901547622 25.393518743485853 26.684917672370094 26.986623273720088 27.426333694986877 27.055065726380377 27.06424095157176 27.064532492806162 26.82369684183363 26.752318913296172 26.64485773240385 25.606493175739953 24.888866624851193 23.88034476070645 -9999 -9999 -9999
-9999 -9999 -9999 -9999 -9999 -9999 -9999 -9999 -9999 -9999 -9999 -9999 -9999 -9999 -9999 -9999 -9999 -9999 -9999 -9999 13.080120021316258 13.885373323595688 14.263999904220498 11.549235114388065 9.70957090718257 9.590882042572694 9.591325024901993 12.941993388558506 18.085568333781325 20.46292559140349 22.578216741366703 23.47654793848722 23.515699932924555 23.51666082238311 24.12910313240114 24.54428765651275 24.73481495811881 25.35547656023324 25.83001518425426 26.292631058256735 26.29257181321674 26.476214269656897 26.397729629488587 26.175022502144074 25.927725116235656 25.658359575682468 25.732135178317428 25.732377037977606 25.40760135273272 24.63613423533839 -9999 -9999
-9999 -9999 -9999 -9999 -9999 -9999 -9999 -9999 -9999 -9999 -9999 -9999 -9999 -9999 -9999 -9999 -9999 -9999 -9999 -9999 -9999 13.123653477524707 13.136916034270275 13.136906249340447 12.772820369480668 11.667783376786584 13.752791035766355 15.707650262773578 17.641506850560663 19.910307688066577 19.91096742596482 22.007214065656463 23.935242301225408 26.018564262367267 26.729272576043485 26.32135838619918 25.58451782565627 25.47049323014704 25.47058574928371 25.746033213107943 26.1892305252625 25.802593757534442 25.283031641260447 24.542679939026648 24.962001152819308 24.96237512809211 24.563932890310717 24.19124426835456 23.68038874910801 -9999 -9999 -9999
-9999 -9999 -9999 -9999 -9999 -9999 -9999 -9999 -9999 -9999 -9999 -9999 -9999 -9999 -9999 -9999 -9999 -9999 -9999 17.232968473515438 14.993207500064043 12.439358335177646 11.865597845443062 12.551722029787548 14.681608932520547 18.333678531661654 21.584737861408524 21.58628935017765 22.98478547552013 23.62520895763715 24.236475527814175 24.224585801334484 24.6703790510993 25.205799175494523 25.085564911082034 25.085359686897842 25.19455384239668 25.43429866560601 25.62685776588274 25.47569362848703 24.72230238961641 23.862356253936376 23.52820026713361 23.528307437120123 22.961178070702967 22.533380899773842 22.461653642939 22.155568943817773 21.37661185445538 20.933133777052372 20.786498498352454 -9999
-9999 -9999 -9999 -9999 -9999 -9999 -9999 -9999 -9999 -9999 -9999 -9999 -9999 -9999 -9999 -9999 -9999 -9999 14.36754314370623 16.07581811336716 16.976549814844873 16.908305786898133 17.35462161767081 18.674533595050207 20.089840255348747 20.82039590623973 20.822116018772725 21.370899881120664 22.553884774045873 24.28957918800849 24.330350901554798 23.06973751273486 22.799364638357893 23.156037995925555 23.0045143487897 23.004325117045088 23.40763968250031 24.17163261733696 24.87758522045379 24.726497352336914 24.05634735688119 23.03295968905963 22.49509326336017 21.824071628918208 21.824026091118924 21.49122753415157 21.153718254943506 20.30912416906064 19.828135225140308 19.211833958933003 19.413793562608927 -9999
-9999 -9999 -9999 -9999 -9999 -9999 -9999 -9999 -9999 -9999 -9999 -9999 -9999 -9999 -9999 -9999 -9999 14.991378337492952 15.933994472031555 18.86233479131312 23.194970139526724 24.343920734575647 24.344219053074642 23.65235372116056 23.186716662160354 23.014006804696557 22.408345839784822 21.709150663485808 21.652715346886954 21.53581822036832 21.27742876961389 21.277585740644856 20.9351248929887 20.139755689390235 20.551796170900605 21.2429180722142 22.254318134228896 22.953758133701008 23.29774774966514 23.43105687453313 23.435940717677774 23.43540356475575 23.075063139751034 22.08544604699047 20.895778233178905 20.12165258818157 19.5312882674443 19.453739139190198 19.30807738383145 19.004237591722134 -9999 -9999
-9999 -9999 -9999 -9999 -9999 -9999 -9999 -9999 -9999 -9999 -9999 -9999 -9999 18.39932597584232 17.833966987013195 17.386299250673314 16.728479634753587 16.729563961882267 16.43160559805473 17.44387222543243 19.947187819258 23.07601253273625 24.27251973830388 23.85792444105062 23.128284752986637 22.141142281433147 21.016384686558272 21.011979255748745 20.150654312347573 19.469974413884433 19.981319592576426 20.0890182334927 19.89273728601252 19.747176976776718 20.293023179404408 20.901057411516913 21.405361764193984 21.920056546649576 21.919116601817457 22.244628147879162 21.822526745749702 21.856767761728612 22.115081960017747 21.75930980406718 21.095233597211852 20.755571581205363 20.620229593159607 20.003458332331558 20.00368504345732 20.052122863033947 20.180982154162134 -9999
-9999 -9999 -9999 -9999 -9999 -9999 -9999 -9999 -9999 -9999 -9999 -9999 -9999 16.150022091275865 17.055562699890643 17.743360683253826 18.861477549453248 18.69747635649457 20.002707334502443 21.388359161567926 22.86940576361229 23.603781087588267 23.199275721220623 23.199978849561035 22.326172840397877 21.42748084065617 21.29203069470185 20.537512898490824 19.73066403008234 19.563292989738144 19.45486652875981 19.555651578644095 20.334279351739784 20.872541832530594 20.87357989897361 20.9800292165452 21.267673221655475 21.264587840350767 21.613612459709888 21.066388496061386 20.455431498352734 20.776237675181527 20.857624692691427 20.953406943021886 21.206241354727712 21.20620377509264 21.294666723703283 21.48325240021852 21.366875576429912 20.655879818223852 21.507129210559636 22.183443313485924
-9999 -9999 -9999 -9999 -9999 -9999 -9999 -9999 -9999 -9999 -9999 -9999 -9999 18.638218796130072 19.512331045811074 22.838169106468452 25.30036337693129 25.74463600138636 24.865223528483085 23.604633500466072 23.194095306671233 22.74209544932828 21.912359132321537 21.391612680028395 20.88486462888572 21.217389134035386 21.445356123103753 21.09330196332137 20.886499144387 20.182743932402925 20.321705230338686 20.450958051775448 19.73367892367584 20.040078977928733 20.30470936310405 20.199689593858707 20.669678251476256 20.766386917659286 20.913677892453858 20.590292642947485 20.359639362672752 20.493284846624935 20.436492762357922 20.5028017189151 -9999 -9999 -9999 -9999 -9999 -9999 -9999 -9999
-9999 -9999 -9999 -9999 -9999 -9999 -9999 -9999 -9999 -9999 -9999 -9999 -9999 19.541867999575746 21.29574824650043 23.487972549468285 24.89845396434401 25.404328626322627 24.62925390504484 23.633578536566397 23.02036193081193 22.662123238563037 21.86053361914247 21.539132579248328 21.426832345020216 22.47766706673505 22.32832339492109 21.82596094837788 21.82616497582713 21.874968786653575 22.06984775799659 21.992812231970586 21.903840011977085 22.132928921353564 22.365089002108753 22.042311258062874 21.32492543473993 21.04573354396722 20.797392529616282 20.51660526746948 20.945822091904976 -9999 -9999 -9999 -9999 -9999 -9999 -9999 -9999 -9999 -9999 -9999
-9999 -9999 -9999 -9999 -9999 -9999 -9999 -9999 -9999 -9999 -9999 -9999 14.017254664987082 16.993659812742948 20.54801263123366 23.487701270337034 24.53964969294243 24.787499779311894 23.87007003361237 22.89712824256733 22.49559279283253 22.496341371018826 22.661119745279194 22.162652404520415 22.450863635380436 22.931648126220452 22.880772313755838 22.832467607683324 23.100931834510455 23.330921365926415 23.155957491837224 23.01311214396421 22.895902762963228 23.009845181032556 22.83975866428752 22.06222160857801 20.802626028408273 20.802096310119268 20.25112137556224 20.330745996608442 20.53674296621494 -9999 -9999 -9999 -9999 -9999 -9999 -9999 -9999 -9999 -9999 -9999
-9999 -9999 -9999 -9999 -9999 -9999 -9999 -9999 -9999 -9999 -9999 14.708172335842205 14.707573571284506 15.219256784527955 17.467254516548948 20.492946884598364 23.32771875832703 24.226262839188465 24.101957610725922 23.549489456192145 23.03085750279923 23.06618729644208 22.89387024753207 22.980935187824112 22.36414934526191 21.54468192345304 22.735955159997932 22.81618051129261 23.066751864685983 23.153338822868733 23.08329673493332 23.082926316162638 22.87659918978444 22.980381653647232 22.366704483989558 21.552778265958185 19.9916544887292 19.01428672270768 18.36740727917431 17.443539096668857 -9999 -9999 -9999 -9999 -9999 -9999 -9999 -9999 -9999 -9999 -9999 -9999
-9999 -9999 -9999 -9999 -9999 -9999 -9999 -9999 -9999 -9999 20.38874539549332 20.5822516645452 19.83889781866558 19.96837971232687 21.74001076025945 22.935828428389392 23.44995134728073 24.00297193795549 24.22428937627614 24.33198019473266 24.65978926199556 24.511265244097146 24.317806594659675 24.134083945057586 23.931154390817362 23.019985135902928 22.387161967521426 22.21393647172129 22.577409434052907 22.62073909424859 22.593609749957146 22.566483309225866 22.244084044147826 22.15477382749482 21.24051160081081 19.874398152493626 18.056850473391528 16.461873480327753 15.572749839692412 -9999 -9999 -9999 -9999 -9999 -9999 -9999 -9999 -9999 -9999 -9999 -9999 -9999
-9999 -9999 -9999 -9999 -9999 -9999 -9999 -9999 -9999 -9999 -9999 -9999 24.92870741802525 23.589625177506388 23.05135429047869 23.05160641755402 22.71617084143661 23.084533548465394 22.984893229180965 23.393404080657483 23.98376971009225 24.11058725136485 24.517119666944108 24.25759890208237 23.757421027548613 23.62307612635397 23.10341753832336 22.88444838327396 22.29109622477249 21.869695408487157 22.124714062188424 21.994502693369157 21.91199652775123 20.87023083166309 19.59972726456701 18.857960726500206 18.336833877659323 17.435235464205938 16.331988454010574 17.28280177550364 -9999 -9999 -9999 -9999 -9999 -9999 -9999 -9999 -9999 -9999 -9999 -9999
-9999 -9999 -9999 -9999 -9999 -9999 -9999 -9999 -9999 -9999 -9999 23.95430078348693 23.73449210526699 23.628457278383358 22.776429621063503 22.60194180317966 22.562820382759128 22.50269318595879 23.200620316713533 22.998617972652163 23.414086926433104 24.076533555699765 24.28738952466949 23.878746900838586 23.79762387282268 23.646910332442484 23.71232780019245 23.33536990413867 23.347699865421962 22.470305357058248 22.25392933069754 21.52733980763948 20.93851773667947 20.515511749053463 20.51574872220143 20.28400238972902 20.33057433934984 20.642273924845018 19.118840617913985 -9999 -9999 -9999 -9999 -9999 -9999 -9999 -9999 -9999 -9999 -9999 -9999 -9999
-9999 -9999 -9999 -9999 -9999 20.821047933775887 19.832951132711894 19.078017060042335 19.13295789813036 20.91960699810318 22.75818318680357 23.09562513772687 23.096288524397675 23.46601160976627 23.563837925847587 23.423483397238464 22.71612382911543 21.951505351691278 22.584903926082568 22.936516498862762 22.995969558536657 23.1259055953576 23.40083983128992 23.608135239073 24.391827798871336 23.822181599476448 23.273212921666175 22.975052290106483 22.452038466270427 22.598629088100814 22.448633920950307 21.744802889218626 21.81112680846563 21.846816450006838 22.36475637546489 22.556880058473674 21.42531943197573 19.674750507195984 -9999 -9999 -9999 -9999 -9999 -9999 -9999 -9999 -9999 -9999 -9999 -9999 -9999 -9999
-9999 -9999 -9999 -9999 22.98835307396883 21.855502052795405 23.186902585376014 23.414535570586057 23.688047077137977 23.742919569531693 23.127558655181886 23.10267124895702 23.107816919968986 22.907256647443752 22.885855869135188 22.515275865786535 22.61543612311291 22.697540470458808 22.596168291107602 22.853083451477694 23.183757176966516 23.50247538824887 23.569993123745192 23.914419751719702 23.713246511680016 22.958874452115317 22.966749859557464 22.975309711693853 22.70252600280481 22.690454017282878 22.554813704380823 22.58721774630053 23.53933600858961 23.45960855009411 23.833562025522927 -9999 -9999 -9999 -9999 -9999 -9999 -9999 -9999 -9999 -9999 -9999 -9999 -9999 -9999 -9999 -9999 -9999
-9999 -9999 -9999 25.232013714767838 25.813878699414488 24.387203909672337 22.604380732147263 21.70079356364689 20.91027756555764 20.74695618088359 21.828716824623356 22.880860013625288 23.415942292263995 23.09339708990366 23.679094915821395 23.69322073801885 23.246896357104333 23.57000201504523 23.115408909439303 23.295147558693127 23.471031001495515 22.951947597687873 22.512527997480635 22.223455373822866 21.864021148543614 21.952254568022777 21.430747723606192 21.43645541507196 22.055028578210894 22.26795703531734 22.986006790857676 -9999 -9999 -9999 -9999 -9999 -9999 -9999 -9999 -9999 -9999 -9999 -9999 -9999 -9999 -9999 -9999 -9999 -9999 -9999 -9999 -9999
-9999 -9999 -9999 21.89922030345744 24.550911437713843 26.089118996706606 25.777311141353703 23.981545436478246 22.38520742584638 21.071656772519255 20.64301634319289 20.60460652067503 21.322086333840804 22.337369610107864 22.24992924485757 22.794711708964552 22.62951312407241 23.004476183308316 23.09153143913053 22.698631126682123 22.582224215707413 22.480253636115734 22.028200529482323 21.817003867732097 21.431351582815672 20.961106505369 21.03472863094531 20.713678795262908 21.562743891116167 -9999 -9999 -9999 -9999 -9999 -9999 -9999 -9999 -9999 -9999 -9999 -9999 -9999 -9999 -9999 -9999 -9999 -9999 -9999 -9999 -9999 -9999 -9999
-9999 -9999 -9999 18.233081484014328 18.626563111233924 21.066779035660552 23.86861771890921 23.694947377583233 22.0003346200682 21.185993965366787 19.113461808759407 19.038987347448273 21.237615958488806 21.594864527626815 21.85513025975741 21.435280351364828 22.0281990641715 22.308153160314507 22.282938737282368 21.99718092257127 21.751668302251893 21.442319061514898 20.823402834359094 20.16650982523329 19.52667776864905 19.71347256229064 19.7531381671514 21.03225062894439 -9999 -9999 -9999 -9999 -9999 -9999 -9999 -9999 -9999 -9999 -9999 -9999 -9999 -9999 -9999 -9999 -9999 -9999 -9999 -9999 -9999 -9999 -9999 -9999
-9999 -9999 -9999 19.105394957599014 20.559699191886114 20.413767075151192 20.83068407865801 20.3391370505166 19.953136206642274 19.519839589559137 18.97699948753964 18.585830765571288 19.289473485143155 19.606940899850517 19.515746624219553 20.491812606894086 21.132625381289987 21.228500555148486 21.452205205378302 21.12300699539881 20.862671239115574 20.5241509325599 20.096973214337712 19.40754061823729 18.49594100753035 18.03121143258952 17.76818587227835 -9999 -9999 -9999 -9999 -9999 -9999 -9999 -9999 -9999 -9999 -9999 -9999 -9999 -9999 -9999 -9999 -9999 -9999 -9999 -9999 -9999 -9999 -9999 -9999 -9999
-9999 -9999 -9999 -9999 19.258104156930152 18.992314882597306 19.413928463050443 18.894057682175454 18.4951926115756 19.00809787131105 18.975120981182283 18.854321251815595 17.577411022339927 18.276592162957694 18.865481479610423 19.945407980996425 19.91641609666189 19.976362294476058 19.80245583757728 18.67325776469756 18.25265714584836 17.59274734258692 16.70204122413091 16.290596547112468 -9999 -9999 -9999 -9999 -9999 -9999 -9999 -9999 -9999 -9999 -9999 -9999 -9999 -9999 -9999 -9999 -9999 -9999 -9999 -9999 -9999 -9999 -9999 -9999 -9999 -9999 -9999 -9999
-9999 -9999 -9999 -9999 18.462409905644506 18.961276513903233 19.232919384248415 18.234212337518066 17.674427345036477 17.38084042633976 17.04756933973561 17.151465374072036 17.4344681583587 17.697638396983567 17.940364380849736 18.20427233489661 18.452880670658992 18.831831903587226 19.063824124701725 18.559355357507027 18.17311494570077 17.057730291700693 14.748569821018323 15.374786107704251 17.497196826824712 -9999 -9999 -9999 -9999 -9999 -9999 -9999 -9999 -9999 -9999 -9999 -9999 -9999 -9999 -9999 -9999 -9999 -9999 -9999 -9999 -9999 -9999 -9999 -9999 -9999 -9999 -9999
-9999 -9999 -9999 -9999 19.187134825724836 19.17154024520007 19.355762985234 18.968681729602768 18.719273385623016 17.813700388983193 17.351452020244867 16.47118598719813 16.936962334574226 16.934347310063938 17.466641984783486 17.191417637879407 17.169850653511393 17.830708545688612 18.089099191689066 18.07448590475789 17.401750292015038 16.829326423074235 15.647834159500382 16.694287484709402 -9999 -9999 -9999 -9999 -9999 -9999 -9999 -9999 -9999 -9999 -9999 -9999 -9999 -9999 -9999 -9999 -9999 -9999 -9999 -9999 -9999 -9999 -9999 -9999 -9999 -9999 -9999 -9999
-9999 -9999 -9999 -9999 19.404514443457455 18.88654388099246 18.42272223712461 18.058751706860786 18.693274523127123 18.6998103159883 18.474192616918668 17.18551441609527 16.782926685255944 16.175464870297393 15.633377842697046 15.6596553353456 15.920325914907048 15.748209100203404 15.322763059686954 15.400596031065517 15.482042053976528 14.834741842051525 16.101447363986125 -9999 -9999 -9999 -9999 -9999 -9999 -9999 -9999 -9999 -9999 -9999 -9999 -9999 -9999 -9999 -9999 -9999 -9999 -9999 -9999 -9999 -9999 -9999 -9999 -9999 -9999 -9999 -9999 -9999
