metrics/grid_rasters/ASCAT 12.5 TS/grideval_ASCAT 12.5 TS_X_fall_2016_anomaly_pearson_r.asc
ncols 52
nrows 55
xllcorner     11.25
yllcorner     55.25
cellsize      0.25
NODATA_value  -9999
[rows 0 to 28 of 55, columns 0 to 51 of 52]
-9999 -9999 -9999 -9999 -9999 -9999 -9999 -9999 -9999 -9999 -9999 -9999 -9999 -9999 -9999 -9999 -9999 -9999 -9999 -9999 -9999 -9999 -9999 -9999 -9999 -9999 -9999 -9999 -9999 -9999 -9999 -9999 -9999 -9999 -9999 -9999 0.8773392245718992 0.8703014018844576 0.8493350416455737 -9999 -9999 -9999 -9999 -9999 -9999 -9999 -9999 -9999 -9999 -9999 -9999 -9999
-9999 -9999 -9999 -9999 -9999 -9999 -9999 -9999 -9999 -9999 -9999 -9999 -9999 -9999 -9999 -9999 -9999 -9999 -9999 -9999 -9999 -9999 -9999 -9999 -9999 -9999 -9999 -9999 -9999 -9999 -9999 -9999 -9999 -9999 -9999 -9999 0.8664141029730312 0.8526866075479218 0.8563617933789631 0.864915184785543 0.8406623557501378 0.8346402183397332 -9999 -9999 -9999 -9999 -9999 -9999 -9999 -9999 -9999 -9999
-9999 -9999 -9999 -9999 -9999 -9999 -9999 -9999 -9999 -9999 -9999 -9999 -9999 -9999 -9999 -9999 -9999 -9999 -9999 -9999 -9999 -9999 -9999 -9999 -9999 -9999 -9999 0.8511602649498624 0.8337089763397142 0.8171162614151384 0.8470166760000974 0.8617158338756808 0.8562592470068526 0.8640524497860246 -9999 0.8659351312145793 0.8691177203974141 0.86371785319361 0.8428077775101399 0.8324618633384077 0.8366280383935328 0.8347980782882883 0.8218783566438187 0.815417018861115 0.8087479722835607 0.8078467783768648 -9999 -9999 -9999 -9999 -9999 -9999
-9999 -9999 -9999 -9999 -9999 -9999 -9999 -9999 -9999 -9999 -9999 -9999 -9999 -9999 -9999 -9999 -9999 -9999 -9999 -9999 -9999 -9999 -9999 -9999 -9999 -9999 -9999 0.8275382536750056 0.7508469761825797 0.7105565895167681 0.7862871574113013 0.8669775682139576 0.8675848066689322 0.8823677423555388 0.8735476919136704 0.8545217465363837 0.8418864651295227 0.8304811490876287 0.8273492564989772 0.8260284686112299 0.8219816118357351 0.8195223572023322 0.8144843172496261 0.8082836819726729 0.8009917509746272 0.8047960964573531 0.8039127979709253 0.8122729239206419 -9999 -9999 -9999 -9999
-9999 -9999 -9999 -9999 -9999 -9999 -9999 -9999 -9999 -9999 -9999 -9999 -9999 -9999 -9999 -9999 -9999 -9999 -9999 -9999 -9999 -9999 0.8796755293710912 0.8686822922847695 0.8708797316849692 0.8286431078929666 0.8125768383844452 0.7758688523168404 0.7741829399490604 0.7753772590595387 0.7371328888329387 0.8108661578534209 0.8676987680821967 0.8663484296354718 0.8527158027565034 0.8496101200285683 0.8476694856687608 0.8479239625363286 0.8374842341562021 0.8326944689543917 0.8237477140114772 0.8112552945800233 0.8049297502774896 0.8137039248067268 0.8113565734885375 0.8083008187293049 0.8111330577305613 0.7989425777259411 0.7922036812961762 -9999 -9999 -9999
-9999 -9999 -9999 -9999 -9999 -9999 -9999 -9999 -9999 -9999 -9999 -9999 -9999 -9999 -9999 -9999 -9999 -9999 -9999 -9999 -9999 0.8637787171217098 0.8697887523469037 0.8570206044477069 0.8191996865814954 0.7920446921109144 0.8217033852811129 0.8407376565146967 0.8162004238062482 0.8375908313810458 0.8519166335691423 0.8528120045061579 0.8420864605940945 0.8271294585421879 0.8250125832215927 0.8294349467997411 0.8315320480181158 0.8362181874202029 0.8377977531423384 0.8335477535995407 0.8219365026133931 0.8081169153680008 0.8030853851562281 0.7884975787832953 0.7807153802334951 0.7752480402462028 0.7650004054847356 0.7473718214604701 0.7307844574496166 -9999 -9999 -9999
-9999 -9999 -9999 -9999 -9999 -9999 -9999 -9999 -9999 -9999 -9999 -9999 -9999 -9999 -9999 -9999 -9999 -9999 -9999 -9999 0.8681398783065561 0.8743544119378729 0.8571450427530536 0.8271370827716344 0.6695257524763215 0.7403813869358417 0.7292246273838525 0.8202898329778194 0.8504659828808834 0.8777316723126374 0.8608339228021507 0.8307999367990271 0.8091018185334329 0.7990838947673994 0.7934989418318539 0.7965809830199586 0.7971700465991947 0.797924520717711 0.7950013183331157 0.8006082131027392 0.8037482888990015 0.7941526908590361 0.7735356591419851 0.7501924255821868 0.7234195873732487 0.7033432570855063 0.6909134894451281 0.6973995674467146 0.6965051677489134 0.6792384967356273 -9999 -9999
-9999 -9999 -9999 -9999 -9999 -9999 -9999 -9999 -9999 -9999 -9999 -9999 -9999 -9999 -9999 -9999 -9999 -9999 -9999 -9999 -9999 0.8674837162226229 0.8678257925406645 0.8822646968740955 0.8442106973375058 0.8340402198471853 0.8335715051894124 0.8231041953169239 0.8411902606371154 0.8287936261024068 0.8337437443063318 0.8154478043473842 0.8082248537513537 0.8034564668861013 0.7991562967324807 0.7949608942505885 0.8024510560610649 0.7946674959656206 0.78894453976143 0.7849542656007281 0.7783281921083476 0.7573937880247898 0.7290432460038759 0.693825127603962 0.6611839836749094 0.6616040357993079 0.6337672046370331 0.6364573772753626 0.6385976789624235 -9999 -9999 -9999
-9999 -9999 -9999 -9999 -9999 -9999 -9999 -9999 -9999 -9999 -9999 -9999 -9999 -9999 -9999 -9999 -9999 -9999 -9999 0.8986525108556584 0.9002855739219652 0.9074433763384862 0.9021768188708577 0.8848291021516534 0.8634382738094897 0.8496917250531133 0.8307605506288935 0.8233830675825345 0.8068056480144845 0.7913586864195377 0.7830054799126936 0.7692676942035992 0.7694781907001167 0.7662723967888875 0.768913092121186 0.7716382757640916 0.7691094835356913 0.7625230022491148 0.7573526400214559 0.7398516067893581 0.7131918830623947 0.6525250148441807 0.6152530871156802 0.6137390409924629 0.6021259057869486 0.6013878592539346 0.6157434551898009 0.613362378112829 0.6102305778319204 0.6391734887091259 0.6601707118574422 -9999
-9999 -9999 -9999 -9999 -9999 -9999 -9999 -9999 -9999 -9999 -9999 -9999 -9999 -9999 -9999 -9999 -9999 -9999 0.8782230323310416 0.8761593409382379 0.8659550527864573 0.8632232266453339 0.8556079118708957 0.8395832054950503 0.8327196030331134 0.8250221726490976 0.8151555082836287 0.7966809133507136 0.7933162475339433 0.7884466462740534 0.7685411388877318 0.7602834168138881 0.7531887134175139 0.7222586182870496 0.6872038205397311 0.6870395042128352 0.654297939177087 0.6418740590097618 0.6340724348242063 0.6327610508652961 0.6406774475448238 0.6157309673593194 0.5685803195322112 0.5416701324004976 0.5569920702447259 0.5717435014524828 0.5861394531992274 0.5763813563984984 0.5933670699717909 0.6495876533802434 0.681604828252601 -9999
-9999 -9999 -9999 -9999 -9999 -9999 -9999 -9999 -9999 -9999 -9999 -9999 -9999 -9999 -9999 -9999 -9999 0.8564592222633026 0.8607704374802478 0.854765792226841 0.8268904244878745 0.7992836411277677 0.8027245264675564 0.7790975827763431 0.7723144229756389 0.7838452739246158 0.7827956377326539 0.7772241175868865 0.7682333837227224 0.7543638634552079 0.7479686336309889 0.7348998839654078 0.7335596721136705 0.7080922932479412 0.6679977042995062 0.6276608519899842 0.5717432229609346 0.507634006451683 0.4767156738960538 0.4828484592603794 0.495065578601611 0.5106453494249366 0.5177884088107103 0.5416516505808342 0.5891897180033747 0.6477411060727076 0.6478212895039639 0.6438615394441825 0.6391821210403585 0.6263124122921246 -9999 -9999
-9999 -9999 -9999 -9999 -9999 -9999 -9999 -9999 -9999 -9999 -9999 -9999 -9999 0.8343323610699258 0.8591756898618922 0.8616535683492967 0.8506204703243172 0.8472964491063876 0.8463453533167131 0.8472792057976295 0.8261970328452336 0.7902243869813075 0.7523898478900869 0.7578059951581126 0.7543781393162408 0.7527559146376851 0.748258374289548 0.7520574774871673 0.7290206984732912 0.6984519509666345 0.6924532900984701 0.6687104248196208 0.6498093038959305 0.624326740243588 0.5888376402079296 0.5912374162336917 0.5430755490633439 0.5052347164154187 0.5285034067002063 0.5240256765916289 0.5273355032319642 0.573369358363716 0.5930097785300867 0.6008106411989345 0.6257508584383213 0.6400157093965373 0.6291391932649948 0.59053581580638 0.5767917489878316 0.5406099423696431 0.5108861448388786 -9999
-9999 -9999 -9999 -9999 -9999 -9999 -9999 -9999 -9999 -9999 -9999 -9999 -9999 0.8613788487058618 0.8623029446212513 0.8474027788912789 0.8401815794363661 0.8345927508884868 0.8222141013930468 0.7942357361554806 0.7860996798602187 0.7595200413357122 0.7476725626559795 0.7519024649197266 0.756959622573083 0.7496421102463002 0.7229813454712088 0.6806727195311147 0.674938500818955 0.6519267289728576 0.6378187586416997 0.6228465760489443 0.6088985378565386 0.5809232212783539 0.5403741129260298 0.5256123329295849 0.515447158733806 0.5193014623332409 0.5524712575687145 0.5894808002322011 0.6136704984732672 0.6101787714317011 0.5757241714399121 0.561825228051692 0.5357683144862692 0.5446458111001182 0.5058939647164384 0.4686940818460912 0.4455617057176526 0.4354192239448211 0.439403675826844 0.4387742273790232
-9999 -9999 -9999 -9999 -9999 -9999 -9999 -9999 -9999 -9999 -9999 -9999 -9999 0.8393702207714748 0.8221016889620729 0.7857242618924325 0.7748820003189096 0.7810336604484669 0.7740261139807629 0.7696442920464022 0.7673649681128833 0.7565980777930766 0.7523535336045167 0.7357505526883124 0.6767842066814529 0.6385282878980492 0.6136663702680503 0.6011268182031504 0.5973168198564482 0.5870643347196918 0.5616735793783918 0.5308931618609354 0.5445024729553443 0.5042229131465802 0.48860959540310905 0.4772704476026034 0.4770572034647592 0.5382727052680508 0.5917345995336672 0.5603157614209308 0.5415240718368529 0.4949803817680466 0.4706381984782982 0.4233849616603588 -9999 -9999 -9999 -9999 -9999 -9999 -9999 -9999
-9999 -9999 -9999 -9999 -9999 -9999 -9999 -9999 -9999 -9999 -9999 -9999 -9999 0.8388062175381638 0.8214550900595052 0.7988389156855027 0.779868585601757 0.7550910027738444 0.7499005923227443 0.7348853068591139 0.7323235258569836 0.7248777537466116 0.6979061799474398 0.6551505579624832 0.6060500430397437 0.5760584471870485 0.5472425634598486 0.5317466392572634 0.5216233858126517 0.4854626667771131 0.464011494401961 0.4548236757120143 0.4345866172269524 0.3942179282124454 0.3709123387441595 0.3835634407265277 0.4119402961185448 0.469417545908893 0.481171586586108 0.4394153357438633 0.4129434767469231 -9999 -9999 -9999 -9999 -9999 -9999 -9999 -9999 -9999 -9999 -9999
-9999 -9999 -9999 -9999 -9999 -9999 -9999 -9999 -9999 -9999 -9999 -9999 0.8084738611760167 0.8268506892503492 0.8046014155670946 0.7846636563601344 0.7675334907386505 0.754981930593123 0.7299467272078618 0.7347360188326106 0.7227354671633555 0.7125955772100059 0.6887444870272318 0.6459298527899681 0.6163380785327808 0.5888308482221877 0.5215466065836316 0.4816213957459343 0.4851949703909113 0.4667599240947221 0.4493041882442653 0.4321102775452122 0.45156218732152603 0.4225287105120242 0.4173233503802953 0.43965205701402266 0.4646825241421969 0.4696146964086032 0.4603643484951724 0.409295202814352 0.36020991034976824 -9999 -9999 -9999 -9999 -9999 -9999 -9999 -9999 -9999 -9999 -9999
-9999 -9999 -9999 -9999 -9999 -9999 -9999 -9999 -9999 -9999 -9999 0.7642870307802405 0.7844466622565699 0.7843284925738301 0.7575018923814821 0.7225178780725958 0.7014790727914941 0.6840645622827121 0.6888838287946095 0.6808571272988388 0.6733722942053106 0.6469882790788871 0.5991545832612486 0.6052709123788456 0.5914278323188205 0.5249532511094004 0.5185323309884629 0.4924270212289801 0.48979727320829 0.5377268094288666 0.5361915440979487 0.5416842366173955 0.5504103265145969 0.5426814347316467 0.5188809773996512 0.4911442905640826 0.5095081543987028 0.4727156558482423 0.3836210679818074 0.3585197162454312 -9999 -9999 -9999 -9999 -9999 -9999 -9999 -9999 -9999 -9999 -9999 -9999
-9999 -9999 -9999 -9999 -9999 -9999 -9999 -9999 -9999 -9999 0.5769454188029707 0.6876919118438187 0.7174777693234935 0.7087033916331538 0.6650547817258797 0.6210702337500885 0.6174476043307906 0.6305952378774822 0.6423219368896317 0.6348681026707887 0.639011814618815 0.5688062004390412 0.5342786683197357 0.5857446978048266 0.6115054490631133 0.5957408789171733 0.5423911245335193 0.5087855413346025 0.4917562642243374 0.4676151285448549 0.4649036569937704 0.4743663643417791 0.5139263772095604 0.5300731725216042 0.5337172122369817 0.5296002103618057 0.504248571386247 0.4370078104859332 0.3347391561106646 -9999 -9999 -9999 -9999 -9999 -9999 -9999 -9999 -9999 -9999 -9999 -9999 -9999
-9999 -9999 -9999 -9999 -9999 -9999 -9999 -9999 -9999 -9999 -9999 -9999 0.6106082485966371 0.6092696579897909 0.5904239198238628 0.5906003782439894 0.5509893143629321 0.5210863845980653 0.5235621275716597 0.5471127398703289 0.5561084930597429 0.5585936997065757 0.5464444070407071 0.5441811126077177 0.5602690833239365 0.5943535654688321 0.5885846206448913 0.5555851012020205 0.4792208119048376 0.4071076110125589 0.4029775203698167 0.41261967283918827 0.4298916676019589 0.4751954238189226 0.497517668924292 0.491102824986508 0.4318813850358958 0.3626624317806219 0.33265750946070816 0.3626976896245912 -9999 -9999 -9999 -9999 -9999 -9999 -9999 -9999 -9999 -9999 -9999 -9999
-9999 -9999 -9999 -9999 -9999 -9999 -9999 -9999 -9999 -9999 -9999 0.6317797007650551 0.6199488115021358 0.5957752304450118 0.566321238811357 0.5404974785729746 0.5103002243471044 0.4874304457966904 0.512610782305366 0.5234425591089366 0.5370003486856944 0.5581850785261651 0.5589421642893982 0.5713871624881235 0.5699944330059292 0.5418156783852711 0.5079450343820475 0.4930778718517108 0.4839886044458639 0.4230460485092333 0.3819325982466019 0.3713722792918017 0.3677689085985355 0.3681705705388351 0.3620887002183403 0.3656028291621277 0.3439252021493876 0.3189951356583715 0.3492364063679839 -9999 -9999 -9999 -9999 -9999 -9999 -9999 -9999 -9999 -9999 -9999 -9999 -9999
-9999 -9999 -9999 -9999 -9999 0.4606977679714771 0.5611898734140978 0.5474727184062682 0.5867207261895496 0.6438151864076951 0.6136130309659326 0.6194948279585525 0.6118258354078975 0.538657951100641 0.5108428243552 0.48277604701606497 0.4682789701051309 0.4807528572973534 0.5001293178241983 0.5333806033341483 0.5500389841778615 0.5529915580535967 0.5417804459426109 0.5043464239536296 0.4888252015716356 0.4073696591132671 0.3641960625169307 0.312820480035614 0.3120796741564644 0.3126638553167702 0.3080834040868789 0.2872317134342787 0.2690409393172834 0.27389918994167783 0.2999384969629703 0.33611781162152965 0.3584219345556985 0.4225059703981592 -9999 -9999 -9999 -9999 -9999 -9999 -9999 -9999 -9999 -9999 -9999 -9999 -9999 -9999
-9999 -9999 -9999 -9999 0.458605074549909 0.5576542441402071 0.5599259355863759 0.6277982192813325 0.5732257734636029 0.5664426131266223 0.538864237451329 0.5621160999653627 0.5540080053407015 0.5149534512886136 0.5205446093883329 0.4657727533492919 0.4417436594752554 0.4354077606528288 0.4695519209782975 0.5063081303116163 0.4943860102902103 0.447089493329919 0.4425294328514809 0.3663393272067062 0.3301744737867903 0.24629838174622104 0.20318777353374726 0.2038927768577096 0.2131658581234943 0.2232292233868356 0.2282810525836303 0.2623907621544793 0.2674638601966792 0.3231513139036792 0.4239985216771509 -9999 -9999 -9999 -9999 -9999 -9999 -9999 -9999 -9999 -9999 -9999 -9999 -9999 -9999 -9999 -9999 -9999
-9999 -9999 -9999 0.37196658620568973 0.3991096125143205 0.5432021312931292 0.537572728100618 0.6000310703078828 0.5980997590560064 0.6051881900766674 0.5859086517772878 0.5914004351416031 0.5382721065071749 0.4568302868282287 0.4576157880199303 0.4537295179710711 0.44067171420963935 0.4123115820855454 0.41953726388469215 0.4070261744081829 0.37930868169233134 0.32237764443032 0.2940669407901918 0.2591394491979142 0.21573950310418424 0.20771510308950306 0.19589576920754664 0.2036254737291608 0.21767241175505614 0.27517591728662155 0.4166446472360941 -9999 -9999 -9999 -9999 -9999 -9999 -9999 -9999 -9999 -9999 -9999 -9999 -9999 -9999 -9999 -9999 -9999 -9999 -9999 -9999 -9999
-9999 -9999 -9999 0.3513860160709582 0.4382106141227605 0.5744745021012652 0.5963161523447993 0.6655958017536954 0.7016523368688925 0.6520068433589316 0.6002214574442206 0.5271218697806672 0.5744803645113777 0.49242791497009 0.42618990837923737 0.4359804223420004 0.43397452347348586 0.4410237719983519 0.4493979151540985 0.3934109839102776 0.3751148573482534 0.33830843318052983 0.3312805912451235 0.2894751784782298 0.27623651095956675 0.2394773589539953 0.2510228674974191 0.2817659917179936 0.3177394786065493 -9999 -9999 -9999 -9999 -9999 -9999 -9999 -9999 -9999 -9999 -9999 -9999 -9999 -9999 -9999 -9999 -9999 -9999 -9999 -9999 -9999 -9999 -9999
-9999 -9999 -9999 0.7011782523766249 0.7683874771644627 0.7205797969164192 0.6653136508869821 0.6518242391362945 0.5902008363326723 0.5493637956209988 0.5118829310372808 0.4377516944498095 0.4109619962916079 0.42590239194218094 0.4286838012091837 0.4735659747847681 0.4783687842366563 0.4769247614621542 0.4319409182587174 0.36532286644725503 0.33620688771643503 0.3402463511074727 0.35267118573235723 0.3467519316298701 0.2822518830922683 0.28540300101301674 0.3158570863869741 0.36707980732788426 -9999 -9999 -9999 -9999 -9999 -9999 -9999 -9999 -9999 -9999 -9999 -9999 -9999 -9999 -9999 -9999 -9999 -9999 -9999 -9999 -9999 -9999 -9999 -9999
-9999 -9999 -9999 0.6832320061304954 0.6671913448084097 0.6191619121250065 0.6453097645525899 0.6458914350649871 0.6107399389946142 0.4878288570640555 0.4175070864128857 0.3803777002190605 0.3760954028279998 0.3687606217295077 0.3749388280708717 0.4114197716873312 0.4085109264543448 0.4135216658340529 0.3823396400048091 0.3034151991035423 0.3187908343329487 0.3092663354177277 0.3220963902030422 0.3161679706401173 0.2704404266060351 0.28582666538895196 0.41065007197055226 -9999 -9999 -9999 -9999 -9999 -9999 -9999 -9999 -9999 -9999 -9999 -9999 -9999 -9999 -9999 -9999 -9999 -9999 -9999 -9999 -9999 -9999 -9999 -9999 -9999
-9999 -9999 -9999 -9999 0.6623064216911636 0.6406951954094272 0.6212293283441241 0.5581246113479448 0.4924516928394778 0.3371282325304228 0.3356765017324453 0.33181369395941274 0.29379877436792545 0.2935824459297524 0.2997227801377878 0.30194722472193514 0.30698099640170384 0.2726292650499986 0.28574922841007194 0.2513909303162701 0.3017878118718339 0.29426776162711965 0.30216561197955993 0.3375916601767823 -9999 -9999 -9999 -9999 -9999 -9999 -9999 -9999 -9999 -9999 -9999 -9999 -9999 -9999 -9999 -9999 -9999 -9999 -9999 -9999 -9999 -9999 -9999 -9999 -9999 -9999 -9999 -9999
-9999 -9999 -9999 -9999 0.527507235229445 0.5280624905198699 0.5180816427664591 0.5141232419151792 0.4889044515669336 0.38242217772290665 0.257485449742248 0.19445819919425547 0.2250880570671488 0.26848995834384 0.2313963666497745 0.28579793599169345 0.26001880391448673 0.26383861381827955 0.2797166513141304 0.2291644110909453 0.2469982855383262 0.245519540700654 0.2932472139489349 0.3457090942396389 0.5113717080793729 -9999 -9999 -9999 -9999 -9999 -9999 -9999 -9999 -9999 -9999 -9999 -9999 -9999 -9999 -9999 -9999 -9999 -9999 -9999 -9999 -9999 -9999 -9999 -9999 -9999 -9999 -9999
-9999 -9999 -9999 -9999 0.40066800930345575 0.35545082029735103 0.35225907309934745 0.2643961293129677 0.2633621406568228 0.3272542238781761 0.2910427338792454 0.2087565914800301 0.2937347356411947 0.2494251149915175 0.26455846748023515 0.23946236200961266 0.2451838258734132 0.22195972490912072 0.22263385456971008 0.2273325283085199 0.272296920294592 0.2652073894625305 0.2448475902280964 0.2650922955190091 -9999 -9999 -9999 -9999 -9999 -9999 -9999 -9999 -9999 -9999 -9999 -9999 -9999 -9999 -9999 -9999 -9999 -9999 -9999 -9999 -9999 -9999 -9999 -9999 -9999 -9999 -9999 -9999
