metrics/grid_rasters/ASCAT 12.5 TS/grideval_ASCAT 12.5 TS_X_fall_2018_absolute_ubrmsd.asc
ncols 52
nrows 55
xllcorner     11.25
yllcorner     55.25
cellsize      0.25
NODATA_value  -9999
[rows 0 to 29 of 55, columns 0 to 51 of 52]
-9999 -9999 -9999 -9999 -9999 -9999 -9999 -9999 -9999 -9999 -9999 -9999 -9999 -9999 -9999 -9999 -9999 -9999 -9999 -9999 -9999 -9999 -9999 -9999 -9999 -9999 -9999 -9999 -9999 -9999 -9999 -9999 -9999 -9999 -9999 -9999 12.038553144163522 12.367730065780098 11.822492408278295 -9999 -9999 -9999 -9999 -9999 -9999 -9999 -9999 -9999 -9999 -9999 -9999 -9999
-9999 -9999 -9999 -9999 -9999 -9999 -9999 -9999 -9999 -9999 -9999 -9999 -9999 -9999 -9999 -9999 -9999 -9999 -9999 -9999 -9999 -9999 -9999 -9999 -9999 -9999 -9999 -9999 -9999 -9999 -9999 -9999 -9999 -9999 -9999 -9999 12.854548093659696 10.80933667092865 10.689924616640262 11.48630430904482 12.809563050730205 12.809838689552645 -9999 -9999 -9999 -9999 -9999 -9999 -9999 -9999 -9999 -9999
-9999 -9999 -9999 -9999 -9999 -9999 -9999 -9999 -9999 -9999 -9999 -9999 -9999 -9999 -9999 -9999 -9999 -9999 -9999 -9999 -9999 -9999 -9999 -9999 -9999 -9999 -9999 16.213191561800055 16.213138052385474 15.749817011613214 15.54039742699072 15.800526094221844 17.346445048748105 17.878450335255533 -9999 17.185192885931208 14.635711854461928 11.909451476410904 11.277779923633265 12.27532002241272 12.27557665571678 13.468821495380931 14.806885229550359 16.843119881976786 18.413677549995693 18.414494609534046 -9999 -9999 -9999 -9999 -9999 -9999
-9999 -9999 -9999 -9999 -9999 -9999 -9999 -9999 -9999 -9999 -9999 -9999 -9999 -9999 -9999 -9999 -9999 -9999 -9999 -9999 -9999 -9999 -9999 -9999 -9999 -9999 -9999 14.68443588480442 13.412699193514607 12.5427632073159 11.958078556658794 14.249560240282948 14.25106226383889 17.36051122050709 19.1044402631017 19.81872691825568 18.745988936638923 16.922238084712593 16.92235071286374 15.883397531317554 15.818131457341563 16.725363004167498 17.45936937853704 18.680908150412733 18.68178113014132 19.92092691311464 21.765695874586438 23.70795476910025 -9999 -9999 -9999 -9999
-9999 -9999 -9999 -9999 -9999 -9999 -9999 -9999 -9999 -9999 -9999 -9999 -9999 -9999 -9999 -9999 -9999 -9999 -9999 -9999 -9999 -9999 13.940930417452874 12.39341319886606 13.977926657855155 13.937807002553466 14.133964916704564 12.896989765226154 12.586216562845552 10.491317647569526 11.059211297395285 11.759297915245321 14.340489766423296 17.254670215463452 19.47779079006098 20.432347406766297 21.222132516736483 21.809183568957657 21.900848562545484 22.062139555416817 21.82671867039027 22.309298778624548 22.58896052536632 21.9577977068894 21.53037093325882 22.299570900367296 23.50473802903452 25.319847927599216 26.11370093896161 -9999 -9999 -9999
-9999 -9999 -9999 -9999 -9999 -9999 -9999 -9999 -9999 -9999 -9999 -9999 -9999 -9999 -9999 -9999 -9999 -9999 -9999 -9999 -9999 12.872143036720093 12.872270639645288 12.322707091867482 12.840130966720528 13.488608307572624 13.604338124287324 13.748425011511692 15.066268371698367 15.06665513283751 15.04937682334366 15.551214124022215 15.358719227838481 16.011285816469325 18.034944345958863 20.075821203072977 20.075649308012427 21.799281331591462 22.4279423208972 22.18924185130545 21.86021779882805 22.250451007486273 22.250681045279922 22.86090715396524 23.83546758499005 24.65090965522041 25.21667744542417 25.758219105727267 26.00829301221477 -9999 -9999 -9999
-9999 -9999 -9999 -9999 -9999 -9999 -9999 -9999 -9999 -9999 -9999 -9999 -9999 -9999 -9999 -9999 -9999 -9999 -9999 -9999 15.597134772716226 14.057364794683561 12.99908797262445 13.296353993265248 12.409256455026352 12.361002677380206 12.360116320443534 13.159778918446708 15.206482860050913 16.38613725650281 17.869641741955608 18.584178669233516 19.29930874304507 19.299721104943828 20.005752692804233 21.054541178814738 21.816270413495026 22.424457144648596 21.994933565031268 21.866397325776028 21.86616178243278 21.836283129512733 22.300048133939978 22.910846076177908 23.843842805183677 24.723358678778375 25.30340126186703 25.303913205729266 25.42213286996879 25.681188304158745 -9999 -9999
-9999 -9999 -9999 -9999 -9999 -9999 -9999 -9999 -9999 -9999 -9999 -9999 -9999 -9999 -9999 -9999 -9999 -9999 -9999 -9999 -9999 15.096632612112082 14.156441359823676 14.156777921210962 13.79893489922708 12.520735363193966 13.142874424869499 13.68347112377552 15.284423828322382 16.67499723057735 16.677229307603547 18.964735130432643 21.028297344406106 22.264532573984088 22.65838800472599 22.709060493539337 22.425632768972086 22.260178440306 22.260385632931094 22.066964973178056 21.96585409933304 22.319717564430555 22.728327048223854 22.647409469792308 23.64037045419663 23.64086337639105 24.072386231579586 24.274476287155785 24.259364840589704 -9999 -9999 -9999
-9999 -9999 -9999 -9999 -9999 -9999 -9999 -9999 -9999 -9999 -9999 -9999 -9999 -9999 -9999 -9999 -9999 -9999 -9999 14.530251621055006 13.447922344746909 12.274567074528107 12.187213905874016 12.501102579971649 13.285801261638534 16.364469046177113 19.79813975434152 19.79837937701778 20.659127323012946 20.710040210708573 21.3279879221342 20.999978211967207 20.98245332305911 21.354872709093247 21.602456325359498 21.602274175302085 22.146331938212853 21.83328997695837 22.1205486504218 22.310376500432273 22.607604410606264 22.154273695739878 22.28116029704678 22.28171496181258 22.78702426109274 22.399932008589577 22.69460026393387 23.72062159133554 24.306216526320725 24.553669650244373 25.450238582671016 -9999
-9999 -9999 -9999 -9999 -9999 -9999 -9999 -9999 -9999 -9999 -9999 -9999 -9999 -9999 -9999 -9999 -9999 -9999 13.738724817338884 13.628957467024778 13.465072926602357 13.207927052697904 13.638032981408921 14.734264803084027 16.481759260842836 17.23278935028049 17.234840177159327 18.240427152106253 19.789109696188248 21.341036471252846 22.462752247811288 21.588965960518493 20.887725849708946 20.97198705539397 20.952604702333502 20.952757970364303 20.80090058335648 21.891074840569633 22.919253377659544 23.327696607791506 23.469152024246288 22.74371593325817 22.12952908108889 21.70845405711962 21.708845408872786 21.834352310031658 22.65870954913009 22.86493434206789 22.97141501027832 23.197532889590914 23.79162920435691 -9999
-9999 -9999 -9999 -9999 -9999 -9999 -9999 -9999 -9999 -9999 -9999 -9999 -9999 -9999 -9999 -9999 -9999 12.285348680618572 12.344962968681376 13.080818535796896 15.860247339417255 17.56358782200225 17.564130977820042 17.915638690302135 17.77044130871364 18.05889338814263 19.491157661162983 19.4244193496805 19.96645158167256 21.048829249760594 21.439693965786965 21.440561951459678 21.097636013191465 20.6423745669592 20.515027592101468 19.913021845261227 20.319060348334837 20.602343509871773 21.165479961079427 21.71363374524707 22.17451996168095 22.174289994463038 22.1939960571758 22.269981290987253 21.599567728203205 21.49471290445001 21.546286434230495 22.60541197157734 23.006840687264038 23.218699814069172 -9999 -9999
-9999 -9999 -9999 -9999 -9999 -9999 -9999 -9999 -9999 -9999 -9999 -9999 -9999 14.910761455377564 13.698375757751565 12.873501473438694 12.188019654559625 12.1873515881758 11.979709495739904 12.46585798007033 14.041067132407033 16.739532378555865 18.272577432217744 18.451036602610603 17.91398186904306 18.887219667632404 18.802774470868425 18.799496431017502 18.693749090754267 19.000157589437066 19.90992141621289 20.324312430083566 20.97315020410358 20.54107645953416 20.266003356433547 21.181627776217596 21.21646149195006 21.241618799010602 21.241721581484978 21.023217783826425 20.828192618146105 20.89045093190748 21.52899709276466 21.854044577786727 21.788117119277707 22.375344210773395 23.183715654276558 23.11857400617611 23.118493289692665 23.451027717777773 23.903255260272843 -9999
-9999 -9999 -9999 -9999 -9999 -9999 -9999 -9999 -9999 -9999 -9999 -9999 -9999 13.950653357206548 13.361342503763494 12.878485338524795 13.391130544990823 13.30414107556838 14.484866101270942 15.868676990214471 17.80712826406531 19.22788585235097 18.96035316619493 18.960098008977226 19.26805932682597 18.857258169772933 19.88286264821234 19.87464943160136 19.413864235890358 20.29124284220481 20.395322849766696 21.337323046687235 21.89453780133588 22.04125374385603 22.04261260416604 22.178405047970863 22.123809949399813 22.38868668366188 22.36986701059756 21.381453550369507 20.35260115969772 21.008484896690824 21.1336786244888 21.729142979947724 22.538819962337136 22.53862681988948 22.782269428919896 23.586535109591626 23.423499794618287 23.496116177404648 24.08979326375256 24.765208351657567
-9999 -9999 -9999 -9999 -9999 -9999 -9999 -9999 -9999 -9999 -9999 -9999 -9999 12.69845879223463 13.658027963397831 16.21150467987115 18.639554031700293 19.666721723617112 19.701302864202532 18.11389663285903 18.56882382742077 19.089253229745843 19.515308713893813 19.427645418573288 20.088957803599705 21.464656484082717 21.966169532730934 22.578845736873355 23.294630182031774 22.492597412640592 22.42546258320167 22.790139375860893 22.429695942562013 23.27395020358909 23.547908489112483 23.24329599890477 22.62182659685687 21.681755020993123 21.196747895117365 20.93077587868883 20.897835885092253 20.991056678675488 22.004999106143426 22.504927735332803 -9999 -9999 -9999 -9999 -9999 -9999 -9999 -9999
-9999 -9999 -9999 -9999 -9999 -9999 -9999 -9999 -9999 -9999 -9999 -9999 -9999 13.49365159232051 14.341852190517638 16.01504362075977 18.085619671891557 19.643245325167772 20.19091989451937 20.13699137024904 20.715095912111558 21.145432015981488 21.05024804870311 20.901584173491162 20.917016954923927 21.986079611081237 22.36957310482804 22.453753714720058 22.45367063693996 23.1329274191883 23.57046060783499 23.686569743785963 23.629229205863762 23.24906962847065 23.336307779687168 22.191109191574736 21.6823132647239 21.46103043618218 21.707112754174766 21.5096084005643 22.20478348684226 -9999 -9999 -9999 -9999 -9999 -9999 -9999 -9999 -9999 -9999 -9999
-9999 -9999 -9999 -9999 -9999 -9999 -9999 -9999 -9999 -9999 -9999 -9999 11.672149200790429 12.211145256765342 14.813018492549064 17.852520217311742 19.7961628705251 20.782008319790204 20.477386113187755 21.431483012208954 21.799044123675145 21.80012497800217 22.135402926109293 21.800748745234213 21.53686483540989 22.222069933409404 22.365154428658304 22.242493179435787 22.35639370074112 22.689095853176283 22.88146162119879 23.097970606888023 22.2691288652072 22.118033555826177 21.81619373665195 21.58066977590711 21.97854480387939 21.978439164442975 22.291169406697854 22.764579362699127 23.07718452641212 -9999 -9999 -9999 -9999 -9999 -9999 -9999 -9999 -9999 -9999 -9999
-9999 -9999 -9999 -9999 -9999 -9999 -9999 -9999 -9999 -9999 -9999 11.058258830076463 11.058404139402569 11.481440785160475 13.097884403281546 16.620337424258572 19.454853657524676 20.848702194221467 21.980978915731935 22.242788065694583 22.505607193364845 22.640247518669895 22.765424207121118 22.72802961377135 22.833236464384537 22.88826753854019 22.81749186356277 22.069876999584995 21.999835789794076 21.78666734365925 21.896042063956923 21.896283010421197 21.403532538077734 21.422218531114687 21.66528979459874 21.803276633760586 21.874068477620238 21.826882473257246 22.23121750631425 23.277812980700087 -9999 -9999 -9999 -9999 -9999 -9999 -9999 -9999 -9999 -9999 -9999 -9999
-9999 -9999 -9999 -9999 -9999 -9999 -9999 -9999 -9999 -9999 16.65342168130569 15.530974377241993 15.431859980160418 16.9815185281049 19.462897908021333 20.824790099756 21.93733354900809 22.34018244468884 22.977397688215643 23.24948320211378 23.111988137699786 22.883263701858148 22.85863733428809 23.125692027328498 23.56968429584261 24.14965481015229 24.236104056483434 23.288272407944763 23.190582853307987 21.711160862455134 21.35427240872733 20.31113437933884 20.58009634819127 21.35190946015974 22.588484001089608 22.260489626111173 22.043161674593822 22.249975884731224 22.655097389973555 -9999 -9999 -9999 -9999 -9999 -9999 -9999 -9999 -9999 -9999 -9999 -9999 -9999
-9999 -9999 -9999 -9999 -9999 -9999 -9999 -9999 -9999 -9999 -9999 -9999 21.40225341115777 20.795549397597547 21.0566965185845 21.057156159475614 21.925061226159286 22.531862982311637 22.328913189684624 22.240716324962055 21.978469717574352 22.313821449639875 22.376610338161193 22.475355296924683 23.458986353163287 24.693550366503512 23.51727329100262 22.98337608322639 23.31138689488966 22.47480009971905 21.00320081410558 20.287983724896268 20.55855211427929 20.626728328380405 20.38455498599228 20.836933972138347 22.347292979315906 23.181169828294028 22.881413617447468 23.47049273574709 -9999 -9999 -9999 -9999 -9999 -9999 -9999 -9999 -9999 -9999 -9999 -9999
-9999 -9999 -9999 -9999 -9999 -9999 -9999 -9999 -9999 -9999 -9999 20.775798056023763 21.06037871738432 21.171084437671414 21.155307957875603 20.84541452044205 20.89349046802489 20.325657509688074 20.315770265514914 20.48048704489382 20.94384896521 21.72191377259137 22.51989611590727 22.842887604080467 22.723813316928805 23.017113316436273 22.701582019459586 23.344133806481327 22.7217949567303 21.203759440328643 20.94519996240727 20.720589864013977 20.74023594142012 20.51297422472918 20.51325981214891 21.457784536302405 22.757207528402795 23.848581237083806 24.316724201959484 -9999 -9999 -9999 -9999 -9999 -9999 -9999 -9999 -9999 -9999 -9999 -9999 -9999
-9999 -9999 -9999 -9999 -9999 15.27254399436632 16.473884914641847 16.001529575025376 16.48916528564771 19.10811532240305 20.459453008788227 20.171171311811285 20.17110036755216 21.62977707638454 21.30251110290281 20.910249264078494 20.50682656657112 19.158423255740786 18.78672959488031 19.275293223516886 19.806198787617895 19.994530203970488 20.862985500018198 21.467168086367 22.268921026710128 22.57692665799306 21.9723229574144 21.537264062964184 21.821122784854268 20.715757353448428 21.340630077110948 21.074170896094607 21.311828839913847 21.652569371616877 23.102385753521762 23.531682068895996 23.689358173124447 23.27031478488017 -9999 -9999 -9999 -9999 -9999 -9999 -9999 -9999 -9999 -9999 -9999 -9999 -9999 -9999
-9999 -9999 -9999 -9999 16.935026631387846 17.026905147364353 20.100756643392717 20.698838264865483 21.505534216114803 21.18328527851823 20.362137120635058 20.467310533297734 20.693428846764363 19.89966265105248 19.85340898603393 19.573669171108907 18.789927144474465 18.35628014013428 19.09823911949305 19.63098481900583 19.97328360434185 20.114232340379587 20.378254299561398 20.745863005055057 22.042611021471576 21.543107590179 21.433490088267853 22.203033744402727 20.85720567520968 21.513373745280386 21.674574810565094 22.585845699390713 23.867172015095377 23.847881745033032 24.945470717292466 -9999 -9999 -9999 -9999 -9999 -9999 -9999 -9999 -9999 -9999 -9999 -9999 -9999 -9999 -9999 -9999 -9999
-9999 -9999 -9999 18.075971502364922 19.632110830132948 19.1950875042543 19.484510817266642 18.626386502203868 18.323428171167336 17.91068457633925 19.22163601261513 19.411916008457048 19.205894360045363 18.246873187288227 18.698772322892662 18.750152673399867 18.43962167910076 18.991852916777454 19.42788596771775 20.19189622130305 20.547293759580786 20.61298248040838 20.425797145562026 21.251208884848737 20.665348216238826 20.892674350186887 21.05419336404841 21.221495292166072 21.421969209544088 22.180014599984585 24.17551965601747 -9999 -9999 -9999 -9999 -9999 -9999 -9999 -9999 -9999 -9999 -9999 -9999 -9999 -9999 -9999 -9999 -9999 -9999 -9999 -9999 -9999
-9999 -9999 -9999 17.09048296998336 20.106836573802003 21.919036947544484 22.40726203710969 21.00332386981994 20.24084812330176 20.274351686842728 19.595962112984786 19.317828394093358 19.129773484471677 18.90450839255109 18.496534821085287 18.383414944020075 18.358352697378763 18.565397097249967 19.43780453721725 19.456144647022327 19.950506553510362 20.59820175631417 21.035709940339014 21.012554851836867 20.487959052398665 20.66359317885106 21.478412863553558 21.486570135316192 21.88640519495957 -9999 -9999 -9999 -9999 -9999 -9999 -9999 -9999 -9999 -9999 -9999 -9999 -9999 -9999 -9999 -9999 -9999 -9999 -9999 -9999 -9999 -9999 -9999
-9999 -9999 -9999 15.25054393314258 16.030973407485494 19.169078903200035 22.45249420583805 21.99447737462151 22.605496601100405 23.127682446554857 22.487134514534244 22.13170791249943 20.114372157484762 19.295208684785074 18.865250434186283 18.254475546261446 18.276258701346016 19.106093780902146 19.636756370513144 19.8930252303123 20.534740245717785 21.074315375233763 21.204565417358275 20.57860749713223 20.67183475692877 21.621688946701887 21.27197651511851 22.575232818005066 -9999 -9999 -9999 -9999 -9999 -9999 -9999 -9999 -9999 -9999 -9999 -9999 -9999 -9999 -9999 -9999 -9999 -9999 -9999 -9999 -9999 -9999 -9999 -9999
-9999 -9999 -9999 19.235459344479512 21.75544789590934 22.67797661415721 22.92803408162387 24.227823551522942 24.436395021765136 23.99922823642426 22.989023115026303 21.923376347615577 21.532550238360347 20.700997170082022 19.37558133170296 18.998798100108715 18.9794761985242 19.38569141772637 19.827857728501677 20.310571702534038 20.424378365929094 20.530419246507748 20.96190346218562 20.988132105711237 21.011823213078166 21.45408687736478 22.44143658698864 -9999 -9999 -9999 -9999 -9999 -9999 -9999 -9999 -9999 -9999 -9999 -9999 -9999 -9999 -9999 -9999 -9999 -9999 -9999 -9999 -9999 -9999 -9999 -9999 -9999
-9999 -9999 -9999 -9999 22.28020375830008 23.022686151345507 24.70223506474756 24.781318063150106 24.560155717659693 24.36349719177605 23.444485084450264 22.70968943462616 21.55446687190421 20.99566966056611 21.06856870199174 21.51202990833387 20.5659496484664 20.826956688839253 21.147552559439927 20.810203078676025 20.032594489966932 19.917832170816144 19.588297536473167 20.042297928705302 -9999 -9999 -9999 -9999 -9999 -9999 -9999 -9999 -9999 -9999 -9999 -9999 -9999 -9999 -9999 -9999 -9999 -9999 -9999 -9999 -9999 -9999 -9999 -9999 -9999 -9999 -9999 -9999
-9999 -9999 -9999 -9999 24.215444605385443 25.899210735036068 25.96675616458645 25.763327773883105 25.169251782583608 23.77797068095155 23.074374907973638 22.542446609752265 22.239084072013693 22.06933874044196 22.341925651463452 22.05602275849168 21.834006838770453 22.07204798667445 22.2282038881724 21.982469282023388 21.322772058572323 20.75220962859985 20.495422217613413 20.557707006534557 19.0763475618783 -9999 -9999 -9999 -9999 -9999 -9999 -9999 -9999 -9999 -9999 -9999 -9999 -9999 -9999 -9999 -9999 -9999 -9999 -9999 -9999 -9999 -9999 -9999 -9999 -9999 -9999 -9999
-9999 -9999 -9999 -9999 25.19749950936659 26.06931877949888 26.22606516678832 26.276815610008807 26.095683350287064 24.83726565539399 24.205548854357215 23.56764848885632 22.78262863094095 22.956620394120346 23.224212802782844 23.036080771231266 22.87758456345841 22.60255837379215 22.29649000708941 21.736401398893534 21.05508258217561 20.44036448119742 20.362656302310857 20.140745479645762 -9999 -9999 -9999 -9999 -9999 -9999 -9999 -9999 -9999 -9999 -9999 -9999 -9999 -9999 -9999 -9999 -9999 -9999 -9999 -9999 -9999 -9999 -9999 -9999 -9999 -9999 -9999 -9999
-9999 -9999 -9999 -9999 23.77718978153431 25.594310609364843 25.034865177233385 24.237471540258326 24.66092531317207 24.563319734515005 24.576338516477986 23.948611502312165 23.445981146958374 23.155663630242227 23.24739113891108 22.959732231526925 22.895958478314327 22.547911653190464 22.332691993871588 21.572846158327774 21.68126516962741 20.745055255665168 20.557525093347724 -9999 -9999 -9999 -9999 -9999 -9999 -9999 -9999 -9999 -9999 -9999 -9999 -9999 -9999 -9999 -9999 -9999 -9999 -9999 -9999 -9999 -9999 -9999 -9999 -9999 -9999 -9999 -9999 -9999
