metrics/grid_rasters/ASCAT 12.5 TS/grideval_ASCAT 12.5 TS_X_spring_2016_absolute_bias.asc
ncols 52
nrows 55
xllcorner     11.25
yllcorner     55.25
cellsize      0.25
NODATA_value  -9999
[rows 0 to 28 of 55, columns 0 to 51 of 52]
-9999 -9999 -9999 -9999 -9999 -9999 -9999 -9999 -9999 -9999 -9999 -9999 -9999 -9999 -9999 -9999 -9999 -9999 -9999 -9999 -9999 -9999 -9999 -9999 -9999 -9999 -9999 -9999 -9999 -9999 -9999 -9999 -9999 -9999 -9999 -9999 -54.87830267585026 -55.46073332650281 -55.75414430959058 -9999 -9999 -9999 -9999 -9999 -9999 -9999 -9999 -9999 -9999 -9999 -9999 -9999
-9999 -9999 -9999 -9999 -9999 -9999 -9999 -9999 -9999 -9999 -9999 -9999 -9999 -9999 -9999 -9999 -9999 -9999 -9999 -9999 -9999 -9999 -9999 -9999 -9999 -9999 -9999 -9999 -9999 -9999 -9999 -9999 -9999 -9999 -9999 -9999 -51.28615474996974 -57.06755050345807 -58.30121769685732 -57.08946135129772 -54.64378517665738 -54.644227020077636 -9999 -9999 -9999 -9999 -9999 -9999 -9999 -9999 -9999 -9999
-9999 -9999 -9999 -9999 -9999 -9999 -9999 -9999 -9999 -9999 -9999 -9999 -9999 -9999 -9999 -9999 -9999 -9999 -9999 -9999 -9999 -9999 -9999 -9999 -9999 -9999 -9999 -51.133904751008856 -51.171179063143214 -52.07022698472822 -49.687316092228365 -44.02443500699355 -38.01659317133219 -38.91754585739624 -9999 -43.72295934287468 -49.96325079994104 -56.65127143456954 -59.34372011350407 -58.527606359556216 -58.52847860209679 -57.31824226200881 -56.18941090889422 -54.43656599978804 -54.74594983266919 -54.7457665790829 -9999 -9999 -9999 -9999 -9999 -9999
-9999 -9999 -9999 -9999 -9999 -9999 -9999 -9999 -9999 -9999 -9999 -9999 -9999 -9999 -9999 -9999 -9999 -9999 -9999 -9999 -9999 -9999 -9999 -9999 -9999 -9999 -9999 -54.74899361682078 -55.9743348809866 -53.24813534199061 -45.67368065292672 -37.19312507749875 -37.23988031422248 -34.716086113382524 -40.20623750441847 -47.472929690044545 -51.437527980738786 -53.795723322689774 -53.794937569085796 -56.338971537299535 -56.83339262028954 -56.048482491195934 -55.322647123145046 -52.89990526279261 -52.89941860144784 -51.901114532906846 -51.92089568745968 -53.60365040756583 -9999 -9999 -9999 -9999
-9999 -9999 -9999 -9999 -9999 -9999 -9999 -9999 -9999 -9999 -9999 -9999 -9999 -9999 -9999 -9999 -9999 -9999 -9999 -9999 -9999 -9999 -57.403802466255925 -61.363773390911646 -60.26362999903372 -59.42450813112854 -58.90604950790482 -59.496306743189365 -56.7265061448557 -54.805971730981376 -52.30684338805088 -45.48765745525996 -41.82034767865348 -39.95252852559511 -43.466850354692475 -46.31267383606672 -47.703002860555976 -51.452831853935784 -53.479830991227935 -53.50052960041556 -52.60554123040582 -53.65291379557414 -53.01582320336366 -52.40774456048954 -51.28898485263571 -50.42142972228221 -52.21270752014039 -57.12321372557146 -61.161746642168644 -9999 -9999 -9999
-9999 -9999 -9999 -9999 -9999 -9999 -9999 -9999 -9999 -9999 -9999 -9999 -9999 -9999 -9999 -9999 -9999 -9999 -9999 -9999 -9999 -64.19677260291918 -64.19763039763414 -66.04277959320679 -64.05602433372893 -61.374798093306026 -55.24156717703229 -51.39759692462994 -47.07761352058997 -47.077799812226594 -46.28257746300898 -47.60851861567802 -49.32352497922869 -51.11034958443473 -51.42931260227943 -50.47844895942873 -50.47753532886877 -49.85959325784783 -51.873417630285026 -53.812896854471425 -54.145028896405414 -54.39125143795877 -54.39195162077096 -56.028637845880354 -56.669850487553 -57.29677514917693 -59.63411352731134 -62.2598267078599 -62.92100732949915 -9999 -9999 -9999
-9999 -9999 -9999 -9999 -9999 -9999 -9999 -9999 -9999 -9999 -9999 -9999 -9999 -9999 -9999 -9999 -9999 -9999 -9999 -9999 -62.92153187919276 -67.10400929011509 -68.03529820566092 -69.43172633997844 -68.27147328497865 -60.07243730471783 -60.0689382830362 -50.28757149565423 -42.81586055560274 -40.47437963380699 -42.291299367102816 -46.54735505387598 -49.84687690060108 -49.846451593562314 -51.699923087526976 -51.807967861241764 -51.57836746715879 -52.02872077354277 -55.106883079012796 -56.14330875221553 -56.14206436410874 -56.75170577207662 -57.09256573721049 -58.485763791971905 -60.50704637877426 -62.067988408427496 -62.62580636294818 -62.62605642260916 -63.582442679516795 -64.81164004489146 -9999 -9999
-9999 -9999 -9999 -9999 -9999 -9999 -9999 -9999 -9999 -9999 -9999 -9999 -9999 -9999 -9999 -9999 -9999 -9999 -9999 -9999 -9999 -58.99383764376236 -57.63306718707789 -57.633537500326604 -57.505429522945214 -55.03461494550697 -50.406932417759705 -48.61594972651656 -46.95133716335823 -46.47387896652636 -46.42192768082635 -44.116593202444534 -45.99565567609263 -49.65236117840538 -51.60271494076684 -51.9093904284922 -52.608279557583245 -53.92419846593815 -53.92208321532723 -56.40439558619319 -58.30980511774352 -59.26452246251972 -60.1177377742492 -61.86711725903533 -61.895259355494424 -61.89518515789007 -62.38615048448638 -62.507978516499385 -62.78278506853017 -9999 -9999 -9999
-9999 -9999 -9999 -9999 -9999 -9999 -9999 -9999 -9999 -9999 -9999 -9999 -9999 -9999 -9999 -9999 -9999 -9999 -9999 -56.048638464784574 -56.79075664229676 -57.412814739688905 -55.49159570593398 -53.51081523872678 -50.52901980664606 -45.250726051520594 -41.370101416916775 -41.37004830977776 -42.66766239252291 -45.94243975963679 -48.135559070114184 -48.790019917001544 -49.57454978370802 -50.55098930144486 -51.92355258470998 -51.92323892337971 -52.658914945416726 -53.324259448224545 -53.833494803970346 -54.60819934475997 -56.205397189882355 -58.76782601702464 -61.546403958230464 -61.547305442212284 -61.645514695904396 -61.98802544395872 -63.30141521022106 -63.560300008489364 -63.33578590397748 -64.07357145802126 -65.44736033798667 -9999
-9999 -9999 -9999 -9999 -9999 -9999 -9999 -9999 -9999 -9999 -9999 -9999 -9999 -9999 -9999 -9999 -9999 -9999 -55.7945486191354 -53.1207359159494 -52.85057943971872 -52.17400658517654 -51.69431685814857 -50.56771665212568 -49.55138435331124 -47.75495016724125 -47.750029618602866 -45.98253388571492 -44.95310165989441 -44.45276610237109 -45.802684871874256 -49.90573573767239 -53.86985065436636 -56.30117766304895 -58.01639249477168 -58.01556998549992 -59.24784779874774 -60.274252728229854 -59.471619465148 -58.33606122130593 -56.92708282102548 -57.74698687064373 -60.66456716831773 -63.175236807121095 -63.175731298260686 -65.00915813059807 -64.67006544413205 -64.72861231425628 -65.03525520210273 -64.79283406900167 -64.36436318083832 -9999
-9999 -9999 -9999 -9999 -9999 -9999 -9999 -9999 -9999 -9999 -9999 -9999 -9999 -9999 -9999 -9999 -9999 -56.46662263074851 -54.34528483784765 -51.152770875408926 -46.09035304896896 -47.645722206954154 -47.64399521391228 -49.17703835517684 -49.66878350415598 -49.382426119455154 -49.102076163865824 -48.2458722156855 -47.817310773379724 -47.405165140688645 -46.78006852415779 -46.7807729473304 -47.64644711102036 -51.44086681912353 -55.120250956138705 -56.93162329791266 -59.69386742981808 -61.67109465251155 -63.45394173757705 -63.33832074339804 -62.375545046019326 -62.37430663520586 -62.91787507648839 -63.789226761102455 -64.65006049239234 -64.40535738114644 -63.750546727050455 -63.89495768569176 -63.050461631623534 -62.9462328696301 -9999 -9999
-9999 -9999 -9999 -9999 -9999 -9999 -9999 -9999 -9999 -9999 -9999 -9999 -9999 -49.185767708004576 -50.98546094419653 -54.721825649677925 -57.2853741182342 -57.282045879481146 -56.27235604555218 -53.374567458549116 -48.65617638364317 -45.57627559457494 -46.09103816344928 -48.39287144480065 -50.96721998936529 -54.84805269120061 -54.79824087076364 -54.78934904355499 -54.30313105712324 -53.299556925168936 -54.06975163030159 -54.78461179153364 -54.75318389599509 -56.58596972312421 -58.09055995261257 -60.59546154868075 -61.618958305335376 -64.44796589714662 -64.44784670897414 -65.8527844330699 -65.12942500276263 -64.87376337507574 -65.10120154734258 -63.36029333362739 -62.68463634894416 -63.74564999896155 -63.57195991302162 -63.25156936690917 -63.25151564064476 -63.851728509961546 -61.446725211186866 -9999
-9999 -9999 -9999 -9999 -9999 -9999 -9999 -9999 -9999 -9999 -9999 -9999 -9999 -48.17689510967775 -49.51861673219704 -52.30875274114082 -53.57756476080954 -54.2631378623812 -52.03583459887209 -49.566546037340686 -46.895388706521466 -47.01256037728021 -48.15476188445144 -48.15515532665458 -51.985903935986826 -55.300267554792974 -58.60669456593307 -59.978252296073784 -58.69723448947364 -59.85405870510653 -60.937126307512806 -62.01233331450643 -62.59989067387835 -63.909894361105096 -63.91000871824735 -64.2271189810229 -64.05270291335204 -64.00278479489197 -64.72439050008808 -65.194747009414 -65.3511736371725 -67.03330021746643 -66.74433184096273 -65.20681293241368 -64.8819471014654 -64.88072257960367 -64.51706367825254 -63.87514583857031 -63.40630743003121 -61.82799106073541 -63.05552770463501 -64.61973801280803
-9999 -9999 -9999 -9999 -9999 -9999 -9999 -9999 -9999 -9999 -9999 -9999 -9999 -50.397612460265606 -52.94418177185977 -50.42903500244145 -51.08862579164453 -51.598404068159645 -52.29324268048038 -50.847705393908356 -49.96973651839051 -50.62126662381651 -52.836509734490214 -54.6976966217072 -57.780012477908876 -59.548198686173784 -62.28818963334941 -62.86225351660686 -63.046395844222566 -63.3850418272086 -64.34599238716304 -65.14845386848386 -64.66929683526456 -64.32964485969461 -64.4092117929779 -64.35903532873498 -63.24153252824078 -62.65621970006325 -63.0370037037521 -66.29505242642904 -68.17582871291366 -68.92962484591591 -68.73446134015934 -63.26181780906668 -9999 -9999 -9999 -9999 -9999 -9999 -9999 -9999
-9999 -9999 -9999 -9999 -9999 -9999 -9999 -9999 -9999 -9999 -9999 -9999 -9999 -53.04726172168809 -54.13099502646103 -53.83652190899239 -52.809245839983454 -51.10243719710875 -52.18503096103533 -55.12178944362083 -58.63796796828421 -61.87260613948315 -61.485078659777 -60.776393261553935 -60.64433580555354 -62.91457442600217 -64.63780289591347 -64.92779212447014 -64.92822416846185 -64.29373127951605 -64.71573826707893 -64.90687638775285 -65.75781526512579 -65.31618658573254 -65.13340841902121 -63.15708506374032 -62.06704400848066 -61.44491518637985 -63.27285292221661 -66.83559671498486 -69.06663326155373 -9999 -9999 -9999 -9999 -9999 -9999 -9999 -9999 -9999 -9999 -9999
-9999 -9999 -9999 -9999 -9999 -9999 -9999 -9999 -9999 -9999 -9999 -9999 -56.10200183715455 -54.33963964042639 -52.43833401530385 -50.8084112487627 -49.24594567397668 -50.47210992743801 -54.645871566153794 -57.4484216627309 -61.07895336625871 -61.07676046749669 -63.295282762573045 -63.847045787627394 -64.09971447677695 -65.46265065345328 -66.78502825951075 -66.86603487983666 -65.86233586681375 -65.28949080247133 -65.72176173854339 -66.2670303800016 -67.01155729052118 -67.41758889260453 -67.39647801041879 -65.8172987915426 -64.62555313977089 -64.62437425305292 -65.84280163332389 -66.13608262500887 -64.56979461843537 -9999 -9999 -9999 -9999 -9999 -9999 -9999 -9999 -9999 -9999 -9999
-9999 -9999 -9999 -9999 -9999 -9999 -9999 -9999 -9999 -9999 -9999 -48.7530977673393 -48.72405737159143 -51.021612239539735 -52.71802711527185 -51.452564436974185 -50.830671837997954 -53.592786003338354 -56.72479189752632 -60.39470766736127 -62.66173636354714 -63.54981521083501 -63.21912117803018 -62.70287228173775 -64.18669558984301 -65.12648880240373 -68.11105045336922 -68.66308122141241 -68.37294163431444 -68.23853139981493 -67.6828655097614 -67.68395466982345 -67.3042344382796 -67.98147079918435 -69.0274172346586 -69.41205691737474 -68.69300384006168 -69.34838287876707 -68.4496721256951 -62.398207497267684 -9999 -9999 -9999 -9999 -9999 -9999 -9999 -9999 -9999 -9999 -9999 -9999
-9999 -9999 -9999 -9999 -9999 -9999 -9999 -9999 -9999 -9999 -47.32494343496696 -46.643266982162466 -46.85198513671772 -48.427187411935066 -51.86834498766361 -55.08639139724407 -59.42212823697981 -62.45928618857111 -61.972320350537004 -64.44358096625811 -65.04348504888365 -67.01195667527452 -67.61786085567459 -65.75761357674834 -64.17016108593718 -61.580261601640814 -62.019475244485825 -63.59069210938923 -66.9357831529211 -69.29974372124192 -70.08602122749147 -69.71911170443686 -68.12458743519846 -68.82721908705902 -68.66608721328933 -68.2312858521218 -68.30568436260599 -67.14481224846674 -64.18356435832341 -9999 -9999 -9999 -9999 -9999 -9999 -9999 -9999 -9999 -9999 -9999 -9999 -9999
-9999 -9999 -9999 -9999 -9999 -9999 -9999 -9999 -9999 -9999 -9999 -9999 -54.18789389842392 -59.77564872202043 -64.72035174749612 -64.7219223281555 -67.93324414304035 -68.74051197308555 -68.2716385894892 -68.03807710630038 -68.67344612993739 -68.38345490196006 -69.98196268740935 -69.57096287089236 -68.31172584269149 -66.81826774343462 -64.45759318678562 -64.17050956991059 -63.78504147888282 -65.50344207445842 -66.97299944399889 -67.74984254637613 -67.0288295812881 -65.4581269992628 -64.45233167460283 -65.26137504583592 -67.75156837450011 -67.34793465468968 -63.193641582584284 -53.387089981406746 -9999 -9999 -9999 -9999 -9999 -9999 -9999 -9999 -9999 -9999 -9999 -9999
-9999 -9999 -9999 -9999 -9999 -9999 -9999 -9999 -9999 -9999 -9999 -51.40001363031168 -53.09300907233016 -56.02155115162079 -60.08341823551554 -64.3432594368206 -68.47227263482694 -70.72953067800994 -71.30135630312019 -70.93963850357264 -71.48798802297755 -71.62150175455261 -71.46505070965303 -69.72828685398996 -69.19536687582985 -69.48978149630058 -68.89422274934427 -68.52734618415168 -67.76716816821374 -66.50723171750067 -65.9902506403374 -66.03993619363625 -65.75641790237056 -65.47089688129896 -65.4700792133273 -66.32491429705807 -68.90593697711977 -67.67969015530554 -62.011976953683224 -9999 -9999 -9999 -9999 -9999 -9999 -9999 -9999 -9999 -9999 -9999 -9999 -9999
-9999 -9999 -9999 -9999 -9999 -47.00888115652193 -47.60263808932478 -47.05608196570953 -47.979321078738835 -49.72547071958791 -54.837678309128954 -60.82298409868221 -60.82199348029669 -63.94875909203866 -65.35243121248435 -66.23053894040454 -68.04614166417595 -70.85205781108863 -72.39768249228848 -72.02823954067287 -72.01735773803061 -72.07865602870339 -71.99358953008688 -71.23972519126599 -70.30024776652124 -68.68174339601093 -67.5895639614285 -68.02254842240131 -67.80314464372333 -67.60033791013332 -66.94183142166175 -65.79058919940654 -65.83505651504964 -65.548297054567 -65.83875714623572 -65.32171710191477 -63.29274143745297 -56.144711742022686 -9999 -9999 -9999 -9999 -9999 -9999 -9999 -9999 -9999 -9999 -9999 -9999 -9999 -9999
-9999 -9999 -9999 -9999 -48.55970498256519 -49.22825965285142 -49.62593101022564 -52.11956173741921 -54.57380784515298 -57.789856828484176 -60.882589213722994 -63.5844738491674 -65.86031875008376 -67.79533430785001 -69.58999652656709 -70.40530451744456 -71.68748952860777 -72.44613255828075 -71.34952095994859 -71.52512989210193 -71.12681576739179 -71.41480775397282 -70.96410071667893 -71.37499108958201 -70.0177897903868 -68.85324684005514 -68.60382943757303 -68.94863679928139 -67.60478544460109 -66.46244852193864 -66.3243455773207 -65.44765548025559 -65.42425007859279 -62.89252808531992 -59.670243478168004 -9999 -9999 -9999 -9999 -9999 -9999 -9999 -9999 -9999 -9999 -9999 -9999 -9999 -9999 -9999 -9999 -9999
-9999 -9999 -9999 -44.03750409119094 -47.3818537739965 -52.627404264733116 -56.08213555933468 -58.2048456407194 -60.350973729917186 -62.066050004982564 -63.63587193041057 -66.9485650115378 -68.43482290085211 -69.34167855403707 -70.38236229938337 -71.59117554683719 -71.12060094944759 -71.1523375067388 -70.08534056132831 -69.56853259974021 -68.90207171234155 -67.95259936644834 -67.54707257685709 -68.21765292515262 -67.91111503016586 -67.07895952774962 -64.73684496247756 -63.8997055048692 -63.076355588334245 -59.358487483472516 -53.60853444254045 -9999 -9999 -9999 -9999 -9999 -9999 -9999 -9999 -9999 -9999 -9999 -9999 -9999 -9999 -9999 -9999 -9999 -9999 -9999 -9999 -9999
-9999 -9999 -9999 -43.84925989021652 -42.14791119923658 -39.03483903833728 -41.573391413826386 -45.900248945627936 -50.550772158394444 -54.02034815411036 -57.04899372746169 -58.835132228126476 -63.04128601007725 -65.40862001614421 -67.2316017624683 -68.54579150794369 -68.47917431972206 -69.64491851730583 -68.83690946846345 -68.81649259507054 -68.27488513312788 -67.29531099444321 -66.40522198333203 -67.00568894359296 -67.85867536578141 -66.66819997663771 -64.67263402442032 -61.848178037899764 -57.530466590764114 -9999 -9999 -9999 -9999 -9999 -9999 -9999 -9999 -9999 -9999 -9999 -9999 -9999 -9999 -9999 -9999 -9999 -9999 -9999 -9999 -9999 -9999 -9999
-9999 -9999 -9999 -50.54884853702341 -52.66189306772193 -50.82133969645195 -47.12628080570568 -48.04762415972118 -52.95128674214221 -56.958579397440786 -60.4750246563905 -60.8564417698826 -62.92684781906495 -65.06446842374646 -65.12692999970426 -66.069061305815 -66.59272238125699 -67.1602468566476 -67.430702715943 -67.85401736748504 -67.92062980379752 -66.14236667846876 -65.92384818256303 -65.90272357024675 -63.783886667519766 -63.1340798114263 -58.550737847609994 -49.5990951647994 -9999 -9999 -9999 -9999 -9999 -9999 -9999 -9999 -9999 -9999 -9999 -9999 -9999 -9999 -9999 -9999 -9999 -9999 -9999 -9999 -9999 -9999 -9999 -9999
-9999 -9999 -9999 -54.71683259678032 -54.87724763530174 -55.64320764619328 -57.2256596641095 -59.856836717689326 -61.34431563938009 -61.99713690574687 -61.9102673740446 -61.425825822399084 -60.52072443439451 -61.97273752606486 -65.31602500076352 -65.65038637170666 -65.55820139538274 -65.53378169270472 -65.72693424697712 -66.26132719588145 -65.34833739475049 -64.824520568246 -64.61687211717914 -64.64438766829113 -63.818674586838654 -60.10841296662603 -52.474543348927476 -9999 -9999 -9999 -9999 -9999 -9999 -9999 -9999 -9999 -9999 -9999 -9999 -9999 -9999 -9999 -9999 -9999 -9999 -9999 -9999 -9999 -9999 -9999 -9999 -9999
-9999 -9999 -9999 -9999 -51.83248512348569 -54.20631308359537 -56.830179511827495 -59.132446420504074 -60.37929157422632 -61.07758841289422 -59.91213505513174 -59.16956873932698 -60.83612692571577 -61.56218720859498 -63.3960834456291 -65.3294787945715 -65.80155995495386 -65.78758317161247 -64.62670191671143 -63.27797519496475 -62.322365430558186 -61.37456239654131 -60.93228129403303 -57.6720287353115 -9999 -9999 -9999 -9999 -9999 -9999 -9999 -9999 -9999 -9999 -9999 -9999 -9999 -9999 -9999 -9999 -9999 -9999 -9999 -9999 -9999 -9999 -9999 -9999 -9999 -9999 -9999 -9999
-9999 -9999 -9999 -9999 -53.45608641567802 -55.48247797954821 -56.442513248168176 -57.24962604796272 -57.743539783890625 -58.72050773406932 -62.377401359687575 -64.90110787194622 -65.33646880919103 -63.58332598135219 -63.90571242880447 -64.23297027582716 -64.42238448848397 -64.3868404541039 -64.829706689679 -64.7019780103191 -65.0744856640042 -64.04153545939197 -60.588530375729675 -54.89302277941896 -37.28478732418518 -9999 -9999 -9999 -9999 -9999 -9999 -9999 -9999 -9999 -9999 -9999 -9999 -9999 -9999 -9999 -9999 -9999 -9999 -9999 -9999 -9999 -9999 -9999 -9999 -9999 -9999 -9999
-9999 -9999 -9999 -9999 -57.40160684712254 -57.92478200048286 -59.19780487555494 -59.83399403775311 -59.401391228665936 -59.2233411012898 -60.293425296031934 -63.30808577750805 -64.4040813434802 -63.73055669349352 -63.963670316303855 -65.05500445639197 -65.91606030292512 -66.34973635111722 -66.37087349637011 -66.0547395917404 -64.69206416055263 -63.4360949086715 -62.14026118865503 -57.929726505493356 -9999 -9999 -9999 -9999 -9999 -9999 -9999 -9999 -9999 -9999 -9999 -9999 -9999 -9999 -9999 -9999 -9999 -9999 -9999 -9999 -9999 -9999 -9999 -9999 -9999 -9999 -9999 -9999
