metrics/grid_rasters/ASCAT 12.5 TS/grideval_ASCAT 12.5 TS_X_fall_2017_absolute_ubrmsd.asc
ncols 52
nrows 55
xllcorner     11.25
yllcorner     55.25
cellsize      0.25
NODATA_value  -9999
[rows 0 to 29 of 55, columns 0 to 51 of 52]
-9999 -9999 -9999 -9999 -9999 -9999 -9999 -9999 -9999 -9999 -9999 -9999 -9999 -9999 -9999 -9999 -9999 -9999 -9999 -9999 -9999 -9999 -9999 -9999 -9999 -9999 -9999 -9999 -9999 -9999 -9999 -9999 -9999 -9999 -9999 -9999 13.823677311890314 14.258727954974887 13.862555727829658 -9999 -9999 -9999 -9999 -9999 -9999 -9999 -9999 -9999 -9999 -9999 -9999 -9999
-9999 -9999 -9999 -9999 -9999 -9999 -9999 -9999 -9999 -9999 -9999 -9999 -9999 -9999 -9999 -9999 -9999 -9999 -9999 -9999 -9999 -9999 -9999 -9999 -9999 -9999 -9999 -9999 -9999 -9999 -9999 -9999 -9999 -9999 -9999 -9999 14.347204952804526 11.902756781039644 11.883260302999208 13.019455149711163 14.433544408490894 14.434364155664804 -9999 -9999 -9999 -9999 -9999 -9999 -9999 -9999 -9999 -9999
-9999 -9999 -9999 -9999 -9999 -9999 -9999 -9999 -9999 -9999 -9999 -9999 -9999 -9999 -9999 -9999 -9999 -9999 -9999 -9999 -9999 -9999 -9999 -9999 -9999 -9999 -9999 12.958424453741094 12.957467513035045 15.035987238872304 17.747051285298177 20.20397429941721 22.58376884587734 21.21254764203455 -9999 18.312380394555625 15.160170279838335 12.21536258549512 11.931708235655535 13.267929638290108 13.267325712873658 14.40988188136976 15.089575784236764 15.594009138924697 15.300787060713072 15.301460558584266 -9999 -9999 -9999 -9999 -9999 -9999
-9999 -9999 -9999 -9999 -9999 -9999 -9999 -9999 -9999 -9999 -9999 -9999 -9999 -9999 -9999 -9999 -9999 -9999 -9999 -9999 -9999 -9999 -9999 -9999 -9999 -9999 -9999 10.365785408198047 10.768186555581787 12.62290869704882 15.920698903515644 20.64188538367792 20.641656357638254 21.748480712597022 21.230077996111365 20.96997277516763 19.504150124764184 17.480427123784917 17.480663919974287 16.347274358200426 16.552739474032855 17.16760124269188 17.373880659062017 17.845433048423313 17.84599142670838 17.29122689486241 15.94655980806829 14.927439834408574 -9999 -9999 -9999 -9999
-9999 -9999 -9999 -9999 -9999 -9999 -9999 -9999 -9999 -9999 -9999 -9999 -9999 -9999 -9999 -9999 -9999 -9999 -9999 -9999 -9999 -9999 11.578291577640547 10.948003415095878 10.697641123360812 11.420861962638435 11.79576171963346 10.98799888943058 12.72607132432574 12.774012767522835 12.671084312235925 14.96662883839587 16.950815445437552 18.325580178044454 19.72533633943987 21.168214499399895 21.811710587853074 23.186942207449395 24.20828835479363 24.34308819329133 23.926333885187567 24.423177169438485 23.71258544471421 22.34395583378443 21.00463729943781 19.80006067298713 17.764146398402136 17.37560039438793 15.623894458397874 -9999 -9999 -9999
-9999 -9999 -9999 -9999 -9999 -9999 -9999 -9999 -9999 -9999 -9999 -9999 -9999 -9999 -9999 -9999 -9999 -9999 -9999 -9999 -9999 10.614906709039793 10.613560051954329 11.014044086801164 11.477587515832395 12.914586640119653 14.916296368387187 16.51408847053764 18.472152411345984 18.47153623826365 17.85301077812196 17.001897466351018 16.776263718354045 17.27811891772775 19.592956755255297 22.810496092898283 22.81055883654359 25.492247532493067 26.37839566056296 26.04167203212493 24.96114061691719 24.19105454503895 24.191051257692173 22.811258307788968 21.721668905852308 20.499804712836344 19.417979501300724 18.296589796641367 17.141162093798403 -9999 -9999 -9999
-9999 -9999 -9999 -9999 -9999 -9999 -9999 -9999 -9999 -9999 -9999 -9999 -9999 -9999 -9999 -9999 -9999 -9999 -9999 -9999 9.72275910068498 10.443290984160935 11.489732196935899 11.478847349945712 11.050921896463564 12.280354291049907 12.282099492549849 14.898157378251335 19.105757751510023 20.133457199708616 20.963950926040226 21.062322245534368 21.11221981868281 21.11372009083567 22.093675932616648 24.10254276346161 25.613271458879613 27.103510329173066 26.623190065921012 25.979082684391322 25.97907395444077 25.261278532834407 24.111629687935363 22.498431758733066 20.897074151116573 19.57409386007472 18.376560180888546 18.376972093771556 17.096882701336092 15.8482095366934 -9999 -9999
-9999 -9999 -9999 -9999 -9999 -9999 -9999 -9999 -9999 -9999 -9999 -9999 -9999 -9999 -9999 -9999 -9999 -9999 -9999 -9999 -9999 12.23044531928492 13.391333183601356 13.391541096032533 14.25631276336082 13.87787462054811 14.859797509866343 16.082134444228494 17.35418583052079 18.613032577091865 18.615479329816495 20.113070338471008 21.65755127196261 23.19373868776581 24.032332562150348 24.52952161950357 25.08697362371295 25.626392259319125 25.626380508948497 25.00520659592381 24.026013640669245 23.33381530196884 22.393567489118183 20.806943060918183 19.744020305903522 19.74482369088357 18.958513968835106 17.925721229851337 16.49478516353177 -9999 -9999 -9999
-9999 -9999 -9999 -9999 -9999 -9999 -9999 -9999 -9999 -9999 -9999 -9999 -9999 -9999 -9999 -9999 -9999 -9999 -9999 13.239805498651778 12.28448686126418 11.698857045566498 12.219553954916485 13.363265904434627 14.79800908069665 17.876393104011377 21.10481259664622 21.106746983475727 22.954919074165012 23.392239131014023 23.4881468529724 22.18082775966168 21.939999100520907 22.07335033805925 21.939730661485683 21.939973988267738 22.161724269281184 22.29622428005679 22.455344696565593 22.34790954682722 21.74078977394969 20.681801657530826 19.95667196881848 19.957340560336515 19.06186645614173 17.944791868509522 17.43593417137619 16.864458154549727 16.169075633235035 15.432698005146198 15.262023853220837 -9999
-9999 -9999 -9999 -9999 -9999 -9999 -9999 -9999 -9999 -9999 -9999 -9999 -9999 -9999 -9999 -9999 -9999 -9999 12.547533763969124 13.73118077829613 14.802513166609671 15.045640611388592 15.261616063676104 16.153350291097947 17.486340399920326 18.651772026090697 18.652936179150245 20.078424456318906 21.430147034578262 23.57431674224947 24.488731263457503 23.765074890189126 22.621050773322875 21.254573837915274 20.46086035742382 20.461280440287744 19.742199385426897 19.83524322147289 19.887552273631933 19.93096632380972 19.96750862500637 19.369366040119914 18.270248706377803 16.82473772476085 16.825158527080266 16.574763900664102 16.770968618482033 16.940050934271987 17.070063801792134 16.358434434987533 15.986977322642295 -9999
-9999 -9999 -9999 -9999 -9999 -9999 -9999 -9999 -9999 -9999 -9999 -9999 -9999 -9999 -9999 -9999 -9999 11.767554469229093 12.93600843715769 15.700935512865698 19.79695966935004 21.156764101783388 21.157018478690397 20.387483038761133 19.608819973322273 19.352528693800064 19.99823467287697 19.872179306714553 20.524301872588197 21.260828238615858 22.436164217134 22.435868065315344 22.83339725857764 21.994255532471822 21.135101896602848 19.79958817831501 18.871278898014946 18.112575485934546 17.676387194454005 17.063873924888306 17.31873332326283 17.318980140246914 17.47225372254731 17.026456503611634 16.313144578230542 16.472968275643893 16.5522050541862 16.790200932597106 16.830352887544205 16.4081351339114 -9999 -9999
-9999 -9999 -9999 -9999 -9999 -9999 -9999 -9999 -9999 -9999 -9999 -9999 -9999 12.919658574306409 12.705622630081427 12.637657638429515 12.589450571325328 12.588295617582094 13.14716031490332 14.589429106426925 17.50911442540996 20.820939177915694 22.63552571232875 21.947520321982246 21.061935542483102 20.384751904863137 19.451073214939843 19.446585387496047 19.13946978378085 18.486869036637163 18.872025724000714 19.32480134273996 19.62024259121443 19.36451533291323 18.891817263870088 18.780159507932037 18.79292061550134 18.593205297393567 18.59370426413114 17.312418660533318 16.94214609936715 17.020444671372978 17.427812189092762 17.3157737137151 17.251013989425108 17.76815267142366 18.304692706742173 17.64816458632886 17.647989044969748 17.139194542200567 17.174153865699974 -9999
-9999 -9999 -9999 -9999 -9999 -9999 -9999 -9999 -9999 -9999 -9999 -9999 -9999 11.460854045218687 12.33350133337264 13.152641695058556 14.48334057798994 15.376323800588699 17.121199951855733 19.041781801454388 20.93722107530886 22.065184301523495 21.947297059530808 21.94785503346321 21.458152372959052 20.52124292122058 20.141233428946176 19.793953471752925 19.615975132678013 19.609633806545943 19.127198793518282 19.07636960513928 19.045188851170334 19.35897263322945 19.359270116274608 19.379592203913568 19.350343699488164 18.96789581548048 18.48758161563745 17.91861349979093 17.8646580107243 18.516832862042076 19.11957446299066 19.173025517260736 19.22280053618209 19.224059149855538 19.48690330269799 19.45521193552708 18.834086643099774 18.056937189163367 18.64793901229885 19.553249985277482
-9999 -9999 -9999 -9999 -9999 -9999 -9999 -9999 -9999 -9999 -9999 -9999 -9999 12.439085758436187 14.037244993287606 17.331826735148233 20.060039583356208 21.012478953531602 20.89768463404949 19.7823532365922 20.295067227475666 20.85126824541669 20.735756806683856 19.952663147315942 19.24872994147537 18.93444026487659 19.1413967527366 19.288190862776595 19.84906315790661 19.404910672956856 19.042693559779234 18.599356207933997 18.724850690029744 19.35649101029626 20.044628896219077 20.36075739940431 20.85788251583553 20.916019625507488 20.927129727945772 20.48194774740605 20.499964553999128 21.134963634391216 22.520786697413694 24.383063854562785 -9999 -9999 -9999 -9999 -9999 -9999 -9999 -9999
-9999 -9999 -9999 -9999 -9999 -9999 -9999 -9999 -9999 -9999 -9999 -9999 -9999 13.429050667937036 15.012168982216597 17.644089277939262 20.17301699473112 21.798428338029954 21.809764523596286 21.205369478221765 20.34293815849132 19.72126714878476 19.709720116505125 19.827821175919627 19.343547203912284 19.02976331986598 18.50583421629504 17.96629257708557 17.96594315689649 17.757480339819075 17.629607483000058 17.59026834421637 18.08156360487443 18.45393812859596 18.952810730047904 19.29096723506009 18.97448157832352 20.23517875270127 21.06944060609578 21.6006266702943 23.1602029382403 -9999 -9999 -9999 -9999 -9999 -9999 -9999 -9999 -9999 -9999 -9999
-9999 -9999 -9999 -9999 -9999 -9999 -9999 -9999 -9999 -9999 -9999 -9999 10.6977736332187 12.874157764250686 16.34111034564182 19.79721469338756 22.037853440401072 22.59978828647203 21.823985424744343 20.75737757891464 19.921453533010236 19.922256986530154 20.123184038388665 20.436439095231236 20.66046824505952 20.32792561764047 19.194729383955995 18.106721298313808 17.034122799043967 16.287315620538074 16.236348619186035 16.681942430829867 17.785225068635004 18.089861251647683 18.19100607692314 18.230444688385447 18.17394733233295 18.173446637927864 19.29549992841428 20.850261845939727 23.25028120008082 -9999 -9999 -9999 -9999 -9999 -9999 -9999 -9999 -9999 -9999 -9999
-9999 -9999 -9999 -9999 -9999 -9999 -9999 -9999 -9999 -9999 -9999 9.483786145197582 9.480674129665069 10.929812548140154 14.079297415413349 18.253276698460837 21.23107606732224 22.138033716675434 21.34376202245445 20.81827023480138 20.252497515990942 20.19440585346492 20.626294090681018 21.123608436294084 21.264131584034182 21.008910505060392 20.093386697351146 18.544367411178865 17.09727302568807 16.30208161579606 16.439830360829912 16.43999508730867 17.534674940623855 17.851445221928927 18.345167572670764 18.558646835918434 18.574778587571494 19.170386307018603 20.648061250416074 23.565034750626612 -9999 -9999 -9999 -9999 -9999 -9999 -9999 -9999 -9999 -9999 -9999 -9999
-9999 -9999 -9999 -9999 -9999 -9999 -9999 -9999 -9999 -9999 13.345244299390886 13.66093474245039 14.319394642228449 16.195999059277433 18.907350100644422 19.983674648862692 20.484330610586838 20.584084295844832 21.43460450440011 21.39777290819329 21.267731517549237 20.8287776780999 20.42743534586354 20.09216212770856 20.60802377663972 20.731087249224263 21.17338637543737 21.129446336337782 20.35688652634325 18.77989022983576 17.780374308219628 17.682059863685073 17.66898265241395 18.304411244816706 19.12602218434291 19.272235588847803 19.63838793069977 20.716282957839066 22.23177670977765 -9999 -9999 -9999 -9999 -9999 -9999 -9999 -9999 -9999 -9999 -9999 -9999 -9999
-9999 -9999 -9999 -9999 -9999 -9999 -9999 -9999 -9999 -9999 -9999 -9999 22.270248460715152 21.156553522941728 20.55322698427021 20.55255739638403 20.553930841945334 20.99757767347516 21.04897100947841 21.25542635998652 20.86395145339096 21.18467720214637 21.213777284482827 20.837599243616665 20.50713608589689 21.025309181933746 21.324031135423926 21.27780042629351 21.025166947902978 20.47225040327897 20.4338347673098 19.290751265350174 18.63185722986236 17.839095784600925 17.08242459619482 17.696643401026982 18.66339769489878 20.12810628734027 21.319628283266944 21.927857123551927 -9999 -9999 -9999 -9999 -9999 -9999 -9999 -9999 -9999 -9999 -9999 -9999
-9999 -9999 -9999 -9999 -9999 -9999 -9999 -9999 -9999 -9999 -9999 20.86929836958364 22.210759571105953 23.049367829741932 22.047584378309452 21.416564881649915 21.265952035617687 20.605586261879807 20.725981464554028 20.581560314615057 20.945429707672073 21.396719834521875 21.691600780627017 21.917575642738047 22.11984349186155 22.566391736717964 22.35169377490929 21.630249128894395 20.74014202922837 20.051442518549685 19.398173694192906 18.36046255780165 17.69758335101894 16.696987493903748 16.696009223502635 16.81023665576445 18.436564492759786 20.46254558947278 21.822271503375806 -9999 -9999 -9999 -9999 -9999 -9999 -9999 -9999 -9999 -9999 -9999 -9999 -9999
-9999 -9999 -9999 -9999 -9999 15.401809802086088 16.042984449784147 16.554840331360815 17.557053827529625 19.490892840986387 21.379585053625398 21.244040601701855 21.243590158383874 21.619096310367613 21.76211697282089 21.901426164384365 21.52300394183705 20.883371328418203 20.59126418641613 20.89448503301461 20.925323386498924 20.57378805243165 20.691444505680398 21.39929945847138 22.31120016472495 22.651222687632238 21.92697586016201 21.08238072437117 20.63294607541195 20.03006507468405 19.153299228966716 18.543648385820696 18.645154950848404 18.461715677215548 19.56315572936921 20.969815707541734 22.312950562761248 22.49470741803752 -9999 -9999 -9999 -9999 -9999 -9999 -9999 -9999 -9999 -9999 -9999 -9999 -9999 -9999
-9999 -9999 -9999 -9999 17.07901619471491 18.0245735323313 20.483991964782863 21.717440504960575 21.85315004355636 22.12232173759332 22.024585922092463 21.99440960980865 22.136978097510948 21.74427241621697 21.552884503841135 21.5368168422703 21.24383624491769 21.129828824819327 21.170455837069703 21.291786372919773 21.429437901544844 21.138326021430647 20.98255115449818 21.556266569723977 22.043328142023483 21.379311375893714 20.79393238730325 20.747134058450392 20.265731075394164 19.53405167673586 19.202102578046585 19.655275884655584 19.92570344637334 20.819456707175387 22.174034023755485 -9999 -9999 -9999 -9999 -9999 -9999 -9999 -9999 -9999 -9999 -9999 -9999 -9999 -9999 -9999 -9999 -9999
-9999 -9999 -9999 17.569133800284018 20.163865831174558 21.46053028108064 22.00399482709718 22.00740563051327 22.229686523818387 22.65696495436652 23.116424315372427 23.054370479035644 22.79673657434625 21.867880382547693 21.73526943731682 21.221895401828455 20.145096426054707 20.389621707738534 20.59543593940929 21.523485555845856 21.617340198201173 20.799985247678016 19.832570655004197 19.283595708441513 19.058075728542754 18.931693755169267 19.01607082134907 19.382253507292337 19.718769829666385 21.14455744543903 22.523215393421406 -9999 -9999 -9999 -9999 -9999 -9999 -9999 -9999 -9999 -9999 -9999 -9999 -9999 -9999 -9999 -9999 -9999 -9999 -9999 -9999 -9999
-9999 -9999 -9999 14.839585528885715 18.048276295270426 21.534652110715534 23.982717134366684 22.964966349649906 22.65848254199985 23.134122552773537 23.73836795758305 24.312713724314843 23.690506475822342 23.05960367266839 21.711715860271486 20.97318221713273 20.44061026770852 20.572564950244004 20.817847537365893 20.601991179358357 20.745171134098946 20.187353915487574 20.003548988202482 19.619738054737986 18.752463600697727 18.658548623959195 19.212377803934746 19.367346019227398 20.9064212962855 -9999 -9999 -9999 -9999 -9999 -9999 -9999 -9999 -9999 -9999 -9999 -9999 -9999 -9999 -9999 -9999 -9999 -9999 -9999 -9999 -9999 -9999 -9999
-9999 -9999 -9999 13.747993895395878 14.60932211215646 17.91663888403311 22.625214753024697 23.41102896225113 22.811080141089054 23.41824965859823 23.66905870824645 25.50303620801016 24.643285875104024 22.706280841594342 21.981075570792218 21.373421331474198 21.625621059960494 21.66370879817606 21.612336319518803 21.45987047724485 20.54045708891586 20.078945969403375 19.382176625630514 18.771885476518484 19.31579260569133 20.15031672991595 21.47908381657541 23.950649849013573 -9999 -9999 -9999 -9999 -9999 -9999 -9999 -9999 -9999 -9999 -9999 -9999 -9999 -9999 -9999 -9999 -9999 -9999 -9999 -9999 -9999 -9999 -9999 -9999
-9999 -9999 -9999 16.925236607285886 19.07966576173565 19.90321276977659 20.785378522437146 20.804449803360907 21.069786594964107 21.6949298975563 23.079486522521247 24.700470486935767 25.2493663173297 24.454941118808755 23.162235072476967 22.589169189694317 23.019945341380573 22.69651705888855 22.56853553823512 22.336128930086762 21.462459330854927 20.325413592923233 19.736110183610467 19.66415245172156 20.467440201997753 21.42279734552153 23.156409186341797 -9999 -9999 -9999 -9999 -9999 -9999 -9999 -9999 -9999 -9999 -9999 -9999 -9999 -9999 -9999 -9999 -9999 -9999 -9999 -9999 -9999 -9999 -9999 -9999 -9999
-9999 -9999 -9999 -9999 20.20702476233207 20.87773952276249 20.67906838404581 20.917880167138602 20.594606672754786 21.150049362143182 22.667584910807093 23.62226826570637 25.37612062476543 25.022921307139264 24.855025554543012 24.720037198863626 23.552743668989965 23.511383789426407 23.07957679680823 22.63247983960327 21.790258534106297 21.629620982677075 21.244652259451584 21.28075554211958 -9999 -9999 -9999 -9999 -9999 -9999 -9999 -9999 -9999 -9999 -9999 -9999 -9999 -9999 -9999 -9999 -9999 -9999 -9999 -9999 -9999 -9999 -9999 -9999 -9999 -9999 -9999 -9999
-9999 -9999 -9999 -9999 21.948964505025028 23.003929862034717 22.987901540865355 22.68134623667509 23.55310486547812 25.034934213190088 25.958363537728637 26.58624892037133 26.58962251907665 26.066456563172196 25.936824167210013 25.43016501826016 25.301833799745694 24.796212278928863 24.052858446866285 23.37748167121753 22.863303765760946 22.20679600171892 21.252272196451585 22.177806383069534 22.076803170037728 -9999 -9999 -9999 -9999 -9999 -9999 -9999 -9999 -9999 -9999 -9999 -9999 -9999 -9999 -9999 -9999 -9999 -9999 -9999 -9999 -9999 -9999 -9999 -9999 -9999 -9999 -9999
-9999 -9999 -9999 -9999 24.021902362439647 25.123858578257746 25.71954240273444 25.41345857169935 25.780498582928825 26.690817613711804 28.275435600229255 28.069855043553705 26.801666313818078 26.646476250352954 26.724457753122092 26.580242813956385 26.39448847495935 25.472407982877368 24.388158536082386 23.36607701040852 22.299942140955267 21.633733287025336 21.40680483934955 22.735816970651946 -9999 -9999 -9999 -9999 -9999 -9999 -9999 -9999 -9999 -9999 -9999 -9999 -9999 -9999 -9999 -9999 -9999 -9999 -9999 -9999 -9999 -9999 -9999 -9999 -9999 -9999 -9999 -9999
-9999 -9999 -9999 -9999 22.278943408136314 25.428874548764664 25.770055382530963 25.868092159871768 27.058802803747085 27.362088667368226 27.39828619121375 26.56033305569936 26.107383132782804 25.973219172604647 25.98430304038136 25.981671825480753 26.058290519024624 25.407034894243136 24.02233373876327 22.685617626571425 21.64903699962501 20.919087222080428 21.692527640659556 -9999 -9999 -9999 -9999 -9999 -9999 -9999 -9999 -9999 -9999 -9999 -9999 -9999 -9999 -9999 -9999 -9999 -9999 -9999 -9999 -9999 -9999 -9999 -9999 -9999 -9999 -9999 -9999 -9999
