metrics/grid_rasters/ASCAT 12.5 TS/grideval_ASCAT 12.5 TS_Y_2016_absolute_bias.asc
ncols 52
nrows 55
xllcorner     11.25
yllcorner     55.25
cellsize      0.25
NODATA_value  -9999
[rows 0 to 28 of 55, columns 0 to 51 of 52]
-9999 -9999 -9999 -9999 -9999 -9999 -9999 -9999 -9999 -9999 -9999 -9999 -9999 -9999 -9999 -9999 -9999 -9999 -9999 -9999 -9999 -9999 -9999 -9999 -9999 -9999 -9999 -9999 -9999 -9999 -9999 -9999 -9999 -9999 -9999 -9999 -66.8154050246489 -66.79729584387228 -67.07318217928383 -9999 -9999 -9999 -9999 -9999 -9999 -9999 -9999 -9999 -9999 -9999 -9999 -9999
-9999 -9999 -9999 -9999 -9999 -9999 -9999 -9999 -9999 -9999 -9999 -9999 -9999 -9999 -9999 -9999 -9999 -9999 -9999 -9999 -9999 -9999 -9999 -9999 -9999 -9999 -9999 -9999 -9999 -9999 -9999 -9999 -9999 -9999 -9999 -9999 -63.572824160624755 -68.9143456659456 -69.15624961803883 -66.92870720046072 -63.975590437583854 -63.975028721624845 -9999 -9999 -9999 -9999 -9999 -9999 -9999 -9999 -9999 -9999
-9999 -9999 -9999 -9999 -9999 -9999 -9999 -9999 -9999 -9999 -9999 -9999 -9999 -9999 -9999 -9999 -9999 -9999 -9999 -9999 -9999 -9999 -9999 -9999 -9999 -9999 -9999 -62.32191649090312 -62.366267468862574 -63.7735406746168 -62.46706014513219 -57.66778645082685 -49.76916368745138 -48.073417745921745 -9999 -52.25307498446504 -59.62559990768653 -66.83740993597264 -68.74579573990519 -67.25273435340979 -67.25431587422173 -65.36054721280368 -63.63073721584439 -61.62217402065704 -61.45996556676067 -61.46060334205706 -9999 -9999 -9999 -9999 -9999 -9999
-9999 -9999 -9999 -9999 -9999 -9999 -9999 -9999 -9999 -9999 -9999 -9999 -9999 -9999 -9999 -9999 -9999 -9999 -9999 -9999 -9999 -9999 -9999 -9999 -9999 -9999 -9999 -67.32094693393563 -69.57063087411848 -68.50388893999943 -61.43034699746612 -50.96297261448754 -51.0212455810225 -44.60999612695893 -45.94316515110953 -51.05781727989736 -55.44330955992254 -59.34097352219197 -59.34071403612756 -62.5748223413383 -63.10909100343192 -61.86891554713254 -61.5634841098347 -59.70067437509832 -59.70105948720886 -58.993837926180156 -59.09732577350086 -60.574413846052934 -9999 -9999 -9999 -9999
-9999 -9999 -9999 -9999 -9999 -9999 -9999 -9999 -9999 -9999 -9999 -9999 -9999 -9999 -9999 -9999 -9999 -9999 -9999 -9999 -9999 -9999 -68.08402833117836 -71.78117174971756 -71.21973086178137 -70.75777283708089 -71.28815328159763 -73.35067947485166 -72.06042984279513 -70.54710428719694 -68.55241348850615 -60.53479658838595 -54.44748220946893 -49.29886292380488 -49.91202111848798 -51.90034534160335 -51.226669143423045 -52.828848682619764 -54.609956495320866 -55.08568434150361 -55.688920907264674 -57.479738107319726 -58.268195805900774 -57.81082544431248 -57.55901118913049 -57.433170562962246 -59.00140072728993 -63.08918616585805 -66.4925573091592 -9999 -9999 -9999
-9999 -9999 -9999 -9999 -9999 -9999 -9999 -9999 -9999 -9999 -9999 -9999 -9999 -9999 -9999 -9999 -9999 -9999 -9999 -9999 -9999 -72.84659479714841 -72.84849170590634 -74.28469833313854 -72.50370626927602 -70.98094102910629 -66.08152764137941 -63.03064535424202 -59.52076975302668 -59.52337139822913 -58.152889502825964 -58.59588958527603 -58.91350810532769 -59.510612742259866 -58.082518737738255 -55.43812224539522 -55.437818675799214 -53.03860981513772 -53.26990921584567 -55.10186575221587 -56.57964562650531 -58.17092015663965 -58.171174717147295 -61.14392761665349 -63.28801096397928 -64.96292035968413 -66.82696541201854 -68.86799022693572 -68.70193600486294 -9999 -9999 -9999
-9999 -9999 -9999 -9999 -9999 -9999 -9999 -9999 -9999 -9999 -9999 -9999 -9999 -9999 -9999 -9999 -9999 -9999 -9999 -9999 -70.09365172489096 -73.33998076498213 -73.9810265830622 -76.21222089582021 -76.7442598132352 -71.03258658651654 -71.03230545337759 -62.30799923602097 -54.951992934392564 -50.675364486896534 -50.73637519919656 -53.579214072932615 -56.14716080235924 -56.147277375581986 -57.64053540669296 -56.40022774831817 -54.66556937060753 -53.1219854231925 -55.189848297648744 -56.73323993857198 -56.73172115543816 -58.35870783248254 -60.278516723807 -63.50636524216773 -67.3065413660984 -69.85590617788155 -70.87534168726023 -70.87560974869459 -71.38251305646057 -71.0990771161385 -9999 -9999
-9999 -9999 -9999 -9999 -9999 -9999 -9999 -9999 -9999 -9999 -9999 -9999 -9999 -9999 -9999 -9999 -9999 -9999 -9999 -9999 -9999 -69.57184140997792 -69.33094577335002 -69.33234660274205 -69.91463772037646 -67.67698650334165 -62.461439360917815 -59.34832238053295 -56.568777333193296 -55.142480822164096 -55.08373790681979 -52.04944262689136 -52.51070156119749 -54.77199037199319 -56.4192169440041 -56.71245167759715 -55.99664234597333 -55.59308664228226 -55.593254846244704 -57.54081437507365 -59.587794703535614 -61.78275653069562 -64.02803515638631 -67.05494017170132 -68.5641472365382 -68.56414540042489 -69.67061158324015 -69.83942839697251 -69.17223250686766 -9999 -9999 -9999
-9999 -9999 -9999 -9999 -9999 -9999 -9999 -9999 -9999 -9999 -9999 -9999 -9999 -9999 -9999 -9999 -9999 -9999 -9999 -67.17546740773467 -69.48891532584273 -70.84334310555535 -69.89230909971504 -68.46783744525925 -63.95585140175046 -56.617578799964754 -50.007064127211116 -50.00537133019061 -47.40145604722346 -48.578509464284366 -50.12043566249881 -51.11198243265161 -52.188874076251565 -53.63146038500227 -56.42924663369603 -56.42850619767935 -58.37135952066856 -59.15514152318065 -59.22040850461282 -59.406170844912005 -60.44076356664242 -62.81287536206482 -65.98096151610211 -65.980877267142 -66.45528103742016 -67.14345770110272 -68.53344177503901 -68.77532695015037 -68.63806095937962 -68.5524866663299 -69.29966981984168 -9999
-9999 -9999 -9999 -9999 -9999 -9999 -9999 -9999 -9999 -9999 -9999 -9999 -9999 -9999 -9999 -9999 -9999 -9999 -69.74210110600241 -67.33097911181348 -66.13448506697254 -64.9560573108633 -63.86709622424181 -61.14911722940578 -58.81137799600078 -56.62605337794076 -56.62722818519793 -54.72457270795618 -53.14505347629146 -51.43436006817521 -51.80774456359604 -54.11333173454978 -56.761372553730745 -58.96664929795871 -60.79778570466213 -60.797385557053786 -62.49027465451232 -64.66456166203282 -65.154109476681 -64.8089717273745 -63.09089393967436 -62.80902193697242 -64.86359197933486 -66.57702266601804 -66.57737034114744 -67.7859634725848 -67.74321457135947 -67.75541235235006 -67.98573078143735 -67.33377469792904 -66.34007720318604 -9999
-9999 -9999 -9999 -9999 -9999 -9999 -9999 -9999 -9999 -9999 -9999 -9999 -9999 -9999 -9999 -9999 -9999 -70.17575674276829 -68.43897647549049 -64.19752862668302 -57.4974339754344 -56.09314980805549 -56.09351486283183 -55.27984386500412 -54.01110002037943 -52.90458799435075 -52.5918518630824 -52.04702028089837 -52.37615338765111 -53.033154104520385 -53.073907687172955 -53.074738564373256 -52.95952878735629 -54.85273342942624 -57.46453324019465 -59.5240856027824 -62.84002312055542 -65.015142269371 -66.83688659630293 -66.97598209033121 -66.37853394574607 -66.37730497411316 -67.17732926356454 -68.25358134026007 -68.32487411503061 -67.07056020214183 -65.8254200537715 -66.1491509158071 -65.33490449290944 -64.97736363538736 -9999 -9999
-9999 -9999 -9999 -9999 -9999 -9999 -9999 -9999 -9999 -9999 -9999 -9999 -9999 -63.49288048916096 -64.68422119465555 -67.73962426838307 -70.26688840265523 -70.26472996390572 -69.40400015342219 -66.14604017754 -60.50891833298317 -55.61887717347354 -52.84666661337624 -51.89518306216475 -52.72846025733016 -55.809918948226795 -55.44688161677402 -55.4419820919483 -55.33625895175165 -55.362644917551386 -57.178287233346644 -58.19169822086686 -57.82760940110313 -58.68002243004922 -59.99233848038612 -63.12885315566779 -64.5221461747067 -66.63570817786722 -66.63556379966371 -67.1179772519782 -66.31733096664415 -66.2264140574875 -66.92722920388442 -66.3046319702826 -65.46207529237374 -65.67738681786446 -65.17325863544653 -64.92059041844637 -64.91993110831704 -65.24374752543106 -62.8943983716189 -9999
-9999 -9999 -9999 -9999 -9999 -9999 -9999 -9999 -9999 -9999 -9999 -9999 -9999 -63.31124884067727 -63.57045967306245 -65.4080191382936 -66.20400189468761 -66.91876163559849 -63.791684948733575 -59.60051164863114 -54.795485921544454 -52.184284946655204 -51.27775096114793 -51.27753360963615 -53.407368001332216 -55.97543514812168 -59.377816289257744 -60.47206428034074 -59.7662340464644 -60.817442168707906 -61.22995719751524 -62.35734057579003 -63.2223849197262 -64.97412650732431 -64.97550671269438 -66.15451717435107 -66.0179781316839 -65.83669108348265 -66.19237496601932 -65.7504597971676 -64.7296485483757 -65.68450607885157 -65.71386059037205 -64.65765363490151 -64.2960150535169 -64.2940874707235 -63.950136151915814 -63.50338160412628 -63.2808240703614 -62.12914420886249 -62.70831949533368 -63.18632324841486
-9999 -9999 -9999 -9999 -9999 -9999 -9999 -9999 -9999 -9999 -9999 -9999 -9999 -65.1151973309351 -65.05310304520083 -59.75392298707242 -57.13239761728285 -55.951911360258634 -55.53500257296258 -56.52266634884482 -54.30664596650772 -52.87919109736078 -53.85034283716868 -55.30610743711256 -58.86488713187517 -61.28106229637358 -64.6105900185569 -65.53752850679129 -65.24890415223615 -64.76719916198476 -65.25340461868237 -66.07908757796466 -65.06865736468212 -65.45959028849073 -65.79541626227852 -66.04409213510812 -65.20504059707291 -64.54432208976621 -63.48357502287496 -65.08056942569186 -65.67930897665505 -65.3373205869435 -63.56948248883162 -57.67452866931078 -9999 -9999 -9999 -9999 -9999 -9999 -9999 -9999
-9999 -9999 -9999 -9999 -9999 -9999 -9999 -9999 -9999 -9999 -9999 -9999 -9999 -66.90089003338598 -65.87501613688191 -62.72176839159233 -58.7505675001609 -54.42650482356433 -53.39394050987378 -54.46974694968869 -57.082781132078225 -59.800563413621475 -60.18364766272946 -60.62483620607242 -61.794337290856866 -64.95898064916948 -66.98453925133886 -67.42012006713085 -67.41981188418592 -66.8408424591149 -67.15486763982561 -67.24240369905172 -67.6568267102201 -67.3926240574292 -67.01168329813785 -65.43023384840134 -63.977483835276956 -62.86540107952136 -63.44956493742653 -64.68218148825264 -64.55078640617343 -9999 -9999 -9999 -9999 -9999 -9999 -9999 -9999 -9999 -9999 -9999
-9999 -9999 -9999 -9999 -9999 -9999 -9999 -9999 -9999 -9999 -9999 -9999 -71.07488846713908 -67.34393611940942 -63.246143909762324 -58.23953262791375 -54.25670502069941 -52.85710171670314 -54.43394350608345 -55.823349303640825 -58.81778775695624 -58.816974594941684 -61.18912803299103 -61.92217793432802 -63.3857912124604 -65.67114934067028 -67.62819006656768 -68.02703858931825 -66.90712758102299 -66.69494540665653 -67.46331593424479 -67.64878022501806 -68.1417308004684 -67.9791759962443 -67.91283257134376 -66.15519924996278 -64.6463124118865 -64.6459662846505 -65.24290379045566 -65.08472231756919 -62.98126016934297 -9999 -9999 -9999 -9999 -9999 -9999 -9999 -9999 -9999 -9999 -9999
-9999 -9999 -9999 -9999 -9999 -9999 -9999 -9999 -9999 -9999 -9999 -63.57985307629575 -63.54944830170024 -64.39080678419936 -64.33839230033935 -59.980604305479574 -55.77254227010821 -55.61173599600299 -56.88771811192042 -59.043020475148936 -60.75733089300717 -61.86381147171676 -62.38740358470662 -62.2556530105157 -63.499471910165454 -64.91168542223372 -67.25898638029774 -67.41495318421252 -67.38750821925939 -67.21515584271151 -67.03562213726356 -67.03592972041018 -66.81287463342068 -67.67511619740311 -68.37490138988169 -68.23872309924586 -66.79992542933634 -66.37776851012435 -64.65961688291847 -60.26378491079444 -9999 -9999 -9999 -9999 -9999 -9999 -9999 -9999 -9999 -9999 -9999 -9999
-9999 -9999 -9999 -9999 -9999 -9999 -9999 -9999 -9999 -9999 -60.57033711885768 -59.24172302709881 -58.85903084542303 -58.3297903447168 -57.95858248965681 -57.47178161722768 -59.662978528711996 -61.88068031103253 -61.33631707943206 -63.723115827766506 -64.78103783076298 -67.01964176913168 -67.41751876933546 -65.46539791720862 -64.21740049067866 -62.531025616681646 -62.84883777223194 -63.87824394604604 -66.18683283978396 -67.23045944635645 -67.55611387119109 -67.2765931820195 -66.60633141371999 -67.66159238813178 -67.70283887703044 -66.73369303616734 -65.65530366706729 -63.114833426545836 -60.39635439599309 -9999 -9999 -9999 -9999 -9999 -9999 -9999 -9999 -9999 -9999 -9999 -9999 -9999
-9999 -9999 -9999 -9999 -9999 -9999 -9999 -9999 -9999 -9999 -9999 -9999 -58.72597264143853 -60.43209016492107 -62.78788000126472 -62.78975412081116 -64.83802317267661 -65.85785241014935 -66.08604298871758 -66.14145794704756 -67.27716143231734 -67.97087236305303 -69.72468902494106 -69.05396073275081 -67.99930924442324 -66.76627756242834 -64.65898290522254 -63.687831327959785 -62.62213860038905 -63.275943517690116 -63.92719330728135 -64.51254180354067 -63.704833335057685 -62.83174796705406 -62.385427298904716 -62.965902602565315 -64.41792655663924 -62.989309960121915 -58.876476692500006 -50.91381298622004 -9999 -9999 -9999 -9999 -9999 -9999 -9999 -9999 -9999 -9999 -9999 -9999
-9999 -9999 -9999 -9999 -9999 -9999 -9999 -9999 -9999 -9999 -9999 -59.6767064334709 -59.629119176749036 -59.491216093742075 -59.98589081737956 -61.971576785986365 -65.24267139984175 -67.40723281901326 -68.20851153785087 -68.27369538655705 -69.31397847114144 -69.80817310010723 -70.02287926021154 -68.43553657272247 -67.7407375706306 -67.72370228148264 -66.87080622702514 -66.27660102831821 -65.3603635010508 -63.841591051248294 -62.81068626694179 -62.256735665837354 -61.50571293177473 -61.1387733786385 -61.13838674667046 -62.05863444145022 -64.36824928837825 -62.61644056899643 -57.2664676941092 -9999 -9999 -9999 -9999 -9999 -9999 -9999 -9999 -9999 -9999 -9999 -9999 -9999
-9999 -9999 -9999 -9999 -9999 -64.73985658118862 -64.45304328654215 -62.84428245195841 -62.50546272599778 -60.16845801072712 -59.88746935473363 -61.61199730724208 -61.610609380548226 -62.906251678577746 -63.27603122348515 -63.395895838636754 -64.83825957281097 -67.44100349776203 -69.02198174986265 -68.85942593925158 -68.96803564420135 -69.58912619842343 -69.34256038681349 -69.16889061823306 -68.56095377951898 -66.82067704643224 -65.75530692711229 -65.79338035157703 -65.06131446988688 -64.05441701500898 -63.11209032772084 -61.701324597867824 -60.66951732153654 -59.45627345730065 -58.64269513880983 -57.633386456838686 -56.023255390695255 -51.40390746540029 -9999 -9999 -9999 -9999 -9999 -9999 -9999 -9999 -9999 -9999 -9999 -9999 -9999 -9999
-9999 -9999 -9999 -9999 -63.38870635270791 -63.59677651676943 -61.67234449357443 -60.44933979988506 -60.067558111931355 -61.30257909204363 -61.99592134557163 -62.28572466978034 -62.97787995304101 -64.25784038393454 -65.68173570717282 -66.60768009368587 -67.7320385142695 -68.658949272645 -67.53131068844982 -68.13561559503353 -67.60317087933821 -67.31296501918426 -66.76212933240232 -67.47779374560895 -66.55150903099971 -65.25148657086 -64.5724463317559 -64.71009756741978 -62.62791987813665 -61.13474104735603 -60.59286382800089 -59.353186398139435 -58.6804876675918 -56.05280975817886 -51.963863174847496 -9999 -9999 -9999 -9999 -9999 -9999 -9999 -9999 -9999 -9999 -9999 -9999 -9999 -9999 -9999 -9999 -9999
-9999 -9999 -9999 -58.694204830487976 -58.06442626366497 -58.71931426305053 -59.46265136045161 -59.501830302926166 -59.867812444509276 -60.21584197970206 -60.533218917895105 -62.83416521569434 -64.15712686621194 -65.25683542128137 -66.46004538924682 -67.9461670949627 -67.95003261077346 -68.04570025867119 -67.00706380306299 -66.23185659148017 -65.18801013602571 -63.78323270001586 -62.77954306543681 -63.500408718398035 -62.973975361486104 -61.647597149186176 -58.59341514336296 -57.0794402046924 -55.463673996444456 -52.15467690416076 -47.943773588977834 -9999 -9999 -9999 -9999 -9999 -9999 -9999 -9999 -9999 -9999 -9999 -9999 -9999 -9999 -9999 -9999 -9999 -9999 -9999 -9999 -9999
-9999 -9999 -9999 -59.041720389374 -55.049758213603646 -48.68819602799905 -48.465073732817885 -50.73547784671745 -53.2396501693675 -54.573457415459956 -54.928453159610726 -55.25063404106751 -58.193167420282236 -60.26574177804346 -62.65605270431376 -64.7674336512066 -65.00135321814919 -65.950249977204 -64.90573275474141 -64.76000142671428 -64.31274662088077 -62.58947713315897 -61.27819940524326 -61.39726802159816 -61.715147980999156 -60.3738667415753 -57.692761500126636 -55.1123516405418 -51.13009360658473 -9999 -9999 -9999 -9999 -9999 -9999 -9999 -9999 -9999 -9999 -9999 -9999 -9999 -9999 -9999 -9999 -9999 -9999 -9999 -9999 -9999 -9999 -9999
-9999 -9999 -9999 -63.31873727974884 -63.89961910306721 -61.135891420663654 -54.72227318608451 -53.78919062977343 -57.5210432943901 -59.79470037418291 -61.464900846667824 -60.14770423429582 -59.06894721674001 -61.09781724663206 -61.315275763510094 -62.332120697712966 -63.154166075405314 -63.491321622497566 -63.270777952997825 -62.97179497492426 -62.7388324551881 -60.885482813484906 -60.81186159561386 -60.441807090925884 -57.674238076654355 -56.35063007448074 -51.972123283682606 -46.31392527028738 -9999 -9999 -9999 -9999 -9999 -9999 -9999 -9999 -9999 -9999 -9999 -9999 -9999 -9999 -9999 -9999 -9999 -9999 -9999 -9999 -9999 -9999 -9999 -9999
-9999 -9999 -9999 -63.37622176164322 -62.5163764972264 -60.92858136424394 -60.8342420111164 -62.55015757215812 -63.679168425338354 -63.552782793391934 -62.233845630985314 -60.88498226904022 -59.154462798537295 -60.035957863939714 -62.75717011413847 -62.76369302168874 -62.23430574543864 -61.696575512832744 -61.056599201089725 -60.8012995274518 -59.11070488881061 -58.606646970552795 -58.537950354625686 -58.07613182712655 -56.87015561527228 -53.572383242631105 -47.10804748074686 -9999 -9999 -9999 -9999 -9999 -9999 -9999 -9999 -9999 -9999 -9999 -9999 -9999 -9999 -9999 -9999 -9999 -9999 -9999 -9999 -9999 -9999 -9999 -9999 -9999
-9999 -9999 -9999 -9999 -59.36098096633355 -59.99018481461476 -61.02933851761301 -61.927354762559744 -62.417286151893165 -62.523108636127645 -60.671194618903066 -59.577032849726436 -60.03032782671446 -59.3654943245267 -59.98037648992032 -60.424342515970544 -60.250826739064074 -59.70983920448801 -58.220127741101074 -56.89143630287674 -55.57420499954058 -54.26965276305456 -53.38192983932302 -49.94903153737317 -9999 -9999 -9999 -9999 -9999 -9999 -9999 -9999 -9999 -9999 -9999 -9999 -9999 -9999 -9999 -9999 -9999 -9999 -9999 -9999 -9999 -9999 -9999 -9999 -9999 -9999 -9999 -9999
-9999 -9999 -9999 -9999 -58.95663187134945 -61.0281460313645 -61.1388486549446 -60.285974670950715 -58.91175950442465 -58.27300777915492 -60.36598493747348 -61.739697133812896 -61.96709699427778 -60.133787324204285 -59.644093536935046 -59.16192408853871 -58.603407715855504 -58.01163954961203 -57.80315148305126 -57.38566775392252 -57.84063025244754 -56.94586235227501 -53.15928343166889 -47.45613778356248 -33.892795601607354 -9999 -9999 -9999 -9999 -9999 -9999 -9999 -9999 -9999 -9999 -9999 -9999 -9999 -9999 -9999 -9999 -9999 -9999 -9999 -9999 -9999 -9999 -9999 -9999 -9999 -9999 -9999
-9999 -9999 -9999 -9999 -61.39684038214792 -61.12388656083546 -61.651977413085596 -61.734557215424026 -60.66372960658626 -59.487627609914945 -58.753594418497975 -60.00799978541875 -60.157460552230155 -59.438758090753964 -59.18027584551345 -59.7869991499956 -59.73513892776097 -59.02821647455862 -57.99433817556552 -57.41835418810977 -56.1560825932546 -54.896306304900406 -53.66639047752871 -50.08766932141933 -9999 -9999 -9999 -9999 -9999 -9999 -9999 -9999 -9999 -9999 -9999 -9999 -9999 -9999 -9999 -9999 -9999 -9999 -9999 -9999 -9999 -9999 -9999 -9999 -9999 -9999 -9999 -9999
