metrics/grid_rasters/ASCAT 12.5 TS/grideval_ASCAT 12.5 TS_Y_2017_absolute_bias.asc
ncols 52
nrows 55
xllcorner     11.25
yllcorner     55.25
cellsize      0.25
NODATA_value  -9999
[rows 0 to 28 of 55, columns 0 to 51 of 52]
-9999 -9999 -9999 -9999 -9999 -9999 -9999 -9999 -9999 -9999 -9999 -9999 -9999 -9999 -9999 -9999 -9999 -9999 -9999 -9999 -9999 -9999 -9999 -9999 -9999 -9999 -9999 -9999 -9999 -9999 -9999 -9999 -9999 -9999 -9999 -9999 -66.5047230985496 -66.09629538654535 -65.95895925330818 -9999 -9999 -9999 -9999 -9999 -9999 -9999 -9999 -9999 -9999 -9999 -9999 -9999
-9999 -9999 -9999 -9999 -9999 -9999 -9999 -9999 -9999 -9999 -9999 -9999 -9999 -9999 -9999 -9999 -9999 -9999 -9999 -9999 -9999 -9999 -9999 -9999 -9999 -9999 -9999 -9999 -9999 -9999 -9999 -9999 -9999 -9999 -9999 -9999 -64.99759573582233 -70.06716037615607 -70.03804207531334 -67.26972642910769 -63.65937209104261 -63.65926890814102 -9999 -9999 -9999 -9999 -9999 -9999 -9999 -9999 -9999 -9999
-9999 -9999 -9999 -9999 -9999 -9999 -9999 -9999 -9999 -9999 -9999 -9999 -9999 -9999 -9999 -9999 -9999 -9999 -9999 -9999 -9999 -9999 -9999 -9999 -9999 -9999 -9999 -60.79227676919378 -60.835683939733926 -63.883018095431545 -64.14271796020671 -60.481011293920666 -52.98338651969406 -51.221051570500315 -9999 -55.27111005242261 -62.06648206114074 -68.83911075701027 -69.98903132348036 -67.81601030861094 -67.81747651313118 -65.43281273251252 -63.52974860254263 -61.35643293814206 -61.44169474080857 -61.44183453796271 -9999 -9999 -9999 -9999 -9999 -9999
-9999 -9999 -9999 -9999 -9999 -9999 -9999 -9999 -9999 -9999 -9999 -9999 -9999 -9999 -9999 -9999 -9999 -9999 -9999 -9999 -9999 -9999 -9999 -9999 -9999 -9999 -9999 -63.82510489693757 -66.99171617878035 -67.21949956794684 -61.52638523890997 -52.254776952732755 -52.31052259102869 -47.94884577532606 -49.51935921364103 -53.65473087015047 -56.49949647431365 -58.70074173876812 -58.700977510702316 -61.10786525983086 -61.2703998723985 -59.70253737581468 -60.03719700638544 -58.450586459212396 -58.45140405623868 -58.24389793252776 -59.397633553419645 -61.16002758309652 -9999 -9999 -9999 -9999
-9999 -9999 -9999 -9999 -9999 -9999 -9999 -9999 -9999 -9999 -9999 -9999 -9999 -9999 -9999 -9999 -9999 -9999 -9999 -9999 -9999 -9999 -67.37417343407547 -71.60535812729698 -69.3695068714931 -68.2090950687097 -68.61893301601552 -71.4005977225501 -72.03968047978614 -71.8859717328117 -69.30750855114213 -63.15704272742312 -59.08503104299874 -54.67926818888731 -54.78544515994268 -55.83627724289794 -54.60695277573769 -54.24267439860417 -54.04425525267642 -53.720425867069814 -53.968444650818995 -57.236584880054686 -58.22178010493854 -56.92509701106472 -57.385111586816386 -58.2294157993476 -59.838628821573295 -62.867747139860185 -65.07038727587522 -9999 -9999 -9999
-9999 -9999 -9999 -9999 -9999 -9999 -9999 -9999 -9999 -9999 -9999 -9999 -9999 -9999 -9999 -9999 -9999 -9999 -9999 -9999 -9999 -71.08056785777627 -71.08360036966084 -73.34369479397162 -71.85689986057416 -70.44277797366422 -65.45714479374459 -63.247184408400656 -61.27083036721743 -61.273274183005064 -61.70005346177547 -63.36466542214238 -63.65629796903474 -63.21582406996502 -60.33149235275649 -56.33640334056282 -56.33659331853124 -53.16808815731765 -53.20897432456628 -54.991349762042425 -56.68399366054432 -58.17197807811061 -58.1728426446215 -60.945102368377036 -62.44333833668648 -63.46108893460697 -64.38661280330642 -65.92949852006275 -65.8203219769521 -9999 -9999 -9999
-9999 -9999 -9999 -9999 -9999 -9999 -9999 -9999 -9999 -9999 -9999 -9999 -9999 -9999 -9999 -9999 -9999 -9999 -9999 -9999 -66.96236577730156 -71.61596470217005 -72.53500551670756 -74.48733275651054 -75.26364529658399 -69.62949831176128 -69.62899003039038 -62.33281854224732 -57.04619150703811 -54.49726532773056 -55.269419344549206 -56.93528053926789 -58.306409860472975 -58.30245214213544 -58.350810558080816 -55.55644435136578 -53.42617810363596 -51.70646408957568 -53.25212832759424 -54.64733811730985 -54.646560046336155 -56.29969623824729 -57.62413076595241 -59.97452042995059 -62.837843104909105 -64.78377121683835 -65.88804599398227 -65.88867854957253 -66.96853814713452 -67.24103143018755 -9999 -9999
-9999 -9999 -9999 -9999 -9999 -9999 -9999 -9999 -9999 -9999 -9999 -9999 -9999 -9999 -9999 -9999 -9999 -9999 -9999 -9999 -9999 -68.59153952371561 -69.1604705307942 -69.1609943844969 -70.50831818340218 -68.7582951166584 -64.57808658407309 -62.577335721410286 -60.640778650689576 -59.22626511649723 -59.168148970246726 -55.65438723925964 -55.01226828759089 -55.88429827120185 -56.54743918641843 -55.903483214041536 -54.78626396988824 -53.809560521513966 -53.8094748252261 -54.903283030544046 -56.43894885089181 -58.14131263864639 -59.22950979829069 -61.487074859825285 -62.57645746655785 -62.57686695176231 -63.62292314764475 -64.51366665883931 -64.9099043192535 -9999 -9999 -9999
-9999 -9999 -9999 -9999 -9999 -9999 -9999 -9999 -9999 -9999 -9999 -9999 -9999 -9999 -9999 -9999 -9999 -9999 -9999 -68.94692919470542 -71.01188374957803 -71.96767036140469 -71.19036182292254 -70.69556561413395 -67.5087391730234 -61.521455733951065 -55.54161351263137 -55.53984527198597 -53.02977471173709 -53.5957355878225 -54.27797918422789 -54.39402366464361 -54.537289337695206 -54.71322005677887 -56.33196198552793 -56.33279539773529 -57.31695659525359 -57.141090298070424 -56.81295528700701 -56.47043344263983 -57.536761553148786 -59.77218694777954 -62.452674026225154 -62.453609815946066 -62.27471305681758 -62.44990523538034 -63.64984481674567 -64.32356047185945 -64.65743458679744 -64.7334076151386 -65.74549225299366 -9999
-9999 -9999 -9999 -9999 -9999 -9999 -9999 -9999 -9999 -9999 -9999 -9999 -9999 -9999 -9999 -9999 -9999 -9999 -72.3205412040007 -71.24549332264529 -71.06230551326301 -70.53139846134474 -70.0465920740241 -67.63650417694431 -65.03077266697035 -62.41707885738077 -62.41733659617381 -59.8845301926738 -58.15210730954868 -56.625302133512214 -56.14427087202668 -57.361913354036076 -59.09084965160378 -60.43211113557648 -61.88712198634632 -61.8874751339035 -63.41163182602399 -64.49504597714133 -63.81357844406039 -62.85095370202899 -60.59336857551425 -60.69531770629838 -62.973078352025176 -64.54728021070977 -64.54774513735451 -65.4417164949896 -65.09278454315626 -65.12199632013743 -65.54565097960568 -64.811375879653 -63.94714293703386 -9999
-9999 -9999 -9999 -9999 -9999 -9999 -9999 -9999 -9999 -9999 -9999 -9999 -9999 -9999 -9999 -9999 -9999 -74.86695765769345 -73.94211341885713 -71.2188295549484 -66.52396782731348 -65.17802309312589 -65.1780756491893 -63.194424862776145 -60.52553955730062 -58.338353664547775 -57.231959248831714 -56.41542325438472 -56.623163679716605 -56.703421290403746 -55.884128173383395 -55.8848342468123 -54.519741513711615 -54.88417655249469 -56.738397550930145 -59.12469941474742 -62.54637732086947 -64.49322395655311 -65.7894652636586 -65.57874961860121 -65.23582940627733 -65.2356297565663 -66.20531748447104 -66.95967362009023 -66.60646572707695 -65.22749324758284 -63.736063076929575 -63.93736610856479 -63.02352873674782 -62.83190521484051 -9999 -9999
-9999 -9999 -9999 -9999 -9999 -9999 -9999 -9999 -9999 -9999 -9999 -9999 -9999 -69.12108684649145 -71.2667954348249 -74.68910659089308 -77.39239908996264 -77.39382388899094 -76.57489989193425 -74.41577482791534 -69.69052860800592 -64.88115990385671 -60.75357983854607 -57.7070713483529 -56.917670084925064 -58.80023487117938 -58.367559186045725 -58.36189248132222 -58.206198719376715 -58.14850641214901 -59.75126112896419 -60.106131892114185 -58.4806892020785 -58.25951317976008 -59.12496574425764 -62.05751742871036 -63.73576540899068 -66.14079038481538 -66.14149949929181 -66.71328833759885 -66.06748861106674 -65.88139228514777 -66.34268658378457 -65.14251712211666 -64.41259735433225 -64.43535672669614 -63.466090644498856 -62.80409901629082 -62.8034147384385 -63.10699654323232 -60.82302184805089 -9999
-9999 -9999 -9999 -9999 -9999 -9999 -9999 -9999 -9999 -9999 -9999 -9999 -9999 -69.54590134437126 -70.49417866492817 -72.45621941270413 -73.67034011997643 -74.68827016607635 -72.29009459442109 -68.46929965170123 -63.48965040491684 -59.47117510366705 -56.81252398919454 -56.813236932420864 -56.9681215183065 -58.50447680579804 -61.49424401932035 -62.45364865419025 -62.12652970842805 -62.861089000645244 -62.76309736942152 -63.26185412585521 -63.46546433134765 -64.57796089085308 -64.57762927211866 -65.46389435689072 -65.62721552041332 -65.96640383283678 -66.69116134405456 -66.77097715194344 -65.49907231726455 -65.73537490312317 -65.31534879237786 -64.29685886527221 -64.7150925271917 -64.71576280205457 -64.27476355775107 -63.74463689858396 -63.369044719975456 -61.9912057717688 -62.283660720473684 -62.48567350261361
-9999 -9999 -9999 -9999 -9999 -9999 -9999 -9999 -9999 -9999 -9999 -9999 -9999 -73.26266527498963 -73.60474856482216 -68.31224011628547 -65.1535618833695 -63.9554641394882 -63.06387783554261 -64.9886057407482 -62.10528733159408 -59.47670679657555 -59.22516925395137 -59.58384051107175 -63.169141515771074 -65.21717773536027 -68.3156094793632 -68.91656871873415 -68.02742369291326 -66.59189094578916 -66.25976805821257 -66.64168596125386 -65.41714236667303 -65.33497079652012 -65.14498393050722 -65.36650249048758 -64.84497676558544 -64.88552805013596 -64.72373397384925 -66.87396895619604 -67.3550372647217 -66.24414785749734 -64.4593076389587 -58.78161334591921 -9999 -9999 -9999 -9999 -9999 -9999 -9999 -9999
-9999 -9999 -9999 -9999 -9999 -9999 -9999 -9999 -9999 -9999 -9999 -9999 -9999 -74.28154752338013 -73.6750281726985 -70.38162693181967 -65.57054895360099 -61.10341541621644 -59.6308806612626 -59.871289274002955 -61.71417656498282 -64.183190419469 -64.53090673160031 -65.28593892021452 -66.36380732179937 -69.19868753990833 -71.0392191479887 -70.975073265995 -70.97558263768991 -69.65364343724066 -68.88443417693333 -68.17443626563514 -68.17996799859296 -67.78533969707496 -67.3511518001106 -65.95738308292971 -64.68288947170139 -63.48015436904114 -64.03012928602284 -65.59220864008465 -65.06034957913876 -9999 -9999 -9999 -9999 -9999 -9999 -9999 -9999 -9999 -9999 -9999
-9999 -9999 -9999 -9999 -9999 -9999 -9999 -9999 -9999 -9999 -9999 -9999 -78.05187554998281 -75.30629936664974 -71.07843899503298 -65.17818061160848 -60.52431629483471 -58.347828946172456 -58.80011141017821 -59.14487010265069 -61.79489044487895 -61.795842294703725 -64.31907851098701 -65.25454122706824 -66.75454622372365 -68.94626918389112 -71.05967811716226 -71.7400579005036 -71.09701665113188 -70.2618077055199 -70.20695401239165 -69.78542229060277 -69.67907159192386 -69.44278099699443 -69.22057423538489 -67.21263253328073 -65.44357032993908 -65.44414428143234 -65.87024094685006 -65.31071561089593 -62.4706155059025 -9999 -9999 -9999 -9999 -9999 -9999 -9999 -9999 -9999 -9999 -9999
-9999 -9999 -9999 -9999 -9999 -9999 -9999 -9999 -9999 -9999 -9999 -71.58006065698534 -71.54870203631788 -72.92034536336813 -72.85500116413282 -67.22128873169974 -61.885122349784545 -60.54979065669852 -60.6254523018914 -61.51315659104202 -62.597776669538575 -64.01526145161715 -65.03954251896107 -64.93420962552035 -66.05050415835451 -67.35561473420631 -69.94972426882562 -70.73434666214641 -71.00223048339261 -70.91649687912157 -70.46296907989094 -70.46378657841805 -69.73368494502728 -69.7984080998054 -69.86321190473797 -69.14941383122263 -66.84326331282139 -66.00324762744394 -64.06368018047638 -58.819802325622355 -9999 -9999 -9999 -9999 -9999 -9999 -9999 -9999 -9999 -9999 -9999 -9999
-9999 -9999 -9999 -9999 -9999 -9999 -9999 -9999 -9999 -9999 -68.24982581103302 -68.21014166648203 -68.51857781810112 -67.50434513273207 -64.99821716078216 -62.71522628769061 -63.397337447809036 -64.71098285452531 -63.895907506595385 -66.28618507660912 -67.42651417676771 -69.84270048698266 -70.66967925759378 -68.6211099900814 -68.0581499677882 -66.76450337780554 -66.80822240900905 -67.39484437011579 -69.00955877394469 -69.70038917270232 -69.99584801954666 -69.71094750584776 -68.6031090937219 -69.39562485819161 -68.66137944297343 -66.95205003807638 -65.22079988585102 -62.119774246803686 -59.19279509638253 -9999 -9999 -9999 -9999 -9999 -9999 -9999 -9999 -9999 -9999 -9999 -9999 -9999
-9999 -9999 -9999 -9999 -9999 -9999 -9999 -9999 -9999 -9999 -9999 -9999 -64.59493173040221 -63.668648885234184 -64.85151014178615 -64.85441785175892 -66.54415472994211 -67.85275805550127 -68.07085395577043 -67.9698993873384 -69.24101696833436 -70.29534753090749 -72.79205001565809 -73.07464063643481 -72.66445687161979 -71.57399204798214 -69.63664210200193 -68.44839546168478 -66.88653322425463 -66.7251038858642 -66.79701585504337 -66.58382319335473 -65.76955160513467 -64.72526856928779 -64.19409767429302 -64.23637636805866 -64.83585250847436 -62.383765994508465 -57.8496503258429 -50.328795312002285 -9999 -9999 -9999 -9999 -9999 -9999 -9999 -9999 -9999 -9999 -9999 -9999
-9999 -9999 -9999 -9999 -9999 -9999 -9999 -9999 -9999 -9999 -9999 -66.29906968532599 -65.71233992024291 -63.967536989773464 -62.48384856753758 -63.41319861441056 -66.2000010125585 -68.4877720212004 -69.37789256680307 -69.40235228146672 -70.33690154638997 -71.55347658388415 -72.94433364114481 -71.92380787005132 -71.44988048539618 -71.30801471721445 -70.31159897546404 -69.49684829650022 -68.48970859986821 -66.79121769648185 -65.17039986810673 -64.13255186616543 -63.34400465776862 -63.15654089493707 -63.15531729571565 -64.33546531905401 -66.62441670950598 -64.53670705269168 -58.46069133200206 -9999 -9999 -9999 -9999 -9999 -9999 -9999 -9999 -9999 -9999 -9999 -9999 -9999
-9999 -9999 -9999 -9999 -9999 -70.13485975398233 -70.00236093651984 -69.14875081292338 -68.63895929291175 -65.02007186492139 -62.113180926156765 -62.56411862944486 -62.5637197276541 -63.5085310855074 -63.85858943898794 -63.78039407727202 -64.99162867992179 -67.58223833987938 -69.50566358877826 -69.33787793816629 -69.46256261542165 -70.72243710891702 -71.59753269680631 -72.25875049257361 -72.04679823906983 -70.37694351799112 -69.09438818927525 -68.78146570522804 -67.63251899333935 -66.45021971702225 -65.43807856117475 -63.82782994767506 -62.84705346018043 -61.864065162757704 -61.60471037822528 -60.86285356388012 -59.18676878011871 -53.995464003388776 -9999 -9999 -9999 -9999 -9999 -9999 -9999 -9999 -9999 -9999 -9999 -9999 -9999 -9999
-9999 -9999 -9999 -9999 -68.75952373282706 -69.004637999718 -66.04862327802732 -63.38636967416078 -61.97687962851914 -62.21418599519053 -62.04461713551386 -61.716759612326896 -61.561070534862154 -62.947506076084636 -64.78586872142046 -66.17958430563219 -67.88138820769394 -69.27754631819721 -68.48501269934485 -68.77866807879964 -68.59201316047748 -69.18929005150261 -69.48810760886377 -70.63877090985653 -69.68757701325893 -68.11772135654597 -67.7606634579377 -67.88957789626214 -65.54480641968688 -63.83500926857987 -63.11461185283467 -61.67915059899804 -61.348627747581475 -58.915682838806894 -55.499434558859406 -9999 -9999 -9999 -9999 -9999 -9999 -9999 -9999 -9999 -9999 -9999 -9999 -9999 -9999 -9999 -9999 -9999
-9999 -9999 -9999 -64.28063208110557 -62.726525045447396 -62.23067495265049 -61.835966862930924 -59.8530030400418 -58.756342059814855 -58.17151420411372 -57.94107178647602 -60.489942674876225 -62.3557246713227 -64.30989834041057 -66.51912168848659 -68.62786733394091 -68.97654102179845 -69.30161097761277 -68.77937081180711 -68.1544884223933 -67.33161038580776 -66.55615801984551 -65.95262442523862 -66.85536244911661 -65.80667906354599 -64.27687170639868 -61.39093321896373 -59.8265445265003 -58.05783981026853 -54.40357403913493 -50.576053992580654 -9999 -9999 -9999 -9999 -9999 -9999 -9999 -9999 -9999 -9999 -9999 -9999 -9999 -9999 -9999 -9999 -9999 -9999 -9999 -9999 -9999
-9999 -9999 -9999 -65.1893453661793 -60.75710404573625 -53.42943249476738 -52.45018151339678 -53.41792536501401 -55.15221157106736 -55.58313312227461 -55.158427841175936 -54.94581775765418 -57.92227731029347 -60.46888897036258 -63.273062100330925 -65.71033920120868 -65.94901708777793 -67.17372072324162 -66.26268432686398 -66.22536883599057 -66.17711788039061 -65.15509879011407 -64.27497138913368 -64.51088767379011 -64.53399526961374 -62.99363865725864 -60.49080729796733 -57.9524273373457 -53.5322630790819 -9999 -9999 -9999 -9999 -9999 -9999 -9999 -9999 -9999 -9999 -9999 -9999 -9999 -9999 -9999 -9999 -9999 -9999 -9999 -9999 -9999 -9999 -9999
-9999 -9999 -9999 -69.69835060873949 -69.57972093276355 -66.4023545207785 -58.843720744742214 -56.56445921262372 -59.55717460872192 -61.82236894168608 -62.90493355754242 -60.876355557065885 -58.761217769112704 -61.47644205181582 -62.24230033893463 -63.37403535720606 -64.42578450614897 -65.1812083264853 -65.07761914991146 -64.90112270316541 -65.13993686554791 -63.699645962694845 -64.00833814038153 -63.38092136339023 -60.195741541518686 -58.759145024642365 -54.421603179875746 -48.372802896198465 -9999 -9999 -9999 -9999 -9999 -9999 -9999 -9999 -9999 -9999 -9999 -9999 -9999 -9999 -9999 -9999 -9999 -9999 -9999 -9999 -9999 -9999 -9999 -9999
-9999 -9999 -9999 -69.19192416229058 -67.47376930283136 -64.26503945610118 -62.9873840504542 -64.39173163013086 -65.6253203081279 -65.57622727443137 -64.2229220615951 -62.46525967975252 -60.742455525443496 -61.426030510818 -64.15444837777815 -64.48816098815725 -63.833961596476534 -63.61981231099357 -63.36960586099922 -63.19509331684582 -61.64343956115698 -61.22110031569049 -61.4245802487609 -60.71961221542365 -59.2313006763282 -55.704776456780856 -49.32348198241231 -9999 -9999 -9999 -9999 -9999 -9999 -9999 -9999 -9999 -9999 -9999 -9999 -9999 -9999 -9999 -9999 -9999 -9999 -9999 -9999 -9999 -9999 -9999 -9999 -9999
-9999 -9999 -9999 -9999 -64.96439544102633 -64.51402549068733 -64.94708906815606 -65.697679254797 -66.12268449692883 -66.44971122933201 -65.01974003187628 -63.63882190324347 -63.23148108862731 -62.65438706291393 -63.19687272715522 -63.680857105214365 -64.00863019674284 -63.64630577065612 -62.26433616263947 -60.53450835504018 -59.36281086645312 -57.72283187486637 -56.32975294642521 -52.56717844924052 -9999 -9999 -9999 -9999 -9999 -9999 -9999 -9999 -9999 -9999 -9999 -9999 -9999 -9999 -9999 -9999 -9999 -9999 -9999 -9999 -9999 -9999 -9999 -9999 -9999 -9999 -9999 -9999
-9999 -9999 -9999 -9999 -64.0809682443048 -66.42174331784905 -66.66841095109093 -66.41394495039289 -64.91056429237592 -63.80615062243576 -65.66042887166215 -66.51400259700719 -66.07497065974003 -64.11781686372541 -63.465087022911575 -62.84869907757788 -62.91245113747617 -62.27668128617484 -62.21018924636928 -61.89762058319785 -61.98302248876305 -60.48912595360164 -55.734382727654406 -49.68596331737029 -36.075089985041316 -9999 -9999 -9999 -9999 -9999 -9999 -9999 -9999 -9999 -9999 -9999 -9999 -9999 -9999 -9999 -9999 -9999 -9999 -9999 -9999 -9999 -9999 -9999 -9999 -9999 -9999 -9999
-9999 -9999 -9999 -9999 -67.19182582111887 -66.43787503631121 -66.77988329434139 -67.15424692275397 -66.22004185243283 -65.00572338968348 -64.23185235445561 -64.75844125067621 -64.13867919819505 -63.66178951849317 -63.621026804126274 -63.94175992657966 -63.478728408209015 -62.500944078270685 -61.13968106260912 -60.05801926725275 -58.48290995056757 -57.07942143840996 -55.73777497483489 -52.33277817322558 -9999 -9999 -9999 -9999 -9999 -9999 -9999 -9999 -9999 -9999 -9999 -9999 -9999 -9999 -9999 -9999 -9999 -9999 -9999 -9999 -9999 -9999 -9999 -9999 -9999 -9999 -9999 -9999
