metrics/grid_rasters/ASCAT 12.5 TS/grideval_ASCAT 12.5 TS_X_winter_2018_absolute_bias.asc
ncols 52
nrows 55
xllcorner     11.25
yllcorner     55.25
cellsize      0.25
NODATA_value  -9999
[rows 0 to 28 of 55, columns 0 to 51 of 52]
-9999 -9999 -9999 -9999 -9999 -9999 -9999 -9999 -9999 -9999 -9999 -9999 -9999 -9999 -9999 -9999 -9999 -9999 -9999 -9999 -9999 -9999 -9999 -9999 -9999 -9999 -9999 -9999 -9999 -9999 -9999 -9999 -9999 -9999 -9999 -9999 -60.94748767754822 -60.63128156605751 -59.53932038000296 -9999 -9999 -9999 -9999 -9999 -9999 -9999 -9999 -9999 -9999 -9999 -9999 -9999
-9999 -9999 -9999 -9999 -9999 -9999 -9999 -9999 -9999 -9999 -9999 -9999 -9999 -9999 -9999 -9999 -9999 -9999 -9999 -9999 -9999 -9999 -9999 -9999 -9999 -9999 -9999 -9999 -9999 -9999 -9999 -9999 -9999 -9999 -9999 -9999 -56.29116428195061 -63.26054841196392 -63.42222717613636 -59.46322365731191 -54.26297102217613 -54.261963794260424 -9999 -9999 -9999 -9999 -9999 -9999 -9999 -9999 -9999 -9999
-9999 -9999 -9999 -9999 -9999 -9999 -9999 -9999 -9999 -9999 -9999 -9999 -9999 -9999 -9999 -9999 -9999 -9999 -9999 -9999 -9999 -9999 -9999 -9999 -9999 -9999 -9999 -61.34863048623039 -61.394671662405024 -60.59207359104486 -55.719371167960574 -47.561539242430364 -36.91141129322153 -35.19953917034243 -9999 -40.49928633056737 -50.37195002246788 -59.27762602190527 -60.74125227633999 -57.43698727434779 -57.439637822393024 -53.58940630482496 -50.43397313930468 -46.96867289987946 -45.538244936309226 -45.537616522985246 -9999 -9999 -9999 -9999 -9999 -9999
-9999 -9999 -9999 -9999 -9999 -9999 -9999 -9999 -9999 -9999 -9999 -9999 -9999 -9999 -9999 -9999 -9999 -9999 -9999 -9999 -9999 -9999 -9999 -9999 -9999 -9999 -9999 -67.42642508376169 -69.66423266044674 -67.41646224843288 -56.89142431424408 -41.82190255068419 -41.87841160670928 -34.30357388023693 -33.799101416734345 -38.1038743135251 -42.45714314846752 -46.83163663434001 -46.83209838193699 -49.68160863795902 -48.90338382231865 -46.62051333828715 -46.09489418363969 -43.409871980484354 -43.40942797407959 -43.32552497556583 -44.045212425245026 -46.3635897860013 -9999 -9999 -9999 -9999
-9999 -9999 -9999 -9999 -9999 -9999 -9999 -9999 -9999 -9999 -9999 -9999 -9999 -9999 -9999 -9999 -9999 -9999 -9999 -9999 -9999 -9999 -68.21659191830736 -70.74741897300822 -71.11155946063835 -68.813872701289 -68.8556421644077 -72.15348918387096 -68.75798283498898 -66.8317998855413 -66.08114488280711 -55.726349467098075 -48.402381081650255 -41.64024939082161 -40.26707455573617 -39.66630646204064 -38.99700306995932 -38.77755699730732 -38.03597852844247 -36.83460244964335 -36.322584880789755 -38.24674965242479 -38.505311300161935 -37.43351976870481 -39.85006876902232 -42.579677369898796 -46.23483563931401 -53.47691871399642 -57.54975965517602 -9999 -9999 -9999
-9999 -9999 -9999 -9999 -9999 -9999 -9999 -9999 -9999 -9999 -9999 -9999 -9999 -9999 -9999 -9999 -9999 -9999 -9999 -9999 -9999 -74.43323797927727 -74.43449255923706 -74.25947128280606 -71.54778415105154 -68.43507999077886 -60.89079001837743 -55.31251357264766 -50.03827685853994 -50.039798115998146 -48.315097085094216 -48.80259840562952 -49.29938358421071 -48.41648290309907 -44.33713827478847 -38.84480349201265 -38.84535932109157 -35.08160214124643 -36.09764946148169 -39.189036540892985 -42.13636360522021 -45.08445531765839 -45.084170458941784 -49.6938019284574 -52.298997692417366 -54.54624298058773 -56.75705152303913 -59.67328086301561 -59.458994324485985 -9999 -9999 -9999
-9999 -9999 -9999 -9999 -9999 -9999 -9999 -9999 -9999 -9999 -9999 -9999 -9999 -9999 -9999 -9999 -9999 -9999 -9999 -9999 -74.78071000638244 -74.4632615254157 -72.15450891071343 -74.68993287007049 -76.86801431738753 -70.08173509659171 -70.07973113415862 -58.50053812389528 -47.18744428179885 -40.504042555101634 -39.17473544307745 -41.351306215434406 -43.14447215162583 -43.14063008684808 -41.9003055351874 -38.79976409301069 -37.07541934070575 -36.19959776676424 -40.56991138464087 -42.9914630815786 -42.9916818149343 -46.335132762246616 -50.53655222534258 -54.58085266473964 -58.69052360908132 -62.022311901660565 -62.60623005827764 -62.60464419345556 -63.4183587668616 -63.35184130070361 -9999 -9999
-9999 -9999 -9999 -9999 -9999 -9999 -9999 -9999 -9999 -9999 -9999 -9999 -9999 -9999 -9999 -9999 -9999 -9999 -9999 -9999 -9999 -67.96971828656314 -65.03827987871992 -65.03479513071406 -65.34699508597046 -64.10294015905731 -59.175356427588795 -55.09602561307965 -51.52523972283953 -48.68153079692837 -48.61971708232478 -44.72118932117065 -44.00948641004923 -43.012895211417295 -41.262646491809456 -39.830501363097625 -40.38646736688158 -42.69016701813583 -42.69086527631725 -46.213563413257276 -48.455814818802786 -51.00237074467609 -54.07950193828085 -58.27675120411561 -62.04429159466846 -62.043213824073725 -65.22864291164356 -67.92410979451161 -69.16593531444033 -9999 -9999 -9999
-9999 -9999 -9999 -9999 -9999 -9999 -9999 -9999 -9999 -9999 -9999 -9999 -9999 -9999 -9999 -9999 -9999 -9999 -9999 -64.70351834090444 -67.15343328553527 -68.24898411058913 -66.5739612458225 -64.45594339581304 -59.9888104755861 -52.87695987747826 -46.105092415909894 -46.10165634442212 -43.420634396236686 -43.91418625807918 -44.670585786162945 -44.53596738150228 -45.0854093557041 -45.86030593781575 -46.941197309537294 -46.94170044873513 -47.5551219415236 -48.04058836475722 -49.719969066305026 -51.0842749065481 -53.22739847145867 -56.69899177891418 -60.588120885299126 -60.587047461951116 -62.07572759703767 -64.69779211197316 -67.15797052604796 -69.09563355670967 -69.791773188053 -68.58528407048385 -67.02737533596392 -9999
-9999 -9999 -9999 -9999 -9999 -9999 -9999 -9999 -9999 -9999 -9999 -9999 -9999 -9999 -9999 -9999 -9999 -9999 -67.08378432152823 -62.786592939195344 -60.919100780285454 -60.58372092666367 -60.72326741728712 -58.861526990146324 -56.4397846501483 -53.318886042525314 -53.31607427459366 -49.611026883089934 -46.48631918552129 -43.49689613337015 -42.91281422674773 -45.56431522117471 -50.82937800919241 -56.13823229191912 -61.069527413947064 -61.068935267316924 -65.10343846601404 -66.20025146041675 -65.34224579109001 -64.24657954591919 -62.26107210306324 -62.11749436354143 -65.7185011217734 -68.1454722673716 -68.14389268027301 -70.3790661521862 -70.83138353852101 -69.82535887054091 -69.61816738811979 -68.68172285597335 -68.24490103442045 -9999
-9999 -9999 -9999 -9999 -9999 -9999 -9999 -9999 -9999 -9999 -9999 -9999 -9999 -9999 -9999 -9999 -9999 -68.69342029009745 -65.46713279152644 -59.6412332822455 -53.36639996551636 -53.945984768838436 -53.944211175337145 -54.97008345259317 -54.64873506027965 -53.725991139218934 -52.88170054720951 -51.30528818030459 -49.95207526088966 -48.07495161967339 -46.59928549448717 -46.60098981388639 -47.01998174033097 -51.55235082559725 -57.677897855136074 -62.54247512288685 -66.53325876249225 -69.09649498578254 -71.15747201424695 -71.70912783588878 -71.86436275029324 -71.86353902144954 -72.8183807360283 -73.42879040509136 -73.72829185065474 -72.80147965222429 -71.40834034396555 -71.64661565761692 -71.66942571377119 -72.8517150872219 -9999 -9999
-9999 -9999 -9999 -9999 -9999 -9999 -9999 -9999 -9999 -9999 -9999 -9999 -9999 -65.49370181050351 -64.3476845699426 -65.15617731986184 -66.36825899164444 -66.37005601725379 -65.31689712742131 -62.251126021666366 -56.689594576209934 -53.06035947529096 -52.537431789761584 -52.977887372194154 -53.92903749754458 -56.163076655625666 -56.536485378503656 -56.53870179140142 -57.60974673534557 -58.84972022044016 -61.31164404761746 -62.56590140504975 -62.32507496430559 -63.11854991703179 -64.91000310534547 -68.49617329518847 -70.72691219040462 -73.54931020422435 -73.54821080534728 -74.80704925154407 -75.28391013847472 -75.3198277860165 -75.35826787420623 -74.23421278153873 -74.31204083244441 -74.99639927751792 -74.62571174302641 -75.89341414900326 -75.8937965189655 -78.7310705448743 -78.26619685075629 -9999
-9999 -9999 -9999 -9999 -9999 -9999 -9999 -9999 -9999 -9999 -9999 -9999 -9999 -67.1733873887989 -64.62428993486255 -64.5205798707867 -63.84149195382461 -63.67996453922007 -61.72893224223554 -59.43144478441286 -56.607488090280114 -55.66450127454773 -55.47101603780546 -55.46935856860735 -56.92380830895131 -58.51966119038597 -62.06806325898016 -63.66168629665468 -64.98349614930848 -68.01864574035143 -70.31474338118439 -72.60567050740148 -72.93408611787298 -73.19210585027831 -73.19090509372177 -71.94549224909359 -71.61733857379396 -74.11104955915566 -76.52179539748286 -77.61181428258429 -76.79026545611724 -75.69458398318844 -73.74972213074138 -71.24761119191187 -71.26400588125938 -71.26426235626657 -72.94712977661092 -76.1008153592971 -78.79393136389514 -79.55317766105486 -80.11059090729444 -79.31221837597457
-9999 -9999 -9999 -9999 -9999 -9999 -9999 -9999 -9999 -9999 -9999 -9999 -9999 -62.20252633991082 -60.81923229647082 -55.19488302772664 -52.913513488431775 -54.21641415672958 -56.60396719375348 -59.19338591207842 -58.87372774743167 -58.668939545294144 -59.78938088162354 -61.14349298937997 -65.42312585962875 -65.9870541506818 -70.01111882529024 -72.02413897625264 -73.69313254460162 -75.15063302041038 -75.94935626275621 -76.80289965623626 -76.04797492050008 -76.03411051751212 -75.28290872774852 -73.97161387163541 -72.67011690136782 -74.50442896069856 -74.43533342170869 -76.38808007382913 -77.32297902713864 -75.7097524421213 -72.87534133125538 -67.85164563399996 -9999 -9999 -9999 -9999 -9999 -9999 -9999 -9999
-9999 -9999 -9999 -9999 -9999 -9999 -9999 -9999 -9999 -9999 -9999 -9999 -9999 -61.16665192477424 -57.888370964677314 -53.785488919433796 -50.35094845266038 -48.61129836279327 -51.194644431062116 -55.67936532080985 -60.67841614134856 -65.2923586825441 -66.92395847930842 -68.06230476158646 -68.91655075516036 -72.09506334127506 -75.63192402092659 -77.8782102087317 -77.87755547761907 -79.1896425550591 -79.49933397096824 -78.89436723327256 -79.34464486087244 -78.87028665222657 -78.62960577888774 -78.24801535026786 -77.42813993030269 -76.16192540335123 -75.77556019931328 -76.37450572549803 -76.35820811012039 -9999 -9999 -9999 -9999 -9999 -9999 -9999 -9999 -9999 -9999 -9999
-9999 -9999 -9999 -9999 -9999 -9999 -9999 -9999 -9999 -9999 -9999 -9999 -70.00443347272663 -63.07217082003372 -56.43455196304686 -51.12715329210038 -49.43913821551362 -50.29540216547049 -53.67486558876824 -57.02748676018089 -61.99457945820218 -61.993441118982894 -65.37177245486245 -66.42697516428383 -67.88225411340032 -70.3609237614547 -73.76649494948981 -78.18049373162246 -80.82815385528055 -82.28413570051526 -82.29988427518755 -82.51161403219655 -82.18345045929905 -81.19673855727109 -81.19584277748099 -80.11057151495037 -78.94141257037036 -78.9420297645683 -79.28554644830525 -78.26770201500015 -76.71517362469402 -9999 -9999 -9999 -9999 -9999 -9999 -9999 -9999 -9999 -9999 -9999
-9999 -9999 -9999 -9999 -9999 -9999 -9999 -9999 -9999 -9999 -9999 -64.81320593717521 -64.78253119839354 -64.22136889438038 -62.840856371379616 -57.20795005833255 -53.085138039064645 -53.96221774972099 -54.788583312175554 -57.725268799032364 -60.393465661673424 -62.241358182347994 -63.4325622611549 -63.978719758435844 -66.69459211918773 -69.31139640969168 -74.7550502884585 -79.20383986165814 -81.72248465843045 -83.54089154753422 -83.61003563464016 -83.60924952588303 -82.05320929267108 -82.19683146283133 -82.3676956331417 -82.79057959862374 -81.02878796727805 -79.72356391274798 -77.48393753459149 -73.13551336943088 -9999 -9999 -9999 -9999 -9999 -9999 -9999 -9999 -9999 -9999 -9999 -9999
-9999 -9999 -9999 -9999 -9999 -9999 -9999 -9999 -9999 -9999 -61.616021200322635 -60.33874249162966 -59.239029008929265 -57.77390514608103 -56.40247267092615 -56.158220151367644 -58.274425379588116 -60.14436738665639 -60.56574847159378 -65.72507240266363 -68.10112145654169 -70.96697023024923 -72.12750977555999 -68.77052642567267 -68.31129300854298 -67.57760084547344 -68.82102135956117 -71.53024816517853 -76.80318006633294 -81.3164715196584 -82.94406627832122 -83.16941119843047 -82.75539768437919 -83.76314843030305 -83.84794253953226 -82.93486985127515 -81.47210561860001 -77.31155294828667 -72.3751416389681 -9999 -9999 -9999 -9999 -9999 -9999 -9999 -9999 -9999 -9999 -9999 -9999 -9999
-9999 -9999 -9999 -9999 -9999 -9999 -9999 -9999 -9999 -9999 -9999 -9999 -53.92538637718647 -56.250693361955975 -60.72938743751168 -60.73240203592314 -65.56324916849137 -69.22081467484897 -71.17603189078092 -72.43656418690799 -74.09089041362158 -73.57312676880444 -75.03552541377276 -76.17216159560043 -76.01123259940479 -76.9480996853915 -76.67083667310351 -76.00767975182619 -75.73733382561291 -77.53506346575719 -80.44571907561372 -81.95611039969589 -82.61592458757009 -83.76735089354304 -83.71943047998343 -83.85585226835114 -82.66533320192045 -78.0850195337709 -72.06380605270843 -66.6641490621715 -9999 -9999 -9999 -9999 -9999 -9999 -9999 -9999 -9999 -9999 -9999 -9999
-9999 -9999 -9999 -9999 -9999 -9999 -9999 -9999 -9999 -9999 -9999 -55.57864209327661 -53.41786932824214 -52.87826378304707 -55.24672239515667 -59.6533472549884 -65.62639232299311 -70.06837877202105 -73.5099599228799 -74.7577727462419 -74.91942364051397 -74.85058053380423 -76.25144832018313 -75.874773945396 -76.19405262478296 -78.09312562073256 -78.48171538189548 -79.25638549016203 -80.75165142066162 -80.722173182139 -81.0081942227209 -82.0602825161977 -83.29261181336315 -82.89107008433888 -82.8900315326478 -82.50318055528886 -82.82039697539383 -78.66291599033754 -72.02371212819008 -9999 -9999 -9999 -9999 -9999 -9999 -9999 -9999 -9999 -9999 -9999 -9999 -9999
-9999 -9999 -9999 -9999 -9999 -64.32847060022819 -62.240567592993706 -59.97113156986389 -59.23973301669985 -56.83385694031431 -56.005850629396974 -58.010709554874936 -58.01186263557678 -58.562058148195675 -58.46428427753968 -59.38146438004432 -61.74630592726521 -65.81600232055168 -70.02973296014153 -72.60308966911856 -74.54070246383152 -76.78754314856971 -77.41670834043445 -77.87832319027238 -78.28424674684567 -78.56857706087054 -78.97407486982684 -80.19015215813461 -80.5541725896766 -80.8424295342539 -80.9729321666793 -81.08906314801735 -81.31605847552555 -80.0432738222628 -78.12759400309538 -74.55883593502445 -70.08396198079639 -65.458689102091 -9999 -9999 -9999 -9999 -9999 -9999 -9999 -9999 -9999 -9999 -9999 -9999 -9999 -9999
-9999 -9999 -9999 -9999 -64.80530761386343 -63.635800504724074 -60.417297696399395 -59.16140539421289 -58.36009370435874 -59.86451566178095 -59.98503592229228 -59.66050137483035 -59.31504770089654 -59.918992745774354 -61.117856707217044 -60.832730803420496 -62.45378958300127 -64.96365606310525 -66.44640901786143 -70.39534068668118 -73.56459923645703 -76.4976277752628 -77.5415027169602 -79.21870034383963 -79.23359259724656 -78.70477898835018 -79.67041393096112 -80.72045679671406 -79.93687898630715 -78.0183633762663 -77.90547107101426 -76.23854984061853 -74.5482603755384 -73.00128957633845 -70.77192634074093 -9999 -9999 -9999 -9999 -9999 -9999 -9999 -9999 -9999 -9999 -9999 -9999 -9999 -9999 -9999 -9999 -9999
-9999 -9999 -9999 -55.871826606853396 -51.78423814569286 -49.76711107218921 -49.335158459729506 -48.508044213722656 -49.584719374903926 -51.35569071910781 -53.90122475421165 -57.203591058665864 -58.61866184339974 -60.285081059239076 -62.18638156575489 -64.1481127134694 -64.871152461328 -66.06708652277902 -66.68999694125236 -67.70476659747158 -69.76604534729536 -72.39467022414554 -74.53313071348013 -77.46875448408609 -78.33576738628659 -77.8243940132164 -74.99046205843065 -72.3026570198984 -69.53956840009738 -64.95625828826589 -61.09275317540493 -9999 -9999 -9999 -9999 -9999 -9999 -9999 -9999 -9999 -9999 -9999 -9999 -9999 -9999 -9999 -9999 -9999 -9999 -9999 -9999 -9999
-9999 -9999 -9999 -58.57024521176179 -50.31670270233286 -39.26543210273871 -36.169034160983664 -36.57449735225935 -37.98037954178639 -38.66138976101101 -40.2194490678916 -42.13276454334977 -47.422320206296355 -51.52248837716877 -56.44061029661974 -60.78455446693191 -62.7543945726527 -65.81346608325573 -65.79882116244924 -66.55773524650627 -67.86319634896954 -69.40000968355885 -71.86911399417095 -74.71355945740552 -76.44248232448426 -75.09611349724068 -72.12503829048688 -70.38656466858258 -66.95227372905266 -9999 -9999 -9999 -9999 -9999 -9999 -9999 -9999 -9999 -9999 -9999 -9999 -9999 -9999 -9999 -9999 -9999 -9999 -9999 -9999 -9999 -9999 -9999
-9999 -9999 -9999 -61.42256877881752 -60.44695580838004 -54.52677062189254 -43.51593509155379 -40.05274697992008 -41.74032228615413 -41.607459921017984 -40.7349818541501 -38.271380526589745 -45.27277565706956 -52.74217284785875 -55.702316147334564 -59.22679836703443 -61.61327368270883 -63.79463655121073 -64.99798190424039 -66.84063912919976 -68.67131371511303 -69.99196894707096 -74.60461562044351 -76.68763645820589 -74.92075409969621 -72.27996416420369 -68.12005590784891 -63.800314187244474 -9999 -9999 -9999 -9999 -9999 -9999 -9999 -9999 -9999 -9999 -9999 -9999 -9999 -9999 -9999 -9999 -9999 -9999 -9999 -9999 -9999 -9999 -9999 -9999
-9999 -9999 -9999 -55.12524117847802 -51.07685824052922 -47.39027042525266 -45.50362689102032 -45.882120123141696 -46.01310985600843 -44.14731388523058 -42.84469214112117 -43.012307382670485 -43.84709110914676 -48.66928540995524 -55.24112321846574 -58.5786586307034 -60.58751606227043 -62.226254865660465 -63.83233371783631 -65.30649675758346 -65.6778280217964 -68.23588956415553 -71.851820802312 -72.52364103343932 -72.40882846702443 -70.07799134573774 -67.16599760987687 -9999 -9999 -9999 -9999 -9999 -9999 -9999 -9999 -9999 -9999 -9999 -9999 -9999 -9999 -9999 -9999 -9999 -9999 -9999 -9999 -9999 -9999 -9999 -9999 -9999
-9999 -9999 -9999 -9999 -46.05485720718415 -46.17173794960562 -46.00395503268518 -46.2567072071629 -46.492542910364456 -46.033317909903914 -44.77089491026668 -44.71579714840284 -47.3723604684478 -50.26368558934958 -54.578298431849014 -59.07042523730386 -62.06448444478096 -63.75254040264928 -64.6878850604364 -64.53814102612296 -65.43902109732109 -66.87010043409761 -68.70442207506795 -67.19220721077926 -9999 -9999 -9999 -9999 -9999 -9999 -9999 -9999 -9999 -9999 -9999 -9999 -9999 -9999 -9999 -9999 -9999 -9999 -9999 -9999 -9999 -9999 -9999 -9999 -9999 -9999 -9999 -9999
-9999 -9999 -9999 -9999 -42.90438663656037 -43.16376473749977 -43.69515071991914 -45.009283830187634 -44.320370550303345 -44.79288933519439 -47.029039769575576 -48.456676902556936 -49.268985914824285 -49.784974999466684 -52.483880842725114 -55.969832620303876 -60.022229059761926 -62.91722560771996 -65.34557551880461 -67.26883882635123 -69.63313642060736 -70.28568311243947 -71.623861752182 -71.65055930790066 -63.598015280903695 -9999 -9999 -9999 -9999 -9999 -9999 -9999 -9999 -9999 -9999 -9999 -9999 -9999 -9999 -9999 -9999 -9999 -9999 -9999 -9999 -9999 -9999 -9999 -9999 -9999 -9999 -9999
-9999 -9999 -9999 -9999 -45.554132772767886 -44.16832582514082 -44.600654853934586 -45.448064228604615 -44.47080777352133 -43.547907180926956 -43.274090291586944 -45.81795401298156 -51.29263214949048 -53.37233923256996 -55.29608401608929 -58.54585081449111 -62.1576461546159 -65.22543546016531 -68.2138062146212 -70.52915082016885 -71.39879599350742 -71.3145149802303 -71.65855106590652 -70.74346655552323 -9999 -9999 -9999 -9999 -9999 -9999 -9999 -9999 -9999 -9999 -9999 -9999 -9999 -9999 -9999 -9999 -9999 -9999 -9999 -9999 -9999 -9999 -9999 -9999 -9999 -9999 -9999 -9999
