metrics/grid_rasters/ASCAT 12.5 TS/grideval_ASCAT 12.5 TS_X_fall_2018_anomaly_pearson_r.asc
ncols 52
nrows 55
xllcorner     11.25
yllcorner     55.25
cellsize      0.25
NODATA_value  -9999
[rows 0 to 28 of 55, columns 0 to 51 of 52]
-9999 -9999 -9999 -9999 -9999 -9999 -9999 -9999 -9999 -9999 -9999 -9999 -9999 -9999 -9999 -9999 -9999 -9999 -9999 -9999 -9999 -9999 -9999 -9999 -9999 -9999 -9999 -9999 -9999 -9999 -9999 -9999 -9999 -9999 -9999 -9999 0.548652820063207 0.4471937542656391 0.4587357025381157 -9999 -9999 -9999 -9999 -9999 -9999 -9999 -9999 -9999 -9999 -9999 -9999 -9999
-9999 -9999 -9999 -9999 -9999 -9999 -9999 -9999 -9999 -9999 -9999 -9999 -9999 -9999 -9999 -9999 -9999 -9999 -9999 -9999 -9999 -9999 -9999 -9999 -9999 -9999 -9999 -9999 -9999 -9999 -9999 -9999 -9999 -9999 -9999 -9999 0.5168635622484439 0.4385905134093853 0.4080721154160676 0.4535758189767294 0.4563643922698209 0.45240728748804493 -9999 -9999 -9999 -9999 -9999 -9999 -9999 -9999 -9999 -9999
-9999 -9999 -9999 -9999 -9999 -9999 -9999 -9999 -9999 -9999 -9999 -9999 -9999 -9999 -9999 -9999 -9999 -9999 -9999 -9999 -9999 -9999 -9999 -9999 -9999 -9999 -9999 0.4650951402308956 0.4618181504849645 0.4120458803623529 0.4679884437899944 0.4770038921571926 0.4806592072990323 0.5024016826593736 -9999 0.4724731529749996 0.4320494786477145 0.4103597396740544 0.413506087692786 0.3602650360108067 0.3455307229992546 0.3739920933772105 0.374242112442177 0.3915867579090195 0.3306836026337809 0.28880902822671395 -9999 -9999 -9999 -9999 -9999 -9999
-9999 -9999 -9999 -9999 -9999 -9999 -9999 -9999 -9999 -9999 -9999 -9999 -9999 -9999 -9999 -9999 -9999 -9999 -9999 -9999 -9999 -9999 -9999 -9999 -9999 -9999 -9999 0.5156081102530323 0.4757333153437248 0.3884517608962955 0.39195267490606056 0.5113832461052403 0.4380379257276978 0.5105134695248807 0.5513065756727678 0.5335324760916706 0.45466464942779294 0.4297421967180752 0.41876512863992216 0.39311138934560985 0.3983041427392761 0.4156123219835876 0.3964887333370706 0.3884090008702573 0.34179220920149034 0.3652850255557939 0.3415784746889642 0.3040886637500395 -9999 -9999 -9999 -9999
-9999 -9999 -9999 -9999 -9999 -9999 -9999 -9999 -9999 -9999 -9999 -9999 -9999 -9999 -9999 -9999 -9999 -9999 -9999 -9999 -9999 -9999 0.5329059550700495 0.4674323271810662 0.4702140616955416 0.4843058132212666 0.4609455978061701 0.3974598748421527 0.44040825393194105 0.4096033801514009 0.2419799759364775 0.3767544072803509 0.3717307282546739 0.4019550977144472 0.3818762604177448 0.3478193094580476 0.4211097146018984 0.4472170416788265 0.4073043208036756 0.397905216332574 0.35748026957597345 0.2359345125488513 0.2409316159971031 0.4042643283012802 0.4152135481306237 0.3722321324049784 0.4038611711466405 0.42741620410066095 0.3972117486716198 -9999 -9999 -9999
-9999 -9999 -9999 -9999 -9999 -9999 -9999 -9999 -9999 -9999 -9999 -9999 -9999 -9999 -9999 -9999 -9999 -9999 -9999 -9999 -9999 0.5035679781227557 0.4958869070438384 0.4385318025768581 0.4769435970647327 0.5650431415200079 0.6088633210829755 0.6278481188691707 0.5653778642161322 0.5477258458673363 0.5047631568194731 0.4085140483983589 0.3647839600181002 0.3335751035029848 0.3233546845949445 0.3938135710610854 0.4010786214451944 0.3808077030868174 0.4098088004224391 0.3928415981084352 0.4028388901341776 0.3711609695410655 0.3509196677659939 0.34786945113133017 0.33376448017124705 0.3351478769126188 0.3497636285456839 0.3526893490496628 0.3414427605732767 -9999 -9999 -9999
-9999 -9999 -9999 -9999 -9999 -9999 -9999 -9999 -9999 -9999 -9999 -9999 -9999 -9999 -9999 -9999 -9999 -9999 -9999 -9999 0.5955652528612104 0.6811311667846269 0.6841620477049131 0.6006362219402847 0.4277981434305327 0.4026524991919671 0.4378922721779252 0.6112590456668104 0.6700103760203442 0.6257260072569057 0.5379348852563431 0.44695112822614025 0.40898354647605983 0.3939612363205948 0.3786107720423884 0.3692534492784544 0.3523295593668269 0.3506386391016002 0.34131921276322763 0.3897976975556834 0.4074839027446402 0.3920924328625908 0.3695302199145739 0.3055707452721672 0.2706299700254017 0.2521431727684832 0.2137761634422999 0.18010579734790938 0.22308655438215985 0.2771440316056533 -9999 -9999
-9999 -9999 -9999 -9999 -9999 -9999 -9999 -9999 -9999 -9999 -9999 -9999 -9999 -9999 -9999 -9999 -9999 -9999 -9999 -9999 -9999 0.7045254458163418 0.7086874937338823 0.6851164260872826 0.6054888389230291 0.5642479872497275 0.5626468078236384 0.6070199613071936 0.6073372374213581 0.5211401844802175 0.4787712707857333 0.5116588571951735 0.5627701591898826 0.5153656820289083 0.446946685339318 0.3934614097783297 0.3934048026392779 0.397476410227651 0.3726144390199953 0.3995256656567595 0.3914508486464726 0.3609825001203344 0.3635910185857065 0.3199411771756868 0.28321184443631586 0.2612254615014208 0.21571553721763867 0.20669966249847596 0.24629692578720985 -9999 -9999 -9999
-9999 -9999 -9999 -9999 -9999 -9999 -9999 -9999 -9999 -9999 -9999 -9999 -9999 -9999 -9999 -9999 -9999 -9999 -9999 0.7124693905655755 0.7282293883776976 0.7578437613479274 0.7549717308882743 0.7290468411919804 0.6563064010647655 0.5355946512327757 0.5262736413729893 0.5669162689019434 0.5664448591763842 0.5578481259294015 0.5374274123253829 0.5016077935178871 0.4571273280267394 0.3440095510555234 0.3342371882782511 0.3419057381206177 0.32966705342031893 0.3272699479539434 0.3238153067644718 0.35374146172390664 0.37566542417095344 0.31354734163672304 0.3076749394648475 0.2800578319466234 0.2858620614790932 0.2449405034087811 0.2679636276334255 0.3044881871540393 0.33003626441937883 0.34731226192302056 0.37579732109466746 -9999
-9999 -9999 -9999 -9999 -9999 -9999 -9999 -9999 -9999 -9999 -9999 -9999 -9999 -9999 -9999 -9999 -9999 -9999 0.6248483968381984 0.6840867690827049 0.7020743035654831 0.7158037590620495 0.7127561298880931 0.6637074101484418 0.6212352739034603 0.5906115985532523 0.5208106430262148 0.4560220144855058 0.4222371646723907 0.4513316111471098 0.43362295916656 0.4001982056499436 0.4157728178815556 0.366984854604868 0.3514084769289112 0.33360385388620145 0.2853970276954719 0.2747706330850785 0.2946596474560138 0.3309039879032719 0.3340360874271115 0.3016140886549024 0.29447671484784144 0.2947298804175239 0.2666273617111268 0.26603895570602 0.2781307015689417 0.32314163492080217 0.3369364650613673 0.3553886233572545 0.3884135604175739 -9999
-9999 -9999 -9999 -9999 -9999 -9999 -9999 -9999 -9999 -9999 -9999 -9999 -9999 -9999 -9999 -9999 -9999 0.6409395568973532 0.6793478992542916 0.6426720647736197 0.6192663907659752 0.5789967545330046 0.5832668714420317 0.5704164984379211 0.539372062785487 0.5242249706944442 0.5291566001543397 0.567928901203437 0.5159555439878987 0.4814578194149122 0.470868136351891 0.43066797075699625 0.4075669917046824 0.3526150219584211 0.3335621868512396 0.2684641634708038 0.2301752195667691 0.19749885095553588 0.2310815259373219 0.2242610379160152 0.2433732567475393 0.2534437530134392 0.2845222074456432 0.30862766933727737 0.31436264617610554 0.3162809848474285 0.3317990597968125 0.3551332956251786 0.35112668325930263 0.33284487266242946 -9999 -9999
-9999 -9999 -9999 -9999 -9999 -9999 -9999 -9999 -9999 -9999 -9999 -9999 -9999 0.5337007079799869 0.5180571605256881 0.5930303367987033 0.6137055390021595 0.6472689838289053 0.6917110468227463 0.7208451224988031 0.6728889900711351 0.5781632620596592 0.522432419581818 0.4990072151767582 0.5292205614382621 0.5747266714269523 0.5298467523790913 0.53947220112273 0.4443963309022239 0.4711069419862732 0.4773166480251641 0.3757507176705703 0.3692231820417717 0.3186638864154365 0.2875362175545325 0.271383875426554 0.2587764773236957 0.2436332553706601 0.2482899642137989 0.2502308630836609 0.2404411014339416 0.2870627254970933 0.32147336486088884 0.35029692455124817 0.34673918438930745 0.36349170333428704 0.3873884586574667 0.3658261546169829 0.3756847500558974 0.3882178630694986 0.4023360838727296 -9999
-9999 -9999 -9999 -9999 -9999 -9999 -9999 -9999 -9999 -9999 -9999 -9999 -9999 0.5293601079599182 0.5337338035371789 0.5758104185230479 0.633232638942212 0.6769372969228101 0.6580982918430343 0.6021611777904455 0.5412929580108928 0.5069243735769009 0.4942646496761781 0.4913580973756522 0.5126112273134779 0.547304421991068 0.5598826194292267 0.5145827493281718 0.4962712296702942 0.4826555393539434 0.4507804450568075 0.4148358599367512 0.33451266928343537 0.23462423308982336 -9999 -9999 -9999 0.19318738523744003 0.20118732164295847 0.2138388903979156 0.2559624573028525 0.3105947360427155 0.3353628790258508 0.3438354127210779 0.3438392835704762 0.3361359435396091 0.3332511222942303 0.39536736665258976 0.3911129022828783 0.4008999504477527 0.3982038451755495 0.4079710164802931
-9999 -9999 -9999 -9999 -9999 -9999 -9999 -9999 -9999 -9999 -9999 -9999 -9999 0.6150410466264168 0.6369644399420553 0.5813486880378322 0.5795828850775753 0.5189987270306127 0.4994883449601002 0.5234742084391882 0.4953811604618328 0.5025448085312023 0.5066694318031186 0.5326247896957955 0.487610673661549 0.4611860864985132 0.4280589654965123 0.4458364490093284 0.4750798862683285 0.4378857721523909 0.4368001745309021 0.38346096654105 0.3789941623884258 0.3064968863083658 0.23568004963166936 0.19232543585584214 0.1921805035938452 0.21888700005571088 0.21648285342659668 0.19098823279937566 0.2516568863002926 0.310359965696021 0.36634125665737616 0.3896642994068854 -9999 -9999 -9999 -9999 -9999 -9999 -9999 -9999
-9999 -9999 -9999 -9999 -9999 -9999 -9999 -9999 -9999 -9999 -9999 -9999 -9999 0.5414680383548094 0.5700584051819961 0.5643677007330706 0.5806996998766751 0.5080814111907075 0.5389322133435346 0.5945527759230218 0.5980532938022101 0.5600835226897367 0.4803681519911159 0.4338995921398128 0.4059613353268854 0.3623597263651828 0.3556304132192848 0.3527579850030997 0.35118353143971426 0.35987720772997633 0.3570830659938924 0.3656351734374366 0.3200605520429911 0.2612909752705612 0.22269387963693987 0.1995473982187196 0.2256190723897069 0.2277280110913109 0.2501294705906911 0.26416497305289777 0.289930714900466 -9999 -9999 -9999 -9999 -9999 -9999 -9999 -9999 -9999 -9999 -9999
-9999 -9999 -9999 -9999 -9999 -9999 -9999 -9999 -9999 -9999 -9999 -9999 0.46600379149350396 0.5536053662082807 0.5373393845913201 0.5190775644648766 0.4894784732195811 0.5304755420148238 0.4980670551951571 0.5599752801758102 0.5567096519776316 0.5475065181747621 0.5484643796246095 0.44807281485678857 0.3955083609434652 0.35973689390098873 0.31800259543919673 0.3040925372015805 0.3401967045457261 0.3977931925485758 0.38565924558595344 0.3438263808937021 0.32141451202421106 0.25421619802252543 0.2294844001893093 0.23469255964609045 0.2492252380717937 0.2445610380221601 0.2517081061984489 0.2582565539304355 0.30181202939182805 -9999 -9999 -9999 -9999 -9999 -9999 -9999 -9999 -9999 -9999 -9999
-9999 -9999 -9999 -9999 -9999 -9999 -9999 -9999 -9999 -9999 -9999 0.4858124919483026 0.5092200563662159 0.4722022839548154 0.4631537681946904 0.4540562253309474 0.4450498769273634 0.4742918114078882 0.5311731717282813 0.5387205478375976 0.5207671712597903 0.44996872322894577 0.38836592330204855 0.3872026569895126 0.4040615482967369 0.3948696859068471 0.3896529737054134 0.3702769612663319 0.3727707196944137 0.36145415750841225 0.3560633053893726 0.34104532955505684 0.33123414336219603 0.2920714097685785 0.2773451206618067 0.2527040680142412 0.2584847859955828 0.240690263622093 0.2510226926188463 0.2735533762916336 -9999 -9999 -9999 -9999 -9999 -9999 -9999 -9999 -9999 -9999 -9999 -9999
-9999 -9999 -9999 -9999 -9999 -9999 -9999 -9999 -9999 -9999 0.6179997201621397 0.5067127039403027 0.3922428827842261 0.3497732927625433 0.4068529532902633 0.4759900597142046 0.5313351671745706 0.5431434278067142 0.5218521992427446 0.5264079067932466 0.5073050973053643 0.4217725882181528 0.3964281475573568 0.40685892434875703 0.4148223405183569 0.4170092401720363 0.4036806183472593 0.39352534476034906 0.37454986682580943 0.3343193762507347 0.3317524987120277 0.2925529385646803 0.2967236431966407 0.28994188151448136 0.2787826611853831 0.2395315303203789 0.2433090036949976 0.24143026611797105 0.27167244154626136 -9999 -9999 -9999 -9999 -9999 -9999 -9999 -9999 -9999 -9999 -9999 -9999 -9999
-9999 -9999 -9999 -9999 -9999 -9999 -9999 -9999 -9999 -9999 -9999 -9999 0.5252518485792965 0.556696750323606 0.5742774602230634 0.5695851178921287 0.525764580253989 0.4843926192790246 0.4649043202881282 0.4351193724716352 0.4179374866342915 0.41430642714434696 0.4091861202652841 0.4116153213438681 0.4287424739828365 0.4339341914681339 0.407471159383494 0.37975208757655377 0.3741027066024661 0.32626736293640224 0.3147569883779812 0.2860444073881914 0.2569547538159632 0.2556121783812223 0.22506569063893989 0.2210450998977109 0.1897553105348377 0.18841658953009832 0.21131217316539 0.26162880241947306 -9999 -9999 -9999 -9999 -9999 -9999 -9999 -9999 -9999 -9999 -9999 -9999
-9999 -9999 -9999 -9999 -9999 -9999 -9999 -9999 -9999 -9999 -9999 0.492982033699214 0.4519942759901817 0.4853394357257204 0.526457588472957 0.5469061777895274 0.5095465513706195 0.4582142979786658 0.43333069490331205 0.4045520337800995 0.4089079673469152 0.40382155374017015 0.4021979766092424 0.4133955381375323 0.4133553264485642 0.384210775820432 0.3615238514950436 0.3763075073064174 0.36913203245530535 0.3384764999805279 0.334584299946747 0.3128081455744618 0.2826564371067625 0.2469205181625723 0.2221179769995148 0.2061035500326725 0.18168066603297986 -9999 0.1992583874915592 -9999 -9999 -9999 -9999 -9999 -9999 -9999 -9999 -9999 -9999 -9999 -9999 -9999
-9999 -9999 -9999 -9999 -9999 0.5546898517453772 0.5848384890217473 0.5345387140608903 0.5155192766710626 0.5237423751151632 0.4662503111170028 0.5146451479741058 0.52625401064831 0.4728440331127549 0.4415343365270157 0.39835345697601177 0.3614257012392569 0.3678210683085643 0.3411802488754757 0.3166062237354337 0.3348271629516673 0.3278929722776067 0.3397439994658852 0.3364363524722629 0.33487600588365185 0.31045511221628963 0.3180373821727897 0.2969999329720948 0.3127993323671973 0.3100424852543319 0.3213668482015565 0.27714003560185096 0.25882193790162755 0.2400050132827004 0.28432870299700963 0.2892214310806037 0.3073605810686637 0.29614786552400185 -9999 -9999 -9999 -9999 -9999 -9999 -9999 -9999 -9999 -9999 -9999 -9999 -9999 -9999
-9999 -9999 -9999 -9999 0.5734049001750224 0.554175907149011 0.5596335588098943 0.5476854225016534 0.4785736392034664 0.47429248889552506 0.4171552705441016 0.40890316666307897 0.3985673633040558 0.33396348598219194 0.3330517740270493 0.2821143161563576 0.27466639178213964 0.27643439281481125 0.29898641371758106 0.3242646109651216 0.3059471950974915 0.26622675241525884 0.2985197214118712 0.2694382001840413 0.2697907583445238 0.2994648402503484 0.29662933217054266 0.3027367815168578 0.3233575097655146 0.3362785242108885 0.3496746057232839 0.3146008540716926 0.2688849808838258 0.2874644854094067 0.3202900275436763 -9999 -9999 -9999 -9999 -9999 -9999 -9999 -9999 -9999 -9999 -9999 -9999 -9999 -9999 -9999 -9999 -9999
-9999 -9999 -9999 0.30106003004321075 0.32588913925968666 0.4587341986890001 0.3670557990394031 0.3358907799783676 0.3523012045613981 0.3276391667220308 0.32726569507059666 0.3790732255858195 0.3623347679190917 0.28758750901598146 0.27142640837003706 0.2630999250532389 0.25182577849488874 0.2319517507275629 0.23685182245071296 0.2421246678129447 0.2165115908301808 0.2162628829822684 0.21648137025952213 0.21575073524295604 0.2061992166027425 0.25686288221934617 0.28812134421999336 0.3008353351494699 0.3035060863464351 0.3589150023440404 0.4036424272789961 -9999 -9999 -9999 -9999 -9999 -9999 -9999 -9999 -9999 -9999 -9999 -9999 -9999 -9999 -9999 -9999 -9999 -9999 -9999 -9999 -9999
-9999 -9999 -9999 -9999 0.19833096325762614 0.22555508645184014 -9999 0.26529962205006163 0.3707824612576521 0.3090772564872535 0.2848955035935983 0.27395382135436064 0.3344463616574778 0.2627260697127881 0.2498301662371463 0.2676361229544965 0.2423601457988715 0.22324244416172798 0.2402931025200896 0.2421942443910293 0.2260811674233452 0.1982627904114343 0.21437778735610885 0.23637457277089546 0.25379974242869696 0.2839944752584457 0.3176065680620045 0.3260511483067497 0.3642058351640094 -9999 -9999 -9999 -9999 -9999 -9999 -9999 -9999 -9999 -9999 -9999 -9999 -9999 -9999 -9999 -9999 -9999 -9999 -9999 -9999 -9999 -9999 -9999
-9999 -9999 -9999 0.3696760249195836 0.4016399944489698 0.2465797720425419 0.2629677099946733 0.2635297487067861 0.2568880781914875 0.2442547303899547 0.21129261488651446 0.18626307761576194 0.23094320388057174 0.2512591402455763 0.27340005407962953 0.3013671891372959 0.2623582948372901 0.2554883526281676 0.2297807637550119 0.2129139879932801 0.21656587089582824 0.26151944426772505 0.2876125667366595 0.3024654748916797 0.3217247594899033 0.34575758058786543 0.3930484598934925 0.3732435939414686 -9999 -9999 -9999 -9999 -9999 -9999 -9999 -9999 -9999 -9999 -9999 -9999 -9999 -9999 -9999 -9999 -9999 -9999 -9999 -9999 -9999 -9999 -9999 -9999
-9999 -9999 -9999 0.33779515577294866 0.3484453693800217 0.3038493113811789 0.33664426757547805 0.36393432648343 0.3090116679168451 0.21870335184728654 0.2057727148197771 0.2072195893978105 0.2412061571960788 0.2547523101941695 0.268644583351312 0.2792928703392966 0.27801144662869737 0.26764727289280543 0.2581077008848544 0.2463515215720921 0.2927995435911136 0.32578245809954665 0.3255649034875291 0.3332406439981044 0.3496362144383902 0.37772353739374015 0.4807928783460063 -9999 -9999 -9999 -9999 -9999 -9999 -9999 -9999 -9999 -9999 -9999 -9999 -9999 -9999 -9999 -9999 -9999 -9999 -9999 -9999 -9999 -9999 -9999 -9999 -9999
-9999 -9999 -9999 -9999 0.3998812739864425 0.4531605232665914 0.43070791347225146 0.37574847797148025 0.3478994771591142 0.21847499605708992 0.21635708398041764 0.20958170782043056 0.2471753746564231 0.2586468306083629 0.2978685395139258 0.32659734259929285 0.30194047009109937 0.3034320863501795 0.3175742467721911 0.3325648954575565 0.3426727740176354 0.3361626520771325 0.3635387028324698 0.3870102920102091 -9999 -9999 -9999 -9999 -9999 -9999 -9999 -9999 -9999 -9999 -9999 -9999 -9999 -9999 -9999 -9999 -9999 -9999 -9999 -9999 -9999 -9999 -9999 -9999 -9999 -9999 -9999 -9999
-9999 -9999 -9999 -9999 0.30522183003871506 0.38052092173026375 0.3947297230802044 0.4065339863015351 0.3608831414159683 0.27054847069621385 0.2099357184780123 -9999 0.2228337444646718 0.261919645987307 0.2667691691270366 0.26946176690065776 0.2665235694433881 0.29408430995989504 0.30219893205813364 0.30929197090360183 0.3143390216686021 0.308940692032283 0.3524480538181788 0.4027502826332818 0.5058993510736919 -9999 -9999 -9999 -9999 -9999 -9999 -9999 -9999 -9999 -9999 -9999 -9999 -9999 -9999 -9999 -9999 -9999 -9999 -9999 -9999 -9999 -9999 -9999 -9999 -9999 -9999 -9999
-9999 -9999 -9999 -9999 0.3944204630904323 0.3989929104860982 0.4129593879864015 0.32595817191587906 0.2696548260892144 0.2678697647899865 0.2658963452806425 0.27138954743251753 0.2978350211857015 0.27374530217118875 0.2481175143945461 0.20722884163064165 0.20951262769616008 0.2054484961195204 0.23063920029248602 0.25282702736755003 0.2773191769226401 0.2988138182319755 0.31472014094811845 0.3578248723376979 -9999 -9999 -9999 -9999 -9999 -9999 -9999 -9999 -9999 -9999 -9999 -9999 -9999 -9999 -9999 -9999 -9999 -9999 -9999 -9999 -9999 -9999 -9999 -9999 -9999 -9999 -9999 -9999
