metrics/grid_rasters/ASCAT 12.5 TS/grideval_ASCAT 12.5 TS_S_summer_absolute_bias.asc
ncols 52
nrows 55
xllcorner     11.25
yllcorner     55.25
cellsize      0.25
NODATA_value  -9999
[rows 0 to 28 of 55, columns 0 to 51 of 52]
-9999 -9999 -9999 -9999 -9999 -9999 -9999 -9999 -9999 -9999 -9999 -9999 -9999 -9999 -9999 -9999 -9999 -9999 -9999 -9999 -9999 -9999 -9999 -9999 -9999 -9999 -9999 -9999 -9999 -9999 -9999 -9999 -9999 -9999 -9999 -9999 -81.65094812288423 -81.2540362685157 -83.53152224308695 -9999 -9999 -9999 -9999 -9999 -9999 -9999 -9999 -9999 -9999 -9999 -9999 -9999
-9999 -9999 -9999 -9999 -9999 -9999 -9999 -9999 -9999 -9999 -9999 -9999 -9999 -9999 -9999 -9999 -9999 -9999 -9999 -9999 -9999 -9999 -9999 -9999 -9999 -9999 -9999 -9999 -9999 -9999 -9999 -9999 -9999 -9999 -9999 -9999 -83.06242728780072 -86.54689526929235 -87.00306732841725 -85.8842171996733 -84.45398002109312 -84.45440726506905 -9999 -9999 -9999 -9999 -9999 -9999 -9999 -9999 -9999 -9999
-9999 -9999 -9999 -9999 -9999 -9999 -9999 -9999 -9999 -9999 -9999 -9999 -9999 -9999 -9999 -9999 -9999 -9999 -9999 -9999 -9999 -9999 -9999 -9999 -9999 -9999 -9999 -67.80189353195685 -67.84816874213949 -72.18568270271996 -75.37663816300272 -75.13507607169194 -71.44336334192677 -71.79615404148758 -9999 -77.06800694941609 -83.38781114238816 -87.5856605377014 -88.02933701618372 -87.25128294299867 -87.2564929100889 -86.33942428373764 -85.93724226581129 -86.06656438652412 -87.03268268295336 -87.03749184939807 -9999 -9999 -9999 -9999 -9999 -9999
-9999 -9999 -9999 -9999 -9999 -9999 -9999 -9999 -9999 -9999 -9999 -9999 -9999 -9999 -9999 -9999 -9999 -9999 -9999 -9999 -9999 -9999 -9999 -9999 -9999 -9999 -9999 -67.28902961413219 -70.90237626965106 -73.49288926747812 -72.98636375718571 -70.5940599894123 -70.6606737780881 -69.46584251699151 -71.81600778489162 -76.34508349274729 -80.04280084897803 -82.61165045896614 -82.61331665397397 -84.37635473726202 -85.15625426524524 -84.84929890685109 -85.1493292010627 -84.62907149970027 -84.63306604850682 -84.94691268278812 -85.33556224056308 -85.9461127795924 -9999 -9999 -9999 -9999
-9999 -9999 -9999 -9999 -9999 -9999 -9999 -9999 -9999 -9999 -9999 -9999 -9999 -9999 -9999 -9999 -9999 -9999 -9999 -9999 -9999 -9999 -74.08724864500391 -77.2851023882417 -74.0099062830138 -73.1830971439869 -73.28868175576581 -75.16994310711284 -78.49591762654319 -80.45960065453937 -76.91828962612415 -76.2893724935973 -77.54957829830558 -76.06500068556824 -77.58289071555436 -79.77990745635887 -77.83100405293075 -78.06272787551903 -79.08452608802409 -80.22826535666593 -82.37968896653909 -84.7263498799934 -85.71554412351799 -84.66952678550696 -83.44921324276245 -82.90719179878987 -83.04880186134041 -83.35727306385384 -82.92699955687341 -9999 -9999 -9999
-9999 -9999 -9999 -9999 -9999 -9999 -9999 -9999 -9999 -9999 -9999 -9999 -9999 -9999 -9999 -9999 -9999 -9999 -9999 -9999 -9999 -76.78816252634034 -76.78997129170823 -78.62606742588906 -76.24104498174344 -75.11717473185588 -72.36805339477891 -72.54364993087748 -74.28388089334078 -74.28692325946959 -78.07985645219513 -81.86155818036555 -83.69031151301358 -84.59747508302468 -83.89117171136985 -82.60490951883165 -82.60548351577471 -80.47229887939135 -79.61259092582831 -80.95860831652081 -82.05730723711737 -83.25968390052878 -83.26137607765436 -85.1100577936739 -85.43739235994599 -84.98239883070886 -84.45410361045934 -83.6810977149456 -80.71347168775841 -9999 -9999 -9999
-9999 -9999 -9999 -9999 -9999 -9999 -9999 -9999 -9999 -9999 -9999 -9999 -9999 -9999 -9999 -9999 -9999 -9999 -9999 -9999 -70.04525653378538 -75.22205057525584 -76.7144098152773 -76.3340243835847 -74.61549057403076 -71.12195124899816 -71.12242073705163 -69.13874577777203 -69.8050592436097 -71.30240553243166 -75.46802587105695 -80.09145204943937 -82.77410145842195 -82.78143351698188 -84.4737588886261 -82.97548898483247 -79.85575917860552 -77.36598768048745 -78.33424713749937 -78.80409059092581 -78.8004663237905 -79.96261109302216 -81.46739430900429 -82.65607534950783 -83.83781726452007 -84.6090443151605 -84.12812616682605 -84.13407032326651 -83.21157934211686 -81.40667972519994 -9999 -9999
-9999 -9999 -9999 -9999 -9999 -9999 -9999 -9999 -9999 -9999 -9999 -9999 -9999 -9999 -9999 -9999 -9999 -9999 -9999 -9999 -9999 -72.27191308534026 -74.45735027990929 -74.4614612542748 -76.00807038100963 -74.23553813059864 -72.5396666081842 -73.38296815197309 -75.00405493696314 -76.96156738271533 -76.90383281612657 -76.37594436199343 -78.64469001427156 -82.49374008297252 -84.85596589735646 -84.23905801774407 -80.99802216506414 -78.35814279924445 -78.36245810978085 -77.86260816152365 -78.14832295956549 -78.83409363878637 -79.63191006010942 -80.68518271118424 -80.3383408260528 -80.34008305651871 -79.93179262978684 -79.45587948832815 -77.98268739703275 -9999 -9999 -9999
-9999 -9999 -9999 -9999 -9999 -9999 -9999 -9999 -9999 -9999 -9999 -9999 -9999 -9999 -9999 -9999 -9999 -9999 -9999 -75.01107441483232 -76.95417989825259 -77.93592229755181 -77.76073722736417 -78.7017909337164 -77.78946887278408 -75.61380966952116 -72.90188726210965 -72.89932204746434 -71.70430724108846 -72.47422864684934 -73.86535025346944 -74.2277533075406 -75.31011175895001 -76.97889223422041 -79.60370713920646 -79.60128088365362 -81.76779275147338 -82.1904275827383 -80.97007949666363 -79.07976709619085 -77.24382968690469 -75.49756391474115 -76.3718239365836 -76.3728916863174 -75.31799501349118 -74.48450908282723 -75.03552176600091 -75.26007304070758 -75.07526841392736 -74.42729252115222 -74.70044572585473 -9999
-9999 -9999 -9999 -9999 -9999 -9999 -9999 -9999 -9999 -9999 -9999 -9999 -9999 -9999 -9999 -9999 -9999 -9999 -79.16139815066184 -79.8622047018959 -80.9284194523238 -80.78244395176627 -80.87122622017407 -79.62960657132739 -79.08723493498094 -78.65431600847259 -78.66736714855139 -78.27362581066448 -78.25755442399796 -78.6226053778237 -78.05515430521139 -77.07198837402613 -76.34641572661882 -75.74271817584102 -75.1023742129527 -75.10204686139066 -75.26246108399144 -76.95280055863233 -78.17635211032592 -78.68304155406537 -76.77633145733974 -73.9980441648942 -72.82262357751915 -71.41216297766906 -71.41720343685957 -71.31062513667237 -71.1197654581716 -71.63729693604272 -72.37211237963955 -71.78381011017589 -71.50553780345334 -9999
-9999 -9999 -9999 -9999 -9999 -9999 -9999 -9999 -9999 -9999 -9999 -9999 -9999 -9999 -9999 -9999 -9999 -80.8225921962053 -81.54784467195364 -81.7919843780523 -80.29373045190711 -79.31760357310833 -79.32095636261907 -76.49836921500564 -74.14834330279386 -72.498405297141 -72.10195936558641 -71.97745782112929 -73.5467114733588 -75.1077295733178 -75.26946479564128 -75.27144683726785 -73.51834356578813 -72.07783052214636 -71.8480187087183 -71.51229662119484 -72.1106572573389 -71.66768567943389 -72.15481434158416 -72.41999347976396 -72.4172835065529 -72.41708444558978 -73.33343010804342 -73.1092462351362 -71.56728027193176 -69.74258374455734 -68.4511737576625 -69.53551702341042 -69.64231779379753 -70.39614818982645 -9999 -9999
-9999 -9999 -9999 -9999 -9999 -9999 -9999 -9999 -9999 -9999 -9999 -9999 -9999 -73.85696832160727 -75.78592473254263 -80.19168345094063 -84.12645593414153 -84.12709731481554 -84.28573489142377 -83.26212288493352 -81.20730328838766 -79.83934749943667 -76.69828837529882 -72.87690472696043 -70.89851075990798 -71.59586894281303 -70.60779059556559 -70.6026453979445 -70.80632478720419 -70.98007055631219 -72.6817772274215 -73.32930227921248 -71.7232477797378 -70.23100474560086 -70.88029280254514 -73.58590588528504 -73.04273571958099 -72.72435890745065 -72.72517578321259 -71.16690612474693 -69.41658759453745 -69.12078973305489 -69.92033592420317 -69.16188757785051 -68.69086065987872 -69.50721721466562 -69.814731122044 -70.26101090259989 -70.25879027296216 -71.5769692027276 -70.37427861914385 -9999
-9999 -9999 -9999 -9999 -9999 -9999 -9999 -9999 -9999 -9999 -9999 -9999 -9999 -71.97840168167765 -73.28865016939992 -76.50099161323374 -80.01122248798961 -82.94162219778619 -82.17783908782691 -79.90828693651646 -76.54436684565917 -74.07945261080019 -71.81908652610021 -71.8212322882347 -72.00903783735626 -72.38836640461146 -73.6933065997052 -73.89826899051313 -73.2498523059753 -74.1333911251937 -73.54056816897383 -73.66998767845524 -73.8218659048774 -75.13955587273357 -75.14604551761738 -75.65208066097301 -75.11128487808264 -74.14171671841349 -72.91578088261706 -70.95263406190031 -68.79462898366168 -69.34015786257065 -69.7206418581855 -69.02099765968221 -70.08741799824125 -70.0851639395673 -71.14459243440065 -71.78387715185728 -72.24869076901622 -71.36755546255658 -72.42829622046882 -72.94614835432027
-9999 -9999 -9999 -9999 -9999 -9999 -9999 -9999 -9999 -9999 -9999 -9999 -9999 -78.78619870954591 -79.4511396883753 -75.77916025330713 -74.49275129207597 -74.00454418353557 -73.1772185283573 -74.65911281442426 -72.84408253371187 -71.00829143383442 -70.56230922927362 -70.93205043426269 -72.7417609516642 -74.95350253950774 -78.88555950154316 -79.68612173771577 -78.71165009856153 -77.10815006344811 -77.11217405839501 -77.2080763084647 -76.28184971863789 -76.39862485655198 -76.687825084912 -76.46491306346431 -74.84035718060737 -74.58277617196634 -73.01383317248204 -73.92339508202367 -73.95791329495425 -72.96080831921009 -70.79980694822912 -62.50222200753351 -9999 -9999 -9999 -9999 -9999 -9999 -9999 -9999
-9999 -9999 -9999 -9999 -9999 -9999 -9999 -9999 -9999 -9999 -9999 -9999 -9999 -82.90619100630023 -83.15457219695763 -81.12257204704014 -77.55054162795805 -73.51625718681073 -72.12201573077819 -71.67715572899985 -72.49553046207356 -73.8743659637476 -73.84391064514966 -73.98465425878018 -74.10339829970793 -76.23239462981053 -77.95840591867868 -78.14999039821788 -78.14977260039349 -77.29494945079485 -76.97623906256631 -76.60827161872284 -77.01652093355726 -76.71736439975882 -76.28440950250081 -74.72466785633982 -73.35000869140862 -72.87564593477623 -73.83615561080758 -75.08921054253116 -74.11657880064166 -9999 -9999 -9999 -9999 -9999 -9999 -9999 -9999 -9999 -9999 -9999
-9999 -9999 -9999 -9999 -9999 -9999 -9999 -9999 -9999 -9999 -9999 -9999 -81.84351017455006 -81.76066379924815 -80.64333213014622 -77.20918054098733 -73.54725240044421 -71.72587097264949 -71.88994825157576 -71.76344459960634 -73.52930784467526 -73.52822859976595 -74.91731042955992 -74.53156217580404 -75.10115653567641 -76.83916739634859 -78.15106467086747 -77.56276343200744 -75.88183556852522 -75.28016121754068 -75.30148719934681 -75.46354404048941 -76.16890504892305 -76.43625528778621 -76.29972442829352 -74.43230274763441 -73.31084985233063 -73.31223682548243 -74.87146428700237 -75.67093567705975 -73.3762035901118 -9999 -9999 -9999 -9999 -9999 -9999 -9999 -9999 -9999 -9999 -9999
-9999 -9999 -9999 -9999 -9999 -9999 -9999 -9999 -9999 -9999 -9999 -74.34287197893418 -74.31163870864667 -76.07226527204358 -77.85001418658115 -74.70350569762192 -71.33046460790497 -70.98965984769916 -71.5102176223153 -72.80409459626581 -74.01103444544283 -75.51015668148374 -76.7151186270637 -76.59400330350748 -76.98167570884598 -76.80877293666244 -78.04423714869931 -76.79971626855819 -75.86222253764663 -75.43881862039201 -75.25229789855256 -75.25283194336332 -75.0856650833397 -75.73308655626946 -76.39636826471842 -76.27126549029457 -74.69278372333659 -74.76290443107612 -73.6404741660627 -67.29390399920155 -9999 -9999 -9999 -9999 -9999 -9999 -9999 -9999 -9999 -9999 -9999 -9999
-9999 -9999 -9999 -9999 -9999 -9999 -9999 -9999 -9999 -9999 -74.57376067103354 -73.67231693104848 -73.14590111098602 -71.88372999827895 -70.13685857890131 -68.65640253143346 -70.24802571654774 -72.94985728460225 -73.986653909486 -76.06719633781732 -77.47660296496366 -78.89676917046003 -79.16215494495582 -78.6817324304475 -78.73318564403927 -77.92736389118944 -78.22249876589086 -77.73982113546168 -78.0002126754497 -77.4558332126943 -76.79410521297591 -76.07651083142274 -74.89421110039082 -76.17864050486385 -76.25526769385914 -75.21908239823634 -74.32088374041845 -71.93764982745611 -68.90565438876627 -9999 -9999 -9999 -9999 -9999 -9999 -9999 -9999 -9999 -9999 -9999 -9999 -9999
-9999 -9999 -9999 -9999 -9999 -9999 -9999 -9999 -9999 -9999 -9999 -9999 -74.25099649648526 -71.928164602898 -71.72196520880634 -71.72300587615129 -72.3525352697981 -73.56157555974963 -74.18463535860873 -74.93989036343952 -77.03504596471825 -78.02713089797145 -79.95029711453691 -79.46037760960715 -78.60339332952499 -78.51368035090492 -77.23738860688655 -77.10748488206718 -75.77012515763636 -75.6038896684779 -75.84501585664904 -75.00229874462289 -72.95424814718305 -71.05710949484242 -70.15297775490315 -70.80077993024351 -72.82657856214188 -72.4172447835243 -67.74118884440811 -57.44707206157962 -9999 -9999 -9999 -9999 -9999 -9999 -9999 -9999 -9999 -9999 -9999 -9999
-9999 -9999 -9999 -9999 -9999 -9999 -9999 -9999 -9999 -9999 -9999 -74.67402287123213 -74.1988941511709 -72.85965692202386 -71.09612855429008 -71.07427238041363 -73.21866368210078 -74.40717390094487 -74.94040475103351 -74.7891681243402 -76.2694588988623 -77.92599161707 -79.34599056526301 -78.34651895072518 -78.07639860380516 -78.64120667133326 -78.00853328636994 -77.33538264188829 -76.59869430920183 -75.26005708709792 -74.0311071297085 -72.41288387834807 -70.61790472615989 -69.36122894867853 -69.35980012020872 -70.40454427684381 -74.23010795402988 -73.68839377881515 -67.23370293165642 -9999 -9999 -9999 -9999 -9999 -9999 -9999 -9999 -9999 -9999 -9999 -9999 -9999
-9999 -9999 -9999 -9999 -9999 -82.99955682038072 -81.53884056482062 -79.17700490664808 -77.8862778166896 -74.2394560445332 -71.33314139524909 -71.13962746816617 -71.13665825462411 -72.08793463592511 -71.97381882378131 -71.97105010184433 -72.9284845710926 -74.54805435459686 -75.64728809456784 -75.09575597396432 -74.78813747251655 -75.41221431518755 -76.26362782989948 -77.56838184943891 -77.89152376651184 -76.85578691332525 -75.85869505167271 -75.78750391192355 -75.13794706829295 -74.57290671510353 -73.99230976871715 -72.65794623680914 -71.66505542090036 -70.3222681221721 -69.94850631079167 -69.63280981205166 -68.44319833062546 -61.221279054009784 -9999 -9999 -9999 -9999 -9999 -9999 -9999 -9999 -9999 -9999 -9999 -9999 -9999 -9999
-9999 -9999 -9999 -9999 -82.58736400297015 -80.91138999143959 -77.96977999001194 -74.96589855118584 -73.07683146350756 -72.7896812298718 -72.04326322391823 -71.51868982441012 -71.3316690023205 -72.70331077502064 -74.64035890959155 -75.45633516793485 -76.18959836765065 -76.90971067011847 -76.04444276241333 -76.14014765451559 -75.44890632796441 -75.60970083497033 -75.31652611741208 -76.62057291074723 -75.92621886323622 -74.92463542687995 -74.70218364180742 -75.51980856787706 -74.13406649194928 -72.85975608527669 -72.92572088982638 -71.89286534544782 -71.61659232635564 -68.7259831635943 -63.776896942491476 -9999 -9999 -9999 -9999 -9999 -9999 -9999 -9999 -9999 -9999 -9999 -9999 -9999 -9999 -9999 -9999 -9999
-9999 -9999 -9999 -81.85715795034908 -79.549805527453 -77.50410968430265 -76.15967238260356 -74.48764780071996 -73.92904495420841 -73.20561371722874 -72.4673760202599 -74.30653280179448 -75.02062083717266 -75.65510609742833 -76.77527093297905 -77.8233812453228 -76.94399756081378 -76.91561749703666 -76.54507903489633 -76.63325981345956 -76.28568296675752 -75.30382936012587 -74.18364776176902 -74.47949406704973 -73.57048135107307 -72.23737393279784 -69.56687077948035 -68.75223819924001 -67.82494422010485 -64.23819598988571 -58.68818324375084 -9999 -9999 -9999 -9999 -9999 -9999 -9999 -9999 -9999 -9999 -9999 -9999 -9999 -9999 -9999 -9999 -9999 -9999 -9999 -9999 -9999
-9999 -9999 -9999 -80.39590197806943 -77.98330858578225 -72.42486801703429 -72.0148651331151 -71.92830954867797 -72.97644467388749 -73.2264298911436 -73.31384410376837 -72.74593349321428 -73.83155526463025 -74.3464232463519 -75.70119378343402 -77.12502459734587 -76.50606232998827 -77.0852907094485 -75.82543955201417 -75.55219535277134 -75.44239947307774 -74.75409984769544 -73.86220182371306 -73.95611774654138 -73.8539501197167 -71.97402219978777 -69.64699621252355 -66.87248773150074 -62.714734403813324 -9999 -9999 -9999 -9999 -9999 -9999 -9999 -9999 -9999 -9999 -9999 -9999 -9999 -9999 -9999 -9999 -9999 -9999 -9999 -9999 -9999 -9999 -9999
-9999 -9999 -9999 -81.16977383468934 -81.5283727300251 -80.7820105563515 -75.93410542827601 -73.9575123173713 -76.6554965841012 -78.74706192286351 -79.27110740478591 -78.75949361734887 -75.05626200111477 -75.18350379490764 -74.76683709823996 -75.11983786955626 -75.43052652709575 -76.03361243853824 -75.68679054924418 -75.71718416132978 -75.92155347366753 -74.53220716673135 -74.09564287956358 -73.15978610534864 -70.0949861857206 -69.07121376913568 -64.70144296771832 -56.0533468215985 -9999 -9999 -9999 -9999 -9999 -9999 -9999 -9999 -9999 -9999 -9999 -9999 -9999 -9999 -9999 -9999 -9999 -9999 -9999 -9999 -9999 -9999 -9999 -9999
-9999 -9999 -9999 -81.26750159529446 -80.77107036670299 -78.5487705446368 -78.1254937247064 -79.6352264300092 -80.58279680138214 -80.91178801341333 -80.3954823790065 -78.6153875831396 -76.40395652064844 -75.61985874762483 -76.82198826467581 -76.29728469987431 -75.43808507095041 -75.1870649005088 -74.87858380942555 -74.91002852855421 -73.49996526499213 -73.00915914054599 -72.79535392157355 -72.04345321439209 -70.3088911058665 -66.371099015916 -58.48681518173301 -9999 -9999 -9999 -9999 -9999 -9999 -9999 -9999 -9999 -9999 -9999 -9999 -9999 -9999 -9999 -9999 -9999 -9999 -9999 -9999 -9999 -9999 -9999 -9999 -9999
-9999 -9999 -9999 -9999 -78.20527006232912 -77.85939632851044 -78.12506006883147 -78.66803965299272 -78.75808416404628 -79.53764442615311 -78.21406181190406 -77.64993870322823 -77.78566069182253 -77.08762503628351 -77.09795978324716 -77.33487695395549 -76.33450985003074 -75.97736419745732 -74.49789898236013 -72.83360695869841 -70.99940394080515 -69.82890231174903 -69.08155166897069 -63.896348933183525 -9999 -9999 -9999 -9999 -9999 -9999 -9999 -9999 -9999 -9999 -9999 -9999 -9999 -9999 -9999 -9999 -9999 -9999 -9999 -9999 -9999 -9999 -9999 -9999 -9999 -9999 -9999 -9999
-9999 -9999 -9999 -9999 -78.89287649431606 -81.26212063398516 -81.73476377722952 -81.13631634495299 -79.57484840138895 -78.00386750554019 -79.3037246347698 -79.99288107740988 -80.1234825518307 -78.70364898348784 -78.39682817848136 -77.18724509000056 -76.39259787441183 -75.62973650626388 -75.4550533564423 -74.78956216617162 -74.87282024521599 -73.36527176612472 -68.30104865715221 -61.92434801158023 -41.17654806918469 -9999 -9999 -9999 -9999 -9999 -9999 -9999 -9999 -9999 -9999 -9999 -9999 -9999 -9999 -9999 -9999 -9999 -9999 -9999 -9999 -9999 -9999 -9999 -9999 -9999 -9999 -9999
-9999 -9999 -9999 -9999 -82.7693557841709 -81.83267672909153 -82.19539009162129 -82.94857186421682 -82.85185152845649 -81.68912959282095 -80.73100259660032 -80.56596140891709 -79.52122939820345 -78.46903959064255 -77.91728019988619 -77.9403933297087 -77.79408619959628 -77.47375927514636 -76.32217852405266 -75.37929758042692 -73.4012399572692 -71.47030521994817 -69.61000628154314 -65.27929782792582 -9999 -9999 -9999 -9999 -9999 -9999 -9999 -9999 -9999 -9999 -9999 -9999 -9999 -9999 -9999 -9999 -9999 -9999 -9999 -9999 -9999 -9999 -9999 -9999 -9999 -9999 -9999 -9999
