metrics/grid_rasters/ASCAT 12.5 TS/grideval_ASCAT 12.5 TS_S_fall_absolute_bias.asc
ncols 52
nrows 55
xllcorner     11.25
yllcorner     55.25
cellsize      0.25
NODATA_value  -9999
[rows 0 to 28 of 55, columns 0 to 51 of 52]
-9999 -9999 -9999 -9999 -9999 -9999 -9999 -9999 -9999 -9999 -9999 -9999 -9999 -9999 -9999 -9999 -9999 -9999 -9999 -9999 -9999 -9999 -9999 -9999 -9999 -9999 -9999 -9999 -9999 -9999 -9999 -9999 -9999 -9999 -9999 -9999 -70.27171750699081 -69.86065511419493 -70.66477952063902 -9999 -9999 -9999 -9999 -9999 -9999 -9999 -9999 -9999 -9999 -9999 -9999 -9999
-9999 -9999 -9999 -9999 -9999 -9999 -9999 -9999 -9999 -9999 -9999 -9999 -9999 -9999 -9999 -9999 -9999 -9999 -9999 -9999 -9999 -9999 -9999 -9999 -9999 -9999 -9999 -9999 -9999 -9999 -9999 -9999 -9999 -9999 -9999 -9999 -68.65736951757737 -73.76968508441759 -73.57962127597867 -70.8144627592113 -67.47583242656049 -67.47538191222448 -9999 -9999 -9999 -9999 -9999 -9999 -9999 -9999 -9999 -9999
-9999 -9999 -9999 -9999 -9999 -9999 -9999 -9999 -9999 -9999 -9999 -9999 -9999 -9999 -9999 -9999 -9999 -9999 -9999 -9999 -9999 -9999 -9999 -9999 -9999 -9999 -9999 -66.0439854746249 -66.09283402074614 -68.35196936089811 -67.92300492238843 -63.52843182102006 -55.07299233365187 -52.584023237215575 -9999 -57.07152824977349 -65.1087236741577 -72.22432017455061 -73.29630033811016 -71.37869034400167 -71.37843281277318 -68.93907290157108 -66.7111828781055 -64.24626704175651 -63.65099076366364 -63.65174278137216 -9999 -9999 -9999 -9999 -9999 -9999
-9999 -9999 -9999 -9999 -9999 -9999 -9999 -9999 -9999 -9999 -9999 -9999 -9999 -9999 -9999 -9999 -9999 -9999 -9999 -9999 -9999 -9999 -9999 -9999 -9999 -9999 -9999 -71.19165887676266 -73.44803527861781 -72.0059110611832 -64.5607897752276 -54.39340402673424 -54.45259767365853 -48.90288812741485 -49.54232263665413 -53.61521261707675 -57.75462440640669 -61.61343094959474 -61.613814901647814 -64.9526845397223 -65.33895859097933 -63.71515570996184 -63.29894427044344 -61.71333695442261 -61.71416959917193 -61.127267089641656 -60.53615802732561 -60.74208447889521 -9999 -9999 -9999 -9999
-9999 -9999 -9999 -9999 -9999 -9999 -9999 -9999 -9999 -9999 -9999 -9999 -9999 -9999 -9999 -9999 -9999 -9999 -9999 -9999 -9999 -9999 -72.80419380265447 -76.11718050446568 -75.43023275075575 -74.71768245706951 -75.16189382157495 -77.32776445474076 -75.18673506619469 -73.40192698827539 -71.43940969875098 -63.98969550961724 -59.20802742928444 -53.97637530264717 -53.946953552736495 -54.638088130740435 -52.727984325211274 -52.032450660536604 -52.72189238565305 -53.31515201330099 -55.02221189116779 -56.02020379897217 -57.083101363544024 -57.582920238001826 -57.793648087960435 -58.1686502773977 -58.478187219449 -59.29638397998699 -60.023844197266534 -9999 -9999 -9999
-9999 -9999 -9999 -9999 -9999 -9999 -9999 -9999 -9999 -9999 -9999 -9999 -9999 -9999 -9999 -9999 -9999 -9999 -9999 -9999 -9999 -76.59701413433125 -76.59856740960974 -77.64603447999086 -75.3278824735763 -73.74581289820766 -68.82494372409528 -65.3754008159639 -61.70254862400418 -61.70188248454807 -61.29587477053497 -63.137664198622716 -64.18718943268811 -64.41168034612905 -61.5023985429799 -57.16337992872154 -57.16408821219511 -53.171937771403464 -51.80367520275246 -52.69180100174765 -54.07280806472331 -55.234672508909995 -55.23480681198237 -57.78128068258575 -59.237305534167064 -60.420153288871155 -61.035735902231686 -61.322680592782476 -59.097935184633464 -9999 -9999 -9999
-9999 -9999 -9999 -9999 -9999 -9999 -9999 -9999 -9999 -9999 -9999 -9999 -9999 -9999 -9999 -9999 -9999 -9999 -9999 -9999 -72.63447849354593 -76.06072785661414 -76.35280756046048 -77.77183075304212 -77.93985078672938 -72.33228579642308 -72.32966485935182 -64.38993795832195 -57.4784687057711 -53.72016404569149 -54.38612136489106 -56.926528821514275 -59.202467609626275 -59.20396804802106 -59.895512471410925 -56.997808859605094 -53.700127659063384 -50.54882090349702 -51.4034880532269 -52.053956916807 -52.0528344136329 -53.46942470028074 -55.40986746975472 -57.82178541326688 -60.36862002643827 -62.046300447570296 -62.168218777555225 -62.16883945728553 -61.68766676458022 -59.869639179513456 -9999 -9999
-9999 -9999 -9999 -9999 -9999 -9999 -9999 -9999 -9999 -9999 -9999 -9999 -9999 -9999 -9999 -9999 -9999 -9999 -9999 -9999 -9999 -73.02740752307324 -72.89702657541812 -72.8968223076631 -73.03929979197609 -70.43452951985317 -65.20889353932705 -61.70463958254844 -58.94729395420615 -57.70742959233314 -57.64628155686832 -54.40589630038063 -54.25072915930272 -55.26727217952754 -56.487894616578494 -55.8197618657676 -53.58518407388665 -51.593354721404715 -51.59401198987321 -52.19273529764186 -53.014943584692276 -54.45444906907027 -56.228120970741976 -58.74167690130243 -59.31879230048293 -59.31878824500043 -59.3990778173667 -59.15789027759083 -57.903130131011274 -9999 -9999 -9999
-9999 -9999 -9999 -9999 -9999 -9999 -9999 -9999 -9999 -9999 -9999 -9999 -9999 -9999 -9999 -9999 -9999 -9999 -9999 -71.96368800274712 -74.43932888792939 -75.73286400124988 -74.84448463319706 -73.22356009395278 -68.32590931722278 -60.28334975550068 -51.89709773517621 -51.89733696607118 -47.58606285308929 -47.2264170715335 -47.707224926047665 -48.55347948866475 -49.51629715830575 -50.726019129937995 -53.644414552505424 -53.6445602479817 -55.74211953810096 -56.436947208869384 -55.706556449302454 -54.58205093347555 -54.01517843742503 -54.048881807623225 -55.94720114084888 -55.94695376192657 -55.916325426047784 -56.10799761438989 -56.794332170813824 -56.95589945989647 -56.65359907791788 -55.85114441154754 -55.93524516444962 -9999
-9999 -9999 -9999 -9999 -9999 -9999 -9999 -9999 -9999 -9999 -9999 -9999 -9999 -9999 -9999 -9999 -9999 -9999 -76.06257224654814 -73.4952016587486 -71.4649286615075 -69.67234348187198 -68.07013641770631 -64.92937019823479 -62.48658380577889 -60.412838326335795 -60.414789447757975 -58.356541851787405 -56.08239934371421 -53.187172295403045 -51.26997606574734 -51.15975987581064 -51.59449170367545 -51.99392742805294 -52.717784394845 -52.718180717184545 -53.88279661447393 -55.96634072899599 -57.11241904699902 -57.650074955980116 -55.47920547079583 -53.95575030827505 -54.2105861465119 -54.51431270799932 -54.514778922610276 -54.642908573149306 -54.17332159222929 -54.411019099804 -55.14591170266464 -54.78490101047132 -53.75151259709465 -9999
-9999 -9999 -9999 -9999 -9999 -9999 -9999 -9999 -9999 -9999 -9999 -9999 -9999 -9999 -9999 -9999 -9999 -76.9126767660373 -75.35697987471474 -70.6899571946328 -62.6236989675869 -59.0448832799915 -59.04516363115997 -56.37655178988347 -54.11581118568439 -52.0172888580962 -50.762094610426296 -50.16609134452958 -50.62970877605874 -51.306281016732825 -50.55265556999324 -50.55428990422421 -48.91099773782471 -49.05640119731516 -50.10410752178255 -51.03315319311135 -52.27536431904169 -52.809318993564645 -53.8999984184431 -54.268176957441426 -54.08978109564334 -54.08829192486099 -54.903194528716924 -55.282298843474294 -54.900488019926776 -53.125837303220976 -51.91686581854885 -52.67048319664383 -52.560645954105965 -53.11536725859946 -9999 -9999
-9999 -9999 -9999 -9999 -9999 -9999 -9999 -9999 -9999 -9999 -9999 -9999 -9999 -68.16400840072012 -69.98318228760755 -73.75796290980188 -76.61889386240655 -76.61991283722786 -75.71157066345422 -72.31980859255289 -66.05143807620783 -59.71742686734136 -54.373284246162484 -50.30660130849322 -48.947835858668135 -50.174221519755065 -49.216746182753184 -49.21071150155678 -49.31942153948749 -49.81525133431616 -51.242949259446256 -51.64753800481943 -50.54203438572726 -50.389144522465045 -51.24367562803648 -53.48714832466487 -53.2665851232569 -53.500727908516595 -53.49984387465076 -53.01366930296253 -51.87882226582507 -51.8807661553787 -52.61497627969537 -52.04886255855093 -51.6738971674524 -52.06104653124326 -52.32321188293243 -53.124098267334816 -53.12306356284217 -54.41193406694361 -52.8824056448096 -9999
-9999 -9999 -9999 -9999 -9999 -9999 -9999 -9999 -9999 -9999 -9999 -9999 -9999 -68.11223415415891 -68.09718188681852 -69.64994438400403 -70.53088332609305 -71.50692682378654 -68.18031377423819 -62.9842469310668 -56.40235459320049 -51.68086336096447 -49.06153566745186 -49.062822359518044 -48.84169243251091 -49.64386230168112 -51.41610508305767 -51.89564885265111 -51.58899652282045 -52.223263937948154 -52.28111003853101 -52.686895871136564 -52.971635490431716 -54.2550347323099 -54.257367796762196 -54.952324847659256 -54.28271247059659 -53.78196006341111 -53.034568863820006 -52.418686116308024 -51.49811057165771 -52.30261575153331 -52.61620046037794 -52.131200560128605 -52.67284478839122 -52.671598439179526 -54.00719287980886 -54.528227812383044 -55.38305656921656 -55.45604293383085 -56.42844279861575 -56.958032527295074
-9999 -9999 -9999 -9999 -9999 -9999 -9999 -9999 -9999 -9999 -9999 -9999 -9999 -70.13192851616918 -68.3487652964737 -60.06381364929039 -54.3832059195347 -52.45217806527212 -51.737972032618494 -55.67251118207821 -52.574251569069204 -49.43691383594336 -49.002984020147146 -49.51707872456912 -51.4376916877028 -52.93996943526556 -55.928927898240296 -56.64696935031839 -55.587574173527926 -54.7629233310237 -54.99977400601747 -55.523303263140384 -54.82416109460646 -54.99102240074654 -54.92300496798642 -54.78708882462824 -53.205653649603136 -53.12141671637321 -51.9062574833849 -53.754933854117404 -54.897384591268136 -54.65791759402296 -54.137501708410475 -50.669740871848475 -9999 -9999 -9999 -9999 -9999 -9999 -9999 -9999
-9999 -9999 -9999 -9999 -9999 -9999 -9999 -9999 -9999 -9999 -9999 -9999 -9999 -71.91820634544537 -69.29391870874164 -63.33836444803382 -56.74191356238028 -50.59868162610879 -48.685835004208485 -48.59965829627728 -49.87112103976978 -51.47320355878464 -51.38083218842557 -51.638486912132215 -52.48867027275299 -54.159608710201475 -55.96581279786832 -56.650300472304345 -56.65062179001515 -55.99329675247704 -55.889160895361535 -55.91095462543967 -56.05630471669467 -55.69038761716003 -55.08011731721665 -53.87161336758253 -52.5709480383135 -51.91386311947512 -53.05149835365469 -55.05816619652926 -55.458622234469345 -9999 -9999 -9999 -9999 -9999 -9999 -9999 -9999 -9999 -9999 -9999
-9999 -9999 -9999 -9999 -9999 -9999 -9999 -9999 -9999 -9999 -9999 -9999 -77.20705671803866 -72.1988112603341 -65.90726503968622 -58.16534361504606 -51.85349355415443 -48.4976457873192 -48.75132283213549 -48.84020768781044 -50.68623843658637 -50.68780029872246 -52.15363627363823 -52.55185901671401 -53.194921722106116 -54.678295922136954 -56.15729153690669 -55.96281796524549 -54.942514121451005 -54.670488929738426 -55.230756327879064 -55.211674248754214 -55.72595700735933 -55.592384510203324 -55.698694760011215 -54.331516525419 -53.6288073943795 -53.62793654286693 -55.062893200046204 -55.853404484818924 -55.68497844943767 -9999 -9999 -9999 -9999 -9999 -9999 -9999 -9999 -9999 -9999 -9999
-9999 -9999 -9999 -9999 -9999 -9999 -9999 -9999 -9999 -9999 -9999 -67.63591077218476 -67.60149046755933 -67.82548801839596 -66.62239019467954 -59.271408819098035 -51.95630980750853 -49.63440192003677 -49.47474156450327 -50.551390841827725 -51.65566110063226 -52.50771271601453 -53.44845620329792 -53.18272634221633 -53.951365226800135 -54.50376544127729 -55.780954265153206 -55.699890420864534 -55.03282051605827 -54.79122414405323 -54.83116943062606 -54.83184467379016 -54.464311486447016 -55.318092119249926 -55.87381761012933 -56.02418130479163 -55.34106164876675 -56.00871380155135 -55.46666958298878 -53.13875488410631 -9999 -9999 -9999 -9999 -9999 -9999 -9999 -9999 -9999 -9999 -9999 -9999
-9999 -9999 -9999 -9999 -9999 -9999 -9999 -9999 -9999 -9999 -62.7056514231316 -60.74279338209868 -59.840317376430434 -57.662618216799906 -53.63534323240928 -50.026202768172894 -50.342546549235394 -52.5133846722705 -52.45103565403129 -54.33911404193989 -55.226491652577955 -56.95197252682842 -57.084211714687385 -55.94451967677839 -55.58678637011268 -54.8314775655498 -54.98227551497385 -55.212845375270646 -55.847594829127296 -56.278595486977466 -56.31199533698291 -55.95010285759267 -55.3425763461874 -56.3496384212621 -56.22043915145309 -56.05639838193787 -55.99678505692661 -54.35947891694651 -53.09304083231469 -9999 -9999 -9999 -9999 -9999 -9999 -9999 -9999 -9999 -9999 -9999 -9999 -9999
-9999 -9999 -9999 -9999 -9999 -9999 -9999 -9999 -9999 -9999 -9999 -9999 -54.57337337450474 -53.1100916577327 -53.13732761333226 -53.13916060013514 -53.776365890303786 -54.36145331300674 -54.94560484162225 -55.03833288137734 -56.581169832757155 -57.3953968295101 -59.01462934655098 -58.33064339248812 -57.76740412491198 -56.69476410985185 -55.576838330291345 -55.08667629659437 -54.41974531406621 -55.14620845165596 -55.76156950837161 -55.7294839352472 -54.196718603331405 -53.13744088098584 -53.001363816341296 -54.035739614019 -56.19353848922622 -56.272700646471385 -54.69718192488575 -51.14478652326922 -9999 -9999 -9999 -9999 -9999 -9999 -9999 -9999 -9999 -9999 -9999 -9999
-9999 -9999 -9999 -9999 -9999 -9999 -9999 -9999 -9999 -9999 -9999 -56.908648012205546 -54.840693118827296 -52.68033911634677 -51.26461331060528 -51.970785613548536 -54.69166639697177 -56.79134648642364 -57.15399114935927 -56.79134280616096 -57.75591133832789 -58.373270968722174 -59.003321532502355 -58.073695142355405 -57.85373701975749 -57.919257554934426 -57.26953405972089 -57.00557589036416 -56.896899880855244 -56.30890893865346 -55.448355197111724 -54.68285348312835 -53.605694573776205 -53.29519746983219 -53.29400230348492 -54.512669774184936 -57.55107428928808 -56.80306296585577 -54.13236116815354 -9999 -9999 -9999 -9999 -9999 -9999 -9999 -9999 -9999 -9999 -9999 -9999 -9999
-9999 -9999 -9999 -9999 -9999 -70.06236707908815 -68.56660540021315 -66.52875034107848 -64.85075102578745 -58.83945687454249 -53.373916952723405 -52.350501161142006 -52.35029256007251 -52.59009353145588 -52.26893321286032 -52.237959662393465 -53.92500007509075 -56.38712554877725 -57.89318458478829 -57.454929849580296 -57.488385169845095 -58.053318904661104 -57.918042312058326 -58.60960738799738 -58.54542027284021 -57.478855143673805 -57.119974224143974 -57.68888951262427 -57.275975490606854 -56.979414127334785 -56.786492275802686 -55.886184573971995 -55.21130003076632 -54.30167666570979 -53.95604948430265 -53.99399914195383 -53.390172945995296 -51.03752718119876 -9999 -9999 -9999 -9999 -9999 -9999 -9999 -9999 -9999 -9999 -9999 -9999 -9999 -9999
-9999 -9999 -9999 -9999 -66.4899107740879 -65.4280024196094 -61.004895149669416 -57.448761826410276 -54.82424382635347 -54.196490354786825 -53.61728593767696 -52.54949863628272 -52.18771162416039 -53.58365466048247 -55.23354667244186 -56.475992460994036 -57.62990816186265 -58.857406720681105 -57.991285646522776 -58.70896532256482 -57.95333536848847 -57.59586272521249 -57.325044231619636 -58.406648238383724 -57.88827839319398 -57.3636577258652 -57.69416297829256 -58.45771067559257 -57.20379790753356 -56.590032897941846 -56.901527129285114 -55.85418544901922 -55.29177541620632 -53.579732989785406 -51.11169480360502 -9999 -9999 -9999 -9999 -9999 -9999 -9999 -9999 -9999 -9999 -9999 -9999 -9999 -9999 -9999 -9999 -9999
-9999 -9999 -9999 -61.07027470816821 -57.01569782283275 -54.8005365981464 -54.23650767938909 -53.51743433328912 -53.58206184227807 -53.45045197608817 -53.79690558529249 -56.284670609655045 -56.94387908023272 -57.53376614249363 -57.83195229521435 -58.70981499377703 -58.75946908889734 -58.80943859705066 -58.516765785467044 -58.03941585619781 -57.98755006597278 -57.518213891991 -56.91883636335785 -57.535025565863215 -57.19400801224847 -56.61143679651617 -54.74189196731618 -54.20823718980985 -53.35518463962526 -51.27029773601132 -48.70668046996838 -9999 -9999 -9999 -9999 -9999 -9999 -9999 -9999 -9999 -9999 -9999 -9999 -9999 -9999 -9999 -9999 -9999 -9999 -9999 -9999 -9999
-9999 -9999 -9999 -63.19903751929266 -57.603068207973116 -48.725524968082716 -47.10415134553921 -47.487016616750644 -48.79159186112809 -49.67810479608293 -50.609686902177394 -51.95060876753121 -55.213622013082045 -56.63769622051269 -57.53801296367588 -58.602547591520434 -58.167938002528324 -58.993568223110465 -57.63896525416706 -57.79431830621998 -57.73296713368499 -57.116565804762295 -56.384753431710045 -56.79668728597788 -57.45569172475794 -56.29414934010821 -54.09395552415342 -52.65387184825792 -50.598070092803724 -9999 -9999 -9999 -9999 -9999 -9999 -9999 -9999 -9999 -9999 -9999 -9999 -9999 -9999 -9999 -9999 -9999 -9999 -9999 -9999 -9999 -9999 -9999
-9999 -9999 -9999 -66.1471765905331 -65.60284745060932 -60.947540921332035 -50.96821283383796 -48.57630133391735 -51.621179664125656 -53.917627567188966 -56.006874354289025 -55.62017300591482 -54.67975924549284 -56.16171906417998 -55.82337467942045 -56.55721857484364 -57.10585261622345 -57.55063876510921 -57.50324773586743 -57.55895918151838 -58.11613072742361 -56.62879433821453 -56.628080742440794 -56.31737549922406 -54.285273620018046 -53.59784902028838 -50.64707903348892 -48.01874177510648 -9999 -9999 -9999 -9999 -9999 -9999 -9999 -9999 -9999 -9999 -9999 -9999 -9999 -9999 -9999 -9999 -9999 -9999 -9999 -9999 -9999 -9999 -9999 -9999
-9999 -9999 -9999 -60.559237897546204 -57.286599458889825 -53.382307835840066 -52.54364324219315 -54.130792445681884 -55.868510761059554 -56.75989899460365 -56.5170135176869 -55.74927502167132 -54.420318910432606 -55.10284114286593 -57.39550292369253 -56.87741330463865 -56.19526680460115 -56.47675541764772 -56.37452430468876 -56.67490175647418 -55.95465519917482 -55.95309581912729 -56.14182182259429 -55.5016129158366 -54.621470168656785 -51.96041821376796 -47.577522708334406 -9999 -9999 -9999 -9999 -9999 -9999 -9999 -9999 -9999 -9999 -9999 -9999 -9999 -9999 -9999 -9999 -9999 -9999 -9999 -9999 -9999 -9999 -9999 -9999 -9999
-9999 -9999 -9999 -9999 -55.185025075503766 -53.30894958606728 -52.71646864218504 -53.19520808821265 -53.99879617477269 -54.77749177170651 -53.631549599401076 -53.60890736366003 -56.02036931632456 -55.5401180570246 -56.03442650639587 -56.69642977116394 -57.338649846780854 -57.22017096740738 -56.39608901629064 -55.551194442823096 -54.9075132300655 -54.0316665894207 -53.439277550085095 -50.153771075543496 -9999 -9999 -9999 -9999 -9999 -9999 -9999 -9999 -9999 -9999 -9999 -9999 -9999 -9999 -9999 -9999 -9999 -9999 -9999 -9999 -9999 -9999 -9999 -9999 -9999 -9999 -9999 -9999
-9999 -9999 -9999 -9999 -54.22503508547426 -56.521207917231315 -56.459971266626006 -55.61237264298494 -54.114315430839845 -53.59683992814935 -56.09376443569606 -57.51378937023633 -58.173503984821345 -56.943142447614186 -56.8547818257199 -56.8194245878431 -57.052181659463294 -56.608529535337894 -56.61837518476244 -56.360296459082996 -57.304586172574005 -56.88441774772149 -53.80185891683436 -48.96337072439768 -38.04009155569836 -9999 -9999 -9999 -9999 -9999 -9999 -9999 -9999 -9999 -9999 -9999 -9999 -9999 -9999 -9999 -9999 -9999 -9999 -9999 -9999 -9999 -9999 -9999 -9999 -9999 -9999 -9999
-9999 -9999 -9999 -9999 -56.201029492282544 -55.60250846912714 -56.142251870647144 -57.247250408798024 -57.6761355117957 -57.319764823998845 -56.50772874848886 -57.53256443568236 -57.584017320322225 -56.983726507237655 -57.07406712961228 -58.230483230214034 -58.49842401945179 -58.0748263633317 -57.359669350674714 -56.987041792527634 -56.322204315277936 -55.66452270175574 -54.72036283703118 -51.729187258251606 -9999 -9999 -9999 -9999 -9999 -9999 -9999 -9999 -9999 -9999 -9999 -9999 -9999 -9999 -9999 -9999 -9999 -9999 -9999 -9999 -9999 -9999 -9999 -9999 -9999 -9999 -9999 -9999
