metrics/grid_rasters/ASCAT 12.5 TS/grideval_ASCAT 12.5 TS_X_summer_2015_absolute_bias.asc
ncols 52
nrows 55
xllcorner     11.25
yllcorner     55.25
cellsize      0.25
NODATA_value  -9999
[rows 0 to 28 of 55, columns 0 to 51 of 52]
-9999 -9999 -9999 -9999 -9999 -9999 -9999 -9999 -9999 -9999 -9999 -9999 -9999 -9999 -9999 -9999 -9999 -9999 -9999 -9999 -9999 -9999 -9999 -9999 -9999 -9999 -9999 -9999 -9999 -9999 -9999 -9999 -9999 -9999 -9999 -9999 -79.86123345389373 -78.7805238403123 -81.93499088742885 -9999 -9999 -9999 -9999 -9999 -9999 -9999 -9999 -9999 -9999 -9999 -9999 -9999
-9999 -9999 -9999 -9999 -9999 -9999 -9999 -9999 -9999 -9999 -9999 -9999 -9999 -9999 -9999 -9999 -9999 -9999 -9999 -9999 -9999 -9999 -9999 -9999 -9999 -9999 -9999 -9999 -9999 -9999 -9999 -9999 -9999 -9999 -9999 -9999 -82.44960473131721 -86.20850115760372 -86.59552526059728 -85.20952676369332 -83.64574686200501 -83.64576544764387 -9999 -9999 -9999 -9999 -9999 -9999 -9999 -9999 -9999 -9999
-9999 -9999 -9999 -9999 -9999 -9999 -9999 -9999 -9999 -9999 -9999 -9999 -9999 -9999 -9999 -9999 -9999 -9999 -9999 -9999 -9999 -9999 -9999 -9999 -9999 -9999 -9999 -58.2224446633329 -58.26744187473764 -62.868533014680615 -66.9227300457045 -68.21001620719315 -66.62056972523953 -69.74749509953367 -9999 -76.73198995656199 -83.448949511295 -87.58506090624662 -87.82561485764542 -86.9690170535622 -86.97467717404278 -85.99852739497787 -85.43328458479255 -85.27937135686678 -86.09511754168743 -86.10118560024773 -9999 -9999 -9999 -9999 -9999 -9999
-9999 -9999 -9999 -9999 -9999 -9999 -9999 -9999 -9999 -9999 -9999 -9999 -9999 -9999 -9999 -9999 -9999 -9999 -9999 -9999 -9999 -9999 -9999 -9999 -9999 -9999 -9999 -54.465687538929004 -58.114175046940794 -61.47692044353897 -63.10822613576626 -63.91763385299532 -63.98039155881533 -65.98182619117591 -70.19730595352429 -75.24679675849751 -79.19055545615579 -82.13102957186801 -82.13521505533406 -84.28235136528279 -85.0770078124538 -84.67574642587658 -84.6985179461995 -83.90365126760399 -83.9089604767492 -84.11335639759949 -84.334521325413 -84.61423400415435 -9999 -9999 -9999 -9999
-9999 -9999 -9999 -9999 -9999 -9999 -9999 -9999 -9999 -9999 -9999 -9999 -9999 -9999 -9999 -9999 -9999 -9999 -9999 -9999 -9999 -9999 -66.35437515153272 -69.63640669667991 -64.66728746111706 -62.674711691897905 -61.3011691698167 -63.416641170196925 -68.90451340245437 -73.16082465005346 -67.70903902154288 -70.44441964452513 -74.45238019400496 -74.78849122410199 -76.49564609610223 -78.83886654735976 -76.58141705937983 -76.61098365329036 -77.89420880089284 -79.37139299618697 -81.61826518857767 -83.80655912966557 -84.63664241664887 -83.8269281326793 -82.54927033792174 -82.18223978688683 -82.25281710127712 -82.12538293716963 -81.6221710202956 -9999 -9999 -9999
-9999 -9999 -9999 -9999 -9999 -9999 -9999 -9999 -9999 -9999 -9999 -9999 -9999 -9999 -9999 -9999 -9999 -9999 -9999 -9999 -9999 -67.68447615854136 -67.68644723639264 -69.27586001299723 -66.23668598140608 -64.51057862805513 -61.94919789075361 -63.65339255503775 -66.9330970620277 -66.93622806709406 -73.93187406803035 -80.24716713710734 -83.17488906442212 -84.25167265223232 -83.48409421903723 -81.80736102996502 -81.80985935978362 -79.05034544145326 -78.0861074175851 -79.61179769316126 -81.03517240794447 -82.1624999843624 -82.16408399348734 -83.90682010262441 -84.00371142481042 -83.53567752880876 -83.01983603570167 -82.33281712016351 -79.27778530541282 -9999 -9999 -9999
-9999 -9999 -9999 -9999 -9999 -9999 -9999 -9999 -9999 -9999 -9999 -9999 -9999 -9999 -9999 -9999 -9999 -9999 -9999 -9999 -59.41747088012227 -64.71314973720243 -65.66612990799422 -64.29330066110732 -62.532043542749825 -58.766213272968855 -58.76688307495807 -58.0200951796819 -61.07161067851426 -65.96265603312662 -73.18549335586195 -79.22003136474835 -82.60685496819819 -82.61754980529301 -84.51257555778267 -82.7911933112478 -79.28790672849789 -76.58210691121819 -77.17067386234933 -77.88152678720272 -77.87777873901494 -79.30595546698805 -80.81371683307106 -81.98155645906601 -83.22071208427889 -83.75134588445944 -83.27085004143204 -83.27607408679809 -82.58146792688228 -80.78160084388777 -9999 -9999
-9999 -9999 -9999 -9999 -9999 -9999 -9999 -9999 -9999 -9999 -9999 -9999 -9999 -9999 -9999 -9999 -9999 -9999 -9999 -9999 -9999 -59.65681595754753 -62.657435274493025 -62.66135784677346 -65.24051886815434 -64.18118077443349 -63.423699899262 -66.83534637738857 -70.50079921093926 -74.23819262566778 -74.18168309788433 -74.91285471647767 -78.0731075471132 -82.54003540352323 -85.13772588702355 -84.4884236953418 -80.87079351794816 -78.08066580842032 -78.08539653807263 -77.47770872862246 -77.91048865050377 -78.78798273236299 -79.69568457254195 -80.98829941941015 -80.64986274300554 -80.65141462064666 -80.1090505557805 -79.57861599595725 -77.78642062591116 -9999 -9999 -9999
-9999 -9999 -9999 -9999 -9999 -9999 -9999 -9999 -9999 -9999 -9999 -9999 -9999 -9999 -9999 -9999 -9999 -9999 -9999 -65.33222248012457 -67.11400088404672 -68.36933503076885 -68.07696978218313 -69.49302045590657 -70.05055483153687 -69.74525017145778 -69.37688275533729 -69.37521293968894 -69.5427397110481 -71.17761118498062 -73.14710693761431 -73.90027144723199 -75.1774854696108 -76.82433275092899 -79.8056626045613 -79.80520740924996 -82.07302500838202 -82.58376650596549 -81.33178061629697 -79.31768318165305 -77.5802633636297 -75.98666928337869 -76.94222709233591 -76.94497564542493 -75.97670268947043 -75.50875414744606 -76.15782507761112 -76.24940866691071 -75.67904867759476 -74.7066740246972 -74.63616628676684 -9999
-9999 -9999 -9999 -9999 -9999 -9999 -9999 -9999 -9999 -9999 -9999 -9999 -9999 -9999 -9999 -9999 -9999 -9999 -69.00725259949213 -71.33976165950419 -74.60550806424253 -75.18678814743149 -76.16944808993065 -75.57243430245663 -75.8917610024185 -76.3187321594869 -76.32773844325284 -76.49258569756405 -77.01711485059819 -77.83509618396523 -77.57389157579314 -76.56323929445516 -75.61295625271414 -74.84738531431601 -74.4422605323787 -74.44329408544745 -75.1416439743958 -77.33443814186667 -79.0435200100768 -79.63055152004749 -77.88731834625831 -74.87280137664041 -73.98031031387241 -72.73916531198006 -72.74412652539334 -72.93912540869205 -72.6973552100268 -72.73831948458745 -73.3525623829145 -72.58686774868741 -71.92053378867178 -9999
-9999 -9999 -9999 -9999 -9999 -9999 -9999 -9999 -9999 -9999 -9999 -9999 -9999 -9999 -9999 -9999 -9999 -71.12625283537021 -73.01750430030452 -75.52878890831786 -76.22767135450194 -77.08501213541166 -77.08753301388046 -74.8337701803964 -72.42617833527281 -70.80475770730365 -70.41259367510808 -70.26931657355817 -72.15870637286562 -74.33291112098667 -75.05117297772499 -75.05246974824246 -73.5534506708928 -72.01766305734664 -71.82782639414269 -71.56335126441486 -72.30861720732148 -72.3759110924684 -73.20411354092157 -73.58940149762071 -73.60027579683745 -73.6009622455759 -74.60797915168965 -74.21788929320488 -72.92387729809218 -71.43048821860121 -69.9508814189096 -70.84481220593548 -70.84336134187333 -71.34498071645783 -9999 -9999
-9999 -9999 -9999 -9999 -9999 -9999 -9999 -9999 -9999 -9999 -9999 -9999 -9999 -64.79417223669199 -66.79930707638036 -71.53816259688398 -76.15389343803601 -76.15606190493656 -76.74386670835287 -76.81877482391856 -76.40173603635095 -77.00464807363443 -75.5162227969887 -72.39218945263082 -70.20357789539493 -70.18873919489268 -69.39419023366415 -69.38725002047882 -69.64284730095306 -70.08269011432718 -71.71072948842897 -72.62884145618112 -71.37973488777087 -70.26058148666546 -71.10639283128477 -73.79521296202995 -73.67308001409604 -73.70014956216657 -73.70058736390554 -72.25477311094333 -71.0656870180075 -71.03416456767468 -71.94976745062141 -71.12856415742958 -70.57863461119645 -71.30075863682771 -71.56684921554425 -71.98244578563295 -71.98065786859637 -73.3366749411585 -72.16286519755866 -9999
-9999 -9999 -9999 -9999 -9999 -9999 -9999 -9999 -9999 -9999 -9999 -9999 -9999 -63.26832904019202 -64.32549894165568 -67.86408370419454 -72.07551396309414 -76.17137450416432 -76.35621208078192 -75.32455704511183 -73.58019200541933 -72.87555405061808 -71.56009381538992 -71.56602746709055 -72.58316160914987 -72.3438643979443 -73.27765460235946 -73.1459910373732 -73.02929081473086 -73.82006488112769 -73.15220686110966 -73.09398763650185 -73.118357130838 -74.64033085984397 -74.64525828842652 -75.3062548821007 -75.29545564833593 -74.82379697498006 -73.88748560194563 -72.56941960413533 -70.83840479207944 -71.85746514184866 -72.58484022078778 -71.87039002755522 -72.78332678144962 -72.77988340438134 -73.44476871020187 -74.08005183108773 -74.44299307688638 -73.33602296589993 -74.59169066197558 -75.32333314628083
-9999 -9999 -9999 -9999 -9999 -9999 -9999 -9999 -9999 -9999 -9999 -9999 -9999 -71.65635495529844 -73.71268249896194 -70.90027793506354 -70.3180626205328 -70.62080046451446 -70.8302442188577 -71.79099692928493 -71.00961035986798 -69.8654071213373 -70.07044127094615 -70.85918903311573 -72.20098791052501 -74.68677330907758 -78.99798619356585 -80.16341496495417 -79.28847281554968 -77.9170652518112 -78.01507177849516 -78.14725451833463 -76.64415748180349 -76.5103872394863 -76.50305535130119 -76.24736283785812 -75.08389877123518 -75.53900581229125 -74.75621179024904 -76.11547391050952 -76.31547742472466 -75.49936012967575 -73.54773863981724 -63.90219519711346 -9999 -9999 -9999 -9999 -9999 -9999 -9999 -9999
-9999 -9999 -9999 -9999 -9999 -9999 -9999 -9999 -9999 -9999 -9999 -9999 -9999 -75.6489051424177 -78.20572407539095 -77.27862424955369 -73.94607261972014 -70.29452743674514 -70.29855917594871 -71.08412427810636 -72.19838838448938 -73.40649312542136 -73.18429323552158 -73.3517955066458 -73.66280682245495 -75.97967748318372 -77.88714315241131 -78.19823505258968 -78.19772482052913 -77.81496694571295 -77.60961268318107 -77.54271659394483 -78.29546820364236 -78.07774667795806 -77.40041513711647 -75.59515378387648 -74.36579430270798 -74.19956706697721 -75.46078366570927 -77.01585159345706 -75.79518373081072 -9999 -9999 -9999 -9999 -9999 -9999 -9999 -9999 -9999 -9999 -9999
-9999 -9999 -9999 -9999 -9999 -9999 -9999 -9999 -9999 -9999 -9999 -9999 -72.45328274943594 -74.90273622128966 -75.26540501189056 -72.44278874803415 -69.97464503813792 -69.64793523204142 -71.2973742409692 -71.82086190083942 -73.48098089730583 -73.48094775962352 -74.73158252701987 -74.39810086290035 -74.97947685763704 -76.85453436363396 -78.2455614981357 -77.79291836465987 -76.2150726274251 -75.75727111334325 -75.84219270711921 -76.28004571837751 -77.199295083719 -77.68299353689522 -77.59319893601575 -75.75911987348069 -74.93702725527659 -74.93763962244924 -76.73545578372253 -77.48593580626739 -73.91266521433272 -9999 -9999 -9999 -9999 -9999 -9999 -9999 -9999 -9999 -9999 -9999
-9999 -9999 -9999 -9999 -9999 -9999 -9999 -9999 -9999 -9999 -9999 -69.39974035342708 -69.36774988206727 -70.86338259692177 -72.19020974281142 -69.43242117007183 -67.62252745165426 -68.85296038625215 -70.40522792020623 -72.384045843881 -73.84892256358206 -75.59420454022428 -77.02549926891075 -76.9560217939907 -77.3963119635319 -77.3010824672519 -78.53862229076394 -77.26911717910231 -76.17411613123157 -75.78489855827354 -75.72763310002621 -75.72967004677636 -75.86648430826945 -76.87802850134804 -77.81477522507616 -78.04464714959558 -76.79879030849737 -77.26458943243715 -76.40286397860139 -70.4558736568946 -9999 -9999 -9999 -9999 -9999 -9999 -9999 -9999 -9999 -9999 -9999 -9999
-9999 -9999 -9999 -9999 -9999 -9999 -9999 -9999 -9999 -9999 -72.4627659346866 -70.52698342105423 -69.1307915237801 -67.57295729221747 -66.57536035310282 -66.21074105663611 -68.76368636270307 -72.18703548664809 -73.69338447673057 -75.95680495265178 -77.32356680915866 -78.51597102857772 -78.81724188369037 -78.65405301547901 -79.00871326920503 -78.66202125157461 -78.96724764087912 -78.22051694196466 -78.2355982700913 -77.63342320553095 -76.89036760564609 -76.16292009127571 -74.96696629772305 -76.64531514147787 -77.25707286631743 -77.04561101032375 -76.45296754354531 -74.55323908665495 -71.86091838487263 -9999 -9999 -9999 -9999 -9999 -9999 -9999 -9999 -9999 -9999 -9999 -9999 -9999
-9999 -9999 -9999 -9999 -9999 -9999 -9999 -9999 -9999 -9999 -9999 -9999 -73.15687101407431 -71.4594118875724 -71.2553407359907 -71.2561783251157 -71.72770426456412 -72.52132022609213 -73.1838946314833 -74.20216585806725 -76.66578523101185 -77.59427486907529 -79.52211547198867 -79.18255047315829 -78.21986509985963 -78.41427448391175 -77.40363203682607 -77.46809834375685 -76.30545021801859 -76.1429360524798 -76.58861424676999 -75.65714448898626 -73.60935624224388 -71.84508349431626 -71.27651118554773 -72.36792639329074 -74.87183920732012 -75.12444402957907 -71.36369790772221 -60.099603207816344 -9999 -9999 -9999 -9999 -9999 -9999 -9999 -9999 -9999 -9999 -9999 -9999
-9999 -9999 -9999 -9999 -9999 -9999 -9999 -9999 -9999 -9999 -9999 -74.64691815985086 -74.62938958067413 -73.42611437301149 -71.73652116540487 -71.1717534039223 -72.6814470367848 -73.73130863888264 -74.33573141660642 -74.3330220514829 -75.90487638069389 -77.88429941170642 -79.42742808705174 -78.26289677139656 -77.77290421434259 -78.54845866586882 -77.8203398047769 -77.22576321982486 -76.83479110179519 -75.62670334145491 -74.51961445322596 -73.02072056976392 -71.29582976457064 -70.16438389839445 -70.16447499250421 -71.65196072482469 -76.2020744088081 -76.25072317004141 -70.13419205713254 -9999 -9999 -9999 -9999 -9999 -9999 -9999 -9999 -9999 -9999 -9999 -9999 -9999
-9999 -9999 -9999 -9999 -9999 -81.02665022199615 -78.97495455484764 -76.11878721762996 -74.93619931215449 -72.9785866287221 -72.1904876200103 -72.75729661474901 -72.75438456946247 -73.8651168752782 -73.678511688526 -73.25904659140572 -73.49998694862477 -74.73751019983989 -75.6797579374918 -75.3065979157152 -75.25944598388627 -76.08264747162573 -76.86590514698685 -78.07654445711212 -78.2052133188063 -77.10423398554714 -75.9855454152122 -75.9378498934015 -75.80763045510754 -75.48109815320697 -75.04352324269044 -73.79020540479969 -72.66715216389629 -71.46386537523892 -71.52558065922905 -71.00296759842466 -69.60153022241317 -63.31290688135791 -9999 -9999 -9999 -9999 -9999 -9999 -9999 -9999 -9999 -9999 -9999 -9999 -9999 -9999
-9999 -9999 -9999 -9999 -82.00368980392228 -80.23866374733959 -77.4483954025673 -74.78284053707226 -73.75979066324983 -74.29145858181278 -74.03767545444032 -73.65304285863317 -73.70771398663277 -74.7298656340535 -76.6293708731856 -77.24279989245309 -77.46619520452548 -77.8752657330776 -76.94375361829131 -77.04968755422294 -76.59687655196528 -76.83231019440616 -76.67778594075854 -77.90251486183841 -77.13478508167994 -75.82527148130343 -75.76573061855416 -76.80783911734311 -75.9390534502866 -74.65688827165906 -74.77249800819874 -73.31097621228687 -72.78105487211855 -70.0074149919178 -65.59025819449819 -9999 -9999 -9999 -9999 -9999 -9999 -9999 -9999 -9999 -9999 -9999 -9999 -9999 -9999 -9999 -9999 -9999
-9999 -9999 -9999 -80.99838270481007 -78.95197565935047 -77.5260777145053 -76.54244524416178 -75.36892822558177 -75.52888929047259 -75.2455777121527 -74.74192071548715 -76.66958779426935 -77.52321857973395 -78.22253364885779 -79.10024733347981 -80.14597148965119 -79.09600183476672 -78.85464672588176 -78.38091226795397 -78.58157988913581 -78.32037968480006 -77.45271160859991 -76.21327633262244 -76.3100434666596 -75.44563544351129 -74.19192076165675 -71.87912765861981 -71.3560836118729 -70.44247723390451 -67.26849285215438 -61.64260766971815 -9999 -9999 -9999 -9999 -9999 -9999 -9999 -9999 -9999 -9999 -9999 -9999 -9999 -9999 -9999 -9999 -9999 -9999 -9999 -9999 -9999
-9999 -9999 -9999 -77.2777153333334 -73.61656888327147 -68.19171825505752 -69.40648537215746 -70.76187015111282 -73.19256520305824 -74.74206415038125 -75.63751664787591 -75.7512841004489 -77.05105376354965 -77.39424928463244 -78.47402162758003 -79.78400176318783 -79.24556574377212 -80.11131630521072 -78.65756308281395 -78.11958842685391 -77.88601649909899 -77.37693255632918 -76.31136377281683 -76.12342606525375 -75.71606235241073 -73.86206826533426 -72.17360660787855 -70.05835589535344 -66.50190761066128 -9999 -9999 -9999 -9999 -9999 -9999 -9999 -9999 -9999 -9999 -9999 -9999 -9999 -9999 -9999 -9999 -9999 -9999 -9999 -9999 -9999 -9999 -9999
-9999 -9999 -9999 -77.92990312738344 -77.93152412414871 -77.46242072560557 -73.95428573715242 -73.25813080827531 -77.02039178979531 -80.05784613198323 -80.99271853041728 -81.17486195006877 -78.21261102677056 -78.07680821439348 -77.83471107794628 -78.76926823303346 -79.00635320931379 -79.49788971243362 -78.95861984754991 -78.85741302717874 -78.87290456434569 -77.23683310400624 -76.65629768678767 -75.35168410884229 -72.19907247761124 -71.69260618194781 -68.20830512890467 -58.60415875107994 -9999 -9999 -9999 -9999 -9999 -9999 -9999 -9999 -9999 -9999 -9999 -9999 -9999 -9999 -9999 -9999 -9999 -9999 -9999 -9999 -9999 -9999 -9999 -9999
-9999 -9999 -9999 -80.66138185303888 -81.19743162666975 -79.67046455106684 -80.02230947455244 -82.20000124456321 -83.32761721457383 -83.2904112651243 -82.87610280083446 -81.44581537966471 -79.4608773975185 -78.72756348551087 -79.68279962170884 -79.42725057831024 -78.88722708817899 -78.58707183584444 -78.4376499618488 -78.3715805991607 -76.86202938662586 -75.82460826664781 -75.27161236586784 -74.18409865829007 -72.37185725978094 -68.9111097311064 -61.71597387966219 -9999 -9999 -9999 -9999 -9999 -9999 -9999 -9999 -9999 -9999 -9999 -9999 -9999 -9999 -9999 -9999 -9999 -9999 -9999 -9999 -9999 -9999 -9999 -9999 -9999
-9999 -9999 -9999 -9999 -78.75668379599833 -78.90939754259534 -79.79421066477597 -81.01797507556068 -81.2820119986808 -82.07943395672294 -80.65520489362461 -80.31213321875722 -80.52320745570229 -80.00179217617794 -79.94356063415825 -80.69853364477763 -79.41946223730567 -79.21585847983452 -77.64749039529221 -75.95309497704518 -74.1453103619624 -72.86475341376953 -71.9635420503862 -66.09167089284756 -9999 -9999 -9999 -9999 -9999 -9999 -9999 -9999 -9999 -9999 -9999 -9999 -9999 -9999 -9999 -9999 -9999 -9999 -9999 -9999 -9999 -9999 -9999 -9999 -9999 -9999 -9999 -9999
-9999 -9999 -9999 -9999 -79.60427388307421 -82.79913749476282 -84.07974548765256 -83.99860372546141 -82.61126910601203 -80.74606254575501 -81.93755528083226 -82.56422789945803 -82.86467316038768 -81.44039238343052 -81.25294369667789 -80.54481662841833 -79.84105292440302 -79.00856827814162 -78.425850863179 -77.52690235566719 -77.412928200351 -76.0184699228983 -70.77306965859697 -64.16679475939634 -43.1448781022048 -9999 -9999 -9999 -9999 -9999 -9999 -9999 -9999 -9999 -9999 -9999 -9999 -9999 -9999 -9999 -9999 -9999 -9999 -9999 -9999 -9999 -9999 -9999 -9999 -9999 -9999 -9999
-9999 -9999 -9999 -9999 -84.12958848781605 -83.45866360662721 -84.38809435611832 -85.74814537330255 -86.05008398364755 -84.84584344093186 -83.71002111313017 -83.06812064570447 -81.77725485632452 -80.69205688557382 -80.56129692717987 -80.91315737503864 -80.83865652119623 -80.37439654655684 -79.2937140050068 -78.23280294746256 -76.07377325033133 -73.96248325823198 -71.9344639525429 -67.46596667745585 -9999 -9999 -9999 -9999 -9999 -9999 -9999 -9999 -9999 -9999 -9999 -9999 -9999 -9999 -9999 -9999 -9999 -9999 -9999 -9999 -9999 -9999 -9999 -9999 -9999 -9999 -9999 -9999
