metrics/grid_rasters/ASCAT 12.5 TS/grideval_ASCAT 12.5 TS_S_fall_absolute_pearson_r.asc
ncols 52
nrows 55
xllcorner     11.25
yllcorner     55.25
cellsize      0.25
NODATA_value  -9999
[rows 0 to 28 of 55, columns 0 to 51 of 52]
-9999 -9999 -9999 -9999 -9999 -9999 -9999 -9999 -9999 -9999 -9999 -9999 -9999 -9999 -9999 -9999 -9999 -9999 -9999 -9999 -9999 -9999 -9999 -9999 -9999 -9999 -9999 -9999 -9999 -9999 -9999 -9999 -9999 -9999 -9999 -9999 0.7484144820373658 0.7086958117065072 0.6985965311261924 -9999 -9999 -9999 -9999 -9999 -9999 -9999 -9999 -9999 -9999 -9999 -9999 -9999
-9999 -9999 -9999 -9999 -9999 -9999 -9999 -9999 -9999 -9999 -9999 -9999 -9999 -9999 -9999 -9999 -9999 -9999 -9999 -9999 -9999 -9999 -9999 -9999 -9999 -9999 -9999 -9999 -9999 -9999 -9999 -9999 -9999 -9999 -9999 -9999 0.7509710263876339 0.7146826439331477 0.7031417398653882 0.7259489208567884 0.7018526346492919 0.6975208689415626 -9999 -9999 -9999 -9999 -9999 -9999 -9999 -9999 -9999 -9999
-9999 -9999 -9999 -9999 -9999 -9999 -9999 -9999 -9999 -9999 -9999 -9999 -9999 -9999 -9999 -9999 -9999 -9999 -9999 -9999 -9999 -9999 -9999 -9999 -9999 -9999 -9999 0.6140014656892201 0.6178503809227699 0.6181374261078343 0.6770896754589177 0.7076542216857059 0.7243681170170764 0.7411696452751706 -9999 0.7324630097881499 0.7225954745635397 0.6993495680805077 0.6728424242096601 0.6407588523000225 0.635862863286155 0.6430786459529508 0.6313846404110883 0.6348249528190069 0.5879898245111004 0.5504174457360725 -9999 -9999 -9999 -9999 -9999 -9999
-9999 -9999 -9999 -9999 -9999 -9999 -9999 -9999 -9999 -9999 -9999 -9999 -9999 -9999 -9999 -9999 -9999 -9999 -9999 -9999 -9999 -9999 -9999 -9999 -9999 -9999 -9999 0.5788792433483341 0.5868103052728633 0.6186123274103069 0.6891964226023054 0.7600158653139802 0.7207944946689157 0.7472977473407679 0.7576004437557586 0.7304815047297407 0.6920887169576215 0.65722353738189 0.6434714639590757 0.6267248366082075 0.6184382783519116 0.6192371428379035 0.602383505489029 0.5967702560073496 0.5714271098303496 0.5881094283390078 0.5659898591706911 0.5466516351524022 -9999 -9999 -9999 -9999
-9999 -9999 -9999 -9999 -9999 -9999 -9999 -9999 -9999 -9999 -9999 -9999 -9999 -9999 -9999 -9999 -9999 -9999 -9999 -9999 -9999 -9999 0.6434025607318484 0.6472580400682457 0.5941963634357657 0.5876907777595084 0.6015930821830435 0.6139126264995662 0.6697664273570306 0.6706712676805908 0.5509913007901854 0.6682054743280605 0.7220786382348678 0.7188212904911458 0.7067825537980383 0.6643625292687547 0.6878881668501317 0.6925950430902474 0.6556741189591158 0.6367282339147908 0.6146275942577878 0.5316752292844247 0.527092176237217 0.6086506438333823 0.6151337828942335 0.5884652066918056 0.5900868948545701 0.5498662270297883 0.5119145900856737 -9999 -9999 -9999
-9999 -9999 -9999 -9999 -9999 -9999 -9999 -9999 -9999 -9999 -9999 -9999 -9999 -9999 -9999 -9999 -9999 -9999 -9999 -9999 -9999 0.6031107708645372 0.6215985366246221 0.6190691281665059 0.6046585443413588 0.6368713754643789 0.700343219058921 0.7566758787219972 0.7430439747816681 0.7467752874940792 0.7602067080778455 0.7272162643459764 0.7136301773641465 0.6697490562983476 0.6448379648476298 0.6480507607297037 0.6447775827001576 0.6411562121089374 0.6650754644838035 0.6524309683256687 0.6406673236007696 0.6107105939331877 0.6001704912833508 0.5777371656884644 0.5472123635853318 0.5182443543484783 0.5023642358561835 0.4867997316803828 0.4773112376762959 -9999 -9999 -9999
-9999 -9999 -9999 -9999 -9999 -9999 -9999 -9999 -9999 -9999 -9999 -9999 -9999 -9999 -9999 -9999 -9999 -9999 -9999 -9999 0.6212535978206166 0.7463197203396938 0.6901371574139986 0.6507261204782813 0.5473490411017226 0.6065758216673434 0.5926245233836981 0.7184516577375489 0.8009756646427526 0.8187868455208331 0.7957867136984764 0.7356171738828636 0.6848298880096152 0.6504420621265019 0.6099961312124985 0.600177795512856 0.5897914168709661 0.599629568462785 0.6004963928307523 0.6218787192965478 0.6332461600609237 0.6221547049196603 0.6005987978298719 0.5454382840072568 0.4898563218840258 0.4599645829320054 0.4324410158712425 0.4151438050189864 0.4361463362895707 0.4552695222071401 -9999 -9999
-9999 -9999 -9999 -9999 -9999 -9999 -9999 -9999 -9999 -9999 -9999 -9999 -9999 -9999 -9999 -9999 -9999 -9999 -9999 -9999 -9999 0.6629855802997363 0.7168604939568122 0.7408310887133771 0.6875839599219615 0.6725344505655 0.7027391390998399 0.7383608959484899 0.7646288234540292 0.7486408004953968 0.7448963984805282 0.732116026178973 0.7340453316058134 0.6821422660732657 0.6367572265457659 0.6090915425645741 0.6185007951031782 0.6150629455475347 0.6009643218869388 0.6056580131700495 0.5955184006491425 0.5703949698748458 0.5504621869478006 0.5060581483823438 0.4671884321596495 0.4607207279200787 0.42374930754504825 0.4121461178155091 0.4294378308021408 -9999 -9999 -9999
-9999 -9999 -9999 -9999 -9999 -9999 -9999 -9999 -9999 -9999 -9999 -9999 -9999 -9999 -9999 -9999 -9999 -9999 -9999 0.7350346224903821 0.7334346991542822 0.7530908793140308 0.7407241774337279 0.724480307751098 0.7063329907011973 0.6868411680482547 0.7114470978329547 0.7284236078024109 0.7393155235631698 0.7279551189636109 0.7135691783501437 0.6781702681092996 0.6519874712363937 0.5905884387142638 0.5573238472818239 0.5570739940275798 0.5405916385428854 0.5350580391210629 0.5293319186027845 0.5379390224572429 0.5308075028287036 0.4909244160824061 0.473841306574628 0.4630089327896549 0.4584906388166753 0.4339292221200334 0.4382166387061267 0.4383033072508967 0.43686886755500576 0.4441679523349699 0.4535366926072495 -9999
-9999 -9999 -9999 -9999 -9999 -9999 -9999 -9999 -9999 -9999 -9999 -9999 -9999 -9999 -9999 -9999 -9999 -9999 0.6535190573784699 0.7119282960697744 0.7391052620915269 0.7612822140528592 0.7601506138631606 0.7537784381960362 0.7473959624969351 0.7406062321185686 0.7081821927446018 0.6792970136785794 0.6696482112366664 0.6854482059793942 0.6530001896753489 0.6273791762943247 0.5990017733225919 0.5335700891743251 0.4756793079981537 0.4674391456025578 0.4356731316377653 0.4295615431390747 0.4366437669543404 0.456115283521275 0.476758778396609 0.4716644059710376 0.4603998632423218 0.4494970668563861 0.4383633087151852 0.4230865451491992 0.4270903163339431 0.4257162984419335 0.43443597812424295 0.44971581904515656 0.475867769545204 -9999
-9999 -9999 -9999 -9999 -9999 -9999 -9999 -9999 -9999 -9999 -9999 -9999 -9999 -9999 -9999 -9999 -9999 0.715913607178427 0.7315950195003246 0.7257008728388714 0.7233906016947442 0.7200412419633593 0.726273896456723 0.7141791867706893 0.7050386114463354 0.6958092423968111 0.6927306434657687 0.6995846207570241 0.6732111035401893 0.638463358476818 0.6222577321644305 0.6080550336981416 0.5930603882224159 0.5327733210470406 0.4772452534811121 0.4290848714053077 0.39435602844723533 0.3671497642384903 0.3741515968889662 0.3949376826222367 0.4105343366747942 0.4239313995979419 0.4364208302048872 0.4365206598791999 0.4331842238674351 0.4322536346930921 0.435131321267368 0.4445930548538012 0.44652394992087613 0.44046917633773 -9999 -9999
-9999 -9999 -9999 -9999 -9999 -9999 -9999 -9999 -9999 -9999 -9999 -9999 -9999 0.6613413588385872 0.6761127380551589 0.7220849677018153 0.7242461674243571 0.7464726908200888 0.7620740770706714 0.7769967219705856 0.7621911888562406 0.7195023486494564 0.6860970757673827 0.6728094485190868 0.6735381044718838 0.6812100161280747 0.6591839584395873 0.6593815427780347 0.6038678263746928 0.5841936169193753 0.5638632331209252 0.5278669689562248 0.5142095025110367 0.473677985085385 0.4450541873114944 0.4200323511617649 0.3976053884504263 0.3908804874036533 0.41106907970257545 0.4378884286527186 0.4331247480048452 0.4587267757799605 0.4623423774086701 0.44387048156869535 0.4242236191062309 0.4226951523867232 0.4490910420437168 0.4323538144514502 0.4414347324908612 0.45323284883766396 0.4539773818969367 -9999
-9999 -9999 -9999 -9999 -9999 -9999 -9999 -9999 -9999 -9999 -9999 -9999 -9999 0.6897133957172858 0.7133546227634238 0.7126562109400736 0.7156120293146617 0.7429778763433098 0.7403821031369162 0.730939192782208 0.7104571566505775 0.6823238064193132 0.6615910538780103 0.6542867449449036 0.6475585670259617 0.6511669601159522 0.6305834425618891 0.5951967506048981 0.5734365154749579 0.5344111694280531 0.5087250056537306 0.4939296502899019 0.46691658214289206 0.4120355989089172 0.3551300370070501 0.34246507696595474 0.3633031729512128 0.3947863285458357 0.40961327882576265 0.42756566888781206 0.44441070317843534 0.4173523162803067 0.3863306964123664 0.35994829332855205 0.3474682968605497 0.3460453477665436 0.33472438567174456 0.3514691644860161 0.3681312186252324 0.40178379848542384 0.4172251825154918 0.4250500264977497
-9999 -9999 -9999 -9999 -9999 -9999 -9999 -9999 -9999 -9999 -9999 -9999 -9999 0.7202497888488673 0.7098572503543247 0.6913860971862481 0.7039560021430608 0.6887047884664385 0.6712589173855296 0.6862952590964234 0.6722608882977132 0.6582768405591535 0.6452702349247117 0.6397635932976069 0.5894923691007153 0.5411433645055312 0.511293141698574 0.5111329959273121 0.515670864419197 0.4985697929917496 0.4911033289913764 0.4613488790857465 0.4650996467443229 0.4220013860156644 0.3881829237158152 0.3848170449219309 0.409491063923229 0.4538153009144568 0.4486158902056868 0.394939922674902 0.40743104407112585 0.3731118201419133 0.36400680485758896 0.3370677787423099 -9999 -9999 -9999 -9999 -9999 -9999 -9999 -9999
-9999 -9999 -9999 -9999 -9999 -9999 -9999 -9999 -9999 -9999 -9999 -9999 -9999 0.6363189899680557 0.650887274127107 0.6722042774654222 0.6827423015386527 0.6565020876417824 0.6559714173188077 0.654963800002923 0.6470587054339982 0.6297385384963281 0.5918529674882911 0.5471866777045877 0.505671593393582 0.4572694485435682 0.4414936125573345 0.4265151915204568 0.4232835650160093 0.4123403763843069 0.3935156333817657 0.3832400749530369 0.36234077858995295 0.3188687973826848 0.2995048716543165 0.32989998575985585 0.3792375105473942 0.4135312898411692 0.4036955686585141 0.3874643567853764 0.3600773166570034 -9999 -9999 -9999 -9999 -9999 -9999 -9999 -9999 -9999 -9999 -9999
-9999 -9999 -9999 -9999 -9999 -9999 -9999 -9999 -9999 -9999 -9999 -9999 0.6462379854429954 0.6757207516165429 0.6584110266182648 0.6566959793835055 0.6383708980065835 0.6504680205349533 0.6222451585852704 0.6319704608734222 0.6205708550029294 0.6067786185608042 0.601759515501552 0.5556823507347413 0.5021031795155527 0.4678970023942404 0.416881717110713 0.3948440080561937 0.41332172183254334 0.4149153395951548 0.4043122616399583 0.3597564697225057 0.3637146210846467 0.3151775361792073 0.30216677209648657 0.33393355928269497 0.3776625298779466 0.3905684353339789 0.3903273715814892 0.3759647273873467 0.3650940284255969 -9999 -9999 -9999 -9999 -9999 -9999 -9999 -9999 -9999 -9999 -9999
-9999 -9999 -9999 -9999 -9999 -9999 -9999 -9999 -9999 -9999 -9999 0.5852733343350836 0.6341239019688568 0.6468266486703855 0.6522345162256835 0.6248893276312555 0.6073669877003021 0.6034064603697221 0.6099236159231498 0.5909241910628851 0.5703984786225429 0.5233748882953406 0.4834414009925711 0.4968939081692969 0.5097986704771772 0.473822047727821 0.4596300354516791 0.43545683305219945 0.40844372450365385 0.4028389033652014 0.3928164219041937 0.3675227146513464 0.3964508714453614 0.37171884161968893 0.3762480633735841 0.3468637486168241 0.365697477589974 0.3702203328133278 0.3622641066919224 0.3741405022332627 -9999 -9999 -9999 -9999 -9999 -9999 -9999 -9999 -9999 -9999 -9999 -9999
-9999 -9999 -9999 -9999 -9999 -9999 -9999 -9999 -9999 -9999 0.5573805856966879 0.5688941542728552 0.5531759407737125 0.5653855234609215 0.5706848432976963 0.5740742858822115 0.5855121595942314 0.5888238166164701 0.5730799341903812 0.5649020551599153 0.5553590273216018 0.4794920684502635 0.4496244345165905 0.481950262586676 0.5023893252831613 0.51081907913704 0.4866575413265228 0.463280479843764 0.4243028920585834 0.3791054895805031 0.3703977875921472 0.34843823136290364 0.3592396359388672 0.3725737046726009 0.3745600236606854 0.3671733426185624 0.3813763823853921 0.3931881639855844 0.39128726500943295 -9999 -9999 -9999 -9999 -9999 -9999 -9999 -9999 -9999 -9999 -9999 -9999 -9999
-9999 -9999 -9999 -9999 -9999 -9999 -9999 -9999 -9999 -9999 -9999 -9999 0.5588307349193202 0.5864626754198263 0.5925237801596503 0.5980171241469462 0.5577834978048829 0.5268517521441893 0.5114855564880116 0.5006494667818661 0.4823580360818962 0.4604776461756165 0.4457308834802812 0.43930444133874624 0.4506153827897138 0.4633426330812162 0.46371382845358794 0.4465274253064469 0.4092715333261612 0.35472689777047195 0.3422464812158049 0.3144025614193714 0.3120952936699979 0.3546519558647971 0.3819750135246904 0.4063042197604385 0.40149918422633735 0.4042773069774568 0.4030819722403319 0.4059289057465837 -9999 -9999 -9999 -9999 -9999 -9999 -9999 -9999 -9999 -9999 -9999 -9999
-9999 -9999 -9999 -9999 -9999 -9999 -9999 -9999 -9999 -9999 -9999 0.5526362402627658 0.5344115740101514 0.5524148333740992 0.5671218363198576 0.5733083481689247 0.5412211429651372 0.4983352112688726 0.4924608000362074 0.4744820408905874 0.4698976060956516 0.4582740325732757 0.4504124540115183 0.44375532830612574 0.44103120867137297 0.4172335380696859 0.3925992443319751 0.40544459022392737 0.3971175188823702 0.3454975445075769 0.32213345900000634 0.3288573127489868 0.3206004932027761 0.3398215184442934 0.3472657171417425 0.3590193336082161 0.34901045540666403 0.3311043865839183 0.3592865210058427 -9999 -9999 -9999 -9999 -9999 -9999 -9999 -9999 -9999 -9999 -9999 -9999 -9999
-9999 -9999 -9999 -9999 -9999 0.5542788671752146 0.5923977513618743 0.5528100935248663 0.5568709396546585 0.5865391939120648 0.5495818871278569 0.5811284328537663 0.5906933156322739 0.5321799238218474 0.5077148426410267 0.4782296981813767 0.4666298004947079 0.4754325641917051 0.4711563213198521 0.4512299243614741 0.4536953343133962 0.44616557473600615 0.44249137222173 0.4316917345992286 0.4288460314020206 0.3935792391012244 0.3796086186208675 0.3666622516396503 0.362763720140408 0.3465344252513721 0.3490473639440892 0.3244842968817862 0.31947135965781226 0.30902289455114473 0.3385854928385491 0.3381956291752383 0.35745837019958937 0.3987842437723668 -9999 -9999 -9999 -9999 -9999 -9999 -9999 -9999 -9999 -9999 -9999 -9999 -9999 -9999
-9999 -9999 -9999 -9999 0.5568446705298062 0.5823319900470083 0.5625246394186001 0.5903452285015696 0.5241358906301462 0.5281614203643177 0.5037834471434912 0.5002262598184675 0.4860625454584365 0.4461332197784078 0.44802991960187055 0.4175839684546071 0.4252068711833072 0.4237618089152876 0.4437291630308468 0.4417299785271784 0.4211219459979441 0.3797065894016286 0.40783034996587203 0.3677327045281441 0.3575781570445544 0.3429424406164584 0.3391866635365925 0.34141217829597986 0.331840959025208 0.33802023425114786 0.3456902713215086 0.34890869421821874 0.3203137134433316 0.3216053465412176 0.3681455241813639 -9999 -9999 -9999 -9999 -9999 -9999 -9999 -9999 -9999 -9999 -9999 -9999 -9999 -9999 -9999 -9999 -9999
-9999 -9999 -9999 0.440914973119859 0.4480834698846496 0.5493219165566761 0.4952934517714406 0.4874697349325058 0.4908951737604208 0.4897668628654656 0.4802208496741778 0.5162993012341623 0.4802571895399781 0.3866894707130463 0.39063644238009176 0.3974791202573592 0.41454322853161857 0.4035318612828711 0.4075994615686343 0.3897014416250604 0.38684566118751096 0.3699852834512325 0.3525823537470181 0.3301455001562797 0.287743107662356 0.3084608720672023 0.3216860549163025 0.32597537172412644 0.32339593394943245 0.35440902762308985 0.41819973933376653 -9999 -9999 -9999 -9999 -9999 -9999 -9999 -9999 -9999 -9999 -9999 -9999 -9999 -9999 -9999 -9999 -9999 -9999 -9999 -9999 -9999
-9999 -9999 -9999 0.4093796084958597 0.4607209291586674 0.5353669723625152 0.5258393456573098 0.5727997413225469 0.6092356832413117 0.5413626350563929 0.5039557180700073 0.4502988782514022 0.4920645402306039 0.3958297989978237 0.3573333289559573 0.4025353021079439 0.3985632048074352 0.4134183372329758 0.4179029629335945 0.3772739772257868 0.3658381700219848 0.3492480786025228 0.3464321957019296 0.3166702819797366 0.305177951320313 0.3020913504308784 0.3298322588234651 0.3476506499346593 0.36411504900470537 -9999 -9999 -9999 -9999 -9999 -9999 -9999 -9999 -9999 -9999 -9999 -9999 -9999 -9999 -9999 -9999 -9999 -9999 -9999 -9999 -9999 -9999 -9999
-9999 -9999 -9999 0.5965796089933086 0.6350036311994114 0.5696033238315117 0.5391576331403359 0.5258570698240445 0.48013580271846795 0.469164121116187 0.4516294857001038 0.40811251476916666 0.4041049755806413 0.4152758647495848 0.4190965109240649 0.44284595194294696 0.427333783413054 0.4085270660474069 0.3652357982983732 0.34265375260199626 0.32941213737708896 0.3457328027580727 0.35762724732488016 0.358862342335068 0.343880911400927 0.33268547042320673 0.3407544219772539 0.3640375769818268 -9999 -9999 -9999 -9999 -9999 -9999 -9999 -9999 -9999 -9999 -9999 -9999 -9999 -9999 -9999 -9999 -9999 -9999 -9999 -9999 -9999 -9999 -9999 -9999
-9999 -9999 -9999 0.5313128933774965 0.5167269957757281 0.4571363588372339 0.47467818619299 0.4887467476977375 0.4657755518783445 0.4277525655271571 0.40742500840337054 0.3925578519676716 0.3940198835028245 0.3882509925827299 0.38357715816689664 0.3873613715420324 0.3848136274582046 0.3670330464885373 0.3528747239820221 0.29725337424978626 0.34355526883307896 0.33547143164678905 0.3215053532101665 0.3099173909939307 0.31244271865673845 0.322550118201024 0.3801325377150006 -9999 -9999 -9999 -9999 -9999 -9999 -9999 -9999 -9999 -9999 -9999 -9999 -9999 -9999 -9999 -9999 -9999 -9999 -9999 -9999 -9999 -9999 -9999 -9999 -9999
-9999 -9999 -9999 -9999 0.560687098598755 0.5545785074000961 0.5162157149457597 0.4772146625454309 0.4488222281744727 0.34685331815413456 0.3836310765884786 0.3964056459750469 0.36668114701494176 0.3415090434305005 0.3544239818519481 0.3621769309208623 0.3583692110453558 0.32949910706016794 0.3457343905502618 0.3409712719438006 0.3511134297398699 0.3387211960353891 0.3197710625677365 0.3344599050100283 -9999 -9999 -9999 -9999 -9999 -9999 -9999 -9999 -9999 -9999 -9999 -9999 -9999 -9999 -9999 -9999 -9999 -9999 -9999 -9999 -9999 -9999 -9999 -9999 -9999 -9999 -9999 -9999
-9999 -9999 -9999 -9999 0.4580556096134998 0.4917978216585754 0.4922560344037871 0.4949821706507295 0.4792665509439884 0.4014318422728056 0.29324401220793145 0.2533196191469279 0.30666014939882946 0.30763319496439234 0.2897843614496014 0.3182714463934454 0.30630037456641823 0.3012895423128425 0.3113678892561497 0.3131058044168845 0.3268840505531526 0.3181364605490805 0.36092140783902416 0.35478527533175064 0.4552896281448852 -9999 -9999 -9999 -9999 -9999 -9999 -9999 -9999 -9999 -9999 -9999 -9999 -9999 -9999 -9999 -9999 -9999 -9999 -9999 -9999 -9999 -9999 -9999 -9999 -9999 -9999 -9999
-9999 -9999 -9999 -9999 0.4637489839178554 0.42675100994057136 0.4188152273958465 0.35750622473938576 0.3320000598937052 0.3556501746155391 0.33532387495143234 0.3175247068493917 0.3158395327044889 0.2860457669042629 0.2987117786296036 0.2680905433504266 0.2533985965404396 0.24514844063270425 0.27638686741754936 0.2914054275844161 0.31636822200711023 0.3168609209606661 0.3176542138875971 0.34533577540753113 -9999 -9999 -9999 -9999 -9999 -9999 -9999 -9999 -9999 -9999 -9999 -9999 -9999 -9999 -9999 -9999 -9999 -9999 -9999 -9999 -9999 -9999 -9999 -9999 -9999 -9999 -9999 -9999
