metrics/grid_rasters/ASCAT 12.5 TS/grideval_ASCAT 12.5 TS_S_winter_absolute_bias.asc
ncols 52
nrows 55
xllcorner     11.25
yllcorner     55.25
cellsize      0.25
NODATA_value  -9999
[rows 0 to 28 of 55, columns 0 to 51 of 52]
-9999 -9999 -9999 -9999 -9999 -9999 -9999 -9999 -9999 -9999 -9999 -9999 -9999 -9999 -9999 -9999 -9999 -9999 -9999 -9999 -9999 -9999 -9999 -9999 -9999 -9999 -9999 -9999 -9999 -9999 -9999 -9999 -9999 -9999 -9999 -9999 -60.91563304793942 -60.25879458417917 -58.73806575851288 -9999 -9999 -9999 -9999 -9999 -9999 -9999 -9999 -9999 -9999 -9999 -9999 -9999
-9999 -9999 -9999 -9999 -9999 -9999 -9999 -9999 -9999 -9999 -9999 -9999 -9999 -9999 -9999 -9999 -9999 -9999 -9999 -9999 -9999 -9999 -9999 -9999 -9999 -9999 -9999 -9999 -9999 -9999 -9999 -9999 -9999 -9999 -9999 -9999 -55.99239032240387 -62.35262855162924 -62.046227621504755 -58.12083832933165 -53.00901902024352 -53.00820498631907 -9999 -9999 -9999 -9999 -9999 -9999 -9999 -9999 -9999 -9999
-9999 -9999 -9999 -9999 -9999 -9999 -9999 -9999 -9999 -9999 -9999 -9999 -9999 -9999 -9999 -9999 -9999 -9999 -9999 -9999 -9999 -9999 -9999 -9999 -9999 -9999 -9999 -58.54897121769739 -58.59465047818664 -59.485607034045714 -56.347749439602545 -49.24071141297725 -38.86965434707553 -36.658254867109754 -9999 -40.862584843262844 -49.20284649661066 -58.02796547166165 -59.84370203077771 -56.835798689465655 -56.83846430304947 -52.90400214929117 -49.105200650115364 -45.14638669397161 -43.785085759862824 -43.78505726345999 -9999 -9999 -9999 -9999 -9999 -9999
-9999 -9999 -9999 -9999 -9999 -9999 -9999 -9999 -9999 -9999 -9999 -9999 -9999 -9999 -9999 -9999 -9999 -9999 -9999 -9999 -9999 -9999 -9999 -9999 -9999 -9999 -9999 -64.0577977735026 -67.29195925418537 -65.98608069534535 -56.279620980571565 -41.14215000861266 -41.1982105156056 -32.87562643828838 -32.94149289120752 -37.09724251249737 -41.5537975559879 -45.89196176217234 -45.89160965068506 -49.160788019001686 -48.55041920620281 -45.49308182984394 -44.3792885146024 -41.36729788006986 -41.367365129700204 -40.5384012558927 -41.557412253801935 -44.59612939200764 -9999 -9999 -9999 -9999
-9999 -9999 -9999 -9999 -9999 -9999 -9999 -9999 -9999 -9999 -9999 -9999 -9999 -9999 -9999 -9999 -9999 -9999 -9999 -9999 -9999 -9999 -65.1380185514202 -69.65491562327382 -69.05523805744136 -67.4293175347364 -67.55976956464215 -71.3187624479628 -69.47115096016215 -67.957277691704 -66.65005545835068 -55.99811286379202 -46.696257224257714 -38.74875115946564 -36.697334570931005 -36.993603885996535 -36.366224239793354 -37.442784998237904 -37.99556235943209 -37.35797957961231 -36.49164500906679 -38.758817234378384 -39.60176101254309 -37.898189850924076 -39.1995801344964 -40.82978955964922 -44.68079750798511 -52.98053862678236 -59.3874300533106 -9999 -9999 -9999
-9999 -9999 -9999 -9999 -9999 -9999 -9999 -9999 -9999 -9999 -9999 -9999 -9999 -9999 -9999 -9999 -9999 -9999 -9999 -9999 -9999 -69.62255974779583 -69.62656650740992 -71.48340704255783 -69.68979703750199 -67.10780345153512 -60.55021821111439 -56.65365622363346 -52.090481959098454 -52.09258577548882 -49.83017193687746 -49.43931389888707 -48.920062815357255 -47.794557926241744 -43.854753676174745 -38.67092091872539 -38.67049746282934 -34.54545867516133 -35.024652103015704 -38.093258458386934 -40.74770403735752 -43.51313517635001 -43.513445084392146 -48.92022040360939 -52.57322070961765 -55.71176581799077 -58.965715869157115 -63.44198399959279 -65.87662867731405 -9999 -9999 -9999
-9999 -9999 -9999 -9999 -9999 -9999 -9999 -9999 -9999 -9999 -9999 -9999 -9999 -9999 -9999 -9999 -9999 -9999 -9999 -9999 -67.53509675537126 -69.67672935016711 -69.73097554916225 -73.2636699761417 -75.74202686854035 -69.8128265467285 -69.81290924078732 -59.00513109471019 -48.88007012585046 -42.171952649523796 -39.59031206001232 -40.566315728457596 -41.81979207790658 -41.8155671967655 -41.64648448557497 -39.49277090948171 -37.65555044077431 -36.24444161657533 -39.80190744890371 -42.39129808310494 -42.390887957344006 -45.2421201724732 -49.01352187893472 -54.297742044512646 -60.604136789382856 -65.30150216180401 -67.46429777299373 -67.46279182582005 -69.43231870958597 -70.77103058501852 -9999 -9999
-9999 -9999 -9999 -9999 -9999 -9999 -9999 -9999 -9999 -9999 -9999 -9999 -9999 -9999 -9999 -9999 -9999 -9999 -9999 -9999 -9999 -66.3202184161365 -65.44771725007858 -65.44759555926049 -66.91033433137096 -66.17924265003091 -60.87415627305519 -56.71645224224842 -52.00825795616485 -48.03773544032444 -47.976845082637176 -42.48276014678621 -40.07282527113351 -39.434394593150685 -39.353737392049226 -39.303056907854256 -39.834674969380686 -41.197377617845895 -41.197001099745314 -44.734004576924285 -48.52400197914995 -52.31831810222638 -56.03704547590082 -61.21358686985858 -65.5374934901021 -65.53629672609935 -68.89824111316977 -70.82126761632901 -71.33052842117901 -9999 -9999 -9999
-9999 -9999 -9999 -9999 -9999 -9999 -9999 -9999 -9999 -9999 -9999 -9999 -9999 -9999 -9999 -9999 -9999 -9999 -9999 -62.66750363594271 -65.80332774447243 -67.67980365339693 -66.84475581089791 -65.60484750456503 -61.418775584609136 -53.47924327199292 -45.71377813715477 -45.71102429617363 -41.66188726072826 -41.85165080291729 -42.51857116682806 -42.188107975605256 -42.237880921189216 -43.036103892338375 -45.350922866793574 -45.3517323206431 -46.561461863048926 -47.0490907260701 -47.94573628295921 -49.322234618875854 -53.06373155296406 -58.8660085105083 -64.2902981186168 -64.29083777492778 -66.16598338059696 -68.47118723139944 -71.02922012609622 -71.980700550177 -72.1775261946797 -72.07913723032374 -72.71722926872178 -9999
-9999 -9999 -9999 -9999 -9999 -9999 -9999 -9999 -9999 -9999 -9999 -9999 -9999 -9999 -9999 -9999 -9999 -9999 -65.9671646547967 -63.18842822324233 -62.04956718701623 -61.48061940220489 -61.204325040116146 -58.72392051227961 -55.72343408232332 -52.20457581075085 -52.20263980067401 -48.32532426785193 -45.064168570640184 -42.196022808301656 -42.23695553816601 -45.6980098918212 -50.94503207223272 -55.99714587300418 -60.66609225519978 -60.665925566917565 -64.3603836888261 -65.95532149001532 -64.84779515206904 -62.90877630701282 -60.89655552252445 -62.416673817835644 -67.45752265815351 -71.44396986184991 -71.44257877229761 -73.91385941935431 -74.18449426942774 -73.80768073110609 -73.58072017416764 -72.57253758214482 -71.74323916875741 -9999
-9999 -9999 -9999 -9999 -9999 -9999 -9999 -9999 -9999 -9999 -9999 -9999 -9999 -9999 -9999 -9999 -9999 -67.52741533425308 -65.55069709073277 -60.45477045765811 -53.930009315008284 -53.46225111604299 -53.46155642753151 -53.588505924294005 -52.37718969422461 -50.88783267771796 -49.8357747735276 -48.36964919414764 -47.52045341798499 -46.26265285010263 -45.13899054335525 -45.14017900979379 -45.56753142434263 -49.74797519312004 -55.407517572421426 -60.8770787365569 -67.06145463330624 -71.27821824669003 -73.63480054553801 -73.6553310334071 -73.01654153573647 -73.01612319814026 -73.96118517374423 -75.45446412584008 -76.17516234971558 -75.43068193247697 -73.809658122582 -73.62600015341769 -72.50039491026106 -71.96788380125115 -9999 -9999
-9999 -9999 -9999 -9999 -9999 -9999 -9999 -9999 -9999 -9999 -9999 -9999 -9999 -61.943889855086525 -62.61823891269575 -65.0602949679429 -67.26836425533672 -67.26741679704868 -66.58107271702275 -63.562695554944064 -57.587329420772456 -52.538796258114594 -50.42398000240157 -50.41012220385002 -51.63868092188829 -54.51681909682446 -54.30104859771168 -54.30198181302463 -54.110739331197 -54.329208471109496 -56.46737455275735 -57.61717293571291 -57.702290864550704 -59.63864344082821 -61.950627681790216 -66.07893316753905 -69.51832491881224 -73.86397132086701 -73.86456713342055 -75.9869179666009 -76.48225383780866 -76.58453287592252 -77.07900414002012 -76.18919822262629 -75.39815463889788 -74.83193179910592 -73.04073956359093 -72.02079036109001 -72.02084589144363 -72.07482938864256 -69.25776349365759 -9999
-9999 -9999 -9999 -9999 -9999 -9999 -9999 -9999 -9999 -9999 -9999 -9999 -9999 -64.77413963595292 -64.60699031488542 -65.73507506985484 -65.68159045557914 -65.84450894492487 -63.09561571188026 -59.30141334417779 -54.902241447501275 -52.13151042852581 -50.88466403150153 -50.88297314925191 -52.586355650116865 -55.278438120332886 -59.51744525708489 -60.80949858715255 -60.596789859478314 -62.210928145850495 -63.647976776680146 -65.84960035701954 -67.15578376257426 -69.06218581953729 -69.06018395460812 -70.42057833180789 -70.95717810378727 -72.31212046663957 -74.2886141743692 -75.1765459896266 -74.26458268398609 -74.18061331238815 -73.50171572152762 -72.13517605226741 -71.36946458787476 -71.3701488265201 -69.92990329788122 -68.86611363504207 -68.55094372669176 -66.99469324874303 -66.62394059640513 -66.12576488621544
-9999 -9999 -9999 -9999 -9999 -9999 -9999 -9999 -9999 -9999 -9999 -9999 -9999 -64.98550924522989 -65.51177464706339 -60.71849922046803 -58.13399614404045 -57.29575232353576 -57.56867961774805 -59.34690614071866 -57.38307739617986 -55.72498512958838 -56.45872174445189 -57.67674385227158 -62.913080247949864 -64.94136938483294 -67.90390026318946 -68.3294545080835 -68.15043109212259 -67.76710652362978 -68.26573307144248 -69.5747990477958 -68.40980381746628 -69.12256254015878 -69.26916846625936 -69.61327067461782 -69.55553009310437 -69.31808292302624 -68.82180405547118 -70.54564575286608 -71.27240968384189 -70.37373246672874 -68.052727605749 -62.91401446653468 -9999 -9999 -9999 -9999 -9999 -9999 -9999 -9999
-9999 -9999 -9999 -9999 -9999 -9999 -9999 -9999 -9999 -9999 -9999 -9999 -9999 -65.12066478347532 -64.48649519032621 -61.536114492751906 -57.20898258240537 -52.91829051806192 -52.389203586564825 -54.81282533622922 -58.57048314830622 -62.37133136131202 -63.618579752094384 -65.1403770351181 -67.33806771896741 -71.43524982956912 -73.64397973717145 -73.73975005488734 -73.74022097681417 -72.91048523146729 -72.73015327646323 -72.30029120888089 -73.01176715065829 -73.20063955055498 -73.24455013401577 -72.22789585108859 -70.51835870464254 -68.51671262219367 -67.58441522941149 -67.82009039198272 -67.71464195491619 -9999 -9999 -9999 -9999 -9999 -9999 -9999 -9999 -9999 -9999 -9999
-9999 -9999 -9999 -9999 -9999 -9999 -9999 -9999 -9999 -9999 -9999 -9999 -72.09098464479331 -67.54233007603092 -62.1750629428347 -56.11691971157734 -52.00585227879639 -51.06646071664801 -53.01507495061177 -54.86839975061444 -59.027279121574146 -59.02843667686539 -62.60676505948518 -64.37999405670635 -66.91970813208022 -69.95581154854034 -72.8553151599002 -75.02541436743209 -75.15342842422186 -74.9864148496454 -75.14296395191549 -75.14287292636358 -75.12331268272925 -74.7560459992443 -74.70899775186376 -72.77651179299971 -70.68100571842919 -70.68061963481854 -70.22783610810825 -68.56505917846417 -65.87489759018017 -9999 -9999 -9999 -9999 -9999 -9999 -9999 -9999 -9999 -9999 -9999
-9999 -9999 -9999 -9999 -9999 -9999 -9999 -9999 -9999 -9999 -9999 -68.85018318488449 -68.82028931146752 -68.76667518584343 -67.40447648734465 -61.494140742332284 -56.71600461159289 -56.22281155590251 -56.67681895798993 -58.605698890432116 -60.309015847125565 -61.82280760914088 -62.40086539683977 -62.31439723711171 -64.13575726427038 -66.20532958602821 -70.28239751369264 -72.5933088700876 -74.04153969701973 -74.61341700556909 -74.24219203057314 -74.24333784366027 -73.32772696123982 -73.85497036658919 -73.87629369292031 -73.19799018605593 -70.54899831107274 -68.63583399599042 -65.93860112872792 -62.37248280176754 -9999 -9999 -9999 -9999 -9999 -9999 -9999 -9999 -9999 -9999 -9999 -9999
-9999 -9999 -9999 -9999 -9999 -9999 -9999 -9999 -9999 -9999 -65.27212973286392 -64.2842791975518 -63.57419039380368 -62.8693263401095 -62.02930453606594 -61.200466057409976 -62.63141575049904 -63.44364667828057 -61.90218869811042 -65.03068432550508 -66.08118275459452 -69.01269692940174 -69.80289727402004 -66.70376054988243 -65.11664864284454 -62.79003891257699 -62.67697826613779 -64.1201216552152 -67.6516794432902 -70.46026765762045 -71.69123104418048 -72.1168063428291 -71.81406105315048 -72.84448836019563 -72.46760082197605 -70.35398536897843 -67.39300035916622 -63.1156451170607 -59.8658604998457 -9999 -9999 -9999 -9999 -9999 -9999 -9999 -9999 -9999 -9999 -9999 -9999 -9999
-9999 -9999 -9999 -9999 -9999 -9999 -9999 -9999 -9999 -9999 -9999 -9999 -58.16503638610725 -60.22161185954619 -63.554337119852065 -63.557893147710274 -66.73773657999999 -68.55484536768316 -69.33761665740818 -69.4942698084437 -70.37617663932113 -70.65036991110733 -72.67956725392777 -73.11945857499141 -71.89096237836151 -70.12096230236222 -67.40380020510483 -65.4225086089985 -63.76076629352835 -64.50020606011034 -65.7055229790828 -67.31511571005906 -68.25481467611819 -68.95323745385093 -68.93835459946939 -68.84745829234416 -67.5390055942057 -63.039861673663594 -57.79108791312262 -52.28178756239574 -9999 -9999 -9999 -9999 -9999 -9999 -9999 -9999 -9999 -9999 -9999 -9999
-9999 -9999 -9999 -9999 -9999 -9999 -9999 -9999 -9999 -9999 -9999 -60.68201933227931 -60.311401194860245 -59.69458931268277 -59.73748672494065 -61.80345670423383 -65.31677833625375 -68.66454643830774 -70.95834222742246 -71.75918548109547 -72.2703467935552 -72.29261022788303 -72.95757989031074 -71.18562608131295 -69.8269016219427 -69.5007386459001 -68.4949866309953 -67.78401819383245 -67.26225062742272 -65.72993081599729 -64.72474724679618 -65.04323822695717 -65.43563353779768 -65.78178839915364 -65.78191620774413 -66.43863467969449 -67.02366434881456 -63.106302842352704 -56.608701353405905 -9999 -9999 -9999 -9999 -9999 -9999 -9999 -9999 -9999 -9999 -9999 -9999 -9999
-9999 -9999 -9999 -9999 -9999 -61.85680148098172 -61.82562359687206 -60.92606490036597 -61.14449084053022 -59.043132042665384 -58.646545052472064 -60.254518393566904 -60.254755477503736 -61.220054694296074 -61.86916696905301 -62.13826874378429 -63.41350088120944 -66.58613363038492 -69.63315137518553 -70.80878018871111 -71.80283973473216 -73.33125281011553 -73.37072073863975 -72.74078833949369 -71.72705262320254 -69.71251233740372 -68.64256755621936 -68.45508631902804 -67.26694781166292 -65.76272742930628 -64.55681810950364 -63.15985706370272 -61.821879356979636 -60.28090433111277 -58.49633812292478 -56.31824952881014 -53.54500390132653 -50.01510628007785 -9999 -9999 -9999 -9999 -9999 -9999 -9999 -9999 -9999 -9999 -9999 -9999 -9999 -9999
-9999 -9999 -9999 -9999 -60.55572070664446 -61.31716408160598 -58.85833718374185 -57.43757528296632 -56.838194210257186 -57.98324735161828 -58.37293563810385 -58.37471491045157 -58.35364873095436 -59.4549437460087 -61.11512170589084 -62.079951590482594 -64.15268508426725 -65.89959087956058 -65.85778986263334 -67.54920840818669 -68.23948498258969 -68.90770139276535 -68.71367839441238 -69.69485411858986 -68.92296833477498 -67.37243230032286 -66.89532241402348 -66.47669210001604 -63.82646343265571 -60.96433608958082 -59.57915378436267 -57.430367874262885 -56.02805219119954 -53.8016643926484 -50.56583721302102 -9999 -9999 -9999 -9999 -9999 -9999 -9999 -9999 -9999 -9999 -9999 -9999 -9999 -9999 -9999 -9999 -9999
-9999 -9999 -9999 -53.09655322656779 -51.147909869172366 -50.271196206146705 -50.14585737532402 -48.71080885712972 -48.070200097583935 -48.299351939884566 -49.19715620317542 -52.07859209734684 -54.564595171352046 -57.66773070302367 -60.736135585685346 -64.03160673774892 -65.4365257749953 -66.3712392483329 -65.742907083148 -64.85349414123375 -63.60515145087757 -62.371802721953294 -62.03935745451392 -63.59383617715246 -63.3419061789717 -61.641720600834205 -57.69961175483137 -55.07305674291107 -52.06146365468649 -48.01286009901203 -44.66003606486686 -9999 -9999 -9999 -9999 -9999 -9999 -9999 -9999 -9999 -9999 -9999 -9999 -9999 -9999 -9999 -9999 -9999 -9999 -9999 -9999 -9999
-9999 -9999 -9999 -55.42224605853745 -48.24516817585468 -38.50838784825596 -35.98811953263818 -37.72226685238062 -39.70056378964613 -39.99467812250853 -39.457162576271905 -39.12285321703025 -43.7822357943336 -48.30617309197174 -53.87255175029303 -58.342513898535316 -60.25466268975256 -62.45980482709493 -61.848738467015295 -61.86540403508446 -61.38128392545632 -59.69460523432835 -58.82043227227511 -59.176397769360726 -59.36016741046704 -57.985720041663505 -55.06228079437419 -52.59710689014261 -48.68054957824896 -9999 -9999 -9999 -9999 -9999 -9999 -9999 -9999 -9999 -9999 -9999 -9999 -9999 -9999 -9999 -9999 -9999 -9999 -9999 -9999 -9999 -9999 -9999
-9999 -9999 -9999 -61.403899147444506 -60.3937932141145 -55.00581530710447 -44.84066110911338 -42.42375301585781 -45.02325010131929 -46.201397432125596 -46.25512480035736 -43.01013477312161 -44.68928328483594 -51.03035835952458 -53.72281369043507 -56.50268118444235 -58.239323178397704 -59.42870597514573 -59.45829270915943 -59.1586336284669 -58.60017935102903 -57.11507890958805 -58.23855019645932 -58.22589587130538 -55.01618320135658 -52.64079968251501 -48.43260035709224 -45.3889382691026 -9999 -9999 -9999 -9999 -9999 -9999 -9999 -9999 -9999 -9999 -9999 -9999 -9999 -9999 -9999 -9999 -9999 -9999 -9999 -9999 -9999 -9999 -9999 -9999
-9999 -9999 -9999 -59.87034577740647 -56.859795910707206 -53.26618117328302 -51.019871751147114 -51.40581186511032 -51.99047648209361 -50.65812349337742 -48.60846621245366 -47.25826931045738 -46.50541480807291 -49.58573528385835 -54.87898172931374 -56.998109896828616 -57.277356590773856 -57.17466700174847 -56.546615588880364 -55.9164860086945 -53.5248923707951 -53.10175091540707 -53.59661231974806 -53.30629701669405 -52.35483859767872 -49.66220962608608 -45.395823936535386 -9999 -9999 -9999 -9999 -9999 -9999 -9999 -9999 -9999 -9999 -9999 -9999 -9999 -9999 -9999 -9999 -9999 -9999 -9999 -9999 -9999 -9999 -9999 -9999 -9999
-9999 -9999 -9999 -9999 -52.3165474043492 -52.31838288117403 -52.23855211138371 -52.73310728232411 -52.989225127941296 -52.67775761629575 -50.7353790345789 -49.147345938059814 -48.264461449734775 -48.77770125087781 -50.668363281111276 -52.301115107473386 -53.26758131670498 -53.4237773803066 -52.36925340631238 -50.45318113237065 -49.17998718611325 -47.56874160136507 -46.62996558179484 -43.951014314116115 -9999 -9999 -9999 -9999 -9999 -9999 -9999 -9999 -9999 -9999 -9999 -9999 -9999 -9999 -9999 -9999 -9999 -9999 -9999 -9999 -9999 -9999 -9999 -9999 -9999 -9999 -9999 -9999
-9999 -9999 -9999 -9999 -50.358858656929385 -51.35457755622478 -51.43048360598342 -51.15015407066826 -48.64128691447057 -47.11237311474291 -48.08713445678221 -48.573231485365454 -48.27718217619446 -47.11216663951309 -47.29796255267318 -47.88044180864925 -49.106339775335925 -50.00986404611137 -50.61116557663011 -50.61544256507138 -51.081614645010156 -49.99916247164812 -47.051159680321376 -43.09363388072946 -35.663927294505555 -9999 -9999 -9999 -9999 -9999 -9999 -9999 -9999 -9999 -9999 -9999 -9999 -9999 -9999 -9999 -9999 -9999 -9999 -9999 -9999 -9999 -9999 -9999 -9999 -9999 -9999 -9999
-9999 -9999 -9999 -9999 -51.99006916031103 -51.45113698523586 -52.19674270785897 -52.2737355010264 -49.90328702359832 -47.174988768590644 -45.030723970848996 -45.461600718867686 -45.827630540535495 -46.428591634614534 -46.92484478321743 -48.419103834205075 -49.303069960712854 -48.94120931170095 -47.92958794148673 -47.655249196014616 -46.62849612754872 -45.87244950469815 -45.55465458312806 -43.621062298521615 -9999 -9999 -9999 -9999 -9999 -9999 -9999 -9999 -9999 -9999 -9999 -9999 -9999 -9999 -9999 -9999 -9999 -9999 -9999 -9999 -9999 -9999 -9999 -9999 -9999 -9999 -9999 -9999
