metrics/grid_rasters/ASCAT 12.5 TS/grideval_ASCAT 12.5 TS_X_spring_2015_absolute_bias.asc
ncols 52
nrows 55
xllcorner     11.25
yllcorner     55.25
cellsize      0.25
NODATA_value  -9999
[rows 0 to 28 of 55, columns 0 to 51 of 52]
-9999 -9999 -9999 -9999 -9999 -9999 -9999 -9999 -9999 -9999 -9999 -9999 -9999 -9999 -9999 -9999 -9999 -9999 -9999 -9999 -9999 -9999 -9999 -9999 -9999 -9999 -9999 -9999 -9999 -9999 -9999 -9999 -9999 -9999 -9999 -9999 -51.076564567662686 -50.6468386962381 -49.71699859966317 -9999 -9999 -9999 -9999 -9999 -9999 -9999 -9999 -9999 -9999 -9999 -9999 -9999
-9999 -9999 -9999 -9999 -9999 -9999 -9999 -9999 -9999 -9999 -9999 -9999 -9999 -9999 -9999 -9999 -9999 -9999 -9999 -9999 -9999 -9999 -9999 -9999 -9999 -9999 -9999 -9999 -9999 -9999 -9999 -9999 -9999 -9999 -9999 -9999 -48.78161069931984 -55.072699345923404 -56.016159102711065 -54.28007213333667 -50.90877780742533 -50.90776163756511 -9999 -9999 -9999 -9999 -9999 -9999 -9999 -9999 -9999 -9999
-9999 -9999 -9999 -9999 -9999 -9999 -9999 -9999 -9999 -9999 -9999 -9999 -9999 -9999 -9999 -9999 -9999 -9999 -9999 -9999 -9999 -9999 -9999 -9999 -9999 -9999 -9999 -44.75515581920145 -44.79733087811294 -45.6992897617075 -44.587245230859615 -42.40094058111504 -37.9654458689164 -37.210180530970675 -9999 -41.445859874619934 -47.292048664369105 -54.617034421840906 -57.01571302476066 -55.772343320465716 -55.768867508948844 -53.62014382033801 -51.0214211632617 -48.2178164370845 -46.889117585454706 -46.88690817308514 -9999 -9999 -9999 -9999 -9999 -9999
-9999 -9999 -9999 -9999 -9999 -9999 -9999 -9999 -9999 -9999 -9999 -9999 -9999 -9999 -9999 -9999 -9999 -9999 -9999 -9999 -9999 -9999 -9999 -9999 -9999 -9999 -9999 -50.907306500573384 -53.44200130207128 -52.81239833805346 -46.83241928585301 -37.68441957676349 -37.73221578605264 -33.66114565234292 -37.537468952863335 -42.92407112050393 -45.7178823629901 -47.81927478511859 -47.81612385001421 -50.43993836112154 -50.450333676856225 -47.81635536757681 -45.582116287847434 -42.52559804818736 -42.52538262741128 -41.78665032577553 -42.21101429669472 -43.89100578098799 -9999 -9999 -9999 -9999
-9999 -9999 -9999 -9999 -9999 -9999 -9999 -9999 -9999 -9999 -9999 -9999 -9999 -9999 -9999 -9999 -9999 -9999 -9999 -9999 -9999 -9999 -51.25612193369031 -54.44710943005615 -53.94647131086489 -51.84838334894498 -52.57575595298705 -55.961145699105245 -54.96745957275363 -55.33467080889135 -54.522533536546895 -48.3194652607232 -42.29667633474991 -37.447932080784895 -38.37633742527451 -38.898468486940494 -40.594159085966865 -43.30788201825283 -44.71728668540222 -44.25137673978193 -43.021291815647494 -44.9950358132644 -43.69158719336381 -41.4047527846478 -41.008580742936786 -41.499341105004795 -43.19000053829338 -47.0361720348721 -49.33321252531938 -9999 -9999 -9999
-9999 -9999 -9999 -9999 -9999 -9999 -9999 -9999 -9999 -9999 -9999 -9999 -9999 -9999 -9999 -9999 -9999 -9999 -9999 -9999 -9999 -53.1558039548919 -53.15931984832461 -54.196201742984115 -53.009541694264065 -51.120646833227966 -47.791504534269905 -46.42888855937034 -43.96180714299857 -43.95930743643096 -42.86394868922774 -43.469361603877545 -44.11115825319453 -44.25099930305888 -42.39861497754765 -40.18169128288753 -40.17942991689085 -39.60664167074592 -42.0778524513479 -45.0702863403399 -46.56003150309911 -47.253483870704976 -47.252788927390434 -49.966820385002954 -50.12941750815219 -50.02213433795229 -50.380034631130215 -52.502743032554655 -53.147968781234475 -9999 -9999 -9999
-9999 -9999 -9999 -9999 -9999 -9999 -9999 -9999 -9999 -9999 -9999 -9999 -9999 -9999 -9999 -9999 -9999 -9999 -9999 -9999 -51.457068989466286 -53.27547718881481 -53.1164954982159 -55.74828214800233 -59.29868387822563 -55.880604249341204 -55.882137944853255 -49.313061618590716 -42.79748206557037 -39.650761467702985 -38.261108414543706 -39.500694880630256 -40.60557634059376 -40.60085283673558 -40.906511127714964 -39.44044000470877 -39.16921013935126 -39.06785599008927 -42.663077039624135 -44.09955681255361 -44.09830332223263 -45.65915455720503 -48.43803204521081 -51.15750868266606 -54.22418389875845 -56.741974638224136 -57.475439552143285 -57.47401588767038 -58.8327435339439 -58.94376361740033 -9999 -9999
-9999 -9999 -9999 -9999 -9999 -9999 -9999 -9999 -9999 -9999 -9999 -9999 -9999 -9999 -9999 -9999 -9999 -9999 -9999 -9999 -9999 -50.4944638812053 -52.416659072021574 -52.41626594729446 -56.114752352579906 -56.934479208614796 -54.34899971187557 -51.848368250039684 -48.356184280886794 -45.47904035331681 -45.423465798325864 -41.39918303700411 -40.31151034688869 -40.75115013803777 -40.6282632035991 -40.078923483344205 -40.78849386819046 -41.96316993564759 -41.959950094691074 -44.784902896730756 -46.96304313446432 -48.61592219463067 -50.7146127136026 -53.8634443303699 -56.1730460286989 -56.1706035461204 -58.208603250620214 -59.92418884447386 -60.33780440714842 -9999 -9999 -9999
-9999 -9999 -9999 -9999 -9999 -9999 -9999 -9999 -9999 -9999 -9999 -9999 -9999 -9999 -9999 -9999 -9999 -9999 -9999 -48.678923345613754 -50.7350906909999 -53.06740351773946 -53.63751068488799 -55.64615908987442 -55.8180044601097 -52.840074495389956 -48.892214153076345 -48.892697229137866 -46.378140795741736 -46.918949065403574 -47.28434045487825 -46.325775598464524 -45.94574208863962 -46.041707346352545 -45.84132541428879 -45.84074311233013 -44.73861069532985 -43.387516570462026 -43.96262012474014 -45.38308979501106 -48.62076264081949 -52.135272113871146 -55.516267017670344 -55.51674543076884 -56.434173387473685 -58.12594082982413 -59.966245552935725 -60.827084417854564 -61.731746179373076 -62.16308812456553 -63.01278042327753 -9999
-9999 -9999 -9999 -9999 -9999 -9999 -9999 -9999 -9999 -9999 -9999 -9999 -9999 -9999 -9999 -9999 -9999 -9999 -52.46140408410564 -51.9509718467791 -53.691778671005466 -54.163782518388246 -54.61232264790186 -54.16504530876378 -52.835490881220856 -49.5792715509749 -49.579192369760285 -46.16695585783256 -44.18101833541488 -43.639328236084786 -46.13908889993567 -50.97398506477173 -55.136545520841004 -57.24302560419602 -58.02208341228138 -58.02040718680436 -58.069819865948645 -56.57734000269011 -53.68684746191825 -51.066038962841006 -49.7417862085049 -52.14627780445202 -56.67860563790597 -59.93091906160428 -59.93016130809781 -61.8753061473168 -61.41579306423621 -61.67992023466947 -62.203604473807715 -61.77490115568856 -61.51479858962631 -9999
-9999 -9999 -9999 -9999 -9999 -9999 -9999 -9999 -9999 -9999 -9999 -9999 -9999 -9999 -9999 -9999 -9999 -54.32051989247314 -54.358217611600075 -54.102308548406526 -51.96510275045856 -53.46889547890668 -53.466915719727105 -53.34319505225998 -51.97469347600789 -49.69895520306925 -47.542995954051676 -45.350016155822274 -44.4882139853434 -43.64535595266682 -42.987980610143005 -42.98889350399308 -44.77492530616477 -49.687225109490775 -54.14427526282217 -57.042853491187294 -59.78384027755314 -60.9505297334948 -60.55978525811005 -59.29994133306919 -58.298239486845645 -58.296987535240575 -59.128712627344676 -60.29663318652064 -61.23826381793672 -61.154238648044846 -60.921753932858174 -61.03754366640916 -59.95754103636246 -59.74255822253693 -9999 -9999
-9999 -9999 -9999 -9999 -9999 -9999 -9999 -9999 -9999 -9999 -9999 -9999 -9999 -48.044892254866674 -50.00931604694839 -53.689475173380096 -56.830645664773165 -56.8336329298549 -57.06060633113929 -56.6610125048298 -54.622307771945906 -52.822493400227344 -52.619363331270186 -52.67953091888622 -52.81707267962864 -53.74101041285107 -51.00065002569005 -50.99339802495475 -49.36540963303297 -48.423188363301584 -49.01058856510869 -49.621559717753684 -50.60439763037328 -53.8248268073718 -56.71259419108068 -60.47976833412186 -62.46618125500953 -65.07240563810291 -65.07186887349725 -65.67344574395224 -64.87200223700978 -64.21685716884272 -63.64019065226389 -61.311692998664505 -60.13520010605136 -60.85338676887285 -60.703188153907156 -60.04413303879881 -60.044364612020175 -59.723591488956956 -57.75803500190348 -9999
-9999 -9999 -9999 -9999 -9999 -9999 -9999 -9999 -9999 -9999 -9999 -9999 -9999 -52.07736223308907 -52.90704472237789 -54.80248027469553 -56.23991851327639 -58.028513386073435 -56.80374367356777 -55.272658463588755 -53.541169693051565 -52.52165740570886 -52.20841176352162 -52.20326151029012 -53.914963928205424 -54.84769503768776 -56.59586208514965 -55.8180622895298 -53.79212564285146 -54.702358295417994 -56.36150597064722 -58.51027968389043 -60.42284577825652 -63.05143033974112 -63.04884757328679 -65.26061211384558 -65.85821312225852 -66.43271721307678 -67.47798737579505 -67.169647653872 -66.13976968590048 -67.13656231236422 -66.742435765545 -65.34192598725025 -65.44806157543697 -65.44934579551104 -64.90544992429352 -63.99263852234026 -62.83690209941766 -60.97492184799175 -61.94947777807425 -63.55751173165199
-9999 -9999 -9999 -9999 -9999 -9999 -9999 -9999 -9999 -9999 -9999 -9999 -9999 -56.49222619532434 -58.79038604479367 -55.520726981160095 -54.720609190001326 -55.49737182211688 -55.61023966000613 -55.47487580113426 -54.44552122839018 -53.886272529546744 -55.85463518360795 -56.864566460526994 -59.83509714094819 -60.76863905054923 -62.50193684056487 -62.04448053657764 -60.98657085014153 -59.68851532014904 -60.82725558895896 -61.969937480131854 -61.85656390274488 -62.49567011800705 -63.280599359144105 -64.93889859480124 -65.51695064090724 -65.06390872977407 -65.72904017297468 -68.10942388821097 -69.1214904200391 -68.89589671221522 -68.63437892868718 -64.47098205259954 -9999 -9999 -9999 -9999 -9999 -9999 -9999 -9999
-9999 -9999 -9999 -9999 -9999 -9999 -9999 -9999 -9999 -9999 -9999 -9999 -9999 -59.80778363610033 -59.72258959259351 -57.0066597837535 -54.51755316747496 -52.91857399342532 -54.51762955360947 -57.372470989441936 -60.223765742346075 -62.5067795769448 -62.23334832820275 -62.00243594642995 -62.32980688060463 -64.38850578940983 -65.48916070946821 -64.84358172799767 -64.84385541588838 -63.13084251381258 -62.250287715991995 -61.96791784458568 -62.64020552703576 -62.872378367929535 -63.549769696459215 -63.193656634672756 -63.40796724475931 -63.094040943257475 -65.11153147332568 -67.46333373402348 -68.55756756646984 -9999 -9999 -9999 -9999 -9999 -9999 -9999 -9999 -9999 -9999 -9999
-9999 -9999 -9999 -9999 -9999 -9999 -9999 -9999 -9999 -9999 -9999 -9999 -66.44656063231164 -63.720045063359755 -59.522228137227906 -54.58405419351643 -52.12265651217698 -52.43862450329879 -55.67050690330783 -58.33582754206065 -61.296038601960284 -61.29416084839652 -63.989090469589634 -64.43086463963904 -65.25341149568729 -67.00639637134313 -68.35027744274154 -68.36708456282778 -66.70234978016263 -65.35324634902214 -64.93912442507403 -65.1504531522347 -65.93608966881064 -66.8320949382925 -67.52084554688956 -66.92704353746252 -66.2868805274623 -66.2855198026686 -67.67685569162698 -67.73610419372154 -65.55893125829752 -9999 -9999 -9999 -9999 -9999 -9999 -9999 -9999 -9999 -9999 -9999
-9999 -9999 -9999 -9999 -9999 -9999 -9999 -9999 -9999 -9999 -9999 -59.325135119408856 -59.29237753163226 -61.05717283441861 -61.01066383405149 -58.10808399823089 -55.03745369919322 -56.34571906650328 -57.67837033468461 -60.176283322276 -61.7361905483889 -62.95902532700099 -62.76935713357316 -62.88995731363178 -64.74968165114514 -66.5743285382549 -69.45841033685299 -69.37913573445718 -68.68878224419512 -67.57539652273945 -66.86931176977058 -66.87251013622473 -66.7120261791206 -67.8774222196955 -68.89799962600682 -69.40290147067118 -68.61408158200146 -69.16306710544573 -68.52453887942013 -63.153606721499784 -9999 -9999 -9999 -9999 -9999 -9999 -9999 -9999 -9999 -9999 -9999 -9999
-9999 -9999 -9999 -9999 -9999 -9999 -9999 -9999 -9999 -9999 -54.61582082478461 -53.72736627746835 -53.822150954066885 -54.7774748861118 -56.00995543836724 -57.59723460174422 -60.44774011256094 -61.89370843780447 -61.06770383793884 -62.92698419737387 -64.39529122341443 -66.5358957116481 -67.3622538325005 -65.45985228567943 -64.36744973972091 -63.29590584771997 -64.12283510682971 -65.60436475554789 -68.03924714181214 -69.46331941689186 -69.88853452500274 -69.47901588655975 -68.09934555028143 -69.04438575109944 -68.90730632936622 -68.37411505580212 -67.96130641178786 -66.16447944234869 -64.61876848727829 -9999 -9999 -9999 -9999 -9999 -9999 -9999 -9999 -9999 -9999 -9999 -9999 -9999
-9999 -9999 -9999 -9999 -9999 -9999 -9999 -9999 -9999 -9999 -9999 -9999 -57.33111848696404 -60.32347019817462 -63.64313069891285 -63.646099388578435 -65.59621735842279 -66.20997519001905 -66.30891934192151 -66.5462529321025 -67.17451514942006 -66.99328776406739 -68.90885271903197 -69.19250249448552 -68.61742393173411 -67.53057434258234 -65.66307038890626 -65.80132900403869 -65.68603760238946 -67.41643694958151 -69.01327803079279 -69.29136871659644 -68.03595848860272 -66.43582317940913 -65.171541458582 -65.71321127544756 -67.91598549606607 -68.70618167560849 -65.80497346184984 -58.86341826602617 -9999 -9999 -9999 -9999 -9999 -9999 -9999 -9999 -9999 -9999 -9999 -9999
-9999 -9999 -9999 -9999 -9999 -9999 -9999 -9999 -9999 -9999 -9999 -53.575817825261716 -54.341946881189095 -56.207064604261724 -60.11052317483859 -63.810045028550995 -67.04335644511254 -68.95527870536935 -69.62450797233862 -68.83524958437278 -68.85062543753446 -69.37730131346675 -70.65554645936547 -69.87127270675597 -69.2519551741747 -69.25935450362837 -68.64520988325768 -68.81580481020265 -69.1871019724728 -68.11998893846817 -67.86418699556937 -67.63656453037002 -66.65006761808728 -65.92681206747875 -65.92644407383881 -66.83064456606415 -69.85748707225278 -69.28043043810088 -64.67767804195086 -9999 -9999 -9999 -9999 -9999 -9999 -9999 -9999 -9999 -9999 -9999 -9999 -9999
-9999 -9999 -9999 -9999 -9999 -51.26362365891186 -51.61285971979564 -50.877397169283654 -50.6599787593568 -49.09172072858708 -51.76174682531872 -57.18203491658271 -57.18082876042222 -60.45460615208328 -62.42491209320035 -64.13269784959597 -66.31536574442772 -68.81309144119169 -70.19904386854849 -69.59138372462556 -69.43267037435223 -69.8777585722222 -70.47641743705755 -71.2780269267503 -70.9143598831458 -69.44385867585336 -68.47221964757986 -69.45470312241319 -69.95523342197406 -70.11384945514402 -69.73616926310497 -68.41115072033679 -67.82369707796397 -67.05271195952578 -67.25579523021689 -67.73321879237604 -66.07124216692016 -59.14035624950347 -9999 -9999 -9999 -9999 -9999 -9999 -9999 -9999 -9999 -9999 -9999 -9999 -9999 -9999
-9999 -9999 -9999 -9999 -53.34852078590747 -52.641236670580454 -51.30125734225022 -52.01193355325953 -53.76076379834362 -55.341672635802404 -56.93083820309596 -59.334544544709104 -60.63650394856823 -63.079054735392255 -65.49781367269044 -67.21457338022104 -68.9015227333148 -69.99856225336903 -69.33102780823413 -69.8306671322086 -69.70831324244133 -70.17015294111664 -70.52229982976482 -71.66310847621206 -71.33731369409331 -70.60910650859121 -71.04984783223752 -72.19456675169816 -71.43175158606891 -70.00058045375722 -69.47854018601404 -67.97578155374825 -67.3207890527686 -64.96741843537485 -61.65811618152013 -9999 -9999 -9999 -9999 -9999 -9999 -9999 -9999 -9999 -9999 -9999 -9999 -9999 -9999 -9999 -9999 -9999
-9999 -9999 -9999 -46.15394802379758 -47.916914323401926 -52.206268860977495 -55.68710854547188 -57.67675473930172 -59.3268078280884 -60.23648198896056 -60.72240981480512 -63.42509031975461 -64.93107916484057 -66.23190123884646 -67.45830718094092 -69.35921555923079 -69.7608768206396 -70.58120233110094 -70.4966441123063 -70.76695474307887 -70.45486022512115 -69.72378367066413 -69.02984767031418 -69.74227248265979 -69.11006385459324 -68.71414768631524 -66.9757496006754 -66.83629597489312 -66.20265819664165 -63.19106216466114 -58.99373614218508 -9999 -9999 -9999 -9999 -9999 -9999 -9999 -9999 -9999 -9999 -9999 -9999 -9999 -9999 -9999 -9999 -9999 -9999 -9999 -9999 -9999
-9999 -9999 -9999 -45.122775497204934 -40.940140263330505 -36.66803065988979 -39.617660386604655 -44.788042164774005 -49.17679256791856 -52.72331100923599 -55.94140619518954 -58.50470053417711 -63.101644668208415 -65.4282113059799 -67.29616717341885 -68.92336417430127 -68.95437743272544 -70.65902598660513 -70.11828134926536 -70.36434839014096 -70.06626314181439 -69.48636458908155 -68.54945599968197 -68.62200976012757 -68.4499525451606 -67.33550658343813 -66.00763547595484 -64.2591378758681 -61.55317393542636 -9999 -9999 -9999 -9999 -9999 -9999 -9999 -9999 -9999 -9999 -9999 -9999 -9999 -9999 -9999 -9999 -9999 -9999 -9999 -9999 -9999 -9999 -9999
-9999 -9999 -9999 -50.88996390334864 -51.989237013628575 -49.17932059177451 -43.23521994172407 -44.72126101234357 -49.982524237215 -54.51260040078079 -58.970890484934245 -60.971062926718645 -64.72418320576335 -67.13733091555932 -67.3908362332011 -68.32220637683477 -69.17707811539525 -69.90106599518971 -70.0444019397579 -70.18063212531267 -69.77642838575467 -68.21213806939554 -68.26957574647608 -67.74043696220126 -65.22635473955471 -64.66487562737218 -61.247284621226854 -55.70188840560058 -9999 -9999 -9999 -9999 -9999 -9999 -9999 -9999 -9999 -9999 -9999 -9999 -9999 -9999 -9999 -9999 -9999 -9999 -9999 -9999 -9999 -9999 -9999 -9999
-9999 -9999 -9999 -52.57163490990301 -51.77290690294718 -51.95859335142047 -54.10584630987235 -57.33920343538685 -58.96437921319322 -60.41973000323536 -62.222302224397716 -63.78258749229429 -64.45976051490831 -66.25942260951048 -69.74510706459395 -70.5586742980587 -70.17026899787625 -69.70541328350629 -69.47619556526824 -69.503221585102 -67.57294137560393 -66.5054826911584 -65.8575147410426 -65.39223599564379 -64.71781497952941 -61.754359530697954 -56.69089377720433 -9999 -9999 -9999 -9999 -9999 -9999 -9999 -9999 -9999 -9999 -9999 -9999 -9999 -9999 -9999 -9999 -9999 -9999 -9999 -9999 -9999 -9999 -9999 -9999 -9999
-9999 -9999 -9999 -9999 -50.93092791862361 -52.8901415415131 -56.108375739956976 -58.9007830974945 -60.469260239295814 -61.61429694571075 -61.232713052036104 -62.02493776492076 -65.39445389555759 -66.4401913069094 -68.14778404956373 -69.68150387594105 -69.81070186281586 -70.10760809106408 -69.38353268036981 -67.83433017519363 -65.8874662176967 -64.02371441653932 -62.59062926184392 -58.67608359340904 -9999 -9999 -9999 -9999 -9999 -9999 -9999 -9999 -9999 -9999 -9999 -9999 -9999 -9999 -9999 -9999 -9999 -9999 -9999 -9999 -9999 -9999 -9999 -9999 -9999 -9999 -9999 -9999
-9999 -9999 -9999 -9999 -57.569342675826206 -59.54492342304879 -60.47027672252449 -61.639364140393326 -62.08064241788456 -62.66769179077213 -65.33882310129053 -67.21686526050452 -67.77884285680861 -66.99811450661787 -67.60727974054379 -67.43978276651988 -67.54203077673121 -67.85661752577685 -68.83061283346836 -68.67560852084665 -68.80716859646488 -67.35146635407851 -62.313781326916505 -57.417516077948314 -42.00405347159328 -9999 -9999 -9999 -9999 -9999 -9999 -9999 -9999 -9999 -9999 -9999 -9999 -9999 -9999 -9999 -9999 -9999 -9999 -9999 -9999 -9999 -9999 -9999 -9999 -9999 -9999 -9999
-9999 -9999 -9999 -9999 -62.85709105722292 -64.6956733606554 -67.52932448928368 -68.34761956540845 -67.45985700211206 -66.63445326499827 -66.69672316987281 -67.751424034598 -67.15988233838566 -66.64535699850217 -66.80602704824287 -67.73802775675325 -68.47617730086057 -68.79429981568501 -68.58156967477152 -67.92873582137261 -66.1623560295087 -64.52774495011467 -63.242733179055826 -59.513868974533636 -9999 -9999 -9999 -9999 -9999 -9999 -9999 -9999 -9999 -9999 -9999 -9999 -9999 -9999 -9999 -9999 -9999 -9999 -9999 -9999 -9999 -9999 -9999 -9999 -9999 -9999 -9999 -9999
