metrics/grid_rasters/ASCAT 12.5 TS/grideval_ASCAT 12.5 TS_S_summer_absolute_ubrmsd.asc
ncols 52
nrows 55
xllcorner     11.25
yllcorner     55.25
cellsize      0.25
NODATA_value  -9999
[rows 0 to 29 of 55, columns 0 to 51 of 52]
-9999 -9999 -9999 -9999 -9999 -9999 -9999 -9999 -9999 -9999 -9999 -9999 -9999 -9999 -9999 -9999 -9999 -9999 -9999 -9999 -9999 -9999 -9999 -9999 -9999 -9999 -9999 -9999 -9999 -9999 -9999 -9999 -9999 -9999 -9999 -9999 11.029795699422078 12.248928666626641 10.235411235575656 -9999 -9999 -9999 -9999 -9999 -9999 -9999 -9999 -9999 -9999 -9999 -9999 -9999
-9999 -9999 -9999 -9999 -9999 -9999 -9999 -9999 -9999 -9999 -9999 -9999 -9999 -9999 -9999 -9999 -9999 -9999 -9999 -9999 -9999 -9999 -9999 -9999 -9999 -9999 -9999 -9999 -9999 -9999 -9999 -9999 -9999 -9999 -9999 -9999 9.390601009678818 7.3584621517139865 6.635554819068388 6.607177976130347 6.764259828046228 6.764123454237452 -9999 -9999 -9999 -9999 -9999 -9999 -9999 -9999 -9999 -9999
-9999 -9999 -9999 -9999 -9999 -9999 -9999 -9999 -9999 -9999 -9999 -9999 -9999 -9999 -9999 -9999 -9999 -9999 -9999 -9999 -9999 -9999 -9999 -9999 -9999 -9999 -9999 21.832290020600105 21.841141353737832 22.014764669479728 20.43143830655793 18.04906318392085 15.270373427288575 11.550497960354008 -9999 9.472278616051264 8.042749153163756 6.4769571439982805 5.7204616187486845 5.827250629093252 5.8272543320025925 6.006598701688132 6.093655077232954 6.122385364734643 6.047297964701512 6.046688495718469 -9999 -9999 -9999 -9999 -9999 -9999
-9999 -9999 -9999 -9999 -9999 -9999 -9999 -9999 -9999 -9999 -9999 -9999 -9999 -9999 -9999 -9999 -9999 -9999 -9999 -9999 -9999 -9999 -9999 -9999 -9999 -9999 -9999 23.94783012169087 23.92853713230319 22.726154946138557 19.255978208626853 15.466886069220436 15.468878147208637 11.958450626047355 10.024953460813217 8.978080252293337 8.20744348284017 7.35444108237531 7.354804219807705 6.76863576253265 6.529742604480351 6.480679566520506 6.393817404307937 6.587321096424572 6.586286203093687 6.7464416186162675 6.693648440765075 6.656750074191064 -9999 -9999 -9999 -9999
-9999 -9999 -9999 -9999 -9999 -9999 -9999 -9999 -9999 -9999 -9999 -9999 -9999 -9999 -9999 -9999 -9999 -9999 -9999 -9999 -9999 -9999 19.352694472442803 18.828835477902263 21.293073362616287 22.423410650696496 23.047748744002398 22.49608362363523 19.60770554125369 15.919670601875506 18.175274297887217 13.750344460763571 10.226163694373165 8.996272051519286 8.613676410773353 8.03846147066085 8.637106791711046 8.46551439747299 8.317308034910589 8.074396087794772 7.665717561684469 7.126207737794557 6.7873910541104925 6.857696962558285 7.039263379089562 7.392414357695384 7.3554043412443315 7.487820264125299 7.303278968377509 -9999 -9999 -9999
-9999 -9999 -9999 -9999 -9999 -9999 -9999 -9999 -9999 -9999 -9999 -9999 -9999 -9999 -9999 -9999 -9999 -9999 -9999 -9999 -9999 19.78504943646742 19.78593873508991 20.08571914445082 20.197342293106068 20.279236364020697 19.541976220852614 17.711432698132167 15.281207183742296 15.278525943251855 11.036795534928265 8.081641190116269 6.7882562980741366 6.190920775385544 6.412335444702977 7.139999323097937 7.140216837286488 7.940999683886162 8.35412130523455 8.237593947643054 7.879686927775586 7.548737048589822 7.548707048545964 7.0810164222356375 6.898683618800813 6.888137807407079 6.995789568754878 7.122685328865757 7.217725958568687 -9999 -9999 -9999
-9999 -9999 -9999 -9999 -9999 -9999 -9999 -9999 -9999 -9999 -9999 -9999 -9999 -9999 -9999 -9999 -9999 -9999 -9999 -9999 19.873778157359556 20.366868562876824 21.387440086657378 22.446308834186734 22.84375478917233 22.097656361975975 22.09514140500731 18.894425915455184 15.732706615829265 11.744639512260337 9.218521354148674 7.762107721846645 6.772803098247522 6.772940269479872 6.434940455429912 6.917481968988959 7.817700190358647 8.795681985870363 8.831321469107886 8.630016033295272 8.630681616481848 8.204524488408639 7.822607040425553 7.474448677422135 7.038138024582576 6.678512025136381 6.684430688436004 6.683505142014838 6.8997975564522696 7.1539882542905655 -9999 -9999
-9999 -9999 -9999 -9999 -9999 -9999 -9999 -9999 -9999 -9999 -9999 -9999 -9999 -9999 -9999 -9999 -9999 -9999 -9999 -9999 -9999 21.468824639022753 20.361736029879 20.363429684913974 19.9744678643235 18.730141694508944 17.217451521866895 13.944102877344019 11.153603087591048 9.58266761745892 9.580009946728179 9.038931671199533 8.229002407578605 7.3784736183983695 6.733104650625049 6.9364697713097705 7.675317078623874 8.601937870143978 8.601457269777098 8.661430315857201 8.32351173265991 7.9428513035864245 7.6886267090746125 7.316251580320749 7.277616792789731 7.27763669317792 7.274090534633464 7.351835026433977 7.397198253294466 -9999 -9999 -9999
-9999 -9999 -9999 -9999 -9999 -9999 -9999 -9999 -9999 -9999 -9999 -9999 -9999 -9999 -9999 -9999 -9999 -9999 -9999 18.988751045864447 18.31275831172493 17.197151394637338 16.753174597680967 16.010110736569413 14.288511599664785 13.397662000916446 12.166610781974585 12.164715314010394 10.783552715051126 9.945240277499034 9.407504225069731 8.641391764819295 8.289464324748227 7.908586763540369 7.286890000057767 7.286990477034728 6.9704839091797925 7.069661383139799 7.186849267688227 7.474397473098167 7.602019644858492 7.3570801725936565 7.253321721912504 7.252974737473633 7.177888873625883 7.218506398431872 7.315607678082293 7.389108490636772 7.569761815159588 7.580049551405931 7.594266828421191 -9999
-9999 -9999 -9999 -9999 -9999 -9999 -9999 -9999 -9999 -9999 -9999 -9999 -9999 -9999 -9999 -9999 -9999 -9999 17.38535456321479 14.709723229949667 11.795050665746265 10.538509125452793 9.687794647938496 9.065739129914334 8.724795741678697 8.453560191245032 8.453489875763411 8.493992550640753 8.47367404442899 8.453901032235057 8.161431309942488 7.601544410291573 7.257877150287695 7.473747648442079 7.4890677755664194 7.489222302842126 7.358012750662175 7.2929187242176505 7.086787552543683 6.866208077772068 7.070866140368007 7.066658310296263 7.174775362482437 7.122231959773465 7.121769372170885 7.198644091369967 7.3427840635810115 7.370223049843648 7.552284900858479 7.572463331800225 7.569845263010698 -9999
-9999 -9999 -9999 -9999 -9999 -9999 -9999 -9999 -9999 -9999 -9999 -9999 -9999 -9999 -9999 -9999 -9999 15.932392356367231 14.219233655697256 11.193814893031817 9.54297697943921 8.816366295262053 8.817118627505678 8.578166532859576 8.36991399879467 8.387773488898972 8.461688106477656 8.301640163601189 7.981647465588076 7.397307184235879 7.1880189134889125 7.1877125424036725 7.167225042777487 7.188802175135381 7.0922095802372604 6.960527928998686 7.050981911110048 7.126877207197813 7.1360244431230955 7.19564968629342 7.236433072931514 7.236381128961407 7.1704479865333415 7.106090219773182 6.807508989083985 6.927848167554313 7.028514812558157 7.297003534920325 7.514463238044933 7.413437117314807 -9999 -9999
-9999 -9999 -9999 -9999 -9999 -9999 -9999 -9999 -9999 -9999 -9999 -9999 -9999 14.637889019073851 14.27740156209482 13.509172476506544 12.928974172095765 12.927248466928908 12.292240741348673 10.976401004714527 9.850682833435208 9.332762905590988 9.1999084405056 8.917988895569769 8.551317540061914 8.277328044207911 7.974535596237388 7.9710683671600755 7.8031702720109335 7.6216552654527225 7.376921013143513 7.201112654486544 7.299173212670166 7.133910518843567 7.148459936126286 7.164030560637428 7.226910703134383 7.513319299526466 7.513711557239972 7.482289939706089 7.491881644814389 7.366981170279356 7.299615200979504 7.188111318474499 6.9827518463624765 7.077154000766562 7.243322027936026 7.252344125922469 7.252864009150865 7.428288765242693 7.819215664768449 -9999
-9999 -9999 -9999 -9999 -9999 -9999 -9999 -9999 -9999 -9999 -9999 -9999 -9999 14.462311942702506 13.881734224355107 12.955530382336375 12.278821689427055 10.775587497430546 10.466017136108329 10.237697321744962 9.929455313101993 10.036636361992711 9.649040481771666 9.6481799602442 9.02613454769216 8.309620701519632 7.933232027881753 7.725585893126607 7.79736253387397 7.889026845888434 7.661179817799798 7.664923972872722 7.735112201979116 7.860840910094024 7.860414746224247 7.707186813752547 7.609798084972045 7.473608451939918 7.4625628178289585 7.451037888757492 7.374395145496208 7.527875111330764 7.735352217349732 8.024794779916277 8.118313433612999 8.118656142114265 8.000760423115318 8.15324556306269 8.093070024784245 8.120673738948486 8.640397297116545 9.207878995186446
-9999 -9999 -9999 -9999 -9999 -9999 -9999 -9999 -9999 -9999 -9999 -9999 -9999 11.393131772790436 9.678268192099264 9.783644916019073 10.294806466488232 10.65224547953586 10.260330669327814 10.026638263732584 9.830951443311383 9.590202566349637 9.454704362245117 9.238664678126188 8.914859777297599 8.246324567280666 7.541120681325292 7.1916300388132015 7.299652504997764 7.448498684736582 7.705719358685224 7.635581082167411 7.690211124878631 7.7984796602680815 7.763833400922443 7.800668409316483 7.982171286210431 7.792393599732693 7.9574348958376175 7.783290688301458 7.854407482902372 8.29235328615158 9.726621041450345 15.256081400896663 -9999 -9999 -9999 -9999 -9999 -9999 -9999 -9999
-9999 -9999 -9999 -9999 -9999 -9999 -9999 -9999 -9999 -9999 -9999 -9999 -9999 10.969400365852193 8.979431771462252 8.733528257757039 9.657045528919944 10.637968318390085 10.439709642247122 9.802366174150684 9.525149793373416 9.346321603868876 9.197320423868376 8.998807417572197 8.434463926447767 8.087163465999502 7.549262071270719 7.132584484629133 7.13248436406629 7.062999927782349 7.0568229855956695 7.117494455408733 7.1292367603202225 7.189579457700418 7.221414854847598 7.1552435640813234 7.098337529222883 7.352521590845469 7.7567577697419985 8.457539135902783 9.362904341507242 -9999 -9999 -9999 -9999 -9999 -9999 -9999 -9999 -9999 -9999 -9999
-9999 -9999 -9999 -9999 -9999 -9999 -9999 -9999 -9999 -9999 -9999 -9999 12.300143575434422 10.261964021444992 9.535335501726909 10.099352998458944 10.324658576349844 10.100479668811953 9.490195442266877 9.265933407346703 8.841788655345304 8.84196529060699 8.734507274429282 8.497147201712746 8.410004258557423 8.124802625335583 7.714792108459992 7.538660722471486 7.385100001971607 7.220418278220898 7.115979797499688 7.119810414595754 7.217672314953762 7.2705726007397615 7.04893516971168 6.955524506691423 7.101628163451232 7.101813946094162 7.458178794052005 8.169249360066607 10.775883234974556 -9999 -9999 -9999 -9999 -9999 -9999 -9999 -9999 -9999 -9999 -9999
-9999 -9999 -9999 -9999 -9999 -9999 -9999 -9999 -9999 -9999 -9999 9.298398341232012 9.297115790849796 9.34912359951733 9.828701368381182 10.14921249128775 10.16865427398989 9.745082961374967 9.29706965178874 8.881930152120766 8.448299535589165 8.065177386153204 7.82357833959754 7.836853193706967 7.907945897854437 8.040177724609617 7.933859139147055 7.681765075530566 7.541953165281288 7.2292117440470065 7.238410266974141 7.238873384007426 7.5784588746586214 7.645119652220801 7.545600653500391 7.480357831927452 7.695161220511872 8.094395154473796 8.891380159466706 13.945548302120214 -9999 -9999 -9999 -9999 -9999 -9999 -9999 -9999 -9999 -9999 -9999 -9999
-9999 -9999 -9999 -9999 -9999 -9999 -9999 -9999 -9999 -9999 8.722002906077796 9.233359061165338 9.516274288812614 9.779325512225014 10.069450673516394 9.937015620252195 9.360115572926725 8.925162806450453 8.607576155290795 8.213204566702846 7.86389408934362 7.550233101575639 7.333342402767397 7.369134701462936 7.412079983027035 7.558809216153837 7.7401621881010385 7.796107855683732 7.790602940203098 7.481394102361819 7.144782128059738 7.096945285153463 7.171618502493117 7.279068611538277 7.36520247541646 7.6532061617658815 8.046143662457222 8.882421868232148 10.777734754676109 -9999 -9999 -9999 -9999 -9999 -9999 -9999 -9999 -9999 -9999 -9999 -9999 -9999
-9999 -9999 -9999 -9999 -9999 -9999 -9999 -9999 -9999 -9999 -9999 -9999 10.120441472233116 10.092103358173283 9.953636839267773 9.953750803439023 9.715151208478957 9.349154440633892 8.931611497501223 8.556939784355974 7.9507395657822135 7.69315530043283 7.408365013668176 7.438858345714213 7.399592733271094 7.709581521833652 7.983744659774184 7.95891173920405 8.025587578351129 7.710241629611704 7.664750776682682 7.425849886027392 7.3453648340927185 7.2147815916084435 7.014269002894187 7.363473729911161 8.108844718187227 9.21229252928669 11.513063006966842 13.67373082967946 -9999 -9999 -9999 -9999 -9999 -9999 -9999 -9999 -9999 -9999 -9999 -9999
-9999 -9999 -9999 -9999 -9999 -9999 -9999 -9999 -9999 -9999 -9999 9.190808984121496 9.57085941164485 9.967864652786039 10.030058954518164 9.776432634190014 9.346091214774919 8.797898964501641 8.53092911027676 8.182135481151034 7.89371465171519 7.855670553599117 7.693911853995133 7.612722125064378 7.634087532984963 7.8013802736579825 7.840738565738247 7.723980242048642 7.682534613323248 7.536201771954482 7.559695862602727 7.547962967443095 7.541039874992591 7.525162503929349 7.525375510741606 7.530818178510892 8.155441321626368 9.12811466393331 11.020230541992364 -9999 -9999 -9999 -9999 -9999 -9999 -9999 -9999 -9999 -9999 -9999 -9999 -9999
-9999 -9999 -9999 -9999 -9999 6.9568801865885534 7.467403421954192 7.969955036304153 8.393697477868137 8.731877101022793 9.518704664681831 9.699728096158218 9.699307754045126 9.615906571638977 9.496423944125217 9.340801388244644 8.78710868952126 8.2661332316519 8.059510515735179 8.077388698723944 8.092665749343443 7.937234277313009 7.796632593333945 7.7360922644455705 7.802099420218698 7.859574961950067 7.633013641879865 7.530167345944411 7.638970293941702 7.6654682460177535 7.5907876208491745 7.613277897368463 7.683057099642874 7.9597215350380175 8.811679056858226 9.376229041096686 10.182773573662669 11.997023528371734 -9999 -9999 -9999 -9999 -9999 -9999 -9999 -9999 -9999 -9999 -9999 -9999 -9999 -9999
-9999 -9999 -9999 -9999 7.070406308435963 7.363404088276943 8.576704145713366 9.36010715097245 9.718987110005934 9.89723682428927 9.69613769898201 9.642476203415342 9.666047148813453 9.125562748944967 8.819631033182247 8.482038963345367 8.020092637089927 7.9999905101960005 8.035126325988708 8.162049709773951 8.253053771198982 8.297275438441918 8.067430377356617 7.70583278506359 7.751371925105957 7.6288023666329225 7.5537399230119355 7.566903382010107 7.6550090426618445 7.850105472782126 7.952572378356866 8.249396567618929 8.735303471778705 9.614297354459977 12.32581477758688 -9999 -9999 -9999 -9999 -9999 -9999 -9999 -9999 -9999 -9999 -9999 -9999 -9999 -9999 -9999 -9999 -9999
-9999 -9999 -9999 8.20257344969918 8.352248469586327 8.548598053212594 8.877728960076311 9.375345050967061 9.526813970339065 9.507016715185623 9.655385736708713 9.265466865981564 9.350262404261766 9.131945802699569 8.927558973771841 8.635860052502649 8.330469814793119 8.399826141399831 8.418276373849777 8.498981114035058 8.453207064644014 8.37366392275297 8.176331444643736 7.9109706051742 7.7242055075474525 7.493017867035234 7.5647064392205365 7.995932191324933 8.365103630225015 9.813388205275787 12.55165802822479 -9999 -9999 -9999 -9999 -9999 -9999 -9999 -9999 -9999 -9999 -9999 -9999 -9999 -9999 -9999 -9999 -9999 -9999 -9999 -9999 -9999
-9999 -9999 -9999 9.986837045039678 11.395784611539181 11.806469028407893 11.1246501473814 10.38810937976892 10.199749258071904 9.836927052377774 9.330150394878947 9.488282031343065 9.33666638780163 9.476272577693663 9.062817732767579 8.825464485910858 8.841297037175284 8.895268745706261 8.984161901828957 8.698694360390524 8.647576866979655 8.676711542384078 8.52343275948761 8.200070025493263 7.753477061628492 7.64625087038106 8.051324970693901 9.01604939765118 10.647661785218256 -9999 -9999 -9999 -9999 -9999 -9999 -9999 -9999 -9999 -9999 -9999 -9999 -9999 -9999 -9999 -9999 -9999 -9999 -9999 -9999 -9999 -9999 -9999
-9999 -9999 -9999 8.526477530620761 8.901036873343347 9.638295877513627 10.352250001550232 10.0814069840018 9.3804621958642 9.024433285072538 8.419492187787089 8.714139712628171 9.22388308808076 8.996894009188527 9.214540440596668 9.379350648995505 9.321399466924873 9.212081449458893 9.079161006710477 8.879607010581392 8.667266621171413 8.78247344027372 8.523579453050477 8.16996929589217 8.166627081056625 8.681587247723419 10.303355484532874 14.288860948016625 -9999 -9999 -9999 -9999 -9999 -9999 -9999 -9999 -9999 -9999 -9999 -9999 -9999 -9999 -9999 -9999 -9999 -9999 -9999 -9999 -9999 -9999 -9999 -9999
-9999 -9999 -9999 8.363020519612038 9.138175394303095 9.54988162939878 9.407044072505633 9.018997216161733 8.619660798175104 8.303920015707968 8.499192600728309 8.8591149602128 9.314140874343211 9.393332844550631 9.072553279799159 9.217777487938731 9.461063085501626 9.499833525489967 9.587599083724404 9.373310865263877 9.288871277469985 9.069456055850347 9.09123834881142 8.868868411142474 8.629922939327164 9.259519634197376 11.949452067537957 -9999 -9999 -9999 -9999 -9999 -9999 -9999 -9999 -9999 -9999 -9999 -9999 -9999 -9999 -9999 -9999 -9999 -9999 -9999 -9999 -9999 -9999 -9999 -9999 -9999
-9999 -9999 -9999 -9999 9.224762232765967 9.542241141241892 9.695288817448343 9.612942672472695 9.278180719907915 9.12870497031256 9.019141587522878 9.045648203606293 8.796330329772859 9.145869060952313 9.331828595410666 9.591425194295507 9.478450017342654 9.604203405695296 9.698833310987894 9.795978403992939 9.787826650811342 9.841634589786937 9.871537697143436 10.288395174063998 -9999 -9999 -9999 -9999 -9999 -9999 -9999 -9999 -9999 -9999 -9999 -9999 -9999 -9999 -9999 -9999 -9999 -9999 -9999 -9999 -9999 -9999 -9999 -9999 -9999 -9999 -9999 -9999
-9999 -9999 -9999 -9999 9.293175108452335 8.988897177028461 8.951711499837543 8.788284745258405 8.929427400604581 8.812101443849052 8.639740464716661 8.336180076164451 8.444933314284947 8.588200144025311 9.06767685243268 9.346293752215773 9.496224348681926 9.575393179243965 9.646324175008148 9.646833372981117 9.577200981084466 9.659750527421279 9.862662608607543 11.528464251211624 16.242248965705567 -9999 -9999 -9999 -9999 -9999 -9999 -9999 -9999 -9999 -9999 -9999 -9999 -9999 -9999 -9999 -9999 -9999 -9999 -9999 -9999 -9999 -9999 -9999 -9999 -9999 -9999 -9999
-9999 -9999 -9999 -9999 8.806559098770789 8.861019294246049 8.671726528799677 8.261110360578021 8.00295632526433 8.04490301422554 8.23530241192666 8.154088110518675 8.501672975133545 8.651825447139469 8.8233441049085 8.932243948600817 8.958602223756593 9.065158922700595 9.307001791961838 9.499927832985408 9.531143472310394 9.621224164802301 9.4149600916215 11.056204728816631 -9999 -9999 -9999 -9999 -9999 -9999 -9999 -9999 -9999 -9999 -9999 -9999 -9999 -9999 -9999 -9999 -9999 -9999 -9999 -9999 -9999 -9999 -9999 -9999 -9999 -9999 -9999 -9999
-9999 -9999 -9999 -9999 9.330118948332176 9.054772723298862 8.272861945872503 7.678903507044907 7.637059034597472 7.82980342550174 8.159597095333442 8.15236782653083 8.023411651189782 8.220267199131383 8.252847063948956 8.549554710413435 8.828165716205895 8.703539757589155 8.822947722283514 9.040956613833492 9.068626668609246 9.134539914939458 11.210516536037957 -9999 -9999 -9999 -9999 -9999 -9999 -9999 -9999 -9999 -9999 -9999 -9999 -9999 -9999 -9999 -9999 -9999 -9999 -9999 -9999 -9999 -9999 -9999 -9999 -9999 -9999 -9999 -9999 -9999
