metrics/grid_rasters/ASCAT 12.5 TS/grideval_ASCAT 12.5 TS_X_winter_2016_absolute_bias.asc
ncols 52
nrows 55
xllcorner     11.25
yllcorner     55.25
cellsize      0.25
NODATA_value  -9999
[rows 0 to 28 of 55, columns 0 to 51 of 52]
-9999 -9999 -9999 -9999 -9999 -9999 -9999 -9999 -9999 -9999 -9999 -9999 -9999 -9999 -9999 -9999 -9999 -9999 -9999 -9999 -9999 -9999 -9999 -9999 -9999 -9999 -9999 -9999 -9999 -9999 -9999 -9999 -9999 -9999 -9999 -9999 -58.4614308096132 -57.557659045941705 -56.67936370118975 -9999 -9999 -9999 -9999 -9999 -9999 -9999 -9999 -9999 -9999 -9999 -9999 -9999
-9999 -9999 -9999 -9999 -9999 -9999 -9999 -9999 -9999 -9999 -9999 -9999 -9999 -9999 -9999 -9999 -9999 -9999 -9999 -9999 -9999 -9999 -9999 -9999 -9999 -9999 -9999 -9999 -9999 -9999 -9999 -9999 -9999 -9999 -9999 -9999 -51.98927125812372 -59.11472237422893 -59.05406050718897 -55.523832580744845 -50.925006117922315 -50.924190844710225 -9999 -9999 -9999 -9999 -9999 -9999 -9999 -9999 -9999 -9999
-9999 -9999 -9999 -9999 -9999 -9999 -9999 -9999 -9999 -9999 -9999 -9999 -9999 -9999 -9999 -9999 -9999 -9999 -9999 -9999 -9999 -9999 -9999 -9999 -9999 -9999 -9999 -53.93264733404796 -53.97784279598238 -53.98596929433397 -50.21774533580358 -42.793372732450116 -31.661895829075398 -29.229840066295104 -9999 -33.98102936310483 -43.22111779797179 -53.42506930786835 -56.172895029632826 -53.780533476220434 -53.783327167939184 -50.501516935345705 -46.821737066946646 -42.74347742086548 -41.44085070491994 -41.44096664188484 -9999 -9999 -9999 -9999 -9999 -9999
-9999 -9999 -9999 -9999 -9999 -9999 -9999 -9999 -9999 -9999 -9999 -9999 -9999 -9999 -9999 -9999 -9999 -9999 -9999 -9999 -9999 -9999 -9999 -9999 -9999 -9999 -9999 -61.7013767257324 -64.99594602007775 -63.10660072435376 -52.527117393041856 -35.9842993908905 -36.04074809964453 -26.209575242217298 -26.341788872820665 -31.538091959923577 -37.34660739555662 -43.176967310121654 -43.176532242140944 -47.373797056890105 -47.18437766355707 -44.044211238615055 -42.79165750492312 -39.369318179212385 -39.369285521278904 -37.88026799316126 -38.778872363120605 -42.46703628922814 -9999 -9999 -9999 -9999
-9999 -9999 -9999 -9999 -9999 -9999 -9999 -9999 -9999 -9999 -9999 -9999 -9999 -9999 -9999 -9999 -9999 -9999 -9999 -9999 -9999 -9999 -60.42385039384954 -64.72756239036617 -64.75486633322993 -64.40046044141987 -65.84670558388551 -70.39042636625145 -68.28058893566178 -65.81633798815386 -64.44531225885534 -52.1947134894273 -40.471955226849744 -31.85051985051318 -30.99607937638427 -32.45184368446365 -32.389574447535054 -35.18010767212667 -37.10362326167571 -36.558318321120844 -35.0370721506058 -36.59640334189992 -37.03869950888252 -35.8047507752491 -36.379396588272904 -37.55236414406393 -42.181375348473786 -53.186983350556034 -62.3268558549364 -9999 -9999 -9999
-9999 -9999 -9999 -9999 -9999 -9999 -9999 -9999 -9999 -9999 -9999 -9999 -9999 -9999 -9999 -9999 -9999 -9999 -9999 -9999 -9999 -65.76428271620765 -65.76732883776882 -67.13217329298054 -65.67812130951647 -63.660899040251415 -58.01716703806984 -54.50703094938621 -49.34003320615263 -49.344312592094354 -45.473854869706 -43.77332193372688 -42.8177242866699 -42.45223489218221 -39.710216546463926 -35.65713172644255 -35.65644898943982 -32.30283780846628 -33.3933783687927 -36.631677742884335 -38.69118459566965 -40.59591686075761 -40.59607534719719 -46.14279258998179 -51.12806559280509 -56.07607644284202 -61.484716392411045 -67.51830329114604 -70.84379984481961 -9999 -9999 -9999
-9999 -9999 -9999 -9999 -9999 -9999 -9999 -9999 -9999 -9999 -9999 -9999 -9999 -9999 -9999 -9999 -9999 -9999 -9999 -9999 -64.7619935882814 -65.93977277526345 -66.13338410988828 -70.44379637823533 -73.45788642423446 -67.51576345249715 -67.51695613325165 -56.006310674951756 -44.21909449026685 -36.40678861967028 -33.46502113441518 -34.936872221725395 -36.94118918994393 -36.937822149780104 -38.28966739595171 -37.20905103533329 -35.981693543423575 -35.032973028572286 -38.821332787038585 -41.984198267325475 -41.98417090797926 -44.59124726163585 -47.94657141943971 -54.531834475171884 -62.845899275436366 -68.61380875970636 -71.7136187725198 -71.71187742059986 -74.06908921402997 -75.41183788579939 -9999 -9999
-9999 -9999 -9999 -9999 -9999 -9999 -9999 -9999 -9999 -9999 -9999 -9999 -9999 -9999 -9999 -9999 -9999 -9999 -9999 -9999 -9999 -64.32434742835603 -63.72459410216711 -63.726311560554116 -64.43978493981132 -62.62182039347185 -55.652435121786965 -50.313599915159976 -44.70969053788158 -40.59162747851109 -40.53077471646402 -35.4823984890444 -34.02151755677977 -35.13095032847749 -36.77347547553408 -37.9214421863291 -39.01358404157423 -40.608965127994814 -40.608699112863604 -45.14459661054041 -50.106407942600896 -54.697446718163995 -58.86304636605082 -64.83430200536576 -69.78433138734185 -69.783531785658 -72.9108730806708 -74.09806834001111 -74.02487237482114 -9999 -9999 -9999
-9999 -9999 -9999 -9999 -9999 -9999 -9999 -9999 -9999 -9999 -9999 -9999 -9999 -9999 -9999 -9999 -9999 -9999 -9999 -59.14697578847836 -62.328311287678204 -64.90151251542837 -64.23979642315877 -62.02186220606878 -55.465870414008684 -44.505613299777295 -34.705443152558715 -34.70398689995956 -30.495107369449855 -31.45539240726623 -33.376584736471536 -35.116354147103024 -36.662978650104996 -39.15596893523993 -43.511070142295765 -43.51109428746965 -45.97864234264292 -47.34749051940221 -48.97095691008548 -50.834130111053526 -55.321454326333715 -62.20237423111947 -68.28314757099704 -68.2829626704735 -70.51524867995293 -72.87156182953963 -75.28441242113261 -75.4254486486913 -75.0180624346158 -75.49264101058981 -76.84663905352576 -9999
-9999 -9999 -9999 -9999 -9999 -9999 -9999 -9999 -9999 -9999 -9999 -9999 -9999 -9999 -9999 -9999 -9999 -9999 -63.129524649370616 -59.30753246703496 -57.09491493852411 -55.56502765320053 -54.00791831894862 -50.06835674930022 -45.98297787089116 -42.677578068980786 -42.67442985562257 -39.63472802482199 -36.5815753844925 -33.70489099477627 -34.719201075392384 -40.03992983394553 -46.94539458231677 -53.50554579578967 -59.4040518860021 -59.403651176435005 -64.41179943255361 -67.78026181211253 -68.11858572170726 -66.58053428657152 -64.4520276946067 -65.79343456490653 -71.07567332623498 -75.59650186572686 -75.59449486676391 -78.23135459509555 -78.40292007969377 -77.72290541614204 -77.09773130948432 -75.97034500579535 -74.58578252663294 -9999
-9999 -9999 -9999 -9999 -9999 -9999 -9999 -9999 -9999 -9999 -9999 -9999 -9999 -9999 -9999 -9999 -9999 -63.94869225580342 -60.74639589145235 -53.75724482028589 -44.3942553481551 -42.58915805830489 -42.589169130638396 -42.99147022649043 -42.839230744038346 -42.452635059696654 -42.82669984905204 -42.31423604365383 -41.743472601502354 -41.321303680828926 -41.685646868633256 -41.68645178540253 -43.14423754158932 -48.132234970654224 -54.4366041654294 -60.63952169973938 -68.88254351285993 -75.35058056011782 -78.84761864913762 -78.7417666952747 -77.339375284243 -77.33912468495517 -77.44561157602057 -79.29356425640526 -80.55257590659937 -79.89413215763483 -78.09224399548593 -77.47031581855356 -75.69526108858508 -73.47744580211253 -9999 -9999
-9999 -9999 -9999 -9999 -9999 -9999 -9999 -9999 -9999 -9999 -9999 -9999 -9999 -61.87838158157886 -60.75285840776709 -61.46024693727235 -62.63957599290997 -62.63384583282127 -61.09262537390626 -56.76856897697406 -48.98598209016014 -42.12698361158846 -40.013355450802585 -42.04530758034794 -45.80236121469135 -51.29884769091698 -52.292277565370924 -52.294084863061364 -51.8840913086949 -51.452111049723385 -53.894203944474704 -55.85576051755257 -56.913250900860824 -59.79371106667795 -62.251891481887405 -66.74763989352925 -71.31194396841013 -76.98607779681173 -76.98670188043289 -79.4894547122982 -79.50771468185978 -79.22797760085933 -79.80501665171167 -79.54035659854596 -78.53295544625736 -77.46129497871677 -75.22037004161524 -73.34126503997545 -73.34094641335626 -72.08074960001028 -67.61690712970642 -9999
-9999 -9999 -9999 -9999 -9999 -9999 -9999 -9999 -9999 -9999 -9999 -9999 -9999 -63.766328196585896 -62.57338252434888 -62.791214561158114 -61.23084131577594 -59.81829033730219 -55.36077816044829 -50.142728640985965 -44.57836393527265 -42.01695138561139 -42.55218119147035 -42.55179610042296 -46.767869989372215 -52.34412215538281 -58.37171582325022 -60.62299860286566 -60.32485843520434 -61.24881733895404 -62.660781103555934 -65.0773807357257 -67.35706811087115 -69.99732339533281 -69.9951516265421 -71.9575579913256 -72.6417537057768 -73.44007276605726 -74.9833315521476 -75.44741684569321 -74.58647596604328 -75.08979652009666 -74.57966325140917 -72.87589667164099 -70.37695256786913 -70.37619819922888 -67.61672645370278 -65.18217633326144 -63.71386234756897 -61.259256653653964 -60.15751118232602 -59.15412230695678
-9999 -9999 -9999 -9999 -9999 -9999 -9999 -9999 -9999 -9999 -9999 -9999 -9999 -62.24114126401123 -61.62299379539918 -56.26065480445549 -53.139410317801456 -51.50742495675403 -51.22241336929988 -51.15083601453642 -48.74497046532553 -47.29710614903989 -49.022272322744094 -51.90334551947653 -58.46979743694662 -62.050194293779896 -65.68799186071935 -66.81558541105396 -67.1965859663096 -67.11619641323718 -67.8110315866452 -69.45883016174065 -68.0341470978768 -69.09303952412047 -69.81722615594336 -70.9259360134054 -70.93206373810928 -69.73336291687627 -67.99575092643859 -68.72942424541614 -68.80020790787522 -67.25953161506845 -63.70130967620758 -56.16877234522614 -9999 -9999 -9999 -9999 -9999 -9999 -9999 -9999
-9999 -9999 -9999 -9999 -9999 -9999 -9999 -9999 -9999 -9999 -9999 -9999 -9999 -61.26811754518157 -59.96378501298436 -56.67663748930168 -52.286316184165 -47.537977785387795 -46.64477143073472 -49.398264499321115 -54.331377383615646 -59.216291381671546 -60.59339994463886 -62.02232600616884 -64.84027299892585 -70.03038777265678 -72.60529340160757 -72.82169382714487 -72.82209249534013 -72.40262635910959 -73.01451085148688 -73.11588464857671 -73.7546443123752 -73.9869674645584 -73.86122706176569 -72.31044712146999 -70.13533030850132 -67.95185167938267 -66.64988373418984 -65.86770997287148 -64.22219943680267 -9999 -9999 -9999 -9999 -9999 -9999 -9999 -9999 -9999 -9999 -9999
-9999 -9999 -9999 -9999 -9999 -9999 -9999 -9999 -9999 -9999 -9999 -9999 -68.01179005792362 -62.70044070494186 -57.08952412874786 -51.05001576653913 -46.98643310453959 -45.99175980012328 -48.6433838879674 -51.38751076949347 -56.55193716019302 -56.55389041732862 -60.89748073701888 -63.3983927259649 -66.6410288879882 -70.18492640662866 -73.3210083714352 -75.02716241894181 -74.54984628027786 -74.36907170680936 -75.4488472593438 -75.83030974049205 -75.67478250397022 -74.82442474282145 -74.74176130043067 -72.5957702398228 -70.34754785140795 -70.34709651772425 -69.66800477425495 -67.60384259844307 -63.700190546661155 -9999 -9999 -9999 -9999 -9999 -9999 -9999 -9999 -9999 -9999 -9999
-9999 -9999 -9999 -9999 -9999 -9999 -9999 -9999 -9999 -9999 -9999 -65.9578182335778 -65.92768173979808 -64.85280278028424 -62.83741693438384 -57.41290773377668 -52.98761561834461 -53.28832960752134 -54.9394868218856 -58.406738905416134 -60.529324301041285 -62.200603414793704 -62.811524640462466 -62.77360692940719 -64.85883212480611 -67.39396201515946 -71.38705336929256 -72.85297696672247 -73.65344702118996 -73.9858873387162 -73.84447356467811 -73.8458314572177 -73.6830409498552 -74.67622970559309 -75.22557434687916 -74.54739241746213 -71.57302783496883 -69.52973453657907 -66.25620908231815 -61.94897068479894 -9999 -9999 -9999 -9999 -9999 -9999 -9999 -9999 -9999 -9999 -9999 -9999
-9999 -9999 -9999 -9999 -9999 -9999 -9999 -9999 -9999 -9999 -64.70268844512178 -62.25343470634026 -60.40701336103719 -59.685248397281974 -60.08544790562078 -60.92810824655532 -63.83894127541908 -65.61072284541346 -63.73306111345936 -67.27271986405674 -67.72275562465619 -70.67351666866006 -71.22745512814862 -67.78041563120507 -65.03656081235532 -61.82681710366393 -61.62130166102347 -63.625120449124715 -67.39718848431141 -69.99583716750075 -71.14521536105488 -71.60738218565292 -71.33651025508043 -72.648857469481 -72.48612135360031 -70.3236961516084 -67.35764834772321 -62.806276720713704 -58.81679328786448 -9999 -9999 -9999 -9999 -9999 -9999 -9999 -9999 -9999 -9999 -9999 -9999 -9999
-9999 -9999 -9999 -9999 -9999 -9999 -9999 -9999 -9999 -9999 -9999 -9999 -58.31148689559465 -62.5659075345794 -67.44516034214638 -67.44871636968625 -71.35617672219665 -73.29935885062429 -73.7243573168838 -73.57783423486765 -73.84019966805468 -73.96569273223406 -75.58540722754374 -75.02799235779005 -72.77998457222427 -69.6445160465312 -65.60435336725548 -62.816905230385466 -60.63120896117953 -61.05446381630507 -62.26421018357283 -63.996990788162975 -64.88147981892477 -65.56972944318632 -65.37743327479993 -65.22444470960126 -63.91365778555903 -59.43815189785122 -53.105940141319984 -46.46496493950618 -9999 -9999 -9999 -9999 -9999 -9999 -9999 -9999 -9999 -9999 -9999 -9999
-9999 -9999 -9999 -9999 -9999 -9999 -9999 -9999 -9999 -9999 -9999 -62.166458685843665 -61.97260721145064 -61.43892919381327 -62.38620860630083 -66.26714503975225 -70.38159073669763 -73.73019755577361 -75.80094953543824 -76.62374195525912 -77.35044074008896 -77.06738094806856 -76.26597636791486 -72.83586503539625 -70.54266619253706 -69.53142325451064 -67.751793339638 -66.01493310169754 -64.1873250665367 -61.71814007829408 -60.066603238754034 -60.0173283715429 -60.38764975935506 -60.37758491505994 -60.37792690749307 -60.52040128018465 -60.32385169056653 -56.117798330864886 -49.11901719782573 -9999 -9999 -9999 -9999 -9999 -9999 -9999 -9999 -9999 -9999 -9999 -9999 -9999
-9999 -9999 -9999 -9999 -9999 -65.98100663965059 -65.41265392267339 -63.24059616988706 -63.1873548348841 -62.31545777236524 -64.15727263271263 -66.75950333593195 -66.76013519053444 -67.96645666000545 -68.62518463869158 -68.81023139193212 -69.9687294673045 -72.8642184333173 -75.42064402088147 -76.31410822967734 -76.95625598322391 -77.93475149097631 -76.9012638830782 -74.5441379819407 -72.22930079212699 -68.98153791811157 -67.02025187086505 -66.09850089739308 -63.83222334243601 -61.1847041675232 -58.79457826818375 -56.26760975457325 -53.96731807841435 -51.547597224604104 -48.83143400155846 -45.9354587315366 -43.22337589906621 -40.20966393803592 -9999 -9999 -9999 -9999 -9999 -9999 -9999 -9999 -9999 -9999 -9999 -9999 -9999 -9999
-9999 -9999 -9999 -9999 -63.534680151833136 -65.08503477521367 -63.58731433332724 -62.67928124660943 -63.036083125663176 -65.46359105798435 -66.08145788303402 -66.46921627395385 -67.0234226989265 -67.9065978434969 -69.05770591079934 -69.61240695611592 -71.07100685415396 -72.23461172861954 -71.09566703564828 -71.9745324703766 -71.6952211747177 -70.88556086557442 -69.03940422482816 -69.02188372761285 -67.31808840397511 -64.38749295127087 -62.369415501454185 -60.604074723819984 -56.5757880173965 -52.73254448512803 -50.46303782758669 -47.90534851533729 -45.840283292800244 -42.347032206219524 -37.94122442026958 -9999 -9999 -9999 -9999 -9999 -9999 -9999 -9999 -9999 -9999 -9999 -9999 -9999 -9999 -9999 -9999 -9999
-9999 -9999 -9999 -54.442322051011324 -53.99631202995039 -54.049073376857955 -54.582931541869705 -53.877544047239965 -53.748818586655204 -54.19256815308197 -54.83828636619232 -58.17297409679122 -60.98458666096198 -63.790239060695505 -66.48703226979124 -69.70686120910284 -71.0258005926395 -71.23989340525422 -69.57974883596624 -67.27479168383528 -64.08613000139546 -60.55990836290725 -58.56781670341039 -59.519470053746616 -58.558843824418595 -55.920923405741405 -50.426285186713145 -46.6869523256388 -42.76661816793454 -38.36214085411872 -35.14068273744116 -9999 -9999 -9999 -9999 -9999 -9999 -9999 -9999 -9999 -9999 -9999 -9999 -9999 -9999 -9999 -9999 -9999 -9999 -9999 -9999 -9999
-9999 -9999 -9999 -53.39950028871666 -46.79096846833854 -38.29205327501881 -36.92694481237738 -39.85019680811718 -42.65083248491671 -42.78135975284432 -40.91920941697189 -39.816912542446865 -44.44432354936207 -49.50007989626759 -55.20035942771987 -60.114146148658676 -62.152138063634425 -64.02001907144857 -62.92017152276607 -62.31224100587289 -60.7165955077091 -57.37425026974147 -54.80681206465431 -53.967099203594906 -53.426789818961495 -51.10523793814215 -47.00829524212284 -43.34301031623883 -39.00642683952883 -9999 -9999 -9999 -9999 -9999 -9999 -9999 -9999 -9999 -9999 -9999 -9999 -9999 -9999 -9999 -9999 -9999 -9999 -9999 -9999 -9999 -9999 -9999
-9999 -9999 -9999 -58.53224234863148 -58.27395868427797 -54.002390119561426 -45.777396179426184 -44.95420808443167 -48.860048727493435 -50.59009342443578 -49.986871746825074 -45.532112770082655 -45.216573128071964 -50.94728613552845 -53.58284532976774 -56.303617591293964 -58.178860168580655 -58.448753843075075 -57.70948709711689 -56.295793162964976 -55.05095409816533 -52.432066646455326 -52.51261371574415 -51.548161166549775 -47.02167596787493 -43.51802577194334 -38.40538436815394 -34.243825806895906 -9999 -9999 -9999 -9999 -9999 -9999 -9999 -9999 -9999 -9999 -9999 -9999 -9999 -9999 -9999 -9999 -9999 -9999 -9999 -9999 -9999 -9999 -9999 -9999
-9999 -9999 -9999 -59.021323772107976 -57.72139117022781 -55.58820665273775 -54.36989541084012 -55.59089221215292 -56.358123214247286 -54.40529423303594 -50.5836192639159 -47.64912175591236 -45.94875614674576 -48.33574619243571 -53.356876838791116 -55.25963626326542 -55.325397110569426 -54.393823412223654 -52.57629599748035 -50.80650205554974 -47.24048652515121 -45.959146362068566 -45.6165837120215 -44.959637863585634 -43.2873192207522 -39.64650649495111 -34.437887916290805 -9999 -9999 -9999 -9999 -9999 -9999 -9999 -9999 -9999 -9999 -9999 -9999 -9999 -9999 -9999 -9999 -9999 -9999 -9999 -9999 -9999 -9999 -9999 -9999 -9999
-9999 -9999 -9999 -9999 -52.84795184803921 -53.78141400423039 -54.4690582175869 -55.19692825107456 -55.444101526449174 -54.68399937479531 -51.2469665922369 -47.877829107656495 -44.23233097423599 -43.975452346521365 -44.996964321858904 -45.499615814549344 -45.20393788943738 -44.31425267612514 -42.546632920998476 -39.67884993340017 -38.53886169249072 -36.12313950990985 -34.87440828450781 -31.949664067835275 -9999 -9999 -9999 -9999 -9999 -9999 -9999 -9999 -9999 -9999 -9999 -9999 -9999 -9999 -9999 -9999 -9999 -9999 -9999 -9999 -9999 -9999 -9999 -9999 -9999 -9999 -9999 -9999
-9999 -9999 -9999 -9999 -49.85954733730846 -51.56175448165698 -50.853253533673794 -49.04841168957253 -45.1727256267239 -42.65937618461274 -43.19177614705929 -43.585085904499024 -42.989013557695124 -41.506238295584076 -40.546429881173346 -40.33812536781511 -39.40905213694183 -38.797441810135275 -37.91326120507613 -36.83891964586774 -37.88283042026292 -36.833844068205536 -33.12151736114624 -28.999468127100574 -23.60557282901889 -9999 -9999 -9999 -9999 -9999 -9999 -9999 -9999 -9999 -9999 -9999 -9999 -9999 -9999 -9999 -9999 -9999 -9999 -9999 -9999 -9999 -9999 -9999 -9999 -9999 -9999 -9999
-9999 -9999 -9999 -9999 -50.16116021352635 -49.30748484661368 -49.0432580804496 -47.496584414241575 -43.16030904863077 -39.89489310706174 -37.28569554200383 -37.85112519980653 -38.75760981096632 -38.863115580532025 -38.57237169091705 -38.80757189201445 -37.882140803164994 -36.02974405014473 -34.055722531000725 -33.54755238698628 -32.67970049502207 -31.77088094012188 -31.624904080324377 -29.73703945995964 -9999 -9999 -9999 -9999 -9999 -9999 -9999 -9999 -9999 -9999 -9999 -9999 -9999 -9999 -9999 -9999 -9999 -9999 -9999 -9999 -9999 -9999 -9999 -9999 -9999 -9999 -9999 -9999
