metrics/grid_rasters/ASCAT 12.5 TS/grideval_ASCAT 12.5 TS_X_summer_2016_absolute_ubrmsd.asc
ncols 52
nrows 55
xllcorner     11.25
yllcorner     55.25
cellsize      0.25
NODATA_value  -9999
[rows 0 to 29 of 55, columns 0 to 51 of 52]
-9999 -9999 -9999 -9999 -9999 -9999 -9999 -9999 -9999 -9999 -9999 -9999 -9999 -9999 -9999 -9999 -9999 -9999 -9999 -9999 -9999 -9999 -9999 -9999 -9999 -9999 -9999 -9999 -9999 -9999 -9999 -9999 -9999 -9999 -9999 -9999 8.867927607477357 8.735063547218397 6.585161606475205 -9999 -9999 -9999 -9999 -9999 -9999 -9999 -9999 -9999 -9999 -9999 -9999 -9999
-9999 -9999 -9999 -9999 -9999 -9999 -9999 -9999 -9999 -9999 -9999 -9999 -9999 -9999 -9999 -9999 -9999 -9999 -9999 -9999 -9999 -9999 -9999 -9999 -9999 -9999 -9999 -9999 -9999 -9999 -9999 -9999 -9999 -9999 -9999 -9999 7.4020877009181225 6.038844997266543 5.483115957873152 5.463324279493915 5.828868404621147 5.829321796410317 -9999 -9999 -9999 -9999 -9999 -9999 -9999 -9999 -9999 -9999
-9999 -9999 -9999 -9999 -9999 -9999 -9999 -9999 -9999 -9999 -9999 -9999 -9999 -9999 -9999 -9999 -9999 -9999 -9999 -9999 -9999 -9999 -9999 -9999 -9999 -9999 -9999 16.632396614307925 16.638599170589984 17.21915338851461 16.667362532766447 15.408888880170279 13.494792791600599 10.217313645949462 -9999 7.997082678807626 6.554439782215472 5.318498172089057 4.923854836899902 5.1498144715363425 5.14915061728517 5.3679707405489765 5.633562836447706 5.805304911089972 5.676624678023856 5.67560427595693 -9999 -9999 -9999 -9999 -9999 -9999
-9999 -9999 -9999 -9999 -9999 -9999 -9999 -9999 -9999 -9999 -9999 -9999 -9999 -9999 -9999 -9999 -9999 -9999 -9999 -9999 -9999 -9999 -9999 -9999 -9999 -9999 -9999 19.82733571724757 21.01961137242916 20.34956394296979 17.090747628404518 13.480057533468493 13.470976407642322 10.758398045061183 9.876117342653007 9.327493915440703 8.330956689485749 6.993938401316845 6.9938036924689735 6.379691321631364 6.277042197156268 6.174467062096442 6.0031027875611365 6.253516155452491 6.253153016734933 6.4515433914609055 6.465202114437367 6.432051318561545 -9999 -9999 -9999 -9999
-9999 -9999 -9999 -9999 -9999 -9999 -9999 -9999 -9999 -9999 -9999 -9999 -9999 -9999 -9999 -9999 -9999 -9999 -9999 -9999 -9999 -9999 11.672884369567127 10.63379580420018 13.078988485955382 14.20964385329855 16.757347466672776 18.853741575142575 16.175353554640942 13.402862704003182 16.472930678789893 11.869262269873616 8.594473566625696 8.30798008370781 8.534064845140378 8.252228572774223 9.083021225258669 8.886942200243462 8.767710053260435 8.322325964902939 7.695271691705128 7.099860343622898 6.617246365799838 6.719494161483516 6.9650862650066125 7.217344406220452 7.2778137120161235 7.487314628195446 7.310987592239182 -9999 -9999 -9999
-9999 -9999 -9999 -9999 -9999 -9999 -9999 -9999 -9999 -9999 -9999 -9999 -9999 -9999 -9999 -9999 -9999 -9999 -9999 -9999 -9999 9.471494311052536 9.472448020009157 10.046959561914793 12.108476379755588 13.949971762007296 14.62403319293583 14.315837103483453 12.436399622728345 12.430854916463185 8.993342014912294 6.881061662211338 6.198679013436476 5.90139212590317 6.205717286159853 7.066879198905133 7.066701632465271 8.108849511775908 8.609059372550744 8.558513029772442 8.2919763179983 7.845339175817259 7.845148898663816 7.112391243354157 6.732279495544537 6.770983467588142 6.844885903378269 6.953012737352759 7.368969898151232 -9999 -9999 -9999
-9999 -9999 -9999 -9999 -9999 -9999 -9999 -9999 -9999 -9999 -9999 -9999 -9999 -9999 -9999 -9999 -9999 -9999 -9999 -9999 13.028445921810858 11.297110580435936 11.603560105571141 14.556736229505676 17.715564617995554 18.25940918821582 18.256834976011195 15.363445374006034 12.276940498017918 9.573577602750289 8.585663493589804 7.682183831678094 6.735724190989619 6.73376178706347 6.373035545608093 7.063453015044003 8.128123044111563 8.97512338914172 9.136082774790948 9.070131429144 9.070403414909476 8.647138048238022 8.013118379038982 7.391913776518212 6.597652497924338 6.281802704627367 6.330700609913976 6.330385252966112 6.571174044342178 6.8050256687326405 -9999 -9999
-9999 -9999 -9999 -9999 -9999 -9999 -9999 -9999 -9999 -9999 -9999 -9999 -9999 -9999 -9999 -9999 -9999 -9999 -9999 -9999 -9999 15.520177307228721 15.648206731845093 15.649213509047678 16.338755490526395 15.573187456293535 14.142281939552802 11.149385585186813 8.77022518078125 7.975462640506714 7.975599907345588 8.426008947145583 8.183742078903718 7.529521778298694 6.8849813046843025 7.0917576069589545 8.0195964969292 8.986106953207527 8.985643243787962 9.029462360575867 8.632191280488659 8.189509079683278 7.65120798052347 6.926890166631974 6.751637188855961 6.7512732938422255 6.683135075295162 6.748266149404856 6.847882874147517 -9999 -9999 -9999
-9999 -9999 -9999 -9999 -9999 -9999 -9999 -9999 -9999 -9999 -9999 -9999 -9999 -9999 -9999 -9999 -9999 -9999 -9999 12.116960021844132 11.244739838590986 10.820102027955217 11.48052866687635 12.063661284294033 11.103556511357962 10.551748854942241 10.378240836392024 10.377933897200924 10.343059129343485 10.142544049891127 9.813430691737736 9.05491842987066 8.726436314594817 8.132311922693367 7.63649139041866 7.636353556119505 7.255740973463807 7.222170758482041 7.274339439079858 7.515475698365858 7.841319424860009 7.698764298548193 7.441927857484712 7.441601735094139 7.091910039600668 6.76994931020399 6.6403611615053775 6.741656016324874 7.0444014767654375 7.234472109853556 7.476861885989701 -9999
-9999 -9999 -9999 -9999 -9999 -9999 -9999 -9999 -9999 -9999 -9999 -9999 -9999 -9999 -9999 -9999 -9999 -9999 12.126300553458119 10.270315512431273 8.460214985425011 7.51479257482213 7.167449043978214 6.874171424156043 7.1666996845982895 7.473931572053946 7.471392550778887 7.718196003106378 7.863152370990168 8.219260093564127 8.284105803848437 7.951153433562253 7.186735925715093 7.5042492679180475 7.88446657216264 7.8842640956813375 7.841139627024237 7.794790721875146 7.462434572135487 6.98929658471908 7.036544553017372 7.135302677507997 7.184997018358255 6.976633548949796 6.976161700493197 6.8272170556396246 6.965270316013553 7.388744392871993 7.865810907261724 7.961458519913758 7.919163206915572 -9999
-9999 -9999 -9999 -9999 -9999 -9999 -9999 -9999 -9999 -9999 -9999 -9999 -9999 -9999 -9999 -9999 -9999 9.75106787972854 9.498119166528792 7.895140960332099 7.471285783575365 7.8548013067254185 7.853834624176178 7.944705101907486 8.053154384980706 8.552438079784197 8.775421882245741 8.410905306329013 8.126641844456946 7.459378356777671 7.250000590361414 7.249941274685536 7.1774490805649895 7.243291682768684 7.463137742034142 7.397340899332786 7.532978511511239 7.362495337620963 7.352132934939883 7.539486614123369 7.577334849652705 7.577874881848447 7.114012204751741 6.883297102898985 6.500570464569767 6.662555517200781 7.087013502493504 7.788561872025589 8.017865342508667 7.8180850588839235 -9999 -9999
-9999 -9999 -9999 -9999 -9999 -9999 -9999 -9999 -9999 -9999 -9999 -9999 -9999 9.994167571490001 8.908255052201689 7.708091666213988 6.823510414413373 6.821880630318785 6.612943782118673 6.109757854781853 6.081853017286633 7.088403524780391 7.911594487171143 8.614114552170948 8.807294342989069 8.80041828492334 8.36803949342734 8.364706958055116 8.038643702415769 7.6638259200472625 7.566920360926505 7.509270108625247 7.537425641472777 7.471994656966874 7.535113054789559 7.618812001767672 7.551946935261659 7.780535945408728 7.781439480717631 7.8829659446276334 7.755359853638844 7.565097979535219 7.4518236502018915 7.258040946525358 7.115823108792224 7.3376772026278845 7.713909148779768 7.889844558351291 7.890403837396643 7.941128497162918 8.08463434075725 -9999
-9999 -9999 -9999 -9999 -9999 -9999 -9999 -9999 -9999 -9999 -9999 -9999 -9999 10.631013562600721 9.95154421398925 9.13485230815744 7.722228116757317 6.034292300831975 5.892469689103719 6.6113317266352425 7.3790061066718 8.615917901923579 9.10102093733976 9.10170852022916 9.023844450449454 8.410344985466539 8.062016987795818 7.7131072873062205 7.470899820271644 7.6317046079013275 7.553618508178457 7.670204289580463 7.810098704566022 7.972990643538675 7.972721440381907 7.905027237689802 7.886361511113331 7.843225105811326 7.861680690206077 7.6658578698427 7.550469307067474 7.838557365611421 8.056804726191793 8.269802487617849 8.642471763837369 8.6428737435543 8.626774296943038 8.717146759063096 8.698761417677561 8.455609563870345 8.823330481761166 9.415919182596447
-9999 -9999 -9999 -9999 -9999 -9999 -9999 -9999 -9999 -9999 -9999 -9999 -9999 6.532683924441633 6.163132665905336 7.374405292473995 8.328895271565505 8.689254493564981 8.381865602552153 7.4928538978353885 7.773367316663394 8.386698659999631 8.733909820304508 8.83708861486515 8.617364168679176 8.065767248316881 7.521629890262371 6.970811735278898 6.987828112362151 6.999060454103158 7.181780358446745 7.2831844945911755 7.559629471811968 7.89492089275936 7.898563093125286 7.995933963598794 8.159006136647369 7.853800502591882 8.014535868874304 7.770664322056179 7.6629282432387855 8.43065616675714 10.158531599991843 14.673156921103175 -9999 -9999 -9999 -9999 -9999 -9999 -9999 -9999
-9999 -9999 -9999 -9999 -9999 -9999 -9999 -9999 -9999 -9999 -9999 -9999 -9999 6.347898284339236 6.014504966082643 6.788999365495067 7.90306487539191 8.984758486211629 9.192309024115684 8.976819638637632 8.75463154310196 8.676631879278991 8.673375708598737 8.533333897734394 8.000623019011666 7.748572256997372 7.1323406699335505 6.796562563188273 6.796049077691941 6.763785613351242 6.654010167644584 6.680211301738682 6.5922365772927485 6.8514835895163975 7.037452750804918 6.9176539590874535 6.9071629820204805 7.1927579189170014 7.765442596442091 8.438819434210501 10.1175278654831 -9999 -9999 -9999 -9999 -9999 -9999 -9999 -9999 -9999 -9999 -9999
-9999 -9999 -9999 -9999 -9999 -9999 -9999 -9999 -9999 -9999 -9999 -9999 7.289356173481524 5.92573168410634 6.482529622232875 7.766549640539684 8.34628624068351 8.882807752126407 8.712694419984599 8.815259015930389 8.449011097358825 8.449708804046661 8.271387398725354 7.738057094936293 7.612154493526174 7.454677964571504 6.9362215901551725 6.999092003869285 7.011196231337838 6.815231970425372 6.6064005717741265 6.600598064887104 6.710868997938152 6.8236229291351576 6.695778027449078 6.73785831018068 6.8167683903482255 6.81724228087892 7.367812684789004 8.044574011835648 11.25900603974376 -9999 -9999 -9999 -9999 -9999 -9999 -9999 -9999 -9999 -9999 -9999
-9999 -9999 -9999 -9999 -9999 -9999 -9999 -9999 -9999 -9999 -9999 5.0706973688369255 5.066994037181973 5.106521451285466 5.9802747776693765 7.300104023770579 8.481611992765322 8.648006183175584 8.430801651764977 8.399643887684968 8.155576704816697 7.6664663212882465 7.331633936233968 7.303997448184451 7.326025110904593 7.241475931819957 7.2172988832883105 7.068298650956031 6.797010916286001 6.401202056767918 6.460932842123864 6.460737897747794 6.862672731849592 7.1709380979421224 7.146474507284392 7.122248172956732 7.225310277268809 7.738524699634764 8.633925225084111 12.819957795877569 -9999 -9999 -9999 -9999 -9999 -9999 -9999 -9999 -9999 -9999 -9999 -9999
-9999 -9999 -9999 -9999 -9999 -9999 -9999 -9999 -9999 -9999 7.237888184031737 6.954173395547135 6.712047664838604 7.300622760428008 8.572351563362973 8.968828836954781 8.75369376442242 8.472002067042004 8.33103594690122 7.996278219259897 7.617682081817683 7.098879658630565 6.8962005082067686 6.842568579801495 6.7845966305994105 6.7437025549958385 6.980433862483814 7.0924584581907615 7.180253715847438 6.813197970746844 6.299052352196079 6.316742144356867 6.635839954378022 6.870769541322117 6.9384615808101975 7.0364296013635625 7.563897969708679 8.625112693692872 10.511438649300588 -9999 -9999 -9999 -9999 -9999 -9999 -9999 -9999 -9999 -9999 -9999 -9999 -9999
-9999 -9999 -9999 -9999 -9999 -9999 -9999 -9999 -9999 -9999 -9999 -9999 8.725811002221947 9.052998046516773 9.060965066257669 9.060263145547239 8.951686209767974 8.782446918101414 8.390931792230653 8.10148349743197 7.563550720042727 7.255505755988969 7.00671584772617 7.231423070435812 7.1500137225995175 7.374060532584019 7.521118228070098 7.4385710137922905 7.579218351332682 7.203178479623983 7.037806505686599 7.05594047015237 7.27225398743757 6.985771643959029 6.653515727995794 7.052789496467736 7.735404980266124 8.88433289271087 11.472167058256266 14.054747156124918 -9999 -9999 -9999 -9999 -9999 -9999 -9999 -9999 -9999 -9999 -9999 -9999
-9999 -9999 -9999 -9999 -9999 -9999 -9999 -9999 -9999 -9999 -9999 8.078024895961569 8.44635807002197 8.989239266093417 9.088286690252422 8.852190504034112 8.719042220546196 8.27381685278613 8.171739600271755 7.957730272392426 7.664748481027484 7.5370076737395175 7.596454780649501 7.664843543729719 7.669998975246456 7.609038523701049 7.551350906224866 7.304870847704258 7.0115325367787324 6.943169211446506 6.972473196808367 7.014209104764133 7.257319436125762 7.391830621844541 7.391797394804553 7.421301440872557 7.7674905422227525 8.740260885103723 10.66431827520278 -9999 -9999 -9999 -9999 -9999 -9999 -9999 -9999 -9999 -9999 -9999 -9999 -9999
-9999 -9999 -9999 -9999 -9999 6.015598131310816 6.02278628911588 6.107476019431371 6.1415810782089935 7.075122583268538 8.111286117606513 8.522384420112624 8.5215070592504 8.654379667839521 8.612671736036924 8.376315560829022 7.97009628338133 7.66658033336997 7.668800803812326 7.9461876212191935 8.044804409328892 7.914026334903751 7.9326503597217535 7.945822814199567 7.854602624602458 7.812755297289952 7.477149551809841 7.212395389311293 7.056010099375023 7.048117101986239 7.050173563100732 7.18209273048793 7.483930679457574 7.939208289689297 8.588416215086228 9.082176933455733 9.876359417771633 12.380546755659068 -9999 -9999 -9999 -9999 -9999 -9999 -9999 -9999 -9999 -9999 -9999 -9999 -9999 -9999
-9999 -9999 -9999 -9999 6.963872752346003 7.06978044560814 8.084919416608031 8.613138241296403 8.761318994605594 8.758645930987631 8.67058433302148 8.558840521706811 8.550847432168595 8.065837181512109 7.9672130003386625 7.830407375306687 7.44265070452571 7.418675151636844 7.570008486357442 7.8812953952395715 8.040866654466402 8.362982804103094 8.281096737776348 7.72687955079046 7.78809040794647 7.657195605503862 7.342172001031331 6.935794416060629 6.762070227358322 6.885006629230727 7.216765702663423 7.757634060170457 8.601723875263666 9.510884005154656 13.042264625171995 -9999 -9999 -9999 -9999 -9999 -9999 -9999 -9999 -9999 -9999 -9999 -9999 -9999 -9999 -9999 -9999 -9999
-9999 -9999 -9999 7.831250215761816 8.596854960760124 9.03986774724493 9.289137479772224 9.663455069360728 9.71670736458983 9.58951026373265 9.514610869412467 8.809666661152724 8.604272593916482 8.360008464822442 8.320203236452777 7.954194093529657 7.437571433684843 7.7459786818063625 8.0457512679284 8.309834103706931 8.3467284376497 8.22767426925474 8.174646678426743 8.031152368572881 7.617986617626902 7.074086123942718 6.892338696090987 6.998964450503439 7.045881706151117 8.687316442862455 11.295599417086391 -9999 -9999 -9999 -9999 -9999 -9999 -9999 -9999 -9999 -9999 -9999 -9999 -9999 -9999 -9999 -9999 -9999 -9999 -9999 -9999 -9999
-9999 -9999 -9999 6.9214437883339475 8.382788488210144 10.137409293108064 10.540480288628242 10.518043887474427 10.430710517018003 9.947059093775641 9.168961279658882 9.241487981905108 8.735713219750778 9.039324462061009 8.588206278294491 8.448416526169686 8.494180269177424 8.390981589774666 8.470101428469832 8.214787349800616 8.142613948940234 7.95955180068429 7.938112336037656 7.763528310972853 7.3006222460267685 7.1054094078502565 7.270926684587764 8.129615507399077 10.015681125707216 -9999 -9999 -9999 -9999 -9999 -9999 -9999 -9999 -9999 -9999 -9999 -9999 -9999 -9999 -9999 -9999 -9999 -9999 -9999 -9999 -9999 -9999 -9999
-9999 -9999 -9999 6.563396342852968 7.061888224389068 8.521583278050388 10.029071503388149 10.411916201262727 9.922317591905896 9.519675751003186 8.60835753083962 8.611256012149656 8.46094068362884 8.420667484858532 8.52845469330588 8.693454673886508 8.612672681909965 8.472318867348061 8.283067319605628 8.001775772358828 7.8977929859253555 7.845686430594987 7.569560141749045 7.06237603051152 7.14332423357672 7.577819382255558 9.300433838816947 14.07932092714378 -9999 -9999 -9999 -9999 -9999 -9999 -9999 -9999 -9999 -9999 -9999 -9999 -9999 -9999 -9999 -9999 -9999 -9999 -9999 -9999 -9999 -9999 -9999 -9999
-9999 -9999 -9999 8.228996250972411 9.560138983070956 10.301260793998877 10.190654595053363 9.655476566788694 9.098671918687627 8.441642708357994 8.3657840381002 8.278131705473122 8.644657774556238 8.904856686123393 8.651471893540906 8.959342057735533 9.160499340206918 8.99510146105779 8.876334545534414 8.651373202986269 8.506199858129044 8.311659019060508 8.288306916870381 7.966661758765364 7.900030418442577 8.29911522718051 11.033961223987358 -9999 -9999 -9999 -9999 -9999 -9999 -9999 -9999 -9999 -9999 -9999 -9999 -9999 -9999 -9999 -9999 -9999 -9999 -9999 -9999 -9999 -9999 -9999 -9999 -9999
-9999 -9999 -9999 -9999 9.899922881643066 10.54818914572913 10.7824953931479 10.564394854275417 10.050523890966852 9.506124275220948 9.03594310765968 8.623225754804391 8.166637957435247 8.612283196766061 8.876967685212243 9.122141438066912 8.780433753259812 8.789413296140262 8.803593707327408 9.000826497620046 9.086974934510632 9.370562669301288 9.686781346432094 10.237888612208279 -9999 -9999 -9999 -9999 -9999 -9999 -9999 -9999 -9999 -9999 -9999 -9999 -9999 -9999 -9999 -9999 -9999 -9999 -9999 -9999 -9999 -9999 -9999 -9999 -9999 -9999 -9999 -9999
-9999 -9999 -9999 -9999 10.18110910132885 9.745165354866973 9.421075221947996 9.164802502692972 9.072336856156188 8.68839179463945 8.17333670691918 7.556052022268747 7.491197655969434 7.630632041729977 8.225486835042481 8.704569079986545 8.762353533748792 8.797500023841208 8.841302892642128 9.288859454933256 9.257331010878787 9.322793162698117 9.988188846380844 11.924647301835456 16.88317153183762 -9999 -9999 -9999 -9999 -9999 -9999 -9999 -9999 -9999 -9999 -9999 -9999 -9999 -9999 -9999 -9999 -9999 -9999 -9999 -9999 -9999 -9999 -9999 -9999 -9999 -9999 -9999
-9999 -9999 -9999 -9999 9.09909531965585 9.069767284316207 8.784452461638068 8.150021373647 7.360530531798526 7.2239970908828175 7.3725700779896295 7.3414626177156075 7.4693890314080065 7.508175272207385 7.966570990613898 8.008582667532043 7.868870787493178 8.219462942901451 8.853545031910349 9.237105180435293 9.358108425040387 9.475645890552798 9.073001740858503 10.816085269009983 -9999 -9999 -9999 -9999 -9999 -9999 -9999 -9999 -9999 -9999 -9999 -9999 -9999 -9999 -9999 -9999 -9999 -9999 -9999 -9999 -9999 -9999 -9999 -9999 -9999 -9999 -9999 -9999
-9999 -9999 -9999 -9999 9.574967832846408 8.956669579187627 7.958616645653219 6.9417368630013385 6.795272700318868 6.8552304687440895 7.347273261210071 7.1821125609250105 7.087342185349632 7.430592648724941 7.840873490074396 8.082409271030961 8.188949896290882 8.13151361886662 8.232404860060202 8.545259699812503 8.758694402936166 8.953316800025643 9.914104270992349 -9999 -9999 -9999 -9999 -9999 -9999 -9999 -9999 -9999 -9999 -9999 -9999 -9999 -9999 -9999 -9999 -9999 -9999 -9999 -9999 -9999 -9999 -9999 -9999 -9999 -9999 -9999 -9999 -9999
