metrics/grid_rasters/ASCAT 12.5 TS/grideval_ASCAT 12.5 TS_Y_2015_absolute_ubrmsd.asc
ncols 52
nrows 55
xllcorner     11.25
yllcorner     55.25
cellsize      0.25
NODATA_value  -9999
[rows 0 to 29 of 55, columns 0 to 51 of 52]
-9999 -9999 -9999 -9999 -9999 -9999 -9999 -9999 -9999 -9999 -9999 -9999 -9999 -9999 -9999 -9999 -9999 -9999 -9999 -9999 -9999 -9999 -9999 -9999 -9999 -9999 -9999 -9999 -9999 -9999 -9999 -9999 -9999 -9999 -9999 -9999 16.861210698773316 17.35433680644817 17.198827510129615 -9999 -9999 -9999 -9999 -9999 -9999 -9999 -9999 -9999 -9999 -9999 -9999 -9999
-9999 -9999 -9999 -9999 -9999 -9999 -9999 -9999 -9999 -9999 -9999 -9999 -9999 -9999 -9999 -9999 -9999 -9999 -9999 -9999 -9999 -9999 -9999 -9999 -9999 -9999 -9999 -9999 -9999 -9999 -9999 -9999 -9999 -9999 -9999 -9999 18.113629111832932 16.275810760806472 15.589977280957363 15.386971091225783 15.911538232352632 15.912056380119488 -9999 -9999 -9999 -9999 -9999 -9999 -9999 -9999 -9999 -9999
-9999 -9999 -9999 -9999 -9999 -9999 -9999 -9999 -9999 -9999 -9999 -9999 -9999 -9999 -9999 -9999 -9999 -9999 -9999 -9999 -9999 -9999 -9999 -9999 -9999 -9999 -9999 21.413191228771037 21.418227973518874 22.709130005077032 22.67156042594416 21.424309225724095 20.867541874614588 20.301993567995925 -9999 19.47377965662832 18.45211052126943 16.395599767026223 15.272861067172116 15.560961129560154 15.563591203713038 16.34198752318267 17.704832588011282 19.66720578873176 21.073749593017126 21.077174687739625 -9999 -9999 -9999 -9999 -9999 -9999
-9999 -9999 -9999 -9999 -9999 -9999 -9999 -9999 -9999 -9999 -9999 -9999 -9999 -9999 -9999 -9999 -9999 -9999 -9999 -9999 -9999 -9999 -9999 -9999 -9999 -9999 -9999 19.64647970666405 20.619558491532093 20.879739074405805 19.818044027963666 19.75751878649195 19.762657989705804 19.67309308798174 18.892733767593008 18.395878805403076 17.848862462178516 17.3366004423206 17.339141424094215 16.817919197455026 17.42453376601465 18.881785597452488 20.250850087619604 21.58385091047129 21.58547759516302 22.18577098761675 22.497616021315164 22.53577972131936 -9999 -9999 -9999 -9999
-9999 -9999 -9999 -9999 -9999 -9999 -9999 -9999 -9999 -9999 -9999 -9999 -9999 -9999 -9999 -9999 -9999 -9999 -9999 -9999 -9999 -9999 20.699900137367575 21.006585770837816 21.01853828687021 20.78218927719884 20.412347437465648 20.196499443198626 20.02324152212712 18.61436913463761 18.74495275942648 17.872828490279655 18.599376953402913 19.246934858106567 19.99428387981757 20.873917796245877 20.14319316783239 19.74447175883365 19.821360616561048 20.440833625683943 21.677495940942755 22.40128540345179 23.00200194228104 23.128569362179647 22.516436429373112 22.154676147413287 21.481469249806338 20.286999037881113 19.606746162728008 -9999 -9999 -9999
-9999 -9999 -9999 -9999 -9999 -9999 -9999 -9999 -9999 -9999 -9999 -9999 -9999 -9999 -9999 -9999 -9999 -9999 -9999 -9999 -9999 20.994193378881352 20.994672592443628 21.685678114976653 21.55334657387365 21.48488988696328 20.380723731458442 19.626891570056568 19.782783157560214 19.78305424526643 19.896228900680864 20.08870267135843 19.70279427037315 19.28111874264024 19.75179626938211 20.79139668210656 20.793254911966624 21.35874906783943 21.2076991844886 20.969901777052442 20.764648107927822 20.81825845614779 20.819002003903524 20.33372431121156 20.36780410377472 20.0478232605868 19.741970531341888 19.182662084620357 18.790991127842148 -9999 -9999 -9999
-9999 -9999 -9999 -9999 -9999 -9999 -9999 -9999 -9999 -9999 -9999 -9999 -9999 -9999 -9999 -9999 -9999 -9999 -9999 -9999 19.970590183913387 20.776963174630552 21.510314798976268 21.86558085640932 21.40049857861068 20.864587162229665 20.86498447448359 19.525941592504424 19.974116219195558 19.719107353396577 20.40946308627849 20.60743445602367 20.478420613416702 20.483521212950386 20.778944535990146 20.799849726806194 20.155492035637373 20.048988272191288 19.304145660926846 19.335653798509924 19.33519279007151 19.427501340018736 19.203026029831218 18.779414113416372 18.783800036103315 18.765595969023842 18.89522217981969 18.897385903918707 18.717776147198556 18.57945274642044 -9999 -9999
-9999 -9999 -9999 -9999 -9999 -9999 -9999 -9999 -9999 -9999 -9999 -9999 -9999 -9999 -9999 -9999 -9999 -9999 -9999 -9999 -9999 20.379161509464808 20.073090901358672 20.074344085895053 20.580388642713746 20.694032026177748 20.79392324750981 20.138616953909946 19.63833419663397 19.228041809510863 19.226012686886467 19.084578304000228 19.92969619692064 21.302861834293388 22.302157394260238 22.26046149072336 20.887084596308338 19.88166390433127 19.88410063269104 19.12212291549384 18.6961658242229 18.525657565757815 18.18416120343785 17.876001623309485 17.979728586371863 17.981498675147584 18.23698911798024 18.189513736681427 17.817298632043567 -9999 -9999 -9999
-9999 -9999 -9999 -9999 -9999 -9999 -9999 -9999 -9999 -9999 -9999 -9999 -9999 -9999 -9999 -9999 -9999 -9999 -9999 20.71134070997721 20.58631638369161 19.791152700138067 19.501411001892727 19.647252994500032 20.367041835061 22.335604695596018 23.0719567318252 23.069685718560024 22.090490339321555 20.94722558820264 19.710830632258595 18.42999031550623 18.225055167527877 18.37448759295697 19.03608301275989 19.036365791382533 19.920584922066286 20.50827351123527 20.23638779551581 19.44086138901365 18.173153406793663 16.799511285247743 16.679133878375495 16.678889147395775 16.55200665284504 16.595280159486496 16.907780687241 16.815058064721697 16.710311698860327 16.302561911519643 16.137577410891286 -9999
-9999 -9999 -9999 -9999 -9999 -9999 -9999 -9999 -9999 -9999 -9999 -9999 -9999 -9999 -9999 -9999 -9999 -9999 19.833538415641648 19.51233111989156 18.92711858167531 18.85770525899469 19.22765513349334 20.165209264209615 21.22111924260462 21.157678419369358 21.160327635537275 21.02157190910342 21.17490659861975 21.80052976516911 20.896692995534828 19.051017032691075 17.390334242241018 16.321033992254762 15.915283688361935 15.916087611435534 15.783640431703718 16.345582746913664 17.235079409252116 17.845963007509948 17.828995181612004 16.571775194492954 15.972263888238132 15.382930187932294 15.383368926702286 15.432692750979314 15.855859916032884 15.841887066479769 15.662675791560162 15.344303446175456 15.311551693299382 -9999
-9999 -9999 -9999 -9999 -9999 -9999 -9999 -9999 -9999 -9999 -9999 -9999 -9999 -9999 -9999 -9999 -9999 20.365586181603803 20.05451924653929 20.014219376483585 21.485371903117763 21.602089718712406 21.603127099567867 20.78865447928935 20.16234197234768 19.736530008119093 19.41215260819708 19.014504131542488 19.115571810336174 19.37661656081666 19.557006637328517 19.556963984365726 18.416698877237888 16.499100302293087 15.612221693443427 15.309696570486558 15.524473270775163 15.493591786788535 15.494799016549614 15.682872730242085 16.317888884795057 16.318328927192532 16.480933262784582 16.25348060757161 15.414441203957503 15.395786871833591 15.275705359616875 15.5436551746912 15.845928346273553 15.814724797041464 -9999 -9999
-9999 -9999 -9999 -9999 -9999 -9999 -9999 -9999 -9999 -9999 -9999 -9999 -9999 20.831718860549667 20.709010112903368 20.859673872545255 20.92825556304492 20.92725555316186 20.766520468650207 20.68507159686544 21.05327886155279 21.919577069676148 21.37561204414085 19.805359660605518 18.341077914912933 17.342756921014953 17.154620093953344 17.154951061306857 16.895922926965106 16.88586840139683 17.3041442557075 17.013807178946756 16.382766384038565 15.300167924877892 15.276594238402225 15.537610723778224 15.57940550549928 15.529667746392533 15.530516335353196 15.177327111362903 15.806592612755347 15.988832117860715 16.167545211595357 16.276449723730124 16.1265342017489 16.023287201100118 15.68095137762617 15.61838420462323 15.618337357884656 15.603983718084327 16.123177561318013 -9999
-9999 -9999 -9999 -9999 -9999 -9999 -9999 -9999 -9999 -9999 -9999 -9999 -9999 20.48036149385347 20.674757180911445 20.501387688534404 21.25226511657539 21.33432229986118 21.911902091994676 22.07231093307065 21.969063230785324 21.4951075589436 19.739053625068266 19.739027287625312 18.01897017204394 17.19989840978975 17.288665289120715 17.140961820090272 17.005247735552608 17.11251891817243 16.589575160872204 16.426684158055107 16.24948640860137 16.385757433560265 16.387109830267168 16.163239760731972 16.186464157704606 15.97697940457189 15.891172552372645 15.752847063158438 15.370444805671985 15.098671579625854 15.380572506105313 15.756981805148705 16.161889907105532 16.162397518394233 16.069962554787473 16.248354537388607 16.27118098705564 16.176820032795813 16.755614696490227 17.17262030733251
-9999 -9999 -9999 -9999 -9999 -9999 -9999 -9999 -9999 -9999 -9999 -9999 -9999 21.255407426546096 21.075117122059694 22.237312104969657 22.444882995620567 22.122662294510445 21.406142294421638 22.10674711298695 21.544065864333707 20.554233515204906 19.158135665469295 18.14059057014543 18.30695221364628 18.18488289883769 18.479277122207755 18.431449155798784 18.16873339271029 17.651995868065256 17.22501416126028 17.047858400093073 16.61060354840559 16.804216041539142 16.61206321447959 16.214580689239988 16.26942287023627 16.14584393939887 16.160012366727585 15.855479754153244 15.480965313734131 15.731441907126241 16.19737283302009 18.30474701674116 -9999 -9999 -9999 -9999 -9999 -9999 -9999 -9999
-9999 -9999 -9999 -9999 -9999 -9999 -9999 -9999 -9999 -9999 -9999 -9999 -9999 21.787626613441702 22.242396812693595 22.950592662463578 22.971721838132964 22.174241710173014 20.52314702807679 18.83781849298524 18.042551843188612 17.837921979069172 18.291462826657188 18.626607060977644 18.20260069572933 18.498095773460747 17.87625853904936 17.07838185067287 17.078100951633335 16.780980122087822 16.62463682973605 16.732359749567653 16.944062908787846 17.226380859374256 17.34081862256934 17.20005169736881 16.47994519154714 15.928512310936725 15.439898485454126 15.464252867721227 16.311202947719472 -9999 -9999 -9999 -9999 -9999 -9999 -9999 -9999 -9999 -9999 -9999
-9999 -9999 -9999 -9999 -9999 -9999 -9999 -9999 -9999 -9999 -9999 -9999 20.437368349267818 21.05777966795332 21.93349049721523 22.454842053405613 22.20411296170728 21.10164022254448 19.04901820157641 17.860451423387094 17.280675275801677 17.281452134872517 17.21891468034552 17.09503029370375 17.192013302114265 17.193089851638288 17.140296039782072 16.89884593062022 16.43715917930425 16.079210949438323 15.837702976617289 15.791415471578715 16.259061828321446 16.580407004235887 16.701924788664268 16.190224335985903 15.08107128432067 15.081504726733742 14.793019082543426 15.296386186809446 16.794818324934216 -9999 -9999 -9999 -9999 -9999 -9999 -9999 -9999 -9999 -9999 -9999
-9999 -9999 -9999 -9999 -9999 -9999 -9999 -9999 -9999 -9999 -9999 20.25535927073531 20.2554003238228 20.29655559688523 21.361320964799965 22.020746580328296 21.82947895049692 20.327552944581672 18.522051173426245 17.211101464461162 16.51947022533183 16.465786551688087 16.946785440647954 16.858211525577016 16.19752098239522 15.977269545246054 15.983092265445185 15.776269374890296 15.90176363492989 15.582381029921162 15.578019851374506 15.578117140716381 15.711045196088346 15.84101224001983 15.778896188473267 15.527132841099696 14.771462205234075 14.423618786561265 14.841678219093987 17.18107638893955 -9999 -9999 -9999 -9999 -9999 -9999 -9999 -9999 -9999 -9999 -9999 -9999
-9999 -9999 -9999 -9999 -9999 -9999 -9999 -9999 -9999 -9999 20.36217544834751 20.956427960621237 21.474573672735733 21.621423738268263 21.158926159454268 19.473963748829746 17.57727167603109 16.326212836565226 16.143190667487712 15.432851751765108 15.759069833103887 15.32377826897095 15.383110750445347 15.92334838714082 16.444538218002346 16.747970728534934 16.85408124567485 16.447703019369186 15.888850042138136 15.09992344011856 14.819369438359786 14.736013393871154 14.85928898433994 14.965021431477554 15.076134213942547 14.772306314765439 14.478386480169885 14.937023329304273 15.768688530854744 -9999 -9999 -9999 -9999 -9999 -9999 -9999 -9999 -9999 -9999 -9999 -9999 -9999
-9999 -9999 -9999 -9999 -9999 -9999 -9999 -9999 -9999 -9999 -9999 -9999 18.065328876631785 16.291446635557115 15.178538431247787 15.178380236860425 14.482069511616528 14.064164589017365 13.814308486377282 13.944656240574037 14.178870364634449 14.339604936452794 14.700980494145243 14.862594608724649 14.943876972143727 16.04909828932821 16.524899448605726 16.54777822322736 16.26802523708973 15.21399988712095 14.95498224316434 14.508600997976787 14.652187053386976 14.250008378363189 13.85969516177735 14.010763124213483 14.29091925341619 14.94541008886255 16.071274727581436 16.836868873008452 -9999 -9999 -9999 -9999 -9999 -9999 -9999 -9999 -9999 -9999 -9999 -9999
-9999 -9999 -9999 -9999 -9999 -9999 -9999 -9999 -9999 -9999 -9999 18.80818505067997 19.344306660674494 18.938070944516166 16.74426424184764 14.774302493249865 13.548417337455223 12.76861638816087 12.830334996164213 12.788143679573329 12.996345205857546 13.848335810001556 14.503622870522289 14.604995406718183 15.163403787243734 15.369431937727725 15.492747068439007 15.457157129001999 15.21343141226616 14.88866894676044 14.684909560946796 14.323234981112856 14.276002444083419 13.91593874674432 13.916048619233921 13.932126648553364 14.903412901890311 15.92655701665908 16.685128360987424 -9999 -9999 -9999 -9999 -9999 -9999 -9999 -9999 -9999 -9999 -9999 -9999 -9999
-9999 -9999 -9999 -9999 -9999 19.299007581551873 18.658215107349232 18.206328557065667 18.3982721140218 18.746339912239282 17.82585304278114 16.092548403207786 16.09220146965675 15.29489589043786 14.657026033237125 14.161222889052414 13.165437979003089 12.529627281127686 12.300509900956774 12.3752612587033 12.34758234778828 12.61708339887224 13.354947834793876 14.049857171006071 14.616948216549734 14.920348705285893 14.619782576034664 14.222978022082579 14.420858387413066 14.727565486472962 14.847539908303435 14.800169634032828 15.012709248783922 15.150427860045356 16.091729609167228 16.535041853030126 16.982185562210223 17.577515004526028 -9999 -9999 -9999 -9999 -9999 -9999 -9999 -9999 -9999 -9999 -9999 -9999 -9999 -9999
-9999 -9999 -9999 -9999 19.65411656636936 19.277323698237005 19.656577046073455 18.848100767917767 17.98520763177291 17.77225110548939 16.897122561946713 16.273535639997565 15.72946571805305 15.124541226643439 14.543339114716588 13.833357467984904 13.2307435373844 12.904799349127495 12.834078407554426 12.647252316671262 13.126260029780092 14.073297927505582 14.789497366556752 15.084278408529249 15.247698125996425 14.993200766586222 14.753671244520495 15.19509627176404 15.511420816195411 15.887732416234446 15.91167035196059 16.29492621090798 16.497698207183742 16.90629082629549 18.34487619855362 -9999 -9999 -9999 -9999 -9999 -9999 -9999 -9999 -9999 -9999 -9999 -9999 -9999 -9999 -9999 -9999 -9999
-9999 -9999 -9999 21.958282617217808 21.737604071164185 20.814467391520623 19.74629032646622 19.1848907425204 19.1107705163622 18.609066395553814 18.450093420948967 18.13962840001458 17.599346093727966 16.257803176230787 15.643645061134993 14.772563220301313 13.682275067110865 13.201207735989232 13.149085745666554 13.58188892049808 14.114411995867044 14.920482705610883 15.27627034061429 15.368134617030965 15.217233389312186 15.272179225708694 15.550534941048355 15.835408078575428 16.44612033553972 16.90707924486113 17.738117277256336 -9999 -9999 -9999 -9999 -9999 -9999 -9999 -9999 -9999 -9999 -9999 -9999 -9999 -9999 -9999 -9999 -9999 -9999 -9999 -9999 -9999
-9999 -9999 -9999 20.70880839987568 22.510662094610886 23.102264000825357 22.577893080237953 21.06742648437761 20.61653357243744 20.350260529348574 20.536016647491177 20.74689281524196 19.603795775295392 18.145197458504718 16.60384991374643 15.482350783233983 14.692499709344153 14.34218303783819 14.221279803009242 13.984552587153573 14.342210641171153 15.230408887787387 15.757655235366965 16.036095384037026 15.711258309743354 15.57290002600011 16.187133339367172 16.310340350448893 16.771516203792054 -9999 -9999 -9999 -9999 -9999 -9999 -9999 -9999 -9999 -9999 -9999 -9999 -9999 -9999 -9999 -9999 -9999 -9999 -9999 -9999 -9999 -9999 -9999
-9999 -9999 -9999 18.009320389754425 18.041162160785404 19.714202132013774 21.475209825490808 20.491412829814415 20.173967840262122 20.44910297997094 19.83579430942012 20.51028237798528 19.196131027226432 17.06381864169136 16.330776461114908 15.71728099205694 15.305183557354322 14.838116381334837 14.614877267805216 14.796362455377126 15.204717607532913 15.94478874718484 16.18885970997509 16.210593898124248 16.164318621811052 16.626502471437664 16.936386502686393 18.05086339511461 -9999 -9999 -9999 -9999 -9999 -9999 -9999 -9999 -9999 -9999 -9999 -9999 -9999 -9999 -9999 -9999 -9999 -9999 -9999 -9999 -9999 -9999 -9999 -9999
-9999 -9999 -9999 18.506814342088944 19.652509674068707 19.651036123918537 19.62678069917511 19.731780986136528 19.539929875205384 19.145437434366702 19.162084355587453 18.87840819131116 18.516262388584988 17.546530766117787 16.265462391982233 15.90954211600848 15.777028376253476 15.36727571778592 15.557435320210411 15.678443284313646 16.21634155940814 16.709544887638188 17.315583878639494 17.4506757921469 17.269738988861306 17.221819447979392 17.67552516423284 -9999 -9999 -9999 -9999 -9999 -9999 -9999 -9999 -9999 -9999 -9999 -9999 -9999 -9999 -9999 -9999 -9999 -9999 -9999 -9999 -9999 -9999 -9999 -9999 -9999
-9999 -9999 -9999 -9999 19.85834610179068 19.856725501000472 19.760002521547435 19.643768199639585 18.906425910213343 18.66818197283612 18.507682431390847 18.507162338772474 18.224708299748627 18.347183097800233 18.029174196497873 17.94576277214946 16.947369557897506 16.97101301379289 17.048026219458805 17.567751104926284 17.804158255422433 18.3898553003828 18.40536973890284 17.908953202792727 -9999 -9999 -9999 -9999 -9999 -9999 -9999 -9999 -9999 -9999 -9999 -9999 -9999 -9999 -9999 -9999 -9999 -9999 -9999 -9999 -9999 -9999 -9999 -9999 -9999 -9999 -9999 -9999
-9999 -9999 -9999 -9999 19.768250669178737 20.408894421137475 21.003586324322352 20.692948592487586 20.292556139618334 19.814738457757443 19.674982405341797 19.608199232481606 19.502676289545704 19.567626606522683 19.839621438941336 19.659008523688744 19.30787478255755 18.80777550490746 18.89337756082492 19.090754970109014 19.19494986409189 19.199080079133825 17.923660219028715 17.816106230844742 17.584040778548232 -9999 -9999 -9999 -9999 -9999 -9999 -9999 -9999 -9999 -9999 -9999 -9999 -9999 -9999 -9999 -9999 -9999 -9999 -9999 -9999 -9999 -9999 -9999 -9999 -9999 -9999 -9999
-9999 -9999 -9999 -9999 20.793289114257547 20.588832631249694 20.35520112324953 20.71329299576395 21.348213265458423 21.715155070119305 21.89570938698338 21.14252600496495 21.029408142299477 20.65950430906897 20.748118375208897 20.202798679960974 19.944227604783872 20.163620739979766 20.63696824928919 20.53122876961789 20.19394656810948 19.364477686441386 18.473769377336296 18.43626727396193 -9999 -9999 -9999 -9999 -9999 -9999 -9999 -9999 -9999 -9999 -9999 -9999 -9999 -9999 -9999 -9999 -9999 -9999 -9999 -9999 -9999 -9999 -9999 -9999 -9999 -9999 -9999 -9999
-9999 -9999 -9999 -9999 21.024339293263786 21.95558534273865 21.421795498093413 20.831416291187576 21.366289280307733 21.699815732863396 21.875955876368664 21.317918584643333 20.67444690164379 20.40646512922219 20.051190131289914 20.202475904678227 20.39148981096312 20.3668061598012 20.73856122292792 20.451467716658726 20.29520210888929 19.34410913961252 19.21429762574253 -9999 -9999 -9999 -9999 -9999 -9999 -9999 -9999 -9999 -9999 -9999 -9999 -9999 -9999 -9999 -9999 -9999 -9999 -9999 -9999 -9999 -9999 -9999 -9999 -9999 -9999 -9999 -9999 -9999
