metrics/grid_rasters/ASCAT 12.5 TS/grideval_ASCAT 12.5 TS_X_summer_2015_absolute_ubrmsd.asc
ncols 52
nrows 55
xllcorner     11.25
yllcorner     55.25
cellsize      0.25
NODATA_value  -9999
[rows 0 to 29 of 55, columns 0 to 51 of 52]
-9999 -9999 -9999 -9999 -9999 -9999 -9999 -9999 -9999 -9999 -9999 -9999 -9999 -9999 -9999 -9999 -9999 -9999 -9999 -9999 -9999 -9999 -9999 -9999 -9999 -9999 -9999 -9999 -9999 -9999 -9999 -9999 -9999 -9999 -9999 -9999 10.946866530461453 12.438308765055835 9.636649178496066 -9999 -9999 -9999 -9999 -9999 -9999 -9999 -9999 -9999 -9999 -9999 -9999 -9999
-9999 -9999 -9999 -9999 -9999 -9999 -9999 -9999 -9999 -9999 -9999 -9999 -9999 -9999 -9999 -9999 -9999 -9999 -9999 -9999 -9999 -9999 -9999 -9999 -9999 -9999 -9999 -9999 -9999 -9999 -9999 -9999 -9999 -9999 -9999 -9999 8.385442211598678 5.9849464093870095 5.236122068366859 5.435937694166962 6.030310533168751 6.029903052590492 -9999 -9999 -9999 -9999 -9999 -9999 -9999 -9999 -9999 -9999
-9999 -9999 -9999 -9999 -9999 -9999 -9999 -9999 -9999 -9999 -9999 -9999 -9999 -9999 -9999 -9999 -9999 -9999 -9999 -9999 -9999 -9999 -9999 -9999 -9999 -9999 -9999 24.440416677954182 24.450793788967985 25.502812591320897 24.38613967202875 21.614780298630663 17.712470266622056 11.89276385782242 -9999 8.424804396154673 6.433117176610737 4.929072112637294 4.630546752305811 5.192092455056248 5.191181071594687 5.7691576619452585 5.849672736857326 5.730953674218473 5.475074845481087 5.474321163219386 -9999 -9999 -9999 -9999 -9999 -9999
-9999 -9999 -9999 -9999 -9999 -9999 -9999 -9999 -9999 -9999 -9999 -9999 -9999 -9999 -9999 -9999 -9999 -9999 -9999 -9999 -9999 -9999 -9999 -9999 -9999 -9999 -9999 27.140550897487888 28.209000072492717 27.919635584468235 24.133122924294074 19.30584071235691 19.310851223643123 13.081383029817466 9.414475935361276 8.017462394696196 7.218498085373947 6.463718122306045 6.462909396513195 6.081066785238736 6.0218244618538295 6.041613786065468 5.970763501395592 6.029337807323482 6.0283809416669465 6.149217676029514 6.2788070009487855 6.410603268585179 -9999 -9999 -9999 -9999
-9999 -9999 -9999 -9999 -9999 -9999 -9999 -9999 -9999 -9999 -9999 -9999 -9999 -9999 -9999 -9999 -9999 -9999 -9999 -9999 -9999 -9999 20.389830364488784 20.632014276156664 23.75836153733809 25.82981445325489 27.4191218173284 27.50483593636652 25.247153207085105 20.91454753655361 23.0647423666259 17.486687679439243 12.071705583535008 9.189918185403744 7.99257866897775 7.152810849390995 7.699059919534299 7.730411115442396 7.849796990049658 7.668869139062768 7.119504563476088 6.75325669857128 6.347747215247959 6.319318473372943 6.5648727597126655 7.018334617421504 7.061594857087281 7.387372215767013 7.587948192290977 -9999 -9999 -9999
-9999 -9999 -9999 -9999 -9999 -9999 -9999 -9999 -9999 -9999 -9999 -9999 -9999 -9999 -9999 -9999 -9999 -9999 -9999 -9999 -9999 22.321997972775588 22.32350105930931 23.462277899817103 23.837874596791487 24.187278939433664 23.928859628171722 22.24306847564117 19.308198731175448 19.30667239290112 13.849330080626789 9.634913010921695 7.339363240141655 6.017147639733022 5.749223507101138 6.215137594997095 6.215540406019933 7.013525213230184 7.635463148064325 7.8203426926737745 7.54342748451812 7.164425296625472 7.16461702480335 6.7243868133190725 6.618854624406963 6.687802648251403 6.837278597281187 7.144452861293073 7.403512512641938 -9999 -9999 -9999
-9999 -9999 -9999 -9999 -9999 -9999 -9999 -9999 -9999 -9999 -9999 -9999 -9999 -9999 -9999 -9999 -9999 -9999 -9999 -9999 21.405243680197447 23.599319784032673 26.27029709731429 28.100955188526214 27.93960533805185 27.19424258692873 27.19251727150265 23.877243536174287 20.41932517144997 14.787812735424506 10.484839347698726 8.012392362505487 6.614650224337511 6.612506897284378 5.8303602181988206 5.988444093124121 6.817768467509827 8.08578526256119 8.03759905058128 7.9813888799666275 7.982736536275933 7.558496336889414 7.263837273456228 7.091486528791914 6.796724967335083 6.4195760696235755 6.434455370448568 6.433924343186668 6.6398994570075045 6.866506125987381 -9999 -9999
-9999 -9999 -9999 -9999 -9999 -9999 -9999 -9999 -9999 -9999 -9999 -9999 -9999 -9999 -9999 -9999 -9999 -9999 -9999 -9999 -9999 26.09172208293248 26.006355370774934 26.009227795142717 25.49575492311255 24.002552583437797 22.149200838323676 18.275640280854347 14.28767120468212 11.292893314639262 11.286018419653175 9.3897086639268 7.756276631244138 6.611048612157129 6.035779349890517 6.347783395306887 7.081151675567448 7.988877854865326 7.987756537607122 8.021521354100484 7.799866887768288 7.689237245629599 7.637367873651915 7.2632463122229085 7.029877136128357 7.030782359908607 6.791727302898559 6.773879943449822 6.773485671036777 -9999 -9999 -9999
-9999 -9999 -9999 -9999 -9999 -9999 -9999 -9999 -9999 -9999 -9999 -9999 -9999 -9999 -9999 -9999 -9999 -9999 -9999 22.721983971342386 22.44185556872509 21.695257528374853 21.840667948456787 21.449382804114148 19.076496638563523 17.44392860238116 14.788437229856624 14.784814427612902 11.510772808581095 9.656211710532688 8.821409269191903 7.981850343671164 7.5338931978567825 7.176197653408678 6.6560185639455725 6.656739907461787 6.264854822357607 6.326611866413537 6.6253649377412485 7.149722622583951 7.651967520285336 7.592692507267983 7.541101520063737 7.541767247488662 7.393674701368961 7.34902348288028 7.201789571389371 7.0773382986500994 6.899728237042365 6.944254705298686 6.982848643579033 -9999
-9999 -9999 -9999 -9999 -9999 -9999 -9999 -9999 -9999 -9999 -9999 -9999 -9999 -9999 -9999 -9999 -9999 -9999 22.240773871980533 19.471609131246016 15.772098254347894 14.09434536381696 12.627786825667314 11.217951120299528 9.984101895966543 9.084385186276917 9.084633397171661 8.983683359383537 8.647761387355263 8.435601396410112 8.095611482124712 7.727508665243802 7.756770882504168 7.970735768192392 7.8598192844431125 7.860214187905035 7.552770873604162 7.384902538502367 7.241946648504848 6.986638459889092 7.360290355217527 7.390294204335582 7.664877638991432 7.449046792635863 7.448550744022173 7.399025053088786 7.362578804950764 6.862866477681487 6.910644763822537 6.764414970043097 6.783042765494351 -9999
-9999 -9999 -9999 -9999 -9999 -9999 -9999 -9999 -9999 -9999 -9999 -9999 -9999 -9999 -9999 -9999 -9999 21.419920425723323 19.770739585112224 15.916591822005007 12.084958827632502 9.09833665460735 9.098888169714147 8.017954906725167 7.84703214111754 7.957428129374831 8.067495195817528 8.035285671775299 7.936643828011017 7.531306150701322 7.6921755144181105 7.690785196029284 8.019004178260555 8.096198761894389 7.861829194164715 7.602198215221857 7.438832444284254 7.565880461450917 7.279713859554453 7.3035286331134905 7.381819514430813 7.382049724880228 7.573583997985315 7.4798756263928095 7.0687610568901045 7.223670598364358 7.195860742871084 7.1604027621340265 7.040251684697839 6.772134457934196 -9999 -9999
-9999 -9999 -9999 -9999 -9999 -9999 -9999 -9999 -9999 -9999 -9999 -9999 -9999 17.144022467596418 17.832978020573613 18.315453316881552 18.38313674182931 18.38178546352228 17.901373740877652 16.6710296756349 14.513096675514953 11.899734005766533 9.883755757281717 8.80826137391633 8.490770904311463 8.134595804601197 8.024677478768993 8.018369716783853 8.025463118019621 8.050769376215385 7.849512404163551 7.810541245759312 8.133694074697013 7.9468282856350045 7.814064885666032 7.592896931243413 7.360485190801964 7.745191604695008 7.745652522114952 7.744261389742155 7.9482560445295345 7.835465740550656 7.730891082241827 7.619464956045362 7.420652220320168 7.46896136967196 7.429043175428758 7.1816310103462335 7.182397851127969 7.122325259187408 7.451195907011979 -9999
-9999 -9999 -9999 -9999 -9999 -9999 -9999 -9999 -9999 -9999 -9999 -9999 -9999 16.923004544852844 16.790402012595848 16.281364075128458 16.402666300149214 15.39340633301758 15.100255485670507 14.010981630066023 12.545697586005714 11.568658202029539 10.334943339130335 10.32962022352586 9.54030500457376 8.91039296513792 8.523560670640911 8.504006465511656 8.855136084445471 8.916143556468302 8.733497200786227 8.840543944251094 8.890161719857689 8.72913986109802 8.727979977601535 8.306560271366585 7.849228703488755 7.603226196422487 7.5855431221614955 7.915626066360048 7.922811405192768 7.939555375013302 8.160713776319856 8.562410303233621 8.708714920884399 8.709753920441349 8.327899011335116 8.364007444945699 8.193638334241918 8.279160348995427 8.830498113318177 9.104353812284934
-9999 -9999 -9999 -9999 -9999 -9999 -9999 -9999 -9999 -9999 -9999 -9999 -9999 15.48957211277144 13.081670125141153 11.858178098200565 11.236998974052 11.616976894485473 11.210627685583317 12.016243358488332 11.284725023163213 10.375900189893242 9.954827618044114 9.706995387675883 9.50640976071499 8.716743547422846 7.866278229797728 7.710545332886372 8.010112863076426 8.383400453003642 8.489130836829997 8.269586046845117 8.570272885598044 8.67107335151178 8.577743998321939 8.47649160353875 8.443723384928559 8.342434393097124 8.314074342990049 8.07729800056466 8.336010651414014 8.567113128274631 9.601803626280258 15.936862960181275 -9999 -9999 -9999 -9999 -9999 -9999 -9999 -9999
-9999 -9999 -9999 -9999 -9999 -9999 -9999 -9999 -9999 -9999 -9999 -9999 -9999 15.450333034463913 12.210229054227732 10.439591181475071 10.406181585670847 11.223786882300933 10.84880910411556 9.692533430562326 9.342049744775718 9.322510204340006 9.551476266845247 9.655926686402012 9.035778234721077 8.453236632177049 7.943163794259554 7.458112359961887 7.45808654298429 7.186042815846454 7.237333571316043 7.470294796405013 7.3628619171044996 7.300105847858081 7.329008343183022 7.509869330330504 7.515296627932128 7.662330345861458 8.118336304405904 8.927031303295015 9.69047728168937 -9999 -9999 -9999 -9999 -9999 -9999 -9999 -9999 -9999 -9999 -9999
-9999 -9999 -9999 -9999 -9999 -9999 -9999 -9999 -9999 -9999 -9999 -9999 16.45722737106248 14.64031900854352 13.13806378542314 12.459955011182215 12.067438262094774 10.635361016035493 9.275396450809794 9.022001538286744 8.690599387989064 8.69002416109699 8.740288185540566 8.991612341687539 9.004382219479739 8.681519531112901 8.188118995068027 7.846507956865772 7.601250480175519 7.277372150925456 7.1313071883262324 7.171240135635783 7.232698284881249 7.3278370766044745 7.359303251672842 7.261013057420423 7.430571566011932 7.429801213302113 7.842004433194862 8.343129245534794 11.896181567648375 -9999 -9999 -9999 -9999 -9999 -9999 -9999 -9999 -9999 -9999 -9999
-9999 -9999 -9999 -9999 -9999 -9999 -9999 -9999 -9999 -9999 -9999 12.0790759416503 12.076348683889744 12.813989095417476 13.521828519600856 13.164564654663026 11.82724335387083 10.171739110785806 8.933989791801471 8.29277799629771 7.80548948252842 7.5186304268487545 7.649646025972165 8.009935105069879 8.302654460489528 8.542522214956053 8.453812552803546 8.056104116627266 7.7494090832884 7.3476874458245875 7.36786702048577 7.368407968093178 7.647462969486678 7.931024833564428 7.871069780488959 7.88681348751079 8.214049529600977 8.413803435873586 9.222271160617144 13.625964226780686 -9999 -9999 -9999 -9999 -9999 -9999 -9999 -9999 -9999 -9999 -9999 -9999
-9999 -9999 -9999 -9999 -9999 -9999 -9999 -9999 -9999 -9999 9.521891222989712 10.930352283676147 11.92175942944437 11.998813249364435 11.214574470336157 10.131071560331526 9.030883987651556 8.398232237634742 7.975536603449258 7.636254627316093 7.35368673793042 7.204984898173097 7.056219621072702 6.967047412164506 7.274076964452277 8.105632488122321 8.424448388502729 8.340147442072638 7.902078846017313 7.371523708038874 7.05821577427629 7.117517799379757 7.293088630198009 7.488875006128121 7.604620863480319 7.9759283114043855 8.17543565026639 8.934957189496798 10.80452184439184 -9999 -9999 -9999 -9999 -9999 -9999 -9999 -9999 -9999 -9999 -9999 -9999 -9999
-9999 -9999 -9999 -9999 -9999 -9999 -9999 -9999 -9999 -9999 -9999 -9999 11.019672288870197 10.416324513228677 9.953305873301638 9.953994392752477 9.60362228108518 9.044599198497725 8.786065580598729 8.40982198390244 7.781905839213276 7.527722622394028 7.347533403416512 7.568795324372555 7.502607419812826 7.846801743897054 7.945119657899167 7.931290948062013 8.088804524730277 7.7876312785201 7.940801209412185 7.593679219243796 7.524491218741923 7.158736955561861 6.964810374258515 7.267425467903367 7.7950177080652 8.795006005773146 10.8025455848979 13.891972661749294 -9999 -9999 -9999 -9999 -9999 -9999 -9999 -9999 -9999 -9999 -9999 -9999
-9999 -9999 -9999 -9999 -9999 -9999 -9999 -9999 -9999 -9999 -9999 10.39396831436073 10.323503638234818 10.166452394958817 9.909610775936423 9.50844058121152 8.820603594711269 8.431488061705362 8.15117328923722 7.864383918309763 7.709556655319637 7.769499029174867 7.642671434179361 7.638542164798168 7.668578350510413 7.9125429145601025 8.077905182785143 7.881108957099475 7.9008437054038 7.903951567688547 7.930692225719166 8.029402882286378 7.640872424175439 7.445652716989755 7.445629031791379 7.321367317662117 7.70281618690024 8.546474314977381 10.232468989872533 -9999 -9999 -9999 -9999 -9999 -9999 -9999 -9999 -9999 -9999 -9999 -9999 -9999
-9999 -9999 -9999 -9999 -9999 7.497830238809622 8.61369636698773 9.767549247029383 10.626092271224996 10.502262247569961 10.29667788625539 9.927729116063 9.92748797785573 9.415233789129648 8.93489639315116 8.714580857046645 8.011877882410369 7.6486436043482735 7.4995151667122 7.517391280195862 7.512151646722367 7.311825814069812 7.2494487837070265 7.387155607456641 7.5357277457224985 7.973348072538085 7.9349327256580375 7.9742266280124365 8.14363521040254 7.979002113148559 7.843588731632957 7.816704874855603 8.041659083300395 8.068407696692091 8.708253448148005 9.223881297990646 9.893633045203261 11.700693703107856 -9999 -9999 -9999 -9999 -9999 -9999 -9999 -9999 -9999 -9999 -9999 -9999 -9999 -9999
-9999 -9999 -9999 -9999 6.2045370530007125 6.678514879993992 8.411305100464201 9.924108523356642 10.12844417001188 10.407776959440753 9.945876621366398 9.75875459440393 9.70558899125085 9.093175248622806 8.55375850653069 7.9664464689056125 7.590294357497134 7.84213679794062 7.934866477558661 7.884268311980858 7.979089651478849 7.934188300576173 7.865373339651568 7.5481017094444915 7.632839159569485 7.611505592158352 7.9233427016219595 8.006441073838587 8.272399363912651 8.24239926102204 8.133166892223088 8.452191223393397 8.993456785151707 9.605470855310324 11.191849092092962 -9999 -9999 -9999 -9999 -9999 -9999 -9999 -9999 -9999 -9999 -9999 -9999 -9999 -9999 -9999 -9999 -9999
-9999 -9999 -9999 8.107686958142866 8.012983475559968 8.134647114733234 8.752380749669486 9.556631172077934 9.812126784553957 9.820469428418061 10.184537001428419 10.093190491304703 10.240033603490666 9.83929097650732 9.1719332530465 8.666445400989222 8.450110317200497 8.653794398723996 8.519971920765721 8.504530440501863 8.440393199376391 8.307909024389629 8.09515565512613 8.021124165513639 8.069313005280664 8.03868078885324 8.377568543435874 8.872476667936075 9.054058651443123 10.55978822417682 11.70129380236575 -9999 -9999 -9999 -9999 -9999 -9999 -9999 -9999 -9999 -9999 -9999 -9999 -9999 -9999 -9999 -9999 -9999 -9999 -9999 -9999 -9999
-9999 -9999 -9999 11.473666421760695 14.241275262920652 14.570130657981071 13.179128537221176 11.248735393889458 10.478006667613672 9.951921444175518 9.53208182239598 10.009833021976672 10.151248379050557 9.960917870772418 9.525258102707836 9.038375725390084 8.8949625173834 9.007410534167851 8.948925070338028 8.637343165034036 8.642681450841332 8.764396191078534 8.798699397781267 8.71928416641266 8.511307022256082 8.224488138719188 8.866146003026115 9.95725699448117 11.664812367405668 -9999 -9999 -9999 -9999 -9999 -9999 -9999 -9999 -9999 -9999 -9999 -9999 -9999 -9999 -9999 -9999 -9999 -9999 -9999 -9999 -9999 -9999 -9999
-9999 -9999 -9999 9.73447784148487 10.714601557368864 11.430131597812018 11.716340864484525 10.445234634220176 8.939722311005003 8.107296731303007 7.586306877960683 7.956207187318198 9.007467720043199 8.831449255298994 9.032803288337536 9.206305171745852 9.362157594088835 9.269136745042793 9.093379733354523 8.75165673289076 8.472590638057719 8.595712617411277 8.737055391196341 9.032271475704716 9.12080184910501 9.681165261354641 11.79132127285101 14.603270206147135 -9999 -9999 -9999 -9999 -9999 -9999 -9999 -9999 -9999 -9999 -9999 -9999 -9999 -9999 -9999 -9999 -9999 -9999 -9999 -9999 -9999 -9999 -9999 -9999
-9999 -9999 -9999 8.294807039022205 8.87140934067734 8.729501633785873 8.221344282044258 7.559022755232641 6.834097784475051 6.98742193730474 7.551599711839817 8.147783102555398 8.49046181500211 8.542021383440991 8.156914484606732 8.493082395574696 9.065716965903054 9.243930107213881 9.237512322256173 9.021999227216641 8.932780255750377 8.641193018918427 8.943917371573553 9.031509643157962 8.98270217267957 10.182848493443966 12.922084254564467 -9999 -9999 -9999 -9999 -9999 -9999 -9999 -9999 -9999 -9999 -9999 -9999 -9999 -9999 -9999 -9999 -9999 -9999 -9999 -9999 -9999 -9999 -9999 -9999 -9999
-9999 -9999 -9999 -9999 8.897676438147139 8.851920747727668 8.70447494333702 8.460761771018205 8.060306967775809 8.022214955892547 8.022653964243617 8.202442975277167 7.850050255364656 8.258426049159958 8.273284543138082 8.468027049130075 8.619507813528143 8.857957478539726 9.166993252777457 9.370667554563882 9.481746543372084 9.397334790314712 9.378785844797807 10.149000615041675 -9999 -9999 -9999 -9999 -9999 -9999 -9999 -9999 -9999 -9999 -9999 -9999 -9999 -9999 -9999 -9999 -9999 -9999 -9999 -9999 -9999 -9999 -9999 -9999 -9999 -9999 -9999 -9999
-9999 -9999 -9999 -9999 8.621368852823894 7.901888132712481 7.994434257402724 7.9295111470559565 8.1815552429423 8.303918391752633 8.171957484651072 7.709648443618704 7.606162363109777 7.546003915220222 7.760891580550089 8.305537983027707 8.665883740754188 8.901739928419829 8.918550729618046 8.757066774556481 8.85314561991575 8.986701284924374 8.714522279607493 9.986361299032438 15.253642935115352 -9999 -9999 -9999 -9999 -9999 -9999 -9999 -9999 -9999 -9999 -9999 -9999 -9999 -9999 -9999 -9999 -9999 -9999 -9999 -9999 -9999 -9999 -9999 -9999 -9999 -9999 -9999
-9999 -9999 -9999 -9999 8.007552158751658 8.052220002603516 7.960671009181997 7.605101317307906 7.172478814815854 7.271371018773738 7.6360303702101575 7.41885361944221 7.535248954081791 7.738982796528955 8.05447565615608 8.137256440896419 8.080938214347723 8.147829166153096 8.473976360610013 8.70109243858539 8.770757305233259 8.947015054531716 8.396575892536308 10.161202516088656 -9999 -9999 -9999 -9999 -9999 -9999 -9999 -9999 -9999 -9999 -9999 -9999 -9999 -9999 -9999 -9999 -9999 -9999 -9999 -9999 -9999 -9999 -9999 -9999 -9999 -9999 -9999 -9999
-9999 -9999 -9999 -9999 8.873247648957786 8.527100589299238 7.70456615381008 7.038505264378406 7.004632962876718 7.160945644638451 7.485888220026075 7.211679803625495 7.0388510103968684 7.212153728674827 7.4631319899568975 7.717383278658625 8.054111515713698 8.072548228442669 8.32391830509024 8.622028408009994 8.546680228306847 8.320490660781253 10.73423311927362 -9999 -9999 -9999 -9999 -9999 -9999 -9999 -9999 -9999 -9999 -9999 -9999 -9999 -9999 -9999 -9999 -9999 -9999 -9999 -9999 -9999 -9999 -9999 -9999 -9999 -9999 -9999 -9999 -9999
