metrics/grid_rasters/ASCAT 12.5 TS/grideval_ASCAT 12.5 TS_X_spring_2018_absolute_ubrmsd.asc
ncols 52
nrows 55
xllcorner     11.25
yllcorner     55.25
cellsize      0.25
NODATA_value  -9999
[rows 0 to 29 of 55, columns 0 to 51 of 52]
-9999 -9999 -9999 -9999 -9999 -9999 -9999 -9999 -9999 -9999 -9999 -9999 -9999 -9999 -9999 -9999 -9999 -9999 -9999 -9999 -9999 -9999 -9999 -9999 -9999 -9999 -9999 -9999 -9999 -9999 -9999 -9999 -9999 -9999 -9999 -9999 13.533513167988787 13.6829809833216 14.83345887333581 -9999 -9999 -9999 -9999 -9999 -9999 -9999 -9999 -9999 -9999 -9999 -9999 -9999
-9999 -9999 -9999 -9999 -9999 -9999 -9999 -9999 -9999 -9999 -9999 -9999 -9999 -9999 -9999 -9999 -9999 -9999 -9999 -9999 -9999 -9999 -9999 -9999 -9999 -9999 -9999 -9999 -9999 -9999 -9999 -9999 -9999 -9999 -9999 -9999 17.98132147921814 18.12852386490362 19.101214904094515 20.22966048020965 22.024359501779795 22.022797027208604 -9999 -9999 -9999 -9999 -9999 -9999 -9999 -9999 -9999 -9999
-9999 -9999 -9999 -9999 -9999 -9999 -9999 -9999 -9999 -9999 -9999 -9999 -9999 -9999 -9999 -9999 -9999 -9999 -9999 -9999 -9999 -9999 -9999 -9999 -9999 -9999 -9999 13.406737448110135 13.407273782460715 13.303544710124747 13.883465806017773 15.721111109465149 18.921830576229013 21.640104819698774 -9999 23.871364854380698 24.90918599293509 24.6015271903614 23.916792495319914 24.078402152041733 24.087042769143192 24.608901051560327 24.789980783393503 25.50632083362893 25.997565888580624 26.00434304018471 -9999 -9999 -9999 -9999 -9999 -9999
-9999 -9999 -9999 -9999 -9999 -9999 -9999 -9999 -9999 -9999 -9999 -9999 -9999 -9999 -9999 -9999 -9999 -9999 -9999 -9999 -9999 -9999 -9999 -9999 -9999 -9999 -9999 11.408704035643742 12.372117080540006 13.878960945800507 14.59720403416562 17.244424846647867 17.25174942626336 20.40543423374623 22.548448381912586 23.936703641609878 24.6867014351874 24.8567722302782 24.860490372289075 24.68945753251504 25.016082369142516 25.164153167843185 25.578263911035734 25.74919296355444 25.751020349321266 25.380567532877073 24.8741035061878 24.76096237187335 -9999 -9999 -9999 -9999
-9999 -9999 -9999 -9999 -9999 -9999 -9999 -9999 -9999 -9999 -9999 -9999 -9999 -9999 -9999 -9999 -9999 -9999 -9999 -9999 -9999 -9999 15.778254420676172 15.305747759383804 15.159228593229285 13.2701331035929 12.621346770775347 15.249535862019922 18.844032633696653 19.462555819837693 18.77165112937647 18.230369580585002 20.64061664215757 22.907465595900426 23.643329331565546 24.183692625170437 23.389456435633907 22.766091119409122 23.16624339547265 24.30773719151429 25.81965264739652 25.929807710773183 26.05824672369247 25.967579579254192 24.663934711217717 23.797934126441522 22.95910444186008 21.529011037749893 21.105820726135605 -9999 -9999 -9999
-9999 -9999 -9999 -9999 -9999 -9999 -9999 -9999 -9999 -9999 -9999 -9999 -9999 -9999 -9999 -9999 -9999 -9999 -9999 -9999 -9999 16.274234101534063 16.271161687926188 14.650067009089387 14.492726970043368 15.951872228540626 16.656659628517858 17.141047295130647 18.463250081445942 18.46373504936573 20.045531552368764 22.665377839595504 24.48970067795581 24.90054960655301 25.15895590705866 25.30196799686353 25.303289713881284 24.912430918275675 23.51699433454029 22.929788567086163 23.090081319580698 23.92725590888115 23.92779900533943 23.933116435650106 24.05964291880404 23.807468247023287 22.861805917489505 21.636050157405528 20.877833859530718 -9999 -9999 -9999
-9999 -9999 -9999 -9999 -9999 -9999 -9999 -9999 -9999 -9999 -9999 -9999 -9999 -9999 -9999 -9999 -9999 -9999 -9999 -9999 16.47308667104891 14.391194012445574 13.035577602786732 13.633606559184525 16.544809359689516 18.105047465398094 18.10562821787423 16.607668757966714 16.60160152291863 18.057885615782734 20.91958685874484 22.87657270664442 24.027818237569157 24.043657607248267 25.29216647732262 24.86573132310259 23.682902562864534 22.79737338836131 21.53317690181721 21.697269986923903 21.695764394851146 21.993298833937512 22.4248346433776 23.30945869181059 24.022742023625145 24.40516625043336 24.35662631722162 24.360943508998307 24.012514475675417 22.73437332868389 -9999 -9999
-9999 -9999 -9999 -9999 -9999 -9999 -9999 -9999 -9999 -9999 -9999 -9999 -9999 -9999 -9999 -9999 -9999 -9999 -9999 -9999 -9999 14.708997627462995 14.424519044054156 14.424019632113211 17.03087059703983 17.98635463603097 17.337319891606256 16.940491805717404 18.39159142513985 19.968517487639783 19.976072197032032 20.528330564789158 21.853315111679184 23.548678784556923 24.77955280300865 24.896144394325038 23.034718781607488 21.307630572481735 21.311190245026317 20.57418820512068 20.793846507572013 21.149095667907734 21.929247741542138 22.281137320774707 22.834526336327013 22.836744746126666 23.447813038213148 23.18809093133903 21.757074348168164 -9999 -9999 -9999
-9999 -9999 -9999 -9999 -9999 -9999 -9999 -9999 -9999 -9999 -9999 -9999 -9999 -9999 -9999 -9999 -9999 -9999 -9999 14.896907027653466 15.905922660871756 15.997699373386679 16.396822393378013 17.207537530334626 17.0702780036236 17.440359106130703 17.814458770959135 17.817690436295212 18.298088674797295 18.617595995126536 18.54070271996107 18.779610022332687 19.433063620631547 20.511013012569304 22.107898942500285 22.108230966058898 23.367740557340174 23.94552094354536 23.314950563846 22.487647058025647 21.245175063218262 19.623049918189704 19.323550515356537 19.320410806821865 19.064076169591672 19.650104135252864 19.979859916512805 19.677942699120788 19.454056610601068 18.498500728375166 17.48450332621176 -9999
-9999 -9999 -9999 -9999 -9999 -9999 -9999 -9999 -9999 -9999 -9999 -9999 -9999 -9999 -9999 -9999 -9999 -9999 14.169836026411962 15.685117330547644 17.34557965666825 19.0440209962032 20.32334136101915 21.14602851586697 21.405151653904134 21.269255506066642 21.27758115865433 21.331830375584786 21.722155214830547 21.99687074181201 21.36603102686519 19.754002157354023 17.716674371079716 17.0801663430695 16.809973226162374 16.812527331982437 17.158180296998225 18.696306847936942 20.19086989835448 20.908223688798717 21.024306107693796 19.357030332577775 18.25785364952953 17.04299075376982 17.044258274443127 16.51883211464008 16.562151445644027 16.194523352501797 16.323373635943714 15.983486247342574 15.950125331833265 -9999
-9999 -9999 -9999 -9999 -9999 -9999 -9999 -9999 -9999 -9999 -9999 -9999 -9999 -9999 -9999 -9999 -9999 14.643098654233007 15.96975219625242 18.449894737323877 22.51393666103776 23.47677717737022 23.482572415848665 22.527201213271127 21.623787727698822 20.823663018386267 19.93151899990503 19.58095622256652 19.84364143312996 20.79671689797391 21.10213189733705 21.10086426173417 19.696262965142203 17.827005558814598 16.819251948643764 16.46555807980053 16.58282617266512 16.59487234097766 16.77864388384597 17.643154415428352 18.249219257136325 18.248553184679558 18.171843574109513 18.117568325773853 17.186305174434164 16.87812347797458 16.063363519203467 16.26665837217731 16.68516916806605 16.86810425584237 -9999 -9999
-9999 -9999 -9999 -9999 -9999 -9999 -9999 -9999 -9999 -9999 -9999 -9999 -9999 18.430297692159886 16.99131822571452 16.33376460059505 16.170895230877044 16.164717584127267 16.61371168500596 18.22774697135295 20.698824973315865 23.297228598069808 22.48917668895039 20.454804256931546 19.145163700868377 19.11432356327646 18.59068615019339 18.6011513189277 17.96850691879358 18.477283686723954 19.040113705113693 18.49826272409213 17.650873522879532 15.99373070700825 15.820175401050289 16.30171833238399 16.019515729377837 15.750176781056831 15.750662226410618 15.665763785754425 16.00156288301884 16.24963785972938 17.098171102998535 18.06668577468001 18.059481907570493 17.69019194647591 17.277975815668498 17.48740205173594 17.48614200103892 18.27030280680738 19.49109717975245 -9999
-9999 -9999 -9999 -9999 -9999 -9999 -9999 -9999 -9999 -9999 -9999 -9999 -9999 18.38123551317715 17.50215694675921 16.959615723235544 18.01474969926917 19.25409287445127 20.666706294001877 21.382195332658945 22.031425588221808 21.20311971285455 19.48773056595413 19.495222208395184 18.09989394997205 18.067775936712472 18.778603309802 18.8946072815578 18.998798827842116 18.846319745078254 17.532776435096526 16.891901739982938 16.401043249077127 16.03396693911865 16.038022191433736 16.149734050360188 16.049515941295386 15.433234110758207 16.004783199822906 15.451052176863891 14.98471390586334 15.30230032997633 15.756311742420086 16.5631946021675 17.026662554644293 17.025154937840025 17.677079776490938 18.39360502557283 19.695693305192627 20.496727585004173 21.257178514621106 20.142093074832214
-9999 -9999 -9999 -9999 -9999 -9999 -9999 -9999 -9999 -9999 -9999 -9999 -9999 19.375640596890836 20.06505895461123 21.977892137545595 22.29799344626101 22.005668372094693 21.44135679289484 22.09809804373276 21.77187534892822 20.25647022826466 18.387218630057426 17.785717453447013 18.695055527849327 19.21352396733828 20.202274147159027 20.725772428751487 20.432841691414346 19.311108814189254 18.513956488462156 18.149954697629347 17.389534983846712 17.379982404204082 17.190128064518046 16.625688914275838 16.527615853089596 17.990731740306114 17.51462851611861 16.165455749911505 15.390994853011478 15.201878412722847 16.00570390552741 19.963153234469978 -9999 -9999 -9999 -9999 -9999 -9999 -9999 -9999
-9999 -9999 -9999 -9999 -9999 -9999 -9999 -9999 -9999 -9999 -9999 -9999 -9999 19.85936555137792 22.32334153143799 23.34287285474657 23.27457169274543 21.89575438425737 20.18458139952904 18.355623995929754 17.733222975015547 18.062448598207947 19.003535736510308 19.708104976551343 19.27342619606652 19.301173973358807 19.072383169456703 18.784710898197464 18.78474335522612 18.735138812729772 18.78389600546752 18.66078272905752 18.252563032265467 18.3508957430166 18.746589607651753 19.204434046257184 18.897418446430066 19.163623128609665 18.870439493684028 18.198795181079767 18.113984100440927 -9999 -9999 -9999 -9999 -9999 -9999 -9999 -9999 -9999 -9999 -9999
-9999 -9999 -9999 -9999 -9999 -9999 -9999 -9999 -9999 -9999 -9999 -9999 18.303728369434328 19.36313480413792 21.607082540370985 22.55904229828463 22.19389401468967 20.956885645728224 18.491869950865773 17.646951427710572 17.445082741224653 17.44776352047664 18.13461096134897 18.764601154658198 18.16744937849262 17.667848395481958 17.707944040369057 17.777119231921297 17.755626722338995 17.891534360109905 17.544991806407154 17.182752278071412 16.874339936628207 17.228655539427756 17.178614619200527 17.06491621222241 16.89816208508522 16.897577194606292 17.618782671411623 18.426300426796054 19.049257818119475 -9999 -9999 -9999 -9999 -9999 -9999 -9999 -9999 -9999 -9999 -9999
-9999 -9999 -9999 -9999 -9999 -9999 -9999 -9999 -9999 -9999 -9999 19.895966171793717 19.897940079709226 19.987993385841328 21.341685544158455 22.80559582644216 22.835577883266613 21.367502808206662 19.595307139021944 18.250988642573297 17.497631418631734 17.983217460328905 18.700991272663842 18.38534626784389 16.6647066577885 16.167211389305606 16.008732297330262 15.947058497569639 16.517285281265117 16.37281413113305 16.31177800999442 16.310841099101516 16.34985049097355 15.73508151856625 15.552366331445556 15.497783687247038 15.407779106633306 15.441963265173992 16.122866842794508 19.579705789148786 -9999 -9999 -9999 -9999 -9999 -9999 -9999 -9999 -9999 -9999 -9999 -9999
-9999 -9999 -9999 -9999 -9999 -9999 -9999 -9999 -9999 -9999 22.066768419727346 22.160968915534905 22.541842108713354 23.023428544418913 23.20259000337481 21.519240854141522 19.37403180657727 18.852771110225717 19.126553530752872 18.766105142471652 18.493919924876767 17.586791271120134 17.24442098087759 17.925640830168156 18.32934558254397 18.45615414464593 18.1621581219586 17.234464305200724 16.062520975065187 15.038429524672212 14.93087978973565 15.383924918528045 15.265056153439355 15.703394400464134 15.892860167128402 16.381749002005964 16.189932080181354 16.37841751267348 16.82268979092884 -9999 -9999 -9999 -9999 -9999 -9999 -9999 -9999 -9999 -9999 -9999 -9999 -9999
-9999 -9999 -9999 -9999 -9999 -9999 -9999 -9999 -9999 -9999 -9999 -9999 20.429315496711464 18.13175303949598 16.45411339241612 16.44924238141342 15.987927366596715 16.501354228835574 16.56028018080918 17.28104506018667 16.866598658813253 17.138758805691463 16.84619267888216 16.122156216810872 16.037842834961875 16.926443921244708 17.32686178873329 17.083020882935706 16.259515547750553 14.999644761739178 15.092774981598627 14.9306644502262 15.275967939304595 15.786396209371654 16.557601232602813 17.03499365125408 16.76930770359169 16.484867232216953 17.311941038816645 16.555744034899494 -9999 -9999 -9999 -9999 -9999 -9999 -9999 -9999 -9999 -9999 -9999 -9999
-9999 -9999 -9999 -9999 -9999 -9999 -9999 -9999 -9999 -9999 -9999 23.86503645430569 23.28466185792469 22.10891789581355 18.882528535495727 16.432166162822494 15.274384691883347 14.545961422572088 14.646952222701776 14.483003067167134 14.491855753698196 14.97457516328898 14.816928669460035 14.64644947967292 14.550082055321575 14.509284592431671 14.764770163775532 14.931469030489195 15.083346140493774 14.844424109244152 14.633132251417024 14.564970745083494 15.322508006315148 15.682162474098575 15.681408884676387 15.813948058368704 16.58002280740128 16.844883843681647 16.9897007021642 -9999 -9999 -9999 -9999 -9999 -9999 -9999 -9999 -9999 -9999 -9999 -9999 -9999
-9999 -9999 -9999 -9999 -9999 22.205469129348703 22.348999303857426 21.894139779589068 22.822211716309408 24.37016527344914 23.945776967563397 20.35951701956836 20.360379357229565 18.434676509331048 17.410233705126902 16.50028422262055 15.071506489788591 13.592216725980913 12.776022022406623 12.676117041660788 12.803206324464623 12.729707860316875 12.962659063250921 13.868597168175375 14.336615772948091 14.255230873547239 13.940788181219153 14.060066858504666 13.887804157730839 13.837613201773904 13.939035169404573 14.089916086360695 14.44380588007622 14.952576650944312 15.51250879402528 15.566842939790796 15.154772673877682 14.994087473821173 -9999 -9999 -9999 -9999 -9999 -9999 -9999 -9999 -9999 -9999 -9999 -9999 -9999 -9999
-9999 -9999 -9999 -9999 22.454277813288027 23.371323519382443 24.048619868857983 22.203559485757584 21.0103140241602 20.323350469080275 18.819527674162 17.20979641422827 16.44489640141186 15.455191144061999 14.721478700920384 14.352856821660808 13.616359725641985 12.7848737923846 12.129391304205914 12.020119331796794 12.169413801870734 12.541579438956418 12.717845987833154 12.979898113471409 13.46357559406188 13.489115957433206 13.543744383668196 13.722225129155529 13.679087786878455 14.460960289358885 14.879024596042322 15.225902543672015 15.513670147865474 16.299821195763908 19.731851018885912 -9999 -9999 -9999 -9999 -9999 -9999 -9999 -9999 -9999 -9999 -9999 -9999 -9999 -9999 -9999 -9999 -9999
-9999 -9999 -9999 24.304885239263342 23.21364449110616 19.713158006657366 17.300833614290777 15.985113394243667 15.063421852169915 14.316821057530445 14.132316516720806 14.394645996377065 14.024583649463748 13.573545011360276 13.607412529110965 13.606527932489016 12.955746912810195 12.34727421044718 12.368220200737689 12.404139100579155 12.156269952805664 11.346776030078454 11.082877652993114 11.670904379182367 13.028490565499215 13.940531317869295 14.90582310783872 15.44657506895561 15.692326709231025 16.553194032061427 20.038902357369512 -9999 -9999 -9999 -9999 -9999 -9999 -9999 -9999 -9999 -9999 -9999 -9999 -9999 -9999 -9999 -9999 -9999 -9999 -9999 -9999 -9999
-9999 -9999 -9999 24.014651275414376 24.932207486083374 23.584766848152537 22.663047198812986 21.149705557452847 20.86618353478553 20.374993101949205 19.08391891122824 18.54002506792411 16.743953524934778 15.599424683330664 14.302841914345276 13.772294603508675 13.285139235484207 12.66598212672459 12.360024744627351 11.702642035546045 11.536010303270118 11.720429328664995 12.176745818243608 12.45450337074171 12.875848297782486 13.074673167737837 14.058126411379524 15.301376831596787 17.25080716752972 -9999 -9999 -9999 -9999 -9999 -9999 -9999 -9999 -9999 -9999 -9999 -9999 -9999 -9999 -9999 -9999 -9999 -9999 -9999 -9999 -9999 -9999 -9999
-9999 -9999 -9999 24.53905720886052 25.44394455447468 26.867783493538102 26.44906854791534 25.25529873750577 24.224871242248906 23.83603256250145 22.32217822010984 22.504848308658147 18.085474276622868 15.251356977353884 14.091545216083837 13.286977211206631 12.646405207735205 12.502393779069276 12.185228480819983 11.806832456591165 11.655116210571794 12.379322701830613 13.601242272306743 14.080077872530415 14.556344725587072 15.182981320835896 16.437047178942894 20.286772655839105 -9999 -9999 -9999 -9999 -9999 -9999 -9999 -9999 -9999 -9999 -9999 -9999 -9999 -9999 -9999 -9999 -9999 -9999 -9999 -9999 -9999 -9999 -9999 -9999
-9999 -9999 -9999 27.439232300763106 28.35328791516972 26.886039291080532 25.573205676777768 24.335903531583533 23.61205215676084 23.13221746141037 22.161015184312433 20.84765455437341 19.353336577807337 17.16155844878721 14.809899990981664 13.952665886107738 13.412233376588436 12.84235718620331 12.509155355182743 12.277439688771 12.239427713620069 12.37876607639266 13.463899582331793 14.088749945044588 14.94548188072284 16.496793723087745 20.37889069176212 -9999 -9999 -9999 -9999 -9999 -9999 -9999 -9999 -9999 -9999 -9999 -9999 -9999 -9999 -9999 -9999 -9999 -9999 -9999 -9999 -9999 -9999 -9999 -9999 -9999
-9999 -9999 -9999 -9999 28.018373659921476 26.52523988162785 24.717171499042173 22.981656043703193 21.629843332461924 21.615011844139172 21.549740067078986 20.945076940039247 18.626687865992032 17.458589672174174 16.391389446142448 15.613770593995323 14.8470842616018 14.788451066512511 14.390721606489999 14.214064907685687 14.443615453523831 14.851945486855712 15.587930783323305 17.196506794703396 -9999 -9999 -9999 -9999 -9999 -9999 -9999 -9999 -9999 -9999 -9999 -9999 -9999 -9999 -9999 -9999 -9999 -9999 -9999 -9999 -9999 -9999 -9999 -9999 -9999 -9999 -9999 -9999
-9999 -9999 -9999 -9999 26.89593045959184 26.858789680972126 26.62170731388266 24.96116527573591 23.361822468335575 21.216446431983762 19.941668472870084 19.285102509290898 18.831386834986017 18.36202912474669 17.970570127533122 16.770371363255894 15.798159090172376 15.354415050218654 14.932402762846756 14.834737772781313 14.778062625201075 15.04234364763632 17.698256013577836 21.641687190308982 24.553740132558808 -9999 -9999 -9999 -9999 -9999 -9999 -9999 -9999 -9999 -9999 -9999 -9999 -9999 -9999 -9999 -9999 -9999 -9999 -9999 -9999 -9999 -9999 -9999 -9999 -9999 -9999 -9999
-9999 -9999 -9999 -9999 26.16218965869067 25.022591701142797 24.41523411510588 24.66764924117981 25.533298815376547 24.766613707704572 23.255093195591122 21.17534438113641 18.47621136703684 17.813732163231553 17.668907839724298 16.543869703857506 15.610367868641136 14.942797963902285 14.626621388960324 14.032652168972273 14.309769814057475 15.405526578969646 17.085909913435138 20.298782144123386 -9999 -9999 -9999 -9999 -9999 -9999 -9999 -9999 -9999 -9999 -9999 -9999 -9999 -9999 -9999 -9999 -9999 -9999 -9999 -9999 -9999 -9999 -9999 -9999 -9999 -9999 -9999 -9999
-9999 -9999 -9999 -9999 28.03870305616628 26.353463946159874 23.431864519268927 22.269364796601185 22.242172006913762 21.62207941703884 20.617771778223734 19.510689779055337 17.909101164033252 17.401509220360712 16.72221790207934 16.26794415334656 15.744099052421616 15.109200465240438 13.961123797596466 13.713448696763086 14.070862318753495 14.651099213233975 19.215193734566878 -9999 -9999 -9999 -9999 -9999 -9999 -9999 -9999 -9999 -9999 -9999 -9999 -9999 -9999 -9999 -9999 -9999 -9999 -9999 -9999 -9999 -9999 -9999 -9999 -9999 -9999 -9999 -9999 -9999
