metrics/grid_rasters/ASCAT 12.5 TS/grideval_ASCAT 12.5 TS_X_winter_2018_absolute_ubrmsd.asc
ncols 52
nrows 55
xllcorner     11.25
yllcorner     55.25
cellsize      0.25
NODATA_value  -9999
[rows 0 to 29 of 55, columns 0 to 51 of 52]
-9999 -9999 -9999 -9999 -9999 -9999 -9999 -9999 -9999 -9999 -9999 -9999 -9999 -9999 -9999 -9999 -9999 -9999 -9999 -9999 -9999 -9999 -9999 -9999 -9999 -9999 -9999 -9999 -9999 -9999 -9999 -9999 -9999 -9999 -9999 -9999 2.2946782825829586 2.4098097813846957 3.39181226757377 -9999 -9999 -9999 -9999 -9999 -9999 -9999 -9999 -9999 -9999 -9999 -9999 -9999
-9999 -9999 -9999 -9999 -9999 -9999 -9999 -9999 -9999 -9999 -9999 -9999 -9999 -9999 -9999 -9999 -9999 -9999 -9999 -9999 -9999 -9999 -9999 -9999 -9999 -9999 -9999 -9999 -9999 -9999 -9999 -9999 -9999 -9999 -9999 -9999 3.3892992809467333 4.199701065533459 5.223763135743231 6.439177511138638 7.396041508805153 7.396093901719991 -9999 -9999 -9999 -9999 -9999 -9999 -9999 -9999 -9999 -9999
-9999 -9999 -9999 -9999 -9999 -9999 -9999 -9999 -9999 -9999 -9999 -9999 -9999 -9999 -9999 -9999 -9999 -9999 -9999 -9999 -9999 -9999 -9999 -9999 -9999 -9999 -9999 7.335923385932697 7.333992720565639 6.550229632325019 6.107483199327705 5.369074855812979 4.433352827313196 3.913694348301437 -9999 4.727348975785619 5.5216650724233745 5.739889316899069 6.24306179539516 7.091226731809452 7.0905474075767545 7.531302603834288 7.559955845061894 7.75134029848453 6.737420417080148 6.736674866696777 -9999 -9999 -9999 -9999 -9999 -9999
-9999 -9999 -9999 -9999 -9999 -9999 -9999 -9999 -9999 -9999 -9999 -9999 -9999 -9999 -9999 -9999 -9999 -9999 -9999 -9999 -9999 -9999 -9999 -9999 -9999 -9999 -9999 4.907808370938535 5.129405746342481 5.2838104259630905 5.748756323970129 5.576794049682375 5.576663347982702 4.3220819334588185 4.575442694878149 6.019097523013368 6.8754458372976845 7.295325269642597 7.294285762856697 7.726859861604544 7.8293388824002 7.863142800809776 7.6850859305518355 6.546399119742169 6.546141040538725 5.70544877079067 6.371824619868137 8.456888012304594 -9999 -9999 -9999 -9999
-9999 -9999 -9999 -9999 -9999 -9999 -9999 -9999 -9999 -9999 -9999 -9999 -9999 -9999 -9999 -9999 -9999 -9999 -9999 -9999 -9999 -9999 5.126167208610536 4.5890299461469315 4.482602979380285 3.8789375894856346 3.5014708333074727 3.1669750620964647 3.2060082600205377 3.8756357994066817 4.556014329777055 5.255270797385834 3.7027566813787836 3.749102404355047 5.157830399879979 5.9229841083339245 6.35962670125871 7.190185682207246 7.60190108575437 8.183302489413041 9.273470976377675 8.44565374312898 7.6327639975039006 7.330021773200629 6.58131831061959 6.570752880290293 8.27116916148661 12.942051558636484 15.776779090136554 -9999 -9999 -9999
-9999 -9999 -9999 -9999 -9999 -9999 -9999 -9999 -9999 -9999 -9999 -9999 -9999 -9999 -9999 -9999 -9999 -9999 -9999 -9999 -9999 4.251190872207681 4.251671263094443 3.9570083533754343 4.907242896645796 5.720459880939435 4.867683254271201 4.052445509696511 4.828279964150054 4.828868788984059 3.54791619218496 3.5517035680470164 4.12517401791852 5.164561218888954 6.3942554745608575 6.931434243360047 6.931732618461308 7.011888185021923 7.625766899852206 7.977035529121215 8.356545046254709 9.218511972543226 9.218490557981927 9.766930194747301 10.501648256349997 12.520400390938725 14.600438532474787 16.582832793925085 18.085351778944336 -9999 -9999 -9999
-9999 -9999 -9999 -9999 -9999 -9999 -9999 -9999 -9999 -9999 -9999 -9999 -9999 -9999 -9999 -9999 -9999 -9999 -9999 -9999 6.8093091911765065 4.935501196005187 3.801596307380052 4.718442574006545 3.845425923386604 2.9952849968772317 2.994505516809879 4.2118386091988125 4.146242782374088 3.069381615242317 3.611722372836788 4.529566215725313 5.6521666732230225 5.652131673197068 6.736201122129963 7.24283983423194 7.453414808746389 7.18926336498362 7.626043722412343 8.489143305175977 8.489118368472742 9.057894054557485 10.0010474489275 11.3660540542908 12.797317878493777 14.906584036388544 17.944695279728673 17.944109557824028 20.10710967239344 20.551947417318207 -9999 -9999
-9999 -9999 -9999 -9999 -9999 -9999 -9999 -9999 -9999 -9999 -9999 -9999 -9999 -9999 -9999 -9999 -9999 -9999 -9999 -9999 -9999 2.0493370796798156 2.3074860756982805 2.30702785711083 3.3184385648847563 2.9595521817153974 3.538483111170648 3.5981745514463817 2.9679240860874674 3.5643588811408597 3.5637518670842545 4.18594411911295 5.016112134384012 5.766734704625876 6.170507952616114 6.8819919597340204 7.090915283372005 8.698837681049639 8.698467324713386 10.03503709961898 11.276555111214506 12.257404287005405 13.059368791532323 14.068446583019949 15.94886509760396 15.948426425394585 18.50919070174761 20.78895342239617 21.725811431223764 -9999 -9999 -9999
-9999 -9999 -9999 -9999 -9999 -9999 -9999 -9999 -9999 -9999 -9999 -9999 -9999 -9999 -9999 -9999 -9999 -9999 -9999 4.514267177301801 3.579241804978197 2.7909151777045857 2.1823093919755308 2.4820818875311565 3.1422214582382613 3.975540777388245 5.0031968866733365 5.003070508593361 5.799006879343665 6.383711797658376 6.705579859798597 6.7231379642416425 7.2115653517137694 8.000822273580464 8.145729233707948 8.145068282979347 7.918228350651902 9.023379431938467 11.075262581270346 13.041161139695205 15.121584074767707 16.14376937624949 17.00202775341142 17.001510166335777 17.486996907557927 18.40886812160645 18.92321201321747 18.628447027760146 18.710476841244432 18.05389959609087 17.120733692086326 -9999
-9999 -9999 -9999 -9999 -9999 -9999 -9999 -9999 -9999 -9999 -9999 -9999 -9999 -9999 -9999 -9999 -9999 -9999 2.479275664177444 2.4912046563546606 2.8227462917976998 3.0336884173172254 3.3514899597315746 3.9289815242127126 4.435480406816837 4.248918814545349 4.248965549021862 3.8051403650706974 4.207563134120038 5.4010153541459935 7.236949842911104 8.652957397775856 9.426270529671708 11.384159547741051 13.482033060686119 13.481576192612716 14.829438408596324 17.076860936476482 18.324216219285915 18.09963342128066 18.192481375943746 18.11142932973017 18.008645287074227 18.698314362894052 18.697405138580198 19.314355070324023 18.710829520055928 17.20161140307329 15.710648911894474 15.074705987366563 15.197313880877587 -9999
-9999 -9999 -9999 -9999 -9999 -9999 -9999 -9999 -9999 -9999 -9999 -9999 -9999 -9999 -9999 -9999 -9999 2.188950153549885 2.1574436167718996 3.021313759370936 4.473545803640528 5.6630030224914165 5.662999052374933 6.598871343412068 7.225041379283797 7.754673547754378 7.8638122016988214 7.516515318262295 7.540187254113686 7.759978826769436 8.078936586598036 8.078222472292802 8.903482415771123 9.971674485468904 11.63425430657498 13.311025521820412 15.588915686139247 17.42962607969677 18.479088462712003 19.524148723508485 19.8279009114842 19.827261938505487 19.171529880317138 19.803937189036173 19.641582406856827 19.229058687865614 17.798624153019524 16.872370072469963 15.800379652100064 15.11312748445302 -9999 -9999
-9999 -9999 -9999 -9999 -9999 -9999 -9999 -9999 -9999 -9999 -9999 -9999 -9999 7.0729051027717675 5.092649520983775 3.7450361295400207 3.020417328787412 3.0205625529924416 2.6379748744747435 2.7355883327267265 3.4725207986749527 4.398430248625455 5.9528063844592225 7.4901339195919965 9.203940366136033 10.447399542665305 10.838687207643046 10.842448807657346 10.20750605445204 10.39306989070228 11.285139900646296 12.097132378436301 12.743648583994837 13.227565010215313 14.02829343465657 15.81444340582654 17.497917897527273 18.64187303956795 18.641342920770303 19.173886980126 19.30780956072144 18.212964829242654 17.772889369666807 18.005063189881852 18.015748915313527 17.103921325831955 16.898200210918063 16.568877836668626 16.568708952387247 15.915406118860302 16.65504983079943 -9999
-9999 -9999 -9999 -9999 -9999 -9999 -9999 -9999 -9999 -9999 -9999 -9999 -9999 7.267284065583363 6.6485227615990805 6.050263523250093 5.5259202076045275 4.636169338218561 4.547813409192685 5.226075140460949 5.904198478307659 7.513387698769232 9.052992433919757 9.052970737512076 10.836468953181994 12.280820338976962 13.239636072673445 13.525546865231927 13.390091349186685 13.994218670182633 15.76028807903506 17.490567171276954 18.09048289788863 17.547965720276963 17.54740054425465 17.68916372985755 18.098108167152873 18.962788035153707 19.70485060903711 18.891688065111925 17.301371988269764 15.160618130953274 13.587620547895252 12.91187198179003 12.732699430656266 12.733168189721038 12.936271760482304 14.007707565117679 15.257702998193604 16.381816010673553 17.562291564439533 17.772802316320337
-9999 -9999 -9999 -9999 -9999 -9999 -9999 -9999 -9999 -9999 -9999 -9999 -9999 8.631106773275096 9.636366332582341 12.214364652705918 13.14835081175558 12.461687676866449 11.907277252677028 9.107775297788457 9.197283080558156 9.614355920937596 11.015367574188664 12.297629701862512 14.07123004815525 14.892674434644682 15.606717987589542 17.808333733649782 19.21632955130985 18.806666441238004 19.117083125174613 19.557333811128608 19.61891270403887 20.499283265335183 20.493601009731773 19.591225781824928 18.910777623883764 18.555593300602933 17.05048215274601 15.249380114975786 13.244196053855667 12.686223874109158 13.946778992124072 16.870340429212476 -9999 -9999 -9999 -9999 -9999 -9999 -9999 -9999
-9999 -9999 -9999 -9999 -9999 -9999 -9999 -9999 -9999 -9999 -9999 -9999 -9999 7.796241938655936 8.951657278964216 10.157985093465657 11.08354922608233 11.84202918292362 12.709112348265032 14.335277811594127 15.739188694540609 16.00573834812019 15.90459251742116 15.552195958257105 14.920675097534966 15.610557637708311 17.320295452105867 18.982306017546712 18.982179688062494 19.768364637548466 20.55609713403369 20.884440682602975 19.807900858156646 19.942041573569192 20.922292047204138 21.110338519538065 20.34397776833078 19.05355700315431 16.682226455438098 14.0203517996873 13.428243260023706 -9999 -9999 -9999 -9999 -9999 -9999 -9999 -9999 -9999 -9999 -9999
-9999 -9999 -9999 -9999 -9999 -9999 -9999 -9999 -9999 -9999 -9999 -9999 4.133216786751774 5.42013298366679 7.573785820844747 9.807162695715448 11.720358400232158 13.230106197312073 14.84149666314986 16.80781184865704 17.78687040722 17.78664951036311 18.110178696344907 17.01039561374933 16.474052577693968 16.090877424190488 17.30076387664124 18.82700768168273 19.278878858678024 20.000965207376627 20.44160809265972 19.341975793402128 18.612765195794466 18.711039752731768 18.336002769768527 17.732009104498466 16.86501184516649 16.86496184313875 15.710629067474706 14.386652506366612 14.700708571787226 -9999 -9999 -9999 -9999 -9999 -9999 -9999 -9999 -9999 -9999 -9999
-9999 -9999 -9999 -9999 -9999 -9999 -9999 -9999 -9999 -9999 -9999 9.475290810474958 9.47670083368294 8.7748499732155 9.223751987034577 11.351047754758198 13.266658930264606 14.254198268611765 16.333824680988677 16.935228859613137 17.26645878513571 17.06987695971473 16.498445915133914 16.329320740378076 16.152071610222016 17.081974475301713 17.95619124590708 18.25792673817515 19.637797832184813 19.48621774520435 19.64931818167659 19.649543908635074 19.513545259546206 17.76191627270645 16.705674249242474 15.803791631799363 15.798771492446784 15.819934638049974 16.00699939821165 18.16447964563935 -9999 -9999 -9999 -9999 -9999 -9999 -9999 -9999 -9999 -9999 -9999 -9999
-9999 -9999 -9999 -9999 -9999 -9999 -9999 -9999 -9999 -9999 16.161286238404188 15.096744542125418 14.40708200953346 14.90310353242247 16.806598107556322 17.68314914681769 17.370828433174232 17.211784867743493 16.78943838183951 17.553830266946132 16.323678661310662 15.360079724581428 15.434808248222938 16.342790957953557 17.66378426704626 17.917148419100553 17.396455981900548 16.55196818642291 16.74716824533721 16.670926624256772 17.03203110259971 17.067303908848242 16.8155024714677 16.953108743099758 16.459288094208993 16.245830427900536 16.273261331113652 17.063320398408827 18.403109814538173 -9999 -9999 -9999 -9999 -9999 -9999 -9999 -9999 -9999 -9999 -9999 -9999 -9999
-9999 -9999 -9999 -9999 -9999 -9999 -9999 -9999 -9999 -9999 -9999 -9999 17.281068368669622 18.926146562749977 19.309363373780684 19.310553349916262 19.07921706428021 18.62373613847465 18.245941164297193 18.060273854367907 16.672304578868065 15.323826047558804 14.569386846116679 14.172226407573236 14.8622759256456 16.175932556848927 16.55480420574548 16.616863927287827 16.568755823351427 15.866450072879438 15.102997933059076 15.491087949971305 16.583380298684244 16.742791465346055 17.249865204284447 16.922819347331192 16.508478840482823 16.3455386283696 16.97900289369228 17.470994307135232 -9999 -9999 -9999 -9999 -9999 -9999 -9999 -9999 -9999 -9999 -9999 -9999
-9999 -9999 -9999 -9999 -9999 -9999 -9999 -9999 -9999 -9999 -9999 17.092330835934824 16.987676106023052 17.25601215952349 16.879160325536787 16.588024244811134 15.723450018023 15.40273817862719 15.198296290538329 14.312915831384954 13.346439369852641 12.92411465606328 12.640248348865724 12.629236977001126 12.9040727349418 12.829812327715898 13.794488693446741 14.950410834007792 15.512244273556433 15.029398808934634 15.168645073302779 15.472890603238087 16.38300464302427 17.043530931966778 17.044240822309153 16.865937989577905 15.821750665847578 15.09367401684407 15.473934528529773 -9999 -9999 -9999 -9999 -9999 -9999 -9999 -9999 -9999 -9999 -9999 -9999 -9999
-9999 -9999 -9999 -9999 -9999 12.912861045354786 12.91490686497066 12.274625109809312 13.051358936964851 16.53686033608059 19.231945310121688 18.171572858421445 18.171953383439888 17.00509505518242 16.02728863589096 14.238714886711275 13.359303914154555 13.106605312473954 12.809481512018705 12.450731271211614 12.78821551178332 12.439040704480364 12.18237432426837 12.186276321866051 12.25453959563092 12.160361568363163 12.834247459212401 13.993911059342592 14.74052765152081 15.138369765424265 15.131440917714524 15.317772928799483 15.585574276919045 16.23247775497781 16.931356292036696 16.5385777772313 16.329796433511714 17.37401081000606 -9999 -9999 -9999 -9999 -9999 -9999 -9999 -9999 -9999 -9999 -9999 -9999 -9999 -9999
-9999 -9999 -9999 -9999 14.626130897337394 16.001630458091913 18.047863521627818 18.339663146370725 20.067520383857442 20.722216131309832 19.64277415002604 18.32633441482901 16.217844928115294 14.202743746777811 12.22135101137772 11.851213035642106 11.04396006565675 11.002572301805618 11.410598916900964 12.249461601403992 13.117068061304547 13.535041253334231 13.45568427176662 12.842796269595027 12.555727594857128 12.658798215079164 13.538050010229961 14.743286713041892 15.418278266091402 16.4185798270795 16.390635012169668 16.548751430895244 17.166955206570602 17.691351665414118 19.594709795494566 -9999 -9999 -9999 -9999 -9999 -9999 -9999 -9999 -9999 -9999 -9999 -9999 -9999 -9999 -9999 -9999 -9999
-9999 -9999 -9999 17.184579825430813 18.52431322631329 18.13209842905985 16.565274693593647 15.378208918824413 14.562863062915216 14.705113881278395 14.187160262908842 13.678838941854364 12.934844765810766 11.73136356147603 11.503162244666191 11.327149740831988 11.008856854405376 11.254034081363546 11.864391501250866 12.861085455982268 13.65963865536549 13.908503051882525 13.875596106297715 14.348992317537155 15.034250184710446 16.14782379526979 18.27585802689417 20.090976781518773 20.948803773986032 21.502653381707805 21.642106840367994 -9999 -9999 -9999 -9999 -9999 -9999 -9999 -9999 -9999 -9999 -9999 -9999 -9999 -9999 -9999 -9999 -9999 -9999 -9999 -9999 -9999
-9999 -9999 -9999 15.409524051708678 16.187004049981848 16.22495568510773 14.46417016356168 13.573454656429234 13.2564367207057 12.495708012338598 11.82388166090934 11.812117934213227 11.313082037232226 11.076813542674687 11.204600263489368 11.32414981629592 11.734694357819333 11.94415409376131 13.064411809395613 13.801004673508327 14.471806843578127 14.929619677246684 15.414094956646176 16.251478046625795 16.522443890077902 18.367228979918725 20.762115690633344 21.235670844743133 22.00305865891087 -9999 -9999 -9999 -9999 -9999 -9999 -9999 -9999 -9999 -9999 -9999 -9999 -9999 -9999 -9999 -9999 -9999 -9999 -9999 -9999 -9999 -9999 -9999
-9999 -9999 -9999 13.103870913065455 12.584061689274993 13.39460890674494 14.7577646920312 14.493420999424353 14.086885677900648 13.799074526875666 12.136654112868195 11.202776306261148 10.793076188967623 11.343094167775376 12.30325388459352 12.325947638636071 12.2729215740238 12.718759414180553 13.980403301922856 15.161397130461184 16.00681771826921 17.000109222462722 17.229399586737234 17.06915462538378 18.214690927627693 20.722288247483995 22.81985074086909 23.46671412936754 -9999 -9999 -9999 -9999 -9999 -9999 -9999 -9999 -9999 -9999 -9999 -9999 -9999 -9999 -9999 -9999 -9999 -9999 -9999 -9999 -9999 -9999 -9999 -9999
-9999 -9999 -9999 15.574054572506109 16.94970324638936 17.115486233738803 16.75782871848758 16.313998537994287 15.336022468827414 14.111628375358874 12.459994665041492 11.250875523120587 10.044095158936852 10.245390683016165 10.696145404245152 11.407107045090285 12.131902733094096 12.90010734248934 14.319232298335473 15.498565280181033 16.60769649934597 17.35490840074084 18.596067061239825 19.09788304603364 20.314031225731267 23.129885017589594 24.937279760188087 -9999 -9999 -9999 -9999 -9999 -9999 -9999 -9999 -9999 -9999 -9999 -9999 -9999 -9999 -9999 -9999 -9999 -9999 -9999 -9999 -9999 -9999 -9999 -9999 -9999
-9999 -9999 -9999 -9999 16.029644558204687 16.527375620659676 17.224392530479573 16.79351145545096 15.336919854099172 13.825220447657893 12.495534253391186 11.170133382170643 9.235542221275855 9.953973212026025 11.09430555496259 12.369024607258458 13.229754529798255 14.504427692115636 15.258947831582448 16.526496091397807 17.099834668230375 18.368542009475085 19.578468245187768 21.89524978835669 -9999 -9999 -9999 -9999 -9999 -9999 -9999 -9999 -9999 -9999 -9999 -9999 -9999 -9999 -9999 -9999 -9999 -9999 -9999 -9999 -9999 -9999 -9999 -9999 -9999 -9999 -9999 -9999
-9999 -9999 -9999 -9999 12.939775514498914 11.692693548640277 11.268245844585135 11.553317616275477 12.125558281375636 11.193507646323793 9.796958609392913 8.904939778616114 8.952782345845746 9.635467005997274 10.876949213945089 11.983199527831447 13.220145827902925 13.73262694242001 15.277385263930773 16.757129654568857 17.57247381213728 18.4615599514716 22.673389757713323 24.89928466155357 26.865738538901144 -9999 -9999 -9999 -9999 -9999 -9999 -9999 -9999 -9999 -9999 -9999 -9999 -9999 -9999 -9999 -9999 -9999 -9999 -9999 -9999 -9999 -9999 -9999 -9999 -9999 -9999 -9999
-9999 -9999 -9999 -9999 14.105710826253855 12.1438376392028 10.101079916530066 8.682057930938157 8.172177309656707 8.29919810321517 8.478931067234464 8.453256978029742 9.544089086809734 10.6888998546372 12.375988982009535 13.076777088706505 14.333717435078428 15.95497667763009 17.528826428243214 18.890796556793504 20.444619004673427 22.23727674643385 23.96626094782368 25.28909092762696 -9999 -9999 -9999 -9999 -9999 -9999 -9999 -9999 -9999 -9999 -9999 -9999 -9999 -9999 -9999 -9999 -9999 -9999 -9999 -9999 -9999 -9999 -9999 -9999 -9999 -9999 -9999 -9999
-9999 -9999 -9999 -9999 10.079317636780553 10.36470844064293 9.36846579708528 8.29273443035272 7.744181557412678 7.728108659154798 7.8192741487744915 8.156570731804486 9.412064716026846 11.137568694845182 12.986798989720702 14.218955505369435 15.405420918675732 16.311794931304206 17.715495094919643 19.266844055578673 20.70040073857566 21.75998357008348 25.07543903993507 -9999 -9999 -9999 -9999 -9999 -9999 -9999 -9999 -9999 -9999 -9999 -9999 -9999 -9999 -9999 -9999 -9999 -9999 -9999 -9999 -9999 -9999 -9999 -9999 -9999 -9999 -9999 -9999 -9999
