metrics/grid_rasters/ASCAT 12.5 TS/grideval_ASCAT 12.5 TS_X_winter_2017_absolute_bias.asc
ncols 52
nrows 55
xllcorner     11.25
yllcorner     55.25
cellsize      0.25
NODATA_value  -9999
[rows 0 to 28 of 55, columns 0 to 51 of 52]
-9999 -9999 -9999 -9999 -9999 -9999 -9999 -9999 -9999 -9999 -9999 -9999 -9999 -9999 -9999 -9999 -9999 -9999 -9999 -9999 -9999 -9999 -9999 -9999 -9999 -9999 -9999 -9999 -9999 -9999 -9999 -9999 -9999 -9999 -9999 -9999 -58.62106250945259 -58.084656208715714 -56.383299620021496 -9999 -9999 -9999 -9999 -9999 -9999 -9999 -9999 -9999 -9999 -9999 -9999 -9999
-9999 -9999 -9999 -9999 -9999 -9999 -9999 -9999 -9999 -9999 -9999 -9999 -9999 -9999 -9999 -9999 -9999 -9999 -9999 -9999 -9999 -9999 -9999 -9999 -9999 -9999 -9999 -9999 -9999 -9999 -9999 -9999 -9999 -9999 -9999 -9999 -54.026997643870786 -60.100716830540506 -59.36750776796514 -54.98411801240977 -49.51539507427799 -49.51431236366032 -9999 -9999 -9999 -9999 -9999 -9999 -9999 -9999 -9999 -9999
-9999 -9999 -9999 -9999 -9999 -9999 -9999 -9999 -9999 -9999 -9999 -9999 -9999 -9999 -9999 -9999 -9999 -9999 -9999 -9999 -9999 -9999 -9999 -9999 -9999 -9999 -9999 -56.445764972111576 -56.48961921690999 -58.4837480235189 -56.6430912815524 -50.08080255934862 -39.125261015521495 -36.27143837315108 -9999 -39.83412399615028 -47.518879878394756 -56.332588548901455 -58.02718917935338 -54.65243347173104 -54.65634863769489 -50.82298481508656 -47.74683928181616 -44.18806868655535 -43.088247103808925 -43.08843186722794 -9999 -9999 -9999 -9999 -9999 -9999
-9999 -9999 -9999 -9999 -9999 -9999 -9999 -9999 -9999 -9999 -9999 -9999 -9999 -9999 -9999 -9999 -9999 -9999 -9999 -9999 -9999 -9999 -9999 -9999 -9999 -9999 -9999 -62.76921182290047 -66.42098102743886 -65.50181131557422 -56.19104221285989 -40.686463948863924 -40.742871517459655 -32.70408712601848 -32.700882901694996 -35.67678061256305 -38.60692718471349 -41.63742801301835 -41.63779840262191 -44.595594007707795 -44.57401542439721 -42.19023724989372 -42.15270980448984 -40.13029269089428 -40.13079440285274 -39.70786899832111 -41.358889991751276 -44.816779150169694 -9999 -9999 -9999 -9999
-9999 -9999 -9999 -9999 -9999 -9999 -9999 -9999 -9999 -9999 -9999 -9999 -9999 -9999 -9999 -9999 -9999 -9999 -9999 -9999 -9999 -9999 -62.13704606840611 -68.33912951568584 -67.13274587563704 -66.31890023009502 -66.83370835159991 -70.83168955468327 -69.44652578199945 -68.30948394903488 -66.87550924695728 -56.2547086484291 -47.36571523519174 -40.053977054827186 -38.2517874380457 -38.98009973272249 -37.48045582697315 -36.99974048364865 -35.57009744143904 -34.12305602550781 -33.395654974070986 -37.580905781934405 -38.97390338090776 -36.96253610703714 -39.12324001886643 -41.253306013363094 -44.6761418481508 -50.88928476475712 -56.11324528573357 -9999 -9999 -9999
-9999 -9999 -9999 -9999 -9999 -9999 -9999 -9999 -9999 -9999 -9999 -9999 -9999 -9999 -9999 -9999 -9999 -9999 -9999 -9999 -9999 -66.9240062208371 -66.92875637528391 -70.45358843897975 -69.36148886976683 -67.00417629292353 -60.26405486974249 -56.807720980518035 -52.46417322180017 -52.468397810964404 -50.663880828091976 -50.557065375172634 -49.647300707129325 -48.06181470131322 -43.80054595496495 -38.49808085267682 -38.49800657556782 -34.3296942904118 -34.83318047800373 -37.76603915772336 -40.077597236661695 -42.403071333206185 -42.4047389702976 -47.13809679373618 -49.743350769663 -51.84648198526594 -54.42840009020318 -58.69057037859226 -62.02731091878187 -9999 -9999 -9999
-9999 -9999 -9999 -9999 -9999 -9999 -9999 -9999 -9999 -9999 -9999 -9999 -9999 -9999 -9999 -9999 -9999 -9999 -9999 -9999 -64.26491112319596 -68.04953815334355 -69.59122072033789 -73.7006002401331 -76.08960425465955 -69.72099713533795 -69.72126996633881 -58.5961775787165 -48.81098529018505 -42.592212403992654 -40.47766992328902 -41.08254019286954 -41.338347972061335 -41.330637401027715 -40.051019568073826 -37.147123047580735 -35.08456690909865 -34.02157522172924 -37.62495296681932 -40.05988062563642 -40.05951910830925 -42.670686376697056 -45.761027721976525 -49.64806050657181 -54.6908759920681 -58.804464340762436 -61.63346671067436 -61.63242883226668 -65.09973136912045 -68.08585986326536 -9999 -9999
-9999 -9999 -9999 -9999 -9999 -9999 -9999 -9999 -9999 -9999 -9999 -9999 -9999 -9999 -9999 -9999 -9999 -9999 -9999 -9999 -9999 -65.94415214455992 -65.29088718071654 -65.29067609120193 -66.59441068983033 -65.50615257941527 -59.87792328612726 -56.06451142216181 -51.549809691499064 -47.70495276166429 -47.64476568312021 -42.03633914752518 -39.330837591676314 -37.90633864693665 -37.111711401662276 -36.50815120820776 -37.136009833689926 -38.315269749352076 -38.31476739998277 -41.41691452897717 -45.16253030558229 -48.849369632929246 -51.351439431432965 -55.34468734431977 -58.94987832092951 -58.94949114104449 -62.82835242046467 -65.4228494210295 -66.97050758410923 -9999 -9999 -9999
-9999 -9999 -9999 -9999 -9999 -9999 -9999 -9999 -9999 -9999 -9999 -9999 -9999 -9999 -9999 -9999 -9999 -9999 -9999 -63.406393941433706 -66.32915327308561 -67.85640641752563 -66.91489363296654 -65.49288420944461 -60.58943245740729 -51.95662938665659 -44.328160975650995 -44.32338419536083 -41.18273717881385 -42.05366500359777 -42.87692448216063 -42.53224913956018 -41.81668675690437 -40.98281019750738 -41.685819708117755 -41.688738995538564 -42.137191664528025 -42.29274875927662 -42.98119944338436 -44.55368510902524 -49.243630146716356 -56.03536250150404 -61.38449180935503 -61.387487919204375 -62.45393168937543 -64.34319256639053 -66.96668311685862 -67.97252475694683 -68.32332958081386 -68.98395875149218 -70.59526852765669 -9999
-9999 -9999 -9999 -9999 -9999 -9999 -9999 -9999 -9999 -9999 -9999 -9999 -9999 -9999 -9999 -9999 -9999 -9999 -67.33207951179755 -65.25469401408955 -64.53914345132202 -64.02437935457027 -63.368160187017324 -59.670196742904636 -55.41383275126119 -51.042545667843704 -51.03884859323263 -47.049494839780884 -44.18472876510089 -41.843606580536864 -42.26206916362226 -45.57853893587037 -50.037723415290095 -53.816771384283115 -57.880813811337994 -57.88231971287103 -61.33131901619606 -62.686641565772284 -60.73313898645222 -58.211947851400616 -55.9675193630353 -58.809097420624106 -65.47322193368474 -70.78065982882391 -70.77992109211895 -73.30566512422111 -73.00284506241869 -72.33361185715295 -71.88114134796173 -70.53131343437603 -69.26344349132629 -9999
-9999 -9999 -9999 -9999 -9999 -9999 -9999 -9999 -9999 -9999 -9999 -9999 -9999 -9999 -9999 -9999 -9999 -69.44492375480897 -68.01890449658165 -63.629873579578316 -57.56917851511003 -56.36791742339818 -56.36689360598518 -55.07788910329978 -52.10430021023201 -49.21826813827219 -47.548495424800464 -46.552000517133294 -46.33898460910197 -45.30438120587149 -43.47984184137598 -43.481001310691454 -42.75342277501582 -45.21256297259561 -49.781150015782 -55.92154915045409 -63.72906360336914 -69.02017882061222 -71.61620971857835 -71.51506010877306 -70.87229331105924 -70.8730566332416 -72.50922732675409 -74.84939673393362 -76.05144288547416 -75.35042248430496 -72.95494254087241 -71.97504140155038 -69.96746614303002 -69.07206685579153 -9999 -9999
-9999 -9999 -9999 -9999 -9999 -9999 -9999 -9999 -9999 -9999 -9999 -9999 -9999 -63.47127257152143 -65.2280024051296 -68.43565404444587 -70.61221486816939 -70.61225069844977 -69.84711155522179 -67.08623295255886 -60.9925958320172 -54.917673238469256 -50.817401543656615 -49.004188737932814 -49.17715552195045 -51.65781112558359 -52.132750037160605 -52.13066270309924 -52.18546051988653 -52.46637610924272 -54.26250418637591 -54.79337100780192 -53.561953763780174 -54.3805436582605 -56.13367301255615 -60.68572295984515 -65.59030899461419 -71.4394578024463 -71.44159738399107 -74.71044257398087 -75.81239646286774 -76.39800993381665 -77.40119759953575 -76.61179088509685 -75.57416818326264 -74.40918843624624 -71.54220047153007 -69.60070129632909 -69.60107486984268 -68.94308882950446 -65.45786593390316 -9999
-9999 -9999 -9999 -9999 -9999 -9999 -9999 -9999 -9999 -9999 -9999 -9999 -9999 -66.67613621837084 -67.93191705431364 -69.42690947717922 -69.6187701339272 -69.52155907578637 -66.62308771609662 -62.2996323509528 -56.6045322177703 -52.059181963533135 -49.06246728139611 -49.06202358085127 -49.76433171504346 -51.98583066417668 -56.530498753163 -58.563817151940015 -58.58127073645978 -59.93563128503124 -60.554130742454674 -61.95979348542279 -62.63387277305421 -64.34721734416121 -64.34437653406404 -66.68360367911227 -68.02630839094931 -69.89177496372979 -72.93884424555219 -74.98672951942383 -74.11225094055142 -73.96410622529905 -73.62693640783459 -72.94304624394955 -72.76268802198295 -72.76450006902016 -70.66910070384513 -68.73066792255611 -67.50317001882523 -65.03115125311625 -64.16969696855341 -63.17651663540626
-9999 -9999 -9999 -9999 -9999 -9999 -9999 -9999 -9999 -9999 -9999 -9999 -9999 -69.33237813620651 -70.6756803045152 -66.10384513676405 -63.57901702292806 -61.59444070739393 -60.5627735319895 -62.20124030317741 -59.0505999396467 -56.39416205995275 -56.562552227411736 -57.20544020407589 -63.37324005994997 -65.76455026068369 -68.44221104581538 -68.47819014842179 -67.35199252998103 -65.91339004706612 -65.70500094905064 -66.4863399114145 -64.55522348209027 -65.1237646459512 -65.34340971025243 -66.18991234279153 -67.06813378119631 -67.37532468987264 -68.09825011277462 -70.5052650926013 -70.83957468351466 -69.75998273420922 -68.0938285433258 -63.81924252417322 -9999 -9999 -9999 -9999 -9999 -9999 -9999 -9999
-9999 -9999 -9999 -9999 -9999 -9999 -9999 -9999 -9999 -9999 -9999 -9999 -9999 -69.57127126556891 -69.45959136453037 -66.51171441553889 -61.574400110200244 -56.78356309330316 -55.61450167860277 -57.47461311525141 -60.20442523807002 -63.28754910159432 -64.14658140600025 -66.27430796985469 -69.35613796710788 -74.20918864728574 -76.76678288450677 -75.96723355112735 -75.96763980620054 -74.04826229222908 -72.52769392381579 -71.3420791312267 -71.5967171305347 -71.58124345753667 -71.56129938602032 -70.35326388650299 -68.49489566587269 -65.87600447357204 -64.59912306959889 -65.14295558247653 -64.51535979823825 -9999 -9999 -9999 -9999 -9999 -9999 -9999 -9999 -9999 -9999 -9999
-9999 -9999 -9999 -9999 -9999 -9999 -9999 -9999 -9999 -9999 -9999 -9999 -76.54659408453303 -72.37159407893425 -66.84366544908521 -60.054099241764355 -55.091062266675046 -53.49932689702675 -54.59105465111908 -55.359541111797924 -58.91958078404568 -58.92120298443275 -62.481631518572385 -64.61280987005503 -68.02854586824758 -72.09528705816624 -76.43696544641945 -79.16785721262887 -79.4179227460697 -78.50723326762328 -77.9223707570604 -77.18470351582484 -76.3921343955788 -75.2785409996352 -74.27589560439135 -71.40447374217769 -68.14701797492519 -68.14747469675754 -66.44407071312945 -62.98960736988768 -57.903221939443284 -9999 -9999 -9999 -9999 -9999 -9999 -9999 -9999 -9999 -9999 -9999
-9999 -9999 -9999 -9999 -9999 -9999 -9999 -9999 -9999 -9999 -9999 -74.64312407231094 -74.61361272586547 -74.81236862281001 -73.0865644769315 -66.33774668580354 -60.18221828825077 -58.32815506144304 -57.95886208636853 -58.69281920510861 -59.771092627177275 -61.11877037281364 -61.470184795610635 -61.810783517452926 -64.2532298435283 -67.80455012839 -73.33034245419405 -76.66737501269739 -79.05186876627832 -79.56032202586773 -78.66484111041369 -78.66552623790129 -76.96352693475474 -75.54179233734486 -74.27380871705572 -72.08905282732164 -67.86889000440047 -64.31565785999749 -59.71865754746438 -53.76597417363243 -9999 -9999 -9999 -9999 -9999 -9999 -9999 -9999 -9999 -9999 -9999 -9999
-9999 -9999 -9999 -9999 -9999 -9999 -9999 -9999 -9999 -9999 -70.63560828181814 -71.05210507500938 -70.86896137891817 -69.80641303133133 -67.83486464142031 -65.57895619604669 -65.82369073554108 -65.31760646821071 -62.85561279848428 -65.83253256639271 -66.86208041606875 -70.62142157307377 -72.30510911908641 -67.93237359142492 -66.5765098126934 -64.67472306535849 -64.84413659596295 -66.77261225289692 -70.47598694009756 -72.65685392248812 -73.60449948277608 -73.77505174991678 -72.92749983734534 -73.1707050166138 -71.45106203083711 -67.69760984704675 -63.104088725100695 -57.24124781907094 -52.6157062121739 -9999 -9999 -9999 -9999 -9999 -9999 -9999 -9999 -9999 -9999 -9999 -9999 -9999
-9999 -9999 -9999 -9999 -9999 -9999 -9999 -9999 -9999 -9999 -9999 -9999 -63.123606601555025 -63.75430371311693 -66.28476842447722 -66.28995069179808 -69.30380259649998 -70.79160118117268 -70.8909734654287 -70.40076789239146 -71.01430559181377 -72.12549820522098 -75.62027944817929 -77.13000309519306 -76.82543327661256 -74.93858122924647 -71.79202257765675 -69.4749763304406 -66.77499677018591 -65.70314752853218 -65.38953580703618 -65.88994085059451 -66.84108518844174 -67.6288724098007 -67.74502704841176 -66.46671616367587 -63.655587774776144 -56.949940084534724 -49.33082129309509 -41.863619393901054 -9999 -9999 -9999 -9999 -9999 -9999 -9999 -9999 -9999 -9999 -9999 -9999
-9999 -9999 -9999 -9999 -9999 -9999 -9999 -9999 -9999 -9999 -9999 -67.21702576932265 -66.62730356655544 -64.59109089799793 -62.54022548666993 -63.18619904209147 -66.20809159398064 -69.64800819771868 -71.8832347703075 -72.86833756579783 -73.46375884452361 -74.096969690277 -76.02275186020627 -74.93254178909062 -73.79670773760863 -73.31015958001079 -71.83430494062891 -70.14993461742453 -68.08342736284456 -65.52834876027407 -62.964275556260155 -62.3234201765073 -62.762696157435805 -64.10536624223232 -64.10603940835524 -65.36238996511197 -65.9166174004489 -60.84520849873557 -51.999103183825 -9999 -9999 -9999 -9999 -9999 -9999 -9999 -9999 -9999 -9999 -9999 -9999 -9999
-9999 -9999 -9999 -9999 -9999 -64.36437057366955 -65.88949395602454 -66.6862966972456 -67.35804711634012 -64.42299877945565 -62.42345077642735 -62.906083829615184 -62.905386108231106 -63.47078872995343 -63.4187177222329 -62.76597940455097 -63.588184186720646 -67.14615313340286 -70.49096971802496 -71.40575143505862 -72.26392343061765 -74.54517738915848 -75.8688782848191 -76.05585260601883 -75.03870369211253 -72.83684870895691 -71.20967025485807 -69.83427184995921 -67.3676561512352 -64.78952999156074 -62.67976306732629 -60.4511194697181 -58.90375867598751 -58.00897826215438 -56.831897947837255 -54.542276132174436 -51.9577119485745 -46.97808352406332 -9999 -9999 -9999 -9999 -9999 -9999 -9999 -9999 -9999 -9999 -9999 -9999 -9999 -9999
-9999 -9999 -9999 -9999 -63.10982726682296 -65.23670632333312 -62.423635835733926 -59.964791642110825 -58.96116024291096 -59.90391411018165 -59.70983880203349 -59.382705239826485 -58.65082524364863 -59.91451234767891 -61.380955443321525 -62.8330208429224 -65.22361512166482 -67.00242432306068 -66.7720629000723 -67.25468449891265 -68.18810354360323 -69.77375066853642 -70.68696452903855 -71.92852441737337 -70.58056819319823 -68.61400314602417 -67.17134166391969 -65.99551216141438 -62.26123250236719 -58.84193134699661 -56.673297963156024 -54.49735414706847 -53.73046113350079 -51.478229284007995 -47.996649001066494 -9999 -9999 -9999 -9999 -9999 -9999 -9999 -9999 -9999 -9999 -9999 -9999 -9999 -9999 -9999 -9999 -9999
-9999 -9999 -9999 -58.8779010092985 -57.87223333242238 -56.57178307367962 -55.010947622801936 -51.34518356195029 -48.69223422434575 -47.47225337141592 -47.048435354805285 -49.53462989380844 -52.836347629516276 -57.182107177541425 -61.95372411032857 -66.05700845171907 -67.61115509430503 -68.22596787751694 -67.06099258275378 -65.48170946356639 -63.32278078899354 -62.29431317400507 -62.38291846303947 -64.06753162167924 -63.340456055409724 -60.84615061470663 -56.61139697382858 -53.16245939300933 -49.622815736891916 -45.07396510149081 -40.406108973643725 -9999 -9999 -9999 -9999 -9999 -9999 -9999 -9999 -9999 -9999 -9999 -9999 -9999 -9999 -9999 -9999 -9999 -9999 -9999 -9999 -9999
-9999 -9999 -9999 -64.12101386876897 -57.679011791201184 -46.917016350209245 -42.69018237590649 -43.37326224301954 -44.316028678366614 -43.649649670243285 -41.57207568747128 -39.884280696461346 -43.92236164865085 -48.519832088007774 -55.061259216003116 -59.737346918327276 -61.66598374137219 -63.50352791653891 -62.79726815301819 -62.60948061085538 -61.67463500787628 -59.38688316212672 -58.084441609211176 -58.11421989388226 -58.1514245925425 -57.14436441663126 -54.45733132905335 -50.99719605084115 -45.34764313466752 -9999 -9999 -9999 -9999 -9999 -9999 -9999 -9999 -9999 -9999 -9999 -9999 -9999 -9999 -9999 -9999 -9999 -9999 -9999 -9999 -9999 -9999 -9999
-9999 -9999 -9999 -72.57644986851247 -70.72647028644323 -64.9556918265376 -54.083948431413624 -49.732255765083856 -51.48053975834807 -52.449943962948225 -52.041224512789505 -47.153062046089595 -45.89621505650561 -52.446530954592994 -55.503271859260046 -57.94374468350364 -59.72740148491386 -60.59441869392464 -60.29058052003063 -59.495520029670594 -58.245317914621495 -56.52656428201909 -57.125863705360345 -56.83329674892077 -52.56976439917006 -50.079687596529 -45.161656011760606 -41.26008686562452 -9999 -9999 -9999 -9999 -9999 -9999 -9999 -9999 -9999 -9999 -9999 -9999 -9999 -9999 -9999 -9999 -9999 -9999 -9999 -9999 -9999 -9999 -9999 -9999
-9999 -9999 -9999 -73.42883983244275 -69.84121090250557 -64.16714238652986 -59.35848601275711 -58.37440368277108 -58.35565416416667 -56.833929239655866 -53.95305165121485 -51.66427504123164 -50.288635448302784 -53.016658743276174 -57.95450215518228 -59.64081264661462 -58.907428080925655 -58.27335924465908 -57.436444215193006 -56.39287115019965 -53.205246703541405 -52.46488029231396 -52.77460286768602 -52.016084847689115 -49.86137414041186 -46.21513145876381 -39.97579037904585 -9999 -9999 -9999 -9999 -9999 -9999 -9999 -9999 -9999 -9999 -9999 -9999 -9999 -9999 -9999 -9999 -9999 -9999 -9999 -9999 -9999 -9999 -9999 -9999 -9999
-9999 -9999 -9999 -9999 -65.22517509852887 -64.61567745753561 -63.848496931418076 -63.25874952995486 -62.68618347954686 -62.04315439443649 -59.49539614493826 -56.538436601981786 -54.21524057867036 -54.35568602958679 -56.0009469940724 -56.87709273671454 -56.92503542069065 -56.72016376514741 -54.66135400851166 -52.14589782274154 -49.75987433946649 -47.070090095087515 -44.61230279515545 -39.52942825485656 -9999 -9999 -9999 -9999 -9999 -9999 -9999 -9999 -9999 -9999 -9999 -9999 -9999 -9999 -9999 -9999 -9999 -9999 -9999 -9999 -9999 -9999 -9999 -9999 -9999 -9999 -9999 -9999
-9999 -9999 -9999 -9999 -59.44064555757528 -60.7784981149992 -61.236359809106105 -61.04990982181941 -58.37963082633219 -56.40631400003913 -57.516609905478504 -57.88309792521681 -56.15204781682804 -54.184709716841624 -53.94264332132111 -53.79072578561582 -54.6926769419623 -54.75601635496069 -54.78928038462895 -53.2909637149566 -51.764802874284065 -49.64024689860886 -42.387491575863685 -35.862425992827504 -26.699917698274373 -9999 -9999 -9999 -9999 -9999 -9999 -9999 -9999 -9999 -9999 -9999 -9999 -9999 -9999 -9999 -9999 -9999 -9999 -9999 -9999 -9999 -9999 -9999 -9999 -9999 -9999 -9999
-9999 -9999 -9999 -9999 -61.98106678472462 -60.7545075795322 -60.80995624497866 -60.88030669945549 -58.53658053626407 -55.2146091902186 -53.177072658791324 -53.22549138941924 -52.7637806246369 -53.54585205054753 -53.69054178229637 -54.57816231323168 -54.32286126060976 -51.81788387354453 -48.122819368836794 -45.63474083664558 -42.7563033712321 -40.750257847123706 -38.81470981353032 -36.11159178633893 -9999 -9999 -9999 -9999 -9999 -9999 -9999 -9999 -9999 -9999 -9999 -9999 -9999 -9999 -9999 -9999 -9999 -9999 -9999 -9999 -9999 -9999 -9999 -9999 -9999 -9999 -9999 -9999
