metrics/grid_rasters/ASCAT 12.5 TS/grideval_ASCAT 12.5 TS_X_spring_2017_absolute_bias.asc
ncols 52
nrows 55
xllcorner     11.25
yllcorner     55.25
cellsize      0.25
NODATA_value  -9999
[rows 0 to 28 of 55, columns 0 to 51 of 52]
-9999 -9999 -9999 -9999 -9999 -9999 -9999 -9999 -9999 -9999 -9999 -9999 -9999 -9999 -9999 -9999 -9999 -9999 -9999 -9999 -9999 -9999 -9999 -9999 -9999 -9999 -9999 -9999 -9999 -9999 -9999 -9999 -9999 -9999 -9999 -9999 -60.003003456426214 -60.589424174462344 -57.06057445732319 -9999 -9999 -9999 -9999 -9999 -9999 -9999 -9999 -9999 -9999 -9999 -9999 -9999
-9999 -9999 -9999 -9999 -9999 -9999 -9999 -9999 -9999 -9999 -9999 -9999 -9999 -9999 -9999 -9999 -9999 -9999 -9999 -9999 -9999 -9999 -9999 -9999 -9999 -9999 -9999 -9999 -9999 -9999 -9999 -9999 -9999 -9999 -9999 -9999 -55.40845261167516 -60.66615534491518 -60.199762925785066 -56.81606207444582 -52.26298133622544 -52.2632644161564 -9999 -9999 -9999 -9999 -9999 -9999 -9999 -9999 -9999 -9999
-9999 -9999 -9999 -9999 -9999 -9999 -9999 -9999 -9999 -9999 -9999 -9999 -9999 -9999 -9999 -9999 -9999 -9999 -9999 -9999 -9999 -9999 -9999 -9999 -9999 -9999 -9999 -64.71116587244022 -64.75145128344519 -67.61565912980043 -66.09928281921539 -60.48151961448105 -51.16917842797052 -46.211547493027574 -9999 -46.89107743880079 -51.150592510009204 -57.57239022751854 -59.0229029742584 -56.14051884288106 -56.141317251863185 -53.000848246860826 -50.377225916541384 -47.39891308045775 -47.34878132112213 -47.34582177907043 -9999 -9999 -9999 -9999 -9999 -9999
-9999 -9999 -9999 -9999 -9999 -9999 -9999 -9999 -9999 -9999 -9999 -9999 -9999 -9999 -9999 -9999 -9999 -9999 -9999 -9999 -9999 -9999 -9999 -9999 -9999 -9999 -9999 -64.13850441747638 -66.39044978638672 -65.90271470826846 -59.371111925053285 -47.079967620076104 -47.12912409169246 -40.81728924331772 -42.09251896690074 -45.689824586264365 -46.865362392592075 -46.93885969866572 -46.93781510042793 -47.57725458555233 -47.425286107104256 -45.90889401489446 -45.78632849588073 -43.95742442615803 -43.957387602980454 -43.534433996033066 -44.3183192969383 -47.00830697229814 -9999 -9999 -9999 -9999
-9999 -9999 -9999 -9999 -9999 -9999 -9999 -9999 -9999 -9999 -9999 -9999 -9999 -9999 -9999 -9999 -9999 -9999 -9999 -9999 -9999 -9999 -73.16024624118269 -76.24971382279956 -73.79572808538867 -70.75318767492705 -69.26830501541936 -70.19725982923096 -71.46473741327964 -70.1472976494123 -67.39314645831114 -59.08773258439805 -51.75658975114771 -45.033963700993255 -44.714609141989314 -45.5278822691976 -46.06687063466117 -47.21972777623018 -47.10142760929389 -45.402505937956285 -43.92756653560353 -48.784718658259145 -48.80286044359425 -45.785751333931245 -46.13819689320287 -46.15633227731225 -47.64538505396056 -52.579619564688635 -54.93708518685039 -9999 -9999 -9999
-9999 -9999 -9999 -9999 -9999 -9999 -9999 -9999 -9999 -9999 -9999 -9999 -9999 -9999 -9999 -9999 -9999 -9999 -9999 -9999 -9999 -75.9593357216514 -75.96320345944825 -77.411212281916 -76.4997679526867 -74.75380342003797 -68.65926348541531 -65.5201106112175 -62.24475289540345 -62.25256532822996 -59.55839701089038 -57.71369331653161 -55.938021290313145 -53.69692489149532 -49.97907124536831 -45.787810801273565 -45.78794576437515 -42.858149023475725 -44.12527385074053 -47.146013296850406 -48.645456322387716 -49.39665813960697 -49.39730916537906 -51.44130770500474 -51.977391772932975 -52.32656811832627 -53.443280024668475 -55.70599221503576 -56.9089051095375 -9999 -9999 -9999
-9999 -9999 -9999 -9999 -9999 -9999 -9999 -9999 -9999 -9999 -9999 -9999 -9999 -9999 -9999 -9999 -9999 -9999 -9999 -9999 -71.71059052967844 -76.81576390670003 -76.81663992215627 -78.65744159903923 -79.84263516555217 -73.0987398746835 -73.10280208523136 -63.72150541662028 -56.50284817351036 -51.891803172673036 -50.12135358953123 -50.25688481351158 -49.788994032197245 -49.77459620461506 -48.899844187477754 -46.91597899809807 -45.35334250051099 -44.199471315844676 -45.96389186312413 -46.83187419298116 -46.831285064917786 -47.572625832639744 -47.54841494811984 -48.02970463841701 -50.041996704503106 -51.398938176332976 -52.50753251973851 -52.506700372212684 -54.58118111083087 -57.267157847471026 -9999 -9999
-9999 -9999 -9999 -9999 -9999 -9999 -9999 -9999 -9999 -9999 -9999 -9999 -9999 -9999 -9999 -9999 -9999 -9999 -9999 -9999 -9999 -69.49653742775996 -69.07441304951814 -69.07697689036824 -71.27261942360609 -69.8228104875728 -65.46015027032823 -62.70243213053646 -58.71603500186099 -55.184802299447576 -55.12934820376854 -49.449190427949496 -47.31575821188665 -47.55729153495004 -47.5280098293581 -47.04582463611013 -47.49632798945367 -47.165813916628615 -47.16380640042527 -47.93175471637972 -49.195533853274476 -49.97578437140646 -49.29087116899125 -50.352547315433284 -50.22662772225353 -50.22670538783851 -51.01965673734265 -52.29689291041395 -54.28238290790918 -9999 -9999 -9999
-9999 -9999 -9999 -9999 -9999 -9999 -9999 -9999 -9999 -9999 -9999 -9999 -9999 -9999 -9999 -9999 -9999 -9999 -9999 -71.91119802148134 -73.0870374916852 -71.97444882485591 -69.70420868720663 -68.43127720423135 -64.93313587796911 -58.957563818784635 -53.662825976848744 -53.66145054997129 -51.80577170982688 -53.30253661806727 -53.850237293454676 -52.329045468481205 -51.14703602836827 -50.116262981572135 -49.64966919734474 -49.65240202418902 -48.6043905333209 -47.21409864106258 -46.09568499359108 -46.28571205923247 -48.89100269086778 -52.958885711472035 -55.76063319682871 -55.763385031889754 -54.9396445628376 -54.22328440052306 -55.285898200756904 -56.24525323654178 -57.359319103879564 -59.06628280651986 -61.70750129654434 -9999
-9999 -9999 -9999 -9999 -9999 -9999 -9999 -9999 -9999 -9999 -9999 -9999 -9999 -9999 -9999 -9999 -9999 -9999 -71.11851051348168 -69.57053921300559 -69.51483677950223 -69.00573102708468 -68.66207526475395 -65.78701031867305 -61.8847362581632 -58.11775377166684 -58.11222418696507 -54.21748084044527 -51.96926093243631 -50.47251494785007 -50.90271735866094 -54.4031397857349 -57.681039941487725 -59.49749142858101 -60.87610767572721 -60.87608580297592 -61.442271172621574 -59.98841197021967 -56.41769253996228 -53.63694817283528 -50.9496080636207 -52.6280844611991 -56.657082958407536 -60.501472499312975 -60.50041207784616 -62.474961840340356 -62.18132939698996 -62.295504849818755 -62.8075801968572 -62.2032037927429 -61.323183987186184 -9999
-9999 -9999 -9999 -9999 -9999 -9999 -9999 -9999 -9999 -9999 -9999 -9999 -9999 -9999 -9999 -9999 -9999 -75.78642989533991 -73.18798832055911 -69.44714718159004 -65.0904769920197 -64.35751502036976 -64.35577808150454 -62.300071273715155 -58.97362213066967 -56.29282295014178 -54.827660462027175 -53.90693603876874 -53.32669129705933 -52.23273925300982 -51.27678891437025 -51.277617741020364 -51.32240951746479 -52.436945003398066 -54.194112351485856 -56.241887232711136 -59.995800318855885 -62.324418865444976 -63.476800274579794 -61.849932953736925 -60.71136452283199 -60.71213109422906 -61.72491562033599 -62.684227919259406 -63.345139265814105 -63.25674096093977 -62.516656121480636 -62.30015505606391 -60.71033271730943 -59.600504983071566 -9999 -9999
-9999 -9999 -9999 -9999 -9999 -9999 -9999 -9999 -9999 -9999 -9999 -9999 -9999 -73.76692141479876 -76.65521473801991 -78.50483654823759 -79.83613210825682 -79.83804950375793 -77.50642208872166 -74.89953626467448 -69.20944814793314 -63.13896707513871 -58.402490448124745 -55.90501705836913 -55.7875418374463 -58.23517124742132 -58.13522805756846 -58.12718694993122 -57.306947111569364 -56.20953743356096 -57.53001639071598 -57.898171350867 -56.518717913212754 -56.06425305676504 -56.20422308708805 -58.070261217868186 -60.412937714845896 -64.3569990749511 -64.35740131310648 -66.08319024644774 -65.32734964304811 -64.96505620695926 -65.07358779287664 -63.529756192920544 -62.63239337875077 -63.025026874881924 -61.92117596723974 -60.20874806914157 -60.20949659891342 -59.41097666853116 -55.84632518280378 -9999
-9999 -9999 -9999 -9999 -9999 -9999 -9999 -9999 -9999 -9999 -9999 -9999 -9999 -73.29545675316184 -74.15391063609519 -75.11403446312634 -75.07453731261633 -74.32649925836539 -71.31689050523137 -67.04014772882826 -61.50027528720085 -56.74886882195359 -54.01785608485486 -54.01603483364131 -54.53163127873499 -56.2095076080874 -59.82272263791705 -61.89869083044471 -61.23335099102761 -61.05615698827637 -60.81317232725131 -60.99712824757617 -60.68690561357678 -61.41844110208048 -61.41531244235529 -61.77814471898181 -62.31647256252453 -63.48054209526075 -65.56916571207482 -66.61448528563047 -65.94652887113875 -66.77109238508287 -66.1917144459195 -64.93696824643958 -65.09616425633922 -65.09808813401817 -64.31741346116316 -62.8711657276219 -61.28978934990064 -58.7247986183646 -58.25499076675887 -58.62979814755556
-9999 -9999 -9999 -9999 -9999 -9999 -9999 -9999 -9999 -9999 -9999 -9999 -9999 -75.05100035120252 -75.58296342789384 -70.25545697431163 -66.92015250490482 -65.32311632525203 -63.220113057493045 -64.12930049029386 -60.29696544189435 -57.440846830914424 -56.954885817284925 -57.09823170930566 -60.094230552128366 -61.541707734601914 -64.4679276798894 -65.11862597123206 -64.60016500421396 -63.43023897726677 -63.63265894949972 -63.63438453893423 -62.310052447370026 -61.11471195841257 -60.8682389004735 -61.82264882147764 -62.33447734467219 -62.27607882409614 -63.30168797818396 -66.38278909215714 -67.26703273076983 -66.58697137729777 -65.00072458371532 -60.14036478867203 -9999 -9999 -9999 -9999 -9999 -9999 -9999 -9999
-9999 -9999 -9999 -9999 -9999 -9999 -9999 -9999 -9999 -9999 -9999 -9999 -9999 -71.24478798382006 -71.31120598593573 -68.63116348917865 -64.01232801022536 -60.7091948145696 -59.301556326048384 -59.023082293427294 -60.752348802058115 -63.1852794786768 -62.991539515358994 -62.869772506801155 -63.38008797339477 -66.34773216932005 -68.27391135194378 -67.97610727612911 -67.97665251362189 -65.9958223025301 -65.16220548877854 -64.41273632898185 -64.65880193899677 -64.33474875882939 -63.93079991530227 -61.94161388050658 -61.23652764038943 -59.67803618781306 -60.919443372204896 -63.416517659477186 -63.344318935547456 -9999 -9999 -9999 -9999 -9999 -9999 -9999 -9999 -9999 -9999 -9999
-9999 -9999 -9999 -9999 -9999 -9999 -9999 -9999 -9999 -9999 -9999 -9999 -75.9889232980654 -72.86210905537851 -68.25987326407568 -61.91290159454938 -57.195135249969304 -55.35433193379314 -56.18617420402096 -57.23122027367154 -59.80995958499144 -59.81140963319223 -62.223821549603656 -63.19485426198437 -64.673048581636 -66.57763242243558 -68.64759172478885 -69.22709375553053 -68.40052470337423 -67.14661032112342 -66.70412745426243 -66.01415367451051 -66.11808508701624 -66.42165389128792 -66.15706569830135 -64.34670377896282 -62.24487008083955 -62.245534029379904 -62.26890108273111 -61.385391702102936 -58.00375953870903 -9999 -9999 -9999 -9999 -9999 -9999 -9999 -9999 -9999 -9999 -9999
-9999 -9999 -9999 -9999 -9999 -9999 -9999 -9999 -9999 -9999 -9999 -69.249935381908 -69.2228513463479 -71.84046310644894 -72.12431639165747 -65.71423179708326 -59.96999501571417 -58.380389392161945 -58.132683082268066 -59.404473407018145 -60.53280375845825 -61.61076902014985 -61.96063242964999 -61.8480745409927 -63.36026747611291 -65.01141275508853 -67.85871358529629 -68.5259098414177 -68.54011863622077 -68.26689130933744 -67.51973098657696 -67.52123532632037 -67.0900236909949 -67.51129348324172 -67.75413086394191 -67.26051654024705 -64.45707750891906 -63.53483097868385 -61.362648136832455 -55.421792478469655 -9999 -9999 -9999 -9999 -9999 -9999 -9999 -9999 -9999 -9999 -9999 -9999
-9999 -9999 -9999 -9999 -9999 -9999 -9999 -9999 -9999 -9999 -62.73617032209886 -65.18171230727981 -67.52775848290274 -67.56211680531487 -64.85306251950564 -62.2641464017167 -62.787033900389815 -63.21517439596277 -61.66695653519662 -63.87632137615561 -65.20037534250464 -67.85267791080281 -68.89743964205006 -66.16742277652456 -64.4914514298308 -62.319980685585186 -62.372052835970685 -63.56636563919562 -66.20182602605054 -67.4509357292944 -67.9440319348946 -67.56824186168545 -66.48899955023901 -67.08361377938573 -65.82102135560093 -63.57618153344141 -61.67954719546058 -58.4605703830701 -55.25791148314754 -9999 -9999 -9999 -9999 -9999 -9999 -9999 -9999 -9999 -9999 -9999 -9999 -9999
-9999 -9999 -9999 -9999 -9999 -9999 -9999 -9999 -9999 -9999 -9999 -9999 -63.715735882819395 -62.838502390399405 -64.60954209684884 -64.61351656085863 -66.37432010352306 -67.35546619346003 -67.34487367370599 -67.21696783633536 -68.3584092221519 -69.16010200530583 -72.21584106653061 -72.76199813288194 -71.83762480934901 -69.9876853220199 -67.2941769448312 -65.8599333915868 -64.2451895720384 -64.55854088180374 -64.73999788052508 -64.89791596195485 -64.18333646322505 -62.63875349970154 -61.165983767919066 -60.60320509172009 -61.12529511000349 -58.524367108299465 -53.308856401348116 -45.20067369033769 -9999 -9999 -9999 -9999 -9999 -9999 -9999 -9999 -9999 -9999 -9999 -9999
-9999 -9999 -9999 -9999 -9999 -9999 -9999 -9999 -9999 -9999 -9999 -64.7414548351736 -65.68469078291673 -63.47158949139923 -62.252722993404795 -63.61306895398256 -66.6454800877016 -69.0908153561048 -70.50203587709184 -70.29183439575208 -71.22584233927444 -72.3127182042518 -73.74910774061534 -72.67305480886658 -72.18466449984435 -72.02303929178588 -70.66836360874447 -69.4046134496132 -67.75992695100638 -65.42303632921019 -63.76149467108874 -62.78906924637297 -62.08386031917258 -61.45872010411975 -61.45892752648343 -62.25966929903817 -64.04002021664114 -61.66760917138158 -55.01646606833682 -9999 -9999 -9999 -9999 -9999 -9999 -9999 -9999 -9999 -9999 -9999 -9999 -9999
-9999 -9999 -9999 -9999 -9999 -60.71511790950385 -61.75641040713006 -62.29273629297845 -63.499943724271276 -61.21835678707768 -60.62382807569557 -63.36508009046064 -63.36633542849184 -64.71862381273057 -65.37251877037893 -65.39739322782222 -66.73991893312768 -69.76423788968548 -71.71239558617626 -71.38847776813722 -71.6302807955563 -72.61816130673945 -73.59887280882374 -73.97459206843682 -73.7209049062616 -71.73148347297112 -70.03221141563105 -69.44775242591155 -67.99401301633782 -66.70349755956127 -65.17611470665692 -62.848408931666185 -62.161420226683035 -61.23854497592022 -61.167915598739775 -60.38908378025811 -58.24893014126082 -52.189042349517 -9999 -9999 -9999 -9999 -9999 -9999 -9999 -9999 -9999 -9999 -9999 -9999 -9999 -9999
-9999 -9999 -9999 -9999 -60.237421611603935 -61.04419493974049 -60.377039046945455 -59.50724834096743 -60.241258782814576 -61.40634261116394 -62.35481688994248 -63.240252816098824 -63.42637894626272 -64.93267917278976 -66.8196582600564 -68.34856265606625 -70.56724893059646 -71.92014541983944 -71.01529559749659 -70.78163702784553 -70.35634848814048 -70.98360804636377 -71.47313727338162 -72.63766532165279 -71.53655857870234 -69.95647471464679 -69.36820014722646 -69.20789893640931 -66.64542672456511 -64.33525339036352 -63.1899271197709 -61.68524182101124 -61.36127541029735 -58.42521838163867 -54.588307399633806 -9999 -9999 -9999 -9999 -9999 -9999 -9999 -9999 -9999 -9999 -9999 -9999 -9999 -9999 -9999 -9999 -9999
-9999 -9999 -9999 -53.050118354338636 -55.212988520313274 -58.87333808607511 -60.630090701874934 -60.35072592162531 -59.734812698766355 -59.29359644130208 -59.39534561594019 -62.36272272820786 -64.7879798010333 -66.89933548783361 -69.39144971597581 -71.60630814551986 -71.58823652943205 -71.81058913330448 -70.5522786178473 -69.88956654270879 -68.61473394142902 -67.48538251732576 -66.88865188021882 -67.80296387348679 -66.9842595665427 -65.35163103159745 -62.1631547965141 -60.40151442863573 -59.05711360927896 -55.30414749830715 -50.601020877106436 -9999 -9999 -9999 -9999 -9999 -9999 -9999 -9999 -9999 -9999 -9999 -9999 -9999 -9999 -9999 -9999 -9999 -9999 -9999 -9999 -9999
-9999 -9999 -9999 -52.385702286899615 -49.47618143545706 -45.429727663504025 -46.83792874509886 -50.554601592866966 -54.046446489720815 -55.57303901766039 -55.84068057279233 -56.16645380480069 -60.13856257192655 -63.63280989446282 -66.0632246975677 -68.0690690768572 -68.09962387678904 -69.24894361622967 -68.25394327695277 -67.93418771254781 -67.48858327802265 -66.21575481576274 -64.74939688154149 -64.81075522385551 -64.91159546448316 -63.479918631159784 -60.97857173862045 -58.332632922731435 -53.4507446897536 -9999 -9999 -9999 -9999 -9999 -9999 -9999 -9999 -9999 -9999 -9999 -9999 -9999 -9999 -9999 -9999 -9999 -9999 -9999 -9999 -9999 -9999 -9999
-9999 -9999 -9999 -58.478085249198315 -60.36785893812173 -58.90995172406953 -53.99281909607891 -53.87855571574431 -58.10227884352829 -61.47501850710333 -63.288281750506385 -61.68866108297014 -61.26130515506484 -63.78445703133182 -64.42462549882957 -65.35889243909946 -66.3983233716218 -66.96320506499214 -66.41369902334615 -65.94768464108316 -65.9173973763862 -64.31009216794091 -64.35361305418698 -63.45982065535571 -60.465158970059186 -58.89811067960171 -54.261223313743066 -46.43817167317825 -9999 -9999 -9999 -9999 -9999 -9999 -9999 -9999 -9999 -9999 -9999 -9999 -9999 -9999 -9999 -9999 -9999 -9999 -9999 -9999 -9999 -9999 -9999 -9999
-9999 -9999 -9999 -59.968419265407725 -60.91760211726703 -60.972299352885464 -61.84605396679692 -64.50065648923793 -66.12663222816552 -65.84090105967792 -65.0263008055458 -63.98878449990522 -62.78648354688207 -63.812039197403706 -66.75038015312661 -67.03870918299657 -66.11797833294649 -65.40504755399674 -64.61381406053219 -64.35382115286768 -62.569940788748426 -61.93065709883671 -61.505877952678574 -61.17280242859443 -59.98105834423366 -55.853576170473175 -48.11711406582909 -9999 -9999 -9999 -9999 -9999 -9999 -9999 -9999 -9999 -9999 -9999 -9999 -9999 -9999 -9999 -9999 -9999 -9999 -9999 -9999 -9999 -9999 -9999 -9999 -9999
-9999 -9999 -9999 -9999 -60.6806875485369 -62.75850537755875 -65.25837764353876 -67.10942186824992 -68.17412576439006 -68.2752772611933 -67.05417316917361 -65.56387008379673 -65.71122265421756 -65.18748539895282 -66.00453702147516 -66.56149336669068 -66.30291021741766 -65.64714067380325 -63.63750413509153 -61.26294778313882 -58.749179190142826 -56.935346842716996 -55.966701397576934 -52.35897423629259 -9999 -9999 -9999 -9999 -9999 -9999 -9999 -9999 -9999 -9999 -9999 -9999 -9999 -9999 -9999 -9999 -9999 -9999 -9999 -9999 -9999 -9999 -9999 -9999 -9999 -9999 -9999 -9999
-9999 -9999 -9999 -9999 -62.66315325288663 -65.18163849494066 -65.57572779270363 -66.10950420524561 -65.80328072595793 -66.32631649293522 -69.20672766731789 -70.84728460280817 -70.11628740962797 -67.53742020308704 -66.46386530673058 -65.46350864501092 -65.17535855102301 -64.6538174350259 -64.35015430625951 -63.78502907474464 -62.88661269402151 -60.7421592163511 -55.54409308760511 -48.99167139233862 -32.8826604797582 -9999 -9999 -9999 -9999 -9999 -9999 -9999 -9999 -9999 -9999 -9999 -9999 -9999 -9999 -9999 -9999 -9999 -9999 -9999 -9999 -9999 -9999 -9999 -9999 -9999 -9999 -9999
-9999 -9999 -9999 -9999 -66.2366384227419 -67.1416480663897 -68.19102674697332 -67.92631636741083 -65.55440560126917 -64.87204097549792 -65.68248831324722 -67.53776021632315 -67.73711412269964 -67.0307410658702 -66.93117449402942 -67.2158460569639 -66.49163434252803 -65.2141266435712 -63.64448852555381 -62.441484589481774 -60.046837818911676 -58.52234710248022 -57.088550555882385 -52.712747282832744 -9999 -9999 -9999 -9999 -9999 -9999 -9999 -9999 -9999 -9999 -9999 -9999 -9999 -9999 -9999 -9999 -9999 -9999 -9999 -9999 -9999 -9999 -9999 -9999 -9999 -9999 -9999 -9999
