metrics/grid_rasters/ASCAT 12.5 TS/grideval_ASCAT 12.5 TS_X_summer_2017_absolute_ubrmsd.asc
ncols 52
nrows 55
xllcorner     11.25
yllcorner     55.25
cellsize      0.25
NODATA_value  -9999
[rows 0 to 29 of 55, columns 0 to 51 of 52]
-9999 -9999 -9999 -9999 -9999 -9999 -9999 -9999 -9999 -9999 -9999 -9999 -9999 -9999 -9999 -9999 -9999 -9999 -9999 -9999 -9999 -9999 -9999 -9999 -9999 -9999 -9999 -9999 -9999 -9999 -9999 -9999 -9999 -9999 -9999 -9999 14.841092411633422 16.59677222530714 14.922197188250024 -9999 -9999 -9999 -9999 -9999 -9999 -9999 -9999 -9999 -9999 -9999 -9999 -9999
-9999 -9999 -9999 -9999 -9999 -9999 -9999 -9999 -9999 -9999 -9999 -9999 -9999 -9999 -9999 -9999 -9999 -9999 -9999 -9999 -9999 -9999 -9999 -9999 -9999 -9999 -9999 -9999 -9999 -9999 -9999 -9999 -9999 -9999 -9999 -9999 13.339494399304964 10.569799368897435 9.38932415341119 9.040803828583577 8.793701926582234 8.793495040187024 -9999 -9999 -9999 -9999 -9999 -9999 -9999 -9999 -9999 -9999
-9999 -9999 -9999 -9999 -9999 -9999 -9999 -9999 -9999 -9999 -9999 -9999 -9999 -9999 -9999 -9999 -9999 -9999 -9999 -9999 -9999 -9999 -9999 -9999 -9999 -9999 -9999 24.035254578057057 24.04865282991404 24.106312151749343 22.10171134425243 19.478408289188074 16.61645812616051 13.591364824018436 -9999 12.350054893257882 11.145491530705575 9.120801425690438 7.662924991872272 7.277632666112785 7.280292358569224 6.980726626801615 6.792952856122662 6.599199936190084 6.411704664742662 6.413684372851312 -9999 -9999 -9999 -9999 -9999 -9999
-9999 -9999 -9999 -9999 -9999 -9999 -9999 -9999 -9999 -9999 -9999 -9999 -9999 -9999 -9999 -9999 -9999 -9999 -9999 -9999 -9999 -9999 -9999 -9999 -9999 -9999 -9999 23.09340504778925 22.234399193837 20.39618369535936 17.330901033964242 15.43582174842589 15.44026422884594 13.224226552580962 10.868962173604537 9.421608488971064 8.83203853003162 8.390793003555615 8.393065191711246 7.854219733028329 7.214989870883371 6.91294865786556 6.891655994621207 7.199177001361855 7.199034251650328 7.334491990759593 6.990094143180992 6.675376691575315 -9999 -9999 -9999 -9999
-9999 -9999 -9999 -9999 -9999 -9999 -9999 -9999 -9999 -9999 -9999 -9999 -9999 -9999 -9999 -9999 -9999 -9999 -9999 -9999 -9999 -9999 23.49160284557443 23.106520773023504 24.44923429188275 25.18831570829603 23.90628197810554 21.572964455315862 18.348026983808698 14.468013873570325 15.730006150811839 13.112092153278773 11.022456269164298 9.798615539414543 8.893423477842012 7.901935903920967 8.290259931586679 7.897447333905581 7.690968092267639 7.754665560561918 7.613078682810758 6.887041770724827 6.744991326947465 7.088804381450991 7.3797561523003425 7.870653111350149 7.553143618955655 7.0873026260830185 6.669101184358609 -9999 -9999 -9999
-9999 -9999 -9999 -9999 -9999 -9999 -9999 -9999 -9999 -9999 -9999 -9999 -9999 -9999 -9999 -9999 -9999 -9999 -9999 -9999 -9999 23.93927688998917 23.94080301409427 24.117662490400683 23.098936653907014 21.64747050918004 19.40626674151197 16.7137769990199 13.921315650457752 13.917552355549946 10.807604369210344 8.677508783983834 7.496808869487292 6.7720468489844565 6.542647716236446 6.9516804826233285 6.953296269817308 7.4968287704550125 7.758914630538078 7.599332797923872 7.272623727537747 7.12273644899855 7.123354060811755 6.7112290266247925 6.43978061926405 6.2454201108396825 6.375844779648477 6.6029115504894005 6.548956089877068 -9999 -9999 -9999
-9999 -9999 -9999 -9999 -9999 -9999 -9999 -9999 -9999 -9999 -9999 -9999 -9999 -9999 -9999 -9999 -9999 -9999 -9999 -9999 21.772324293900148 23.257784953925395 24.132174953569002 23.52013918137538 21.67425406129168 19.235090540709813 19.231973627693893 16.06575768031437 13.900347373483052 11.231669427406292 9.210042077427481 8.031207562218349 7.14892559297407 7.154317290893933 6.812700665151929 7.101316054068343 7.754977644439442 8.606015650666473 8.697887001060664 8.352183003480395 8.352262833577749 7.903980427528273 7.447068048427144 6.9106996205612905 6.413553075922603 5.974067237991235 6.008703028718188 6.009744144316351 6.368222353115515 6.636101422104643 -9999 -9999
-9999 -9999 -9999 -9999 -9999 -9999 -9999 -9999 -9999 -9999 -9999 -9999 -9999 -9999 -9999 -9999 -9999 -9999 -9999 -9999 -9999 21.227496364827736 18.741173496757856 18.74437156330266 17.49080859583666 15.39946635524766 14.2813286142345 12.093384636895006 10.623159638272154 9.70517107810755 9.704459749573427 9.482795446073137 8.63967206280463 7.557800844407347 6.726578801247933 6.828928848134933 7.346164121560748 8.1503656882758 8.151505232078007 8.222875159834482 7.653482597772123 7.062997952399389 6.770987988528856 6.474773575418718 6.37166536928026 6.372574191256322 6.508989453507788 6.681523987223867 6.8155614807076965 -9999 -9999 -9999
-9999 -9999 -9999 -9999 -9999 -9999 -9999 -9999 -9999 -9999 -9999 -9999 -9999 -9999 -9999 -9999 -9999 -9999 -9999 21.16149367998375 20.408765550824295 18.25752521136931 16.42550983152195 14.676977969259527 12.519167692912777 12.331461548500107 11.837334284709197 11.835803667227852 10.444516638355124 9.515825886793928 9.053131069545831 8.349253859228835 7.999042643761538 7.761875858281599 7.161982408303769 7.161737915302592 6.967044799949919 6.937660142763482 6.866231228201923 6.9059280674464 6.781145791440324 6.351165396248312 6.154901820147214 6.154143434923777 6.041920123067388 6.1603419813702525 6.339231128922879 6.418472186281442 6.777745367964593 6.8754042738271 6.934033198971116 -9999
-9999 -9999 -9999 -9999 -9999 -9999 -9999 -9999 -9999 -9999 -9999 -9999 -9999 -9999 -9999 -9999 -9999 -9999 17.871208311447102 14.519421447155752 11.333405634306883 10.056735676492526 9.466181398092527 9.1726121257582 9.179768060816324 8.959945836007329 8.962506218145544 9.00795315384426 8.982716705592857 8.658446622645602 8.012270185019 7.0381968715395455 6.535051027816154 6.593769018159372 6.425654832588746 6.4262450164496085 6.3234291580643305 6.414130326026528 6.357314121812602 6.382670512532294 6.514871842296668 6.3506375137708675 6.149953970646327 6.017320869887004 6.017959875902187 6.313572009899316 6.6363203522690775 6.6815604832666455 6.63490753733691 6.641216527149168 6.85093027826422 -9999
-9999 -9999 -9999 -9999 -9999 -9999 -9999 -9999 -9999 -9999 -9999 -9999 -9999 -9999 -9999 -9999 -9999 16.3722487551936 13.550225446571636 10.185922782028136 9.307380575380014 9.577199901490037 9.580832188743026 9.565126934941803 8.967865531489071 8.743126698040713 8.573069683383371 8.276338667180854 7.992414575839863 7.512548892163687 6.924427645683687 6.924902338752697 6.494614247267708 6.3987792488847 6.132355199840736 5.887024001523467 5.974867824927852 6.144999114886173 6.529838210256699 6.705892717929994 6.685002563485504 6.684652459659518 6.38764488600453 6.202948615433872 6.022448278888503 6.133284177240753 6.359566793933711 6.560721421935287 6.615591495011579 6.656860887152718 -9999 -9999
-9999 -9999 -9999 -9999 -9999 -9999 -9999 -9999 -9999 -9999 -9999 -9999 -9999 16.328651026637875 15.484147385198494 14.247232816086907 13.137751075730955 13.13650389858906 11.930718580575604 9.787986291145632 8.963771386835976 9.632141776168456 10.084293388782953 9.510372190560107 8.813638056133504 8.085960375204513 7.563185223829102 7.562747270011559 7.442384471799179 7.3352913980053405 6.914370852549938 6.536864456714863 6.483977125064093 6.266782962395299 6.229292798153675 6.308495865355464 6.4859912865737455 6.7862844852724375 6.786490420022856 6.828360235719424 6.8228778362131575 6.533404143036909 6.2206151290983565 5.973660056621213 5.872718521663455 6.132991163074915 6.349397194784124 6.425945412260293 6.425935840278986 6.680671513165676 6.9446665048957446 -9999
-9999 -9999 -9999 -9999 -9999 -9999 -9999 -9999 -9999 -9999 -9999 -9999 -9999 15.74052154864725 14.832746697535093 13.242522646806517 12.314420193353502 10.408106898137245 10.13281570838123 10.300628692261954 10.29897120885709 10.312925359042882 9.817488267359264 9.81792417998385 8.931167003580265 8.013777673085322 7.552856729557756 7.216159579660883 7.310044000339197 7.379573123439075 7.028470980181888 7.145704890321378 7.1131851877027925 7.168959925876168 7.1690491481336025 7.263145859491669 7.206902381621043 6.917504997600883 6.807938444043968 6.638476573075707 6.4651996106178435 6.402986158485337 6.54535600198501 6.923998313456291 6.771160353710737 6.771135183642242 6.922390186129071 7.234137457201393 7.002453196497378 7.121224521808034 7.5739667277775755 7.828962104666624
-9999 -9999 -9999 -9999 -9999 -9999 -9999 -9999 -9999 -9999 -9999 -9999 -9999 11.942375203873436 9.808562963976632 10.18701766431153 11.216347333030694 11.75452582262742 11.624361692028105 11.207372545709491 10.727302566147069 10.287257483592564 9.998083399891788 9.548224230884175 8.918660164749387 7.938330538314923 7.072781823823999 6.848572075477102 6.93427505164015 7.1153416304443775 7.376309497102502 7.1923765911331845 7.156424728856655 7.106757634276852 7.158897626343008 7.195852924746082 7.532838046556803 6.876766835039468 7.095154383624821 7.119419763845035 7.361112993614838 7.686559908876929 9.051860905106947 16.226995668151492 -9999 -9999 -9999 -9999 -9999 -9999 -9999 -9999
-9999 -9999 -9999 -9999 -9999 -9999 -9999 -9999 -9999 -9999 -9999 -9999 -9999 10.717019904199956 9.077338618241408 9.29662093683509 10.477209353089068 11.604652142055846 11.335777885534641 10.9093695776402 10.57250453985792 10.137316510137 9.637584568229078 9.020396692608918 8.15302156822091 7.833213940398876 7.354675457764442 7.056236966110054 7.0564468107382785 6.9522367316011415 6.942370738828276 6.8692474976273585 6.774705610494852 6.898648383034503 6.740484489810813 6.306978180696943 6.0328818281357295 6.346232251937356 6.7271526397298 7.69928373819795 8.634401046098787 -9999 -9999 -9999 -9999 -9999 -9999 -9999 -9999 -9999 -9999 -9999
-9999 -9999 -9999 -9999 -9999 -9999 -9999 -9999 -9999 -9999 -9999 -9999 11.755508671804154 9.634883424210516 9.07943597240086 10.174594224036706 10.65213918840057 10.867470206787383 10.467763503737226 10.04058373124766 9.370424581582784 9.370695953187328 9.104672419172246 8.718021677633965 8.34901787835262 7.975517853810427 7.647586407788773 7.475067619286453 7.338668069102651 7.22854784036075 7.180365643122808 7.203885617346781 7.17829601920599 6.964431743555472 6.343573305274776 5.931868878691192 5.924878546090434 5.926354403710393 6.1133074344663045 6.674644428084215 10.038982487127523 -9999 -9999 -9999 -9999 -9999 -9999 -9999 -9999 -9999 -9999 -9999
-9999 -9999 -9999 -9999 -9999 -9999 -9999 -9999 -9999 -9999 -9999 10.849524352423586 10.84909772001218 10.164538807326457 9.794898287540317 10.13903939096723 10.46696052406578 10.343906718334887 10.095178727834659 9.563378593318587 9.044166144585194 8.612056174490363 7.971089232499488 7.752542595458952 7.797133013572112 8.223076859537674 7.8717153315736255 7.644730290519463 7.671093105426551 7.36653965918271 7.277900497622854 7.280190289600169 7.644842454875847 7.4318277541722635 7.096496375927738 6.585747007691153 6.448207198241875 6.719365923406807 7.379941504246472 13.983532018956867 -9999 -9999 -9999 -9999 -9999 -9999 -9999 -9999 -9999 -9999 -9999 -9999
-9999 -9999 -9999 -9999 -9999 -9999 -9999 -9999 -9999 -9999 10.03595010674096 10.533277250558934 10.47618931307014 10.194649990787576 10.468497072392582 10.72355868418428 10.13205700399455 9.503580899413176 9.137541981858762 8.639343406022016 8.05507235076449 7.605660239516469 7.244733776866872 7.2204087292117665 7.073495146894412 7.202673473318215 7.3955479092433505 7.633313203390473 7.9993222353582105 7.9209279068417455 7.689120247165357 7.6420997470204775 7.429272328283043 7.24184716271534 6.981322543613719 6.975588316109941 7.212872030597374 7.801966347411617 8.76959565113577 -9999 -9999 -9999 -9999 -9999 -9999 -9999 -9999 -9999 -9999 -9999 -9999 -9999
-9999 -9999 -9999 -9999 -9999 -9999 -9999 -9999 -9999 -9999 -9999 -9999 10.409669220822073 10.496846175505958 10.528148300078614 10.528285270720481 10.286102798969985 9.964813322047883 9.580252437612613 9.163034291188232 8.285402731618337 7.836246080668673 7.4733142596294435 7.3367277293892625 7.260829140058491 7.411151175237746 7.669896318154409 7.7821012521594 8.011592778362 7.925483997313348 7.893081829003933 7.569515602745619 7.288297687039839 6.98034155800179 6.811470218485106 7.025637568776642 7.5811910343709314 8.42099871412624 10.423772858631203 11.402356154824568 -9999 -9999 -9999 -9999 -9999 -9999 -9999 -9999 -9999 -9999 -9999 -9999
-9999 -9999 -9999 -9999 -9999 -9999 -9999 -9999 -9999 -9999 -9999 9.557773172600752 9.844816856569649 10.244497861848648 10.604095881592515 10.455743448001382 10.011104379088648 9.486556492611248 9.19832758059585 8.686632423969241 8.231396532624924 7.900135565258296 7.764201966346272 7.579420596782236 7.410563304958807 7.422373260699885 7.497416608868729 7.483293551056446 7.355800513157551 7.419185040234852 7.509918510346888 7.316488144576348 7.3409081231760505 7.362818142136053 7.362668574426401 7.352867542587255 7.824684691425941 8.488359385628849 9.55850618473414 -9999 -9999 -9999 -9999 -9999 -9999 -9999 -9999 -9999 -9999 -9999 -9999 -9999
-9999 -9999 -9999 -9999 -9999 7.451756786136405 7.9718873111364195 8.426932866358722 8.947813553585902 9.021766636115792 9.891838176042016 10.086944490313707 10.086290948314604 10.049058633035617 10.076222890886834 9.913180026069835 9.39677897716042 8.830810104936596 8.571957397081453 8.539846566924535 8.41904972733317 8.234081792074411 8.024065507183717 7.694369817045629 7.612200596653466 7.385677453610763 7.159243874600264 7.181638756268496 7.166504219503206 7.205427999568408 7.354506615551242 7.227552331704793 7.2531880125899875 7.539479485585833 8.53001628720762 9.161425030472962 9.845259344665699 11.305119979935908 -9999 -9999 -9999 -9999 -9999 -9999 -9999 -9999 -9999 -9999 -9999 -9999 -9999 -9999
-9999 -9999 -9999 -9999 7.514614327842625 7.529647711104772 8.612492931757668 9.507743645839804 9.909833655880188 9.890603475465443 9.816277207165509 9.787797743732686 9.715270239544052 9.311356194038988 9.03792139965388 8.714512920290652 8.164284996276258 8.049830096754508 8.128107061170269 8.221071132163694 8.382473655038668 8.451504178576869 8.038437100782549 7.574374728698634 7.339721589801978 7.045730072913302 7.008646816616748 7.2998917704516195 7.446831349811286 7.571435590472383 7.525269575801812 7.803564115904074 8.137535360196768 9.165907830063645 11.214399786881001 -9999 -9999 -9999 -9999 -9999 -9999 -9999 -9999 -9999 -9999 -9999 -9999 -9999 -9999 -9999 -9999 -9999
-9999 -9999 -9999 9.317865967163737 8.780343302766383 8.29371080972727 8.437603682124216 8.814815571890147 8.79376922553084 8.875418639133763 9.165118816105963 8.59038334902377 8.649160892777147 8.537703756374611 8.557389906361097 8.506984710625687 8.256237173367731 8.148692508221396 8.053946859325674 8.108024342890737 8.096327379692385 7.906481582610798 7.667151088152098 7.32868712532626 6.805540203522041 6.667007334981853 6.875152103989687 7.439408849454299 8.234003311409062 9.533200232993439 11.607365500505994 -9999 -9999 -9999 -9999 -9999 -9999 -9999 -9999 -9999 -9999 -9999 -9999 -9999 -9999 -9999 -9999 -9999 -9999 -9999 -9999 -9999
-9999 -9999 -9999 12.64209461731764 12.968886467534896 12.232882118564689 10.741716580449278 9.848714885970297 9.537622760850086 8.939495897814048 8.268881752474169 8.203163758353504 8.066620057213914 8.456187969957092 8.11343431771772 8.174760523859057 8.322569198259567 8.399872119765256 8.534522047393128 8.198113249503328 8.155640239084049 8.003806532799576 7.778825590890698 7.482579700950812 6.906339848048866 7.010435332172022 7.306280971427919 8.276672160484607 9.593652583939758 -9999 -9999 -9999 -9999 -9999 -9999 -9999 -9999 -9999 -9999 -9999 -9999 -9999 -9999 -9999 -9999 -9999 -9999 -9999 -9999 -9999 -9999 -9999
-9999 -9999 -9999 10.141126459244637 9.9713551131314 10.124893237102405 10.393846262298052 9.734391050005307 8.887609895380434 8.380075656882294 7.617963091332152 7.5989681322697225 8.15013748130112 7.958404489839162 8.423305693298888 8.599769214910411 8.54451678267241 8.392753932494495 8.271150908669537 8.009340021335484 7.903521673072174 8.143285221417255 7.807009758784464 7.2530907666701445 7.230670108710352 7.730045597158528 8.830814881712751 13.857633555494658 -9999 -9999 -9999 -9999 -9999 -9999 -9999 -9999 -9999 -9999 -9999 -9999 -9999 -9999 -9999 -9999 -9999 -9999 -9999 -9999 -9999 -9999 -9999 -9999
-9999 -9999 -9999 8.304211245508965 8.674271266842075 9.12553291702631 8.867153722145476 8.243448128607898 7.766550629413857 7.584553835481743 7.885958041910075 8.374879815575431 8.958538234998311 8.849748724618753 8.560732709491747 8.569961031384658 8.631060703709327 8.713553683967106 8.768595465286014 8.434391989309969 8.389577892837716 8.254832509359552 8.361376945224631 8.307729532315372 8.15104150353066 8.684049215533987 11.224957927675288 -9999 -9999 -9999 -9999 -9999 -9999 -9999 -9999 -9999 -9999 -9999 -9999 -9999 -9999 -9999 -9999 -9999 -9999 -9999 -9999 -9999 -9999 -9999 -9999 -9999
-9999 -9999 -9999 -9999 9.014357735291188 9.396522904079676 9.460674825692319 9.170124037425806 8.768109084128339 8.694315877987998 8.84772647246176 8.888631565460559 8.426945078662241 8.711432741433306 9.020945955747948 9.269047570381584 9.41885266253194 9.590357298985175 9.344901404090768 9.046334166957255 8.863227374946053 8.953184910279024 8.952642629322993 9.80962804840883 -9999 -9999 -9999 -9999 -9999 -9999 -9999 -9999 -9999 -9999 -9999 -9999 -9999 -9999 -9999 -9999 -9999 -9999 -9999 -9999 -9999 -9999 -9999 -9999 -9999 -9999 -9999 -9999
-9999 -9999 -9999 -9999 9.356866626130348 8.940024872454051 8.590792617419776 8.374015331912364 8.568293476162173 8.546697417236052 8.430947803818771 8.177722759695708 8.355981856810423 8.690879277656622 9.208578051243416 9.177863599095923 9.431347079902514 9.439782916654801 9.691022923198444 9.313135939000064 9.249408331585457 9.277161957651499 9.505742501318137 11.45413733548879 16.051281605783064 -9999 -9999 -9999 -9999 -9999 -9999 -9999 -9999 -9999 -9999 -9999 -9999 -9999 -9999 -9999 -9999 -9999 -9999 -9999 -9999 -9999 -9999 -9999 -9999 -9999 -9999 -9999
-9999 -9999 -9999 -9999 8.799650990476863 9.025791295278463 8.63236564509481 8.03006672794636 7.691476281004224 7.720694633536079 8.053790431767741 8.236189919713595 8.875509684577484 9.16288731431334 8.897079314449845 8.894096069492976 8.928367736807221 9.004769902116651 8.975521425353547 9.13558793272577 9.33341157184167 9.24362255759139 9.439643540453195 11.27185565886161 -9999 -9999 -9999 -9999 -9999 -9999 -9999 -9999 -9999 -9999 -9999 -9999 -9999 -9999 -9999 -9999 -9999 -9999 -9999 -9999 -9999 -9999 -9999 -9999 -9999 -9999 -9999 -9999
-9999 -9999 -9999 -9999 9.460143641026953 9.137396763473165 8.159787601934088 7.567445483761011 7.40548760652856 7.821358293038367 8.342297344046798 8.291360297992679 8.23021046681813 8.496246980579496 8.189862660715338 8.314727158028097 8.643568231813273 8.598228995968393 8.433420051565742 8.675915414328594 8.925274058584279 9.170918618816943 12.049190056998027 -9999 -9999 -9999 -9999 -9999 -9999 -9999 -9999 -9999 -9999 -9999 -9999 -9999 -9999 -9999 -9999 -9999 -9999 -9999 -9999 -9999 -9999 -9999 -9999 -9999 -9999 -9999 -9999 -9999
