metrics/grid_rasters/ASCAT 12.5 TS/grideval_ASCAT 12.5 TS_Y_2017_absolute_ubrmsd.asc
ncols 52
nrows 55
xllcorner     11.25
yllcorner     55.25
cellsize      0.25
NODATA_value  -9999
[rows 0 to 29 of 55, columns 0 to 51 of 52]
-9999 -9999 -9999 -9999 -9999 -9999 -9999 -9999 -9999 -9999 -9999 -9999 -9999 -9999 -9999 -9999 -9999 -9999 -9999 -9999 -9999 -9999 -9999 -9999 -9999 -9999 -9999 -9999 -9999 -9999 -9999 -9999 -9999 -9999 -9999 -9999 16.085998917867652 17.212649039457173 17.222580374182122 -9999 -9999 -9999 -9999 -9999 -9999 -9999 -9999 -9999 -9999 -9999 -9999 -9999
-9999 -9999 -9999 -9999 -9999 -9999 -9999 -9999 -9999 -9999 -9999 -9999 -9999 -9999 -9999 -9999 -9999 -9999 -9999 -9999 -9999 -9999 -9999 -9999 -9999 -9999 -9999 -9999 -9999 -9999 -9999 -9999 -9999 -9999 -9999 -9999 17.430335203320062 15.096753909963908 14.973195188332578 15.892189613499045 17.331638482755075 17.332545586162418 -9999 -9999 -9999 -9999 -9999 -9999 -9999 -9999 -9999 -9999
-9999 -9999 -9999 -9999 -9999 -9999 -9999 -9999 -9999 -9999 -9999 -9999 -9999 -9999 -9999 -9999 -9999 -9999 -9999 -9999 -9999 -9999 -9999 -9999 -9999 -9999 -9999 19.71154668442165 19.71612366267507 20.69409709998686 20.976989398146962 20.509559835893292 20.791213047361712 20.3342842564637 -9999 19.71625305566606 18.631321818942823 16.472432247314867 15.601983560721068 16.59754934995242 16.597582534467293 17.74204204748655 18.767128127873324 20.199771627370453 20.84468158599935 20.846379067457928 -9999 -9999 -9999 -9999 -9999 -9999
-9999 -9999 -9999 -9999 -9999 -9999 -9999 -9999 -9999 -9999 -9999 -9999 -9999 -9999 -9999 -9999 -9999 -9999 -9999 -9999 -9999 -9999 -9999 -9999 -9999 -9999 -9999 16.590033397717733 16.48025161290973 16.431800834537526 16.587635081792804 19.09862850702568 19.102319732096962 20.168416369383497 20.3438006505863 20.466955474961704 20.35593947136498 19.99080593266937 19.99171748507884 19.72511801693064 20.0448694606616 20.742173774718925 21.066561874231454 21.64945526108094 21.65016020704244 21.775249980397724 21.441823891543212 20.514887399797328 -9999 -9999 -9999 -9999
-9999 -9999 -9999 -9999 -9999 -9999 -9999 -9999 -9999 -9999 -9999 -9999 -9999 -9999 -9999 -9999 -9999 -9999 -9999 -9999 -9999 -9999 21.414329584796526 21.41983456045237 21.112735095836523 19.923122682999814 17.732909250452753 16.014714693326287 15.77627404632618 14.276502693950308 14.3563426118966 14.87183162900087 16.66073507128091 18.559461567863888 19.867170967452395 20.654863716222433 20.586530136327735 21.06406897207803 21.956796940618407 22.871739352978626 23.77111990697092 23.372135723820072 23.222547654285464 23.12777479744789 21.80049827393925 20.97783177235869 19.800691205508482 18.454027273670572 16.987164394594473 -9999 -9999 -9999
-9999 -9999 -9999 -9999 -9999 -9999 -9999 -9999 -9999 -9999 -9999 -9999 -9999 -9999 -9999 -9999 -9999 -9999 -9999 -9999 -9999 21.19049971437804 21.19116993903087 21.50847366900893 20.81713783602043 19.944865258716646 18.485472559805427 17.296238731633238 17.335958607881473 17.335956424322195 16.439516263519913 16.36847906960656 16.857538584255256 17.921938976878312 19.71124691413488 21.79973063264202 21.799858022781876 23.161274288305773 23.10554433837509 22.57848519301487 22.118303189325715 21.933706493458637 21.93360305135924 21.103713100788344 20.61229362218518 19.83052423213025 18.816945969476734 17.51913206960091 16.002885494864117 -9999 -9999 -9999
-9999 -9999 -9999 -9999 -9999 -9999 -9999 -9999 -9999 -9999 -9999 -9999 -9999 -9999 -9999 -9999 -9999 -9999 -9999 -9999 20.361065004789133 20.967958474582908 20.87907938657195 19.950924076815735 18.13983162760143 16.76850427033074 16.769384634837607 15.48790880360383 16.791015192833353 17.190839872031926 18.26246267648398 19.129070093126415 19.975367556165427 19.981086393526624 21.28105315296174 22.154227011489468 22.385865400840398 22.663809886963627 21.98544820265129 21.612778107231545 21.612391096629075 21.292062555827567 20.763831378265728 20.290560572099235 19.743471018845955 19.14835115597642 18.526578065468886 18.52835538127632 17.654404830264692 16.594931756210304 -9999 -9999
-9999 -9999 -9999 -9999 -9999 -9999 -9999 -9999 -9999 -9999 -9999 -9999 -9999 -9999 -9999 -9999 -9999 -9999 -9999 -9999 -9999 18.237904972699546 16.435369277626048 16.436157552844293 15.895784192312146 14.95972320245101 14.979666462824184 15.127359743994468 15.778414154598613 16.68128937878599 16.683078572984332 18.1308760206653 19.80677707445699 21.86110143569495 23.14908902301724 23.264735417599287 22.108693755584426 21.44552036722761 21.446464893951337 20.759555191218453 19.95975292775864 19.31741866203632 19.003922491254414 18.322277075155828 18.218746662787765 18.219910723774152 18.116945528875558 17.585368015266887 16.580532366857675 -9999 -9999 -9999
-9999 -9999 -9999 -9999 -9999 -9999 -9999 -9999 -9999 -9999 -9999 -9999 -9999 -9999 -9999 -9999 -9999 -9999 -9999 20.673034925544854 19.668488843677327 17.558157526039384 15.84786573861294 14.697257376838028 14.477961612543092 16.366302323203087 17.958467638744075 17.959513007858128 18.578719070389358 18.661784087094 18.76347177948584 18.28965547819577 18.743625317051066 19.556562094170847 20.232559113047472 20.231150548779425 20.93155834528286 21.141767568170575 20.959204119256462 20.204524101835485 18.66043191544045 16.935900815110838 16.337809800938338 16.337023991289055 15.91486480155671 15.895450702816564 15.99198247899889 15.642304681859601 15.268487450131161 15.047352246909835 15.144657357360385 -9999
-9999 -9999 -9999 -9999 -9999 -9999 -9999 -9999 -9999 -9999 -9999 -9999 -9999 -9999 -9999 -9999 -9999 -9999 16.73606098356606 16.156893973192492 15.598190358500922 15.257584329848163 15.103889338009695 15.380946331206536 16.35483605699769 17.198504232821687 17.202812584444054 18.040457153749784 18.84163107226089 19.99943918296449 19.977351643012973 18.684745310450968 17.388891944252464 16.481228928561734 16.074050536192573 16.073965332151502 15.850533749477684 16.36190727222309 16.910214984948205 17.434968272246067 17.40197796556388 16.016790800580946 15.292032091124645 15.246632998991482 15.247034572220905 15.70173401397868 16.022900439889117 15.956693447362767 15.661603577389979 15.158037816054527 15.211024426792116 -9999
-9999 -9999 -9999 -9999 -9999 -9999 -9999 -9999 -9999 -9999 -9999 -9999 -9999 -9999 -9999 -9999 -9999 16.469584065096818 15.240481072155267 15.38011702350541 17.490886358669687 18.12380115632273 18.1261117101282 17.643594876475987 17.368961282543925 17.30204914944218 17.475903173613833 17.174763018499 17.534404966517275 18.326767487377342 19.063941279376827 19.063998831089272 18.59188457718137 17.141480856807167 16.185651147672072 15.352635931554047 15.4981370616799 15.81990611152002 15.862258597977894 15.643258165986559 15.754739431766513 15.755307663744285 16.031083452488012 16.234515513343606 16.220868204339066 16.674860225129255 16.372757885875007 16.125062552134768 15.984827698687086 15.599727276977795 -9999 -9999
-9999 -9999 -9999 -9999 -9999 -9999 -9999 -9999 -9999 -9999 -9999 -9999 -9999 20.239567021948627 19.33280182395265 18.47568120721271 17.256051315626618 17.255033420912508 16.129564519932188 15.089935380988715 15.817052403023295 17.580285962516516 18.174222479856084 17.616326645035397 17.157270147339606 16.818975228666233 16.279776570662133 16.27901452750451 15.8974008526105 15.52730825991849 15.808089793655586 15.895667153001115 15.653357811709483 14.885324468224626 14.729098935050564 15.021342944973323 15.024362425919996 15.329817606035494 15.330857981372175 15.496941731523108 16.104102574287122 16.74133979602566 17.6289413071753 17.99414438595547 17.992267626088086 17.8223482935148 17.05199901778115 16.204616507399727 16.20433038369422 15.772107188652143 15.718657781148984 -9999
-9999 -9999 -9999 -9999 -9999 -9999 -9999 -9999 -9999 -9999 -9999 -9999 -9999 19.549564960183893 19.14902585265112 18.233773588955213 17.970326535833664 16.851478221986106 16.76445104640592 17.092350724621312 17.579184435024167 17.748472211607314 17.306770431735202 17.30855123944412 16.712909471242526 16.35068012778847 16.333418542284328 16.30095030337136 15.885258675331063 15.664118743606302 15.014538235830805 14.834402225655884 14.837727446570387 15.12325130289709 15.12506042567042 15.332475919748434 15.357790143015082 15.0298651144484 15.255578627084407 15.521981243105474 15.726013805470126 16.195842288821712 16.84801653023969 17.420030028163875 17.677587053524828 17.677708577269208 17.271191922749185 16.655910293174397 15.898165408665047 15.347819612827024 15.819063733664965 15.910637842213148
-9999 -9999 -9999 -9999 -9999 -9999 -9999 -9999 -9999 -9999 -9999 -9999 -9999 17.475189688793705 17.260067891554154 18.850883262344265 19.32853358884508 18.75498201411206 17.90033464229654 17.689372526589988 17.251752442132325 16.69953794786629 15.981596620110743 15.403405759776769 15.289733625024304 15.620119457884341 16.080007785197466 16.1518600838737 16.298368491185947 15.883691577506024 15.464131625958366 15.301268615677033 15.107245889465775 15.683217511916515 16.135143283662472 15.84647348749455 15.896524268730275 15.885914828824598 15.853582798185188 15.463240674898891 15.5928377253667 15.929470796307205 16.759306489111008 19.15663590550601 -9999 -9999 -9999 -9999 -9999 -9999 -9999 -9999
-9999 -9999 -9999 -9999 -9999 -9999 -9999 -9999 -9999 -9999 -9999 -9999 -9999 16.793342103008662 17.243435655833167 18.234101372123085 18.57461321430879 18.26684427531405 17.18702217882777 16.42254228681535 15.821600318603613 15.418944805594325 15.446631592081225 15.540878970052976 15.500770775231528 16.080840860460153 16.059671763010808 15.587780028884294 15.587517423699714 15.520696061765896 15.361573142796374 15.356074120483553 15.725869057598558 16.203328768441438 16.638218175429394 16.678961012640016 16.12904030264415 16.07915136823142 15.674341020144146 15.350895892642347 16.1273244246453 -9999 -9999 -9999 -9999 -9999 -9999 -9999 -9999 -9999 -9999 -9999
-9999 -9999 -9999 -9999 -9999 -9999 -9999 -9999 -9999 -9999 -9999 -9999 15.375680217646105 15.453796655113845 16.68157236059007 17.779695391485873 17.797812311419154 17.532269493827478 16.717932948702654 15.989940149623266 15.44841266819377 15.448858413084162 15.400520539892936 15.159840882938099 15.164242700624044 15.348639781670284 15.516586432752973 15.583985405398334 15.432956052882075 15.469383279450984 15.318812747638312 15.404778906530796 15.793091886604493 15.917198571871984 15.683222649135333 15.255102395745492 14.528260158561881 14.529209907662091 14.542806766977721 15.279568162588356 17.478702066836213 -9999 -9999 -9999 -9999 -9999 -9999 -9999 -9999 -9999 -9999 -9999
-9999 -9999 -9999 -9999 -9999 -9999 -9999 -9999 -9999 -9999 -9999 16.905269838453705 16.904693902667436 16.443043616763564 16.751070727145365 17.47327209036408 17.769157726488327 17.243369964167442 16.43967143010932 15.843242950118249 15.504509850257854 15.482772364524331 15.695134953877265 15.598837180461237 15.083814007440807 14.686924453683298 14.511910300608161 14.272501365797494 14.50118532034774 14.55710320737795 14.729190859884875 14.729361724996808 15.257136089889581 14.973209701480704 14.7394469704795 14.267125416728707 13.602171845507266 13.557449897244306 14.528291936134494 17.6254007149124 -9999 -9999 -9999 -9999 -9999 -9999 -9999 -9999 -9999 -9999 -9999 -9999
-9999 -9999 -9999 -9999 -9999 -9999 -9999 -9999 -9999 -9999 18.39931797591162 18.494765627011915 18.446259531176697 18.478078270046858 18.62337163005812 17.852535318863758 16.86733856241811 16.004611288204437 16.040014119653822 15.791333133897108 15.653923597915005 15.536890511228087 15.44636191856696 15.253433170455006 15.445354057977509 15.321216146835097 15.187182093604104 14.826632163054564 14.496804243888027 13.862030585748197 13.487065403303466 13.648191595805216 13.911228243571616 14.293486451207759 14.425425640442727 14.149303592438038 13.997339353690574 14.806076162053008 15.994015979931426 -9999 -9999 -9999 -9999 -9999 -9999 -9999 -9999 -9999 -9999 -9999 -9999 -9999
-9999 -9999 -9999 -9999 -9999 -9999 -9999 -9999 -9999 -9999 -9999 -9999 18.131946362553922 16.595123586399733 15.9885647679883 15.988564836493161 16.001476752865976 16.159414180145422 15.951868906129642 15.896306882698855 15.318017073133714 15.526159702501376 15.777728855924716 15.801640217620875 15.418257699343547 15.459968149893598 15.244959216738492 14.946827854554336 14.649093312389176 14.123128991515156 14.024890780507489 13.536112683945493 13.421887704285645 13.47708086197222 13.485608600442099 13.82643222027384 14.146089912371387 15.272012010834553 17.105042031830312 18.76248355446787 -9999 -9999 -9999 -9999 -9999 -9999 -9999 -9999 -9999 -9999 -9999 -9999
-9999 -9999 -9999 -9999 -9999 -9999 -9999 -9999 -9999 -9999 -9999 19.069199160109807 19.642678158586122 18.87051106107597 17.182304494705228 16.106753698606607 15.839268737144403 15.358043356486723 15.481808119984311 15.328850326323106 15.436172878363186 15.643835935236824 15.799569595700936 15.632145247818197 15.404474022791257 15.377228129710273 15.1058909659395 14.561331720166278 14.040973287621107 13.689804438292468 13.630292065718667 13.281293352005319 13.263077627342945 12.965875655146279 12.965260437957134 13.029582024100359 13.847851149045491 15.076096310587321 16.497634176290948 -9999 -9999 -9999 -9999 -9999 -9999 -9999 -9999 -9999 -9999 -9999 -9999 -9999
-9999 -9999 -9999 -9999 -9999 19.179660955490643 18.68505231006902 18.14952737617768 18.13363819543023 18.20494801998336 17.85447999939975 16.86393923256228 16.864002916774446 16.662302787444784 16.641775576133426 16.479892525155798 15.936872346658188 15.490073486838947 15.258908215564626 15.299172930425913 15.244887489827642 15.230094491575839 15.549738590193362 15.691906275611904 15.759974417001839 15.481358285261555 14.805250959939873 14.015291886240167 13.691918215930311 13.444605521879096 13.318631813930145 13.391790275661435 13.731501831282413 13.73541721122822 14.381411224668431 14.95051187996425 15.771790252776892 16.878690741160966 -9999 -9999 -9999 -9999 -9999 -9999 -9999 -9999 -9999 -9999 -9999 -9999 -9999 -9999
-9999 -9999 -9999 -9999 19.126812222894387 18.92661466584604 19.431525505365123 18.55662779448833 17.74790124193577 17.38569915598946 16.846583510615968 16.356215783462936 16.210766603937213 15.788335399856768 15.603689042199655 15.545547589082336 15.257621915555784 15.088504239185355 14.95634896140058 14.715336644859832 14.6676775617706 14.568121654284921 14.397082956311364 14.544776853549 14.618340513044126 14.280582981855805 13.667839114408865 13.725490807619972 13.638006711179127 13.68480275128507 13.97252121853692 14.477039573301976 14.730806568947788 15.638103324034873 17.219799441672638 -9999 -9999 -9999 -9999 -9999 -9999 -9999 -9999 -9999 -9999 -9999 -9999 -9999 -9999 -9999 -9999 -9999
-9999 -9999 -9999 20.97937208959024 19.91019054334133 18.22042483674288 17.412066593256753 17.169831768508185 17.208948944608096 17.321014339631446 17.388583691659857 17.059777815046488 16.51595494274705 15.624012639527258 15.655577538382545 15.362449832535484 14.694485425320124 14.580185809047395 14.304870134055655 14.540735009341281 14.256704264720652 13.592348072599261 12.966756203177473 12.654933498534193 12.595738848965732 12.578428954990633 12.910116960546516 13.603252608107278 14.377011268777213 15.564179449391208 17.452678418410738 -9999 -9999 -9999 -9999 -9999 -9999 -9999 -9999 -9999 -9999 -9999 -9999 -9999 -9999 -9999 -9999 -9999 -9999 -9999 -9999 -9999
-9999 -9999 -9999 20.699396460390503 20.76173424298893 20.09713502844225 19.812245545883343 18.556086602220226 18.26047155932182 18.378280903767465 18.714723425635636 19.072591946725375 18.09710390324631 17.153880734489938 15.772240685864716 15.085021974526727 14.507805491320765 14.139131387517542 14.150947949364573 13.78923763110348 13.737593756908625 13.441638034499054 13.373319647768126 13.337364710330132 13.011089088575034 12.921000164108028 13.410660285607145 13.959168309564447 15.960668223089002 -9999 -9999 -9999 -9999 -9999 -9999 -9999 -9999 -9999 -9999 -9999 -9999 -9999 -9999 -9999 -9999 -9999 -9999 -9999 -9999 -9999 -9999 -9999
-9999 -9999 -9999 19.2024540337754 18.069090896628552 18.457148791824075 19.58494551833992 18.88079604050973 18.23708500114734 18.56928855061371 18.31799415715189 19.60450820653888 18.58686513261232 16.711693845838667 15.98063177712064 15.245155099623526 15.031967173438973 14.726962233536744 14.425956865090107 14.162057453258011 13.801299936309375 13.674052407664687 13.317310355302489 13.041116567433221 13.629874309723395 14.547509840152511 15.942305498892637 18.766790856332904 -9999 -9999 -9999 -9999 -9999 -9999 -9999 -9999 -9999 -9999 -9999 -9999 -9999 -9999 -9999 -9999 -9999 -9999 -9999 -9999 -9999 -9999 -9999 -9999
-9999 -9999 -9999 20.26263077406984 20.18558699319937 19.13189763500629 18.436167345191304 18.01291541053963 17.617636705995046 17.758284251602653 18.37381186527916 18.887864081558995 19.070725475481726 18.259611687380854 17.045850146231743 16.507860887791093 16.231582573048858 15.564029208653364 14.984097707459574 14.683724765270126 14.464359877571669 14.071308487763345 13.959821132244723 14.088099491105051 14.544962762061612 15.150285224820001 16.989748756138024 -9999 -9999 -9999 -9999 -9999 -9999 -9999 -9999 -9999 -9999 -9999 -9999 -9999 -9999 -9999 -9999 -9999 -9999 -9999 -9999 -9999 -9999 -9999 -9999 -9999
-9999 -9999 -9999 -9999 19.88853959864592 19.766786424171794 19.25574529135644 18.859203269451307 18.24200485063249 18.381471519644748 18.860521889855512 18.999218241473482 19.373002146863858 18.90083334962723 18.473512030995312 17.95046101980298 16.653361024502573 16.22805669469811 15.619240432739975 15.14992355082407 14.77626653637073 15.140565679899698 15.586432078035966 16.09465064694115 -9999 -9999 -9999 -9999 -9999 -9999 -9999 -9999 -9999 -9999 -9999 -9999 -9999 -9999 -9999 -9999 -9999 -9999 -9999 -9999 -9999 -9999 -9999 -9999 -9999 -9999 -9999 -9999
-9999 -9999 -9999 -9999 19.69654197203134 20.27472827157604 20.30817562311193 19.77755225014221 19.886269282560104 20.11945493647245 20.22131503449509 20.25514912810247 20.054131488693415 19.534654128580094 19.076339346254038 18.213085739242587 17.76461496221301 17.276057982202552 16.71345133410642 16.132258463896722 15.829868910322864 15.624764626464298 16.28906694077083 18.036141187638886 19.44405417043886 -9999 -9999 -9999 -9999 -9999 -9999 -9999 -9999 -9999 -9999 -9999 -9999 -9999 -9999 -9999 -9999 -9999 -9999 -9999 -9999 -9999 -9999 -9999 -9999 -9999 -9999 -9999
-9999 -9999 -9999 -9999 20.77072540102987 21.580447579625105 21.948786709246182 21.657032948890404 21.566230898313304 21.48278891710701 21.758458237390293 21.15853691524543 20.074991015288965 19.552498384247123 19.335113387316454 18.936962649802425 18.389331950045946 17.744864637868034 17.472810399523834 17.4599159181093 17.434028931922697 17.535347475444933 17.79996929081773 19.076386417482066 -9999 -9999 -9999 -9999 -9999 -9999 -9999 -9999 -9999 -9999 -9999 -9999 -9999 -9999 -9999 -9999 -9999 -9999 -9999 -9999 -9999 -9999 -9999 -9999 -9999 -9999 -9999 -9999
-9999 -9999 -9999 -9999 20.63029890263038 21.84849964473473 21.731221714943853 21.346161185563584 21.85069628453281 21.702769882613346 21.29487301737561 20.334711863731503 19.61841776444544 19.44178496066557 19.06481548271705 18.77846626355779 18.606687924037004 18.037919167864246 17.627165909342 17.540952032661426 17.726846248163586 17.801289927453393 19.279599776201067 -9999 -9999 -9999 -9999 -9999 -9999 -9999 -9999 -9999 -9999 -9999 -9999 -9999 -9999 -9999 -9999 -9999 -9999 -9999 -9999 -9999 -9999 -9999 -9999 -9999 -9999 -9999 -9999 -9999
