metrics/grid_rasters/ASCAT 12.5 TS/grideval_ASCAT 12.5 TS_X_fall_2017_anomaly_pearson_r.asc
ncols 52
nrows 55
xllcorner     11.25
yllcorner     55.25
cellsize      0.25
NODATA_value  -9999
[rows 0 to 28 of 55, columns 0 to 51 of 52]
-9999 -9999 -9999 -9999 -9999 -9999 -9999 -9999 -9999 -9999 -9999 -9999 -9999 -9999 -9999 -9999 -9999 -9999 -9999 -9999 -9999 -9999 -9999 -9999 -9999 -9999 -9999 -9999 -9999 -9999 -9999 -9999 -9999 -9999 -9999 -9999 0.8918827701357877 0.8393619595736377 0.8265833043977231 -9999 -9999 -9999 -9999 -9999 -9999 -9999 -9999 -9999 -9999 -9999 -9999 -9999
-9999 -9999 -9999 -9999 -9999 -9999 -9999 -9999 -9999 -9999 -9999 -9999 -9999 -9999 -9999 -9999 -9999 -9999 -9999 -9999 -9999 -9999 -9999 -9999 -9999 -9999 -9999 -9999 -9999 -9999 -9999 -9999 -9999 -9999 -9999 -9999 0.8842726150003808 0.861042268684593 0.8484472728646466 0.837049577869319 0.8148787815523735 0.7915858237055136 -9999 -9999 -9999 -9999 -9999 -9999 -9999 -9999 -9999 -9999
-9999 -9999 -9999 -9999 -9999 -9999 -9999 -9999 -9999 -9999 -9999 -9999 -9999 -9999 -9999 -9999 -9999 -9999 -9999 -9999 -9999 -9999 -9999 -9999 -9999 -9999 -9999 0.7209243671134363 0.7556624796031484 0.7623134915890588 0.7983215605909757 0.8147778935400285 0.8320774652208907 0.8328227804542792 -9999 0.8012772060245198 0.8041270126588618 0.7837875223064623 0.7643203037323911 0.7234960594793787 0.7231979454886998 0.7351852675244581 0.7427475816632907 0.7461206223506957 0.739291551948465 0.731365725588185 -9999 -9999 -9999 -9999 -9999 -9999
-9999 -9999 -9999 -9999 -9999 -9999 -9999 -9999 -9999 -9999 -9999 -9999 -9999 -9999 -9999 -9999 -9999 -9999 -9999 -9999 -9999 -9999 -9999 -9999 -9999 -9999 -9999 0.8072649405042973 0.759099077927294 0.7508894454361572 0.7917286159536305 0.8409281341592538 0.8136792701326363 0.8126885938175451 0.8099609751319012 0.7675095389733588 0.7567731218992755 0.7456847308463634 0.7424044692405332 0.7185927689599552 0.7103240289958591 0.7032592620682281 0.6964725105712934 0.7114615947641251 0.7048277654608271 0.7221367030234563 0.7138384512970435 0.6810306018566077 -9999 -9999 -9999 -9999
-9999 -9999 -9999 -9999 -9999 -9999 -9999 -9999 -9999 -9999 -9999 -9999 -9999 -9999 -9999 -9999 -9999 -9999 -9999 -9999 -9999 -9999 0.499305484914504 0.7090268363069144 0.7520255975079178 0.8276037126683469 0.8612143441649045 0.8267501939285258 0.8030710892671244 0.7664875429810978 0.6747880132154761 0.7415906808579404 0.8348897758519424 0.8148485568018192 0.7987777684684071 0.7249850891275925 0.7189550537537398 0.71533572736948 0.6967012866632325 0.6720494421275238 0.6568338567448015 0.6128839464062209 0.5985575981399897 0.6539630404194646 0.6620544163630461 0.6674653883934424 0.6577416622325858 0.5563499349390901 0.5163587248329162 -9999 -9999 -9999
-9999 -9999 -9999 -9999 -9999 -9999 -9999 -9999 -9999 -9999 -9999 -9999 -9999 -9999 -9999 -9999 -9999 -9999 -9999 -9999 -9999 0.5914901085285861 0.6607484013203287 0.74194101710345 0.7791752713497241 0.8057474794253647 0.841259704440078 0.8440068925880171 0.8377895397956379 0.8304235014990243 0.8583305392697941 0.8590398753042958 0.8346330390837065 0.7584180766959941 0.7170460411609965 0.6929682709188475 0.6850122312037188 0.6878198207961002 0.6908115587041045 0.6675155800274291 0.6397606974563786 0.618150747596022 0.6170924160652904 0.5929797939619017 0.5589425237683796 0.5394422879987271 0.5190626181593541 0.5109822099212008 0.527840605620386 -9999 -9999 -9999
-9999 -9999 -9999 -9999 -9999 -9999 -9999 -9999 -9999 -9999 -9999 -9999 -9999 -9999 -9999 -9999 -9999 -9999 -9999 -9999 0.7411683153777364 0.8513817886378805 0.8020141229349671 0.7863987963615816 0.7174616541159133 0.7265872570030991 0.6778125702588903 0.7523782963275147 0.8432432497469815 0.8794892547129085 0.8710452529762689 0.8115713807999796 0.7686593985633412 0.7483658505764181 0.7037572792893528 0.6942668690494189 0.6943255580717096 0.6992850246003214 0.6864132893858418 0.6717351516579557 0.6700884435626441 0.6476721297735795 0.6332817077226627 0.5994867359514426 0.5548061099761705 0.5357003258408903 0.5210819040748413 0.5048326872072154 0.53197527434932 0.5434315761130206 -9999 -9999
-9999 -9999 -9999 -9999 -9999 -9999 -9999 -9999 -9999 -9999 -9999 -9999 -9999 -9999 -9999 -9999 -9999 -9999 -9999 -9999 -9999 0.8298778785909476 0.8019322569334416 0.8014787530064271 0.7489646142742796 0.7190982192826062 0.7671799999133002 0.8076010459127886 0.8422321615941508 0.8426287470230254 0.8299611412071028 0.8030699529184617 0.7976635911651642 0.753427898645447 0.7179741114785347 0.7007696761859417 0.7105076925244712 0.7073977626797479 0.695957989714252 0.6849840932522908 0.670970326227065 0.6541315632132384 0.6297610192510426 0.5899194312834165 0.5473403634484117 0.5265064022339849 0.5004396033532874 0.4799422560546842 0.4978134422063341 -9999 -9999 -9999
-9999 -9999 -9999 -9999 -9999 -9999 -9999 -9999 -9999 -9999 -9999 -9999 -9999 -9999 -9999 -9999 -9999 -9999 -9999 0.8313983530335822 0.8480753293841179 0.8809941826775036 0.8595318671894128 0.8451291738938398 0.8239280059608332 0.7982074144357763 0.7995812021119358 0.7835559600542776 0.7998256069332323 0.7863585909825981 0.7640279011035306 0.7493468289150693 0.7348087248958444 0.7107020390680711 0.6699489757607929 0.6615668128074342 0.6449422844071664 0.6387056210370705 0.6399617334041783 0.64949987035455 0.6441993123738804 0.587346893694652 0.5649698326695124 0.5412999069736466 0.5219249278947509 0.492552914836341 0.4805483482183344 0.4823466809313378 0.5074230849916843 0.5259392746553155 0.517474071369192 -9999
-9999 -9999 -9999 -9999 -9999 -9999 -9999 -9999 -9999 -9999 -9999 -9999 -9999 -9999 -9999 -9999 -9999 -9999 0.7898330502725246 0.8363488596547592 0.8640389202067129 0.8757876850336643 0.8603165549209449 0.8404824762698241 0.8216231733849825 0.8010709939498643 0.7863645357461773 0.7741791668183209 0.7802949158959414 0.7787649047158367 0.7501641785341191 0.7207862823885907 0.6938954250790716 0.6287913060520692 0.5504473601894255 0.5398259813118156 0.5008929269420082 0.4911238258590561 0.5074329500063544 0.5272927844682718 0.5491654377505772 0.5427028847486858 0.5425720962588272 0.5308449962723245 0.513009237651747 0.4763164833919376 0.4607741704427191 0.46119096797099396 0.4768849076999862 0.4638758230756421 0.4710463118278928 -9999
-9999 -9999 -9999 -9999 -9999 -9999 -9999 -9999 -9999 -9999 -9999 -9999 -9999 -9999 -9999 -9999 -9999 0.8268399682116745 0.8723970787963048 0.8428362308374227 0.7904226867323741 0.7778165682842488 0.7848562965814714 0.7840085218181327 0.7765160043484635 0.7606050737333787 0.7528164420397276 0.7488472066394987 0.7374476520513042 0.7333107114635029 0.7306976715013723 0.7320292684352987 0.7306488503029369 0.6976825884846463 0.6505932516530579 0.5995493862625073 0.5415522283092407 0.49956314703352206 0.4843894869647174 0.5110960341914697 0.529187852646823 0.5123561443802999 0.5066479952539297 0.4889230323412214 0.4485003139671409 0.3674960828806864 0.3683282647139853 0.39216390394716905 0.3910596554018946 0.36533390179786174 -9999 -9999
-9999 -9999 -9999 -9999 -9999 -9999 -9999 -9999 -9999 -9999 -9999 -9999 -9999 0.4568326942423069 0.5665447345906707 0.7464524257150024 0.7804541120485435 0.8087502006866658 0.8457657373312324 0.8628951153301181 0.8392945866275129 0.7949276740341276 0.7767437315305985 0.7636133297188659 0.7574224717568421 0.7545648170298926 0.7303284920512341 0.7303446285768271 0.6959541054022801 0.6709283996191657 0.6405996773321838 0.6564295088865039 0.6756065926988255 0.6661721248151508 0.6524566703026184 0.613977201340824 0.5723320728956736 0.5488877699677249 0.5527224950724686 0.5440460451124705 0.5536175683009252 0.5298460186065064 0.5088343251741371 0.4347613001951235 0.3659466099746207 0.31836886565061473 0.3629508491101864 0.3493588823464152 0.35657055198872906 0.37097820110657137 0.4004109351570222 -9999
-9999 -9999 -9999 -9999 -9999 -9999 -9999 -9999 -9999 -9999 -9999 -9999 -9999 0.6594639669370896 0.7424445122824131 0.7842887182576773 0.7942056136020317 0.8034559454301685 0.7984921332166771 0.8039249053763927 0.7929330769528464 0.7715040319459875 0.7585473076251 0.7569465288091518 0.751102868381635 0.749249789589613 0.7393993648194619 0.7089070173443723 0.6916300922055372 0.6599709540232501 0.6335157486678817 0.6256560903570922 0.6371962530077615 0.6316994714058174 0.6206608177085263 0.6042005750910019 0.5980519855648676 0.6046136034388755 0.5958410457381669 0.6010207976628676 0.5800406711946238 0.4804997185880738 0.3932394577766937 0.3290646127760294 0.2929856501338874 0.2346216789670311 0.2556640798982156 0.2876008596446193 0.30962601271228624 0.34480221513476184 0.3628474544130581 0.3682026356372118
-9999 -9999 -9999 -9999 -9999 -9999 -9999 -9999 -9999 -9999 -9999 -9999 -9999 0.726143810677192 0.7466498584199901 0.7379556948052635 0.7740597872706346 0.7846369407600141 0.7815369218161907 0.7733942203699453 0.7603828959274328 0.7466663688134731 0.7332739114620381 0.7330575470085197 0.7022185799403118 0.6741481534533844 0.6444023915713941 0.6670801923077282 0.6853872181402422 0.6889678954760177 0.690097761609069 0.6828269807448448 0.6632423542336526 0.6536776427550586 0.6522245610407119 0.6709158064464481 0.69283979353918 0.7125596020511942 0.6859576021062912 0.5977700938075732 0.5599573460863236 0.417987115609375 0.3582037832711513 0.3023791615600697 -9999 -9999 -9999 -9999 -9999 -9999 -9999 -9999
-9999 -9999 -9999 -9999 -9999 -9999 -9999 -9999 -9999 -9999 -9999 -9999 -9999 0.7095310412781799 0.7194069726875301 0.7518537118308676 0.7814696327045194 0.7889824079233403 0.7724375724776635 0.7277696222583487 0.713129589020215 0.7193377757109445 0.7265097680081385 0.7122582402562 0.6718688097425537 0.6361925047074899 0.6213772843939334 0.6021018530860146 0.6154956308152779 0.640584897552585 0.6425141417261288 0.6506370156771666 0.6463089884799661 0.6271396342409548 0.6390490945315429 0.6681257297411485 0.6996483102621305 0.7029993115844714 0.6384344705313241 0.5140451719161923 0.4404920443964183 -9999 -9999 -9999 -9999 -9999 -9999 -9999 -9999 -9999 -9999 -9999
-9999 -9999 -9999 -9999 -9999 -9999 -9999 -9999 -9999 -9999 -9999 -9999 0.8029754165231133 0.7959006414132872 0.7702393616436336 0.7813808409011853 0.7749381257059911 0.7544405855431151 0.7264035783725977 0.7214116340498441 0.7197618798341099 0.7191145139426735 0.7328043201468211 0.72706489578067 0.7003850969421209 0.6684222564789983 0.6273515050146945 0.5936907531939271 0.6149957904627383 0.6290681808384655 0.6393620309106545 0.6382579936509755 0.6529886957454706 0.6416838546092145 0.623909432822752 0.6254129600897238 0.6284266470799561 0.6301326725220935 0.565469131953322 0.4684473697603981 0.4247832256925677 -9999 -9999 -9999 -9999 -9999 -9999 -9999 -9999 -9999 -9999 -9999
-9999 -9999 -9999 -9999 -9999 -9999 -9999 -9999 -9999 -9999 -9999 0.4836944042554772 0.6330444772614856 0.7349729641275287 0.7816421843447303 0.7782403942494666 0.7557619893465194 0.7342833854522459 0.7212465981284073 0.6894201109114924 0.6865305793198809 0.6956997959478464 0.6926010797491262 0.7030800890244522 0.7122575650004384 0.6985719727277774 0.6714264770325321 0.6498020973602503 0.6319081571825024 0.6186664022368464 0.6173103557494208 0.6168123520166293 0.665804316756734 0.6401235598406975 0.6385143681509304 0.5658010482639277 0.5230901299092693 0.4736170405919967 0.4024059096318604 0.42623820293114417 -9999 -9999 -9999 -9999 -9999 -9999 -9999 -9999 -9999 -9999 -9999 -9999
-9999 -9999 -9999 -9999 -9999 -9999 -9999 -9999 -9999 -9999 0.4270502007886187 0.5174231194084263 0.5713898895678872 0.6802647757275202 0.7372315588109218 0.7442414854691959 0.7375523365769976 0.7068564842142584 0.6729166038124152 0.6673173234233595 0.671610340534431 0.6257895164872289 0.6125111874043145 0.6657368134319521 0.6778133359901144 0.7127062081081885 0.7065306723296843 0.6967556329826385 0.6468300412884734 0.576755102728828 0.5660532867196479 0.5731603274415711 0.5831196836475342 0.5856066275235127 0.5733679855053866 0.5229740861712897 0.5168781035797902 0.5028582678524213 0.4416794552282837 -9999 -9999 -9999 -9999 -9999 -9999 -9999 -9999 -9999 -9999 -9999 -9999 -9999
-9999 -9999 -9999 -9999 -9999 -9999 -9999 -9999 -9999 -9999 -9999 -9999 0.6603569699427959 0.6880652066051576 0.6944103270878319 0.7042323676264984 0.6519527518613856 0.6116943663784561 0.6018773448587169 0.5976214042986683 0.5809040512914834 0.5577901065593377 0.545866652680277 0.554138625097222 0.5846241448964611 0.6065988915369641 0.6258051344429254 0.633588421407 0.5809592893389488 0.5010522063503831 0.4791744671058717 0.4141677035089454 0.4123726178699448 0.4643568127640043 0.4843029607882297 0.5433971010555194 0.5716513562047792 0.5795609340870638 0.5061403856995871 0.4376513267404635 -9999 -9999 -9999 -9999 -9999 -9999 -9999 -9999 -9999 -9999 -9999 -9999
-9999 -9999 -9999 -9999 -9999 -9999 -9999 -9999 -9999 -9999 -9999 0.6501996414634278 0.6809066702007891 0.6958384678729517 0.6824912170877613 0.6631688297811512 0.6179416610290287 0.5707936117282681 0.5686592254490599 0.5596183644674059 0.5442872281642603 0.5171753277189699 0.5119496586624486 0.5139012398479488 0.5127469653509809 0.4942098318088364 0.4771261367157017 0.5021891897985887 0.5097451742033141 0.4622704850432006 0.4212646751147984 0.4141192267245304 0.38262365640789453 0.4117407676192872 0.4512049623909103 0.478872768574261 0.4669659450978842 0.4455066156099045 0.4229438339272961 -9999 -9999 -9999 -9999 -9999 -9999 -9999 -9999 -9999 -9999 -9999 -9999 -9999
-9999 -9999 -9999 -9999 -9999 0.5702304429911658 0.5491787598457307 0.4999044145192443 0.5392384067063865 0.6370334520570119 0.6463912321177643 0.6736048329712405 0.693792168396743 0.6474514326917649 0.6118364798700846 0.5631504346253888 0.5592140125308744 0.5781925147959577 0.5856502019290064 0.5539489684761347 0.5414739517012249 0.5258737728448957 0.5144466129854188 0.5105986433164402 0.5016295049151511 0.4687424841216834 0.4628170876588244 0.4707029599048923 0.48160471453642295 0.4753288456045042 0.4594363031169085 0.4147076058398795 0.4099865446264692 0.39547264482042377 0.4141455693104059 0.34018038592595184 0.3410002315083739 0.3515521694397287 -9999 -9999 -9999 -9999 -9999 -9999 -9999 -9999 -9999 -9999 -9999 -9999 -9999 -9999
-9999 -9999 -9999 -9999 0.6076378888416588 0.6078171906910079 0.5616643273959847 0.5475976987038033 0.4404493619335257 0.493589440121381 0.5275961422334712 0.5466323671551538 0.5218850540123751 0.4836183103974583 0.44987141575078665 0.4326859400839749 0.4743925741538069 0.4917649586082754 0.5291401474646491 0.4917579191959398 0.4402852166843385 0.3746698991090551 0.4411153295685721 0.4428209879425225 0.4515918793803111 0.4381613921019561 0.4565287986682421 0.4707459820514171 0.4749767865108559 0.4736154135363662 0.4643607961592823 0.4541882201550115 0.3831954182606493 0.3272281127213279 0.3448512548438598 -9999 -9999 -9999 -9999 -9999 -9999 -9999 -9999 -9999 -9999 -9999 -9999 -9999 -9999 -9999 -9999 -9999
-9999 -9999 -9999 0.4913491124194002 0.4677551674765376 0.5498770450144685 0.5359116818431215 0.4504835470379871 0.45946986641215504 0.4782617695695713 0.4762789668091364 0.5266520454194791 0.4556592748632692 0.2596302375890538 0.2711078340641455 0.3060973874716304 0.375991449781486 0.3933211654927258 0.3953375913216238 0.3803521499823122 0.41287285246814504 0.4135285821868441 0.4134730314666337 0.4426239417427613 0.4021242144652539 0.4600252683438656 0.4938121642472008 0.4879929822876021 0.4494240229819696 0.4200909261768934 0.43533708386880976 -9999 -9999 -9999 -9999 -9999 -9999 -9999 -9999 -9999 -9999 -9999 -9999 -9999 -9999 -9999 -9999 -9999 -9999 -9999 -9999 -9999
-9999 -9999 -9999 0.3489625476740333 0.4053503674468914 0.5259261274393014 0.5530925033076196 0.6229553143132641 0.6501241725295389 0.5973158340828244 0.5439773082852287 0.4220294925613645 0.45018295755203397 0.2839533222251395 0.22489479495016976 0.33996762240588785 0.3510424717493427 0.4163659943404011 0.4184589245342808 0.3530520263265345 0.3619491994528024 0.3813235886412335 0.4229695023302032 0.4393277556657552 0.43382250056863214 0.4614337281794744 0.4947849417653592 0.4899199721946764 0.4506988135109186 -9999 -9999 -9999 -9999 -9999 -9999 -9999 -9999 -9999 -9999 -9999 -9999 -9999 -9999 -9999 -9999 -9999 -9999 -9999 -9999 -9999 -9999 -9999
-9999 -9999 -9999 0.4852311410941641 0.5882284431566148 0.6070504911628295 0.6275256792002195 0.5959771869367048 0.5453015942719203 0.5657275565695143 0.5455989859203875 0.4500337125010913 0.4204712834895703 0.3948247410079035 0.3909779677362241 0.4293773495138693 0.4059801683514266 0.37449975806888464 0.3116492441048828 0.3172333046611896 0.3229691957077089 0.41077614352425984 0.4718940654190671 0.5170765325818192 0.5138122488510268 0.4565417365477514 0.39964618732254 0.3786065633915032 -9999 -9999 -9999 -9999 -9999 -9999 -9999 -9999 -9999 -9999 -9999 -9999 -9999 -9999 -9999 -9999 -9999 -9999 -9999 -9999 -9999 -9999 -9999 -9999
-9999 -9999 -9999 0.5327164720075982 0.5965070071114358 0.5996552852547001 0.6158422837875569 0.6207334005056968 0.5609783915233202 0.4968722830962045 0.4616903269707103 0.4256322999009157 0.4030329313229686 0.39931634728993337 0.4012496494078551 0.3767063884085327 0.37073300930118014 0.34334497938186154 0.3304983383977577 0.28494948223921435 0.4014547572761996 0.42888375217081576 0.4412346213000623 0.4509231620640552 0.4590453070002245 0.4454684453668255 0.4328231173353619 -9999 -9999 -9999 -9999 -9999 -9999 -9999 -9999 -9999 -9999 -9999 -9999 -9999 -9999 -9999 -9999 -9999 -9999 -9999 -9999 -9999 -9999 -9999 -9999 -9999
-9999 -9999 -9999 -9999 0.6999442138567902 0.6548112003669917 0.6060517835762178 0.5603222515503401 0.509220476541135 0.3774550775346094 0.4211755102601927 0.4776130556611099 0.4307557190938349 0.3761072456952424 0.3987220652697422 0.4090406702236263 0.4023707514906896 0.3517404282307569 0.3619919477773682 0.3454418650355772 0.3302735370829982 0.3708614948324573 0.3775130890397264 0.3690741537344083 -9999 -9999 -9999 -9999 -9999 -9999 -9999 -9999 -9999 -9999 -9999 -9999 -9999 -9999 -9999 -9999 -9999 -9999 -9999 -9999 -9999 -9999 -9999 -9999 -9999 -9999 -9999 -9999
-9999 -9999 -9999 -9999 0.6322452625280067 0.6288285631540296 0.6069946584670385 0.5901504574108418 0.5591772408510476 0.4748354769435106 0.3195802269526237 0.2960792574165522 0.3938739464295319 0.3535835379594963 0.3325081271775633 0.3699664781234188 0.3698708841256144 0.3876358413020109 0.3890879798407046 0.3967886924044982 0.41086441507031857 0.41217410424939865 0.4854996150116629 0.4034764593050012 0.40813969293172336 -9999 -9999 -9999 -9999 -9999 -9999 -9999 -9999 -9999 -9999 -9999 -9999 -9999 -9999 -9999 -9999 -9999 -9999 -9999 -9999 -9999 -9999 -9999 -9999 -9999 -9999 -9999
-9999 -9999 -9999 -9999 0.5314551452374292 0.4611595381940001 0.4683931858820804 0.4318788936566719 0.3909903429305197 0.3908130519964835 0.3375218930233833 0.3584839838127705 0.3404298457174414 0.3702549170135012 0.3977827398165247 0.3792010950173255 0.3696749636533184 0.3483420169318612 0.3919037338470033 0.4082371397297861 0.4347213467640251 0.4438605795574767 0.4205270912560236 0.39783301870178334 -9999 -9999 -9999 -9999 -9999 -9999 -9999 -9999 -9999 -9999 -9999 -9999 -9999 -9999 -9999 -9999 -9999 -9999 -9999 -9999 -9999 -9999 -9999 -9999 -9999 -9999 -9999 -9999
