metrics/grid_rasters/ASCAT 12.5 TS/grideval_ASCAT 12.5 TS_X_fall_2015_absolute_ubrmsd.asc
ncols 52
nrows 55
xllcorner     11.25
yllcorner     55.25
cellsize      0.25
NODATA_value  -9999
[rows 0 to 29 of 55, columns 0 to 51 of 52]
-9999 -9999 -9999 -9999 -9999 -9999 -9999 -9999 -9999 -9999 -9999 -9999 -9999 -9999 -9999 -9999 -9999 -9999 -9999 -9999 -9999 -9999 -9999 -9999 -9999 -9999 -9999 -9999 -9999 -9999 -9999 -9999 -9999 -9999 -9999 -9999 12.452139240926774 13.446066893564534 12.748242147637718 -9999 -9999 -9999 -9999 -9999 -9999 -9999 -9999 -9999 -9999 -9999 -9999 -9999
-9999 -9999 -9999 -9999 -9999 -9999 -9999 -9999 -9999 -9999 -9999 -9999 -9999 -9999 -9999 -9999 -9999 -9999 -9999 -9999 -9999 -9999 -9999 -9999 -9999 -9999 -9999 -9999 -9999 -9999 -9999 -9999 -9999 -9999 -9999 -9999 13.478214316501315 10.897394625561681 10.634670348801867 11.288224293625063 12.554272154093926 12.554384921821976 -9999 -9999 -9999 -9999 -9999 -9999 -9999 -9999 -9999 -9999
-9999 -9999 -9999 -9999 -9999 -9999 -9999 -9999 -9999 -9999 -9999 -9999 -9999 -9999 -9999 -9999 -9999 -9999 -9999 -9999 -9999 -9999 -9999 -9999 -9999 -9999 -9999 17.097874598014347 17.097980273012936 17.685811800085695 18.44563817864068 19.544307236491047 21.768057552519693 21.184203954277802 -9999 18.33849002327732 15.077894952236793 12.137283580429235 11.254386688722867 12.193120619800325 12.193220917312555 13.523109556924133 14.862897168683864 16.801092166008974 18.193996615347224 18.195892705677615 -9999 -9999 -9999 -9999 -9999 -9999
-9999 -9999 -9999 -9999 -9999 -9999 -9999 -9999 -9999 -9999 -9999 -9999 -9999 -9999 -9999 -9999 -9999 -9999 -9999 -9999 -9999 -9999 -9999 -9999 -9999 -9999 -9999 13.959038169627991 13.68532365866894 14.344465640328922 16.379132984868818 19.740942948682765 19.741248951203943 20.96771374199448 19.9415606801251 18.850901565949346 17.286429620177024 15.649490874433779 15.650189030438616 14.604437176116535 14.964907842881935 16.032124897673082 17.29101413182323 18.72207034239505 18.7230734840493 19.440677188385767 19.93463961664395 20.640879972964967 -9999 -9999 -9999 -9999
-9999 -9999 -9999 -9999 -9999 -9999 -9999 -9999 -9999 -9999 -9999 -9999 -9999 -9999 -9999 -9999 -9999 -9999 -9999 -9999 -9999 -9999 12.38325865828826 10.997880255717261 11.479290029449153 11.38919150530731 12.117594419565823 11.927276514713366 12.583018714260652 12.701856207124353 12.859886516508286 14.95899714628257 16.886813694012815 17.76641061702769 18.643267976494116 18.785045773423253 19.261000198580888 19.6251717803158 20.122590432271558 20.47475726360857 20.797789893326648 21.522468226004804 21.972259667864108 21.607706843483985 21.340388612134884 21.1936093123137 20.878089371301343 20.228773520974887 19.81768899875522 -9999 -9999 -9999
-9999 -9999 -9999 -9999 -9999 -9999 -9999 -9999 -9999 -9999 -9999 -9999 -9999 -9999 -9999 -9999 -9999 -9999 -9999 -9999 -9999 10.596706247349898 10.596871004569698 10.351408022722223 10.943687350499337 12.833311364115984 14.704712183839606 16.043125639992482 17.99133079138751 17.990885972534887 17.575421965686587 16.294661518094674 15.085180235583485 14.571317767894628 15.958982297383304 17.847096145453254 17.847495848296184 19.782442006384272 20.548518690282712 20.46414137828309 20.21698485490948 20.724475759360946 20.72481508377593 20.62822005804475 20.59061100229434 19.82899997999131 19.775839903367174 19.74457543187629 19.765104762982702 -9999 -9999 -9999
-9999 -9999 -9999 -9999 -9999 -9999 -9999 -9999 -9999 -9999 -9999 -9999 -9999 -9999 -9999 -9999 -9999 -9999 -9999 -9999 11.884145967721874 10.640383851330947 10.617259232763118 11.081098755021653 11.768395517114776 13.19945855664838 13.198745485537028 14.996410127727428 18.130679112543987 18.969218175706747 18.933341841007493 18.16994266163543 17.043404734505238 17.045000450112667 16.801162800439602 17.628837500221476 18.53245404456843 19.500555701333578 19.39353575167372 19.59777198302556 19.5969850864031 19.69808352688625 19.794972500013362 19.2313150810303 19.293925955522468 19.605026523199342 19.852198047402037 19.853001897203992 19.648411843105137 19.769119391010392 -9999 -9999
-9999 -9999 -9999 -9999 -9999 -9999 -9999 -9999 -9999 -9999 -9999 -9999 -9999 -9999 -9999 -9999 -9999 -9999 -9999 -9999 -9999 12.276654321711659 12.975177421643195 12.973231477503404 13.949922684131872 14.17381104519187 15.40104168432868 15.811098277431883 16.466271929086325 17.188417832591547 17.190566744814348 18.16338442731146 19.157756128262662 19.74224972858176 19.915804543624766 19.901971051528644 19.796342422385766 19.76029990387101 19.760424376357868 19.402085779216016 19.077349404276088 19.318934246601586 18.88082719178015 18.82096956641292 18.80884637288866 18.809133766259 19.08388141262316 19.05564108046609 19.077767890531355 -9999 -9999 -9999
-9999 -9999 -9999 -9999 -9999 -9999 -9999 -9999 -9999 -9999 -9999 -9999 -9999 -9999 -9999 -9999 -9999 -9999 -9999 13.320080346108814 12.275132144326971 11.522751821698966 12.007798360907268 13.254060772163148 15.629953993650313 19.298347833625698 21.850168967072214 21.84886805939395 22.38015038509543 22.092048022303857 21.508174017464906 20.306081234617935 19.70143684504625 19.21463921917529 19.10937199412577 19.10981718034508 19.17963043412501 19.489985557247547 19.203722724494494 19.144304639024657 19.083845189381687 18.339763405229466 18.571642265410567 18.57189203612495 18.36114185602318 17.52040906740815 17.65995300221795 17.703887877545988 17.827715805803965 17.73821784359704 17.65574242481464 -9999
-9999 -9999 -9999 -9999 -9999 -9999 -9999 -9999 -9999 -9999 -9999 -9999 -9999 -9999 -9999 -9999 -9999 -9999 11.441323021102695 12.96016823818074 14.036076095024061 14.627594874299936 15.55998684706883 17.127471475097096 18.82478051611204 19.363656873905907 19.364570525912388 20.151352757930837 21.36733627268696 23.112394782383102 22.61325438061819 20.491798677571143 18.43040006900659 17.316328764758968 17.307921209233626 17.30833977806667 17.179481564239513 17.529930251752223 18.055296748375106 18.096745283406815 18.427894629311485 18.08190842643593 17.63159439820416 16.983088280522153 16.983333053375574 16.87215496925949 17.049130204890844 17.03679309713904 16.933054668409106 16.52782540148705 16.30912916702087 -9999
-9999 -9999 -9999 -9999 -9999 -9999 -9999 -9999 -9999 -9999 -9999 -9999 -9999 -9999 -9999 -9999 -9999 10.872042829153939 12.15286992663337 14.700818128255591 18.63105037372158 19.793981222345842 19.794489453788668 18.93053107117357 18.611215091102483 18.960607622921923 19.603804092793208 19.66839745553803 20.225358334867447 20.57796156341168 20.842780674421824 20.842660726059183 19.47313906821832 17.305944050460095 16.466785048021634 16.127176344951085 16.430603154274973 16.47203087508981 16.469514738001305 16.498875075868927 17.2958463728374 17.295288336274805 17.454656748018238 17.2821562770637 16.51803752857347 16.597928044151047 16.43214111525219 16.487291201545244 16.89834364876765 16.751641784151822 -9999 -9999
-9999 -9999 -9999 -9999 -9999 -9999 -9999 -9999 -9999 -9999 -9999 -9999 -9999 15.341746141403947 14.179678762501984 13.324478351481453 12.941002637592266 12.94109424397373 13.20308252414883 14.57569558732238 17.181899061434454 19.732199170717767 20.162950401623856 18.97558038147353 17.847488800694748 17.428392655563773 17.650810699579566 17.647913721637085 17.668821495333948 16.946786139979725 17.32510256659161 17.13682659408813 17.104954330851747 16.202822611793383 16.174043870444038 16.434084004331133 16.498932188062405 16.58229005932956 16.58167544829513 15.951438170456607 16.188922142617205 16.567753825513176 16.894073949068087 16.979824237125314 16.716685550334315 17.189828074246613 17.243936284691667 17.480366112246088 17.480343708794464 17.268043934285902 18.28964681197103 -9999
-9999 -9999 -9999 -9999 -9999 -9999 -9999 -9999 -9999 -9999 -9999 -9999 -9999 13.635709000242011 13.798635715589144 14.020064029093339 14.93874080827024 15.272070962378569 16.605746985105213 18.110015248140225 19.667245982467968 20.2675550841258 19.495688277142477 19.49669982104316 18.33488471168665 17.190748333493325 17.11677061361954 17.14262413014285 16.830546247460575 17.04391123108275 16.685869692978972 17.028312343462567 17.170343028879845 17.866383560214587 17.866677302915022 17.559490014897698 18.003105597999266 17.790365067982744 17.03673490748457 16.341743992321433 16.159636501660042 16.51208039409751 17.37143180594404 17.784502027411612 18.783655924252226 18.783856493411808 19.115810517356923 19.901187296995086 20.311032757702908 20.307909713119923 20.91663489587056 21.795635712378182
-9999 -9999 -9999 -9999 -9999 -9999 -9999 -9999 -9999 -9999 -9999 -9999 -9999 15.071326598290472 15.47844383933157 17.95160518251888 19.923009081529255 20.260454252625813 19.490858079871767 18.56702461891998 18.542587258540625 18.937408617494704 18.582995689339782 17.83337178338284 17.530076698337314 17.535997403061756 18.300353764777448 18.209270391874703 18.14355132053225 17.399620719295626 17.256221802664097 17.311126974056553 17.10892162416156 18.051907620732017 18.363526373989707 18.332825379321626 18.27634445757485 17.92075580386561 18.0017824244392 17.816828696287203 17.49189746884982 17.733829492425198 18.731569256998228 20.375301834546963 -9999 -9999 -9999 -9999 -9999 -9999 -9999 -9999
-9999 -9999 -9999 -9999 -9999 -9999 -9999 -9999 -9999 -9999 -9999 -9999 -9999 16.485207562911345 17.148696750694317 18.754529070641087 19.800745341181017 20.77150810741337 20.299886862050265 19.25893320615886 18.493706891138558 18.065710364909858 18.14861569753706 17.785290731851248 17.438163628266235 18.450375034267886 18.077035858390968 17.6555164653524 17.65550659379774 17.595859812598654 17.661006125294637 17.65318086054715 17.702734523314458 18.17687765871349 18.329301657154158 18.11511377924378 17.744049987547086 17.512305080736095 17.59319472965515 18.34182841329811 19.30538476348814 -9999 -9999 -9999 -9999 -9999 -9999 -9999 -9999 -9999 -9999 -9999
-9999 -9999 -9999 -9999 -9999 -9999 -9999 -9999 -9999 -9999 -9999 -9999 12.146870713214824 14.548457221627679 17.285086434635947 19.622269429575752 20.84465278392104 21.012363416085073 19.79550123622734 18.939218936949967 18.30859060538162 18.30919572483368 17.810973603478523 17.362399052578052 17.717563352956965 18.18697617326821 18.485030448385363 18.60909277724071 18.459721702207073 18.30791577751471 18.06970976947798 17.984041161824287 18.73511061284343 18.954924400025728 19.037540774323567 18.612036404125227 17.26557656913689 17.264683319567446 17.247947426224655 18.47263123399756 19.85453253117254 -9999 -9999 -9999 -9999 -9999 -9999 -9999 -9999 -9999 -9999 -9999
-9999 -9999 -9999 -9999 -9999 -9999 -9999 -9999 -9999 -9999 -9999 12.021755841031332 12.022424128072071 12.711709517394652 14.897117571261914 17.162966358426655 18.877644540261997 19.10316415745352 18.82080867429564 18.38224137905319 18.09647921750333 17.811230631387613 18.271594163043627 18.236102473586094 17.837227951612817 17.77472164839492 18.604602323137954 18.919249805404945 19.42888361689466 19.05605039162527 19.01775918330205 19.01829381493921 18.91557750602322 19.296376399312066 19.29145380070414 19.106576234397412 17.913943004347175 17.502828065673192 18.016445053664874 20.00873046942245 -9999 -9999 -9999 -9999 -9999 -9999 -9999 -9999 -9999 -9999 -9999 -9999
-9999 -9999 -9999 -9999 -9999 -9999 -9999 -9999 -9999 -9999 16.55973529879505 16.274849861975593 16.0123871066089 16.255056125538704 17.136311130978342 17.4579900986695 16.87488453520756 16.726133108005033 17.239532655508572 17.24939335668023 17.99254920914057 17.414182336694278 17.800260780677192 17.89929684881369 18.260049066355585 18.044982388203188 18.67713618753568 19.047585609264654 18.915656105866844 18.434744258964336 18.496808483425525 18.38839723087776 18.85042148232177 18.695391899141022 18.625628196172162 18.05250872503642 17.470579877803868 17.498041927153903 18.656848272532073 -9999 -9999 -9999 -9999 -9999 -9999 -9999 -9999 -9999 -9999 -9999 -9999 -9999
-9999 -9999 -9999 -9999 -9999 -9999 -9999 -9999 -9999 -9999 -9999 -9999 19.549516326003683 18.069436972097712 17.192834049059158 17.192840601679098 16.381329630534005 16.179722731393966 15.786820903443123 16.120222208597387 16.907221800942985 16.721239099834342 17.412665606803092 17.739557384307968 18.077601667870013 19.362701171757372 19.715519532094685 19.932083892886673 19.554027130980664 18.30446922081673 17.99792111956552 17.813926191485557 18.73831122019319 18.247009556294795 17.488165738602156 17.156934286530607 17.360346936064847 17.88463511484093 19.340798926650265 20.500754481960527 -9999 -9999 -9999 -9999 -9999 -9999 -9999 -9999 -9999 -9999 -9999 -9999
-9999 -9999 -9999 -9999 -9999 -9999 -9999 -9999 -9999 -9999 -9999 18.162499169535128 18.47143034155703 18.296174101736845 17.447242581067428 16.365110365999698 15.503139155640405 14.617182427069213 15.287657296890114 15.512679678148425 15.714952209006992 16.416827058444408 17.688123573090927 17.89133511622629 18.62688036333152 18.56781834655463 18.842223523765426 18.88042908354056 18.469597181923422 18.072190074178103 17.8440151944198 17.717840346182058 18.168396493344968 17.714425173017773 17.714154469703015 17.400934262350415 18.022338470869904 19.374424914861454 20.441791632498916 -9999 -9999 -9999 -9999 -9999 -9999 -9999 -9999 -9999 -9999 -9999 -9999 -9999
-9999 -9999 -9999 -9999 -9999 16.463030512093592 16.305299566531655 16.005762788335634 15.931941727248352 17.000412846912738 18.28213365303208 17.477905483472732 17.478077002398244 17.039614714269742 16.38017590816179 16.057007192166893 15.441995682134547 14.952832333336714 15.095643851864414 15.473418504395854 15.545089511371 15.77904006639094 16.70039126799989 17.28144202790763 17.908210768058698 18.074260366845017 17.54109232415446 16.901676474515778 17.177341892249633 17.694436214354837 18.088602165660667 17.858879144458253 18.38242687491033 18.60385693955128 19.536748487432963 19.747337032320864 19.976231966763848 21.037766914200603 -9999 -9999 -9999 -9999 -9999 -9999 -9999 -9999 -9999 -9999 -9999 -9999 -9999 -9999
-9999 -9999 -9999 -9999 19.809292153945922 19.812577009784935 21.201449417613578 21.158919065399864 20.232606142596985 19.47963113225547 18.379732971470045 17.909329197693133 16.867051466993214 15.979721295678004 15.637564713355507 15.359841650446489 15.459718807490091 15.18282190755567 15.24985746460576 15.379421649402461 16.10214581810877 17.51869325422999 18.488452438553697 19.102852550923764 19.161057475842078 18.8749177152379 18.13516742726151 18.55888747907691 18.84349155353461 19.408331779152675 19.44907944716825 19.807679160466023 19.801089860549745 20.209543604657746 21.726595993451824 -9999 -9999 -9999 -9999 -9999 -9999 -9999 -9999 -9999 -9999 -9999 -9999 -9999 -9999 -9999 -9999 -9999
-9999 -9999 -9999 22.18111053645384 24.487532932419434 24.79138342276189 23.516277942345475 22.134385656791878 20.831567400910426 19.38373379064538 18.878644698757924 17.51804319232098 16.98390235545418 16.188041801758757 16.887866077211495 16.68466304959514 15.808933614542855 15.3685247542896 15.23490631502564 15.73894490550566 16.2190025519259 17.583377609594976 18.60207033637167 18.974330390349017 18.813149658043734 19.061013295722027 19.217724122964803 19.45333530550253 20.53812212972732 20.74221182029172 22.29024526877979 -9999 -9999 -9999 -9999 -9999 -9999 -9999 -9999 -9999 -9999 -9999 -9999 -9999 -9999 -9999 -9999 -9999 -9999 -9999 -9999 -9999
-9999 -9999 -9999 19.348377906285275 23.19016143223709 26.682246494253263 26.96845713112504 25.253048685972896 23.929220312121053 22.494455764439362 21.91358871776713 20.62182810857522 18.640074409852488 17.913647024212136 17.444177838485743 16.785523845575153 16.22237064116748 15.895096525016086 15.888872141808667 15.544583507729046 16.072504187715904 17.414914479200508 18.402204277442962 18.929637310340574 18.984779525393133 19.06370812241364 19.566765808619987 19.097250691857976 19.51744505409369 -9999 -9999 -9999 -9999 -9999 -9999 -9999 -9999 -9999 -9999 -9999 -9999 -9999 -9999 -9999 -9999 -9999 -9999 -9999 -9999 -9999 -9999 -9999
-9999 -9999 -9999 17.650709892534227 18.422527100813323 21.64093935855828 25.50816330182475 24.41587783853577 23.14045797807969 22.759542525256737 22.224924420915247 22.62237945420897 20.124015442827602 18.619031355856823 18.216794143855488 17.551843627920533 16.981561764485573 16.355826698768357 15.767952435792553 15.853136292260736 16.380648825015527 17.78202642535404 18.75093724782328 19.20797234706617 19.329970750795255 19.648360286980225 19.12083810498971 21.266341685704145 -9999 -9999 -9999 -9999 -9999 -9999 -9999 -9999 -9999 -9999 -9999 -9999 -9999 -9999 -9999 -9999 -9999 -9999 -9999 -9999 -9999 -9999 -9999 -9999
-9999 -9999 -9999 20.9371933159274 22.74098939381556 22.8367246048508 22.30384344929163 21.834858513641237 21.53761713779192 20.984463394627422 21.37773078395116 21.34641666743062 20.87739960051657 19.91850846381347 18.641682032020885 18.194787082529963 17.78402882387734 17.111285597756222 17.052693464022468 16.956429653218652 17.474137604957864 18.60459309091965 19.853104691239054 20.715781800903407 20.74243171951657 20.738034645957647 21.129018875494914 -9999 -9999 -9999 -9999 -9999 -9999 -9999 -9999 -9999 -9999 -9999 -9999 -9999 -9999 -9999 -9999 -9999 -9999 -9999 -9999 -9999 -9999 -9999 -9999 -9999
-9999 -9999 -9999 -9999 22.539365624145464 22.227141579312374 21.497204585017126 21.36793001048024 20.711552218079266 20.287203216623357 20.59033419851032 20.712076254982268 19.811279030787805 19.54479919088869 18.839054052518104 18.244176257130253 16.79759490698173 16.701019425505454 16.873938926836814 17.766791014105173 18.59242029759316 19.881312570762773 20.485229195229007 20.09021493461047 -9999 -9999 -9999 -9999 -9999 -9999 -9999 -9999 -9999 -9999 -9999 -9999 -9999 -9999 -9999 -9999 -9999 -9999 -9999 -9999 -9999 -9999 -9999 -9999 -9999 -9999 -9999 -9999
-9999 -9999 -9999 -9999 22.868790095458657 22.499400883381586 22.26701153465681 21.44192612410236 21.262198604258106 21.10195505498211 20.50561716372345 19.622672509998356 19.80548507245379 19.467084327529566 19.298991453559363 18.347743645116672 17.932450591112424 17.825809671699602 18.586246339850014 19.519239521698825 19.783534688738055 20.36855038372521 19.467060274523167 19.600086016089204 19.426362848300524 -9999 -9999 -9999 -9999 -9999 -9999 -9999 -9999 -9999 -9999 -9999 -9999 -9999 -9999 -9999 -9999 -9999 -9999 -9999 -9999 -9999 -9999 -9999 -9999 -9999 -9999 -9999
-9999 -9999 -9999 -9999 22.762466179734375 22.761060084399336 21.88986245692891 21.248238831251268 21.221328639755143 21.853252785342374 22.022548032853727 21.376840633751527 20.240390292815963 19.4114141224434 19.12277334276768 18.4575578596353 18.957384647907123 19.869507544040264 21.022206716493866 20.963850123798327 20.698964168109036 19.894321520268637 19.07266317517421 19.402555050186827 -9999 -9999 -9999 -9999 -9999 -9999 -9999 -9999 -9999 -9999 -9999 -9999 -9999 -9999 -9999 -9999 -9999 -9999 -9999 -9999 -9999 -9999 -9999 -9999 -9999 -9999 -9999 -9999
-9999 -9999 -9999 -9999 18.907733142399163 21.000106562476674 20.922579870213305 19.72113551329009 19.91146338305589 19.98414886474631 20.315825511034003 20.02638024204 19.32497434735551 18.763673936794127 18.475527409551013 19.00059402399745 19.721195603938302 19.810523958232626 21.015777296258413 20.687965699468453 20.480623958208447 19.383812356639584 20.34398299513339 -9999 -9999 -9999 -9999 -9999 -9999 -9999 -9999 -9999 -9999 -9999 -9999 -9999 -9999 -9999 -9999 -9999 -9999 -9999 -9999 -9999 -9999 -9999 -9999 -9999 -9999 -9999 -9999 -9999
