metrics/grid_rasters/ASCAT 12.5 TS/grideval_ASCAT 12.5 TS_Y_2015_absolute_bias.asc
ncols 52
nrows 55
xllcorner     11.25
yllcorner     55.25
cellsize      0.25
NODATA_value  -9999
[rows 0 to 28 of 55, columns 0 to 51 of 52]
-9999 -9999 -9999 -9999 -9999 -9999 -9999 -9999 -9999 -9999 -9999 -9999 -9999 -9999 -9999 -9999 -9999 -9999 -9999 -9999 -9999 -9999 -9999 -9999 -9999 -9999 -9999 -9999 -9999 -9999 -9999 -9999 -9999 -9999 -9999 -9999 -66.99071965566635 -66.23186773485986 -66.26564605154992 -9999 -9999 -9999 -9999 -9999 -9999 -9999 -9999 -9999 -9999 -9999 -9999 -9999
-9999 -9999 -9999 -9999 -9999 -9999 -9999 -9999 -9999 -9999 -9999 -9999 -9999 -9999 -9999 -9999 -9999 -9999 -9999 -9999 -9999 -9999 -9999 -9999 -9999 -9999 -9999 -9999 -9999 -9999 -9999 -9999 -9999 -9999 -9999 -9999 -65.59483778156593 -70.64579644234101 -70.85279779163515 -68.31736818439909 -64.83091661453177 -64.83054931021212 -9999 -9999 -9999 -9999 -9999 -9999 -9999 -9999 -9999 -9999
-9999 -9999 -9999 -9999 -9999 -9999 -9999 -9999 -9999 -9999 -9999 -9999 -9999 -9999 -9999 -9999 -9999 -9999 -9999 -9999 -9999 -9999 -9999 -9999 -9999 -9999 -9999 -58.03171534581419 -58.077884549214495 -60.558185891829794 -60.42920774267042 -57.73263712529954 -51.90741008527131 -51.37479052947874 -9999 -56.307738465496605 -63.18264111934353 -69.6661365208478 -70.74772181601064 -68.91688520216819 -68.91737914132432 -66.05755478234967 -63.23461736548553 -60.52635379668146 -59.62725957701355 -59.62835869631075 -9999 -9999 -9999 -9999 -9999 -9999
-9999 -9999 -9999 -9999 -9999 -9999 -9999 -9999 -9999 -9999 -9999 -9999 -9999 -9999 -9999 -9999 -9999 -9999 -9999 -9999 -9999 -9999 -9999 -9999 -9999 -9999 -9999 -59.63611267354392 -62.68480115390656 -63.10673745074124 -58.15619868531836 -50.431096418108524 -50.486665486800106 -46.69933991709363 -49.08564059101565 -54.11375078677668 -58.12017147221621 -61.37184149045993 -61.371866848585796 -63.93589405528464 -63.554047165384205 -60.935382367914066 -59.53748260721978 -56.90836079227104 -56.90970278673225 -56.27150687344776 -56.52182921479614 -57.520798146940024 -9999 -9999 -9999 -9999
-9999 -9999 -9999 -9999 -9999 -9999 -9999 -9999 -9999 -9999 -9999 -9999 -9999 -9999 -9999 -9999 -9999 -9999 -9999 -9999 -9999 -9999 -65.62918612499524 -69.02503484048907 -66.96948633300697 -64.79862232182761 -64.19894406333368 -66.84423265977068 -67.35748906636069 -67.91006932657214 -65.3881525627832 -60.45548448100258 -56.65660657406385 -52.05949146736392 -51.95874269221157 -52.62758218630513 -52.04453408629457 -53.22053512156686 -54.535451896276214 -54.98354647867365 -55.16362708893097 -56.70198898196786 -56.80413959345249 -55.36673509150855 -54.89416097937946 -54.99839202461681 -56.51361446341978 -59.98135448369743 -62.522318098378065 -9999 -9999 -9999
-9999 -9999 -9999 -9999 -9999 -9999 -9999 -9999 -9999 -9999 -9999 -9999 -9999 -9999 -9999 -9999 -9999 -9999 -9999 -9999 -9999 -67.91686581122305 -67.92021345993629 -69.24142027923142 -66.6853522934674 -64.44273745987465 -60.152731665425264 -58.74719617939879 -57.22326572973092 -57.22263194021775 -58.15576368380658 -60.37841221538525 -61.471634905642965 -61.48682105493575 -59.1035880606498 -55.541605805017575 -55.541500101848115 -52.4094885139183 -52.42000947920829 -54.477571854292506 -56.26783012530899 -57.70342151771629 -57.70354804022779 -60.910013478941536 -62.35439702940853 -63.112782061477006 -63.92937820053303 -65.54756390043556 -65.02405051927815 -9999 -9999 -9999
-9999 -9999 -9999 -9999 -9999 -9999 -9999 -9999 -9999 -9999 -9999 -9999 -9999 -9999 -9999 -9999 -9999 -9999 -9999 -9999 -62.89123735576626 -66.52026000170302 -66.90992474150435 -68.06171455048637 -68.79593552392743 -64.4101685685471 -64.40982007194214 -58.59402028328779 -54.09821894830166 -52.13080056968401 -52.984722783412685 -55.38845995727724 -57.43151333158725 -57.433048790508956 -58.44983300818232 -56.47888418877059 -54.170457111633645 -52.13188667086784 -53.933067145846564 -55.29128946829986 -55.28936515229533 -57.02774251714195 -59.4723190829772 -62.717932700839995 -66.2849465920067 -68.669341831547 -69.16687220130686 -69.16747346583611 -69.47780565171279 -68.71697628832581 -9999 -9999
-9999 -9999 -9999 -9999 -9999 -9999 -9999 -9999 -9999 -9999 -9999 -9999 -9999 -9999 -9999 -9999 -9999 -9999 -9999 -9999 -9999 -62.43638281612936 -63.85552566680863 -63.85730116296722 -66.24294381210497 -65.84039537413878 -62.951221989113854 -61.485603412382964 -59.619917686654674 -58.250644833743756 -58.1921457163527 -54.76006609965118 -54.17357825374668 -55.47888567896902 -56.64129688731783 -56.31090278288619 -54.81419246199546 -54.42496337347014 -54.42509999666289 -56.092176460567224 -57.92256504997831 -59.79496635516906 -62.206495299789324 -65.45959920632507 -67.34859632812872 -67.34747232958817 -68.42053242999323 -68.8756832529016 -67.95799335300195 -9999 -9999 -9999
-9999 -9999 -9999 -9999 -9999 -9999 -9999 -9999 -9999 -9999 -9999 -9999 -9999 -9999 -9999 -9999 -9999 -9999 -9999 -62.6765305526293 -65.08577990614937 -66.70951337242586 -66.42658518161915 -67.02447846438132 -65.83879210442143 -61.83067974408928 -57.00208926720777 -57.00201531753906 -53.81595558153553 -53.87725286717089 -54.580999249704035 -54.0815718440875 -54.32843532227072 -55.341188186916895 -57.62198048061154 -57.62169907467992 -58.771962705453475 -58.67620312562674 -58.52284925116659 -58.39556578805783 -59.428211796830226 -61.38932381219978 -64.28975233908136 -64.29038036697389 -64.93819631965253 -65.67917645705124 -67.10669632746 -67.78573509382282 -67.62261695682345 -67.23325472991034 -67.69191797933233 -9999
-9999 -9999 -9999 -9999 -9999 -9999 -9999 -9999 -9999 -9999 -9999 -9999 -9999 -9999 -9999 -9999 -9999 -9999 -66.28613915990377 -65.64762979503216 -66.30218056614122 -66.12062581152131 -66.20007622196361 -65.07667589322782 -63.918358921914674 -61.86791852985155 -61.871173633371505 -59.23232821069732 -57.458842478982 -55.997043465758566 -55.92058490861308 -57.61464442045269 -59.84181933573731 -61.74186757392896 -63.12608962612126 -63.12560139379493 -64.19783477199704 -65.03134451453658 -64.47808223735127 -63.40423879248677 -61.569666963122366 -61.39342255431517 -63.385850857001095 -64.87348274906316 -64.87431609894288 -66.1102658958547 -65.96344491344604 -66.3432765876391 -67.02519413266467 -66.59525209464242 -66.29307418373605 -9999
-9999 -9999 -9999 -9999 -9999 -9999 -9999 -9999 -9999 -9999 -9999 -9999 -9999 -9999 -9999 -9999 -9999 -68.17319144523229 -67.99130801452499 -66.33697154226782 -62.748322218966855 -62.46826457544798 -62.468693572650565 -61.340204670260846 -59.504171521061004 -57.596678920952655 -56.0466850493595 -54.5093976828714 -54.524573838786885 -54.67063038464242 -54.0556848375956 -54.05699217579464 -53.98398041472911 -56.484105108223794 -59.61019282151593 -61.69946122077086 -64.01722168906646 -65.01546873126888 -65.7066180050638 -65.50226958934681 -64.85659402163111 -64.85565157430608 -65.68589717602697 -66.25038710004632 -66.19010516049913 -65.31000892150473 -64.34364804341783 -64.96060745591825 -64.72741851479535 -65.07523098908575 -9999 -9999
-9999 -9999 -9999 -9999 -9999 -9999 -9999 -9999 -9999 -9999 -9999 -9999 -9999 -60.30396079660085 -62.52896085820263 -66.69156953073549 -70.24065529535329 -70.24226339656116 -70.17411338532601 -68.6239341905297 -65.21403342177672 -62.384677821307484 -60.282877909099156 -58.40369841982526 -57.56599908184239 -58.18998550814052 -56.27531669764452 -56.27108485670767 -55.61460122749954 -55.61130963060198 -56.97988754018358 -57.7858621827615 -57.90132765716401 -59.37393666437376 -61.40483824579626 -64.57144865765049 -65.41107168904762 -66.97387195525076 -66.97361788716029 -67.0984585964629 -66.15807040707102 -66.05547754144649 -66.47312558454522 -65.17631071137015 -64.4276825673157 -64.87362598035651 -64.77260645984028 -64.49712674783679 -64.49620662302998 -65.2245428707309 -63.436649598011094 -9999
-9999 -9999 -9999 -9999 -9999 -9999 -9999 -9999 -9999 -9999 -9999 -9999 -9999 -62.243419343370036 -63.06168780130885 -65.32117678926849 -67.26267053031516 -69.31648653916237 -67.68240635680529 -64.82081275774398 -61.524087969427306 -59.187257164628235 -57.61056437495074 -57.610309181965505 -58.458476755530384 -59.03776153415706 -60.6705986744736 -60.37264630293806 -59.30541846251521 -60.327777971509896 -61.0330084354417 -62.42771497503225 -63.53965070997818 -65.5847716178659 -65.58572027447491 -66.85739843188792 -66.99335991912722 -67.08423561915944 -67.20973160526675 -66.62739869136928 -65.51099421789694 -66.54900260445747 -66.73728321867635 -65.92618172889117 -66.39261003673826 -66.3917898745302 -66.34248764528094 -65.77709115631674 -65.58372861927103 -64.2936002374836 -65.27792710203458 -66.40809592973035
-9999 -9999 -9999 -9999 -9999 -9999 -9999 -9999 -9999 -9999 -9999 -9999 -9999 -66.82927563157334 -67.9801648121416 -63.281896188583794 -60.85789660850462 -60.461843834547345 -60.33925991503378 -62.255267025320435 -60.412061385100785 -58.52624431629278 -58.85332077974603 -59.51252499147788 -61.82513555775203 -63.467238044303464 -66.16964501007004 -66.1920997554336 -65.17106938202471 -63.94409049927891 -64.7663024979183 -65.67332259141594 -65.08853747198334 -65.43981677525237 -65.77090913627347 -66.15996401421614 -65.52709671767151 -65.06061589643889 -64.54066908897447 -66.4827011832443 -67.82937326959184 -67.80983312045285 -67.02416804909693 -61.90327770318555 -9999 -9999 -9999 -9999 -9999 -9999 -9999 -9999
-9999 -9999 -9999 -9999 -9999 -9999 -9999 -9999 -9999 -9999 -9999 -9999 -9999 -69.27119095423691 -69.59532089966929 -66.72395880303822 -62.46345780650254 -58.17084213408386 -57.476854408637635 -58.69727846039701 -60.57036306371227 -62.46214560743425 -62.53416473747896 -62.669986307806504 -63.551547523803045 -65.65033942411083 -67.09153128683211 -66.9860984887627 -66.9866647122557 -65.82269415768356 -65.50444721212871 -65.39108067369318 -66.2616197548661 -66.48507387641108 -66.50274021479554 -65.30232803492412 -64.26488292078514 -63.57768780025451 -64.57336803629681 -66.38729426935468 -67.13190361010233 -9999 -9999 -9999 -9999 -9999 -9999 -9999 -9999 -9999 -9999 -9999
-9999 -9999 -9999 -9999 -9999 -9999 -9999 -9999 -9999 -9999 -9999 -9999 -73.06815516612187 -71.03864747358655 -67.37042114197314 -61.903216894626134 -57.62397200838964 -56.239858263212774 -57.85861287634381 -58.97100021596852 -61.380543813586776 -61.38130648306178 -63.46737464705711 -63.804698575778744 -64.60221619021065 -66.39796006428382 -67.47718817917139 -67.18687514960614 -65.76917957813879 -65.04757845209721 -64.99242614277053 -65.31799718016734 -66.06554933761805 -66.84806866756081 -67.23525270667089 -65.86743928512904 -65.14622185925253 -65.14507200911386 -66.5003973272165 -67.0399016502733 -65.66022634371566 -9999 -9999 -9999 -9999 -9999 -9999 -9999 -9999 -9999 -9999 -9999
-9999 -9999 -9999 -9999 -9999 -9999 -9999 -9999 -9999 -9999 -9999 -67.09489825092145 -67.06237395802437 -68.19664287440304 -67.99283896317749 -63.32821297079871 -58.959281046185204 -58.63710761188891 -59.288529913474825 -60.99237946156844 -62.35786815199614 -63.55920774599843 -64.13956450532923 -63.68853007011688 -64.52254630702761 -64.64874652683058 -66.3351276357149 -65.92038163885161 -65.14922355522839 -64.7352476753836 -64.43511022242132 -64.43769431189811 -64.31616788745129 -65.59409291528911 -66.4484510959398 -66.69092316762666 -65.71403754223255 -66.08603352195908 -65.6036080235472 -62.11418397978911 -9999 -9999 -9999 -9999 -9999 -9999 -9999 -9999 -9999 -9999 -9999 -9999
-9999 -9999 -9999 -9999 -9999 -9999 -9999 -9999 -9999 -9999 -63.971148364863595 -62.60947226161222 -62.015860050809145 -61.43618523968776 -60.30802939740108 -59.239793769443644 -60.880611310017535 -62.77599769608924 -62.4895605234446 -64.29902111668164 -65.26510386920751 -66.944852422723 -67.08052617099372 -66.00801004114427 -65.27612664990609 -63.885756046255274 -63.572461570189006 -63.516281451335296 -64.70620736383701 -65.54093263251626 -65.76280996377396 -65.53451354219106 -64.70271378121609 -66.11063256434515 -66.33023576943418 -65.68994598364502 -64.89298962822282 -62.89468511164816 -61.602849645887396 -9999 -9999 -9999 -9999 -9999 -9999 -9999 -9999 -9999 -9999 -9999 -9999 -9999
-9999 -9999 -9999 -9999 -9999 -9999 -9999 -9999 -9999 -9999 -9999 -9999 -60.726220732638204 -60.98520851329229 -62.248748016392895 -62.250679643166066 -63.40472582709872 -64.08515009714529 -64.68920927803703 -65.22861720783645 -66.68038150960611 -66.97430068507114 -68.47634461646909 -68.20100251427156 -67.0463430241279 -65.65321916852476 -63.61419778367098 -63.06346619107303 -62.360849619968135 -63.390330692738324 -64.40879143142632 -64.84338111149255 -63.941320099198066 -62.998970185294965 -62.58684634028858 -63.294503366532325 -65.19191212268917 -64.93582230134531 -62.30625933351928 -56.40387421225793 -9999 -9999 -9999 -9999 -9999 -9999 -9999 -9999 -9999 -9999 -9999 -9999
-9999 -9999 -9999 -9999 -9999 -9999 -9999 -9999 -9999 -9999 -9999 -61.004496948472784 -60.84059615406204 -60.57331378181017 -60.73833515004355 -61.61035362408203 -64.00198774398571 -65.95159164960994 -66.94268725360521 -66.6991390366737 -67.40492274745755 -67.91033704495614 -68.75122531761947 -67.36067086516611 -66.15725102797342 -66.02217268847474 -65.1940415422809 -65.06855692731418 -65.05691471741032 -64.01053805327116 -63.48989311547494 -63.154139841329744 -62.2127500501236 -61.8087219692901 -61.80831859230064 -63.060768649092566 -66.19637293675946 -65.34251789382641 -60.89749662341172 -9999 -9999 -9999 -9999 -9999 -9999 -9999 -9999 -9999 -9999 -9999 -9999 -9999
-9999 -9999 -9999 -9999 -9999 -64.44608200810687 -63.882753500688175 -62.36442321017327 -61.83609526876375 -58.86764418036436 -57.542907579353894 -58.95185768517592 -58.95082247556136 -60.63777528609425 -61.59286688479632 -62.161133543686724 -63.622551846446626 -65.7722879204005 -67.41852800021357 -67.28414481253775 -67.32203849200097 -67.75307909447761 -67.81349635526165 -68.16772273638165 -67.76577038027057 -66.11131233976128 -65.18603889751407 -65.69084585191928 -65.62091650954238 -65.17951861962938 -64.83166112916281 -63.590798191083906 -62.80991308979362 -61.81953042012528 -61.440487056181404 -61.33410858095722 -60.134441518397885 -55.879495751810225 -9999 -9999 -9999 -9999 -9999 -9999 -9999 -9999 -9999 -9999 -9999 -9999 -9999 -9999
-9999 -9999 -9999 -9999 -63.694893972191785 -62.849089290304214 -60.207713528518816 -58.33737607730318 -57.79898050058684 -58.068583426098975 -58.55494229143192 -58.77784724824601 -59.34980947203985 -60.99315285527846 -63.24877336417108 -64.68070316970824 -66.1616375626338 -67.2604241344464 -66.66299548786937 -67.47957616935261 -66.76226191513472 -66.29942764974379 -65.87072253339431 -67.01642244080551 -66.59611469218689 -65.87037121516501 -66.39461630128673 -67.25555927464978 -65.9701338061625 -64.6591960778225 -64.34250636210953 -62.86729173308765 -62.05294149038001 -59.97514648444722 -56.61831211382422 -9999 -9999 -9999 -9999 -9999 -9999 -9999 -9999 -9999 -9999 -9999 -9999 -9999 -9999 -9999 -9999 -9999
-9999 -9999 -9999 -58.52300799023947 -56.5859767287719 -56.41559016433187 -57.0174416123417 -56.78537627917945 -57.07592438731217 -57.40576942603549 -57.94579347431218 -60.55373069237402 -61.99585641511237 -63.62515724279936 -64.97278970191931 -66.80524617134637 -67.16509678338464 -67.82061308709244 -67.59566217610225 -67.50358201370399 -66.82902022321693 -65.41743131128655 -64.20115631315859 -64.75529278892245 -64.30402090385918 -63.582678731889324 -61.350503483994636 -60.913077130575935 -59.970106427588206 -57.191749528239015 -53.624925903282175 -9999 -9999 -9999 -9999 -9999 -9999 -9999 -9999 -9999 -9999 -9999 -9999 -9999 -9999 -9999 -9999 -9999 -9999 -9999 -9999 -9999
-9999 -9999 -9999 -58.92707617316828 -53.86947880944603 -46.95424890882042 -46.903524041327046 -48.58027919364229 -51.188831620152534 -52.908572048051454 -54.137936054908295 -55.439959394097954 -59.23951705170361 -61.745583389681855 -63.67708128068904 -65.78562966242914 -65.97570776577355 -67.36100890248458 -66.4736517189093 -66.43583124663428 -66.04547347983943 -64.81714178406293 -63.61380473249979 -63.444948114201644 -63.39230204476326 -62.088411075890754 -60.27817395154857 -58.73816728750498 -56.13673154749957 -9999 -9999 -9999 -9999 -9999 -9999 -9999 -9999 -9999 -9999 -9999 -9999 -9999 -9999 -9999 -9999 -9999 -9999 -9999 -9999 -9999 -9999 -9999
-9999 -9999 -9999 -63.0218151460449 -62.85380670212558 -59.42728563891775 -51.46167442409256 -50.42445455289125 -53.94594950022043 -56.8199604970103 -59.04698976876711 -59.322114924172155 -60.2541508413495 -63.02867054161703 -63.542904914010016 -64.80897862744345 -65.40024871378628 -66.31179828280527 -66.14867242875532 -65.94796899272265 -65.49038284716396 -63.53480390708696 -63.28934881862686 -62.52339793580308 -59.95720517760646 -59.338276636933614 -56.312623273068475 -51.84137473847749 -9999 -9999 -9999 -9999 -9999 -9999 -9999 -9999 -9999 -9999 -9999 -9999 -9999 -9999 -9999 -9999 -9999 -9999 -9999 -9999 -9999 -9999 -9999 -9999
-9999 -9999 -9999 -61.642056662593234 -59.562831261690995 -57.1860116248529 -57.25807176719306 -59.34538933907922 -60.588975751296594 -61.313840451263495 -61.52695829291992 -61.564161905427845 -61.03862595368812 -62.4779362576596 -65.39010221668171 -65.98723184624741 -65.54216548909004 -65.42132305074446 -64.94932039219141 -64.81035943215933 -62.83249089170626 -61.59438042053989 -60.851762360089424 -60.29484221928021 -59.53867525555199 -57.019441064429465 -52.371686766944656 -9999 -9999 -9999 -9999 -9999 -9999 -9999 -9999 -9999 -9999 -9999 -9999 -9999 -9999 -9999 -9999 -9999 -9999 -9999 -9999 -9999 -9999 -9999 -9999 -9999
-9999 -9999 -9999 -9999 -57.03856618015502 -56.72655165792613 -57.44510486940845 -58.80736460516348 -59.76452629701261 -60.677476736810405 -60.069452824031856 -60.239926207050885 -62.383460054522594 -62.3449816891776 -63.29103670422318 -64.32055478220893 -64.69261306460234 -64.91682218568718 -63.852936339210004 -61.90583305199557 -59.85141061654857 -58.13536209042899 -57.12628013050906 -53.28904444691592 -9999 -9999 -9999 -9999 -9999 -9999 -9999 -9999 -9999 -9999 -9999 -9999 -9999 -9999 -9999 -9999 -9999 -9999 -9999 -9999 -9999 -9999 -9999 -9999 -9999 -9999 -9999 -9999
-9999 -9999 -9999 -9999 -59.70679339194165 -61.87461771755145 -62.11723200950953 -61.88856405429454 -61.03172473958071 -59.843958676538236 -61.29166245931465 -62.39204340844483 -63.28885843027968 -62.01872136252521 -61.976457054323454 -61.87948763551022 -62.21816176328746 -62.574849992068046 -62.88978394702429 -62.507525484820455 -62.44840204758521 -61.11258549432209 -57.31971266783142 -52.314278707962075 -38.72790403592914 -9999 -9999 -9999 -9999 -9999 -9999 -9999 -9999 -9999 -9999 -9999 -9999 -9999 -9999 -9999 -9999 -9999 -9999 -9999 -9999 -9999 -9999 -9999 -9999 -9999 -9999 -9999
-9999 -9999 -9999 -9999 -63.124199006667595 -63.51907137715126 -65.16185649652542 -66.32661827318401 -66.03502822591639 -64.3891069675468 -62.967617353978824 -62.83757323890904 -61.2289672860192 -60.906253434980535 -61.07282011036651 -62.30626074567953 -62.94729239123298 -62.84949116925354 -62.05363647525078 -61.39743807124548 -59.74509159546393 -58.7246146879885 -57.82440970912703 -54.7442290600026 -9999 -9999 -9999 -9999 -9999 -9999 -9999 -9999 -9999 -9999 -9999 -9999 -9999 -9999 -9999 -9999 -9999 -9999 -9999 -9999 -9999 -9999 -9999 -9999 -9999 -9999 -9999 -9999
