metrics/grid_rasters/ASCAT 12.5 TS/grideval_ASCAT 12.5 TS_X_spring_2015_absolute_ubrmsd.asc
ncols 52
nrows 55
xllcorner     11.25
yllcorner     55.25
cellsize      0.25
NODATA_value  -9999
[rows 0 to 29 of 55, columns 0 to 51 of 52]
-9999 -9999 -9999 -9999 -9999 -9999 -9999 -9999 -9999 -9999 -9999 -9999 -9999 -9999 -9999 -9999 -9999 -9999 -9999 -9999 -9999 -9999 -9999 -9999 -9999 -9999 -9999 -9999 -9999 -9999 -9999 -9999 -9999 -9999 -9999 -9999 20.04072169060648 20.465368515952843 18.73699719714681 -9999 -9999 -9999 -9999 -9999 -9999 -9999 -9999 -9999 -9999 -9999 -9999 -9999
-9999 -9999 -9999 -9999 -9999 -9999 -9999 -9999 -9999 -9999 -9999 -9999 -9999 -9999 -9999 -9999 -9999 -9999 -9999 -9999 -9999 -9999 -9999 -9999 -9999 -9999 -9999 -9999 -9999 -9999 -9999 -9999 -9999 -9999 -9999 -9999 20.611541848680197 19.25721063122129 17.777003129370826 15.865356425103936 14.283741988459294 14.284841982346412 -9999 -9999 -9999 -9999 -9999 -9999 -9999 -9999 -9999 -9999
-9999 -9999 -9999 -9999 -9999 -9999 -9999 -9999 -9999 -9999 -9999 -9999 -9999 -9999 -9999 -9999 -9999 -9999 -9999 -9999 -9999 -9999 -9999 -9999 -9999 -9999 -9999 24.13692082427556 24.141287704280682 26.20073509782704 25.869740593538843 22.67839803391314 19.554411267296487 18.848036669446813 -9999 18.21596975052436 18.059315425371825 16.809587889362668 15.505550362819537 14.822590126364998 14.825122589484035 14.21127120650267 14.544971434313307 16.478147138271776 18.121914730308305 18.125957070216387 -9999 -9999 -9999 -9999 -9999 -9999
-9999 -9999 -9999 -9999 -9999 -9999 -9999 -9999 -9999 -9999 -9999 -9999 -9999 -9999 -9999 -9999 -9999 -9999 -9999 -9999 -9999 -9999 -9999 -9999 -9999 -9999 -9999 20.46048335699629 22.478823339642414 23.63582743681087 21.986002663965806 18.195710439504648 18.20204951963992 15.239564475572948 13.846604310278432 13.811567946792294 13.7490590156758 13.757206947448836 13.759020007149875 13.308842206134663 14.084797999300633 15.683039442278089 17.002862095796438 17.94075168190424 17.940232240441514 18.180968940259824 18.838001774364947 20.24128299551362 -9999 -9999 -9999 -9999
-9999 -9999 -9999 -9999 -9999 -9999 -9999 -9999 -9999 -9999 -9999 -9999 -9999 -9999 -9999 -9999 -9999 -9999 -9999 -9999 -9999 -9999 26.817647593002352 28.43530764185248 26.553987567353506 24.908626668705026 22.785302187792322 22.678102702937466 24.105312383519333 23.210693830821324 22.709026074307488 20.425581617455567 17.99349708095127 14.578791601951012 13.062493190882506 13.893640831795251 13.86828383406312 14.578245294783008 15.152688095155115 15.98365306937916 17.51689431134126 19.299560464212465 20.124380812001807 19.482318372608756 18.5792946144326 18.014092486128582 17.972363714991943 18.513875883801195 18.677092582221075 -9999 -9999 -9999
-9999 -9999 -9999 -9999 -9999 -9999 -9999 -9999 -9999 -9999 -9999 -9999 -9999 -9999 -9999 -9999 -9999 -9999 -9999 -9999 -9999 26.897944222459806 26.898766012350112 28.44367994844717 28.607482264144522 27.965543867628387 24.758867985845534 22.99051166514398 22.270452640959224 22.27106586986268 21.91179797515408 21.24482313789639 19.46689395499521 17.16003100096317 15.198520445860973 14.686124296785202 14.68798321526711 14.601250211930509 15.174980544434431 16.409379704882294 17.417315514943272 18.697581398285468 18.697816992248995 19.60507994048452 20.503382056113534 20.39000913719285 19.892057132814728 19.295992285606847 18.876857321493468 -9999 -9999 -9999
-9999 -9999 -9999 -9999 -9999 -9999 -9999 -9999 -9999 -9999 -9999 -9999 -9999 -9999 -9999 -9999 -9999 -9999 -9999 -9999 25.421892067480517 26.413725685883428 26.51329044658443 26.574753356729985 25.71908391945221 24.685928499868652 24.690364465505162 23.11575479565409 23.24425943632185 21.802317173619066 19.71135449238597 17.458500593591967 15.866764662602446 15.868932642134087 15.3450224394569 14.859212588733135 13.991424630939765 13.590107239920282 14.078312284365245 15.46007026989073 15.461527309915054 16.739237467925516 18.12118717540948 19.270855681669996 20.730667644108298 21.34757257011521 21.7344580659276 21.737611650441327 21.704438887067127 21.202937633872768 -9999 -9999
-9999 -9999 -9999 -9999 -9999 -9999 -9999 -9999 -9999 -9999 -9999 -9999 -9999 -9999 -9999 -9999 -9999 -9999 -9999 -9999 -9999 23.641790869597894 23.34091758986451 23.342134475012745 25.342173496356867 26.771354415295782 27.444680096284337 26.77669861037508 25.29371664707993 22.29746839751536 22.291793246084342 17.964713009540446 15.403844565936186 15.269515596962972 16.170450068603348 16.457482551188914 15.572569648260336 15.278152613097475 15.280618316053125 16.111364062156632 17.485997508088094 18.124602511258548 18.8823324046682 19.7651509475944 21.09970799038031 21.103052215311447 22.066820512334925 22.237386686358462 21.30932727507976 -9999 -9999 -9999
-9999 -9999 -9999 -9999 -9999 -9999 -9999 -9999 -9999 -9999 -9999 -9999 -9999 -9999 -9999 -9999 -9999 -9999 -9999 25.621546760876285 26.31343271195473 25.57434426878509 25.07284992179628 25.93495124060864 27.438858251553736 29.27579477145809 28.230636118494026 28.227834226339887 24.68785861202633 22.016259167904888 19.352546461571514 16.544329165576734 15.738099114869154 16.346820968031786 17.55569104224515 17.556189843385308 18.26194933947843 18.58751339427549 18.81176873008862 18.884920816613914 18.685185685025814 18.196523259563772 18.501870893575603 18.49853885696874 18.90160818137133 19.777989173260206 20.330421665452977 20.214614362352336 19.636256540617516 18.98652292432123 18.510111416585158 -9999
-9999 -9999 -9999 -9999 -9999 -9999 -9999 -9999 -9999 -9999 -9999 -9999 -9999 -9999 -9999 -9999 -9999 -9999 24.349791531396136 25.167458556460762 25.424963030491647 25.717304507818035 26.44633741823376 27.532898174281463 28.193042835303963 26.619887728380775 26.62204037654113 24.30988582841713 22.157503134794368 20.754657957657546 19.354384088757023 19.15953710136294 19.41995236696385 19.716433853923157 19.53432435372236 19.535519670301497 19.053762892906214 19.29749163275755 19.6656395400764 19.852627404952518 19.719220032741326 18.812791284486792 18.498953399807593 18.020423395858053 18.020438676664867 17.884155347212726 18.431414077522973 18.59370661347031 18.62070677861108 18.405293530933925 18.37156287163695 -9999
-9999 -9999 -9999 -9999 -9999 -9999 -9999 -9999 -9999 -9999 -9999 -9999 -9999 -9999 -9999 -9999 -9999 26.415632522580424 26.72925092388939 27.102377307309993 28.50203185578216 28.03160447265164 28.03260842104491 26.906890651737843 26.1550816291091 25.181994361013693 23.769625895879287 22.1087804799644 21.106379803909174 20.139278416920536 19.274672166506047 19.27492447913069 18.76199972190892 18.630786045898414 19.00990154378908 19.46620118433503 19.670252307765352 18.970725606698608 18.55399291145288 18.75768027521906 19.451925653630656 19.452929331068415 19.514977077637393 19.24677012287322 18.17903706512844 18.031051451334648 17.928565291284766 18.703434383844506 19.515672068904077 19.664947774212802 -9999 -9999
-9999 -9999 -9999 -9999 -9999 -9999 -9999 -9999 -9999 -9999 -9999 -9999 -9999 27.461551036344186 27.821141067486852 28.561736238186857 29.213554393405598 29.211440585214696 29.38230033083817 29.207188491178986 28.895802571841173 28.522270701296566 26.57564037304528 24.520798531086612 23.0094861456252 22.07686291716798 21.199054948865523 21.204897916250502 20.18368861317992 20.524634971420237 21.126760630795673 20.54050190415301 19.61457853000027 18.644324079109367 18.96139251045836 19.337707085189365 19.142248686154787 18.295802700196266 18.297483630403367 17.376104885703022 17.855157880116415 18.160651979601067 18.774310823767873 19.46032560002212 19.615764220783976 19.348464736200718 19.107311330111813 18.97589944448998 18.97543125335889 19.225988249393104 19.67491102470766 -9999
-9999 -9999 -9999 -9999 -9999 -9999 -9999 -9999 -9999 -9999 -9999 -9999 -9999 29.169749146203124 30.324897470970956 30.53161664984129 31.73559841012591 31.950964168981905 32.210492127961395 31.463965655727314 30.062904642925893 27.480513272074994 23.77902618600004 23.77810476712565 20.866800078749765 20.866790844924708 21.89664239571677 21.896674100848287 21.044065023484922 21.151709635780247 20.784463449655572 20.52056839112869 20.213411546135095 19.900956809110514 19.905251606750312 19.451931627777462 18.730303033242013 17.86873000005247 17.331157447304513 16.813042481995748 16.23794579357428 16.19209759748743 16.708059895230992 17.402964486545383 17.80217043139791 17.80224314944564 18.185389219328638 18.211545775616067 18.207431493670253 18.30167032920255 19.129130903055717 19.501810494535253
-9999 -9999 -9999 -9999 -9999 -9999 -9999 -9999 -9999 -9999 -9999 -9999 -9999 32.07173030438519 32.882731406265584 34.36817411435179 33.510619405292005 31.98504341288269 30.23206622348305 32.42036146969539 30.462735872992305 27.24415672608428 23.82527578591701 22.03436886313888 23.01174863599329 23.21451230712212 23.426054399824967 23.470295148853058 22.773944544695873 21.777310292917115 21.364236158090264 21.445487401439603 20.68491705187314 20.60160803317859 19.883346376604365 18.668487058534414 17.838316067984994 17.40941353709064 16.13705292841806 14.974674168456293 14.627393589335401 15.287469690366805 15.980613469421794 18.25886190189751 -9999 -9999 -9999 -9999 -9999 -9999 -9999 -9999
-9999 -9999 -9999 -9999 -9999 -9999 -9999 -9999 -9999 -9999 -9999 -9999 -9999 32.6531523345324 34.250174556485284 35.269162521200364 34.26464771705862 31.02611090487865 26.622197030744864 22.98624009630761 21.519960279612047 21.33981698860931 22.338992259143662 23.13899909721108 22.913263928848323 23.08613316459304 22.464796141822337 21.191523549956912 21.191140886977134 20.624110176192367 20.283951761626 20.55552656360936 21.067823917768475 21.511569490336235 21.755457018404012 21.34719190833813 19.67155251925644 17.99608640076097 15.812564930707664 14.487274118915167 14.96632773087497 -9999 -9999 -9999 -9999 -9999 -9999 -9999 -9999 -9999 -9999 -9999
-9999 -9999 -9999 -9999 -9999 -9999 -9999 -9999 -9999 -9999 -9999 -9999 31.577396401283945 33.23778079049947 34.00631618875427 33.42337040874598 31.207710372786003 27.80487683648619 23.208894243470784 20.624699226876448 19.80738154062697 19.81101314183753 20.3198574557676 20.51186881547704 20.193296724403698 19.799628652324532 19.435824315494553 18.775147413297674 18.106546662134555 17.624577800524204 17.271053731764198 17.070686938908597 17.40563521772999 18.1419453658967 18.392155347859568 17.38889657055742 15.694907447991184 15.696150799677673 14.69574751641765 15.047476650651374 16.82909961558734 -9999 -9999 -9999 -9999 -9999 -9999 -9999 -9999 -9999 -9999 -9999
-9999 -9999 -9999 -9999 -9999 -9999 -9999 -9999 -9999 -9999 -9999 32.9726653541784 32.974468841930126 33.09748743427406 34.400872692612836 34.85650750446848 33.067576934625194 28.808328779387132 24.26648886903649 20.957056898864845 19.34494656235691 19.452823532066848 20.098923626332475 19.40672556326527 17.44426377815015 15.819698984203631 14.592014893919638 13.863952224778116 13.688635095176606 13.704747298561074 13.973315526444678 13.972073409614113 14.494693388167324 14.274728329333081 13.955151268287842 13.376217229670315 12.268248096099189 11.680339121509357 12.574521987843337 16.455415979747848 -9999 -9999 -9999 -9999 -9999 -9999 -9999 -9999 -9999 -9999 -9999 -9999
-9999 -9999 -9999 -9999 -9999 -9999 -9999 -9999 -9999 -9999 31.380161964804056 32.71415323965097 34.10869661443484 34.55757563841399 33.258633172643606 29.11785643604556 24.5161014616476 21.35158415996588 19.999769796889808 17.963895491667262 17.989017732815935 17.380124773423145 17.020438487863462 18.22702126439054 18.804729573341728 18.661291276041123 17.165434337378848 14.591630711105536 12.338422183438725 11.246415687863408 11.266577013036224 11.767522752636301 12.285023890767784 13.04396177137218 13.230207752124256 12.486231017093413 11.944951636187632 12.735687761194516 14.039182112882882 -9999 -9999 -9999 -9999 -9999 -9999 -9999 -9999 -9999 -9999 -9999 -9999 -9999
-9999 -9999 -9999 -9999 -9999 -9999 -9999 -9999 -9999 -9999 -9999 -9999 22.142639901942356 18.836204919971774 16.3705257453238 16.36943598523042 14.704760668453586 14.025008618061545 13.86367505077734 14.115013064885588 14.40276185644026 15.126380060649373 15.351915597381295 15.307955350420256 14.932075157063467 15.313082372466548 15.064547854518366 13.75413188074224 12.455199071964314 10.69447248625162 10.071781586094906 10.004322691119855 10.538252029763221 11.182365265152814 11.765193425126295 12.33202470628683 12.235883003358948 12.395553274285545 13.954388400052677 14.622204513257653 -9999 -9999 -9999 -9999 -9999 -9999 -9999 -9999 -9999 -9999 -9999 -9999
-9999 -9999 -9999 -9999 -9999 -9999 -9999 -9999 -9999 -9999 -9999 24.705471074309315 26.181943118861298 25.41270420717377 20.491964827618094 15.38042839875042 12.185706570542537 11.020455440048288 11.33247920040517 11.260818553402084 11.693135786624255 13.028611157702024 13.586546679637456 13.380442164163375 12.924973135331431 12.210303503770291 11.786524074830416 11.676718214635954 11.2920702729875 10.545787586418077 9.924068821713847 9.509519375550136 9.851279055911439 10.126706942552858 10.126010809897975 10.89989904353199 11.985959138528173 12.282870025154864 13.102606687695651 -9999 -9999 -9999 -9999 -9999 -9999 -9999 -9999 -9999 -9999 -9999 -9999 -9999
-9999 -9999 -9999 -9999 -9999 19.58050438670716 19.804852129739448 20.776773883518647 22.749391491015786 23.774622405413844 20.63376027639561 15.74000104696102 15.741352480196078 13.513120262491315 13.161630288244783 12.313129559073793 10.151379859910428 8.645901428073111 8.321733359392255 8.506317105771666 8.660637436207521 9.268315971169523 10.512717244952276 11.951204671296356 12.70962138072116 12.82768794454922 12.52601496506291 11.822539384270248 11.11079059503025 10.583617674932096 10.181159418077355 9.978846132762806 10.210530605152325 10.269179049065052 10.969117591530036 10.864960833814092 10.95189046554107 12.60994164492136 -9999 -9999 -9999 -9999 -9999 -9999 -9999 -9999 -9999 -9999 -9999 -9999 -9999 -9999
-9999 -9999 -9999 -9999 18.80172014570875 18.765943936568565 18.428193948325017 16.312217791039075 13.743465544352171 12.688128873582015 11.759674806769633 10.146475445216046 8.936819213087304 8.272592143120415 7.9760178756661215 7.735498410202077 7.549253922066788 7.512079806885514 7.502611227548723 7.557701240865223 7.795839472416357 8.135357998523451 8.768149983382079 9.716498989629264 10.810403460434479 11.069117511491962 10.967025219133882 10.966186307701435 10.59615408929195 10.696386414789457 10.590929687125694 10.760110739292994 10.476235576563631 11.162217104895422 12.972263620904679 -9999 -9999 -9999 -9999 -9999 -9999 -9999 -9999 -9999 -9999 -9999 -9999 -9999 -9999 -9999 -9999 -9999
-9999 -9999 -9999 18.042779141982532 15.228682505289981 11.873627504826507 10.434783156390418 9.303678457653472 9.230462764587797 9.028614487800043 10.603325526560688 11.284686958693971 11.035450109805195 9.581458701850279 8.793875712193238 8.086938470314188 7.464900041959997 7.572774899078129 8.32119466144023 8.903345443447938 8.675081142228242 8.055285984066701 7.478141805043213 7.533499992676266 7.9674533206959675 8.408983636916664 8.461272849991538 8.285595543415596 8.32599768840966 9.389942070925876 11.853827689978766 -9999 -9999 -9999 -9999 -9999 -9999 -9999 -9999 -9999 -9999 -9999 -9999 -9999 -9999 -9999 -9999 -9999 -9999 -9999 -9999 -9999
-9999 -9999 -9999 19.360432822071477 18.512198902482897 14.868925598486333 10.421329902512056 8.470168896290959 8.775130860179612 8.915933541206423 9.259709106494801 10.922959244875338 11.682248197130198 10.840198424067054 8.836535592103347 7.898972646682544 7.491039659186526 7.616115054208207 7.817538276779363 7.708243939056711 7.7635298770086685 7.599556960180363 7.438900536595446 7.20029082678349 6.567997121780065 6.316326996287594 6.8889142006541935 8.039673440478495 9.637195395318582 -9999 -9999 -9999 -9999 -9999 -9999 -9999 -9999 -9999 -9999 -9999 -9999 -9999 -9999 -9999 -9999 -9999 -9999 -9999 -9999 -9999 -9999 -9999
-9999 -9999 -9999 17.754878365576808 17.394347733145242 16.755004245962223 13.348299879656574 9.646999176584556 9.63269443382843 11.18344676909894 10.534771007498762 10.57365896271752 9.736067815623247 8.189481584604879 7.57187096126197 7.324235454203722 7.499182721606719 7.50773476080683 7.576510586406429 7.5038774513742545 7.34274097151917 7.304842892687898 7.373546583884652 7.691349585205008 7.576081164477537 7.2842424522658 8.156566028312596 12.279090262949829 -9999 -9999 -9999 -9999 -9999 -9999 -9999 -9999 -9999 -9999 -9999 -9999 -9999 -9999 -9999 -9999 -9999 -9999 -9999 -9999 -9999 -9999 -9999 -9999
-9999 -9999 -9999 16.071015684946612 15.334203881881134 13.558691545204544 12.828575384593098 13.474798261142356 13.599423900800383 12.950683746523808 11.484950331523795 9.798286201057527 9.31356174099011 8.728910297842814 8.094341850864279 8.138157273407835 8.069440723094875 7.629389349891915 7.398051570927211 7.307313134098053 7.347973003465296 7.251529829131327 7.20414396438909 7.333851992208571 7.8716536827794705 8.625182181996394 10.671403872776423 -9999 -9999 -9999 -9999 -9999 -9999 -9999 -9999 -9999 -9999 -9999 -9999 -9999 -9999 -9999 -9999 -9999 -9999 -9999 -9999 -9999 -9999 -9999 -9999 -9999
-9999 -9999 -9999 -9999 16.112431674593534 15.412297563215086 14.723229955889812 13.707587991324734 12.161348118523753 11.421953185485348 10.83608369215757 10.5774510744719 9.361063677896704 8.493434339565072 7.942939933908565 8.02385318039651 8.096650403731758 8.446717250815027 8.594897112535127 8.46820929427636 8.036541563662176 7.92601604470744 7.550156569939943 8.11309995992267 -9999 -9999 -9999 -9999 -9999 -9999 -9999 -9999 -9999 -9999 -9999 -9999 -9999 -9999 -9999 -9999 -9999 -9999 -9999 -9999 -9999 -9999 -9999 -9999 -9999 -9999 -9999 -9999
-9999 -9999 -9999 -9999 17.279769390075753 18.8352818630932 19.963678008511547 18.83760565234802 15.278515178734985 11.12337128130144 8.840810696887974 8.774895469840942 8.76509417720852 8.536755605624245 8.669556251746503 8.842323347954249 8.964039166530457 8.656424700317027 8.5964039814906 8.737592716955136 8.754548580594738 8.548011334867358 8.197283478396441 9.45875327975328 14.039773739309853 -9999 -9999 -9999 -9999 -9999 -9999 -9999 -9999 -9999 -9999 -9999 -9999 -9999 -9999 -9999 -9999 -9999 -9999 -9999 -9999 -9999 -9999 -9999 -9999 -9999 -9999 -9999
-9999 -9999 -9999 -9999 18.01701715356456 17.663477470408516 17.975376144724926 19.22899518241343 19.66453245087639 17.65952816190537 14.352761815337892 10.904201659934023 8.638154848723989 8.57134884428188 9.285537970939886 8.95756487553624 8.461198377205546 8.153914593125364 8.21997780298306 8.002306727040352 7.7640014304813505 7.577455673413493 7.859296054059657 9.791076443274436 -9999 -9999 -9999 -9999 -9999 -9999 -9999 -9999 -9999 -9999 -9999 -9999 -9999 -9999 -9999 -9999 -9999 -9999 -9999 -9999 -9999 -9999 -9999 -9999 -9999 -9999 -9999 -9999
-9999 -9999 -9999 -9999 26.53334695224041 23.927976644434516 19.86161613901237 17.946468224880398 18.371330052699896 18.622776161286254 18.183961511947167 16.338923872312858 13.994512700973331 11.833658321132019 9.861022404481783 9.212500582310726 8.963975304055772 8.463190993785531 7.926155302470597 7.749505318218355 7.802533001002178 7.289213221973853 10.463118935374208 -9999 -9999 -9999 -9999 -9999 -9999 -9999 -9999 -9999 -9999 -9999 -9999 -9999 -9999 -9999 -9999 -9999 -9999 -9999 -9999 -9999 -9999 -9999 -9999 -9999 -9999 -9999 -9999 -9999
