metrics/grid_rasters/ASCAT 12.5 TS/grideval_ASCAT 12.5 TS_Y_2016_absolute_ubrmsd.asc
ncols 52
nrows 55
xllcorner     11.25
yllcorner     55.25
cellsize      0.25
NODATA_value  -9999
[rows 0 to 29 of 55, columns 0 to 51 of 52]
-9999 -9999 -9999 -9999 -9999 -9999 -9999 -9999 -9999 -9999 -9999 -9999 -9999 -9999 -9999 -9999 -9999 -9999 -9999 -9999 -9999 -9999 -9999 -9999 -9999 -9999 -9999 -9999 -9999 -9999 -9999 -9999 -9999 -9999 -9999 -9999 17.902103952210986 17.926521018433377 17.995422357011407 -9999 -9999 -9999 -9999 -9999 -9999 -9999 -9999 -9999 -9999 -9999 -9999 -9999
-9999 -9999 -9999 -9999 -9999 -9999 -9999 -9999 -9999 -9999 -9999 -9999 -9999 -9999 -9999 -9999 -9999 -9999 -9999 -9999 -9999 -9999 -9999 -9999 -9999 -9999 -9999 -9999 -9999 -9999 -9999 -9999 -9999 -9999 -9999 -9999 19.99241596574847 18.46540552275981 18.38094618101737 18.780153558005537 19.9783208649207 19.97821292308952 -9999 -9999 -9999 -9999 -9999 -9999 -9999 -9999 -9999 -9999
-9999 -9999 -9999 -9999 -9999 -9999 -9999 -9999 -9999 -9999 -9999 -9999 -9999 -9999 -9999 -9999 -9999 -9999 -9999 -9999 -9999 -9999 -9999 -9999 -9999 -9999 -9999 18.207324432363066 18.212057135619677 19.462843102906465 21.046199788301816 22.29647744568374 23.627184997398853 23.739010468417376 -9999 23.63504303661812 22.458692626778628 19.992700347037168 18.985034663191108 19.485636107017182 19.48690557533492 20.22729565891976 21.425506739923478 23.15128479121509 24.14558015212101 24.147686163223554 -9999 -9999 -9999 -9999 -9999 -9999
-9999 -9999 -9999 -9999 -9999 -9999 -9999 -9999 -9999 -9999 -9999 -9999 -9999 -9999 -9999 -9999 -9999 -9999 -9999 -9999 -9999 -9999 -9999 -9999 -9999 -9999 -9999 17.443972078066356 18.442126297955983 19.52197273487453 19.692367717458172 21.33762635681155 21.34218573475168 23.599783449782446 24.455921120735283 24.390649120430602 23.81904259949637 22.44286883744206 22.44373152235497 21.173109655022493 21.325537827134475 22.107187322246922 22.441795736406632 23.51306004301375 23.513768460694738 24.43163983887173 24.82137088183124 24.59736090987437 -9999 -9999 -9999 -9999
-9999 -9999 -9999 -9999 -9999 -9999 -9999 -9999 -9999 -9999 -9999 -9999 -9999 -9999 -9999 -9999 -9999 -9999 -9999 -9999 -9999 -9999 16.264059692534047 15.26636393863015 16.001015578385516 16.120023468685698 16.97804971439207 18.20023515692391 18.84340424033991 18.359463457665733 18.972455953290748 18.951123368639205 21.529094074928537 23.94276341080851 25.094276814562807 25.62035515052548 25.15074361661304 24.640138397169622 24.655701461074127 25.10039675435257 25.82836380577211 26.13830692511601 26.01641288360167 25.328856365380894 24.482504375290535 24.08185955945773 23.259699246353048 22.297003309538614 21.497153726407596 -9999 -9999 -9999
-9999 -9999 -9999 -9999 -9999 -9999 -9999 -9999 -9999 -9999 -9999 -9999 -9999 -9999 -9999 -9999 -9999 -9999 -9999 -9999 -9999 13.976073596753828 13.975891274147534 14.031746695828895 14.701663260086036 16.203112393084332 17.19513862813116 18.04171575761324 19.74776697034599 19.74844180640879 20.42463364416269 21.359912669855362 22.076054298722077 22.54064769122321 23.65843416033155 25.150515557651826 25.150855197343283 25.95681618816103 25.466928473444558 25.026491994916157 24.643594954287465 24.763704386259214 24.763749113376974 24.08365626991205 23.53906945638174 22.968515272077013 22.25611418803081 21.604545070260762 20.871240550780424 -9999 -9999 -9999
-9999 -9999 -9999 -9999 -9999 -9999 -9999 -9999 -9999 -9999 -9999 -9999 -9999 -9999 -9999 -9999 -9999 -9999 -9999 -9999 14.17055393252449 13.402197908133822 13.664163160837074 14.60939503451151 16.538938989644247 17.47538378066085 17.477913506309367 17.492597423752347 19.54309053718596 21.12324893053782 23.026450020675608 23.779166936811663 23.76616634809139 23.769987471770115 24.16229356320136 24.387779141049773 23.993532050637942 23.97212731396062 23.57844516850883 23.149095018636896 23.14814285896899 22.9564243764255 22.689993783262874 22.251738681947327 22.06478224777017 22.08124044801221 22.158520049812815 22.160127120556954 21.8073278109193 20.99801298906794 -9999 -9999
-9999 -9999 -9999 -9999 -9999 -9999 -9999 -9999 -9999 -9999 -9999 -9999 -9999 -9999 -9999 -9999 -9999 -9999 -9999 -9999 -9999 16.09774859653769 16.59110686452166 16.591689815755444 17.59535024574387 17.439987267879765 17.626126862235534 17.91091440812282 19.39978319870817 21.327002705363807 21.326171889244577 22.90700276784553 24.151341509915557 25.41681255591348 25.653776067829856 25.08647921176389 23.844204907571612 23.164228570875945 23.16559234484103 22.478474819617414 22.16494177030485 21.55340917187581 21.094963594094125 20.533465855157594 21.02025878470159 21.021099060308593 21.05513826224217 20.963107579745945 20.405087846604232 -9999 -9999 -9999
-9999 -9999 -9999 -9999 -9999 -9999 -9999 -9999 -9999 -9999 -9999 -9999 -9999 -9999 -9999 -9999 -9999 -9999 -9999 16.470850115340017 16.30879800570163 15.878299537266304 16.313313543102296 17.10000268888457 17.709872353608407 19.93646833190213 22.261238989931254 22.260291120229017 23.12480356332117 23.17603723326632 23.19077258422425 22.73451637058639 22.890744065863398 23.14588509463563 22.64943083814646 22.648844786064487 22.830732235264424 22.94534424754065 22.595816354424702 22.044548418654433 20.88639320187569 19.497383007989303 19.08970264811905 19.08864505277302 18.82594626951229 18.86213569281857 19.09531621360585 18.94850580500755 18.671012479391948 18.488935226850693 18.40760753462112 -9999
-9999 -9999 -9999 -9999 -9999 -9999 -9999 -9999 -9999 -9999 -9999 -9999 -9999 -9999 -9999 -9999 -9999 -9999 16.755986382457703 17.519325405369553 17.778288770224847 17.901872604276598 18.312545648676867 18.974884069004066 20.108800841250915 20.97070072602229 20.975938543433816 21.704793747632504 22.799315054925376 24.16539833745736 23.76031045519416 21.71996478077069 20.10942642002991 19.82474275932717 19.424434688511912 19.424667397643546 19.461174789692627 19.714275417415465 20.056225396022466 20.14955432793298 19.98197982858534 18.852822248000464 18.34276848760583 18.106862284375012 18.107289378829158 18.345900085591527 18.54729408248735 18.27043751638752 17.975928152178113 17.72886208088852 18.311494319825574 -9999
-9999 -9999 -9999 -9999 -9999 -9999 -9999 -9999 -9999 -9999 -9999 -9999 -9999 -9999 -9999 -9999 -9999 16.729590175113785 17.507215716829933 18.960801828878708 21.924631510703488 22.33093612787733 22.332394783455502 21.126857955441114 20.334052001714817 20.183400811602088 19.932640756849967 19.588973279166844 20.053470017450152 20.411944204523795 20.535591354965387 20.53577864064053 19.96404013695723 18.659033522905702 18.29559772332653 18.34779801713679 18.764290274708237 19.3588813060552 19.541617551796413 19.567314302788414 19.30125221302028 19.30092882123789 18.868454404177147 18.639400281590248 18.539673577321803 18.862265808326008 18.85256058832364 18.900695879552842 18.963108343223976 18.764889491339158 -9999 -9999
-9999 -9999 -9999 -9999 -9999 -9999 -9999 -9999 -9999 -9999 -9999 -9999 -9999 17.268549243297606 16.87815613881763 16.919271039259154 17.108481582328846 17.10812477273535 17.231896794213498 17.883008506840344 19.58474761620062 21.851672251973486 21.859570863143425 20.23844731876784 19.031523058119227 18.525899420400066 18.1760295550792 18.175074396098548 17.782996166261828 17.487984798148595 17.955378834095637 18.2241963801742 18.296302626123463 17.929459802586287 18.220138071919056 18.444893106478673 18.652222015174093 18.99098373868561 18.99127826371909 19.091732301729287 18.848114669191663 18.634454217529463 18.841677605708803 19.027002656798032 19.15178290879978 19.07358898913563 18.906429751682893 18.54902723007278 18.54894336882514 18.621141155747498 18.80002143698275 -9999
-9999 -9999 -9999 -9999 -9999 -9999 -9999 -9999 -9999 -9999 -9999 -9999 -9999 17.011111901486853 16.811697150027598 16.851927170770725 17.717980134234082 18.125954182902735 18.94086913988396 19.66009154858348 20.37370611388119 20.50328092798748 19.6540435779545 19.654464074124405 18.685068107581362 18.09410855613447 18.30308062012174 18.43722598708725 18.010013640687255 18.05569528435886 18.034550792945637 18.170985496912518 18.710782684607988 19.009797366662177 19.011314475103358 18.69069821804622 18.425886122004627 18.143807236542735 18.04613254222986 17.641783690720576 17.347849346055135 17.358792594507165 17.424208703769352 17.371949543879158 17.22734229192872 17.227142280262886 16.873017131058127 17.044162491348278 17.335961291220492 17.33184846294898 18.238826480802647 18.921517369512078
-9999 -9999 -9999 -9999 -9999 -9999 -9999 -9999 -9999 -9999 -9999 -9999 -9999 17.30837070282233 17.20484011549291 18.88072320044609 20.006497765793714 20.198064572652868 19.566202112640703 19.37346170539469 19.21838223309402 18.650875081563925 17.657104798737873 17.21260112840368 17.187555137202438 17.626971426364825 18.145788893156308 18.114932853928536 18.1494170221268 17.720079770697012 17.78180310915452 17.981558776536524 18.018204875628825 18.537163749609476 18.697438646308942 18.12877143012205 17.681127290823714 17.459327660400902 16.87965838379374 16.355181472086425 16.497361463062248 16.87256268647034 17.231999728330575 18.416973753683312 -9999 -9999 -9999 -9999 -9999 -9999 -9999 -9999
-9999 -9999 -9999 -9999 -9999 -9999 -9999 -9999 -9999 -9999 -9999 -9999 -9999 17.80986322618702 18.511144509498568 19.60954938583539 20.145945600078875 20.25853591283985 19.603691864638318 18.55115184566075 18.108691233041792 18.15886092695756 17.990610321437323 17.73724841665322 17.51970904899858 18.127331698417283 18.133940747624408 17.725113174307527 17.724678417129102 17.910741569509252 18.014781774650395 17.92363263792916 18.131385706139888 18.433128669896377 18.770913261349648 18.81094845163168 18.29666153410768 18.04319673607863 17.559107336926974 17.449402649498268 17.99522176977857 -9999 -9999 -9999 -9999 -9999 -9999 -9999 -9999 -9999 -9999 -9999
-9999 -9999 -9999 -9999 -9999 -9999 -9999 -9999 -9999 -9999 -9999 -9999 16.008283263193015 16.842810334389025 18.553211959852625 19.683257112647983 19.795569598625864 19.553759249042177 18.845054919093037 18.337747100930734 18.31581072395552 18.315667665857326 18.46956988920929 18.187389649530992 18.107672870996424 18.20452727405001 18.145573439136065 18.167088777574815 18.130750160654816 17.936873647143756 17.743629524244522 17.845427741715657 17.77625301020556 18.035964123868467 18.12841322883256 17.950003803485092 17.62544583955542 17.625419061529353 17.69508729092719 18.00914905369255 18.82252942552968 -9999 -9999 -9999 -9999 -9999 -9999 -9999 -9999 -9999 -9999 -9999
-9999 -9999 -9999 -9999 -9999 -9999 -9999 -9999 -9999 -9999 -9999 15.444237967987045 15.444644658240378 15.49551955333616 16.608674247278724 17.792191939410557 18.686703759708454 18.569021970090187 18.347555791874445 18.503461177872712 18.655489567681727 18.98203178988605 19.339144377035552 19.254376110081697 18.456105389098862 17.527495765784682 17.803572124282283 17.4971835636271 17.337143781629788 17.395135958516118 17.447640710725146 17.447421120539943 17.65380262948629 17.737683660043803 17.649801070169993 17.50192169953811 16.84617678700138 16.851133157640277 17.06881822033105 17.558248600640727 -9999 -9999 -9999 -9999 -9999 -9999 -9999 -9999 -9999 -9999 -9999 -9999
-9999 -9999 -9999 -9999 -9999 -9999 -9999 -9999 -9999 -9999 17.46077321409807 17.294574106612064 17.048528203488946 17.046146684908273 17.645546884877433 18.08211022049371 18.11709848529377 18.513704060433348 19.02018383848002 19.25748868737086 19.272263308049425 19.159765722334466 19.231833909277032 19.755478653446797 19.80213172259926 19.061356253998746 18.603440909944013 17.79271512000017 17.305672962618882 17.109185577911287 17.013270976015075 17.19270350692058 17.05947245003478 17.46647058590111 17.294123831190518 16.66961598704325 16.103441966144242 15.929967098600375 16.09582821558353 -9999 -9999 -9999 -9999 -9999 -9999 -9999 -9999 -9999 -9999 -9999 -9999 -9999
-9999 -9999 -9999 -9999 -9999 -9999 -9999 -9999 -9999 -9999 -9999 -9999 18.048767029213124 16.952276516963767 17.173133870401283 17.172093040634113 17.66873024030468 18.366824000202488 18.507903740900666 18.92095700700992 19.03624856332133 18.918613796296988 18.88463608947587 18.819135551108104 18.4245069899534 18.582868737347532 18.43858571217621 18.288738507749848 17.59797783513236 16.751172166007912 16.723102104666125 16.58809005730141 16.899189082139458 16.583687361634063 16.14561991085346 16.098672214887017 16.270144883177753 16.677219965749853 16.834145610545708 17.35736879661318 -9999 -9999 -9999 -9999 -9999 -9999 -9999 -9999 -9999 -9999 -9999 -9999
-9999 -9999 -9999 -9999 -9999 -9999 -9999 -9999 -9999 -9999 -9999 18.161953699357053 18.08463247279148 17.558984082637 16.690816790819163 16.792955073900007 16.98989636388482 17.076260482301155 17.83144950281604 18.073788967123715 18.260962163736266 18.519855296154265 18.421991371393162 17.887389468588836 17.727743724093845 17.84607835527561 17.853027462704638 17.567527829203502 17.452023392110412 16.857956888824013 16.695115270739144 16.35048429351518 16.399655697346674 16.18687599800412 16.186496570922994 16.038067428375328 16.901809473310358 18.09694021229659 18.15382356411714 -9999 -9999 -9999 -9999 -9999 -9999 -9999 -9999 -9999 -9999 -9999 -9999 -9999
-9999 -9999 -9999 -9999 -9999 19.91998286478088 18.691631453949057 17.701776274696602 17.313817252877303 17.338256230101837 17.271231208928985 16.98771181542626 16.987483144938768 17.07916817576405 17.17856493629392 17.27591494252927 16.887167257028477 16.385681611433366 16.81048855517131 17.367184950055965 17.685181906814663 17.728527815079524 17.90686882336911 17.64087921942616 17.764929477734253 17.515092934951014 17.03580189511586 16.768578106821302 16.494869078128136 16.770582196582996 16.812884460111857 16.543212869750803 16.89888717138695 17.24416919274794 18.195840733956288 19.084369477467718 19.708680089107677 19.183212847853927 -9999 -9999 -9999 -9999 -9999 -9999 -9999 -9999 -9999 -9999 -9999 -9999 -9999 -9999
-9999 -9999 -9999 -9999 20.533019700206133 19.439496442202056 19.21763436391149 18.110520397932067 17.533721421456285 17.446176345911883 16.769979592650685 16.77636715358289 16.790637991350472 16.71845962541329 16.650667314218786 16.266537061746828 16.142915054857376 16.122159288256245 16.31476105258528 16.391400833139453 16.753185137889318 17.177144372152814 17.061175757824305 17.11322336877212 17.03202526303385 16.697944028082233 16.766722931888932 16.8666529482946 17.15390252300513 17.369823807377177 17.87670268043904 18.5475892422346 19.698718085343717 20.30337609415644 21.50931781669758 -9999 -9999 -9999 -9999 -9999 -9999 -9999 -9999 -9999 -9999 -9999 -9999 -9999 -9999 -9999 -9999 -9999
-9999 -9999 -9999 21.772637133728452 20.78743225104373 18.79163852005773 17.09461142291586 16.14911773278909 15.668088575816482 15.35491014406382 15.583704696936135 15.813626574616912 16.048576018438443 15.901445334850669 16.301097219600774 16.489342826112374 16.130452906224686 16.4395533641768 16.44522799485258 16.660020668169903 16.728361958702436 16.57825038287519 16.468783750640988 16.314531531732367 16.237162760012268 16.381360450579482 16.63140870146659 17.265169186035955 18.352196961136094 19.061224976229187 19.56460829305369 -9999 -9999 -9999 -9999 -9999 -9999 -9999 -9999 -9999 -9999 -9999 -9999 -9999 -9999 -9999 -9999 -9999 -9999 -9999 -9999 -9999
-9999 -9999 -9999 20.50163299433533 22.06760798994044 22.37300841348744 21.40948203847028 19.794574059472822 18.822781412734198 18.15864147283962 18.34336513683756 18.611974532242925 17.952457056708084 17.29533040876034 16.405955997222303 16.155265901884952 15.944272396729335 16.142041617616705 16.245942941711455 16.039230793615175 16.160303362622972 16.621371132313442 16.68584884186341 16.75621757752331 16.588343091787742 16.441667616295152 17.088649681156713 17.36066113680648 18.239690685228034 -9999 -9999 -9999 -9999 -9999 -9999 -9999 -9999 -9999 -9999 -9999 -9999 -9999 -9999 -9999 -9999 -9999 -9999 -9999 -9999 -9999 -9999 -9999
-9999 -9999 -9999 18.213219104886655 18.47035421774877 20.147584531023114 21.016675424216345 19.76806131640225 18.46440340097794 18.10076114890563 17.23878238864463 18.299023369568037 18.405629533780026 17.048375062728446 16.577483460306706 16.057655007017956 16.041809757306222 16.249294634960506 16.240495889401718 16.375440170402452 16.673496690274778 16.825470572917663 16.430625414384114 15.952569187194618 16.133427601351258 17.066956427067108 17.885872696752642 19.33647421133332 -9999 -9999 -9999 -9999 -9999 -9999 -9999 -9999 -9999 -9999 -9999 -9999 -9999 -9999 -9999 -9999 -9999 -9999 -9999 -9999 -9999 -9999 -9999 -9999
-9999 -9999 -9999 18.44045605636544 19.29889477406491 18.45913513725565 18.056012625770915 17.532788714680937 17.299582596918302 17.256394242733204 17.561312804904087 17.598935334611486 17.928416935500536 17.386741547432884 16.384939559581348 16.16828855087093 16.221291649751773 16.338942338464626 16.784257347561734 17.018584713327158 17.401818382313742 17.394450861874653 17.129357426662327 16.875566279492922 16.688749095586232 16.828418171650267 17.001248242081598 -9999 -9999 -9999 -9999 -9999 -9999 -9999 -9999 -9999 -9999 -9999 -9999 -9999 -9999 -9999 -9999 -9999 -9999 -9999 -9999 -9999 -9999 -9999 -9999 -9999
-9999 -9999 -9999 -9999 18.97123516136006 18.358968374298048 17.930348096129837 17.315239311588318 16.644553371736126 16.910231383656107 17.248347044730217 17.757916161028476 18.68534815964616 18.657920496343888 18.52455115976754 18.856349250511997 18.472097531109274 18.657299605435863 18.56275074111456 18.377100245505236 18.30223288005474 18.638683152985394 18.779527658838788 18.309971966448927 -9999 -9999 -9999 -9999 -9999 -9999 -9999 -9999 -9999 -9999 -9999 -9999 -9999 -9999 -9999 -9999 -9999 -9999 -9999 -9999 -9999 -9999 -9999 -9999 -9999 -9999 -9999 -9999
-9999 -9999 -9999 -9999 18.516404397970774 18.97762981368172 19.322902044129503 18.88734419062129 18.90123885262489 19.09380595067001 19.35361833370986 19.579969735838908 19.75750128217782 19.686909516362377 20.048797005604968 19.91700690558118 20.03469934906088 20.08287381778647 20.27361753595684 20.04141169983552 19.78948844635153 19.378347836258012 18.781186561776906 19.07486194681911 17.836529662006786 -9999 -9999 -9999 -9999 -9999 -9999 -9999 -9999 -9999 -9999 -9999 -9999 -9999 -9999 -9999 -9999 -9999 -9999 -9999 -9999 -9999 -9999 -9999 -9999 -9999 -9999 -9999
-9999 -9999 -9999 -9999 19.657136589464148 19.405402243760246 19.317819818796693 19.72406364697164 20.874952801512766 21.319870453152753 21.748615486771737 21.22391974788 20.420395175798213 20.091582189332886 20.411142285736442 20.37444566481319 20.694354109406856 21.438849148801147 21.859650510966365 21.788960213231693 21.29578624851141 20.92167057242705 20.23584003063052 20.38489064212705 -9999 -9999 -9999 -9999 -9999 -9999 -9999 -9999 -9999 -9999 -9999 -9999 -9999 -9999 -9999 -9999 -9999 -9999 -9999 -9999 -9999 -9999 -9999 -9999 -9999 -9999 -9999 -9999
-9999 -9999 -9999 -9999 18.694629522816967 19.04830426077955 19.722973925879728 20.66499896887623 21.60692704571271 21.365005797566265 21.090332540408337 20.4883985505402 19.791203013711804 19.728594407616264 19.613201858210267 20.014786035363024 20.86132853938393 21.06119519040286 21.25988888453616 21.23153945127348 21.197290949900136 20.69757537997588 20.78167870673661 -9999 -9999 -9999 -9999 -9999 -9999 -9999 -9999 -9999 -9999 -9999 -9999 -9999 -9999 -9999 -9999 -9999 -9999 -9999 -9999 -9999 -9999 -9999 -9999 -9999 -9999 -9999 -9999 -9999
