metrics/grid_rasters/ASCAT 12.5 TS/grideval_ASCAT 12.5 TS_X_spring_2017_absolute_ubrmsd.asc
ncols 52
nrows 55
xllcorner     11.25
yllcorner     55.25
cellsize      0.25
NODATA_value  -9999
[rows 0 to 29 of 55, columns 0 to 51 of 52]
-9999 -9999 -9999 -9999 -9999 -9999 -9999 -9999 -9999 -9999 -9999 -9999 -9999 -9999 -9999 -9999 -9999 -9999 -9999 -9999 -9999 -9999 -9999 -9999 -9999 -9999 -9999 -9999 -9999 -9999 -9999 -9999 -9999 -9999 -9999 -9999 18.453071149001552 20.897371190503105 18.63891595810682 -9999 -9999 -9999 -9999 -9999 -9999 -9999 -9999 -9999 -9999 -9999 -9999 -9999
-9999 -9999 -9999 -9999 -9999 -9999 -9999 -9999 -9999 -9999 -9999 -9999 -9999 -9999 -9999 -9999 -9999 -9999 -9999 -9999 -9999 -9999 -9999 -9999 -9999 -9999 -9999 -9999 -9999 -9999 -9999 -9999 -9999 -9999 -9999 -9999 17.78596200724585 14.57688083137193 12.950636333006587 11.739948668076565 11.196513394527091 11.198211634876637 -9999 -9999 -9999 -9999 -9999 -9999 -9999 -9999 -9999 -9999
-9999 -9999 -9999 -9999 -9999 -9999 -9999 -9999 -9999 -9999 -9999 -9999 -9999 -9999 -9999 -9999 -9999 -9999 -9999 -9999 -9999 -9999 -9999 -9999 -9999 -9999 -9999 26.124126882196823 26.126422647305713 27.57541420145261 27.36022116823955 23.71862868467027 20.101457025290504 18.17328951776516 -9999 15.961083086092662 14.679832396570813 13.409444856209051 11.996150842114684 11.688467142564091 11.690794543715672 11.675213905451582 11.73763488368799 12.318604486769342 12.594292101905387 12.594642934187279 -9999 -9999 -9999 -9999 -9999 -9999
-9999 -9999 -9999 -9999 -9999 -9999 -9999 -9999 -9999 -9999 -9999 -9999 -9999 -9999 -9999 -9999 -9999 -9999 -9999 -9999 -9999 -9999 -9999 -9999 -9999 -9999 -9999 19.388282811873502 20.19071263186636 21.107658098196822 19.42068669554081 17.160064917650974 17.168127185158678 14.541853443140564 13.536987463233821 12.05552197391674 11.27938285008782 10.963723978001696 10.96485765395641 11.081586443487899 11.555970634095301 12.114831400575108 12.517805566422822 12.619980225604467 12.620166108748199 11.979925024464462 12.49987553820349 13.513374691623163 -9999 -9999 -9999 -9999
-9999 -9999 -9999 -9999 -9999 -9999 -9999 -9999 -9999 -9999 -9999 -9999 -9999 -9999 -9999 -9999 -9999 -9999 -9999 -9999 -9999 -9999 30.7248103755935 31.815695987857733 29.867293544568483 26.23772321993 21.450695981815453 19.616669816069912 20.65791783742725 18.124014015387825 17.97933822395302 15.02930238950925 12.813981654100866 11.749250665582403 11.753385024318755 12.114013784500024 12.299134156552045 12.306848379845073 12.563691206196165 13.042790141078445 13.692254561080127 14.918755124805724 15.078998493243285 13.926138974921033 13.329959072756145 12.980754740864233 13.204907745472473 14.58894605308333 15.07293415833712 -9999 -9999 -9999
-9999 -9999 -9999 -9999 -9999 -9999 -9999 -9999 -9999 -9999 -9999 -9999 -9999 -9999 -9999 -9999 -9999 -9999 -9999 -9999 -9999 30.249519495865588 30.250926064488038 31.312584105041147 30.07329048033216 28.301588580781704 24.96297325179623 21.663986768855356 18.79345780853898 18.796486346398858 15.115064281772128 12.339323550729613 10.926034225621727 10.948277378191992 11.349124408122151 11.6102830441565 11.60981808783903 11.492491747979345 11.687822561964682 12.469861717908454 13.569155123797474 14.880810422565027 14.880827026265898 16.02053528255573 17.027647179512567 16.805276973747226 16.22162285574652 16.211523945346432 16.512056289604992 -9999 -9999 -9999
-9999 -9999 -9999 -9999 -9999 -9999 -9999 -9999 -9999 -9999 -9999 -9999 -9999 -9999 -9999 -9999 -9999 -9999 -9999 -9999 29.748768960874262 30.264452289764897 29.58994201907241 27.671406987658525 24.33862217942728 22.715167384016265 22.717559115880647 19.141929903944444 16.642531892843934 13.437118582069989 11.530864685196342 10.873924741212509 10.993077202764029 10.994617341391992 11.774171268305274 11.692167731530368 11.331223078956473 11.19421283576315 11.217063269084699 12.153993099299505 12.153612551861356 13.126049172165287 13.753100490866494 15.510138016268597 17.82738629745116 18.726046487755827 19.35280952188961 19.35378163906175 19.980390256157886 20.120076779491306 -9999 -9999
-9999 -9999 -9999 -9999 -9999 -9999 -9999 -9999 -9999 -9999 -9999 -9999 -9999 -9999 -9999 -9999 -9999 -9999 -9999 -9999 -9999 25.222542169415192 21.749162470826608 21.748257651475388 20.396936059050073 19.557132025327626 18.31445865768441 17.170283726395585 16.026557345262244 14.3405364337273 14.340723879161473 13.163338020824806 12.625497703441994 13.788059936713124 14.85386994498575 14.578272833062579 13.262961090762108 12.761871777151407 12.761921575594105 12.806984631351874 13.918443990709966 14.970592127108915 15.646690757008324 16.352428732716664 18.475678878829527 18.476694757918672 19.830185002802885 19.703018000753488 19.09846116171308 -9999 -9999 -9999
-9999 -9999 -9999 -9999 -9999 -9999 -9999 -9999 -9999 -9999 -9999 -9999 -9999 -9999 -9999 -9999 -9999 -9999 -9999 30.488379108744866 29.386272059801826 25.930245947734562 22.273276491132737 18.854637516747825 16.580370955729578 16.22611723493609 15.004813543706364 15.004121601018849 13.652383685812648 13.574139330782495 13.552815754998779 13.368890338267304 13.995138936430562 15.003453082394724 15.723002351795618 15.722946555556016 15.990166251558179 15.755890160822478 15.359049987899676 15.33365528039969 15.924314514594196 16.691679209142002 17.47065449464979 17.469409090165385 17.75064533138621 18.778801035222443 19.40907061471564 18.77762487656365 18.17074177721999 18.267695276574567 18.47150344353233 -9999
-9999 -9999 -9999 -9999 -9999 -9999 -9999 -9999 -9999 -9999 -9999 -9999 -9999 -9999 -9999 -9999 -9999 -9999 23.07108824486237 22.43859204755629 21.05094540386772 20.04870118095437 19.070024451946445 17.849120533574123 17.378254254310004 16.425770624739975 16.428484674090495 15.056493671373818 13.974950867147525 13.318019690579224 13.01795743483711 12.781705394826892 12.745459655463016 13.616437355051785 15.324421258701918 15.324279858584031 16.645371232046053 18.073391478733207 18.293568183598023 17.90556144983553 17.091062949272185 16.573231952489735 18.049067542994024 19.343078781442326 19.342500590291568 19.844105533381494 19.909962303074693 19.26870404264756 18.572733059721905 18.030542814181317 18.282978595458502 -9999
-9999 -9999 -9999 -9999 -9999 -9999 -9999 -9999 -9999 -9999 -9999 -9999 -9999 -9999 -9999 -9999 -9999 23.652872859299322 21.04751975614473 19.230683993222648 18.905273200027413 18.36213928499729 18.36490002888857 18.4347997110722 18.44791383340852 18.1325093008588 17.348630296507427 16.11718819157198 15.958135012680287 15.950413100898981 15.818153131963546 15.818192738450739 14.752114719950473 13.388586606875329 13.544919676206074 15.044368502885167 17.567814467450177 19.244095254550718 19.64606962095125 19.686472410732122 19.87144348702876 19.872368529346627 20.415392714349398 20.982693683627367 20.74047934219404 20.74781886643672 19.905543154852733 19.557282980949353 19.71002994930463 19.359046341990414 -9999 -9999
-9999 -9999 -9999 -9999 -9999 -9999 -9999 -9999 -9999 -9999 -9999 -9999 -9999 30.874145118431198 29.372491631953107 28.12776301314125 25.660614278414698 25.658326647031913 23.096120534185662 19.401413086236726 17.133193131059954 15.929461011525447 15.066172838516845 15.541214982418582 16.390026073637618 17.288556309683575 17.21029663988395 17.2144657402935 16.541296238351286 16.19649193084312 16.481369946369355 16.335935626202644 15.512129751803696 14.264991155228206 14.402983892084247 15.316706295952507 16.1579375097508 16.882736473471383 16.883460976741432 17.513678687457734 19.05054876270692 20.22050643186041 21.81760729804323 22.647620465793718 22.720128934442503 22.12639713385132 20.71644670720052 19.86993884585149 19.86967921031153 19.597505946031173 19.497046201814054 -9999
-9999 -9999 -9999 -9999 -9999 -9999 -9999 -9999 -9999 -9999 -9999 -9999 -9999 30.79298252808997 30.080684989540714 28.27290458217373 26.818470022400675 23.70979531075687 21.358556440278296 19.53312152487076 17.86865479766722 16.063717703045334 14.628705578973264 14.629243402645875 14.042256188471539 15.160416733841386 17.086254312960627 17.802955525017666 16.970862816634448 16.353994104877142 15.380737109220185 14.504546553418233 14.348457922527132 14.588399949109506 14.591499012783814 15.07356610336475 15.528797525928292 15.430868657145979 16.155473533715885 16.849514187731153 17.149745911447926 17.61317897428086 18.661585593692934 20.03612666973435 20.870304672941614 20.869438894202823 20.797310740758427 20.382465256875967 19.866569368009948 19.519337417483133 20.155793385366536 19.5184788199676
-9999 -9999 -9999 -9999 -9999 -9999 -9999 -9999 -9999 -9999 -9999 -9999 -9999 26.88745457564953 25.739823204642626 25.958846456499465 23.386788489152888 20.693184800479447 19.096249586388108 20.80476916400341 18.980800668783527 16.814564679190116 15.253777959420189 14.72131146461544 16.494203559675835 18.02899540509675 18.886665056340586 18.77840374759821 18.57062338319491 17.55799897757513 16.486470017312197 16.42777936464459 15.447985214796214 15.933632337467733 16.16812038079083 15.202267107700505 14.993160154282513 15.664583686215813 15.36672209336685 15.042300629676294 15.65195913945946 16.109300395901727 16.61115456154756 18.043545415474462 -9999 -9999 -9999 -9999 -9999 -9999 -9999 -9999
-9999 -9999 -9999 -9999 -9999 -9999 -9999 -9999 -9999 -9999 -9999 -9999 -9999 24.189307769535308 24.253890060681513 23.651546813598102 21.055677421637885 17.420911066786427 14.621843999099715 14.130460102680882 14.229515350240181 14.441756984219596 15.405283589184963 16.285880166627216 17.075568516424354 18.766401182424687 19.02236610187096 18.370958784706573 18.369995053004136 18.364395802941075 17.957627029362673 17.89885429234368 18.242658932231684 19.183114981979283 19.66922868153243 19.77231266962081 18.679375062221784 17.452394815371527 15.644075088712535 14.429853224902905 14.711549857767887 -9999 -9999 -9999 -9999 -9999 -9999 -9999 -9999 -9999 -9999 -9999
-9999 -9999 -9999 -9999 -9999 -9999 -9999 -9999 -9999 -9999 -9999 -9999 23.770263863699352 22.452605434437736 21.362608367171134 19.193498023309747 16.43797644646104 15.097592214040358 14.493909118294413 14.057153017726511 13.965213771823072 13.967350364828944 14.382771553905473 14.186842742600092 14.253257562769255 15.214816165837073 16.618349410183686 17.542147536095865 17.897027932105093 18.280919260710853 18.440365629874503 18.22555935904269 18.336724762905735 18.51728019299492 18.52231978325882 17.930249053068422 16.433389251281348 16.435246291958617 15.57296481053164 15.378066611003232 16.313400249649725 -9999 -9999 -9999 -9999 -9999 -9999 -9999 -9999 -9999 -9999 -9999
-9999 -9999 -9999 -9999 -9999 -9999 -9999 -9999 -9999 -9999 -9999 27.27979699490091 27.279971121134764 25.72745432317683 24.407540041390433 22.480049223580533 19.683288272972817 16.651640008836686 15.013934565596585 13.806768813875962 13.619111848260514 13.856207736150123 14.184417511560591 13.610088591775876 12.262497743346673 11.588478279521755 12.236830984082742 13.220457499025445 14.64550877995332 15.242341766188538 15.92056306798927 15.919469500198465 16.4868708545253 16.130099869414387 15.51614385477304 14.784885406853757 13.314750827706465 12.454465120286141 12.695082919929256 14.307563381966885 -9999 -9999 -9999 -9999 -9999 -9999 -9999 -9999 -9999 -9999 -9999 -9999
-9999 -9999 -9999 -9999 -9999 -9999 -9999 -9999 -9999 -9999 27.28473915422305 27.408168669796066 27.22053148178191 26.23655969153649 24.178530741064037 20.690749080911573 17.15774702513159 14.696387989508784 13.566219192466988 12.894612032751866 13.16207803921778 13.640188052016349 14.061808778530235 13.952731299952935 14.30114284621748 13.721549128754114 12.769766347523401 11.982444170521124 11.727616573718135 11.360175824765856 11.264614961007151 11.961861077926436 12.995670682313877 14.064221324806928 14.131675170770947 13.500162201101858 12.515193974977345 12.587188329000284 12.976063867083113 -9999 -9999 -9999 -9999 -9999 -9999 -9999 -9999 -9999 -9999 -9999 -9999 -9999
-9999 -9999 -9999 -9999 -9999 -9999 -9999 -9999 -9999 -9999 -9999 -9999 18.358899520851512 14.931251666318133 13.689600043459865 13.689043437582093 13.324382741274949 13.416635895936539 12.906080009677687 12.41037494016474 11.908490425928585 12.75156291877228 13.653203373845832 14.109726265527387 14.011695285158064 13.792640631547213 13.265002945321676 12.423026449439735 11.556790802749365 10.032495836124165 9.146234226489096 8.721531829946922 9.521699893877992 11.26530629272808 12.904835690095235 14.169360725378391 14.250706508819716 14.437830297405037 15.962516701330214 16.649897075662444 -9999 -9999 -9999 -9999 -9999 -9999 -9999 -9999 -9999 -9999 -9999 -9999
-9999 -9999 -9999 -9999 -9999 -9999 -9999 -9999 -9999 -9999 -9999 23.595542429730465 22.941392777432146 19.561021110707102 15.049466125930152 12.54069323723544 12.065815189029346 11.678582232022102 11.778098709037652 11.510343572610765 11.581630476033745 12.208446461120687 12.549221582210505 12.129923121186692 11.496011285657447 10.76079142702432 10.458722546645381 10.209401840067176 10.118234186474352 9.640174684058618 9.19502167474292 8.967038623295887 9.838883042195757 10.88319354335774 10.88256819139152 12.079208976716616 13.611692238625064 14.526655319484492 15.081332694623413 -9999 -9999 -9999 -9999 -9999 -9999 -9999 -9999 -9999 -9999 -9999 -9999 -9999
-9999 -9999 -9999 -9999 -9999 25.971302436891985 25.654113215594297 24.753332937821174 24.558520861822792 23.469161461201633 19.688973467799016 15.608265474673516 15.60921435375317 13.622432036866874 12.491467896109276 11.729716600153592 10.86560741700675 10.236711674431787 10.246568884722842 10.481574306454867 10.877322623354726 11.77529247079998 12.722574748780739 12.91591046281591 12.37390501104192 11.706630819588304 11.002705414423367 9.84015197648604 9.180977012490887 8.685765327431806 8.841372985953333 9.152532447944594 9.779724976214446 10.090644119329054 10.570293912144107 10.738943101102405 10.921132289976091 12.768216970908902 -9999 -9999 -9999 -9999 -9999 -9999 -9999 -9999 -9999 -9999 -9999 -9999 -9999 -9999
-9999 -9999 -9999 -9999 24.2261561811063 24.501381783954386 24.02710917079959 20.53736898707019 17.77614403291193 16.282778904839105 14.485178177503188 12.148273469814837 10.19651105763904 9.063911115798872 8.507070787512767 8.209420858952104 8.231853473846233 8.500889894844063 8.728307104835476 8.92689711852303 9.341785221615547 9.856976663650716 9.932456280090632 9.868992184216415 10.117975937215093 10.017129434485037 9.214141447953756 8.730909424277947 8.216292220410683 8.120569104443744 8.437840657834098 9.150905815176491 9.596522054021614 10.554697610373156 11.787428568795269 -9999 -9999 -9999 -9999 -9999 -9999 -9999 -9999 -9999 -9999 -9999 -9999 -9999 -9999 -9999 -9999 -9999
-9999 -9999 -9999 26.35895170893788 22.239558369049636 15.789763051244314 11.687337204093206 9.534110181225667 9.349550818581642 9.72572607547032 10.179825735813099 9.548218268393855 8.545108290904745 7.665807484183624 8.394531005788407 9.170253561525254 9.52289103683862 9.634425778066364 9.392549001477011 8.773798449848671 8.067454504335277 7.830313759931116 7.652629603565857 7.729337374008763 7.785706693666397 7.443980228009468 7.043817387431346 7.1583300919988115 7.207517213492383 8.073391708418647 10.037902396269267 -9999 -9999 -9999 -9999 -9999 -9999 -9999 -9999 -9999 -9999 -9999 -9999 -9999 -9999 -9999 -9999 -9999 -9999 -9999 -9999 -9999
-9999 -9999 -9999 28.58362929785516 25.698242359780078 19.018807108975967 12.498437212781775 9.39572654070085 9.225666877311431 9.449966023630742 10.093648984048473 10.688996997739016 10.344626216504711 9.775130871553083 8.383259645128465 8.203948726611834 8.268874810400069 8.167574772042792 8.366702348226548 7.975457477903729 7.7629557582090305 7.591960777248468 7.527520960347074 7.382355832897763 6.9318773709395005 6.865832542579062 7.329288384575894 7.841362767240866 10.025792301160665 -9999 -9999 -9999 -9999 -9999 -9999 -9999 -9999 -9999 -9999 -9999 -9999 -9999 -9999 -9999 -9999 -9999 -9999 -9999 -9999 -9999 -9999 -9999
-9999 -9999 -9999 27.576896893892627 24.979454926433892 22.429169620356287 18.547490776621572 13.791607030738204 12.232235854778846 11.987033456106039 10.657464122245607 10.158783587057114 10.236883870793237 9.36179994963433 9.169716806624573 8.834138564711854 8.922153154850257 8.67054776140089 8.376063458027152 8.233495543255504 7.954080041271843 7.739085573769361 7.487472147495952 7.065024913476758 7.1152750854749724 7.491761756850793 8.744493828978763 14.179853137074053 -9999 -9999 -9999 -9999 -9999 -9999 -9999 -9999 -9999 -9999 -9999 -9999 -9999 -9999 -9999 -9999 -9999 -9999 -9999 -9999 -9999 -9999 -9999 -9999
-9999 -9999 -9999 26.138801219162602 23.899562741312863 19.733681607621254 16.2331613871033 14.435612740209269 13.310082051456295 12.448105988228507 11.340894338206141 10.555850993214086 10.44778766593955 10.25569298534466 9.811538374903222 9.825428601644177 9.818705994845851 9.217732636336562 8.595593336729317 8.138279179943641 8.018743277193007 7.668959847259169 7.390599225786057 7.2864248093138615 7.479140731414881 7.863542721550673 9.984115446956489 -9999 -9999 -9999 -9999 -9999 -9999 -9999 -9999 -9999 -9999 -9999 -9999 -9999 -9999 -9999 -9999 -9999 -9999 -9999 -9999 -9999 -9999 -9999 -9999 -9999
-9999 -9999 -9999 -9999 22.350326393005194 20.538905263003265 18.487954881575906 16.539926845168782 14.787615630844696 14.151061716303534 13.78278791608562 13.125463338172958 11.09250418108851 10.359668966233986 10.03550844231046 10.049285704888772 9.699220518906381 9.481110130323488 9.015348857981808 8.160234120985841 7.421128626944378 7.381537403143594 7.766221169930669 8.771683229221704 -9999 -9999 -9999 -9999 -9999 -9999 -9999 -9999 -9999 -9999 -9999 -9999 -9999 -9999 -9999 -9999 -9999 -9999 -9999 -9999 -9999 -9999 -9999 -9999 -9999 -9999 -9999 -9999
-9999 -9999 -9999 -9999 19.179109427368726 19.401085629899413 19.596918034232388 18.325350360487207 16.151003218034315 13.838298409226908 12.160821208203773 11.0629498536954 10.079895567716099 9.633262036473683 9.447032323411104 9.669005764469716 9.964886120050288 10.10498424081274 9.999462320870911 9.404553536692102 8.406996795202485 7.733859144581121 8.085599983630015 10.335468097294461 15.508276180358994 -9999 -9999 -9999 -9999 -9999 -9999 -9999 -9999 -9999 -9999 -9999 -9999 -9999 -9999 -9999 -9999 -9999 -9999 -9999 -9999 -9999 -9999 -9999 -9999 -9999 -9999 -9999
-9999 -9999 -9999 -9999 18.632889212792808 18.15991629922152 17.835715575485953 17.804426529557 17.902987550462345 16.674037581027537 14.668007896605939 12.315235145655711 10.372275370206335 10.369969193431027 10.880134364591775 10.448376118719182 9.42782792739734 8.690466433355589 8.459934463975436 8.416974826488866 8.557580445304781 9.010363789606991 9.459486717222873 11.449881810556619 -9999 -9999 -9999 -9999 -9999 -9999 -9999 -9999 -9999 -9999 -9999 -9999 -9999 -9999 -9999 -9999 -9999 -9999 -9999 -9999 -9999 -9999 -9999 -9999 -9999 -9999 -9999 -9999
-9999 -9999 -9999 -9999 21.435408956248672 19.485302917947873 18.41275968367577 17.54020922748191 17.521383825779562 16.7339537350295 15.855569876102905 14.031794988080456 12.83446569932195 12.152821577962875 11.484344644721013 10.708350459977556 9.667323476223196 8.633169118311443 8.55444398267074 9.070295819638755 9.729253439297768 9.9345860916414 12.451640211549485 -9999 -9999 -9999 -9999 -9999 -9999 -9999 -9999 -9999 -9999 -9999 -9999 -9999 -9999 -9999 -9999 -9999 -9999 -9999 -9999 -9999 -9999 -9999 -9999 -9999 -9999 -9999 -9999 -9999
