metrics/grid_rasters/ASCAT 12.5 TS/grideval_ASCAT 12.5 TS_X_summer_2017_absolute_bias.asc
ncols 52
nrows 55
xllcorner     11.25
yllcorner     55.25
cellsize      0.25
NODATA_value  -9999
[rows 0 to 28 of 55, columns 0 to 51 of 52]
-9999 -9999 -9999 -9999 -9999 -9999 -9999 -9999 -9999 -9999 -9999 -9999 -9999 -9999 -9999 -9999 -9999 -9999 -9999 -9999 -9999 -9999 -9999 -9999 -9999 -9999 -9999 -9999 -9999 -9999 -9999 -9999 -9999 -9999 -9999 -9999 -78.08067141687975 -76.91777171692395 -80.21144743785739 -9999 -9999 -9999 -9999 -9999 -9999 -9999 -9999 -9999 -9999 -9999 -9999 -9999
-9999 -9999 -9999 -9999 -9999 -9999 -9999 -9999 -9999 -9999 -9999 -9999 -9999 -9999 -9999 -9999 -9999 -9999 -9999 -9999 -9999 -9999 -9999 -9999 -9999 -9999 -9999 -9999 -9999 -9999 -9999 -9999 -9999 -9999 -9999 -9999 -80.7132661323768 -84.82746244613837 -85.75841946914198 -85.0230426614416 -83.8626380836297 -83.8639455755436 -9999 -9999 -9999 -9999 -9999 -9999 -9999 -9999 -9999 -9999
-9999 -9999 -9999 -9999 -9999 -9999 -9999 -9999 -9999 -9999 -9999 -9999 -9999 -9999 -9999 -9999 -9999 -9999 -9999 -9999 -9999 -9999 -9999 -9999 -9999 -9999 -9999 -60.232278263770745 -60.27496709846729 -65.17638027045763 -69.58519206610647 -70.63035742357101 -68.00920592948397 -69.76681622272653 -9999 -75.81297414041691 -82.47602716795876 -87.05477103672712 -87.74041347360779 -87.11582773741523 -87.11684904625811 -86.36085910214292 -86.01015107860519 -86.25229471274986 -87.35976313325934 -87.36222049331526 -9999 -9999 -9999 -9999 -9999 -9999
-9999 -9999 -9999 -9999 -9999 -9999 -9999 -9999 -9999 -9999 -9999 -9999 -9999 -9999 -9999 -9999 -9999 -9999 -9999 -9999 -9999 -9999 -9999 -9999 -9999 -9999 -9999 -59.52445437373479 -64.62607483541855 -69.21154200584371 -69.97169050989696 -68.39186525799539 -68.45114064101107 -68.19595386836527 -71.4530551395862 -76.70757965678834 -80.46066978394695 -82.85956273616074 -82.86040325932879 -84.66525051271638 -85.40834113967679 -85.15330344199613 -85.72040804862756 -85.12952952243377 -85.13146430143547 -85.3323923070726 -85.55236471409802 -85.93365837320692 -9999 -9999 -9999 -9999
-9999 -9999 -9999 -9999 -9999 -9999 -9999 -9999 -9999 -9999 -9999 -9999 -9999 -9999 -9999 -9999 -9999 -9999 -9999 -9999 -9999 -9999 -64.69603329905952 -68.05909354021125 -63.49109939849508 -63.143462925034335 -65.29131212086918 -69.7497051083251 -74.87599128653603 -78.27990134943853 -74.72550678620858 -74.66255467798017 -76.38046748369204 -75.53795319254435 -77.60392476039605 -80.0764048128959 -78.22976901726634 -78.63336790944906 -79.52319999402063 -80.71031474681125 -82.84949381866757 -85.20721566396695 -86.27703358803255 -85.29161372058692 -83.90250826378713 -82.98407993532784 -82.93788719587337 -83.25892098626512 -83.00610933781736 -9999 -9999 -9999
-9999 -9999 -9999 -9999 -9999 -9999 -9999 -9999 -9999 -9999 -9999 -9999 -9999 -9999 -9999 -9999 -9999 -9999 -9999 -9999 -9999 -66.96681981964575 -66.9688101940515 -69.70184246746568 -68.22789125545196 -68.47895728761483 -67.03994355792976 -68.60140186470308 -71.67020039614341 -71.67083922227273 -76.185564954517 -80.72807589489081 -82.95788353013977 -84.29550813980994 -83.92047673321578 -82.94592221062622 -82.9458190595572 -80.94608991695056 -80.32622260541943 -81.61346214569319 -82.57307312625636 -83.65880167300686 -83.65956826158879 -85.31147313969443 -85.50264206010493 -84.9459370507627 -84.41654413202332 -83.5804722449998 -80.67030591981056 -9999 -9999 -9999
-9999 -9999 -9999 -9999 -9999 -9999 -9999 -9999 -9999 -9999 -9999 -9999 -9999 -9999 -9999 -9999 -9999 -9999 -9999 -9999 -61.06085264284792 -66.74167227563622 -68.8519142666941 -69.6509946531978 -69.35168400381059 -67.10459575632646 -67.10477901438962 -66.67829030829311 -68.26437609055489 -70.01956386492661 -74.22759760809032 -79.04518696606469 -82.00349876063845 -82.00857450506804 -83.93142404825186 -82.49032941706575 -79.67713410734426 -77.47871861710313 -78.54235779247513 -79.1448103341685 -79.14319473919778 -80.25453839414173 -81.33722194054299 -82.35238844354765 -83.49443823620086 -84.31370007241348 -83.81420430977373 -83.81900141616875 -82.90172756367447 -81.09951794810048 -9999 -9999
-9999 -9999 -9999 -9999 -9999 -9999 -9999 -9999 -9999 -9999 -9999 -9999 -9999 -9999 -9999 -9999 -9999 -9999 -9999 -9999 -9999 -66.68071709764959 -70.87642863777559 -70.88199773538702 -73.49188642666722 -72.40369197597008 -70.82954329960106 -71.70762714854555 -73.34287853059695 -75.0085758988937 -74.95363939576737 -74.49198099008815 -77.13289755262052 -81.54561445052497 -84.17603255635088 -83.68449261220505 -80.46548359493828 -77.83734181407705 -77.83940316252556 -77.70653228359862 -78.15789554733291 -78.57942924092215 -79.08995936797155 -80.08885630320988 -79.62972874229278 -79.63251413081105 -79.26964509199968 -78.96318546295699 -77.76077944300887 -9999 -9999 -9999
-9999 -9999 -9999 -9999 -9999 -9999 -9999 -9999 -9999 -9999 -9999 -9999 -9999 -9999 -9999 -9999 -9999 -9999 -9999 -69.1298417067065 -70.91427476935188 -73.27609151015305 -74.54508625727118 -76.89261355162388 -76.93563035929319 -74.65285557660913 -71.57540694049935 -71.57603325735656 -70.05515068462506 -70.70941168177507 -72.1025746216651 -72.73533603046559 -74.12661594750692 -76.03354081256741 -79.15357362281344 -79.1508536419749 -81.43738807035355 -81.78873019578309 -80.71384944954549 -78.81816028232024 -76.89056847058515 -75.03623393964644 -75.69699728746681 -75.69593676132054 -74.41818101542887 -73.6449919117792 -74.18851134625797 -74.47222466605639 -74.5027584096211 -73.87690141539359 -74.00690077952423 -9999
-9999 -9999 -9999 -9999 -9999 -9999 -9999 -9999 -9999 -9999 -9999 -9999 -9999 -9999 -9999 -9999 -9999 -9999 -74.84240763610156 -76.77769486094037 -78.72047029402691 -79.11998334455852 -79.54848933150566 -78.85048611684753 -78.73531230925036 -78.29370901099328 -78.30254643744713 -77.62253942262221 -77.51283138767553 -77.86454501289208 -77.41931600374103 -76.47721553700931 -75.83517926575784 -75.40447110951744 -75.04048190133895 -75.03978306233866 -75.28575369513882 -77.08999337507049 -78.16969504411294 -78.65268449938092 -76.6922540906494 -73.89538966629978 -72.39453357682879 -70.53489841430152 -70.53868260510029 -70.23032755766116 -70.14364209424774 -70.89395459445733 -71.90425434115954 -71.28174162083461 -70.84092871580744 -9999
-9999 -9999 -9999 -9999 -9999 -9999 -9999 -9999 -9999 -9999 -9999 -9999 -9999 -9999 -9999 -9999 -9999 -77.57977134680826 -78.99445037086136 -80.42280314430192 -79.86042693052767 -79.28227014845447 -79.28626715537919 -76.50428123480819 -74.4838042363587 -72.99363616434113 -72.48198786991675 -71.96507977512533 -73.19425830914963 -75.01002384706295 -75.2498533555071 -75.25073081079113 -73.1729299462892 -71.50464238166688 -71.61074775597986 -71.65601917249651 -72.40184117392295 -71.84679069108083 -72.08342669820905 -72.00207464888523 -71.95070981440635 -71.95020034512032 -72.63702563268674 -72.23079408040151 -70.57546763871507 -68.61282861666861 -67.34396099678641 -68.53462159569186 -68.49853905387239 -69.21363924052234 -9999 -9999
-9999 -9999 -9999 -9999 -9999 -9999 -9999 -9999 -9999 -9999 -9999 -9999 -9999 -72.05681836606249 -73.91652606573903 -78.54637627213882 -82.73399059341361 -82.7369818336537 -83.16121413620421 -82.89627232066276 -81.44115333826122 -80.27627201027809 -76.77993163628147 -72.74186718258764 -71.12205122808103 -72.13921150468416 -71.0014455768911 -70.995511392253 -70.83673473167042 -70.95590363237719 -72.69286678859262 -73.12879410423685 -71.26941695769422 -69.88188918266539 -70.80055896459518 -73.80120438586125 -73.18990637240009 -72.77168602793431 -72.77307286831483 -70.7147310530191 -68.5635970642236 -68.01956012839537 -68.52541445494569 -67.78375002570492 -67.36642239338613 -68.09000227029082 -68.12412794924798 -68.38081253221705 -68.37773199765248 -69.48632616305761 -68.35853429921914 -9999
-9999 -9999 -9999 -9999 -9999 -9999 -9999 -9999 -9999 -9999 -9999 -9999 -9999 -70.61135955754953 -72.28971149109627 -75.99917890997506 -79.70428804962934 -83.19146663818624 -82.66038689820604 -80.50369987126433 -77.35421517868774 -74.34335377182212 -71.58965271712763 -71.59519257839857 -71.67287203415115 -72.62473022839252 -74.12095040972945 -74.20132964087384 -73.5115936859037 -74.17591169646305 -73.38203150928659 -73.70740174310228 -74.09990257692452 -75.60364721882894 -75.60794137359146 -76.1340617660387 -75.52068726885278 -74.02724442810411 -72.33140594941396 -70.07210446257089 -67.83076957711191 -68.08682045429906 -68.24233702877979 -67.31697850433684 -68.32850622128153 -68.32640999788862 -68.74912334578232 -69.0216764563182 -69.11915426619504 -68.12140716881731 -69.13581344288875 -69.84964837208658
-9999 -9999 -9999 -9999 -9999 -9999 -9999 -9999 -9999 -9999 -9999 -9999 -9999 -78.5354886362441 -79.85839115988031 -76.75420508195958 -75.52928216844067 -75.09150809721372 -74.3555641458865 -75.81304828689203 -73.89162571798786 -71.47763203787021 -70.5704740068332 -70.61687706156636 -72.76684718077395 -75.21705532232892 -79.18021846059206 -80.22675106155131 -79.07761229030481 -77.15178654513647 -76.82276354731599 -77.0155483726455 -76.17279954070575 -76.57653951186559 -76.93940764958099 -76.73859644349399 -74.91346337579556 -74.36494723827617 -72.88090720063373 -73.72912068300056 -73.58675919909224 -72.05939999200638 -69.4844095369793 -60.08818290300978 -9999 -9999 -9999 -9999 -9999 -9999 -9999 -9999
-9999 -9999 -9999 -9999 -9999 -9999 -9999 -9999 -9999 -9999 -9999 -9999 -9999 -83.62012909994907 -84.17402601493225 -82.71311777522023 -79.10055215998752 -74.78362170879672 -72.61511406473993 -71.89402060319108 -72.6424254873398 -74.31012175821675 -74.38778723096577 -74.63477251296662 -74.68521326933583 -76.58031873440399 -78.1823644300958 -78.45744899474947 -78.4584774785846 -77.58494693547776 -77.0800685051957 -76.69951938453433 -76.97711435225006 -76.57192653061814 -76.12535779666564 -74.6218451263173 -73.24121164275458 -72.88543922195703 -73.71485309071264 -74.67632057031291 -73.58855887231122 -9999 -9999 -9999 -9999 -9999 -9999 -9999 -9999 -9999 -9999 -9999
-9999 -9999 -9999 -9999 -9999 -9999 -9999 -9999 -9999 -9999 -9999 -9999 -81.7676057110042 -82.84044364988624 -82.5170251207722 -79.34009908873537 -75.25348424651062 -72.90262931028776 -72.23514882561231 -71.85251590797934 -73.73059262638458 -73.7304751399618 -75.4819892526128 -75.22569346328788 -75.60024000227267 -77.03088728411831 -77.94125308427955 -77.29516065830222 -75.73121493549299 -75.30268089472429 -75.27685660348855 -75.40881883135602 -76.08311726418306 -76.60224494691991 -76.45218903052314 -74.37284764734058 -72.9698429973255 -72.97204881829416 -74.49316886239333 -75.44208047101131 -73.34087832901739 -9999 -9999 -9999 -9999 -9999 -9999 -9999 -9999 -9999 -9999 -9999
-9999 -9999 -9999 -9999 -9999 -9999 -9999 -9999 -9999 -9999 -9999 -74.7003500568927 -74.66684812899283 -76.98068012984368 -79.24160339905667 -76.48632837294564 -73.30388687202638 -72.85356445837375 -73.20409142174546 -73.90133142810603 -74.85935445044068 -76.56051141031762 -77.82138339905559 -77.4550346627843 -77.35882419918906 -76.61695223692999 -77.45844601610615 -76.26165237625773 -75.45587228248897 -75.0972606112486 -74.97839632758605 -74.9796384328009 -74.9342184210811 -75.79945227132461 -76.53858748313756 -76.18439803190775 -74.39206296506812 -74.2900247259842 -73.22083126072252 -66.5784508108661 -9999 -9999 -9999 -9999 -9999 -9999 -9999 -9999 -9999 -9999 -9999 -9999
-9999 -9999 -9999 -9999 -9999 -9999 -9999 -9999 -9999 -9999 -76.6819438508559 -75.63239542233771 -75.14099560316866 -74.15968338500744 -72.53843462614066 -70.73969964077195 -72.25506043653272 -74.96701407366848 -75.81073912976686 -77.89805634559949 -78.96198482390398 -80.21644720334172 -80.4424723366464 -79.98671659681447 -79.94719083362443 -78.6755689977859 -78.49799642152819 -77.70945323477302 -77.62853724922061 -77.12729599649573 -76.7665067249566 -76.14787555920216 -74.92242582039364 -76.08433262401759 -76.12531348616284 -75.07643196403141 -73.9273993878531 -71.43140703557069 -68.34688428786029 -9999 -9999 -9999 -9999 -9999 -9999 -9999 -9999 -9999 -9999 -9999 -9999 -9999
-9999 -9999 -9999 -9999 -9999 -9999 -9999 -9999 -9999 -9999 -9999 -9999 -76.1882185733806 -74.08551795544665 -73.95303671397947 -73.954316372417 -75.06472380802715 -76.42378144119036 -76.65016344269945 -77.17196943208911 -78.89339340127776 -79.89564281114463 -81.34960214910332 -80.49937937503248 -79.58320594655714 -79.0728691109823 -77.64011351710201 -77.19437754032317 -75.7573870036035 -75.68559743665057 -75.88926984791264 -74.93749901304982 -72.84110999698144 -70.57587416151648 -69.52527027185005 -70.03563878288928 -71.940135145718 -71.06933857629741 -66.48247188516919 -56.39176096869618 -9999 -9999 -9999 -9999 -9999 -9999 -9999 -9999 -9999 -9999 -9999 -9999
-9999 -9999 -9999 -9999 -9999 -9999 -9999 -9999 -9999 -9999 -9999 -76.1887038288937 -75.87641289407995 -74.86127724081182 -73.21907593728587 -73.46814141819863 -75.8832381326306 -77.16364446904053 -77.36874772792765 -76.78944607235066 -77.97493621509355 -79.3387227586767 -80.44049237136156 -79.1266877099754 -78.60553793545422 -78.728124812664 -77.74053739543182 -76.89682936415961 -76.08880596686258 -74.66415014329371 -73.53474436559985 -71.76033379126869 -69.92130421257458 -68.56476618992407 -68.56115569215177 -69.72739965571878 -73.25785333606088 -72.5031726610549 -65.99083701803735 -9999 -9999 -9999 -9999 -9999 -9999 -9999 -9999 -9999 -9999 -9999 -9999 -9999
-9999 -9999 -9999 -9999 -9999 -84.64601599542995 -83.18712302157745 -80.59891647000269 -78.87748187445877 -75.44723708305467 -72.41873712213325 -72.32435195250473 -72.32328203138687 -73.48077542631366 -73.98337195355863 -74.12650929768293 -75.16172896818509 -76.77120231976897 -77.73361208525145 -76.69651277190307 -75.9912443679911 -76.31361743707853 -77.03537919546197 -78.14745444748874 -78.37227140801204 -76.83247386765346 -75.38052854237833 -75.08105225758806 -74.22140455500698 -73.40300265316861 -72.88812108326546 -71.55147304450394 -70.73215830314894 -69.47432201112089 -69.30231527302486 -69.04815876228314 -67.98280187114426 -60.780982888369856 -9999 -9999 -9999 -9999 -9999 -9999 -9999 -9999 -9999 -9999 -9999 -9999 -9999 -9999
-9999 -9999 -9999 -9999 -85.00009390046266 -83.43437556406688 -80.52003070091357 -77.12634358638869 -74.98254209622888 -74.33923053002421 -73.23152824258725 -72.61447750667264 -72.43463242972228 -73.79067914675842 -75.67157698138838 -76.98279341677296 -77.7575374874537 -78.47663173408785 -77.34158342773236 -77.10072282366754 -76.13904585325425 -75.83287757760023 -75.45514208254325 -76.61716731094694 -75.62950932525688 -74.20030137643029 -73.7619430066617 -74.55196343361794 -72.92014313666547 -71.69628105775281 -71.63940698857945 -70.53625092278357 -70.31534686129044 -67.89598850806058 -63.61290805535901 -9999 -9999 -9999 -9999 -9999 -9999 -9999 -9999 -9999 -9999 -9999 -9999 -9999 -9999 -9999 -9999 -9999
-9999 -9999 -9999 -82.76831207833834 -80.66978788439285 -79.04915938236628 -77.63041549608023 -75.56723762190406 -74.48721131367418 -73.58284475957328 -72.3744204247497 -74.36126770246719 -75.29531779454874 -75.79307355343202 -77.09916497460584 -77.99973120364312 -77.20110293255834 -77.11204810383384 -76.89600215977201 -76.96688298182656 -76.10242296116698 -74.69763034861035 -73.24676665900208 -73.44352894549327 -72.03737931131167 -70.56041873445825 -67.96563985335068 -67.17623122021193 -66.2468570233451 -62.257449657246845 -58.300528796752694 -9999 -9999 -9999 -9999 -9999 -9999 -9999 -9999 -9999 -9999 -9999 -9999 -9999 -9999 -9999 -9999 -9999 -9999 -9999 -9999 -9999
-9999 -9999 -9999 -79.56154486204079 -77.47349116565073 -72.77775278759154 -73.01756622301194 -73.07458773647285 -73.71958548662337 -73.56496122211415 -73.01914848577698 -72.05397812159413 -72.91216475660944 -73.42151729607689 -75.05494568307671 -76.41755696454476 -75.55639957115176 -75.98407031620965 -74.88329091389659 -74.71151822411572 -74.67118616284897 -73.79039804239541 -72.81995726995123 -72.80553671790555 -72.45578360336252 -70.40221365579055 -67.77546631267013 -64.5507800631587 -59.90833132312747 -9999 -9999 -9999 -9999 -9999 -9999 -9999 -9999 -9999 -9999 -9999 -9999 -9999 -9999 -9999 -9999 -9999 -9999 -9999 -9999 -9999 -9999 -9999
-9999 -9999 -9999 -81.13793657217798 -81.37698764298833 -80.88090992899876 -76.35348355799037 -74.60333328581845 -77.01960142687818 -79.28282584610865 -79.60750517144436 -78.98417447122067 -74.24016416695457 -74.1010028257493 -73.51338038522485 -73.46062248471141 -73.8012429059293 -74.49934785029089 -74.35253102826016 -74.1572738557502 -74.34594205804063 -72.8533106174078 -72.49669234980307 -71.48438463640494 -68.3718626775217 -67.17466576094493 -62.414949366161096 -52.86774255947911 -9999 -9999 -9999 -9999 -9999 -9999 -9999 -9999 -9999 -9999 -9999 -9999 -9999 -9999 -9999 -9999 -9999 -9999 -9999 -9999 -9999 -9999 -9999 -9999
-9999 -9999 -9999 -83.03753634179066 -82.08241189370219 -79.15431462026876 -78.49151447505116 -80.18486131882223 -81.0449478040049 -81.42383354175819 -80.43852717953204 -78.30684252087178 -75.70693388940566 -74.50614905372603 -75.57843831636251 -74.81077495149461 -73.54667621915404 -73.20792753105182 -72.86969325689586 -72.86490552625736 -71.20723296486456 -70.61652561056431 -70.67996523880265 -70.0845680873743 -68.44404041271345 -64.04072855330071 -56.42892413225649 -9999 -9999 -9999 -9999 -9999 -9999 -9999 -9999 -9999 -9999 -9999 -9999 -9999 -9999 -9999 -9999 -9999 -9999 -9999 -9999 -9999 -9999 -9999 -9999 -9999
-9999 -9999 -9999 -9999 -79.07567560432412 -77.88022856335756 -77.78581781901866 -78.42141045823284 -78.5900719508927 -79.4432774212198 -78.23883881858991 -77.64193573157645 -77.6574919124216 -76.3759482889175 -75.95565160830273 -75.75431182471065 -74.8127537758664 -74.19464524794421 -72.62646938358655 -70.71716912402606 -69.0474911565381 -67.68364596725472 -66.8107050032869 -61.904383655992326 -9999 -9999 -9999 -9999 -9999 -9999 -9999 -9999 -9999 -9999 -9999 -9999 -9999 -9999 -9999 -9999 -9999 -9999 -9999 -9999 -9999 -9999 -9999 -9999 -9999 -9999 -9999 -9999
-9999 -9999 -9999 -9999 -79.80597536252496 -82.22046510659008 -82.3665008613752 -81.56399023296981 -80.05151875498436 -78.34051706121369 -79.73846009462551 -80.2780026479596 -80.50422435327924 -78.69031776261158 -77.8420760210096 -75.85719036441691 -74.8400647442318 -73.71573807505577 -73.53272554511207 -72.87162631979581 -73.00129039912017 -71.30523511908399 -66.40725200623403 -59.84358549124566 -40.459267605847245 -9999 -9999 -9999 -9999 -9999 -9999 -9999 -9999 -9999 -9999 -9999 -9999 -9999 -9999 -9999 -9999 -9999 -9999 -9999 -9999 -9999 -9999 -9999 -9999 -9999 -9999 -9999
-9999 -9999 -9999 -9999 -83.59069484231831 -82.35881138308095 -82.61988960926976 -83.26421696558795 -83.59970285081437 -82.49662151454527 -81.58917416183299 -81.2939855267351 -79.64169758994116 -78.2525280395278 -77.11232134155595 -76.73050575137248 -76.32773428471431 -75.69367814798655 -74.55155420498394 -73.37328697304922 -71.47907558028054 -69.58285163697404 -67.99066981750093 -63.546016620212 -9999 -9999 -9999 -9999 -9999 -9999 -9999 -9999 -9999 -9999 -9999 -9999 -9999 -9999 -9999 -9999 -9999 -9999 -9999 -9999 -9999 -9999 -9999 -9999 -9999 -9999 -9999 -9999
