metrics/grid_rasters/ASCAT 12.5 TS/grideval_ASCAT 12.5 TS_X_winter_2016_absolute_ubrmsd.asc
ncols 52
nrows 55
xllcorner     11.25
yllcorner     55.25
cellsize      0.25
NODATA_value  -9999
[rows 0 to 29 of 55, columns 0 to 51 of 52]
-9999 -9999 -9999 -9999 -9999 -9999 -9999 -9999 -9999 -9999 -9999 -9999 -9999 -9999 -9999 -9999 -9999 -9999 -9999 -9999 -9999 -9999 -9999 -9999 -9999 -9999 -9999 -9999 -9999 -9999 -9999 -9999 -9999 -9999 -9999 -9999 6.174869859117734 6.47082611044243 5.576855149650415 -9999 -9999 -9999 -9999 -9999 -9999 -9999 -9999 -9999 -9999 -9999 -9999 -9999
-9999 -9999 -9999 -9999 -9999 -9999 -9999 -9999 -9999 -9999 -9999 -9999 -9999 -9999 -9999 -9999 -9999 -9999 -9999 -9999 -9999 -9999 -9999 -9999 -9999 -9999 -9999 -9999 -9999 -9999 -9999 -9999 -9999 -9999 -9999 -9999 5.486965893719317 4.891981476392703 5.1798163531389365 5.591634508851116 6.067149364768138 6.067353100196072 -9999 -9999 -9999 -9999 -9999 -9999 -9999 -9999 -9999 -9999
-9999 -9999 -9999 -9999 -9999 -9999 -9999 -9999 -9999 -9999 -9999 -9999 -9999 -9999 -9999 -9999 -9999 -9999 -9999 -9999 -9999 -9999 -9999 -9999 -9999 -9999 -9999 8.99897786898961 8.99813625848418 7.923508207769923 7.2108797878679 5.55944143619596 5.798631910777358 6.502532720914754 -9999 6.558725419427847 5.968471019303857 5.202663603290364 4.915120565195241 5.287494666638238 5.2872917956371275 5.558480056362068 5.515523909603234 5.875956060837282 6.126817586375744 6.127466035129143 -9999 -9999 -9999 -9999 -9999 -9999
-9999 -9999 -9999 -9999 -9999 -9999 -9999 -9999 -9999 -9999 -9999 -9999 -9999 -9999 -9999 -9999 -9999 -9999 -9999 -9999 -9999 -9999 -9999 -9999 -9999 -9999 -9999 6.3858210648917355 5.140838150797523 4.8036908398608205 4.598820194859604 4.590198278119481 4.589463597655869 5.683645830103053 6.646085299206513 7.464749204891257 8.40731108245727 8.762392323463805 8.762211082354952 7.936081388558267 7.258682818279738 6.445235586471305 5.614772136402083 5.455504531946403 5.455632842113106 6.006199264826965 6.8458636185930315 8.435035860438083 -9999 -9999 -9999 -9999
-9999 -9999 -9999 -9999 -9999 -9999 -9999 -9999 -9999 -9999 -9999 -9999 -9999 -9999 -9999 -9999 -9999 -9999 -9999 -9999 -9999 -9999 7.3031739807072755 5.445898273951527 7.200495381215402 6.229681747539969 5.808006081615379 4.9195038081784235 4.434407902819803 4.716886768974058 4.264925881801093 5.414973460993504 4.484221975948469 5.481891092458185 6.748147160125886 7.3148170625984195 8.064089185498602 9.455933271107684 10.928481543760723 10.85946877738424 9.462269334199569 8.499947393834326 7.583939266395624 6.747611568695334 6.202278021662305 6.400183030256678 8.25678999636207 13.97384857424093 17.27337212880293 -9999 -9999 -9999
-9999 -9999 -9999 -9999 -9999 -9999 -9999 -9999 -9999 -9999 -9999 -9999 -9999 -9999 -9999 -9999 -9999 -9999 -9999 -9999 -9999 7.1119585212339675 7.110409676845324 5.6960636885847995 5.605116571184132 5.6827335728445725 5.185798864609036 4.512791709021292 5.406932078596707 5.406609355097807 4.4352382813485685 4.461241135900551 4.665397828418548 4.9536932291222575 5.949973764750624 7.246209593719041 7.245638022475648 8.307184884113049 8.909913234807973 9.13857662440046 9.083732777438248 8.931918236626828 8.931998622095596 9.108100110381672 10.571603539041906 12.764980134797261 15.448340677543733 17.02316462605075 17.410797722899684 -9999 -9999 -9999
-9999 -9999 -9999 -9999 -9999 -9999 -9999 -9999 -9999 -9999 -9999 -9999 -9999 -9999 -9999 -9999 -9999 -9999 -9999 -9999 9.714774172754762 7.041243285256237 5.770907511491924 6.525508536844299 6.910236811262887 5.219719659500724 5.219315165607075 4.401295462818577 5.307721443116812 4.727011149130472 5.705282765172546 6.071193403033012 5.991180051974387 5.991072274550272 6.658551935796776 7.804327388718286 8.201836695933906 9.395900609009367 10.171578743608576 10.8501539212185 10.850260778018963 10.868820024240275 10.765100337740916 11.609043454973671 13.51246523758784 14.736647306511452 14.932854742744734 14.932249251778979 14.430316264963126 13.654115980184873 -9999 -9999
-9999 -9999 -9999 -9999 -9999 -9999 -9999 -9999 -9999 -9999 -9999 -9999 -9999 -9999 -9999 -9999 -9999 -9999 -9999 -9999 -9999 5.113386954614059 3.9649556866372504 3.9637949004048023 4.281004989988438 4.099277193609914 4.676564488820484 4.5535501135178444 4.366712024150555 4.612444014890731 4.612429781952415 5.856760951738602 6.955197900329026 7.745579941836534 8.204132854877024 8.572487356235477 9.498156798894387 11.596087041532831 11.596093867857261 13.493062682627151 14.29983558994392 14.136663924843935 13.968341425304484 14.158812512377464 14.255102850771785 14.25428069073185 14.05418318347916 13.582563983977618 13.106423639910927 -9999 -9999 -9999
-9999 -9999 -9999 -9999 -9999 -9999 -9999 -9999 -9999 -9999 -9999 -9999 -9999 -9999 -9999 -9999 -9999 -9999 -9999 5.7045972053585885 4.814905120302017 3.853333998550893 3.2391439696164417 3.0577726385800137 4.04133277241781 5.854438147787469 7.3619494522734 7.361380464506349 7.4652622032951665 7.3751846147376785 7.733677967621367 8.55314710405629 9.650764633228741 11.042010815920909 11.48300715362976 11.482926384016814 11.467494215596895 11.712698430868572 12.472489454457504 13.680838008161516 13.932039900365865 13.060934451206727 12.750614021879802 12.749461391491199 12.745317061255346 12.988150802989026 12.886208629365745 12.509838230646276 12.192963689948966 12.4537437096851 12.644287007535816 -9999
-9999 -9999 -9999 -9999 -9999 -9999 -9999 -9999 -9999 -9999 -9999 -9999 -9999 -9999 -9999 -9999 -9999 -9999 3.930989119920433 3.1682724106165403 3.249333808609063 3.733908687258512 4.034073752077323 4.499460658581931 5.567808757891767 6.1831632481968475 6.183047561600275 6.2646238059007215 6.379435834938858 7.2788827346310985 8.172997828141249 8.735071554726657 10.186851569573065 12.991442538179154 14.7391383923691 14.73870696634611 15.06685018125278 14.97808775952758 14.43937699229598 14.41127980025496 14.543617115016465 13.343274711568293 12.347681019731205 12.069789354368947 12.069596912174587 12.568150508608484 13.110601452781248 13.0595186591724 13.034075859626615 13.593887353943419 15.450916787078295 -9999
-9999 -9999 -9999 -9999 -9999 -9999 -9999 -9999 -9999 -9999 -9999 -9999 -9999 -9999 -9999 -9999 -9999 3.4833109095187247 3.025421450798924 3.952337961999016 6.758467019292183 7.9548267396839245 7.9553769811610655 7.784441093779237 7.692052923536713 8.28876886623462 9.135938189155567 9.478301895177443 9.442032569095039 9.500867613266006 10.127361810298853 10.127105984714845 10.812103828638103 12.585890566623318 14.78936143101152 15.459744879811776 15.138724816973353 14.147700724709914 13.394189132163739 13.226647649065068 12.384526414480305 12.383794059778054 11.221111887863382 11.08185508670586 12.03278298887916 13.554553642317586 14.821902964010901 15.365839982432362 15.915172870502813 16.484176323377106 -9999 -9999
-9999 -9999 -9999 -9999 -9999 -9999 -9999 -9999 -9999 -9999 -9999 -9999 -9999 7.083876504491084 4.881575853500016 3.5053862042379516 3.1358773368234023 3.1363631387198567 3.2871660512152165 3.8917116534662735 5.431664904775083 7.364007200399469 7.978265265480663 7.4526054596937445 7.953772723573387 9.851355698215166 11.614757564208398 11.615953198160383 11.95615709107445 12.285199055165686 13.267961085317578 14.547344611393044 16.318629477033838 17.232572040834874 17.84866328096034 17.317517130515775 16.042364453962218 14.526203769911277 14.525805777035599 13.202216365524919 12.154642062278915 11.298084278949075 11.18581959897977 11.8507495737887 13.013913108306985 14.08885890247388 15.192119333801847 15.645288407016613 15.645431052548835 15.950523864461982 16.61862507008512 -9999
-9999 -9999 -9999 -9999 -9999 -9999 -9999 -9999 -9999 -9999 -9999 -9999 -9999 6.570621197473594 4.8050499334555825 4.15154920243498 4.142290576816003 4.266858591747154 4.9023140170499335 6.011455880279223 6.682025749854929 7.587483753355563 8.652095683283761 8.651583423554884 9.761815163669805 11.103240943296369 12.648129930998435 14.10231951524324 14.095990485744045 14.535767629049056 15.404703221722778 16.670505189417064 17.856812782413964 18.17714105933289 18.177213377618195 17.237950093386168 15.655982296631274 14.189910913479311 13.18720655858423 12.550773542796644 12.403105324038663 12.505817133386223 12.636973534183445 12.696702242125713 12.18323214239483 12.1830391975437 11.41181790765564 11.657848177940867 12.670758843257994 13.679737059122276 14.762164382355527 15.212984459764845
-9999 -9999 -9999 -9999 -9999 -9999 -9999 -9999 -9999 -9999 -9999 -9999 -9999 4.473358364495351 4.496373062510335 5.473950251597693 6.323577309362356 6.692991561235878 7.300181548644391 6.523674564111805 7.449261362791732 8.461430855116612 9.088990213972085 10.022346605037967 9.93822004603102 10.40499288291971 11.211265077612367 12.136973568780773 13.147364162934933 13.344794399499653 13.72463336499426 14.55366091935706 16.009114113094725 17.358238630037352 17.44272683624021 15.660148961653947 13.716715270307525 12.612347505353258 11.689552632169272 11.617073623777578 12.640714230257235 13.913913333046345 14.81048098492033 16.842250369774494 -9999 -9999 -9999 -9999 -9999 -9999 -9999 -9999
-9999 -9999 -9999 -9999 -9999 -9999 -9999 -9999 -9999 -9999 -9999 -9999 -9999 4.566440555639296 5.068715038372788 5.713419849598068 6.2337834122188625 6.757316589371089 6.946774672439179 7.817752449721872 9.585968738496657 10.870262407336636 10.370917389381754 9.185078789650374 8.790015621794792 9.122274468765598 9.883237280867863 10.437137810275328 10.437543815295149 11.222165234122503 12.042579178856142 12.271273932757499 12.469278248534089 12.579988854474914 13.261323851222384 13.600236267930367 13.654298273981672 13.724505436125602 13.4763916123663 13.986870416042645 15.756078714123001 -9999 -9999 -9999 -9999 -9999 -9999 -9999 -9999 -9999 -9999 -9999
-9999 -9999 -9999 -9999 -9999 -9999 -9999 -9999 -9999 -9999 -9999 -9999 3.926258172575916 3.986538104324688 4.710645789060645 5.7068052180859254 6.3048641192005626 6.847868941784822 7.8553638190810755 9.389171741233461 11.001443174319839 11.00083509897382 11.618897149125884 11.426767313517644 10.433455392176938 9.689811258904657 9.449453341742519 9.621580221847873 9.551725023128913 9.559822506231557 9.669478068366448 9.874018642573414 10.045137655316305 10.874061262048931 11.671625076823736 12.761411580371249 13.978866268124035 13.978105163582466 14.759231793591981 15.767202634733387 17.915014161033422 -9999 -9999 -9999 -9999 -9999 -9999 -9999 -9999 -9999 -9999 -9999
-9999 -9999 -9999 -9999 -9999 -9999 -9999 -9999 -9999 -9999 -9999 4.764497724881965 4.76513928660086 4.7809617117744905 5.189846648602953 5.572914743453157 6.199439045504311 7.0944738116290855 8.893997246700883 11.003564229177663 12.48932783866133 12.76160369333452 12.821979205141233 12.017325528254151 10.820671464966646 10.053572264843496 9.53794977914046 9.27743925845232 9.27953141750842 9.500353382656773 9.73486277225376 9.73534438207328 10.292297895776132 10.687538295176576 11.599289803645721 12.631749524799133 14.190608288160362 15.514338145371351 16.661243860064914 17.85254771755762 -9999 -9999 -9999 -9999 -9999 -9999 -9999 -9999 -9999 -9999 -9999 -9999
-9999 -9999 -9999 -9999 -9999 -9999 -9999 -9999 -9999 -9999 7.018059759926528 6.267203980468628 6.265565509546947 6.498744602382921 7.287538610539267 8.537691658577481 9.7230547310681 11.199668800407283 12.320556421418658 12.654124331452811 12.016513857974946 11.547272777461329 11.46915664501741 12.583390489493267 12.273730435728336 10.639322705668878 9.507129760483494 8.524198013089874 9.021960833675873 9.97137657627298 10.729672601149467 11.130699892699168 11.07822070205224 11.781947751522354 12.610072089510727 13.360536392950413 14.229275437547633 15.288365442917467 16.30617977137019 -9999 -9999 -9999 -9999 -9999 -9999 -9999 -9999 -9999 -9999 -9999 -9999 -9999
-9999 -9999 -9999 -9999 -9999 -9999 -9999 -9999 -9999 -9999 -9999 -9999 8.085423536224399 8.75274154559288 9.885497263170471 9.884149638974783 11.191024001767442 12.052092605313813 12.535061735262294 13.078627518020946 12.589808541141556 11.6206475092865 10.265978247060263 9.258529220084993 8.8079809480455 9.137912213338453 8.9084929458041 8.389495561309888 8.750371050295321 8.992598868531864 9.88619420533075 11.089491604781593 12.567971258830813 13.013164186236903 13.17633492329418 13.719442366263099 15.111539923505216 16.231888077166875 17.243714670494178 18.830462459290462 -9999 -9999 -9999 -9999 -9999 -9999 -9999 -9999 -9999 -9999 -9999 -9999
-9999 -9999 -9999 -9999 -9999 -9999 -9999 -9999 -9999 -9999 -9999 7.465505995364126 7.403234352165183 7.885927360798805 8.71637258306618 9.586765732862583 10.51834269873678 10.943752713045638 11.620135703756091 12.301574663116298 12.177925966022006 11.041578125552633 10.0038743241858 9.064296910829427 8.794224710877673 8.954500400892021 9.001136736780914 9.19988135166347 9.694603649874356 10.118109634902918 11.056254029651859 12.231425863653321 13.425757066005206 13.59444962853241 13.594314229082705 13.486628482422216 14.468648275595125 16.094999927672408 18.34904674460776 -9999 -9999 -9999 -9999 -9999 -9999 -9999 -9999 -9999 -9999 -9999 -9999 -9999
-9999 -9999 -9999 -9999 -9999 10.006854957641508 8.706372226264785 7.702356351190034 7.650869870351293 9.005556480456644 9.418751445974618 9.926367817467666 9.92611799133309 10.416054550342855 10.10677186464043 10.548416406517044 10.885142174056325 10.722404506012888 11.038336579527408 11.775566676626644 12.474760027244391 12.339303272900937 11.848976605541685 10.74875091070914 10.023785811647585 9.759568015038244 9.390556246533023 9.269001642310895 9.79550111643166 10.893185501569846 11.68748904497784 12.409210437753524 13.483070307932964 14.133876016284301 15.337586368041524 16.73856133364996 18.862797468763045 21.255913803486713 -9999 -9999 -9999 -9999 -9999 -9999 -9999 -9999 -9999 -9999 -9999 -9999 -9999 -9999
-9999 -9999 -9999 -9999 9.168284548399091 8.95730753587431 9.321157465848524 9.385395258251913 10.221806702682017 11.068651415480698 11.028862314120412 10.653584425568349 10.914628464568246 10.855686897762544 10.309529604101623 9.96094964350563 9.528463913834745 9.44398907405559 10.04838683194106 10.812716378558603 11.623999754103654 11.72655410609046 11.06401848693641 10.601636816104325 11.118554854385918 10.996941787321576 10.965418579416573 11.45841430605615 12.452322355444643 13.133359384134732 14.23444951079005 15.729452142254365 17.067110179845933 19.230046156771103 22.622870358800288 -9999 -9999 -9999 -9999 -9999 -9999 -9999 -9999 -9999 -9999 -9999 -9999 -9999 -9999 -9999 -9999 -9999
-9999 -9999 -9999 9.17362912932037 9.324989216535403 9.281779201235352 8.956413864243627 8.694239532427396 8.816630743687849 8.778131787049041 8.990472268195742 8.827326813165797 8.828548723482957 8.760865670400895 8.722393076219767 8.89029054279981 9.022084115810507 9.421170514638069 9.257235051652923 9.327556153394188 9.352139169146847 9.588402489246596 9.652318818867966 10.338001104125901 11.129432038604364 11.995736066149275 13.184313553819894 14.492691535327921 16.046430192367865 17.302696760549992 19.05830263986273 -9999 -9999 -9999 -9999 -9999 -9999 -9999 -9999 -9999 -9999 -9999 -9999 -9999 -9999 -9999 -9999 -9999 -9999 -9999 -9999 -9999
-9999 -9999 -9999 8.62810178852652 9.056205240386506 8.449535782916882 8.174434422452366 7.852403748013066 7.900848872138053 8.449092280311534 9.873011620355491 11.152411118310313 10.945146154117598 9.984373854470858 8.866969742853867 8.619149567132164 8.489723366124567 8.39495821761491 8.419378071959146 8.699218248806654 9.294662117086741 9.722276627692036 10.286467393930698 10.968184765789578 11.606696464386971 12.294101849966186 13.84112972151756 15.024474818208745 16.685213956328173 -9999 -9999 -9999 -9999 -9999 -9999 -9999 -9999 -9999 -9999 -9999 -9999 -9999 -9999 -9999 -9999 -9999 -9999 -9999 -9999 -9999 -9999 -9999
-9999 -9999 -9999 7.53896578264799 7.467392147684512 7.316906600241739 7.378912671398803 6.726095556489465 6.560095641657793 7.027533398924182 7.970023622401771 9.706368407170098 11.423973140681465 10.37727402375844 9.831124216441534 9.366114353178503 9.10892869763045 9.102749242823592 9.275595194451489 9.342295459815793 10.507720958735797 10.863465253322454 11.04589916068268 11.141806699475126 12.573233908004198 14.482131607381813 16.313507334634778 19.64252050718724 -9999 -9999 -9999 -9999 -9999 -9999 -9999 -9999 -9999 -9999 -9999 -9999 -9999 -9999 -9999 -9999 -9999 -9999 -9999 -9999 -9999 -9999 -9999 -9999
-9999 -9999 -9999 8.88768313348818 9.320585155598108 8.982764025935493 8.271668507685197 7.657356112929444 7.406464157298678 7.60169423119326 8.926472521039871 10.535244577977464 11.855416597494385 11.822723759104948 10.763184750250408 10.080244902803171 9.796164894169467 9.928737687032413 10.207186024790394 10.882392582851493 11.811792035192424 12.12035889406409 12.138321547940128 12.510605339544055 13.657300152672331 14.826481250875188 16.833599410190676 -9999 -9999 -9999 -9999 -9999 -9999 -9999 -9999 -9999 -9999 -9999 -9999 -9999 -9999 -9999 -9999 -9999 -9999 -9999 -9999 -9999 -9999 -9999 -9999 -9999
-9999 -9999 -9999 -9999 10.126975572742397 10.574469318868877 10.873799341972903 10.76174299759868 9.990532367122542 9.890996688103435 10.838828081560807 12.094041800383868 14.35559849050897 14.578424449297815 14.301739425532375 13.561681087649546 12.721377212686214 12.546948378997758 12.561050359193047 12.598621121515643 14.179552701399961 15.111193745199154 15.958288198294227 16.373837736477725 -9999 -9999 -9999 -9999 -9999 -9999 -9999 -9999 -9999 -9999 -9999 -9999 -9999 -9999 -9999 -9999 -9999 -9999 -9999 -9999 -9999 -9999 -9999 -9999 -9999 -9999 -9999 -9999
-9999 -9999 -9999 -9999 9.704351226902972 11.325074827405246 11.856144008437926 12.104499093865426 13.135253711089947 15.339412151492505 16.466611606364506 16.666947084833613 16.459275625636998 16.071210149728802 16.010844144668223 15.604199630715515 15.546776240819467 15.260149100323488 15.093195012528115 14.850084809425509 16.071794719444 16.424917933785146 17.593250051491033 18.644414950824412 18.15854404184508 -9999 -9999 -9999 -9999 -9999 -9999 -9999 -9999 -9999 -9999 -9999 -9999 -9999 -9999 -9999 -9999 -9999 -9999 -9999 -9999 -9999 -9999 -9999 -9999 -9999 -9999 -9999
-9999 -9999 -9999 -9999 13.182769079468114 13.708976616712976 13.911735814255225 14.006222485268914 14.629844045998038 15.766024876439312 16.995011834129055 17.057956549594547 16.582289826821643 16.524964955944196 16.64783240332161 16.576490955484893 16.378740242767847 16.79141877294829 17.303011975468927 18.045479568227442 18.354901565502573 18.76443111094391 19.318536153509537 20.269016694685156 -9999 -9999 -9999 -9999 -9999 -9999 -9999 -9999 -9999 -9999 -9999 -9999 -9999 -9999 -9999 -9999 -9999 -9999 -9999 -9999 -9999 -9999 -9999 -9999 -9999 -9999 -9999 -9999
-9999 -9999 -9999 -9999 8.429430947894883 11.755993813277586 15.530026153753807 17.31380410808385 17.993496283666502 17.271754991721973 16.615825845491504 15.965137113245163 15.77682121367175 15.954057568762494 15.806207838607314 16.234405349143035 16.812491604037174 17.498290997656394 17.869331996429953 17.997473530349165 18.84559025067682 18.71119054368501 20.666212678014904 -9999 -9999 -9999 -9999 -9999 -9999 -9999 -9999 -9999 -9999 -9999 -9999 -9999 -9999 -9999 -9999 -9999 -9999 -9999 -9999 -9999 -9999 -9999 -9999 -9999 -9999 -9999 -9999 -9999
