metrics/grid_rasters/ASCAT 12.5 TS/grideval_ASCAT 12.5 TS_S_winter_absolute_ubrmsd.asc
ncols 52
nrows 55
xllcorner     11.25
yllcorner     55.25
cellsize      0.25
NODATA_value  -9999
[rows 0 to 29 of 55, columns 0 to 51 of 52]
-9999 -9999 -9999 -9999 -9999 -9999 -9999 -9999 -9999 -9999 -9999 -9999 -9999 -9999 -9999 -9999 -9999 -9999 -9999 -9999 -9999 -9999 -9999 -9999 -9999 -9999 -9999 -9999 -9999 -9999 -9999 -9999 -9999 -9999 -9999 -9999 5.68380034097088 6.059856431042499 5.15045367418669 -9999 -9999 -9999 -9999 -9999 -9999 -9999 -9999 -9999 -9999 -9999 -9999 -9999
-9999 -9999 -9999 -9999 -9999 -9999 -9999 -9999 -9999 -9999 -9999 -9999 -9999 -9999 -9999 -9999 -9999 -9999 -9999 -9999 -9999 -9999 -9999 -9999 -9999 -9999 -9999 -9999 -9999 -9999 -9999 -9999 -9999 -9999 -9999 -9999 5.947668920275112 5.1462037221482175 5.33945797620225 5.775391946280523 6.240394631946222 6.240553297522219 -9999 -9999 -9999 -9999 -9999 -9999 -9999 -9999 -9999 -9999
-9999 -9999 -9999 -9999 -9999 -9999 -9999 -9999 -9999 -9999 -9999 -9999 -9999 -9999 -9999 -9999 -9999 -9999 -9999 -9999 -9999 -9999 -9999 -9999 -9999 -9999 -9999 9.645908779338834 9.6454726707001 9.611496636459082 9.834022759238684 9.787769411649439 10.546357723094504 10.46194790809481 -9999 9.326501535559396 7.653813351732582 6.247930301505232 5.7895786682831565 6.039970179974193 6.039477723330005 6.068468419925781 6.040043894085207 6.574666917869116 6.823766017608521 6.823999893202835 -9999 -9999 -9999 -9999 -9999 -9999
-9999 -9999 -9999 -9999 -9999 -9999 -9999 -9999 -9999 -9999 -9999 -9999 -9999 -9999 -9999 -9999 -9999 -9999 -9999 -9999 -9999 -9999 -9999 -9999 -9999 -9999 -9999 6.146477349889972 5.904165450987133 6.368374085166496 7.502064253806335 8.375223793688386 8.374273288684595 8.713587480854413 8.932982449323516 8.694572003408114 8.613332234029606 8.475441780694393 8.475109003940496 8.024108231211878 7.628750485018992 7.194261958008132 6.6577376198624165 6.423739468567157 6.423735149835343 7.005040411692183 8.250028813369257 9.592978173821868 -9999 -9999 -9999 -9999
-9999 -9999 -9999 -9999 -9999 -9999 -9999 -9999 -9999 -9999 -9999 -9999 -9999 -9999 -9999 -9999 -9999 -9999 -9999 -9999 -9999 -9999 9.664852744052695 8.744112801499696 8.483019814662653 6.629816133305155 5.348912965339146 4.4409502485530234 5.228325997939217 6.1224944469414675 6.1596271825420885 7.480571445237428 7.179774614287632 7.343432494796055 7.398847947617869 7.4771187213308945 7.941304226925813 8.660383274073737 9.477614790052279 9.686803927337726 9.435511971685733 8.880908939159257 8.755478053054015 7.872768638199687 7.487714320523874 8.006259843622045 9.28141044975213 12.842617808565693 14.902502298756753 -9999 -9999 -9999
-9999 -9999 -9999 -9999 -9999 -9999 -9999 -9999 -9999 -9999 -9999 -9999 -9999 -9999 -9999 -9999 -9999 -9999 -9999 -9999 -9999 8.810653346770561 8.80997763376217 7.952528834457262 7.975113494439754 8.018689616804265 7.3080999315960025 7.186958487883824 8.578298491208441 8.577939770329193 7.919269009039082 7.636737586916548 7.191046527164597 6.65538521637229 6.773385091312253 7.325563629888147 7.325484520552695 7.999276319889371 8.517971500089265 8.70165032748805 8.875866626270664 9.385423914432444 9.385334311644831 9.86924806232435 10.845960885853467 12.430340079083825 13.965031958566527 15.197101990502816 15.802793689824314 -9999 -9999 -9999
-9999 -9999 -9999 -9999 -9999 -9999 -9999 -9999 -9999 -9999 -9999 -9999 -9999 -9999 -9999 -9999 -9999 -9999 -9999 -9999 10.063067598794213 8.305917569894351 6.979254909912058 6.8322043361949305 6.8697796745138815 6.280624188929157 6.281916793073883 7.22603933032941 9.187831108602747 9.18079426047716 8.779174152307851 7.9077563843772705 7.160753903289544 7.160586409232692 7.190377600220778 7.956297599901504 8.293294280415777 8.822222850686718 9.303575284384193 9.615254990603617 9.615184720843905 9.849734395290511 10.346152017423645 11.148821203005342 12.511783915229168 13.757677837154107 14.700731662091332 14.70030185371432 15.12390150561192 14.937330797917864 -9999 -9999
-9999 -9999 -9999 -9999 -9999 -9999 -9999 -9999 -9999 -9999 -9999 -9999 -9999 -9999 -9999 -9999 -9999 -9999 -9999 -9999 -9999 5.377104342787002 5.1336700035674285 5.133867715339963 6.570581645366079 7.517000678808743 9.316557419308527 10.26947999827467 10.04198786026929 9.402189876883256 9.402769548648592 8.748115553110335 8.228578024170616 7.9148705616991055 7.820894105207933 8.193683349657901 8.59548091389631 9.862455427457336 9.862362243063446 11.109766794097023 11.757322126874385 11.867953064089587 12.241319129074375 12.756710630214894 13.60852800576725 13.607859481404693 14.358693030195713 14.817166792815893 14.808865011071884 -9999 -9999 -9999
-9999 -9999 -9999 -9999 -9999 -9999 -9999 -9999 -9999 -9999 -9999 -9999 -9999 -9999 -9999 -9999 -9999 -9999 -9999 7.486539572796183 6.727454337081327 5.67386836229915 5.381966887030437 6.456583032119196 9.254396444697091 12.682932904125321 14.711449221313925 14.711001297138825 14.398472602218408 13.37445832379694 11.895949647391706 10.043614449918516 9.528773448836287 9.668020705438957 9.461596648627122 9.46139419294858 9.431902466920631 9.902393127387466 10.877744012201493 11.884509202752204 12.390661810414956 12.349989380050392 12.678983871859892 12.678388105224874 12.94781440360299 13.389475626013455 13.604011780981336 13.388776275620437 13.357179536806052 13.153684196725322 13.231428620391846 -9999
-9999 -9999 -9999 -9999 -9999 -9999 -9999 -9999 -9999 -9999 -9999 -9999 -9999 -9999 -9999 -9999 -9999 -9999 5.775545534272156 6.364475496602059 7.410328732312575 8.232400987742611 9.362134146136675 10.95895805092085 12.349486615976668 12.412542605074213 12.414081874917517 11.446002216620581 11.074668884730619 11.467673943828244 11.260372221184586 10.702824111119144 10.409946582883123 11.03779318183414 11.861076007256065 11.860731040976876 12.288171692405582 13.008351202983787 13.357241392577956 13.424705017108874 13.536202175925624 12.804887327179172 12.465831190962328 12.768921718334159 12.768536978471852 13.308970235178425 13.491790041761618 13.085150509311314 12.537090341999626 12.48817477801742 13.159591536301555 -9999
-9999 -9999 -9999 -9999 -9999 -9999 -9999 -9999 -9999 -9999 -9999 -9999 -9999 -9999 -9999 -9999 -9999 6.652797799830373 6.925759891367884 8.684280341714599 11.967338283905447 13.571439804062871 13.571455270341346 13.491638660560913 12.944502229376635 12.424963238421647 11.650051071527786 10.857854664349745 10.304650696537976 9.731054227269436 9.555381067801312 9.555433253116092 9.863554747451138 10.479172243303088 11.60456513276775 12.044999680111154 12.463343216160755 12.960383000537524 13.245537118329963 13.527986602444509 13.389643632718554 13.389296163519369 12.753695607860394 13.021402801375025 13.338677450705118 13.698867078210151 13.666257935526788 13.540465654064816 13.296475451594565 13.203644337905985 -9999 -9999
-9999 -9999 -9999 -9999 -9999 -9999 -9999 -9999 -9999 -9999 -9999 -9999 -9999 10.527083846776158 9.077373252027737 8.386069897250954 8.156993725080234 8.15871558424951 8.181679948170679 9.044110035580195 10.650404928129444 12.60019428092993 13.227713931110834 12.364109457201856 11.38948358696758 10.734661490124855 10.670294100238774 10.671457906345859 10.420340114180085 10.564150268218704 11.109103163382919 11.63599300037412 12.377501203523789 12.742145421275964 13.207265517174699 13.454737878700335 13.35812983429924 13.36323558392143 13.363216188075477 13.346744093889662 13.324285164884383 12.893502277585714 12.8961883729608 13.25115351210241 13.50438986455007 13.48723264820149 13.635130373200205 13.571782871293225 13.571783249326188 13.645272335276728 14.476886906716551 -9999
-9999 -9999 -9999 -9999 -9999 -9999 -9999 -9999 -9999 -9999 -9999 -9999 -9999 10.290924915036202 9.455816316906864 8.92548417413425 9.204619153167412 9.452367631403916 10.40267474414735 11.504895278623462 12.468934622947293 12.929365265771578 12.439305617407005 12.437906613794706 11.60848083673358 11.212742092014711 11.509849794080033 11.919122271781953 11.868522210224613 12.364544518937867 13.16384082967499 14.099622178208385 14.55873885046024 14.381051914879976 14.381005628094982 13.908327315618848 13.512685999529538 13.41986933763185 13.75950855322325 13.668437000532839 13.285795171251689 12.687487208747038 12.336010125611304 12.409254098299467 12.447725272223833 12.4481917773049 12.232274154961331 12.644143480496387 13.418254542958175 14.338281005218288 15.274508323006348 15.529588096233228
-9999 -9999 -9999 -9999 -9999 -9999 -9999 -9999 -9999 -9999 -9999 -9999 -9999 9.973299466634648 10.751313992456945 12.491596432387427 13.056221722017524 12.643423913943186 12.2402819235486 11.996121609325641 12.309896634599044 12.411623425785027 12.10566251095217 11.819098937490228 11.749780813537207 11.599664006782632 11.835310760104756 12.714816486755508 13.676007169804242 13.893722355825295 14.001037029837125 14.220591690805467 14.740506832920476 15.395921051891518 15.264553736438508 14.217262161936295 13.499895684943105 13.263259922858133 13.079335461356333 12.895764827065186 12.87748675789042 13.219419998280427 14.217572970477276 16.615258148517178 -9999 -9999 -9999 -9999 -9999 -9999 -9999 -9999
-9999 -9999 -9999 -9999 -9999 -9999 -9999 -9999 -9999 -9999 -9999 -9999 -9999 10.08129240650729 11.411843437756982 12.399727373490643 12.603885146249747 12.411365563301734 12.016930453096347 11.920871278077707 12.283121623224845 12.473594302722269 12.452205701255494 12.077375196193454 11.536139670831703 11.581424491616376 12.221104244180276 12.847871171755926 12.847720218391716 13.476888669877884 13.98038340763667 14.135496721759806 13.736082847821352 13.701303591877027 14.323256010299534 14.579953416133803 14.284197216017445 13.963874802013187 13.272755142251935 12.925163764011051 14.340743571038676 -9999 -9999 -9999 -9999 -9999 -9999 -9999 -9999 -9999 -9999 -9999
-9999 -9999 -9999 -9999 -9999 -9999 -9999 -9999 -9999 -9999 -9999 -9999 9.200885393235163 9.854221170498082 10.837145868758887 11.319982509667806 11.366410493944375 11.580259195891866 11.683347128422465 12.210535907976404 12.732681244286699 12.732321422528665 12.867048544616745 12.45764664732091 12.063372232649767 11.870703688932574 12.382407382965804 13.04698661832802 13.507804476337455 13.973168350066686 14.039267822924735 13.730855969763267 13.355719107573336 13.18285391336217 13.17713283811888 13.206044819865205 13.238949198022606 13.239054060178544 13.175210785761445 13.520802558429933 16.026079223660673 -9999 -9999 -9999 -9999 -9999 -9999 -9999 -9999 -9999 -9999 -9999
-9999 -9999 -9999 -9999 -9999 -9999 -9999 -9999 -9999 -9999 -9999 10.750567411473938 10.749844908601537 10.681126414931713 11.042980451683023 11.248712630776195 11.604444736825034 11.432798559712767 11.834538916639508 12.074853356099146 12.416076764186732 12.30614135874274 12.155903891578443 11.882593854428134 11.689860113556435 12.173835037482908 12.877582910211055 13.520207985717185 14.447899122487051 14.74397066744625 14.854598352875358 14.854205006041804 14.626434565500185 13.822621177651913 13.481666705247207 13.347689504839806 13.746561945149205 14.075634528844946 14.739051500540734 17.208051959222598 -9999 -9999 -9999 -9999 -9999 -9999 -9999 -9999 -9999 -9999 -9999 -9999
-9999 -9999 -9999 -9999 -9999 -9999 -9999 -9999 -9999 -9999 12.847730616326293 12.576357048030474 12.683148515890064 12.789167403021883 13.15316801349803 13.108125562911827 12.720946243843295 12.441643750215823 12.226576427548444 12.54538874247358 11.999794924388786 11.829939732490946 11.965768559514403 12.14446624956204 12.41377634364491 12.320587625256113 12.25593406235841 12.523770586882716 13.573411154463367 13.996947653958449 14.232903629160864 14.161383947354233 14.040182376740491 14.008687652628598 13.991489906436913 14.29554381012674 14.751903904768861 15.509947648078771 16.336927721691197 -9999 -9999 -9999 -9999 -9999 -9999 -9999 -9999 -9999 -9999 -9999 -9999 -9999
-9999 -9999 -9999 -9999 -9999 -9999 -9999 -9999 -9999 -9999 -9999 -9999 12.656826864705742 12.938842774772107 13.353816664859286 13.354550307433168 13.861040013449426 14.081232401184936 14.039830911397324 13.986210067676385 13.094270822233096 12.399900697876255 12.089084631733813 12.010771551195305 12.312211268214051 13.286115995987004 13.710859042637146 13.722172094066961 14.089145549119785 13.907367936042595 14.17003157660428 14.586660701472516 15.223017768266535 15.447000364368794 15.41813259687435 15.50389076142969 15.694963874630359 16.05547163311399 17.33189981564706 19.960747352138238 -9999 -9999 -9999 -9999 -9999 -9999 -9999 -9999 -9999 -9999 -9999 -9999
-9999 -9999 -9999 -9999 -9999 -9999 -9999 -9999 -9999 -9999 -9999 13.111289874146609 13.366206850036695 13.111819980069333 12.318555718182804 12.3840649183918 12.648123883784494 12.819342414694436 12.940551206997164 12.999415331614973 12.772146144282145 12.477985176283276 12.095822624883395 11.885726268695375 12.385796513514295 12.845196437880313 13.281602498843474 13.75818850953794 14.233660605061116 14.474498593518954 15.173756405931453 15.915767469490955 16.6004215001725 16.54973233958356 16.549661087090502 16.069847732890373 15.996773919999931 16.351959873260775 18.00890783690821 -9999 -9999 -9999 -9999 -9999 -9999 -9999 -9999 -9999 -9999 -9999 -9999 -9999
-9999 -9999 -9999 -9999 -9999 12.737237252839856 12.091908320304409 11.67427783851422 11.780336570243607 12.854948459304955 14.032174032023615 13.917976264441315 13.9178864374037 13.707688540893269 13.201369425810823 12.651142123628961 12.34589138207485 12.300710514681196 12.404033123929286 12.636087706896292 12.827784534650384 12.914691644935624 12.811841886687665 12.439719322806551 12.368592206523642 12.552279239471847 12.715244881430602 13.03996155864009 13.86164459442234 14.735471184513154 15.49534241698298 16.47995835094647 17.30520855916757 17.740470167089562 18.36933370435316 18.532692539514148 18.979243055589922 20.608438279501566 -9999 -9999 -9999 -9999 -9999 -9999 -9999 -9999 -9999 -9999 -9999 -9999 -9999 -9999
-9999 -9999 -9999 -9999 13.159262580788269 13.558237356679053 14.557910902918225 14.59230946721419 15.360172671483536 16.236193652227993 15.76965831103196 15.175958725926671 14.818306702544815 14.112606145817551 13.077875060173286 12.436004010303664 11.895367026003768 11.776538076967 11.789715308211438 11.989167535826954 12.705477880496609 13.34259475714971 13.46588952899957 13.234184941128984 13.267614044403214 13.191965471059456 13.804884687625403 14.83444430840401 15.823800189128267 16.910411060405554 17.65629926141319 18.401766586850872 18.878258082867106 20.41625320163456 23.081837416646948 -9999 -9999 -9999 -9999 -9999 -9999 -9999 -9999 -9999 -9999 -9999 -9999 -9999 -9999 -9999 -9999 -9999
-9999 -9999 -9999 14.04129119041182 15.02732090738405 15.052385747197746 14.341135655625909 13.675229703154493 13.490546841794794 13.593095492068935 13.783223723877645 13.877625337294544 13.535878507523934 12.687333491388086 12.52554176111397 12.222674591835116 11.753946425632408 11.448461070892346 11.141118448639702 11.209370740547062 11.858287965149913 12.761406912676625 13.56111497851225 14.347987737181322 14.95875944056998 15.754995632345723 17.074411542423416 18.143914554911934 19.00402777599169 19.73788691906937 21.067486912483453 -9999 -9999 -9999 -9999 -9999 -9999 -9999 -9999 -9999 -9999 -9999 -9999 -9999 -9999 -9999 -9999 -9999 -9999 -9999 -9999 -9999
-9999 -9999 -9999 12.94642914959065 13.39856612812052 13.019122079755626 12.36483121331419 11.975440145506813 12.115785077123682 12.100092302157815 12.410904745964325 13.204183451582624 12.975899436908483 12.385272047423818 11.777638592481155 11.526141716104968 11.283346908327891 11.03946700750077 11.230157799199505 11.450924591694978 12.08559009583034 12.9587836494037 14.223760074273756 15.585971868193527 16.179122025416607 16.907650046298652 18.186088263569317 19.252990471138133 20.56011486015515 -9999 -9999 -9999 -9999 -9999 -9999 -9999 -9999 -9999 -9999 -9999 -9999 -9999 -9999 -9999 -9999 -9999 -9999 -9999 -9999 -9999 -9999 -9999
-9999 -9999 -9999 12.221844749365506 11.627205201304946 11.885418805132366 12.668255269379936 12.180266279426672 12.352452649553726 12.787481724678306 12.301691132439744 12.401925931748455 12.858312852695446 12.532673446629273 12.457001719268446 12.039134723983274 11.747825580495748 11.532158018889207 11.887767224557646 12.555297687452425 13.579891729081382 14.76893562654406 15.950845810672845 16.586136903742126 17.886788170703078 19.30989251488625 20.89474331904975 22.883793091996456 -9999 -9999 -9999 -9999 -9999 -9999 -9999 -9999 -9999 -9999 -9999 -9999 -9999 -9999 -9999 -9999 -9999 -9999 -9999 -9999 -9999 -9999 -9999 -9999
-9999 -9999 -9999 14.716631271033432 15.325044158382289 14.903205397439086 14.116175928323948 13.629726138151073 13.144574791510024 12.733930021750812 12.578512358319411 12.80950523468712 13.20379362317277 13.387742826479052 12.821536784461975 12.748114569768285 12.612525429607134 12.419337299786575 12.78195700399503 13.508019573403613 14.867944247182633 15.997642648274715 17.46106701707308 17.95625370784389 18.94100765703673 20.377520984503214 22.425228658510576 -9999 -9999 -9999 -9999 -9999 -9999 -9999 -9999 -9999 -9999 -9999 -9999 -9999 -9999 -9999 -9999 -9999 -9999 -9999 -9999 -9999 -9999 -9999 -9999 -9999
-9999 -9999 -9999 -9999 15.428057758994596 15.965393252927212 16.282313606445918 16.095657815426666 15.310000597402668 14.937448743453725 14.606121297708386 14.219225130264142 14.75462795572336 15.239800989769895 15.507098121276774 15.630968434617705 15.297051656126687 15.620106671421475 15.968613758197561 16.720333093011874 17.62612371912489 19.1325578806024 20.276099068645284 21.8249683393542 -9999 -9999 -9999 -9999 -9999 -9999 -9999 -9999 -9999 -9999 -9999 -9999 -9999 -9999 -9999 -9999 -9999 -9999 -9999 -9999 -9999 -9999 -9999 -9999 -9999 -9999 -9999 -9999
-9999 -9999 -9999 -9999 13.750507957474944 14.352834691923464 14.640038941589852 14.719830865402406 15.477098966886608 16.41739881568715 16.902274662958348 16.90805551894264 16.326453416646313 16.170208034591536 16.48668583336475 16.71309237711975 17.513983689517 17.841933107322205 18.511875334978992 19.268998996916963 19.941959764827658 20.459673182802643 23.100866389960622 25.32320583114107 25.57299210596397 -9999 -9999 -9999 -9999 -9999 -9999 -9999 -9999 -9999 -9999 -9999 -9999 -9999 -9999 -9999 -9999 -9999 -9999 -9999 -9999 -9999 -9999 -9999 -9999 -9999 -9999 -9999
-9999 -9999 -9999 -9999 15.820465690541234 16.450194488771206 16.742237080637068 16.80237662948689 16.9822626313162 17.255690262391756 17.884749679772582 17.473532394698953 17.174086008222726 17.433734779421936 18.22816443717354 18.547987233624877 18.847347248611378 19.695318964914318 20.96541861343408 22.193553549047504 23.13827621561525 23.825990069430915 24.55707984065464 25.65088038522771 -9999 -9999 -9999 -9999 -9999 -9999 -9999 -9999 -9999 -9999 -9999 -9999 -9999 -9999 -9999 -9999 -9999 -9999 -9999 -9999 -9999 -9999 -9999 -9999 -9999 -9999 -9999 -9999
-9999 -9999 -9999 -9999 12.347181756572812 17.04573983263145 19.25917182347246 20.074808871263926 20.20843780494302 19.504576913731267 19.003633994141936 18.184203663442407 17.950150347317365 18.47515493693857 18.93732644555302 19.45343452662276 20.036205614347494 20.42531432161393 21.11823746366055 22.18209760742704 23.617429030387907 24.57822555373404 25.904583387091254 -9999 -9999 -9999 -9999 -9999 -9999 -9999 -9999 -9999 -9999 -9999 -9999 -9999 -9999 -9999 -9999 -9999 -9999 -9999 -9999 -9999 -9999 -9999 -9999 -9999 -9999 -9999 -9999 -9999
