metrics/grid_rasters/ASCAT 12.5 TS/grideval_ASCAT 12.5 TS_X_summer_2018_absolute_bias.asc
ncols 52
nrows 55
xllcorner     11.25
yllcorner     55.25
cellsize      0.25
NODATA_value  -9999
[rows 0 to 28 of 55, columns 0 to 51 of 52]
-9999 -9999 -9999 -9999 -9999 -9999 -9999 -9999 -9999 -9999 -9999 -9999 -9999 -9999 -9999 -9999 -9999 -9999 -9999 -9999 -9999 -9999 -9999 -9999 -9999 -9999 -9999 -9999 -9999 -9999 -9999 -9999 -9999 -9999 -9999 -9999 -84.10216285989428 -84.5547053965222 -85.4083272686378 -9999 -9999 -9999 -9999 -9999 -9999 -9999 -9999 -9999 -9999 -9999 -9999 -9999
-9999 -9999 -9999 -9999 -9999 -9999 -9999 -9999 -9999 -9999 -9999 -9999 -9999 -9999 -9999 -9999 -9999 -9999 -9999 -9999 -9999 -9999 -9999 -9999 -9999 -9999 -9999 -9999 -9999 -9999 -9999 -9999 -9999 -9999 -9999 -9999 -83.66402752001828 -86.6469270491169 -86.72147109815401 -85.31886732103266 -83.58973248174455 -83.59180062582756 -9999 -9999 -9999 -9999 -9999 -9999 -9999 -9999 -9999 -9999
-9999 -9999 -9999 -9999 -9999 -9999 -9999 -9999 -9999 -9999 -9999 -9999 -9999 -9999 -9999 -9999 -9999 -9999 -9999 -9999 -9999 -9999 -9999 -9999 -9999 -9999 -9999 -78.70636649503905 -78.75697867238594 -82.56146306248384 -84.46694670180351 -82.05787710220986 -75.64666888813633 -72.50544264111481 -9999 -75.72596323574024 -81.81617775682092 -86.03699955226693 -86.48530701787399 -85.49424260954059 -85.50587948937898 -84.29639640041138 -83.69928189204006 -83.8374019497564 -84.64476605570155 -84.65340249754398 -9999 -9999 -9999 -9999 -9999 -9999
-9999 -9999 -9999 -9999 -9999 -9999 -9999 -9999 -9999 -9999 -9999 -9999 -9999 -9999 -9999 -9999 -9999 -9999 -9999 -9999 -9999 -9999 -9999 -9999 -9999 -9999 -9999 -81.59440795623199 -83.97238946510505 -84.35804468464728 -81.18195256392963 -74.88834514093895 -74.96534795851855 -70.36294179862035 -70.45344421294516 -74.12123436855941 -77.60017781724521 -79.99376350123444 -79.99534611493519 -81.5704901102097 -82.15505857384305 -81.63353710609297 -82.13499652676481 -81.72028600188227 -81.7277460768717 -82.15296161001642 -82.79919941097022 -83.64158893656081 -9999 -9999 -9999 -9999
-9999 -9999 -9999 -9999 -9999 -9999 -9999 -9999 -9999 -9999 -9999 -9999 -9999 -9999 -9999 -9999 -9999 -9999 -9999 -9999 -9999 -9999 -84.8454368367938 -87.54480078052616 -86.20236109927922 -85.98784029359975 -86.43652542348003 -86.81438879402302 -86.8460702323612 -86.16508672572878 -84.44148020743928 -80.46179115638625 -78.8670220025568 -75.01239826643801 -75.74342742828975 -77.41484168072704 -75.61484747076649 -75.72489902350627 -76.30881886344794 -76.98900539347609 -79.00412232797322 -81.62137062316741 -82.72169753314633 -81.52844193328906 -80.5594770524487 -80.20710806523469 -80.50790961740101 -80.88524279040969 -80.59513366476007 -9999 -9999 -9999
-9999 -9999 -9999 -9999 -9999 -9999 -9999 -9999 -9999 -9999 -9999 -9999 -9999 -9999 -9999 -9999 -9999 -9999 -9999 -9999 -9999 -88.02691190676791 -88.02774036859181 -89.58190889276251 -87.22289334306744 -85.69808421674355 -81.81515403224032 -79.628210668582 -79.32979408124336 -79.33521693240674 -80.3535345469618 -81.98443341060549 -82.8392499545539 -83.11844671621985 -81.56050916603047 -79.66559189707301 -79.6657276850851 -77.5662615399321 -76.55489865323301 -78.03210887106673 -79.09154092114079 -80.3637602994061 -80.36790964582215 -82.43504758349879 -82.81563738513478 -82.33950518128417 -81.7385898153395 -81.23864011022205 -78.58750367203866 -9999 -9999 -9999
-9999 -9999 -9999 -9999 -9999 -9999 -9999 -9999 -9999 -9999 -9999 -9999 -9999 -9999 -9999 -9999 -9999 -9999 -9999 -9999 -81.94087918409733 -86.47755065367117 -87.47076437665457 -86.66836474150101 -84.79447987618063 -80.44642124438795 -80.44696643531353 -76.38593386617276 -74.41343203156346 -72.987234022922 -75.2509541175222 -78.96607002317747 -81.36620514393246 -81.3767464879093 -82.61241119462203 -80.63939605648727 -77.1014060006014 -74.27830452806725 -75.23539258180463 -75.543695326355 -75.53821588677286 -76.56775055678655 -78.18886556775641 -79.40314610062447 -80.53125807623977 -81.26286517148401 -80.95709430887392 -80.96875173014767 -80.18290319790486 -78.32143546400731 -9999 -9999
-9999 -9999 -9999 -9999 -9999 -9999 -9999 -9999 -9999 -9999 -9999 -9999 -9999 -9999 -9999 -9999 -9999 -9999 -9999 -9999 -9999 -83.19248907738539 -83.17988641486812 -83.18496267534971 -83.46326622596031 -80.59243271423243 -78.42131409732356 -77.23584331930985 -76.85551469039297 -77.26014423575388 -77.20231255094913 -75.55173007412328 -77.18603326577991 -80.32425324407711 -82.63524882610021 -81.98934549556971 -78.45657393807146 -75.26887403909295 -75.27653899196714 -74.3469609391865 -74.18377425169112 -74.92026288592025 -75.6890380306332 -76.53537107773738 -76.06268409667712 -76.0652645047687 -75.68845833354167 -75.17078223543606 -73.91517857955195 -9999 -9999 -9999
-9999 -9999 -9999 -9999 -9999 -9999 -9999 -9999 -9999 -9999 -9999 -9999 -9999 -9999 -9999 -9999 -9999 -9999 -9999 -83.6262875817458 -85.41130110499141 -85.67341801109467 -84.73966114212628 -84.47010431139188 -82.17938949769575 -78.57181973068145 -73.74043499450025 -73.7361130452379 -71.51118128006402 -71.52173546483608 -72.33644936776123 -72.14371120866026 -72.77917195192637 -74.38886493552374 -77.10278544763756 -77.09878253022862 -79.12271374908394 -79.12283626822851 -77.68854153238705 -75.52853651681724 -73.53450796433181 -71.85538921304928 -72.72696915705338 -72.73061227204592 -71.56488092592139 -70.41899126981862 -70.68034532962331 -70.76623361865072 -70.57423037583327 -70.24328879994718 -71.04508630016164 -9999
-9999 -9999 -9999 -9999 -9999 -9999 -9999 -9999 -9999 -9999 -9999 -9999 -9999 -9999 -9999 -9999 -9999 -9999 -88.51900592433508 -86.66022811749224 -85.36284369450038 -84.10619593375694 -83.41835856620054 -81.23528311909686 -79.8023062675923 -78.72972704819884 -78.75273714465548 -78.02303035468907 -77.30299515868218 -77.11711235319792 -76.18316605313376 -75.31238323531146 -74.6241286782709 -73.81722151189845 -73.0888038823145 -73.08738333971672 -72.96755254061303 -74.21207483128434 -75.20162607195391 -75.43955595735464 -73.13387347824987 -70.38728724600794 -69.17435153501411 -67.80693762719608 -67.81501852953049 -67.70143471006891 -67.39831558852367 -67.90000492660423 -68.64282473418861 -68.4464484814665 -68.70938992740278 -9999
-9999 -9999 -9999 -9999 -9999 -9999 -9999 -9999 -9999 -9999 -9999 -9999 -9999 -9999 -9999 -9999 -9999 -89.1960096388324 -88.48666176942129 -85.91565031966505 -81.95485680093385 -79.16406074091508 -79.16814297234102 -76.00517960785443 -73.60006125709954 -71.76892663024122 -71.73808980002534 -71.9153936852707 -73.45677696086514 -74.20258958682719 -73.6299028667258 -73.63518557306178 -71.60453311569958 -70.30803657201278 -69.93644193534838 -69.35598214747412 -69.67729895392597 -68.93467536304149 -69.34060309557786 -69.65610142355659 -69.5168596000365 -69.51817014338208 -70.14740095962411 -69.83698661982109 -68.52338904589625 -66.66666073582394 -65.7449914378509 -66.9769900919054 -67.05078396991897 -67.99626698693324 -9999 -9999
-9999 -9999 -9999 -9999 -9999 -9999 -9999 -9999 -9999 -9999 -9999 -9999 -9999 -81.38671968377396 -82.83219800701421 -86.23847223430498 -89.6431834169734 -89.64103335514103 -89.41945506081603 -87.03195703311918 -83.46160766048172 -80.37758353011581 -76.20843597999327 -72.23183252537338 -70.19129398509678 -71.1511935459212 -70.43751943766691 -70.43884280292194 -71.05084116705869 -71.020394277553 -72.33452230495405 -72.85262317029665 -70.98761545026089 -69.20386741251575 -69.51022173560358 -71.78701670416363 -70.6292109375133 -70.09867807002334 -70.09996354858475 -68.86481805460403 -67.07194654638072 -66.58511887280716 -67.22062333431876 -66.52867183959698 -66.31896629944329 -67.34256010026333 -67.9503434869929 -68.52168461234885 -68.51985790941762 -69.70238095695413 -67.76198076938641 -9999
-9999 -9999 -9999 -9999 -9999 -9999 -9999 -9999 -9999 -9999 -9999 -9999 -9999 -79.4189824323509 -79.55051095245831 -81.72730877041475 -84.43813325309199 -85.88813188564333 -84.6708364562962 -81.74478511714841 -77.07523288965534 -73.66801048848734 -71.47192928953909 -71.47177449302545 -71.40561739737744 -71.73099466309506 -72.78524388451201 -73.21694686043861 -72.50891033056523 -73.47791578345402 -73.01572872510434 -73.27105475080555 -73.364388202255 -74.33806992115244 -74.34865950752663 -74.78711760484242 -73.8904230816339 -72.6578031921607 -71.27167537590498 -69.12503930408171 -66.65786785030082 -66.81122663215177 -67.05609809496431 -66.60644745743954 -67.90825226915695 -67.90879368045033 -69.86394989437905 -70.62292599261295 -71.21053930435939 -70.34463354026676 -70.67465772230004 -69.66639942905286
-9999 -9999 -9999 -9999 -9999 -9999 -9999 -9999 -9999 -9999 -9999 -9999 -9999 -82.26203455269125 -81.4000106913802 -76.42733418733302 -74.60879982419378 -74.03894857932569 -72.88462118993158 -74.8545770836076 -72.64633078255244 -71.03185275487942 -70.81900181824305 -71.17298668920961 -72.74009255487297 -74.31988252091787 -78.0076748495659 -78.61922830152412 -77.588625500128 -75.89083958098259 -75.60361586952781 -75.49204613143226 -75.06181807023825 -75.04669352927996 -75.58896824781827 -75.49521330185962 -73.744432515577 -73.06622453531759 -71.17068051915764 -71.90544560114908 -71.47081950002723 -70.19956575049646 -68.06989394719231 -61.333458403153934 -9999 -9999 -9999 -9999 -9999 -9999 -9999 -9999
-9999 -9999 -9999 -9999 -9999 -9999 -9999 -9999 -9999 -9999 -9999 -9999 -9999 -85.91235759967691 -84.04017426357929 -80.66292323534347 -76.93863996579455 -73.14899621923115 -71.78019607640566 -71.2227848132355 -72.24777589661416 -73.52932287348787 -73.5935014353032 -73.63181430229886 -73.5700039919902 -75.75198713063449 -77.56829588638905 -77.637941298035 -77.63873289906495 -76.08661924976553 -75.36014080964249 -74.52211180225578 -74.52497249373084 -74.40973874711273 -74.3806559805453 -72.84825669652763 -71.36692743153833 -70.82418640943077 -71.95732839955916 -73.15578356647136 -72.61580514777125 -9999 -9999 -9999 -9999 -9999 -9999 -9999 -9999 -9999 -9999 -9999
-9999 -9999 -9999 -9999 -9999 -9999 -9999 -9999 -9999 -9999 -9999 -9999 -87.35457074503206 -84.47187352349658 -81.44227569981616 -77.49684968168711 -73.4683728357099 -71.09194697819585 -70.95052300012516 -70.8243768371772 -72.74033076185965 -72.74030247974413 -74.11488580797648 -73.71347519092933 -74.14047840050084 -75.85872131972445 -77.70135945238631 -77.22937307470104 -75.45599941950644 -74.32952290472615 -74.01456140790125 -73.84783608609114 -74.27493766900834 -74.25861570097047 -74.13537304612701 -72.34455013299211 -71.49255184642283 -71.49501841047103 -73.26103980426464 -74.10239948092759 -72.73306959293049 -9999 -9999 -9999 -9999 -9999 -9999 -9999 -9999 -9999 -9999 -9999
-9999 -9999 -9999 -9999 -9999 -9999 -9999 -9999 -9999 -9999 -9999 -76.85722746463759 -76.82706369026259 -78.07889772522867 -79.61528703321228 -75.78782266077603 -71.21103323881573 -70.11961969828769 -70.12647090848843 -71.34330099089905 -72.38267059189056 -73.57484975262791 -74.71172382547233 -74.50566368639508 -75.15123585856317 -75.75761009400631 -77.46813334236627 -76.40979879713105 -75.44308577865655 -74.89318776960252 -74.32205350694906 -74.32150164565822 -73.60121693971288 -73.85221311426659 -74.26940218789468 -73.87111544136073 -72.53972612122989 -72.49300502380541 -71.27840401140627 -64.3012278303581 -9999 -9999 -9999 -9999 -9999 -9999 -9999 -9999 -9999 -9999 -9999 -9999
-9999 -9999 -9999 -9999 -9999 -9999 -9999 -9999 -9999 -9999 -74.85262393356469 -74.35771014696691 -73.98276573999519 -72.44171713992937 -69.92237946424966 -67.79752183283726 -69.0610572210223 -71.37970929906962 -72.25312769609367 -74.24435587800896 -75.63130881901455 -76.95877432009429 -77.16158198686233 -76.2528557474765 -76.06269455157422 -75.55434172695934 -76.00625359921905 -76.04821149774594 -76.80277304220837 -76.52482432612024 -75.7694931280874 -74.83483114818648 -73.34567960294449 -74.22892303960072 -73.96742395277295 -72.50481591283761 -71.4197549441091 -68.86908994728158 -65.26663885101246 -9999 -9999 -9999 -9999 -9999 -9999 -9999 -9999 -9999 -9999 -9999 -9999 -9999
-9999 -9999 -9999 -9999 -9999 -9999 -9999 -9999 -9999 -9999 -9999 -9999 -73.62079880921287 -70.8770262699858 -70.74539091655869 -70.74768695840496 -71.21921937687281 -72.58269795332419 -73.21584118828841 -73.69687030338723 -75.38937665323033 -75.96762785448617 -78.14048789899088 -77.90585984223983 -76.94287110686341 -76.4953953627319 -74.50173417609022 -74.31407224352327 -73.33656585039003 -73.56690432800492 -73.84576930166908 -73.18218017630345 -71.13740273186417 -69.5578261042149 -68.38220498825478 -68.7070068358543 -70.2278212313694 -69.16148445864576 -63.95863616594296 -55.194083940536785 -9999 -9999 -9999 -9999 -9999 -9999 -9999 -9999 -9999 -9999 -9999 -9999
-9999 -9999 -9999 -9999 -9999 -9999 -9999 -9999 -9999 -9999 -9999 -74.01407904859441 -72.83885890745744 -71.16639725492308 -69.54722501642472 -69.90347374417479 -72.26225804807723 -73.35377397546327 -73.72662881305683 -73.463167931019 -74.7340011516349 -76.05172607866334 -77.7356227463377 -76.87312488520693 -76.64279102398851 -76.98026377488894 -76.50338689568024 -75.66494391557688 -74.6888602342955 -73.73891882046286 -72.60195842260823 -71.26932680560569 -69.44123114669621 -67.94259368942332 -67.94180682796535 -68.52323648350453 -71.5188619097201 -70.19170187529184 -63.62257944031788 -9999 -9999 -9999 -9999 -9999 -9999 -9999 -9999 -9999 -9999 -9999 -9999 -9999
-9999 -9999 -9999 -9999 -9999 -82.83590675303579 -81.88878749560797 -79.96837827105985 -79.01298631332065 -74.31352857479388 -70.27882770627524 -69.7506751134393 -69.74803716056054 -70.62852480332896 -69.97868350676535 -70.23709573416187 -71.50792105191225 -73.19312830822773 -74.30222652387805 -73.76694456162973 -73.30636864510204 -73.95817376601046 -74.92622199606284 -76.0209137412467 -76.25933170825991 -75.46736558099428 -74.94061813119973 -74.70908206489223 -73.58482739209178 -72.80919927549245 -72.0750934373365 -71.1456222769428 -70.24686468955693 -68.41775101841985 -67.3843351611243 -66.99230711844628 -65.44074642491951 -57.307193806005344 -9999 -9999 -9999 -9999 -9999 -9999 -9999 -9999 -9999 -9999 -9999 -9999 -9999 -9999
-9999 -9999 -9999 -9999 -80.85599839465436 -79.04827440545041 -76.01052650752668 -73.40227188851695 -71.58652401241577 -70.9423978382939 -70.12885916955803 -69.67573419370726 -69.12656181240848 -70.68549886066619 -72.85742443960173 -73.48189859664406 -74.42441815482599 -75.19744158964579 -74.63151991206689 -74.89786911574036 -74.272635626063 -74.51600197416144 -73.74512820246085 -74.83591714353976 -74.30081230259435 -73.54366659312458 -73.29612031579947 -73.8910758895673 -72.01444894115673 -70.72954260260256 -70.75872275419391 -69.87100347625392 -69.30331392884621 -66.0459443186995 -61.04170823781105 -9999 -9999 -9999 -9999 -9999 -9999 -9999 -9999 -9999 -9999 -9999 -9999 -9999 -9999 -9999 -9999 -9999
-9999 -9999 -9999 -80.87018383427136 -78.38187211529865 -75.72887187100693 -74.42298392483414 -72.74749949364539 -72.09940201882864 -71.13595699794347 -70.57927336829209 -72.49628284386232 -72.83972764197361 -73.73179331211294 -75.04707074619046 -76.17097502337741 -75.43074818724983 -75.4819465283259 -74.87981711148213 -74.80275331034845 -74.63526904333392 -73.62632290163167 -72.6147363843268 -73.11701348091528 -72.45861377696716 -71.0518977796349 -67.80731697621671 -66.81657900046618 -65.74806698908039 -61.4501208448624 -54.27339969337182 -9999 -9999 -9999 -9999 -9999 -9999 -9999 -9999 -9999 -9999 -9999 -9999 -9999 -9999 -9999 -9999 -9999 -9999 -9999 -9999 -9999
-9999 -9999 -9999 -81.7473258581684 -79.86734881720669 -73.61510507819446 -71.96303689991655 -70.7450210299522 -71.01512265369026 -70.70645901116052 -70.66621780642545 -70.13803644301237 -71.5655085055189 -72.57057384600009 -74.03067218140299 -75.65730847381526 -75.0698307894209 -75.46966225829138 -74.13300420359698 -73.84168538223473 -73.5527537071053 -72.7780026294973 -72.16605497130006 -72.63079320527008 -72.80541213050903 -70.84571828985501 -68.27951121126316 -65.50553568982568 -61.346476063283646 -9999 -9999 -9999 -9999 -9999 -9999 -9999 -9999 -9999 -9999 -9999 -9999 -9999 -9999 -9999 -9999 -9999 -9999 -9999 -9999 -9999 -9999 -9999
-9999 -9999 -9999 -81.75735837839187 -82.68449993440137 -81.52882133366373 -75.44602300429338 -72.29531293625277 -74.65143384996811 -75.98073356761903 -76.22055178656571 -75.21936553206359 -71.8456100713368 -72.88740772967077 -72.87067608660742 -73.3088952847864 -73.76065483340588 -74.39614798389195 -74.0680647128743 -74.25956540060018 -74.69708031967423 -73.62255731739633 -73.38841616575519 -72.78409321093929 -69.6847650247524 -68.25580568630312 -63.10610430168061 -54.81813194264201 -9999 -9999 -9999 -9999 -9999 -9999 -9999 -9999 -9999 -9999 -9999 -9999 -9999 -9999 -9999 -9999 -9999 -9999 -9999 -9999 -9999 -9999 -9999 -9999
-9999 -9999 -9999 -78.71751814603522 -77.76481355956629 -75.61844850100697 -74.77284390185906 -75.52530124658442 -76.2859151482982 -77.12990322837223 -77.09814611314523 -75.35739392603 -73.23332577621935 -72.85453298528854 -74.57530152171447 -74.6681230764667 -74.21410807733244 -74.29515889909814 -73.62708120800706 -73.73332641707036 -72.72899019961336 -72.80841980857872 -72.76326595918233 -72.23524006039294 -70.66512254773501 -66.39580963374118 -57.93376521434064 -9999 -9999 -9999 -9999 -9999 -9999 -9999 -9999 -9999 -9999 -9999 -9999 -9999 -9999 -9999 -9999 -9999 -9999 -9999 -9999 -9999 -9999 -9999 -9999 -9999
-9999 -9999 -9999 -9999 -75.92000234406204 -75.95561205086871 -76.08760678538522 -76.02955144533342 -75.95589844361862 -76.74863571299383 -75.38530155586827 -74.48682267118147 -74.44399958899761 -74.64187023262747 -75.41036297041545 -75.79821344616711 -74.92810847586391 -74.5822910883093 -73.4233699001253 -72.129769771188 -70.45480641419114 -69.56079212598348 -69.10795995503385 -64.14246246795427 -9999 -9999 -9999 -9999 -9999 -9999 -9999 -9999 -9999 -9999 -9999 -9999 -9999 -9999 -9999 -9999 -9999 -9999 -9999 -9999 -9999 -9999 -9999 -9999 -9999 -9999 -9999 -9999
-9999 -9999 -9999 -9999 -76.95866593497107 -78.50811651801456 -78.5734482568587 -78.01106141967583 -76.5251021415675 -75.2953572809973 -76.33668446543571 -76.96301544941437 -76.86387406569895 -75.9845617897689 -76.09065289595131 -75.49680439235286 -74.96846493026463 -74.52263416125179 -74.73599905118027 -74.7485992452261 -75.15763541441788 -73.7962350279371 -68.92022713276194 -63.381184698951365 -41.64705767515395 -9999 -9999 -9999 -9999 -9999 -9999 -9999 -9999 -9999 -9999 -9999 -9999 -9999 -9999 -9999 -9999 -9999 -9999 -9999 -9999 -9999 -9999 -9999 -9999 -9999 -9999 -9999
-9999 -9999 -9999 -9999 -80.65568259172717 -79.80049547891497 -79.69733444512082 -79.80348492482163 -78.61100701310109 -77.25439798151534 -76.86080512623134 -77.57690105704278 -77.77801960453992 -77.14822840338411 -76.66003369734632 -76.58457559312309 -76.41639248856085 -76.51725631099572 -75.49778927824823 -75.07794818834581 -73.42982823222077 -71.67851365013432 -69.82878974217404 -65.69187299964311 -9999 -9999 -9999 -9999 -9999 -9999 -9999 -9999 -9999 -9999 -9999 -9999 -9999 -9999 -9999 -9999 -9999 -9999 -9999 -9999 -9999 -9999 -9999 -9999 -9999 -9999 -9999 -9999
