metrics/grid_rasters/ASCAT 12.5 TS/grideval_ASCAT 12.5 TS_S_spring_absolute_bias.asc
ncols 52
nrows 55
xllcorner     11.25
yllcorner     55.25
cellsize      0.25
NODATA_value  -9999
[rows 0 to 28 of 55, columns 0 to 51 of 52]
-9999 -9999 -9999 -9999 -9999 -9999 -9999 -9999 -9999 -9999 -9999 -9999 -9999 -9999 -9999 -9999 -9999 -9999 -9999 -9999 -9999 -9999 -9999 -9999 -9999 -9999 -9999 -9999 -9999 -9999 -9999 -9999 -9999 -9999 -9999 -9999 -55.53754183982397 -55.44553223523529 -54.26955027986853 -9999 -9999 -9999 -9999 -9999 -9999 -9999 -9999 -9999 -9999 -9999 -9999 -9999
-9999 -9999 -9999 -9999 -9999 -9999 -9999 -9999 -9999 -9999 -9999 -9999 -9999 -9999 -9999 -9999 -9999 -9999 -9999 -9999 -9999 -9999 -9999 -9999 -9999 -9999 -9999 -9999 -9999 -9999 -9999 -9999 -9999 -9999 -9999 -9999 -51.984941302504474 -57.61139522194025 -57.88432122168064 -55.27434412901578 -51.47877257023882 -51.47933875275145 -9999 -9999 -9999 -9999 -9999 -9999 -9999 -9999 -9999 -9999
-9999 -9999 -9999 -9999 -9999 -9999 -9999 -9999 -9999 -9999 -9999 -9999 -9999 -9999 -9999 -9999 -9999 -9999 -9999 -9999 -9999 -9999 -9999 -9999 -9999 -9999 -9999 -53.53900421598865 -53.57882960436804 -54.93811532756124 -53.25004233320556 -48.42893192666113 -41.24190636588181 -39.743732753327706 -9999 -43.11823024729516 -48.65735801635068 -55.285328276094354 -57.192121068075686 -55.35804857161258 -55.35686450298298 -53.04995328854641 -51.07532162085023 -48.72114842391824 -48.40393144861057 -48.402356146818164 -9999 -9999 -9999 -9999 -9999 -9999
-9999 -9999 -9999 -9999 -9999 -9999 -9999 -9999 -9999 -9999 -9999 -9999 -9999 -9999 -9999 -9999 -9999 -9999 -9999 -9999 -9999 -9999 -9999 -9999 -9999 -9999 -9999 -57.402067711090815 -59.32319558351321 -57.8521082189309 -50.83887077268053 -40.44670469909176 -40.494907499326075 -35.970461670016206 -39.321987944401705 -44.352903965121 -46.803740139568774 -48.291701551268396 -48.29052718428893 -49.93430674725304 -50.09473092518708 -48.65754484156388 -47.928618717542115 -45.717442687604844 -45.71731736964517 -45.24856914573676 -45.75785660875529 -47.7444161660581 -9999 -9999 -9999 -9999
-9999 -9999 -9999 -9999 -9999 -9999 -9999 -9999 -9999 -9999 -9999 -9999 -9999 -9999 -9999 -9999 -9999 -9999 -9999 -9999 -9999 -9999 -60.35032735161066 -63.91831109360714 -62.43045781172026 -60.796769139141276 -60.408795782659816 -61.79397995148411 -59.91478154781636 -58.802899289394844 -57.20413914862134 -50.16298245116097 -44.70217713453965 -40.494334150755726 -42.061876824381656 -43.258747182022354 -44.198530490407435 -46.16246748113882 -46.724524765226825 -45.726602917513176 -44.692995438563344 -47.55692610534912 -47.17255659942611 -45.36199251045447 -45.2972590650848 -45.356665503245665 -47.15264955419436 -51.91263753364986 -54.78467280105484 -9999 -9999 -9999
-9999 -9999 -9999 -9999 -9999 -9999 -9999 -9999 -9999 -9999 -9999 -9999 -9999 -9999 -9999 -9999 -9999 -9999 -9999 -9999 -9999 -64.55363009098974 -64.55624610433081 -65.95911677231594 -64.55699956469302 -62.403091488993255 -56.65648932600515 -53.08554343349915 -49.45900797915212 -49.461213466646576 -48.12290316461237 -48.50707099666489 -48.78896444898361 -48.773756891465204 -47.15745006282157 -44.63514298165034 -44.6348776607456 -43.08031259615584 -44.89730332354914 -47.5060819214361 -48.646642256034355 -49.330164361209704 -49.33035794514689 -51.57107457079817 -52.11170384850793 -52.67524443220661 -54.0185248285111 -56.31974082432421 -56.921186219146186 -9999 -9999 -9999
-9999 -9999 -9999 -9999 -9999 -9999 -9999 -9999 -9999 -9999 -9999 -9999 -9999 -9999 -9999 -9999 -9999 -9999 -9999 -9999 -62.3863078505271 -65.74803609285163 -65.48177303278217 -66.93420478034272 -67.80020936768615 -61.44704105488144 -61.446962746182756 -52.834635301844465 -45.747710176458966 -42.454008935169966 -42.22697132039967 -44.46846150805048 -45.80021134071356 -45.79531916778344 -46.16293214175723 -45.118678465490504 -44.27468823920157 -43.90277931972968 -46.757268344481666 -47.86456560463688 -47.86365455370157 -49.10116023049182 -50.38800689149939 -51.97121365878586 -54.41150025658997 -56.27392123016489 -57.10995805875307 -57.10956140618997 -58.44429993979704 -59.359350471469 -9999 -9999
-9999 -9999 -9999 -9999 -9999 -9999 -9999 -9999 -9999 -9999 -9999 -9999 -9999 -9999 -9999 -9999 -9999 -9999 -9999 -9999 -9999 -58.83116603864964 -58.33065281414021 -58.330586680628436 -59.55491966532809 -58.184765047594155 -54.56861559519147 -52.48552628851383 -49.53255344418048 -47.608997401977156 -47.55582224673726 -44.012446854505065 -43.90034753126557 -45.35351516029025 -45.923151563636814 -45.674589742383326 -46.12446203127373 -46.93072271272236 -46.92900366817265 -48.7958193851464 -50.47615686306902 -51.71254496028978 -52.66352994717638 -54.818933501519794 -55.70537596602103 -55.70473662163001 -56.913651678589275 -58.126456549382326 -58.93881038384391 -9999 -9999 -9999
-9999 -9999 -9999 -9999 -9999 -9999 -9999 -9999 -9999 -9999 -9999 -9999 -9999 -9999 -9999 -9999 -9999 -9999 -9999 -58.174540794699354 -59.5212602661025 -60.165466632290205 -58.67814980968643 -57.750541494453785 -55.365879075247285 -50.55367564086831 -46.43378406640663 -46.43399713122977 -45.48171533481452 -47.382962707137445 -48.62167258076974 -48.1304857996933 -48.06658853928053 -48.33654787291354 -48.64797144265028 -48.648417423986466 -48.30469782638281 -47.77164216517535 -47.85160091990942 -48.59652055007353 -50.89537964252437 -53.970068506007145 -56.91862977930133 -56.91962001829789 -57.05499596087754 -57.54179910106525 -59.01081763407528 -59.80688102240554 -60.389949758089685 -61.02945634147169 -62.23087047134846 -9999
-9999 -9999 -9999 -9999 -9999 -9999 -9999 -9999 -9999 -9999 -9999 -9999 -9999 -9999 -9999 -9999 -9999 -9999 -59.64283927241485 -57.58276504212564 -57.55228634250182 -57.11748862476775 -57.00263192541712 -55.46997054657186 -53.44698013354174 -50.85050923562742 -50.847816106530715 -48.00395760083495 -46.40972583622978 -45.57119993869723 -46.91825473196394 -50.87490150285017 -54.66920381254958 -57.01297983801696 -58.419689052606856 -58.41907619854979 -59.16058076074354 -58.85509463958148 -56.652547971611604 -54.7122617600161 -52.924083651839396 -54.219036788615675 -57.68029618075696 -60.646164444114866 -60.645785770659344 -62.38294095056454 -62.03135740971627 -62.095147978429395 -62.46573962825908 -61.97736689095947 -61.429153578865936 -9999
-9999 -9999 -9999 -9999 -9999 -9999 -9999 -9999 -9999 -9999 -9999 -9999 -9999 -9999 -9999 -9999 -9999 -61.644923312616385 -59.71702969171515 -56.83099697352537 -52.83507214041973 -53.73177921463884 -53.73072251859477 -53.788055093909165 -52.6570952078371 -51.13520326412598 -49.92369474523762 -48.479356845943215 -47.88896375813747 -47.17047575295904 -46.29925310953038 -46.30018766785757 -47.14870400392726 -50.571145629367315 -53.924402387547005 -56.40049643990107 -59.47580875156153 -61.189946355312394 -62.09921920407435 -61.26607578088546 -60.321560119401276 -60.320870123700615 -61.073854860701026 -62.08022196635635 -62.84429818848069 -62.51958689665336 -61.83569658179102 -61.858031198868744 -60.74551586596597 -60.33125104046518 -9999 -9999
-9999 -9999 -9999 -9999 -9999 -9999 -9999 -9999 -9999 -9999 -9999 -9999 -9999 -56.91085751822207 -58.59849162391895 -61.19303200618378 -63.45235637296815 -63.45405275014368 -62.293118574791784 -59.92278297646655 -55.53358141380861 -52.048031157882875 -50.97278584052215 -51.2305034086856 -52.273710128787855 -54.55312899080439 -53.706620289141924 -53.70032085736529 -52.94040582637472 -52.1965910832041 -53.09204832577754 -53.81936965079156 -53.833431509837204 -55.32774387511508 -56.91010723916135 -59.75874726264447 -61.61249673018101 -64.51445813350313 -64.51421754374347 -65.58620557597082 -64.75268932832992 -64.2529439075565 -64.06917382686865 -62.354761524844314 -61.52913322800194 -62.22226811229943 -61.84623464533082 -61.23068706622605 -61.23094214374592 -61.371694702093 -59.1184970511885 -9999
-9999 -9999 -9999 -9999 -9999 -9999 -9999 -9999 -9999 -9999 -9999 -9999 -9999 -57.4945875141461 -57.98776040824054 -59.546341514678964 -60.25078045444271 -60.66729833328069 -58.509784835383456 -55.88656310682367 -52.49494646827417 -50.77747354508708 -50.539136638362294 -50.53857140747238 -52.708840061092864 -54.657888719578295 -57.40548063116943 -58.321975930273 -57.25742162249154 -58.1823471115843 -59.402748323053004 -60.82514783335808 -61.74315071952956 -63.241100461916005 -63.23986941633791 -64.09155701953419 -64.28949382871356 -64.9083066262845 -66.15298111643551 -66.55480011671487 -65.89244392041931 -66.61176081348214 -65.99259894151271 -64.24364646443831 -64.14669776207687 -64.14705118878597 -63.91520977508701 -63.5913095169903 -63.125351280994686 -61.69211064994168 -62.48997779191253 -63.555884101949175
-9999 -9999 -9999 -9999 -9999 -9999 -9999 -9999 -9999 -9999 -9999 -9999 -9999 -59.157795573605405 -60.745033051192806 -56.978814303803844 -56.17785442716082 -56.01449845054946 -55.65196406828159 -55.39468781764908 -53.67777496160282 -52.956770115264256 -54.33733188551295 -55.554209280849285 -58.7145026640594 -60.018559429605325 -62.44218299701088 -63.04638794851055 -62.93176077451441 -62.44737197620506 -63.3859457258024 -64.05731742530227 -63.47716975908354 -63.37791522544368 -63.698494446160005 -64.42520467148407 -64.21074498582107 -63.883750700711936 -64.55289516989497 -67.33040372950302 -68.4267696393469 -68.11183316066474 -67.21381587242999 -62.13466410930444 -9999 -9999 -9999 -9999 -9999 -9999 -9999 -9999
-9999 -9999 -9999 -9999 -9999 -9999 -9999 -9999 -9999 -9999 -9999 -9999 -9999 -59.92966547923107 -59.98326768362813 -58.17472652670967 -55.58537514684307 -53.583869768582275 -54.22796102865583 -56.35961870787323 -59.33869295033225 -62.12100851759402 -61.91670715765787 -61.57471317265376 -61.81625606943943 -64.15524690293259 -66.00392569990025 -66.13829764043571 -66.13855770887963 -64.96182593268247 -64.66537156915814 -64.40408139845536 -64.94859664649854 -64.86410289173101 -64.92030327816106 -63.71152969345898 -63.018766790698756 -62.373870240739244 -64.0486402208335 -66.64110479193516 -67.64201547022255 -9999 -9999 -9999 -9999 -9999 -9999 -9999 -9999 -9999 -9999 -9999
-9999 -9999 -9999 -9999 -9999 -9999 -9999 -9999 -9999 -9999 -9999 -9999 -64.36880613802634 -61.799659764398825 -58.449146952147295 -54.345272469195145 -51.571735378283975 -51.73946324291785 -54.92510155766126 -57.45989949204751 -60.77565111860838 -60.77528548398025 -63.28752346910275 -63.78682256213104 -64.56086214243574 -66.20423149398475 -67.88559308273723 -68.46928421999539 -67.67085765397931 -66.88805268723162 -66.8545033233172 -66.81759219235107 -67.31483647316439 -67.66456002937252 -67.77643631747085 -66.43118151607415 -65.28121251659974 -65.28075810742018 -66.20657220592354 -66.07307844795832 -63.90948006307383 -9999 -9999 -9999 -9999 -9999 -9999 -9999 -9999 -9999 -9999 -9999
-9999 -9999 -9999 -9999 -9999 -9999 -9999 -9999 -9999 -9999 -9999 -57.85699397592495 -57.82685602475737 -59.68992920733614 -60.2871964316389 -56.59031720198181 -53.73577471847289 -54.94925695186279 -56.828557718309405 -59.62032418297828 -61.48053166583329 -62.579150031404886 -62.717570071681784 -62.62387482170878 -64.31772233795631 -65.88460367277364 -68.88001068213161 -69.51766558198364 -69.59465314596457 -69.25953869192313 -68.59881880763196 -68.60029739274766 -68.1949314597436 -68.91521893332605 -69.58975180337896 -69.70966860049371 -68.41430378884453 -68.48718091417075 -67.2568153018388 -61.503843755872325 -9999 -9999 -9999 -9999 -9999 -9999 -9999 -9999 -9999 -9999 -9999 -9999
-9999 -9999 -9999 -9999 -9999 -9999 -9999 -9999 -9999 -9999 -54.897423392443244 -54.59711958210064 -54.994384122257365 -55.512173018963786 -55.96419910261931 -57.10970940546712 -59.806182648257725 -61.68970735292798 -61.07397557677944 -63.79095882105878 -65.09230524155906 -67.40423391999717 -68.22681250329543 -66.00148085540357 -64.69808254135798 -62.84976392089633 -63.429302745459395 -64.95801135330488 -68.06462958798305 -69.89201456609956 -70.53263275167258 -70.17126081231422 -68.95281642644282 -69.70221744774189 -69.34020049099436 -68.41908679458942 -67.79433428585463 -65.84884003154349 -63.40372019543767 -9999 -9999 -9999 -9999 -9999 -9999 -9999 -9999 -9999 -9999 -9999 -9999 -9999
-9999 -9999 -9999 -9999 -9999 -9999 -9999 -9999 -9999 -9999 -9999 -9999 -57.416147407913506 -60.3004408867648 -63.848237163713215 -63.85014630894149 -66.37385515206785 -67.48868404552546 -67.60588805151228 -67.69432638414995 -68.50895435133569 -68.47933258991372 -70.6171103665534 -70.87208784597547 -69.97930614313286 -68.69828151792912 -66.65459720585693 -66.37127662510976 -65.88546399205572 -67.26853449548129 -68.41705535623245 -69.1141755593657 -68.43520386513512 -67.05421749834352 -65.93424085330719 -66.25957917193323 -67.98658367572627 -66.91774930166581 -62.659576361151686 -54.84186056305286 -9999 -9999 -9999 -9999 -9999 -9999 -9999 -9999 -9999 -9999 -9999 -9999
-9999 -9999 -9999 -9999 -9999 -9999 -9999 -9999 -9999 -9999 -9999 -55.483034395230206 -56.30752246619953 -57.3836972592887 -60.04625742837098 -63.442985507373635 -67.29282575355286 -69.72064599187793 -70.70230016521673 -70.26695889625584 -70.67519581169455 -71.16088327210055 -72.11937263071478 -71.05406125371596 -70.6131534365108 -70.88846527476976 -70.37453266155144 -70.21755953503911 -69.7753743734381 -68.41840191625164 -67.87588311454178 -67.72017843611634 -67.35725532976736 -66.85000125507787 -66.84947855462482 -67.56173025835066 -69.75324169974861 -68.03595355061543 -62.384881267797326 -9999 -9999 -9999 -9999 -9999 -9999 -9999 -9999 -9999 -9999 -9999 -9999 -9999
-9999 -9999 -9999 -9999 -9999 -54.25203187810014 -54.39399778496783 -53.616820937266226 -53.792497741998034 -52.84282767399585 -55.143404105810525 -59.82110773422619 -59.82078171270889 -62.38890305064279 -63.51863309162504 -64.36643875718359 -66.31694982502327 -69.41061260367033 -71.34698681515165 -71.12592225039975 -71.2144113278554 -71.69467160267459 -72.12635932651666 -72.32561191919241 -72.02474885453883 -70.5880045050137 -69.71001574670572 -70.19418801902428 -70.12982787073304 -69.83824874829614 -69.17506815463925 -67.99189445909336 -67.63107871362101 -66.97208162557267 -67.17147806961992 -66.48482322077356 -64.09904512749404 -57.31432062485864 -9999 -9999 -9999 -9999 -9999 -9999 -9999 -9999 -9999 -9999 -9999 -9999 -9999 -9999
-9999 -9999 -9999 -9999 -55.310920613592884 -55.232872503549096 -54.301177483054104 -55.05746911730835 -56.50971962776516 -58.31517727313053 -60.04080612006571 -61.85826383461341 -62.95067006306266 -64.85029576351168 -66.70538493743261 -67.91717859003306 -69.65207815825407 -70.96338336044833 -70.49600421321915 -71.0160864106101 -71.01588713332144 -71.60858789868641 -71.71655098536831 -72.64785301745971 -71.79730193070685 -70.83792308397692 -70.94774199148617 -71.57492320505897 -70.10446668521186 -68.75246706800611 -68.24794170478611 -66.95075374041053 -66.49793902062048 -64.12133257157232 -60.41974332110094 -9999 -9999 -9999 -9999 -9999 -9999 -9999 -9999 -9999 -9999 -9999 -9999 -9999 -9999 -9999 -9999 -9999
-9999 -9999 -9999 -49.41125733920928 -50.851556518814974 -54.69739398400217 -57.52190262225058 -58.63685356982519 -59.75663465585042 -60.67423436388657 -61.37388303336019 -64.37701158258686 -65.98797852812707 -67.30031088556674 -68.75183719492709 -70.46322523450159 -70.52836622043192 -71.01736080446308 -70.35550111434387 -70.26493027672686 -69.92925835367114 -69.49272634138612 -69.21394270818256 -70.17944572638861 -69.81158106155469 -68.9271536951414 -66.66015566327215 -65.68528232730839 -64.66727746888192 -60.839112286402255 -55.50288297937764 -9999 -9999 -9999 -9999 -9999 -9999 -9999 -9999 -9999 -9999 -9999 -9999 -9999 -9999 -9999 -9999 -9999 -9999 -9999 -9999 -9999
-9999 -9999 -9999 -49.39978688716435 -45.687743544751605 -41.05460894022483 -42.56575509167521 -46.75418463148943 -50.71848668983107 -53.52523315537442 -55.42697833720479 -57.109512875273246 -61.474180340415295 -64.21004826577565 -66.55560370065888 -68.42947476591189 -68.57431462307792 -70.00771228983946 -69.39560678383314 -69.50556250206638 -69.34483151350211 -68.68748753117985 -68.04722938510236 -68.68741005568917 -69.06160927958649 -67.97482542345904 -66.0884312764135 -63.72521609592766 -59.454807424638794 -9999 -9999 -9999 -9999 -9999 -9999 -9999 -9999 -9999 -9999 -9999 -9999 -9999 -9999 -9999 -9999 -9999 -9999 -9999 -9999 -9999 -9999 -9999
-9999 -9999 -9999 -54.356302175206864 -55.33399039780242 -52.6870143223673 -47.58342584403103 -48.005480828335784 -52.625069399066064 -56.379885250991784 -59.21119678591435 -59.306157652036035 -61.909642996459844 -64.93518313261127 -65.60007604537915 -66.70713492735189 -67.60788813609095 -68.37156041918578 -68.54464770884792 -68.80110616904524 -68.98899182254816 -67.68526289868329 -68.08851690489251 -67.92265073908196 -65.53932780442189 -64.60003310561527 -60.40196647611434 -52.686914887772595 -9999 -9999 -9999 -9999 -9999 -9999 -9999 -9999 -9999 -9999 -9999 -9999 -9999 -9999 -9999 -9999 -9999 -9999 -9999 -9999 -9999 -9999 -9999 -9999
-9999 -9999 -9999 -55.461746154148386 -54.96218638501031 -55.12871161607091 -56.45806548299445 -59.17926243228669 -60.65406047114713 -61.23581571974381 -61.372911013816854 -61.56848853614353 -61.200806348313684 -63.1010378705345 -66.82308759410088 -67.57429129748036 -67.33403113559599 -67.23604526335525 -67.2536153784563 -67.50280798907426 -66.31177798179189 -65.9758370932109 -66.08062778745422 -65.94958293327781 -65.16626743058451 -61.692602901407405 -54.86603187279706 -9999 -9999 -9999 -9999 -9999 -9999 -9999 -9999 -9999 -9999 -9999 -9999 -9999 -9999 -9999 -9999 -9999 -9999 -9999 -9999 -9999 -9999 -9999 -9999 -9999
-9999 -9999 -9999 -9999 -53.39410624564892 -55.436541404203 -58.02297560067022 -60.26442581344574 -61.519978642444755 -62.29061992636545 -61.287293588804076 -60.95344822595614 -62.86338291882124 -63.605515043976595 -65.49040836526912 -67.16902919732756 -67.5880172442689 -67.68500860111894 -66.5898957036831 -65.19722087549225 -63.771995709646156 -62.650725317680475 -61.966565770963875 -58.71211060775085 -9999 -9999 -9999 -9999 -9999 -9999 -9999 -9999 -9999 -9999 -9999 -9999 -9999 -9999 -9999 -9999 -9999 -9999 -9999 -9999 -9999 -9999 -9999 -9999 -9999 -9999 -9999 -9999
-9999 -9999 -9999 -9999 -55.86638111598809 -58.01250115584879 -58.9005245629597 -59.913096111945286 -60.229761512896864 -61.02099735256985 -64.02867881095231 -65.98326706027571 -66.2416123615875 -64.86204781985874 -65.22449062690728 -65.55482426421443 -65.92834205206094 -66.10176371207021 -66.78342021848064 -66.98129372679685 -67.15817845718767 -65.89738010414354 -62.084031766003214 -56.72100121778854 -40.62570847497026 -9999 -9999 -9999 -9999 -9999 -9999 -9999 -9999 -9999 -9999 -9999 -9999 -9999 -9999 -9999 -9999 -9999 -9999 -9999 -9999 -9999 -9999 -9999 -9999 -9999 -9999 -9999
-9999 -9999 -9999 -9999 -60.375223322712706 -61.08789333416221 -62.72535485548347 -63.038071869881804 -61.82021946586765 -61.35782454384929 -62.06654239970985 -64.35314666785874 -65.43862524596125 -65.16029767535912 -65.53149256375119 -66.60401595049629 -67.37220705892967 -67.67434809409218 -67.65204189858525 -67.47550795041886 -66.11853827182188 -64.9888381135307 -63.77042969401057 -59.9470266037845 -9999 -9999 -9999 -9999 -9999 -9999 -9999 -9999 -9999 -9999 -9999 -9999 -9999 -9999 -9999 -9999 -9999 -9999 -9999 -9999 -9999 -9999 -9999 -9999 -9999 -9999 -9999 -9999
