metrics/grid_rasters/ASCAT 12.5 TS/grideval_ASCAT 12.5 TS_all_absolute_ubrmsd.asc
ncols 52
nrows 55
xllcorner     11.25
yllcorner     55.25
cellsize      0.25
NODATA_value  -9999
[rows 0 to 29 of 55, columns 0 to 51 of 52]
-9999 -9999 -9999 -9999 -9999 -9999 -9999 -9999 -9999 -9999 -9999 -9999 -9999 -9999 -9999 -9999 -9999 -9999 -9999 -9999 -9999 -9999 -9999 -9999 -9999 -9999 -9999 -9999 -9999 -9999 -9999 -9999 -9999 -9999 -9999 -9999 16.470134277130153 17.01361791343167 17.150237617452905 -9999 -9999 -9999 -9999 -9999 -9999 -9999 -9999 -9999 -9999 -9999 -9999 -9999
-9999 -9999 -9999 -9999 -9999 -9999 -9999 -9999 -9999 -9999 -9999 -9999 -9999 -9999 -9999 -9999 -9999 -9999 -9999 -9999 -9999 -9999 -9999 -9999 -9999 -9999 -9999 -9999 -9999 -9999 -9999 -9999 -9999 -9999 -9999 -9999 18.267501015086925 16.554418026858038 16.441861760749227 17.057025161865088 18.309571029254663 18.309791506327773 -9999 -9999 -9999 -9999 -9999 -9999 -9999 -9999 -9999 -9999
-9999 -9999 -9999 -9999 -9999 -9999 -9999 -9999 -9999 -9999 -9999 -9999 -9999 -9999 -9999 -9999 -9999 -9999 -9999 -9999 -9999 -9999 -9999 -9999 -9999 -9999 -9999 19.148253398139843 19.15253509421448 20.17498555719763 20.84957790647638 21.033842541927665 21.770538621070976 21.61213520834745 -9999 21.25689866520169 20.28330613732962 18.260099519541377 17.374556099492796 18.00257125264592 18.005073903171986 18.89674515667103 19.950070823914235 21.53377310996759 22.502928238538953 22.505897907964314 -9999 -9999 -9999 -9999 -9999 -9999
-9999 -9999 -9999 -9999 -9999 -9999 -9999 -9999 -9999 -9999 -9999 -9999 -9999 -9999 -9999 -9999 -9999 -9999 -9999 -9999 -9999 -9999 -9999 -9999 -9999 -9999 -9999 17.55724185078323 18.04523806354871 18.43338375498772 18.34854575445313 19.91495572350214 19.920701829241622 21.225620714138795 21.487581828254925 21.466769515504197 21.180483829299927 20.479234337691146 20.480588702145408 19.904449794040712 20.23609916642092 21.030641221209162 21.629629212435788 22.554652923747447 22.556072977901426 23.00450311871574 23.15305471060988 22.927021321633237 -9999 -9999 -9999 -9999
-9999 -9999 -9999 -9999 -9999 -9999 -9999 -9999 -9999 -9999 -9999 -9999 -9999 -9999 -9999 -9999 -9999 -9999 -9999 -9999 -9999 -9999 18.782198498388084 18.453045526543306 18.673672202944893 18.302053766206487 17.917097500503363 17.779355901908147 18.182061921322447 17.27779527364315 17.44411963270266 17.440680356399564 19.269510125127816 20.91882244089545 21.90688671464119 22.61362634289407 22.17911109166465 22.026077321521317 22.3877499103916 23.135300959910296 24.139007724504665 24.26631952688322 24.39954656048128 24.19125628252955 23.181241436174158 22.62557533984748 21.816602778885635 20.74341092737067 19.99493902805899 -9999 -9999 -9999
-9999 -9999 -9999 -9999 -9999 -9999 -9999 -9999 -9999 -9999 -9999 -9999 -9999 -9999 -9999 -9999 -9999 -9999 -9999 -9999 -9999 18.230851444823426 18.23084523333568 18.44458192271673 18.383035956950533 18.67275794123323 18.374002840583227 18.22207618925137 19.12883223353272 19.12926065984564 19.305539039865774 19.821117463092328 20.18463175064498 20.52730497890838 21.524829707473742 22.939256344223967 22.939808931252355 23.754009729097177 23.358540892955308 22.90355102551468 22.547754628612534 22.581332389664663 22.581832837796554 22.03210587250483 21.778795422591948 21.328384576072505 20.748440661936396 20.05174975473076 19.40170615987793 -9999 -9999 -9999
-9999 -9999 -9999 -9999 -9999 -9999 -9999 -9999 -9999 -9999 -9999 -9999 -9999 -9999 -9999 -9999 -9999 -9999 -9999 -9999 17.961156724915266 17.97559518418606 18.185145982537023 18.340344335239973 18.322965264704308 18.17247719507866 18.173314416534904 17.45937038756746 18.766067675883008 19.506758531790027 20.8836561263769 21.53319497228532 21.832058533582288 21.837649623396956 22.581845587645944 22.880714523061485 22.505668130125628 22.394976689126835 21.67129811849388 21.378622830866345 21.37772297700123 21.190494707133592 20.937873856950752 20.689397828158384 20.607773994303642 20.58369238276153 20.62880813144455 20.630931212573206 20.32464030007341 19.7523386539537 -9999 -9999
-9999 -9999 -9999 -9999 -9999 -9999 -9999 -9999 -9999 -9999 -9999 -9999 -9999 -9999 -9999 -9999 -9999 -9999 -9999 -9999 -9999 17.999313145232886 17.57442112222498 17.57550251569211 18.06073585905685 17.81542819505775 17.85694013206161 17.700938099584633 18.37183141433106 19.27413999324556 19.274070841879713 20.216272579322904 21.44410271680171 22.9539170571905 23.86142991661819 23.771235068251805 22.422886601791202 21.457270594057594 21.459117750425232 20.701974047076497 20.26913561066791 19.913392820088244 19.72050876843313 19.34585738538348 19.6299204355923 19.63105010196845 19.840297813670155 19.727149893432504 19.15167076429662 -9999 -9999 -9999
-9999 -9999 -9999 -9999 -9999 -9999 -9999 -9999 -9999 -9999 -9999 -9999 -9999 -9999 -9999 -9999 -9999 -9999 -9999 18.78325211608448 18.379812818956648 17.37518983280187 17.06198956877182 17.211743838497974 17.638127023444348 19.55766057218332 20.960610076695787 20.95992171180968 21.068289306867932 20.69787634238583 20.369863520601076 19.734627312336364 19.867572799278182 20.30783249895816 20.69158561285916 20.69085945201945 21.33311546896865 21.588191244634697 21.292267006692406 20.64314103220268 19.475902252765557 18.11614859310988 17.827588982874808 17.82695924542808 17.682073143809333 17.741228705159465 17.983277586004892 17.904439157853755 17.720715854666928 17.43201192033731 17.366023311017038 -9999
-9999 -9999 -9999 -9999 -9999 -9999 -9999 -9999 -9999 -9999 -9999 -9999 -9999 -9999 -9999 -9999 -9999 -9999 17.460364107281922 17.585726046211626 17.47339966402282 17.497000035624264 17.754709424518865 18.358176130770406 19.31367984249265 19.80524836228706 19.81036482268594 20.295154678799072 20.98412504435537 22.001035633218788 21.592202996890716 19.87325743832864 18.261107973524453 17.561047569632606 17.20201948763111 17.202298905181824 17.14627902450038 17.764331144910614 18.4861345343986 18.857492000912984 18.84600466092768 17.66590453971175 17.05471220561702 16.775572737351435 16.775969227976283 16.991703319794084 17.27173708358583 17.084994111219483 16.821331829361633 16.547000470825587 16.815986575416105 -9999
-9999 -9999 -9999 -9999 -9999 -9999 -9999 -9999 -9999 -9999 -9999 -9999 -9999 -9999 -9999 -9999 -9999 17.491531263453282 17.52876209414553 18.295194260062033 20.55959518827961 20.787789255257003 20.789587571426406 19.808876932194703 19.151351146563773 18.857838558618507 18.760440346334672 18.535951437495765 18.918894012004152 19.46616786082085 19.78657703714361 19.786810379383496 18.97735708169411 17.435238040902473 16.735649531560572 16.412577091017315 16.763612714606598 17.13152834999455 17.340183150173594 17.509531162184828 17.675514745665684 17.67561710652052 17.631368794593207 17.6344080974635 17.263674879086775 17.393059436724595 17.136222233819073 17.205515571673757 17.280348121872528 17.153185865456585 -9999 -9999
-9999 -9999 -9999 -9999 -9999 -9999 -9999 -9999 -9999 -9999 -9999 -9999 -9999 19.075223823009484 18.572724396106686 18.35339478993875 18.158304820341986 18.157039325287528 17.947640428985807 18.0759416316016 19.195952041087423 20.772478943342666 20.507338055380238 19.09267291407543 17.954433533455642 17.457777762750467 17.140045721128352 17.140474328538474 16.84427679587888 16.740404825268882 17.168944042434262 17.180240892658368 16.927783333787747 16.191394107305516 16.239546665578633 16.6485030185998 16.808252063429205 17.072977914809307 17.07348369642397 17.113768164707512 17.39191027072528 17.480250659525176 17.8420240713243 18.069829860886923 18.045380590603394 17.9148030818899 17.640496497552046 17.297408803854395 17.2972571197163 17.33432932926865 17.746172311815773 -9999
-9999 -9999 -9999 -9999 -9999 -9999 -9999 -9999 -9999 -9999 -9999 -9999 -9999 18.536422702656807 18.365525162937697 18.08628926494018 18.678571920745092 18.670599301335173 19.246435187355086 19.662956973359798 20.038317887408294 19.89529199199682 18.818733416082406 18.819668782453856 17.78405378730842 17.22127722173651 17.36456412506309 17.36047070679755 17.107496299071055 17.208013703906115 16.890958706146325 16.96617852587362 17.109013899669314 17.204729895052775 17.206353587805157 17.095223322786868 17.07982430872596 16.951154854360627 17.13134431524471 16.966380705328007 16.604746682195852 16.56120620558661 16.656264731547314 16.890131272685572 17.138086917986698 17.13821620378301 16.94754066341913 17.10350371431494 17.246230384325496 17.294792579768767 17.963734009470727 18.197903531609352
-9999 -9999 -9999 -9999 -9999 -9999 -9999 -9999 -9999 -9999 -9999 -9999 -9999 18.551471075597288 18.48561557724134 19.919171668468028 20.488308310854638 20.29057357756408 19.569641000531682 19.63327609883132 19.306486815461128 18.605756605169965 17.64466000076282 17.045770294468188 17.190218912858786 17.52358211105941 18.010782711867325 18.206803928567812 18.33355944481702 17.805149247996994 17.549571320389 17.530429724609256 17.312742309251462 17.718918790904148 17.796770933452574 17.349831223974043 17.174931897675293 17.09827381091671 16.843176214502414 16.372930889779962 16.14097722546952 16.28840299777038 16.84102004025059 18.826758695864374 -9999 -9999 -9999 -9999 -9999 -9999 -9999 -9999
-9999 -9999 -9999 -9999 -9999 -9999 -9999 -9999 -9999 -9999 -9999 -9999 -9999 18.854422591960127 19.541239105677942 20.37614239476317 20.615991994810216 20.244905956084107 19.17013087743099 18.01772610550848 17.515600691721758 17.412736003937265 17.574250049942528 17.668432029285167 17.413732810431842 17.946040336049887 17.916637893254105 17.58296383176658 17.58271769725826 17.690935879509865 17.727963518542577 17.669848395133062 17.752627226763092 17.93672872691888 18.27659172456013 18.24299050149216 17.706813525595525 17.432955486742934 16.936906114921758 16.616000282139645 17.142532702370264 -9999 -9999 -9999 -9999 -9999 -9999 -9999 -9999 -9999 -9999 -9999
-9999 -9999 -9999 -9999 -9999 -9999 -9999 -9999 -9999 -9999 -9999 -9999 17.241799915806393 17.86928126853245 19.182888101147086 20.097074101024766 20.064100684641968 19.496019562950803 18.257443078966297 17.650688994911942 17.386782593429803 17.387294126074107 17.506347482111078 17.27528626407089 17.189198671211308 17.280557427364595 17.406404700794965 17.56502351600694 17.587034129388474 17.596516520748178 17.453492537861358 17.386683524671422 17.336395406701428 17.477267068362142 17.409311684218075 17.084163132593783 16.56208069762251 16.562464635475358 16.51680279039707 16.94148188495968 18.105297425101615 -9999 -9999 -9999 -9999 -9999 -9999 -9999 -9999 -9999 -9999 -9999
-9999 -9999 -9999 -9999 -9999 -9999 -9999 -9999 -9999 -9999 -9999 17.39061442581262 17.390751117659473 17.374950146002696 18.28206171289743 19.20765817596732 19.544545316995986 18.85358628553081 18.08586220748979 17.527158301364768 17.261156971598243 17.404201380124313 17.68720568063822 17.587800260467585 16.957376780870188 16.63917590743333 16.78947547463135 16.673755236831735 17.034969770177156 17.050534529838753 17.076908175354205 17.076609201633108 17.17772971285852 16.933586577796344 16.74507729667551 16.493318970839812 15.99400234128027 15.851226740030878 16.27492978477866 18.255272913578406 -9999 -9999 -9999 -9999 -9999 -9999 -9999 -9999 -9999 -9999 -9999 -9999
-9999 -9999 -9999 -9999 -9999 -9999 -9999 -9999 -9999 -9999 18.819181243903913 19.008374343362828 19.15141771951383 19.289502745927184 19.40010558667351 18.702239858027 17.82213677589347 17.375738230064222 17.507853561076374 17.364293296839282 17.34705493366689 17.0601986507483 17.073438473088903 17.40598777013336 17.744647111651147 17.713246854531555 17.55236016582979 16.99634161191451 16.731002328700196 16.24507214046628 16.106228324408473 16.109146083780097 16.137384284825213 16.455092502566586 16.55965425069101 16.282834177545936 15.998105411372945 16.28873943781365 16.923912030414602 -9999 -9999 -9999 -9999 -9999 -9999 -9999 -9999 -9999 -9999 -9999 -9999 -9999
-9999 -9999 -9999 -9999 -9999 -9999 -9999 -9999 -9999 -9999 -9999 -9999 18.54689789505484 17.08124762221858 16.566187375604486 16.56570906992005 16.53337048039801 16.7916387565767 16.672095021558064 16.83477866115037 16.67097824896936 16.678758645420782 16.78124563048758 16.797217325585883 16.78484229623364 17.406845503155438 17.3963886134867 17.26691826454339 16.95181473794172 16.188019077263075 16.005065784383618 15.779145281745244 16.078747196772007 16.074344898368 15.979858835802307 16.101574752249142 16.235151942130464 16.63781965553231 17.393749810494427 18.35474021941223 -9999 -9999 -9999 -9999 -9999 -9999 -9999 -9999 -9999 -9999 -9999 -9999
-9999 -9999 -9999 -9999 -9999 -9999 -9999 -9999 -9999 -9999 -9999 19.25067373559527 19.486908563132282 18.866615128200888 17.23451929907615 16.22562170738115 15.806713619705675 15.406012200564726 15.689575529020027 15.69782639383332 15.786840161318727 16.162748102691427 16.39701907301241 16.281740552722493 16.331399437789994 16.501394099003296 16.566882307719062 16.544119320889422 16.392260492062682 15.96180836960474 15.924242168105746 15.787950198465774 16.0345203410057 15.885369162060625 15.885153454417196 15.845997768118579 16.406099465588323 17.17070804151578 17.740733705818666 -9999 -9999 -9999 -9999 -9999 -9999 -9999 -9999 -9999 -9999 -9999 -9999 -9999
-9999 -9999 -9999 -9999 -9999 19.35676389032369 18.806395725245626 18.27566176455764 18.34962506902955 18.711773697154495 18.354436234500426 17.130568315917703 17.130412321998357 16.82496808138116 16.524090284666137 16.204116123618117 15.542950056249742 14.905940859601474 14.840728811410026 15.083521035415373 15.237642413824116 15.312478375843062 15.707550243703706 15.91494083735257 16.217697752345185 16.247268082557227 15.881279612518318 15.611760766236124 15.626716086011314 15.716662504912946 15.851111727831805 15.921919499714287 16.27466434668047 16.488536379554894 17.2897625796674 17.615738023400773 17.916123079007328 18.125864893077622 -9999 -9999 -9999 -9999 -9999 -9999 -9999 -9999 -9999 -9999 -9999 -9999 -9999 -9999
-9999 -9999 -9999 -9999 19.63399604005765 19.294847082202946 19.712685549929187 18.807497619104925 18.24087500918477 18.02490724030274 17.237341187605182 16.787330462075165 16.474657187289832 15.969628111779961 15.613373648279754 15.268185544165895 14.858915443852249 14.614006979520447 14.68633011244991 14.650511639003641 15.002190357524647 15.455166939391933 15.589037340166268 15.730979130642462 15.883926651686055 15.667516303256626 15.57532426303051 15.933466904969526 16.065029825351427 16.391160947476482 16.687271410497562 17.147387727022995 17.70594597921597 18.29159215020555 19.850936703899805 -9999 -9999 -9999 -9999 -9999 -9999 -9999 -9999 -9999 -9999 -9999 -9999 -9999 -9999 -9999 -9999 -9999
-9999 -9999 -9999 21.5949760972014 21.05773487567181 19.479812001367165 18.260689888010226 17.55299878361776 17.25624886111599 16.926264703067535 16.923797765803982 16.760164299999975 16.436533985053774 15.636253545010874 15.631267800810177 15.376332434031553 14.740185606715693 14.703736477787194 14.673993754973626 15.019556058293526 15.175870496406727 15.258683235824973 15.260793565490431 15.37395414729269 15.405546835854578 15.612506521452575 16.042479980343145 16.569875084473072 17.246353686576533 17.881534200115222 19.0795885317163 -9999 -9999 -9999 -9999 -9999 -9999 -9999 -9999 -9999 -9999 -9999 -9999 -9999 -9999 -9999 -9999 -9999 -9999 -9999 -9999 -9999
-9999 -9999 -9999 20.702370269801868 22.08421187026681 22.296064652897282 21.732653142422556 20.230367518559728 19.62297387400337 19.257869386161612 19.177186812872183 19.225058543643573 18.210581098358254 17.215059867613594 16.033983951211276 15.414505701243305 14.959891882305849 14.813520127751264 14.933864014643786 14.73351856264174 14.909086221448135 15.38574322006227 15.724346158186927 16.00415785672985 15.839854149432616 15.889394271022393 16.59769536436422 16.95486001812288 17.944980140136586 -9999 -9999 -9999 -9999 -9999 -9999 -9999 -9999 -9999 -9999 -9999 -9999 -9999 -9999 -9999 -9999 -9999 -9999 -9999 -9999 -9999 -9999 -9999
-9999 -9999 -9999 18.779535369523998 18.7388506371457 20.228070998039588 21.484059592039447 20.55372757067984 19.92649627549516 19.978688864569527 19.376681721587588 20.114000978476433 18.582152003585644 16.7755726638048 16.168911930766892 15.540175650834653 15.317104235842011 15.261038124669476 15.214911280349073 15.362149823910734 15.576087045608391 16.023509851166118 16.162803573781755 16.09333127798951 16.409786865727984 17.174847588189092 17.98200682869825 19.659170238734152 -9999 -9999 -9999 -9999 -9999 -9999 -9999 -9999 -9999 -9999 -9999 -9999 -9999 -9999 -9999 -9999 -9999 -9999 -9999 -9999 -9999 -9999 -9999 -9999
-9999 -9999 -9999 19.87500165471763 20.77312048481731 20.226091362066008 19.81521046606453 19.56680322779021 19.283201540281166 19.19147274513563 19.228836546839343 18.97231351000585 18.72012919428011 17.723605621310142 16.436808530630028 16.062887103083124 15.964184768981305 15.756974099307712 15.881117049029825 16.019076003248014 16.32966275508462 16.527732464751207 16.890202912665213 17.011812497847842 17.16560208282735 17.6647427284833 18.813022794971754 -9999 -9999 -9999 -9999 -9999 -9999 -9999 -9999 -9999 -9999 -9999 -9999 -9999 -9999 -9999 -9999 -9999 -9999 -9999 -9999 -9999 -9999 -9999 -9999 -9999
-9999 -9999 -9999 -9999 20.72610193004729 20.441863286805074 20.193463945829688 19.73987331594022 19.00431826759413 18.993400371251727 19.005770179648326 18.94749785696839 18.734550115032853 18.475227639676486 18.138944590772503 18.069045644853748 17.25778862115585 17.326165166533173 17.260656663914677 17.330214729860113 17.30997969650061 17.833670565070875 18.193681011844774 18.38004686210383 -9999 -9999 -9999 -9999 -9999 -9999 -9999 -9999 -9999 -9999 -9999 -9999 -9999 -9999 -9999 -9999 -9999 -9999 -9999 -9999 -9999 -9999 -9999 -9999 -9999 -9999 -9999 -9999
-9999 -9999 -9999 -9999 20.56592143595596 21.12157175854895 21.269481711507797 20.69632114408099 20.43910458461105 20.031342424702007 19.84650267854488 19.754873503358372 19.583367756619705 19.367923393659673 19.390466562916124 18.963307160935233 18.72473808977232 18.535299994752787 18.6127345628862 18.61314722468028 18.553221533053133 18.479261947601216 18.780763637236785 20.002642527030282 20.5163524726821 -9999 -9999 -9999 -9999 -9999 -9999 -9999 -9999 -9999 -9999 -9999 -9999 -9999 -9999 -9999 -9999 -9999 -9999 -9999 -9999 -9999 -9999 -9999 -9999 -9999 -9999 -9999
-9999 -9999 -9999 -9999 21.43612996981432 21.441607920225728 21.316023985549855 21.390511965074264 21.845295648131064 21.830429414150988 21.875130813457428 21.076709993936838 20.16279039965936 19.77669227511888 19.83995574477694 19.47126718809436 19.341110634929066 19.563217509913372 19.906923058770285 20.019193101216864 19.944620101280986 19.84603405092238 19.765740966350414 20.499346837952782 -9999 -9999 -9999 -9999 -9999 -9999 -9999 -9999 -9999 -9999 -9999 -9999 -9999 -9999 -9999 -9999 -9999 -9999 -9999 -9999 -9999 -9999 -9999 -9999 -9999 -9999 -9999 -9999
-9999 -9999 -9999 -9999 20.792886196446354 21.595519018689238 21.221878206247265 20.970298005111104 21.53103269974869 21.45848041530314 21.203692098977992 20.446929108996247 19.711543100602764 19.54232505205581 19.324173078339832 19.38479010681477 19.64904048513084 19.588694541786246 19.76432277982123 19.78426955578751 20.03148452626299 19.905360454953332 20.75652454900144 -9999 -9999 -9999 -9999 -9999 -9999 -9999 -9999 -9999 -9999 -9999 -9999 -9999 -9999 -9999 -9999 -9999 -9999 -9999 -9999 -9999 -9999 -9999 -9999 -9999 -9999 -9999 -9999 -9999
