metrics/grid_rasters/ASCAT 12.5 TS/grideval_ASCAT 12.5 TS_X_winter_2017_absolute_ubrmsd.asc
ncols 52
nrows 55
xllcorner     11.25
yllcorner     55.25
cellsize      0.25
NODATA_value  -9999
[rows 0 to 29 of 55, columns 0 to 51 of 52]
-9999 -9999 -9999 -9999 -9999 -9999 -9999 -9999 -9999 -9999 -9999 -9999 -9999 -9999 -9999 -9999 -9999 -9999 -9999 -9999 -9999 -9999 -9999 -9999 -9999 -9999 -9999 -9999 -9999 -9999 -9999 -9999 -9999 -9999 -9999 -9999 5.957494849724347 6.7339903452556165 5.408941642857869 -9999 -9999 -9999 -9999 -9999 -9999 -9999 -9999 -9999 -9999 -9999 -9999 -9999
-9999 -9999 -9999 -9999 -9999 -9999 -9999 -9999 -9999 -9999 -9999 -9999 -9999 -9999 -9999 -9999 -9999 -9999 -9999 -9999 -9999 -9999 -9999 -9999 -9999 -9999 -9999 -9999 -9999 -9999 -9999 -9999 -9999 -9999 -9999 -9999 5.188410926992549 4.159353002968685 4.039461817584561 4.203479035454172 4.7333788594661375 4.733315399330003 -9999 -9999 -9999 -9999 -9999 -9999 -9999 -9999 -9999 -9999
-9999 -9999 -9999 -9999 -9999 -9999 -9999 -9999 -9999 -9999 -9999 -9999 -9999 -9999 -9999 -9999 -9999 -9999 -9999 -9999 -9999 -9999 -9999 -9999 -9999 -9999 -9999 8.57921431883981 8.578437297339184 9.239157639561382 10.477457260251477 10.922424479009774 10.794166773007793 9.624940181071073 -9999 8.257559097890843 6.514624725560478 5.239601828386611 4.666438617774489 4.7481407219753375 4.7485903441427055 5.0032687934863045 5.523978550520061 6.505894010659753 7.329274254352505 7.329891688785683 -9999 -9999 -9999 -9999 -9999 -9999
-9999 -9999 -9999 -9999 -9999 -9999 -9999 -9999 -9999 -9999 -9999 -9999 -9999 -9999 -9999 -9999 -9999 -9999 -9999 -9999 -9999 -9999 -9999 -9999 -9999 -9999 -9999 5.0610861319955704 5.112965731441066 6.298999090571646 7.94465666104383 8.577482746216472 8.57640350232292 8.25369179713925 8.837020771479304 8.666280733181402 8.36996419493821 8.037164812740807 8.038075782379687 7.382492487348857 7.296227637125567 7.1823870803708205 6.626236179589474 6.885683710889697 6.8858418289031835 7.949859847804022 9.708743179157599 10.670816829372301 -9999 -9999 -9999 -9999
-9999 -9999 -9999 -9999 -9999 -9999 -9999 -9999 -9999 -9999 -9999 -9999 -9999 -9999 -9999 -9999 -9999 -9999 -9999 -9999 -9999 -9999 10.244542241754264 9.734472995292863 8.824048596373855 7.197037165397711 5.897487479643782 4.9343213527136625 6.8714587935058855 7.280663311859068 7.080700759000268 7.76579863277472 6.390041334219114 7.2562909560921955 7.953077359848832 7.724145390983394 8.234201208101577 8.740294704852346 9.216356133072916 9.044641169947932 8.801136005982556 8.522459563032173 8.35672746973779 7.568722569735923 7.263960911534276 8.309944187283214 9.358792041044193 11.234096591300254 11.332228428439628 -9999 -9999 -9999
-9999 -9999 -9999 -9999 -9999 -9999 -9999 -9999 -9999 -9999 -9999 -9999 -9999 -9999 -9999 -9999 -9999 -9999 -9999 -9999 -9999 9.822679337453083 9.822024000020814 9.746030049738707 10.1017095748469 10.33593895300635 9.876770343973886 9.979860560288364 10.925785445397034 10.9277176295161 8.720428611647941 7.30452641061784 6.672421818199324 6.445889734745001 6.929689608725232 7.457444953699055 7.458153499159483 8.332865981467068 8.86655914753008 8.93936568545028 8.813811072337776 9.269090712620214 9.268938157557095 9.107501832278713 9.395123306657931 10.284695081975176 10.6812931484632 10.705980711866156 9.371869009723195 -9999 -9999 -9999
-9999 -9999 -9999 -9999 -9999 -9999 -9999 -9999 -9999 -9999 -9999 -9999 -9999 -9999 -9999 -9999 -9999 -9999 -9999 -9999 10.004192765991569 9.529901846601149 9.129423899510485 8.630210212370265 8.264816356873526 7.718396049626159 7.72162746215449 8.394108265064059 9.651318341013434 8.766596781622388 8.257483608506098 7.6509054281266025 6.969196700329776 6.968110243498932 6.974561862284873 7.5861661788586785 8.154402166019496 9.162031767664457 9.772700788703855 9.578247406798774 9.57826630347503 9.633132628429353 10.094759887241123 9.952722049014305 9.851713097583168 10.0018506373488 9.95243118377213 9.951861268930076 9.485729152534274 8.972364926610847 -9999 -9999
-9999 -9999 -9999 -9999 -9999 -9999 -9999 -9999 -9999 -9999 -9999 -9999 -9999 -9999 -9999 -9999 -9999 -9999 -9999 -9999 -9999 7.221942830903723 6.965478482606772 6.966970018301549 7.436036590144846 7.188223164240089 8.103978908516398 8.882778817753069 8.319209049543732 8.13869606531306 8.140098059637713 8.000119069588445 8.051318720276118 8.264912198376841 8.219861714356767 8.169304966455606 8.299504900572309 9.319495883461727 9.319360386446506 10.016742745839355 10.058002190794827 9.49146424227984 9.487324023407133 9.379246269406794 9.625652821620632 9.624894569913618 10.205547857116409 10.48684284717383 10.349490985920877 -9999 -9999 -9999
-9999 -9999 -9999 -9999 -9999 -9999 -9999 -9999 -9999 -9999 -9999 -9999 -9999 -9999 -9999 -9999 -9999 -9999 -9999 9.766712401543026 8.806240197344946 7.437824538481594 6.789428707201066 6.504206341209376 6.484164940359713 7.860534124100129 9.501204198195259 9.5004489846977 10.271634571849146 10.503195291915027 10.259235497526694 9.494736083983613 9.378591288088382 9.315467835956225 8.397933211647622 8.399010346213263 8.022701568460151 8.35516501293377 9.314207153882752 10.059863057468355 9.91286512291548 8.961606419428806 8.548273308643504 8.547501590596259 8.466056027057123 8.512998403300296 8.753715064008821 9.116425394166257 9.429223280202207 9.438383741657695 10.042065668766188 -9999
-9999 -9999 -9999 -9999 -9999 -9999 -9999 -9999 -9999 -9999 -9999 -9999 -9999 -9999 -9999 -9999 -9999 -9999 7.456919639108068 8.15966054737734 8.855083319185908 9.122179644430867 9.366798004435747 9.218550997368784 9.232355177907827 9.250390013329518 9.250193081563378 8.844219910703607 8.675666106737053 9.092108151056793 9.095108206880568 9.000431954043878 9.068175719413649 8.954761624615331 8.917938513830354 8.918556761213841 9.152247337711824 9.325166152314699 9.234445436135736 9.631835360228457 9.961002210100373 9.016106197134668 8.399605787491993 8.727690855055156 8.727808755560845 9.515440652978318 10.53466069498032 10.907888020182188 10.656958980524774 10.466201688748614 10.571699063731769 -9999
-9999 -9999 -9999 -9999 -9999 -9999 -9999 -9999 -9999 -9999 -9999 -9999 -9999 -9999 -9999 -9999 -9999 8.578959468262669 8.394794980397316 9.049080130250381 10.951586682306607 11.984892939528045 11.9852069378411 11.397911380665068 10.597973024680833 10.124893288349671 10.022240326839652 9.700748535635457 9.315533246863867 9.20073979418359 9.35651157379119 9.357248937444108 9.561167047358099 8.628189660962695 8.27966562203557 8.491684856998791 8.979883534384903 9.461001621488716 9.459449321784687 9.472633533361288 9.718982982111225 9.719358105930963 9.777657194668556 9.82456363098997 10.26870587988665 10.957607124213547 11.292686401344788 11.237899940571053 10.831939028864909 10.257375415420476 -9999 -9999
-9999 -9999 -9999 -9999 -9999 -9999 -9999 -9999 -9999 -9999 -9999 -9999 -9999 13.095143659572132 11.996001541954948 11.44364072364286 10.825486162833316 10.825427393571076 10.056104933745573 9.933660681729735 9.930288207950136 10.270623364314329 9.980393217085416 9.970591243815552 9.741585774854627 9.52074984737768 9.379678537250227 9.378151713459397 9.109383984010028 9.026346623097336 9.410936257326485 9.613764501878787 9.387149595929996 8.993422484232159 8.820717440246801 8.778518206159353 8.685295251163634 9.220965447745684 9.221994138434503 9.988103880761043 10.59787194047145 11.363947695585717 12.206924329654615 12.619184295109065 12.694065604883786 12.722996953735569 12.107986202806421 11.120462223224463 11.120454888019587 10.532418961780252 10.49140399676951 -9999
-9999 -9999 -9999 -9999 -9999 -9999 -9999 -9999 -9999 -9999 -9999 -9999 -9999 12.579768210697635 12.248174512169063 11.857679442807115 11.81512409265506 10.972630050147476 10.771865600436263 10.463742274008801 10.237463672842324 10.022855664737113 9.822117887109123 9.822301852228627 9.022802026049805 8.712409998092943 9.051300656145534 9.701211574386367 9.33190213449095 9.43346359602041 9.370475080627562 9.36070996456779 9.500413371859489 9.401910578488602 9.402043101224622 9.058825350203296 8.82772666000875 9.000184227435241 9.71769914317644 10.556362863154252 11.409724549768459 12.08497792988194 12.528949410077814 13.062445613607945 13.312290913308285 13.313011100598306 12.46270265088395 11.177867124058032 9.976139054102594 9.56391077294528 10.085012050732931 10.295848487835775
-9999 -9999 -9999 -9999 -9999 -9999 -9999 -9999 -9999 -9999 -9999 -9999 -9999 12.108309401784835 12.416206554718974 13.95228755769557 13.715479442735017 12.52760669217949 11.144209754384368 10.823275814952488 10.067171111787152 9.45612213467584 8.598144969721304 8.30954806223942 8.063970053383805 8.190751353223487 8.376385068193331 8.937729805229601 9.567409016632789 9.952859920289226 9.789057946189363 9.903546411094196 9.96461197745178 10.46012645346111 10.433462380654893 9.560446701370168 9.11077085911607 9.48956094358322 9.956124629230645 10.06959741030406 10.611268027811839 10.60923723673354 11.838809916387957 14.317595184800213 -9999 -9999 -9999 -9999 -9999 -9999 -9999 -9999
-9999 -9999 -9999 -9999 -9999 -9999 -9999 -9999 -9999 -9999 -9999 -9999 -9999 11.14439470090659 11.899500683374415 12.391179324309313 12.10027816726193 11.226713822460637 10.202854098532354 8.992255779026983 8.659318360159565 8.572556271936817 8.574154146707578 8.282138920967268 8.391610226851236 8.825517146821436 8.873769436919018 8.996945095686106 8.996705607094885 9.555127030645393 10.075265993196242 10.252968082336212 10.252897442863096 10.323052924726813 10.734377631809547 10.774347505469501 10.679390299020461 10.336777042085927 9.620416826592745 9.001831577886684 10.14067267628963 -9999 -9999 -9999 -9999 -9999 -9999 -9999 -9999 -9999 -9999 -9999
-9999 -9999 -9999 -9999 -9999 -9999 -9999 -9999 -9999 -9999 -9999 -9999 10.287953735884894 10.6227810695455 11.309361972699392 11.12016240616353 9.555046769028632 8.818213359938555 8.27865545347139 8.220301879892462 8.311034801140773 8.31040737534691 8.279029057108918 8.468210182106331 8.598534288512019 8.759410934381451 9.021009102800706 8.9476165185899 9.327378160152811 9.990848738800713 10.00327011798975 10.044149238932043 10.191060070191265 9.978435632266669 9.827674854502236 9.636307734677679 9.269514375859778 9.269451875599882 8.736497304023672 9.018823677811564 12.541341040732148 -9999 -9999 -9999 -9999 -9999 -9999 -9999 -9999 -9999 -9999 -9999
-9999 -9999 -9999 -9999 -9999 -9999 -9999 -9999 -9999 -9999 -9999 12.275114807670068 12.273899212926853 12.212312965992286 12.377243620364759 11.662914279536981 10.676229046785727 9.353731121271826 8.67656763494241 8.126562024235609 8.126516021866232 8.08730890345792 8.243051301024492 8.203673221442195 8.27647468841011 8.414086784511554 8.856039444688546 9.153655492089731 9.266738544232172 9.700874275984765 10.034515049287798 10.034408509607145 10.483600557276583 10.02191600649899 9.648303337950102 9.123573026625731 8.556473503826957 8.667598089984025 9.626517552497203 14.067868927586694 -9999 -9999 -9999 -9999 -9999 -9999 -9999 -9999 -9999 -9999 -9999 -9999
-9999 -9999 -9999 -9999 -9999 -9999 -9999 -9999 -9999 -9999 14.033305838571735 13.8196810500846 13.786499818219767 13.282019845802314 12.848228232463851 12.150584671247008 10.932279952212115 9.611838001170122 8.867030684508633 9.04393075820944 8.765774543981276 9.411711936168224 9.559793442084915 8.888214037439313 8.438486872917888 8.30251413321405 8.419948933084871 8.77912277846398 9.455122107835237 9.523457277337595 9.697138718483801 10.065907860005874 10.169437658895706 10.169289687809137 9.687787730990634 9.577774476034582 9.581418301243211 10.487288201915977 12.233939398719697 -9999 -9999 -9999 -9999 -9999 -9999 -9999 -9999 -9999 -9999 -9999 -9999 -9999
-9999 -9999 -9999 -9999 -9999 -9999 -9999 -9999 -9999 -9999 -9999 -9999 12.227535432707553 10.719931583720344 10.340705413383812 10.342073851160887 10.471477597088974 11.001877949261168 10.902744070360171 10.517643569715393 9.646018776726297 9.409268658810301 10.26078828402964 10.798031469844577 10.613458602961142 10.714105789060742 10.330721862619596 9.893801370396746 9.872159831089627 9.997034814449076 10.620919517693954 11.023633185805616 11.71461321059182 12.08908508238374 11.943013912118106 11.572354761819193 11.17881645307869 11.591683791787554 13.358239987921555 18.454500302707533 -9999 -9999 -9999 -9999 -9999 -9999 -9999 -9999 -9999 -9999 -9999 -9999
-9999 -9999 -9999 -9999 -9999 -9999 -9999 -9999 -9999 -9999 -9999 13.53644207070446 14.116490130709744 12.715935992538304 10.84790505139678 10.4158452932264 10.4482749755934 10.312000193669668 9.928562222867667 10.202179587017213 10.397456133692668 10.905956035067826 10.797483808030586 10.658719831087105 10.651861693164069 10.32178995123333 10.427530671360953 10.272160513471396 10.466284316943822 10.571611436876939 11.42963461762999 12.445598050712327 13.289702731165647 13.060779945908234 13.0609110630494 12.127184233831494 11.070647783349866 11.33861634910959 13.789176169850574 -9999 -9999 -9999 -9999 -9999 -9999 -9999 -9999 -9999 -9999 -9999 -9999 -9999
-9999 -9999 -9999 -9999 -9999 13.070546151265328 12.5277751522453 13.112763190892801 13.387897533777066 12.527183399798211 11.758816617704511 11.277242453032065 11.277510863665814 11.511646095803696 11.821916176883335 11.741638010936752 11.255964552166967 11.101999300128982 11.132268711666251 11.140257801787104 10.881325796738286 11.118073582518988 11.247830925152098 11.054227975946393 10.746823249306257 10.146280221892175 9.813707765715238 9.54732507938494 10.150164253655673 10.877352975611648 11.519032242075676 12.568165696161962 13.215773953876734 13.289936642825214 13.246526847865319 12.547696796961947 12.813520170777302 15.797076935621586 -9999 -9999 -9999 -9999 -9999 -9999 -9999 -9999 -9999 -9999 -9999 -9999 -9999 -9999
-9999 -9999 -9999 -9999 12.444254209719574 12.417412061284985 12.460995691583953 11.592351778225286 10.669860122986403 10.902540821043427 10.994791312498617 11.051831799586171 11.271162370467401 11.319409987979492 11.391866882251394 11.480076675963476 11.642134117951672 11.764471605282528 11.360775613167544 10.627821431817187 10.41236383301253 10.476697763566607 10.278747093004863 10.224795078305325 10.174367095319614 10.07891112742944 9.981984457248787 10.609219463154117 11.262594916984275 12.30381830840066 13.09144494211584 13.52597897050548 13.481243205360224 14.952594475775197 17.926153073740693 -9999 -9999 -9999 -9999 -9999 -9999 -9999 -9999 -9999 -9999 -9999 -9999 -9999 -9999 -9999 -9999 -9999
-9999 -9999 -9999 12.900256583067168 12.838355602492129 12.42386508872211 12.276992036413205 11.841889717201106 11.488576769041766 11.121126574892573 11.473883068018491 11.530914250408347 11.313091140996162 11.156867845136428 12.052201030484069 12.045899047158976 11.599807657801941 11.04933342979095 10.327284472787042 9.769315153465193 9.464302727838136 8.930946677366283 9.023367111703882 9.301176122911881 9.893567327376283 10.597019961804968 11.85087906732076 12.921915960501671 13.661497439383185 14.963275543366134 17.99868020747432 -9999 -9999 -9999 -9999 -9999 -9999 -9999 -9999 -9999 -9999 -9999 -9999 -9999 -9999 -9999 -9999 -9999 -9999 -9999 -9999 -9999
-9999 -9999 -9999 12.106251256978881 11.91329990312832 11.202197015539243 11.014502076316584 10.836160796413887 11.300632484068005 11.661708295185695 11.826388681332011 12.349849333224435 12.029429535938187 11.937849414554837 11.733087144523466 11.546238360434453 10.847800424823184 9.902708342069923 9.411636241810118 8.945756701167697 8.726669409312192 8.756282217330993 9.23406996983694 10.44448555170451 11.433546449405208 11.671366923154087 12.559745301638898 13.859466474827535 17.009072707967707 -9999 -9999 -9999 -9999 -9999 -9999 -9999 -9999 -9999 -9999 -9999 -9999 -9999 -9999 -9999 -9999 -9999 -9999 -9999 -9999 -9999 -9999 -9999
-9999 -9999 -9999 11.836178956584272 11.26378382214208 11.412513434325517 12.081998417314114 11.416334144088685 11.718176102902634 12.840047360482107 12.970713727523858 13.472913825648792 13.211765219496893 13.2216207677895 12.864549084650545 12.046175489294331 11.450035507605527 10.297544927126774 9.464209375938752 9.041690644189774 8.846178175924313 9.087800471164725 10.060674627808961 10.987961478188106 12.210070450720695 13.712192514276982 16.00297354367237 19.10368190266497 -9999 -9999 -9999 -9999 -9999 -9999 -9999 -9999 -9999 -9999 -9999 -9999 -9999 -9999 -9999 -9999 -9999 -9999 -9999 -9999 -9999 -9999 -9999 -9999
-9999 -9999 -9999 14.90642363047102 15.438148961055406 15.046163018626066 14.239605443589792 13.719576699309659 13.618111677236385 13.697933130351435 14.442825080123164 14.984760046394587 15.888727208224955 16.11146799231731 15.090127769733437 14.628304260043596 13.754347031298966 11.917746031812735 10.009176833262478 8.889887242004793 9.088720719703236 9.628647000994672 10.621323512620883 11.274565474876635 11.815296468944714 13.066186397317493 16.014869952511482 -9999 -9999 -9999 -9999 -9999 -9999 -9999 -9999 -9999 -9999 -9999 -9999 -9999 -9999 -9999 -9999 -9999 -9999 -9999 -9999 -9999 -9999 -9999 -9999 -9999
-9999 -9999 -9999 -9999 16.287496957156222 17.136470878145197 17.35866131317028 17.65145645128839 17.575698248681668 17.90330061994784 18.031264153812565 17.488876267799213 17.439099400066418 17.256308640336197 16.673054908649927 15.55209868500706 12.9326486121754 11.512614080388815 10.029986685148316 9.108626657128235 9.46706058629906 10.561644332124207 11.77418498291307 12.753486460964801 -9999 -9999 -9999 -9999 -9999 -9999 -9999 -9999 -9999 -9999 -9999 -9999 -9999 -9999 -9999 -9999 -9999 -9999 -9999 -9999 -9999 -9999 -9999 -9999 -9999 -9999 -9999 -9999
-9999 -9999 -9999 -9999 15.539632536526911 16.810045378820558 17.175315044444165 17.105150931659413 17.894181116460253 18.972555082525613 19.441980087034977 19.478721520090254 18.46725539681152 17.223584911583213 16.06534515917893 14.65267974182739 13.847362213834783 12.816889285410774 11.359226565709415 10.277539293798936 10.229871181206112 10.639782458798317 13.162238590150466 16.543149699245 18.679959400376685 -9999 -9999 -9999 -9999 -9999 -9999 -9999 -9999 -9999 -9999 -9999 -9999 -9999 -9999 -9999 -9999 -9999 -9999 -9999 -9999 -9999 -9999 -9999 -9999 -9999 -9999 -9999
-9999 -9999 -9999 -9999 17.557872498758446 20.06818728234437 21.261198645571113 20.76425827640753 19.225748193776774 18.317165312414122 18.241771537094547 17.814854203625163 16.625780197892553 15.71071506834914 16.074361767948567 15.706129022049494 13.9283969871106 11.962820906661381 10.927058148842196 11.541809493031217 12.39277351539992 13.368899745712636 14.079883288017184 16.77009601234123 -9999 -9999 -9999 -9999 -9999 -9999 -9999 -9999 -9999 -9999 -9999 -9999 -9999 -9999 -9999 -9999 -9999 -9999 -9999 -9999 -9999 -9999 -9999 -9999 -9999 -9999 -9999 -9999
-9999 -9999 -9999 -9999 14.510819595942724 19.664645269534933 21.69012993090192 21.637594753907308 21.49892919046025 19.834774454397444 18.327232629774944 16.590225174684846 15.921419783505614 16.116141926221086 16.350153872770935 15.894368570900989 14.656993309610655 12.477745576166768 11.377058372458944 11.841065531442172 13.511809566105367 14.600032126912767 17.07289007438572 -9999 -9999 -9999 -9999 -9999 -9999 -9999 -9999 -9999 -9999 -9999 -9999 -9999 -9999 -9999 -9999 -9999 -9999 -9999 -9999 -9999 -9999 -9999 -9999 -9999 -9999 -9999 -9999 -9999
