metrics/grid_rasters/CCI Combined/grideval_CCI Combined_X_summer_2016_absolute_bias.asc
ncols 52
nrows 55
xllcorner     11.25
yllcorner     55.25
cellsize      0.25
NODATA_value  -9999
[rows 0 to 27 of 55, columns 0 to 51 of 52]
-9999 -9999 -9999 -9999 -9999 -9999 -9999 -9999 -9999 -9999 -9999 -9999 -9999 -9999 -9999 -9999 -9999 -9999 -9999 -9999 -9999 -9999 -9999 -9999 -9999 -9999 -9999 -9999 -9999 -9999 -9999 -9999 -9999 -9999 -9999 -9999 0.16604478039392612 0.13190490095054402 0.053498776872520866 -9999 -9999 -9999 -9999 -9999 -9999 -9999 -9999 -9999 -9999 -9999 -9999 -9999
-9999 -9999 -9999 -9999 -9999 -9999 -9999 -9999 -9999 -9999 -9999 -9999 -9999 -9999 -9999 -9999 -9999 -9999 -9999 -9999 -9999 -9999 -9999 -9999 -9999 -9999 -9999 -9999 -9999 -9999 -9999 -9999 -9999 -9999 -9999 -9999 0.17451441352782046 0.13896895453825106 0.14258345666822494 0.11397170490688745 0.040141112292590375 0.009221721278584505 -9999 -9999 -9999 -9999 -9999 -9999 -9999 -9999 -9999 -9999
-9999 -9999 -9999 -9999 -9999 -9999 -9999 -9999 -9999 -9999 -9999 -9999 -9999 -9999 -9999 -9999 -9999 -9999 -9999 -9999 -9999 -9999 -9999 -9999 -9999 -9999 -9999 0.1666791824542958 0.13885560225356708 0.06303980332963605 0.05766669628412829 0.08567624344773916 0.0682123564183712 0.05499526566785312 -9999 0.04730196167593415 0.10189438352118367 0.11198216741499696 0.022558794883282274 0.00495012703797093 -0.0013813413679599762 0.0031324694661990504 -0.00011650877802266145 0.0044301502082658714 0.001141325125227799 -0.001807465015546128 -9999 -9999 -9999 -9999 -9999 -9999
-9999 -9999 -9999 -9999 -9999 -9999 -9999 -9999 -9999 -9999 -9999 -9999 -9999 -9999 -9999 -9999 -9999 -9999 -9999 -9999 -9999 -9999 -9999 -9999 -9999 -9999 -9999 0.2211287257283233 0.2229175489395857 0.1880062758922577 0.1962024875481924 0.18803353283716284 0.117862070546202 0.01271621040675952 0.007968616550383334 0.003555954150531615 -0.001592190855223219 -0.0067660332373950536 -0.008730462711790343 -0.004410662080930604 -0.004785549219535723 -0.0008458244087903298 0.0008852943454099592 0.0036654618123303506 -0.0017954652076181965 -0.0014705116982045574 0.0010238294692143102 0.03347899691089168 -9999 -9999 -9999 -9999
-9999 -9999 -9999 -9999 -9999 -9999 -9999 -9999 -9999 -9999 -9999 -9999 -9999 -9999 -9999 -9999 -9999 -9999 -9999 -9999 -9999 -9999 0.16326290984516556 0.16146924767805182 0.16530467828978662 0.14153379461039667 0.2123684754425829 0.20929268392778574 0.1980977754426908 0.18745468447848065 0.17762613332415197 0.13260320444469864 0.1074931992460852 0.006054635443117296 -0.006131655010192305 -0.01097893974055414 -0.003337065648773452 0.0026092666970646827 0.0009417062544304633 0.003769781440496445 0.0011193334408428623 -0.009606036479058472 -0.006904793498308748 0.004800945682370161 0.006566158941258561 0.0020672173603721307 0.007812458049991865 0.011098985276792372 0.03352496432869328 -9999 -9999 -9999
-9999 -9999 -9999 -9999 -9999 -9999 -9999 -9999 -9999 -9999 -9999 -9999 -9999 -9999 -9999 -9999 -9999 -9999 -9999 -9999 -9999 0.16474341989859292 0.17258410234200328 0.1616545290402744 0.13133320212364194 0.14260607504326367 0.16331698486338492 0.14586236614447373 0.1993989086021548 0.16013207869685214 0.12019439689491107 0.10642769568881323 0.053833626048720384 -0.0013510204203751044 -0.01568389845931012 -0.011728938830935455 -0.011530568418295473 -0.010442201857981448 -0.002960451109253859 4.2513012886047357e-05 0.001558450415082624 0.0011429148523703914 0.002047731500604888 0.0023970701124357285 0.0026379221159478767 0.0013328944535359044 0.001921306647684251 0.0050878481048604604 0.025602317536654703 -9999 -9999 -9999
-9999 -9999 -9999 -9999 -9999 -9999 -9999 -9999 -9999 -9999 -9999 -9999 -9999 -9999 -9999 -9999 -9999 -9999 -9999 -9999 0.16220401130292728 0.15531072668407275 0.1777503315236542 0.18591269368634505 0.21918170120981006 0.20356730731685507 0.2123461317109025 0.1867359397204026 0.1352585541165393 0.10581479545520699 0.06921777550293051 0.004985088563483675 -0.0023386514057283647 -0.008436492279819824 -0.012065508929283736 -0.007602839690187713 -0.012857992364012666 -0.01236451514389203 -0.013455195757357985 -0.005546909959419921 0.000775294783322722 0.003240455589864577 -0.0014309492772039967 -0.003730981084315688 -0.0020338562519653935 -0.0020961921824061425 -0.004032944531544402 -0.00520218730620714 0.017888236143018876 0.015127205492361741 -9999 -9999
-9999 -9999 -9999 -9999 -9999 -9999 -9999 -9999 -9999 -9999 -9999 -9999 -9999 -9999 -9999 -9999 -9999 -9999 -9999 -9999 -9999 0.20514803967977824 0.20936163900227386 0.1918798369311151 0.1938604323685854 0.1904772461756416 0.16623768955469131 0.11731548639743222 0.023289422140173262 0.018257523036521398 0.07688325999871543 0.007438610267380019 0.006007208610358472 0.006796129288211938 0.002560782691706786 0.00196542477478151 -0.0004981443609880509 -0.0038391949365968463 -0.006421382174543688 -0.003622767394003634 -0.0010743842500707257 -0.0005005951160970135 -0.004176077311453585 0.0011220632687858891 -0.006332868305237382 -0.004434591726116488 -0.00498836374153261 -0.008806961062161833 0.016698183248872345 -9999 -9999 -9999
-9999 -9999 -9999 -9999 -9999 -9999 -9999 -9999 -9999 -9999 -9999 -9999 -9999 -9999 -9999 -9999 -9999 -9999 -9999 0.1490292869832205 0.1537005956406179 0.15603335396103235 0.1428795339805739 0.1596192895718243 0.12569360251044048 0.014854862476172681 0.012778234870537477 0.008073806924664473 5.046585979667784e-05 -0.0014004046502320564 -0.0025982751470545185 -0.005556146411792085 -0.007074163821728319 -0.008421469818462035 -0.007936586342428055 -0.004422894800486799 -0.003906772998364061 -0.0071103691082933795 -0.01047999589987425 -0.008372619748115541 -0.004660823908836932 -0.003458737517180677 0.006439802763254732 -0.005642324524081255 -0.008040862238925417 -0.00952626230276149 0.012397792190313341 0.02442843888116919 -0.009344654886618895 0.0159183342171752 0.010834015096011396 -9999
-9999 -9999 -9999 -9999 -9999 -9999 -9999 -9999 -9999 -9999 -9999 -9999 -9999 -9999 -9999 -9999 -9999 -9999 0.1777639346726147 0.15430122937845148 0.14445826378853427 0.12477272263039713 0.04105477897744431 -0.002640074690183014 0.006931206454401429 -0.00607674828042154 -0.019926357042530318 -0.026236398397265243 -0.026066923756962238 -0.007595052175662088 -0.00671210739275685 -0.0011079361581284306 0.0009013558535472256 0.0027110779827291265 -0.006724265606507018 -0.005995334004578357 -0.007403395908034348 -0.007645845413208008 -0.011881592804970977 -0.011000812863526109 -0.011064001723476102 -0.011936904619569366 -0.007333483936181717 0.006961420826289978 0.007174029784358048 -0.008196761750656645 0.015194252781246032 0.01725699590600055 0.007067951009325334 -0.0006803410208743309 0.0026572272181510925 -9999
-9999 -9999 -9999 -9999 -9999 -9999 -9999 -9999 -9999 -9999 -9999 -9999 -9999 -9999 -9999 -9999 -9999 0.179109972643565 0.17977782347834256 0.09574203517126 0.022520013477491274 0.009597106472305605 -0.005364936654982333 -0.007731742347064251 -0.011050165833338454 -0.016723358436771057 -0.014074850989424653 -0.008844631521598145 -0.012305802139251143 -0.008640360249125456 -0.005998101895270114 -0.009910008991542095 -0.008735262667355305 -0.010676416204027485 -0.008337412677381362 -0.009245195628508285 -0.011425306453653028 -0.01713281593940877 -0.010561882477739593 -0.012427191857410536 -0.014145543555850569 -0.013947730317063978 -0.0057979444770709385 -0.015232083428165176 -0.012993121762638504 -0.00981965563867404 -0.007422720770473069 0.0038055108617181532 0.0066987285795419025 0.003316157699927047 -9999 -9999
-9999 -9999 -9999 -9999 -9999 -9999 -9999 -9999 -9999 -9999 -9999 -9999 -9999 0.11840957889090414 0.12456958773343454 0.13878036776314612 0.14318666607141495 0.14872849927000376 0.17790305827345165 0.1347014531493187 0.12707747907742212 0.03092561484031053 -0.00725728240997897 -0.0097138551266297 -0.0074138053409431035 -0.00896893506464752 -0.02301764115691185 -0.01224270365808322 -0.013443324714899065 -0.009648784347202457 -0.00489523067422537 -0.010275869103877457 -0.011529063077076629 -0.010841990456632922 -0.010610548050507262 -0.010560024853633776 -0.01177821680903435 -0.010782902169486741 -0.00549470600874527 -0.005978723097106675 -0.007252431434133787 -0.0062169387288715525 -0.003655164624037949 -0.00674248243803563 -0.010460211530975677 -0.01120617208273514 -0.005413703458464675 -0.0067698038790537105 -0.0014077766757944474 -0.0002265647053718567 0.011512239828057935 -9999
-9999 -9999 -9999 -9999 -9999 -9999 -9999 -9999 -9999 -9999 -9999 -9999 -9999 0.13867979399535968 0.1167480067714401 0.05470860474135564 0.0034262275566225298 0.0032900920056778693 0.02093710442600044 0.06292870009075041 -0.0062923975612806105 -0.00909572499601738 -0.016943878028541803 -0.00903430435320604 -0.006759676176148477 -0.009785761813754623 -0.024920442506023068 -0.012920704710742692 -0.016568896077249373 -0.007269846680371672 -0.003877231122358993 -0.0032496149449244838 -0.004794858234084154 -0.009516757305549543 -0.013184278555538331 -0.01128048336376314 -0.00860074891344362 -0.00934927991550902 -0.012326926802811415 -0.013723171599533237 -0.010468765931284957 -0.014612389971380648 -0.013901424958654068 -0.02023226443840109 -0.024109871167203645 -0.020118532459373062 -0.02045391856328302 -0.009351866886667587 -0.00824229856548103 -0.008519062043532089 -0.007680172343616899 0.03684700490987819
-9999 -9999 -9999 -9999 -9999 -9999 -9999 -9999 -9999 -9999 -9999 -9999 -9999 0.09604429453611374 0.008167591917773942 -0.0044776849124742715 -0.012849046646252915 -0.027452983286069797 -0.023786069420368792 -0.016441684540199203 -0.02098539309657138 -0.016236763285553985 -0.011842942108278687 -0.003772663519434283 -0.0042009935106920296 -0.008365219539922225 -0.011319665805153228 -9999 -0.014503071489541412 -0.012197163117968536 -0.009290703450855977 -0.008663977941741119 -0.006252728078676328 -0.005637173257444228 -0.00811660565111949 -0.014753367751836775 -0.013732374686261872 -0.007533018031845917 -0.007218518334886291 -0.015955652231755463 -0.01950707756306813 -0.024312222457450374 -0.032060219379870775 -0.03993759628223337 -9999 -9999 -9999 -9999 -9999 -9999 -9999 -9999
-9999 -9999 -9999 -9999 -9999 -9999 -9999 -9999 -9999 -9999 -9999 -9999 -9999 0.016051833558341718 -0.005524773960528168 -0.016893198470706527 -0.021982920797247646 -0.031636179465314614 -0.02874091073222781 -0.010247296127288223 -0.0089611621654552 -0.01605299568694571 -0.020098182890150283 -0.0228015464609084 -0.01901321955349133 -0.013281053175096924 -0.009966856921496596 0.0051183231613215205 -0.010895033407470443 -0.011631563791762223 -0.012624196708202362 -0.013196680208911071 -0.012788536431996705 -0.013692605592634357 -0.014206081790768571 -0.013219332079524582 -0.0167350862985072 -0.020786984621182725 -0.02246401426584824 -0.02470775758442673 -0.02153608917373501 -9999 -9999 -9999 -9999 -9999 -9999 -9999 -9999 -9999 -9999 -9999
-9999 -9999 -9999 -9999 -9999 -9999 -9999 -9999 -9999 -9999 -9999 -9999 0.11961643980896992 0.033718885610932885 0.007650507856970246 -0.02242795171009171 -0.02239660497592844 -0.023873386013766984 -0.022349556017181138 -0.0173220391506734 -0.02016395994502565 -0.01586241955342499 -0.005253639882025485 -0.014412903105435162 -0.019073510785465653 -0.014985845140788878 -0.01893217229972716 -0.019896303182062897 -0.01975795221717461 -0.014141303689583497 -0.01413894444704056 -0.015071149753487641 -0.0096294193164162 -0.011798647272845963 -0.011617304028376295 -0.012008900227754 -0.012812175180601043 -0.014015820687231813 -0.01882654655238855 -0.02670075209892314 -0.028412199538687014 -9999 -9999 -9999 -9999 -9999 -9999 -9999 -9999 -9999 -9999 -9999
-9999 -9999 -9999 -9999 -9999 -9999 -9999 -9999 -9999 -9999 -9999 -0.016005809864272247 0.013712497832982451 0.031041003763675686 0.035366833371960615 -0.03061017005339914 -0.035206944236288895 -0.03626185040111127 -0.021460863235204103 -0.021911910046701844 -0.02471143055869185 -0.026957793404226715 -0.025779754733261856 -0.02286361838164536 -0.01942804650120114 -0.020464454818031053 -0.011257201595150895 -0.00872775815103366 -0.013947929053202912 -0.010775599466717772 -0.01291868317386377 -0.019028690198193417 -0.013569222358257887 -0.009637061182571488 -0.002552662692640151 -0.00799995239662088 -0.015422568211089003 -0.02138751696633256 -0.02804723495374556 -0.03576505686277928 -9999 -9999 -9999 -9999 -9999 -9999 -9999 -9999 -9999 -9999 -9999 -9999
-9999 -9999 -9999 -9999 -9999 -9999 -9999 -9999 -9999 -9999 -0.04151718431840773 -0.044553964682247316 -0.06272057006540505 -0.05685396962191746 -0.041787989275610976 -0.036419189656558236 -0.029358339536449174 -0.027613583466281063 -0.032997745858586364 -0.024150535464286804 -0.016893440128668502 -0.022254321562207274 -0.02214587852358818 -0.02372404544249826 -0.024660204577705125 -0.026619752140148837 -0.022112060500227883 -0.014101100518651629 -0.007467522893262941 -0.0039674722306106405 -0.00245973726977472 -0.01297687755330748 -0.011802533722442138 -0.008368582343277725 -0.007515193165644363 -0.01318005553406218 -0.02114709272332813 -0.023052554415619902 -0.02228686812779176 -9999 -9999 -9999 -9999 -9999 -9999 -9999 -9999 -9999 -9999 -9999 -9999 -9999
-9999 -9999 -9999 -9999 -9999 -9999 -9999 -9999 -9999 -9999 -9999 -9999 0.020120490448815483 -0.03004522701104481 -0.025254997708227308 -0.027092645673648164 -0.035895287828600936 -0.03850074549732002 -0.034536232766897795 -0.03160081091134445 -0.03498105704784393 -0.03246310661020485 -0.02335339476880821 -0.024272586664427886 -0.023426410296688904 -0.022298611376596528 -0.022294902769119856 -0.014893254346173753 -0.00809360959607622 -0.006044850725194673 -0.0008845625688200519 -0.0023216025336929014 -0.008449319264163145 -0.010296404847632279 -0.013159020925345629 -0.01794668432811034 -0.020534810488638672 -0.025031990493121357 -0.01856864551487175 -0.040917831594529365 -9999 -9999 -9999 -9999 -9999 -9999 -9999 -9999 -9999 -9999 -9999 -9999
-9999 -9999 -9999 -9999 -9999 -9999 -9999 -9999 -9999 -9999 -9999 0.022434032319680497 -0.028666336710254342 -0.009593656625260016 -0.0404950927306966 -0.030412945734417968 -0.029646603633528168 -0.03662766338042592 -0.036785692300485534 -0.030768478208261982 -0.02755311795550844 -0.030039464326008517 -0.031037959391656125 -0.02438483014702797 -0.020370135002810014 -0.020004330607859968 -0.017463921042888048 -0.007473098357086594 -0.002903605608836457 -0.009060964798149856 -0.009453077679095062 -0.012811683928189072 -0.01447906037387642 -0.015141067621500609 -0.016001735854408006 -0.018636208675477828 -0.019875943984674373 -0.031313559769288346 -0.03208611079532167 -9999 -9999 -9999 -9999 -9999 -9999 -9999 -9999 -9999 -9999 -9999 -9999 -9999
-9999 -9999 -9999 -9999 -9999 0.0596853316478107 -0.016911125863375898 0.014833591554475887 0.04807195024830957 0.052800742828327696 0.03010309843913367 -0.030500568611466355 -0.022161829471588124 -0.028409222383861957 -0.030801664713932118 -0.03289474401137102 -0.04333198296301294 -0.030918027395787445 -0.03506328975376877 -0.029122339804535324 -0.025613304875467147 -0.025583535756753845 -0.024820592416369386 -0.02524077503577524 -0.019328718762034958 -0.02152795846695485 -0.02044910791775453 -0.013181123396624694 -0.006656182524950621 -0.007161932956913253 -0.008636204282874649 -0.025200208568054692 -0.02716022875645888 -0.02910891677374425 -0.029998249333837768 -0.029387039496846817 -0.028049490536036698 -0.020412086792614137 -9999 -9999 -9999 -9999 -9999 -9999 -9999 -9999 -9999 -9999 -9999 -9999 -9999 -9999
-9999 -9999 -9999 -9999 0.029762181742437943 0.0657251597098682 0.05955770611763001 -0.021918423797773284 -0.036284792340464056 -0.03674978357942208 -0.045182459218346537 -0.04790108650922775 -0.03350000617944676 -0.03632019767942635 -0.036707882323990686 -0.028529783690368737 -0.021220103068196244 -0.02658505170889522 -0.030594161671140933 -0.030455185181420787 -0.030367904707141537 -0.03083258689097737 -0.018305340052946758 -0.02740689901554066 -0.028605921274941912 -0.02567260177887004 -0.02222324681022894 -0.01377575002286746 -0.012100092580784929 -0.01602856960633528 -0.01777823965834535 -0.02508380361225293 -0.034124419741008605 -0.03719403245486319 -0.027845054864883426 -9999 -9999 -9999 -9999 -9999 -9999 -9999 -9999 -9999 -9999 -9999 -9999 -9999 -9999 -9999 -9999 -9999
-9999 -9999 -9999 0.09517484379338692 0.018672297020321305 -0.010625911029902345 0.07959239049391315 -0.0197497726134632 -0.02569779899457228 -0.023768244863866445 -0.032699772683174734 -0.02115537664469549 -0.0278453290786432 -0.03336158135662909 -0.027229702667049743 -0.027111649351275496 -0.027260862290859226 -0.02553210504676984 -0.03092715403308038 -0.03315884441785191 -0.032346490284670966 -0.035031509950109146 -0.021653744513573853 -0.025984514180732804 -0.030793503898641324 -0.03139148458190585 -0.03013458540258201 -0.025373102044281757 -0.021499242957519454 -0.022733003710922992 -0.03201102319618929 -9999 -9999 -9999 -9999 -9999 -9999 -9999 -9999 -9999 -9999 -9999 -9999 -9999 -9999 -9999 -9999 -9999 -9999 -9999 -9999 -9999
-9999 -9999 -9999 0.10886953286377782 0.1096393690820326 0.06642450878153677 0.023059293951677214 0.0381096441136754 0.05652654235777649 -0.010396981368894165 -0.03399450348123259 -0.026226734337599398 -0.017872013961491382 -0.035230446282936166 -0.04131247232789578 -0.025074439852134037 -0.02563458632515825 -0.02168286850918893 -0.020970781050298537 -0.013829539975394378 -0.01983196077787358 -0.030275534514499738 -0.021042690814837173 -0.010583269693281327 -0.015500889524169588 -0.01795311012993689 -0.02862344941367273 -0.033334656578043236 -0.03611230552196504 -9999 -9999 -9999 -9999 -9999 -9999 -9999 -9999 -9999 -9999 -9999 -9999 -9999 -9999 -9999 -9999 -9999 -9999 -9999 -9999 -9999 -9999 -9999
-9999 -9999 -9999 0.09852909944627596 0.09937546596578928 0.09416266096817266 0.05648481036009995 0.004703772942657058 0.0014923077238642726 -0.00867429343254672 -0.02161238083372946 -0.017633141058942536 -0.017152471888449868 -0.019835856459710918 -0.026565432386553817 -0.026891672114531195 -0.02664400961088098 -0.024746758296437882 -0.02768844868177953 -0.017566496690550992 -0.02700004467497702 -0.022926352108302326 -0.02635323013300481 -0.032241153490284225 -0.03586138396159464 -0.0403998626962952 -9999 -0.06896874826887381 -9999 -9999 -9999 -9999 -9999 -9999 -9999 -9999 -9999 -9999 -9999 -9999 -9999 -9999 -9999 -9999 -9999 -9999 -9999 -9999 -9999 -9999 -9999 -9999
-9999 -9999 -9999 0.08866805591426052 0.09422465307371958 0.08962747810975362 0.09375750888948853 0.10176114164865936 0.0542935570297034 -0.02197865404925503 -0.021708991864453187 -0.01720677494354869 -0.011260038646666887 -0.017631712167159364 -0.02757432198394899 -0.032213793757061154 -0.03328172004093294 -0.030883414913778717 -0.032763946678612266 -0.027543883122827684 -0.019334461378014617 -0.022994391458190017 -0.02691289037466049 -0.03498367171572603 -0.03702062076848486 -0.04373456310966742 -0.04605843823241152 -9999 -9999 -9999 -9999 -9999 -9999 -9999 -9999 -9999 -9999 -9999 -9999 -9999 -9999 -9999 -9999 -9999 -9999 -9999 -9999 -9999 -9999 -9999 -9999 -9999
-9999 -9999 -9999 -9999 0.02596231492666096 -0.011073514657176042 -0.008269446699515626 -0.010960840660592773 -0.011278933966937271 -0.018885372104225584 -0.01994192648840987 -0.026417006131099624 -0.03044427996096405 -0.032641918114993895 -0.0240590319685314 -0.016217963448886208 -0.02465040560649789 -0.03134576717148657 -0.030958446147649168 -0.02983195593823557 -0.029391231096309176 -0.029254447668790817 -0.027534895940967224 -0.03189144024382468 -9999 -9999 -9999 -9999 -9999 -9999 -9999 -9999 -9999 -9999 -9999 -9999 -9999 -9999 -9999 -9999 -9999 -9999 -9999 -9999 -9999 -9999 -9999 -9999 -9999 -9999 -9999 -9999
-9999 -9999 -9999 -9999 0.0833659990803226 0.014104343626810182 -0.0122705680000913 -0.017868720318960085 -0.013460351475353904 -0.013643473714262585 -0.016393801440363343 -0.016487397577451633 -0.02068164539725884 -0.02836610328244127 -0.029898760921281325 -0.0173161802408488 -0.02245897281429041 -0.02425405415503876 -0.024677941170723555 -0.02971171069404352 -0.03309840935727823 -0.03599567695156389 -0.031753020604019584 -0.042607286540062544 -0.05048352933448294 -9999 -9999 -9999 -9999 -9999 -9999 -9999 -9999 -9999 -9999 -9999 -9999 -9999 -9999 -9999 -9999 -9999 -9999 -9999 -9999 -9999 -9999 -9999 -9999 -9999 -9999 -9999
