metrics/grid_rasters/CCI Combined/grideval_CCI Combined_X_spring_2018_absolute_bias.asc
ncols 52
nrows 55
xllcorner     11.25
yllcorner     55.25
cellsize      0.25
NODATA_value  -9999
[rows 0 to 27 of 55, columns 0 to 51 of 52]
-9999 -9999 -9999 -9999 -9999 -9999 -9999 -9999 -9999 -9999 -9999 -9999 -9999 -9999 -9999 -9999 -9999 -9999 -9999 -9999 -9999 -9999 -9999 -9999 -9999 -9999 -9999 -9999 -9999 -9999 -9999 -9999 -9999 -9999 -9999 -9999 0.25924446230584924 0.2398570507764816 0.15445881999201244 -9999 -9999 -9999 -9999 -9999 -9999 -9999 -9999 -9999 -9999 -9999 -9999 -9999
-9999 -9999 -9999 -9999 -9999 -9999 -9999 -9999 -9999 -9999 -9999 -9999 -9999 -9999 -9999 -9999 -9999 -9999 -9999 -9999 -9999 -9999 -9999 -9999 -9999 -9999 -9999 -9999 -9999 -9999 -9999 -9999 -9999 -9999 -9999 -9999 0.2476554825901985 0.20573421915372211 0.20288148872992573 0.15597930178046227 0.09571789056062696 0.060650470852851864 -9999 -9999 -9999 -9999 -9999 -9999 -9999 -9999 -9999 -9999
-9999 -9999 -9999 -9999 -9999 -9999 -9999 -9999 -9999 -9999 -9999 -9999 -9999 -9999 -9999 -9999 -9999 -9999 -9999 -9999 -9999 -9999 -9999 -9999 -9999 -9999 -9999 0.2491959089582617 0.2312434348795149 0.17725138366222382 0.12999561280012129 0.17834478695141642 0.1664205115465891 0.13921335475011304 -9999 0.12702747366645115 0.1574010347778147 0.15433739338602334 0.06704085497629075 0.041966492221468976 0.03145907819271088 0.03812642666426575 0.01943494176322763 0.02726913040334528 0.01934111253781753 0.017029627509739076 -9999 -9999 -9999 -9999 -9999 -9999
-9999 -9999 -9999 -9999 -9999 -9999 -9999 -9999 -9999 -9999 -9999 -9999 -9999 -9999 -9999 -9999 -9999 -9999 -9999 -9999 -9999 -9999 -9999 -9999 -9999 -9999 -9999 0.2886361926794052 0.3097941130399704 0.2788657314247555 0.32425109297037125 0.2686241606348439 0.2094481559026809 0.11504438022772473 0.09653685127313323 0.08154717775491566 0.06971736825429475 0.0630514214818294 0.0413419573257367 0.038093105606410826 0.026696796650471918 0.020669786178547398 0.016425385423328553 0.02620613510194031 0.03102865380545458 0.03771630048751831 0.03765428304672242 -0.0039865368086358655 -9999 -9999 -9999 -9999
-9999 -9999 -9999 -9999 -9999 -9999 -9999 -9999 -9999 -9999 -9999 -9999 -9999 -9999 -9999 -9999 -9999 -9999 -9999 -9999 -9999 -9999 0.2785888148678673 0.2492122131586075 0.2601168541347279 0.23527321467796966 0.29404078125953675 0.2905600721185857 0.2850080579519272 0.2826896011829376 0.2702871544493569 0.2471641764044762 0.20853043170202346 0.10515186800198124 0.08681673441941923 0.047685649532538184 0.07184304563062532 0.07143402685012135 0.059073944176946384 0.057829452944653366 0.05419481066720827 0.04534222398485455 0.06857048560466084 0.05926347466615527 0.051325861215591406 0.04367196261882783 0.052290157079696635 0.054626677036285376 0.04368300318717955 -9999 -9999 -9999
-9999 -9999 -9999 -9999 -9999 -9999 -9999 -9999 -9999 -9999 -9999 -9999 -9999 -9999 -9999 -9999 -9999 -9999 -9999 -9999 -9999 0.2612454042984889 0.2717530205845833 0.2358550876379013 0.18509022891521454 0.2168552348246941 0.2508575767278671 0.2695434242486954 0.2874888911059028 0.2742871358990669 0.2637505751280558 0.22405054019047665 0.14821746064858005 0.06314776295965369 0.033506296899007686 0.039804090674106896 0.05322121562702314 0.04873475432395935 0.05059486467923435 0.04708641235317501 0.04843115380832125 0.051261892276150856 0.05015588445322855 0.044728435300014635 0.0197300600508849 0.01081002406452014 0.023788598055640875 0.025168920556704225 0.0066106364778850115 -9999 -9999 -9999
-9999 -9999 -9999 -9999 -9999 -9999 -9999 -9999 -9999 -9999 -9999 -9999 -9999 -9999 -9999 -9999 -9999 -9999 -9999 -9999 0.26729236657802874 0.23949805840297986 0.2845277935266495 0.29137938883569503 0.27214146703481673 0.29048147052526474 0.2976299896836281 0.2908914948210997 0.24034943878650664 0.22779858112335205 0.18538129465146494 0.09982107173312793 0.07151227241212671 0.04268403027368628 0.039179145693779005 0.04472582759680571 0.046351662388554316 0.05577883443662096 0.05173521435686518 0.047541819236896654 0.0266984359671672 0.02872987650334835 0.020646501332521442 0.009899809335668863 -0.0006912007280018008 -0.01811911910772324 -0.0234802866523916 -0.03425625508481805 -0.033274157480760035 -0.004462688540418952 -9999 -9999
-9999 -9999 -9999 -9999 -9999 -9999 -9999 -9999 -9999 -9999 -9999 -9999 -9999 -9999 -9999 -9999 -9999 -9999 -9999 -9999 -9999 0.3692637570202351 0.3163974171406345 0.2756336023410161 0.2802036149161203 0.28553769240776694 0.2612792253494263 0.2350004408508539 0.2104599475860596 0.1753525457211903 0.1822103343226693 0.10121109539812262 0.07978422939777374 0.043666228652000434 0.057232209929713514 0.06591416288305213 0.0650931536047547 0.06446979277663761 0.03389982402324676 0.010016059098036406 0.015524506568908691 0.013703894490997015 0.00502873374068219 -0.005992056882899749 -0.009804101093955658 -0.026828026229685 -0.025081683760103973 -0.033083900809288025 -0.030836118952087738 -9999 -9999 -9999
-9999 -9999 -9999 -9999 -9999 -9999 -9999 -9999 -9999 -9999 -9999 -9999 -9999 -9999 -9999 -9999 -9999 -9999 -9999 0.258704965764826 0.26920635253190994 0.2786627560853958 0.28906017541885376 0.2904678019029753 0.25921814888715744 0.22987785041332245 0.18006616018035193 0.15609756824762927 0.12485637872115425 0.0857699357944986 0.05839849946399527 0.035726174712181084 0.02608260201911133 0.011821180582046507 0.027064068959309517 0.030610796923820793 0.040035544722168526 0.04628545984073923 0.012565610408782957 0.004822954535484314 -0.0038306531698807382 -0.013003412148226869 -0.027631508355790924 -0.024793606089509063 -0.02392899406992871 -0.028288227060566776 -0.03020688178746597 -0.027601128687029297 -0.03196714688902316 -0.022167117699332856 -0.017453379605127408 -9999
-9999 -9999 -9999 -9999 -9999 -9999 -9999 -9999 -9999 -9999 -9999 -9999 -9999 -9999 -9999 -9999 -9999 -9999 0.2800094534953435 0.25610067627646704 0.2582672933737437 0.2595531344413757 0.2375480074148912 0.1830079903205236 0.17111806145736147 0.1610397154634649 0.12321431867100975 0.1561459507793188 0.08596728804210824 0.02798079450925189 0.05009874522686003 0.025907883177632873 0.017542404972988646 0.017567908391356468 -0.0011151426512261977 0.001797659943501173 0.006606143116950986 -0.008509764204854553 -0.0205922614444386 -0.021666559983383515 -0.02147736806761136 -0.02652027525685049 -0.033282711037567685 -0.020422361467195588 -0.014857230708003044 -0.02148348093032837 -0.020796084155639025 -0.0218105191985766 -0.014922128915786731 -0.02078940284748873 -0.012594452748696 -9999
-9999 -9999 -9999 -9999 -9999 -9999 -9999 -9999 -9999 -9999 -9999 -9999 -9999 -9999 -9999 -9999 -9999 0.27647918462753296 0.2759593278169632 0.2183364197611809 0.17528857574576426 0.15134234442597344 0.1230539627697157 0.10062894484271173 0.11189554817974567 0.08946934652825195 0.07530922691027325 0.07292063099642593 0.0649842967589696 0.0482746499280135 0.03972066380083561 0.017981678868333517 0.01696081335345906 -0.00755454193462024 -0.01888192377307199 -0.021979486812715943 -0.02663994936839395 -0.03761211037635803 -0.031786429611119354 -0.033844948492266914 -0.03812884674830872 -0.03653086654164575 -0.03471002185886557 -0.02730116312918457 -0.024464792882402747 -0.020207663774490348 -0.01719189643859864 -0.014416906833648685 -0.02592701402803263 -0.031035545592506736 -9999 -9999
-9999 -9999 -9999 -9999 -9999 -9999 -9999 -9999 -9999 -9999 -9999 -9999 -9999 0.20731579512357712 0.22086471711334427 0.2188540485344435 0.2323848442597823 0.2566366358236833 0.2581550840820585 0.23426479179608195 0.2228156966822488 0.17223643405096872 0.12599714777686374 0.07893965827922028 0.05842171609401702 0.05196287545065087 0.020321226368347826 0.015190362282421266 0.012449618266976407 -0.0040190660140731185 -0.0009387237104502566 -0.0027604800733653234 -0.002491795203902525 -0.015598469159819855 -0.022671756419268524 -0.026710282672535283 -0.03268909522078253 -0.06350894821317574 -0.05509110893073835 -0.045317376405000685 -0.04918259903788566 -0.0490368776023388 -0.04670019298791886 -0.04495426267385483 -0.04875300154089929 -0.05220798285383926 -0.04118289131867259 -0.027701145928838992 -0.02761316429013791 -0.02506241078178087 -0.011221675202250479 -9999
-9999 -9999 -9999 -9999 -9999 -9999 -9999 -9999 -9999 -9999 -9999 -9999 -9999 0.26543514616787434 0.2205240041017532 0.17529305680231616 0.14305632788202038 0.13550756800742375 0.16105705906044354 0.2033463539112182 0.1342515413250242 0.10841513531548637 0.07599953189492226 0.0488332084247044 0.038610937694708525 0.014560823413458712 -0.008552098138765868 -0.003594500097361453 -0.0145375816659494 -0.010469807142561129 -0.014767757193608703 -0.009228862822055815 -0.006847132159316011 -0.018909662961959842 -0.031436147249263274 -0.03697274366150732 -0.03585775844428851 -0.0377354777107636 -0.038669591148694366 -0.04386361000629571 -0.04030496913653153 -0.035217568830207546 -0.03276729927613184 -0.03513445877111876 -0.03751002073287965 -0.03673246438088623 -0.03538879428220831 -0.021661634246508268 -0.024279297639926284 -0.022490869586666438 -0.01552845910191536 0.032321645567814535
-9999 -9999 -9999 -9999 -9999 -9999 -9999 -9999 -9999 -9999 -9999 -9999 -9999 0.2075769156217575 0.15257887153521826 0.10540549405689896 0.08575102789648648 0.06694457520331654 0.07549485989979338 0.11336605769136675 0.07123388917673201 0.06363967983495622 0.03535086888334027 0.027922660760257567 0.017662689737651668 0.0043923485538233656 -0.0060032651476238106 -9999 -0.005294611272604582 -0.010980815343234862 -0.008553639702174988 -0.004744432866573335 -0.011222716258919768 -0.010540556000626616 -0.017695693218189732 -0.03108522166376529 -0.0264404273033142 -0.027591352661450717 -0.026028696585584567 -0.01944256085773993 -0.008791909102470656 -0.012161119375377892 -0.024761457927525043 -0.032991477558689725 -9999 -9999 -9999 -9999 -9999 -9999 -9999 -9999
-9999 -9999 -9999 -9999 -9999 -9999 -9999 -9999 -9999 -9999 -9999 -9999 -9999 0.1712627106386682 0.1408221075932185 0.08965210684321145 0.08568304479122163 0.06634107666711014 0.05850953337821091 0.05413107857817695 0.0412936732172966 0.011312382465059112 0.02083518728613853 -0.005068914456800966 -0.017630524933338162 -0.019588182801785675 -0.022492242896038545 0.0007870376110076793 -0.02916405835877295 -0.02795704097851462 -0.02837097903956537 -0.020842501002809263 -0.01928804426089578 -0.03044788021108377 -0.03582445305326712 -0.031587914874156325 -0.032923418407638884 -0.036323166489601134 -0.012087640352547169 -0.017059430480003357 0.00448195297609677 -9999 -9999 -9999 -9999 -9999 -9999 -9999 -9999 -9999 -9999 -9999
-9999 -9999 -9999 -9999 -9999 -9999 -9999 -9999 -9999 -9999 -9999 -9999 0.28301637687466363 0.21070515838536347 0.14986775747754355 0.1063365712761879 0.1262970898639072 0.09662899307229302 0.06795896589756012 0.044717017222534516 0.014431062069806213 0.0022496743635697647 0.022287727698035886 -0.007988828031913087 -0.023907948447310395 -0.024055294368578038 -0.03426404426927152 -0.030122911152632357 -0.029686365438544218 -0.03035148200781448 -0.029804276923338563 -0.04024170525372029 -0.025473695993423476 -0.02767194926738739 -0.031158421039581306 -0.02842656064492005 -0.02281111627817153 -0.0177727690897882 -0.01564875245094299 -0.008736600770669817 -0.026778324535398773 -9999 -9999 -9999 -9999 -9999 -9999 -9999 -9999 -9999 -9999 -9999
-9999 -9999 -9999 -9999 -9999 -9999 -9999 -9999 -9999 -9999 -9999 0.12065516891224046 0.13633916846343447 0.17920901543564266 0.17798214256763456 0.1077015060186386 0.1016597774895755 0.06591458212245592 0.04684120484373788 0.0040466746558313615 -0.011135314469752078 -0.01826382331226184 -0.0142054933309555 -0.013774556517601013 -0.01560666182866463 -0.0101856197471972 -0.009551934897899628 0.005980629473924637 -0.02712458212460792 -0.027570511081389026 -0.027362418671449038 -0.028363343688749487 -0.02096810600449961 -0.02765974492737741 -0.020464589766093663 -0.024303544212032013 -0.028480525402461793 -0.029291280441814005 -0.03215515986084938 -0.05133150815963744 -9999 -9999 -9999 -9999 -9999 -9999 -9999 -9999 -9999 -9999 -9999 -9999
-9999 -9999 -9999 -9999 -9999 -9999 -9999 -9999 -9999 -9999 0.03190162446763778 0.03714852738711572 0.05429722617069882 0.054035960751421315 0.061724113493130124 0.07888876714489679 0.04939652911641379 0.014348425648429197 -0.009075208821079928 -0.009026426983916258 -0.0012696955514990838 -0.013608585905145716 -0.014683992774398247 -0.012634749765749326 -0.012928835219807087 -0.02026378764556005 -0.023211221452112542 -0.0031596038203973165 -0.017042328273096402 -0.018840954133442472 -0.020400461341653547 -0.034651345440319614 -0.03083360691865286 -0.026438477877024046 -0.029466454241726836 -0.036589946295764016 -0.04161286685201857 -0.03765489281834783 -0.033165958523750316 -9999 -9999 -9999 -9999 -9999 -9999 -9999 -9999 -9999 -9999 -9999 -9999 -9999
-9999 -9999 -9999 -9999 -9999 -9999 -9999 -9999 -9999 -9999 -9999 -9999 0.14237233002980548 0.05137191948137787 0.02889751286610315 0.019069496542215347 -0.009120630025863665 -0.019796108206113192 -0.023810142168292303 -0.0283475418885549 -0.03084477011499734 -0.03195018587367876 -0.03216739307189809 -0.025209750594763908 -0.021332019875789504 -0.020403624645301262 -0.018498320004035677 -0.023647757307175662 -0.02006484568119049 -0.028519512819392332 -0.016717138389746342 -0.02724418406550949 -0.036390556274233626 -0.03516195513106682 -0.03698513475624289 -0.0374954173134433 -0.046325634751054966 -0.04263783122102418 -0.04674253919545343 -0.056189360363142836 -9999 -9999 -9999 -9999 -9999 -9999 -9999 -9999 -9999 -9999 -9999 -9999
-9999 -9999 -9999 -9999 -9999 -9999 -9999 -9999 -9999 -9999 -9999 0.0814121391462243 0.061745113134384126 0.0521894246339798 -0.00015255873617919802 -0.01626711739943576 -0.017971131308325394 -0.020512704271823168 -0.02316271374002099 -0.026165011804550886 -0.02196292534019006 -0.0250809364952147 -0.028957876292142002 -0.025727019139698576 -0.019205343806081358 -0.01516543127395012 -0.02190706506371498 -0.014513123366567819 -0.008997447990082397 -0.020770266249373143 -0.030900212558540138 -0.032969163479031754 -0.043474926716751516 -0.04392368677589628 -0.04579360824492243 -0.0461875506349512 -0.0517533380124304 -0.04203081815629392 -0.042183900045024036 -9999 -9999 -9999 -9999 -9999 -9999 -9999 -9999 -9999 -9999 -9999 -9999 -9999
-9999 -9999 -9999 -9999 -9999 0.14371359596649808 0.06132989536438671 0.07534009269599258 0.15037522508817558 0.13840679327646893 0.09407174392886786 -0.006669401474620973 0.018750379482905092 -0.021757365465164186 -0.012021625864094693 -0.02060476690530777 0.01865396967955996 -0.02351542223583569 -0.02430698231739156 -0.02836432264131658 -0.02893847577712116 -0.034425449190717744 -0.034848640946780945 -0.03181486245658663 -0.025126865586719 -0.024996072859377463 -0.021531502942781198 -0.024778855343659728 -0.01900036633014679 -0.02313901827885553 -0.027878209184377608 -0.04173691980540753 -0.04585560850608042 -0.036243253411390834 -0.03811839111149312 -0.03300983077142297 -0.029106448476131138 -0.02428357303142548 -9999 -9999 -9999 -9999 -9999 -9999 -9999 -9999 -9999 -9999 -9999 -9999 -9999 -9999
-9999 -9999 -9999 -9999 0.07781507463558862 0.09374660434144916 0.07313712373856572 -0.0104699310134439 -0.00908656749460432 -0.0016637486405670645 -0.027315564196685262 -0.014882576284986545 -0.014632324235779898 -0.02150320921625409 -0.024744473184858062 -0.022804133850952674 -0.02647334975855692 -0.02520318797656468 -0.02190761268138885 -0.02159724218977821 -0.02642080436150232 -0.0345988054242399 -0.02857425808906555 -0.03480509047706923 -0.035161694304810635 -0.03105109325937322 -0.02883577699723996 -0.020660617794746008 -0.016298009334383773 -0.019485194039972203 -0.02333736576532064 -0.03732678012267962 -0.04402149617671966 -0.0474571226274266 -0.09149809554219246 -9999 -9999 -9999 -9999 -9999 -9999 -9999 -9999 -9999 -9999 -9999 -9999 -9999 -9999 -9999 -9999 -9999
-9999 -9999 -9999 0.14798196017742155 0.05309845712678185 0.07803207635879518 0.09084402663367136 -0.02118904482234607 -0.021458594184933292 0.008805968124290992 -0.005154298666195989 0.006422935053706169 -0.0010265535429904438 -0.012851269621598105 -0.013717047629817848 -0.018513259452742487 -0.023840886515540036 -0.025097046349499663 -0.032649639893222504 -0.030814444167273383 -0.04492087749873891 -0.044227030347375296 -0.0417247746671949 -0.04209406798084578 -0.04432134048358813 -0.03885856512430552 -0.033406874909997 -0.02202069759368896 -0.01747632753558276 -0.006287249687470881 -0.019232895225286484 -9999 -9999 -9999 -9999 -9999 -9999 -9999 -9999 -9999 -9999 -9999 -9999 -9999 -9999 -9999 -9999 -9999 -9999 -9999 -9999 -9999
-9999 -9999 -9999 0.18799378143416512 0.1781003475189209 0.0890474498271942 0.06463399648666379 0.06788182201293796 0.07620055202780096 0.0009793390830357684 -0.014155388781518646 -0.017683074304035734 -0.009276682367691635 -0.015100373700261129 -0.01655716409808711 -0.0006793953086200455 -0.0056757722049951545 -0.017106618430163426 -0.02146165023247401 -0.036262823641300214 -0.04048687120278677 -0.03583155955587114 -0.0324911657840975 -0.03465990935053145 -0.025799137450033618 -0.02004960806746231 -0.010341241246178023 -0.012639319827390277 -0.00916171916153119 -9999 -9999 -9999 -9999 -9999 -9999 -9999 -9999 -9999 -9999 -9999 -9999 -9999 -9999 -9999 -9999 -9999 -9999 -9999 -9999 -9999 -9999 -9999
-9999 -9999 -9999 0.16098255826079327 0.14804782232512598 0.12538348591845966 0.08457071085770923 0.03815146327018737 0.023816321735028845 0.008554519326598564 -0.016548925212451382 -0.005536350031052878 -0.015493325889110562 -0.004357484546867574 -0.011013077571988106 0.008453965187072754 -0.017303986427111506 -0.01614504851199486 -0.028247843599981726 -0.028198936488479376 -0.0349473444854512 -0.03169696646578171 -0.03780200704932213 -0.033533978301125617 -0.0291247635315626 -0.028009489942819654 -9999 -0.06264090381170573 -9999 -9999 -9999 -9999 -9999 -9999 -9999 -9999 -9999 -9999 -9999 -9999 -9999 -9999 -9999 -9999 -9999 -9999 -9999 -9999 -9999 -9999 -9999 -9999
-9999 -9999 -9999 0.139233677983284 0.12741093397140502 0.1180106794834137 0.1189381215307448 0.13168549151332293 0.07102935838288278 -0.0061311918709959215 -0.02413040399551392 -0.0148385326410162 -0.0005395902054650403 -0.006829376849863261 -0.01224872221549353 -0.007125708617662123 -0.02045257993646571 -0.02325449883937836 -0.02548559913129517 -0.0306200303814628 -0.015716931058300854 -0.020740463153312072 -0.010110407239860952 -0.01930333907697715 -0.021252292873603945 -0.024420130997896198 -0.030722094036765013 -9999 -9999 -9999 -9999 -9999 -9999 -9999 -9999 -9999 -9999 -9999 -9999 -9999 -9999 -9999 -9999 -9999 -9999 -9999 -9999 -9999 -9999 -9999 -9999 -9999
-9999 -9999 -9999 -9999 0.047296891609827696 -0.011523326429036944 0.004356107541493015 -0.00986810294645174 -0.01266657278455538 -0.03946291311429098 -0.02674563775459926 -0.029813040792942055 -0.027527704354255417 -0.018768051692417687 -0.02420753941816442 -0.010335549712181093 -0.028094206111771717 -0.032103863985914936 -0.038659743572536265 -0.041572637071734975 -0.035963068023706114 -0.03254217253281519 -0.032419908419251436 -0.02052474689894709 -9999 -9999 -9999 -9999 -9999 -9999 -9999 -9999 -9999 -9999 -9999 -9999 -9999 -9999 -9999 -9999 -9999 -9999 -9999 -9999 -9999 -9999 -9999 -9999 -9999 -9999 -9999 -9999
-9999 -9999 -9999 -9999 0.0729644653888849 0.016975403383926113 -0.014994779670679997 -0.010771741127145712 -0.005534745476864 -0.01877971525703156 -0.021729749537283374 -0.012546243036494542 -0.013504545478259827 -0.021503974284444533 -0.013203202893859456 -0.01983845647838381 -0.027577657358986984 -0.03668622204235622 -0.02619112953543662 -0.033717768221366684 -0.03312885083935477 -0.036341130006604085 -0.03186294981619206 -0.03693316988646983 -0.03761438549833096 -9999 -9999 -9999 -9999 -9999 -9999 -9999 -9999 -9999 -9999 -9999 -9999 -9999 -9999 -9999 -9999 -9999 -9999 -9999 -9999 -9999 -9999 -9999 -9999 -9999 -9999 -9999
