metrics/grid_rasters/CCI Combined/grideval_CCI Combined_Y_2015_absolute_ubrmsd.asc
ncols 52
nrows 55
xllcorner     11.25
yllcorner     55.25
cellsize      0.25
NODATA_value  -9999
[rows 0 to 27 of 55, columns 0 to 51 of 52]
-9999 -9999 -9999 -9999 -9999 -9999 -9999 -9999 -9999 -9999 -9999 -9999 -9999 -9999 -9999 -9999 -9999 -9999 -9999 -9999 -9999 -9999 -9999 -9999 -9999 -9999 -9999 -9999 -9999 -9999 -9999 -9999 -9999 -9999 -9999 -9999 0.04788278174028182 0.05238769036247605 0.07339750229110234 -9999 -9999 -9999 -9999 -9999 -9999 -9999 -9999 -9999 -9999 -9999 -9999 -9999
-9999 -9999 -9999 -9999 -9999 -9999 -9999 -9999 -9999 -9999 -9999 -9999 -9999 -9999 -9999 -9999 -9999 -9999 -9999 -9999 -9999 -9999 -9999 -9999 -9999 -9999 -9999 -9999 -9999 -9999 -9999 -9999 -9999 -9999 -9999 -9999 0.05208536236854792 0.055120696513926905 0.05626455330818738 0.05296199015234973 0.06483478547670585 0.069505858911968 -9999 -9999 -9999 -9999 -9999 -9999 -9999 -9999 -9999 -9999
-9999 -9999 -9999 -9999 -9999 -9999 -9999 -9999 -9999 -9999 -9999 -9999 -9999 -9999 -9999 -9999 -9999 -9999 -9999 -9999 -9999 -9999 -9999 -9999 -9999 -9999 -9999 0.059613966170424415 0.05630013572162569 0.0331123293218545 0.05059907587103593 0.07169481337936999 0.07042801024745261 0.06842239131368713 -9999 0.07108533025455797 0.05148287543482466 0.048640297044581456 0.06324245083889124 0.06909852426634519 0.07185237557286606 0.07518254609205996 0.07226723385993948 0.07433691625109581 0.08178142150599324 0.08671102653551567 -9999 -9999 -9999 -9999 -9999 -9999
-9999 -9999 -9999 -9999 -9999 -9999 -9999 -9999 -9999 -9999 -9999 -9999 -9999 -9999 -9999 -9999 -9999 -9999 -9999 -9999 -9999 -9999 -9999 -9999 -9999 -9999 -9999 0.062254267675997635 0.06661219905146215 0.053059152299626836 0.05400077475873197 0.04954351852979545 0.059475606234361836 0.07124044218878749 0.05753038742838972 0.061332589288076125 0.06250846531175966 0.061997227412411225 0.0642080653199776 0.0692296591612509 0.06870789818824279 0.06831153940120051 0.07756864747308974 0.07947792512197355 0.08174968085937938 0.07775122034588527 0.07716513222849869 0.061278535854983676 -9999 -9999 -9999 -9999
-9999 -9999 -9999 -9999 -9999 -9999 -9999 -9999 -9999 -9999 -9999 -9999 -9999 -9999 -9999 -9999 -9999 -9999 -9999 -9999 -9999 -9999 0.07546819908879715 0.05487783732327591 0.060554550911208586 0.0644412527953385 0.06222535397137002 0.058089666228950426 0.05421803534250184 0.04776407511524832 0.046677192641781454 0.06474645449718629 0.05720362733571752 0.0714960728076626 0.06838110123560401 0.06446771483169389 0.0622658202918005 0.0616317190300591 0.05909737426579782 0.05774889987803625 0.05642452286165825 0.06606881305143132 0.08165636969153334 0.07087005314124635 0.06490734816549491 0.06681389622739982 0.06081932438395327 0.05488691916329898 0.052175945990951066 -9999 -9999 -9999
-9999 -9999 -9999 -9999 -9999 -9999 -9999 -9999 -9999 -9999 -9999 -9999 -9999 -9999 -9999 -9999 -9999 -9999 -9999 -9999 -9999 0.07314904137141055 0.08015883163280423 0.054549949628007854 0.05105570723477538 0.054976493823029327 0.0635067997864013 0.03451192426081895 0.05379341724070154 0.06384426193855945 0.08227172524291289 0.06555566156634167 0.06823153254890868 0.07581775507532082 0.07316806225529737 0.07104780239330596 0.06716562946964759 0.06581058514832105 0.05748648450330331 0.05549465008693665 0.05577604046497881 0.05493205671802093 0.05650617179247159 0.05663731968104686 0.05728138125828153 0.05775831771071941 0.05390027260212625 0.049231438235168665 0.04904381943056147 -9999 -9999 -9999
-9999 -9999 -9999 -9999 -9999 -9999 -9999 -9999 -9999 -9999 -9999 -9999 -9999 -9999 -9999 -9999 -9999 -9999 -9999 -9999 0.07648481643744053 0.05721753363693885 0.07772547648382824 0.06634342005711269 0.05968414270854501 0.06659513920225686 0.06016642206102313 0.061422867831989636 0.058077071148991015 0.06744775116433707 0.07744453559489034 0.07275585175977689 0.07825673838373864 0.08612784823088364 0.07478865247724896 0.06403211900413776 0.0675454217948507 0.06306840038138778 0.05731812824854725 0.05227855620108071 0.050561788749489 0.0491299080867328 0.05111947570292207 0.05000991881131839 0.047666956380361884 0.0474595948375848 0.04655721226043835 0.04876055879889603 0.03824124114511971 0.035120809079023006 -9999 -9999
-9999 -9999 -9999 -9999 -9999 -9999 -9999 -9999 -9999 -9999 -9999 -9999 -9999 -9999 -9999 -9999 -9999 -9999 -9999 -9999 -9999 0.08149502151847128 0.06684763093142783 0.07018473731277929 0.06646934892491099 0.06361294185995925 0.06450243940219276 0.06977678219429098 0.09690417233997033 0.08301486131209444 0.06129914073982494 0.06198562146057941 0.05426762283461827 0.045922529004261615 0.05316531984029763 0.06525405668715313 0.06394469849319095 0.05652784684731566 0.05288398287271366 0.05621398635065698 0.05266242051283045 0.052272417658651364 0.05229933488404933 0.04359039741836435 0.048412413340015434 0.040487212571035366 0.040450546190490995 0.041841015863662234 0.033721867768839515 -9999 -9999 -9999
-9999 -9999 -9999 -9999 -9999 -9999 -9999 -9999 -9999 -9999 -9999 -9999 -9999 -9999 -9999 -9999 -9999 -9999 -9999 0.06499470335880153 0.06470505845262779 0.0629804016917826 0.06784336429796929 0.05750850722732514 0.05164389492869675 0.09399729231976156 0.07470569110488243 0.07698455001709796 0.06974868739771092 0.05667066161197661 0.04906144384546928 0.049184781223334716 0.05032171689284329 0.052592249327717486 0.05184157299327173 0.051402873547790766 0.05012792451247552 0.051994069380353836 0.05298765394034029 0.05266054049433133 0.048492689089030656 0.04324545408602104 0.037183844255547466 0.03869160058184753 0.042188157624663436 0.043492766406849015 0.03321881233340599 0.03367214838124859 0.03867503881050375 0.033876265880315067 0.035340798783842935 -9999
-9999 -9999 -9999 -9999 -9999 -9999 -9999 -9999 -9999 -9999 -9999 -9999 -9999 -9999 -9999 -9999 -9999 -9999 0.05934271973066674 0.059982507074712976 0.06307449287341066 0.07471096970658529 0.07518953626279172 0.07216442325390135 0.07958256108366007 0.08554667687023161 0.0795502444789804 0.07774446302204371 0.06657955774649968 0.049800570117504515 0.04757220055252991 0.045573224207553775 0.044399435220508716 0.05095450607561786 0.042446149974789925 0.04359462918034673 0.04435013460329956 0.044234716539795264 0.04631773327864315 0.04890189265501424 0.05007483207244185 0.04737038866123272 0.032032756910858017 0.03803684002582628 0.03862635716746492 0.039032123338560536 0.03652169378307812 0.03823282427276374 0.0400515917250224 0.04619066972598168 0.04114943813416108 -9999
-9999 -9999 -9999 -9999 -9999 -9999 -9999 -9999 -9999 -9999 -9999 -9999 -9999 -9999 -9999 -9999 -9999 0.059385814965813535 0.056089331412091714 0.06396118224002711 0.07894773417548492 0.07386058867878162 0.06536893095422991 0.0569378301580558 0.06107013281505825 0.058549146872323724 0.05861162533144245 0.05981142756762633 0.05724595672993399 0.059812864077358176 0.06414423701871362 0.044269163015439886 0.04420016520202747 0.044556321006539536 0.04379744868233845 0.04290533210612574 0.04288186289822283 0.04237200825572061 0.04396826324152514 0.045592638805830615 0.04579127813967237 0.046646022261183716 0.04087203537574005 0.0461511318751 0.04614294978986165 0.0450400928797416 0.0386978339001492 0.040203342818838486 0.04296429662460171 0.045520866280890616 -9999 -9999
-9999 -9999 -9999 -9999 -9999 -9999 -9999 -9999 -9999 -9999 -9999 -9999 -9999 0.07751089351693442 0.07285588392490462 0.059899478124316965 0.057424045523947365 0.06323036908098123 0.04938792756368295 0.06659599547909129 0.059419964717211324 0.08324766172864398 0.07028965557594506 0.050457208075743616 0.04555544396963556 0.04035508693927453 0.0412911614227645 0.05109806236436548 0.05838942489045304 0.05215158524402539 0.049086043018634895 0.05484667192766062 0.04861545931584967 0.04629846629434265 0.045472159428980766 0.04270831882942733 0.0408430417962043 0.03188091109761476 0.03179781198343501 0.035492421416915776 0.0360551771740405 0.03165815635791398 0.03140928959882127 0.034260768238784274 0.036644946832779066 0.03753508012217895 0.036512675846741366 0.04077529155833981 0.04055881156082635 0.039167059611780165 0.04023781271856079 -9999
-9999 -9999 -9999 -9999 -9999 -9999 -9999 -9999 -9999 -9999 -9999 -9999 -9999 0.09696783318962236 0.08156328839586477 0.0805209884615876 0.08615619086872234 0.0906665811885944 0.09945839203639699 0.09491298181042873 0.08413455389606417 0.07362316991291247 0.04804383581825765 0.04991658670970225 0.04308455948120943 0.04212435770988091 0.034116873889723634 0.04299194903127667 0.04053960268537092 0.05220280932454305 0.046004823160827366 0.042345599357980594 0.042311594062230944 0.043494769718580406 0.0481229465689111 0.04078817727650567 0.03767865308482518 0.03761187624498854 0.0370474888303058 0.03486308727107188 0.03497266525946501 0.03697287385492806 0.03826065428865179 0.040817962697348414 0.03887430013209936 0.039309956473653734 0.040226012807371855 0.04044603690660867 0.04063800867759427 0.039604250201924485 0.038985141332264966 0.038548958477425815
-9999 -9999 -9999 -9999 -9999 -9999 -9999 -9999 -9999 -9999 -9999 -9999 -9999 0.10006427800343767 0.10679789029766483 0.10002164063354928 0.09008588013890856 0.08255748310223877 0.0802898636374442 0.07386260370563147 0.0607480085452459 0.0645908019528809 0.04929822504039865 0.0451413390463558 0.043688676665263486 0.04398986700359719 0.04409278836892835 -9999 0.03740546073050871 0.042617578806304124 0.04297306657055347 0.04309723964869741 0.04603901526674106 0.04625882214905674 0.04713074308984593 0.04549076713481979 0.03959622869465322 0.03367125974150045 0.032349287122535555 0.03411634562632061 0.03797234880210272 0.04043040757780942 0.042395881464609805 0.04480534737992862 -9999 -9999 -9999 -9999 -9999 -9999 -9999 -9999
-9999 -9999 -9999 -9999 -9999 -9999 -9999 -9999 -9999 -9999 -9999 -9999 -9999 0.09916867675646576 0.09720261255775876 0.08190395803923524 0.08485204259509896 0.07550294525460713 0.06175768806642469 0.05300895221379754 0.049411234162800466 0.04620180612320353 0.04175440441923923 0.04769201862999769 0.044764636479839116 0.04583638246734573 0.048900174090692035 0.04907315054983556 0.047602238259549685 0.051020551101041804 0.049065723931526285 0.0473711555442456 0.04727815919366811 0.048674981395968014 0.046646062594227766 0.04323769399069275 0.0412698416508636 0.03876303395241997 0.037951420815412036 0.03790923356466589 0.03544162993002823 -9999 -9999 -9999 -9999 -9999 -9999 -9999 -9999 -9999 -9999 -9999
-9999 -9999 -9999 -9999 -9999 -9999 -9999 -9999 -9999 -9999 -9999 -9999 0.09683836804301722 0.09577639131353193 0.09059112193719553 0.07188726859427674 0.09323543111759257 0.07143866064761463 0.06338813621563334 0.050155919347402364 0.045332309758352486 0.04467449848897016 0.04114048931576653 0.042972040034957616 0.04672303761683198 0.04501289547999215 0.0456070523069059 0.0471554913746717 0.04251437749920113 0.040415048747347235 0.039338269469548166 0.04027210006237515 0.040404290059330286 0.041221176241498174 0.03956413424597132 0.03709705824044938 0.036577250711748416 0.03823836087034238 0.04059823143834397 0.03745909540344152 0.038423488667340834 -9999 -9999 -9999 -9999 -9999 -9999 -9999 -9999 -9999 -9999 -9999
-9999 -9999 -9999 -9999 -9999 -9999 -9999 -9999 -9999 -9999 -9999 0.09688591610610044 0.08521742732378568 0.09657632405133892 0.0927526441142372 0.09592757775568032 0.07386615330262643 0.06241091313118673 0.052247065957613616 0.04617889073860136 0.045576705403325056 0.04615471307211624 0.049594581522154436 0.04628261278561385 0.04602305597324631 0.043036413779668284 0.037632893544295366 0.04125804873292188 0.034873361484132004 0.033042342499225094 0.03225488479383 0.03522087109942703 0.036192997408239065 0.036931724840677735 0.0366359644702649 0.04487372377176567 0.04414475970315219 0.043588058416604285 0.04037753429730311 0.039965944036935784 -9999 -9999 -9999 -9999 -9999 -9999 -9999 -9999 -9999 -9999 -9999 -9999
-9999 -9999 -9999 -9999 -9999 -9999 -9999 -9999 -9999 -9999 0.06533574859780847 0.08335984765553048 0.09446882076935327 0.09965236416605452 0.08306177133047361 0.07241048332535878 0.052632630915572035 0.04899010008931538 0.045665719239534885 0.043024715261735666 0.04132198279786559 0.043032630804726656 0.04209639728332165 0.040323627477968006 0.041279120724934025 0.04101569939977448 0.03719667317327631 0.0392269195001619 0.034482868975538344 0.03830471403144056 0.04306784224388247 0.035961495290648085 0.03304598814749962 0.0343395176941028 0.03736115070469544 0.04291152351255853 0.04486752734277948 0.0420311235469548 0.03995131881777747 -9999 -9999 -9999 -9999 -9999 -9999 -9999 -9999 -9999 -9999 -9999 -9999 -9999
-9999 -9999 -9999 -9999 -9999 -9999 -9999 -9999 -9999 -9999 -9999 -9999 0.06918597093849674 0.055111668774801316 0.056224336574489116 0.04603029623388685 0.042297169171370885 0.04052415354311855 0.040398007145434386 0.03905887653627984 0.041577874020680805 0.038789132306209034 0.040833289254448984 0.03828984542319752 0.039688257623983966 0.038695707786601634 0.0393525402939535 0.03872245510330982 0.0421078635446579 0.041009066952927 0.0398908377396858 0.03545227811880835 0.036335396808030135 0.03713978468798042 0.039490415978159436 0.0418383779143016 0.04194383389841134 0.03926880460770887 0.03734614579225142 0.04076609359644323 -9999 -9999 -9999 -9999 -9999 -9999 -9999 -9999 -9999 -9999 -9999 -9999
-9999 -9999 -9999 -9999 -9999 -9999 -9999 -9999 -9999 -9999 -9999 0.06227908768342191 0.05944036324577096 0.05513062642072873 0.05328494365809401 0.0413020567787417 0.039397901951936806 0.03972852353306898 0.0392721168167446 0.03921119864022568 0.036623459881596966 0.04413861247875701 0.044642449223982736 0.03904805928466914 0.03971391221770474 0.03871716884473207 0.03844018506329324 0.03444106362487352 0.03455790770215672 0.037374361043468585 0.041755255762744366 0.04137376567531532 0.041067864802230916 0.04099670252699112 0.04089990004969097 0.03895751499669163 0.037856224859103206 0.03727988413253983 0.03562282301183527 -9999 -9999 -9999 -9999 -9999 -9999 -9999 -9999 -9999 -9999 -9999 -9999 -9999
-9999 -9999 -9999 -9999 -9999 0.06688762924162399 0.06874899984271772 0.0654129084019467 0.07290622942886453 0.07137861917980612 0.057402392251974514 0.0562038974321737 0.04860818417167634 0.042293540079926605 0.04304316524667758 0.039879974790350624 0.037227959010516516 0.03935608343678025 0.039553514877306656 0.042082798466160386 0.037597448769309816 0.03978290997121898 0.04249732547411947 0.04706323958044783 0.04015606291262234 0.03824666966283871 0.037402841171082536 0.04049664224700787 0.040822566098392826 0.04249553487125849 0.04114526575345709 0.0405842935185971 0.03648699158620434 0.03688350573285699 0.03725285916997738 0.035723105820399614 0.032028837408012836 0.03077210032813842 -9999 -9999 -9999 -9999 -9999 -9999 -9999 -9999 -9999 -9999 -9999 -9999 -9999 -9999
-9999 -9999 -9999 -9999 0.04985636663708321 0.05012804197467005 0.04702593303973816 0.045737490281705366 0.043173276178206994 0.06082704637694576 0.04513110576714184 0.0433014714387941 0.035611656435854656 0.0388724567792099 0.03725578519506825 0.04316195339277516 0.039647416232171946 0.03744079056952029 0.03817364170097735 0.039127082873053005 0.03963968384849061 0.040300464969829725 0.038378559648328286 0.042598241238876636 0.04156778941106373 0.03951222575785783 0.04271498206762865 0.04299979036496128 0.04191769284266554 0.04034338416650892 0.0365271337985385 0.03372242881166708 0.033945585497888286 0.029460690096849814 0.025783875011965718 -9999 -9999 -9999 -9999 -9999 -9999 -9999 -9999 -9999 -9999 -9999 -9999 -9999 -9999 -9999 -9999 -9999
-9999 -9999 -9999 0.06087835909822839 0.0665139342835174 0.038662453065968966 0.05043439858897484 0.04846744924685142 0.04538854095650825 0.05437209580886334 0.0451147486932147 0.047136221921289925 0.03749096510887895 0.0375988280469982 0.0462345729928926 0.043211922846660256 0.03660380292434439 0.03915319813156505 0.037962814314032166 0.03962782334450704 0.04392005870787486 0.04253170575289654 0.040467070980482314 0.042252573367534164 0.041605205761948746 0.04017280349145537 0.039078093721542737 0.03635195066845494 0.03488283779621485 0.03458470064691055 0.033915789921286243 -9999 -9999 -9999 -9999 -9999 -9999 -9999 -9999 -9999 -9999 -9999 -9999 -9999 -9999 -9999 -9999 -9999 -9999 -9999 -9999 -9999
-9999 -9999 -9999 0.0818775151023412 0.08895608425498353 0.05571506897588117 0.07198027441603858 0.0563566097885445 0.04229578560276145 0.04200551949532119 0.043466715358863456 0.033782248733184625 0.029048056888202545 0.03801809178618342 0.03854095748173633 0.04065518186074327 0.0393389906714224 0.039873605478163036 0.03882124224300197 0.047698312014233565 0.04277411142154084 0.04341795167524956 0.039778964955935886 0.042876514470642516 0.04248063379849186 0.03949772779143832 0.037113420616653424 0.03564320231799088 0.02976735218172688 -9999 -9999 -9999 -9999 -9999 -9999 -9999 -9999 -9999 -9999 -9999 -9999 -9999 -9999 -9999 -9999 -9999 -9999 -9999 -9999 -9999 -9999 -9999
-9999 -9999 -9999 0.06304515166073359 0.05540838547931546 0.054635951330604934 0.0531526724983142 0.049435444975959836 0.043271074024403305 0.04031776664786308 0.03678449460873156 0.042340363123570215 0.02933569992321135 0.0396586996179787 0.03740894644168831 0.030645884939369983 0.03663311453784876 0.04064972554498551 0.04185530848160407 0.048622798124375484 0.0424219870058818 0.04218432377054592 0.041520348675502285 0.03911110925240327 0.04104043283356034 0.03987271847958314 -9999 0.04915873399495206 -9999 -9999 -9999 -9999 -9999 -9999 -9999 -9999 -9999 -9999 -9999 -9999 -9999 -9999 -9999 -9999 -9999 -9999 -9999 -9999 -9999 -9999 -9999 -9999
-9999 -9999 -9999 0.05661869478201453 0.052273951096899265 0.053308553805170765 0.04252900640632765 0.0533958668555344 0.04282747982337182 0.05448135951502174 0.039213584511599536 0.035300738364080805 0.03764689163327236 0.03531484032213724 0.036320056297982316 0.03652057564140345 0.040211783121365814 0.03784226135351668 0.04901965987891724 0.05012368358685446 0.042293192385991364 0.044970586170850785 0.039889924265618805 0.042836419419133714 0.045386551598299865 0.0420307171170011 0.03941580995844442 -9999 -9999 -9999 -9999 -9999 -9999 -9999 -9999 -9999 -9999 -9999 -9999 -9999 -9999 -9999 -9999 -9999 -9999 -9999 -9999 -9999 -9999 -9999 -9999 -9999
-9999 -9999 -9999 -9999 0.061338639189892935 0.0390597877321357 0.05316320049703692 0.047510378672085206 0.04201450838824634 0.048854701209624235 0.03799944107953578 0.038980026753100236 0.037137090123956655 0.037344264775395125 0.03357859855224879 0.030094799905372727 0.037068479608661005 0.03744839044884412 0.03658334832696663 0.0377875125416295 0.03948489231074995 0.0397076284345529 0.043227057081350655 0.04237828173734868 -9999 -9999 -9999 -9999 -9999 -9999 -9999 -9999 -9999 -9999 -9999 -9999 -9999 -9999 -9999 -9999 -9999 -9999 -9999 -9999 -9999 -9999 -9999 -9999 -9999 -9999 -9999 -9999
-9999 -9999 -9999 -9999 0.040083358930370634 0.0465926356140152 0.06147956054211728 0.04617965645144513 0.053528767605849896 0.043739390899747904 0.03843827913385015 0.03725769883336156 0.038726034110263576 0.0397088137597767 0.03965937817024688 0.033213940232897365 0.032904129248837524 0.03322150967140745 0.033040293974837036 0.032613942445670785 0.03418002032175827 0.034393678552905114 0.034130844717665115 0.033284982041878665 0.03993047816474055 -9999 -9999 -9999 -9999 -9999 -9999 -9999 -9999 -9999 -9999 -9999 -9999 -9999 -9999 -9999 -9999 -9999 -9999 -9999 -9999 -9999 -9999 -9999 -9999 -9999 -9999 -9999
