metrics/grid_rasters/CCI Combined/grideval_CCI Combined_X_fall_2018_absolute_ubrmsd.asc
ncols 52
nrows 55
xllcorner     11.25
yllcorner     55.25
cellsize      0.25
NODATA_value  -9999
[rows 0 to 27 of 55, columns 0 to 51 of 52]
-9999 -9999 -9999 -9999 -9999 -9999 -9999 -9999 -9999 -9999 -9999 -9999 -9999 -9999 -9999 -9999 -9999 -9999 -9999 -9999 -9999 -9999 -9999 -9999 -9999 -9999 -9999 -9999 -9999 -9999 -9999 -9999 -9999 -9999 -9999 -9999 0.043278781115108265 0.04332345169301497 0.048305091177996314 -9999 -9999 -9999 -9999 -9999 -9999 -9999 -9999 -9999 -9999 -9999 -9999 -9999
-9999 -9999 -9999 -9999 -9999 -9999 -9999 -9999 -9999 -9999 -9999 -9999 -9999 -9999 -9999 -9999 -9999 -9999 -9999 -9999 -9999 -9999 -9999 -9999 -9999 -9999 -9999 -9999 -9999 -9999 -9999 -9999 -9999 -9999 -9999 -9999 0.03583690976306498 0.04528414916182279 0.05398214939808182 0.04665582087138639 0.03855491251784035 0.04233128535240825 -9999 -9999 -9999 -9999 -9999 -9999 -9999 -9999 -9999 -9999
-9999 -9999 -9999 -9999 -9999 -9999 -9999 -9999 -9999 -9999 -9999 -9999 -9999 -9999 -9999 -9999 -9999 -9999 -9999 -9999 -9999 -9999 -9999 -9999 -9999 -9999 -9999 0.03959846095360544 0.036709711639330914 0.0292795630032442 0.03164130140662052 0.032779528899847386 0.03423691486303042 0.03205911358017125 -9999 0.04179082498683852 0.03191397629658472 0.031237052612959438 0.039395681376001385 0.04131054945922023 0.03770107579101434 0.03779947576361524 0.03473438805092738 0.035757089806331376 0.03922724969152104 0.03910665681036759 -9999 -9999 -9999 -9999 -9999 -9999
-9999 -9999 -9999 -9999 -9999 -9999 -9999 -9999 -9999 -9999 -9999 -9999 -9999 -9999 -9999 -9999 -9999 -9999 -9999 -9999 -9999 -9999 -9999 -9999 -9999 -9999 -9999 0.035988899589061964 0.036392710541742174 0.03771346325892445 0.03719609458747511 0.03285587245419763 0.03018489470123635 0.0346047783504689 0.03260976076120499 0.03614360789079392 0.032826747695891174 0.03217161191956997 0.032405463503804736 0.036451487179036714 0.03250826638868873 0.032107516201388735 0.03851689781720343 0.0382464831579592 0.041503002395420235 0.03854102963565656 0.03743484659033283 0.03873611559585705 -9999 -9999 -9999 -9999
-9999 -9999 -9999 -9999 -9999 -9999 -9999 -9999 -9999 -9999 -9999 -9999 -9999 -9999 -9999 -9999 -9999 -9999 -9999 -9999 -9999 -9999 0.05045290959993911 0.03707986889415758 0.038665039792988465 0.03624974412156688 0.03352261740445619 0.034239467184341496 0.035838195443893536 0.03680129481370492 0.03719916423375711 0.032638051544767614 0.04378568015465091 0.03528333973675046 0.03419774921764058 0.03207683017829725 0.03921405738331992 0.039145511146786466 0.037434872230050514 0.03423966491278198 0.03382781189335025 0.03771265900488189 0.046805237762949724 0.04262994839551528 0.03925909273830293 0.03707174752822432 0.036676062385453234 0.03560135432397129 0.0328004867935499 -9999 -9999 -9999
-9999 -9999 -9999 -9999 -9999 -9999 -9999 -9999 -9999 -9999 -9999 -9999 -9999 -9999 -9999 -9999 -9999 -9999 -9999 -9999 -9999 0.05273935084149499 0.012033070549567844 0.03363414227221924 0.031544447176683865 0.03124957375287639 0.033264697374153746 0.01793540847750723 0.03136019516141516 0.04606499643436913 0.0546781802176361 0.04131261998116313 0.03796914803250055 0.03615213097309316 0.03303196681030614 0.03131484694818987 0.03167119277516031 0.03378846351888476 0.033426003793486245 0.03308285886820779 0.033967518797820034 0.03623404331638097 0.03667148021611349 0.03338237408040757 0.03266432781363049 0.03355026610804419 0.032549706767515216 0.032245834294108384 0.029253387916018544 -9999 -9999 -9999
-9999 -9999 -9999 -9999 -9999 -9999 -9999 -9999 -9999 -9999 -9999 -9999 -9999 -9999 -9999 -9999 -9999 -9999 -9999 -9999 0.06030085904542772 0.0465084699496361 0.048226617521252964 0.04008484609842079 0.029408054442209532 0.04034189487184856 0.03387010027579762 0.0336930605849949 0.030793482482113988 0.033045718136195966 0.03999499289892861 0.04280679122170672 0.046603142347208686 0.04433781983028196 0.03894716009488596 0.03311364914716314 0.03623207024660593 0.03569934768694095 0.035920381020155226 0.03758480449519023 0.03525933708406776 0.03308313398326432 0.031035934153060864 0.031852149791969785 0.0302349630816244 0.03013520395569975 0.02879602955404888 0.02797111450038789 0.02403711082492429 0.023926448254621747 -9999 -9999
-9999 -9999 -9999 -9999 -9999 -9999 -9999 -9999 -9999 -9999 -9999 -9999 -9999 -9999 -9999 -9999 -9999 -9999 -9999 -9999 -9999 0.03615365358001951 0.03681464397135281 0.03745091285585593 0.03261547012383435 0.03285508074206172 0.033364200663651 0.044769095272958186 0.0482084090853079 0.03837299775170005 0.03408002529292223 0.04010522471646885 0.03225757311937253 0.02192048917251893 0.03629250811589321 0.04810662968317073 0.045386124101114735 0.042969447778545236 0.033684158122661866 0.03423941402981958 0.03181953187914322 0.03158637453201274 0.0320439994155768 0.02639576276317376 0.03920958543982081 0.029576228720901643 0.035382817571700816 0.03311520097531852 0.027538152459937213 -9999 -9999 -9999
-9999 -9999 -9999 -9999 -9999 -9999 -9999 -9999 -9999 -9999 -9999 -9999 -9999 -9999 -9999 -9999 -9999 -9999 -9999 0.046999102692160864 0.042862219832910615 0.03888209162999609 0.021218548793771243 0.03571568786530617 0.036691821858421715 0.050189325003004166 0.0412384295013359 0.03715087210541277 0.038020967945666284 0.03516668814509566 0.03390529616306684 0.03389245191270837 0.034940952567000555 0.0222722247936688 0.039597716257309436 0.03764991072762699 0.038321468036857216 0.04403159177750913 0.03082765354964565 0.03274195835528885 0.031199257292292 0.031927659914924036 0.029302222500575445 0.035835980692441136 0.03523167776964426 0.03588413440322226 0.02628688818270498 0.030540916108391495 0.03036164110824193 0.025814540231014992 0.023391893817247367 -9999
-9999 -9999 -9999 -9999 -9999 -9999 -9999 -9999 -9999 -9999 -9999 -9999 -9999 -9999 -9999 -9999 -9999 -9999 0.0413569419133438 0.04662935174726338 0.04033334700571357 0.04111189745113277 0.027637088537674808 0.02839616145761465 0.02844857533762705 0.03265449194454256 0.031485819075993134 0.022608434383172917 0.032805914880611554 0.023557875183518043 0.027471819189694886 0.031093441132041183 0.036711828153500714 0.03169472315636945 0.03895266350853039 0.03827981455202648 0.039339589222628285 0.031338262545989634 0.033220229434319085 0.0498891892777448 0.04675409073239396 0.04925402305779935 0.020704930586257317 0.032146587560547134 0.032944006627537985 0.03955354154313906 0.032009603468678614 0.02462241206698863 0.027133776389460292 0.02916887024433213 0.030400677524020182 -9999
-9999 -9999 -9999 -9999 -9999 -9999 -9999 -9999 -9999 -9999 -9999 -9999 -9999 -9999 -9999 -9999 -9999 0.038659629152546116 0.037071670118237615 0.042558709155999255 0.04627362162487009 0.036843208326077286 0.031866640613315955 0.031700472495099635 0.03459644496785014 0.028784433331115883 0.029086855614245045 0.030224816029931826 0.032321469502085885 0.0364357765621827 0.030957352634570456 0.023924402210243688 0.027167958611520448 0.0279147995916206 0.025909738163516226 0.0280856525865624 0.030959607581839525 0.01623442954453622 0.041058699427149715 0.04270563328670264 0.043860461457921836 0.04627624923032903 0.03519905765098752 0.03644973205718752 0.037565949693053664 0.0416407345539554 0.04140891908112475 0.043700397557619036 0.04259907249315128 0.04315706543937217 -9999 -9999
-9999 -9999 -9999 -9999 -9999 -9999 -9999 -9999 -9999 -9999 -9999 -9999 -9999 0.05299202971437833 0.05445823788152985 0.04563378587688565 0.04522755071859371 0.0474662890477825 0.04248036763685875 0.04325526981912922 0.036650340356728366 0.03994594521040984 0.0376179449949716 0.029612761326105762 0.028470951842836312 0.025083595285419792 0.023227495640298516 0.02525246509492496 0.03395268017071819 0.027297013843862364 0.02560064081467701 0.025428883540827514 0.024034962709031767 0.02983032444312195 0.029110105348819994 0.028778088866982094 0.03767057409897536 0.03796478727260305 0.03711602281818335 0.03865015920186207 0.038896821310947086 0.033748319860392104 0.03222735174600798 0.032080621265610634 0.03735558185376831 0.04237340861283029 0.04237797539796923 0.045552635912068686 0.044199375541714964 0.04426808764984599 0.04093240366003376 -9999
-9999 -9999 -9999 -9999 -9999 -9999 -9999 -9999 -9999 -9999 -9999 -9999 -9999 0.06283006920088594 0.04920194589473832 0.04538434195885475 0.045122196108459856 0.044407510263333366 0.0490225154460286 0.0495631133535467 0.034230356238880745 0.030092020406753663 0.014740974695056771 0.028105824850342614 0.017194635105762357 0.02536853123916953 0.023381054417537763 0.024140052325467013 0.022278673673345614 0.02346060367374366 0.0192409759110368 0.02270656216382409 0.029464414440932205 0.0300925372454771 0.03158554983068272 0.03139569419520438 0.03751045734877363 0.035800616898352844 0.03492682551436062 0.03191894071226708 0.030599351888503126 0.03133592624409854 0.03470127910881951 0.03705049462008773 0.03755478762202138 0.037156313261058026 0.034730164810170154 0.03194535841578538 0.031826876075484574 0.03142452519639027 0.031931622524439665 0.035758924286178696
-9999 -9999 -9999 -9999 -9999 -9999 -9999 -9999 -9999 -9999 -9999 -9999 -9999 0.05121311080681644 0.0504374949714384 0.05175009740397432 0.03330807743392253 0.033421802408615364 0.041258757322366175 0.034357076505578336 0.031264126239332245 0.035084052226198315 0.028337508955190938 0.026365969913720103 0.02615474955224931 0.022475265181412726 0.022385816371131947 -9999 0.02299995028996029 0.023131520624745945 0.02119523909216666 0.023545615206833525 0.025866705530215053 0.02856668489780622 0.030157050453154564 0.033705903443983234 0.029248424881651983 0.03086204193939088 0.029320780883664563 0.02838738860944725 0.02427974705509416 0.037609312075471836 0.04632894403221922 0.04605435290385474 -9999 -9999 -9999 -9999 -9999 -9999 -9999 -9999
-9999 -9999 -9999 -9999 -9999 -9999 -9999 -9999 -9999 -9999 -9999 -9999 -9999 0.058045060125227664 0.0532586160531455 0.033655388472469225 0.05476047894145797 0.03673685785298157 0.030018710505827488 0.030575347496203425 0.036343071340985 0.03525922299550044 0.0216495842988827 0.02842268410502925 0.019689480551095043 0.02465318458870696 0.028690260020511605 0.028859851632269437 0.025392316605077302 0.024419106317328552 0.023559165413406247 0.023367829156741245 0.025544573722835244 0.03030310680707045 0.030638328508769 0.030492460231677693 0.03228898027772459 0.03176698070985118 0.029396316449176656 0.03049590331266068 0.02188074219858902 -9999 -9999 -9999 -9999 -9999 -9999 -9999 -9999 -9999 -9999 -9999
-9999 -9999 -9999 -9999 -9999 -9999 -9999 -9999 -9999 -9999 -9999 -9999 0.06743390537012714 0.06273043585398562 0.05416363679385053 0.02568827306452232 0.06681663387622587 0.04029467911115223 0.04209943097117401 0.045241367788414415 0.043309918359912235 0.04922136243820662 0.031698473820086136 0.029439095611983563 0.0341375092467367 0.025915465166215432 0.02883975304754075 0.035558991890159354 0.027302662582792445 0.024302991470684925 0.02724136236830274 0.027957879086537674 0.026437839607473458 0.02743035346188209 0.029606695159794427 0.030522656533887863 0.030194802056993267 0.029537959545360117 0.029934041789319955 0.026495903040313573 0.028335978311485138 -9999 -9999 -9999 -9999 -9999 -9999 -9999 -9999 -9999 -9999 -9999
-9999 -9999 -9999 -9999 -9999 -9999 -9999 -9999 -9999 -9999 -9999 0.04462367946994239 0.04600508237244047 0.05128484286178567 0.058522395829524634 0.055495092011277884 0.040457913300048505 0.054027362673179515 0.04089583393904611 0.046122497401838165 0.04842504431344892 0.04867929495802605 0.046214700484567384 0.02723387732136575 0.03542041278571609 0.02628640216119867 0.022265750600139838 0.033090044315064036 0.029248541742759912 0.022776223533006026 0.023729724054062342 0.02720789949519149 0.026581611130624915 0.02568057905977236 0.03008861172539934 0.026284244234627708 0.02571627109815252 0.0243463600378776 0.023413150598270926 0.02663249307223163 -9999 -9999 -9999 -9999 -9999 -9999 -9999 -9999 -9999 -9999 -9999 -9999
-9999 -9999 -9999 -9999 -9999 -9999 -9999 -9999 -9999 -9999 0.02688313974739654 0.030957821232951755 0.046120971591601216 0.05734018233343927 0.05501109211132661 0.05858055495453005 0.05469743543640025 0.05626928132680478 0.039109660801565936 0.04712792567716004 0.05123003478314861 0.047267784191805606 0.02734119765996542 0.022114138588485887 0.02451263452983995 0.02657198892552424 0.021104712662956767 0.029054939422531293 0.02523799657845292 0.03141162791513233 0.03225543344723003 0.026189134748441725 0.02439043433256997 0.02265190063856241 0.02213834977689147 0.02264182037119261 0.024096233021184417 0.02177353597340138 0.021660757485649544 -9999 -9999 -9999 -9999 -9999 -9999 -9999 -9999 -9999 -9999 -9999 -9999 -9999
-9999 -9999 -9999 -9999 -9999 -9999 -9999 -9999 -9999 -9999 -9999 -9999 0.0427207470489692 0.04208702142216153 0.0322636636136157 0.02973297359051023 0.03552679068783175 0.03087131168454013 0.02641390341539536 0.03503546397634082 0.04491516005487945 0.04206992599649258 0.02873069155425987 0.028445126154142093 0.03296046898849503 0.03000908031862237 0.033878395480737906 0.03315284786963416 0.03840607932684637 0.03553559543963266 0.034975837219319614 0.028632230912663263 0.024046268344704733 0.023369212201597774 0.02430751578268272 0.023767958621946552 0.026201099999809185 0.027735028496783668 0.030544753570709814 0.030212735326769026 -9999 -9999 -9999 -9999 -9999 -9999 -9999 -9999 -9999 -9999 -9999 -9999
-9999 -9999 -9999 -9999 -9999 -9999 -9999 -9999 -9999 -9999 -9999 0.033869091913362195 0.030513083328920464 0.03325390676465341 0.03254584295888817 0.031969634349578016 0.03350291061820401 0.0343247994195106 0.03505723772152648 0.03261293044295728 0.02946916646048017 0.049532266842815344 0.05010725290928044 0.03186925285856612 0.030115261008109264 0.030172286619072727 0.025192424882350226 0.02573094331520884 0.027983686236066056 0.028313817689243338 0.02808155624391974 0.02680906247889711 0.025767956351939538 0.025886368473428324 0.029556215489041464 0.027129320524730775 0.025206149434047267 0.028810308728567286 0.02862140713835275 -9999 -9999 -9999 -9999 -9999 -9999 -9999 -9999 -9999 -9999 -9999 -9999 -9999
-9999 -9999 -9999 -9999 -9999 0.03848875785531623 0.02560120447132978 0.026558019298005445 0.030898662163562674 0.03483268412096413 0.028148507302320307 0.03364082655241905 0.016978341263376124 0.028432915584472064 0.027254109898352717 0.027476299520484547 0.0254487070385819 0.039010456431794814 0.03744795871436383 0.02166659459345121 0.021589465287824263 0.02446512919110161 0.038152410805526935 0.055278205030838364 0.0199413035480965 0.022617474650591086 0.022938550400316428 0.02277698945908475 0.02235156245147184 0.023890611759449273 0.024405832903943717 0.031250779581638626 0.026714198363131873 0.028454858977328117 0.031480897250754376 0.03401974713903034 0.0295397253745888 0.02582660826503917 -9999 -9999 -9999 -9999 -9999 -9999 -9999 -9999 -9999 -9999 -9999 -9999 -9999 -9999
-9999 -9999 -9999 -9999 0.025938632943510755 0.01949159588273956 0.01957485554185991 0.01817950589029689 0.030807068036061036 0.03287378530043164 0.025327300684930405 0.028787538385040713 0.02667387552678663 0.027653544131553992 0.02655339642584241 0.03528917248140398 0.02938739287994416 0.02833437565137275 0.028746210997217636 0.02760900665804751 0.027021037051234743 0.0269944133073589 0.02550745401638445 0.028928287421007906 0.026167207503317625 0.02501183473270647 0.02842752277132595 0.02751457612137136 0.02480812232783667 0.02384631449003647 0.02640669077826831 0.028304990223866174 0.02768460456423566 0.026830912739467132 0.03182253330223382 -9999 -9999 -9999 -9999 -9999 -9999 -9999 -9999 -9999 -9999 -9999 -9999 -9999 -9999 -9999 -9999 -9999
-9999 -9999 -9999 0.03753421613529701 0.03547627690686009 0.03281424624400005 0.03423134190479642 0.02206000020519569 0.025125666374128327 0.03945501718791022 0.02686822324593887 0.03808964202952198 0.03094059374346929 0.026979679965185088 0.0349414409834546 0.02958341366635944 0.025814963248613897 0.024677093304596692 0.02307567279639696 0.0226749587907238 0.02900856973410175 0.030224489142864668 0.02578425910263162 0.024704891174285336 0.023343771996013396 0.023829518406005282 0.02337087359532376 0.026226408715337702 0.03100080009828536 0.030901576107251076 0.028237037147947158 -9999 -9999 -9999 -9999 -9999 -9999 -9999 -9999 -9999 -9999 -9999 -9999 -9999 -9999 -9999 -9999 -9999 -9999 -9999 -9999 -9999
-9999 -9999 -9999 0.06571640663520466 0.07133063974731944 0.03779672845889286 0.052532258433243516 0.047041310577185434 0.035550071102144795 0.03378339552204347 0.036323019026808165 0.029014705941955106 0.02781564637706748 0.03257267336601971 0.026102956485352616 0.02274328670064786 0.024451401581246916 0.02409971063821216 0.024127927062408804 0.02511749060956121 0.02546835874040571 0.03000103061334537 0.026893453057956138 0.02794725765422621 0.02457684621407928 0.02427429458436004 0.025675094221750062 0.029560339697923682 0.0293584901872327 -9999 -9999 -9999 -9999 -9999 -9999 -9999 -9999 -9999 -9999 -9999 -9999 -9999 -9999 -9999 -9999 -9999 -9999 -9999 -9999 -9999 -9999 -9999
-9999 -9999 -9999 0.04118251620300077 0.03921483389365886 0.04147008182612017 0.04011755655350912 0.04544841748390995 0.03764243639788696 0.04134065953745609 0.03307921660299713 0.04053365121589035 0.02486691137541188 0.03569151570984329 0.031104409743391456 0.027513773204790155 0.02489745498337537 0.020863471106483563 0.021359489045089282 0.026341527628853383 0.025494773942673337 0.02656122271614541 0.023485470891226462 0.02529205577090153 0.023940064027006918 0.025208844298804663 -9999 0.028347610532907845 -9999 -9999 -9999 -9999 -9999 -9999 -9999 -9999 -9999 -9999 -9999 -9999 -9999 -9999 -9999 -9999 -9999 -9999 -9999 -9999 -9999 -9999 -9999 -9999
-9999 -9999 -9999 0.0474896961546817 0.044378796191524884 0.04222742107154075 0.043368714422996925 0.05435951834003891 0.04025956458249497 0.05045823202094174 0.0362043449970476 0.03969169250724728 0.033018934301816405 0.02451709700025184 0.023646754880449497 0.016907391577590383 0.02806048973036249 0.02286225397029053 0.02491153681563495 0.026327823459043682 0.032876779601128565 0.030318808954207337 0.023385300692252246 0.046553795737964365 0.04789169905477467 0.0428873406409488 0.032813060888577904 -9999 -9999 -9999 -9999 -9999 -9999 -9999 -9999 -9999 -9999 -9999 -9999 -9999 -9999 -9999 -9999 -9999 -9999 -9999 -9999 -9999 -9999 -9999 -9999 -9999
-9999 -9999 -9999 -9999 0.038561765564734465 0.032119570011070867 0.038014304755890536 0.03989807173267949 0.036969969385082686 0.04389097133959265 0.034448332261350564 0.028192305049792345 0.030043616932069608 0.025734992788962147 0.02431451422702965 0.021973293905887682 0.027600748458744228 0.018719171002950164 0.022518611703771257 0.02189820112349124 0.026071488763218697 0.023423812278585487 0.026421359347757432 0.04605231566766864 -9999 -9999 -9999 -9999 -9999 -9999 -9999 -9999 -9999 -9999 -9999 -9999 -9999 -9999 -9999 -9999 -9999 -9999 -9999 -9999 -9999 -9999 -9999 -9999 -9999 -9999 -9999 -9999
-9999 -9999 -9999 -9999 0.0383723501459692 0.039343323501590866 0.05570908235150207 0.037283988254379466 0.0457537331412659 0.037356138075029716 0.032074734192594205 0.02883616299793951 0.0247958237123192 0.024195950056682604 0.024420283670574205 0.0211713414376266 0.022065227382857624 0.022508930331051485 0.01941432810224415 0.024714234925493392 0.023332356633062958 0.024064177761340424 0.024268745367483947 0.026755512066577544 0.0331362714286929 -9999 -9999 -9999 -9999 -9999 -9999 -9999 -9999 -9999 -9999 -9999 -9999 -9999 -9999 -9999 -9999 -9999 -9999 -9999 -9999 -9999 -9999 -9999 -9999 -9999 -9999 -9999
