metrics/grid_rasters/CCI Combined/grideval_CCI Combined_S_fall_absolute_bias.asc
ncols 52
nrows 55
xllcorner     11.25
yllcorner     55.25
cellsize      0.25
NODATA_value  -9999
[rows 0 to 27 of 55, columns 0 to 51 of 52]
-9999 -9999 -9999 -9999 -9999 -9999 -9999 -9999 -9999 -9999 -9999 -9999 -9999 -9999 -9999 -9999 -9999 -9999 -9999 -9999 -9999 -9999 -9999 -9999 -9999 -9999 -9999 -9999 -9999 -9999 -9999 -9999 -9999 -9999 -9999 -9999 0.14053161722301638 0.11319923001091653 0.057389005019678085 -9999 -9999 -9999 -9999 -9999 -9999 -9999 -9999 -9999 -9999 -9999 -9999 -9999
-9999 -9999 -9999 -9999 -9999 -9999 -9999 -9999 -9999 -9999 -9999 -9999 -9999 -9999 -9999 -9999 -9999 -9999 -9999 -9999 -9999 -9999 -9999 -9999 -9999 -9999 -9999 -9999 -9999 -9999 -9999 -9999 -9999 -9999 -9999 -9999 0.1734189859677836 0.1342616989499047 0.1322590758109234 0.104146812706304 0.05158910626265667 0.03231195387167807 -9999 -9999 -9999 -9999 -9999 -9999 -9999 -9999 -9999 -9999
-9999 -9999 -9999 -9999 -9999 -9999 -9999 -9999 -9999 -9999 -9999 -9999 -9999 -9999 -9999 -9999 -9999 -9999 -9999 -9999 -9999 -9999 -9999 -9999 -9999 -9999 -9999 0.14196325180766814 0.11675992265423353 0.024383183430742358 0.03849181883475361 0.07109932851291702 0.06824244105297589 0.06720119848768548 -9999 0.07772906412536973 0.12438748617774074 0.13062022364721065 0.05065198372868657 0.03499729624565912 0.032510602772235886 0.034025135769772896 0.029320665927075606 0.03123051224656365 0.030764323207411463 0.025402204319834698 -9999 -9999 -9999 -9999 -9999 -9999
-9999 -9999 -9999 -9999 -9999 -9999 -9999 -9999 -9999 -9999 -9999 -9999 -9999 -9999 -9999 -9999 -9999 -9999 -9999 -9999 -9999 -9999 -9999 -9999 -9999 -9999 -9999 0.186761274933815 0.1982622574443466 0.15775438225028493 0.16767992548368593 0.19048022487795496 0.13389869982546027 0.046632317081093784 0.04417976419819464 0.04825328963184822 0.04767793129031783 0.041011284463680686 0.040907407224466286 0.04374398010792119 0.043633059877429485 0.04152088643362123 0.04578301409373475 0.047743612357104837 0.042014453044304456 0.04115683083631555 0.045471613732527734 -0.0038091900317292478 -9999 -9999 -9999 -9999
-9999 -9999 -9999 -9999 -9999 -9999 -9999 -9999 -9999 -9999 -9999 -9999 -9999 -9999 -9999 -9999 -9999 -9999 -9999 -9999 -9999 -9999 0.15865666105710402 0.1482736385664959 0.14689807698130608 0.11016691867577827 0.18828669004142284 0.18935099832571234 0.17562311851396795 0.1701648636942818 0.16520410208475025 0.1482909901979122 0.11877810831514662 0.0353239291361746 0.041276777833700214 0.03781085260212419 0.04167930044160029 0.04541008317410344 0.04447199954436376 0.046875132238053514 0.044915668509508455 0.04313176515556516 0.04931201064523233 0.04709140761360448 0.0425928509914813 0.0361156745516148 0.042316638203482526 0.043580685826865084 0.01908680305038529 -9999 -9999 -9999
-9999 -9999 -9999 -9999 -9999 -9999 -9999 -9999 -9999 -9999 -9999 -9999 -9999 -9999 -9999 -9999 -9999 -9999 -9999 -9999 -9999 0.15761915350008587 0.11952461389934314 0.14664123356342318 0.11485672204993493 0.1176404031053666 0.1314034066029957 0.1248544191612917 0.1970054843620947 0.15947327334830105 0.13194717874652462 0.099028596243301 0.08194675981998445 0.05021527913672413 0.037568231030265915 0.038597554194204735 0.03832869671285155 0.03884677781959889 0.04061978256019455 0.04276788521868485 0.04438123663789345 0.046394773611896915 0.04579311465834551 0.04081828820128597 0.036103025726650084 0.03367270792231841 0.033304250599202063 0.031571146417805514 0.007988186117182383 -9999 -9999 -9999
-9999 -9999 -9999 -9999 -9999 -9999 -9999 -9999 -9999 -9999 -9999 -9999 -9999 -9999 -9999 -9999 -9999 -9999 -9999 -9999 0.14374975772464976 0.1384940375596429 0.15573801594303255 0.1520280582564218 0.19824280100461292 0.1793123860569561 0.1895285210439137 0.17543376639888092 0.14453848245116951 0.12802262004860288 0.10769540765298108 0.058391901669163415 0.05358637120517984 0.04710986721209992 0.03914151204194072 0.03832496843100841 0.034306184955374915 0.034977928117701895 0.03394082529430692 0.03804583070419165 0.040665737116659 0.039331951884778005 0.03372504763054046 0.029945420026779187 0.02908337279895828 0.02946650778705423 0.026065401690346882 0.021860133660467074 0.007965710920256552 0.018581907625670916 -9999 -9999
-9999 -9999 -9999 -9999 -9999 -9999 -9999 -9999 -9999 -9999 -9999 -9999 -9999 -9999 -9999 -9999 -9999 -9999 -9999 -9999 -9999 0.1650724201290696 0.18706205697620612 0.1790673077865771 0.1825463883338436 0.18630957185176386 0.1634356388822198 0.11018289402983657 0.03639617119516647 0.06513740782802169 0.12594281533297075 0.05216235081779763 0.04171629320264486 0.0326163911697816 0.04666998412908685 0.05350550908284885 0.04494591240576884 0.04095780905839558 0.03548800628944482 0.03824431374669074 0.03676798863936282 0.03643243224098442 0.032296113797596504 0.018776859215327683 0.02817613678860525 0.024518770996681927 0.030795189423289737 0.02687390098127268 0.004676274548877368 -9999 -9999 -9999
-9999 -9999 -9999 -9999 -9999 -9999 -9999 -9999 -9999 -9999 -9999 -9999 -9999 -9999 -9999 -9999 -9999 -9999 -9999 0.13407282561364806 0.1427795275062474 0.14439221674745736 0.12055877385995327 0.16200959105645454 0.11386750053476402 0.022296452763918284 0.03867164230024495 0.05110454232616218 0.04937064273153397 0.044875195931867166 0.04014725098898125 0.03871125590534852 0.03891144026050253 0.02269426368652505 0.036548401707063916 0.03565780186528311 0.03483795296204717 0.02801996313936106 0.022459959832288438 0.024311983989456942 0.02768127654279984 0.032079665505953425 0.0193263081284617 0.025857467902824283 0.02630858679139425 0.029694638722311206 0.01237771924862191 0.0005181465579682243 0.028210853805413105 0.011923556575680729 0.02635145286719004 -9999
-9999 -9999 -9999 -9999 -9999 -9999 -9999 -9999 -9999 -9999 -9999 -9999 -9999 -9999 -9999 -9999 -9999 -9999 0.1517905074525887 0.13964109291735385 0.1438613195104647 0.12302271509781865 0.034662393326977736 -0.0016736400032800194 0.03251818051704991 0.032883453384909056 0.031563857950831 -0.008758018414179503 0.025485350805170396 0.011115104291174129 0.03418672964221142 0.03647069182697232 0.0391056322122133 0.01934621055075464 0.03288925904780626 0.0279559516126201 0.024000210545913503 0.02004276754829171 0.016092772200956174 0.022284672728606625 0.02081261807017853 0.01827983575207848 0.00365105939322502 0.02687859649841601 0.029420428321911742 0.028405394315719618 0.015103201985359194 0.00792933914993632 0.012322013897280548 0.023433585925925537 0.028054803066010048 -9999
-9999 -9999 -9999 -9999 -9999 -9999 -9999 -9999 -9999 -9999 -9999 -9999 -9999 -9999 -9999 -9999 -9999 0.1574398754518243 0.15637359462487396 0.08869676284416755 0.03138345596266956 0.02772543355099205 0.039410560599808575 0.029191231727600075 0.029690552600391273 0.02468422285102784 0.028261030313148305 0.029049069594941745 0.02915382063066635 0.03248284564864251 0.03184336684440653 0.022372197176589337 0.024010133322166338 0.021017334397944683 0.010560912652785748 0.008179860305972397 0.023508388549089432 0.01321681689571691 0.027009967881352157 0.023343620384299518 0.02033689131144606 0.022032654460738682 0.011974395110907143 0.02370141923817154 0.030407424347522943 0.04023997792691897 0.03713885552826382 0.025733737032965776 0.010511791689342326 0.007917725756847654 -9999 -9999
-9999 -9999 -9999 -9999 -9999 -9999 -9999 -9999 -9999 -9999 -9999 -9999 -9999 0.10323605204329772 0.11342653544510113 0.12954134567111147 0.13510969601026396 0.13696893662214274 0.15756884235001745 0.1323647614735276 0.11757168814539908 0.044765547294207286 -0.007246630236426799 0.02944840401734994 0.02803826126275144 0.022220962367005104 0.011985768652495066 0.026586515636279676 0.003599042489248139 0.029486478093158738 0.0314475196207355 0.028963103258248524 0.02196821264968896 0.008071742296218877 0.008752696099691093 0.006228933346943104 0.013072969601643808 0.013179700390822223 0.01837517636895969 0.023622172122651885 0.022520358492801703 0.020670524239540102 0.01947052738358898 0.013334427410975486 0.016372054070234288 0.028117936528371468 0.032759960119922965 0.02941362726288801 0.024711538826563077 0.011049019264393169 0.024814502305381902 -9999
-9999 -9999 -9999 -9999 -9999 -9999 -9999 -9999 -9999 -9999 -9999 -9999 -9999 0.12260978342277075 0.1050247070021354 0.053522113036541696 0.008845111935637695 0.015018801170366802 0.031144651798575118 0.07452982518018457 0.03964044587995541 0.03646564982948503 0.022616983950138114 0.0046580789441412205 0.014163703765980027 0.022346990711895054 0.005557892315181695 0.02090726154191153 0.015634338860794655 0.005905560123811049 0.009965771518716028 0.0167417025512403 0.01806754645492348 0.0151883376794949 0.014791964726932975 0.007810959018262703 0.01708473341100536 0.01676244068445651 0.014622066380842682 0.01547452198259486 0.016555177165737622 0.011658215083958923 0.008630011253014297 0.01837310372363954 0.011313481937821307 0.012606053181537765 0.009846162868709095 0.018011738546192646 0.018829881322164482 0.020773489908738563 0.02239276041810434 0.0731930341467511
-9999 -9999 -9999 -9999 -9999 -9999 -9999 -9999 -9999 -9999 -9999 -9999 -9999 0.1059723724653055 0.028013932585184087 0.017346593383125275 0.03131687921793469 0.027237047683702772 0.000675104939660387 0.015201777368783975 0.02696710112302197 -0.021692373910370988 0.028194834758167638 0.029502030007722887 0.02242651998256306 0.01893621107822729 0.027248897794949826 -9999 0.016353011534020717 0.005476680600037032 0.003940315181467703 0.00655201517167639 0.009820541787532056 0.013234058441209395 0.010649268098962994 0.007212425916249515 0.0046739839870511 0.013149282466756174 0.016782654382342055 0.013168240586916595 0.000806257029374452 0.012577236831188192 0.018091002445081217 0.011788092306179304 -9999 -9999 -9999 -9999 -9999 -9999 -9999 -9999
-9999 -9999 -9999 -9999 -9999 -9999 -9999 -9999 -9999 -9999 -9999 -9999 -9999 0.03680297153602752 0.0123150828294456 0.03022949096867855 -0.0063187754816479424 0.003023467169931293 0.02231168150901797 0.020857087393712725 0.046491446637967886 0.03354550559827885 -0.0106633251033178 0.01295025193172955 0.01172332219455552 0.025846952275067808 0.028615516300002725 0.020030321948456054 0.024563410702873684 0.004159852983505741 0.004847491665403964 0.004697652101516736 0.004641237104032914 0.007297801492858108 0.002430319459768987 0.0033318810992770675 0.0006257754607792433 -0.0007374621927738191 -0.0013355777618732911 0.008669399759835661 -0.0064826015915189494 -9999 -9999 -9999 -9999 -9999 -9999 -9999 -9999 -9999 -9999 -9999
-9999 -9999 -9999 -9999 -9999 -9999 -9999 -9999 -9999 -9999 -9999 -9999 0.11810205999203928 0.04324444285898565 0.029374991026189567 0.003025202032847285 0.0015111860827864974 0.02198320019592359 0.01161889787073489 0.0327882208147941 0.039416679758235706 0.037156710701604034 0.03231501209190468 0.0245959201925679 0.019571048991074647 0.001738061257403528 -0.009341107051948015 -0.01990168398782 -0.00718794574340184 0.011046331515885828 0.009948696475476028 0.00992670665894235 0.014839988384213491 0.00950862222338375 0.004606686695648815 0.003477041521211616 0.0032673583631097907 0.001116356771925231 0.004934391020037593 -0.001702209869464788 0.0008679474186566173 -9999 -9999 -9999 -9999 -9999 -9999 -9999 -9999 -9999 -9999 -9999
-9999 -9999 -9999 -9999 -9999 -9999 -9999 -9999 -9999 -9999 -9999 0.015186296904395382 0.051648511962078536 0.06957563665178085 0.0655394940894114 0.003429692885685398 0.017781526377104732 0.01966667378136 0.013936721934722007 0.038629880242319004 0.03281876537948847 0.025006861946025468 0.006779838470542976 0.003519575897749372 0.021402761916960444 -0.006949034023594536 0.010940533913212064 -0.003659349264977851 0.026031684620599987 0.01007146324148242 0.0029367965380877052 0.015461861308104062 0.019519356085408116 0.007556156470225396 0.01670883394273601 0.007086867306913658 0.004006130091937982 -0.0029166823735943537 -0.005135618640991019 -0.011087652016431082 -9999 -9999 -9999 -9999 -9999 -9999 -9999 -9999 -9999 -9999 -9999 -9999
-9999 -9999 -9999 -9999 -9999 -9999 -9999 -9999 -9999 -9999 0.026182432701478853 0.024545442858500462 0.008645919042748307 -0.005534455180168153 0.005253213194181317 0.009814786080697302 0.02703872181867301 0.037497252719837004 0.010955965090654551 0.010274841573583049 0.032984149876547735 0.03577619718342295 0.014655830152332794 0.009389760373513913 0.008784338554240156 0.003482297598244893 0.003051441361212881 -0.004208246808080268 0.006340948335918389 -0.005065832711473289 -0.01309400378099454 0.016314452054438655 0.01046137601737207 0.0025980693983360115 0.003995529942579207 -0.003440287482889381 -0.0015299550594727596 -0.006416826382191211 -0.008586136451184417 -9999 -9999 -9999 -9999 -9999 -9999 -9999 -9999 -9999 -9999 -9999 -9999 -9999
-9999 -9999 -9999 -9999 -9999 -9999 -9999 -9999 -9999 -9999 -9999 -9999 0.06637301594018935 0.005618971625441005 0.01579650780376124 0.01828969233348721 0.0245148887524026 0.015635732840746652 -0.0043592041403782145 0.0006948065313493457 0.013011554233085976 0.013848296746059694 -0.0005220796912908665 0.011186994657926023 0.006688172158635679 -0.0015454607376133025 -0.0060845025140663644 -0.007365089569772999 -0.020100137723084967 -0.02127781292499856 -0.013519752470926294 -0.00034758767296125265 0.004017446232938232 0.0044571351388405225 0.0019070183519612762 -0.005058093377239809 -0.00841191466798119 -0.00020345070395053064 -0.013331873734970271 -0.023367536531554326 -9999 -9999 -9999 -9999 -9999 -9999 -9999 -9999 -9999 -9999 -9999 -9999
-9999 -9999 -9999 -9999 -9999 -9999 -9999 -9999 -9999 -9999 -9999 0.07992467038261081 0.01266632011781138 0.027823056581724515 -0.009167225144448732 0.017927346929991983 0.019541559303984213 0.014493973194798337 0.015681454369538942 0.014453310257112497 0.014909420544520382 0.024409419625480742 0.017746167548130017 0.017880128751024155 0.022985037416219708 0.017348575067113736 -0.003961250355297874 0.008325389061851068 0.0013205133886499965 0.004636548128392953 -0.0077683814887792016 0.010302169669059004 0.0014314490460580474 -0.0003081560927502558 -0.004320485761802134 -0.0043143057103814655 -0.00907886624336243 -1.9261905969680804e-05 -0.007313224207226631 -9999 -9999 -9999 -9999 -9999 -9999 -9999 -9999 -9999 -9999 -9999 -9999 -9999
-9999 -9999 -9999 -9999 -9999 0.08585605139040764 0.01595126234644184 0.055824407638409464 0.07272910666183607 0.09206537233891887 0.07795108407735822 0.02476001109080339 0.02260991962666209 0.0199492673625003 0.001743686965533675 0.001610161758017259 0.001904283528742584 0.021081729659012397 0.01900064909529542 -0.0007395863116204383 0.0039509846311476535 0.008397500502736605 0.015949957878202997 0.031464012165864315 -0.0007377714873888497 -0.0011194778314556064 0.0013350434390838606 0.004382776231739105 0.00924772526172393 0.01400157484983533 0.006684700673725953 0.010741164711252528 -0.002350627420804441 -0.005752713729937881 -0.009193237181063045 0.010641469055390262 0.008815616429091455 0.005043180659413339 -9999 -9999 -9999 -9999 -9999 -9999 -9999 -9999 -9999 -9999 -9999 -9999 -9999 -9999
-9999 -9999 -9999 -9999 0.05466244118228841 0.1066223151573149 0.1070563479940942 0.012358950523587042 0.0006935100555419683 -4.9531809600877885e-05 0.0005475508490788705 0.008092309063986725 -0.0023465906394356533 -0.0047779917548605175 -0.007309737435558405 -0.028637484088540083 -0.018475601058683292 -0.00685935689225084 -0.0009423308743688186 0.0028706927320914233 0.005467248927144452 0.004861519429725042 0.007466735621524417 0.015952937129665834 0.010454125873658848 0.011685070292703048 0.01979393285981726 0.01585792933459057 0.014454402882068312 0.01580088143974409 0.0044852872892302 0.0007201334822319327 -0.0006774897009482196 -0.01444219530392915 -0.01782752190317427 -9999 -9999 -9999 -9999 -9999 -9999 -9999 -9999 -9999 -9999 -9999 -9999 -9999 -9999 -9999 -9999 -9999
-9999 -9999 -9999 0.1227545859835073 0.05805968089123902 0.014236437586637618 0.10308758231500786 0.02709305286407471 0.01902334150430318 0.00022326978508402373 0.008349035579997777 0.010319012788034264 0.02481461143252828 0.0014288985015203648 -0.018433818827846088 -0.01892896637772068 -0.00546976336927124 -0.004108541245971403 -0.015206574855080562 -0.013635624570456169 -0.023685287893488168 0.011383542634921362 0.013122232966735705 0.006806629588422569 -0.006604791648926273 -0.006157853650419347 0.003961348139187859 0.002361150265767664 0.0017149411417819727 -0.003198349834793668 -0.000581036227336823 -9999 -9999 -9999 -9999 -9999 -9999 -9999 -9999 -9999 -9999 -9999 -9999 -9999 -9999 -9999 -9999 -9999 -9999 -9999 -9999 -9999
-9999 -9999 -9999 0.12252188427107676 0.12724796346118372 0.08737775460997628 0.049835764667362836 0.06368048772215845 0.07674127537319919 0.015036312125201512 0.0030575085517972056 0.0176672985387403 0.014945403493325652 0.01704524081308864 0.00033576824923151066 -0.008191976547241214 0.002442687662208787 0.004391984970763679 0.005147978926406199 -0.017563617314611174 -0.014945502366338459 0.011030278779486176 0.004900743808251257 0.00014755863526144664 0.009461999312043196 0.009167018776329666 -0.001826549187684684 -0.007514194681726648 -0.015133280058701818 -9999 -9999 -9999 -9999 -9999 -9999 -9999 -9999 -9999 -9999 -9999 -9999 -9999 -9999 -9999 -9999 -9999 -9999 -9999 -9999 -9999 -9999 -9999
-9999 -9999 -9999 0.11993756137713035 0.11741864032695948 0.11735128694110447 0.08888908857621519 0.0348823205381632 0.030234567961602843 0.016328299625052334 -0.0010195680207489843 -0.004848533883117735 0.026782630353557824 0.035663107037544245 0.022935453782636644 0.008096225750751973 0.01468844686666232 -0.005768043202394879 -0.011808821963051608 -0.027147447466850272 -0.0021297392118108105 0.002077571638337855 -0.012439467598006376 -0.02079798744953409 -0.019055689228516002 -0.011510142129521034 -9999 -0.01578287114488316 -9999 -9999 -9999 -9999 -9999 -9999 -9999 -9999 -9999 -9999 -9999 -9999 -9999 -9999 -9999 -9999 -9999 -9999 -9999 -9999 -9999 -9999 -9999 -9999
-9999 -9999 -9999 0.11532137332403143 0.11617230316219125 0.12272007924084573 0.12956970915632346 0.10805774531742136 0.07180026658414085 -0.01503984487835486 -0.006730086437546357 -0.0003825922294990458 0.0031585700687815077 -0.0016647401783201345 0.0015773241376054734 -0.011062640225750264 -0.002283983143035961 -0.012359805775610772 -0.04041840521137366 -0.02903365376558933 0.013909540916841046 0.01722437233182053 -0.006129572485211648 0.004240052540969236 0.0020492775247821227 0.0019265416513655489 0.0026561251929776157 -9999 -9999 -9999 -9999 -9999 -9999 -9999 -9999 -9999 -9999 -9999 -9999 -9999 -9999 -9999 -9999 -9999 -9999 -9999 -9999 -9999 -9999 -9999 -9999 -9999
-9999 -9999 -9999 -9999 0.07625427842140198 0.026109123689548985 -0.00829966249419195 -0.00372090868314906 -0.0025491943316800487 -0.014848367507393297 -0.004281035885214807 -0.011846967568301198 -0.011261508692449074 -0.011112807173803058 0.001457621343433857 0.011759825224100157 0.01199844578353082 -0.014443954373850959 -0.02593327351386035 -0.02512352939608486 -0.02725565464546284 -0.009739473608194604 -0.02738080340726623 0.0008143837840412503 -9999 -9999 -9999 -9999 -9999 -9999 -9999 -9999 -9999 -9999 -9999 -9999 -9999 -9999 -9999 -9999 -9999 -9999 -9999 -9999 -9999 -9999 -9999 -9999 -9999 -9999 -9999 -9999
-9999 -9999 -9999 -9999 0.13265524599058875 0.033155252441975765 -0.021224837175649214 -0.00894651301205157 -0.025351967105920303 -0.013111307820741158 0.003250064657014967 0.009604011292326936 -0.0009232038341530913 -0.01238956451416015 -0.01361339100419659 -0.008307279265941464 -0.009905620230793277 -0.014281025954655246 -0.013452004832334996 -0.020175917624191908 -0.022114039855260482 -0.021663525038295328 -0.01635330213142222 -0.01298204774227668 -0.0030413310768550032 -9999 -9999 -9999 -9999 -9999 -9999 -9999 -9999 -9999 -9999 -9999 -9999 -9999 -9999 -9999 -9999 -9999 -9999 -9999 -9999 -9999 -9999 -9999 -9999 -9999 -9999 -9999
