metrics/grid_rasters/CCI Combined/grideval_CCI Combined_all_absolute_bias.asc
ncols 52
nrows 55
xllcorner     11.25
yllcorner     55.25
cellsize      0.25
NODATA_value  -9999
[rows 0 to 27 of 55, columns 0 to 51 of 52]
-9999 -9999 -9999 -9999 -9999 -9999 -9999 -9999 -9999 -9999 -9999 -9999 -9999 -9999 -9999 -9999 -9999 -9999 -9999 -9999 -9999 -9999 -9999 -9999 -9999 -9999 -9999 -9999 -9999 -9999 -9999 -9999 -9999 -9999 -9999 -9999 0.16093913221432088 0.12792747559361772 0.06564646859279805 -9999 -9999 -9999 -9999 -9999 -9999 -9999 -9999 -9999 -9999 -9999 -9999 -9999
-9999 -9999 -9999 -9999 -9999 -9999 -9999 -9999 -9999 -9999 -9999 -9999 -9999 -9999 -9999 -9999 -9999 -9999 -9999 -9999 -9999 -9999 -9999 -9999 -9999 -9999 -9999 -9999 -9999 -9999 -9999 -9999 -9999 -9999 -9999 -9999 0.17842754088585672 0.137328226848141 0.13731420505624695 0.11131958902519656 0.05362457649575342 0.029469003710221094 -9999 -9999 -9999 -9999 -9999 -9999 -9999 -9999 -9999 -9999
-9999 -9999 -9999 -9999 -9999 -9999 -9999 -9999 -9999 -9999 -9999 -9999 -9999 -9999 -9999 -9999 -9999 -9999 -9999 -9999 -9999 -9999 -9999 -9999 -9999 -9999 -9999 0.16081644902079126 0.13574100580144596 0.05674273288378151 0.05590382397798965 0.08716289012144646 0.07736533048541044 0.07244151620935108 -9999 0.07383888255131116 0.11810923828635105 0.12286085687728825 0.04127627768257791 0.02239252073026926 0.017080254713508575 0.020347403769309717 0.014986389825132009 0.021002154333069702 0.017848098819906066 0.014356907355821374 -9999 -9999 -9999 -9999 -9999 -9999
-9999 -9999 -9999 -9999 -9999 -9999 -9999 -9999 -9999 -9999 -9999 -9999 -9999 -9999 -9999 -9999 -9999 -9999 -9999 -9999 -9999 -9999 -9999 -9999 -9999 -9999 -9999 0.2148213666191632 0.22378591998242275 0.18503403169388816 0.19619001426400928 0.1954579820489361 0.13325308921078066 0.043297454995929074 0.03554284513541839 0.03094794873456308 0.02543239080368126 0.019913598782865416 0.01743819889005599 0.021783430421029232 0.01853958115777896 0.01820918023126361 0.02194076362201877 0.02421726603750829 0.01866501948552329 0.019879028971072018 0.02282993592842733 0.0041027051944593496 -9999 -9999 -9999 -9999
-9999 -9999 -9999 -9999 -9999 -9999 -9999 -9999 -9999 -9999 -9999 -9999 -9999 -9999 -9999 -9999 -9999 -9999 -9999 -9999 -9999 -9999 0.17517891935033236 0.16444087807621274 0.16549113555998812 0.13643289790959304 0.20783920995542934 0.20601221569455586 0.1969622331006186 0.18775568906048884 0.1801946284594359 0.1471132442154467 0.12151001253866485 0.03015864501365378 0.02359859620226673 0.013272500232019868 0.02043597932531871 0.026853530756419608 0.02351930844250011 0.02694354223079054 0.024363338230247774 0.017063605363469514 0.023172927028632998 0.031020320076719843 0.02807405543381764 0.020010048750697118 0.02594666617231134 0.02707829492719166 0.021908883863291373 -9999 -9999 -9999
-9999 -9999 -9999 -9999 -9999 -9999 -9999 -9999 -9999 -9999 -9999 -9999 -9999 -9999 -9999 -9999 -9999 -9999 -9999 -9999 -9999 0.17524137413899682 0.1904396983710202 0.16246303133117784 0.12880267122161948 0.13182991999244514 0.1529172534602029 0.15347574846666368 0.20288518885416645 0.17033558025956153 0.14230769187554548 0.10579195351172717 0.07690689642694676 0.027831285613479084 0.011903921725011313 0.01458061123622284 0.015450868699643709 0.015007901555263853 0.020205741454993764 0.02325621136254596 0.02539544356847878 0.02701016917021687 0.02658191374895802 0.02305639660888653 0.019892440464945482 0.0160957315913689 0.01611689196896665 0.015200693079058638 0.010867426839201609 -9999 -9999 -9999
-9999 -9999 -9999 -9999 -9999 -9999 -9999 -9999 -9999 -9999 -9999 -9999 -9999 -9999 -9999 -9999 -9999 -9999 -9999 -9999 0.1762733204455904 0.16235683210408425 0.17203162678929626 0.1876525258965812 0.2063783439179193 0.1929340910166502 0.2038524898285876 0.18884975498362616 0.14741376171941345 0.1259081471565432 0.09847974845732764 0.037654691173075135 0.02913295097449004 0.020191777432997386 0.013439281261526048 0.014728240018878763 0.01106755507419413 0.011069114755366231 0.009190108696496252 0.016992950444087995 0.020768927154131256 0.02200035446807974 0.01677599737024682 0.011587373129311629 0.010573285163208157 0.008328646918137866 0.004137597035003604 -0.00109048793240199 -0.00043517319779645686 0.0066653871859852784 -9999 -9999
-9999 -9999 -9999 -9999 -9999 -9999 -9999 -9999 -9999 -9999 -9999 -9999 -9999 -9999 -9999 -9999 -9999 -9999 -9999 -9999 -9999 0.21678559482097626 0.2049010222551053 0.19084724083952948 0.1925264915812816 0.19141144612415303 0.16922923600131815 0.12222675999690745 0.0443901162073142 0.05112618949307246 0.10645612582396384 0.03412052580001457 0.02755464021151749 0.017912121552029314 0.02476563562299605 0.029242097220805837 0.025315532678746974 0.019510884566672715 0.014244918574654097 0.01912108540161278 0.01958389556857071 0.01722213320363586 0.012635794845787252 0.0076928519645318985 0.006529394736989436 0.00425426997066114 0.0016289126524810515 -0.0037093666030873773 -0.002464933824120913 -9999 -9999 -9999
-9999 -9999 -9999 -9999 -9999 -9999 -9999 -9999 -9999 -9999 -9999 -9999 -9999 -9999 -9999 -9999 -9999 -9999 -9999 0.14630183212361053 0.14907956529520827 0.15209100961785865 0.14564613001236065 0.16212544525847022 0.1277203174901888 0.031355434041819334 0.032725537408318295 0.03521629200353249 0.02821025893020168 0.021940888185811247 0.01736803069347287 0.014793246960447703 0.01410531526244879 0.006296802063782997 0.014432038533391424 0.01611583255982213 0.01640785688915042 0.013272832385749113 0.008104855602695804 0.009084212926878277 0.011165207941884636 0.009253152930982141 0.007014479411385138 0.0015042342969059375 8.419690075181507e-05 -0.002520882066077257 0.0007266848251737401 0.0011854100464127324 -0.0024127975132427763 0.00010606025433923529 0.0056169260795234655 -9999
-9999 -9999 -9999 -9999 -9999 -9999 -9999 -9999 -9999 -9999 -9999 -9999 -9999 -9999 -9999 -9999 -9999 -9999 0.17381955909780056 0.14861795617384502 0.14666859066786886 0.13040667889740665 0.05223943373208406 0.00994167126567158 0.02757549655998681 0.020891490210960432 0.011653301421723328 -0.009104754956283241 -0.0013376053972322386 0.0011867849867124858 0.011503380637813865 0.015092508050433384 0.01840755226289703 0.013082606877599434 0.009157406073512064 0.007385397194077159 0.005395163241803946 0.004871164545107887 0.0014537629660997251 0.003140282621429236 0.002290730943550923 -0.002220251283068575 -0.007682969780772181 0.007435392265813663 0.008038624293274343 -0.0014231148822602955 0.00223663009829439 0.0009305738103044523 -0.0016396082937717438 -0.0011215921220005811 0.003327991384297652 -9999
-9999 -9999 -9999 -9999 -9999 -9999 -9999 -9999 -9999 -9999 -9999 -9999 -9999 -9999 -9999 -9999 -9999 0.17479479145296756 0.17453218956829092 0.09575081859357548 0.034510182572943304 0.026909737560300184 0.020018142183803992 0.011762875383618088 0.009846481969890963 0.002731792109518821 0.004155998331744487 0.008262492067903915 0.0062637292940764255 0.008850220029319344 0.012173102507668176 0.003246127696665935 0.004764042866115759 0.0005302530517623527 -0.002944028436256741 -0.0068371653402407575 -0.0025163967533619602 0.0021182761419957508 -8.689461124911091e-05 -0.0031465410352929657 -0.006363979240486151 -0.007654075880171891 -0.006319962884529989 -0.006410254868927795 -0.0041048038350253715 0.00031502610482508914 0.0013764151684393655 0.0015742470160518276 -0.004578938624221346 -0.009516930288594709 -9999 -9999
-9999 -9999 -9999 -9999 -9999 -9999 -9999 -9999 -9999 -9999 -9999 -9999 -9999 0.11533181190876513 0.11712095639690545 0.12780383546201007 0.13310009149296026 0.1405269479799655 0.1716178088568528 0.13378973243335568 0.12491679050346123 0.04380520928726883 0.0003047485654503745 0.0041628233486973865 0.003922627868715001 0.002642303003699775 -0.010189253782530466 0.0003757752880527154 -0.009122891719207963 0.0008411497421327851 0.00641284991573815 0.0027385296463768587 0.0004973139774759883 -0.006484100316865582 -0.005165132660399585 -0.006322197927059431 -0.006344995233199452 -0.010847136883412378 -0.005929706850236528 -0.004623905047774325 -0.006652478891085473 -0.006412610758182613 -0.004309277406972428 -0.00909364295025536 -0.010768558259261709 -0.007419562901629789 -0.00159034845091513 -0.0023585144273971514 -0.0005231907384263269 -0.005394019026514929 0.00629147391289886 -9999
-9999 -9999 -9999 -9999 -9999 -9999 -9999 -9999 -9999 -9999 -9999 -9999 -9999 0.13238663021475078 0.11026508514195273 0.056880244143054814 0.011864364039050113 0.017459951244111368 0.036704253840756096 0.07889207339989096 0.0196173370208933 0.014713973028600724 0.003987192275137885 -0.003961905214100781 -0.0018502495231780547 -3.8103732015459795e-05 -0.014032127923545634 -0.003907088672413545 -0.009807609819940166 -0.005697767766127848 -0.0024353994172571225 0.0017236581115998573 0.0010810602602161212 -0.003745828873254892 -0.005885438763931994 -0.008680159838649395 -0.0038426521058661507 -0.006403432878563793 -0.009749829107910252 -0.010508876200179623 -0.0075669349171221265 -0.010948581233597682 -0.013424589932879066 -0.015079573457576462 -0.021496376664887712 -0.01926611436291548 -0.020352362724952392 -0.013380354614619394 -0.013391079764164038 -0.011294039971068842 -0.008770865737100147 0.037988972922227686
-9999 -9999 -9999 -9999 -9999 -9999 -9999 -9999 -9999 -9999 -9999 -9999 -9999 0.1075027217346478 0.030198448087313645 0.017871259204823575 0.015414947683932978 0.005049072145116407 -0.0038752265502815524 0.004085127517108989 0.003027641140904869 -0.010195654212824395 0.001608311450360583 0.007355932916204122 0.00549169854316489 0.0011880197051751804 -0.0015533764100243985 -9999 -0.0047581776178309 -0.0065076601536872 -0.0045796891175945145 -0.0028491505398982875 0.00016276714732266218 0.001090654279401915 -0.0024295205650883 -0.009528451302214748 -0.009797909546016477 -0.005366173692861936 -0.004127597049265713 -0.009669211587647305 -0.012161112558212341 -0.011168900662796244 -0.01541991754110067 -0.024787473845668373 -9999 -9999 -9999 -9999 -9999 -9999 -9999 -9999
-9999 -9999 -9999 -9999 -9999 -9999 -9999 -9999 -9999 -9999 -9999 -9999 -9999 0.03797239713572165 0.016375660542447826 0.01229105582889828 -0.0016857335964838847 -0.007462381532317708 -0.0006595699883559236 0.012053151666535644 0.016866205388405275 0.00342997959891303 -0.014591013689241013 -0.012138461161464387 -0.010426509836819808 -0.0040894662782575975 -0.00022986634558572197 0.0062898719764274144 -0.00308483545136698 -0.006968658754968243 -0.0066859850257232345 -0.0056556735879517974 -0.003922928685665933 -0.006212897400721368 -0.008454729481176898 -0.009321868074256057 -0.01197177965943963 -0.014864933305706068 -0.014752926933727456 -0.014363149546574222 -0.01569761035447112 -9999 -9999 -9999 -9999 -9999 -9999 -9999 -9999 -9999 -9999 -9999
-9999 -9999 -9999 -9999 -9999 -9999 -9999 -9999 -9999 -9999 -9999 -9999 0.12102272059583802 0.04520151784736148 0.025651811775597888 0.002682109762515317 0.0014194315963692028 0.004929596094585376 0.006806545826997079 0.010019252101253541 0.006885605623341061 0.005591522437363827 0.010914308145911432 -8.745241126267844e-05 -0.007164703694736069 -0.006785754529687993 -0.013624765152154966 -0.015738845044790308 -0.012763696772822741 -0.006317055743673583 -0.00806107741444051 -0.00953698052877658 -0.00308985165715997 -0.006618949843616022 -0.009318289808818492 -0.01175206644334745 -0.012169057575913215 -0.012559783772919495 -0.01333148761058417 -0.018209429697183227 -0.0221467399998892 -9999 -9999 -9999 -9999 -9999 -9999 -9999 -9999 -9999 -9999 -9999
-9999 -9999 -9999 -9999 -9999 -9999 -9999 -9999 -9999 -9999 -9999 0.009605859034480746 0.038852622098736966 0.05862990094731185 0.05732748923843267 -0.0035400043611657217 0.0049955680801593285 0.00012472443033062494 0.004467876473809529 0.005288587566133068 -0.00024711875610258777 -0.005268140557734058 -0.009169938965156057 -0.00938145265318574 -0.003890092277526847 -0.010855880497940007 -0.0015649264313991884 -0.0029958451930911234 -0.0033551063152808262 -0.004439689289731319 -0.009218958438570957 -0.010363020014575149 -0.004988636442566502 -0.009769907836138349 -0.0040660920729591035 -0.009946593306433993 -0.013710134090429316 -0.018503083389504515 -0.02352925157174468 -0.035437519577416504 -9999 -9999 -9999 -9999 -9999 -9999 -9999 -9999 -9999 -9999 -9999 -9999
-9999 -9999 -9999 -9999 -9999 -9999 -9999 -9999 -9999 -9999 -0.00045385403292519383 -0.0007672270900431767 -0.00978587420815752 -0.014432995052880091 -0.007966439271101909 0.001906372524621891 0.006920616735111572 0.005919761566088033 -0.008770447236357004 -0.007057954072952287 0.005496274691801084 0.0021570201384216448 -0.004236994951681393 -0.0074457150857531185 -0.00911847463273627 -0.013191640075777028 -0.012336358034647776 -0.009733567783372171 -0.004142148627175214 -0.00704639149760758 -0.00900546886074316 -0.006370720798655083 -0.00833852245257452 -0.01069609856209422 -0.011897197572917543 -0.01668804475303853 -0.019964722004738644 -0.020228689377110972 -0.020074660436220748 -9999 -9999 -9999 -9999 -9999 -9999 -9999 -9999 -9999 -9999 -9999 -9999 -9999
-9999 -9999 -9999 -9999 -9999 -9999 -9999 -9999 -9999 -9999 -9999 -9999 0.05985952907526342 0.0019339375978132962 0.004984606852436957 0.0011759559022627153 -0.0052884372171037594 -0.011479441896549564 -0.017243928389863158 -0.015480833204001844 -0.014822748135512988 -0.01255071021372367 -0.012130758096463969 -0.00799996610933662 -0.008660789723544171 -0.011376425785361438 -0.014283302385325825 -0.014333346604753244 -0.017355289258715184 -0.018741681572084445 -0.011396827065307674 -0.006917842221793841 -0.008553208267247231 -0.009232494963539978 -0.011880733193459309 -0.016391113530980408 -0.020025660772207462 -0.01834991228694316 -0.022489914022709997 -0.04110110029679853 -9999 -9999 -9999 -9999 -9999 -9999 -9999 -9999 -9999 -9999 -9999 -9999
-9999 -9999 -9999 -9999 -9999 -9999 -9999 -9999 -9999 -9999 -9999 0.05699996338334196 -0.008267351761967134 0.01558270950950319 -0.01946071095751356 -0.007808153940872725 -0.007787728705155983 -0.01317657564748051 -0.012849453283305556 -0.010929511050040171 -0.009123868828902204 -0.007899689442035507 -0.011851476787448469 -0.0077593815156902215 -0.003284096384723573 -0.0048792366849051685 -0.012484717631126824 -0.0034801674535475673 -0.004148688934799416 -0.008387267832763112 -0.013714719952115569 -0.008248300501549177 -0.012672871715730892 -0.013554534885561327 -0.01364346626799115 -0.015045808305014037 -0.018444974133943002 -0.020640890683558344 -0.026003506716846314 -9999 -9999 -9999 -9999 -9999 -9999 -9999 -9999 -9999 -9999 -9999 -9999 -9999
-9999 -9999 -9999 -9999 -9999 0.08566701347588845 0.007034913394050213 0.04128385555603742 0.07165493831280773 0.08290317764053234 0.06613694817010612 -0.0015516425325320382 0.007388013973832125 -0.0053622626258941495 -0.011497185492621216 -0.014170453760805725 -0.017270267577398385 -0.008805016030941276 -0.011013698762769723 -0.015257185743055263 -0.0129969443227472 -0.01362111351914852 -0.011662128120432573 -0.008920381708842963 -0.01567349117390146 -0.01758554494668635 -0.015323221285548331 -0.010552796412397314 -0.0042719955080325065 -0.0027822487531824203 -0.006836911671361745 -0.014517577419747853 -0.01878033733616272 -0.02002054826863484 -0.02211082811404311 -0.011865943689040035 -0.011548641260073655 -0.011171093548807659 -9999 -9999 -9999 -9999 -9999 -9999 -9999 -9999 -9999 -9999 -9999 -9999 -9999 -9999
-9999 -9999 -9999 -9999 0.05102144572309458 0.08526372045738223 0.08266650317272461 -0.005485672300167888 -0.010712278663571856 -0.004955734666758471 -0.013496705565763543 -0.014191079204031037 -0.013386345875998656 -0.016342604306736425 -0.018679803973713573 -0.02463135293876853 -0.01826211284851703 -0.0182833367857464 -0.018180053802014817 -0.015422999375337696 -0.015854005443367125 -0.016841207818282942 -0.009197526539329204 -0.011963270002874863 -0.014621172657460409 -0.012503269410761686 -0.007400406707258222 -0.0025307767124796428 -0.0019449671220049813 -0.0042508093500009106 -0.008780204400477581 -0.016185811366224045 -0.02104616944894849 -0.02895114766604545 -0.032886102937516704 -9999 -9999 -9999 -9999 -9999 -9999 -9999 -9999 -9999 -9999 -9999 -9999 -9999 -9999 -9999 -9999 -9999
-9999 -9999 -9999 0.11644758584870395 0.04436648391335218 0.0014252842349164465 0.09637568465300966 0.0052861924141801575 0.00010999489527241392 -0.0022612913899178193 -0.002563846174791245 0.006772528676425721 0.003341342091879529 -0.011491289165446422 -0.01787399003540513 -0.017449170393725174 -0.01629797059254054 -0.017163398513828754 -0.025150294858682483 -0.02557484840594024 -0.03131402319695753 -0.01878549143477909 -0.010516917364937928 -0.014782001800930504 -0.023715404955704792 -0.02240900212669641 -0.01645667057056896 -0.012611473748436214 -0.008981225697580225 -0.012200028572439708 -0.016661908134015024 -9999 -9999 -9999 -9999 -9999 -9999 -9999 -9999 -9999 -9999 -9999 -9999 -9999 -9999 -9999 -9999 -9999 -9999 -9999 -9999 -9999
-9999 -9999 -9999 0.12540566452123506 0.12859871853438634 0.07930422241383411 0.04420098885555673 0.05808539980810563 0.07320803345743992 0.00823014888743806 -0.0068822045622287656 -0.0009918524389342098 0.0007741379154848349 -0.005113050147327629 -0.015494160404275925 -0.009815929465360584 -0.00952494933962647 -0.008407921862156914 -0.010476584948555244 -0.01744838449008324 -0.01937176551937883 -0.015161916486760409 -0.013044908771411984 -0.0099220882788649 -0.007016696251671895 -0.006473541917169785 -0.01545933785338055 -0.020383905154860105 -0.027918654197577917 -9999 -9999 -9999 -9999 -9999 -9999 -9999 -9999 -9999 -9999 -9999 -9999 -9999 -9999 -9999 -9999 -9999 -9999 -9999 -9999 -9999 -9999 -9999
-9999 -9999 -9999 0.11386397964856693 0.10876954636260272 0.11142661806308862 0.07823315186722501 0.02806999981403352 0.023840429211829942 0.009869706469501416 -0.007845047029476748 -0.005973577071897329 0.004639847920491158 0.010398110387309284 -0.0005226377600237031 -0.008393231455398636 -0.006429653525687806 -0.013191862476312294 -0.019925927108140312 -0.023082469542001938 -0.01749164824126287 -0.014763338097504212 -0.023475303366947697 -0.030464655169193864 -0.02877977604423065 -0.02756211454881 -9999 -0.04304701813794287 -9999 -9999 -9999 -9999 -9999 -9999 -9999 -9999 -9999 -9999 -9999 -9999 -9999 -9999 -9999 -9999 -9999 -9999 -9999 -9999 -9999 -9999 -9999 -9999
-9999 -9999 -9999 0.10807561130571286 0.10766564262566776 0.10817501082800436 0.1145928195067521 0.11235697320254716 0.06852818230370511 -0.012542192184601923 -0.009688622847368766 -0.0058412305733194225 0.0017981051174506824 -0.005194066790863872 -0.009336305798118949 -0.016147490971806372 -0.016573003611002834 -0.019584116483615216 -0.03209433060910352 -0.02553835765253165 -0.003704290340002498 -0.005459420909376261 -0.016662933049096138 -0.012168859006095463 -0.013718860130471106 -0.01741292772555036 -0.018967490161346467 -9999 -9999 -9999 -9999 -9999 -9999 -9999 -9999 -9999 -9999 -9999 -9999 -9999 -9999 -9999 -9999 -9999 -9999 -9999 -9999 -9999 -9999 -9999 -9999 -9999
-9999 -9999 -9999 -9999 0.053056721428507266 0.0026152115660625364 -0.004624367932734408 -0.00555262624023639 -0.007918699266072304 -0.01642502452318484 -0.0105496670194338 -0.014820831055407768 -0.014545065123459378 -0.016718074904839314 -0.00968765227331056 -0.004694478158007331 -0.00972744803506323 -0.02394892574222976 -0.028923682133298205 -0.02799402049426869 -0.028129916792073526 -0.02046068348997349 -0.027140855693908617 -0.012389416729519487 -9999 -9999 -9999 -9999 -9999 -9999 -9999 -9999 -9999 -9999 -9999 -9999 -9999 -9999 -9999 -9999 -9999 -9999 -9999 -9999 -9999 -9999 -9999 -9999 -9999 -9999 -9999 -9999
-9999 -9999 -9999 -9999 0.09860385917185248 0.022311841188997483 -0.013701369677401765 -0.012968973237641013 -0.016350835758143226 -0.013291784842138638 -0.005079450096050014 0.0006433786058237799 -0.0050997254487715185 -0.013705806972468705 -0.015941689887299743 -0.011516035304835637 -0.017055585789646555 -0.02155119099205346 -0.021133365510663443 -0.024905383628161 -0.026647875987888172 -0.027941382539115458 -0.0231994386374427 -0.02648972584946871 -0.021881993170745573 -9999 -9999 -9999 -9999 -9999 -9999 -9999 -9999 -9999 -9999 -9999 -9999 -9999 -9999 -9999 -9999 -9999 -9999 -9999 -9999 -9999 -9999 -9999 -9999 -9999 -9999 -9999
