metrics/grid_rasters/CCI Combined/grideval_CCI Combined_X_fall_2015_absolute_ubrmsd.asc
ncols 52
nrows 55
xllcorner     11.25
yllcorner     55.25
cellsize      0.25
NODATA_value  -9999
[rows 0 to 27 of 55, columns 0 to 51 of 52]
-9999 -9999 -9999 -9999 -9999 -9999 -9999 -9999 -9999 -9999 -9999 -9999 -9999 -9999 -9999 -9999 -9999 -9999 -9999 -9999 -9999 -9999 -9999 -9999 -9999 -9999 -9999 -9999 -9999 -9999 -9999 -9999 -9999 -9999 -9999 -9999 0.04218009815579237 0.04373453720163853 0.036781301682908885 -9999 -9999 -9999 -9999 -9999 -9999 -9999 -9999 -9999 -9999 -9999 -9999 -9999
-9999 -9999 -9999 -9999 -9999 -9999 -9999 -9999 -9999 -9999 -9999 -9999 -9999 -9999 -9999 -9999 -9999 -9999 -9999 -9999 -9999 -9999 -9999 -9999 -9999 -9999 -9999 -9999 -9999 -9999 -9999 -9999 -9999 -9999 -9999 -9999 0.0290908789022662 0.032223245943132764 0.03798338669851351 0.03253662281695044 0.03242495272283112 0.03161238655928112 -9999 -9999 -9999 -9999 -9999 -9999 -9999 -9999 -9999 -9999
-9999 -9999 -9999 -9999 -9999 -9999 -9999 -9999 -9999 -9999 -9999 -9999 -9999 -9999 -9999 -9999 -9999 -9999 -9999 -9999 -9999 -9999 -9999 -9999 -9999 -9999 -9999 0.03502003238902242 0.0344165727598813 0.02598149093273864 0.03192530664978957 0.03465074755584577 0.032552891631884004 0.02700567415497604 -9999 0.03169650466616365 0.02665160565562305 0.02697969009077588 0.033983858283773975 0.0357842039470736 0.03503212603641144 0.0355791444665226 0.033411657797392545 0.03170372896558902 0.0332101532840565 0.03230312789180025 -9999 -9999 -9999 -9999 -9999 -9999
-9999 -9999 -9999 -9999 -9999 -9999 -9999 -9999 -9999 -9999 -9999 -9999 -9999 -9999 -9999 -9999 -9999 -9999 -9999 -9999 -9999 -9999 -9999 -9999 -9999 -9999 -9999 0.03313714518406775 0.034083303049584214 0.02778827950145595 0.02761001928373753 0.03385524409181381 0.033621540625996066 0.0359386283727732 0.030864083453559957 0.03485818177302835 0.033785174143598884 0.03619943716702704 0.037204433461604236 0.03529284508196644 0.033957704993233785 0.03334475958446235 0.036516937686977634 0.0340134165959615 0.035303535135902786 0.03438866206139868 0.038737847861054775 0.03745706293299345 -9999 -9999 -9999 -9999
-9999 -9999 -9999 -9999 -9999 -9999 -9999 -9999 -9999 -9999 -9999 -9999 -9999 -9999 -9999 -9999 -9999 -9999 -9999 -9999 -9999 -9999 0.03187921169801743 0.027942717140927772 0.03327303295184173 0.034937385395403774 0.03288499766251035 0.030162616279140537 0.0322693459721762 0.03033061004161712 0.033371154992003965 0.03409014833584021 0.03439543243350287 0.0335332894577633 0.032749814582210886 0.034298036198337566 0.03759674911281469 0.039364120706157066 0.03978311804501247 0.03674145712184055 0.03451063364200573 0.036998457310193814 0.042726390968490416 0.03816217303195578 0.03722184058087606 0.03726977205902017 0.038973785318081086 0.039411423553150235 0.02631166561572132 -9999 -9999 -9999
-9999 -9999 -9999 -9999 -9999 -9999 -9999 -9999 -9999 -9999 -9999 -9999 -9999 -9999 -9999 -9999 -9999 -9999 -9999 -9999 -9999 0.03748738529210778 0.015731843154568475 0.033515163594314216 0.04041939893216204 0.03672836335127224 0.032796871224975835 0.013809868052644777 0.03749238156509282 0.043500568864718425 0.045332647976101606 0.03386417580145516 0.03554528111397219 0.0352495717083222 0.032172631776979065 0.0322274121445544 0.033651318980021765 0.0355129826890538 0.03570382944919995 0.035246581306886564 0.033502305129665594 0.03311516955194594 0.033900777471350216 0.03351013303329107 0.0317765897938553 0.030724720716827338 0.02852903353610123 0.027906972008374303 0.021451676241475908 -9999 -9999 -9999
-9999 -9999 -9999 -9999 -9999 -9999 -9999 -9999 -9999 -9999 -9999 -9999 -9999 -9999 -9999 -9999 -9999 -9999 -9999 -9999 0.03791192806722645 0.037177513241874856 0.045576085583293714 0.038656421745438825 0.026488856709592785 0.034982135174332206 0.029325700445632364 0.03542938480501764 0.038328641983674916 0.03590698737457871 0.036172596289817116 0.0349017421521534 0.03874878509875804 0.03666880056053715 0.034716857952586284 0.03128876017453286 0.03363058785174479 0.0329843667935573 0.03289212261359235 0.030488269569465112 0.030720213450770587 0.0277047401862268 0.02867127280499025 0.026068945026686625 0.0240123626548666 0.027214051175941452 0.025398888706289504 0.024273412858664026 0.023250402149705945 0.01897178991327493 -9999 -9999
-9999 -9999 -9999 -9999 -9999 -9999 -9999 -9999 -9999 -9999 -9999 -9999 -9999 -9999 -9999 -9999 -9999 -9999 -9999 -9999 -9999 0.04503565565406463 0.038406897756828935 0.03498643975011155 0.02779251279355282 0.032680499314460834 0.031934369184896366 0.04025443043687136 0.04600405322399871 0.03312013531485381 0.03234145692116961 0.029351937862153045 0.024136889384538212 0.02319475363987641 0.030441181726441707 0.03816673091431354 0.03441427430439982 0.03302047897045834 0.03030735714706392 0.029409575493584163 0.0287250970673126 0.03209179662379949 0.03175816527481393 0.0207370217701166 0.03078588935872512 0.02705105432150895 0.0310771145925344 0.02768024292614522 0.025856107864409658 -9999 -9999 -9999
-9999 -9999 -9999 -9999 -9999 -9999 -9999 -9999 -9999 -9999 -9999 -9999 -9999 -9999 -9999 -9999 -9999 -9999 -9999 0.04722181162993895 0.04254679410298818 0.04233897337303709 0.0520874654037021 0.04182317613376702 0.038285578102777655 0.04369362325013156 0.03922950610717365 0.03309704966669209 0.03183248565958597 0.028279071883317224 0.025620062520430656 0.02559595328770347 0.02634268147185304 0.025863421188279674 0.02859130942527027 0.029181858276447613 0.030125292265614518 0.028764251691504532 0.024527735864570827 0.02481565104984441 0.024034382396719827 0.02733524951753781 0.024585636612993456 0.018653501963006597 0.034009036252897945 0.03758009687890721 0.02645659727007164 0.02703596837383361 0.03129004200610322 0.027211535151631258 0.030670934507393256 -9999
-9999 -9999 -9999 -9999 -9999 -9999 -9999 -9999 -9999 -9999 -9999 -9999 -9999 -9999 -9999 -9999 -9999 -9999 0.04057450430465875 0.04407072119443576 0.04047530606567658 0.04173782983546205 0.02798517787902673 0.026860744227050308 0.02976816530192788 0.030374423894390892 0.02951732131501588 0.017458551694361453 0.03030094318225768 0.029605402715952182 0.025823761470941016 0.024940629914441112 0.027234842543250797 0.027575493644554857 0.025042752821244418 0.02336248593530519 0.021885117208269415 0.02369184267243901 0.027696900594369443 0.04854033518876174 0.049902447720885236 0.04888038825149296 0.022644118638269883 0.03611446272110345 0.030451388246736526 0.03590273188239637 0.0357175777743412 0.040171869794802695 0.04623757382157445 0.05680503312114071 0.042991272747752135 -9999
-9999 -9999 -9999 -9999 -9999 -9999 -9999 -9999 -9999 -9999 -9999 -9999 -9999 -9999 -9999 -9999 -9999 0.041574670639984455 0.04527876508097769 0.03905410103289576 0.03961237796934625 0.03070409193898618 0.02889103459612665 0.025445738583948142 0.02836763398772166 0.02882174664953452 0.0317743301162221 0.03342901188049198 0.03159231878155548 0.03139344002267313 0.03439046500415376 0.024672624128923425 0.02621057322222704 0.026855978839818096 0.02074538635871951 0.026021943698775 0.039582279823188064 0.016450867822537126 0.04605999670457179 0.04907184270221394 0.04899116788500305 0.053060307239687736 0.041322197155861766 0.03918037498379106 0.040300002638183605 0.04184940777322097 0.03750664466244714 0.0431137994255768 0.05361310022215119 0.0563774641032956 -9999 -9999
-9999 -9999 -9999 -9999 -9999 -9999 -9999 -9999 -9999 -9999 -9999 -9999 -9999 0.03065317977831437 0.033700937208823625 0.0331509987533842 0.03496652817111645 0.03823936613824605 0.03554423840642448 0.03933013663519209 0.031516115494913184 0.029668028193209794 0.021719886741620054 0.025230297775831717 0.023199781581587458 0.024642114566917308 0.02700013401007328 0.030025276401181824 0.02704467053902753 0.027653706748183758 0.030296335001013468 0.0491407382979128 0.035281103494362795 0.026040719628928576 0.027387109301332303 0.027120674964247585 0.031391466041543664 0.032068694323629326 0.0348215605525589 0.037984747354311586 0.03911492171966648 0.029410236814578293 0.02719865879219329 0.029925383806952838 0.03450789460938032 0.038383109779085385 0.042517666171817424 0.048545452059500005 0.045514587329699666 0.04734395275044213 0.05084043447998233 -9999
-9999 -9999 -9999 -9999 -9999 -9999 -9999 -9999 -9999 -9999 -9999 -9999 -9999 0.034612355312996564 0.032193597356133766 0.03549463719577955 0.03791482117906613 0.03569015502360681 0.03479364686603267 0.030360458464685505 0.03402211700829843 0.030244776870176918 0.024649346464804833 0.02714338001951464 0.016631868720068457 0.02564966874010233 0.03287197909178252 0.02654468299137193 0.02610170898373507 0.020786858191811964 0.01977210612232191 0.029071143884259888 0.03348491131166028 0.03698662462635215 0.0432720426386832 0.03043653658149623 0.02961328778035126 0.030230572858448133 0.03211117091921332 0.02896586568188955 0.028316913445682133 0.026320151332449332 0.02977851069225915 0.03596463853209005 0.036389593521473584 0.03813546898749436 0.037530472826597584 0.037332426225928035 0.036319122450650415 0.035411283576999235 0.034598296705475484 0.04328196869013835
-9999 -9999 -9999 -9999 -9999 -9999 -9999 -9999 -9999 -9999 -9999 -9999 -9999 0.03531189346182079 0.03728922313456393 0.03858310597082796 0.029886832427076918 0.03067245453832041 0.025091895426856446 0.024702387441856013 0.028466610669123163 0.027010511334429752 0.027898196723643062 0.02947625680008727 0.026779612699162014 0.0249928666043693 0.029747646435674686 -9999 0.031408647977827074 0.01915837934431545 0.016913529825868686 0.020083012106381564 0.023086711939427185 0.02188769566341053 0.03817542066146228 0.03937188996923557 0.024645142697492347 0.02315071536318991 0.024048288554971396 0.027050500958479568 0.030481709400228194 0.04169273724930776 0.04320806804658523 0.046378675715594515 -9999 -9999 -9999 -9999 -9999 -9999 -9999 -9999
-9999 -9999 -9999 -9999 -9999 -9999 -9999 -9999 -9999 -9999 -9999 -9999 -9999 0.03964985066001354 0.039713007081337036 0.03318558074595823 0.02737139835019391 0.024722311193189805 0.02653062784168149 0.028983721606867324 0.034313121869782234 0.03757103572553098 0.012548124298126457 0.028280968845635388 0.019621639113095002 0.03434443910878862 0.0355610244559177 0.02098319912416817 0.02909559092019713 0.01631254127627674 0.02174921024783664 0.02254403305232878 0.022656203102865816 0.031112319036243983 0.03151870805691942 0.02749996053404497 0.027697107125024045 0.0281475115849306 0.03077037842380475 0.0298819423901706 0.028251626055723476 -9999 -9999 -9999 -9999 -9999 -9999 -9999 -9999 -9999 -9999 -9999
-9999 -9999 -9999 -9999 -9999 -9999 -9999 -9999 -9999 -9999 -9999 -9999 0.03873990552196158 0.029611193098197864 0.030543298735980114 0.026728898144046925 0.03280143526607155 0.02827205205405712 0.022596697195736103 0.033293269940294364 0.030447081568169027 0.03705280993765125 0.03082328136646934 0.02997559018752778 0.03674978364982984 0.021338739851508755 0.02074628005262838 0.028877328340987038 0.023752760648138475 0.02581141146302949 0.02128672942482479 0.02957136619604235 0.031179254338623823 0.03548519441136532 0.03239783937399389 0.03140496058302507 0.029510674324074764 0.03105183863137015 0.030889772080364693 0.03564377295202163 0.037072399347303164 -9999 -9999 -9999 -9999 -9999 -9999 -9999 -9999 -9999 -9999 -9999
-9999 -9999 -9999 -9999 -9999 -9999 -9999 -9999 -9999 -9999 -9999 0.03198918784225698 0.0276402769931184 0.028532150312241693 0.0230646538609255 0.02544879684317651 0.030620601506615323 0.029986696849191717 0.027266722983151533 0.03312314960895104 0.03367198812555626 0.03346644648090558 0.02772396987142953 0.022453178352691425 0.03627810536714037 0.01948850387579528 0.018823234637785315 0.02286377139686642 0.02624194806789781 0.02126573835726268 0.021958343075972383 0.032377280403699936 0.033949317471568416 0.037744694533664636 0.03599421569589457 0.040500704073303376 0.03602617107153462 0.033158122022372664 0.03468819970226345 0.039908320742321486 -9999 -9999 -9999 -9999 -9999 -9999 -9999 -9999 -9999 -9999 -9999 -9999
-9999 -9999 -9999 -9999 -9999 -9999 -9999 -9999 -9999 -9999 0.03063888204275138 0.03994661214278654 0.0410795354223122 0.024159722429086167 0.026598070305045216 0.03369288406391975 0.03545157794573451 0.0385726637185948 0.026598526075172668 0.037068709708099966 0.03867972122267955 0.03738088264357909 0.019225897147323683 0.017812634143225817 0.02842613365537362 0.03000111546634187 0.01755172067702903 0.02222402749077801 0.018931743059256156 0.02003159906816165 0.02441065479590712 0.0330730006950346 0.032507607931543836 0.03364862624784887 0.0368289351400778 0.03280548052253653 0.03704831680201199 0.030307475771149527 0.03565001105976506 -9999 -9999 -9999 -9999 -9999 -9999 -9999 -9999 -9999 -9999 -9999 -9999 -9999
-9999 -9999 -9999 -9999 -9999 -9999 -9999 -9999 -9999 -9999 -9999 -9999 0.02486142152673573 0.02199316420613822 0.02554817061291297 0.029447738643138387 0.02890563570811178 0.023677003695524647 0.015839472198773387 0.019868880538095896 0.033278916836184516 0.025746816939544302 0.01532287646201675 0.01951563223297108 0.02170186447540451 0.02103365914853456 0.02249488118872258 0.022506633828215217 0.02774866363388601 0.022543232953096626 0.022517855196601246 0.02310726373800302 0.0267444593246176 0.027886961186264797 0.03181968665321495 0.03158612410902164 0.03356096126652454 0.030054169405185214 0.034464705328539624 0.03931625587324286 -9999 -9999 -9999 -9999 -9999 -9999 -9999 -9999 -9999 -9999 -9999 -9999
-9999 -9999 -9999 -9999 -9999 -9999 -9999 -9999 -9999 -9999 -9999 0.03049187453757405 0.01780570911373816 0.024734117321755823 0.026470384747803454 0.026936700016516813 0.029693765574184218 0.03022647472265785 0.030670062248122205 0.025540904730489502 0.02103377293159328 0.04410204107835212 0.04215800333200605 0.02874491366555767 0.031228316557408774 0.03096040141351112 0.023519158355159338 0.02107927535624883 0.019955161843763045 0.026639609490094696 0.02468137885834269 0.030198859634695683 0.02713592947975853 0.02500556912988434 0.02642973155190669 0.02506017362558189 0.0279419680726324 0.03252569605685101 0.034585536311169285 -9999 -9999 -9999 -9999 -9999 -9999 -9999 -9999 -9999 -9999 -9999 -9999 -9999
-9999 -9999 -9999 -9999 -9999 0.02764537993852779 0.0252022946161986 0.02719718296563208 0.04103397923121499 0.028027830727225013 0.02387982146480245 0.03705149440054497 0.022673957889361548 0.029355842686210012 0.020310791620721084 0.020424344586282745 0.019740783188072243 0.030830713616363113 0.029045630022915943 0.01993261529239657 0.017550332078718582 0.019145249456450263 0.03025015101734357 0.04755559058210263 0.017944864031075067 0.021343493657640798 0.023332601726722604 0.022533024013174127 0.022490583832064842 0.02322889336101336 0.0202381417560253 0.029987135659185857 0.02212187331579029 0.0230412882187615 0.029555495793884383 0.02939580249984791 0.0263113446835112 0.02763771427379319 -9999 -9999 -9999 -9999 -9999 -9999 -9999 -9999 -9999 -9999 -9999 -9999 -9999 -9999
-9999 -9999 -9999 -9999 0.017660585135645227 0.03339943890898765 0.034768315271434966 0.028379003524103132 0.028226314031917776 0.029366725581943514 0.0213029343518435 0.025325598266321157 0.020021036035587147 0.019410312442426463 0.01973832577874517 0.02242156603255983 0.01926495984220351 0.018086003792242445 0.019925652928614264 0.020198392343485302 0.020249266637698576 0.0198378855591858 0.01562441499859349 0.02511212893080262 0.025346445733897226 0.025182337324243676 0.029718934451960725 0.024193546587992342 0.023455527932057033 0.02342993707738142 0.022090916042248904 0.02289371868721284 0.024086140649139172 0.02389006284349273 0.023183280295750067 -9999 -9999 -9999 -9999 -9999 -9999 -9999 -9999 -9999 -9999 -9999 -9999 -9999 -9999 -9999 -9999 -9999
-9999 -9999 -9999 0.027590432382778047 0.031924407309665635 0.035706268209916986 0.031752950529303214 0.03278327217872442 0.030941042581239038 0.024618263923293738 0.02194246720637922 0.02324091325169509 0.0258799899853764 0.02321605708584299 0.020494115920394476 0.01948474896507317 0.01852476893287764 0.020766535851232996 0.020212987973556813 0.020677090028659854 0.02378073587240364 0.025392213997599274 0.019679830614276986 0.02085821343057101 0.019008593754067604 0.01889266787352496 0.022296829774690986 0.021681696809442645 0.01946636365238753 0.023179049376371032 0.02494871015628089 -9999 -9999 -9999 -9999 -9999 -9999 -9999 -9999 -9999 -9999 -9999 -9999 -9999 -9999 -9999 -9999 -9999 -9999 -9999 -9999 -9999
-9999 -9999 -9999 0.028326250550755924 0.021648385552805446 0.02203879584455337 0.024155547311912603 0.027779162973532612 0.024931331040132804 0.022349879749865204 0.026557754904364503 0.0287109640419234 0.0297070236764166 0.027263452859169344 0.02267696898126975 0.018099563042243205 0.016861932783130886 0.019287472341476417 0.02240205290104236 0.02873313353373303 0.02588843811634877 0.0252643799399704 0.02050458112712045 0.01964441594173709 0.02715193620447228 0.020690181874301904 0.022340833161848636 0.02065252032350564 0.020040096972238637 -9999 -9999 -9999 -9999 -9999 -9999 -9999 -9999 -9999 -9999 -9999 -9999 -9999 -9999 -9999 -9999 -9999 -9999 -9999 -9999 -9999 -9999 -9999
-9999 -9999 -9999 0.017546224594452153 0.017435217859483168 0.021757991465257344 0.0213425697828907 0.02293655426566844 0.021297741913744 0.02499384365167917 0.02491249257911629 0.02736191207793537 0.012158415933132823 0.027733880907431133 0.025651515644528826 0.014518337323091724 0.022454381221064777 0.018784703417834628 0.020538683322437096 0.027861394865207792 0.02253338278377057 0.021098729754534768 0.02144112688393256 0.02215174582954588 0.02644813874703229 0.023350862787029903 -9999 0.028602825091900787 -9999 -9999 -9999 -9999 -9999 -9999 -9999 -9999 -9999 -9999 -9999 -9999 -9999 -9999 -9999 -9999 -9999 -9999 -9999 -9999 -9999 -9999 -9999 -9999
-9999 -9999 -9999 0.0183943523088843 0.01873477947437344 0.019799059399580463 0.02338604306988241 0.031902899585278435 0.028872831301956982 0.0407665870681954 0.029995529282955895 0.026180636771031524 0.02396343179661848 0.019775849303998 0.019561492529807926 0.01634462829570743 0.02823427402301921 0.021213120451991058 0.02946259868893517 0.028042315162827826 0.02865939511392509 0.030192973042121464 0.021341997511748416 0.027317704960969243 0.04029786107009459 0.03938067411499515 0.032613506983313466 -9999 -9999 -9999 -9999 -9999 -9999 -9999 -9999 -9999 -9999 -9999 -9999 -9999 -9999 -9999 -9999 -9999 -9999 -9999 -9999 -9999 -9999 -9999 -9999 -9999
-9999 -9999 -9999 -9999 0.04178124182394411 0.02348673226581065 0.03690094016951968 0.036114218424828835 0.0324353242711508 0.04070207903685219 0.02709647935130232 0.024581545152550892 0.026551613220249327 0.024514861571654604 0.019952358749587458 0.013742017267916634 0.02564325934585027 0.018006398685607692 0.02054147280719384 0.023558722607956342 0.026918890813993124 0.020406938124516827 0.027098642643162696 0.034375577145950874 -9999 -9999 -9999 -9999 -9999 -9999 -9999 -9999 -9999 -9999 -9999 -9999 -9999 -9999 -9999 -9999 -9999 -9999 -9999 -9999 -9999 -9999 -9999 -9999 -9999 -9999 -9999 -9999
-9999 -9999 -9999 -9999 0.028973137431863912 0.02750002546876681 0.04724012555597972 0.03198046845811865 0.049124944150295086 0.035628706108156036 0.02456824136789076 0.025770989855830248 0.02492967022023295 0.024725605321614916 0.02451946106285999 0.020012791552983644 0.020086006024756426 0.020006328911986018 0.018423964603829647 0.02222587568995996 0.023454651716086124 0.023038175431165098 0.01901301698028061 0.02041178163150091 0.03572997832823882 -9999 -9999 -9999 -9999 -9999 -9999 -9999 -9999 -9999 -9999 -9999 -9999 -9999 -9999 -9999 -9999 -9999 -9999 -9999 -9999 -9999 -9999 -9999 -9999 -9999 -9999 -9999
