metrics/grid_rasters/CCI Combined/grideval_CCI Combined_X_summer_2015_absolute_ubrmsd.asc
ncols 52
nrows 55
xllcorner     11.25
yllcorner     55.25
cellsize      0.25
NODATA_value  -9999
[rows 0 to 27 of 55, columns 0 to 51 of 52]
-9999 -9999 -9999 -9999 -9999 -9999 -9999 -9999 -9999 -9999 -9999 -9999 -9999 -9999 -9999 -9999 -9999 -9999 -9999 -9999 -9999 -9999 -9999 -9999 -9999 -9999 -9999 -9999 -9999 -9999 -9999 -9999 -9999 -9999 -9999 -9999 0.05021191874339341 0.04817479573523191 0.07496936614999496 -9999 -9999 -9999 -9999 -9999 -9999 -9999 -9999 -9999 -9999 -9999 -9999 -9999
-9999 -9999 -9999 -9999 -9999 -9999 -9999 -9999 -9999 -9999 -9999 -9999 -9999 -9999 -9999 -9999 -9999 -9999 -9999 -9999 -9999 -9999 -9999 -9999 -9999 -9999 -9999 -9999 -9999 -9999 -9999 -9999 -9999 -9999 -9999 -9999 0.05591832061290634 0.056254657346900286 0.05415329053243153 0.04862934157271718 0.04312273239001205 0.03151209135328961 -9999 -9999 -9999 -9999 -9999 -9999 -9999 -9999 -9999 -9999
-9999 -9999 -9999 -9999 -9999 -9999 -9999 -9999 -9999 -9999 -9999 -9999 -9999 -9999 -9999 -9999 -9999 -9999 -9999 -9999 -9999 -9999 -9999 -9999 -9999 -9999 -9999 0.06888616280389291 0.06810305105854489 0.03280362891775503 0.058546969071833065 0.08542887244901183 0.07855146183416158 0.06561899974525093 -9999 0.04771330185124481 0.0405293917288869 0.039096983798908864 0.0348239214024629 0.032672372753451806 0.0365577659801411 0.03529435572527697 0.03517958099205255 0.032366860519009805 0.0349513496574959 0.03667230347436234 -9999 -9999 -9999 -9999 -9999 -9999
-9999 -9999 -9999 -9999 -9999 -9999 -9999 -9999 -9999 -9999 -9999 -9999 -9999 -9999 -9999 -9999 -9999 -9999 -9999 -9999 -9999 -9999 -9999 -9999 -9999 -9999 -9999 0.0647860809436034 0.0757488765004457 0.05630964986560352 0.0588587317024685 0.05658654863436224 0.06213316886532488 0.06224175089880924 0.04350147111820565 0.033608524885178764 0.03380974583098965 0.03485264982554618 0.03441685386986534 0.033890095170162234 0.035026608827288266 0.034516687565389614 0.03403350113627055 0.03349959200832242 0.0357335198113109 0.030268402523786955 0.029583775303310737 0.039529994041648316 -9999 -9999 -9999 -9999
-9999 -9999 -9999 -9999 -9999 -9999 -9999 -9999 -9999 -9999 -9999 -9999 -9999 -9999 -9999 -9999 -9999 -9999 -9999 -9999 -9999 -9999 0.08925769658213521 0.05188205876968578 0.06675372443938317 0.07023099141993402 0.07116085404948794 0.06632239478040948 0.057865507847810665 0.05207017139968766 0.04916182563921565 0.06774969996563719 0.05631304442420109 0.06112047354786401 0.04050543370512456 0.034183657491143056 0.030663051385325418 0.028455844574804608 0.029052836246459976 0.027603365729071388 0.028386304532432682 0.034930853934815605 0.03467396429470065 0.026717697027738654 0.02547084034223772 0.02749601207547879 0.02445980908122869 0.02300930221226187 0.025644680446008945 -9999 -9999 -9999
-9999 -9999 -9999 -9999 -9999 -9999 -9999 -9999 -9999 -9999 -9999 -9999 -9999 -9999 -9999 -9999 -9999 -9999 -9999 -9999 -9999 0.08414793330137492 0.0761825461874915 0.06192195526276097 0.05137300236256903 0.060095682322821566 0.06953310434734622 0.02789341542993013 0.061987359389311485 0.06886460501597401 0.08629224382973677 0.06336971877149121 0.05943677609817127 0.049909300833501084 0.04385262548438643 0.03403057445348286 0.032649623346728565 0.03230225322953263 0.028561452775603124 0.02727089220924267 0.02602755494910764 0.025658487291403312 0.026167971631547902 0.026679396730659857 0.027286334423161453 0.02877102077172328 0.028555674015212824 0.027994338980839844 0.026494328709094944 -9999 -9999 -9999
-9999 -9999 -9999 -9999 -9999 -9999 -9999 -9999 -9999 -9999 -9999 -9999 -9999 -9999 -9999 -9999 -9999 -9999 -9999 -9999 0.06912821913926392 0.0630935158015566 0.08983767956043763 0.07039929522373163 0.07027081921714594 0.07447930779010015 0.06790565468278997 0.06953486516903992 0.06357870700325703 0.07226797679247915 0.07290093334341584 0.060930731383943615 0.048692664068541856 0.04434666248814119 0.04191519113438079 0.03680568027387175 0.03716899245102564 0.03582031135353369 0.03535331255332464 0.029500616421337982 0.026821802874173108 0.025223349144274536 0.026879068230395303 0.027266650058538244 0.02710985116584689 0.027009779156860172 0.027475338842646448 0.028835489985613538 0.02577918875609756 0.023695474509252003 -9999 -9999
-9999 -9999 -9999 -9999 -9999 -9999 -9999 -9999 -9999 -9999 -9999 -9999 -9999 -9999 -9999 -9999 -9999 -9999 -9999 -9999 -9999 0.08348764784164978 0.07646781244273801 0.07692559962047107 0.07513521444481591 0.07513633398176699 0.07291463292177455 0.07683041219929809 0.11003470949788374 0.08271610261312651 0.05999550034301436 0.05245315033353259 0.03837403083090047 0.03195446733849636 0.03232662557166439 0.03204188440714629 0.030871532090735912 0.03017418403762574 0.030983728136649943 0.027975185825556068 0.027249398237203716 0.02583222035574909 0.02616939397875078 0.025444154829450213 0.02527881769518056 0.026288715242798084 0.025859030152122327 0.026828675179465786 0.025827963158086047 -9999 -9999 -9999
-9999 -9999 -9999 -9999 -9999 -9999 -9999 -9999 -9999 -9999 -9999 -9999 -9999 -9999 -9999 -9999 -9999 -9999 -9999 0.07673741596185023 0.0786221482608983 0.07652651433943626 0.07284814101918463 0.06899363359742171 0.057380456149271265 0.11186504608859213 0.08207705979849292 0.0786002612710669 0.06772019789166052 0.04775469438424648 0.03759084731643711 0.03106019666386017 0.029281566878966075 0.03250182118942374 0.028548316200818512 0.0282259841388473 0.028041980464391544 0.02757010544398339 0.026753816115583636 0.025052316145153804 0.023774201673169768 0.024276383408974485 0.027278973782532672 0.03038420856817046 0.026702150807711218 0.027147017282690276 0.0264250562061864 0.030328609739948317 0.025851801775430998 0.02736480257763323 0.024835470671428272 -9999
-9999 -9999 -9999 -9999 -9999 -9999 -9999 -9999 -9999 -9999 -9999 -9999 -9999 -9999 -9999 -9999 -9999 -9999 0.06661835191145621 0.07033466646601197 0.07714209801900622 0.08718650402110943 0.07478873010249576 0.06651802552841155 0.08192315413508014 0.08184186586415701 0.07553682643348737 0.07683723578332442 0.056414528656298035 0.0416184850790741 0.03397346939441572 0.027772088953296185 0.02800433642736299 0.03397128957050526 0.027994481796662363 0.0275499612580833 0.02793448752900416 0.026411262567383874 0.025626723737320875 0.024990089165760503 0.02417737944715517 0.024417763519564675 0.025100760603035517 0.02323637956355884 0.025321931594947118 0.0259343451654204 0.026450597494063824 0.028754842955679056 0.027069508924831332 0.0268607401890191 0.02500323380041168 -9999
-9999 -9999 -9999 -9999 -9999 -9999 -9999 -9999 -9999 -9999 -9999 -9999 -9999 -9999 -9999 -9999 -9999 0.0668436218475687 0.06036678542141415 0.07822354586846311 0.08195991082840587 0.07992574694816909 0.06806487431105665 0.05128542175199606 0.04644213467830133 0.045988444736829406 0.04483196750565488 0.04117013712129825 0.039145469111606435 0.033864924971153135 0.031124164222245038 0.031381845276822175 0.031339464838184755 0.02804663324394466 0.027939760573391502 0.02840130405692515 0.027496514058459168 0.03172501212071989 0.02780311493061314 0.02744716924951773 0.02701278496700364 0.026434185618144927 0.027839196302436437 0.028042935497394072 0.028728030910491864 0.028802474638965243 0.02614273873306988 0.025305850175393142 0.0266706873272444 0.029926524639747 -9999 -9999
-9999 -9999 -9999 -9999 -9999 -9999 -9999 -9999 -9999 -9999 -9999 -9999 -9999 0.08603951442860981 0.08250592012947366 0.0686525644905968 0.06823012530559303 0.07603216308248409 0.05339319123307476 0.07889761758804592 0.06267324636901069 0.08781829247908457 0.06900661040135285 0.046552188382328906 0.03815777272478613 0.0341237362280512 0.029691734913379893 0.0344960073176902 0.03488607695961514 0.03313787555181138 0.03047237863032505 0.03244860090281124 0.03174474957092825 0.02930379947940478 0.0288874046908013 0.027254133787629083 0.0265260710881174 0.028242385522593113 0.027955434141857617 0.027593702322744523 0.02745608315800291 0.026449438437675117 0.02655436627423627 0.026943537463797632 0.028008641440745132 0.028106590971957817 0.0276222312466104 0.028051531033164927 0.026022569109590214 0.02732715528905496 0.02673994346037405 -9999
-9999 -9999 -9999 -9999 -9999 -9999 -9999 -9999 -9999 -9999 -9999 -9999 -9999 0.10478191217443736 0.08630689891801888 0.091080063101818 0.10029723153937464 0.10390656853838087 0.10420448409161592 0.10108483709998103 0.08805637440785845 0.07582108988514223 0.0458936896578747 0.047982585441588635 0.0392849221787199 0.03289668034989516 0.02343631463982877 0.029687663414381612 0.027260964419617503 0.027145943731801903 0.025484400764455472 0.025979865985214085 0.026153163053344586 0.02712895009927188 0.028886494863906993 0.027894780215194277 0.028209118219869364 0.02796788207374075 0.0292378144550162 0.029493197580408605 0.028983676658765268 0.03135518990155062 0.031117283251086293 0.03233820791905375 0.0323906233326538 0.031196507524499945 0.03203501349173825 0.03166118355889441 0.030960817141064387 0.0283439233648224 0.028168509363831556 0.02791789839186131
-9999 -9999 -9999 -9999 -9999 -9999 -9999 -9999 -9999 -9999 -9999 -9999 -9999 0.10952079631099808 0.11016446851068044 0.10246031126619487 0.0867403178709338 0.08184798696222406 0.07880980277156598 0.07052316384021555 0.060659720764724874 0.060038762712612936 0.04340598461025262 0.03578447943840065 0.029466424069854724 0.0277064685449014 0.027519294984527997 -9999 0.02250570055235655 0.02661977634318493 0.02633855523453081 0.026453113685684298 0.02614533132683069 0.027427282854964485 0.02754292131032783 0.027943888207918863 0.0269709994478111 0.025436053682957076 0.02648104324018409 0.02887843789577408 0.02840684139089028 0.029651939992915356 0.030922860827923664 0.033292559198860164 -9999 -9999 -9999 -9999 -9999 -9999 -9999 -9999
-9999 -9999 -9999 -9999 -9999 -9999 -9999 -9999 -9999 -9999 -9999 -9999 -9999 0.11337274630687932 0.09930668734824337 0.07916376078758769 0.07790424844001813 0.07623894682323039 0.06278966192790884 0.051684064421286265 0.042460640555506406 0.03396551820821433 0.033742047193265 0.033407717634337475 0.027499076074085475 0.027616827628562043 0.027529477267402427 0.027264222335648347 0.02791937143703719 0.030253702247373213 0.02951346674876688 0.0276974217291456 0.027231824585777897 0.02817686200410792 0.028116010878071068 0.02882783058932398 0.02861523455214435 0.028982892895980064 0.029420332308278244 0.02922760773512865 0.03163911740946882 -9999 -9999 -9999 -9999 -9999 -9999 -9999 -9999 -9999 -9999 -9999
-9999 -9999 -9999 -9999 -9999 -9999 -9999 -9999 -9999 -9999 -9999 -9999 0.1023723267879048 0.1115062718808836 0.09648442457292547 0.07323951349529949 0.09336599863079664 0.07246695894443983 0.06029235028387533 0.04452756349237701 0.036697256071458836 0.032967032799497566 0.03534587476873264 0.030183532424662186 0.027186939228402044 0.026437430244202916 0.03080916889634313 0.03529732437256309 0.03011808204279593 0.02847000367817543 0.02777504575489844 0.029987403768676774 0.028475419442201368 0.03002119220968475 0.02926973874459223 0.02936482013870584 0.0302174219044804 0.031156297732630487 0.031367837676225765 0.029169429189063636 0.031404558246084006 -9999 -9999 -9999 -9999 -9999 -9999 -9999 -9999 -9999 -9999 -9999
-9999 -9999 -9999 -9999 -9999 -9999 -9999 -9999 -9999 -9999 -9999 0.08964397638080643 0.07931689699209665 0.10239429636499776 0.09639689993824696 0.09942738343747558 0.07790017377826826 0.0605846816504239 0.0465693493688099 0.032046675129876336 0.031131445645282342 0.032311450280518024 0.02907248743421887 0.027407380101637683 0.02955310370061561 0.03079230515320497 0.029211869414219525 0.03297420090852013 0.031473621038518036 0.02870425682787392 0.02831439382459992 0.03086901291648929 0.029966284549148507 0.02974207184906079 0.03033744812174194 0.032202677478336966 0.033826229814250694 0.03558007454364847 0.035737600798545266 0.035746231958651724 -9999 -9999 -9999 -9999 -9999 -9999 -9999 -9999 -9999 -9999 -9999 -9999
-9999 -9999 -9999 -9999 -9999 -9999 -9999 -9999 -9999 -9999 0.06654442268885252 0.07686444476831528 0.09193268575074903 0.10440484607065027 0.08051350857211383 0.06404944216332978 0.04616671502848616 0.036067736095396125 0.029118987218954832 0.026846178984485585 0.028062864208268232 0.028422294900422675 0.02750910465422322 0.028053880901738357 0.027620420170520747 0.027645216577185126 0.028860706809925876 0.03351559099374152 0.030645212077179462 0.03106076518633635 0.03117447220403205 0.03074664605417745 0.0293178145096826 0.029374774433012413 0.03128341414187418 0.034080284546042734 0.036594207075627314 0.037223156627870985 0.036679334798884175 -9999 -9999 -9999 -9999 -9999 -9999 -9999 -9999 -9999 -9999 -9999 -9999 -9999
-9999 -9999 -9999 -9999 -9999 -9999 -9999 -9999 -9999 -9999 -9999 -9999 0.05689882347600074 0.04511019469273361 0.03856249108392088 0.03333830035736193 0.030802949250343523 0.02917231943941574 0.02683280805883636 0.025038269440770942 0.026624540576730832 0.02742615270608029 0.027306096435789733 0.028473336511724644 0.02964337879993492 0.028479844238152925 0.02916962230345575 0.03141371485693747 0.03566648350795131 0.03422496928117235 0.032180598940705185 0.028618918611988755 0.02942218321405624 0.02947766034296404 0.030932510783986632 0.031482018177996486 0.03250899411117476 0.03372552071695928 0.03493608238813403 0.03781960112521096 -9999 -9999 -9999 -9999 -9999 -9999 -9999 -9999 -9999 -9999 -9999 -9999
-9999 -9999 -9999 -9999 -9999 -9999 -9999 -9999 -9999 -9999 -9999 0.058439902732903226 0.06074749898062048 0.04288926652709472 0.03642082307711438 0.032711461873710004 0.031471287800110034 0.033538628929503635 0.032872134846688036 0.030132096117021837 0.029323937774460837 0.030125189949092742 0.029593573633547407 0.030063364410820005 0.031577913166847486 0.03029884128829265 0.029602546094326106 0.028382616460606837 0.029415406084420476 0.031532527401144095 0.032903285144510866 0.03377503995233321 0.03173996061692705 0.031901983014432644 0.032274710656880215 0.030899363922220337 0.0315349486130144 0.03259142994612752 0.032743396312737434 -9999 -9999 -9999 -9999 -9999 -9999 -9999 -9999 -9999 -9999 -9999 -9999 -9999
-9999 -9999 -9999 -9999 -9999 0.051598092188498285 0.061862553089038326 0.06183233357488902 0.06478726365074403 0.05826763032789557 0.04622723520096885 0.038536343346839315 0.03784835820901385 0.03331695041742238 0.030238293874347205 0.030985969729564168 0.037401265325443404 0.0336286382381433 0.03494676513714209 0.029226751716231868 0.029465700040871918 0.032305383908009994 0.032832609305749154 0.0338024384589776 0.029011465581484267 0.028869508838506863 0.029875387886872676 0.03143252402563007 0.030418534249076437 0.03154796454358565 0.031083974932786126 0.03379422594936325 0.033179879999256034 0.03268246562436928 0.0327799566897163 0.032522901450406316 0.030460447744201407 0.028819163415034658 -9999 -9999 -9999 -9999 -9999 -9999 -9999 -9999 -9999 -9999 -9999 -9999 -9999 -9999
-9999 -9999 -9999 -9999 0.04382573340299852 0.0437292962707476 0.04142829655435685 0.04300606322908845 0.034974272895570105 0.031636840306434766 0.03480970173871803 0.03674872451350196 0.029134564044046258 0.029741178811920132 0.03059872357957095 0.03157639852439798 0.03201088656275496 0.03191688014357465 0.032612245817735565 0.03332698888128244 0.0359138139817165 0.03757654280071328 0.03339207840471791 0.03799982257723688 0.036993244230257766 0.034497405417727105 0.03710347530326685 0.03418714711419395 0.03299306421592051 0.033627557329021215 0.03126289258366679 0.03244655883121127 0.03292167452524472 0.031706904366505965 0.018921272654493487 -9999 -9999 -9999 -9999 -9999 -9999 -9999 -9999 -9999 -9999 -9999 -9999 -9999 -9999 -9999 -9999 -9999
-9999 -9999 -9999 0.05424432228857638 0.054841587420881466 0.03681674852652374 0.038838805970946584 0.04253114704781665 0.03890461168562374 0.02750226602796366 0.0323263999819394 0.02059798716836632 0.035397905903269335 0.033035047645594506 0.031713047092797736 0.032971386653279484 0.033411280175964175 0.03522040472238633 0.03290526035907786 0.03409100857893111 0.03321571435454372 0.04217121364665477 0.04005723302938264 0.040089892060195385 0.03843349928821183 0.035114924583611894 0.03525940135022105 0.0334701682265441 0.030755425252495926 0.03036682685728032 0.030961579008699114 -9999 -9999 -9999 -9999 -9999 -9999 -9999 -9999 -9999 -9999 -9999 -9999 -9999 -9999 -9999 -9999 -9999 -9999 -9999 -9999 -9999
-9999 -9999 -9999 0.08476995374585675 0.09639123986109784 0.060721856385474775 0.07239660063664724 0.05036025358727148 0.03369500651613104 0.031430615164284505 0.031495214871812595 0.026924564241324847 0.02371117451009492 0.03500896029959464 0.035396526329435185 0.030960374631217383 0.0330521966526576 0.033402970792018864 0.034359319263543416 0.03313836712734305 0.03382171547956967 0.039503899455324704 0.03677705874654662 0.03708283704736405 0.03896599234697664 0.036623979428551286 0.034535401571462 0.03325276472632846 0.03056148727876162 -9999 -9999 -9999 -9999 -9999 -9999 -9999 -9999 -9999 -9999 -9999 -9999 -9999 -9999 -9999 -9999 -9999 -9999 -9999 -9999 -9999 -9999 -9999
-9999 -9999 -9999 0.06834485971244668 0.0627159211310986 0.056799879844505234 0.049603246808231236 0.041771588118320886 0.03284847391612729 0.028322632973053274 0.028708904658752074 0.028129653517312024 0.03112789257698735 0.03483468688145624 0.03460434356620568 0.03321139714477811 0.03358504381481278 0.030893511824872405 0.032132076832935626 0.035261294094380835 0.03691279294618995 0.036516305788556316 0.0351712293561841 0.03429829647972624 0.037581898726498864 0.03893388111596705 -9999 0.046200802360638726 -9999 -9999 -9999 -9999 -9999 -9999 -9999 -9999 -9999 -9999 -9999 -9999 -9999 -9999 -9999 -9999 -9999 -9999 -9999 -9999 -9999 -9999 -9999 -9999
-9999 -9999 -9999 0.056277490395458304 0.05060554523756645 0.04786622614696245 0.036958513340369335 0.030496899398818268 0.02723121423472374 0.027219030855695197 0.028195598210259906 0.02776797112823749 0.026175974281231897 0.026057899258100054 0.028679692919316893 0.024888085615342604 0.031469952545038926 0.03109911777496658 0.0319886186243866 0.033148018373861284 0.03584439819264513 0.03958366674678099 0.03695938187271482 0.03797145839698105 0.0384937629487125 0.037964632653612836 0.03709061639301153 -9999 -9999 -9999 -9999 -9999 -9999 -9999 -9999 -9999 -9999 -9999 -9999 -9999 -9999 -9999 -9999 -9999 -9999 -9999 -9999 -9999 -9999 -9999 -9999 -9999
-9999 -9999 -9999 -9999 0.057176702504974676 0.031651759647806116 0.031202360423502863 0.029544834491925614 0.02996183436305257 0.035285542988378056 0.028476529099365776 0.027923811375542583 0.023617704171171226 0.02565398389261537 0.02682322333933628 0.03369300623783904 0.033422006709448004 0.03100706847717468 0.029154086585669845 0.030576300270376663 0.02999591787113912 0.035831444255963615 0.03636039578530698 0.03930020156728767 -9999 -9999 -9999 -9999 -9999 -9999 -9999 -9999 -9999 -9999 -9999 -9999 -9999 -9999 -9999 -9999 -9999 -9999 -9999 -9999 -9999 -9999 -9999 -9999 -9999 -9999 -9999 -9999
-9999 -9999 -9999 -9999 0.03674996527117661 0.03269325385483581 0.036367711919855134 0.029794912757102467 0.0338004942691631 0.030323905594079967 0.029926288495059863 0.02835207264783492 0.023645894077637508 0.024059108554572287 0.026525060003225596 0.026277486349692503 0.02721158271744273 0.029158521071985345 0.029094327920289736 0.03052020269768942 0.03092643527656835 0.034084953493583696 0.035928807640439965 0.03680818728947029 0.039560763003747744 -9999 -9999 -9999 -9999 -9999 -9999 -9999 -9999 -9999 -9999 -9999 -9999 -9999 -9999 -9999 -9999 -9999 -9999 -9999 -9999 -9999 -9999 -9999 -9999 -9999 -9999 -9999
