metrics/grid_rasters/CCI Combined/grideval_CCI Combined_X_fall_2017_absolute_ubrmsd.asc
ncols 52
nrows 55
xllcorner     11.25
yllcorner     55.25
cellsize      0.25
NODATA_value  -9999
[rows 0 to 27 of 55, columns 0 to 51 of 52]
-9999 -9999 -9999 -9999 -9999 -9999 -9999 -9999 -9999 -9999 -9999 -9999 -9999 -9999 -9999 -9999 -9999 -9999 -9999 -9999 -9999 -9999 -9999 -9999 -9999 -9999 -9999 -9999 -9999 -9999 -9999 -9999 -9999 -9999 -9999 -9999 0.01968016645695523 0.01956473906595919 0.03184648277698797 -9999 -9999 -9999 -9999 -9999 -9999 -9999 -9999 -9999 -9999 -9999 -9999 -9999
-9999 -9999 -9999 -9999 -9999 -9999 -9999 -9999 -9999 -9999 -9999 -9999 -9999 -9999 -9999 -9999 -9999 -9999 -9999 -9999 -9999 -9999 -9999 -9999 -9999 -9999 -9999 -9999 -9999 -9999 -9999 -9999 -9999 -9999 -9999 -9999 0.026787868127578857 0.022188068564445818 0.029588323319832043 0.03243092285743037 0.034830708495887146 0.03423963861605101 -9999 -9999 -9999 -9999 -9999 -9999 -9999 -9999 -9999 -9999
-9999 -9999 -9999 -9999 -9999 -9999 -9999 -9999 -9999 -9999 -9999 -9999 -9999 -9999 -9999 -9999 -9999 -9999 -9999 -9999 -9999 -9999 -9999 -9999 -9999 -9999 -9999 0.025641980121075617 0.021592093138393272 0.01968830247372927 0.018023975935545708 0.021562580709873852 0.025494417116229358 0.02008668946455453 -9999 0.030435013188995837 0.02818225348647105 0.03029743495423976 0.03487554367964789 0.03512913529465487 0.029479239269555105 0.026216607785662302 0.02615183159350345 0.0274314340363688 0.027350020647965958 0.0284169088396484 -9999 -9999 -9999 -9999 -9999 -9999
-9999 -9999 -9999 -9999 -9999 -9999 -9999 -9999 -9999 -9999 -9999 -9999 -9999 -9999 -9999 -9999 -9999 -9999 -9999 -9999 -9999 -9999 -9999 -9999 -9999 -9999 -9999 0.022584495915779632 0.02423484658401627 0.03279389386181393 0.02734459373389931 0.022792550633151738 0.02346444739668494 0.024544855830383863 0.023724235351993896 0.027286751013948958 0.025719232238762563 0.02368700882042261 0.02307168967787225 0.02445708668383136 0.024628787910359873 0.02420396411462144 0.028713636147506338 0.028639373263148436 0.027838067348783663 0.028936686977687674 0.02810657508220651 0.022566149178518072 -9999 -9999 -9999 -9999
-9999 -9999 -9999 -9999 -9999 -9999 -9999 -9999 -9999 -9999 -9999 -9999 -9999 -9999 -9999 -9999 -9999 -9999 -9999 -9999 -9999 -9999 0.04264648430787443 0.024487738140592685 0.02266512920023429 0.021468868476644268 0.020235782730098774 0.022370619885208283 0.029663609012521262 0.027940675960497173 0.02982707667429505 0.026732717340776004 0.03436132528812845 0.026300950734077257 0.023141561122726462 0.02292626279708286 0.023155792792827347 0.026444659137220883 0.026261561519846054 0.023761011421561774 0.024213758040833797 0.023905018690653018 0.02804483122905849 0.027481289167146362 0.026569822738691268 0.02699090214124019 0.027409081434293468 0.026739270008873103 0.023110711143157915 -9999 -9999 -9999
-9999 -9999 -9999 -9999 -9999 -9999 -9999 -9999 -9999 -9999 -9999 -9999 -9999 -9999 -9999 -9999 -9999 -9999 -9999 -9999 -9999 0.039990725825472334 0.006839625537399536 0.0206696256107314 0.0207756524381641 0.020310830974703587 0.02020524873140633 0.014074131681470196 0.025662739497340947 0.03810929595579789 0.044212458638746066 0.024914149169918808 0.0310270222765496 0.024608465046639428 0.023089020546462797 0.02542309630399681 0.024419721948191142 0.024405510771468644 0.024786300120303598 0.022328370884260682 0.022814561116452758 0.024880984260610826 0.024784726635522787 0.02294396263039891 0.02220734557644364 0.02584892912557256 0.02742715702063938 0.02727805951206436 0.024675288226932428 -9999 -9999 -9999
-9999 -9999 -9999 -9999 -9999 -9999 -9999 -9999 -9999 -9999 -9999 -9999 -9999 -9999 -9999 -9999 -9999 -9999 -9999 -9999 0.03894852240422165 0.02275585250205975 0.031943529958532266 0.01963899649506612 0.020429146757629496 0.02364448801740569 0.020024377694843675 0.023602365277390257 0.026350582995251608 0.029021546648446563 0.028548380677886863 0.029673595348175 0.030661379413129474 0.02851434079105258 0.025126595696679903 0.024072106014736076 0.02358621137812935 0.02560835590314953 0.02458573744966709 0.024575525258267453 0.02275481590444234 0.019683013478043868 0.0193483889300779 0.019272186012141528 0.019699997157834888 0.020722198255538633 0.019530704500575032 0.020057545011126568 0.016004850361160356 0.014159632922071837 -9999 -9999
-9999 -9999 -9999 -9999 -9999 -9999 -9999 -9999 -9999 -9999 -9999 -9999 -9999 -9999 -9999 -9999 -9999 -9999 -9999 -9999 -9999 0.01337408884219369 0.03232810021190618 0.031561505019246185 0.0290900824109594 0.027507233167907725 0.025014921978930252 0.034017190359942426 0.04142692454084397 0.02162605932297819 0.023412601960370157 0.02449410557929121 0.021872756960429486 0.02586048428392577 0.026270167891448863 0.030974789194700536 0.02782692240272695 0.028042967399433558 0.02485317076625097 0.025252893445476068 0.022881938656141517 0.01915653830957845 0.019921798709922105 0.017491764948941464 0.02099313005264429 0.02117548041463702 0.01376500739329294 0.014125077768914574 0.02043642081927312 -9999 -9999 -9999
-9999 -9999 -9999 -9999 -9999 -9999 -9999 -9999 -9999 -9999 -9999 -9999 -9999 -9999 -9999 -9999 -9999 -9999 -9999 0.034410760671108626 0.02887956494019576 0.027708288211352117 0.013148628948389154 0.032185655016363064 0.020478404317181623 0.03340892157257234 0.03328581649761297 0.031293456936942896 0.028871754024314286 0.02719002529582255 0.02465738440381028 0.025397130047364026 0.025731347958640655 0.02893905633583252 0.027003142534578396 0.024943889731265444 0.024358239372368543 0.02500637739112627 0.021892667192933264 0.02231201206014224 0.02071198545862172 0.021790173478422784 0.01818956496865696 0.021352707478991505 0.01896952324324644 0.01901984947727936 0.014361156210139203 0.0267413492595287 0.021415766886594467 0.018723823112972292 0.01431941575696707 -9999
-9999 -9999 -9999 -9999 -9999 -9999 -9999 -9999 -9999 -9999 -9999 -9999 -9999 -9999 -9999 -9999 -9999 -9999 0.02301400230928529 0.033830455393104635 0.031164303720929005 0.03217786750411375 0.016329811671131823 0.015926305181511162 0.026277795271817825 0.023824939005622256 0.022183638017966457 0.0146075746953598 0.024251286769720187 0.017130722106900982 0.02502330657511088 0.02557064459150109 0.032440808410366395 0.0482430926131235 0.02870301734653117 0.02600255400260609 0.025022581509047157 0.022968508126119964 0.021574914034574597 0.020678849781383218 0.018996814163705324 0.020305585823369613 0.02403260813476885 0.019398539238679263 0.015275436989279587 0.02095185342932271 0.017295879250525673 0.022002702991073892 0.019352930052136 0.0183855384752009 0.018861841844863114 -9999
-9999 -9999 -9999 -9999 -9999 -9999 -9999 -9999 -9999 -9999 -9999 -9999 -9999 -9999 -9999 -9999 -9999 0.03030979438533465 0.02825949978186366 0.0295091459278953 0.03250446823296912 0.02757334398240319 0.023044497782723685 0.01851951661627741 0.018187611977471436 0.017364390158396067 0.020293372540905942 0.023715142478209304 0.023472075099999396 0.025409890832236142 0.024698483435148025 0.020366511601132217 0.020269254096557932 0.02003614957489996 0.021228951907233368 0.018943073503101503 0.026215583173372036 0.03317189371445884 0.028226910111559936 0.02408178850009145 0.021519429629892547 0.020658625857436084 0.02102619372899437 0.02296657244833961 0.023356292654433102 0.026122987099943252 0.025927369460755027 0.02140520424415396 0.021810449526341445 0.021795908465877492 -9999 -9999
-9999 -9999 -9999 -9999 -9999 -9999 -9999 -9999 -9999 -9999 -9999 -9999 -9999 0.029917436164543607 0.03158958136008518 0.02626534414686951 0.028351871962026924 0.03028032802291428 0.025482248478429458 0.03423595069266398 0.030663259209963538 0.028481180137405887 0.03198331483392658 0.021636421089891014 0.020529931837515683 0.01892608382557091 0.020439593280625223 0.02227550885011952 0.017018262034190504 0.02426842359423673 0.0253614464188643 0.02423664944125804 0.023027174486686727 0.016961194339156983 0.01956383585607317 0.01883166383121036 0.018732953047687496 0.019140725719983074 0.02229302899033518 0.02433623638057059 0.0224990445688988 0.0213285173832022 0.020408609473140462 0.019347623869956032 0.01919974684857202 0.023456133542058014 0.0241016581893408 0.024362771915002253 0.022532618492282427 0.02131570503426881 0.021076407968671853 -9999
-9999 -9999 -9999 -9999 -9999 -9999 -9999 -9999 -9999 -9999 -9999 -9999 -9999 0.0278601702002842 0.02537258382627064 0.027158349864621692 0.02890386960113629 0.028828531614620376 0.032026379852227685 0.03509277885005253 0.029257217993976323 0.025577615130259697 0.04812064120289294 0.021887744818633943 0.022112014584631516 0.018345130373440856 0.02484466536686506 0.01964279596119425 0.02238010444845062 0.02024551222101634 0.018367910886717985 0.02375775334502514 0.020584478413229912 0.02008616088445984 0.018736418120926083 0.016490369085238762 0.02029978181895066 0.01952201623263716 0.019023031699133445 0.01809332327011059 0.019324910425746925 0.020378344220953654 0.01903719495737449 0.02288681810649959 0.02176579390404984 0.02439290371148807 0.024946919975957133 0.02379626539702211 0.023394092778660263 0.02173647112651224 0.021112464944798643 0.02113566440803097
-9999 -9999 -9999 -9999 -9999 -9999 -9999 -9999 -9999 -9999 -9999 -9999 -9999 0.023774850450039072 0.029684880817293237 0.034194036261955725 0.024652353410238532 0.024377274510581158 0.025341241872037547 0.021740246009481268 0.020589150963268472 0.0270506332995221 0.024612939973494757 0.02300035116816369 0.021301649107230203 0.017342656739744344 0.01898154908064484 -9999 0.02408341210008148 0.017935865364095936 0.018526251843390813 0.015604095325145822 0.01695944377784875 0.017837578793343037 0.016300480260678717 0.016304485884302115 0.01702474013328684 0.018493763825215045 0.020059699799423698 0.01907247412590144 0.01947288816651652 0.04585932344818159 0.05064005782533915 0.05106133172663707 -9999 -9999 -9999 -9999 -9999 -9999 -9999 -9999
-9999 -9999 -9999 -9999 -9999 -9999 -9999 -9999 -9999 -9999 -9999 -9999 -9999 0.03601931738621999 0.034946312488775236 0.02943651234036048 0.037220868702171735 0.020861270740541785 0.020337041009686 0.020860749727417218 0.02782549811906877 0.0281070722460953 0.02083355168346464 0.02345014174984596 0.0197497034088272 0.026617626551408414 0.02403846347069092 0.036032042721833565 0.020164483874581862 0.018256958784616983 0.01724822424399922 0.017152494855501212 0.019019194486436342 0.020429788193307742 0.02090347521272912 0.016854789669640134 0.017830998178860982 0.015472970449894756 0.016053697172974 0.02233889146484112 0.02110753665455725 -9999 -9999 -9999 -9999 -9999 -9999 -9999 -9999 -9999 -9999 -9999
-9999 -9999 -9999 -9999 -9999 -9999 -9999 -9999 -9999 -9999 -9999 -9999 0.025476795568830257 0.03336737506440178 0.034933434998280125 0.0185883825637864 0.036082058800707806 0.020757304736400937 0.02123369945134256 0.02222938143851189 0.021862641129844613 0.022918018114361824 0.02471221770033771 0.02259425471774188 0.02229892185259525 0.02439610334239789 0.023263165497212333 0.02681897520569939 0.032018772320927084 0.016944357531710457 0.01822492338183055 0.02225593453676213 0.02428440963492278 0.024262661699184826 0.02336472352356936 0.022564907897438768 0.017914892288942073 0.017430312487187346 0.01794074492830041 0.019434063494753226 0.025082009236542833 -9999 -9999 -9999 -9999 -9999 -9999 -9999 -9999 -9999 -9999 -9999
-9999 -9999 -9999 -9999 -9999 -9999 -9999 -9999 -9999 -9999 -9999 0.027089675841299076 0.027269915129311668 0.02876401138020175 0.025930139236031203 0.02419930318407976 0.02212189685997318 0.02224482634022248 0.016279248165207653 0.021230697351015747 0.02032760289372644 0.017457363393180863 0.017045807962560725 0.016981261098460047 0.019815219244855426 0.026994029830974816 0.01784697444148116 0.026740757377751227 0.014099044415343685 0.01661241878055371 0.014987760425050175 0.017810926309791128 0.021257493678181902 0.01894876848603801 0.01854292982942572 0.01873792120927829 0.015657281781698576 0.01439131669566173 0.01651237236087089 0.021028687653248668 -9999 -9999 -9999 -9999 -9999 -9999 -9999 -9999 -9999 -9999 -9999 -9999
-9999 -9999 -9999 -9999 -9999 -9999 -9999 -9999 -9999 -9999 0.023095360519957395 0.02055551945301385 0.03157513233487859 0.02310064647481877 0.01881492868869017 0.017301217318795182 0.017623128784462202 0.02000239401719633 0.017108426653954067 0.01874773171733981 0.021056585451319103 0.02175488577778274 0.015527507136592194 0.01597113498957345 0.01466308380274014 0.014209610218454743 0.01253886963406478 0.02226291039404577 0.018456774058721814 0.019765495122584974 0.02227752452623889 0.017649239831596428 0.017430921177976212 0.018113658049771587 0.017077048909640256 0.014923068270919715 0.017567985742633397 0.01651843536948741 0.020165521042092918 -9999 -9999 -9999 -9999 -9999 -9999 -9999 -9999 -9999 -9999 -9999 -9999 -9999
-9999 -9999 -9999 -9999 -9999 -9999 -9999 -9999 -9999 -9999 -9999 -9999 0.024775374596375518 0.02066781001323814 0.01626134226757894 0.015972471879608627 0.01710701634112375 0.015816111585420418 0.014123335881450282 0.014483455272608097 0.015864705785395672 0.0162738887790166 0.01677854275334485 0.015634231716818513 0.01856087770469725 0.017540047289732456 0.017046658433456926 0.02426870800804369 0.032517408054125105 0.029822367598429263 0.02617173687911083 0.02152247447193192 0.018539686071242 0.01712235171649889 0.01792607658398538 0.016832789032969808 0.01711930005578885 0.019459706719738533 0.019378683065382905 0.022314822277186425 -9999 -9999 -9999 -9999 -9999 -9999 -9999 -9999 -9999 -9999 -9999 -9999
-9999 -9999 -9999 -9999 -9999 -9999 -9999 -9999 -9999 -9999 -9999 0.02014500165998991 0.02854489688911114 0.018002597852497425 0.01729462672738385 0.015356232131801819 0.015465088860958038 0.015201091668292276 0.016606792315444208 0.018592097304375662 0.01700105406555381 0.018457444573118882 0.018659072436417592 0.019049410380345848 0.02472700948968453 0.022201109161146197 0.020018575803705668 0.018696112298928237 0.02195770524276033 0.01649682771049035 0.020014874977470246 0.017695124864770626 0.0175964288908288 0.01847810286401093 0.019353404189647053 0.020453185913467103 0.02075115974906829 0.02367055170708159 0.02426992192457996 -9999 -9999 -9999 -9999 -9999 -9999 -9999 -9999 -9999 -9999 -9999 -9999 -9999
-9999 -9999 -9999 -9999 -9999 0.017577046089354516 0.021720255182698774 0.020298263360482603 0.030732474118279826 0.02620231419064891 0.023135073668437863 0.016571899611496643 0.020727858785755855 0.01595765195611174 0.01904543494768621 0.018225750716511988 0.011574307914800302 0.015041894756377724 0.015105556385895018 0.01801805396302006 0.015976877987467632 0.017414025107160183 0.019435740320015483 0.025550047248571798 0.018846146584171868 0.020133063442527976 0.01995517417444153 0.01878826566817769 0.019030257177637257 0.019133282651617428 0.01828827830747571 0.02022476243480112 0.018295637222483386 0.02140223229777509 0.02269836219338084 0.023047117501369827 0.02238740141222524 0.02127170315732065 -9999 -9999 -9999 -9999 -9999 -9999 -9999 -9999 -9999 -9999 -9999 -9999 -9999 -9999
-9999 -9999 -9999 -9999 0.0196093841067029 0.017734602714397776 0.01781481928151005 0.022692129170222883 0.0302576036376794 0.03109582749482472 0.019822060648698944 0.016888510808724708 0.019302256118860453 0.01845283705025057 0.019452110635188303 0.03237723886359353 0.025861081717817008 0.016223061119211058 0.012649256921645362 0.014287264005311252 0.014178742996709563 0.015584636764254487 0.01705712215055713 0.02182055264145396 0.021424062065588854 0.02162790261064537 0.02399962637152047 0.02042120403160884 0.01969573176886354 0.021868194341022957 0.02411800984646464 0.024091253102806773 0.02558896641989669 0.028475404928108038 0.02145117789130624 -9999 -9999 -9999 -9999 -9999 -9999 -9999 -9999 -9999 -9999 -9999 -9999 -9999 -9999 -9999 -9999 -9999
-9999 -9999 -9999 0.036634962433362415 0.026787725888804 0.017193380110676986 0.025231752205429028 0.020140240243572523 0.019773278467266 0.032988481388245214 0.018525783500465482 0.02375580441436626 0.01814276916579784 0.0250623999838437 0.02769550312184914 0.02842000389058252 0.018946101186530784 0.017072242706402254 0.018686440994441854 0.018573712425709456 0.026317169978137024 0.02108472939373205 0.01956979880828885 0.02084229370767143 0.019473022134340923 0.018699434416253102 0.01955697151283346 0.01954691738341937 0.02525975714477796 0.02747012250932873 0.024622930685916356 -9999 -9999 -9999 -9999 -9999 -9999 -9999 -9999 -9999 -9999 -9999 -9999 -9999 -9999 -9999 -9999 -9999 -9999 -9999 -9999 -9999
-9999 -9999 -9999 0.037809457358111566 0.05522246299457505 0.028801322388159318 0.0423720534691527 0.03527347717247427 0.0314848495350211 0.03015122480245364 0.03073971599649345 0.019068755977008668 0.022149880920456163 0.01821616507674173 0.017449019204053836 0.02162556474362255 0.02007961506181917 0.01860189194858379 0.017295834527409494 0.031824499917082374 0.032346095586712184 0.020355804306034703 0.019606738716558117 0.02671436653975025 0.020092034244001532 0.02294647607620061 0.022193939058951083 0.020108344101931186 0.020735735103135918 -9999 -9999 -9999 -9999 -9999 -9999 -9999 -9999 -9999 -9999 -9999 -9999 -9999 -9999 -9999 -9999 -9999 -9999 -9999 -9999 -9999 -9999 -9999
-9999 -9999 -9999 0.03268109151646522 0.03195596809704518 0.033323087812231644 0.0304803939465328 0.035653073559131644 0.036875988484834435 0.03716249767332983 0.028060557172839437 0.03271763720054735 0.02118421930535911 0.02199514106035587 0.01897269858590852 0.023391587569688142 0.016461156255269574 0.021426513551796717 0.023947019596173225 0.03550444337095533 0.023020268366270108 0.020415689627045756 0.023503281555064863 0.022985007979474677 0.024086887664398392 0.02629695142463621 -9999 0.02768596137470909 -9999 -9999 -9999 -9999 -9999 -9999 -9999 -9999 -9999 -9999 -9999 -9999 -9999 -9999 -9999 -9999 -9999 -9999 -9999 -9999 -9999 -9999 -9999 -9999
-9999 -9999 -9999 0.03521899923773755 0.03178531253874705 0.037052837107014375 0.03637023758013173 0.05995758230162285 0.04111645268063223 0.05730644809479335 0.03563866202809846 0.031693302019428174 0.02923536094561144 0.021025043727108655 0.02086894801471676 0.019827592222110616 0.026352315497729102 0.023501056200951317 0.032427290662106645 0.028981712807466607 0.025400507560241804 0.025632028523222692 0.02085172187046877 0.045947630795067015 0.04336186322831323 0.03861222914153552 0.032503637169952665 -9999 -9999 -9999 -9999 -9999 -9999 -9999 -9999 -9999 -9999 -9999 -9999 -9999 -9999 -9999 -9999 -9999 -9999 -9999 -9999 -9999 -9999 -9999 -9999 -9999
-9999 -9999 -9999 -9999 0.05076411354428486 0.031088143114567344 0.04559353942108955 0.03827611133990908 0.035417356619911015 0.04963270404414896 0.03297028319287945 0.023913590324979386 0.025563461374050418 0.026337768555660536 0.01947406159063385 0.03139936925409323 0.02310622406197453 0.021889660126880692 0.02719005596790821 0.026872294799489074 0.03275348077724718 0.02287591290924794 0.03256503142442106 0.04275221825705885 -9999 -9999 -9999 -9999 -9999 -9999 -9999 -9999 -9999 -9999 -9999 -9999 -9999 -9999 -9999 -9999 -9999 -9999 -9999 -9999 -9999 -9999 -9999 -9999 -9999 -9999 -9999 -9999
-9999 -9999 -9999 -9999 0.03277719640092162 0.034037698907119794 0.04594814033203303 0.03346708746380115 0.0464026299997263 0.039039889433365615 0.030314916821115912 0.02769208002099384 0.02459300461027976 0.024333431563707524 0.02278730542499244 0.023342376516616442 0.019669499671199058 0.019737361487614482 0.02093418496204109 0.023843207393319032 0.02486652973278897 0.023201099405868286 0.02233044072773068 0.020825333497342828 0.03275627239741102 -9999 -9999 -9999 -9999 -9999 -9999 -9999 -9999 -9999 -9999 -9999 -9999 -9999 -9999 -9999 -9999 -9999 -9999 -9999 -9999 -9999 -9999 -9999 -9999 -9999 -9999 -9999
