metrics/grid_rasters/CCI Combined/grideval_CCI Combined_X_fall_2017_absolute_bias.asc
ncols 52
nrows 55
xllcorner     11.25
yllcorner     55.25
cellsize      0.25
NODATA_value  -9999
[rows 0 to 27 of 55, columns 0 to 51 of 52]
-9999 -9999 -9999 -9999 -9999 -9999 -9999 -9999 -9999 -9999 -9999 -9999 -9999 -9999 -9999 -9999 -9999 -9999 -9999 -9999 -9999 -9999 -9999 -9999 -9999 -9999 -9999 -9999 -9999 -9999 -9999 -9999 -9999 -9999 -9999 -9999 0.118593018501997 0.09792097508907316 0.04636840554683103 -9999 -9999 -9999 -9999 -9999 -9999 -9999 -9999 -9999 -9999 -9999 -9999 -9999
-9999 -9999 -9999 -9999 -9999 -9999 -9999 -9999 -9999 -9999 -9999 -9999 -9999 -9999 -9999 -9999 -9999 -9999 -9999 -9999 -9999 -9999 -9999 -9999 -9999 -9999 -9999 -9999 -9999 -9999 -9999 -9999 -9999 -9999 -9999 -9999 0.15920395358484618 0.11576893925666808 0.1125781986602517 0.08990320563316345 0.040358195391794034 0.02126054557002321 -9999 -9999 -9999 -9999 -9999 -9999 -9999 -9999 -9999 -9999
-9999 -9999 -9999 -9999 -9999 -9999 -9999 -9999 -9999 -9999 -9999 -9999 -9999 -9999 -9999 -9999 -9999 -9999 -9999 -9999 -9999 -9999 -9999 -9999 -9999 -9999 -9999 0.1289189800068184 0.1053369485196613 0.02121621505780652 0.038506733743768014 0.06907002228062327 0.06697439782473508 0.06373479019622412 -9999 0.06469253182411194 0.11338073790073395 0.12081290662288667 0.03817732297644322 0.022639544034490755 0.022596990575595777 0.02272476434707643 0.02199827251481073 0.0265152065777311 0.029791988145846608 0.02984732052065292 -9999 -9999 -9999 -9999 -9999 -9999
-9999 -9999 -9999 -9999 -9999 -9999 -9999 -9999 -9999 -9999 -9999 -9999 -9999 -9999 -9999 -9999 -9999 -9999 -9999 -9999 -9999 -9999 -9999 -9999 -9999 -9999 -9999 0.17708977584431812 0.1923780598138508 0.16161902248859406 0.17067105855260578 0.189378304088988 0.13139883801341054 0.036178262562167884 0.033145581277049314 0.03717326270598992 0.03858616100806817 0.03248650908470152 0.03238685763612087 0.035460015948937884 0.037167867124080656 0.033375022113323216 0.03435277849435808 0.036829162240028364 0.03075856298208235 0.03311827606879747 0.038071718640052384 0.0005472064652341513 -9999 -9999 -9999 -9999
-9999 -9999 -9999 -9999 -9999 -9999 -9999 -9999 -9999 -9999 -9999 -9999 -9999 -9999 -9999 -9999 -9999 -9999 -9999 -9999 -9999 -9999 0.1516515771385099 0.13483604239790065 0.13094897754490376 0.09717224751199993 0.18502271557465574 0.1903877094005927 0.18459576666355126 0.17480337454213035 0.16332022933398976 0.1495225556353305 0.11100768856704236 0.02627349942922591 0.03136180579662323 0.029137570858001723 0.03202355682849884 0.034907349944114714 0.03560098648071292 0.040645637640766064 0.03882591893859938 0.03593075066804885 0.037748846411705006 0.03668431282043455 0.03156999379396441 0.02572602272033692 0.02834564751508284 0.03330835163593293 0.01785825344980979 -9999 -9999 -9999
-9999 -9999 -9999 -9999 -9999 -9999 -9999 -9999 -9999 -9999 -9999 -9999 -9999 -9999 -9999 -9999 -9999 -9999 -9999 -9999 -9999 0.14809804589583958 0.09353293478488922 0.13629124164581294 0.11586139264494873 0.12265171036124227 0.13516318880849415 0.1230972061554591 0.1996852532029152 0.15846833343408545 0.125659883630519 0.08765970584419036 0.07570311836167876 0.044390852544821946 0.030196988880634323 0.03019223421812056 0.031013055443763763 0.03158109545707705 0.030106242895126367 0.03386968940496443 0.03458842009305951 0.034848528504371645 0.03694001103148742 0.033412826359272015 0.02881854206323625 0.024783109827917427 0.02181644737720489 0.02387885811428231 0.0065149284747181855 -9999 -9999 -9999
-9999 -9999 -9999 -9999 -9999 -9999 -9999 -9999 -9999 -9999 -9999 -9999 -9999 -9999 -9999 -9999 -9999 -9999 -9999 -9999 0.13504855282473982 0.1359812608178781 0.15003221190494034 0.14646832723366587 0.19785061998422754 0.18426192551851275 0.1964448301328553 0.18050772716870175 0.1472610980272293 0.12537488615026282 0.09956728743047133 0.05029058754444121 0.04670773863792421 0.04125561177730558 0.033754778455714785 0.036349626183509835 0.02999696044289335 0.029388863742351563 0.02803607344627379 0.03109203547239303 0.031989143211014426 0.03230942603276698 0.02743903174996376 0.02515485944847268 0.025274249467443888 0.027157492460088528 0.026037542743885755 0.02355496902415094 0.01760860284169513 0.030231172287905676 -9999 -9999
-9999 -9999 -9999 -9999 -9999 -9999 -9999 -9999 -9999 -9999 -9999 -9999 -9999 -9999 -9999 -9999 -9999 -9999 -9999 -9999 -9999 0.15177865113530842 0.18420999768105425 0.18100925981998445 0.18897793218493464 0.1940022081136704 0.16807074226984164 0.11104562230732128 0.028297353049983157 0.05950594582456225 0.11996610648930073 0.045170674100518234 0.03671543121337889 0.03675784418980282 0.0409964791366032 0.045830922126770035 0.03888069033622743 0.03300456003266938 0.029017968670181582 0.033610381661577426 0.0301695861246275 0.02921883632307465 0.02527815037303499 0.015005822314156425 0.02275272153995256 0.023762020536444384 0.036519105578291015 0.036553000962292685 0.012309563274566948 -9999 -9999 -9999
-9999 -9999 -9999 -9999 -9999 -9999 -9999 -9999 -9999 -9999 -9999 -9999 -9999 -9999 -9999 -9999 -9999 -9999 -9999 0.12723971586278146 0.1364092101221499 0.13864466683431104 0.11094892024993896 0.15740626156330104 0.10823023056282716 0.015890584981187842 0.033327652141451836 0.04660888381150302 0.04486189113587752 0.041324606659461034 0.03760464489459992 0.036595066895290296 0.03743711680173872 0.03546789632393765 0.0326688171041255 0.029748617082226037 0.029156755732030307 0.02280353891606235 0.019641984875003515 0.0211313956727584 0.0251152638507926 0.026724703444374942 0.015668961812149385 0.02773692412301898 0.026934803525606787 0.031145429816739286 0.016887686375913924 0.009141806384612759 0.03440658306633987 0.02835299943884212 0.03912996844603467 -9999
-9999 -9999 -9999 -9999 -9999 -9999 -9999 -9999 -9999 -9999 -9999 -9999 -9999 -9999 -9999 -9999 -9999 -9999 0.14222162720319387 0.1277973081203217 0.13066964888054394 0.10990010266718657 0.029316660336085713 -0.006247814406048158 0.02930470419173337 0.026924730259545004 0.02563313744506057 -0.011997681699301044 0.01891438085205699 0.007963788050871612 0.027830321265726654 0.03255693158324885 0.0367595139814883 0.039494335651397705 0.03167440631288165 0.025793084631795467 0.023344578014479755 0.01672560927715705 0.012576207835623576 0.013038156098789666 0.011376084884007764 0.008420678973197926 0.0064234724816154 0.02270681643858552 0.027298974338918924 0.02808217656227852 0.013941762908812494 0.00757246265808742 0.013238587478796636 0.0236645345176969 0.029188325738205626 -9999
-9999 -9999 -9999 -9999 -9999 -9999 -9999 -9999 -9999 -9999 -9999 -9999 -9999 -9999 -9999 -9999 -9999 0.1543820347896842 0.1475373074048903 0.07838477711288294 0.01706533759832385 0.017267265617847416 0.02988515466451647 0.022449029343468815 0.023824457003145786 0.02063699918133871 0.02349919810587048 0.02367000068937031 0.02221248374909773 0.023787575412769716 0.02410192909289377 0.017997096387707467 0.019628626351453796 0.017833032823623474 0.010552118109031172 0.011250443996921657 0.025142844165525147 0.026156689439501057 0.023469010258422185 0.017597947747279463 0.014162908121943485 0.017094111868313392 0.008080416000806391 0.01542257918761325 0.019736194983124733 0.026616154682068568 0.02806831293162848 0.010448198426853515 -0.004896616732532333 -0.0057463906705379495 -9999 -9999
-9999 -9999 -9999 -9999 -9999 -9999 -9999 -9999 -9999 -9999 -9999 -9999 -9999 0.0920036155730486 0.10330238193273544 0.12055163582166036 0.12473897118957675 0.12407597092290715 0.14674732224507764 0.11517788135275547 0.10525952796546778 0.03381858646869662 -0.006858607944177142 0.02341054260730746 0.022787315770983696 0.01659130553404492 0.006320919220646204 0.02261425896237296 -0.0005231242864690012 0.025242660680542817 0.02771442366970911 0.02230116352438927 0.019349825770958614 0.009512611664831638 0.011960627045482395 0.006984773609373329 0.010056998681377716 0.010909411642286536 0.013871259595218456 0.015188493407689631 0.014953319460917769 0.01612387444728458 0.013339850000846087 0.004560071306350888 0.005783857032656658 0.01536771619603747 0.02213041380394337 0.02076646719466557 0.011302064088257902 -0.0020616092654161533 0.013541258005208723 -9999
-9999 -9999 -9999 -9999 -9999 -9999 -9999 -9999 -9999 -9999 -9999 -9999 -9999 0.10610711202025414 0.08890090882778168 0.04028693267277311 -0.004340618848800659 0.0005835658311844072 0.015246949493885054 0.0644336081281 0.030377933755517006 0.028480341968437017 0.0012742847204208485 0.006849130615592003 0.015068358995697697 0.018939859055458245 -0.001791524760266561 0.020711430907249476 0.01710736799624657 0.009764144266093231 0.013730399034641405 0.017609402005161534 0.015541194841779515 0.014259460157361513 0.016929658189896613 0.01344186719506979 0.016489416360855103 0.013939390449147493 0.013703336056910044 0.014497485600019731 0.013807072059104308 0.008241928540743293 0.002384501908506642 0.010062528508050115 0.003863046082054705 0.003583531554152336 0.002930057484929166 0.015630437806248676 0.01669247848231617 0.017134776929529694 0.01684571213500446 0.06652437285943462
-9999 -9999 -9999 -9999 -9999 -9999 -9999 -9999 -9999 -9999 -9999 -9999 -9999 0.08859938841599685 0.010950302178005022 0.0005857433985780869 0.026069293888110023 0.024480475007363108 -0.00444922854120916 0.011741544604301437 0.0222148058262277 -0.017781036014252516 0.02447209459670047 0.024309314787387848 0.016811977992666538 0.01596690302199505 0.026381700750320203 -9999 0.015123595242147068 0.004482492804527283 0.004608491371417889 0.008097012837727846 0.01300293351373366 0.01714187668215844 0.013612976477992143 0.007610556669533253 0.010320162866264582 0.016637737100774597 0.021965580389780137 0.018883127500029184 0.008673647625578762 0.02032433425793884 0.025460731753936202 0.02065733441939721 -9999 -9999 -9999 -9999 -9999 -9999 -9999 -9999
-9999 -9999 -9999 -9999 -9999 -9999 -9999 -9999 -9999 -9999 -9999 -9999 -9999 0.018454142190791945 -0.003765667384525495 0.023725956678390503 -0.0052167311310767905 -0.00264790806235099 0.01734900226195651 0.017250606671292745 0.0391696953903074 0.025126567029434718 -0.00886716980200547 0.009001909144993492 0.008026241228498265 0.022304226954778017 0.02453327228625618 0.05401101282664708 0.025272225511485117 0.005023822669059985 0.005806283065767026 0.009065778460353613 0.01037569157779217 0.010976689265054795 0.007433414884975953 0.00910077375524182 0.0033110774615231486 0.002799925120437863 0.003910299171419718 0.008884892719132564 0.0051340496540069345 -9999 -9999 -9999 -9999 -9999 -9999 -9999 -9999 -9999 -9999 -9999
-9999 -9999 -9999 -9999 -9999 -9999 -9999 -9999 -9999 -9999 -9999 -9999 0.09648409113287926 0.0221412205696106 0.014996222713414388 0.004939159378409386 -0.0088629363750925 0.010304222504297909 0.006482821512729553 0.023720549543698618 0.03213203147701593 0.027672176559766115 0.021707609295845032 0.019023041686286102 0.014597524888813497 0.0026330802785722858 -0.010128308389637908 -0.019529055501963655 -0.012878235233457493 0.01064072921872139 0.009099037358255124 0.013149715321404576 0.017052898236683434 0.011797601410320824 0.003628413466846225 0.0030830287758041863 0.004874346834240539 0.005190190943804629 0.006352517640951905 0.006001296820062564 -0.001745823206323549 -9999 -9999 -9999 -9999 -9999 -9999 -9999 -9999 -9999 -9999 -9999
-9999 -9999 -9999 -9999 -9999 -9999 -9999 -9999 -9999 -9999 -9999 0.0031832539372974034 0.03828537407911048 0.05795100732491565 0.05400971396296633 -0.0063685929775237895 0.006933431993139561 0.0068502831070319506 0.0039364400912415 0.026244281029159374 0.02179236710071564 0.017369865678077526 0.0029746446272601035 0.002252785407978575 0.015001760835343212 -0.006567699795073656 0.008079915266969941 -0.004663383629586959 0.0219457478899705 0.012882817435908966 0.004428182099316558 0.01507842017186656 0.015324238491685791 0.006788445307927993 0.014234001282602547 0.0030221062047141034 0.00044037534130941797 0.004810745743188015 0.003998084884622832 -0.01507242633537814 -9999 -9999 -9999 -9999 -9999 -9999 -9999 -9999 -9999 -9999 -9999 -9999
-9999 -9999 -9999 -9999 -9999 -9999 -9999 -9999 -9999 -9999 0.02292065113260033 0.01805278920290765 0.0010154932737350686 -0.013348537981510145 -0.0040031844864086286 0.0021040436435252885 0.015062683626361541 0.018975733386145718 0.0003160631114786372 0.0037583371867304094 0.02046183982621069 0.029468835695930173 0.01195363570814545 0.00821962887826172 0.0038331049553891328 -0.000716519482592326 0.0018941880540644942 0.0004927441477775574 0.007122447633225005 -0.0029572404243729533 -0.008824776680696589 0.013635352656647948 0.008582690783909386 -0.00019228063962040126 -0.0008190077017335429 -0.006056019528345613 -0.003974616527557373 0.0028838408382042546 0.006755529147274064 -9999 -9999 -9999 -9999 -9999 -9999 -9999 -9999 -9999 -9999 -9999 -9999 -9999
-9999 -9999 -9999 -9999 -9999 -9999 -9999 -9999 -9999 -9999 -9999 -9999 0.06705596572474433 0.0026384004064508577 0.012329506066938223 0.01458467476897768 0.01599016514691437 0.00584517801419282 -0.007370522334462116 -0.007559654778904412 0.0016314721769756788 0.009003201580565891 -0.0047362271282407895 0.008154140578375935 0.002943734892389971 -0.003596666124131953 -0.005685548198984036 -0.005820065115888895 -0.015097496460895143 -0.018624426258934845 -0.01486019219489809 -0.005461173488738702 -0.001764503392306216 -0.00026642216576472366 -0.00275557703442042 -0.00808645298947458 -0.009500071406364441 -0.0005616079326029033 -0.004431449283253064 -0.01941217665086714 -9999 -9999 -9999 -9999 -9999 -9999 -9999 -9999 -9999 -9999 -9999 -9999
-9999 -9999 -9999 -9999 -9999 -9999 -9999 -9999 -9999 -9999 -9999 0.07695961612112384 0.02994537353515625 0.024557231614987074 -0.013572175942716149 0.0124202954008224 0.01338352296087475 0.008309140108352486 0.010173414434705486 0.012229285069874364 0.012131966832207464 0.011469484368960059 0.0051460706525378605 0.012951557270505232 0.018286665732210328 0.012108294500244976 -0.007334797912173784 0.003133833739492609 -0.0028860202949980147 -0.0012719488524375875 -0.011487840053935829 0.004662619865670514 -0.0025415755808353424 -0.0009961528703570368 -0.004137863005910625 -0.00330955312963116 -0.0038037662362230273 -0.0009079416592915891 -0.007327688733736681 -9999 -9999 -9999 -9999 -9999 -9999 -9999 -9999 -9999 -9999 -9999 -9999 -9999
-9999 -9999 -9999 -9999 -9999 0.0795169071904544 0.008483285350458947 0.04879560569922131 0.06995895369486378 0.09075961393468518 0.08025844015327155 0.017892114222049726 0.027233523627122225 0.019839498996734598 0.002630473424990953 0.003081618497769057 0.017034438252449047 0.019280240911504487 0.018685148462005308 0.0008973351546696096 0.006205385923385598 0.010405824416213572 0.013430364843871834 0.01866681028056788 -0.0009002293411053963 -0.0014680554700452484 0.002849888801574718 0.005353784755520175 0.009652039155046976 0.010364572703838336 0.004491564982077646 0.00840621241010153 -0.0011876326496318426 -0.003601923833290721 -0.006641507893800747 0.011286086372790771 0.009152219180137866 0.005320983343437058 -9999 -9999 -9999 -9999 -9999 -9999 -9999 -9999 -9999 -9999 -9999 -9999 -9999 -9999
-9999 -9999 -9999 -9999 0.051527026721409415 0.1000179420817982 0.10109879482876173 0.007110790246062816 0.004493665777974665 -0.0011110311629725644 0.00015270096414227163 0.0061369774972691036 -0.004514659253450515 -0.0032289354130625725 -0.0063140369627786574 -0.03102864424387614 -0.02117349048878286 -0.0036274368057445656 -0.00011285394430160522 0.004679628364417876 0.007274285930654267 0.0069633660757023605 0.009843943883543428 0.018046695656246614 0.014254350701104037 0.01624806030936865 0.02313744697881781 0.020581376996446188 0.017340456545352934 0.01933669207388894 0.007000015179316199 0.0013455765381936158 0.0036033694706266157 -0.006131497331154645 -0.004137876133124052 -9999 -9999 -9999 -9999 -9999 -9999 -9999 -9999 -9999 -9999 -9999 -9999 -9999 -9999 -9999 -9999 -9999
-9999 -9999 -9999 0.12171005010604855 0.0528206146425671 0.0024613559246063343 0.09569171667098997 0.02337252222142128 0.015714596183794838 -0.001126700368794531 0.0060099706585918225 0.0032219274176491512 0.02146657705307009 0.0017168773846192866 -0.01913229538046796 -0.01977631255336432 -0.004267575575950311 0.0004844105973535462 -0.009532442986965206 -0.0067344963550567405 -0.016272885799407943 0.016313468515872953 0.01839086139688684 0.017740773303168145 0.00892544879267615 0.010039321622069995 0.016109841049842092 0.01595613386096628 0.014414070661251388 0.008033340023114122 0.009962389102348923 -9999 -9999 -9999 -9999 -9999 -9999 -9999 -9999 -9999 -9999 -9999 -9999 -9999 -9999 -9999 -9999 -9999 -9999 -9999 -9999 -9999
-9999 -9999 -9999 0.11876819993174352 0.13792409534965244 0.0907186722755432 0.04954857409000396 0.06123171542205064 0.07435976390568716 0.01440160876175145 0.004592985446964015 0.010273327601367038 0.005550301933692686 0.015878764422316283 0.003184548446110325 -0.0075691451246922 0.006492243970141698 0.00874642610549925 0.008575481176376354 -0.014777448831820028 -0.007450747158792291 0.017505929160576583 0.01222414842673708 0.01515018799394929 0.025263788361175377 0.03298965841531753 0.01896392112061129 0.0060521575712388365 0.0031446731752819428 -9999 -9999 -9999 -9999 -9999 -9999 -9999 -9999 -9999 -9999 -9999 -9999 -9999 -9999 -9999 -9999 -9999 -9999 -9999 -9999 -9999 -9999 -9999
-9999 -9999 -9999 0.11792625725269318 0.1145954993755921 0.11787193805672402 0.09130800277628798 0.03815840336741233 0.0397442744837867 0.02408735895598374 0.0073531703515486435 0.004864120589835319 0.038981503496567434 0.03863140940666199 0.029417467004847982 0.01978978183534408 0.02175207608021224 -0.0014329827299304765 -0.010322012007236479 -0.0221071181197961 0.006371001211496474 0.010768806233125594 -0.0025651103483055877 -0.004828055604146064 0.0033074242097360096 0.01746811105736662 -9999 0.006534179222994846 -9999 -9999 -9999 -9999 -9999 -9999 -9999 -9999 -9999 -9999 -9999 -9999 -9999 -9999 -9999 -9999 -9999 -9999 -9999 -9999 -9999 -9999 -9999 -9999
-9999 -9999 -9999 0.11240641705014487 0.1153749485810598 0.1256718927738713 0.1356390514052831 0.12139335162234755 0.07831278940041858 -0.0031692177619574435 0.0027189000889106807 0.006344209292105274 0.00863258426006025 0.004463227064001818 0.00898059746440577 -0.004134202996889769 0.0014469750084967206 -0.008018519661643297 -0.03887059378857705 -0.02275628903332877 0.01908436783573086 0.024854983492144208 0.005577491789028555 0.024982198129726352 0.025567498244345174 0.02436729408800603 0.02040414847433569 -9999 -9999 -9999 -9999 -9999 -9999 -9999 -9999 -9999 -9999 -9999 -9999 -9999 -9999 -9999 -9999 -9999 -9999 -9999 -9999 -9999 -9999 -9999 -9999 -9999
-9999 -9999 -9999 -9999 0.07172180712223053 0.03203389020460956 0.0003056062280006877 0.0036753581629859204 0.006276003188557089 -0.004408423911850422 0.0008347963744944066 -0.007348237330453422 -0.0077143966589333654 -0.0035646084982615127 0.011940176670367895 0.026678547263145447 0.024867767714104542 -0.0037533531383592282 -0.020372003316879272 -0.02068805724990613 -0.02067852688246757 -0.0013052795467705658 -0.01529348070422809 0.02235615102550653 -9999 -9999 -9999 -9999 -9999 -9999 -9999 -9999 -9999 -9999 -9999 -9999 -9999 -9999 -9999 -9999 -9999 -9999 -9999 -9999 -9999 -9999 -9999 -9999 -9999 -9999 -9999 -9999
-9999 -9999 -9999 -9999 0.14091097235679628 0.040769580532522776 -0.015322457551956159 -0.004379071149171576 -0.01958991392799048 -0.007591298690029224 0.009401723476392898 0.015263221387205428 -0.0005311567721695831 -0.007251793045108591 -0.004934002356282607 0.002658020291063545 0.0014780239676529527 -0.003319014074667448 0.00044582651721108984 -0.009552921134012736 -0.0094450934414278 -0.009321764616642969 0.002162561984732747 0.004966806959022185 0.015454269181459368 -9999 -9999 -9999 -9999 -9999 -9999 -9999 -9999 -9999 -9999 -9999 -9999 -9999 -9999 -9999 -9999 -9999 -9999 -9999 -9999 -9999 -9999 -9999 -9999 -9999 -9999 -9999
