metrics/grid_rasters/CCI Combined/grideval_CCI Combined_Y_2015_absolute_bias.asc
ncols 52
nrows 55
xllcorner     11.25
yllcorner     55.25
cellsize      0.25
NODATA_value  -9999
[rows 0 to 26 of 55, columns 0 to 51 of 52]
-9999 -9999 -9999 -9999 -9999 -9999 -9999 -9999 -9999 -9999 -9999 -9999 -9999 -9999 -9999 -9999 -9999 -9999 -9999 -9999 -9999 -9999 -9999 -9999 -9999 -9999 -9999 -9999 -9999 -9999 -9999 -9999 -9999 -9999 -9999 -9999 0.16680853946932722 0.13055325177582827 0.06549513662484152 -9999 -9999 -9999 -9999 -9999 -9999 -9999 -9999 -9999 -9999 -9999 -9999 -9999
-9999 -9999 -9999 -9999 -9999 -9999 -9999 -9999 -9999 -9999 -9999 -9999 -9999 -9999 -9999 -9999 -9999 -9999 -9999 -9999 -9999 -9999 -9999 -9999 -9999 -9999 -9999 -9999 -9999 -9999 -9999 -9999 -9999 -9999 -9999 -9999 0.1856447780785495 0.1442720941198406 0.1421529182835537 0.11297578534909658 0.0509728824446915 0.02553221809713146 -9999 -9999 -9999 -9999 -9999 -9999 -9999 -9999 -9999 -9999
-9999 -9999 -9999 -9999 -9999 -9999 -9999 -9999 -9999 -9999 -9999 -9999 -9999 -9999 -9999 -9999 -9999 -9999 -9999 -9999 -9999 -9999 -9999 -9999 -9999 -9999 -9999 0.16301970391772513 0.1348332909225416 0.040555999829218925 0.0537768877271948 0.09139523459751098 0.07881675878396399 0.07688612274933554 -9999 0.0799975617331748 0.121698057220417 0.12285663385557223 0.04016228342129863 0.02196462991778836 0.015569953099350248 0.0190102265107851 0.012223755289440502 0.017669929338224002 0.014486626329192204 0.007464644583788788 -9999 -9999 -9999 -9999 -9999 -9999
-9999 -9999 -9999 -9999 -9999 -9999 -9999 -9999 -9999 -9999 -9999 -9999 -9999 -9999 -9999 -9999 -9999 -9999 -9999 -9999 -9999 -9999 -9999 -9999 -9999 -9999 -9999 0.2277542233467102 0.2286730353154388 0.18692836639556012 0.19650795039805494 0.1960713538138763 0.1368802047746126 0.04859543770551683 0.03906299863700513 0.0322052173134757 0.025920964232305218 0.014942326295523 0.012433107872927424 0.01805887480334536 0.01712523945947972 0.017454834437809097 0.0233284254989973 0.025272074600924618 0.01915624103060476 0.021836443638509038 0.026747243693380638 -0.018866207259587764 -9999 -9999 -9999 -9999
-9999 -9999 -9999 -9999 -9999 -9999 -9999 -9999 -9999 -9999 -9999 -9999 -9999 -9999 -9999 -9999 -9999 -9999 -9999 -9999 -9999 -9999 0.17088992242386794 0.1665264746161545 0.17648044584402395 0.15093303794662155 0.21754911135543475 0.20950180993360634 0.1955845904203109 0.18843516504222696 0.18257470905780795 0.1495112960064222 0.12903061161076068 0.04164735446957979 0.02779123075306417 0.01636334876587361 0.02155785786884801 0.030167111468886176 0.02575988403285845 0.02778333843481251 0.02447786872372304 0.020079149802525842 0.029509212238242818 0.03618615517716206 0.03139032866015578 0.023280628251306945 0.029638462626572826 0.029251355004597857 0.010657734899635785 -9999 -9999 -9999
-9999 -9999 -9999 -9999 -9999 -9999 -9999 -9999 -9999 -9999 -9999 -9999 -9999 -9999 -9999 -9999 -9999 -9999 -9999 -9999 -9999 0.17744283489326934 0.19080598235130308 0.1709769342560321 0.14075262530853871 0.13834703221635994 0.15138556216795418 0.15694314539432525 0.2000719595008192 0.17397223542055745 0.14510999619960785 0.1166543061575614 0.08322999358566757 0.03295717567582673 0.0165013072098264 0.0181803434719274 0.01616912013218727 0.017879321809970983 0.02251972922359602 0.02474343803632689 0.0275507273085146 0.02945602500077449 0.02879225609847058 0.02698503736338004 0.025211773904753317 0.02384598463414661 0.023551967083698225 0.02070357004202994 0.010775116032469056 -9999 -9999 -9999
-9999 -9999 -9999 -9999 -9999 -9999 -9999 -9999 -9999 -9999 -9999 -9999 -9999 -9999 -9999 -9999 -9999 -9999 -9999 -9999 0.18514069301240585 0.16350929584445026 0.18446730421139645 0.1882967817318904 0.20945167081935384 0.1939194265007973 0.20107458992717192 0.18842715456664005 0.14912158959224575 0.13024794115470004 0.10643633960807407 0.0436089942852656 0.0318717482238034 0.02479656451405624 0.014045766584432795 0.012121320443768652 0.010119013111048096 0.012028072052781695 0.008949761178083493 0.014796819994526532 0.019832795402806302 0.02397542614489795 0.021125831218980096 0.017998826059495432 0.017633489092940824 0.016401937752036574 0.011915905866771936 0.008075774647295475 -0.0014025753452664436 0.003623879221204218 -9999 -9999
-9999 -9999 -9999 -9999 -9999 -9999 -9999 -9999 -9999 -9999 -9999 -9999 -9999 -9999 -9999 -9999 -9999 -9999 -9999 -9999 -9999 0.2246669652285399 0.20559520366645995 0.19790686199478075 0.19537219868122951 0.1895052447157391 0.1738725036382675 0.13027650161701088 0.05668658540196664 0.06465781629085543 0.11839071412881215 0.04117362340291342 0.03300741827720172 0.01613542488065817 0.023450450248019727 0.026357974975731724 0.02395187662197995 0.01850138952979796 0.013423380333107804 0.021626330446451902 0.020664837211370468 0.02080139749168608 0.016815184515977074 0.0127698372370042 0.012797853013254534 0.009370682522272468 0.005446556190105312 0.0007733564874897182 -0.009084056028061449 -9999 -9999 -9999
-9999 -9999 -9999 -9999 -9999 -9999 -9999 -9999 -9999 -9999 -9999 -9999 -9999 -9999 -9999 -9999 -9999 -9999 -9999 0.15385233736038206 0.15696010213406358 0.15887673956448914 0.15506574073258567 0.16600641776477135 0.12798346217834589 0.035604868453877565 0.038214003886370085 0.047485182112133206 0.04257387148314401 0.033286720714313045 0.026625447735494526 0.023000702361265838 0.02163395650734173 0.00960845559362383 0.017748135005592525 0.018023609266250958 0.016976218314687153 0.011608511403009504 0.009640881648430466 0.011545405640632278 0.014336856361478578 0.013073700480163096 0.010685559032084069 0.0015294315063790198 0.003266150786264521 0.003174442134491362 0.0048762694710776655 -0.002461090990125314 0.0021932588799016273 -0.01520797526919759 -0.003692075403200268 -9999
-9999 -9999 -9999 -9999 -9999 -9999 -9999 -9999 -9999 -9999 -9999 -9999 -9999 -9999 -9999 -9999 -9999 -9999 0.1729561961961515 0.15514422220284824 0.15676742957697976 0.14697006903588772 0.057786454903144435 0.016920804977416992 0.040362849831581116 0.037612143953641264 0.03155658734555278 0.01063486016713655 0.012778092126051577 0.008094675961087983 0.021183742582797985 0.022339156625286627 0.022801051342409395 0.011715920198531404 0.015249199184932227 0.013932870504887509 0.010468788298906071 0.0100536592545048 0.005396229238846362 0.006108516015303434 0.006387037378323246 0.002377242988841566 -0.007871695133772783 0.01194118773377184 0.013971769213676431 0.002642024883487859 0.007866378398549645 0.003689896740369347 -0.0017730521189199824 0.0014619692867877676 0.003371750607210067 -9999
-9999 -9999 -9999 -9999 -9999 -9999 -9999 -9999 -9999 -9999 -9999 -9999 -9999 -9999 -9999 -9999 -9999 0.17811280718216527 0.17766489962545726 0.10370216154269056 0.04904531742502377 0.048003614689252405 0.03677425436351611 0.02530052701506436 0.02179857004772534 0.01649766430358757 0.01795531064271927 0.022447074384524927 0.01910944242183477 0.020502624767167243 0.023633990983168263 0.011886028735429656 0.014136817380292543 0.01141162981073579 0.00708852300088697 0.004818366323080303 0.00930729407031522 0.00629362859763205 0.007973916384558022 0.0043747097060277676 0.002161281051174302 0.0004559353987376169 -0.0013762424194734837 0.0018963484033461266 0.005746412831239223 0.010820221507324368 0.01037153058082052 0.011886554211378077 0.003465181552105068 -0.003264175145172632 -9999 -9999
-9999 -9999 -9999 -9999 -9999 -9999 -9999 -9999 -9999 -9999 -9999 -9999 -9999 0.1363194013808991 0.13046076770486506 0.1387272987463703 0.1426353012765204 0.14912008728299825 0.1787830501257836 0.1420758210379502 0.13922523520886898 0.06402222663164138 0.01566434261344729 0.008669788467473016 0.010611617887342271 0.012691613411743352 9.636238620086557e-05 0.014591622896291125 0.003429447441068434 0.015464987044465028 0.020149054760868482 0.01843725951158837 0.01590843252066909 0.007771099252360192 0.008582835532214561 0.00600611251827915 0.0036094013721711953 -0.003602927963205632 -0.0008962629425445789 -0.0009121457802369336 -0.002284437818015184 -0.002999758720397955 -0.0017372378647722284 -0.003833406018895036 -0.004111010189119135 -0.00026069385440727344 0.0030346887284203594 0.0036490575410425548 0.00926540654014657 0.007187914103269576 0.015888494053264927 -9999
-9999 -9999 -9999 -9999 -9999 -9999 -9999 -9999 -9999 -9999 -9999 -9999 -9999 0.14653753530905111 0.12275679863017536 0.06689425198787669 0.0194468010635771 0.033617036802142675 0.0569552877166653 0.10052942129415138 0.03844455270855512 0.03230352069707526 0.008637904363163473 0.003279524145426427 -0.0008252523162148306 0.009064710371091356 -0.006237292972703784 0.00974633796534069 0.004137458060594179 0.0086588256839496 0.011707875154801263 0.016089006388274433 0.015759785244934762 0.012626339432219358 0.011259093064151404 0.0026228247296731233 0.002046558298642115 -0.00031620310619473463 -0.003771749883890145 -0.0043975404463708345 -0.0016448025747856088 -0.004003135064628238 -0.0064118053832668545 -0.01022713571969716 -0.016310753061985345 -0.011641075561760332 -0.011546850489203342 -0.005104129737423303 -0.004555362899591964 -0.0010572127388708275 0.002402179439862595 0.051887055268374886
-9999 -9999 -9999 -9999 -9999 -9999 -9999 -9999 -9999 -9999 -9999 -9999 -9999 0.1254044065309554 0.047334263877322265 0.03654079007295269 0.031658579983438066 0.01891185124819189 0.008528979863712483 0.01821733124199365 0.01993335129038709 0.0022156947682089867 0.01087884221758162 0.015828288367225052 0.01269506168115392 0.010629953713052807 0.01029691556944462 -9999 0.00157987081656491 0.0044366743442785786 0.004813884659636779 0.006094182985769192 0.011555167079782823 0.012475290874234657 0.008135584376802396 0.0005045084184722161 -0.00299007387517336 -0.0016563930819111226 -0.0016522089319844502 -0.0052224755860292025 -0.007457487513682581 -0.007999661675793052 -0.013249233902729668 -0.02338789200595537 -9999 -9999 -9999 -9999 -9999 -9999 -9999 -9999
-9999 -9999 -9999 -9999 -9999 -9999 -9999 -9999 -9999 -9999 -9999 -9999 -9999 0.0462697190109384 0.02697910882275678 0.02332590452305555 0.009566918467030394 0.004070274411021035 0.007415615660803677 0.023855160389627702 0.024685621056063426 0.011145850682592051 -0.00930900435622145 -0.002122682755562821 0.0007726930300979151 0.009998212188062516 0.013518489537567902 0.004563508326547172 0.013750121301534246 0.009756240024142049 0.00719995350659297 0.006269520861190425 0.005782345898057262 0.0017658751579671113 -0.0024192482233047485 -0.0029151064702887808 -0.004740248156058335 -0.008696893338234202 -0.010707946814549202 -0.006107916743118558 -0.011142262539198228 -9999 -9999 -9999 -9999 -9999 -9999 -9999 -9999 -9999 -9999 -9999
-9999 -9999 -9999 -9999 -9999 -9999 -9999 -9999 -9999 -9999 -9999 -9999 0.1260423538585504 0.04171118644937394 0.028921826000519624 0.02564438417249798 0.011815554374142723 0.015573021903466657 0.02328717445625977 0.02000647691422946 0.01345428586420083 0.012564795816110252 0.018996626036624387 0.008786151543358323 0.0064094287637095895 0.003982235789299016 -0.003822394989823064 -0.007815735229593251 -0.0018158644050746966 0.006648884890110896 0.0065282695492108744 0.002316874073397729 0.007113551732840812 0.0005870417524606875 -0.0032897044241038675 -0.006680790923143692 -0.007034951544577089 -0.006989051401615154 -0.004000283323410071 -0.0069853312459336745 -0.010803515832108174 -9999 -9999 -9999 -9999 -9999 -9999 -9999 -9999 -9999 -9999 -9999
-9999 -9999 -9999 -9999 -9999 -9999 -9999 -9999 -9999 -9999 -9999 0.015010912418365496 0.04697371439393516 0.0660080574641978 0.06539339276414419 0.00872641102862115 0.026227926942193558 0.016132663815252246 0.017088725485584932 0.01427663389492678 0.009082551642849657 0.00491307534881541 0.0010595090927616457 -0.00034965661264235726 0.008151705515000105 -0.0060332778841257215 0.0042869089171290176 -0.0008477028459310533 0.007256966677440969 0.003466912951224893 -0.0008092800839037961 -0.0013295320219963713 0.0022689708561267623 -0.003203140512393537 0.0017662129618904734 -0.0009007881204765867 -0.00437805264495139 -0.011310005658551251 -0.016583071957374438 -0.024283954743729075 -9999 -9999 -9999 -9999 -9999 -9999 -9999 -9999 -9999 -9999 -9999 -9999
-9999 -9999 -9999 -9999 -9999 -9999 -9999 -9999 -9999 -9999 0.006412543698188389 0.010687952852362126 0.0012805215873808449 0.0021797250015567204 0.003695597046429355 0.021699804554945246 0.02252108916159601 0.01881811610962214 0.002842564610826881 1.62924329439873e-05 0.01306795694080054 0.013693486369630805 0.005238014197199603 0.0010448906031794714 -0.0010923685505986325 -0.0045911888281504045 -0.004825932358553331 -0.008442589037475134 0.0020509989685322805 0.0015558567829430105 -8.582411715701843e-05 0.004823912963545396 -0.0006710360260129832 -0.004458942569983304 -0.004366723715134385 -0.00620013218195664 -0.009261585425498877 -0.014294854873283332 -0.013748909909646584 -9999 -9999 -9999 -9999 -9999 -9999 -9999 -9999 -9999 -9999 -9999 -9999 -9999
-9999 -9999 -9999 -9999 -9999 -9999 -9999 -9999 -9999 -9999 -9999 -9999 0.08103877771645784 0.013708039036681552 0.023375462970615882 0.016550797596573852 0.01157171995956685 0.004319159583475618 -0.0038465611684094787 -0.001047559554063826 7.279632212242593e-05 0.00021661182118071218 -0.0035527659914432468 0.0006103004999221394 -0.003067518525485757 -0.006394612936326011 -0.009500862604164216 -0.009690460160466069 -0.012827786156930115 -0.013256737589836115 -0.006452327449164713 -0.0007472061330363878 4.1598365420392185e-05 -0.00020590883034926621 -0.002443942164673529 -0.005691238215991434 -0.008864682609752067 -0.008984011062916297 -0.01231225474654693 -0.03356109793585632 -9999 -9999 -9999 -9999 -9999 -9999 -9999 -9999 -9999 -9999 -9999 -9999
-9999 -9999 -9999 -9999 -9999 -9999 -9999 -9999 -9999 -9999 -9999 0.07418557888344872 0.01469448993080541 0.03252309503093842 -0.002803326192973299 0.008651604315985939 0.008942931985399527 0.003227976775622088 0.002859576318249013 0.002954670767875256 0.00335391915444308 0.0033864789396707284 -0.001334970839965477 0.0017846916217981734 0.007403689095886734 0.004737973394917272 -0.005754023150432329 0.0028747096657752986 -0.0002404908339182499 -0.003658962600371407 -0.008858117992165432 0.002929384956199127 -0.001319246714586747 -0.001984823090226767 -0.003102445874803822 -0.0032869610954953665 -0.003295881967795511 -0.01031849651764602 -0.017938153704210202 -9999 -9999 -9999 -9999 -9999 -9999 -9999 -9999 -9999 -9999 -9999 -9999 -9999
-9999 -9999 -9999 -9999 -9999 0.09037508085222527 0.02056794786694072 0.056388650967188536 0.08615381057773319 0.10035376739170816 0.08583665741607549 0.017303574876284866 0.024497711344769132 0.012424557413681423 0.006336723340720663 0.004510948908399537 -0.002147019642298353 0.0106373176243178 0.008017060036460577 0.0022467399334035187 0.001047727761801731 7.168875064378355e-05 0.00032961210235954436 0.003629103116691124 -0.006511099133754804 -0.007100982636940202 -0.005973757384066109 -6.739354345219883e-05 0.005851988648546164 0.008515497048695891 0.004472826172908145 0.0005869688568534426 -0.0069876340861173 -0.00844389498233794 -0.0108088928402639 0.00056141292533049 -9.80289366382947e-05 -0.0025088385615534003 -9999 -9999 -9999 -9999 -9999 -9999 -9999 -9999 -9999 -9999 -9999 -9999 -9999 -9999
-9999 -9999 -9999 -9999 0.05702016898640644 0.09894541795341133 0.09722371699002684 0.007366631417832503 0.0040595868602394955 0.014982213576634706 0.0054791581768520725 0.004067793317224788 0.003391263655253829 0.0041776239020484 0.0009656746046883824 -0.003355148558815302 0.0019052933369363976 0.0009481559491016367 -0.0004426170382979544 0.0009554608686435928 0.0006174103924508622 -0.00012138373283451796 0.005311408794896555 0.004774278280330668 -0.000528515178776362 0.0005970829654307619 0.007491968745409055 0.01120974765627425 0.009852381963883687 0.006036307701130506 -0.0007996141020931434 -0.008955469104781066 -0.012260170405721443 -0.018338209619888884 -0.012235640998809557 -9999 -9999 -9999 -9999 -9999 -9999 -9999 -9999 -9999 -9999 -9999 -9999 -9999 -9999 -9999 -9999 -9999
-9999 -9999 -9999 0.12592862989221298 0.05915670837990189 -0.006667686136145322 0.10840221382677556 0.02096298792974544 0.015085040968149275 0.013974474743008614 0.017358764079568326 0.022600002300280808 0.02154753938395315 0.008564207446638217 0.0052993643642123564 0.0011522567638471706 0.004653455710959154 0.003068700949580672 -0.006390431928916807 -0.008785853957572198 -0.01292268846226835 0.00031799628314646555 0.0071827119655823455 0.0007466913274165043 -0.011069972804710698 -0.011494929480819066 -0.00570806247346542 -0.006280848323696797 -0.00280045202680837 -0.006585001945495606 -0.010937796560702512 -9999 -9999 -9999 -9999 -9999 -9999 -9999 -9999 -9999 -9999 -9999 -9999 -9999 -9999 -9999 -9999 -9999 -9999 -9999 -9999 -9999
-9999 -9999 -9999 0.1355804371918347 0.13506269574165342 0.09044134346768262 0.0580235063098371 0.0727893750289243 0.08391614664684642 0.022199289417929147 0.010185404229409887 0.008687515332908818 0.004454384449169707 0.013486225918239505 0.0036004006078368955 0.007614237484004749 0.009068684038503194 0.010705405293585156 0.007624795207869517 0.0012090940259944505 -0.004466012120246886 0.001637727349669077 0.0008003326410746803 -0.00020448530608035973 0.0025436072757369643 -0.002104108792324977 -0.011854633837938305 -0.014762051545438304 -0.021910419864376085 -9999 -9999 -9999 -9999 -9999 -9999 -9999 -9999 -9999 -9999 -9999 -9999 -9999 -9999 -9999 -9999 -9999 -9999 -9999 -9999 -9999 -9999 -9999
-9999 -9999 -9999 0.12765121487386388 0.12318657209043915 0.126478525680422 0.09830500059055558 0.04337049048103975 0.03927393491531528 0.024331336220105467 0.007662993704163734 0.011570577041522869 0.015953990362458315 0.026364682544588403 0.01619616056245471 0.0035555602775679813 0.010404578850164492 0.002370743961124633 -0.0022402481918924466 -0.006776469349861147 -0.0011769681341118332 -0.0020583654800172546 -0.012704922184759744 -0.024260089044337685 -0.02305001666936926 -0.020670010347147383 -9999 -0.03544090147696288 -9999 -9999 -9999 -9999 -9999 -9999 -9999 -9999 -9999 -9999 -9999 -9999 -9999 -9999 -9999 -9999 -9999 -9999 -9999 -9999 -9999 -9999 -9999 -9999
-9999 -9999 -9999 0.12335035783287725 0.12322676489750545 0.12869293505654614 0.12948828569629733 0.12537093514419462 0.08322315637407629 0.004196308327443665 0.0043645105854480115 0.00865998454609812 0.017679514426193862 0.012438827016380384 0.006318430487926186 0.0009229175436000213 -0.0011761565719332068 -0.006225236359683972 -0.018642381174223788 -0.009970127113079765 0.008471370067285459 0.005760506034534874 -0.010128112927991512 -0.006937923676827384 -0.005543171316998496 -0.010512497337138077 -0.013167062055520484 -9999 -9999 -9999 -9999 -9999 -9999 -9999 -9999 -9999 -9999 -9999 -9999 -9999 -9999 -9999 -9999 -9999 -9999 -9999 -9999 -9999 -9999 -9999 -9999 -9999
-9999 -9999 -9999 -9999 0.09901594264166697 0.01721519566851959 0.008101232436507233 0.010810282475808064 0.007533544883925547 0.0030269065871834644 0.0044072932366168716 0.00010337760556217156 -0.0014769543003250176 -0.0017853167879840481 0.006273954042366582 0.0069089686429059105 0.006723029653453283 -0.007676457249841007 -0.015090128253487987 -0.01383816395487103 -0.016015866873683504 -0.008605122017232986 -0.01680800348225206 -0.005042415844845466 -9999 -9999 -9999 -9999 -9999 -9999 -9999 -9999 -9999 -9999 -9999 -9999 -9999 -9999 -9999 -9999 -9999 -9999 -9999 -9999 -9999 -9999 -9999 -9999 -9999 -9999 -9999 -9999
