metrics/grid_rasters/CCI Combined/grideval_CCI Combined_X_summer_2017_absolute_bias.asc
ncols 52
nrows 55
xllcorner     11.25
yllcorner     55.25
cellsize      0.25
NODATA_value  -9999
[rows 0 to 27 of 55, columns 0 to 51 of 52]
-9999 -9999 -9999 -9999 -9999 -9999 -9999 -9999 -9999 -9999 -9999 -9999 -9999 -9999 -9999 -9999 -9999 -9999 -9999 -9999 -9999 -9999 -9999 -9999 -9999 -9999 -9999 -9999 -9999 -9999 -9999 -9999 -9999 -9999 -9999 -9999 0.18824862724258784 0.15204148814082147 0.07784456413152607 -9999 -9999 -9999 -9999 -9999 -9999 -9999 -9999 -9999 -9999 -9999 -9999 -9999
-9999 -9999 -9999 -9999 -9999 -9999 -9999 -9999 -9999 -9999 -9999 -9999 -9999 -9999 -9999 -9999 -9999 -9999 -9999 -9999 -9999 -9999 -9999 -9999 -9999 -9999 -9999 -9999 -9999 -9999 -9999 -9999 -9999 -9999 -9999 -9999 0.19220729982075485 0.15283503477600802 0.15415760035487425 0.13041264075657416 0.06945509026231972 0.04269885012637015 -9999 -9999 -9999 -9999 -9999 -9999 -9999 -9999 -9999 -9999
-9999 -9999 -9999 -9999 -9999 -9999 -9999 -9999 -9999 -9999 -9999 -9999 -9999 -9999 -9999 -9999 -9999 -9999 -9999 -9999 -9999 -9999 -9999 -9999 -9999 -9999 -9999 0.19695844277739527 0.17228367552161214 0.0747370316701777 0.08716969016720266 0.11507600353044622 0.10339822156561744 0.091642199974993 -9999 0.08132973669663718 0.12453635134126828 0.1311780470220939 0.04453359414701874 0.024620768978543928 0.020333128778830808 0.023402505270812838 0.022232991845711425 0.03044444921871892 0.03051478966422705 0.02667821036732715 -9999 -9999 -9999 -9999 -9999 -9999
-9999 -9999 -9999 -9999 -9999 -9999 -9999 -9999 -9999 -9999 -9999 -9999 -9999 -9999 -9999 -9999 -9999 -9999 -9999 -9999 -9999 -9999 -9999 -9999 -9999 -9999 -9999 0.2576572463792913 0.2630033902823925 0.2094712542990844 0.22589721408071395 0.20883272488911947 0.14152762162816396 0.042289837385001416 0.03140874433776608 0.02362180128693581 0.01889192572106485 0.016777354576017534 0.011024359613656998 0.014545748253231459 0.013123768827189576 0.015290703786456084 0.01767474056585977 0.020738877841959824 0.017564457719740634 0.0154430085550184 0.016923080270106968 0.040628909897268466 -9999 -9999 -9999 -9999
-9999 -9999 -9999 -9999 -9999 -9999 -9999 -9999 -9999 -9999 -9999 -9999 -9999 -9999 -9999 -9999 -9999 -9999 -9999 -9999 -9999 -9999 0.2332393617808134 0.21517666841254512 0.2265237583670505 0.19965270634104565 0.25708269958312696 0.24236867435370815 0.2230323644147979 0.2144462822736064 0.20730484779490985 0.15790190965264705 0.1297051240892514 0.028612380118473724 0.015474065004483506 0.00611823489484581 0.011416541331488173 0.016791746992131932 0.014705977848042616 0.018280407494824846 0.01852114989862336 0.012664108485965941 0.011241948798946688 0.023921254698349104 0.023613510248453703 0.01880456717765849 0.025367466003998473 0.026770967666221723 0.03774085739156702 -9999 -9999 -9999
-9999 -9999 -9999 -9999 -9999 -9999 -9999 -9999 -9999 -9999 -9999 -9999 -9999 -9999 -9999 -9999 -9999 -9999 -9999 -9999 -9999 0.2372027943993724 0.2532056987285614 0.21340145977104413 0.1698497321950384 0.16237081025821576 0.1925306376069784 0.1867058699329694 0.22291710641649032 0.1912698467140612 0.15411284663107086 0.1181480041364344 0.07875677084793213 0.021601532140503758 0.0074246622945951515 0.00866985159075778 0.009827175704033464 0.009934626843618288 0.012398618880821331 0.015171101883701632 0.017460270733623717 0.01996665636261741 0.02182482166782668 0.022083480073058104 0.020844558982745454 0.019721116708672548 0.020532741170862456 0.02114238055503886 0.02537040232302068 -9999 -9999 -9999
-9999 -9999 -9999 -9999 -9999 -9999 -9999 -9999 -9999 -9999 -9999 -9999 -9999 -9999 -9999 -9999 -9999 -9999 -9999 -9999 0.2210841868762617 0.2035464957356453 0.2273810643416185 0.2263954468662777 0.2423554460207621 0.22219619564712045 0.2313997460057937 0.21556331561161926 0.16512955433648566 0.13572304371906366 0.09991717241380528 0.03434601620487543 0.02599880196478055 0.017713322263696932 0.014572790297477156 0.01702778008968936 0.014186999882045024 0.012022458178841566 0.012037110231492842 0.01999424900049751 0.025658483738484616 0.026066207043502654 0.0220754366853963 0.01761628590200259 0.014926418824040388 0.012359579620153991 0.00887206553117087 0.00501578398372815 0.014240230717088853 0.021041418385246532 -9999 -9999
-9999 -9999 -9999 -9999 -9999 -9999 -9999 -9999 -9999 -9999 -9999 -9999 -9999 -9999 -9999 -9999 -9999 -9999 -9999 -9999 -9999 0.2684920212397209 0.24293721349615802 0.22553246580064296 0.2230401958327696 0.21635293662548066 0.19242898399358266 0.14522013870569378 0.05885538572202559 0.057783173802106284 0.10919724372418033 0.033494839039833635 0.025473880379096314 0.028423465322703127 0.02365893012155656 0.024137349718290846 0.022003925041012118 0.017003032662298356 0.017833513086256747 0.02487287492207857 0.028218696298806575 0.02475657929544861 0.02137284968858177 0.019415206721295486 0.011414881471706495 0.010400346601786849 0.009244302206713241 0.007183458980010882 0.016821310248063936 -9999 -9999 -9999
-9999 -9999 -9999 -9999 -9999 -9999 -9999 -9999 -9999 -9999 -9999 -9999 -9999 -9999 -9999 -9999 -9999 -9999 -9999 0.18661830988195205 0.18431024271764876 0.1888179491547977 0.1822666898369789 0.1865675227586613 0.15967868559661952 0.05308717734866092 0.04331304951683507 0.035817719834006334 0.026378020968126192 0.020873038017231504 0.017487606276636536 0.01431049228362413 0.011901479052460695 0.012665789574384691 0.013139364188132052 0.015629252013952818 0.016277431307927415 0.015450705328713288 0.016407759617204254 0.01651005446910858 0.01707399814673094 0.011760031885426958 0.014437408226987582 0.011075382971245329 0.011596932845271135 0.005244783409263765 0.013210068416336318 0.01844422729766887 0.008904441057339951 0.018642640470162675 0.01926105388480684 -9999
-9999 -9999 -9999 -9999 -9999 -9999 -9999 -9999 -9999 -9999 -9999 -9999 -9999 -9999 -9999 -9999 -9999 -9999 0.20582670308649545 0.17898106900439864 0.17624406483438282 0.15512161850929262 0.07902546552405959 0.03210601491086623 0.030996298396980367 0.021517879196575718 0.01177663647610211 0.002542411958849133 -0.0017799997459287398 0.011003569249183888 0.007475243152483656 0.011155018987862976 0.013104758670796524 0.020456906408071518 0.009576278698185224 0.008464034970687763 0.006969885333724668 0.01038291629241861 0.009869643365559344 0.010112830154273831 0.008599548398152634 0.003872623748105486 0.006473466309148857 0.01736458536723384 0.019701798163030467 0.00981837511062622 0.011774152679287886 0.01416670741594356 0.010922869910364563 0.006371614077816834 0.011239762377479812 -9999
-9999 -9999 -9999 -9999 -9999 -9999 -9999 -9999 -9999 -9999 -9999 -9999 -9999 -9999 -9999 -9999 -9999 0.2075966476667218 0.2051007532211672 0.11986602531684624 0.04696835237352742 0.030178602460933786 0.014354941151712262 0.0066184422568134615 0.003007012378910323 -0.0038110263969587392 -0.0011731486605561225 0.002559999570898364 -0.0021261307208434443 -0.001890391921219592 0.0028220186738864284 -0.002388524620429322 0.00021205032649246336 -0.004493662682564348 -0.0022542146237000127 -0.003680992871522904 -0.0012847416750762508 0.01569074944213586 0.002586652889199903 -0.0035253782635149555 -0.006109764394552797 -0.005156026424273208 -0.0002459078703237472 -0.004876927999050706 -0.006704206537941237 -0.008435200413931976 -0.006846269511658204 -0.0013293461955111994 -0.003700939047595719 -0.009733972989994538 -9999 -9999
-9999 -9999 -9999 -9999 -9999 -9999 -9999 -9999 -9999 -9999 -9999 -9999 -9999 0.1577040240001143 0.15677066723054106 0.16007424257267486 0.16216455793928825 0.16833599598220222 0.193828906478553 0.14841433873643045 0.13398188028646552 0.0433173153711402 0.0036210893936779454 0.000364299863576889 0.0006679500574651165 -0.003620573683925321 -0.017593042196139053 -0.008528310319651733 -0.014459747335185182 -0.013428350667590684 -0.004394953827495164 -0.006062976368095553 -0.003668662970480685 -0.0051485052251297745 -0.003065741418496415 -0.004329920786878327 -0.006428235089001422 -0.008317559471596847 -0.002878287240214966 -0.007309970810361527 -0.009256857730772172 -0.008560893328293517 -0.005659345375454955 -0.011117392907971924 -0.01519096918080165 -0.01654790487626326 -0.008519069494112684 -0.012727954789348269 -0.01073220647547557 -0.014398482992597243 -0.0030722439936969608 -9999
-9999 -9999 -9999 -9999 -9999 -9999 -9999 -9999 -9999 -9999 -9999 -9999 -9999 0.17451513840092553 0.14668360021379254 0.09012559655567877 0.04095481822024222 0.035203276607005514 0.04512227909720462 0.079627381718677 0.014109647144442015 0.010604821145534515 0.035411931574344635 0.0024988209099873204 0.0007903157518460158 -0.006045093031033233 -0.022685394986816067 -0.012291605867769395 -0.019148070527159642 -0.008756498765686294 -0.005297489626252122 -0.0008548138582188393 -0.0028794806288636177 -0.006742292610199568 -0.0102201535002045 -0.010664178301458773 -0.006476991688427719 -0.01088033503164415 -0.015770579647758742 -0.02021883590065915 -0.01938152054081793 -0.025954264175632732 -0.0298471674323082 -0.03263313242274782 -0.03790018432166264 -0.034819442130949174 -0.03719686554825824 -0.031817180145045976 -0.032531574530446 -0.029502993854491594 -0.028067245917475756 0.015469719210396637
-9999 -9999 -9999 -9999 -9999 -9999 -9999 -9999 -9999 -9999 -9999 -9999 -9999 0.14289824567411258 0.0596734826331553 0.039942471877388315 0.02481059746249864 0.010150027177903977 0.005640257635842194 0.005304910728464951 -0.0009741025126498436 -0.001882567515839706 -0.002477764597405563 0.002677511261857057 0.001200021932954376 -0.00506966253337654 -0.01164943854445996 -9999 -0.011649856586819107 -0.015839951193850982 -0.010895364796337877 -0.008559069879676973 -0.006327755587256485 -0.005533791106680175 -0.008634778468505189 -0.016127657955107483 -0.01465570586531059 -0.009834404224934784 -0.010342291839744722 -0.021888415936542588 -0.027365785901961117 -0.035294363356154906 -0.043426272985727904 -0.05625232778813527 -9999 -9999 -9999 -9999 -9999 -9999 -9999 -9999
-9999 -9999 -9999 -9999 -9999 -9999 -9999 -9999 -9999 -9999 -9999 -9999 -9999 0.06483659520745277 0.03483693431253021 0.01545047095936275 -0.0040546846058633354 -0.0021365743292414696 0.0032534743456736907 0.017034639806851104 0.014521740053011043 -0.001013381973556826 -0.0012087013040270045 -0.012593657426212157 -0.013503609468107636 -0.008284628715204162 -0.00456895063752713 0.013395817279815677 -0.01442680054384729 -0.01860897664142691 -0.018475923525250487 -0.014152593586755831 -0.010867694959692337 -0.012667803498713852 -0.013315075441547058 -0.014183147607938098 -0.017296450617520692 -0.020941940014776974 -0.024065433798924733 -0.02834129932781923 -0.027887819096063943 -9999 -9999 -9999 -9999 -9999 -9999 -9999 -9999 -9999 -9999 -9999
-9999 -9999 -9999 -9999 -9999 -9999 -9999 -9999 -9999 -9999 -9999 -9999 0.1611750779243616 0.07412037269576738 0.04187751253661903 0.012084806273723492 0.002854909261931549 0.002422290651694581 0.00735823469965352 0.009251493960618971 0.004312414675951004 0.0035861489241537647 0.008813815920249268 0.0020242888966332533 -0.005644689759482513 8.127044724381971e-05 -0.005782214681739395 -0.007278745427079819 -0.011347508948782227 -0.01430252081026201 -0.017617211879595474 -0.018185729889766026 -0.0113855653806873 -0.01357845686700032 -0.014334359894628113 -0.01753768762168678 -0.01871455331211505 -0.02047335745199866 -0.02506527936329012 -0.031143210180427705 -0.03821416895674623 -9999 -9999 -9999 -9999 -9999 -9999 -9999 -9999 -9999 -9999 -9999
-9999 -9999 -9999 -9999 -9999 -9999 -9999 -9999 -9999 -9999 -9999 0.039624365451543235 0.06747574537344603 0.08213431388139725 0.0736741253539272 0.004834040513505111 -0.0018593796893306427 -0.006708715111017227 0.004641929236443132 0.0005651113096174497 -0.003737328655045946 -0.007971003327680692 -0.008838194057993244 -0.005744111116813555 -0.005638828744059021 -0.005230879006178496 0.0017550532584605096 0.002365402553392487 -0.0058548426174599155 -0.005266615392073347 -0.011731455831424042 -0.017155592208323273 -0.013874006174180829 -0.016129684998937268 -0.013910188947034913 -0.022040850280419636 -0.027726134204346192 -0.03016711868669675 -0.03805489303625148 -0.052735358638607926 -9999 -9999 -9999 -9999 -9999 -9999 -9999 -9999 -9999 -9999 -9999 -9999
-9999 -9999 -9999 -9999 -9999 -9999 -9999 -9999 -9999 -9999 0.004328881916792482 0.0045971996758295 0.00794262957313785 0.002205584846113051 0.006402201626611814 0.004366416322148348 0.0050123058583425575 -0.00021003494444099544 -0.008615064394214889 -0.006020837018023362 0.00347627051498578 -0.0008569991459017322 -0.003443932727627136 -0.006921255232199386 -0.010730991544930846 -0.015214135789352934 -0.012651658414498612 -0.008769931676595094 -0.0018227090654165945 -0.0003705437740554041 -0.00011677489332531653 -0.010259786863689837 -0.011299440232308028 -0.015330387198406709 -0.01869490888455641 -0.027042974110530776 -0.032262468791526305 -0.029862584951131223 -0.031182600590197927 -9999 -9999 -9999 -9999 -9999 -9999 -9999 -9999 -9999 -9999 -9999 -9999 -9999
-9999 -9999 -9999 -9999 -9999 -9999 -9999 -9999 -9999 -9999 -9999 -9999 0.06425678474562507 0.006818225889494933 0.0035010947157507193 0.0009800634630348637 -0.007883572384067228 -0.009048144940448866 -0.008899222897446657 -0.010582583591989823 -0.013020539413327759 -0.011559728694998687 -0.003865301609039306 -0.005475762907577592 -0.00670392195815625 -0.009906554837589676 -0.012570754179488051 -0.010986749082803726 -0.007213342934846878 -0.009110920455144805 -0.005102686907934112 -0.007466154415970261 -0.012844448018333177 -0.0143230816592341 -0.016499612642371125 -0.02139698471064153 -0.02659402820079224 -0.028651428935320494 -0.028939143309126725 -0.059974930370631424 -9999 -9999 -9999 -9999 -9999 -9999 -9999 -9999 -9999 -9999 -9999 -9999
-9999 -9999 -9999 -9999 -9999 -9999 -9999 -9999 -9999 -9999 -9999 0.06296777304099954 0.006817825493358409 0.024097755383909403 -0.01477498657563153 -0.011843664490658323 -0.010330636378215685 -0.014582124903150253 -0.01369543648932292 -0.006080727214398618 -0.004689837279527097 -0.008664110432500427 -0.012140901030405715 -0.006763245424498686 -0.0036753582889619 -0.005484983972881163 -0.00625126646912616 0.0004548749522022555 0.0018709815390731965 -0.005903429473223892 -0.008197409141322831 -0.01374117414588513 -0.017073762157688962 -0.01401159847560135 -0.01202004678223445 -0.015828314358773438 -0.019711108473332045 -0.034301629856876716 -0.040711084947637886 -9999 -9999 -9999 -9999 -9999 -9999 -9999 -9999 -9999 -9999 -9999 -9999 -9999
-9999 -9999 -9999 -9999 -9999 0.08765513029965487 0.008837684988975525 0.045442558177139436 0.08001389414877502 0.0991209904136865 0.0799828780734021 -0.006508448525615385 0.01274242252111435 -0.005487862326528703 -0.008671935971664352 -0.008620191851387848 0.0016958627008622773 -0.00901270835943846 -0.009898037042306823 -0.006071187231851655 -0.004090936935466277 -0.005082518510196532 -0.004601462055807526 -0.006292163839806686 -0.007018229883650085 -0.01024603179615477 -0.009474377107361098 -0.004618424274351275 0.0017893186405948944 0.0015743690664353494 -0.000901120998289262 -0.01495646167060602 -0.020217747629984573 -0.023672465720902317 -0.02523431343876797 -0.025100752387357792 -0.027862669657105987 -0.027232465050790636 -9999 -9999 -9999 -9999 -9999 -9999 -9999 -9999 -9999 -9999 -9999 -9999 -9999 -9999
-9999 -9999 -9999 -9999 0.053423268454415467 0.08430985588094464 0.08309745497029758 -0.006301998606194625 -0.011234817945438902 -0.0023347179850806143 -0.010346264780863479 -0.01441435451092926 -0.0061207063820051255 -0.008924714735020767 -0.011599415346332216 -0.010653706672398929 -0.003477063191973634 -0.007097570792488434 -0.008049792083709123 -0.00573065941748413 -0.005842497815256531 -0.0062005132760690465 0.0015487371255522298 -0.005529388461423951 -0.007701327295407012 -0.006130247984243471 -0.0014806744521078938 0.0025610777994860834 0.0036121784992839967 -0.00039109895410743833 -0.0042785412591436756 -0.01555817460884218 -0.025400598573943837 -0.03237796388566494 -0.027328255275885255 -9999 -9999 -9999 -9999 -9999 -9999 -9999 -9999 -9999 -9999 -9999 -9999 -9999 -9999 -9999 -9999 -9999
-9999 -9999 -9999 0.12190483854367185 0.04928543855962547 0.010552525520324707 0.10101377343138056 0.005478483179341187 -0.00035914163226669066 0.0037594836043274853 -0.0007110030754752805 0.009939174289288756 -0.00010685412132221961 -0.007699342687492783 -0.01009619851475177 -0.009565523623124406 -0.009263501705034928 -0.010376592369183256 -0.016021926603887404 -0.016496978862130113 -0.018180798415256574 -0.013767745021892623 -0.0013511610095915672 -0.006299845388402114 -0.014333976189727373 -0.014040396103392472 -0.01071117510614189 -0.007113036740085343 -0.0043374449014663705 -0.009751549071591842 -0.01865428524172824 -9999 -9999 -9999 -9999 -9999 -9999 -9999 -9999 -9999 -9999 -9999 -9999 -9999 -9999 -9999 -9999 -9999 -9999 -9999 -9999 -9999
-9999 -9999 -9999 0.13200213176658354 0.1333231914718196 0.0870181963495586 0.048568751177062164 0.060119437782660774 0.07364595649035083 0.008885009943143174 -0.008555717118408357 -0.008540129208046449 -0.0067623218764429616 -0.011205551902885023 -0.017403655078100128 -0.008035255191118834 -0.006734294735867036 -0.0020842480918635553 -0.00163239985704422 -0.002584319075812469 -0.0039826527885768745 -0.009176033994425905 -0.0023092329502105713 0.0010739626443904415 0.00035748161051585287 -0.0025591676973778232 -0.012228170490783202 -0.01714811474084854 -0.023259165101364 -9999 -9999 -9999 -9999 -9999 -9999 -9999 -9999 -9999 -9999 -9999 -9999 -9999 -9999 -9999 -9999 -9999 -9999 -9999 -9999 -9999 -9999 -9999
-9999 -9999 -9999 0.12858471760283344 0.12576003793788992 0.12255610624949136 0.08794430740501569 0.028408118726118762 0.0241035614972529 0.012712205881657834 -0.0013516624660595555 -0.00022534912695054699 0.02327311624373707 0.007829852240241103 -0.0020184798733047797 0.007753916084766387 -0.005495030594908662 -0.007505933227746371 -0.01116718465219374 -0.008603498015714722 -0.00822388785688774 -0.0030556078190388802 -0.010248873544775909 -0.01932647079229355 -0.020787615005088883 -0.0255519117674102 -9999 -0.0536331085731154 -9999 -9999 -9999 -9999 -9999 -9999 -9999 -9999 -9999 -9999 -9999 -9999 -9999 -9999 -9999 -9999 -9999 -9999 -9999 -9999 -9999 -9999 -9999 -9999
-9999 -9999 -9999 0.11779864378027866 0.11887002286020215 0.1176288665636726 0.12069068427966988 0.12106408697107562 0.07536631952161378 -0.003423184318387007 0.0011403777677079785 0.005156264680883149 0.013264443239440094 0.003992191637339797 -0.0038194892847019657 -0.013468010723590856 -0.015272733795901994 -0.011687658889138171 -0.018241976590260226 -0.015043477811243213 0.00320133259115013 0.002014585163282317 -0.008759753535623138 -0.01823192154583725 -0.023757841438055042 -0.030511133696721957 -0.030971183886994488 -9999 -9999 -9999 -9999 -9999 -9999 -9999 -9999 -9999 -9999 -9999 -9999 -9999 -9999 -9999 -9999 -9999 -9999 -9999 -9999 -9999 -9999 -9999 -9999 -9999
-9999 -9999 -9999 -9999 0.0633193916744656 0.002840600745833421 0.002702474594116211 0.0023131150266398337 0.0025449610598709533 -0.0031178786378839862 -0.0019758444117463077 -0.007733322518027329 -0.008650378526552871 -0.009918796465448715 -0.004262669092935073 0.013821419742372304 -0.006210745514734939 -0.014696933005167084 -0.01503396180012953 -0.015021928302619782 -0.017704792968604888 -0.010808761191108962 -0.016264379024505615 -0.020035053238920547 -9999 -9999 -9999 -9999 -9999 -9999 -9999 -9999 -9999 -9999 -9999 -9999 -9999 -9999 -9999 -9999 -9999 -9999 -9999 -9999 -9999 -9999 -9999 -9999 -9999 -9999 -9999 -9999
-9999 -9999 -9999 -9999 0.10159361330063447 0.025934397526409303 -0.0022479187211264517 -0.006389035802820464 -0.0039262586626513385 -0.0037433921318987258 -0.0016910134126310596 0.0016285503364127651 -0.0007556236308554065 -0.007469832249309694 -0.011808243782623962 -0.00298049155136812 -0.008173170944918762 -0.010481534282798357 -0.009572405530058808 -0.011765154645494795 -0.014044888317584991 -0.017976496692584915 -0.015550305338009553 -0.026578410002200487 -0.033339643769938004 -9999 -9999 -9999 -9999 -9999 -9999 -9999 -9999 -9999 -9999 -9999 -9999 -9999 -9999 -9999 -9999 -9999 -9999 -9999 -9999 -9999 -9999 -9999 -9999 -9999 -9999 -9999
