metrics/grid_rasters/CCI Combined/grideval_CCI Combined_Y_2016_absolute_ubrmsd.asc
ncols 52
nrows 55
xllcorner     11.25
yllcorner     55.25
cellsize      0.25
NODATA_value  -9999
[rows 0 to 27 of 55, columns 0 to 51 of 52]
-9999 -9999 -9999 -9999 -9999 -9999 -9999 -9999 -9999 -9999 -9999 -9999 -9999 -9999 -9999 -9999 -9999 -9999 -9999 -9999 -9999 -9999 -9999 -9999 -9999 -9999 -9999 -9999 -9999 -9999 -9999 -9999 -9999 -9999 -9999 -9999 0.045181596764009305 0.049298149083127824 0.06711732495807096 -9999 -9999 -9999 -9999 -9999 -9999 -9999 -9999 -9999 -9999 -9999 -9999 -9999
-9999 -9999 -9999 -9999 -9999 -9999 -9999 -9999 -9999 -9999 -9999 -9999 -9999 -9999 -9999 -9999 -9999 -9999 -9999 -9999 -9999 -9999 -9999 -9999 -9999 -9999 -9999 -9999 -9999 -9999 -9999 -9999 -9999 -9999 -9999 -9999 0.04290158607076874 0.038163989692186456 0.03853079602938299 0.03588404561176597 0.054669950106056485 0.060486841954051615 -9999 -9999 -9999 -9999 -9999 -9999 -9999 -9999 -9999 -9999
-9999 -9999 -9999 -9999 -9999 -9999 -9999 -9999 -9999 -9999 -9999 -9999 -9999 -9999 -9999 -9999 -9999 -9999 -9999 -9999 -9999 -9999 -9999 -9999 -9999 -9999 -9999 0.060165437572408324 0.06045879398932305 0.06323398659803149 0.05798615621798661 0.06626915302488713 0.06618421436800431 0.06131982053838302 -9999 0.0651058666655733 0.05302471448888852 0.04523644895058418 0.058057667498128365 0.059081183849295824 0.06617615593229564 0.061748973795472076 0.0587528500006418 0.061112581350378274 0.0601072801798223 0.06339913955330917 -9999 -9999 -9999 -9999 -9999 -9999
-9999 -9999 -9999 -9999 -9999 -9999 -9999 -9999 -9999 -9999 -9999 -9999 -9999 -9999 -9999 -9999 -9999 -9999 -9999 -9999 -9999 -9999 -9999 -9999 -9999 -9999 -9999 0.0495105814486487 0.05319195873300635 0.04222268948812168 0.04236889134819655 0.047310573877787865 0.0514198380517578 0.07300605962125548 0.06011224687627696 0.0612088413076662 0.06062706548923081 0.06026833201007953 0.06182780566107434 0.0699456602338507 0.06590640122184517 0.06313045329332698 0.06965893173974455 0.06699761637667287 0.06514498884235392 0.06201375567962164 0.06067753763290231 0.051680958715675726 -9999 -9999 -9999 -9999
-9999 -9999 -9999 -9999 -9999 -9999 -9999 -9999 -9999 -9999 -9999 -9999 -9999 -9999 -9999 -9999 -9999 -9999 -9999 -9999 -9999 -9999 0.08082571724678772 0.0618682746561841 0.06336350890412551 0.06626131478749228 0.05990396610133589 0.049044818229422686 0.038436907253676496 0.0378216504998175 0.03899821864297122 0.0583034408618305 0.055433221449634036 0.06716199146316823 0.07064530197665883 0.06198441656979588 0.055726540701886464 0.051468676768794366 0.04841896634600873 0.050705510796327326 0.05047508144391046 0.058301560041462676 0.06898237376983342 0.06270270051363627 0.060339394687861814 0.05829402680658133 0.04960383687186709 0.044391233177906234 0.04112605836452672 -9999 -9999 -9999
-9999 -9999 -9999 -9999 -9999 -9999 -9999 -9999 -9999 -9999 -9999 -9999 -9999 -9999 -9999 -9999 -9999 -9999 -9999 -9999 -9999 0.07277774618759296 0.06456091204628647 0.05773170751534677 0.05183049938957721 0.05842375889354015 0.0638737059364105 0.052659651105173864 0.05067711833116529 0.05958662572483622 0.07891146304533514 0.04486882597761475 0.06996823248930709 0.07062375562367637 0.06780485838215729 0.06115857115384635 0.057847944193857026 0.054304803286151344 0.04871935676033835 0.05060243786462803 0.05017997339772959 0.05114391118796287 0.05181414086813455 0.05101711172974497 0.05159426571915498 0.04292198382231905 0.0422778644318266 0.03914875445280869 0.03902903836017404 -9999 -9999 -9999
-9999 -9999 -9999 -9999 -9999 -9999 -9999 -9999 -9999 -9999 -9999 -9999 -9999 -9999 -9999 -9999 -9999 -9999 -9999 -9999 0.07905644764044444 0.06362744062085164 0.07345826502305686 0.046534850145836366 0.0512914374558558 0.04873425120348828 0.050560197165025626 0.05378067829814152 0.0536654382415418 0.06125543788366675 0.06779555554027998 0.06914227897975148 0.07619533140822221 0.07167481454977198 0.06295896833838603 0.05565005485862905 0.05627948883539007 0.055186942932261264 0.0539219764461694 0.048947405097574635 0.04696383931430741 0.04368458334695827 0.042724257294360836 0.041751657885527316 0.04080102565117765 0.03990426163963085 0.041291074146207286 0.04205794965184518 0.041997824544749235 0.03679977233701905 -9999 -9999
-9999 -9999 -9999 -9999 -9999 -9999 -9999 -9999 -9999 -9999 -9999 -9999 -9999 -9999 -9999 -9999 -9999 -9999 -9999 -9999 -9999 0.07346363771006534 0.060970251991338126 0.051891199408599306 0.05061404659387355 0.05126453716981667 0.04842518084766406 0.05528912792856132 0.07093780228587644 0.06552007403738762 0.05691769405737568 0.06276825278931364 0.04953587848355709 0.03859668503305864 0.0493538404678834 0.056859096745213514 0.05177258490468474 0.049407582865020686 0.04998936255235353 0.04898901032878051 0.046540984427765233 0.046525989117006894 0.045243582274326934 0.039049533780632216 0.04435403886709308 0.0423092221684182 0.04452360310434735 0.043550193000385325 0.039968274906467344 -9999 -9999 -9999
-9999 -9999 -9999 -9999 -9999 -9999 -9999 -9999 -9999 -9999 -9999 -9999 -9999 -9999 -9999 -9999 -9999 -9999 -9999 0.06733195766450709 0.058155372266723036 0.057915349714309984 0.056828541362110775 0.055938864096400254 0.04358388802238079 0.07622665483643239 0.061958984207051274 0.056959215318910565 0.052671726130167136 0.04868938770622718 0.04364809740556745 0.048185870642180384 0.04866700540371737 0.04392016492121175 0.04919895089131757 0.04790435086058211 0.04647927368711054 0.04834335603597817 0.046296688342762266 0.045808604860129734 0.0435812982909005 0.045289225793256685 0.04153511685292564 0.04477219545055877 0.04327292987889842 0.04360757336167263 0.0349682917686593 0.04150929152708161 0.0410812091999335 0.03952389028135813 0.03682654562944385 -9999
-9999 -9999 -9999 -9999 -9999 -9999 -9999 -9999 -9999 -9999 -9999 -9999 -9999 -9999 -9999 -9999 -9999 -9999 0.04387583741822943 0.0558336774243878 0.0580290077417056 0.060456722601219336 0.06304412633612153 0.06174364555007701 0.0642392369169469 0.06695593060757768 0.06711429519166713 0.0646259723364672 0.05727946678194638 0.05237549396693675 0.04366515219830653 0.0453070296003049 0.04697655887818928 0.04550810744466543 0.045301513996605584 0.0447522619130088 0.04450428854992724 0.04481946292251848 0.04613082816279648 0.04629439532104118 0.044850188852219766 0.04437376461314185 0.03734088467106489 0.038395046469201326 0.039947419276216437 0.04299019258837487 0.03678029312510862 0.03726102190214295 0.036637189604544616 0.03862181373879171 0.037979894500885965 -9999
-9999 -9999 -9999 -9999 -9999 -9999 -9999 -9999 -9999 -9999 -9999 -9999 -9999 -9999 -9999 -9999 -9999 0.05010035253720079 0.04754376236793268 0.060965679982406124 0.06480097047176138 0.05719236078812422 0.05562449738288242 0.04851864426886074 0.048068959008899084 0.047845074509644016 0.046968404841084437 0.04250881386923252 0.04320644762874249 0.042176078059497135 0.04231293310392992 0.038579216218019415 0.04026931411867523 0.04422819036365354 0.04069089960657002 0.0416407784201344 0.046298418247511006 0.048598700357039865 0.04835114616693235 0.046141667845886816 0.04527003660827236 0.04402054524929292 0.037450400697540055 0.045114905683108636 0.04528050400231119 0.04711360098510641 0.04588767451241745 0.03639771232270306 0.03397754672663217 0.03625605157688786 -9999 -9999
-9999 -9999 -9999 -9999 -9999 -9999 -9999 -9999 -9999 -9999 -9999 -9999 -9999 0.06399099067855912 0.058895111729193116 0.04989668048215856 0.05035783792030763 0.05312247883313249 0.04077942239566058 0.056108297799068674 0.046285567951801734 0.054774798050180255 0.05543645517493974 0.047917987844259984 0.0429780733461086 0.03748496315031219 0.036765001644799816 0.04389803526719648 0.04669558404670986 0.046820906459977114 0.04354765323684813 0.04760557204548595 0.04463314155279915 0.04082423401467089 0.04182950043811744 0.04040197190045065 0.040555703500101056 0.03999370381005677 0.04011921068581532 0.039677052825247285 0.04000654991598506 0.03666540044831479 0.034927643749731584 0.033617541214714185 0.03670957004926964 0.04156425490478912 0.04125530564621597 0.0422310517946284 0.04029642248915048 0.03701370049778333 0.03635204112139742 -9999
-9999 -9999 -9999 -9999 -9999 -9999 -9999 -9999 -9999 -9999 -9999 -9999 -9999 0.06825611561613243 0.05890994436124816 0.06667335851263331 0.06794028049921924 0.06621399006374402 0.06626846324133769 0.06221856212109809 0.06671843126802808 0.06146344529648316 0.061645000405468914 0.045159544144174994 0.046780791350312115 0.03782900779285591 0.02881793157491195 0.03883623441347251 0.03703911841854223 0.03696902682895871 0.03441338349461436 0.037992226341923625 0.04270901583920881 0.045057042711934316 0.05086135452256062 0.0464114925227893 0.04497882690328499 0.0433340038100891 0.04169196609124145 0.04100200792403005 0.04176287083016637 0.044234957754255205 0.04455473233319838 0.04509210532718354 0.04299173108280545 0.04191387230885299 0.04180393190213612 0.038762681260667536 0.03887020444589513 0.03875517388180407 0.03766555699400045 0.03709951511474263
-9999 -9999 -9999 -9999 -9999 -9999 -9999 -9999 -9999 -9999 -9999 -9999 -9999 0.06948747355082012 0.07156918135017064 0.06773550674482161 0.0597925689721654 0.059867518696015976 0.05489411988084146 0.054012496583397976 0.05232690377907402 0.054523011223199296 0.04379401999470363 0.04145681757103637 0.045633789111250746 0.04731779763810765 0.04842081753837224 -9999 0.03755154596491335 0.04359943294603052 0.04067836336974707 0.04173540602324139 0.04208731170264262 0.042202317688798785 0.04287952602399616 0.046376718481565285 0.0417381293808276 0.040982651122509116 0.04133329311075964 0.04385479377600995 0.0430883154060965 0.040268677582984 0.04540508303800528 0.04625806723981085 -9999 -9999 -9999 -9999 -9999 -9999 -9999 -9999
-9999 -9999 -9999 -9999 -9999 -9999 -9999 -9999 -9999 -9999 -9999 -9999 -9999 0.07685462471216985 0.06930756502062703 0.06048636369871758 0.05763452659371579 0.052427355477119006 0.05102774267610822 0.041444878840787486 0.05103544434110352 0.047565215542267086 0.04615480347728551 0.049250584792571904 0.047243129685472916 0.046462512795549776 0.047227949187837424 0.052405110421159515 0.045390209280151673 0.044694829476842696 0.043191400505964525 0.04120592468878334 0.04036050476198827 0.041289840730124136 0.04361544537616968 0.04014101294432759 0.04025850896081282 0.04029816348501094 0.04341890946493798 0.04302327836543203 0.04463671240965325 -9999 -9999 -9999 -9999 -9999 -9999 -9999 -9999 -9999 -9999 -9999
-9999 -9999 -9999 -9999 -9999 -9999 -9999 -9999 -9999 -9999 -9999 -9999 0.06424604591282337 0.07842846189844586 0.07166968005527201 0.05332277233581261 0.0660026207693127 0.05662736128580473 0.05166890290308681 0.04900087348111644 0.0526122767960704 0.05164675508877215 0.040983084771602674 0.04407786259175433 0.044914503618003934 0.042837490827969435 0.04181561743352191 0.04028929547026309 0.036576275607602106 0.038243365314952565 0.039063154858975435 0.039141634907499785 0.03915857242760906 0.039180800336038865 0.03916805544974213 0.03816347418821864 0.03970273776996421 0.041226604704879564 0.03953488619585787 0.037408156552509404 0.03842834506837784 -9999 -9999 -9999 -9999 -9999 -9999 -9999 -9999 -9999 -9999 -9999
-9999 -9999 -9999 -9999 -9999 -9999 -9999 -9999 -9999 -9999 -9999 0.07461094469301957 0.061246671328148185 0.07065119689593505 0.06851832422491999 0.0665899531169092 0.06585899324814644 0.05949936166964926 0.045267260283495 0.05526318837577299 0.05304129984438609 0.04975330789105417 0.044859821158302025 0.04230333066145855 0.043640882527366136 0.042751705453303264 0.03950441272646329 0.044731092210931744 0.041562484563132315 0.035866542720896885 0.03732223251592959 0.03834988577495888 0.03722460608135776 0.035657571675057086 0.03732459644602721 0.03840685100836613 0.037655667396270916 0.03658545692562932 0.03564949027584518 0.03820995353009756 -9999 -9999 -9999 -9999 -9999 -9999 -9999 -9999 -9999 -9999 -9999 -9999
-9999 -9999 -9999 -9999 -9999 -9999 -9999 -9999 -9999 -9999 0.06416501536898615 0.07575501402171972 0.08141803365409593 0.07586163655493726 0.06575960719337925 0.057828023088229936 0.05425533421387504 0.06034365620669194 0.053092912454393806 0.049016083419253016 0.04874234295187279 0.051125896525769925 0.04321281643615645 0.0400990689120912 0.040358762407099256 0.04102546848894615 0.03942952780954613 0.04032783266923291 0.04140592322160895 0.041397633921187664 0.042001283617501085 0.03611556618406549 0.034697253221402866 0.03469171921403229 0.03390380069259144 0.03628298056403005 0.037035418023079664 0.035829698058838594 0.034122332688706486 -9999 -9999 -9999 -9999 -9999 -9999 -9999 -9999 -9999 -9999 -9999 -9999 -9999
-9999 -9999 -9999 -9999 -9999 -9999 -9999 -9999 -9999 -9999 -9999 -9999 0.04545384583593892 0.04959090663380943 0.05088220760747555 0.04973364540369927 0.05293198123016689 0.05129718134537649 0.0473136452640272 0.04466989429555833 0.049176673120432925 0.04616953557442554 0.045731479187959584 0.043106082961278526 0.044660052002606115 0.0413124224061776 0.042393859014788066 0.03940833763897441 0.04596371897892323 0.04396754699601267 0.04382062626721347 0.03801658018148865 0.03614479116567368 0.03477946041690312 0.03563588035207981 0.03493186237623915 0.03572110356371355 0.036042511411883284 0.03363272096100885 0.03706928995645184 -9999 -9999 -9999 -9999 -9999 -9999 -9999 -9999 -9999 -9999 -9999 -9999
-9999 -9999 -9999 -9999 -9999 -9999 -9999 -9999 -9999 -9999 -9999 0.061732181235073263 0.03900964243648385 0.04805364642845042 0.05168451517200055 0.04645667406905669 0.04521795605958169 0.04655790839445872 0.0461187013168356 0.043292327774534685 0.04207771524726812 0.05324250937944955 0.051797882287247216 0.04395788969711974 0.041616401001622866 0.04120844407799205 0.040556752920117366 0.03734052058268425 0.036386788853490726 0.03641070585892377 0.03918725348781425 0.03698306990192756 0.03591028923084697 0.03584083169406108 0.03700213883858139 0.032866299264992425 0.032255632063953696 0.0374660165909944 0.036065846745577626 -9999 -9999 -9999 -9999 -9999 -9999 -9999 -9999 -9999 -9999 -9999 -9999 -9999
-9999 -9999 -9999 -9999 -9999 0.07131935847721592 0.062300920721806916 0.056738187649268974 0.05443307757757217 0.06083784139990218 0.05724847295337537 0.055399436401955465 0.05121113506230422 0.04700128100682672 0.04805252439682714 0.04552840414121312 0.04722201696738244 0.04350702946538771 0.04407217623898095 0.04525997040370397 0.047223141566617874 0.04589055479947623 0.0495477631949689 0.05381079152142315 0.04259243069428216 0.03691221500333002 0.03496349249072593 0.032772953877917316 0.036895009253501435 0.03672057414169178 0.0352202541747723 0.03948275694804737 0.03787403682010266 0.03775754633549605 0.03801758041171963 0.041814349716935706 0.039768675386122415 0.03625886644050928 -9999 -9999 -9999 -9999 -9999 -9999 -9999 -9999 -9999 -9999 -9999 -9999 -9999 -9999
-9999 -9999 -9999 -9999 0.045971805068869824 0.05242393755477462 0.04969070985950199 0.04007780157999808 0.05159628849380623 0.061441330363078715 0.051080088033014455 0.05148672114252331 0.045059347368321616 0.045992589859635134 0.043637596611872484 0.05274736755050656 0.048770458569257734 0.04184848153064406 0.03890752454084302 0.04346791373188445 0.04371003456294744 0.04422249860183994 0.04212374571401472 0.04333915461625181 0.04350128843397391 0.04209169733959504 0.041456485434249284 0.03828940098201929 0.03916044766484407 0.03821778402752261 0.03733656269038025 0.03785627375382209 0.03729040400623193 0.03160846049153119 0.03003255839535825 -9999 -9999 -9999 -9999 -9999 -9999 -9999 -9999 -9999 -9999 -9999 -9999 -9999 -9999 -9999 -9999 -9999
-9999 -9999 -9999 0.05101784400611879 0.05878941475267364 0.038453662734973686 0.05751985961194023 0.04657573444484305 0.045519192354942735 0.06178188221654584 0.05198703590287435 0.05299042978577753 0.0436189807814939 0.045324100849182106 0.049121502658179765 0.045029697647937614 0.03907387918865364 0.03922802080842918 0.040796919697040634 0.04124837668138806 0.04448594667789599 0.042549198194911986 0.04388730945613248 0.046109539088802366 0.04380650545641505 0.04238672611930884 0.0412590338117772 0.040209527234521085 0.040236678478441694 0.03794114971087991 0.03478941281296562 -9999 -9999 -9999 -9999 -9999 -9999 -9999 -9999 -9999 -9999 -9999 -9999 -9999 -9999 -9999 -9999 -9999 -9999 -9999 -9999 -9999
-9999 -9999 -9999 0.0650506277333925 0.06433236541681854 0.038070219024097116 0.050090891627522 0.04370025914901074 0.04035597971228815 0.043918850347911216 0.05132175803735555 0.03895307428931268 0.03204242110953878 0.04480878416736371 0.046867262124716084 0.05175593245525543 0.043289283364516484 0.038736513573928204 0.03614208835196985 0.04896060118781568 0.04981291308278033 0.04117002895416278 0.04295372899548735 0.04714790374533128 0.04237609859891686 0.045984019970581866 0.042048328713635036 0.03673844475456163 0.029898556570682293 -9999 -9999 -9999 -9999 -9999 -9999 -9999 -9999 -9999 -9999 -9999 -9999 -9999 -9999 -9999 -9999 -9999 -9999 -9999 -9999 -9999 -9999 -9999
-9999 -9999 -9999 0.05326672112555833 0.042604915944905966 0.043422995028268366 0.03901045205038204 0.04161681806131588 0.04113936060988422 0.04567770552831135 0.03941614778948823 0.045535567254062735 0.03871357221969005 0.0483798808761304 0.04436919566970495 0.039210903659451735 0.03890545962948581 0.04382964325293279 0.04357162048389405 0.050893191198552665 0.04168789002892102 0.04032601889765 0.04143552767773885 0.04243123536240684 0.04393666266164455 0.03843458197836151 -9999 0.05029361369213184 -9999 -9999 -9999 -9999 -9999 -9999 -9999 -9999 -9999 -9999 -9999 -9999 -9999 -9999 -9999 -9999 -9999 -9999 -9999 -9999 -9999 -9999 -9999 -9999
-9999 -9999 -9999 0.05124389612339514 0.04490201057612821 0.044084810598892084 0.04369540467301774 0.04830813838544288 0.0437379443254781 0.05630094290795162 0.047544030219963736 0.04266820472919725 0.047676047117217714 0.04716359646608191 0.04434624628957209 0.04683734511215416 0.04682285570598426 0.04833637398102287 0.06069546328766295 0.053030042107378265 0.042740143687366186 0.04155516446855275 0.042117069563074254 0.05548031140004238 0.05354632402951042 0.04883169766884491 0.04313046806611321 -9999 -9999 -9999 -9999 -9999 -9999 -9999 -9999 -9999 -9999 -9999 -9999 -9999 -9999 -9999 -9999 -9999 -9999 -9999 -9999 -9999 -9999 -9999 -9999 -9999
-9999 -9999 -9999 -9999 0.039994111945901765 0.03711885688925428 0.049256419369723484 0.03960454289180688 0.03787235978536151 0.049635196078772086 0.04324031023859769 0.04378345318023199 0.050288313040966766 0.04750443186599089 0.04184571173872709 0.03598767697908158 0.0399906088169665 0.040926807472010114 0.0447022465885835 0.04261197436278257 0.04575081866685597 0.04003035658334327 0.04585225403534204 0.04946476631262303 -9999 -9999 -9999 -9999 -9999 -9999 -9999 -9999 -9999 -9999 -9999 -9999 -9999 -9999 -9999 -9999 -9999 -9999 -9999 -9999 -9999 -9999 -9999 -9999 -9999 -9999 -9999 -9999
-9999 -9999 -9999 -9999 0.04065432584290614 0.04225531920362529 0.055286612264376415 0.038747028998684825 0.048175584497506085 0.042279578282445635 0.046158378323457684 0.050588791786198815 0.047410250531036265 0.050617850640349536 0.0494723858502574 0.040936004647007584 0.04028208718285879 0.03903424517096225 0.039168683397916716 0.04184735062898781 0.040628532699327424 0.04161477866997381 0.037342963485283216 0.036334808811471636 0.044004008914772325 -9999 -9999 -9999 -9999 -9999 -9999 -9999 -9999 -9999 -9999 -9999 -9999 -9999 -9999 -9999 -9999 -9999 -9999 -9999 -9999 -9999 -9999 -9999 -9999 -9999 -9999 -9999
