metrics/grid_rasters/CCI Combined/grideval_CCI Combined_X_spring_2016_absolute_ubrmsd.asc
ncols 52
nrows 55
xllcorner     11.25
yllcorner     55.25
cellsize      0.25
NODATA_value  -9999
[rows 0 to 27 of 55, columns 0 to 51 of 52]
-9999 -9999 -9999 -9999 -9999 -9999 -9999 -9999 -9999 -9999 -9999 -9999 -9999 -9999 -9999 -9999 -9999 -9999 -9999 -9999 -9999 -9999 -9999 -9999 -9999 -9999 -9999 -9999 -9999 -9999 -9999 -9999 -9999 -9999 -9999 -9999 0.007830248703591659 0.024665775361034103 0.06271449436617693 -9999 -9999 -9999 -9999 -9999 -9999 -9999 -9999 -9999 -9999 -9999 -9999 -9999
-9999 -9999 -9999 -9999 -9999 -9999 -9999 -9999 -9999 -9999 -9999 -9999 -9999 -9999 -9999 -9999 -9999 -9999 -9999 -9999 -9999 -9999 -9999 -9999 -9999 -9999 -9999 -9999 -9999 -9999 -9999 -9999 -9999 -9999 -9999 -9999 0.02470587775018844 0.046956394473084785 0.04927214841161081 0.059964459944641516 0.08876336728779635 0.1071677205750816 -9999 -9999 -9999 -9999 -9999 -9999 -9999 -9999 -9999 -9999
-9999 -9999 -9999 -9999 -9999 -9999 -9999 -9999 -9999 -9999 -9999 -9999 -9999 -9999 -9999 -9999 -9999 -9999 -9999 -9999 -9999 -9999 -9999 -9999 -9999 -9999 -9999 0.007658194543295861 0.009926021320126346 0.008152864873412677 0.016274155544412867 0.014683663470213234 0.022552131975136048 0.0497635032423813 -9999 0.08928091881199023 0.0710235828772316 0.06607576686892094 0.10150545813597203 0.11123285055125903 0.12278061037539165 0.11490841221533928 0.1080830498945585 0.11328873930315195 0.11106392111941588 0.11743164159232608 -9999 -9999 -9999 -9999 -9999 -9999
-9999 -9999 -9999 -9999 -9999 -9999 -9999 -9999 -9999 -9999 -9999 -9999 -9999 -9999 -9999 -9999 -9999 -9999 -9999 -9999 -9999 -9999 -9999 -9999 -9999 -9999 -9999 0.0018997751176393796 0.03077452157086135 0.003248289227485657 0.011405117809772491 0.00705779192048425 0.023356654263547855 0.07947026506707182 0.08390456927109229 0.09602661436282517 0.09430601042433652 0.09152076252543816 0.09789006196067472 0.11328656907934585 0.10189627170275843 0.10250713279253253 0.12193371441445695 0.1174425461325075 0.1120041097975958 0.10918032619970706 0.10854107606718597 0.06989175211572791 -9999 -9999 -9999 -9999
-9999 -9999 -9999 -9999 -9999 -9999 -9999 -9999 -9999 -9999 -9999 -9999 -9999 -9999 -9999 -9999 -9999 -9999 -9999 -9999 -9999 -9999 0.057386158210924576 0.07127662312321792 0.0975495929647193 0.0931203549144802 0.09134271065962972 0.05578343745916806 -9999 0.02673455327749356 0.03433119774348392 0.032863602104358534 0.03519159831961638 0.07590753752339645 0.10033944397759936 0.08845602196513434 0.08081619865852831 0.07247650945384086 0.06353999851204148 0.06919672958361285 0.06823308275607164 0.0800200659901222 0.10515071161789133 0.1045807224054172 0.10224848198087057 0.10161999604161888 0.08184499411073377 0.07570071059875846 0.07455387887875818 -9999 -9999 -9999
-9999 -9999 -9999 -9999 -9999 -9999 -9999 -9999 -9999 -9999 -9999 -9999 -9999 -9999 -9999 -9999 -9999 -9999 -9999 -9999 -9999 0.028462724469755736 0.015502842694077403 0.06540450463467888 0.07108660194076792 0.07989532887096035 0.0979811436188687 0.0 0.009497754256272485 0.04389705267675933 0.08532009403329696 0.061552275319260434 0.07996237157647011 0.0948852303501382 0.09415871451421837 0.08790141353625526 0.08378085676582941 0.07423332218074655 0.06562510257082167 0.06866082840113126 0.06667875085168952 0.06915289035142089 0.07484408790008412 0.08087739037328069 0.08431692242943482 0.06740834788867955 0.06776718522193488 0.06439654378604233 0.0684111577525833 -9999 -9999 -9999
-9999 -9999 -9999 -9999 -9999 -9999 -9999 -9999 -9999 -9999 -9999 -9999 -9999 -9999 -9999 -9999 -9999 -9999 -9999 -9999 0.030182545844056632 0.014469368909696394 0.10953680427021004 0.002366781234741211 0.0705304267631583 0.06480251364754529 0.06722378055381054 0.011101927511468865 0.010103135937338015 0.03994520949454613 0.08831740126162532 0.09603586995881487 0.10227443369158662 0.10271349873757143 0.0883141753749604 0.07710684593598552 0.08213051743807248 0.07811405670454148 0.07446244343110855 0.06742074890937681 0.06487919937106064 0.056983905067262274 0.05705091551723996 0.06277182820013573 0.06462135341309813 0.06431647264089659 0.06708603139474811 0.0682064759819252 0.06822353534585696 0.060981036067964414 -9999 -9999
-9999 -9999 -9999 -9999 -9999 -9999 -9999 -9999 -9999 -9999 -9999 -9999 -9999 -9999 -9999 -9999 -9999 -9999 -9999 -9999 -9999 0.0 0.08829743355826512 0.06118211372656562 0.07495813628990157 0.009618336913038091 0.005733406940995836 0.01338927652651516 0.10171912134239383 0.09246528017892124 0.07435677468261094 0.09044428985898233 0.06613617450304336 0.04111938000021748 0.06372097511503022 0.0747425801638415 0.07065507609090911 0.06784033999595887 0.06653226911707139 0.06280689517650148 0.06284635607383969 0.0639782636629318 0.06271641909599245 0.05962907153508961 0.0659759520993464 0.06479726809427744 0.06391979884389977 0.06261052262890189 0.05961829409053141 -9999 -9999 -9999
-9999 -9999 -9999 -9999 -9999 -9999 -9999 -9999 -9999 -9999 -9999 -9999 -9999 -9999 -9999 -9999 -9999 -9999 -9999 0.0870751341299181 0.07640266220645535 0.06073731047468973 0.0 0.008733815181721666 0.011396728230300851 0.07644748295121609 0.07463615931394603 0.08082504005137651 0.07026701695999978 0.05536330259491972 0.04728467283445747 0.058969996848814175 0.05904207552341505 0.05406269984459821 0.06777223794734001 0.06820267317501344 0.06623909782670548 0.07261049330681535 0.06966949604013851 0.06904360730359589 0.06658360730364044 0.06982818099785475 0.06495098707819955 0.06128514990450749 0.05675293134367655 0.0567174241722641 0.049324028218892764 0.05556133676305517 0.054747762734794855 0.05583926839806092 0.051244049402049546 -9999
-9999 -9999 -9999 -9999 -9999 -9999 -9999 -9999 -9999 -9999 -9999 -9999 -9999 -9999 -9999 -9999 -9999 -9999 0.0023150593042373657 0.012199212668997591 0.012037193276313477 0.08193224923529413 0.058113779924569176 0.05278833929972393 0.09923562093269944 0.10498681801629056 0.07990860206231695 0.07890092734433493 0.06831298817622991 0.05661215233314298 0.05148812257353973 0.06211308290041913 0.06371641158708788 0.050925644383245705 0.06301836488646731 0.06457721171260347 0.0655900640154314 0.06167329338907623 0.06231193684406345 0.061800084472320764 0.059065636997999015 0.06005631592800832 0.04767728851259608 0.05762663126635303 0.05367302673815039 0.05240587393076551 0.05484447197494189 0.055524206021278236 0.05331158102625663 0.05261886262249152 0.05072629444078018 -9999
-9999 -9999 -9999 -9999 -9999 -9999 -9999 -9999 -9999 -9999 -9999 -9999 -9999 -9999 -9999 -9999 -9999 0.01680825515017722 0.01989665452017205 0.02093601345302359 0.0764022758653657 0.0694919474460188 0.07518699075934665 0.06772521595640181 0.061480956252505464 0.05029600882969287 0.04781599080055633 0.03911670902930628 0.04278495933416697 0.04805474273177717 0.0583166658268484 0.05091902242493124 0.05519158463193784 0.05857044358823745 0.06043699207230345 0.05965545874150125 0.05554441820533565 0.05101772260338066 0.0588260876684608 0.05562917004290943 0.056145101333629134 0.05495534306407331 0.052230355980778485 0.05310869881302741 0.05019478593521814 0.045431437213588034 0.04513647669285782 0.04671362068001768 0.05108830152596055 0.05164813771258036 -9999 -9999
-9999 -9999 -9999 -9999 -9999 -9999 -9999 -9999 -9999 -9999 -9999 -9999 -9999 0.023449350136305246 0.019756986213232432 0.007250789462566298 0.0044116835840779895 0.01913345654369654 0.0136265817591756 0.042155782923601184 0.02755698896904006 0.06489244065064873 0.06736770802850653 0.046737328771246325 0.042816643408488314 0.033828887236805036 0.035083483426911685 0.049620015013904915 0.06694800120854448 0.06108072639430238 0.05713083524726713 0.05586161251227097 0.052729883206676216 0.056359355258750125 0.056657352312785035 0.05631860810029705 0.051404796198977226 0.02854603273605645 0.0253204179261298 0.027994971758276588 0.027971968612804668 0.02739512813249756 0.029282189470681563 0.03186471505565251 0.03190153157593529 0.02955741717646288 0.031452789982118694 0.03967997103900675 0.05134253533814116 0.05317527418323737 0.051469543796445125 -9999
-9999 -9999 -9999 -9999 -9999 -9999 -9999 -9999 -9999 -9999 -9999 -9999 -9999 0.019775020768004508 0.017503501546848817 0.08850386996489439 0.10052314501089067 0.10723316949098816 0.1063502003189729 0.09133596482620704 0.0844024308112129 0.08041951245066066 0.04980800435416601 0.058152538047921434 0.052480575053350714 0.050104461707603014 0.03126592197663298 0.04841368234765659 0.048940714739496925 0.05560900756215007 0.051419281107045765 0.05427608316648342 0.05706928043113056 0.060086650220397976 0.0670369203635645 0.0686099115335869 0.06262129655931256 0.05859178271284567 0.052013405228271616 0.05254328358697348 0.05595368712392915 0.06318308043031245 0.06517087992275553 0.04646340047822197 0.04215316112083449 0.0396465219409413 0.044361615147556134 0.04229456283530561 0.04367313155677412 0.04469330523202577 0.03982549061932696 0.03245282432195214
-9999 -9999 -9999 -9999 -9999 -9999 -9999 -9999 -9999 -9999 -9999 -9999 -9999 0.04082922107167046 0.10964052508302792 0.11147919611558466 0.09337703976979783 0.08747782427122486 0.09192520971130222 0.07596659514872979 0.059832819599839285 0.0702260599863796 0.048516535803881655 0.0470667715864549 0.055740724602782114 0.06071379410480745 0.061302405873449414 -9999 0.04794151916693083 0.06419798793556296 0.061768207505269214 0.062422782325960165 0.0623348964564583 0.06106795134382394 0.05459031703009619 0.05916284427744852 0.0580386839803881 0.05948844359960709 0.06001234309121635 0.06278613012262191 0.06664346385320025 0.05414175584785628 0.04117222429372542 0.038193432344126935 -9999 -9999 -9999 -9999 -9999 -9999 -9999 -9999
-9999 -9999 -9999 -9999 -9999 -9999 -9999 -9999 -9999 -9999 -9999 -9999 -9999 0.11864183377313248 0.10291306470386824 0.0834415059346454 0.015047907829284668 0.07724737536731356 0.06211336184124431 0.055046180169891185 0.048543977005640435 0.047581503248970064 0.0938695659704801 0.05400143015232732 0.05653221227876683 0.05616974192614449 0.05474489045789875 0.051510411394092785 0.05316710194204702 0.06409072725352417 0.061074889251128965 0.0594787633455729 0.05939609000445351 0.0582212141509476 0.06417963612486466 0.055031834934906 0.0569811493230177 0.05593957351250515 0.06087962148390275 0.05035974239043679 0.07017437852290283 -9999 -9999 -9999 -9999 -9999 -9999 -9999 -9999 -9999 -9999 -9999
-9999 -9999 -9999 -9999 -9999 -9999 -9999 -9999 -9999 -9999 -9999 -9999 0.08286046474815008 0.12310940638969198 0.11128218732776143 0.024035289883613583 0.09663780934981624 0.07020373593412421 0.07109200739380359 0.04635802293312778 0.044250016426942006 0.04370214011225188 0.02890597246805039 0.047899461021142654 0.05260564735053955 0.06353911159859355 0.06229219083587971 0.05492847897923323 0.05103759110542397 0.0484396825395681 0.05077242633801584 0.050925918947257516 0.05226086856816492 0.05187640007413112 0.05346991903653886 0.05175031873124295 0.056188270794793035 0.058694178117224376 0.05074247176988445 0.0463784816282582 0.03580509074790625 -9999 -9999 -9999 -9999 -9999 -9999 -9999 -9999 -9999 -9999 -9999
-9999 -9999 -9999 -9999 -9999 -9999 -9999 -9999 -9999 -9999 -9999 0.13427033565881236 0.09894869573383687 0.11942137538877999 0.1244875985121538 0.12349846212598108 0.07111321873482951 0.05538897256561757 0.044719062156762086 0.05459888955927397 0.04733625046214476 0.04705299722308298 0.055003797491334064 0.05604385080411052 0.047980622250715865 0.06313789230921578 0.053146251994121686 0.06664829795969585 0.0437334048710951 0.050233238790810784 0.057107400960430585 0.043390737151175 0.0381397402164708 0.04571089874468641 0.045920519972951684 0.050648770546928214 0.04634284201216333 0.047889057276894166 0.04109634498713372 0.030712887907330382 -9999 -9999 -9999 -9999 -9999 -9999 -9999 -9999 -9999 -9999 -9999 -9999
-9999 -9999 -9999 -9999 -9999 -9999 -9999 -9999 -9999 -9999 0.1004927635850749 0.12074145314407042 0.1196683236635172 0.12359751836224366 0.1047991678198863 0.06439273192632519 0.042718247228277384 0.0467935628596396 0.06186313163098733 0.051215167059816415 0.03674751645177601 0.04431952891868562 0.05159274221629488 0.047577811890943685 0.047343877835852366 0.051685394167958594 0.0549456783198705 0.06321530243431392 0.05900291910486029 0.062447362759258725 0.06437146090758457 0.0390190137470841 0.04188481927358555 0.04583326260272288 0.04028814904551148 0.04868413060427504 0.042788858195059364 0.04811439271313296 0.03920741523912965 -9999 -9999 -9999 -9999 -9999 -9999 -9999 -9999 -9999 -9999 -9999 -9999 -9999
-9999 -9999 -9999 -9999 -9999 -9999 -9999 -9999 -9999 -9999 -9999 -9999 0.04327155649662018 0.07051135445684323 0.06316877449602 0.05435911591901732 0.04690295553720029 0.04903997419791181 0.0591807198038785 0.05187311296086845 0.046915143130751166 0.04724379170537569 0.06480888865407165 0.05526994030889763 0.061465752388130186 0.059951652711300624 0.06282991290884211 0.0569647534275629 0.0769666254052262 0.07030844529319373 0.07307986456806903 0.05950766825155061 0.050015973986469 0.04327201631491031 0.04391100054374409 0.04236569483158912 0.045054680880992536 0.034750541747127564 0.03469275176187637 0.02898474021176008 -9999 -9999 -9999 -9999 -9999 -9999 -9999 -9999 -9999 -9999 -9999 -9999
-9999 -9999 -9999 -9999 -9999 -9999 -9999 -9999 -9999 -9999 -9999 0.06518622838150166 0.0 0.059020898739322335 0.07679388957558858 0.043884927808374136 0.03851684474139523 0.03343635493964567 0.03273485558664736 0.04117025052468334 0.04184286414180529 0.042400274078821625 0.047749669007835685 0.0456005713149995 0.04046349444748236 0.042550431256521234 0.060656771979872987 0.05228832335113707 0.05475328352364387 0.04525371797505666 0.05982284406303389 0.038698240532662534 0.04277193014480887 0.043768127070751436 0.045001689544482186 0.03825779629156822 0.03785786514627524 0.030486545642348206 0.027908355215054033 -9999 -9999 -9999 -9999 -9999 -9999 -9999 -9999 -9999 -9999 -9999 -9999 -9999
-9999 -9999 -9999 -9999 -9999 0.07468108967165597 0.10417522131587012 0.09515327340198912 0.05871171233016631 0.09885054126860876 0.05844836872142176 0.061944388923276715 0.029991424147252237 0.044293220012910584 0.05408309051838888 0.05013910519154015 0.04067620369001782 0.035274480230342214 0.03564013202841234 0.0625633559110998 0.06753591360626113 0.062295324433406025 0.05842291037771211 0.046011161976110784 0.057544058867854415 0.04536634989694579 0.042363512254124186 0.04302579975152945 0.05359310345618105 0.04667359083928077 0.048700984094007305 0.037460147899046885 0.04700183367682447 0.04291104447885739 0.04073511103408459 0.031372505016524825 0.026169432532682498 0.02460722216890856 -9999 -9999 -9999 -9999 -9999 -9999 -9999 -9999 -9999 -9999 -9999 -9999 -9999 -9999
-9999 -9999 -9999 -9999 0.044816282911526915 0.08202731435170471 0.06888958310174623 0.05898674449601725 0.06528049921820911 0.09022399327360213 0.05101120632274976 0.04402465856970344 0.048839444676632544 0.05532102997519805 0.05188021724798004 0.08429600062474547 0.07604153097780424 0.0583227943337361 0.047958369094525125 0.05362085570805706 0.05078377670699353 0.05028709574792819 0.054205986673189065 0.04264480185517696 0.0458245126140864 0.04512641841072678 0.03931878570923978 0.04503581038089298 0.0488320864071552 0.04573608395590804 0.0465175208434872 0.04510632551540558 0.03726092510239614 0.0269664834202935 0.0022344663739204407 -9999 -9999 -9999 -9999 -9999 -9999 -9999 -9999 -9999 -9999 -9999 -9999 -9999 -9999 -9999 -9999 -9999
-9999 -9999 -9999 0.04170855584508685 0.0836529303694863 0.0 0.06915832806245475 0.05041194298810397 0.04663557643854435 0.09217624974626144 0.05008662371146008 0.06954939489721725 0.02841390845124367 0.05344871436854216 0.07716282501325028 0.0663635630391754 0.0535853645050998 0.05591887571224116 0.059636148330914976 0.05669686559362025 0.0679798157655614 0.039380861595127666 0.04998263435496119 0.056283897220996665 0.05539227739427141 0.05646512256787568 0.05009079162067818 0.05150807542829045 0.048401516211246214 0.04458376293814805 0.029299926833814282 -9999 -9999 -9999 -9999 -9999 -9999 -9999 -9999 -9999 -9999 -9999 -9999 -9999 -9999 -9999 -9999 -9999 -9999 -9999 -9999 -9999
-9999 -9999 -9999 0.049225149946703683 0.06964747093342959 0.049404894735354615 0.06613308067864188 0.05718426261004455 0.0463745382014543 0.04361858333687019 0.044190373879695134 0.030786491183389587 0.023113999714002808 0.03552970723346748 0.05208730716983333 0.07432110985569368 0.06203578751927352 0.05219738346169124 0.048978821781761564 0.08084237490712347 0.07699707850636635 0.040553296624712236 0.055046569012994914 0.06480078846036558 0.05643435834817734 0.06310526134873526 0.05164456705196128 0.03988731605851331 0.028354867253546086 -9999 -9999 -9999 -9999 -9999 -9999 -9999 -9999 -9999 -9999 -9999 -9999 -9999 -9999 -9999 -9999 -9999 -9999 -9999 -9999 -9999 -9999 -9999
-9999 -9999 -9999 0.09729370348018887 0.07998428542844288 0.027346407254744298 0.050392494062874826 0.04661561635012878 0.04261180075465243 0.052080723492880385 0.0415931425849093 0.055260314869452376 0.043039140659940966 0.045077983885262886 0.04243965367881906 0.04839867033435016 0.03624639000170096 0.06727376589716996 0.06578896168498333 0.08143668476544301 0.054994246191684235 0.051290394178055226 0.05996785738378476 0.061825385807902936 0.0619886459896374 0.04328983383472227 -9999 0.03124273083685544 -9999 -9999 -9999 -9999 -9999 -9999 -9999 -9999 -9999 -9999 -9999 -9999 -9999 -9999 -9999 -9999 -9999 -9999 -9999 -9999 -9999 -9999 -9999 -9999
-9999 -9999 -9999 0.04946136951021714 0.04328371556735722 0.051870448341627386 0.04995328804599719 0.07351401273108235 0.05482147584568372 0.08217734956965185 0.0611638246868797 0.0547822257745622 0.06284286003724235 0.06559874826094783 0.05565508373523356 0.07348105088581103 0.06090679077832711 0.07091132129539282 0.09664110427017494 0.08429475689384294 0.04485763406074197 0.03889462606038064 0.05157410764364038 0.04933332661625847 0.046814551505510206 0.03541319731356976 0.02359315750751062 -9999 -9999 -9999 -9999 -9999 -9999 -9999 -9999 -9999 -9999 -9999 -9999 -9999 -9999 -9999 -9999 -9999 -9999 -9999 -9999 -9999 -9999 -9999 -9999 -9999
-9999 -9999 -9999 -9999 0.03195566684007732 0.04778854942493594 0.07009694312650283 0.04989116383447288 0.04640803303740035 0.06907097907502786 0.058377104199272965 0.0581237976539992 0.07073868399165442 0.06833138744246711 0.055952792431105985 0.037726046582357835 0.03997471421088708 0.05807596552676199 0.06777665695290372 0.06522473571539329 0.06918587693612653 0.05032628999260056 0.06359989511345307 0.03549758292976003 -9999 -9999 -9999 -9999 -9999 -9999 -9999 -9999 -9999 -9999 -9999 -9999 -9999 -9999 -9999 -9999 -9999 -9999 -9999 -9999 -9999 -9999 -9999 -9999 -9999 -9999 -9999 -9999
-9999 -9999 -9999 -9999 0.0411540901573005 0.052117958649612856 0.07994600188329366 0.050778920085453684 0.07723666910361109 0.059628899114568784 0.06435263385319745 0.07028426571775524 0.06858456018411774 0.07314178683749131 0.06954352938267687 0.057190038125743636 0.05641343323847391 0.057662654241395564 0.058289838762564626 0.0600167527142368 0.057453787971334276 0.050951234623559626 0.03977229531273845 0.026939261320155082 0.024812860214563 -9999 -9999 -9999 -9999 -9999 -9999 -9999 -9999 -9999 -9999 -9999 -9999 -9999 -9999 -9999 -9999 -9999 -9999 -9999 -9999 -9999 -9999 -9999 -9999 -9999 -9999 -9999
