metrics/grid_rasters/CCI Combined/grideval_CCI Combined_X_fall_2018_absolute_bias.asc
ncols 52
nrows 55
xllcorner     11.25
yllcorner     55.25
cellsize      0.25
NODATA_value  -9999
[rows 0 to 27 of 55, columns 0 to 51 of 52]
-9999 -9999 -9999 -9999 -9999 -9999 -9999 -9999 -9999 -9999 -9999 -9999 -9999 -9999 -9999 -9999 -9999 -9999 -9999 -9999 -9999 -9999 -9999 -9999 -9999 -9999 -9999 -9999 -9999 -9999 -9999 -9999 -9999 -9999 -9999 -9999 0.14484598274741856 0.12306259572505952 0.08801866559819742 -9999 -9999 -9999 -9999 -9999 -9999 -9999 -9999 -9999 -9999 -9999 -9999 -9999
-9999 -9999 -9999 -9999 -9999 -9999 -9999 -9999 -9999 -9999 -9999 -9999 -9999 -9999 -9999 -9999 -9999 -9999 -9999 -9999 -9999 -9999 -9999 -9999 -9999 -9999 -9999 -9999 -9999 -9999 -9999 -9999 -9999 -9999 -9999 -9999 0.19011972784996034 0.15512663609272725 0.15680669973025452 0.13144392137591904 0.07938407478379267 0.06225165925346887 -9999 -9999 -9999 -9999 -9999 -9999 -9999 -9999 -9999 -9999
-9999 -9999 -9999 -9999 -9999 -9999 -9999 -9999 -9999 -9999 -9999 -9999 -9999 -9999 -9999 -9999 -9999 -9999 -9999 -9999 -9999 -9999 -9999 -9999 -9999 -9999 -9999 0.1565284610822283 0.12662532561355164 0.03543036182721454 0.05260720390539903 0.08279574803403905 0.08283116789751277 0.08024771906891648 -9999 0.09724929066080797 0.1414357915259244 0.14685148325833408 0.07476222406734118 0.05877252309410658 0.05576956834433211 0.05914259775012149 0.05365351259708406 0.0562356635928154 0.053366416394710514 0.04573760305841762 -9999 -9999 -9999 -9999 -9999 -9999
-9999 -9999 -9999 -9999 -9999 -9999 -9999 -9999 -9999 -9999 -9999 -9999 -9999 -9999 -9999 -9999 -9999 -9999 -9999 -9999 -9999 -9999 -9999 -9999 -9999 -9999 -9999 0.1928342543542385 0.20728495636501826 0.15639838576316833 0.15891280919313433 0.20013419787089032 0.14221357243756455 0.06137106778486717 0.05701387487351895 0.06467844439404352 0.06275965679775586 0.0564031593109432 0.057339654418460125 0.0625091571852846 0.061119178119970814 0.058161112458206876 0.06898307508748508 0.06769393960183318 0.05863607912621599 0.056826201470001884 0.0585204886065589 0.0073184350674802565 -9999 -9999 -9999 -9999
-9999 -9999 -9999 -9999 -9999 -9999 -9999 -9999 -9999 -9999 -9999 -9999 -9999 -9999 -9999 -9999 -9999 -9999 -9999 -9999 -9999 -9999 0.17680247210794026 0.16323323065743728 0.15671799234721973 0.11456108167767524 0.19344143782343184 0.1931388944387436 0.1676543537113402 0.16300577351025175 0.1603529353936513 0.15957807955589698 0.1316944685052423 0.045344243542506164 0.05294347259233584 0.04885563451164171 0.054635686975605065 0.0582683539512206 0.054701874032616615 0.05892940934585489 0.05611898919398134 0.05375345119021155 0.06760547743287199 0.06531209169432173 0.0573107104661853 0.048106618225574486 0.055711846121332835 0.05373509724934894 0.025570066815072845 -9999 -9999 -9999
-9999 -9999 -9999 -9999 -9999 -9999 -9999 -9999 -9999 -9999 -9999 -9999 -9999 -9999 -9999 -9999 -9999 -9999 -9999 -9999 -9999 0.17910024345810732 0.12153440713882445 0.15585397057076714 0.12266614307195713 0.12382621149862966 0.1420959894146238 0.13348691165447235 0.20585834636138034 0.16879478096961975 0.1506775799004928 0.10447252376212013 0.08912215659431383 0.06050194570651421 0.04883275110766572 0.05233380578312219 0.05156185580234901 0.0501302600554798 0.053409986694653855 0.05504773623413512 0.057155693796547995 0.06093484468080779 0.06015027314424515 0.05335811383667444 0.044993796572089184 0.04275671011064108 0.04326275788074319 0.03868364386780315 0.003694617817568247 -9999 -9999 -9999
-9999 -9999 -9999 -9999 -9999 -9999 -9999 -9999 -9999 -9999 -9999 -9999 -9999 -9999 -9999 -9999 -9999 -9999 -9999 -9999 0.16603786041659696 0.15435127794742587 0.1694518088601356 0.1583496586364858 0.20806148151556653 0.18197803099950155 0.1972295190057447 0.1873598312959075 0.15601103603839872 0.14254060351267095 0.12468162551522255 0.07319918976110573 0.06521049588918687 0.06103418159241581 0.05252232402563095 0.04814786891987982 0.04677761130862765 0.046483730389313284 0.043207507241855965 0.04700853303074837 0.051753488453951724 0.049596166681675664 0.04480308730427812 0.036805203086451486 0.03644122450779647 0.036351140588521964 0.03212986777468427 0.022698636509870224 -0.005470775067806244 0.014720211235376509 -9999 -9999
-9999 -9999 -9999 -9999 -9999 -9999 -9999 -9999 -9999 -9999 -9999 -9999 -9999 -9999 -9999 -9999 -9999 -9999 -9999 -9999 -9999 0.1732253022491932 0.19762849337176275 0.19182623795100626 0.1930587879485554 0.1932912232672296 0.17256387919187546 0.12161165753076242 0.052239935065424736 0.07849483065148616 0.13715984561341876 0.06568182909742315 0.05400255521138509 0.033569711659635786 0.058815961872989486 0.06851230256936769 0.05981947921893816 0.0572296124558116 0.04752822468678156 0.04504543542861938 0.04565089613926121 0.043479466065764416 0.040906612466021286 0.022201838653262057 0.037251982747054685 0.02865270467904898 0.03630077000707388 0.028688041433211294 -0.003009325159447545 -9999 -9999 -9999
-9999 -9999 -9999 -9999 -9999 -9999 -9999 -9999 -9999 -9999 -9999 -9999 -9999 -9999 -9999 -9999 -9999 -9999 -9999 0.1464246971451718 0.1574877570284174 0.15606987902096342 0.12428421154618265 0.17051759362220764 0.12380679164613995 0.04217722732573748 0.05166307943207876 0.060854693760677266 0.05773698827441859 0.05189927977820236 0.04454031935397612 0.0420353021039519 0.0433970427229291 0.016713059196869526 0.04362034939584278 0.0442813232887623 0.04455602523826418 0.04158121456460254 0.03408159762620927 0.037834717333316815 0.041406923905014985 0.040252219613005485 0.023810266738846172 0.03191810566931963 0.02642171597108245 0.028448499273508787 0.004603481789429986 -0.007450180252393079 0.030114351106541513 0.018167642354965208 0.031752703281549305 -9999
-9999 -9999 -9999 -9999 -9999 -9999 -9999 -9999 -9999 -9999 -9999 -9999 -9999 -9999 -9999 -9999 -9999 -9999 0.16023944215527894 0.1530213200383716 0.1592361517250538 0.13642765192881873 0.04223204297678812 0.007789913564920425 0.039505014419555666 0.03821580587549411 0.03611410409212112 -0.00815700905190575 0.02988575216458766 0.015617462721737975 0.04122322085111035 0.041726569996939744 0.048266115071980864 0.008560195565223694 0.03771441920501431 0.03129552618453377 0.027878016233444214 0.023258597776293743 0.0206563662737608 0.03333198685537686 0.031753486530347284 0.02532427740651508 -0.0009164876408047084 0.0251734098701766 0.024010020143845512 0.02870555414307502 0.010560220976670587 0.005127047156465475 0.014959950248400385 0.02416921976734609 0.030306391417980194 -9999
-9999 -9999 -9999 -9999 -9999 -9999 -9999 -9999 -9999 -9999 -9999 -9999 -9999 -9999 -9999 -9999 -9999 0.15578731728924644 0.15648352382359682 0.104048860199908 0.05065239082883905 0.039849894967946164 0.04672594155584064 0.035958391372804266 0.035081830559944634 0.026147748878661614 0.03063513750725605 0.03375288431948803 0.036582947708666325 0.04227919845531386 0.04051828218830955 0.030838625298606037 0.03200308622225473 0.023734672438530696 0.011356741935014736 0.000594140961766243 0.01788715785369277 0.012862236662344512 0.025995967063036838 0.02014607149693701 0.016853204450091808 0.01968158167951248 0.002990026329014739 0.019407524130283262 0.027326995134353632 0.04164596256755648 0.0411368523325239 0.02980371448728775 0.013988931973775235 0.014247999919785396 -9999 -9999
-9999 -9999 -9999 -9999 -9999 -9999 -9999 -9999 -9999 -9999 -9999 -9999 -9999 0.12673271954059598 0.13908714542583545 0.15075699376816654 0.15664836168289187 0.15788158774375916 0.17447605303355626 0.15283437130542904 0.1328372359275818 0.05846374005079269 -0.0003300506783568413 0.03715457783804999 0.03528858721256256 0.02764800919426813 0.016549888188424317 0.029924179342660062 0.007894514636559935 0.03341205380856993 0.034101512871290485 0.027105005163895468 0.018177889086104737 0.003773498038450868 0.005414807508068692 0.002885991086562484 0.012537393130754164 0.00913653978043133 0.014347147699948909 0.021511387668157883 0.020140716904088057 0.016613049726737158 0.014937770994086025 0.009230578557038932 0.01539555601775647 0.03329489060810634 0.039655208232856926 0.037547945004442466 0.028900743502637605 0.013200555928051472 0.027771814726293087 -9999
-9999 -9999 -9999 -9999 -9999 -9999 -9999 -9999 -9999 -9999 -9999 -9999 -9999 0.15595206301263034 0.13308376132273209 0.0763482226515716 0.029142387725155924 0.03651494823269924 0.054545856128304704 0.09313578296590737 0.04591244086623192 0.04361162382237455 0.02414989471435547 0.004542856022369035 0.017527687278660886 0.029531426727771763 0.012234144285321241 0.025079362922244608 0.018341434774575418 0.0056004816735232285 0.008758878266369868 0.011092817893734673 0.010162267833948135 0.004559881214437817 0.003534819329938571 0.004755153800501954 0.01739828772842883 0.017391804233193392 0.014336906000971787 0.014716015412257257 0.01646723197056696 0.0115281401610956 0.011791872126715536 0.024625409571897402 0.015364803728603188 0.013371863890261876 0.00808671329702651 0.015633226505347653 0.017287087227616987 0.0205249303863162 0.02451628910170661 0.07510078681839838
-9999 -9999 -9999 -9999 -9999 -9999 -9999 -9999 -9999 -9999 -9999 -9999 -9999 0.13580593826441928 0.05819581136588125 0.044958459479468194 0.03998156199379571 0.03234023240304762 0.019353771795992014 0.026528967781500382 0.032949255572425014 -0.02007197224816609 0.031651943176984776 0.034302755826857045 0.02770641140448743 0.02447586607288671 0.03228103893774525 -9999 0.020823831911440244 0.012850583627306178 0.01004533007227143 0.010132380823294318 0.012700367967287712 0.015493256778552622 0.009841665128866832 0.004140540957450868 0.0034079613054499853 0.01783894126613936 0.020899601919310427 0.016850447228976658 0.005337434443267619 0.01719544803509948 0.02349144242265644 0.015075497110100368 -9999 -9999 -9999 -9999 -9999 -9999 -9999 -9999
-9999 -9999 -9999 -9999 -9999 -9999 -9999 -9999 -9999 -9999 -9999 -9999 -9999 0.07323939057569656 0.043722167130439527 0.03929674185690335 0.02232466191053389 0.0180676924554925 0.03013999380848625 0.027924694459546703 0.05095076357776468 0.03671655197476231 -0.014226073568517515 0.015335632222039375 0.012916663597370035 0.02615562286870232 0.029916979115584774 0.020031362771987915 0.025809417510854776 0.010498576859633124 0.011200593318790196 0.009838199423205464 0.013267845908800755 0.014703119794527682 0.008614070487744874 0.00612302756670749 0.004887358631406519 0.002833161609513413 0.004377362557819925 0.012792681654294341 0.000293276376194418 -9999 -9999 -9999 -9999 -9999 -9999 -9999 -9999 -9999 -9999 -9999
-9999 -9999 -9999 -9999 -9999 -9999 -9999 -9999 -9999 -9999 -9999 -9999 0.1539415673297994 0.08356177200705317 0.05795939797061982 0.00278635157479179 0.0296011508024972 0.03298447999087245 0.025000234343567684 0.04154483844404633 0.04640451996099382 0.04304022067471552 0.036823955674966165 0.027349798168454842 0.0216828485329946 0.0038465945159687756 -0.0041644577350881395 -0.007580182439572092 0.005948642621169231 0.017021222999601654 0.016528706877462333 0.014015946756390951 0.017880860496969797 0.011491741027150835 0.007621770834221553 0.0031147262879780424 0.002427068778446756 -0.0006606357567238152 0.007342207957716562 -0.0013368703863199938 0.0037580456803826814 -9999 -9999 -9999 -9999 -9999 -9999 -9999 -9999 -9999 -9999 -9999
-9999 -9999 -9999 -9999 -9999 -9999 -9999 -9999 -9999 -9999 -9999 0.04195103342415857 0.079763137435509 0.09663460820408193 0.09627750717987447 0.03057694905682612 0.030495663285255437 0.03387532748428046 0.024368152320384973 0.04920396852222359 0.04256826239388162 0.03276382654141158 0.01597460798728162 0.00906790269387736 0.025046466170130538 0.00737189019427581 0.02172570871679405 0.01570598388973035 0.03251094331866816 0.018066369570218597 0.008975929335543975 0.018953939017496615 0.023095202289129563 0.0060162978512900145 0.015871198300053097 0.004788744098999932 0.001178361676834716 -0.0066396483244040025 -0.006098953516859768 -0.013909846958186894 -9999 -9999 -9999 -9999 -9999 -9999 -9999 -9999 -9999 -9999 -9999 -9999
-9999 -9999 -9999 -9999 -9999 -9999 -9999 -9999 -9999 -9999 0.034796174051183626 0.030592792667448517 0.02670678218542521 0.022035252368241 0.02967092953622341 0.02548698679758954 0.03640367266009836 0.043776642680168176 0.01852734254466165 0.01676176349784053 0.04127625413239 0.04143683103526513 0.02077846374453568 0.015548813715577146 0.01896574975628601 0.012884730845689779 0.015343521650020897 0.014102551105775326 0.010140988875079804 -0.005651722475886356 -0.01827151367538854 0.0184655636548996 0.011049217066249341 -0.002079176819986761 -0.0014621267716089792 -0.010366011310268096 -0.004844060069636308 -0.0092009987682104 -0.014754022515955425 -9999 -9999 -9999 -9999 -9999 -9999 -9999 -9999 -9999 -9999 -9999 -9999 -9999
-9999 -9999 -9999 -9999 -9999 -9999 -9999 -9999 -9999 -9999 -9999 -9999 0.08097662859492832 0.021067452503413686 0.021058239638805376 0.02246170728764635 0.027448511936447817 0.020514672849236467 -0.0017491650174964455 0.00815987363457682 0.017700208351016045 0.018084739039583908 0.006805846733706322 0.01983752361563751 0.01913361854496456 0.011020605053220472 0.0035691268222276533 -0.0045036121525547645 -0.01960365895343863 -0.023053782623867647 -0.014306850904642147 0.0017838347248914645 0.004686676981774246 0.0012846171129040627 -0.004027212428492161 -0.012833366001194169 -0.014066985249519355 -0.005347931577313336 -0.023504192866976303 -0.027094622292826248 -9999 -9999 -9999 -9999 -9999 -9999 -9999 -9999 -9999 -9999 -9999 -9999
-9999 -9999 -9999 -9999 -9999 -9999 -9999 -9999 -9999 -9999 -9999 0.08662904441356661 0.012771520763635635 0.03765874326229096 -0.002353861927986145 0.02253132826752136 0.02220169472985151 0.017215800358027944 0.01823900356179192 0.0180005178683334 0.017583707720041253 0.02531024085150824 0.019260750876532676 0.018789904978540217 0.023693871498107918 0.017440631661726075 -0.0068696879960120924 0.00703664653831057 0.0017155445284313675 0.008838428692384187 -0.00019845852385397267 0.012100526131689548 0.005103701482648436 0.0010780439428661193 -0.008536663348391899 -0.009968847502022982 -0.02220382667504825 -0.005063638323917985 -0.012709421836412882 -9999 -9999 -9999 -9999 -9999 -9999 -9999 -9999 -9999 -9999 -9999 -9999 -9999
-9999 -9999 -9999 -9999 -9999 0.10338281816051853 0.02539505483582616 0.06715412902050333 0.0872713688172792 0.1069569430261288 0.08623159180084866 0.0316717006886999 0.022853775457902403 0.022554422107835592 0.002821291380740221 -0.0006860672779705201 -0.008349680652221053 0.02103998139500618 0.017860432003819676 -0.00038712250219807837 0.003485696096169333 0.006885184661338195 0.014630669433819632 0.03129285534745768 -0.004713982725754767 -0.005396217107772827 -0.0013290332711261288 0.0010160525207934257 0.004897705589731544 0.013520505051223595 0.011410378217697135 0.010283779279858464 0.0012242724337885589 -0.0017552612319825245 -0.006495754633631029 0.008478716252342117 0.006697806529700756 0.003734542056918144 -9999 -9999 -9999 -9999 -9999 -9999 -9999 -9999 -9999 -9999 -9999 -9999 -9999 -9999
-9999 -9999 -9999 -9999 0.0656080338690016 0.11132316788037616 0.11148192248647176 0.01872055800188155 0.012522715233987404 0.008559441414930036 0.005590149760246299 0.014051565406273836 0.0026741669494278475 -0.005399228073656559 -0.009303316473960876 -0.03693944361151719 -0.02743288365806021 -0.016670657491142105 -0.006940759545148807 -0.003702779723839339 0.0006701077552551947 0.0007290256520112447 0.0006354007384051508 0.009906728731261359 0.002893882041627716 0.003914645591447524 0.01525975200865004 0.012569879181683064 0.011291722557982609 0.016614461844822154 0.0068134896216854035 0.008899504863298852 0.00489662810048061 -0.005420277799878803 -0.02426512241363526 -9999 -9999 -9999 -9999 -9999 -9999 -9999 -9999 -9999 -9999 -9999 -9999 -9999 -9999 -9999 -9999 -9999
-9999 -9999 -9999 0.13629757514539753 0.06997728592059649 0.02460168964333004 0.11811463534832 0.029414056190128986 0.02128098677780671 0.008341837674379349 0.010221426779369158 0.021155220270156868 0.028736454306864282 -0.00014528632164001465 -0.028538463074107512 -0.025056270616395118 -0.012215758478918731 -0.015770288747410433 -0.026529911645623128 -0.024022466757080783 -0.034694820021589606 0.005306887182783576 0.003692251940568298 -0.004346252121823907 -0.016569354260961202 -0.012111350893974304 -6.804863611856171e-05 0.0009764340417138527 -0.003961997372763509 -0.008068070025511187 -0.0018725092981902727 -9999 -9999 -9999 -9999 -9999 -9999 -9999 -9999 -9999 -9999 -9999 -9999 -9999 -9999 -9999 -9999 -9999 -9999 -9999 -9999 -9999
-9999 -9999 -9999 0.14981237994997126 0.1551884909470876 0.1031358679946588 0.07055813805112299 0.08071055769920349 0.09156396027122228 0.02575076933492693 0.009956808439616494 0.02369661576915205 0.019912659608084585 0.015221021771430974 -0.00846863817423582 -0.014098252521620863 -0.004021235330160272 -0.0063134262507612005 -0.005921654923017633 -0.02882276925929758 -0.027792664973632145 0.0022383230797787808 -0.005161679488547315 -0.009734170511364935 0.00372043251991272 0.009273318683399869 -1.0746563303049015e-05 -0.011090484612128304 -0.023197458722652525 -9999 -9999 -9999 -9999 -9999 -9999 -9999 -9999 -9999 -9999 -9999 -9999 -9999 -9999 -9999 -9999 -9999 -9999 -9999 -9999 -9999 -9999 -9999
-9999 -9999 -9999 0.14123602120243772 0.13948720879852772 0.13631701396732798 0.10968030989170073 0.05491317201543738 0.04295782425573896 0.027511083360376054 0.003934796331292512 -0.006967732948916311 0.026241916147145355 0.035094080530867294 0.01718448458806329 0.0008108290758999936 0.008509622643823211 -0.0126261462767919 -0.020862979983741592 -0.0380430430173874 -0.014731546243031829 -0.007704276177618236 -0.02231044845378144 -0.029090110523005336 -0.024941088593735974 -0.014009900391101835 -9999 -0.021517245193659246 -9999 -9999 -9999 -9999 -9999 -9999 -9999 -9999 -9999 -9999 -9999 -9999 -9999 -9999 -9999 -9999 -9999 -9999 -9999 -9999 -9999 -9999 -9999 -9999
-9999 -9999 -9999 0.13797550201416015 0.13732875916692944 0.14398507718686704 0.14911969808431774 0.1256011976645543 0.07939181051083971 -0.009634544008544521 -0.007633920691230089 -0.0028802327190836363 -0.0034332676066292644 -0.010598656275997986 -0.004422977930161998 -0.017065724865956727 -0.00895684618841519 -0.01735290918085311 -0.048620741566022224 -0.039009391599231315 0.005182248418745789 0.00896052089002397 -0.009215690195560457 -0.0029745817184448358 -0.004100572121770757 -0.0037906402960801717 -0.004176813967620263 -9999 -9999 -9999 -9999 -9999 -9999 -9999 -9999 -9999 -9999 -9999 -9999 -9999 -9999 -9999 -9999 -9999 -9999 -9999 -9999 -9999 -9999 -9999 -9999 -9999
-9999 -9999 -9999 -9999 0.09508422679371303 0.033537278488530935 -0.0037802528097944377 -0.0011779006432603991 -0.0015221785467404716 -0.01726703801933599 -0.0043767479793080655 -0.013275713970263808 -0.009059055745601645 -0.013608214806537232 -0.0007965728348376666 0.01101983934640885 0.002383469857952819 -0.024440851594720564 -0.035133139789104456 -0.03296983546831392 -0.03603637284702724 -0.015406104028224954 -0.03956644689398153 -0.009397232731183371 -9999 -9999 -9999 -9999 -9999 -9999 -9999 -9999 -9999 -9999 -9999 -9999 -9999 -9999 -9999 -9999 -9999 -9999 -9999 -9999 -9999 -9999 -9999 -9999 -9999 -9999 -9999 -9999
-9999 -9999 -9999 -9999 0.13168605606434708 0.03661814257502555 -0.01579385449488957 -0.008960270251219093 -0.025983127355575564 -0.017812691628932953 -0.0009691397157999273 0.007178667490765206 0.00273251764733215 -0.012417460126536243 -0.023832342865174272 -0.02170414144688465 -0.024824597114740412 -0.027683445880579388 -0.02773713355972654 -0.03287367637340838 -0.036389389690363184 -0.03765122509664959 -0.03086664695893565 -0.022734880224982296 -0.008760940990870521 -9999 -9999 -9999 -9999 -9999 -9999 -9999 -9999 -9999 -9999 -9999 -9999 -9999 -9999 -9999 -9999 -9999 -9999 -9999 -9999 -9999 -9999 -9999 -9999 -9999 -9999 -9999
