metrics/grid_rasters/CCI Combined/grideval_CCI Combined_Y_2016_absolute_bias.asc
ncols 52
nrows 55
xllcorner     11.25
yllcorner     55.25
cellsize      0.25
NODATA_value  -9999
[rows 0 to 27 of 55, columns 0 to 51 of 52]
-9999 -9999 -9999 -9999 -9999 -9999 -9999 -9999 -9999 -9999 -9999 -9999 -9999 -9999 -9999 -9999 -9999 -9999 -9999 -9999 -9999 -9999 -9999 -9999 -9999 -9999 -9999 -9999 -9999 -9999 -9999 -9999 -9999 -9999 -9999 -9999 0.16547419165456018 0.1341092028355194 0.068512452741464 -9999 -9999 -9999 -9999 -9999 -9999 -9999 -9999 -9999 -9999 -9999 -9999 -9999
-9999 -9999 -9999 -9999 -9999 -9999 -9999 -9999 -9999 -9999 -9999 -9999 -9999 -9999 -9999 -9999 -9999 -9999 -9999 -9999 -9999 -9999 -9999 -9999 -9999 -9999 -9999 -9999 -9999 -9999 -9999 -9999 -9999 -9999 -9999 -9999 0.18310806174308825 0.14146315589033326 0.14223324810636456 0.11211262591953937 0.05229039528187674 0.02605400866345514 -9999 -9999 -9999 -9999 -9999 -9999 -9999 -9999 -9999 -9999
-9999 -9999 -9999 -9999 -9999 -9999 -9999 -9999 -9999 -9999 -9999 -9999 -9999 -9999 -9999 -9999 -9999 -9999 -9999 -9999 -9999 -9999 -9999 -9999 -9999 -9999 -9999 0.16750064711629248 0.13963216039780024 0.06441345438361168 0.05762091160610022 0.0901898473095732 0.08255537671427571 0.07434054067382567 -9999 0.07317139870590632 0.1205188473801554 0.12523076143115758 0.040800626355188885 0.022261913426174118 0.01796470249291532 0.02000668002459816 0.014749254259837474 0.020232366847580896 0.015283619792296975 0.011031000607315156 -9999 -9999 -9999 -9999 -9999 -9999
-9999 -9999 -9999 -9999 -9999 -9999 -9999 -9999 -9999 -9999 -9999 -9999 -9999 -9999 -9999 -9999 -9999 -9999 -9999 -9999 -9999 -9999 -9999 -9999 -9999 -9999 -9999 0.20951349206649472 0.21656452316571684 0.1809397229740212 0.1900936661783708 0.19580381718657966 0.1361754928149429 0.046416163076589134 0.0357904474676391 0.031191510503942314 0.026229142178507414 0.020056916235466682 0.018992603169700303 0.0259636391339631 0.02239298544867191 0.02326820987737044 0.025915246736796627 0.02943730251542453 0.023105253487132327 0.021970525557218627 0.02371733661654385 0.016298292956737237 -9999 -9999 -9999 -9999
-9999 -9999 -9999 -9999 -9999 -9999 -9999 -9999 -9999 -9999 -9999 -9999 -9999 -9999 -9999 -9999 -9999 -9999 -9999 -9999 -9999 -9999 0.181042094859812 0.1661180538593689 0.15871536073746614 0.12977136998143912 0.20385999156944995 0.20570556355847253 0.19335543203587624 0.18383072757202645 0.17711305642916153 0.1501570082245729 0.12431225770866715 0.03459716782828043 0.027889614913361227 0.018960848986031783 0.023837419716935426 0.028698535065430464 0.0260296824867326 0.02819819403866125 0.02632641128131319 0.01916807583400182 0.025215491823766426 0.030738423153155118 0.03020231321192624 0.024254101091588043 0.027590637256999232 0.026791300041129784 0.03225545666930152 -9999 -9999 -9999
-9999 -9999 -9999 -9999 -9999 -9999 -9999 -9999 -9999 -9999 -9999 -9999 -9999 -9999 -9999 -9999 -9999 -9999 -9999 -9999 -9999 0.17938159964978695 0.18160413205623627 0.16230312027508698 0.1227945314420687 0.13319053391615548 0.15457721704604646 0.14858022770460916 0.203661333338744 0.1705438760019118 0.14420261741823456 0.11032939491836168 0.08212491139105171 0.03309739697724578 0.018593136221170425 0.018157457547074932 0.017218740722712345 0.01709921326902175 0.022559549919394573 0.02620753468098963 0.02767869644919357 0.02761996173384512 0.026376886027199897 0.023665437563544226 0.0229989299054682 0.01726968035553439 0.017293829834315818 0.01710663147178698 0.02370764870451103 -9999 -9999 -9999
-9999 -9999 -9999 -9999 -9999 -9999 -9999 -9999 -9999 -9999 -9999 -9999 -9999 -9999 -9999 -9999 -9999 -9999 -9999 -9999 0.17457631521526426 0.15953438431024553 0.1710661979335727 0.1796836521890428 0.20883063345578068 0.1964740116681372 0.20749565476880355 0.18640255884847776 0.14705415380081072 0.12779115110833122 0.09780844840172093 0.0391864155419171 0.03604776824113004 0.02626655719898363 0.01739557096619665 0.018587665232412683 0.013594373694958141 0.01391263180468455 0.012320253614223342 0.018047853675951464 0.02257885038852692 0.02297899468117448 0.01664261849014304 0.01143497144803407 0.011228277909089313 0.009351185112266071 0.00762120064026045 0.005650007651627431 0.01827987007898829 0.018019939224197427 -9999 -9999
-9999 -9999 -9999 -9999 -9999 -9999 -9999 -9999 -9999 -9999 -9999 -9999 -9999 -9999 -9999 -9999 -9999 -9999 -9999 -9999 -9999 0.2015262074195422 0.20416958620471334 0.18605315685272214 0.18987257054873874 0.19057518243789676 0.16665488726167538 0.1209806164739825 0.03963364670946173 0.046115375657876316 0.10427378834068002 0.036698405845807136 0.02998323529595281 0.02060974823931855 0.02784301972750464 0.031969640269336914 0.025573786257243717 0.01998849321495405 0.0177701722426587 0.021139640250854963 0.01984614669205897 0.01957395009514762 0.014641755157046852 0.012584093049532008 0.009506433479713694 0.008450349202243301 0.006981576021933389 0.00267387276527864 0.014869376510178944 -9999 -9999 -9999
-9999 -9999 -9999 -9999 -9999 -9999 -9999 -9999 -9999 -9999 -9999 -9999 -9999 -9999 -9999 -9999 -9999 -9999 -9999 0.14873806228560787 0.14635054980005535 0.14806553741034706 0.1370887592798326 0.16032219231128692 0.12351581975817685 0.028036876064207798 0.030205270275473595 0.02928797012730822 0.02255827735881416 0.019631817525830764 0.017051688924029085 0.017730001408558405 0.017749046004793156 0.002482280452200725 0.017662767675660884 0.019097938424064983 0.018090825505599317 0.014233442237882919 0.0093173261095838 0.01010323610202768 0.012009643990060548 0.01327145118036388 0.014358983540827487 0.009039675816893578 0.006311710109773827 0.0041129630527749214 0.011583912692614051 0.01822395122691289 0.0014718241275173405 0.01459984512816015 0.01614880520147044 -9999
-9999 -9999 -9999 -9999 -9999 -9999 -9999 -9999 -9999 -9999 -9999 -9999 -9999 -9999 -9999 -9999 -9999 -9999 0.17156148257375764 0.14970005965316213 0.14515449569143096 0.1263222499688466 0.046757361266465285 0.006256564924147279 0.024590908686319968 0.017294980279386862 0.0071813603927349265 -0.010678839628343234 -0.0022707053770621433 0.00556596174188284 0.012639255237740454 0.01904748457592803 0.02186126876622441 0.009106429967474405 0.012927110692498023 0.011524186499657195 0.00962171967648251 0.010057496343865824 0.0055697946636765186 0.006159894444324354 0.0053366615165094675 0.004291654098778963 -0.004092772169546621 0.016885707080364243 0.01823972451765804 0.006680699768445375 0.016538219514235952 0.015745777538732464 0.010642662448318407 0.008424661140288059 0.013517128793816837 -9999
-9999 -9999 -9999 -9999 -9999 -9999 -9999 -9999 -9999 -9999 -9999 -9999 -9999 -9999 -9999 -9999 -9999 0.17507216884539678 0.17572244841318865 0.09941306912980112 0.033877020378907496 0.02352069358030956 0.015870378309527755 0.009223627944787316 0.006403346420139899 0.001421889277542554 0.0033015471002826873 0.005806972376174391 0.003950050534450854 0.006950948790118483 0.009517449160550251 0.004250405936051693 0.0061442889029683645 0.006564479766401843 0.004107069701720535 0.0007265295732665766 0.0018933382410331048 -0.006795933639461349 0.006079823268871576 0.005910329807263136 0.0032590478658676147 0.0017815421024958145 0.0055875350642048405 0.00611524876111591 0.007856959370291183 0.010286870226264013 0.012273996704962207 0.015563878024409616 0.012268936205766856 0.007576773654330848 -9999 -9999
-9999 -9999 -9999 -9999 -9999 -9999 -9999 -9999 -9999 -9999 -9999 -9999 -9999 0.11687548542526405 0.12163971238572835 0.13466624101848468 0.1397191857826625 0.1447282465440886 0.17162402156200118 0.1401927380942974 0.12805689475974258 0.0427635085458557 0.0007918421564431233 0.0069531387545996295 0.007058452326675956 0.004397820047780776 -0.008196087906489513 0.0034960329532623398 -0.0023809386738415372 0.006168538270747814 0.0094965987310216 0.006264295578002954 0.0033470379226159808 -0.0013646969011613663 0.0008469354986344603 5.5381315666569446e-05 -0.0007402918736140185 -0.004212694292938385 0.0015823202045171794 0.005119451919928297 0.0037573734853441343 0.0032324261025877266 0.005426377847494668 0.003671575362319213 0.0022853967782698052 0.0045651050369723825 0.010263509317940343 0.010494751589638862 0.01397966151667196 0.008513896271239885 0.019860321143914398 -9999
-9999 -9999 -9999 -9999 -9999 -9999 -9999 -9999 -9999 -9999 -9999 -9999 -9999 0.13634299560331964 0.11541078715688652 0.06163745736213105 0.013867148427994249 0.017719410407927738 0.03531135051481188 0.07580800344412393 0.02000447876147321 0.014847173164152128 0.0012516109716324553 0.0004675507338510743 0.005696583688259149 0.0021568597579488813 -0.014895417455102313 -0.0007292375880844638 -0.005844594104915668 -0.000720628204136875 0.0025457747499732513 0.006266464717196718 0.007873152868008937 0.002510714593907476 0.0024611998924473077 0.0018336347713591996 0.004494625404014353 0.0032821834823231755 -0.0009046689323757018 -0.0003648643813482233 0.0034234572848873823 0.0009778042926507913 0.00030371187364353064 -0.0010350119997883378 -0.00679357802229269 -0.0032885493097191128 -0.002498609019301795 0.005782601043317431 0.006406490767703332 0.006707633593503182 0.006571725010871886 0.052176639174713824
-9999 -9999 -9999 -9999 -9999 -9999 -9999 -9999 -9999 -9999 -9999 -9999 -9999 0.1078798574170256 0.025212806276977084 0.011633662834311996 0.00869891038335907 -0.002185958050052561 -0.00857376316801095 0.002086017508896032 0.0012054913002869096 -0.009891982908759813 0.0023230331284659345 0.010739854286456909 0.013077596658902456 0.009074272106814885 0.006531509053375961 -9999 -0.0011692938062694556 0.0006610148939593108 0.0019764800523889288 0.003401802428837475 0.005863172077649359 0.006198100390888417 0.003029292801747463 -0.0008950545029206836 -0.002246208295419605 0.002412327589132845 0.0036709784711681788 -0.00086602371141134 -0.008131972330059106 -0.0060597611060414225 -0.00710403574771018 -0.013811490493803176 -9999 -9999 -9999 -9999 -9999 -9999 -9999 -9999
-9999 -9999 -9999 -9999 -9999 -9999 -9999 -9999 -9999 -9999 -9999 -9999 -9999 0.03602188788354399 0.014243428481788169 0.009363138366763168 -0.0066973171196877965 -0.013108100837621928 -0.00662351531140945 0.004039121306922354 0.014658101413347948 0.00586787170293379 -0.012643283376326921 -0.003192884730292361 -0.0002778541960128389 0.004121594079609575 0.007355510882318839 0.010933429650638428 0.005106136811022843 0.0013074930508931715 0.0009656620064848462 8.475560469914377e-05 -0.0007478406031926342 -0.0011290616609833384 -0.0015802761239390173 -0.002914462964256098 -0.0061244011886658345 -0.00918334010262159 -0.008698587919153816 -0.007988895188613121 -0.011815037094909721 -9999 -9999 -9999 -9999 -9999 -9999 -9999 -9999 -9999 -9999 -9999
-9999 -9999 -9999 -9999 -9999 -9999 -9999 -9999 -9999 -9999 -9999 -9999 0.12184465482626874 0.050107146302859014 0.030297308042645462 -0.008859523433320055 -0.003485251632001668 6.291944130210059e-05 -0.0030479837457338954 0.0038653592475586533 0.007974485556284605 0.009992155116914923 0.014598311954423016 0.004016828674234863 -0.002382533977160595 -0.004621120561894621 -0.01189267327708582 -0.019932302448057358 -0.012931266728835766 -0.0006042264161571497 -0.0016857277528912473 -0.0017453845685873324 0.004466239623962698 0.0014947772775806 -0.0005989937051650017 -0.002253090277794856 -0.0018088701386121953 -0.0014454569736141456 -0.004220003883043916 -0.012995429516556745 -0.011582249977502485 -9999 -9999 -9999 -9999 -9999 -9999 -9999 -9999 -9999 -9999 -9999
-9999 -9999 -9999 -9999 -9999 -9999 -9999 -9999 -9999 -9999 -9999 0.006981233930030084 0.034770673822339004 0.055791873757432164 0.05561269307509065 -0.00979347955435514 -0.0051567975680033296 -0.009047515589643174 -0.0017546334408766462 0.005939071474511642 0.002758154197584212 -0.0020974026572319893 -0.0069255360672550725 -0.007866851352398702 -0.0001905687104642728 -0.01110599209348878 0.0009540564710309174 -0.005204966968032215 0.004704643586059903 -0.0006240347354877218 -0.0022480840697610416 -0.0009997396207437337 0.0051341178905532905 0.002889471002882976 0.010169949128020632 0.003868776356211357 -0.0020674339490022453 -0.010631718946074287 -0.015331046107937313 -0.02003971429285176 -9999 -9999 -9999 -9999 -9999 -9999 -9999 -9999 -9999 -9999 -9999 -9999
-9999 -9999 -9999 -9999 -9999 -9999 -9999 -9999 -9999 -9999 -0.007858266211088816 -0.007532224316021491 -0.0214151224132218 -0.02554480896039973 -0.01584460665969728 -0.012312518346388608 -0.0035190708438555267 0.003666008414785843 -0.008418435109900202 -0.002552837323231305 0.0070423962006085925 0.0011320487607883456 -0.005093498768345001 -0.007334270111976127 -0.007658499555710047 -0.010492377410269094 -0.008295008353888994 -0.009156417694820729 0.0033766807791609232 0.0007450617164190543 -0.0025379477611071066 0.002984032305804157 0.00228615086979983 0.0029741110416447174 0.0030071442843946088 -0.0025390019374234296 -0.007840082941654919 -0.012868452354295706 -0.01401696474045172 -9999 -9999 -9999 -9999 -9999 -9999 -9999 -9999 -9999 -9999 -9999 -9999 -9999
-9999 -9999 -9999 -9999 -9999 -9999 -9999 -9999 -9999 -9999 -9999 -9999 0.03929344342465985 -0.010253515591224031 -0.0010903085240666077 -0.002805953347905093 -0.00643431719826773 -0.01144101194761418 -0.015091831117500482 -0.012018023995879284 -0.010798122756969841 -0.010222925995447607 -0.00927390400320291 -0.006639315752509228 -0.0063374113382362865 -0.00804614091728939 -0.009379322726302349 -0.0061272626489768675 -0.007428510773996394 -0.006030597021243311 0.0007734153306845347 0.00515761980290949 0.002661685034029748 0.002482918315920346 5.288105243925201e-05 -0.006066784005740594 -0.009240311655131256 -0.008864288500855466 -0.011063762827888957 -0.028094077275859 -9999 -9999 -9999 -9999 -9999 -9999 -9999 -9999 -9999 -9999 -9999 -9999
-9999 -9999 -9999 -9999 -9999 -9999 -9999 -9999 -9999 -9999 -9999 0.051842554137597696 -0.01651149545166944 0.0070773785139297 -0.02379532599890674 -0.006290717377807148 -0.006047483510766283 -0.011638071913660676 -0.011850858941399978 -0.010199385016788659 -0.00783015978409024 -0.003373316280982086 -0.0067308314100525115 -0.003221335319372326 0.00033118185542879713 -0.000101579099717225 -0.004613732919096947 0.004856121288724703 0.004308031008737835 0.002887126928318051 -0.0024818817064875547 0.002445685148936255 -0.003200383286255632 -0.005890074510907006 -0.005903677699344412 -0.008360599343841145 -0.010973880419860029 -0.012654889495142041 -0.015654357960042747 -9999 -9999 -9999 -9999 -9999 -9999 -9999 -9999 -9999 -9999 -9999 -9999 -9999
-9999 -9999 -9999 -9999 -9999 0.0941200261545736 0.007207135303636591 0.03914612144059526 0.06649169582745124 0.07702092535840638 0.057429582265115575 -0.00360847206471801 -0.0016761153936385995 -0.004284449375984156 -0.008605338856131739 -0.012246526821830556 -0.023380228933298358 -0.008020866881398579 -0.010897625807453598 -0.013816983742121395 -0.008582063551459991 -0.00793760336801677 -0.004027610198099024 0.0009680345044498496 -0.0050652546071728866 -0.00926636563367153 -0.007734923579153562 -0.00346273641629391 0.00532318035076404 0.006928835340908601 0.0007506068042247849 -0.007235387821545758 -0.012577606031769191 -0.01628489070817044 -0.01875552166449396 -0.006484665787281768 -0.006072165688295023 -0.002698514590818407 -9999 -9999 -9999 -9999 -9999 -9999 -9999 -9999 -9999 -9999 -9999 -9999 -9999 -9999
-9999 -9999 -9999 -9999 0.05025549616132463 0.08656139688735659 0.08214943314510614 -0.007209393777241391 -0.010313944840753405 -0.010095594906144673 -0.01633179595782644 -0.016962701487823358 -0.012536269601653605 -0.016137505837139632 -0.01867083080871376 -0.019086273823991223 -0.012427072994636771 -0.014467456901567229 -0.016495157515301426 -0.014261216989585325 -0.013736493929603385 -0.015736091859947288 -0.005693761490241839 -0.009274588534112505 -0.009401730326719066 -0.00692576660930766 -0.003553241491317749 0.001532352861316727 0.004382757940790154 0.0009811678448238825 -0.004803458979616621 -0.01266746246015904 -0.018854100315064348 -0.028112277030944818 -0.02184123076774455 -9999 -9999 -9999 -9999 -9999 -9999 -9999 -9999 -9999 -9999 -9999 -9999 -9999 -9999 -9999 -9999 -9999
-9999 -9999 -9999 0.11611566359275265 0.043329842479490684 0.00442256685346365 0.10218331982960573 0.005337400361895561 0.0005284393304272605 0.0005666187958802972 -0.002152381869761827 0.002977667997280748 0.002313435560948152 -0.011889506698302604 -0.015715829848525043 -0.014720892871332438 -0.014378784667877925 -0.012644105320851471 -0.01913703735693392 -0.019411212454239518 -0.02579211527426567 -0.016142804262249982 -0.005676045003583874 -0.00806796683945468 -0.01708808566554118 -0.01815774196020051 -0.013191926171598228 -0.010485358188807026 -0.006551993389924377 -0.009957649641566813 -0.01391716682968508 -9999 -9999 -9999 -9999 -9999 -9999 -9999 -9999 -9999 -9999 -9999 -9999 -9999 -9999 -9999 -9999 -9999 -9999 -9999 -9999 -9999
-9999 -9999 -9999 0.1253331183917879 0.12508703837561053 0.07950078555055567 0.04149768109384338 0.05516337649896741 0.07407877051224142 0.011153279244899728 -0.0037614932672225274 0.00012933266790290945 0.0026671261830651105 -0.002796112564561276 -0.013421621596491018 -0.0055180595497067155 -0.008593518198246053 -0.006413454928341694 -0.007662329550196495 -0.01020169043969252 -0.011170422680237713 -0.01043424053096223 -0.006438565169061938 -0.0012772664830491276 -0.0010810848721798383 -0.003094391639416022 -0.013852948322892187 -0.016745580747576042 -0.02568067285351286 -9999 -9999 -9999 -9999 -9999 -9999 -9999 -9999 -9999 -9999 -9999 -9999 -9999 -9999 -9999 -9999 -9999 -9999 -9999 -9999 -9999 -9999 -9999
-9999 -9999 -9999 0.11436107572244135 0.10992608674420606 0.10842820057566738 0.071318317629114 0.022095742912003502 0.01913374892302921 0.009263208862078376 -0.006689844850721327 -0.0014664907861688392 -0.004124505015519947 0.012709443422562305 0.0021539871972766638 -0.015712161858876555 -0.00359216092646808 -0.010311043159121042 -0.015043534771647575 -0.016394017877692957 -0.010159149425370356 -0.007518885280355547 -0.01431013127612002 -0.02120796847538869 -0.0237648950949792 -0.027418641040199667 -9999 -0.03795181474624537 -9999 -9999 -9999 -9999 -9999 -9999 -9999 -9999 -9999 -9999 -9999 -9999 -9999 -9999 -9999 -9999 -9999 -9999 -9999 -9999 -9999 -9999 -9999 -9999
-9999 -9999 -9999 0.10453843772411348 0.10687568133145993 0.10613759078762748 0.11222482230081116 0.10570130363994877 0.06887333154678342 -0.012444269808032843 -0.006880786248615822 -0.0030009776525113663 0.005294817430632454 -0.0007423045991480914 -0.006617079234936013 -0.016625170511278237 -0.01186704219773757 -0.014467812450238452 -0.02684653546128954 -0.01903135851881971 0.003186030303194226 0.0011177034147324127 -0.0097135690288927 -0.0033208298556348104 -0.00894020630393999 -0.012757321303131204 -0.011711637663134072 -9999 -9999 -9999 -9999 -9999 -9999 -9999 -9999 -9999 -9999 -9999 -9999 -9999 -9999 -9999 -9999 -9999 -9999 -9999 -9999 -9999 -9999 -9999 -9999 -9999
-9999 -9999 -9999 -9999 0.03796005323529245 0.0019603078825432 -0.0011380147408036614 -0.0049389530682847635 -0.005347468766821435 -0.01238839872754538 -0.007057483081763737 -0.011429130198569282 -0.011076079993634608 -0.01562538035008129 -0.007588806195875236 -0.00817751945281514 -0.005538246894286864 -0.019540913962904416 -0.02174963647949285 -0.021714317259815458 -0.022008269284311568 -0.014522177477677672 -0.01923764006576345 -0.005338609155723317 -9999 -9999 -9999 -9999 -9999 -9999 -9999 -9999 -9999 -9999 -9999 -9999 -9999 -9999 -9999 -9999 -9999 -9999 -9999 -9999 -9999 -9999 -9999 -9999 -9999 -9999 -9999 -9999
-9999 -9999 -9999 -9999 0.09706551566415904 0.02600665204226971 -0.008549588454234147 -0.009559293354258813 -0.010178869773804278 -0.008383888942308905 6.307588647241902e-05 0.005018896106536025 -0.0028354530942808764 -0.01090009427312666 -0.012539982795715332 -0.006373009838900712 -0.010947241879708277 -0.01554665418172424 -0.015839144151810314 -0.018617269380132584 -0.02158815409686116 -0.02280047110148839 -0.01972676483318977 -0.02341892060880757 -0.019382380217582262 -9999 -9999 -9999 -9999 -9999 -9999 -9999 -9999 -9999 -9999 -9999 -9999 -9999 -9999 -9999 -9999 -9999 -9999 -9999 -9999 -9999 -9999 -9999 -9999 -9999 -9999 -9999
