metrics/grid_rasters/CCI Combined/grideval_CCI Combined_X_summer_2018_absolute_bias.asc
ncols 52
nrows 55
xllcorner     11.25
yllcorner     55.25
cellsize      0.25
NODATA_value  -9999
[rows 0 to 27 of 55, columns 0 to 51 of 52]
-9999 -9999 -9999 -9999 -9999 -9999 -9999 -9999 -9999 -9999 -9999 -9999 -9999 -9999 -9999 -9999 -9999 -9999 -9999 -9999 -9999 -9999 -9999 -9999 -9999 -9999 -9999 -9999 -9999 -9999 -9999 -9999 -9999 -9999 -9999 -9999 0.1325104221187789 0.10000932285952012 0.02691556156977365 -9999 -9999 -9999 -9999 -9999 -9999 -9999 -9999 -9999 -9999 -9999 -9999 -9999
-9999 -9999 -9999 -9999 -9999 -9999 -9999 -9999 -9999 -9999 -9999 -9999 -9999 -9999 -9999 -9999 -9999 -9999 -9999 -9999 -9999 -9999 -9999 -9999 -9999 -9999 -9999 -9999 -9999 -9999 -9999 -9999 -9999 -9999 -9999 -9999 0.1341100694692653 0.0975643521093804 0.09808684674941977 0.08387622690719104 0.014197102707365294 -0.013343444660953857 -9999 -9999 -9999 -9999 -9999 -9999 -9999 -9999 -9999 -9999
-9999 -9999 -9999 -9999 -9999 -9999 -9999 -9999 -9999 -9999 -9999 -9999 -9999 -9999 -9999 -9999 -9999 -9999 -9999 -9999 -9999 -9999 -9999 -9999 -9999 -9999 -9999 0.1363953656476477 0.1126934092329896 0.04324588179588318 0.0371326883525952 0.057339371708424174 0.036024374320455244 0.02700022381284961 -9999 0.02107740225999249 0.068942340819732 0.07912902922733972 -0.0015522465109825134 -0.024324221779470856 -0.03433113885314568 -0.030173974678568218 -0.033534212280874665 -0.024118625113497605 -0.030952431099570327 -0.03844601920117502 -9999 -9999 -9999 -9999 -9999 -9999
-9999 -9999 -9999 -9999 -9999 -9999 -9999 -9999 -9999 -9999 -9999 -9999 -9999 -9999 -9999 -9999 -9999 -9999 -9999 -9999 -9999 -9999 -9999 -9999 -9999 -9999 -9999 0.19143905795433305 0.20333120421223014 0.17033026926219466 0.18185630775988104 0.16614146206689914 0.08881886092864949 -0.01332302180969197 -0.015673954525719513 -0.023345633855332504 -0.03195319924017656 -0.03253215810526972 -0.03436483280814212 -0.03319444199619087 -0.033746821400911925 -0.03335905560980673 -0.033671406138202416 -0.03613681022239768 -0.04769711309800978 -0.043896782009497926 -0.03938465192914009 -0.022372277534526336 -9999 -9999 -9999 -9999
-9999 -9999 -9999 -9999 -9999 -9999 -9999 -9999 -9999 -9999 -9999 -9999 -9999 -9999 -9999 -9999 -9999 -9999 -9999 -9999 -9999 -9999 0.13262502136437787 0.13844700708337454 0.1369096827895745 0.11221499741077423 0.18932507284309552 0.1910023624482362 0.18239298255383213 0.16931603194736855 0.1571649276158389 0.10280456167200336 0.06490879230525183 -0.039616301979707634 -0.04697938166234805 -0.0567141915469066 -0.04234846292630487 -0.025955848719762725 -0.0286451202371846 -0.02252244447236476 -0.027219187954197758 -0.04872385266682375 -0.04996477407605751 -0.02384877334470334 -0.023401502843784252 -0.04054797975265462 -0.0289915753123553 -0.02260759035530296 -0.015952820363252046 -9999 -9999 -9999
-9999 -9999 -9999 -9999 -9999 -9999 -9999 -9999 -9999 -9999 -9999 -9999 -9999 -9999 -9999 -9999 -9999 -9999 -9999 -9999 -9999 0.13195897120496505 0.13876593901830558 0.13687682508126547 0.10917724798554962 0.11920434236526488 0.13800090357013373 0.13492552665146912 0.17852595286524814 0.13566298912400787 0.09266086991714396 0.06307555091651999 0.008436403682698379 -0.04341214214978012 -0.059890513186869415 -0.05059174367267152 -0.049016922226418624 -0.048190239492965775 -0.034596913210723716 -0.027512080157580585 -0.022969923427571426 -0.02098038063749022 -0.02279698055075563 -0.02825510064544884 -0.03116958118651225 -0.039731123849101685 -0.03979519965208095 -0.03880146016245303 -0.03752872525997783 -9999 -9999 -9999
-9999 -9999 -9999 -9999 -9999 -9999 -9999 -9999 -9999 -9999 -9999 -9999 -9999 -9999 -9999 -9999 -9999 -9999 -9999 -9999 0.13042395011238428 0.13046547673318698 0.15105091683242633 0.16668041795492172 0.1954129762623621 0.17950765513207603 0.18618273184351294 0.16543242594470148 0.11349595597256786 0.08175915220509405 0.042870516524366686 -0.03046444819673247 -0.04349405933981357 -0.054061921232420464 -0.057204374476619385 -0.04894661968169006 -0.05484580653517143 -0.05822996536026831 -0.05845721940631453 -0.03419457829516867 -0.02549951037634973 -0.024249890252299927 -0.03136514904706375 -0.039008740335702896 -0.04088710701983908 -0.04426121663140215 -0.053736501251873764 -0.06485027414949042 -0.05350376487426137 -0.03888294214139815 -9999 -9999
-9999 -9999 -9999 -9999 -9999 -9999 -9999 -9999 -9999 -9999 -9999 -9999 -9999 -9999 -9999 -9999 -9999 -9999 -9999 -9999 -9999 0.1809781348263776 0.1927996180627657 0.17692961611531 0.1769205015566614 0.16623770656145134 0.13868624085317488 0.08344107671924261 -0.01251210239918335 -0.017325269463269594 0.03978495850511221 -0.03129639622309935 -0.02626511438385301 -0.015720041359172154 -0.030529566433118743 -0.02832576178986093 -0.02861383557319641 -0.037670922182176436 -0.04324892973122391 -0.02931285293205924 -0.025771671663159912 -0.03347074758747351 -0.03982195420109708 -0.042598657633947296 -0.04814729774775711 -0.04490646784720215 -0.05096678176651831 -0.060097223390703614 -0.046164316327675536 -9999 -9999 -9999
-9999 -9999 -9999 -9999 -9999 -9999 -9999 -9999 -9999 -9999 -9999 -9999 -9999 -9999 -9999 -9999 -9999 -9999 -9999 0.12139947339892387 0.12651813467559608 0.13108475619684096 0.10029832522074383 0.1323997217999852 0.0973481330801459 -0.026837357684322025 -0.025114229353873613 -0.021636761077072297 -0.035536279982846725 -0.04536756273844969 -0.04527524583365605 -0.04870044974529225 -0.04930759723419728 -0.04017064840562881 -0.041952990157448716 -0.036223813243534235 -0.03342837726940279 -0.036864234863416 -0.04246182772128479 -0.0406814079893672 -0.03523222049293312 -0.03841373227212741 -0.035838265133940644 -0.046900072499461785 -0.05131353211143744 -0.05759401862388072 -0.04339077437053557 -0.03836329718646797 -0.049469740656407 -0.033509193231230194 -0.030174604576566955 -9999
-9999 -9999 -9999 -9999 -9999 -9999 -9999 -9999 -9999 -9999 -9999 -9999 -9999 -9999 -9999 -9999 -9999 -9999 0.14840715293857182 0.1176641206054584 0.1124166149808013 0.08933385915082431 0.010823161266315941 -0.033923164369112024 -0.02133402681869009 -0.04283551709807437 -0.06593324859505115 -0.07722032222992334 -0.08220418704592664 -0.04706516136994232 -0.05400324402296025 -0.04144057809658672 -0.02949120460645013 -0.01711944226295717 -0.043988010481647834 -0.04259106970351675 -0.04629288127888803 -0.04671242476805396 -0.04962792798228885 -0.047167773803939 -0.0478498383384684 -0.05466284392320592 -0.04393526438682799 -0.03972669464090597 -0.043811889284330864 -0.055447122487037065 -0.047082629216753914 -0.04533895186108092 -0.048149154723986336 -0.05015726808620535 -0.04587719006382901 -9999
-9999 -9999 -9999 -9999 -9999 -9999 -9999 -9999 -9999 -9999 -9999 -9999 -9999 -9999 -9999 -9999 -9999 0.13992377094338448 0.14258158508311494 0.05193017358365265 -0.02056247028319733 -0.03069807751023252 -0.03808086446445921 -0.04341927543282509 -0.05228340706747511 -0.06540102803188821 -0.06451702733402667 -0.05405635775431342 -0.057240250317946724 -0.04903307962028877 -0.04198196206403815 -0.04877269413808119 -0.04874671947049058 -0.05392018948560176 -0.054546274082816176 -0.05825871277762496 -0.05138254133255585 -0.01809819042682648 -0.04978185600560645 -0.05600599037564319 -0.06327894151858662 -0.0648666092235109 -0.059259354096391936 -0.07119589477129604 -0.06845024843578754 -0.06476626172661781 -0.06379058406404828 -0.06165886961895487 -0.06366504955550897 -0.06741525751093161 -9999 -9999
-9999 -9999 -9999 -9999 -9999 -9999 -9999 -9999 -9999 -9999 -9999 -9999 -9999 0.07558035526586615 0.08155794198746269 0.09857883336751357 0.10108134199095807 0.10615975620306056 0.1395984826528508 0.09362318949854892 0.08327884324218915 -0.01375009848371797 -0.05752857353376306 -0.05698528464721597 -0.053231171777714865 -0.048486339981141297 -0.05900078720372656 -0.05722645135677379 -0.06700479304013046 -0.05608428706941399 -0.04465348451681758 -0.05127465498188269 -0.052771470954884665 -0.05945700326043625 -0.05782668567869975 -0.05812412889107413 -0.05669198023236316 -0.057015127299920365 -0.05046150201688643 -0.051118052686038216 -0.05791606494913931 -0.05338254522370256 -0.0477139786209749 -0.061081974078779626 -0.06720927859777989 -0.06667236254914946 -0.060508202113535074 -0.06756066709108974 -0.06438401292847551 -0.06282067768599675 -0.04591929459053537 -9999
-9999 -9999 -9999 -9999 -9999 -9999 -9999 -9999 -9999 -9999 -9999 -9999 -9999 0.09716481877409894 0.08039501050244208 0.015165383887031812 -0.0389190262750439 -0.03301581886151564 -0.01709717091010965 0.027042209940112142 -0.04101362095578856 -0.053367082677457656 -0.054355176510634234 -0.05972065841374191 -0.04131235182285309 -0.04731725366867106 -0.040419610460167336 -0.05338408441647238 -0.05116762739160788 -0.05071087926626205 -0.0450089907516604 -0.041620855422123626 -0.04429143197510554 -0.05271571064772812 -0.06048063933849335 -0.058786097428073066 -0.04971136039365892 -0.052396807981574006 -0.053152318881905615 -0.05248346989569458 -0.04543683742699417 -0.05086737968351529 -0.05781437699561534 -0.0690560122223004 -0.07648919895291327 -0.07815136614701021 -0.08371447480243185 -0.07707977780829306 -0.0791991834083329 -0.0770462610475395 -0.07264937930133031 -0.02799265151438507
-9999 -9999 -9999 -9999 -9999 -9999 -9999 -9999 -9999 -9999 -9999 -9999 -9999 0.06663187819978468 -0.02302310858731685 -0.03217339321323062 -0.02516930469352266 -0.042023546507825034 -0.052665674168130616 -0.0488453026375045 -0.05719909914161848 -0.061296423654193466 -0.053512970552496285 -0.042978010261836265 -0.04339623920943425 -0.04929216206073761 -0.05028148222228754 -9999 -0.0350342326514099 -0.04657202294987181 -0.04268665789909984 -0.039659659337738296 -0.03657092154026032 -0.03784038660966832 -0.04012925922870636 -0.05023749124096788 -0.04640482333691223 -0.03893904323163239 -0.03439337646831636 -0.0456063340863456 -0.03858503083819928 -0.05173515755197275 -0.07329095964846405 -0.08737495525375658 -9999 -9999 -9999 -9999 -9999 -9999 -9999 -9999
-9999 -9999 -9999 -9999 -9999 -9999 -9999 -9999 -9999 -9999 -9999 -9999 -9999 -0.01543898103029831 -0.03295565169790518 -0.02916355236716892 -0.04492004993169205 -0.05642602495525195 -0.04872480148206587 -0.03098314498429713 -0.029543961843718658 -0.042227756717930665 -0.05648704962088511 -0.06830200407168137 -0.06362591068381848 -0.05733349935516066 -0.050474275065504975 -0.03128856626050225 -0.05230445997870487 -0.051842349055020685 -0.04748144713432892 -0.043389081145110336 -0.03712932344364084 -0.04078467044493425 -0.04211124048932738 -0.04316714325028917 -0.04510169298104619 -0.04634435653038646 -0.047967292044473725 -0.05505586755664452 -0.044276496244443436 -9999 -9999 -9999 -9999 -9999 -9999 -9999 -9999 -9999 -9999 -9999
-9999 -9999 -9999 -9999 -9999 -9999 -9999 -9999 -9999 -9999 -9999 -9999 0.08236252694674162 0.00011054896142170813 -0.019359138348828187 -0.04238776365915933 -0.05058783017422841 -0.04482515804145648 -0.045117180146600884 -0.03675214152621187 -0.043462328774773545 -0.0431358172841694 -0.029634356336749133 -0.04917620737915454 -0.05943402356427649 -0.04732651295869248 -0.04848042422014734 -0.0361463654300441 -0.04433518567163011 -0.045851531074098915 -0.047835998399102166 -0.05235802770956702 -0.04355148307007292 -0.04428892874199411 -0.04324211066831712 -0.04491934245047363 -0.046919719194588455 -0.04993125812514968 -0.05616801053933476 -0.05713040349276169 -0.06752111082491669 -9999 -9999 -9999 -9999 -9999 -9999 -9999 -9999 -9999 -9999 -9999
-9999 -9999 -9999 -9999 -9999 -9999 -9999 -9999 -9999 -9999 -9999 -0.03226293995976448 0.0008670422046080928 0.009032992565113585 0.009179529774448136 -0.05661798641085625 -0.056182932432578964 -0.059088439883097366 -0.04244681885061058 -0.045307456151298865 -0.05175872568203055 -0.05668569210430849 -0.055586504061584885 -0.05181189545470735 -0.05557086221549823 -0.04335855465868246 -0.039757560128751014 -0.023436543410239014 -0.058324483101782586 -0.04229547958011212 -0.04971892111327336 -0.06142221229231876 -0.051858757339094015 -0.049795188657615515 -0.042893728322309005 -0.049154227842455316 -0.053274048735266144 -0.05190439927189247 -0.06026554350619731 -0.08560167220623596 -9999 -9999 -9999 -9999 -9999 -9999 -9999 -9999 -9999 -9999 -9999 -9999
-9999 -9999 -9999 -9999 -9999 -9999 -9999 -9999 -9999 -9999 -0.04183248430490494 -0.0468486772607202 -0.06646025520951851 -0.07367871928474176 -0.05936116142117459 -0.055056361562531936 -0.04292985035673433 -0.04302695199199344 -0.05825934283759283 -0.051844878689102515 -0.035117097522901465 -0.045081665658432496 -0.042099228209775436 -0.046581518552873465 -0.04951116394089616 -0.05518843476539073 -0.05459883242197658 -0.036971674341222505 -0.04440692310100017 -0.04558294363643811 -0.041753686316635286 -0.0545949208671632 -0.05052058593086575 -0.04869471377004747 -0.05074965565100961 -0.056884678809539124 -0.06228665813155795 -0.05146903253119925 -0.050938378209653114 -9999 -9999 -9999 -9999 -9999 -9999 -9999 -9999 -9999 -9999 -9999 -9999 -9999
-9999 -9999 -9999 -9999 -9999 -9999 -9999 -9999 -9999 -9999 -9999 -9999 -0.002677276304789977 -0.04980781696298542 -0.04635250260648521 -0.0504090108949205 -0.06293604360974353 -0.0675525948729204 -0.06892978108447531 -0.06819548668420833 -0.07140273536029068 -0.06489847292718681 -0.05144382916066959 -0.05028197703802068 -0.04597253498175871 -0.045242488384246826 -0.05088193860390913 -0.0516775460994762 -0.05718212412751239 -0.05891391213821329 -0.048665016079726425 -0.04386545377581017 -0.04909143240555472 -0.0518002223385417 -0.05619004676523415 -0.06057112291455269 -0.0652216174032377 -0.06275631390188052 -0.06665722394119139 -0.08720319394184195 -9999 -9999 -9999 -9999 -9999 -9999 -9999 -9999 -9999 -9999 -9999 -9999
-9999 -9999 -9999 -9999 -9999 -9999 -9999 -9999 -9999 -9999 -9999 -0.01466968380238698 -0.0988772762092677 -0.05134093499445652 -0.0837360754227027 -0.06567307577832884 -0.06631125444951264 -0.07389364683109781 -0.07404523342847824 -0.06767391866963843 -0.06446968229568523 -0.06467567044107811 -0.06822675434143646 -0.0609678365290165 -0.05850585436691407 -0.058705638284268585 -0.05897873494288194 -0.045968214292889054 -0.04346704175290855 -0.0562637451550235 -0.05749449393023615 -0.061143896663966385 -0.0600238701571589 -0.061448263409345026 -0.06138734972995261 -0.06279903374936269 -0.06822764857307725 -0.06744533404707909 -0.07207702569987462 -9999 -9999 -9999 -9999 -9999 -9999 -9999 -9999 -9999 -9999 -9999 -9999 -9999
-9999 -9999 -9999 -9999 -9999 0.019744276106357598 -0.040375614781742515 -0.010744181178186265 0.008643195645449908 0.01004528302861296 -0.012096440986446688 -0.06290909032458844 -0.0440661487755952 -0.07487478431152261 -0.08178689687148387 -0.08346322259825209 -0.07759147594051978 -0.07715133172662361 -0.07981396515084349 -0.07285043046526288 -0.07071055698653925 -0.07615441326861798 -0.07542438400180443 -0.08056620767583017 -0.07750908819877582 -0.0792895566834056 -0.07664509117603302 -0.06926168679543163 -0.06404675802458888 -0.06576313904446104 -0.06726514191731163 -0.08428854884012885 -0.08350722135409064 -0.07871531662733658 -0.07710631143139758 -0.06767723806526349 -0.06031860249198001 -0.056338569230359535 -9999 -9999 -9999 -9999 -9999 -9999 -9999 -9999 -9999 -9999 -9999 -9999 -9999 -9999
-9999 -9999 -9999 -9999 0.004302793315478726 0.03699204309479048 0.03205597643618996 -0.03943513673932656 -0.07520443870096791 -0.07121855441642844 -0.08198746018435643 -0.0871776089720104 -0.08315188891213872 -0.08781689583607341 -0.0860742340269296 -0.08644602723095729 -0.07990671289355858 -0.08309410723007242 -0.08156850545302682 -0.07611886444299118 -0.08053485336511032 -0.08033516873484073 -0.06796563497704007 -0.08042527022569076 -0.08375127986073494 -0.08057021560228389 -0.07766490267670673 -0.06988739384257275 -0.06893227605716043 -0.07342714929710265 -0.0717254899766134 -0.07685853395125139 -0.0824647425957348 -0.08255914673209191 -0.10111686028540134 -9999 -9999 -9999 -9999 -9999 -9999 -9999 -9999 -9999 -9999 -9999 -9999 -9999 -9999 -9999 -9999 -9999
-9999 -9999 -9999 0.053858482805283166 -0.015429653065360094 -0.03910999496777853 0.04791922799565573 -0.04998583638149759 -0.05646346477062805 -0.06693557941395302 -0.07780998767070149 -0.05736782057927206 -0.06890594894471375 -0.08204874023795128 -0.083596037943726 -0.0799555775264035 -0.08025543586067532 -0.08127507615996442 -0.08870655233445374 -0.0912165839387023 -0.09032772789182868 -0.09125448488022968 -0.07688837870955467 -0.0833482760126176 -0.0900318800755169 -0.08387578861868901 -0.0803257720949857 -0.0711959930865661 -0.07073950346397317 -0.07556989189723265 -0.08034968926854755 -9999 -9999 -9999 -9999 -9999 -9999 -9999 -9999 -9999 -9999 -9999 -9999 -9999 -9999 -9999 -9999 -9999 -9999 -9999 -9999 -9999
-9999 -9999 -9999 0.06665103610824136 0.06678706780076027 0.03196762647965678 -0.01440802491877391 0.003000330665837159 0.02330277552423271 -0.05445389239036519 -0.08228944938467897 -0.049838733090006776 -0.02916627944163655 -0.08479903411606085 -0.09104178602928698 -0.0708303645901058 -0.07005317169039146 -0.07000035355272499 -0.07270036929327509 -0.06996762218034785 -0.0743590632210607 -0.08736008891592856 -0.07666958463580711 -0.06652302861861563 -0.06838584318757057 -0.0583707542847032 -0.07183226959212967 -0.08424484211465585 -0.08562413151517059 -9999 -9999 -9999 -9999 -9999 -9999 -9999 -9999 -9999 -9999 -9999 -9999 -9999 -9999 -9999 -9999 -9999 -9999 -9999 -9999 -9999 -9999 -9999
-9999 -9999 -9999 0.05357489167996077 0.046549430197995616 0.04584880999248958 0.012860708748516804 -0.025289687611486592 -0.03633703955489656 -0.05542019203953122 -0.07694003925375317 -0.08026718445446179 -0.04444396701352349 -0.06947484677252562 -0.0765186417038026 -0.06469979944328466 -0.0771682936212291 -0.07057265143679536 -0.0812207970606244 -0.07361286182118497 -0.08599820765464203 -0.08201652198382045 -0.08536466858957126 -0.08932628077657326 -0.08419981582657153 -0.08009020093342531 -9999 -0.10497946000617484 -9999 -9999 -9999 -9999 -9999 -9999 -9999 -9999 -9999 -9999 -9999 -9999 -9999 -9999 -9999 -9999 -9999 -9999 -9999 -9999 -9999 -9999 -9999 -9999
-9999 -9999 -9999 0.027400374898444047 0.028122518049634004 0.023350913773526216 0.04421408408945732 0.05657604741661443 0.0045754433326098964 -0.07119465408765753 -0.07126288326538127 -0.0665958862265815 -0.0579812411704789 -0.0693194971460363 -0.07642407861092818 -0.07163324635079565 -0.08176309469601381 -0.07745311360644258 -0.07968455585448639 -0.08137759501519409 -0.07527900228033896 -0.08061774787695511 -0.08336628034063008 -0.08528119827742163 -0.07956864636229433 -0.08463321901533916 -0.0923016753209674 -9999 -9999 -9999 -9999 -9999 -9999 -9999 -9999 -9999 -9999 -9999 -9999 -9999 -9999 -9999 -9999 -9999 -9999 -9999 -9999 -9999 -9999 -9999 -9999 -9999
-9999 -9999 -9999 -9999 -0.013049178889819546 -0.054603379015084164 -0.057553374832803074 -0.06463458146090093 -0.0730148148925408 -0.08403145068365593 -0.07093745129911798 -0.07140321786636891 -0.0721212751839472 -0.07718946120661238 -0.07384932203137358 -0.061065808490470615 -0.0808414688900761 -0.08483902656513713 -0.08286291976337848 -0.08082290933184003 -0.0782666459031727 -0.08176531739856885 -0.08137516790758009 -0.07883533203731412 -9999 -9999 -9999 -9999 -9999 -9999 -9999 -9999 -9999 -9999 -9999 -9999 -9999 -9999 -9999 -9999 -9999 -9999 -9999 -9999 -9999 -9999 -9999 -9999 -9999 -9999 -9999 -9999
-9999 -9999 -9999 -9999 0.002863192525894731 -0.049763239272262734 -0.07368923707500749 -0.07214670190992561 -0.06672128069807183 -0.06952262750786284 -0.06927253500274991 -0.06438937637469043 -0.0633157308658828 -0.07114453824317972 -0.08101524655585704 -0.07101407533754472 -0.07903369256983632 -0.08257444947957993 -0.08064028280584709 -0.08123136360360228 -0.08669864094775656 -0.0866866301259269 -0.07892423625225606 -0.0854988384829915 -0.08349905827123186 -9999 -9999 -9999 -9999 -9999 -9999 -9999 -9999 -9999 -9999 -9999 -9999 -9999 -9999 -9999 -9999 -9999 -9999 -9999 -9999 -9999 -9999 -9999 -9999 -9999 -9999 -9999
