metrics/grid_rasters/CCI Combined/grideval_CCI Combined_X_spring_2016_absolute_bias.asc
ncols 52
nrows 55
xllcorner     11.25
yllcorner     55.25
cellsize      0.25
NODATA_value  -9999
[rows 0 to 27 of 55, columns 0 to 51 of 52]
-9999 -9999 -9999 -9999 -9999 -9999 -9999 -9999 -9999 -9999 -9999 -9999 -9999 -9999 -9999 -9999 -9999 -9999 -9999 -9999 -9999 -9999 -9999 -9999 -9999 -9999 -9999 -9999 -9999 -9999 -9999 -9999 -9999 -9999 -9999 -9999 0.27675142884254456 0.26049746572971344 0.2329004220664501 -9999 -9999 -9999 -9999 -9999 -9999 -9999 -9999 -9999 -9999 -9999 -9999 -9999
-9999 -9999 -9999 -9999 -9999 -9999 -9999 -9999 -9999 -9999 -9999 -9999 -9999 -9999 -9999 -9999 -9999 -9999 -9999 -9999 -9999 -9999 -9999 -9999 -9999 -9999 -9999 -9999 -9999 -9999 -9999 -9999 -9999 -9999 -9999 -9999 0.2800763566046953 0.2400775071647432 0.23202386498451236 0.17891351580619813 0.15248528044474752 0.12826789915561676 -9999 -9999 -9999 -9999 -9999 -9999 -9999 -9999 -9999 -9999
-9999 -9999 -9999 -9999 -9999 -9999 -9999 -9999 -9999 -9999 -9999 -9999 -9999 -9999 -9999 -9999 -9999 -9999 -9999 -9999 -9999 -9999 -9999 -9999 -9999 -9999 -9999 0.26448575524907364 0.2513671900544848 0.19053609669208527 0.15549066960811614 0.2209494709968567 0.21768574913342792 0.20749302914268086 -9999 0.20013203223546344 0.2169930643978573 0.19940791788854093 0.13194089010357854 0.1035705268383026 0.10300022160465068 0.08393170952796936 0.06868095867908919 0.07594800663405449 0.05616738249858222 0.04908843388160072 -9999 -9999 -9999 -9999 -9999 -9999
-9999 -9999 -9999 -9999 -9999 -9999 -9999 -9999 -9999 -9999 -9999 -9999 -9999 -9999 -9999 -9999 -9999 -9999 -9999 -9999 -9999 -9999 -9999 -9999 -9999 -9999 -9999 0.31903617084026337 0.3072032524006708 0.2666689157485962 0.3157411366701126 0.2857408566134317 0.2472831706206004 0.18811354724069435 0.13279209315776824 0.1094789703687032 0.08936894834041598 0.07816561439941673 0.07105710590258241 0.08815980439676957 0.07766343201651715 0.07108380645513535 0.08242514878511431 0.08281230578819909 0.07372777318132334 0.07014360201769859 0.06660607148861064 -0.013575146595636994 -9999 -9999 -9999 -9999
-9999 -9999 -9999 -9999 -9999 -9999 -9999 -9999 -9999 -9999 -9999 -9999 -9999 -9999 -9999 -9999 -9999 -9999 -9999 -9999 -9999 -9999 0.32156298667192457 0.2560786320404573 0.194309243789086 0.1482119593355391 0.2392700527395521 0.2778214812278748 -9999 0.2719193398952484 0.2769284322857857 0.27849051093353944 0.2533659816664808 0.1723258286714554 0.131257626414299 0.08669080045716515 0.08012499588151134 0.07713471533674182 0.06458344423409662 0.06488291437135024 0.06260095988259172 0.05710731040347705 0.08401608828342322 0.09304418514172236 0.09553782854761396 0.08408008229274018 0.07425052300095558 0.058824222873557715 0.05358326435089111 -9999 -9999 -9999
-9999 -9999 -9999 -9999 -9999 -9999 -9999 -9999 -9999 -9999 -9999 -9999 -9999 -9999 -9999 -9999 -9999 -9999 -9999 -9999 -9999 0.3046919664740562 0.2957860380411148 0.2355625760905883 0.13752177357673645 0.1460008379071951 0.17600060005982715 0.28272706270217896 0.2954899018461054 0.28287221160199905 0.3100933939218521 0.25029031187295914 0.2291103201477151 0.14497069540348922 0.10092590696045327 0.08253190126912346 0.07354324182559703 0.060835756827145815 0.06354533542286267 0.06690138280391694 0.06699791720935278 0.07063770507063183 0.06814926862716675 0.07363915940125781 0.0753593886340106 0.05587415138016577 0.05611360885880212 0.04474953171752749 0.04191239107222783 -9999 -9999 -9999
-9999 -9999 -9999 -9999 -9999 -9999 -9999 -9999 -9999 -9999 -9999 -9999 -9999 -9999 -9999 -9999 -9999 -9999 -9999 -9999 0.3074355194201836 0.2652028203010559 0.1903442127837075 0.28779272735118866 0.18859032080287025 0.18669955432415009 0.2679190695285797 0.3001170779267947 0.25009555617968243 0.26087438358980064 0.2364874440762732 0.14921764013442124 0.15273958962896594 0.11881289879481 0.08691366131489092 0.07415070785925937 0.06867409726748097 0.061338718448366414 0.05401029331343515 0.053390727511474056 0.05776971418942721 0.058876431946243535 0.05245934367179872 0.038435849276455984 0.036125772673150765 0.028074087656062563 0.03037248849868773 0.02448216195289904 0.023374281250513496 0.027280578819604998 -9999 -9999
-9999 -9999 -9999 -9999 -9999 -9999 -9999 -9999 -9999 -9999 -9999 -9999 -9999 -9999 -9999 -9999 -9999 -9999 -9999 -9999 -9999 0.36979515850543976 0.2197871839716321 0.17383449831429648 0.1931973348061244 0.2836886867880821 0.2627062723040581 0.24793270230293274 0.18014306255749296 0.16857351083308458 0.1935072127315733 0.13526461805616108 0.09656963527202607 0.050072544387408664 0.0808699612434094 0.09122666086141877 0.0796591123709312 0.06223926292015958 0.05996234236018999 0.05917454793535432 0.05083554184862543 0.05363824574843695 0.053255685351111685 0.04487441852688789 0.039128847420215614 0.03089250145213945 0.027260375874383125 0.01924148698647815 0.01093924818215547 -9999 -9999 -9999
-9999 -9999 -9999 -9999 -9999 -9999 -9999 -9999 -9999 -9999 -9999 -9999 -9999 -9999 -9999 -9999 -9999 -9999 -9999 0.22502241941059334 0.15230779693676874 0.1419995625813802 0.34296067431569105 0.2865099683403969 0.26262638966242474 0.2306854271075942 0.16539734105269116 0.12522952258586886 0.0996792582528932 0.09483929780813366 0.07541477254458834 0.07907458826115255 0.07477560842579062 0.01726212799549104 0.06459945841477466 0.06252680948147404 0.058646152019500734 0.058289167972711435 0.05007882989369905 0.050672639161348336 0.04634882639283722 0.03413027265797492 0.032070051592129944 0.0290982648730278 0.0286142748815042 0.018926252744027542 0.007538270067285634 0.011016814304249613 0.012606408860948326 0.006301974447873947 0.017328020471792938 -9999
-9999 -9999 -9999 -9999 -9999 -9999 -9999 -9999 -9999 -9999 -9999 -9999 -9999 -9999 -9999 -9999 -9999 -9999 0.29177436232566833 0.2725469022989273 0.2731130023797353 0.2238670208237388 0.26849020421504977 0.210961252450943 0.14491451531648636 0.15167488272373492 0.13731352984905246 0.16885489225387573 0.08707984062758363 0.08813828974962233 0.06638470398528235 0.06977232114264842 0.0710588144985112 0.007500898838043223 0.05214436778000425 0.04622142513593036 0.04465082926409586 0.044920314265334105 0.03914598537527997 0.03716810928149655 0.03624659776687622 0.03172696155050525 -0.0063667455688118935 0.034305156996616966 0.0328630805015564 0.019625257010813132 0.01841757626369084 0.013505328832001506 0.016376838601868726 0.01572915808907871 0.022389716020336847 -9999
-9999 -9999 -9999 -9999 -9999 -9999 -9999 -9999 -9999 -9999 -9999 -9999 -9999 -9999 -9999 -9999 -9999 0.31377920756737393 0.3124343976378441 0.25119636207818985 0.17598547041416168 0.14469226556164874 0.0990356336037318 0.07202483713626863 0.06803237433944431 0.06656783131452709 0.06368763057085186 0.058508486797412225 0.0568067419032256 0.04406430629583508 0.0486010696206774 0.037280345956484495 0.0384904277675292 0.03966836428100412 0.036644166166132135 0.021562546491622925 0.013640792965888993 -0.013952440685696066 0.02319059627396719 0.025809081537382927 0.020527410286444225 0.017420431971549966 0.016776520758867264 0.03349158885302367 0.023539215326309204 0.012998419680765705 0.018019466102123242 0.022837912042935667 0.018195212880770358 0.009128122494138524 -9999 -9999
-9999 -9999 -9999 -9999 -9999 -9999 -9999 -9999 -9999 -9999 -9999 -9999 -9999 0.2783868744969368 0.2764929011464119 0.2445919513702393 0.2525552064180374 0.2738182246685028 0.2820706019798915 0.2898116467727555 0.2472461611032486 0.1929418792327245 0.12056983736428345 0.06570446220311249 0.05231495889333576 0.0451942299093519 0.029856512943903624 0.04500192801157632 0.04122167080640793 0.036160684625307686 0.03386108775933583 0.03341997228562832 0.031812529353534465 0.022596337293323717 0.0315086456636588 0.02496685273945332 0.0091707794503732 -0.029258255111543764 -0.025748315610383682 -0.012056875228881823 -0.013835729658603664 -0.017197115719318395 -0.013404729217290884 -0.0011481009423732758 -0.0005711264908313528 -0.006374734012704136 -0.0005640473804975897 0.017057121793429053 0.031407396582996135 0.023952520507223463 0.031288955141516306 -9999
-9999 -9999 -9999 -9999 -9999 -9999 -9999 -9999 -9999 -9999 -9999 -9999 -9999 0.3201795443892479 0.2613622158765793 0.1707625664197482 0.12161173671483995 0.13653289278348285 0.16639147798220316 0.2412670674649152 0.1738952953707088 0.13762926242568274 0.07884658873081207 0.0570876392034384 0.057013755043347665 0.027471401973774567 -0.0010641021163840247 0.0217129658711584 0.015888942778110482 0.02267688264449436 0.024015415240736585 0.035840874439791615 0.038664340325023805 0.025102769335110964 0.030208165943622575 0.02400049038471713 0.015712536631091956 0.010802849646537549 0.0023086577653884666 0.005541046615689993 0.011768707633018516 0.01429122605839289 0.011630932490030943 0.007423560652467964 -0.0008343918358578173 0.002511732280254364 0.00889482731754715 0.016221110605531275 0.016702371752924383 0.01995765914519626 0.017234653672751232 0.060409406820933036
-9999 -9999 -9999 -9999 -9999 -9999 -9999 -9999 -9999 -9999 -9999 -9999 -9999 0.27742188506656223 0.11654109782294225 0.08610480143265292 0.05075445161624387 0.043382691388780426 0.05849151238799094 0.10340047570375294 0.07789168134331703 0.08168382197618483 0.03830796852707863 0.052501519210636616 0.06772896037860349 0.06456325429937115 0.056246086955070496 -9999 0.029207533846298876 0.043585016702612216 0.041525115569432565 0.041719223683079065 0.04041795661816228 0.03683644189284396 0.026738401916291957 0.01943081319332124 0.015510614030063152 0.015077656600624325 0.015127374367280457 0.017063824711619213 0.010720407237877705 0.007012308046624449 0.0010155540060352577 -0.008968058067399087 -9999 -9999 -9999 -9999 -9999 -9999 -9999 -9999
-9999 -9999 -9999 -9999 -9999 -9999 -9999 -9999 -9999 -9999 -9999 -9999 -9999 0.15100669446918702 0.10679682141000574 0.06117721647024155 0.1765243411064148 0.04449286900068583 0.0333143514063623 0.060026215819212074 0.06580906920135021 0.05000202828331996 0.04103615383307141 0.052169182083823484 0.048437409400939935 0.03722202715774375 0.037428398132324237 0.02172549068927765 0.03862607147958541 0.040022581263824734 0.036254505493811214 0.035117291978427334 0.02993830506290707 0.018949953573090702 0.02059947897990544 0.011217705134687728 0.01182945867379509 0.01087977644056082 0.01637459215190673 0.009395708103437705 0.004612649325281382 -9999 -9999 -9999 -9999 -9999 -9999 -9999 -9999 -9999 -9999 -9999
-9999 -9999 -9999 -9999 -9999 -9999 -9999 -9999 -9999 -9999 -9999 -9999 0.25702816247940063 0.1817503685460371 0.13798277378082274 0.1549968272447586 0.06982749565081164 0.05047614458534455 0.0804886798063914 0.05401337345441182 0.06676137040961871 0.059856592416763325 0.05604211642191959 0.03399925816942145 0.0242050979976301 0.01946667057496532 0.0026164433130851372 -0.0125346269745093 -0.0007199369094990082 0.021662585180381225 0.019711298161539548 0.017564682662487008 0.024358491102854433 0.016334524750709508 0.011578604082266464 0.00673274894555409 0.013384802774949522 0.0198856240345372 0.01790299059616196 0.005887676444318562 0.006698138184017599 -9999 -9999 -9999 -9999 -9999 -9999 -9999 -9999 -9999 -9999 -9999
-9999 -9999 -9999 -9999 -9999 -9999 -9999 -9999 -9999 -9999 -9999 0.10571579209395816 0.12059195252025827 0.13777225667780096 0.137219379345576 0.06588474270843325 0.10725254671914236 0.07285756192037035 0.06287089155779946 0.054346254338388855 0.04502316298229353 0.041660591959953315 0.0357851194483893 0.02481989356978187 0.028280497624956324 0.012622635066509236 0.019234688531967914 0.007606897751490259 0.01624324195312732 0.010714441086306705 0.014070027253844541 0.016608014702796936 0.0238768598612617 0.015482209622859957 0.023910851528247182 0.013194634658949713 0.007387122511863686 -0.0015033355189694175 -0.003515576453585384 -0.008898329090427703 -9999 -9999 -9999 -9999 -9999 -9999 -9999 -9999 -9999 -9999 -9999 -9999
-9999 -9999 -9999 -9999 -9999 -9999 -9999 -9999 -9999 -9999 0.047420271064924135 0.055787858637896426 0.07711521265181626 0.0920432932674885 0.07932527611653012 0.09683215847382176 0.06309768983295988 0.05708390003756475 0.055315805518108885 0.04633237847260069 0.042300080082246234 0.025270997945751442 0.02181449798601015 0.02256473282287863 0.02363144118210364 0.01913738052050273 0.0162151618860662 0.002889614020075093 0.019957808511597785 0.011603145514215762 -0.0004344457580197081 0.01723861212239547 0.016943130423040964 0.015790167782041786 0.010822831732886172 0.007706716253950806 0.002888377341959236 -0.0023392523462708037 -0.003376501875045984 -9999 -9999 -9999 -9999 -9999 -9999 -9999 -9999 -9999 -9999 -9999 -9999 -9999
-9999 -9999 -9999 -9999 -9999 -9999 -9999 -9999 -9999 -9999 -9999 -9999 0.08033238351345062 0.08226348459720613 0.0653511486623598 0.051497812867164594 0.03994636184402872 0.032314653540479736 0.032458888490994764 0.03054465305420662 0.023893812795480085 0.02356414544966912 0.022701268715243198 0.025073546075051856 0.02680194421726112 0.024334543582164855 0.021553325382145997 0.011396755774815859 0.00986308527403862 0.003476517274975777 0.009445767849683763 0.015881036434854782 0.013907843747654471 0.01593450396447571 0.014241326902363738 0.007416664312283216 0.005307752050851544 0.0066965783112927215 0.0016626566648483276 -0.014981820373921791 -9999 -9999 -9999 -9999 -9999 -9999 -9999 -9999 -9999 -9999 -9999 -9999
-9999 -9999 -9999 -9999 -9999 -9999 -9999 -9999 -9999 -9999 -9999 0.14657123386859894 0.02138757705688477 0.06785007227550854 0.04070313870906828 0.03518492656369365 0.03256881525439603 0.028737288081284732 0.02633808011358435 0.021859456643913755 0.02151705369804846 0.02233796886035372 0.01786347478628159 0.020912980770363517 0.02271980134879842 0.02265159522785859 0.01827866233447017 0.02282753225528833 0.01897532084295828 0.018118366599082947 0.010030078975593326 0.018391603396998524 0.008907884359359741 0.002967693739467203 0.005156706430410107 0.0001044743939450088 -0.0015621596091502374 0.0004481886689727267 -0.0029209050777795893 -9999 -9999 -9999 -9999 -9999 -9999 -9999 -9999 -9999 -9999 -9999 -9999 -9999
-9999 -9999 -9999 -9999 -9999 0.20508773128191632 0.07551076456352518 0.10418542474508287 0.202701641453637 0.17361117811763987 0.15271627114099615 0.05701859444379809 0.07068297929233974 0.04220248851925135 0.04488498440810612 0.03125212281136902 0.034756130642361105 0.023899596380559995 0.02020856424381856 0.014413798227906229 0.02292556029099685 0.01983032454001277 0.021900464221835114 0.023566067963838592 0.020107750222086884 0.010327295783688016 0.013795980635811278 0.01076640188694 0.02511115744709969 0.024515531353048403 0.016333257986439587 0.009408339073783469 0.006135980057161927 -0.003040927861418019 -0.008205185333887755 0.00944336867609688 0.01066717251044949 0.01339652165770533 -9999 -9999 -9999 -9999 -9999 -9999 -9999 -9999 -9999 -9999 -9999 -9999 -9999 -9999
-9999 -9999 -9999 -9999 0.13475205302238466 0.12345463814942732 0.10824245329086596 0.009302383065223685 0.05838042497634888 0.053028105925290996 0.04659428153977252 0.03990498653479985 0.03356899517147166 0.028776345676497395 0.020736022999412133 0.02080082808222089 0.01727716342822927 0.010686339065432536 0.004088616292727609 0.0071724278701318376 0.0058529255421538315 0.0006176197999402111 0.010898481576870622 0.00825677812099457 0.01518139870543228 0.018445278861020764 0.019096901749863338 0.02448143021148796 0.029489013247000876 0.02223663479089738 0.011617808443743992 6.343672672909362e-05 -0.005936020394650909 -0.01543859764933586 0.0002119466662406921 -9999 -9999 -9999 -9999 -9999 -9999 -9999 -9999 -9999 -9999 -9999 -9999 -9999 -9999 -9999 -9999 -9999
-9999 -9999 -9999 0.22236739234490827 0.101777184009552 0.1213441789150238 0.20031573474407194 0.03298648748848887 0.032155252669168584 0.08102984180053074 0.04946060934845281 0.05070832520723345 0.041852747400601686 0.019746864438056955 0.015906366400229632 0.01765804331411014 0.012485451996326448 0.012869874015450478 0.009833931158750477 0.009174630427971842 -0.011186985593093056 0.002953041717410093 0.010760260125001279 0.017172080486319796 0.007080337405204752 0.0061813331231838076 0.010427496617748609 0.010569694430329069 0.01559577758113545 0.011079124346071334 0.0074293087331616095 -9999 -9999 -9999 -9999 -9999 -9999 -9999 -9999 -9999 -9999 -9999 -9999 -9999 -9999 -9999 -9999 -9999 -9999 -9999 -9999 -9999
-9999 -9999 -9999 0.3294419012963772 0.31623675376176835 0.14902879936354502 0.13082018494606018 0.1087864451110363 0.1166089152296384 0.060095290221819087 0.052143439352512366 0.030101439581727063 0.02113399586894296 0.03496534688906239 0.026010243938519417 0.035677594189741146 0.023472833197291317 0.019529693946242318 0.013008252188966065 0.006947814633971761 0.013327391073107708 0.011190105974674236 0.011405744567150045 0.01963473988903891 0.020080363419320846 0.023581280708312998 0.011586175889384986 0.006790093105772278 -0.013429147601127622 -9999 -9999 -9999 -9999 -9999 -9999 -9999 -9999 -9999 -9999 -9999 -9999 -9999 -9999 -9999 -9999 -9999 -9999 -9999 -9999 -9999 -9999 -9999
-9999 -9999 -9999 0.19966758973896506 0.16251971820990244 0.2201222059401599 0.12599777138751486 0.08149220254914513 0.0731222403900964 0.06525557466915677 0.04036064485186025 0.049421722335474816 0.0187147359053294 0.05625453561544419 0.04197312830662242 0.008619628846645355 0.029531019316478224 0.01864282168993137 0.008260882645845402 -0.004213839769363403 0.015221893787384031 0.014406494051218022 0.006701655512632298 0.0025888887996023398 0.003118371760303329 -0.004685453904999637 -9999 0.0034627603160010396 -9999 -9999 -9999 -9999 -9999 -9999 -9999 -9999 -9999 -9999 -9999 -9999 -9999 -9999 -9999 -9999 -9999 -9999 -9999 -9999 -9999 -9999 -9999 -9999
-9999 -9999 -9999 0.2362369800155813 0.2166684369246165 0.1627321755886078 0.16609562834103905 0.16023234277963638 0.11871353378801636 0.0518209480990966 0.04505714732739663 0.03831856972292852 0.05133895363126484 0.04235450057096257 0.03567961366339162 0.026446790287369185 0.023883535712957368 0.020040914085176283 -0.002236797728321749 0.008683170005679142 0.031395221961305515 0.028712814475627683 0.015881158411502838 0.012205783691671137 0.005852380008609215 0.005568169343930007 0.00787878480363402 -9999 -9999 -9999 -9999 -9999 -9999 -9999 -9999 -9999 -9999 -9999 -9999 -9999 -9999 -9999 -9999 -9999 -9999 -9999 -9999 -9999 -9999 -9999 -9999 -9999
-9999 -9999 -9999 -9999 0.10606810450553894 0.03897401690483093 0.05033680438995364 0.0316458951968413 0.030447380473980545 0.03207076216737431 0.03477578391047087 0.034252033783839286 0.03903777490962634 0.024849943651093387 0.02855142123169369 0.01690188348293303 0.023637469857931137 0.005006300502045202 0.0003752605782614826 -0.002854799893167281 -0.0014147586796594556 0.01104551280031396 -0.0016598719723370794 0.005776776207817913 -9999 -9999 -9999 -9999 -9999 -9999 -9999 -9999 -9999 -9999 -9999 -9999 -9999 -9999 -9999 -9999 -9999 -9999 -9999 -9999 -9999 -9999 -9999 -9999 -9999 -9999 -9999 -9999
-9999 -9999 -9999 -9999 0.1368456079679377 0.07723236262798311 0.0459673142149335 0.02890264391899111 0.03241536021232605 0.025721991434693336 0.0405158266425133 0.04326732197533484 0.03416184595097665 0.029716930352151394 0.023396639774243052 0.020931237814377782 0.015830980924268545 0.006343054771423329 0.005017391321333997 0.00478866188363597 0.001615658078504667 0.0004815491645232539 0.0010705739259719849 0.0007994951203811884 0.005411755632270475 -9999 -9999 -9999 -9999 -9999 -9999 -9999 -9999 -9999 -9999 -9999 -9999 -9999 -9999 -9999 -9999 -9999 -9999 -9999 -9999 -9999 -9999 -9999 -9999 -9999 -9999 -9999
