metrics/grid_rasters/CCI Combined/grideval_CCI Combined_Y_2017_absolute_ubrmsd.asc
ncols 52
nrows 55
xllcorner     11.25
yllcorner     55.25
cellsize      0.25
NODATA_value  -9999
[rows 0 to 27 of 55, columns 0 to 51 of 52]
-9999 -9999 -9999 -9999 -9999 -9999 -9999 -9999 -9999 -9999 -9999 -9999 -9999 -9999 -9999 -9999 -9999 -9999 -9999 -9999 -9999 -9999 -9999 -9999 -9999 -9999 -9999 -9999 -9999 -9999 -9999 -9999 -9999 -9999 -9999 -9999 0.058229480172660025 0.05477500235300668 0.06145113567566472 -9999 -9999 -9999 -9999 -9999 -9999 -9999 -9999 -9999 -9999 -9999 -9999 -9999
-9999 -9999 -9999 -9999 -9999 -9999 -9999 -9999 -9999 -9999 -9999 -9999 -9999 -9999 -9999 -9999 -9999 -9999 -9999 -9999 -9999 -9999 -9999 -9999 -9999 -9999 -9999 -9999 -9999 -9999 -9999 -9999 -9999 -9999 -9999 -9999 0.04945099556463705 0.04826466241200391 0.04923079255571957 0.04410908111849564 0.059932460325325385 0.07052020524496863 -9999 -9999 -9999 -9999 -9999 -9999 -9999 -9999 -9999 -9999
-9999 -9999 -9999 -9999 -9999 -9999 -9999 -9999 -9999 -9999 -9999 -9999 -9999 -9999 -9999 -9999 -9999 -9999 -9999 -9999 -9999 -9999 -9999 -9999 -9999 -9999 -9999 0.05964220688703222 0.06206814622536575 0.05239140563860468 0.055883330838006326 0.06585886548381148 0.06968533841264997 0.07076121858133425 -9999 0.07684089832554704 0.05658951248004149 0.048898276287408116 0.06482403562961639 0.06938800429698913 0.06818986111622317 0.06912026339689425 0.06349298694936124 0.0605840911219442 0.06266566574821704 0.07508904878509852 -9999 -9999 -9999 -9999 -9999 -9999
-9999 -9999 -9999 -9999 -9999 -9999 -9999 -9999 -9999 -9999 -9999 -9999 -9999 -9999 -9999 -9999 -9999 -9999 -9999 -9999 -9999 -9999 -9999 -9999 -9999 -9999 -9999 0.06101771477269469 0.0630631470154482 0.05179824814856947 0.06370409038137295 0.04641219513082317 0.053589861785599366 0.0762213322871678 0.06540008858681909 0.06417155829437228 0.06305486845034293 0.06382140273089615 0.06885601904419282 0.07197967936643887 0.06263961255438172 0.06284812284069476 0.06797320563837274 0.07081008918799724 0.07484897459137382 0.07369709783025777 0.06952446025906278 0.05338105180009471 -9999 -9999 -9999 -9999
-9999 -9999 -9999 -9999 -9999 -9999 -9999 -9999 -9999 -9999 -9999 -9999 -9999 -9999 -9999 -9999 -9999 -9999 -9999 -9999 -9999 -9999 0.08079942288371984 0.06539892555721391 0.07577034974038738 0.07762785269461299 0.06551793298970705 0.054747459764350886 0.0503370208730341 0.046528735611040206 0.04672265539082957 0.054323963263310134 0.060145992904225995 0.06590028448244194 0.0676599061834461 0.06120402919277749 0.05743955418151206 0.052651006009933 0.05025454606435388 0.052894558998746816 0.051330026450322926 0.058840329646163286 0.06702543202251916 0.06060614793240528 0.059789013618724136 0.06153448269745451 0.05982869865625279 0.05737001371489706 0.050076186118292836 -9999 -9999 -9999
-9999 -9999 -9999 -9999 -9999 -9999 -9999 -9999 -9999 -9999 -9999 -9999 -9999 -9999 -9999 -9999 -9999 -9999 -9999 -9999 -9999 0.08772850530572457 0.07590477518952385 0.071039534280009 0.06031344775705425 0.05235655433286567 0.0635912554005466 0.06361985468583874 0.05046365097492319 0.0578360998030194 0.0741161695761554 0.042836427343642826 0.06634255863022051 0.0654749596714258 0.060051351005144187 0.062336765515821214 0.059886799770123865 0.054685261843027216 0.05220681070803709 0.05051420429752685 0.048446005554328084 0.05060893093452127 0.05164353953150647 0.04899402116352086 0.048881235188826484 0.05011826321510823 0.048943071860729485 0.04793715398337945 0.04979394668322155 -9999 -9999 -9999
-9999 -9999 -9999 -9999 -9999 -9999 -9999 -9999 -9999 -9999 -9999 -9999 -9999 -9999 -9999 -9999 -9999 -9999 -9999 -9999 0.07564138851660154 0.06425490604850734 0.09028019705104078 0.05804657589704791 0.060560082554120966 0.05462682424271433 0.050805407135357715 0.05652023842577762 0.0504697623475073 0.0522796973796474 0.05937772927418392 0.06100451536477905 0.06201368474684565 0.06283593913967149 0.06257440388618987 0.057525136515706114 0.0580338414655102 0.05751932057941377 0.05485579402191575 0.050306380025037525 0.04883405719185386 0.04686017411243542 0.04621096228770077 0.04698682989569652 0.04854562610470574 0.04720996480935934 0.045207831506101435 0.04399977644394041 0.041348915448552834 0.03818159255532513 -9999 -9999
-9999 -9999 -9999 -9999 -9999 -9999 -9999 -9999 -9999 -9999 -9999 -9999 -9999 -9999 -9999 -9999 -9999 -9999 -9999 -9999 -9999 0.0879411210647992 0.0651470905855924 0.058102258887607235 0.05509209568034525 0.04965804994672096 0.04924250238992355 0.05563720925147677 0.07768785789291581 0.058353665012166274 0.0491170938749495 0.05223325713015888 0.04416122035420856 0.032620783533467555 0.05125565928262929 0.06159979944430057 0.05878798014381121 0.055330527804271966 0.051818243671426886 0.04814430418683786 0.04813177629767625 0.04527321182811856 0.045183509627856284 0.03972278561753255 0.0455969602694696 0.04312799635318229 0.043151670286241214 0.04151247583251776 0.036708102478077966 -9999 -9999 -9999
-9999 -9999 -9999 -9999 -9999 -9999 -9999 -9999 -9999 -9999 -9999 -9999 -9999 -9999 -9999 -9999 -9999 -9999 -9999 0.07423172169941074 0.07082012371672819 0.07082357329010781 0.07168231247510014 0.05542030488449177 0.05274588987314912 0.0754386834299215 0.059575708706285924 0.05504971770876545 0.052581645110251714 0.05025099139201356 0.04880403375157857 0.04978842262400923 0.04958755802745333 0.05615074111383697 0.050594351414453134 0.05016971513822272 0.05109737561319953 0.05637894164915325 0.04899840508715708 0.04926134486840484 0.04620577125982599 0.04528069448081815 0.03995444947115767 0.0429069501491973 0.04179404610602299 0.04403496776894627 0.036345383648033816 0.03642464251168278 0.03950395989084084 0.03835365051247792 0.03888750335890072 -9999
-9999 -9999 -9999 -9999 -9999 -9999 -9999 -9999 -9999 -9999 -9999 -9999 -9999 -9999 -9999 -9999 -9999 -9999 0.058080193001650085 0.06401653446400139 0.0656085579938534 0.07149322573214884 0.0650206369147725 0.0572533695353915 0.06358468129846227 0.0628650707370877 0.058974953798114925 0.04344061180253707 0.05564910445944255 0.05551515163106148 0.049721368076140283 0.0479719790244716 0.04902006885636001 0.0620234767232449 0.04698290934941673 0.04521984976602639 0.04749176088957123 0.04644765018430528 0.05026276820022327 0.05123774314389467 0.04940211307154768 0.04447532827723365 0.037788735346422415 0.03851569904218902 0.03885381830017733 0.04119016667227978 0.0361734921041465 0.035835480982867644 0.03677788424022997 0.039228997446301435 0.03835107349257971 -9999
-9999 -9999 -9999 -9999 -9999 -9999 -9999 -9999 -9999 -9999 -9999 -9999 -9999 -9999 -9999 -9999 -9999 0.0595620896405569 0.05700092407406545 0.060576890222905876 0.06412827345148962 0.0545236812769767 0.0543682962595422 0.05025681174763828 0.053354997990582034 0.05104647868072144 0.05175825681525598 0.050764042433916426 0.055311559535042215 0.0558625434003833 0.059065973847036476 0.04728744371564143 0.04547584628905117 0.04435293773682585 0.044737394412092894 0.045016624062209534 0.0453444215296534 0.052772258261211284 0.0455850060001485 0.04521253391680397 0.045905225695346205 0.0441998391268132 0.0419212578922732 0.04400605629467464 0.04604950618942316 0.049486511733123566 0.04751933799977218 0.03868376886561406 0.03770340321045967 0.03826526676516573 -9999 -9999
-9999 -9999 -9999 -9999 -9999 -9999 -9999 -9999 -9999 -9999 -9999 -9999 -9999 0.08432855353147234 0.08211319481065174 0.07206028061108595 0.06810525979929767 0.0683748436582204 0.04688893175341069 0.05964199123097728 0.04831566480887548 0.05338088993404522 0.04729770516447638 0.04550962310303305 0.04007510189647312 0.03844097139000077 0.036308912016010636 0.04480758759037118 0.04982579853227161 0.051307471184748855 0.05000973143502404 0.049451275023991104 0.044327832230817835 0.04597820636788919 0.0446178388905543 0.0439431793987213 0.04448309610481944 0.047939405814694296 0.04559907964661653 0.04484758882062867 0.04582085347542693 0.04371356235595808 0.043165959597929536 0.040885712312949685 0.0415824515370571 0.04447588970262235 0.04311534884267853 0.044445115320815666 0.041114755222082515 0.0370827589736899 0.03516881841639486 -9999
-9999 -9999 -9999 -9999 -9999 -9999 -9999 -9999 -9999 -9999 -9999 -9999 -9999 0.0930582608614536 0.08000453746752889 0.07826168653884794 0.07834478098182272 0.06923075258484232 0.06751387806259959 0.060344911843034525 0.056514805367304924 0.04744935564846172 0.04920748457779549 0.039638084358257934 0.029489452108969718 0.0369188724292249 0.029973856703112093 0.03964409011405516 0.039174683757087984 0.044618518409399885 0.04301456751340037 0.0438978645729716 0.04172943314653625 0.043627460151671855 0.04623706777126843 0.04185421385151443 0.04625650477647274 0.04321554211622955 0.04175966601451685 0.04289710161976713 0.041339539010948986 0.04218723609671077 0.041221859685053215 0.045408759848085865 0.04421826928808625 0.04441186241214615 0.0444252431298856 0.04214750207579837 0.04224082977092359 0.040737097667522176 0.03954219022826869 0.03952441758852135
-9999 -9999 -9999 -9999 -9999 -9999 -9999 -9999 -9999 -9999 -9999 -9999 -9999 0.08737298498057668 0.0893228879623267 0.08066130584175525 0.06293906601572613 0.0597751596844287 0.05375557685608385 0.049012787027983104 0.046090614963691406 0.052860580176179166 0.0421020432498269 0.03796069577768215 0.03531971523792073 0.03536312467066551 0.038938990318041114 -9999 0.03576074238237141 0.04470731774595221 0.043873172727172116 0.04105311141091714 0.03908575275374653 0.04288056749217211 0.04344968770451717 0.04177104940280559 0.03953154036724325 0.037930049464045684 0.03664960597068075 0.038944486780559666 0.039687884899554965 0.04842796380954077 0.05349155512959053 0.05567103677503001 -9999 -9999 -9999 -9999 -9999 -9999 -9999 -9999
-9999 -9999 -9999 -9999 -9999 -9999 -9999 -9999 -9999 -9999 -9999 -9999 -9999 0.08675997761600954 0.07591688893968088 0.05889720781438142 0.04445119757412117 0.05032580123339188 0.04830828114867602 0.0439954864786352 0.04133386125840339 0.03808416135852585 0.026526430863910214 0.03819618147801288 0.03678954059815934 0.03844066161515842 0.041331803638675495 0.054787593307245634 0.040774630144632285 0.04245856211725233 0.04187610283391184 0.03975017188022565 0.04096673111822273 0.040935869367427616 0.03927286039937752 0.03670245060097625 0.03651541401899963 0.036032036713039284 0.036402604903884805 0.03851071545602512 0.037638815235353514 -9999 -9999 -9999 -9999 -9999 -9999 -9999 -9999 -9999 -9999 -9999
-9999 -9999 -9999 -9999 -9999 -9999 -9999 -9999 -9999 -9999 -9999 -9999 0.08283367991675279 0.0877432473788174 0.06855748857562595 0.03476447195815865 0.06354929313200593 0.04775848396045434 0.04763579905259354 0.03789884946142852 0.03575424901148225 0.033656538998663686 0.031067655527437205 0.03054035284040556 0.03343006980040602 0.03553370056982805 0.03719750952622897 0.04188801042360448 0.04165261027392856 0.037415572342942544 0.036540632532633024 0.03903175322779084 0.039291939898493465 0.03855925692278099 0.03697506794990763 0.0359045192137027 0.0328894874296962 0.03426715722823533 0.03448202775644955 0.03195459425954003 0.03620614039303887 -9999 -9999 -9999 -9999 -9999 -9999 -9999 -9999 -9999 -9999 -9999
-9999 -9999 -9999 -9999 -9999 -9999 -9999 -9999 -9999 -9999 -9999 0.09595361344712297 0.0789318010765643 0.08116621751700935 0.06865364697303399 0.06442920913277471 0.05543695821174968 0.04557658081915994 0.04092353965656596 0.03338661859873028 0.032115040521069574 0.030790454572535462 0.03211102970633326 0.030072448305719108 0.029975737158500344 0.035648496960437065 0.030992422459860114 0.0383608897088414 0.0314098788089959 0.03590388487738271 0.034409788340824206 0.034863114435150264 0.033845449305658235 0.03238585638282946 0.031892699649412236 0.034040381879842097 0.033104926135900284 0.03158984665279328 0.03178797432174844 0.035211295546657494 -9999 -9999 -9999 -9999 -9999 -9999 -9999 -9999 -9999 -9999 -9999 -9999
-9999 -9999 -9999 -9999 -9999 -9999 -9999 -9999 -9999 -9999 0.07354553854732443 0.07962159378486143 0.08513039244138826 0.07359708399957092 0.06590416907823321 0.05010998620667481 0.03764277092461157 0.032967839146064715 0.033607841166844336 0.02875389284379308 0.02690702190881073 0.030827931054678605 0.02778248109169975 0.027067211371917917 0.02673416598320597 0.02584327825630254 0.025168751837212476 0.03292319126544023 0.029684841371556282 0.030234692506265575 0.03257643878669739 0.029604943752726574 0.030247522071311962 0.03076350451622278 0.028730106097762543 0.029215610674056338 0.030790516702091826 0.02946232315950116 0.03006656852538246 -9999 -9999 -9999 -9999 -9999 -9999 -9999 -9999 -9999 -9999 -9999 -9999 -9999
-9999 -9999 -9999 -9999 -9999 -9999 -9999 -9999 -9999 -9999 -9999 -9999 0.05428337067057784 0.045554978300745695 0.038220876667772415 0.032936523304498214 0.029040063318212368 0.02682914439417829 0.02525762823426351 0.023891770151307248 0.023899420005282047 0.02705452765266099 0.02573759497142461 0.028066284093493963 0.02899361551287715 0.02554108275892389 0.02462095415901286 0.02646649631029815 0.034758295223209515 0.032536044725129165 0.032483361276413825 0.029034621493570945 0.029730653697950717 0.030033587927329155 0.031149085305388794 0.030729846774007512 0.030883185878763493 0.02987371033384381 0.02701146739522422 0.03538691085287917 -9999 -9999 -9999 -9999 -9999 -9999 -9999 -9999 -9999 -9999 -9999 -9999
-9999 -9999 -9999 -9999 -9999 -9999 -9999 -9999 -9999 -9999 -9999 0.044954358646978526 0.0327136043721191 0.03909734708497034 0.04057482176201037 0.02867522883643853 0.02879270000936025 0.0294091263571004 0.03000872112408866 0.031329256772976086 0.029294946142513708 0.02974014347744139 0.03254182319903511 0.03093864485067532 0.03267650386452425 0.03162923069046456 0.03141187953289428 0.02637079260778404 0.03139705928666032 0.027568607162646024 0.028152044877478757 0.028822489536875724 0.02762357487327495 0.0277607115213168 0.03144286515615753 0.03069948482806136 0.0290212203407922 0.030952144153478408 0.030942042876086987 -9999 -9999 -9999 -9999 -9999 -9999 -9999 -9999 -9999 -9999 -9999 -9999 -9999
-9999 -9999 -9999 -9999 -9999 0.055921375906271706 0.06615175695597156 0.056729612568707385 0.052196821900530085 0.057538227590030334 0.03945609749250168 0.03546433209503316 0.037652660691500285 0.03037634702781768 0.033074582828572965 0.029985896444819964 0.02436084980915094 0.02796361015311956 0.027600638623559638 0.030593445515555127 0.028788662358414808 0.0273962609551988 0.02938688071702591 0.031029151321447318 0.028663195995592267 0.028484451230752626 0.029091891550444324 0.02977866501172556 0.027946096031850158 0.026645113086462426 0.028447040516374724 0.028660158502686564 0.028679608590070425 0.028754913941066523 0.0288202619128532 0.03069118023006673 0.03054841983210925 0.028793036737766627 -9999 -9999 -9999 -9999 -9999 -9999 -9999 -9999 -9999 -9999 -9999 -9999 -9999 -9999
-9999 -9999 -9999 -9999 0.038421454872121535 0.05086560184667732 0.04017407403363426 0.03736866373120007 0.03820916472199086 0.05525003149323718 0.035948195423168385 0.033232846408092764 0.03073938533551173 0.03133319362333062 0.030068127877960312 0.04009353269844193 0.03524782292810905 0.026176836952418868 0.024061180792685592 0.026256461573303302 0.024378252797921208 0.025310678227393267 0.02461325348067958 0.027442148975917142 0.02884648934059748 0.029241768163827963 0.03027880266696922 0.0316300478486488 0.030503269492009644 0.02848766570974618 0.030867646190656337 0.029677967900081082 0.03014496840002285 0.029041141030067424 0.023259559338003062 -9999 -9999 -9999 -9999 -9999 -9999 -9999 -9999 -9999 -9999 -9999 -9999 -9999 -9999 -9999 -9999 -9999
-9999 -9999 -9999 0.05157588136474781 0.056393648600932475 0.03160390730592675 0.024003330558419272 0.033344232500053424 0.03317381812750119 0.0410029001243325 0.033177401874971195 0.052443129020289664 0.02841018609031428 0.033305624048844816 0.040636648717604584 0.04111091645842805 0.025827545141845983 0.024625630502133743 0.024049839023927468 0.024401981048865738 0.030206967486093545 0.027486367197382563 0.027345706612272758 0.028026251416207543 0.028719622417442036 0.02811266437856688 0.027540500903168817 0.0295923511263436 0.033153688108711214 0.03295028032706575 0.028351101015704237 -9999 -9999 -9999 -9999 -9999 -9999 -9999 -9999 -9999 -9999 -9999 -9999 -9999 -9999 -9999 -9999 -9999 -9999 -9999 -9999 -9999
-9999 -9999 -9999 0.07152124215492736 0.07745499409003664 0.04420428993932855 0.054018331066500516 0.0407362058194848 0.03352508886998939 0.03301056614964956 0.034152160499945336 0.028072567432531902 0.027200226811286983 0.03129987102887132 0.034819882308235205 0.03621292258176728 0.029377180179458087 0.02908563899073935 0.02871589577522225 0.04033747695971642 0.04087439618239303 0.027541483524355027 0.027813926004948426 0.0358476783366075 0.03195395516348964 0.03519057224701643 0.0311928127681744 0.026516249896744653 0.026570770844608856 -9999 -9999 -9999 -9999 -9999 -9999 -9999 -9999 -9999 -9999 -9999 -9999 -9999 -9999 -9999 -9999 -9999 -9999 -9999 -9999 -9999 -9999 -9999
-9999 -9999 -9999 0.06385548136817976 0.05349050817310825 0.0456695973118269 0.039052966722567375 0.03983673769812432 0.03874251838334706 0.036299377960973135 0.030265081441661026 0.0342517972894596 0.0281642137442002 0.03435158720248997 0.032033638698748965 0.02752422697249196 0.02847690779104045 0.034676714913913845 0.03516184170241669 0.04539184724839592 0.03312908243938965 0.0324818642148372 0.03299033576598152 0.031322969446738486 0.0331378581964988 0.03674030076837007 -9999 0.04439001102845306 -9999 -9999 -9999 -9999 -9999 -9999 -9999 -9999 -9999 -9999 -9999 -9999 -9999 -9999 -9999 -9999 -9999 -9999 -9999 -9999 -9999 -9999 -9999 -9999
-9999 -9999 -9999 0.06557668278742784 0.05369516118201378 0.04656587668009282 0.03946797147633233 0.048789032868867516 0.03971978168135077 0.046996534539509936 0.036845727167891286 0.0322339632302946 0.031982970628463614 0.029314658036458382 0.03130906170318468 0.031171432985258832 0.03663905028888145 0.032977360615315525 0.04755827061663759 0.04780110026480484 0.0333513429223374 0.03321051251042119 0.03234214343057086 0.0432579471821778 0.043132518212235633 0.04037652221126062 0.036530255255850484 -9999 -9999 -9999 -9999 -9999 -9999 -9999 -9999 -9999 -9999 -9999 -9999 -9999 -9999 -9999 -9999 -9999 -9999 -9999 -9999 -9999 -9999 -9999 -9999 -9999
-9999 -9999 -9999 -9999 0.035436780200848034 0.038935720938116564 0.04476185764101012 0.04177684074235585 0.03804520568750088 0.048989054507578116 0.0360592943235892 0.03388497743306397 0.03410692900677829 0.033248859523564565 0.029789600893445838 0.034565261930795635 0.03279515296685129 0.03469982174015915 0.03610634680342162 0.03726055047029683 0.04400666548408955 0.03299756574214066 0.04057345755038935 0.045548435330082834 -9999 -9999 -9999 -9999 -9999 -9999 -9999 -9999 -9999 -9999 -9999 -9999 -9999 -9999 -9999 -9999 -9999 -9999 -9999 -9999 -9999 -9999 -9999 -9999 -9999 -9999 -9999 -9999
-9999 -9999 -9999 -9999 0.03672057180148447 0.0406130500406946 0.047057496424931004 0.03727508844712424 0.044795068644255635 0.0404176094077425 0.037513669317510566 0.037605929379035306 0.0358411779182496 0.03503412856972971 0.0369645040532132 0.03534806985674703 0.032430525681610235 0.032175544935724734 0.03093031162172055 0.03289614349190684 0.03244202786049959 0.03226866218193949 0.03093664707304053 0.030344090358472207 0.03937821870987557 -9999 -9999 -9999 -9999 -9999 -9999 -9999 -9999 -9999 -9999 -9999 -9999 -9999 -9999 -9999 -9999 -9999 -9999 -9999 -9999 -9999 -9999 -9999 -9999 -9999 -9999 -9999
