metrics/grid_rasters/CCI Combined/grideval_CCI Combined_X_summer_2016_absolute_ubrmsd.asc
ncols 52
nrows 55
xllcorner     11.25
yllcorner     55.25
cellsize      0.25
NODATA_value  -9999
[rows 0 to 27 of 55, columns 0 to 51 of 52]
-9999 -9999 -9999 -9999 -9999 -9999 -9999 -9999 -9999 -9999 -9999 -9999 -9999 -9999 -9999 -9999 -9999 -9999 -9999 -9999 -9999 -9999 -9999 -9999 -9999 -9999 -9999 -9999 -9999 -9999 -9999 -9999 -9999 -9999 -9999 -9999 0.03790766947326786 0.04187274007087753 0.0327060258838572 -9999 -9999 -9999 -9999 -9999 -9999 -9999 -9999 -9999 -9999 -9999 -9999 -9999
-9999 -9999 -9999 -9999 -9999 -9999 -9999 -9999 -9999 -9999 -9999 -9999 -9999 -9999 -9999 -9999 -9999 -9999 -9999 -9999 -9999 -9999 -9999 -9999 -9999 -9999 -9999 -9999 -9999 -9999 -9999 -9999 -9999 -9999 -9999 -9999 0.027948687162529524 0.02528006669379204 0.025827717239568858 0.024059250983629862 0.027353664846202785 0.028115653732464087 -9999 -9999 -9999 -9999 -9999 -9999 -9999 -9999 -9999 -9999
-9999 -9999 -9999 -9999 -9999 -9999 -9999 -9999 -9999 -9999 -9999 -9999 -9999 -9999 -9999 -9999 -9999 -9999 -9999 -9999 -9999 -9999 -9999 -9999 -9999 -9999 -9999 0.05649513450373855 0.05573178626821474 0.05584936369177769 0.05585456689637183 0.062064398521119786 0.05387484113250575 0.03729591757399302 -9999 0.02982640222989692 0.03141340794456701 0.0320182639344657 0.033427340755205794 0.03548548886517159 0.04100607189194256 0.04067928762487708 0.041288327194282784 0.03820913642584938 0.041939449626323545 0.046335394183011115 -9999 -9999 -9999 -9999 -9999 -9999
-9999 -9999 -9999 -9999 -9999 -9999 -9999 -9999 -9999 -9999 -9999 -9999 -9999 -9999 -9999 -9999 -9999 -9999 -9999 -9999 -9999 -9999 -9999 -9999 -9999 -9999 -9999 0.05171405290036026 0.0566271892874675 0.041404676481514385 0.0411690651521463 0.043932428544870575 0.03554598841459905 0.0313985476549371 0.02906286484647887 0.03301552799997277 0.03772647365043328 0.04277519102936443 0.0408749111272288 0.041210833638351 0.04640526761124597 0.0451506662431236 0.044924512512940516 0.042850410952508966 0.04481696577851423 0.040173814953696936 0.038554843547049286 0.04782234278583919 -9999 -9999 -9999 -9999
-9999 -9999 -9999 -9999 -9999 -9999 -9999 -9999 -9999 -9999 -9999 -9999 -9999 -9999 -9999 -9999 -9999 -9999 -9999 -9999 -9999 -9999 0.0649637297324369 0.054022000882367256 0.06493382973043031 0.0708600470954405 0.063544701601799 0.050639105199167325 0.039874102266163856 0.03776788275517928 0.03540720216172905 0.0423502495579959 0.031690030860141716 0.03409111381251085 0.039955071593710784 0.041346369153562434 0.03603845287258554 0.0332611743290729 0.03539998190315269 0.03734408512714447 0.03804966233944677 0.04540556877668493 0.04532986024485962 0.03636622926508733 0.03587196609098093 0.03712041402047082 0.034735405033495884 0.0332472655438303 0.03419382518735528 -9999 -9999 -9999
-9999 -9999 -9999 -9999 -9999 -9999 -9999 -9999 -9999 -9999 -9999 -9999 -9999 -9999 -9999 -9999 -9999 -9999 -9999 -9999 -9999 0.058695937903541995 0.04872336338199382 0.05493767753637603 0.05364129130028087 0.060508141292603325 0.06470139144631018 0.044512358744351034 0.051105779887177405 0.04713743287091215 0.04045738949818956 0.03246764120680533 0.03751415237837159 0.041976184650796784 0.043450482351742536 0.04077509828754045 0.039307202812873664 0.039087954755474864 0.03329260943312659 0.03475182434094172 0.035902825798500536 0.035250322555901784 0.03701464287057291 0.03554392279672371 0.03551830972025992 0.034498522366694484 0.03348828050537345 0.032897118202942915 0.03324324426590655 -9999 -9999 -9999
-9999 -9999 -9999 -9999 -9999 -9999 -9999 -9999 -9999 -9999 -9999 -9999 -9999 -9999 -9999 -9999 -9999 -9999 -9999 -9999 0.06352915592422398 0.05570335450528039 0.06920467082128798 0.046205978317860726 0.05363384042602743 0.05094108740004895 0.05345076191528262 0.05473702232399407 0.049022583290893484 0.04204322483673356 0.03339043284283068 0.0384430198783688 0.04435350973272139 0.04644722510731935 0.04431826357076767 0.04078694465676689 0.03942120883597403 0.040194942860470234 0.04134509703101322 0.037232269506723606 0.03562454038762713 0.03507817611297038 0.035858025393875344 0.03577905842816309 0.035177600428507295 0.03509503070332917 0.035183762479491364 0.03689816736895077 0.036750307415769484 0.030991851404678725 -9999 -9999
-9999 -9999 -9999 -9999 -9999 -9999 -9999 -9999 -9999 -9999 -9999 -9999 -9999 -9999 -9999 -9999 -9999 -9999 -9999 -9999 -9999 0.07283491672564575 0.06269258794285748 0.057185099168176864 0.05596519802283333 0.055902742861005834 0.05162381710169192 0.047280252309495764 0.050808381292820365 0.039397735539522236 0.03831768371505555 0.03557598161400211 0.03202445409877542 0.035305284424908184 0.03514780100137692 0.036861730555448016 0.03376306195002153 0.035035777331936364 0.03823493517541298 0.037072361741775264 0.03629414350846205 0.03656320631679191 0.03633631146037075 0.03373875106942957 0.03614836925751043 0.035284623369035734 0.035294403378488264 0.03608810255584846 0.03709502084531089 -9999 -9999 -9999
-9999 -9999 -9999 -9999 -9999 -9999 -9999 -9999 -9999 -9999 -9999 -9999 -9999 -9999 -9999 -9999 -9999 -9999 -9999 0.0638637672062484 0.06413854618774338 0.06615363684230015 0.0510126810800374 0.061134995921187374 0.04199402851627872 0.051543062905897816 0.04536917189562528 0.041773119903484965 0.03833770059507696 0.036860542667272365 0.034009664997734834 0.03454553157311663 0.03446879121745672 0.040524748910485 0.0338062186461762 0.03438235793745061 0.0345204069199096 0.03386892420849166 0.03409289761200834 0.03500020742270068 0.035287148015436434 0.037327755962860136 0.037617365738429547 0.03720968681166571 0.036020831063642886 0.037143810409473135 0.03417518506283737 0.039424470277942186 0.03549208972419992 0.03733250193179688 0.033506749273610456 -9999
-9999 -9999 -9999 -9999 -9999 -9999 -9999 -9999 -9999 -9999 -9999 -9999 -9999 -9999 -9999 -9999 -9999 -9999 0.043662975157257054 0.05728165253404259 0.05902591490941616 0.05769899249798651 0.04449587022273331 0.0411415804571784 0.04656358754402239 0.04305494364316295 0.05039058115754918 0.050058785210768585 0.04739330458595591 0.04673621268575257 0.03475355245565168 0.034002278739722426 0.034813867302390764 0.04442601556318265 0.034375579031254294 0.0354092537886343 0.03659752390159541 0.034765343995386534 0.03340608918442189 0.03397676438431767 0.034856620486856366 0.03581028860735057 0.03851666480637323 0.03283838779831353 0.03564996029004477 0.03598998028420301 0.03348253694246206 0.03417246278709391 0.03370925903044509 0.034683501741580317 0.03245310783831975 -9999
-9999 -9999 -9999 -9999 -9999 -9999 -9999 -9999 -9999 -9999 -9999 -9999 -9999 -9999 -9999 -9999 -9999 0.04857183049251139 0.04521789810545498 0.0536281786016943 0.0477645600484465 0.04066225074390272 0.04229620121616221 0.03887001154854303 0.03992179879171348 0.04117551825112125 0.040783926519091004 0.037489978353912684 0.0379561800897031 0.03680850956009793 0.035701223571798085 0.035037848551097164 0.03614644748052438 0.03754702324049642 0.035218960787018624 0.036176885931676284 0.039958331647676884 0.04539646021544056 0.03848317355735484 0.035749374295145735 0.036026256378345896 0.03487887212198428 0.03157284615269322 0.034261893493053135 0.035449796384712615 0.03698197181317718 0.036170104509301776 0.031056548259750932 0.03029528514700872 0.034768198049378064 -9999 -9999
-9999 -9999 -9999 -9999 -9999 -9999 -9999 -9999 -9999 -9999 -9999 -9999 -9999 0.06173387720808634 0.05698273472195078 0.04997599317212241 0.05094100113819669 0.0519328572486592 0.03718337897643231 0.04170421667537335 0.034599048206910364 0.038846030184235436 0.04358694983049426 0.043023049410652346 0.03866539873310396 0.03312989652097409 0.031589976796097666 0.038143855639098966 0.043663380285254974 0.04166991929242417 0.03948462011302485 0.04025617007780175 0.03884402571731245 0.03798539459003037 0.03640019213736409 0.0353828802559597 0.035819382770573886 0.03824145329953155 0.038015273613731415 0.03516435664748085 0.035863173721234216 0.0338219716899934 0.032222981488741045 0.031653453762709526 0.03193659978791244 0.03495496650027288 0.03350481946781963 0.03463038563554244 0.03107597102108049 0.02965996953730164 0.030280252112589383 -9999
-9999 -9999 -9999 -9999 -9999 -9999 -9999 -9999 -9999 -9999 -9999 -9999 -9999 0.06454001092842229 0.05598368282178762 0.05983563708592431 0.05854685136484646 0.0457185766558022 0.040524258256758934 0.03623651935924229 0.04588158288564731 0.04672619466113333 0.053814746439506435 0.0422295988362179 0.04186019881040985 0.03272308564430597 0.02452141608299748 0.035206772657322444 0.03248669975504645 0.03393313791109913 0.03182886823698998 0.03305221586185395 0.03380851384260935 0.03692156284538363 0.04024798919517687 0.03791505155481237 0.037403777215977714 0.036944401226933606 0.0369797893896215 0.03531511343935132 0.034765868502095745 0.035222428854633975 0.034208811466592215 0.037857222246050336 0.0370060051490835 0.035693621593758 0.03478306803969644 0.034576329679412585 0.035073160525758845 0.0343004705613586 0.03541568564186645 0.03562886792893138
-9999 -9999 -9999 -9999 -9999 -9999 -9999 -9999 -9999 -9999 -9999 -9999 -9999 0.05725210065641495 0.056437079490094966 0.048927777741373725 0.04630138584111751 0.046451841601086834 0.041187678452988936 0.04132592879006653 0.04373141830640198 0.04608449215890733 0.04120056757207917 0.036392542658473366 0.036216207436852034 0.03694814399104858 0.03823976023449425 -9999 0.029507917585244625 0.033540986696948015 0.030661960005510882 0.03207810379002042 0.032280269736224415 0.033770901416719616 0.03369451521139108 0.034701291748353645 0.034008169498851354 0.033788329629992946 0.0336749594469757 0.033818527816214326 0.031200216644540545 0.031830206919716914 0.03530949078935077 0.037503199039487636 -9999 -9999 -9999 -9999 -9999 -9999 -9999 -9999
-9999 -9999 -9999 -9999 -9999 -9999 -9999 -9999 -9999 -9999 -9999 -9999 -9999 0.05181575433779025 0.041941601405706685 0.04086389129323476 0.03665363696400925 0.040002093468447235 0.039644570546118564 0.03465496805790735 0.03855118084467462 0.03581645548772442 0.03843769073841062 0.03937977546418954 0.03683254201462397 0.03781788751092747 0.0403554867484504 0.05357562696905942 0.0384772907365493 0.035080711710325535 0.033087942446324334 0.030485655595083268 0.03039987810910738 0.032774226602628624 0.033643097756823906 0.033410336099405955 0.03269877817619614 0.03350536267973291 0.03461396065287541 0.0373223094186406 0.032775697175227804 -9999 -9999 -9999 -9999 -9999 -9999 -9999 -9999 -9999 -9999 -9999
-9999 -9999 -9999 -9999 -9999 -9999 -9999 -9999 -9999 -9999 -9999 -9999 0.061636614673614525 0.05089872117857806 0.038249093226414316 0.04209544612742186 0.03871194411145765 0.03905933766686923 0.0393885267302287 0.035544663738447224 0.03612058316103157 0.03598415154267185 0.03137317096498162 0.034752991332722895 0.03501979697132917 0.036237418489977816 0.037325686865307774 0.0392958430852364 0.03508676103749512 0.03161288532912721 0.03101083119808644 0.0326664580689935 0.03104377005390872 0.032083706316944266 0.03223422505458153 0.03216611365612547 0.031813294135645966 0.03169063291416678 0.03223042370717923 0.03073643299873559 0.03402354546583805 -9999 -9999 -9999 -9999 -9999 -9999 -9999 -9999 -9999 -9999 -9999
-9999 -9999 -9999 -9999 -9999 -9999 -9999 -9999 -9999 -9999 -9999 0.04853244898931861 0.048404109767461435 0.04871254114453573 0.045712989873683114 0.0423388779549671 0.04227970104481769 0.04073670079491632 0.034898101051397616 0.039222165653563235 0.038656079505094684 0.03529385096759436 0.03290835654066592 0.03367032143204413 0.033511707925412776 0.0363802612917488 0.034707725544764645 0.03995856905982427 0.03372110273731385 0.031355686199582136 0.02907286862869872 0.02992419072659858 0.02894958777403182 0.028221610633089738 0.02972649105601735 0.02996396216483943 0.031054957358636507 0.03184276846682518 0.032506449358864445 0.036616765169665284 -9999 -9999 -9999 -9999 -9999 -9999 -9999 -9999 -9999 -9999 -9999 -9999
-9999 -9999 -9999 -9999 -9999 -9999 -9999 -9999 -9999 -9999 0.04281908517918087 0.04760260957271667 0.05378661189815498 0.04921667101336569 0.0452052003654758 0.041389461164590385 0.03805184166641848 0.03725945965773109 0.03624155114530506 0.0348242618924226 0.034810127104313394 0.04082095897574788 0.03611879051856272 0.03335839542683102 0.032682600868141384 0.03183660930909473 0.03207739244099237 0.03431727855533432 0.03358701216137305 0.0333152112594702 0.0339686238358516 0.02791882604717665 0.026462589100379283 0.02595574008968906 0.02806729709821381 0.029780519145421524 0.032282637974218494 0.03248038752462865 0.031991487204124903 -9999 -9999 -9999 -9999 -9999 -9999 -9999 -9999 -9999 -9999 -9999 -9999 -9999
-9999 -9999 -9999 -9999 -9999 -9999 -9999 -9999 -9999 -9999 -9999 -9999 0.03677447433000607 0.03340772838435361 0.035610348217420755 0.036344749156896325 0.03822237956354372 0.04024133981640986 0.03780126988543694 0.033336571922952064 0.034069068111092074 0.03607131372971599 0.037574830335002564 0.035140357296287464 0.033643731849089094 0.02995463512430593 0.030012478727164036 0.030847483512032776 0.03299048038751175 0.03265973387828835 0.03155147065313561 0.028843243412035743 0.02977112956833908 0.029123994936715643 0.028834629826366143 0.02993354543258484 0.031223006511632814 0.033199215286876964 0.03369347588898222 0.039153077038019735 -9999 -9999 -9999 -9999 -9999 -9999 -9999 -9999 -9999 -9999 -9999 -9999
-9999 -9999 -9999 -9999 -9999 -9999 -9999 -9999 -9999 -9999 -9999 0.046160208625468505 0.041084090963898895 0.04335901183809724 0.04204468729349641 0.037093612353481145 0.036537732424344535 0.039120803785990636 0.038970999434100234 0.036999746977906235 0.035759038504189836 0.035780844543921775 0.03501987197872597 0.03382244948623886 0.033447983712319364 0.03145249358676331 0.029548733591851405 0.028329215031320795 0.02874330199678423 0.02949512665983385 0.03054538160517164 0.032337480874152946 0.03294294872151067 0.0333979837866814 0.03347020424079936 0.031679083699401415 0.031122691910416105 0.036021940340808016 0.03553972514506647 -9999 -9999 -9999 -9999 -9999 -9999 -9999 -9999 -9999 -9999 -9999 -9999 -9999
-9999 -9999 -9999 -9999 -9999 0.033812547021020815 0.03184351564582845 0.03337213473400025 0.03965444735243162 0.041270588578038565 0.044372374442259714 0.038061985125213235 0.04408670851105415 0.03771873896792712 0.03551589998662414 0.035316217783854985 0.03944333900216725 0.0369494938890729 0.037022584106411065 0.0348391939112258 0.034011443309784735 0.03480219809436082 0.03514827456340908 0.03643569988230379 0.03327500410743051 0.03144757911120066 0.028390976779794564 0.027035703928646296 0.02761621436363757 0.029188810624759982 0.029844151292012063 0.033397290237193115 0.033996346540704034 0.03610267796217339 0.036964366646530133 0.039248605377620566 0.04001516180932629 0.037364143878942636 -9999 -9999 -9999 -9999 -9999 -9999 -9999 -9999 -9999 -9999 -9999 -9999 -9999 -9999
-9999 -9999 -9999 -9999 0.03204591262373392 0.029472476002765726 0.03391038324694782 0.029956410217373032 0.0320848572307235 0.0352668350724424 0.035722564195156084 0.037293662166957835 0.0340217901882696 0.03410332523524165 0.034215168670393065 0.03363478520461103 0.0349229846229492 0.0331481725669869 0.03363524243228079 0.037997231597815234 0.03908000538877717 0.04193491150350322 0.03719282176696046 0.0398042361177663 0.03783563165322626 0.035253846037190874 0.03508993132068025 0.031948019758408136 0.030832916193549918 0.03191717066914318 0.03218559167199492 0.03562123713167237 0.03737818552060024 0.03562523538934848 0.0356753627946258 -9999 -9999 -9999 -9999 -9999 -9999 -9999 -9999 -9999 -9999 -9999 -9999 -9999 -9999 -9999 -9999 -9999
-9999 -9999 -9999 0.03233405578925435 0.03444499438173215 0.02182516232633781 0.026581707778094845 0.034487593706118945 0.03335678655318815 0.03473527012238952 0.03768734779231421 0.029105761959969008 0.03258023986946413 0.033621668072605256 0.03163782461065449 0.02791318015839251 0.029413354557415575 0.027251454574566045 0.027502040509877812 0.03096155345069125 0.033262708227834795 0.039340899735158266 0.040251281511594635 0.0399723198509092 0.038872624331270464 0.03572339373673203 0.03506978482725594 0.034387434726778784 0.0345277123688867 0.03444946624489451 0.03439972811350666 -9999 -9999 -9999 -9999 -9999 -9999 -9999 -9999 -9999 -9999 -9999 -9999 -9999 -9999 -9999 -9999 -9999 -9999 -9999 -9999 -9999
-9999 -9999 -9999 0.03393143343813644 0.03734602917411246 0.025414123896394237 0.02748498723978821 0.027721865312056775 0.02684212841822709 0.031604770009048384 0.034647460363906785 0.0258722016728843 0.022295372625806158 0.02993437331383713 0.02767668181325905 0.025326641205513496 0.02614532711678087 0.027257333052751527 0.02619206267116645 0.030986452312329344 0.0327604723819419 0.036173484484096914 0.03584906316021892 0.03638383285272006 0.03536513090123322 0.034768260964482885 0.03322494073533571 0.0323553902833898 0.03220640082782348 -9999 -9999 -9999 -9999 -9999 -9999 -9999 -9999 -9999 -9999 -9999 -9999 -9999 -9999 -9999 -9999 -9999 -9999 -9999 -9999 -9999 -9999 -9999
-9999 -9999 -9999 0.030297521516322562 0.028382047047332437 0.02670519071798412 0.026806442891735238 0.02292759253266057 0.02538881697708296 0.027248648611936387 0.028329273054882025 0.028395382677598682 0.03643244692531481 0.031270302623158566 0.028749620479652564 0.035262142355135466 0.028300893728195844 0.02759264516126956 0.030009401714219237 0.03498282412047874 0.03088044950495017 0.031885893523255215 0.030584953441620582 0.03025757057696785 0.03248608201089695 0.03344226774330267 -9999 0.0473774707322398 -9999 -9999 -9999 -9999 -9999 -9999 -9999 -9999 -9999 -9999 -9999 -9999 -9999 -9999 -9999 -9999 -9999 -9999 -9999 -9999 -9999 -9999 -9999 -9999
-9999 -9999 -9999 0.031374187428472235 0.03067913590731178 0.03241058569303462 0.030140847332915117 0.03177262234175439 0.02816283277244641 0.033115674957923065 0.0310581013695709 0.03043004006731265 0.030188685312937537 0.029317422965755686 0.027395471072640846 0.02773977943826077 0.027557205667902623 0.0300357535988514 0.03568750935510138 0.03169183666374943 0.03064453737711796 0.03219004692936764 0.030613424002969444 0.032169456329553286 0.0348635590038694 0.03454219103106136 0.03653236983511598 -9999 -9999 -9999 -9999 -9999 -9999 -9999 -9999 -9999 -9999 -9999 -9999 -9999 -9999 -9999 -9999 -9999 -9999 -9999 -9999 -9999 -9999 -9999 -9999 -9999
-9999 -9999 -9999 -9999 0.03595260453779205 0.029800334343049868 0.0376237329925637 0.03409997227452378 0.03477790464263225 0.038519705070314415 0.032243106859395465 0.029692261227996362 0.02788690071985389 0.028059714599316048 0.02734126825621768 0.03640202322788743 0.027078427663217112 0.02868346414169125 0.029617745009001026 0.028221701557892262 0.028557751172108226 0.03050489416235445 0.03125782898715577 0.031596791529591314 -9999 -9999 -9999 -9999 -9999 -9999 -9999 -9999 -9999 -9999 -9999 -9999 -9999 -9999 -9999 -9999 -9999 -9999 -9999 -9999 -9999 -9999 -9999 -9999 -9999 -9999 -9999 -9999
-9999 -9999 -9999 -9999 0.03775311128464527 0.035756639368748316 0.0443701602253716 0.03442097311619692 0.03625634792918201 0.0350666272258781 0.029700511685480043 0.029199913504369575 0.026124653937693025 0.026141127883684515 0.029674936372360586 0.028174562816408483 0.02826019817531028 0.028564562094827814 0.02758767023107977 0.02750217387832645 0.02737760135538671 0.031280104341374085 0.03260712521798425 0.03141391361353835 0.037202408283352036 -9999 -9999 -9999 -9999 -9999 -9999 -9999 -9999 -9999 -9999 -9999 -9999 -9999 -9999 -9999 -9999 -9999 -9999 -9999 -9999 -9999 -9999 -9999 -9999 -9999 -9999 -9999
