metrics/grid_rasters/CCI Combined/grideval_CCI Combined_X_spring_2018_absolute_ubrmsd.asc
ncols 52
nrows 55
xllcorner     11.25
yllcorner     55.25
cellsize      0.25
NODATA_value  -9999
[rows 0 to 28 of 55, columns 0 to 51 of 52]
-9999 -9999 -9999 -9999 -9999 -9999 -9999 -9999 -9999 -9999 -9999 -9999 -9999 -9999 -9999 -9999 -9999 -9999 -9999 -9999 -9999 -9999 -9999 -9999 -9999 -9999 -9999 -9999 -9999 -9999 -9999 -9999 -9999 -9999 -9999 -9999 0.029566359270321658 0.06489606392877957 0.07997344487543283 -9999 -9999 -9999 -9999 -9999 -9999 -9999 -9999 -9999 -9999 -9999 -9999 -9999
-9999 -9999 -9999 -9999 -9999 -9999 -9999 -9999 -9999 -9999 -9999 -9999 -9999 -9999 -9999 -9999 -9999 -9999 -9999 -9999 -9999 -9999 -9999 -9999 -9999 -9999 -9999 -9999 -9999 -9999 -9999 -9999 -9999 -9999 -9999 -9999 0.058676169570437135 0.08815632233109022 0.09071632498137074 0.090419589913057 0.10414036920439128 0.10781380486015447 -9999 -9999 -9999 -9999 -9999 -9999 -9999 -9999 -9999 -9999
-9999 -9999 -9999 -9999 -9999 -9999 -9999 -9999 -9999 -9999 -9999 -9999 -9999 -9999 -9999 -9999 -9999 -9999 -9999 -9999 -9999 -9999 -9999 -9999 -9999 -9999 -9999 0.014742766449297538 0.01849949357299729 0.014667530396532171 0.019660314239113044 0.03312932637647875 0.03946878689520902 0.05671537645387693 -9999 0.10349996879861936 0.0860383205474092 0.08297602846921055 0.10740008669364752 0.12147941445834655 0.11633919404118866 0.12486699246482415 0.1115520679110442 0.11884603819946445 0.12202436466777848 0.13175590438052354 -9999 -9999 -9999 -9999 -9999 -9999
-9999 -9999 -9999 -9999 -9999 -9999 -9999 -9999 -9999 -9999 -9999 -9999 -9999 -9999 -9999 -9999 -9999 -9999 -9999 -9999 -9999 -9999 -9999 -9999 -9999 -9999 -9999 0.011960148811340332 0.01837528716788766 0.03071221839027889 0.05817132968979151 0.023594614286240226 0.048463706275623325 0.08183337809119168 0.08862523061765344 0.10938424068726822 0.11363645226305295 0.11803814490160755 0.11426106265995065 0.11965019433807415 0.11245571939814183 0.11516305710476885 0.1204418393915978 0.1263323421555173 0.13727919472842715 0.13957198968812232 0.13838858207675805 0.10728043118612432 -9999 -9999 -9999 -9999
-9999 -9999 -9999 -9999 -9999 -9999 -9999 -9999 -9999 -9999 -9999 -9999 -9999 -9999 -9999 -9999 -9999 -9999 -9999 -9999 -9999 -9999 0.05011846374580131 0.03720868940868228 0.02175007391694164 0.02106718749496483 0.019230738322117115 0.012321327548046523 0.01602452548062263 0.02724704413874834 0.02781507540222222 0.04360356309578885 0.06829347656874621 0.1065808540608266 0.1195255314880736 0.10976801586636728 0.12278975246991873 0.10837107529090384 0.10364803981540267 0.1075282476362025 0.10926306910277156 0.1283711474912754 0.1589105637362517 0.1411897023872193 0.13112885396626706 0.13430027789411486 0.12348120527284835 0.12292208399763345 0.1056977244095675 -9999 -9999 -9999
-9999 -9999 -9999 -9999 -9999 -9999 -9999 -9999 -9999 -9999 -9999 -9999 -9999 -9999 -9999 -9999 -9999 -9999 -9999 -9999 -9999 0.042842061532588634 0.031010438034403495 0.01982562508724233 0.02305798748893117 0.023865281382206942 0.022371806942047368 0.0 0.01830790515125456 0.035313772663948466 0.06861464721124133 0.09433002121652996 0.10291654388266956 0.1148714719004212 0.11195313569781323 0.11987111064232732 0.12453458387356672 0.1191517698474172 0.10618502574420753 0.10511555089289287 0.1067653072475986 0.11385759449511113 0.1183843902853579 0.11759376852417305 0.10053043434332752 0.09727933034373704 0.10138047349291507 0.100708619054389 0.08808543289732686 -9999 -9999 -9999
-9999 -9999 -9999 -9999 -9999 -9999 -9999 -9999 -9999 -9999 -9999 -9999 -9999 -9999 -9999 -9999 -9999 -9999 -9999 -9999 0.04675410413633839 0.02669054248438395 0.0325001834857021 0.0064331694243913344 0.0417712825728313 0.022439671005415503 0.016206747006777288 0.0237363196117595 0.02298931163249262 0.05006752035342042 0.08235524448846428 0.10779796041131164 0.11365927059352784 0.12300916118599002 0.13117788539697847 0.12276056081423255 0.13420014296927132 0.1333010469285512 0.12938488058538253 0.11242206509468967 0.09279695411381628 0.08657188892827543 0.08876044637466438 0.09569193864431348 0.08982013667586954 0.07057849952813855 0.07246413664650657 0.06805245172000325 0.062281492127876675 0.07483081315816051 -9999 -9999
-9999 -9999 -9999 -9999 -9999 -9999 -9999 -9999 -9999 -9999 -9999 -9999 -9999 -9999 -9999 -9999 -9999 -9999 -9999 -9999 -9999 0.008937731450448138 0.033567214259067286 0.027449642294171482 0.02101597566686384 0.017829965646982245 0.015713496720060675 0.020172282543981818 0.08050902776757607 0.08572310539703293 0.07100980293080122 0.09320257325286953 0.07220284499351888 0.06850445873707467 0.10479326508945204 0.13565447446301698 0.1359810565164777 0.13663765892763144 0.11495074077124168 0.08076828085858835 0.08565017790853306 0.08642470500326455 0.08517977099062976 0.07602579936242651 0.08376350376627742 0.060984172464554086 0.06696227140834532 0.06459088217474808 0.060961435493334874 -9999 -9999 -9999
-9999 -9999 -9999 -9999 -9999 -9999 -9999 -9999 -9999 -9999 -9999 -9999 -9999 -9999 -9999 -9999 -9999 -9999 -9999 0.01828709139414316 0.0240621550416264 0.020665975425541497 0.02462017846222824 0.02360827440322806 0.021541378127323717 0.07622371620647904 0.06696206723959425 0.0902203397546798 0.10605147894421928 0.0902697877189452 0.08388279803190274 0.08410309984764633 0.08099540182527651 0.07751555651001198 0.09724891943882967 0.10026965910202132 0.10663688087458344 0.12612141443949515 0.09705249498085754 0.09601002507961197 0.08436065537162958 0.07350647488993639 0.05522758850559901 0.058258691325420976 0.06071450910228096 0.061185578393311166 0.05828369684418148 0.058560901275913575 0.05677532960461605 0.05929779361385574 0.05851860176825854 -9999
-9999 -9999 -9999 -9999 -9999 -9999 -9999 -9999 -9999 -9999 -9999 -9999 -9999 -9999 -9999 -9999 -9999 -9999 0.02228181945118537 0.022916462443701473 0.027168563245664117 0.04474515591473025 0.08336356896993043 0.07496859882409854 0.08654659546068552 0.11541706669122825 0.11957209573567595 0.15449900202929706 0.12396966989273962 0.06379824851812724 0.08031842862382248 0.07750404590830598 0.06846271468846607 0.07437013085588354 0.06878775769771557 0.07262078007935492 0.08567910401483124 0.07278884925351238 0.06862049691454296 0.07034195882325428 0.07169683131129427 0.06764027241026441 0.056653648627259336 0.0542578168626125 0.061316663556629125 0.06428180120426033 0.06587062572165894 0.06551323681262282 0.06977555808710573 0.06576662045451916 0.06590144651832787 -9999
-9999 -9999 -9999 -9999 -9999 -9999 -9999 -9999 -9999 -9999 -9999 -9999 -9999 -9999 -9999 -9999 -9999 0.027575147994133 0.03149869467040908 0.03496803415359083 0.07218947122987884 0.07073561135582039 0.07595488783608158 0.07350175284917031 0.10824403950215493 0.1209606844763704 0.12794536881681454 0.12405003681654468 0.12226359418870712 0.12305183363826107 0.11416123396584647 0.08407627097838019 0.08068288556094955 0.07254054204063477 0.07009999498259993 0.07371799118154823 0.06655189860741009 0.05555878529335718 0.056131706549880415 0.061255943260408514 0.0639167335611341 0.06339244624765154 0.05850290044488244 0.06667969563970001 0.06818764876667824 0.07067414412116284 0.07036120331722558 0.07037791320118146 0.06754533391429214 0.07349234171897738 -9999 -9999
-9999 -9999 -9999 -9999 -9999 -9999 -9999 -9999 -9999 -9999 -9999 -9999 -9999 0.0554085221123482 0.047607873961455334 0.032054734370605485 0.03158009641864957 0.049302333120924025 0.03297153991323791 0.05756349525682095 0.056628256868223585 0.10775829574746096 0.11994681113774795 0.11381337987468887 0.09542846498612792 0.06939950088170507 0.06725850945772882 0.09153710456290157 0.11498866048643175 0.08086621603126122 0.07496816378474185 0.07580072367376407 0.07405185119132282 0.07704339801939973 0.0729454591163935 0.07079161132611457 0.06682935009799597 0.04127167944275572 0.04016780092935116 0.04507944517946009 0.04657545953322312 0.045908748390473125 0.04616333889336062 0.04937608750936115 0.04974077619561335 0.045312392026255685 0.04579083159431933 0.060754183080601376 0.061666654847991435 0.06860674850147155 0.06962677451315709 -9999
-9999 -9999 -9999 -9999 -9999 -9999 -9999 -9999 -9999 -9999 -9999 -9999 -9999 0.07826861669737425 0.058377840825512214 0.050180982132765964 0.06805394501813156 0.07185472541285186 0.08767587431460099 0.10572328295039207 0.1140905641634441 0.11717899737462367 0.06267469380333889 0.09763292543942598 0.08310452885003118 0.072156561067627 0.039581567335816206 0.0664827799772649 0.06146247631931207 0.0782221856903088 0.07187910647289794 0.06575442768592349 0.07181071307310348 0.0727747892322975 0.07450553757323035 0.07292469313333362 0.06677553938354837 0.06507932705023649 0.06572568077604693 0.06255339543010585 0.06138052368150989 0.06974917545429757 0.07015104845533958 0.06423806422497101 0.06656059807553757 0.06374278784025593 0.062229107411581774 0.06437067293810299 0.06349749871046749 0.06122684223960322 0.058495777934563564 0.05031575132057145
-9999 -9999 -9999 -9999 -9999 -9999 -9999 -9999 -9999 -9999 -9999 -9999 -9999 0.060980454521564476 0.08239490503605362 0.10655269767846301 0.09720987391580932 0.0909213324711265 0.10031826596751324 0.10159406447706958 0.09743063740585896 0.11720070930085688 0.08702177629178927 0.07579742792665875 0.08127782729563515 0.07921841372588981 0.07716261999748728 -9999 0.05425222515606022 0.07940075378329482 0.07884002164989383 0.08144088797344892 0.07360278649936686 0.07150286360631734 0.06850823617612514 0.06944525406565323 0.07259973218864484 0.07008878376108409 0.07050607799530764 0.08331476847472964 0.0860649818758942 0.07910946581140085 0.07005524464403834 0.06490896041520743 -9999 -9999 -9999 -9999 -9999 -9999 -9999 -9999
-9999 -9999 -9999 -9999 -9999 -9999 -9999 -9999 -9999 -9999 -9999 -9999 -9999 0.0972398281919274 0.1068181691936115 0.08984431545439077 0.12079062405103502 0.0999387771324883 0.08606782219569947 0.0863918007785497 0.07276809532359814 0.06721069812972394 0.1024750148369362 0.08144946102602951 0.07570288333992406 0.0697452700869431 0.06232319235993629 0.06385220659297026 0.0678697783955587 0.07710437968059672 0.07446659998067086 0.07113126230306442 0.06968697811683687 0.0715193860915229 0.06992035976085942 0.07386972255868049 0.07388857869257356 0.07331913954287335 0.09324610633584536 0.08938865084508467 0.10835781778191653 -9999 -9999 -9999 -9999 -9999 -9999 -9999 -9999 -9999 -9999 -9999
-9999 -9999 -9999 -9999 -9999 -9999 -9999 -9999 -9999 -9999 -9999 -9999 0.06193883415212755 0.0925872843833829 0.0979497170815827 0.12069970369339013 0.10982683439940387 0.09649355630598594 0.09500757838685396 0.07987041407142642 0.06711782658866458 0.05898547725721021 0.04029058303929214 0.061158634570209765 0.0699082669660512 0.07152700738573924 0.06772267912127351 0.0662053753950355 0.06258073755735075 0.06285528919997492 0.06936668155872093 0.07079208797118466 0.07475643625315925 0.07716457484516093 0.07388327250290794 0.08173166012947564 0.08817947598456047 0.09030629193862093 0.08984660100235277 0.1000288081702479 0.07390298925029529 -9999 -9999 -9999 -9999 -9999 -9999 -9999 -9999 -9999 -9999 -9999
-9999 -9999 -9999 -9999 -9999 -9999 -9999 -9999 -9999 -9999 -9999 0.10041416413047176 0.08476981726578585 0.1112619752338498 0.10816216389461973 0.1252915158753552 0.10798324698719927 0.10292993597304717 0.08024421881327377 0.0722261599535477 0.0687343616271803 0.0667714918711445 0.08155862445035952 0.08016072862525253 0.07644790910177318 0.07254747756545936 0.06789479176974747 0.06502387107889007 0.06544533765977611 0.06541035909000083 0.0753288495849376 0.07752061776348873 0.07253300576672389 0.07619021530755707 0.07684828731075312 0.08227395796811289 0.0830965320602715 0.082463345458879 0.08237901320920463 0.06883664212607188 -9999 -9999 -9999 -9999 -9999 -9999 -9999 -9999 -9999 -9999 -9999 -9999
-9999 -9999 -9999 -9999 -9999 -9999 -9999 -9999 -9999 -9999 0.08496920783296802 0.08971952578911513 0.11807974914966267 0.12813073017813062 0.12003306355956005 0.10793789732088276 0.08364928977367776 0.06624956480347545 0.07633294758568611 0.06752110895008462 0.05106347298686897 0.07862289546760423 0.07975663399941914 0.07587622728026011 0.07498185357607902 0.07519752912998304 0.07109275353818292 0.07884619032997592 0.07504414895445069 0.0806945964234888 0.0933591754386643 0.07153657396610627 0.07515430184714078 0.07820439674011329 0.07762828922733764 0.07931252202364512 0.07698514563928438 0.07514356475022609 0.07920945354465488 -9999 -9999 -9999 -9999 -9999 -9999 -9999 -9999 -9999 -9999 -9999 -9999 -9999
-9999 -9999 -9999 -9999 -9999 -9999 -9999 -9999 -9999 -9999 -9999 -9999 0.08740421559944814 0.10820096692500894 0.09598724406569503 0.07369290124209478 0.07257717381793947 0.0754525349421816 0.08306064062905748 0.0745162186349255 0.0770301303285758 0.0721586221247343 0.07438021733273514 0.06889949253775884 0.0709273430785999 0.07236852276832134 0.08100996678260085 0.07874311717212153 0.0924301417594236 0.09639122443095298 0.10150600690178853 0.08662172317942034 0.08044292979545417 0.07503964625568156 0.07490918024736662 0.07613213201736126 0.07514864547615764 0.06767506016550824 0.07017818215800019 0.06324214449415781 -9999 -9999 -9999 -9999 -9999 -9999 -9999 -9999 -9999 -9999 -9999 -9999
-9999 -9999 -9999 -9999 -9999 -9999 -9999 -9999 -9999 -9999 -9999 0.09755146411979784 0.08776912839922525 0.09914958889380984 0.10122867342838274 0.0709317127596456 0.06756574152875318 0.06788546733261587 0.06729763810029835 0.07266912693214678 0.07396544468216629 0.07245130275884377 0.07459325220044988 0.07167587342258608 0.0720563608844595 0.0768732358897269 0.08123091429948805 0.08017586378986433 0.08479825077081808 0.08204748464443762 0.08553926994280164 0.07489277213237633 0.0719189174020274 0.07503672361868914 0.07461515733853452 0.0696836149453359 0.0683662169159559 0.06994713209983612 0.06512240593349566 -9999 -9999 -9999 -9999 -9999 -9999 -9999 -9999 -9999 -9999 -9999 -9999 -9999
-9999 -9999 -9999 -9999 -9999 0.11177297777511393 0.08154331078355677 0.08714917252488806 0.11337289889829988 0.0880668876990674 0.09044881959682594 0.08684981229970032 0.08917850764167966 0.08311572505765245 0.09394260573378801 0.08593024475120532 0.08782498974165655 0.06780489185116591 0.06387716860035042 0.07289983037412318 0.0699172961126299 0.06985569607182261 0.07093272219244501 0.07266705412162631 0.08007867683893848 0.08095959435899745 0.08054481842988498 0.0798090778857528 0.08343155555768683 0.07799776498870288 0.07646008108416387 0.07187850150477405 0.07092524731969825 0.0818494947854118 0.07892014640539133 0.07164785454064837 0.06905313040156008 0.0632754278008137 -9999 -9999 -9999 -9999 -9999 -9999 -9999 -9999 -9999 -9999 -9999 -9999 -9999 -9999
-9999 -9999 -9999 -9999 0.07236015724043253 0.07120334403713906 0.05194327897732996 0.04927310222893602 0.09585354383651112 0.11094991926207186 0.08376010286880113 0.08486805213142183 0.08544743468922708 0.08635394971529389 0.0790182547195569 0.09464257374072722 0.07978502393028186 0.07249835843646776 0.07363112112902262 0.07315780408888459 0.0739855296313402 0.07826618680559569 0.07731536867105833 0.07469220056125046 0.07648893170526326 0.07591524804830357 0.07608985900468918 0.07610888327530838 0.07736110656992724 0.07416430087727026 0.07141296636263303 0.06947803675654858 0.07653229580991168 0.06514618156211985 0.02711216765863021 -9999 -9999 -9999 -9999 -9999 -9999 -9999 -9999 -9999 -9999 -9999 -9999 -9999 -9999 -9999 -9999 -9999
-9999 -9999 -9999 0.0938837146133686 0.1180780980233038 0.0 0.10313758752398183 0.07455184040993944 0.07627464576391745 0.1256794245845791 0.090918937937185 0.09093108137565882 0.06419316685820348 0.08159887742940065 0.09543596137371003 0.07866746678152718 0.06914246410874997 0.0705993342763714 0.07218070154627143 0.08284764884616018 0.08545389418928917 0.07706662972938043 0.07823518986944164 0.07604134359515335 0.07481894490179067 0.07588120408204464 0.07725872710811911 0.08324829655569636 0.08406364960669781 0.09059669868893007 0.07520397874744045 -9999 -9999 -9999 -9999 -9999 -9999 -9999 -9999 -9999 -9999 -9999 -9999 -9999 -9999 -9999 -9999 -9999 -9999 -9999 -9999 -9999
-9999 -9999 -9999 0.1225925221140368 0.12797847917953806 0.08445833062470061 0.11479259657042218 0.09394327446468363 0.07662956410379435 0.0851193326514316 0.09388899132692602 0.050811413668289535 0.03315190919659626 0.06405047625260789 0.07286143137616866 0.07928429434524548 0.08030321302593013 0.07358610555130915 0.07734618769584868 0.08962674290564496 0.08615471825407818 0.08013863160511094 0.08468929130618752 0.08438203732732492 0.08570608613966504 0.08005838751481381 0.0825011316329035 0.08085414641576624 0.08591195391907193 -9999 -9999 -9999 -9999 -9999 -9999 -9999 -9999 -9999 -9999 -9999 -9999 -9999 -9999 -9999 -9999 -9999 -9999 -9999 -9999 -9999 -9999 -9999
-9999 -9999 -9999 0.09243393652718593 0.07909637365002005 0.0927710980488352 0.089221660409008 0.09056831729009507 0.09364111705348388 0.10118384583174543 0.08723869628823627 0.09101315088632804 0.07615509227088972 0.07184911933511808 0.06631383246139959 0.07708839367262865 0.06734429834140804 0.0815907434905382 0.08473926423921567 0.09540085809002184 0.08366013808083833 0.08607906520327167 0.08336308512803184 0.08549460854455285 0.0852256159005471 0.08087357438025987 -9999 0.06834303498290721 -9999 -9999 -9999 -9999 -9999 -9999 -9999 -9999 -9999 -9999 -9999 -9999 -9999 -9999 -9999 -9999 -9999 -9999 -9999 -9999 -9999 -9999 -9999 -9999
-9999 -9999 -9999 0.13201362558867524 0.1234198290131686 0.115995180008329 0.09830715297789773 0.09762744670390833 0.093228676259037 0.11477451250080448 0.0983733231867516 0.0930499864346382 0.08386882682633884 0.07648432038668497 0.07481861338327198 0.0881355481853196 0.07291732936244537 0.08028483962616036 0.09266103427188434 0.09095887855784604 0.08036507122971527 0.07894998799447367 0.0955381891277413 0.09281996512553063 0.08867059670365625 0.08350263319948956 0.0769057236174451 -9999 -9999 -9999 -9999 -9999 -9999 -9999 -9999 -9999 -9999 -9999 -9999 -9999 -9999 -9999 -9999 -9999 -9999 -9999 -9999 -9999 -9999 -9999 -9999 -9999
-9999 -9999 -9999 -9999 0.08313614523335673 0.1005567414491329 0.1250912460179188 0.11117509476944604 0.10879350025625983 0.10134622176809734 0.09419728202683994 0.08390291950294933 0.08308226566779356 0.08487536241018809 0.07121926489185611 0.0849071374966158 0.06995013241713344 0.08004755494079205 0.07907826916534999 0.07945531424420735 0.08779097232374575 0.08305098748461734 0.08490815210314001 0.08910773198230745 -9999 -9999 -9999 -9999 -9999 -9999 -9999 -9999 -9999 -9999 -9999 -9999 -9999 -9999 -9999 -9999 -9999 -9999 -9999 -9999 -9999 -9999 -9999 -9999 -9999 -9999 -9999 -9999
-9999 -9999 -9999 -9999 0.10301326383510212 0.12553804597937818 0.1243611195690244 0.12026851346280006 0.11125428968126727 0.09898965941413396 0.08964646727711971 0.08383084983384317 0.07677935593841011 0.07191742545169666 0.08557523842495647 0.07021444000514948 0.07213943540784384 0.07350843472429243 0.08405321834887894 0.08597042548783486 0.08442078352482038 0.08613116979736854 0.07808739227800271 0.08047040665053226 0.07892260980949341 -9999 -9999 -9999 -9999 -9999 -9999 -9999 -9999 -9999 -9999 -9999 -9999 -9999 -9999 -9999 -9999 -9999 -9999 -9999 -9999 -9999 -9999 -9999 -9999 -9999 -9999 -9999
-9999 -9999 -9999 -9999 0.10463224775763423 0.11345987191603653 0.11640861511367262 0.11372115010103813 0.11093551860240117 0.09689088717624443 0.07882524332355295 0.07345635146669716 0.06914103746460094 0.06365818412610409 0.06120228536706247 0.0718779177419747 0.0775077190294186 0.0851424812432295 0.08375764968166058 0.09009664713454428 0.08681205165570395 0.037103020899610116 0.06524858635256378 0.074352819618763 -9999 -9999 -9999 -9999 -9999 -9999 -9999 -9999 -9999 -9999 -9999 -9999 -9999 -9999 -9999 -9999 -9999 -9999 -9999 -9999 -9999 -9999 -9999 -9999 -9999 -9999 -9999 -9999
