metrics/grid_rasters/CCI Combined/grideval_CCI Combined_Y_2017_absolute_bias.asc
ncols 52
nrows 55
xllcorner     11.25
yllcorner     55.25
cellsize      0.25
NODATA_value  -9999
[rows 0 to 26 of 55, columns 0 to 51 of 52]
-9999 -9999 -9999 -9999 -9999 -9999 -9999 -9999 -9999 -9999 -9999 -9999 -9999 -9999 -9999 -9999 -9999 -9999 -9999 -9999 -9999 -9999 -9999 -9999 -9999 -9999 -9999 -9999 -9999 -9999 -9999 -9999 -9999 -9999 -9999 -9999 0.1657790822848197 0.13122589244292332 0.0691968694012216 -9999 -9999 -9999 -9999 -9999 -9999 -9999 -9999 -9999 -9999 -9999 -9999 -9999
-9999 -9999 -9999 -9999 -9999 -9999 -9999 -9999 -9999 -9999 -9999 -9999 -9999 -9999 -9999 -9999 -9999 -9999 -9999 -9999 -9999 -9999 -9999 -9999 -9999 -9999 -9999 -9999 -9999 -9999 -9999 -9999 -9999 -9999 -9999 -9999 0.18060231372101665 0.14076700610245846 0.1404044167353557 0.11680643032980333 0.06699303218296597 0.047018596489957536 -9999 -9999 -9999 -9999 -9999 -9999 -9999 -9999 -9999 -9999
-9999 -9999 -9999 -9999 -9999 -9999 -9999 -9999 -9999 -9999 -9999 -9999 -9999 -9999 -9999 -9999 -9999 -9999 -9999 -9999 -9999 -9999 -9999 -9999 -9999 -9999 -9999 0.15650223809130054 0.13803214867909747 0.05371100774833132 0.05823367238044741 0.08860228702324591 0.08174449510826087 0.08156526107818651 -9999 0.08356188622531513 0.12700353962863056 0.1332625856002172 0.05258471916119256 0.03487157491629556 0.03293162008126577 0.036385789709655836 0.03382123130209308 0.04031696185177447 0.041740311914450164 0.04522939262133613 -9999 -9999 -9999 -9999 -9999 -9999
-9999 -9999 -9999 -9999 -9999 -9999 -9999 -9999 -9999 -9999 -9999 -9999 -9999 -9999 -9999 -9999 -9999 -9999 -9999 -9999 -9999 -9999 -9999 -9999 -9999 -9999 -9999 0.2314408471186956 0.2402596334784718 0.19788598339808616 0.21144550774142007 0.20293950322848647 0.14107999358683415 0.05155519848945095 0.044186673580836 0.04059432726353407 0.037285319410073466 0.03519896316912868 0.032901634837125826 0.037287331440232004 0.03203007078876618 0.032647120031087 0.03611383067542001 0.04058712185208313 0.03835542838681827 0.03869860666462138 0.04137130784538556 0.03318008241501258 -9999 -9999 -9999 -9999
-9999 -9999 -9999 -9999 -9999 -9999 -9999 -9999 -9999 -9999 -9999 -9999 -9999 -9999 -9999 -9999 -9999 -9999 -9999 -9999 -9999 -9999 0.17976854631466233 0.1646113841165423 0.17145946403007722 0.14344147683643715 0.21334760069847108 0.2100599080324173 0.21467658164708509 0.2043485391252446 0.1948425630728404 0.15177043376405253 0.1306974518772782 0.03972404933982082 0.035491875922068594 0.02666272269854758 0.03111916789727182 0.034129305563358026 0.03258605917662749 0.038284695729976725 0.0375587205214003 0.03444143012166023 0.03654611008241769 0.04344466273770009 0.04041051781325605 0.03545512323794159 0.039798061802702116 0.041889205295592535 0.040810737758874886 -9999 -9999 -9999
-9999 -9999 -9999 -9999 -9999 -9999 -9999 -9999 -9999 -9999 -9999 -9999 -9999 -9999 -9999 -9999 -9999 -9999 -9999 -9999 -9999 0.1782820584551658 0.2432261519134045 0.16412373454797835 0.13507735595489162 0.12786643787118412 0.15564686759394042 0.16550301677650875 0.20769475698471068 0.1745321607182485 0.1481150697916746 0.1088465116286682 0.09102712801577134 0.04266347481480126 0.026394630794401297 0.028375356707697582 0.031329332856658065 0.02996368687829853 0.03183859005206968 0.03427149691596265 0.0354890848047163 0.037639087968808715 0.03961653086272154 0.036307317297905706 0.034245293888246035 0.03276845933117484 0.03099293205179748 0.03131010417015323 0.028860505574788812 -9999 -9999 -9999
-9999 -9999 -9999 -9999 -9999 -9999 -9999 -9999 -9999 -9999 -9999 -9999 -9999 -9999 -9999 -9999 -9999 -9999 -9999 -9999 0.1867075189454666 0.17358924137602605 0.16119678441215962 0.2078757395104664 0.1997161063314216 0.19419682761033372 0.21009112611739306 0.1947958659042012 0.15243396555122574 0.12848434146297605 0.10452737654470334 0.04962486598142391 0.0441708427433874 0.03691168698041064 0.03394555612917871 0.03513745773749749 0.03171980760659382 0.029801052467078926 0.028536824863168275 0.034156696226611834 0.037314073010614734 0.037544842479349694 0.03306430926570647 0.029425308790082264 0.02847296444626596 0.026736387862013544 0.023334031143496137 0.019078844689553787 0.022524765264378854 0.028814164173864117 -9999 -9999
-9999 -9999 -9999 -9999 -9999 -9999 -9999 -9999 -9999 -9999 -9999 -9999 -9999 -9999 -9999 -9999 -9999 -9999 -9999 -9999 -9999 0.24373465008807904 0.20054494089718106 0.1902621294472628 0.1940711920752245 0.20100677477208195 0.1777530279878068 0.12795897847727727 0.04704083073762505 0.05895197588876382 0.11650344940923875 0.0443134507825298 0.035746478842150764 0.032752970192167496 0.04012277399658398 0.045560144265241236 0.04138959331225744 0.03534377177682102 0.03334549262926178 0.03781689440502839 0.039091384391379484 0.03510402951365205 0.031402172618790684 0.02570141371535628 0.02379174298280245 0.022233084327988817 0.023208671721859253 0.020038113324311543 0.020278612042174626 -9999 -9999 -9999
-9999 -9999 -9999 -9999 -9999 -9999 -9999 -9999 -9999 -9999 -9999 -9999 -9999 -9999 -9999 -9999 -9999 -9999 -9999 0.13732014365849046 0.14132976714818754 0.14690681551442006 0.16661157077405508 0.1644268765564888 0.14522208421190907 0.0365200974047184 0.03774717031351105 0.03675844369432596 0.033542993985399394 0.034159878103793395 0.031300006208905766 0.030616511300111282 0.0302549926390559 0.03164280616507237 0.030593606004924886 0.031462970130805734 0.03175713074130887 0.030423985565862344 0.0281250744668487 0.028540008110937713 0.02920698281986261 0.024704425066125132 0.021443398935454216 0.02217837129260453 0.021704309220824947 0.017875723379979058 0.01818175260111582 0.01955438592879893 0.01855366802128561 0.02462211707189904 0.02751651680206552 -9999
-9999 -9999 -9999 -9999 -9999 -9999 -9999 -9999 -9999 -9999 -9999 -9999 -9999 -9999 -9999 -9999 -9999 -9999 0.1857122874412781 0.14458183510736988 0.1435737178986331 0.12684034116296886 0.06476475261762492 0.02137993857011955 0.024598539801117814 0.020780771221004968 0.019137328514805096 -0.0023908490048987767 0.010791376233100893 0.01951270712458569 0.02446869546547531 0.02774953170691008 0.029693287463835705 0.0381363143726271 0.024581586541254308 0.02140230924273151 0.02125546053733701 0.02180401593833775 0.021412250864041305 0.022176088471161703 0.020066079144415102 0.013436877882325782 0.011449540290263792 0.023670527611819814 0.02444696551436309 0.017508543817929826 0.0150076316695818 0.015241323950442863 0.01442983820506022 0.014278746733110246 0.02024682476702666 -9999
-9999 -9999 -9999 -9999 -9999 -9999 -9999 -9999 -9999 -9999 -9999 -9999 -9999 -9999 -9999 -9999 -9999 0.1892908345460892 0.1860676561632464 0.0932340656203785 0.02936884604002299 0.02125293211567969 0.01641022343845927 0.01156922457058257 0.014162607582998862 0.010500264790239187 0.0133215911403487 0.016417402370720147 0.015378097284443781 0.0173480676699288 0.022936468478292227 0.014124534052351256 0.01570659438148142 0.010451912973661824 0.009874791393872208 0.00775889701076915 0.011889806754297516 0.027549315339479685 0.015607885118071927 0.011092234732342388 0.008650705318998642 0.008807761358543166 0.010943804211264507 0.008013270795345306 0.007170270499470944 0.009801197844215598 0.011264444615855906 0.007654386890839916 0.0017755306031130293 -0.0034911284523625463 -9999 -9999
-9999 -9999 -9999 -9999 -9999 -9999 -9999 -9999 -9999 -9999 -9999 -9999 -9999 0.10655888161440004 0.10457616099894372 0.11289462528593552 0.1184363943499488 0.12903413353329996 0.1780152376598984 0.1259139863371152 0.11756188566224618 0.036714465465656536 0.001968010195664005 0.01238606746788995 0.010980956689003951 0.006664090373980913 -0.0057166492414174605 0.007307692799928045 -0.0010851908333693874 0.008028082786851631 0.014863521338273344 0.011405534032852438 0.010988356497807385 0.007825954057646134 0.008742800480882884 0.007489999844914386 0.008010922646035978 0.006052489966562324 0.010364019790211232 0.009201923012733482 0.008751432133826176 0.009020513848753188 0.01059922398320884 0.004572936438566821 0.0018772950630314427 0.003570103527683971 0.010983169371006546 0.00819486021608501 0.0064344428528368145 -0.0019091228644053106 0.008968450733133237 -9999
-9999 -9999 -9999 -9999 -9999 -9999 -9999 -9999 -9999 -9999 -9999 -9999 -9999 0.1174666984213723 0.09287828493883266 0.04575232651876043 0.0070481656584888705 0.007243682832821562 0.0240219261620071 0.06790799467728054 0.011855823830479673 0.01669561445713041 0.02901606060363149 0.008825506221863509 0.005035117671296413 0.007749681702897526 -0.012370440895390356 0.00311565723938817 -0.004921482797239861 0.0041946053504943745 0.007292091073813289 0.011668709834126656 0.008998237496657345 0.006182125253643089 0.0050637579300034105 0.0015392450379653755 0.008260051837030602 0.0033509430328482197 -0.0010063025881262286 -0.003391657363284728 -0.0035693673537923187 -0.009225113353421605 -0.01293657974729054 -0.0111052061214387 -0.017444969837073304 -0.015510951765836806 -0.016760275541961966 -0.011266580480613464 -0.011502681485075024 -0.009200507443245132 -0.007967526244150619 0.03703844147240554
-9999 -9999 -9999 -9999 -9999 -9999 -9999 -9999 -9999 -9999 -9999 -9999 -9999 0.09160224202146937 0.019956519354635216 0.007400577658502937 0.006762681473599819 0.0027665414937256827 -0.007121411527638677 -0.001021737937873357 0.0063667745347235636 0.0013069848860463586 0.012407001606218382 0.016015255547338902 0.013029035085286857 0.008661346281728433 0.004505509563854759 -9999 0.00012059520630941511 -0.0016892112845139364 0.001855174521748104 0.0032349327845233034 0.0052934406508862155 0.00807129602197193 0.0050106266370186225 -0.003014343376788853 -0.0020816973219179307 0.0019025273927270605 0.0017874106055214278 -0.006304086664238484 -0.010467957437427984 -0.00822846033719665 -0.010190187022089958 -0.019988697508107056 -9999 -9999 -9999 -9999 -9999 -9999 -9999 -9999
-9999 -9999 -9999 -9999 -9999 -9999 -9999 -9999 -9999 -9999 -9999 -9999 -9999 0.03028131216340718 0.00720337708041352 0.006231548107085538 0.001985876724637792 -0.0073282791193199906 0.004398494063179326 0.02310495623728126 0.02569340798795594 0.010387267803121936 -0.0024636565219788298 -0.0008820478493968832 -0.000838404768830403 0.004268084613370249 0.007934118030776427 0.031437035650014884 0.0011132926606445823 -0.004229691582959855 -0.003486678312564717 -0.0007018927537219555 0.0027267994372160986 0.0010078780046881008 -0.00035674618305386874 -0.0012323411346292779 -0.005362080602810293 -0.00830186204663641 -0.010184090457805968 -0.01135985749332527 -0.014262657262321203 -9999 -9999 -9999 -9999 -9999 -9999 -9999 -9999 -9999 -9999 -9999
-9999 -9999 -9999 -9999 -9999 -9999 -9999 -9999 -9999 -9999 -9999 -9999 0.1071277875166673 0.03624435745928278 0.016744813165412487 0.010539808788815051 -0.002653294988951782 0.0043096848524333264 0.016423452231619118 0.01962349846770489 0.017694488452498325 0.015102720202563646 0.015730744075475256 0.011116528098688185 0.003865370257147449 0.005355744759241721 -0.0026357421237561685 -0.0062941076854864655 -0.006441777584536762 -0.002376677689852391 -0.006247876729402303 -0.0039564683421017275 0.0022784855267772852 -0.00013614846330109454 -0.0035161864595348318 -0.006661262618352286 -0.008108324681719153 -0.008900637153921448 -0.01141005621789254 -0.018412693821150683 -0.02349660494556166 -9999 -9999 -9999 -9999 -9999 -9999 -9999 -9999 -9999 -9999 -9999
-9999 -9999 -9999 -9999 -9999 -9999 -9999 -9999 -9999 -9999 -9999 0.004661387772787184 0.028598780550484367 0.050227908274302124 0.04761576615642793 -0.008668753083306113 0.007564540538522956 0.0073901242430104985 0.013178035710592673 0.013704931280415555 0.008646147577993313 0.0045488037409320845 0.00019596948188804755 0.0014260419697131874 0.005671056716338441 -0.0007264232377947044 0.007875473797321342 0.0032627930243809837 0.005611631994933086 0.0046679449626822744 -0.001938568513377814 -0.0026179024123198225 0.0009323006946276855 -0.0054054525617050755 -0.0023018239900983732 -0.010437379414970804 -0.013395052796565221 -0.015475069576839225 -0.02082353895125183 -0.036157952182611836 -9999 -9999 -9999 -9999 -9999 -9999 -9999 -9999 -9999 -9999 -9999 -9999
-9999 -9999 -9999 -9999 -9999 -9999 -9999 -9999 -9999 -9999 0.003267174269434681 0.00031438535530659006 -0.0061050504446029654 -0.014964399859309196 -0.008370007967474447 0.010078756020793445 0.015175484453037291 0.010914135310384987 0.0008966383524239285 0.0017287791150171206 0.012246404710055891 0.011646229609753369 0.004568125841752535 0.001812610216438748 -0.0014635939960894186 -0.0061167152943434324 -0.00489210101622567 -0.0027523184014904838 0.004297374188899972 0.0009030359266679613 -0.0008857418961872311 0.0009610135304300438 -0.0015488510963900806 -0.006932631743197526 -0.010376189975705856 -0.016363267591045172 -0.018578670173883427 -0.0152298897687643 -0.014748189953111475 -9999 -9999 -9999 -9999 -9999 -9999 -9999 -9999 -9999 -9999 -9999 -9999 -9999
-9999 -9999 -9999 -9999 -9999 -9999 -9999 -9999 -9999 -9999 -9999 -9999 0.07901890601141975 0.01717479474711836 0.012900545744292724 0.010351033847024849 0.003785664122551658 -0.0012192140802059215 -0.00571450428702891 -0.006445922191787801 -0.006085286317746852 -0.0017504483831595195 -0.0017710528336465359 0.002339076343923829 9.170333919283903e-05 -0.004407077746571232 -0.00699539203196764 -0.0065314834006130465 -0.00763391660656898 -0.01114304237938546 -0.005674372243273801 -0.002374934285511193 -0.00362879111900094 -0.0037975697605698295 -0.005826109848870832 -0.01030049618424439 -0.014437785494827216 -0.014227140545845037 -0.016892615445824544 -0.04037541939422143 -9999 -9999 -9999 -9999 -9999 -9999 -9999 -9999 -9999 -9999 -9999 -9999
-9999 -9999 -9999 -9999 -9999 -9999 -9999 -9999 -9999 -9999 -9999 0.07192916811226369 0.014767923858016731 0.033054164792067235 -0.004701601063951511 -0.0006293381402592281 0.0013814554890481667 -0.002639122538685035 -0.0007933357193425916 0.0040156495494720335 0.004846553835603951 0.002369433459712245 -0.0009306784832116557 0.0047691529843865155 0.009399386427619227 0.006815108908228118 -0.0006986642937834575 0.005508112069219362 0.005240521353224059 0.0004591354928865088 -0.0054536928976971774 -0.002250819224299816 -0.006878644227981567 -0.005127623948183918 -0.0033614598825329745 -0.005522472621954017 -0.008903156024414105 -0.0171632733973828 -0.02308484574378525 -9999 -9999 -9999 -9999 -9999 -9999 -9999 -9999 -9999 -9999 -9999 -9999 -9999
-9999 -9999 -9999 -9999 -9999 0.09519419475887596 0.005081322961959289 0.04196901338687842 0.08346034977279726 0.0929345027966933 0.08751371020526555 0.006596072719377621 0.022711589932441708 0.007901810676033738 0.002302237701686971 0.00015980424894684875 0.003787629803021747 0.003211700809216067 0.002710443788341121 -0.0018455740183022094 0.0013757010174405007 0.0023371704582926807 0.004020841637994099 0.005068045722532888 -0.0008948861983171796 -0.0030174349775966003 -0.0006134077632354296 0.004217082081419021 0.008925928401224553 0.009406323969011476 0.0057722401938268 -0.0016914429197534553 -0.006646366829567762 -0.010378108369676705 -0.012853324023216815 -0.006009446679001634 -0.008426299721924295 -0.009764924962469862 -9999 -9999 -9999 -9999 -9999 -9999 -9999 -9999 -9999 -9999 -9999 -9999 -9999 -9999
-9999 -9999 -9999 -9999 0.0611634577546164 0.08681230938605716 0.08728716427116033 -0.003729915984396648 0.003082919865846634 0.009375959097110144 0.002905473281434701 0.0005629720155801987 0.0015613212755748453 -0.0011820605379997404 -0.0037966944104017024 -0.01393340693579781 -0.006233638309570688 -0.004750454373527002 -0.004749167197478754 -0.0016979510912638052 -0.0011855025669771644 -0.0012999388078848428 0.0059437493424443774 0.004988631570195579 0.0036282072702567844 0.005825419245021696 0.010900263865310041 0.014940301402967562 0.013830023637989105 0.011762616770893491 0.006550545127768259 -0.003432045354671093 -0.008986810015307545 -0.020651485614415988 -0.020118962228298176 -9999 -9999 -9999 -9999 -9999 -9999 -9999 -9999 -9999 -9999 -9999 -9999 -9999 -9999 -9999 -9999 -9999
-9999 -9999 -9999 0.13116329079432204 0.05137296568080424 0.014670480574880353 0.09944848540951223 0.014671094426252309 0.010172306972356604 0.00818355727408615 0.010260685647606238 0.022138274312019368 0.015155114982493943 0.0007452214917828827 -0.007056567707710709 -0.0040641156109896825 -0.00428217062178779 -0.005781525636420537 -0.013216708249905534 -0.012335526784496205 -0.01929039987070219 -0.003507847528485847 0.00460891744920186 0.0022134022599846763 -0.005015833303332329 -0.0041343575077397434 0.0012451360340822724 0.005203201091863258 0.009364450687453868 0.004585567088621957 -0.0023751970237264326 -9999 -9999 -9999 -9999 -9999 -9999 -9999 -9999 -9999 -9999 -9999 -9999 -9999 -9999 -9999 -9999 -9999 -9999 -9999 -9999 -9999
-9999 -9999 -9999 0.1369680555267188 0.1492334403270899 0.0858189425953142 0.05360644156706401 0.0678762559256802 0.08061332705824131 0.018407944648984875 0.005106671402851759 0.006947193008202761 0.0055208462597755035 0.008313522354150421 -0.0015348428613925216 -0.0007833809488349552 0.0007462690622485889 0.004043000761200399 0.0028726108194816746 -0.008473073589731261 -0.00628850436428699 0.00043219249955442346 0.0016274660111901262 0.005743325941941962 0.009228844087936977 0.010494446121780576 0.0009494051731452623 -0.004961546302446857 -0.011615070301716712 -9999 -9999 -9999 -9999 -9999 -9999 -9999 -9999 -9999 -9999 -9999 -9999 -9999 -9999 -9999 -9999 -9999 -9999 -9999 -9999 -9999 -9999 -9999
-9999 -9999 -9999 0.1183314672210714 0.11360697746276854 0.13104439192804795 0.08993084484574487 0.03666497857531131 0.03731142364752788 0.02327436045743525 0.008134437313205345 0.009273148121985986 0.0296473094123475 0.02716477390597849 0.01525161561110744 0.012563150376081468 0.008688329211012868 -0.0014039782774930565 -0.008469224765020267 -0.013557445592509073 -0.0027368302856172755 0.0021081422105689858 -0.00864853254386358 -0.015464365655599638 -0.011706950849500186 -0.012018559365299164 -9999 -0.029720107660345413 -9999 -9999 -9999 -9999 -9999 -9999 -9999 -9999 -9999 -9999 -9999 -9999 -9999 -9999 -9999 -9999 -9999 -9999 -9999 -9999 -9999 -9999 -9999 -9999
-9999 -9999 -9999 0.1316885873168504 0.12974332071639394 0.12068225093226614 0.12704573211434125 0.12937329084049035 0.08236551874461656 0.0015287186677863107 0.006969925952467704 0.009404851185096486 0.015523498617736997 0.008123134178194158 0.00671039754255659 -0.0053988039493561004 -0.0035618384336603133 -0.007187152217174392 -0.02204241849043789 -0.013871030225230093 0.013085565117538944 0.013328931621603065 -0.0012592189215324956 0.0025551655191056177 -0.0006160224477450017 -0.005091537702133053 -0.0056241087169728865 -9999 -9999 -9999 -9999 -9999 -9999 -9999 -9999 -9999 -9999 -9999 -9999 -9999 -9999 -9999 -9999 -9999 -9999 -9999 -9999 -9999 -9999 -9999 -9999 -9999
-9999 -9999 -9999 -9999 0.06699546240270138 0.0101294313135043 0.004814577640080087 0.007632417211661469 0.0071578734432873325 0.0025863092706864266 0.0033810280655559573 -0.0021039197311044644 -0.0010511441960360801 -0.002594106871148805 0.005214947939577691 0.017619118094444275 0.006863750812024033 -0.009617728859009828 -0.01616051939367516 -0.016060090853887432 -0.017003894986017898 -0.006582930021815842 -0.015197060723355747 0.001673719759554576 -9999 -9999 -9999 -9999 -9999 -9999 -9999 -9999 -9999 -9999 -9999 -9999 -9999 -9999 -9999 -9999 -9999 -9999 -9999 -9999 -9999 -9999 -9999 -9999 -9999 -9999 -9999 -9999
