metrics/grid_rasters/CCI Combined/grideval_CCI Combined_S_summer_absolute_ubrmsd.asc
ncols 52
nrows 55
xllcorner     11.25
yllcorner     55.25
cellsize      0.25
NODATA_value  -9999
[rows 0 to 27 of 55, columns 0 to 51 of 52]
-9999 -9999 -9999 -9999 -9999 -9999 -9999 -9999 -9999 -9999 -9999 -9999 -9999 -9999 -9999 -9999 -9999 -9999 -9999 -9999 -9999 -9999 -9999 -9999 -9999 -9999 -9999 -9999 -9999 -9999 -9999 -9999 -9999 -9999 -9999 -9999 0.052471166146399205 0.05368807186783329 0.060265058390405 -9999 -9999 -9999 -9999 -9999 -9999 -9999 -9999 -9999 -9999 -9999 -9999 -9999
-9999 -9999 -9999 -9999 -9999 -9999 -9999 -9999 -9999 -9999 -9999 -9999 -9999 -9999 -9999 -9999 -9999 -9999 -9999 -9999 -9999 -9999 -9999 -9999 -9999 -9999 -9999 -9999 -9999 -9999 -9999 -9999 -9999 -9999 -9999 -9999 0.05328849516777469 0.051211137457742806 0.051089403738001714 0.0442421927611355 0.04757556297313036 0.047099530800357135 -9999 -9999 -9999 -9999 -9999 -9999 -9999 -9999 -9999 -9999
-9999 -9999 -9999 -9999 -9999 -9999 -9999 -9999 -9999 -9999 -9999 -9999 -9999 -9999 -9999 -9999 -9999 -9999 -9999 -9999 -9999 -9999 -9999 -9999 -9999 -9999 -9999 0.06281140037435536 0.06382104931744348 0.04944331963697702 0.05753064197930027 0.0722491520168766 0.07288621430826725 0.06526648108904654 -9999 0.05874791326822276 0.04943934262953541 0.04595281270811211 0.04768773730118421 0.05037958767233176 0.05474434161243637 0.05430342194989021 0.054183878164111764 0.05037682275905603 0.054746535400665916 0.058400115913829174 -9999 -9999 -9999 -9999 -9999 -9999
-9999 -9999 -9999 -9999 -9999 -9999 -9999 -9999 -9999 -9999 -9999 -9999 -9999 -9999 -9999 -9999 -9999 -9999 -9999 -9999 -9999 -9999 -9999 -9999 -9999 -9999 -9999 0.06240665034157902 0.06725283746494956 0.05079155460978094 0.05623358928927088 0.051684242255164034 0.05520984234547786 0.058673740767948165 0.0479089516368577 0.0474157731245891 0.05117465121718328 0.05277000903310436 0.05297291123827154 0.05344409019712189 0.055789930172246 0.05557858632055375 0.05620658358600687 0.05556089353047049 0.05854205185716626 0.05311467920699763 0.05065384038340158 0.05826389335833738 -9999 -9999 -9999 -9999
-9999 -9999 -9999 -9999 -9999 -9999 -9999 -9999 -9999 -9999 -9999 -9999 -9999 -9999 -9999 -9999 -9999 -9999 -9999 -9999 -9999 -9999 0.0838706075317594 0.062316504064153885 0.07454960410833421 0.07832362496809274 0.0699427132389642 0.059128027136659086 0.05121303806848967 0.049113000312246406 0.0480473680918608 0.0584440052422288 0.05435773191495879 0.058560280191981263 0.05381576925609104 0.053982518143584096 0.04709124534061688 0.04199389135638456 0.044162319068848266 0.044451005441639435 0.04584444311120458 0.056684306631405536 0.057034723317471225 0.04713234090897647 0.046349825683825126 0.049993546385817975 0.04680929643797817 0.043332041762308864 0.04400473409018652 -9999 -9999 -9999
-9999 -9999 -9999 -9999 -9999 -9999 -9999 -9999 -9999 -9999 -9999 -9999 -9999 -9999 -9999 -9999 -9999 -9999 -9999 -9999 -9999 0.08177080485355344 0.07659689535713883 0.06477153474463432 0.05860907531917614 0.06052321157540722 0.06788941690034435 0.05857727463304192 0.05622028213451991 0.05897272132856714 0.0653287076068156 0.051757175533507095 0.057696761517313726 0.057144286362956126 0.05622173683017513 0.05113031761154958 0.049524931903239464 0.04928452299781778 0.04244932282229253 0.042298362845630585 0.04166596421035092 0.04302746569597828 0.04544404242724402 0.0456965716187137 0.04574932794839113 0.04650932105777948 0.045888552975751486 0.044357904944745764 0.044405913567617465 -9999 -9999 -9999
-9999 -9999 -9999 -9999 -9999 -9999 -9999 -9999 -9999 -9999 -9999 -9999 -9999 -9999 -9999 -9999 -9999 -9999 -9999 -9999 0.07564973163689195 0.0655127639815132 0.08093765176916734 0.05987746966146816 0.06063383640220432 0.062075213944146376 0.05929277777599059 0.060616025236684724 0.05774874256142644 0.059839948106401475 0.05908714400320408 0.05885404714072946 0.058860959099581625 0.060373587242618584 0.0592427909913715 0.05295027619286408 0.0536243273643115 0.052785847631657064 0.053115435846647054 0.04632207337623349 0.044054293682146764 0.04335149028142666 0.044295364210159775 0.044894410479163 0.045214308427078416 0.04533771136023931 0.04644674832551185 0.048941104092778666 0.04634562401484391 0.042268399124458886 -9999 -9999
-9999 -9999 -9999 -9999 -9999 -9999 -9999 -9999 -9999 -9999 -9999 -9999 -9999 -9999 -9999 -9999 -9999 -9999 -9999 -9999 -9999 0.08168507228302267 0.06852736319548001 0.06541916827235522 0.0632301260340296 0.06472873331775733 0.06384024352649678 0.0651286952590126 0.08463426608619116 0.07185167339660503 0.06098973404233751 0.05591180913357996 0.045103631252137004 0.04579576076963033 0.047272467383777515 0.04639311062291249 0.04378807689461296 0.04361424453250913 0.0464355469224531 0.044621094193635434 0.043975118178866734 0.04512096706404047 0.045848387951543286 0.04313679360856902 0.04596308861776177 0.04526935433780233 0.0461473029782578 0.047733300457218436 0.04515630589320137 -9999 -9999 -9999
-9999 -9999 -9999 -9999 -9999 -9999 -9999 -9999 -9999 -9999 -9999 -9999 -9999 -9999 -9999 -9999 -9999 -9999 -9999 0.06976028687001933 0.07041300221851357 0.07165272244649967 0.07247201159768013 0.06737134953623164 0.05798096682079348 0.08502752765845753 0.06905099660989665 0.06533630631800938 0.06176825816510854 0.05570241162393192 0.05084610014449634 0.04961224644343337 0.04821187883518195 0.050851045313697205 0.04656329061877084 0.04483012559513325 0.043624095212679584 0.0428570438666054 0.04410271991854183 0.043870536624082905 0.043511070236681285 0.04552856763402071 0.04412755298776163 0.04623647169339038 0.04628590451615597 0.04766024059119783 0.04398815965746231 0.046449342017144665 0.04514754484160877 0.0458773645855824 0.0440667925097048 -9999
-9999 -9999 -9999 -9999 -9999 -9999 -9999 -9999 -9999 -9999 -9999 -9999 -9999 -9999 -9999 -9999 -9999 -9999 0.057126930919842875 0.06430390735467338 0.07004301126585323 0.07416702973510694 0.06955568006460093 0.06331494882733882 0.06802400303328585 0.06914916676946392 0.07265026579536654 0.07178283815920751 0.06646069857437406 0.05542200900179897 0.050613663178542406 0.045555516507068364 0.04540070443015861 0.05299006775270811 0.04671361647125846 0.04521758556217498 0.04588903259992788 0.04430119758725239 0.043845383059543816 0.04351515017873578 0.04374629207823191 0.04447185359978198 0.0449633868974924 0.041634157768844236 0.045018632968841794 0.04678331224930112 0.043936532028565976 0.043638306026607086 0.043642828204598784 0.0454340487090639 0.04532249985740903 -9999
-9999 -9999 -9999 -9999 -9999 -9999 -9999 -9999 -9999 -9999 -9999 -9999 -9999 -9999 -9999 -9999 -9999 0.06100520893447186 0.056819650856073316 0.06763543964446507 0.06907385863678224 0.06904827719645264 0.06414637009202223 0.054696171991802336 0.0548244038041652 0.05612859072857921 0.055713013765924 0.051245418610389545 0.05174078087429875 0.04851365451864376 0.04623691219970217 0.0461142324568457 0.046080639973117996 0.04555777395481305 0.04534484247996593 0.045983301277999454 0.04709236533312548 0.04874412160670363 0.046726861061390616 0.04452976906592503 0.04540476337011694 0.044714433603285135 0.04296402646840545 0.04632738915683751 0.04715800816951755 0.04856403499849325 0.04817234967779065 0.04501558363397044 0.04454656384614554 0.04791880657755382 -9999 -9999
-9999 -9999 -9999 -9999 -9999 -9999 -9999 -9999 -9999 -9999 -9999 -9999 -9999 0.07918976881311765 0.07410662173107453 0.06106485650380975 0.060647718642610676 0.06386461215622015 0.04978632428661517 0.06142622256552496 0.05339708172777415 0.06954449070093993 0.06446172032851136 0.05561350827131016 0.049816584415953324 0.043982893935175627 0.040592640239376455 0.048838751758728524 0.052982844206226634 0.0515160000462957 0.04821853486763051 0.0499545839692823 0.04771022301154144 0.047081251805103266 0.046515713890261934 0.0453535769458406 0.04496482829467525 0.046801038264328014 0.04627306948261014 0.0444664973577926 0.045577458329699394 0.04316482860165435 0.04229064873371589 0.04301213881738505 0.04453616855863224 0.04663529317458641 0.0460756717757621 0.0486516492168503 0.04592393959216905 0.044542659901413185 0.04376895843004551 -9999
-9999 -9999 -9999 -9999 -9999 -9999 -9999 -9999 -9999 -9999 -9999 -9999 -9999 0.08536392244395806 0.07101708381488643 0.07591413310012214 0.08103177199634487 0.08076539699356731 0.07821665943385006 0.07363056119606623 0.06984629866007762 0.06619132084776558 0.060205580334794666 0.05254789614045397 0.04514692966776606 0.041165022193948984 0.027589855816741955 0.04356865210479938 0.039301309300985424 0.04249009374352533 0.04082939606529266 0.041003194359997566 0.041427111416280485 0.04419899963982775 0.04735059009262633 0.046209013354797934 0.045527638698498574 0.04504820254330343 0.04509713143636547 0.044962627467205564 0.043647124598603655 0.04523294145799131 0.045315098481828485 0.0476013443528709 0.047562350517633765 0.04791298224862643 0.04881843578120646 0.049182875116459884 0.05013927558193135 0.048949766398536966 0.04806266861806344 0.048192374408344334
-9999 -9999 -9999 -9999 -9999 -9999 -9999 -9999 -9999 -9999 -9999 -9999 -9999 0.08831972995928812 0.08848084740848604 0.07962574378798523 0.06708544409663304 0.0661726722062079 0.06388894503731894 0.06054726412420795 0.05843040953615827 0.05729512331643126 0.049030356310744726 0.04322782191392596 0.040584124525547285 0.04152587332381946 0.042430689627768164 -9999 0.03088647035401847 0.03997623626450963 0.0383339728822528 0.038513140074357334 0.038459186189826994 0.039505990235174974 0.038868217519550635 0.04071279136095595 0.04002715268333031 0.03964877065277954 0.04012790308248584 0.04229349153613545 0.03937221656422274 0.04039118469693696 0.043487962026960335 0.04489520339447422 -9999 -9999 -9999 -9999 -9999 -9999 -9999 -9999
-9999 -9999 -9999 -9999 -9999 -9999 -9999 -9999 -9999 -9999 -9999 -9999 -9999 0.08801671521326547 0.07633312869813784 0.06090701034291007 0.05444893497711111 0.06198468434651053 0.055527932932987925 0.04747089673611333 0.04547587680176708 0.040893736625979234 0.04169226496599604 0.04610582415694543 0.04265654206693199 0.04407602063979711 0.044529586880784185 0.049893506317558685 0.04295042954151 0.042886482392778924 0.041439927200880695 0.03849952145955728 0.037113907129719084 0.038905301155732055 0.038675921794836386 0.038269158762562434 0.03814188271757589 0.038744476163811915 0.04020408760820966 0.04228890821221532 0.03971764697557861 -9999 -9999 -9999 -9999 -9999 -9999 -9999 -9999 -9999 -9999 -9999
-9999 -9999 -9999 -9999 -9999 -9999 -9999 -9999 -9999 -9999 -9999 -9999 0.08451240393009811 0.08478705315525736 0.07054782820190628 0.059269213474906164 0.06939768022520681 0.05758198126185056 0.053569115530480375 0.04451268342489767 0.04341320257169879 0.04167534613007446 0.037821388593636124 0.040607549676802086 0.041825391579888696 0.04081049846771555 0.04128141331355642 0.0437222643578102 0.040122125738746135 0.039004518273523636 0.03969040640341347 0.04209402478255321 0.039445043510979584 0.039482240874462456 0.03797766779430169 0.03840386591992519 0.03940125915670194 0.040252080315352816 0.041070323734363534 0.03985705634336615 0.042243537288881215 -9999 -9999 -9999 -9999 -9999 -9999 -9999 -9999 -9999 -9999 -9999
-9999 -9999 -9999 -9999 -9999 -9999 -9999 -9999 -9999 -9999 -9999 0.07814024820507626 0.07047623603883256 0.0808854857155279 0.0752589619876858 0.07483921501741207 0.06354295917667822 0.05413963701190259 0.04393405717200891 0.04235949070201628 0.04245366102627437 0.04173099479870763 0.03934247556508732 0.03856346711014133 0.041068683838115634 0.04136100692230325 0.03994826683880959 0.04264045418192467 0.044332679306999884 0.039388696829558686 0.039692504645487035 0.04201378417688687 0.03889730297864734 0.03867224965911882 0.03894238314508329 0.040550295948054274 0.04146145667771986 0.0413499638984594 0.041296606581413806 0.045766812617724105 -9999 -9999 -9999 -9999 -9999 -9999 -9999 -9999 -9999 -9999 -9999 -9999
-9999 -9999 -9999 -9999 -9999 -9999 -9999 -9999 -9999 -9999 0.06104727790613286 0.06749704929350482 0.0800388556360182 0.08304421179113032 0.06793301060400435 0.05739094425415792 0.04710454366303622 0.04197734449495622 0.0406411914323564 0.03780163365249577 0.03686978255760381 0.04181148823324253 0.03767691809360813 0.037102004218000716 0.03681603062607481 0.037706754279093285 0.039291084717085686 0.0394728767835904 0.040609146769479534 0.04153565521129564 0.0405565050802104 0.040545495801021916 0.03837806843455995 0.037656352026299834 0.039236272177165465 0.04083142960026565 0.04236358361849588 0.0405208757486186 0.0403203980967573 -9999 -9999 -9999 -9999 -9999 -9999 -9999 -9999 -9999 -9999 -9999 -9999 -9999
-9999 -9999 -9999 -9999 -9999 -9999 -9999 -9999 -9999 -9999 -9999 -9999 0.05453880476065295 0.04564721490388335 0.04366478966555309 0.043498717868844745 0.04576456880972176 0.046239344357598466 0.04454339072355856 0.04156451009326191 0.04252781898001453 0.04136157107508608 0.039195152011729836 0.03923361493084965 0.038238155284149485 0.03704916499497672 0.03820989394661286 0.03885520992314431 0.043329782978675 0.04363742142245388 0.04072809941513701 0.03804594914870472 0.03872849272616296 0.03849436893633591 0.03897464488841288 0.038690611453592434 0.03947582272461657 0.03972353760809332 0.04144595575622224 0.04386948323635676 -9999 -9999 -9999 -9999 -9999 -9999 -9999 -9999 -9999 -9999 -9999 -9999
-9999 -9999 -9999 -9999 -9999 -9999 -9999 -9999 -9999 -9999 -9999 0.06221843307911985 0.06697628972372614 0.054599493527573865 0.04921583470965976 0.04506008773761496 0.04501863544322223 0.04701221757650399 0.0467748674546306 0.045345874268424236 0.04390384163678981 0.042733865074939904 0.04205876371834782 0.04173187436942796 0.042852170664328997 0.04190911216751039 0.040592647395796086 0.038276129163833814 0.03837883757887542 0.04060400233549714 0.04161447215811062 0.042041661373115456 0.04077582141163018 0.04145938371160916 0.04205362920691677 0.040066374748978326 0.04134376027656421 0.04056601871913846 0.0399629859421275 -9999 -9999 -9999 -9999 -9999 -9999 -9999 -9999 -9999 -9999 -9999 -9999 -9999
-9999 -9999 -9999 -9999 -9999 0.05566634996619165 0.05293697443486335 0.05438611765543995 0.058028694293241485 0.06274420238002894 0.061193540647433965 0.04688356820434711 0.04789398086819858 0.04963101187191165 0.048790829259138066 0.04910204646565762 0.05241169936942989 0.04895966078858659 0.050117496865866216 0.04712164884712152 0.046455740159071265 0.04795546886947176 0.04744194777048411 0.04994232823174995 0.045781197077706184 0.04589143493719533 0.04526940721236648 0.044194556435473736 0.04380555083012624 0.0437069392298793 0.04401988632535464 0.04720087579967582 0.04589466569807441 0.04507989616236376 0.044148565443431945 0.04282109040216675 0.04076227864063625 0.038669398971820264 -9999 -9999 -9999 -9999 -9999 -9999 -9999 -9999 -9999 -9999 -9999 -9999 -9999 -9999
-9999 -9999 -9999 -9999 0.04519255710884457 0.046577099828700536 0.047019814201873435 0.0385934825422984 0.04726270721763375 0.04548788667184491 0.048002391751788734 0.05032322888245741 0.047544721339038684 0.049636838852319835 0.04803446532637146 0.049647467888125234 0.04882001304202303 0.04836345838171899 0.0486055117951974 0.04979694671018334 0.0516658875762647 0.05270266377736711 0.04843364944209815 0.05148996707783711 0.05042233959895436 0.04876131045242117 0.05032741049685628 0.04749532788549388 0.046804202549030886 0.047523331815309 0.04600082185225636 0.04696235252821202 0.04676363998582635 0.0447170043521908 0.05183144181515527 -9999 -9999 -9999 -9999 -9999 -9999 -9999 -9999 -9999 -9999 -9999 -9999 -9999 -9999 -9999 -9999 -9999
-9999 -9999 -9999 0.05336766741933219 0.05301931065426151 0.035151800932906895 0.03787825777464903 0.04412480540244182 0.04270269519978608 0.04382579005111687 0.0478701051578798 0.04334721272615994 0.046098152655911086 0.04772833651406669 0.048240931942211004 0.04628108597859418 0.04647904615025555 0.04747911399303791 0.04785539300697848 0.04970912715252382 0.050328258875342695 0.05412469897406436 0.05277007281685978 0.051325307611578934 0.04934253779842816 0.0467084189977039 0.0472278143256235 0.045307816841781534 0.04442727602473933 0.04488649814077423 0.044266741488171925 -9999 -9999 -9999 -9999 -9999 -9999 -9999 -9999 -9999 -9999 -9999 -9999 -9999 -9999 -9999 -9999 -9999 -9999 -9999 -9999 -9999
-9999 -9999 -9999 0.06596722456183257 0.06966633839029382 0.05000959601761568 0.057940052452953125 0.04640733940105005 0.038392252520339835 0.04259905075058613 0.04661563064933327 0.03211464415494993 0.02579715740594191 0.04781861065099898 0.047930716847938135 0.04293490633753829 0.044361430175980716 0.04558304598709642 0.04707436018303466 0.0493078491181821 0.04948250501445333 0.051582861979677486 0.04989219773858451 0.04825511152739617 0.047902351022030526 0.04473159086365752 0.0448019524767939 0.04571885715488533 0.044395156669658487 -9999 -9999 -9999 -9999 -9999 -9999 -9999 -9999 -9999 -9999 -9999 -9999 -9999 -9999 -9999 -9999 -9999 -9999 -9999 -9999 -9999 -9999 -9999
-9999 -9999 -9999 0.062088954119361724 0.06008745768336868 0.057759753806961016 0.054497499961250966 0.042924090338305416 0.04229049809059079 0.04257853247772098 0.045083014306664976 0.04615416650511385 0.045048476933726746 0.048643705899503314 0.04724795231194122 0.04657128424509373 0.04615758897777783 0.04357914643050995 0.04673788363256103 0.050158619221397735 0.04928326194575676 0.04930769389092427 0.04872152748327869 0.04759718904596502 0.047302310087269706 0.04635230253265594 -9999 0.05062054563818876 -9999 -9999 -9999 -9999 -9999 -9999 -9999 -9999 -9999 -9999 -9999 -9999 -9999 -9999 -9999 -9999 -9999 -9999 -9999 -9999 -9999 -9999 -9999 -9999
-9999 -9999 -9999 0.06597620068481405 0.06372422499022996 0.06348897322134282 0.0523390609045791 0.04482152694319082 0.043575758475949036 0.044675069872106815 0.044558922923447326 0.04506987343901192 0.04392919788098487 0.04428257866227085 0.044337630938027485 0.04163014693076168 0.0457297271954316 0.04538968010750536 0.04852208756997285 0.04840829018671024 0.04879740728647828 0.05097690698200385 0.049159143731316836 0.048700624689419915 0.047636292356868205 0.04606141254392308 0.04684828159080945 -9999 -9999 -9999 -9999 -9999 -9999 -9999 -9999 -9999 -9999 -9999 -9999 -9999 -9999 -9999 -9999 -9999 -9999 -9999 -9999 -9999 -9999 -9999 -9999 -9999
-9999 -9999 -9999 -9999 0.061942046434683824 0.04468012591994603 0.046153217257492114 0.04583077627293048 0.048015222817901056 0.05251089372703112 0.04589918807663858 0.04402426880022862 0.04193114535785227 0.04349224591235526 0.04421173710975612 0.05108633745226198 0.048291421338111463 0.046036348304381615 0.04546652454512193 0.04592068002169476 0.046087737073849416 0.048948456922489336 0.05078598514267866 0.049702046442229725 -9999 -9999 -9999 -9999 -9999 -9999 -9999 -9999 -9999 -9999 -9999 -9999 -9999 -9999 -9999 -9999 -9999 -9999 -9999 -9999 -9999 -9999 -9999 -9999 -9999 -9999 -9999 -9999
-9999 -9999 -9999 -9999 0.06436974467528216 0.051507813901055806 0.05321139063966776 0.045202936204267984 0.04564231204019227 0.045201825650815285 0.04461502888287144 0.04528034962532608 0.04093113127052517 0.04055271246142242 0.043948099123328366 0.042943865240880216 0.04489714833206281 0.045446397374931134 0.04560341446058253 0.04729442737508461 0.049009445223486485 0.04975076630822047 0.049256378405119164 0.048563024286818524 0.04863499295450096 -9999 -9999 -9999 -9999 -9999 -9999 -9999 -9999 -9999 -9999 -9999 -9999 -9999 -9999 -9999 -9999 -9999 -9999 -9999 -9999 -9999 -9999 -9999 -9999 -9999 -9999 -9999
