metrics/grid_rasters/CCI Combined/grideval_CCI Combined_X_fall_2016_absolute_bias.asc
ncols 52
nrows 55
xllcorner     11.25
yllcorner     55.25
cellsize      0.25
NODATA_value  -9999
[rows 0 to 27 of 55, columns 0 to 51 of 52]
-9999 -9999 -9999 -9999 -9999 -9999 -9999 -9999 -9999 -9999 -9999 -9999 -9999 -9999 -9999 -9999 -9999 -9999 -9999 -9999 -9999 -9999 -9999 -9999 -9999 -9999 -9999 -9999 -9999 -9999 -9999 -9999 -9999 -9999 -9999 -9999 0.1414484828710556 0.11360415532475425 0.03877560794353485 -9999 -9999 -9999 -9999 -9999 -9999 -9999 -9999 -9999 -9999 -9999 -9999 -9999
-9999 -9999 -9999 -9999 -9999 -9999 -9999 -9999 -9999 -9999 -9999 -9999 -9999 -9999 -9999 -9999 -9999 -9999 -9999 -9999 -9999 -9999 -9999 -9999 -9999 -9999 -9999 -9999 -9999 -9999 -9999 -9999 -9999 -9999 -9999 -9999 0.1672564645608266 0.12678412165906694 0.12356684373484715 0.09354981581370037 0.03520406361507333 0.015277703171190982 -9999 -9999 -9999 -9999 -9999 -9999 -9999 -9999 -9999 -9999
-9999 -9999 -9999 -9999 -9999 -9999 -9999 -9999 -9999 -9999 -9999 -9999 -9999 -9999 -9999 -9999 -9999 -9999 -9999 -9999 -9999 -9999 -9999 -9999 -9999 -9999 -9999 0.1335171919602614 0.10711144947487378 0.018634724617004383 0.024160439317876647 0.059603711678868236 0.057826744516690565 0.05689567431460979 -9999 0.06733085336733835 0.11414112333132298 0.12134307531677944 0.03790944248437883 0.021578515974842786 0.01602964103221893 0.01909266263246534 0.01407132166273456 0.015872559868372382 0.015262692582373503 0.010194060264849205 -9999 -9999 -9999 -9999 -9999 -9999
-9999 -9999 -9999 -9999 -9999 -9999 -9999 -9999 -9999 -9999 -9999 -9999 -9999 -9999 -9999 -9999 -9999 -9999 -9999 -9999 -9999 -9999 -9999 -9999 -9999 -9999 -9999 0.18465728388757124 0.19324381406209906 0.1555334473478383 0.16792311426252127 0.1831467671449794 0.12884751793950106 0.03988705089558725 0.03878085513909657 0.04051129455151764 0.04009101229409378 0.0363602340221405 0.03704270294734408 0.04012531290451688 0.036486854466299234 0.03703606486320493 0.03782615912895576 0.044240331707092406 0.03923872054791916 0.036863811460195794 0.0402669617358376 -0.0034272260963916783 -9999 -9999 -9999 -9999
-9999 -9999 -9999 -9999 -9999 -9999 -9999 -9999 -9999 -9999 -9999 -9999 -9999 -9999 -9999 -9999 -9999 -9999 -9999 -9999 -9999 -9999 0.15124303717461846 0.13982240350569708 0.13690026013218626 0.10203575028313533 0.18068286152773128 0.1873844157565724 0.1770665652078131 0.16856167729823818 0.1641176413087284 0.13809910955581262 0.1099442078007592 0.031738132569524964 0.03975382997937826 0.035677990317344636 0.03886806742942078 0.04477333420134605 0.04717045071277215 0.04947770656423367 0.04876631557941435 0.04707242012023927 0.04592255974302484 0.040876986349330235 0.0369696365851982 0.033778026700019836 0.04131143496317025 0.0410021755557794 0.021183247659720628 -9999 -9999 -9999
-9999 -9999 -9999 -9999 -9999 -9999 -9999 -9999 -9999 -9999 -9999 -9999 -9999 -9999 -9999 -9999 -9999 -9999 -9999 -9999 -9999 0.14910960980391094 0.12453491091728207 0.1381043852592001 0.10259788686578923 0.1076858611333938 0.1277818019901003 0.11564210057258605 0.18961654942144046 0.14689893424510958 0.11955687204996746 0.09740070119882244 0.07799608292786969 0.04848957515281177 0.035512628390433953 0.03601911188440121 0.037463938817381866 0.04097582367451297 0.043548578801362425 0.045981445660193736 0.047856336953688634 0.04660502927643912 0.04357274115085602 0.036061379070184696 0.032188437283039106 0.02883522003889083 0.028498552441596988 0.027825555022881976 0.012111702623466671 -9999 -9999 -9999
-9999 -9999 -9999 -9999 -9999 -9999 -9999 -9999 -9999 -9999 -9999 -9999 -9999 -9999 -9999 -9999 -9999 -9999 -9999 -9999 0.13321762744869506 0.12360123172402382 0.1470499593526759 0.1476939871907234 0.19781868548496911 0.18311024316259333 0.18830694487461674 0.16857863143086432 0.13609153741881966 0.12206280089560008 0.1010018040736516 0.054965434514957945 0.05447470429150952 0.04738764076129248 0.0379171913320368 0.04002963470088111 0.035851003064049584 0.037598845103512635 0.0390762150287628 0.04372417700031528 0.044765418962292025 0.040605432961298094 0.03332412599221518 0.028853396358697325 0.025303925509038202 0.0228844660779704 0.018807933065626337 0.016956027679973174 0.014836152217217846 0.01892547894801411 -9999 -9999
-9999 -9999 -9999 -9999 -9999 -9999 -9999 -9999 -9999 -9999 -9999 -9999 -9999 -9999 -9999 -9999 -9999 -9999 -9999 -9999 -9999 0.16201231877009076 0.1875806060877252 0.1800590049713216 0.1813074052333832 0.1817106917137053 0.1575542445245542 0.09707476313297564 0.028046923875808705 0.060486626766976866 0.12504041398113425 0.05116381790748864 0.041496630044693616 0.04280795454978942 0.04799762653543593 0.05738019570708275 0.047147602166818514 0.04325719938633288 0.040471082796221185 0.045621423671642965 0.04233524266709671 0.04127567611178573 0.03301104282339412 0.01840782817453146 0.02412403676104036 0.021110235967419344 0.024188963636275262 0.02297074248393377 0.012650161981582642 -9999 -9999 -9999
-9999 -9999 -9999 -9999 -9999 -9999 -9999 -9999 -9999 -9999 -9999 -9999 -9999 -9999 -9999 -9999 -9999 -9999 -9999 0.11996347943077915 0.13096999878786048 0.1343103504429261 0.10642103354136152 0.15334673888153502 0.10702324989769196 0.0032469630241394047 0.029729818552732486 0.04646993919116693 0.046729694779326265 0.043563493713736516 0.040640117511862806 0.04044587217098061 0.04061896105607349 0.0342516021596061 0.04035850226879117 0.039793290793895715 0.03828868836164473 0.03164165482876147 0.025872767943402986 0.02588829365761386 0.028181033289950808 0.03581229581477796 0.02031624913215635 0.033428587895982416 0.02875761315226555 0.031210731594793262 0.012729072074095404 0.005499453894023232 0.027193198601404844 0.01853488634030026 0.034480808973312405 -9999
-9999 -9999 -9999 -9999 -9999 -9999 -9999 -9999 -9999 -9999 -9999 -9999 -9999 -9999 -9999 -9999 -9999 -9999 0.15092752211623722 0.13023850575406498 0.13018223453075328 0.10652581808414864 0.025655305944383144 -0.011274097487330437 0.023230968212539505 0.027130595067652245 0.029920975609523507 -0.0080338716506958 0.027153490520105128 0.020214121788740158 0.03711275649922236 0.039757375453793715 0.040251859504243585 0.033447941144307436 0.035298921506513266 0.032551664681661714 0.028081634971830586 0.027650300175585615 0.023299090088681973 0.024839179590344432 0.022971559712227363 0.02344762848483189 0.005296506263591627 0.031264765188097954 0.03771509043872357 0.038531483616679914 0.018698947969824083 0.01335672938054605 0.015887266205203143 0.02683153091108098 0.03653382938919647 -9999
-9999 -9999 -9999 -9999 -9999 -9999 -9999 -9999 -9999 -9999 -9999 -9999 -9999 -9999 -9999 -9999 -9999 0.15799807012081146 0.1587512344121933 0.07705827510875203 0.01604225635528567 0.01407902213660156 0.031919664279981115 0.023592628365339208 0.02409188059114276 0.021004489844753612 0.023145746530556118 0.023695221915841117 0.02445611251252039 0.02908894385016242 0.02998862779417705 0.022598361088470964 0.024758659641851092 0.0256284773349762 0.014323145505927837 0.014004370931423066 0.031006719451397657 0.036141995340585716 0.038952603470534086 0.03729599879847634 0.03393407166004181 0.033785271825212404 0.026639669328122503 0.039217865950352426 0.0471934107573409 0.054633728042244915 0.05131533316203524 0.03475374811225468 0.019705988632308102 0.015462985770268887 -9999 -9999
-9999 -9999 -9999 -9999 -9999 -9999 -9999 -9999 -9999 -9999 -9999 -9999 -9999 0.09689877520908008 0.10294863316747876 0.11961708002620275 0.12536391284730694 0.1279439906279246 0.1521062891591679 0.12190204146115675 0.10669609709926277 0.03665843536687452 -0.01294717511960436 0.028589638631518314 0.02563633434474466 0.02046115078577182 0.011140447564241374 0.0252164033682723 0.006270350233928579 0.0319458315005669 0.03287667799286725 0.032150242655050176 0.02546438314020633 0.011655606795102358 0.010489653005744476 0.011532419107177031 0.021410838597350657 0.024985259851893867 0.032381456933523484 0.040108148868267364 0.038751367957164114 0.03600008365435475 0.03650654623141658 0.030709720574892463 0.033028506860136975 0.04406080430462245 0.049502334069638 0.04074407466079877 0.03187306614025781 0.014583679968896146 0.028292742040422206 -9999
-9999 -9999 -9999 -9999 -9999 -9999 -9999 -9999 -9999 -9999 -9999 -9999 -9999 0.1171639959017436 0.09844597850156868 0.04567779989346216 0.0015696081075262658 0.007293932615442478 0.020702248875131 0.06169345180193581 0.03614924848079682 0.034664409451706464 0.0465644622842471 0.00400895835497439 0.02755084633827209 0.01931646093726158 0.003424325337012618 0.01858236350946957 0.013188696113126036 0.005996937001192998 0.010913667855439374 0.01832677653202641 0.02480871423527045 0.02421519389519325 0.024941678952287744 0.01710805033936219 0.02704785803430959 0.02710148157217565 0.02356836658257705 0.02563428096473216 0.02807328589260577 0.023946162404083617 0.021710646294412158 0.032956627219222316 0.026313162275723057 0.02966621009314932 0.02679503460725149 0.030577256912138417 0.0296693437156223 0.028704308682963975 0.02813170850276947 0.0774798783991072
-9999 -9999 -9999 -9999 -9999 -9999 -9999 -9999 -9999 -9999 -9999 -9999 -9999 0.10257647993663947 0.021219099455691396 0.007037639307479081 0.03274296224117279 0.0285057503391396 -0.008498514114424259 0.011114815749773188 0.028554867680479826 -0.024202827364206314 0.026529847333828627 0.028765934544640607 0.023545126657228188 0.01819033920764923 0.02373395038062126 -9999 0.017262797112818112 0.0059290985608922995 0.004990819199331864 0.009968468341334108 0.013071211675802856 0.01627559189138741 0.01631476293350087 0.01989211933687329 0.014037396013736714 0.018339854199439287 0.022017265067381026 0.01872423653667038 0.0010514180911214699 0.012620782712474464 0.02140365689992904 0.017965604790619455 -9999 -9999 -9999 -9999 -9999 -9999 -9999 -9999
-9999 -9999 -9999 -9999 -9999 -9999 -9999 -9999 -9999 -9999 -9999 -9999 -9999 0.031152849501751845 0.00754965841770172 0.03599811456304913 -0.013608039780096559 0.001001363450830628 0.02502097153947469 0.01834446700607856 0.05030434853152227 0.03859493881464005 -0.008171785208914041 0.017014998814155302 0.01716263283943309 0.03193662906515188 0.036384344614785284 0.03536719977855682 0.025358669459819797 0.005987794168533817 0.009158886969089508 0.00839445868442798 0.007536514600118005 0.016330922351163984 0.013455579678217559 0.01339506515950867 0.007135223258625367 0.002974280289241238 0.0014065884881549473 0.016197716867601547 -0.004739928130920112 -9999 -9999 -9999 -9999 -9999 -9999 -9999 -9999 -9999 -9999 -9999
-9999 -9999 -9999 -9999 -9999 -9999 -9999 -9999 -9999 -9999 -9999 -9999 0.10967955754158344 0.03519291009591974 0.02716057731750165 0.009001617630322756 -0.0005897540361323172 0.028634820295416807 0.009107686059419471 0.03621727510078532 0.04395866021513939 0.04328655232401457 0.03662315186332255 0.030865610097393862 0.025814010665334508 0.004566312287793029 -0.0045847606820029205 -0.02522005825429349 -0.005281265347431868 0.017033353009644675 0.014726212713867424 0.017274164978195644 0.0244671732187271 0.022516510776571325 0.0190481688037063 0.016775921438679564 0.01321795013021021 0.009656013335500452 0.01057389298000852 0.002296627352112224 0.011845649857270102 -9999 -9999 -9999 -9999 -9999 -9999 -9999 -9999 -9999 -9999 -9999
-9999 -9999 -9999 -9999 -9999 -9999 -9999 -9999 -9999 -9999 -9999 0.012755105994185613 0.04542466024963221 0.06593859878679115 0.05878042033378113 -0.0028597065742979604 0.02190878885713493 0.0232633302609126 0.014092142988995804 0.044068636862855226 0.038120738769832414 0.02824359621320452 0.008465643865721573 0.0056266626343131065 0.029315302148461345 -0.006446010898798704 0.01560486931549876 -0.00692659446171351 0.038942084862635666 0.01372922498446244 0.009415046164863994 0.02663120933068105 0.03222049735486507 0.022464873822959697 0.030648915153561218 0.026383981108665463 0.020376412197947502 0.006314749519030244 0.0026914741843938887 0.007184048624415156 -9999 -9999 -9999 -9999 -9999 -9999 -9999 -9999 -9999 -9999 -9999 -9999
-9999 -9999 -9999 -9999 -9999 -9999 -9999 -9999 -9999 -9999 0.03202634198325022 0.034102880358695964 0.011537036299705485 -0.013059624511262635 0.0003846948561461172 0.005055678279503539 0.029312343082644743 0.048017886777718836 0.011976723105479536 0.014155375393661298 0.0390128567814827 0.039965117056118826 0.01820356420108249 0.011512202375075388 0.011105650237628384 0.0065027356147766 0.005228305442465664 -0.005977523085233333 0.015651006032438852 0.0022317812674575443 -0.004606613516807551 0.028208194634853277 0.023281567975094453 0.019145006934801728 0.022299086882008438 0.01284264945066893 0.013647655646006257 0.0008154433220624867 -0.005973868591840875 -9999 -9999 -9999 -9999 -9999 -9999 -9999 -9999 -9999 -9999 -9999 -9999 -9999
-9999 -9999 -9999 -9999 -9999 -9999 -9999 -9999 -9999 -9999 -9999 -9999 0.06356410446919891 0.0006700365832357781 0.014018348701622165 0.01712094247341156 0.026397131903227008 0.01832931143481556 -0.006032966822385799 0.0006706228381709034 0.019562639869176415 0.016058438702633515 -0.0010555833578109741 0.01018065057302775 0.0053849247725386296 -0.0014876771617580165 -0.00497270414703771 0.0008915610611438807 -0.018435106426477443 -0.013797619403936923 -0.0022748189001548518 0.012604539238271262 0.016436800360679626 0.017549393574396777 0.015397848354445576 0.007140768286974547 0.0013307384822679735 0.009804853859047086 -0.007435898780822764 -0.014473897569319771 -9999 -9999 -9999 -9999 -9999 -9999 -9999 -9999 -9999 -9999 -9999 -9999
-9999 -9999 -9999 -9999 -9999 -9999 -9999 -9999 -9999 -9999 -9999 0.0825531693796317 0.00463999311129254 0.025226409462365262 -0.01321906165072792 0.015935601932661858 0.0183028135448694 0.013800363399480514 0.015353552997112274 0.012352552768346431 0.01386363001970145 0.03275196600792018 0.025828481760135916 0.022975807273110688 0.02755289382877804 0.024490200502927908 0.005002349260307487 0.01805694437608485 0.009400260157701457 0.017091791544641768 0.0026597157120704647 0.02173919213372608 0.010200291194699037 0.006205759942531586 0.003694957719658915 0.0029791086912155096 -0.0025675171720130068 0.00895537880429051 0.003265371376817872 -9999 -9999 -9999 -9999 -9999 -9999 -9999 -9999 -9999 -9999 -9999 -9999 -9999
-9999 -9999 -9999 -9999 -9999 0.09713865761403684 0.02254689347987271 0.05870507851890894 0.06820767392983307 0.0907288117611662 0.07686774497446808 0.026428098479906736 0.004302916201678164 0.014013030380010616 -0.004357821866869921 -0.004991871491074551 -0.011091211980039428 0.014318065345287316 0.015132528916001309 -0.006280225273725154 0.0005552184742850241 0.007420436756030935 0.01842954105291611 0.03961661954720816 0.0025677051395177897 0.0022805016487836838 0.002685563904898519 0.007071850604789209 0.013795720818250062 0.02096456969561783 0.007475237051645906 0.014020844362676144 -0.002815558422695513 -0.00514978117176465 -0.008198139656867305 0.01803452444487605 0.016955483833263674 0.014597106921045403 -9999 -9999 -9999 -9999 -9999 -9999 -9999 -9999 -9999 -9999 -9999 -9999 -9999 -9999
-9999 -9999 -9999 -9999 0.05660054418775772 0.1143248748779297 0.11457282246327866 0.01643142789602281 -0.009974238964227557 -0.005640501664443465 -0.0028968779153601965 0.0034173049387477557 -0.008119717240333555 -0.012188015407637559 -0.01429396102557312 -0.03399430629279879 -0.020485313816203 -0.011530295819849571 -0.003622037544846524 0.0036053680456601678 0.0064094597712541215 0.003941728136478334 0.00713546052575112 0.01621312350034715 0.010422657288256143 0.010762902193291237 0.01900706724041984 0.01461725899328789 0.014917541952694154 0.014465592942147887 0.0041690599815598925 -0.0025406266252199767 -0.004266978800296778 -0.02062408988540237 -0.018209641629999333 -9999 -9999 -9999 -9999 -9999 -9999 -9999 -9999 -9999 -9999 -9999 -9999 -9999 -9999 -9999 -9999 -9999
-9999 -9999 -9999 0.12793561329646985 0.06394434347748756 0.016575604677200314 0.10281710922718046 0.029880253999840962 0.01948834408302696 -0.0037687945625056174 0.004389987435451771 -0.004471754034360259 0.020363475949991328 -0.0025177637026423394 -0.020687038557870047 -0.02285592257976532 -0.011306869486967713 -0.008180949736285859 -0.02042777495724815 -0.015358904326284256 -0.0245611289372811 0.008205380290746689 0.012454793203708736 0.0047274634919383385 -0.010551068186759938 -0.013383831990801759 -0.0018576905131340027 -0.002661174849459991 -0.0022451584301297627 -0.007889956006636998 -0.004812682362703186 -9999 -9999 -9999 -9999 -9999 -9999 -9999 -9999 -9999 -9999 -9999 -9999 -9999 -9999 -9999 -9999 -9999 -9999 -9999 -9999 -9999
-9999 -9999 -9999 0.1179332360625267 0.12195231765508653 0.08496800632703871 0.04756970500404184 0.061572221869772126 0.07345759171120664 0.009551729844964052 -0.0055566237054087975 0.018712364302741147 0.021665304575277402 0.01692293551952942 -0.0008485328133513159 -0.011447873469945552 -0.001363344277654388 0.003507097427909445 0.005468016437121803 -0.01879414030023524 -0.01598758054407021 0.012432910147167379 0.008131927322773708 -0.003045786482592433 0.006259240940505395 -0.002467617111385989 -0.01239527993161102 -0.009720544966440342 -0.021422459350691897 -9999 -9999 -9999 -9999 -9999 -9999 -9999 -9999 -9999 -9999 -9999 -9999 -9999 -9999 -9999 -9999 -9999 -9999 -9999 -9999 -9999 -9999 -9999
-9999 -9999 -9999 0.1167106834741739 0.11054079960554077 0.11016647517681122 0.07380800538284832 0.016297619612444025 0.009767367787983094 -0.001754680648446083 -0.018049311764696815 -0.017637725580822328 0.012401583294073731 0.03086299929353925 0.018607414904094868 -0.004203807562589645 0.013864463489306587 -0.0067865405231714295 -0.009264742583036415 -0.025213658809661862 0.0016300736404046836 0.005663471614442223 -0.009663243862715635 -0.021889210381406426 -0.025164614915847792 -0.02418695615147645 -9999 -0.0208845061474833 -9999 -9999 -9999 -9999 -9999 -9999 -9999 -9999 -9999 -9999 -9999 -9999 -9999 -9999 -9999 -9999 -9999 -9999 -9999 -9999 -9999 -9999 -9999 -9999
-9999 -9999 -9999 0.10129098392821644 0.10024568673811464 0.107281392948194 0.1104314790127125 0.08747560282548268 0.058898619197784614 -0.03545539589916788 -0.020696276426315302 -0.008982928639108491 -0.0047247918640694895 -0.008417606735840827 -0.004941856116056437 -0.01996390734400069 0.0016360986977815573 -0.01548343116328829 -0.04045510813593864 -0.026779531722977038 0.020141739398241043 0.02072079384580572 -0.008737387887218534 0.00603891775394097 -0.002355071185510371 -0.002729385193571993 0.00476478404083916 -9999 -9999 -9999 -9999 -9999 -9999 -9999 -9999 -9999 -9999 -9999 -9999 -9999 -9999 -9999 -9999 -9999 -9999 -9999 -9999 -9999 -9999 -9999 -9999 -9999
-9999 -9999 -9999 -9999 0.04191088080406191 0.00996064257865048 -0.016698734240329 -0.016253755851225432 -0.01660820945750835 -0.030215955697573155 -0.014404136687517166 -0.019939115837864257 -0.0203134408022495 -0.02111428941405097 -0.01029735803604126 -0.009939630329608928 0.006037109145304059 -0.01873783767223358 -0.025760701781994574 -0.024260740354657168 -0.028242387050806086 -0.012243284450636964 -0.022648991722809653 0.0019403562138352317 -9999 -9999 -9999 -9999 -9999 -9999 -9999 -9999 -9999 -9999 -9999 -9999 -9999 -9999 -9999 -9999 -9999 -9999 -9999 -9999 -9999 -9999 -9999 -9999 -9999 -9999 -9999 -9999
-9999 -9999 -9999 -9999 0.1116910137427159 0.020821654602237397 -0.03342638462781905 -0.015393268871814638 -0.02949843555688858 -0.01910464018583297 -0.003707751023526107 0.0019121874983493992 -0.008048795736753017 -0.020356634424792408 -0.01807901263237 -0.014449391423202148 -0.016749248290673285 -0.02026337996507302 -0.01882552504539489 -0.021120339277244743 -0.023745237161283902 -0.021909627616405497 -0.01857614674066244 -0.01296831263323961 -0.006071770857823511 -9999 -9999 -9999 -9999 -9999 -9999 -9999 -9999 -9999 -9999 -9999 -9999 -9999 -9999 -9999 -9999 -9999 -9999 -9999 -9999 -9999 -9999 -9999 -9999 -9999 -9999 -9999
