metrics/grid_rasters/CCI Combined/grideval_CCI Combined_S_spring_absolute_ubrmsd.asc
ncols 52
nrows 55
xllcorner     11.25
yllcorner     55.25
cellsize      0.25
NODATA_value  -9999
[rows 0 to 28 of 55, columns 0 to 51 of 52]
-9999 -9999 -9999 -9999 -9999 -9999 -9999 -9999 -9999 -9999 -9999 -9999 -9999 -9999 -9999 -9999 -9999 -9999 -9999 -9999 -9999 -9999 -9999 -9999 -9999 -9999 -9999 -9999 -9999 -9999 -9999 -9999 -9999 -9999 -9999 -9999 0.024629803989950256 0.05279019681744872 0.08772569589220493 -9999 -9999 -9999 -9999 -9999 -9999 -9999 -9999 -9999 -9999 -9999 -9999 -9999
-9999 -9999 -9999 -9999 -9999 -9999 -9999 -9999 -9999 -9999 -9999 -9999 -9999 -9999 -9999 -9999 -9999 -9999 -9999 -9999 -9999 -9999 -9999 -9999 -9999 -9999 -9999 -9999 -9999 -9999 -9999 -9999 -9999 -9999 -9999 -9999 0.057640900799496686 0.07845988158393799 0.08086514547890528 0.08379119766676585 0.0947639653968141 0.11063754198419083 -9999 -9999 -9999 -9999 -9999 -9999 -9999 -9999 -9999 -9999
-9999 -9999 -9999 -9999 -9999 -9999 -9999 -9999 -9999 -9999 -9999 -9999 -9999 -9999 -9999 -9999 -9999 -9999 -9999 -9999 -9999 -9999 -9999 -9999 -9999 -9999 -9999 0.07940993286423884 0.07798755416302773 0.014310813684809619 0.07137086659031829 0.09053423745520896 0.0909393716778819 0.09183058712815577 -9999 0.10788000427270583 0.08318216490816094 0.07536065462868963 0.10377001823691433 0.11530552763988608 0.11610086995235483 0.11891892446049004 0.11136373268979807 0.11457870589052792 0.1234315840195252 0.1360328146488224 -9999 -9999 -9999 -9999 -9999 -9999
-9999 -9999 -9999 -9999 -9999 -9999 -9999 -9999 -9999 -9999 -9999 -9999 -9999 -9999 -9999 -9999 -9999 -9999 -9999 -9999 -9999 -9999 -9999 -9999 -9999 -9999 -9999 0.026224245592572484 0.02374313068691009 0.02820975894180596 0.051704427831170234 0.03245916880661828 0.055020118250415785 0.0939368466014641 0.08611302062923043 0.0969450081927804 0.0975140283476648 0.09978483311888713 0.1045872643417935 0.11431206445066387 0.10391443972774053 0.10776526985381353 0.1248437112380444 0.12600360846120384 0.12892587135491956 0.12669262246800111 0.12450940410696608 0.11009110199793053 -9999 -9999 -9999 -9999
-9999 -9999 -9999 -9999 -9999 -9999 -9999 -9999 -9999 -9999 -9999 -9999 -9999 -9999 -9999 -9999 -9999 -9999 -9999 -9999 -9999 -9999 0.10343121383391556 0.08624681219584136 0.0811462000650966 0.07436141585924058 0.07234165677861992 0.07343960433014747 0.01602452548062263 0.02750095896774122 0.031181592428461538 0.08668542297413265 0.069466522756712 0.09469626468999168 0.10359425627971368 0.09465614387835182 0.09596033634332536 0.08498925429733119 0.07697466836179807 0.08153246647839467 0.0810160848196859 0.0949005859478566 0.1193928691501501 0.10998821041614314 0.10718180440115443 0.109689373839673 0.09894760683193557 0.09644617820809796 0.08783349751879717 -9999 -9999 -9999
-9999 -9999 -9999 -9999 -9999 -9999 -9999 -9999 -9999 -9999 -9999 -9999 -9999 -9999 -9999 -9999 -9999 -9999 -9999 -9999 -9999 0.10107927796774582 0.03319854286125133 0.08800666354136323 0.05882701833208032 0.06991655227890753 0.08502937701119459 0.006591819226746003 0.07533627666960506 0.08529584516547331 0.11063133951796893 0.08976006012707369 0.10130236797804576 0.1097643627675568 0.1038132382030366 0.10452104099973084 0.09929024765668128 0.09062083168546876 0.08000607643109654 0.07924301615254839 0.07957543176264087 0.0832258964243327 0.08765142140379767 0.09004106905163606 0.08822349822544859 0.08444344683213399 0.08224017764054614 0.08074442162329289 0.08276392425538681 -9999 -9999 -9999
-9999 -9999 -9999 -9999 -9999 -9999 -9999 -9999 -9999 -9999 -9999 -9999 -9999 -9999 -9999 -9999 -9999 -9999 -9999 -9999 0.06859305520225006 0.0602562637834224 0.11331351962143475 0.006065735959294332 0.07417983714082965 0.06242517686177593 0.07858245082099635 0.09426038117990676 0.0765061546512748 0.08653130193230389 0.10133207886160116 0.10554973602472872 0.11398539432095715 0.1239947515734186 0.11164606199200776 0.10069984510039934 0.10634862670445698 0.1018586702034074 0.09676171009251017 0.08641123063153165 0.07949645478458969 0.0722392684340026 0.07425000191619685 0.0817659131079969 0.08165041743630037 0.07821736364912585 0.07696065440151505 0.0771096221739987 0.07013635918433445 0.06541521935127245 -9999 -9999
-9999 -9999 -9999 -9999 -9999 -9999 -9999 -9999 -9999 -9999 -9999 -9999 -9999 -9999 -9999 -9999 -9999 -9999 -9999 -9999 -9999 0.00799697548756978 0.08999971004558323 0.06882267396852135 0.07534781895117706 0.07596484130580759 0.07601488793281015 0.08992119588729439 0.13134828674279267 0.10778578429227532 0.07890136939133544 0.09211404221516692 0.07113062624976844 0.06889741226206933 0.08295796725917587 0.10734424063852242 0.1054080663357503 0.10065977283156266 0.08879295606592451 0.08000001696261494 0.07894678402564156 0.07738843452469565 0.07699878325839105 0.07054098717556195 0.07734055007732789 0.06868303425246362 0.06831146911082846 0.06723721670671838 0.06086630366124506 -9999 -9999 -9999
-9999 -9999 -9999 -9999 -9999 -9999 -9999 -9999 -9999 -9999 -9999 -9999 -9999 -9999 -9999 -9999 -9999 -9999 -9999 0.10792585034572147 0.10288423123278014 0.1003057146988505 0.031612525195489384 0.09361780353781664 0.019370193104935447 0.14188204556446235 0.1132258709380255 0.11356291742298898 0.10559884530150612 0.08028131567730375 0.07344959083255992 0.07541236149302452 0.07542495338026997 0.08629461626021284 0.08376176832909521 0.0851126512801167 0.0882059136156182 0.101586418192044 0.08828591432878592 0.0890748918937723 0.08158650542723739 0.0754728025357098 0.06708971423384225 0.06484461626039159 0.06389645285525528 0.06527975091914334 0.05765697177282374 0.05838219168582182 0.06156625915438349 0.060279457208644235 0.05956220711443935 -9999
-9999 -9999 -9999 -9999 -9999 -9999 -9999 -9999 -9999 -9999 -9999 -9999 -9999 -9999 -9999 -9999 -9999 -9999 0.021285412143943538 0.09455835183637468 0.0996719632411183 0.11845969129074573 0.08173803999197758 0.07125728968976518 0.1339272092266734 0.1439225809633225 0.12251503505911675 0.14139678227114824 0.1113523785928574 0.08078781368428924 0.07073881901415092 0.07399523832540125 0.07114886315070007 0.0863593938751268 0.07334360911851089 0.07383980148401101 0.07901001432407177 0.07627940574973135 0.08247648800291159 0.08335602546610589 0.07967328505594645 0.07261413698996633 0.05916209143846578 0.062311881615204935 0.06214586373339125 0.06136792248537616 0.0614721725241292 0.06266663094647901 0.06330358327109675 0.06361651771622112 0.0613872533618235 -9999
-9999 -9999 -9999 -9999 -9999 -9999 -9999 -9999 -9999 -9999 -9999 -9999 -9999 -9999 -9999 -9999 -9999 0.02963533848002801 0.0328677617655584 0.0971089274215782 0.1231756709237587 0.109315160436112 0.10331500052321778 0.09671489653658667 0.10957619358125548 0.10395494670460824 0.10655907797611233 0.10569636540571843 0.10483164838286542 0.1100702743569422 0.1107620415287343 0.07631672104254784 0.07384649812824735 0.07310123925205647 0.0746030141488474 0.07330890172311565 0.06839629701216082 0.07107184159318541 0.06618826206385052 0.06699603393949723 0.0692445399164427 0.06784671683524449 0.06426221147823355 0.06641418912894874 0.06693262726718223 0.06600466132016666 0.06320945490255864 0.06246762615699966 0.06387668071739007 0.06587076187419208 -9999 -9999
-9999 -9999 -9999 -9999 -9999 -9999 -9999 -9999 -9999 -9999 -9999 -9999 -9999 0.11150488741817363 0.10262993756582507 0.09071507264248167 0.09207287704015987 0.10085943967090527 0.031798837217830604 0.10274014235521414 0.09267271066797217 0.12636943147719906 0.11411146990366515 0.0927025640563601 0.07810836104556677 0.0620680474779944 0.0590261129353545 0.0823415109888027 0.10297398251396388 0.08584270685076313 0.08218903046924635 0.08158541397609421 0.07499213313131171 0.07804395359541276 0.07299183240883529 0.0706492376706429 0.06899965965800899 0.06565528602368392 0.06063341211269359 0.058337764020528725 0.06034631175839565 0.05833834962124521 0.05903686901500621 0.057717830230037424 0.058357108700335975 0.058904774622743614 0.05654865761564575 0.05706527116840297 0.060088631678509336 0.060764592247182614 0.05867821655315166 -9999
-9999 -9999 -9999 -9999 -9999 -9999 -9999 -9999 -9999 -9999 -9999 -9999 -9999 0.13497212144833154 0.11971653274416713 0.11700074086546415 0.12153371320176555 0.11643857719195633 0.13316456357172704 0.1351754339315191 0.13511613742261624 0.11745170369391142 0.05466653298574385 0.08387057217497451 0.06754832665737492 0.06372041463230828 0.040312161676135 0.06689312109717209 0.06300423105742288 0.0860812550411307 0.07984579871377087 0.07277551806177246 0.07014844409616136 0.07166768764127099 0.07519813569304915 0.07145851173502234 0.06859905310516355 0.06497115398870948 0.05996746139271455 0.05911039688570295 0.058858510160315076 0.06265978045443409 0.06309304346530055 0.055679803561195375 0.05416991213899041 0.05395322214647851 0.054447111445196 0.05126431393856147 0.05218299891608537 0.05250331658013165 0.04923859553328231 0.04008777902812469
-9999 -9999 -9999 -9999 -9999 -9999 -9999 -9999 -9999 -9999 -9999 -9999 -9999 0.12287761196479652 0.14156842385798082 0.13306503257745966 0.11921095559583385 0.10957501713315244 0.11164076344596707 0.11903190324835795 0.09731385563679462 0.10694636704200816 0.0726942848658606 0.06290871276288319 0.06879257924394565 0.07116320253943123 0.07030999479475966 -9999 0.054682653660769936 0.07859517295831535 0.07744330927215888 0.07581210591017676 0.07246137858141581 0.07228883269767881 0.06918955615383664 0.06800967209388503 0.06438682839257619 0.06213983913568466 0.059609166259317725 0.06286197850768023 0.06635258719552448 0.059075514205246524 0.051613685479271525 0.0481569723772967 -9999 -9999 -9999 -9999 -9999 -9999 -9999 -9999
-9999 -9999 -9999 -9999 -9999 -9999 -9999 -9999 -9999 -9999 -9999 -9999 -9999 0.13236574407362692 0.13137773458111324 0.11096721827999934 0.11970829914987233 0.10314141672516446 0.08739815937240644 0.07886928038205337 0.06453495150154745 0.05872532769335645 0.09498145361323113 0.0694719980037699 0.06905025317380349 0.06845241411006159 0.07061676233190704 0.07125631233033966 0.07085191002991173 0.07951641224184877 0.07523614655798366 0.07137805872459846 0.07117806177467012 0.07308561194554505 0.07254243279188045 0.06778551128687073 0.06643304451975507 0.06388551056163679 0.06754007285544393 0.06278121690399457 0.07342891458818636 -9999 -9999 -9999 -9999 -9999 -9999 -9999 -9999 -9999 -9999 -9999
-9999 -9999 -9999 -9999 -9999 -9999 -9999 -9999 -9999 -9999 -9999 -9999 0.12402031937536635 0.1409956254607353 0.12809891893486738 0.09171599841666596 0.12725155711289998 0.10089633747808173 0.08640311416266833 0.06536048999408993 0.05601605252140484 0.053374867242952616 0.03864235314958203 0.054414627683594737 0.06566766606873586 0.07291823672353487 0.07460230470225948 0.07296191253145685 0.0677415716969042 0.06313201022373519 0.06522785540480103 0.06623192087285913 0.06645996941450871 0.06574478010362186 0.06486310078456159 0.06410157286917274 0.06509842917551549 0.06617023359991524 0.0632652362892643 0.06405369998897635 0.05172784608596614 -9999 -9999 -9999 -9999 -9999 -9999 -9999 -9999 -9999 -9999 -9999
-9999 -9999 -9999 -9999 -9999 -9999 -9999 -9999 -9999 -9999 -9999 0.15708311202460642 0.1282538923863326 0.14072523962460742 0.13441985434027046 0.13638983108148672 0.10652080151367516 0.08310818110712279 0.06771600895340353 0.06162504100915806 0.05933354761584717 0.05860392626380094 0.07043876578596855 0.06886556945269195 0.06218758605616553 0.06774199498366222 0.0604588307377053 0.06695015605788468 0.05414551753779615 0.05929841053639968 0.0634018862429757 0.05894274205059308 0.05436153610477798 0.059508526293804924 0.058257977327267174 0.06552181744632914 0.06221795141745965 0.06183342293424261 0.056186102224332936 0.04876244601425732 -9999 -9999 -9999 -9999 -9999 -9999 -9999 -9999 -9999 -9999 -9999 -9999
-9999 -9999 -9999 -9999 -9999 -9999 -9999 -9999 -9999 -9999 0.10857825979805064 0.12723099627223952 0.14239130238732742 0.14191752026617666 0.12988882343648028 0.10615490155870083 0.06877158212749865 0.059941867640932726 0.06968677778250147 0.06048870104565252 0.044521430282669784 0.059720174769450136 0.06554959511078526 0.0591160622004424 0.05847523296018985 0.059083071260006476 0.060237590149337335 0.06732936914472917 0.06256918216785251 0.06786534495736057 0.07602440567790435 0.056961164633088986 0.05802236729507133 0.06034656264845295 0.0583098335962585 0.06306926174039196 0.059728029492407936 0.05776345204614668 0.05363803293062135 -9999 -9999 -9999 -9999 -9999 -9999 -9999 -9999 -9999 -9999 -9999 -9999 -9999
-9999 -9999 -9999 -9999 -9999 -9999 -9999 -9999 -9999 -9999 -9999 -9999 0.09558380826804626 0.09002515650210996 0.08351205068611578 0.06380784536184489 0.0570034636546037 0.059524209722137414 0.06714859405416285 0.06195414977088098 0.06147028729983733 0.05952571645123969 0.06924851079252024 0.061935743765213866 0.06440685975042132 0.062177653050790135 0.06599537883248205 0.0641106666575492 0.07762667554913029 0.07677160917781238 0.07840183761427448 0.06848380513310788 0.06455779570795445 0.061050521104368566 0.061404914295379635 0.06109186008403314 0.06076588570698474 0.05088852142033136 0.05033124080719455 0.04407327987169355 -9999 -9999 -9999 -9999 -9999 -9999 -9999 -9999 -9999 -9999 -9999 -9999
-9999 -9999 -9999 -9999 -9999 -9999 -9999 -9999 -9999 -9999 -9999 0.09546490876376906 0.09399882800181396 0.0869823644760742 0.08858348753238576 0.054321851111733314 0.0515812721604351 0.05074419103058455 0.05048480450794225 0.05902216454866389 0.05737775304247765 0.056872665144128524 0.06227556352620023 0.059269748605265835 0.057212036852253574 0.059068994690228485 0.06838699318923792 0.06303253248711073 0.06733602347966372 0.06252556359651411 0.07011059180731004 0.05890868252316366 0.06066830560468909 0.0624378132812033 0.06321261127461246 0.05887510736836511 0.05762537167831495 0.049260256824899006 0.043868367462601816 -9999 -9999 -9999 -9999 -9999 -9999 -9999 -9999 -9999 -9999 -9999 -9999 -9999
-9999 -9999 -9999 -9999 -9999 0.09836047671907833 0.11350101241178145 0.10337493017608286 0.10907369912292622 0.11164970275005577 0.08206037823116226 0.07849381849514449 0.05969773089735968 0.06007757637051792 0.06676606537617691 0.06135572401807605 0.05360466506057683 0.04877960619673735 0.04771584183751699 0.06663489517577502 0.0643893234194894 0.062266138938952775 0.06322136543478757 0.058237613779673625 0.06671847636395566 0.06279971358132805 0.060713979951406274 0.06432706925557648 0.06669352197251828 0.06327788664202426 0.06482845807385128 0.05696342182719949 0.05745359962417779 0.05758211768656201 0.05565237164554057 0.04864064964277689 0.04392647522627585 0.040769178427332034 -9999 -9999 -9999 -9999 -9999 -9999 -9999 -9999 -9999 -9999 -9999 -9999 -9999 -9999
-9999 -9999 -9999 -9999 0.06466791290298743 0.0864723233921119 0.06811990683579723 0.06162113217465389 0.08252011058989761 0.09977960937960724 0.06765590270327868 0.059824628800130876 0.060724277608097 0.0655320488091726 0.060068010019880914 0.08076580599723103 0.07134468774402741 0.05959961815800435 0.055029912609180366 0.057407922447756624 0.05600888125402472 0.058534393553003765 0.05926004950592523 0.0569787859342252 0.059291750256924625 0.058364910362531275 0.05912867412654345 0.06229498818909824 0.061398513771936475 0.056558292416184375 0.056776209682418526 0.053093583060023465 0.05079342936461796 0.04122861185730454 0.048804131485499815 -9999 -9999 -9999 -9999 -9999 -9999 -9999 -9999 -9999 -9999 -9999 -9999 -9999 -9999 -9999 -9999 -9999
-9999 -9999 -9999 0.08921637849001042 0.1104759736098451 0.018180835491525046 0.09933183412610637 0.06387124506071994 0.05972177127535841 0.10151266133156173 0.06598667445182864 0.08367548784235182 0.04178107748464618 0.05983151722913972 0.0791499825173562 0.07008032131154042 0.05615717537783703 0.05733927295713611 0.060005650842164374 0.0623525064204775 0.07230900015961528 0.054552071576593364 0.05994115442137639 0.0616926962480904 0.062181560111474715 0.061841448404789424 0.05788812612726715 0.05860843086907664 0.057367051143325715 0.05543296563551107 0.04342393233456583 -9999 -9999 -9999 -9999 -9999 -9999 -9999 -9999 -9999 -9999 -9999 -9999 -9999 -9999 -9999 -9999 -9999 -9999 -9999 -9999 -9999
-9999 -9999 -9999 0.1243854215901905 0.1369509598944185 0.08131629670975825 0.102204034436797 0.07520321840224557 0.05722964933816065 0.059614112206420426 0.060507462132760585 0.03931260432003893 0.028663313719643955 0.045321029479453635 0.05584349524423688 0.06926610110116331 0.06184419659152043 0.05948808820705453 0.05786347021789728 0.08284338289817818 0.07854085038777335 0.057242288250912585 0.06129043664792173 0.07023396921124281 0.06194805524233555 0.06289995756010505 0.056663172881322124 0.05128854212096964 0.04846424292082019 -9999 -9999 -9999 -9999 -9999 -9999 -9999 -9999 -9999 -9999 -9999 -9999 -9999 -9999 -9999 -9999 -9999 -9999 -9999 -9999 -9999 -9999 -9999
-9999 -9999 -9999 0.11100157404487136 0.08949678967133554 0.08613056327253896 0.07656995298195128 0.07150645679254783 0.06645736004119825 0.06829246848311575 0.057870214739392765 0.06339900088350635 0.05258144239268768 0.0526315961937218 0.04895085701414008 0.04872764114101487 0.04836256862794525 0.0687298882044562 0.07141498329124865 0.08481492005318622 0.0655596222450716 0.06458772998799914 0.06672787715933949 0.06526033792136353 0.06385744273205893 0.05577076971467353 -9999 0.05123426877701194 -9999 -9999 -9999 -9999 -9999 -9999 -9999 -9999 -9999 -9999 -9999 -9999 -9999 -9999 -9999 -9999 -9999 -9999 -9999 -9999 -9999 -9999 -9999 -9999
-9999 -9999 -9999 0.1209544951074946 0.10824730716222088 0.0891225985331386 0.07344014020809607 0.08401335571307976 0.06887163423899917 0.09441667116461508 0.071823058551904 0.06404971975944719 0.06494242208942247 0.0630580422875576 0.05844874490556135 0.06737601617593081 0.06292231952296709 0.06753994009485527 0.08960674807617419 0.08691165071320411 0.057543460338878034 0.05525849215887637 0.0625230491102043 0.06155314381967227 0.060304488304347335 0.05309633460788249 0.04925599479756529 -9999 -9999 -9999 -9999 -9999 -9999 -9999 -9999 -9999 -9999 -9999 -9999 -9999 -9999 -9999 -9999 -9999 -9999 -9999 -9999 -9999 -9999 -9999 -9999 -9999
-9999 -9999 -9999 -9999 0.08546710335044383 0.07336473401914921 0.09119305159410517 0.07944204831261979 0.07389112860970215 0.0880605962884192 0.06943338228976507 0.06604569756038882 0.06801474071382352 0.0655962140383301 0.05713457800377472 0.04549442906737252 0.05133300761466082 0.0641713790297591 0.06759020978925967 0.06747004993091106 0.0739611578840837 0.06179386789479991 0.06926499288165082 0.059592252264066 -9999 -9999 -9999 -9999 -9999 -9999 -9999 -9999 -9999 -9999 -9999 -9999 -9999 -9999 -9999 -9999 -9999 -9999 -9999 -9999 -9999 -9999 -9999 -9999 -9999 -9999 -9999 -9999
-9999 -9999 -9999 -9999 0.0804376870344982 0.0900021766312379 0.1037998688812423 0.08421144410234042 0.08970735670385895 0.07869348054338482 0.06900909336913559 0.06767814038901628 0.06515622481648771 0.06608516905164485 0.06751924793338784 0.0595078543297097 0.059020616367373414 0.05993877834931994 0.06257728669354005 0.0643033866763653 0.06315542136132901 0.06126005044752544 0.054180625578674514 0.05038391839794585 0.05131404644714923 -9999 -9999 -9999 -9999 -9999 -9999 -9999 -9999 -9999 -9999 -9999 -9999 -9999 -9999 -9999 -9999 -9999 -9999 -9999 -9999 -9999 -9999 -9999 -9999 -9999 -9999 -9999
-9999 -9999 -9999 -9999 0.08772871911513015 0.08795509448550351 0.08401263873139303 0.08395660150665334 0.08113412981547402 0.06952147937007118 0.06693592331536027 0.062270118208862475 0.06288728907279083 0.06182318470862359 0.0591824254213988 0.05855587128771175 0.05988174807883692 0.06270092125922838 0.062220435014801435 0.06526085261551645 0.060857380740038776 0.036736667931834055 0.044217632796518365 0.04704888462959901 -9999 -9999 -9999 -9999 -9999 -9999 -9999 -9999 -9999 -9999 -9999 -9999 -9999 -9999 -9999 -9999 -9999 -9999 -9999 -9999 -9999 -9999 -9999 -9999 -9999 -9999 -9999 -9999
