metrics/grid_rasters/CCI Combined/grideval_CCI Combined_S_spring_absolute_bias.asc
ncols 52
nrows 55
xllcorner     11.25
yllcorner     55.25
cellsize      0.25
NODATA_value  -9999
[rows 0 to 27 of 55, columns 0 to 51 of 52]
-9999 -9999 -9999 -9999 -9999 -9999 -9999 -9999 -9999 -9999 -9999 -9999 -9999 -9999 -9999 -9999 -9999 -9999 -9999 -9999 -9999 -9999 -9999 -9999 -9999 -9999 -9999 -9999 -9999 -9999 -9999 -9999 -9999 -9999 -9999 -9999 0.26661581428427444 0.25520418882369994 0.1788082007242709 -9999 -9999 -9999 -9999 -9999 -9999 -9999 -9999 -9999 -9999 -9999 -9999 -9999
-9999 -9999 -9999 -9999 -9999 -9999 -9999 -9999 -9999 -9999 -9999 -9999 -9999 -9999 -9999 -9999 -9999 -9999 -9999 -9999 -9999 -9999 -9999 -9999 -9999 -9999 -9999 -9999 -9999 -9999 -9999 -9999 -9999 -9999 -9999 -9999 0.2508924348900716 0.22893233597278595 0.22509264151255287 0.1818730417759188 0.15094503902253653 0.13919675553386862 -9999 -9999 -9999 -9999 -9999 -9999 -9999 -9999 -9999 -9999
-9999 -9999 -9999 -9999 -9999 -9999 -9999 -9999 -9999 -9999 -9999 -9999 -9999 -9999 -9999 -9999 -9999 -9999 -9999 -9999 -9999 -9999 -9999 -9999 -9999 -9999 -9999 0.18943500386763226 0.1696582873662313 0.181679626305898 0.0759076963164913 0.12588854471467575 0.13770204874185416 0.1561183337981884 -9999 0.18386891073938727 0.19988881548245746 0.19060753380495404 0.1327710596515852 0.1174074748859686 0.11276703431374495 0.11211524540797256 0.0945987468585372 0.10145088753034903 0.09515936963859643 0.0997306296786109 -9999 -9999 -9999 -9999 -9999 -9999
-9999 -9999 -9999 -9999 -9999 -9999 -9999 -9999 -9999 -9999 -9999 -9999 -9999 -9999 -9999 -9999 -9999 -9999 -9999 -9999 -9999 -9999 -9999 -9999 -9999 -9999 -9999 0.3193858315547307 0.3088395901416477 0.2766481231559407 0.32235998660326004 0.2705185761054357 0.2266365905415337 0.16337988545765747 0.12925728268566586 0.11750592073697726 0.10719621604816483 0.10085848990608663 0.0953499278010324 0.10745810220638913 0.09222397005016153 0.0888005008642701 0.10190841313018356 0.1091716546436836 0.10817858119579876 0.10685416213844134 0.1031683253614526 0.03623196529963663 -9999 -9999 -9999 -9999
-9999 -9999 -9999 -9999 -9999 -9999 -9999 -9999 -9999 -9999 -9999 -9999 -9999 -9999 -9999 -9999 -9999 -9999 -9999 -9999 -9999 -9999 0.20837906561791894 0.17867714166641235 0.15690802561270226 0.11850545665279764 0.1869820088148117 0.20060777564843496 0.2850080579519272 0.2802962263425191 0.2754862074341093 0.2272952711373045 0.2313836306333542 0.15820403442933004 0.1358371771326879 0.09640429185496437 0.09912500577047467 0.097664038243803 0.08615380170799436 0.08857313750518693 0.0843797018406568 0.08548608187724044 0.1138946815071819 0.11154243435178483 0.10634869616478683 0.0995528644069712 0.09791753547532216 0.09046918509358708 0.07918917820897214 -9999 -9999 -9999
-9999 -9999 -9999 -9999 -9999 -9999 -9999 -9999 -9999 -9999 -9999 -9999 -9999 -9999 -9999 -9999 -9999 -9999 -9999 -9999 -9999 0.20060579303432916 0.2849112829336753 0.15983908535803065 0.10225651238826994 0.11735616883505945 0.14244935481712734 0.27613525092601776 0.23952614937139596 0.2343454414703807 0.2583902942446562 0.2483806115659801 0.19572478247916 0.1375106397188372 0.1054722065106034 0.10222769199415692 0.09692933951553544 0.08689901597943961 0.08513202363590022 0.08358820256861771 0.08342359427894863 0.08543848897422758 0.08576607895553656 0.08500697038003374 0.07981210993602872 0.0738194844415111 0.07360750767919755 0.06771871967371118 0.06225531042992383 -9999 -9999 -9999
-9999 -9999 -9999 -9999 -9999 -9999 -9999 -9999 -9999 -9999 -9999 -9999 -9999 -9999 -9999 -9999 -9999 -9999 -9999 -9999 0.2771944053156275 0.2272387374388544 0.15051752639313534 0.2907272604378787 0.17524877998484184 0.17246504926255773 0.20080419461573326 0.2185953024186586 0.2067713789185699 0.21372451591041847 0.20398421751128304 0.14238990143393027 0.1464107038848328 0.12934551461481714 0.10426214914768933 0.09237339383945233 0.09219068709541772 0.08960007486695593 0.07951460998844018 0.07653620135918092 0.07304770833459395 0.07455600166450377 0.0711186903246333 0.06160020372446845 0.05635307763499775 0.04741377989913143 0.042767610610201116 0.03620841002071296 0.02581737002173623 0.03252490998610208 -9999 -9999
-9999 -9999 -9999 -9999 -9999 -9999 -9999 -9999 -9999 -9999 -9999 -9999 -9999 -9999 -9999 -9999 -9999 -9999 -9999 -9999 -9999 0.3693700380623341 0.20185530529572412 0.16924461635990418 0.17447579458907794 0.2033972467694964 0.1863882752025829 0.17398725748062133 0.1447791873284106 0.16236353326927533 0.18756617269208356 0.12730676974311014 0.10496065000693006 0.06774192601442336 0.09358631271913824 0.112501455559617 0.10679630900538244 0.09291915231665898 0.07840066351169761 0.07561857336097294 0.07093279403836833 0.06887165524742822 0.06466193219950034 0.05134470896287397 0.04860076612682751 0.0349140465259552 0.030635092448402238 0.024053019026051392 0.012487283543400118 -9999 -9999 -9999
-9999 -9999 -9999 -9999 -9999 -9999 -9999 -9999 -9999 -9999 -9999 -9999 -9999 -9999 -9999 -9999 -9999 -9999 -9999 0.14471336205800372 0.13328879078229267 0.13547042625791889 0.3025353029370308 0.17436654662544074 0.2601476853544062 0.1418390884703281 0.11807654337449508 0.10329629244312404 0.0976756778028276 0.10040519026017958 0.08466127927486711 0.08161215729092898 0.07734760809689761 0.07304251504441099 0.07554681667651253 0.07697190673545351 0.07858266905847805 0.08330028787964866 0.06940108134466061 0.06805909087970141 0.060848095909107565 0.04505289727172185 0.03269694414403701 0.030217917410881975 0.030477530768384112 0.024714616653711885 0.014337508233038919 0.012334983795881271 0.016870785752932216 0.011085707445939395 0.02035835172448841 -9999
-9999 -9999 -9999 -9999 -9999 -9999 -9999 -9999 -9999 -9999 -9999 -9999 -9999 -9999 -9999 -9999 -9999 -9999 0.2813935718115638 0.1571477857129327 0.15208497941493987 0.1616932000105198 0.2574290841817856 0.2046388926960173 0.10282925227957383 0.10818927362561226 0.11416303313204218 0.17466965441902474 0.09706894547309514 0.09317132085561752 0.0811307783637728 0.07257236366148118 0.06825743415733665 0.07081362170477706 0.052296265582495116 0.05110125942730609 0.05526813641190531 0.05418270587185281 0.051908108187310516 0.0493933277634474 0.04924035716203995 0.036732743768131015 0.009321738107531674 0.031811273032492315 0.03092277810598415 0.020576858116934715 0.019258265642775718 0.016160935317118152 0.01803300545240444 0.01873305486035104 0.025950506646582442 -9999
-9999 -9999 -9999 -9999 -9999 -9999 -9999 -9999 -9999 -9999 -9999 -9999 -9999 -9999 -9999 -9999 -9999 0.2830615236478693 0.2823961000232136 0.12139597641570228 0.09551039973894754 0.08823531593235445 0.06756227051741197 0.06656610629927945 0.08527850425418687 0.08723043589318387 0.08199207313725204 0.08659009461601573 0.08607631433205526 0.08248730926286607 0.08785182108049805 0.056681360996944825 0.056158810249857034 0.04585468585108532 0.04299791082739829 0.03200681758932322 0.02650576414063921 0.02406510530096112 0.02994304476829057 0.030418800148699018 0.027213584673538627 0.02496872669042544 0.024265477712127004 0.03064555659269292 0.02603825535437071 0.023908224788684262 0.024233899371964573 0.024518469238982488 0.017613821985697997 0.009350089529125971 -9999 -9999
-9999 -9999 -9999 -9999 -9999 -9999 -9999 -9999 -9999 -9999 -9999 -9999 -9999 0.08009979568543979 0.07500598597817304 0.08009817578443668 0.0990127896561342 0.12324421303836924 0.2623754695934408 0.14564883112907412 0.1586277806003329 0.10327263176441193 0.10837440192699432 0.07387505552985453 0.05967610552906988 0.0515708233883132 0.03381799033709937 0.04984405831150385 0.05647702131952559 0.05125741811766138 0.05293311589006067 0.04957204865557807 0.04669938795268536 0.04105865836143496 0.0389702115641084 0.034926588562401883 0.02841255805071663 -0.00028189977010090184 0.0020982168118158784 0.011632229846257449 0.011728086614910538 0.008641429528405409 0.012196352519094957 0.01731158811599015 0.015808038319213458 0.013251721461613963 0.017370897928873696 0.023782258542875467 0.031175825631979737 0.0228734002871947 0.029657403679238137 -9999
-9999 -9999 -9999 -9999 -9999 -9999 -9999 -9999 -9999 -9999 -9999 -9999 -9999 0.09210071595091568 0.07433856375077191 0.043051710075671164 0.01634911672004219 0.018883688956178646 0.062050621211528774 0.11572206304186865 0.06450467832284429 0.10857604346845462 0.09134690057147632 0.061122813434512535 0.0592929671208064 0.039544968537881364 0.008511451383431734 0.032300442048948115 0.023144755613159484 0.044284863557134346 0.04076400161653326 0.044057503546753966 0.04173540259584968 0.0337116488639046 0.03419403409220506 0.02219810359871266 0.021007614284753784 0.014694679419971213 0.007720586744326963 0.005277296459233305 0.008727356527758913 0.010118410500705777 0.009273843390160573 0.00910491986661893 0.0014799549071877196 0.005082176270939043 0.009376308349805462 0.0152678103674026 0.014908049645877997 0.018581134229898436 0.01945918327083396 0.06172830941750829
-9999 -9999 -9999 -9999 -9999 -9999 -9999 -9999 -9999 -9999 -9999 -9999 -9999 0.0824120060673782 0.029962883005297262 0.021788302444873897 0.013810010332810265 0.008733463902322075 0.012624092212244252 0.032147037817372215 0.061325296759605415 0.08339964074117168 0.052610782814807584 0.05652129233759995 0.0591453166802724 0.05487052508090673 0.0445510476053535 -9999 0.02951957136392591 0.04187093920345547 0.04325633868575096 0.04237793762999848 0.043001286685466766 0.044060017708893666 0.03636072480932195 0.02396375828921193 0.018500334530506483 0.012647602602700205 0.009887116374792893 0.01128291026649314 0.013672444224357594 0.009730699376797105 0.0028771950164809823 -0.006346133848031343 -9999 -9999 -9999 -9999 -9999 -9999 -9999 -9999
-9999 -9999 -9999 -9999 -9999 -9999 -9999 -9999 -9999 -9999 -9999 -9999 -9999 0.04269598154571114 0.029052207069675432 0.014234876492992043 0.1439046214024226 0.010431910079458484 0.01126805299295569 0.06681136586772862 0.05734025382659803 0.03757811762109586 0.04077551407473429 0.03857599422335623 0.037806720768704116 0.03277059297922047 0.03637328492791464 0.057466341749481516 0.035846485859817916 0.03965496872701951 0.037403178341845256 0.038007364638390106 0.03789935817843987 0.02863995342825848 0.024156352034722942 0.018650060594081863 0.016304415762424473 0.011469284452280959 0.015343423238245113 0.012084604118221487 0.013460461374210251 -9999 -9999 -9999 -9999 -9999 -9999 -9999 -9999 -9999 -9999 -9999
-9999 -9999 -9999 -9999 -9999 -9999 -9999 -9999 -9999 -9999 -9999 -9999 0.08713984632721318 0.043132901668548614 0.034091563397691434 0.15234512388706206 0.033753053223093354 0.03083016205401645 0.08760098282779966 0.06165373562902642 0.050565393739625035 0.044152418772379576 0.04484347879201517 0.03312648719419603 0.026668081200250996 0.026316815551291117 0.013732555207241814 0.0052401035685430974 0.01313208467081972 0.023270684419219038 0.01941767563017049 0.01603053600499127 0.0247225657105446 0.019906252920627587 0.014212241119677503 0.009035495985852626 0.009712912955067377 0.013753324872305406 0.016240440845489482 0.008330069661140416 0.0045814967203524634 -9999 -9999 -9999 -9999 -9999 -9999 -9999 -9999 -9999 -9999 -9999
-9999 -9999 -9999 -9999 -9999 -9999 -9999 -9999 -9999 -9999 -9999 0.01818386581726372 0.027506502530046998 0.05834604979009556 0.058660381357185536 0.012347059144127759 0.09472491380883684 0.08139039378832369 0.0699085499613713 0.045092078724077785 0.036369526821575786 0.032663694686359816 0.03470573498278245 0.028945932183602863 0.029208114241609462 0.020312857683573937 0.02219535150659191 0.019777184846449858 0.013603820332459049 0.011684081327598685 0.009522430404372841 0.010891560007605659 0.018708336199152083 0.008967468660810718 0.014183290675282456 0.012284193016015577 0.009988632504687178 0.0012251810919969852 -0.003998567439891687 -0.014059238708936243 -9999 -9999 -9999 -9999 -9999 -9999 -9999 -9999 -9999 -9999 -9999 -9999
-9999 -9999 -9999 -9999 -9999 -9999 -9999 -9999 -9999 -9999 0.008718150795674784 0.008180937209686656 0.008086115911306924 0.009033693373203255 0.009827090968047405 0.09584648655011102 0.0700737354548081 0.04725689931613642 0.04185755430966959 0.03431745005978476 0.03465858006730993 0.024736149952961858 0.02335681446960997 0.024289569286542526 0.023869642899149945 0.01853819149676883 0.013648357172057313 0.012459195774010943 0.01477727739729434 0.009075546362360964 0.006870557353875373 0.009893048948388772 0.006934598336617137 0.006386209340369098 0.0040186168473275155 0.004446097222485956 0.001744524311663498 -0.0032335903575952123 -0.0046525943152447855 -9999 -9999 -9999 -9999 -9999 -9999 -9999 -9999 -9999 -9999 -9999 -9999 -9999
-9999 -9999 -9999 -9999 -9999 -9999 -9999 -9999 -9999 -9999 -9999 -9999 0.19313411973416805 0.09378994666800207 0.06725561304224864 0.049406123658021266 0.03156005628038161 0.022986046969890598 0.019673321888131926 0.01897322276124247 0.013302290605174185 0.013914914835583105 0.011321028207873451 0.017478820574176213 0.018528095985713755 0.016829887086206752 0.01464847374606776 0.007308427346955748 0.005369355625445328 -0.002121544812085485 0.007703997061720923 0.00926151196472347 0.008225690713502432 0.010555862035966479 0.009378080125208244 0.008289842921144819 0.0030727933545212642 0.0017387264675193805 -0.0060533329214848 -0.019659701464832702 -9999 -9999 -9999 -9999 -9999 -9999 -9999 -9999 -9999 -9999 -9999 -9999
-9999 -9999 -9999 -9999 -9999 -9999 -9999 -9999 -9999 -9999 -9999 0.11779706396054528 0.07789329758712221 0.09600474139054617 0.05211651302985293 0.02537938087646452 0.023201309338859888 0.01884356600542864 0.017908094150404785 0.01612218817876232 0.016372135400772092 0.015529476881027238 0.012780820250511192 0.015223352810529278 0.020166816619726302 0.020451545142210426 0.012722220804010144 0.016541284839969028 0.016437966749072053 0.012724964499473579 0.006018177021381466 0.014600740079462103 0.008091720512935108 0.0056750877298039635 0.0069149758105408465 0.0043256405815982335 -0.0009733759439908283 -0.003789517626487965 -0.009233497740591262 -9999 -9999 -9999 -9999 -9999 -9999 -9999 -9999 -9999 -9999 -9999 -9999 -9999
-9999 -9999 -9999 -9999 -9999 0.20645695328712466 0.04846589990071398 0.07401889089554076 0.20239926699329824 0.12971129006630666 0.13721751610198651 0.04646516834264214 0.0695954304316948 0.03164137308967524 0.034399393405623084 0.022151329330284242 0.023758447375790803 0.016565620575262174 0.014817757464998915 0.009595494532416038 0.010948788860569823 0.01048280988984246 0.011202219325829932 0.012803769350922034 0.011230700923239469 0.007915257010608913 0.010924357105977832 0.013330698365301595 0.02059785425662997 0.021584286868989052 0.015706714163435276 0.006368687363708936 0.0021151828128586625 0.0006065437639201088 -0.0039037450696483007 0.005430429192360281 0.0050365041668822 0.006624879011141699 -9999 -9999 -9999 -9999 -9999 -9999 -9999 -9999 -9999 -9999 -9999 -9999 -9999 -9999
-9999 -9999 -9999 -9999 0.11924320065750264 0.1066930542389552 0.09857395246173396 0.007657669922884747 0.054122386376063036 0.050464575160418135 0.035784510880943365 0.02979927970206037 0.02489254375298816 0.019574248174141214 0.014232484661802937 0.010326735147341004 0.010449857092820702 0.005598452645581897 0.004314988532236663 0.007234227550881267 0.0053039253392118116 0.001977600834586396 0.010322530546949982 0.008815596818078475 0.009023814529612428 0.011344985460205905 0.015421212823302666 0.02507191508600154 0.026821193260115558 0.02118322625756264 0.014278979464010744 -0.0006653274001638955 -0.005862305303672682 -0.016650593575136152 -0.023187054196993517 -9999 -9999 -9999 -9999 -9999 -9999 -9999 -9999 -9999 -9999 -9999 -9999 -9999 -9999 -9999 -9999 -9999
-9999 -9999 -9999 0.20890498374189648 0.08709738351273955 0.10267864664395647 0.1506719022989273 0.02964762420881362 0.027556473948061492 0.0612208130684766 0.04057280008876046 0.05687880723012818 0.036302728359925714 0.018335327336733983 0.018535415498202257 0.016433824699349175 0.00911293476819991 0.0068411969003223105 -0.0010760127448699586 0.0008266847982680847 -0.013809610752091916 -0.0006992940751599508 0.004059291967790425 0.005963821870249658 -0.0014675339269969168 -0.00017357668648027014 0.00468185904679025 0.00878037619376612 0.013088110267468115 0.01270916097693972 0.004941982797213973 -9999 -9999 -9999 -9999 -9999 -9999 -9999 -9999 -9999 -9999 -9999 -9999 -9999 -9999 -9999 -9999 -9999 -9999 -9999 -9999 -9999
-9999 -9999 -9999 0.27227733284235 0.26002376398135874 0.1067631259197142 0.09873888843199784 0.10957385256886483 0.11161008377128573 0.049875186730737535 0.03925489879706329 0.02359611503571771 0.017426427022406932 0.02846546797081828 0.02001235338562696 0.02687243687755919 0.021752779074266648 0.018312193794188136 0.013069334494716978 0.0010517397347618584 -0.0010231930191499372 0.007002995026354875 0.0061621650213926635 0.00838035316784172 0.014623914226408937 0.013947368197187171 0.0076975938811730815 0.004459390181234535 -0.00812581308344576 -9999 -9999 -9999 -9999 -9999 -9999 -9999 -9999 -9999 -9999 -9999 -9999 -9999 -9999 -9999 -9999 -9999 -9999 -9999 -9999 -9999 -9999 -9999
-9999 -9999 -9999 0.1451318332518654 0.1284426732195748 0.1884795077718221 0.11523213731770472 0.07100151779881697 0.06744517385959625 0.05217304261344852 0.030520499300430826 0.039653884210894164 0.019388452172279358 0.04453370443412236 0.0305925126971498 0.016370300804415042 0.022727227375551214 0.015589002858508729 0.005356139226539713 -0.005447730093317893 0.006649918804232713 0.008138706422831932 -0.002867275336444764 -0.00945042808981317 -0.004532285746495446 -0.008345234032833215 -9999 -0.016246025064369538 -9999 -9999 -9999 -9999 -9999 -9999 -9999 -9999 -9999 -9999 -9999 -9999 -9999 -9999 -9999 -9999 -9999 -9999 -9999 -9999 -9999 -9999 -9999 -9999
-9999 -9999 -9999 0.21332390803211135 0.1940118646079844 0.14711510560928134 0.14880593477660775 0.17749744446217258 0.11017065777471567 0.041863756409535824 0.02736442357070684 0.02589149239347943 0.035935253291935136 0.02663654098526025 0.0253369176312338 0.01711013577878473 0.015715566873550413 0.008531800128127376 -0.005576960538348108 0.004319583650293003 0.026014816429879902 0.02245147761070365 0.011425152329015142 0.0025986738578237523 -0.0011093492669183858 -0.005151585180584978 -0.005424429317416268 -9999 -9999 -9999 -9999 -9999 -9999 -9999 -9999 -9999 -9999 -9999 -9999 -9999 -9999 -9999 -9999 -9999 -9999 -9999 -9999 -9999 -9999 -9999 -9999 -9999
-9999 -9999 -9999 -9999 0.10750298627785276 0.019250314306775373 0.03731812811211538 0.030520519688109708 0.02328708213715513 0.022825273087150155 0.01919716507641239 0.01841839543589346 0.021140594427522863 0.015043097771018588 0.017648756318951242 0.015105104138111225 0.014989117590280654 -0.0007835491137070938 -0.009578942468291829 -0.00990903301603474 -0.008144878123591603 0.002348441903184117 -0.008202093529563416 -0.0017083180699371534 -9999 -9999 -9999 -9999 -9999 -9999 -9999 -9999 -9999 -9999 -9999 -9999 -9999 -9999 -9999 -9999 -9999 -9999 -9999 -9999 -9999 -9999 -9999 -9999 -9999 -9999 -9999 -9999
-9999 -9999 -9999 -9999 0.12426741274309833 0.060082732365941076 0.044986044786062614 0.02319258437915284 0.031373079821287835 0.023822417327513282 0.027524025995155854 0.031749142264878294 0.0270217152055866 0.01901964459851474 0.01685053859297081 0.013146197400897395 0.005234329943444305 -0.002681227610600689 -0.002427402687700197 -0.007370060357527851 -0.007546661063010662 -0.008704290534398584 -0.0071840850636362965 -0.010233260456870924 -0.008788030398519414 -9999 -9999 -9999 -9999 -9999 -9999 -9999 -9999 -9999 -9999 -9999 -9999 -9999 -9999 -9999 -9999 -9999 -9999 -9999 -9999 -9999 -9999 -9999 -9999 -9999 -9999 -9999
