metrics/grid_rasters/CCI Combined/grideval_CCI Combined_X_fall_2015_absolute_bias.asc
ncols 52
nrows 55
xllcorner     11.25
yllcorner     55.25
cellsize      0.25
NODATA_value  -9999
[rows 0 to 27 of 55, columns 0 to 51 of 52]
-9999 -9999 -9999 -9999 -9999 -9999 -9999 -9999 -9999 -9999 -9999 -9999 -9999 -9999 -9999 -9999 -9999 -9999 -9999 -9999 -9999 -9999 -9999 -9999 -9999 -9999 -9999 -9999 -9999 -9999 -9999 -9999 -9999 -9999 -9999 -9999 0.15769785784539725 0.12402954932890442 0.0561338206554981 -9999 -9999 -9999 -9999 -9999 -9999 -9999 -9999 -9999 -9999 -9999 -9999 -9999
-9999 -9999 -9999 -9999 -9999 -9999 -9999 -9999 -9999 -9999 -9999 -9999 -9999 -9999 -9999 -9999 -9999 -9999 -9999 -9999 -9999 -9999 -9999 -9999 -9999 -9999 -9999 -9999 -9999 -9999 -9999 -9999 -9999 -9999 -9999 -9999 0.17676569901882333 0.14201587777246127 0.13974001935937186 0.10632331842599912 0.048990258947014816 0.02748345428456861 -9999 -9999 -9999 -9999 -9999 -9999 -9999 -9999 -9999 -9999
-9999 -9999 -9999 -9999 -9999 -9999 -9999 -9999 -9999 -9999 -9999 -9999 -9999 -9999 -9999 -9999 -9999 -9999 -9999 -9999 -9999 -9999 -9999 -9999 -9999 -9999 -9999 0.14711495360423776 0.12564226267514406 0.023842185735702515 0.040114529887024235 0.07393436672839715 0.06618979161090037 0.06665356891850632 -9999 0.07868363372251097 0.12600054204463956 0.13164423844393566 0.04915816193589795 0.03459709940048366 0.033052686674922116 0.03463825017213823 0.02798428280012949 0.026831203140318397 0.02486719677642901 0.016317293358345808 -9999 -9999 -9999 -9999 -9999 -9999
-9999 -9999 -9999 -9999 -9999 -9999 -9999 -9999 -9999 -9999 -9999 -9999 -9999 -9999 -9999 -9999 -9999 -9999 -9999 -9999 -9999 -9999 -9999 -9999 -9999 -9999 -9999 0.19317900463938714 0.20174080782975906 0.1579080613759848 0.17067303295646394 0.1901083824246429 0.13260865894456705 0.04742801074798292 0.0454281299160077 0.048279881758509946 0.047646935256022316 0.036712228408399605 0.03456587659624905 0.03576428156632644 0.039822159409523 0.03980671021403098 0.04394849861154748 0.0444844316529191 0.04037906483132786 0.03937300976286545 0.04678479985644418 -0.01900560202750756 -9999 -9999 -9999 -9999
-9999 -9999 -9999 -9999 -9999 -9999 -9999 -9999 -9999 -9999 -9999 -9999 -9999 -9999 -9999 -9999 -9999 -9999 -9999 -9999 -9999 -9999 0.15211491286754608 0.1521992487093759 0.1609986474116643 0.12488516569137575 0.19465516334356264 0.18713363661215854 0.17232723108359746 0.1730417964550165 0.17159884905113892 0.1459641564399638 0.1210591978564554 0.03718041002750394 0.04024680543179604 0.03673907713248181 0.040299034462525314 0.04396789836195797 0.04098585098981855 0.03923433606928967 0.03658448888195887 0.036368695563740235 0.04839069784983346 0.048236083160055454 0.04677770971035472 0.03838307334452257 0.045305537325995286 0.04732091578782771 0.012447095513343831 -9999 -9999 -9999
-9999 -9999 -9999 -9999 -9999 -9999 -9999 -9999 -9999 -9999 -9999 -9999 -9999 -9999 -9999 -9999 -9999 -9999 -9999 -9999 -9999 0.1515089301835923 0.1229011595249176 0.1551633797964807 0.11902247758015345 0.11825653272015707 0.1230907562900992 0.12576712667942047 0.19386779516935349 0.1635721391439438 0.13202804148197173 0.1054655237253322 0.08452762491427934 0.047167613242681206 0.035032839442674935 0.03541565626859666 0.03308159755725487 0.03387249217313881 0.03700015211806579 0.03742231276570535 0.03921711349740942 0.044846778854410685 0.04487330703572795 0.04252252413166896 0.04074676097794011 0.04016254208189374 0.040956704288112884 0.03671541530638933 0.00921504354725283 -9999 -9999 -9999
-9999 -9999 -9999 -9999 -9999 -9999 -9999 -9999 -9999 -9999 -9999 -9999 -9999 -9999 -9999 -9999 -9999 -9999 -9999 -9999 0.13904979919630386 0.1392459397514661 0.15732852121194202 0.15606846624896642 0.18979025032462146 0.16723132630189258 0.17658507210366864 0.16786545782517165 0.13937458460745605 0.12344418878250935 0.10497678697109224 0.05454206973314285 0.048132714979788827 0.03906267106533051 0.03265239119529725 0.029353106204344313 0.025914638340473167 0.02803060531616211 0.026928827166557312 0.0313529352778974 0.03520283200170682 0.03609701295693718 0.03060816505620645 0.030398985674214892 0.03069135728405742 0.03262719546639642 0.027952440437816417 0.024522661072451882 0.0045195072889328 0.011123724778493271 -9999 -9999
-9999 -9999 -9999 -9999 -9999 -9999 -9999 -9999 -9999 -9999 -9999 -9999 -9999 -9999 -9999 -9999 -9999 -9999 -9999 -9999 -9999 0.17277150849501294 0.17973507686359125 0.16275721447808403 0.16594083990369524 0.1762217249382626 0.1553458916704829 0.10975016200024153 0.036944563298121735 0.061713180067587865 0.12184876386000187 0.04691989202888647 0.035746641305028186 0.01992723231132215 0.04041855037212372 0.04425444364547732 0.03531917358966585 0.03186971564655716 0.0257705572578642 0.02880890904502437 0.02927184694035106 0.032074908184450746 0.03055129799900985 0.019922851425845437 0.029565530215821586 0.025069981068372715 0.026363607375852527 0.0201911891500155 -0.0027000967945371435 -9999 -9999 -9999
-9999 -9999 -9999 -9999 -9999 -9999 -9999 -9999 -9999 -9999 -9999 -9999 -9999 -9999 -9999 -9999 -9999 -9999 -9999 0.14088627746549706 0.1460597135803916 0.14904051822311476 0.14319267570972444 0.16644746009950284 0.11818527007425154 0.024905178619890774 0.03820508904755116 0.049699192866683006 0.04768857608238858 0.04246850052605505 0.03781570968302811 0.03612416881051933 0.034558741206472565 0.007440483340850235 0.030352012875179437 0.029779535167071294 0.028668210214498082 0.017561646964814936 0.011143887458845621 0.01359675339488095 0.01712371097054594 0.025953856720165785 0.017613259809357767 0.008807370066642783 0.023159313015639785 0.02810772820826501 0.015249538701027632 -0.004497691988945007 0.02155203911764869 -0.013400786157165251 0.0022118921790804107 -9999
-9999 -9999 -9999 -9999 -9999 -9999 -9999 -9999 -9999 -9999 -9999 -9999 -9999 -9999 -9999 -9999 -9999 -9999 0.1552929185330868 0.14684956480156292 0.15299961290189196 0.13663635935102192 0.041978424208031766 0.004180126117937499 0.03668655913609725 0.038214764915979804 0.03447125448534888 -0.0065024594465891705 0.02627625533690053 0.004857306297008812 0.031249638808810213 0.03233584629164804 0.031124592489666425 -0.0006083811704929165 0.027281097729097703 0.022707575133868615 0.01698821817719659 0.012361849463263214 0.007814623242200808 0.018004464440875584 0.0172165869311853 0.0160940917474883 0.003102309469665804 0.02837586628668237 0.02899580029770732 0.017975864391173074 0.01689167832955718 0.005545669235289097 0.005741441791707824 0.01930508886774382 0.01708529475662443 -9999
-9999 -9999 -9999 -9999 -9999 -9999 -9999 -9999 -9999 -9999 -9999 -9999 -9999 -9999 -9999 -9999 -9999 0.16088410060514102 0.16216232356700028 0.0943951311388186 0.03791450948587488 0.03573427466969742 0.04648571062300888 0.033000130068372824 0.03475739207922246 0.030365866124629992 0.0350258304756515 0.0347523483965132 0.033084901454656035 0.034695604897063685 0.03333707283372467 0.01844866573810577 0.019878580172856646 0.017195868492126454 0.0051477823938642355 0.006784421857446432 0.02015281129967084 -0.011336023157293151 0.02048684784344265 0.019051650244938708 0.017074353419817414 0.01806059085270939 0.010439406100072351 0.02149694648228193 0.02809691429138184 0.03871307031410495 0.02803490878570647 0.027675891338392742 0.012960758398879668 0.007577915878399566 -9999 -9999
-9999 -9999 -9999 -9999 -9999 -9999 -9999 -9999 -9999 -9999 -9999 -9999 -9999 0.09748063548918696 0.1085892997441753 0.12693696925717013 0.13297510879938718 0.13697357989590742 0.16034104691611395 0.1371615015798145 0.12375890531323175 0.04860264035788448 -0.009201617240905735 0.02924685707936686 0.028493754876156633 0.024309426229050832 0.014181771738962706 0.028765481981364138 0.0013586410454341225 0.02807865818826164 0.03164616954881089 0.03456969958979908 0.025148265455898492 0.007044472521351236 0.006987089291214943 0.004016055448635203 0.008867409825325023 0.007665927080731633 0.012794792259994305 0.017468766946541647 0.016008148852147547 0.01384118046516028 0.012981803371356073 0.008837369007941992 0.011280311271548271 0.019544412450092585 0.019693999028787382 0.01743920979111693 0.026220086216926564 0.01752491003793219 0.02886410154726193 -9999
-9999 -9999 -9999 -9999 -9999 -9999 -9999 -9999 -9999 -9999 -9999 -9999 -9999 0.11419868989596292 0.0993984795752026 0.05028955902784099 0.0059117108583450215 0.011961456884940493 0.02947803573650226 0.07573748752474785 0.04474347001976437 0.038822083821836495 0.02650359805141178 0.0030299408928207705 0.004116243549755649 0.02188171217074764 0.0095368463259477 0.019348019683683243 0.01409148400829685 0.002390777426106577 0.006585344672203064 0.019641965627670288 0.022089026868343357 0.018537145853042614 0.015090611988100522 -0.003819872789523171 0.008096529579744105 0.009116623728048223 0.007417626324154075 0.007386930286884308 0.007948644277526118 0.0029621269731294475 -0.001610804621766243 0.005186681340380417 -0.001370408978217691 0.0035633124411106045 0.0007592061391243633 0.009362143841949666 0.010860843878043314 0.016436703875660902 0.020011165219804502 0.07351887557241654
-9999 -9999 -9999 -9999 -9999 -9999 -9999 -9999 -9999 -9999 -9999 -9999 -9999 0.0955981994047761 0.01756959144146214 0.011868527339350787 0.02585204947190206 0.023468340684970224 -0.0074345184079671065 0.00997182699265303 0.02479189984938679 -0.02540005709637294 0.030610438436269764 0.0312336478382349 0.02286283044438614 0.017921501476513724 0.027021532097170425 -9999 0.012617009381453187 -0.0009147486379069704 -0.0031499285250902176 -0.0011097842996770637 0.0012578061132720029 0.004644623026251793 0.003620601061618683 -0.0021145216682378065 -0.007284299390656612 0.0006480606065856209 0.002941237141688674 -0.0019390795912061496 -0.0109937030535478 0.0007480389904230832 0.002688922413757872 -0.006336488925358819 -9999 -9999 -9999 -9999 -9999 -9999 -9999 -9999
-9999 -9999 -9999 -9999 -9999 -9999 -9999 -9999 -9999 -9999 -9999 -9999 -9999 0.019484553237756108 -0.0015857269366582052 0.02251454076123616 -0.021838277578353882 -0.005435977516503154 0.016745604439215245 0.020038927489138655 0.04639139216999677 0.03536485841399745 -0.011486299335956572 0.010530759548318808 0.008682821478162489 0.02328979296068992 0.02422267151996493 -0.0085659921169281 0.02217078931403882 -0.004666256808465524 -0.006805824115872383 -0.007615814606348664 -0.010477546283176958 -0.011496197846200734 -0.01820866804983881 -0.014392012783459253 -0.01238185252462115 -0.011158496555354865 -0.014586385339498518 -0.003400854766368866 -0.025692736660992668 -9999 -9999 -9999 -9999 -9999 -9999 -9999 -9999 -9999 -9999 -9999
-9999 -9999 -9999 -9999 -9999 -9999 -9999 -9999 -9999 -9999 -9999 -9999 0.11163821279025472 0.0270885393276053 0.014983723224219647 -0.0021247416734695435 -0.015524472792943332 0.015834818022292974 0.005492766201496135 0.02995960726294405 0.036290840078622884 0.03702030448537125 0.03715674377776482 0.02336085038749794 0.01713541660990034 -0.004115808974294088 -0.01886159224169595 -0.02769880294799804 -0.016748629096481532 -0.00035810777369668645 -0.0003269822336733341 -0.003631467352042339 0.0015633194110332427 -0.006666102088414699 -0.01055501360032293 -0.008316833632332932 -0.00707388009343829 -0.009010208619607468 -0.004182496989095536 -0.012717800705056431 -0.010136151160949321 -9999 -9999 -9999 -9999 -9999 -9999 -9999 -9999 -9999 -9999 -9999
-9999 -9999 -9999 -9999 -9999 -9999 -9999 -9999 -9999 -9999 -9999 0.002460553803864673 0.0421551744289258 0.05719047017169721 0.05135441804304719 -0.009483445751464979 0.012387766649848529 0.014163941718064843 0.012065844967010186 0.035455747321248066 0.029474901917733637 0.02264421171433217 0.0005602473631883265 -0.001978843257977425 0.019167812970968395 -0.019654679589155236 -0.0004468228667974528 -0.01806800067424774 0.009965370232994486 -0.005441860192351877 -0.011032822492875544 0.0012538173259832865 0.00709591844143012 -0.0051904207951313786 0.00634562180322759 -0.004688763135188345 -0.005736875906586642 -0.016787596419453626 -0.021336279636205633 -0.021025765155042925 -9999 -9999 -9999 -9999 -9999 -9999 -9999 -9999 -9999 -9999 -9999 -9999
-9999 -9999 -9999 -9999 -9999 -9999 -9999 -9999 -9999 -9999 0.016487643338631897 0.017268675653373478 -0.0031521122402219377 -0.018782266548701687 -0.006056283341079438 0.0056427613432918355 0.026492711232633026 0.039261607622558425 0.013202993151469113 0.007205795496702193 0.03337527811527252 0.03318308675900483 0.008053238454617945 0.0024239958116882843 0.003042129481711037 -0.0028391851319207184 -0.007658575760557285 -0.02184557945777973 -0.00461655855178833 -0.01380412202132375 -0.02045247154800514 0.00515270046889782 -0.0009017708974006775 -0.006636232551601201 -0.004079003994529318 -0.010379488923047714 -0.010368362069129944 -0.02050416864628016 -0.02339471015665268 -9999 -9999 -9999 -9999 -9999 -9999 -9999 -9999 -9999 -9999 -9999 -9999 -9999
-9999 -9999 -9999 -9999 -9999 -9999 -9999 -9999 -9999 -9999 -9999 -9999 0.057103436440229416 -0.0031564580958063915 0.015510399467670022 0.018759253177236982 0.02844525235039846 0.017465378993596792 -0.002291366457939148 0.0026360150230558266 0.014829060749003753 0.012907622231019515 -0.003255280769533575 0.0058559135005280824 -0.0014285382471586616 -0.0119647259513537 -0.01643454866564792 -0.0196983152350714 -0.027373479760211452 -0.028886047276583587 -0.021989376739014018 -0.00944149390209553 -0.0036370637161391157 -0.0012758034606312474 -0.001397621146468242 -0.006829995248052806 -0.01100880788131195 -0.0028845670650590183 -0.01594034623016011 -0.031512127681212004 -9999 -9999 -9999 -9999 -9999 -9999 -9999 -9999 -9999 -9999 -9999 -9999
-9999 -9999 -9999 -9999 -9999 -9999 -9999 -9999 -9999 -9999 -9999 0.07448315803419081 0.005357425946455718 0.023494229012844592 -0.008276607502590516 0.02107393429722898 0.02558591506547397 0.019513703882694244 0.019469795127709688 0.015273071387234853 0.016234124286307217 0.028985064476728436 0.02152878493070604 0.016772549503888845 0.022569850814051745 0.015550708841709863 -0.006055510469845371 0.005828168503073772 -0.00221459025686438 -0.004518842443506782 -0.020697435165973416 0.003741865572722075 -0.006152873548368604 -0.006655222773551933 -0.007835411519374473 -0.006037859246134758 -0.005819501621382589 -0.0022388039553751797 -0.010967181788550495 -9999 -9999 -9999 -9999 -9999 -9999 -9999 -9999 -9999 -9999 -9999 -9999 -9999
-9999 -9999 -9999 -9999 -9999 0.07076235047795554 0.008876504169570087 0.049480591501508464 0.06746068537235261 0.08159174096016658 0.06949092799966987 0.0235676801934534 0.03362598900611585 0.02262856574221089 0.005514853447675716 0.009087186306715013 0.010727144204653231 0.03043047926927866 0.02474451300344968 0.00322147020522287 0.005845673382282257 0.00900671694959912 0.017210779445511942 0.03596539464261797 6.363559991895418e-06 0.0003100691772088826 0.0012817785821177818 0.004259392280470231 0.008825933803682741 0.01160827496399483 0.003280337186569865 0.010476971666018159 -0.0069142328254107885 -0.012550343255527674 -0.015111532527953388 0.00560337350224005 0.003316556031887352 -0.0021956942298195503 -9999 -9999 -9999 -9999 -9999 -9999 -9999 -9999 -9999 -9999 -9999 -9999 -9999 -9999
-9999 -9999 -9999 -9999 0.04362382249134345 0.10201298758603522 0.1019883675105644 0.007343260571360587 -0.0063736652955412865 -0.0035714049965648313 -0.0011300632357597595 0.008177089194456755 -0.00022378239942633105 0.0007347686346187153 -6.414524146486356e-05 -0.011773434908766478 -0.003570556640625 0.00488160942730151 0.007662010036016771 0.0075381504077660375 0.008246003797179768 0.008300255239009846 0.012920171394944195 0.020139294117689138 0.0142437145113945 0.01558724045753479 0.021644602219263703 0.015761529405911773 0.01420047002680161 0.012802766057951692 0.00022540871913617755 -0.004958530492854829 -0.0070624202489852905 -0.02357900738716126 -0.021346386808615475 -9999 -9999 -9999 -9999 -9999 -9999 -9999 -9999 -9999 -9999 -9999 -9999 -9999 -9999 -9999 -9999 -9999
-9999 -9999 -9999 0.10980503953678504 0.04810724968779578 0.008765412494540216 0.09353638333933696 0.02576674620310465 0.019341060128368337 -0.0028190960486729755 0.011956050992012024 0.01523507758975029 0.02823601573705675 0.006226317045536446 -0.005747938571974282 -0.008601098188332157 0.005907532496330081 0.006842105052410008 -0.0050502795922128816 -0.009242370352149004 -0.019002573155775304 0.015341398971421366 0.018312401549760687 0.00862245905128392 -0.008595265944798786 -0.009793236520555276 0.0010129755735397428 -0.004790036607596832 -0.0007652160194185076 -0.004285289408409443 -0.004828688899675998 -9999 -9999 -9999 -9999 -9999 -9999 -9999 -9999 -9999 -9999 -9999 -9999 -9999 -9999 -9999 -9999 -9999 -9999 -9999 -9999 -9999
-9999 -9999 -9999 0.11027288128589764 0.10319911511171433 0.07341138025124866 0.03315416180481345 0.05215588645501568 0.06710062162917957 0.009236400148698254 0.0011782324627825913 0.018361033363775786 0.014165239713408715 0.020126830013293132 0.00669566557115439 0.00043879449367523193 0.007433554748209503 0.01136907717076746 0.012134022301151626 -0.008754996074871596 -0.008569333216418396 0.011420836713578963 0.0044202569458219884 -0.0033427408585945677 0.0020902473099377594 -0.004337116181850426 -0.014012465790166684 -0.01426310990663135 -0.019544804505273402 -9999 -9999 -9999 -9999 -9999 -9999 -9999 -9999 -9999 -9999 -9999 -9999 -9999 -9999 -9999 -9999 -9999 -9999 -9999 -9999 -9999 -9999 -9999
-9999 -9999 -9999 0.10631734728813168 0.10639873643716176 0.1081978753209114 0.08003362124426322 0.026489028605547804 0.025153626288686504 0.012763864227703649 -0.00010435397808367108 -0.0022045371051018225 0.029077922659260905 0.037244033871912496 0.02507652435451746 0.014759634028781552 0.013455900762762318 -0.0027851060379383012 -0.006639490640440643 -0.023125410079956055 -0.002791399644179765 -0.0012577825122409294 -0.01630240615378034 -0.028576140501061283 -0.0310906236078225 -0.02671237455474007 -9999 -0.026785623282194138 -9999 -9999 -9999 -9999 -9999 -9999 -9999 -9999 -9999 -9999 -9999 -9999 -9999 -9999 -9999 -9999 -9999 -9999 -9999 -9999 -9999 -9999 -9999 -9999
-9999 -9999 -9999 0.10890665547601107 0.11061965833817212 0.1114554838700728 0.1217022581533952 0.09433778036724437 0.06852276852497685 -0.016974570191636396 -0.0032313093543052678 0.0022608654006667783 0.010607564118173374 0.006557956337928772 0.004850555211305618 -0.00342714264988897 -0.00380742587149141 -0.00935692129990992 -0.033474673827489226 -0.028258873319084003 0.010340853574428157 0.012427523123974715 -0.012191479404767364 -0.011428861489778841 -0.011112764845659706 -0.00981581756254521 -0.0102876306670468 -9999 -9999 -9999 -9999 -9999 -9999 -9999 -9999 -9999 -9999 -9999 -9999 -9999 -9999 -9999 -9999 -9999 -9999 -9999 -9999 -9999 -9999 -9999 -9999 -9999
-9999 -9999 -9999 -9999 0.08110770583152771 0.0268449544344308 -0.014198555958037262 -0.00340765904872975 -0.0009624847072235988 -0.011109006675806887 0.0004828446968035416 -0.007923737168312073 -0.008662997763984048 -0.007851004600524902 0.002537279700239481 0.017544926359103263 0.011658930154733876 -0.012799681474765151 -0.022840214686261292 -0.022728884831452998 -0.02603621845660004 -0.011566506881339866 -0.032678321256475934 -0.0119966147467494 -9999 -9999 -9999 -9999 -9999 -9999 -9999 -9999 -9999 -9999 -9999 -9999 -9999 -9999 -9999 -9999 -9999 -9999 -9999 -9999 -9999 -9999 -9999 -9999 -9999 -9999 -9999 -9999
-9999 -9999 -9999 -9999 0.14105524014342913 0.03262269220970293 -0.023830947046186438 -0.007531032860279062 -0.027454480867494246 -0.008607238531112671 0.007842413288481677 0.013900770246982552 0.00179184228181839 -0.00986695377265706 -0.00720901012420655 -0.0020169230258983146 -0.0026416707606542744 -0.008565241098403925 -0.008668371859718776 -0.01736915906270345 -0.019832862851520392 -0.018880957421266803 -0.018951402580151797 -0.02156251500691136 -0.013318340117866924 -9999 -9999 -9999 -9999 -9999 -9999 -9999 -9999 -9999 -9999 -9999 -9999 -9999 -9999 -9999 -9999 -9999 -9999 -9999 -9999 -9999 -9999 -9999 -9999 -9999 -9999 -9999
