metrics/grid_rasters/CCI Combined/grideval_CCI Combined_X_summer_2018_absolute_ubrmsd.asc
ncols 52
nrows 55
xllcorner     11.25
yllcorner     55.25
cellsize      0.25
NODATA_value  -9999
[rows 0 to 27 of 55, columns 0 to 51 of 52]
-9999 -9999 -9999 -9999 -9999 -9999 -9999 -9999 -9999 -9999 -9999 -9999 -9999 -9999 -9999 -9999 -9999 -9999 -9999 -9999 -9999 -9999 -9999 -9999 -9999 -9999 -9999 -9999 -9999 -9999 -9999 -9999 -9999 -9999 -9999 -9999 0.04557435381171313 0.04812187168713624 0.04496100128359497 -9999 -9999 -9999 -9999 -9999 -9999 -9999 -9999 -9999 -9999 -9999 -9999 -9999
-9999 -9999 -9999 -9999 -9999 -9999 -9999 -9999 -9999 -9999 -9999 -9999 -9999 -9999 -9999 -9999 -9999 -9999 -9999 -9999 -9999 -9999 -9999 -9999 -9999 -9999 -9999 -9999 -9999 -9999 -9999 -9999 -9999 -9999 -9999 -9999 0.047970438046607 0.04726391643093196 0.049769842587788805 0.043734878267513815 0.04368398056440759 0.045581404500254746 -9999 -9999 -9999 -9999 -9999 -9999 -9999 -9999 -9999 -9999
-9999 -9999 -9999 -9999 -9999 -9999 -9999 -9999 -9999 -9999 -9999 -9999 -9999 -9999 -9999 -9999 -9999 -9999 -9999 -9999 -9999 -9999 -9999 -9999 -9999 -9999 -9999 0.05400823937269777 0.05298363756928557 0.03505405865203978 0.04694999337512988 0.05613841576632643 0.059542817179946216 0.05570875121132534 -9999 0.05464901834207248 0.05143341023099926 0.04871026999890713 0.048854150347945186 0.0526890205108564 0.06073970451443679 0.061131214909173434 0.06111966441273975 0.05515439097148034 0.060695484002529686 0.06364759697749707 -9999 -9999 -9999 -9999 -9999 -9999
-9999 -9999 -9999 -9999 -9999 -9999 -9999 -9999 -9999 -9999 -9999 -9999 -9999 -9999 -9999 -9999 -9999 -9999 -9999 -9999 -9999 -9999 -9999 -9999 -9999 -9999 -9999 0.05586241565010232 0.0587851446769098 0.04622840281557072 0.04499696064527477 0.044384679857276906 0.0488901518201172 0.05059372300479098 0.04865381818971092 0.054314335044470606 0.060506128335465474 0.06277763769091516 0.06284088254817384 0.06266546764316999 0.06682140530979347 0.06731125599533859 0.06860637695520268 0.06595124733060231 0.06900511482909252 0.06303261676453904 0.061758880100626815 0.055225724387666535 -9999 -9999 -9999 -9999
-9999 -9999 -9999 -9999 -9999 -9999 -9999 -9999 -9999 -9999 -9999 -9999 -9999 -9999 -9999 -9999 -9999 -9999 -9999 -9999 -9999 -9999 0.06024742270727449 0.051775454676153534 0.06146411775884049 0.06891836287837008 0.06566300280629545 0.05732054843751126 0.04750772936853777 0.04812188303482482 0.04607470589189865 0.051153916021747285 0.04646546265026733 0.05293400754491878 0.060136188093645085 0.06312174155313505 0.05597704585064504 0.050008915288694035 0.05323018236315679 0.054140168559011936 0.056959445213764726 0.0714942851180852 0.07147456822082955 0.06075737827973249 0.059571871407990966 0.061968178658146085 0.05787962848621767 0.05251861242043846 0.04348304195470326 -9999 -9999 -9999
-9999 -9999 -9999 -9999 -9999 -9999 -9999 -9999 -9999 -9999 -9999 -9999 -9999 -9999 -9999 -9999 -9999 -9999 -9999 -9999 -9999 0.05458736874557975 0.05135106650980127 0.05458661724606459 0.05009125836030803 0.0592922528936868 0.06566468677561636 0.05898684050838125 0.05252854598631596 0.047054466483938864 0.04148779172432413 0.042550598355079086 0.051830621734457065 0.060762533974294985 0.06210880889924227 0.05738703098602978 0.05597680168874597 0.05681098853660331 0.05004812620801522 0.05119212912660046 0.051431305914732335 0.054525676446934665 0.058389791221260215 0.058064401638779274 0.0577441631957127 0.056363441883305165 0.055125120309029794 0.0516429670570766 0.0431014275069368 -9999 -9999 -9999
-9999 -9999 -9999 -9999 -9999 -9999 -9999 -9999 -9999 -9999 -9999 -9999 -9999 -9999 -9999 -9999 -9999 -9999 -9999 -9999 0.05772463022084081 0.052751033759011384 0.0678556598708676 0.053168634075880405 0.06107197147516525 0.059700851229757525 0.05819289249522766 0.05410197515756168 0.05292752363834871 0.05214716041927607 0.0510126961938245 0.05820256325638235 0.06591365998135418 0.0707282461549019 0.06960977968341034 0.059122827420078725 0.061144398682370385 0.058302051191511314 0.05956501060606709 0.05448648451451341 0.0507836298824944 0.05135792807205538 0.05233632169066215 0.05234425965746499 0.054221172618276615 0.0540644469049299 0.054020273495491565 0.05430746696540476 0.04457627158017713 0.04690765558213947 -9999 -9999
-9999 -9999 -9999 -9999 -9999 -9999 -9999 -9999 -9999 -9999 -9999 -9999 -9999 -9999 -9999 -9999 -9999 -9999 -9999 -9999 -9999 0.054880040653353813 0.064261691860313 0.06339872605300106 0.06292769611713603 0.06554197772446413 0.0635745109406611 0.057163275147250274 0.06264210816916667 0.06868741492326126 0.06544096141847021 0.06080544619421595 0.05116958851266675 0.06597465453236691 0.05833369724692334 0.05406969893837667 0.051382429418246174 0.049058059621872575 0.051758207111462985 0.0529713358488684 0.05102791462281669 0.05353100406633797 0.0544543047202492 0.04984735987371936 0.05570674793732907 0.05536098925993868 0.05636137627516955 0.0566565575470978 0.04606155656383321 -9999 -9999 -9999
-9999 -9999 -9999 -9999 -9999 -9999 -9999 -9999 -9999 -9999 -9999 -9999 -9999 -9999 -9999 -9999 -9999 -9999 -9999 0.0607350755652436 0.06534375578989139 0.06961208528747115 0.06367978139223325 0.07049960580864198 0.057898769925866615 0.06394513282361375 0.060343705273054764 0.05859298565745344 0.05929151107526905 0.06253668847529248 0.05971690217253293 0.06020427306894236 0.058941928453057985 0.07262537836782751 0.059978420994775884 0.056496087905186614 0.0540331115491425 0.05197648042802658 0.05393492863657541 0.054136878641230034 0.05581934512015026 0.05850842644500071 0.05371392065261085 0.05541532410558903 0.05577818743442666 0.057392124597607126 0.05068671406302089 0.051624570782331854 0.0565445638615749 0.054566051742421774 0.0573275006416786 -9999
-9999 -9999 -9999 -9999 -9999 -9999 -9999 -9999 -9999 -9999 -9999 -9999 -9999 -9999 -9999 -9999 -9999 -9999 0.04450603120714454 0.052620346755803814 0.06458458749073315 0.06700781857839642 0.06374040656967754 0.0587650219633452 0.0613544390744372 0.060820588608774616 0.06788558786396612 0.06997474630873775 0.07155442702549407 0.07036831499331815 0.06219242804954631 0.057124649297897435 0.06024915398748485 0.07700050653359983 0.061224818817789815 0.05787490024303324 0.05741938010495904 0.05392475067423156 0.05393309865331582 0.05357485014099763 0.05415034024194355 0.05433345881198379 0.05798339291153791 0.04915612710959971 0.05235669578051028 0.05616664092104525 0.04985219880614687 0.04889458194106521 0.052708163356528566 0.05824810534128778 0.05968133895131748 -9999
-9999 -9999 -9999 -9999 -9999 -9999 -9999 -9999 -9999 -9999 -9999 -9999 -9999 -9999 -9999 -9999 -9999 0.043697582791808194 0.0436092039802608 0.051154911580154935 0.05438635388999364 0.06545602725299336 0.06984169029039537 0.06381889613240413 0.06567363413842796 0.06615935859208881 0.06510111410117672 0.05949861061649465 0.06249330269910953 0.061963915695170985 0.059297904520923574 0.0590711267419668 0.05800330417796131 0.05657553796980504 0.0563889553525199 0.05489127662746465 0.05883910213601755 0.06123090944712705 0.05819528870503185 0.05345558108605489 0.05234701370918291 0.0508807924219901 0.04826431246385123 0.05251831290970052 0.05520619349493607 0.059072639018265115 0.059160546242452615 0.05367497465714479 0.0520046938185468 0.05791061738770276 -9999 -9999
-9999 -9999 -9999 -9999 -9999 -9999 -9999 -9999 -9999 -9999 -9999 -9999 -9999 0.052862878234274886 0.052111077211484426 0.04728893779938855 0.04614682152613482 0.04137568371427148 0.040684108513029865 0.042897504030088636 0.04453217360793128 0.060390554727110135 0.06780428094681873 0.06803637801714613 0.062124079435224286 0.05412924806803818 0.05020269486975085 0.06153569628432853 0.06734774962874986 0.0679021809407655 0.06338759064102409 0.06487581953400359 0.060276355762159874 0.057915351722940725 0.05758254090870037 0.05533356477969833 0.05625742624597505 0.05679367023641115 0.056933899154929815 0.05592906896715897 0.05562737419861439 0.05295027021753503 0.05363517760599827 0.05301352965279469 0.054824633867733084 0.0579126636478068 0.05744424907350978 0.0612433886000912 0.05781283667854331 0.05614449077724852 0.05725621433957152 -9999
-9999 -9999 -9999 -9999 -9999 -9999 -9999 -9999 -9999 -9999 -9999 -9999 -9999 0.0440477667069656 0.0426019913241008 0.0451531416084132 0.04659188849108655 0.04313613052477839 0.043150363014376684 0.04328444227064342 0.05986927315375861 0.06472665285853937 0.06797054590975125 0.0591623794599504 0.05467051683606168 0.049995592079826436 0.03146261702631863 0.0554044201842781 0.04946400557499882 0.0550184336213603 0.05270601449884207 0.052456012289898685 0.05207655106964778 0.05337870697770098 0.05580538059206461 0.055749337015051546 0.057110351889400564 0.057778563485865166 0.05855406804854697 0.059824481890128574 0.059239117027135586 0.061377687673408114 0.06036261929654039 0.06215458489410145 0.06088338403540219 0.06026012079515525 0.06049909834837069 0.060761527316542885 0.062033489118827424 0.061685184573930525 0.060693284265416224 0.059324204137290025
-9999 -9999 -9999 -9999 -9999 -9999 -9999 -9999 -9999 -9999 -9999 -9999 -9999 0.04393014847217226 0.04550391224766456 0.03702275014588388 0.0469898651197954 0.05265121843767597 0.04926860599138914 0.05435405859479625 0.0613163087671303 0.06063092721562598 0.05596270092799849 0.050375895134921266 0.049443603294613336 0.05127542955561815 0.05337516486579303 -9999 0.03637831085690006 0.0527684817843796 0.05099162655576788 0.051444433145643086 0.05083154788086882 0.049950580540957634 0.04751248078499847 0.049895882103401214 0.05098345314132988 0.05224486165370542 0.05484696480128491 0.05828816514209961 0.0560945950726486 0.056456816846787626 0.05727109705506085 0.05608831542234054 -9999 -9999 -9999 -9999 -9999 -9999 -9999 -9999
-9999 -9999 -9999 -9999 -9999 -9999 -9999 -9999 -9999 -9999 -9999 -9999 -9999 0.03911069121426168 0.035169714989470635 0.042701570575820316 0.04462482879378212 0.054353368649811384 0.05456955850118743 0.049456167429857235 0.05092155757331771 0.046604016171234164 0.045851594801985314 0.05517122601393934 0.05242928606254271 0.05510205569150058 0.055430669937930686 0.05805496310087707 0.053134075262212005 0.05530773792942665 0.05456446803032977 0.05059126007056693 0.048810281708172434 0.050795146017992926 0.050382435254517716 0.049740614096919177 0.05008167502061096 0.052503167512473886 0.055628662998270934 0.057772451457162005 0.055961075581601315 -9999 -9999 -9999 -9999 -9999 -9999 -9999 -9999 -9999 -9999 -9999
-9999 -9999 -9999 -9999 -9999 -9999 -9999 -9999 -9999 -9999 -9999 -9999 0.04381773419855249 0.037708630635265236 0.043442453758310316 0.044364313928608914 0.05084459847982141 0.05053934169051056 0.053798389690738614 0.04853037237757641 0.05066926796435063 0.049055847831908334 0.0419973680021147 0.04780324155709117 0.050624283911062495 0.05154277767636058 0.0508594843157111 0.057025007031758425 0.05105227476156424 0.05043511034640609 0.05288607150783802 0.05544185502275872 0.051131140262950785 0.051457395005079065 0.049186429190648716 0.05056793322802737 0.05320823792619244 0.0539881608473405 0.05504973031347084 0.0549136361047616 0.05471881874721538 -9999 -9999 -9999 -9999 -9999 -9999 -9999 -9999 -9999 -9999 -9999
-9999 -9999 -9999 -9999 -9999 -9999 -9999 -9999 -9999 -9999 -9999 0.04233284530972593 0.045833950169771855 0.04957400193936856 0.052002126049247005 0.05490633154565218 0.057152730330446676 0.0559200390695988 0.04660430387053608 0.051296285854338014 0.05204830645459164 0.05102845008777268 0.04870302068038463 0.04821712768155195 0.05102403445138333 0.05631601636728626 0.05241658216201568 0.057213455346869176 0.0553206035460763 0.050802694583540295 0.053059379616634435 0.05466975058973077 0.050287931672426615 0.050935810495516994 0.051262056860299984 0.054387669302846976 0.05681120353170069 0.057598322916413584 0.05585675237590623 0.05641079589539254 -9999 -9999 -9999 -9999 -9999 -9999 -9999 -9999 -9999 -9999 -9999 -9999
-9999 -9999 -9999 -9999 -9999 -9999 -9999 -9999 -9999 -9999 0.052331824785097215 0.05231918455817077 0.058690203095806165 0.0585724300770147 0.058392020869296714 0.057719923561573815 0.05223581141976436 0.05078541784011865 0.0510760896750829 0.04677874481163314 0.045266582692641014 0.05154983084738745 0.04775946230115166 0.04769226066349189 0.04807429336190374 0.050312449244360534 0.05274353321973888 0.05364776356306005 0.05251633993828244 0.05269385947261332 0.050376727624696784 0.052532777419288766 0.05086752867377319 0.0508577705270439 0.052424824952548375 0.054616871218278594 0.05593765376757736 0.0550253174804616 0.05466851977670771 -9999 -9999 -9999 -9999 -9999 -9999 -9999 -9999 -9999 -9999 -9999 -9999 -9999
-9999 -9999 -9999 -9999 -9999 -9999 -9999 -9999 -9999 -9999 -9999 -9999 0.05023851208124743 0.04755468679161326 0.05042767255394495 0.05383974124702738 0.058458680509110975 0.059320329060858386 0.05764680199357609 0.053486813459341816 0.05443520614008605 0.051664706311544885 0.048860446803079736 0.05121382763849288 0.0517732617622666 0.0523359136300894 0.05416621886016145 0.05167381192157625 0.05350324670347077 0.054566676264570936 0.05134483048942623 0.05135830614779463 0.05238803089035133 0.051689882184829464 0.05134742838506842 0.04964392391759935 0.049569490867038525 0.04924633384731318 0.049676532297748266 0.05014445657344003 -9999 -9999 -9999 -9999 -9999 -9999 -9999 -9999 -9999 -9999 -9999 -9999
-9999 -9999 -9999 -9999 -9999 -9999 -9999 -9999 -9999 -9999 -9999 0.06896334621975707 0.06200484753291256 0.06287106718135285 0.05695272456047315 0.05584820795445153 0.05604261221332229 0.05781918310379424 0.057736328568607415 0.057367252008473715 0.05590451170650794 0.054517208663989916 0.05343014460298633 0.05363583628573485 0.0549139206596292 0.055001039831964464 0.0538716572672359 0.05181806321108203 0.051231450610233535 0.05242031571877491 0.05447755943284119 0.052329863875273816 0.0525268126052881 0.05256854649029459 0.0530106583202925 0.04942512682915589 0.04967415898356144 0.05023890109731772 0.048483280326299213 -9999 -9999 -9999 -9999 -9999 -9999 -9999 -9999 -9999 -9999 -9999 -9999 -9999
-9999 -9999 -9999 -9999 -9999 0.06155369929759325 0.055142046091940164 0.05555540971745451 0.05312729641644017 0.06274769773211264 0.06775509271378298 0.05614203431957315 0.057710630832362664 0.06107059709355365 0.05910630824440966 0.05826577951977947 0.06364977940516227 0.058216425355803285 0.060688097941613964 0.05999176934140265 0.05952919818408396 0.0601945053112628 0.058903018969455614 0.06227371820560719 0.056792930506124426 0.05847283674537657 0.05857579173210671 0.05651577291413532 0.05482712451109191 0.05172960607633024 0.05290449388715777 0.0550541446859578 0.05498657367631787 0.05579521436547034 0.053858436205208436 0.05106734334589162 0.04851410926731728 0.04649152362089543 -9999 -9999 -9999 -9999 -9999 -9999 -9999 -9999 -9999 -9999 -9999 -9999 -9999 -9999
-9999 -9999 -9999 -9999 0.05317907106912733 0.06044050982173724 0.05943931611155818 0.04058047072172124 0.05172121356444598 0.0501806621988284 0.054409472291701656 0.05795042526533418 0.053317800977779016 0.05676285853566785 0.055051619715614335 0.0567160671162736 0.05415089702133887 0.05574768877201823 0.058501316307154994 0.062097814174196776 0.06340554308854136 0.06496813592481937 0.06078253280228866 0.061782949375388536 0.05976239386164672 0.05833501406634125 0.0600014663946636 0.057459849648536336 0.05674868628871715 0.05776670939897549 0.05802555737188742 0.06031831365705882 0.059584010111342116 0.057237580956128485 0.05446319979820677 -9999 -9999 -9999 -9999 -9999 -9999 -9999 -9999 -9999 -9999 -9999 -9999 -9999 -9999 -9999 -9999 -9999
-9999 -9999 -9999 0.05404559209733496 0.05494800027490071 0.04012887457879663 0.035100141466968944 0.048543774367652885 0.04628009853213594 0.04644542416716985 0.048266575032210365 0.04661440216300049 0.04866625891552931 0.05167500555476083 0.05491572388336003 0.05378374425138705 0.053695137964903016 0.056387515746867824 0.058652951762346285 0.06159521453671533 0.06337253166779121 0.06401196469325822 0.062251180353537924 0.05693303069412777 0.053806571578804134 0.05461450708820485 0.0569116368678329 0.05626079917531 0.05271756715025256 0.053602081795018006 0.0541162926190589 -9999 -9999 -9999 -9999 -9999 -9999 -9999 -9999 -9999 -9999 -9999 -9999 -9999 -9999 -9999 -9999 -9999 -9999 -9999 -9999 -9999
-9999 -9999 -9999 0.04915113140299312 0.050266562174038285 0.046606287465779696 0.0516639716532073 0.047709485749862536 0.0436557415464812 0.04694801622456297 0.049681336424700635 0.03472774116437 0.027722596098606774 0.051716019819370164 0.053446385597405666 0.05078815948860679 0.053983860164638985 0.05538423021517883 0.056974925894149285 0.0625672533868126 0.06160013103183053 0.0598637997893665 0.05863934910133225 0.05657626326302233 0.05504332687522008 0.056085056757807485 0.05726335573743972 0.05615604823503717 0.053097822386332025 -9999 -9999 -9999 -9999 -9999 -9999 -9999 -9999 -9999 -9999 -9999 -9999 -9999 -9999 -9999 -9999 -9999 -9999 -9999 -9999 -9999 -9999 -9999
-9999 -9999 -9999 0.05868394921055178 0.06187284684164214 0.06413721877986764 0.06243299012305506 0.04863876308387436 0.049285112882930325 0.04702454705059278 0.049069655008658494 0.04856145149791788 0.05251756080410786 0.05249115634265639 0.050822882687101216 0.05692017985302111 0.05166900697304578 0.05352311606128734 0.05552709899348505 0.06069886681935977 0.054869885524047514 0.05524029121306776 0.05737823553015343 0.058922163956840724 0.058998365049444265 0.05939248856920016 -9999 0.05402872965584361 -9999 -9999 -9999 -9999 -9999 -9999 -9999 -9999 -9999 -9999 -9999 -9999 -9999 -9999 -9999 -9999 -9999 -9999 -9999 -9999 -9999 -9999 -9999 -9999
-9999 -9999 -9999 0.07565032002574458 0.07525804322264933 0.07548023758477915 0.06579127264553501 0.05325425449164548 0.0490479473819477 0.05063045377739444 0.04994813567315603 0.052607435941318656 0.05043890751566789 0.04782697024461256 0.04997135661834413 0.051756502708503786 0.05530578556687829 0.05553555909506323 0.06095942642234605 0.05889923941098137 0.05431970858543937 0.05539004909903759 0.05817051834362642 0.05976050960108518 0.06009953660449301 0.057758557405584464 0.05477492207079178 -9999 -9999 -9999 -9999 -9999 -9999 -9999 -9999 -9999 -9999 -9999 -9999 -9999 -9999 -9999 -9999 -9999 -9999 -9999 -9999 -9999 -9999 -9999 -9999 -9999
-9999 -9999 -9999 -9999 0.07163201693994209 0.056785949995669084 0.055825974764871535 0.05375203953729042 0.05301430760229004 0.056385793839525675 0.05515834955641866 0.05443876727810144 0.0521101987501659 0.0517109156266166 0.05138772567306801 0.06204618282261048 0.05517389295816025 0.05278249411203921 0.05374937985702928 0.0566081477134491 0.059841742243341725 0.0597663621330408 0.06619858505629278 0.06419208819330374 -9999 -9999 -9999 -9999 -9999 -9999 -9999 -9999 -9999 -9999 -9999 -9999 -9999 -9999 -9999 -9999 -9999 -9999 -9999 -9999 -9999 -9999 -9999 -9999 -9999 -9999 -9999 -9999
-9999 -9999 -9999 -9999 0.07505670593367501 0.058833529920666 0.05921396191075458 0.05141550037571913 0.04914165393559036 0.04976728407921438 0.05160893567694498 0.055298561227380166 0.04976827043862233 0.047214944190816385 0.047512579741459886 0.04603681922781899 0.048574312674182434 0.04847168075781605 0.051127492152523484 0.05813886217136354 0.06141031430079559 0.06283835532006142 0.06298642003839071 0.062337884508684424 0.06134001050751683 -9999 -9999 -9999 -9999 -9999 -9999 -9999 -9999 -9999 -9999 -9999 -9999 -9999 -9999 -9999 -9999 -9999 -9999 -9999 -9999 -9999 -9999 -9999 -9999 -9999 -9999 -9999
