metrics/grid_rasters/CCI Combined/grideval_CCI Combined_X_summer_2017_absolute_ubrmsd.asc
ncols 52
nrows 55
xllcorner     11.25
yllcorner     55.25
cellsize      0.25
NODATA_value  -9999
[rows 0 to 27 of 55, columns 0 to 51 of 52]
-9999 -9999 -9999 -9999 -9999 -9999 -9999 -9999 -9999 -9999 -9999 -9999 -9999 -9999 -9999 -9999 -9999 -9999 -9999 -9999 -9999 -9999 -9999 -9999 -9999 -9999 -9999 -9999 -9999 -9999 -9999 -9999 -9999 -9999 -9999 -9999 0.05705888295444509 0.059242732633745965 0.06958140960627622 -9999 -9999 -9999 -9999 -9999 -9999 -9999 -9999 -9999 -9999 -9999 -9999 -9999
-9999 -9999 -9999 -9999 -9999 -9999 -9999 -9999 -9999 -9999 -9999 -9999 -9999 -9999 -9999 -9999 -9999 -9999 -9999 -9999 -9999 -9999 -9999 -9999 -9999 -9999 -9999 -9999 -9999 -9999 -9999 -9999 -9999 -9999 -9999 -9999 0.0558209111510112 0.0526219640797912 0.0511568614159254 0.04297081515455823 0.053424126540739546 0.055872500232640995 -9999 -9999 -9999 -9999 -9999 -9999 -9999 -9999 -9999 -9999
-9999 -9999 -9999 -9999 -9999 -9999 -9999 -9999 -9999 -9999 -9999 -9999 -9999 -9999 -9999 -9999 -9999 -9999 -9999 -9999 -9999 -9999 -9999 -9999 -9999 -9999 -9999 0.05734063279448471 0.06503439090583145 0.056078480015210735 0.05740703616362535 0.07191538167557332 0.080480639654974 0.07795822645631431 -9999 0.0762404843949822 0.0540253502463904 0.04612400075451513 0.056616829042098187 0.06010470927028859 0.05867839150672593 0.05751510571423017 0.05468094865762865 0.050088202930390686 0.05169236021415288 0.05513279635876515 -9999 -9999 -9999 -9999 -9999 -9999
-9999 -9999 -9999 -9999 -9999 -9999 -9999 -9999 -9999 -9999 -9999 -9999 -9999 -9999 -9999 -9999 -9999 -9999 -9999 -9999 -9999 -9999 -9999 -9999 -9999 -9999 -9999 0.05622117575615554 0.0630931956196757 0.05140254823775337 0.06658405245465299 0.05202335514087123 0.05785357125135169 0.068753702656509 0.054199137271263666 0.05197858151370825 0.05386322375710405 0.0529741282136632 0.056913064579538965 0.05779886577858957 0.057235399209966134 0.056001644444161634 0.0560937167445699 0.055845252190657266 0.05620212340113905 0.05265625226823041 0.04806682199390977 0.04337826434575287 -9999 -9999 -9999 -9999
-9999 -9999 -9999 -9999 -9999 -9999 -9999 -9999 -9999 -9999 -9999 -9999 -9999 -9999 -9999 -9999 -9999 -9999 -9999 -9999 -9999 -9999 0.08345407883334792 0.059453968338429024 0.0706543614353694 0.0723677569857201 0.060227393888025824 0.050023525261105255 0.05169197949252352 0.047304503411452495 0.04632689556337581 0.057459320492080815 0.05442552820054534 0.055916680059000835 0.05193846091825878 0.051796847980809003 0.044163863656374036 0.04095843740205538 0.04321979943224751 0.04403475156942017 0.04270162544487319 0.05012073948321583 0.05145581885063485 0.04424539752441626 0.04378041818380589 0.04571915859919401 0.04505644172066755 0.04235614889108477 0.03747150143049596 -9999 -9999 -9999
-9999 -9999 -9999 -9999 -9999 -9999 -9999 -9999 -9999 -9999 -9999 -9999 -9999 -9999 -9999 -9999 -9999 -9999 -9999 -9999 -9999 0.08652580330559881 0.0674466962164102 0.060642195839889425 0.058614033517353975 0.05129224476022255 0.06035046588929462 0.06799632156532996 0.05107416649876293 0.057769085150103275 0.06881470972877733 0.04565584024105065 0.05343429686193014 0.053967383997114364 0.05133228609377671 0.050074944326171725 0.047632398111107865 0.04644892995951117 0.040270767169656434 0.04045866857090178 0.03866700392075867 0.04109206290148476 0.04222420630215503 0.04126595803463562 0.04023065447078278 0.03984344445892436 0.03904579555301221 0.037325919363304184 0.0368603157171609 -9999 -9999 -9999
-9999 -9999 -9999 -9999 -9999 -9999 -9999 -9999 -9999 -9999 -9999 -9999 -9999 -9999 -9999 -9999 -9999 -9999 -9999 -9999 0.07357844756720955 0.06566659087232032 0.07751700253743947 0.05281127735522408 0.04781914172904793 0.0563821023496289 0.04950520347457843 0.05387299192460855 0.052860529841800126 0.056410445509277936 0.057669553611780736 0.05405452744549153 0.052085231980395295 0.05303337891805968 0.05299979450330363 0.0494005673857253 0.04868939274199187 0.04795370980978412 0.04720591123546435 0.043151157824525735 0.042932695458062296 0.04147547245610262 0.04067328744398687 0.04076433235224114 0.04032121657679374 0.040060673150934686 0.039080468299140816 0.03981105111817261 0.035928737998181436 0.03418804939733648 -9999 -9999
-9999 -9999 -9999 -9999 -9999 -9999 -9999 -9999 -9999 -9999 -9999 -9999 -9999 -9999 -9999 -9999 -9999 -9999 -9999 -9999 -9999 0.08293431935220817 0.062012616613231465 0.05229358940447176 0.04862231325175497 0.05196119433181778 0.0515152317687473 0.056300811377074614 0.07948182979774389 0.06311027279412902 0.048955532603738125 0.048597843094242005 0.0396012860250084 0.03106448023491622 0.04192481148878968 0.04334974052894894 0.04035850667900202 0.03925042272158859 0.04036971901375802 0.03885360867764075 0.039544237446585306 0.039330615876696375 0.03907988347376475 0.033716032620893795 0.03912836164955202 0.039442105874724034 0.038022725869979485 0.03755777863627728 0.0338820280643762 -9999 -9999 -9999
-9999 -9999 -9999 -9999 -9999 -9999 -9999 -9999 -9999 -9999 -9999 -9999 -9999 -9999 -9999 -9999 -9999 -9999 -9999 0.06213717180926485 0.061829667897734725 0.062453047884790676 0.07360980637281646 0.05645201030428156 0.05442185844553118 0.08255037062455735 0.06271469896443854 0.05695579260364076 0.05213689124639491 0.04582427890175071 0.04386677745953094 0.043161511187703824 0.04132408396274867 0.040151015680528895 0.039529737408851774 0.03874049532029098 0.038270673995037 0.03685272055556786 0.03533690355397294 0.03552033376742637 0.03549517039742728 0.03951964658612855 0.03584463889578971 0.03729560416397003 0.037039294884287886 0.03889776860372041 0.034574162461387184 0.031446338609559546 0.035263296480721774 0.033439406201750364 0.034036819128989815 -9999
-9999 -9999 -9999 -9999 -9999 -9999 -9999 -9999 -9999 -9999 -9999 -9999 -9999 -9999 -9999 -9999 -9999 -9999 0.0583877022674727 0.061659928601065825 0.06395378499915806 0.06587000921513546 0.07150045223451898 0.06356652306601866 0.06389063712386563 0.06248570999622875 0.06109976629791719 0.051718733258491814 0.054639891919762096 0.03925925555887229 0.04094669862683424 0.03861547022258685 0.04010417646913755 0.04644772350390625 0.03802330747978424 0.037344607010574224 0.038229196398366666 0.03626880053356251 0.03455522374769556 0.03530763295036017 0.035773138330159784 0.035302492297524905 0.037414786491784535 0.03238171007618285 0.034489938792147866 0.036808684041024914 0.031051951883307786 0.02711670991095848 0.027619216928667374 0.03215826816174192 0.032667865450001166 -9999
-9999 -9999 -9999 -9999 -9999 -9999 -9999 -9999 -9999 -9999 -9999 -9999 -9999 -9999 -9999 -9999 -9999 0.06286577669587215 0.057999891105026666 0.06484117149959479 0.06643520796203978 0.05629056392023975 0.05181838012382834 0.042910312696758435 0.04299405116598098 0.04300819145064835 0.043347750455627714 0.04151008809257483 0.0419249991661842 0.03957497347538426 0.03921878746089524 0.03732381724352892 0.03604329342516235 0.036017966182273715 0.03590668536277875 0.03773591641063157 0.039293405075054 0.04869659661993738 0.03954727477776687 0.037762158199421775 0.03880976657731628 0.03712857921944484 0.03394734588817423 0.03577832771521094 0.03713854825442762 0.039199843175944105 0.03744707581875178 0.02892654525255792 0.025653037238730112 0.029343342672596362 -9999 -9999
-9999 -9999 -9999 -9999 -9999 -9999 -9999 -9999 -9999 -9999 -9999 -9999 -9999 0.0771825806621696 0.07407790450558946 0.056330083407461165 0.05654901322685753 0.06378426583910816 0.04730280530069633 0.058533363934763674 0.04577404904512314 0.05374177152297248 0.04513632430858841 0.041539233147836016 0.03634642310887363 0.03325523122225881 0.031618410613612716 0.03706603320111182 0.03853680235211535 0.03946721377932354 0.03878531153623355 0.0399617735878025 0.0360777209420923 0.03520560423599919 0.035710691167271234 0.036252362918232216 0.036455199221499424 0.04096915198765647 0.0401757551079009 0.03786370352565729 0.03847775607383129 0.03686665503530755 0.0357975035222207 0.03150182126639181 0.03247531823674181 0.03599303517724056 0.03504607626242633 0.035414218497528134 0.030723694185690476 0.026617441622121648 0.028344105703952342 -9999
-9999 -9999 -9999 -9999 -9999 -9999 -9999 -9999 -9999 -9999 -9999 -9999 -9999 0.08791917915101805 0.0685563170668286 0.07155627110008382 0.07803905875768498 0.07244370064384034 0.06643091252085696 0.058999301847256526 0.054046329081747765 0.04784833352982937 0.0417532021817269 0.03210089104032933 0.031146098996896094 0.030577720249499125 0.025605749118482384 0.032027012368497906 0.031000417455077405 0.030560095605386632 0.03097240540746065 0.031139543827501382 0.03193721855029235 0.035698734862313015 0.039096143135973344 0.03860907382459367 0.03995048341538378 0.037372431786494915 0.0376228458308551 0.03819006884599061 0.03666828483532175 0.03749762133984008 0.0361898210661008 0.036761899557980565 0.03629275002772178 0.035999757921002525 0.03498819726954867 0.03453617417794328 0.03461082975308377 0.03286405438624919 0.031910687420882905 0.032028664128844024
-9999 -9999 -9999 -9999 -9999 -9999 -9999 -9999 -9999 -9999 -9999 -9999 -9999 0.08279997345725677 0.08054704970640914 0.07119739748892881 0.05339715510498688 0.05108209637173888 0.04692345241272705 0.04396177354212368 0.04240795703002652 0.032621538612048424 0.035147090510220705 0.03156098085297457 0.0264009157965808 0.027997264358463225 0.0307966838199065 -9999 0.02750651427553698 0.029345445901113407 0.028537333457927524 0.02870546719631895 0.03006535841647695 0.03270614369474726 0.03404757816503271 0.03562826964056129 0.034535650460267873 0.03373302421677051 0.033751256129551564 0.0346288335025919 0.03202151221977567 0.03115686225980615 0.03253349690524334 0.03337328946678688 -9999 -9999 -9999 -9999 -9999 -9999 -9999 -9999
-9999 -9999 -9999 -9999 -9999 -9999 -9999 -9999 -9999 -9999 -9999 -9999 -9999 0.08699725956052963 0.06903197386514796 0.048792187323097584 0.023092990090342425 0.04188141974774224 0.03942927833117992 0.03350880555121021 0.035892467424255226 0.033679506711741414 0.0273988285576669 0.029676668084980068 0.027454375869503042 0.03000905381028385 0.03304493379545164 0.04859379040173255 0.0320103879982939 0.030751801268213887 0.03194052482413015 0.030795070140606524 0.030838959781444436 0.03234327645649412 0.030633348077027268 0.028444651031332 0.029069275322277276 0.02856742529374972 0.02921412182977108 0.029742234117255788 0.027353845186541617 -9999 -9999 -9999 -9999 -9999 -9999 -9999 -9999 -9999 -9999 -9999
-9999 -9999 -9999 -9999 -9999 -9999 -9999 -9999 -9999 -9999 -9999 -9999 0.08235463673007383 0.0871964932199285 0.06402011554604271 0.03788942711516999 0.04697052887348302 0.03707268996701472 0.032253361141587035 0.031505620078007765 0.03246013974757623 0.0312532578473028 0.029768963044466305 0.02791585851590462 0.02792569775083491 0.027517803346535943 0.029291055471238468 0.033728480303072385 0.031083197125415043 0.028901081924493036 0.028208435504627306 0.0304446760863404 0.030352179445576364 0.02966543644422876 0.02795722667343508 0.028058553354873658 0.027424496178172445 0.02846103406650676 0.0280579741326421 0.026948492467954995 0.030312989797246094 -9999 -9999 -9999 -9999 -9999 -9999 -9999 -9999 -9999 -9999 -9999
-9999 -9999 -9999 -9999 -9999 -9999 -9999 -9999 -9999 -9999 -9999 0.08483051677225356 0.06638462450358103 0.07490038311732578 0.058797962467941965 0.04813827485004642 0.039267983721450836 0.030318435114305837 0.0257582958989781 0.02802370387498175 0.02739208527692626 0.02719497851275156 0.02655323139078788 0.024837065453683586 0.026332899625975976 0.025204359645605842 0.024743043882300444 0.031053882830551705 0.02700338290800072 0.028595683294602662 0.025274452258369644 0.026223440135776863 0.02563704860435009 0.026059027157979985 0.026658218976433286 0.027441680395093808 0.02711732531920547 0.026348897022619142 0.026540916347541577 0.032514145441050316 -9999 -9999 -9999 -9999 -9999 -9999 -9999 -9999 -9999 -9999 -9999 -9999
-9999 -9999 -9999 -9999 -9999 -9999 -9999 -9999 -9999 -9999 0.056506560201458236 0.060376990126920285 0.06678121617175742 0.062208444544293015 0.04566639704717596 0.031502570054872316 0.027170017762710226 0.02374153869190876 0.021185732767846417 0.02143284506705387 0.024315053797961717 0.02700545389023334 0.02287658664057784 0.022253768674260817 0.021530445459369045 0.021579685843352 0.02161094797616773 0.02395358092387244 0.02410958802167793 0.02545428807475261 0.02689981593824853 0.024442399395188632 0.02398456570387541 0.023148633827891844 0.02392113410972016 0.02397760774141287 0.02622012636372029 0.024932104470366503 0.0245975081378877 -9999 -9999 -9999 -9999 -9999 -9999 -9999 -9999 -9999 -9999 -9999 -9999 -9999
-9999 -9999 -9999 -9999 -9999 -9999 -9999 -9999 -9999 -9999 -9999 -9999 0.02656184982735032 0.02468163154801216 0.023679452030762608 0.02320998837972155 0.024322778254203037 0.022916159345954205 0.021754115757027376 0.020024808604926243 0.020467077470765097 0.021391772132724588 0.020070057234090617 0.019903332467024942 0.01872071509856216 0.019253011573692167 0.017955796131396282 0.019454828093047608 0.024547294315483636 0.02398488763021545 0.022742414788074355 0.02029785556006161 0.02017792039077981 0.020208364091905098 0.020961251972047814 0.021354639667711055 0.02216799790436328 0.02698577880639437 0.02449965020154669 0.032377299701256225 -9999 -9999 -9999 -9999 -9999 -9999 -9999 -9999 -9999 -9999 -9999 -9999
-9999 -9999 -9999 -9999 -9999 -9999 -9999 -9999 -9999 -9999 -9999 0.035078000418120266 0.031938656695115406 0.024823772915886232 0.02506634860278661 0.025955045816514387 0.02447023701054352 0.024122730627801042 0.022862543081409663 0.02089818105560569 0.019905410601427108 0.02009535084561899 0.019444379342540282 0.019783288761683584 0.021657243517752736 0.02045932636165826 0.0181336183210532 0.01675480094168744 0.01764619083288299 0.01867723233798008 0.01828937571740316 0.022383126475790653 0.0198012456766097 0.020727543216245592 0.02296374909867034 0.023177320481889887 0.02439051066742976 0.02728228169402073 0.026168677902381803 -9999 -9999 -9999 -9999 -9999 -9999 -9999 -9999 -9999 -9999 -9999 -9999 -9999
-9999 -9999 -9999 -9999 -9999 0.04337374990098557 0.04031648260233285 0.03909923657663775 0.035461317534303004 0.03595032433226146 0.0252815818267454 0.02560448885032206 0.029485878745711427 0.024070344911280288 0.023454704201639868 0.024613813338378646 0.025983655496499208 0.02638970911650151 0.02544713687029531 0.023015025814258773 0.02138637437425363 0.02024905556314535 0.0195808995193603 0.021496912520277918 0.016846319398555142 0.01787356037189016 0.018903151143102846 0.0181072624295232 0.018072189547113256 0.01860874534542035 0.01873763894692147 0.02298105851651688 0.02058225213865339 0.022145831188197542 0.022569355615849683 0.026034010661852614 0.026618365739441617 0.02499712324974954 -9999 -9999 -9999 -9999 -9999 -9999 -9999 -9999 -9999 -9999 -9999 -9999 -9999 -9999
-9999 -9999 -9999 -9999 0.030410909363757486 0.02796561503969893 0.027580344295929274 0.028250899451779905 0.018241850000205343 0.02146858579363212 0.02159847918189225 0.025491431130397892 0.022370772760212092 0.023520221636742458 0.02263247069349345 0.027511992377223564 0.024704513782753224 0.023250065681935876 0.024943316809199208 0.025814884646505533 0.0249955705609644 0.02433001377450758 0.021439035969224498 0.02233954703462264 0.021192024122757717 0.0212369291420471 0.02325888389785515 0.021228707691487984 0.0213691569311504 0.021723536433485444 0.020355868908918683 0.022808192390751443 0.024407968985320428 0.022285527078061338 0.021476653663098803 -9999 -9999 -9999 -9999 -9999 -9999 -9999 -9999 -9999 -9999 -9999 -9999 -9999 -9999 -9999 -9999 -9999
-9999 -9999 -9999 0.0390756843536431 0.03835985013740698 0.01867583635554624 0.023294388873410742 0.025174290169439596 0.025887450626729515 0.023194182568728825 0.02460374045723495 0.027517174843164238 0.025461878397389368 0.02261282211567854 0.023333788301668424 0.022613298206988857 0.01978034458240777 0.02374831631051634 0.021509963901470558 0.02218555028665506 0.024711532806575214 0.025136993364477996 0.025483553428504332 0.024927917515455155 0.022116158239493845 0.02091052753754182 0.02170445898238731 0.021670615647616537 0.02264766024403756 0.023539468474496058 0.023434626662755444 -9999 -9999 -9999 -9999 -9999 -9999 -9999 -9999 -9999 -9999 -9999 -9999 -9999 -9999 -9999 -9999 -9999 -9999 -9999 -9999 -9999
-9999 -9999 -9999 0.060749255838010316 0.05201983260219368 0.03601682770904255 0.04091272146145697 0.027066227835348428 0.021104897453241612 0.022093242698090442 0.024391832779113852 0.02155069324226484 0.02345993874012905 0.025174106103268208 0.02495013322516437 0.02109513164771489 0.023079385335155737 0.02307797139907371 0.02621291557172321 0.028922298991727814 0.02792013208048684 0.02484623955192155 0.02634271649166445 0.02700549099114593 0.02626455671692224 0.0247110083048204 0.022168771506416024 0.02250748734310021 0.02338257680662436 -9999 -9999 -9999 -9999 -9999 -9999 -9999 -9999 -9999 -9999 -9999 -9999 -9999 -9999 -9999 -9999 -9999 -9999 -9999 -9999 -9999 -9999 -9999
-9999 -9999 -9999 0.04807118511386997 0.03980108057619978 0.03129173438090654 0.027725250618782973 0.023168403528552598 0.019967368316250855 0.02018054368382919 0.020771479693323533 0.021004182462323967 0.02697244821392419 0.02847028068349253 0.02814576386741159 0.026922334031627054 0.025451317351446952 0.023540918491606708 0.02466745323136286 0.03225267312965007 0.0272839242843173 0.02804383881212281 0.027934090849532592 0.025406081878506626 0.026928299348327755 0.02687308252144773 -9999 0.03891380804583083 -9999 -9999 -9999 -9999 -9999 -9999 -9999 -9999 -9999 -9999 -9999 -9999 -9999 -9999 -9999 -9999 -9999 -9999 -9999 -9999 -9999 -9999 -9999 -9999
-9999 -9999 -9999 0.04166212848433428 0.0373238737608048 0.02938479089881405 0.02308026242772168 0.02313610000200935 0.02240003939049564 0.026462146865526604 0.02279446864100736 0.02320900847446236 0.023246553201070524 0.02282479536539349 0.023460373249516345 0.023571303802345768 0.02587781201998553 0.02585903284915057 0.03185910631852665 0.03068970172409075 0.029226207056768157 0.03137381824993096 0.028907826997014018 0.0283696826671619 0.027848604845543308 0.02547393711056715 0.02794597227114377 -9999 -9999 -9999 -9999 -9999 -9999 -9999 -9999 -9999 -9999 -9999 -9999 -9999 -9999 -9999 -9999 -9999 -9999 -9999 -9999 -9999 -9999 -9999 -9999 -9999
-9999 -9999 -9999 -9999 0.014044733261145756 0.02644235217074234 0.026481299050819303 0.02448583534825645 0.025917962970373288 0.029394121416694625 0.02426220504322386 0.02475878771302497 0.022955490138277072 0.02535749773809671 0.02418273887978341 0.0368361174944454 0.030659219960872487 0.028553618400739743 0.028919851118360918 0.028804347741708713 0.02988048190401332 0.03012029981278232 0.030343131497396567 0.029705137755100888 -9999 -9999 -9999 -9999 -9999 -9999 -9999 -9999 -9999 -9999 -9999 -9999 -9999 -9999 -9999 -9999 -9999 -9999 -9999 -9999 -9999 -9999 -9999 -9999 -9999 -9999 -9999 -9999
-9999 -9999 -9999 -9999 0.0287108970782324 0.025979476312588252 0.0331254865477364 0.024643188880457696 0.02987842915138793 0.025890421821188583 0.024183515483605398 0.02587990741751229 0.02480349441548065 0.02519789092958387 0.027243965862707976 0.02693541589304131 0.028808753482185805 0.02932806345241795 0.02875631451618222 0.029285795196290012 0.028439297551864143 0.028975524917944136 0.0287393973469723 0.02806936832113124 0.030915449956752824 -9999 -9999 -9999 -9999 -9999 -9999 -9999 -9999 -9999 -9999 -9999 -9999 -9999 -9999 -9999 -9999 -9999 -9999 -9999 -9999 -9999 -9999 -9999 -9999 -9999 -9999 -9999
