metrics/grid_rasters/CCI Combined/grideval_CCI Combined_all_absolute_ubrmsd.asc
ncols 52
nrows 55
xllcorner     11.25
yllcorner     55.25
cellsize      0.25
NODATA_value  -9999
[rows 0 to 27 of 55, columns 0 to 51 of 52]
-9999 -9999 -9999 -9999 -9999 -9999 -9999 -9999 -9999 -9999 -9999 -9999 -9999 -9999 -9999 -9999 -9999 -9999 -9999 -9999 -9999 -9999 -9999 -9999 -9999 -9999 -9999 -9999 -9999 -9999 -9999 -9999 -9999 -9999 -9999 -9999 0.05294996722937849 0.05513746222806397 0.06742485064448492 -9999 -9999 -9999 -9999 -9999 -9999 -9999 -9999 -9999 -9999 -9999 -9999 -9999
-9999 -9999 -9999 -9999 -9999 -9999 -9999 -9999 -9999 -9999 -9999 -9999 -9999 -9999 -9999 -9999 -9999 -9999 -9999 -9999 -9999 -9999 -9999 -9999 -9999 -9999 -9999 -9999 -9999 -9999 -9999 -9999 -9999 -9999 -9999 -9999 0.0523956577484308 0.053069433312345086 0.054807260718251365 0.04891351396802762 0.061327287851286875 0.06761271490144255 -9999 -9999 -9999 -9999 -9999 -9999 -9999 -9999 -9999 -9999
-9999 -9999 -9999 -9999 -9999 -9999 -9999 -9999 -9999 -9999 -9999 -9999 -9999 -9999 -9999 -9999 -9999 -9999 -9999 -9999 -9999 -9999 -9999 -9999 -9999 -9999 -9999 0.059711918680628064 0.05973457269322033 0.05529648547192687 0.054192226683247816 0.0666464822020069 0.06877527571522464 0.06672360469162554 -9999 0.0721906695754449 0.05734407099237651 0.051862938119512585 0.06397637083456341 0.06860664595095141 0.07184099011295196 0.07241008084209455 0.06872396691633903 0.06850015873848328 0.07241330663086816 0.07916483238688626 -9999 -9999 -9999 -9999 -9999 -9999
-9999 -9999 -9999 -9999 -9999 -9999 -9999 -9999 -9999 -9999 -9999 -9999 -9999 -9999 -9999 -9999 -9999 -9999 -9999 -9999 -9999 -9999 -9999 -9999 -9999 -9999 -9999 0.0580220121135893 0.061118634583492426 0.05077290626410787 0.05597697978548676 0.04921914414446121 0.05698225367813645 0.07339408168078336 0.0635406788084255 0.0667872309155913 0.06795047564400633 0.06799799122635977 0.06916573793059087 0.07376316955705074 0.0704347191717411 0.06994999585584624 0.0762418247663727 0.07719228368106079 0.08015322732181229 0.07728825318678423 0.0755254470640426 0.06133070771254261 -9999 -9999 -9999 -9999
-9999 -9999 -9999 -9999 -9999 -9999 -9999 -9999 -9999 -9999 -9999 -9999 -9999 -9999 -9999 -9999 -9999 -9999 -9999 -9999 -9999 -9999 0.07806936689574702 0.06046114688939036 0.0673206376628691 0.07049570910606187 0.06317052136872778 0.05472475140915342 0.04970724668147373 0.04769398804037255 0.04758943498651829 0.06130533817891076 0.062128664001094576 0.07284784751650182 0.07512916699008443 0.06992518421755065 0.06699154054366425 0.061541197210230464 0.059498893292524835 0.060212935693060826 0.0603313321915466 0.07149082772984376 0.08325590178689793 0.0718895723648163 0.0679894743257677 0.07000110235816817 0.06442494547975655 0.060024398976078024 0.05361288483314226 -9999 -9999 -9999
-9999 -9999 -9999 -9999 -9999 -9999 -9999 -9999 -9999 -9999 -9999 -9999 -9999 -9999 -9999 -9999 -9999 -9999 -9999 -9999 -9999 0.07647056754633648 0.07874777272293415 0.06080050904274047 0.05407465744123217 0.05637998653532696 0.06425876742426533 0.05631503056953298 0.05312484988684788 0.06137291436517873 0.07786907307608107 0.05785826785006271 0.07237801747370483 0.07557503599120079 0.07320656620816114 0.07088505272739773 0.06913625192429029 0.06659433645656711 0.05968516128104465 0.05855182185508316 0.0579592663160127 0.05954503489098219 0.06143056265877979 0.060654428457618786 0.0590898550317077 0.058130724682099025 0.056838599015067465 0.054121837823454234 0.0516857706459829 -9999 -9999 -9999
-9999 -9999 -9999 -9999 -9999 -9999 -9999 -9999 -9999 -9999 -9999 -9999 -9999 -9999 -9999 -9999 -9999 -9999 -9999 -9999 0.07677998378442326 0.0621680393634521 0.07996661562795793 0.05941004922073126 0.05749412819216605 0.0572236988943181 0.054898955313217625 0.05846618216625873 0.056256451869169416 0.06305248507268048 0.07062247592478661 0.07334817464612774 0.07841466328454902 0.08085485533258946 0.07600389506623052 0.06791129824042813 0.07075515484252971 0.06964443243192378 0.06717791672352573 0.05920565082530153 0.05483271142449615 0.052762688772522166 0.05349779426891713 0.054199564531496235 0.053743376163827884 0.05257124309237127 0.05312402537383798 0.05456007840903487 0.04950398191024247 0.04607427646127479 -9999 -9999
-9999 -9999 -9999 -9999 -9999 -9999 -9999 -9999 -9999 -9999 -9999 -9999 -9999 -9999 -9999 -9999 -9999 -9999 -9999 -9999 -9999 0.0820457648723956 0.06537927826668621 0.06025208195059351 0.05812210276640142 0.057667452546857165 0.057501160117887085 0.06314922220400995 0.08659431350700231 0.07749130495743052 0.06487193834914637 0.06686274734889912 0.05546534816345287 0.048866318776448515 0.060182573240984076 0.06967146320548015 0.06679761445826472 0.0642746105047082 0.060306339161137715 0.05630372378127665 0.05451334244461527 0.054851535722020416 0.05500161280329273 0.04851332535185485 0.05475522943053148 0.04983540050137703 0.052607761398198144 0.053116093458222484 0.045859709620577366 -9999 -9999 -9999
-9999 -9999 -9999 -9999 -9999 -9999 -9999 -9999 -9999 -9999 -9999 -9999 -9999 -9999 -9999 -9999 -9999 -9999 -9999 0.06979087963773989 0.06715885653783739 0.06749602343390554 0.07005509424331374 0.061733949668585066 0.05533062829488819 0.08838788752297261 0.07308698033963115 0.07086852034294043 0.06844274683434008 0.06279336755222721 0.05759323956873855 0.058562093003084965 0.058400554043327925 0.059292423242736265 0.059183676760335126 0.057702569180104385 0.05742829337167101 0.0614217628811181 0.056661457494523115 0.056437933184018664 0.05333541514958298 0.052323542986761014 0.04649835133666225 0.05083200547002628 0.051475563380967086 0.05331882014972178 0.044084864317481515 0.04582812815319195 0.049373692655316166 0.0467539002863208 0.04643715744936233 -9999
-9999 -9999 -9999 -9999 -9999 -9999 -9999 -9999 -9999 -9999 -9999 -9999 -9999 -9999 -9999 -9999 -9999 -9999 0.05576614119752483 0.06216640482142215 0.06525546231639151 0.0724926266747535 0.07521830855522169 0.07048938908460503 0.07428468943280027 0.07985184530863529 0.07939826667151997 0.08016990597563403 0.0744617518934098 0.05999056803168015 0.05791382608175075 0.054309680301696465 0.05357258792179498 0.059753868070194324 0.05377997662725683 0.052502743386261916 0.05414792313423865 0.05221108637172908 0.05387020014387379 0.05566835702017147 0.055020379157777806 0.05346324333168462 0.0436432185787562 0.04621826597403475 0.04834038231900376 0.05137297566720423 0.046080443252403916 0.04565801296679084 0.04706663656042536 0.050317164649072085 0.04943835058714247 -9999
-9999 -9999 -9999 -9999 -9999 -9999 -9999 -9999 -9999 -9999 -9999 -9999 -9999 -9999 -9999 -9999 -9999 0.05804647277532653 0.05554427028124187 0.06476309042685938 0.07413599880696539 0.06985590031083004 0.06706093811873289 0.06062729992947501 0.06644735594014738 0.06643501943623599 0.06633525597051429 0.06342856431568687 0.0642988209997539 0.06357373508835114 0.0633096037380267 0.05246249193358255 0.0522276220239304 0.052166450185405236 0.05090976234038403 0.05158980471680755 0.05284417531501854 0.05189739843015459 0.05359634367336921 0.05309106216240473 0.05382209290007142 0.05368540158712165 0.04834033073257865 0.05459146925971844 0.05546541022580385 0.057502937013964237 0.05549183557178313 0.05060302063181644 0.0492039763523231 0.051510260192428985 -9999 -9999
-9999 -9999 -9999 -9999 -9999 -9999 -9999 -9999 -9999 -9999 -9999 -9999 -9999 0.07519917801287386 0.07274806132501807 0.06273005050034783 0.06164158506991437 0.06425605179814446 0.048674582251582985 0.062295887860688674 0.05583569989081768 0.0732247854049448 0.07049346631767224 0.06212910919139961 0.05535164080566469 0.048394903684337486 0.046272814331778614 0.056375934855823026 0.06216731874733316 0.05919383703643416 0.055438207995641885 0.05812849777783032 0.05388929751088672 0.05347358307601922 0.05271432012936176 0.05075643121438533 0.05068882893895005 0.04912623832125368 0.04807931617540448 0.04856801050153976 0.04992896044400195 0.04640680447777719 0.04522836535197952 0.04625419872232588 0.04900940963835111 0.05249486343987416 0.05174295561011622 0.054716780133281684 0.052414670009990685 0.049344506401667286 0.04816723891273497 -9999
-9999 -9999 -9999 -9999 -9999 -9999 -9999 -9999 -9999 -9999 -9999 -9999 -9999 0.08574627012293234 0.07372448342116764 0.07500820194893493 0.07838630860506503 0.07649545480485387 0.08069869842231546 0.07757035797295728 0.0761009063358028 0.07169714630450864 0.0611567215007147 0.055364670054114835 0.04831383031636266 0.04678172189780958 0.033603065530740266 0.04887110458818693 0.045665546294645996 0.05208110354348687 0.048609107524242696 0.04834744981597909 0.04950603751296576 0.0516849022328365 0.05605206100355778 0.05145331250850892 0.05065124855347518 0.049576958122949884 0.0484431991321739 0.048089998497355686 0.047092837737477966 0.049116497510604484 0.049797239489026535 0.05321884923777801 0.052236436470242086 0.05243196093173897 0.0531879424705924 0.052449490748599566 0.05314647792727368 0.052453105723760066 0.05096252661613265 0.05102575592116778
-9999 -9999 -9999 -9999 -9999 -9999 -9999 -9999 -9999 -9999 -9999 -9999 -9999 0.08438847287928915 0.08937555640402396 0.08364737394014901 0.07240258500771096 0.0695210991454024 0.06783242502094154 0.06666588223598031 0.06259414393949622 0.06522164634324222 0.05442733466501155 0.049266525815396915 0.04904782808108806 0.04993540737186907 0.05180614478258799 -9999 0.03982411775006897 0.049830540311967084 0.04828573785577927 0.048023263315027626 0.047814280419432975 0.04885792485555136 0.04862613473863635 0.049651492583607015 0.0462922719879441 0.04464019215787049 0.04427102445176303 0.04777788875368773 0.046792339265729364 0.049520019388539664 0.05492190698259697 0.056442525353066576 -9999 -9999 -9999 -9999 -9999 -9999 -9999 -9999
-9999 -9999 -9999 -9999 -9999 -9999 -9999 -9999 -9999 -9999 -9999 -9999 -9999 0.08805761848286175 0.08262258497254918 0.06787888933269133 0.06975225165379742 0.06498215096313037 0.05869499536943151 0.05219479657573831 0.05290026137237129 0.04933948053037091 0.048392632318217485 0.05439655411544195 0.05146974530218125 0.05235757253238335 0.0530870792509705 0.05549584422238454 0.052099696561623055 0.052792291875196316 0.0507371223264513 0.04802465846850915 0.04712612910445869 0.04847103469948217 0.04788525247006452 0.04583928379864893 0.04535488068754824 0.04489638629500887 0.048042205904331385 0.049525909035171976 0.048399520366097834 -9999 -9999 -9999 -9999 -9999 -9999 -9999 -9999 -9999 -9999 -9999
-9999 -9999 -9999 -9999 -9999 -9999 -9999 -9999 -9999 -9999 -9999 -9999 0.08480736166557608 0.0889291827633605 0.07863273222870433 0.06067613411997379 0.07982884911780598 0.06427721336874252 0.06108258831072042 0.05286526740782433 0.05214842855691932 0.05079169243791391 0.042233851430151466 0.046631942506791306 0.0505122538515883 0.04755753626218474 0.046774468082825774 0.04748468765603018 0.04500016963275925 0.04530506842792297 0.04616309447345303 0.047788295771371066 0.04668892929503412 0.04640680283678103 0.044799264839274884 0.04451857348242303 0.04568020708624652 0.047302464453130515 0.04843211914491387 0.047384658724763225 0.04713975858427509 -9999 -9999 -9999 -9999 -9999 -9999 -9999 -9999 -9999 -9999 -9999
-9999 -9999 -9999 -9999 -9999 -9999 -9999 -9999 -9999 -9999 -9999 0.08743211272902231 0.07630855210940232 0.08517385107926202 0.08088269593172016 0.08149525551208035 0.07235283061016541 0.06518352367291863 0.05241646014055914 0.05336474110077247 0.052712730804228315 0.05135164020241907 0.05022996213843549 0.046798467744962984 0.049349339624896287 0.04663907600577944 0.043507717685408696 0.045941655355603815 0.0477748370367438 0.04260883398926538 0.0439347906320357 0.047460280639961966 0.04522426923148837 0.04429730106800877 0.04497501525716148 0.04829432232974157 0.04756006401359458 0.046111085285838085 0.04521897303514456 0.04792425998189948 -9999 -9999 -9999 -9999 -9999 -9999 -9999 -9999 -9999 -9999 -9999 -9999
-9999 -9999 -9999 -9999 -9999 -9999 -9999 -9999 -9999 -9999 0.06729794374661341 0.07714609785603338 0.08750587650020214 0.08696904180598035 0.07652500139414416 0.06917617787305311 0.056877295300226616 0.055073736270093765 0.051605843114892136 0.04767543662244228 0.0460212832126226 0.051245560834281036 0.04518699489752312 0.043469153268834285 0.04400532231585064 0.04445325488137008 0.0433189325424677 0.04413440310280314 0.044011475101069376 0.04572217530669168 0.047039769873469896 0.04535342030470255 0.04342739795085356 0.04333143054443827 0.04395631403296666 0.04618316426890392 0.04722512291865015 0.043817875673615114 0.04283113197647016 -9999 -9999 -9999 -9999 -9999 -9999 -9999 -9999 -9999 -9999 -9999 -9999 -9999
-9999 -9999 -9999 -9999 -9999 -9999 -9999 -9999 -9999 -9999 -9999 -9999 0.06549535679897417 0.05848386347172234 0.05537358399541109 0.05088733953198124 0.052694024577566716 0.05175362022886036 0.04926200457305733 0.047609186938889984 0.051157016489909314 0.0484997276534142 0.045360270986600025 0.045061888402764295 0.04543513565026365 0.04314226484729755 0.04478438684965928 0.043848566858772565 0.04920426698529177 0.04876498118383836 0.04810140054613312 0.044463538172776776 0.04444123569640263 0.04396649107994418 0.04495642374195637 0.04479636952245772 0.04512433770096638 0.04310226369983594 0.042030187043982495 0.044708434560175835 -9999 -9999 -9999 -9999 -9999 -9999 -9999 -9999 -9999 -9999 -9999 -9999
-9999 -9999 -9999 -9999 -9999 -9999 -9999 -9999 -9999 -9999 -9999 0.06675103716703287 0.0647598197427195 0.060532593823929365 0.05874298663617135 0.049862071068400134 0.04960093698463299 0.050962556981931084 0.050935342056631 0.05024634964951551 0.04825430790944377 0.05328389775030978 0.05334806072459117 0.04847615867810714 0.048847191740627766 0.048277575128436764 0.04660629732285164 0.04344020219963378 0.044024256958178055 0.04537769778061013 0.046995317393895085 0.0468248864867616 0.045300151033694634 0.045577011839774084 0.045820914799276816 0.04329166328894921 0.043084928958427963 0.04355013307387826 0.041938800351237086 -9999 -9999 -9999 -9999 -9999 -9999 -9999 -9999 -9999 -9999 -9999 -9999 -9999
-9999 -9999 -9999 -9999 -9999 0.07055382722654235 0.06628910142424924 0.06239222235774266 0.06774077999807789 0.06982421611772559 0.06452358477886681 0.05801154190155727 0.05424648624254975 0.05397158563424005 0.05497678758151385 0.05267480291806344 0.052402880969600586 0.05170153294824654 0.051976147759437236 0.051122037359040126 0.05013527213094406 0.051261169716926284 0.053671813731287835 0.059090142691540476 0.05043232033146526 0.04908739580171564 0.048307041139705784 0.047800042196269266 0.048376948978874686 0.04839460906974313 0.047708723222117416 0.05074274539437728 0.04714548262194775 0.046759618217684346 0.04587656452488766 0.0460697970293284 0.04268342469201754 0.039736374441729116 -9999 -9999 -9999 -9999 -9999 -9999 -9999 -9999 -9999 -9999 -9999 -9999 -9999 -9999
-9999 -9999 -9999 -9999 0.05061936289191788 0.05506439811497769 0.05051460452995326 0.04283276055351001 0.05420559511957728 0.06527260568449532 0.05510660433510463 0.05607213638967768 0.051293383693199565 0.053412596414153926 0.05079838561979241 0.05652537249778883 0.052242731091942336 0.0491549102511181 0.04867907121734478 0.050020957754329326 0.05104721000981035 0.051910104417220285 0.04901732026473549 0.05297267062086715 0.052616563335978896 0.05143444016822801 0.053205766525853335 0.051253682953606376 0.05028006616910869 0.04947553166378103 0.046941510776471504 0.04632535472411752 0.04662293049603343 0.0421113504198983 0.04689231314261998 -9999 -9999 -9999 -9999 -9999 -9999 -9999 -9999 -9999 -9999 -9999 -9999 -9999 -9999 -9999 -9999 -9999
-9999 -9999 -9999 0.06171389777513265 0.06567152039493529 0.04193170424649665 0.05269138607885387 0.049823770701166725 0.04885054870458177 0.06205705543551389 0.055468839002039964 0.058225067947810766 0.04908830433757652 0.0514465962236887 0.056766052327737085 0.05310911478753619 0.04764601318524357 0.04852288932972548 0.048821675019814194 0.050702505572573255 0.05261862701828735 0.05402228965197842 0.052222185283974216 0.05241614405050227 0.0507067095663221 0.04908698957761277 0.04925855259969228 0.04759376474697714 0.047364726416708684 0.04728141515265934 0.04439730142802464 -9999 -9999 -9999 -9999 -9999 -9999 -9999 -9999 -9999 -9999 -9999 -9999 -9999 -9999 -9999 -9999 -9999 -9999 -9999 -9999 -9999
-9999 -9999 -9999 0.07711739526914059 0.08231113494148863 0.052017476032658286 0.06583270852719744 0.055178825260773064 0.045879371609483535 0.049596726988491394 0.05517831804147275 0.03978776559656397 0.03176799984008217 0.05154585428849746 0.05251910240760504 0.05197435273329104 0.04914420400453502 0.048561831676166636 0.04825720066421355 0.05518152218149863 0.05419004039436542 0.052899557954949945 0.05056784134643809 0.051923894524432385 0.05019564281211072 0.04933932971779777 0.0479792780868842 0.04629086521615649 0.0432181204393944 -9999 -9999 -9999 -9999 -9999 -9999 -9999 -9999 -9999 -9999 -9999 -9999 -9999 -9999 -9999 -9999 -9999 -9999 -9999 -9999 -9999 -9999 -9999
-9999 -9999 -9999 0.06591754449069942 0.0596217307150701 0.0606453557041786 0.05679780728377624 0.052443025360145806 0.05130077593853402 0.052227396962705536 0.04889508398439498 0.053599794230963616 0.04550816050204906 0.05428925528136161 0.05112067215308217 0.04600084332810878 0.048469512876677376 0.049813613549180034 0.05150580883256505 0.0565640879574011 0.05203368964783208 0.05164423089736834 0.050612755457056506 0.049805931963423006 0.05025038623925398 0.048490405048706414 -9999 0.05441297852383498 -9999 -9999 -9999 -9999 -9999 -9999 -9999 -9999 -9999 -9999 -9999 -9999 -9999 -9999 -9999 -9999 -9999 -9999 -9999 -9999 -9999 -9999 -9999 -9999
-9999 -9999 -9999 0.0744719718854471 0.06884650429218311 0.06582506802193043 0.05700251364520845 0.0590564247417786 0.052521385767806586 0.06133388152444191 0.05208996682876108 0.04968620644982321 0.050162743247838516 0.04885203905537038 0.049447609834662905 0.0494888789943967 0.0519209410565003 0.050216347487518034 0.058744647444106776 0.057806602178914326 0.0523616041972661 0.05344922465347751 0.05117208088083044 0.058255439023782635 0.05683289362906691 0.053559704331857916 0.050481478420935824 -9999 -9999 -9999 -9999 -9999 -9999 -9999 -9999 -9999 -9999 -9999 -9999 -9999 -9999 -9999 -9999 -9999 -9999 -9999 -9999 -9999 -9999 -9999 -9999 -9999
-9999 -9999 -9999 -9999 0.06540615876393636 0.05059549230400594 0.058192863435984336 0.05439839886694012 0.053033814011628135 0.060477468539596665 0.05104033910651888 0.04908890310372355 0.050118648724611865 0.04998547690076721 0.047154263696334985 0.04764893594629765 0.05033715563976392 0.04938304616277508 0.04940787457183109 0.04936880768572402 0.05225249790960524 0.04989924193519447 0.052915953390111806 0.056304491362165476 -9999 -9999 -9999 -9999 -9999 -9999 -9999 -9999 -9999 -9999 -9999 -9999 -9999 -9999 -9999 -9999 -9999 -9999 -9999 -9999 -9999 -9999 -9999 -9999 -9999 -9999 -9999 -9999
-9999 -9999 -9999 -9999 0.06504126390662099 0.058545442683045824 0.06510323800279176 0.053724422989699115 0.0573033799157778 0.05250651878455917 0.051687652917827995 0.05222616658211564 0.048765970475496974 0.04901523764023365 0.0516617396181011 0.04632702526030814 0.046812219203289616 0.04659757314221229 0.047898918120592014 0.048736335531474766 0.04967812580484305 0.049476181777432175 0.04651802681556685 0.046388652499428536 0.050644157533486917 -9999 -9999 -9999 -9999 -9999 -9999 -9999 -9999 -9999 -9999 -9999 -9999 -9999 -9999 -9999 -9999 -9999 -9999 -9999 -9999 -9999 -9999 -9999 -9999 -9999 -9999 -9999
