metrics/grid_rasters/CCI Combined/grideval_CCI Combined_X_summer_2015_absolute_bias.asc
ncols 52
nrows 55
xllcorner     11.25
yllcorner     55.25
cellsize      0.25
NODATA_value  -9999
[rows 0 to 27 of 55, columns 0 to 51 of 52]
-9999 -9999 -9999 -9999 -9999 -9999 -9999 -9999 -9999 -9999 -9999 -9999 -9999 -9999 -9999 -9999 -9999 -9999 -9999 -9999 -9999 -9999 -9999 -9999 -9999 -9999 -9999 -9999 -9999 -9999 -9999 -9999 -9999 -9999 -9999 -9999 0.17227492460182736 0.12894569465092248 0.05941114970195437 -9999 -9999 -9999 -9999 -9999 -9999 -9999 -9999 -9999 -9999 -9999 -9999 -9999
-9999 -9999 -9999 -9999 -9999 -9999 -9999 -9999 -9999 -9999 -9999 -9999 -9999 -9999 -9999 -9999 -9999 -9999 -9999 -9999 -9999 -9999 -9999 -9999 -9999 -9999 -9999 -9999 -9999 -9999 -9999 -9999 -9999 -9999 -9999 -9999 0.18555998575428256 0.13964713099359094 0.13600747947665776 0.1075157160344331 0.026893074745717255 -0.00715242034715155 -9999 -9999 -9999 -9999 -9999 -9999 -9999 -9999 -9999 -9999
-9999 -9999 -9999 -9999 -9999 -9999 -9999 -9999 -9999 -9999 -9999 -9999 -9999 -9999 -9999 -9999 -9999 -9999 -9999 -9999 -9999 -9999 -9999 -9999 -9999 -9999 -9999 0.17563275392375774 0.14385970425792038 0.05100213177502155 0.06483024065241673 0.10233734746774037 0.0796022533209293 0.06772201005369427 -9999 0.05432247500056808 0.10366835218408832 0.1043415113311747 0.00965479971921962 -0.01552609581014383 -0.02585353556534517 -0.023910749379707413 -0.02963137626647949 -0.02477600571254027 -0.0316367879833864 -0.03970401442569235 -9999 -9999 -9999 -9999 -9999 -9999
-9999 -9999 -9999 -9999 -9999 -9999 -9999 -9999 -9999 -9999 -9999 -9999 -9999 -9999 -9999 -9999 -9999 -9999 -9999 -9999 -9999 -9999 -9999 -9999 -9999 -9999 -9999 0.2444828472593251 0.24534539074178724 0.19909813855924915 0.20856422036886213 0.19963258504867554 0.12894085009355805 0.02658662306410925 0.014320386654656847 -0.0025325360829415444 -0.011991734090058688 -0.02069484005155769 -0.024609793463478916 -0.022056932520607253 -0.025201871667219242 -0.023848764112462173 -0.02277835782455362 -0.020955470593079284 -0.029114637847827838 -0.023622032578872604 -0.018501333244468843 -0.0394762916409451 -9999 -9999 -9999 -9999
-9999 -9999 -9999 -9999 -9999 -9999 -9999 -9999 -9999 -9999 -9999 -9999 -9999 -9999 -9999 -9999 -9999 -9999 -9999 -9999 -9999 -9999 0.20166085450582102 0.19716284029624045 0.2021371012748177 0.17753091110632968 0.23694410139606115 0.223348774370693 0.2037246639529864 0.19489047892632025 0.1862554547878412 0.1429080128261488 0.12414180142123525 0.023490322348864168 -0.007184129370295472 -0.021331355299638668 -0.013750166834696487 -0.006060903001090745 -0.009652591593887485 -0.0054808370769023895 -0.007930439289497299 -0.0200027374793654 -0.02060861091898836 -0.00605734696854715 -0.006617690396049758 -0.01551744843954625 -0.0059316347798575595 -0.00310007660933162 -0.01509908198014551 -9999 -9999 -9999
-9999 -9999 -9999 -9999 -9999 -9999 -9999 -9999 -9999 -9999 -9999 -9999 -9999 -9999 -9999 -9999 -9999 -9999 -9999 -9999 -9999 0.20100624481243876 0.2004718506022504 0.18924260094310294 0.15770722519267688 0.1559685399134954 0.17088376979033154 0.17772714296976727 0.20450860831667395 0.1751760238245742 0.1410107753674189 0.1137357664108276 0.06688451226595993 -0.0013821457067261511 -0.023199446337378558 -0.023419858806807053 -0.022432978062526032 -0.021399007381304458 -0.011777563911417266 -0.007931701838970184 -0.0048456966229107066 -0.0026934388215127114 -0.003917273781869735 -0.005900676483693329 -0.007689368951579789 -0.011018180976743286 -0.010114465880653123 -0.009171593124451843 -0.012528083408656326 -9999 -9999 -9999
-9999 -9999 -9999 -9999 -9999 -9999 -9999 -9999 -9999 -9999 -9999 -9999 -9999 -9999 -9999 -9999 -9999 -9999 -9999 -9999 0.21296075475749687 0.18661721854928945 0.20975549921156866 0.20038244660411564 0.22502028137918498 0.2089153081178665 0.2142911600688147 0.20021987969384475 0.15117917665176922 0.12599260722979522 0.0894278355791599 0.021175350507964263 -0.0013517601334530338 -0.016489062134338456 -0.02459012765599333 -0.02028313522105632 -0.024903939470000885 -0.021644944568043167 -0.02120880426272101 -0.012446083776328887 -0.007306117078532348 -0.003897389639978821 -0.007538754492998123 -0.009654798261497344 -0.0078111563039862655 -0.009661252569893142 -0.013633148339779494 -0.01887706877744716 -0.01646834125985269 -0.010861326656911694 -9999 -9999
-9999 -9999 -9999 -9999 -9999 -9999 -9999 -9999 -9999 -9999 -9999 -9999 -9999 -9999 -9999 -9999 -9999 -9999 -9999 -9999 -9999 0.23949423858097624 0.2258265033364296 0.21712063614166144 0.21257754166920975 0.20370986531762514 0.18909503748783696 0.1455483558666275 0.07006748932249407 0.053418269787711636 0.10625676940316743 0.023303585693888015 0.012499033594908948 0.004763696429341324 -0.0041910000145435325 -0.007464659440776566 -0.00769762435685034 -0.009196994583243913 -0.012486944380013826 -0.008137240358020936 -0.007446590163137591 -0.00846826949197313 -0.012862218138964291 -0.010004903959191376 -0.014051137735014374 -0.011486570796240936 -0.014458589255809784 -0.020105527794879424 -0.02070557131715442 -9999 -9999 -9999
-9999 -9999 -9999 -9999 -9999 -9999 -9999 -9999 -9999 -9999 -9999 -9999 -9999 -9999 -9999 -9999 -9999 -9999 -9999 0.1676071456500462 0.1689602718466804 0.17028591107754482 0.1600128449499607 0.1694079451262951 0.13383077325359466 0.048199368462170655 0.04169344233396727 0.043341067159312914 0.03421542178029602 0.016896836135698427 0.00725054562739702 -0.000436271014420897 -0.002895228726708388 -0.008823834186376528 -0.00874966221011203 -0.007977176943550934 -0.007465454547301575 -0.011496507441220077 -0.01529676159438881 -0.01426267526719882 -0.010379131397475372 -0.01025615227611168 -0.005256802329550614 -0.014800438090510987 -0.018215003058962204 -0.01851432835278305 -0.008096949561782502 -0.010054199915865205 -0.015553878701251496 -0.024342018139103198 -0.01569835517717444 -9999
-9999 -9999 -9999 -9999 -9999 -9999 -9999 -9999 -9999 -9999 -9999 -9999 -9999 -9999 -9999 -9999 -9999 -9999 0.18493123125221766 0.16322678671433374 0.16098268943674424 0.15205814254780609 0.057265529409050935 0.011137486450255862 0.0366203374700782 0.029012258613810793 0.01960873231291771 0.009992543946612977 -0.0054700419954631365 -0.0019710433076728373 0.0011561195487561624 0.0013636585486971884 0.0028377424763596504 -0.0017403485470040005 -0.0046775656873765115 -0.006388590225706925 -0.009641842835623277 -0.009870773748211242 -0.015793951309245574 -0.01647009425189183 -0.018097386573967728 -0.02113763259156889 -0.02029133404510608 -0.006442592195842589 -0.005001889784698898 -0.015351282837598209 -0.0063676589533038785 -0.007701728654944366 -0.015745957260546478 -0.01805383987400844 -0.014643472497877869 -9999
-9999 -9999 -9999 -9999 -9999 -9999 -9999 -9999 -9999 -9999 -9999 -9999 -9999 -9999 -9999 -9999 -9999 0.19074718306461969 0.18903345838189126 0.11605897111197312 0.04886590602335994 0.0504904675942201 0.028097533985324552 0.013053142344174151 0.004633000039536039 -0.004022929979407286 -0.003953822766957049 0.0014124017046845405 -0.0022211118560770404 -0.003239786171394865 -0.002035371797240282 -0.005226632337207382 -0.003505325025838335 -0.008554699628249451 -0.010221436781727766 -0.012100865011629852 -0.00931102474746498 -0.0053679776333627185 -0.011555243931386794 -0.016753282883892884 -0.01914798435957535 -0.021026033260252156 -0.018926399557486817 -0.02308008074760437 -0.019228923417951738 -0.01373751574884291 -0.007827491539975863 -0.006439360911431519 -0.011209734270106186 -0.01804893820182138 -9999 -9999
-9999 -9999 -9999 -9999 -9999 -9999 -9999 -9999 -9999 -9999 -9999 -9999 -9999 0.17131013633349002 0.16506031638299914 0.1632701350109918 0.1625341444331057 0.16924846777017566 0.1913571398366581 0.1575689398144421 0.1486276065010622 0.06898266951675003 0.019553940095331342 -0.009260763454696395 -0.008138317290855512 -0.0025066425618918147 -0.017774325997933105 -0.00717299253396364 -0.015004857888688215 -0.006972253160632186 -0.0007385582379672573 -0.004099645854338363 -0.003952901810407639 -0.00924930429976917 -0.010040373257968749 -0.011409777176121015 -0.014465459986873291 -0.014276434869869903 -0.011320565543744887 -0.015152821398299682 -0.01680059115523877 -0.016046210475589906 -0.01462532255960547 -0.01842405420282614 -0.020235947778691418 -0.016611750683058868 -0.010104526968105987 -0.011470513175363128 -0.009326338120128784 -0.00599967267202295 0.00242832659379294 -9999
-9999 -9999 -9999 -9999 -9999 -9999 -9999 -9999 -9999 -9999 -9999 -9999 -9999 0.19155073185245716 0.15862052200676555 0.10170908630648744 0.053979822540584976 0.07269174783774046 0.08682349356620206 0.12342758492931075 0.035708455921529436 0.018624333421821185 -0.0024815250274746736 -0.004283682807632139 -0.011017360185322013 -0.006969202633785143 -0.020241268303083343 -0.00729902736518695 -0.0114832045915334 -0.007831664836924991 -0.002649985415780043 0.0006616758587567606 -0.0004695712224296877 -0.004293848962887481 -0.008618609898764146 -0.010479440993588912 -0.013374421583569579 -0.016708381150079804 -0.0194874745996102 -0.01913082794002865 -0.0163497459953246 -0.018982662292926198 -0.02050295164403709 -0.03018812495081322 -0.0329066701233387 -0.028548931460017742 -0.02836592414456865 -0.022563826778660645 -0.022859269186206482 -0.019962043379959854 -0.016730811122966843 0.03425153523035673
-9999 -9999 -9999 -9999 -9999 -9999 -9999 -9999 -9999 -9999 -9999 -9999 -9999 0.1772651991673878 0.08748820197323093 0.06825141268579854 0.04617822980103287 0.029586277902126312 0.02919431468066963 0.026345058303812285 0.007904836826998274 0.004940913423247984 -0.0066543548651363795 -0.0023202743867169477 -0.005011387007391954 -0.007347946581633179 -0.00888204007692961 -9999 -0.013744051365748687 -0.00853980494582135 -0.008305583959040408 -0.00794089229210565 -0.005321012728888075 -0.00527251981522725 -0.01001442936451538 -0.016844851329274796 -0.01757691395671471 -0.013721300855926849 -0.012673291013292648 -0.016964236031407898 -0.01921695875732796 -0.025901173929805343 -0.03713453933596611 -0.048223705557377455 -9999 -9999 -9999 -9999 -9999 -9999 -9999 -9999
-9999 -9999 -9999 -9999 -9999 -9999 -9999 -9999 -9999 -9999 -9999 -9999 -9999 0.09188446875880746 0.06569803408954455 0.03649453154724575 0.016139406296941994 0.018515600782373687 0.010129150003194807 0.01540064341996028 0.005148586371670594 -0.0096656244410121 -0.0169420487457706 -0.02031695356835489 -0.01781378767412642 -0.010636747045361468 -0.00894333179230275 -0.010066761038242222 -0.008861953311640275 -0.007932753828556627 -0.0095057084184626 -0.010141728364902984 -0.009809030786804536 -0.014083878987509263 -0.015218164285887847 -0.015498115478650374 -0.0180560650061006 -0.02239001040225444 -0.02369420813477557 -0.02263592037817705 -0.017405538413769156 -9999 -9999 -9999 -9999 -9999 -9999 -9999 -9999 -9999 -9999 -9999
-9999 -9999 -9999 -9999 -9999 -9999 -9999 -9999 -9999 -9999 -9999 -9999 0.18905693621604475 0.09958488843109037 0.06310066599634627 0.029861098527908306 0.03802297150959138 0.02166661620140076 0.015974338125923415 0.003853267301683838 -0.006863479219053115 -0.008095385749702866 0.0017262504476567853 -0.012697500217220048 -0.015310148829999174 -0.011612516544435349 -0.014520917411731643 -0.013094601099905763 -0.011445038182579942 -0.007270198477351164 -0.006913910741391416 -0.009752149815144743 -0.0058610110503176105 -0.011136487450288696 -0.014259352308252591 -0.017804121193678496 -0.0191369320711364 -0.020137925834759433 -0.021442831210468142 -0.019117738565673004 -0.026348027198211003 -9999 -9999 -9999 -9999 -9999 -9999 -9999 -9999 -9999 -9999 -9999
-9999 -9999 -9999 -9999 -9999 -9999 -9999 -9999 -9999 -9999 -9999 0.05582479306732313 0.08565792261836043 0.10447071420859144 0.10478038248721132 0.0407529154225536 0.020367565038411528 0.0019210343775541985 0.002923183143138885 -0.008744324031083467 -0.013709403574466705 -0.01752732256832329 -0.020701080398715068 -0.019735687776752137 -0.014053836464881895 -0.016924491719059326 -0.0071712976888469995 -0.005303141377542342 -0.0044910016915072635 -0.003042323433834565 -0.005884906196075929 -0.013130627086629043 -0.011821921914815904 -0.01374510610881058 -0.010986237422279692 -0.017751750738724426 -0.023262576240560277 -0.02600736413960872 -0.0294962078332901 -0.040275610983371735 -9999 -9999 -9999 -9999 -9999 -9999 -9999 -9999 -9999 -9999 -9999 -9999
-9999 -9999 -9999 -9999 -9999 -9999 -9999 -9999 -9999 -9999 0.01533932740921562 0.02241092110457626 0.02135706514767977 0.028269665396731813 0.021583446018073882 0.01076595307044359 0.006045280591301272 -0.004439895405717542 -0.018893882146348132 -0.017703807710305497 -0.00781340249206708 -0.008415808496267912 -0.013239077575828706 -0.01807661208769548 -0.020631794534299697 -0.02308305320532425 -0.01846249887476797 -0.013553379346495087 -0.005248714724312653 -0.003045148661603103 -0.003356771624606597 -0.007368151422428055 -0.010100508999565385 -0.013562476991311356 -0.016437615551378404 -0.023063471621793258 -0.028562045939590608 -0.02771476753379987 -0.02267474859305049 -9999 -9999 -9999 -9999 -9999 -9999 -9999 -9999 -9999 -9999 -9999 -9999 -9999
-9999 -9999 -9999 -9999 -9999 -9999 -9999 -9999 -9999 -9999 -9999 -9999 0.0751025237970882 0.005664093671618298 0.003506241771190077 -0.0031596367125925613 -0.011261117361162032 -0.017503963540429657 -0.022114083656798237 -0.020047910025586257 -0.02177536908699118 -0.01924788563147836 -0.01779807439964751 -0.016344795084517943 -0.019001485860866058 -0.019535471725723008 -0.02138965593084044 -0.018208698572024062 -0.016124427318572998 -0.015418688888135162 -0.009968377001907502 -0.00867814262923988 -0.011859156515287322 -0.015008471420277725 -0.01924593568496083 -0.02443105176739072 -0.027261432908151476 -0.030458614068186805 -0.02316015067955721 -0.0517570551322854 -9999 -9999 -9999 -9999 -9999 -9999 -9999 -9999 -9999 -9999 -9999 -9999
-9999 -9999 -9999 -9999 -9999 -9999 -9999 -9999 -9999 -9999 -9999 0.05891178580729856 0.011400164415438951 0.018495728353877642 -0.022082065291042563 -0.013238923543173324 -0.01163539128459018 -0.016859904741463455 -0.017245055216809968 -0.014887966215610502 -0.014713625383117934 -0.02064993021928746 -0.02490707762215449 -0.01799000086991684 -0.01268849748632181 -0.013420884861894272 -0.018077753808187408 -0.009254355307506484 -0.009294686110123351 -0.0162295274760412 -0.01881029521641525 -0.01678718448333119 -0.019079387511896057 -0.019618222246999332 -0.020116227314524032 -0.02118263571806575 -0.017761016669480684 -0.03020930452191312 -0.03503980892507927 -9999 -9999 -9999 -9999 -9999 -9999 -9999 -9999 -9999 -9999 -9999 -9999 -9999
-9999 -9999 -9999 -9999 -9999 0.08129902184009552 0.009421137040076022 0.04698717788509699 0.08310224787450171 0.09795725167445513 0.07577067597404769 -0.008847289759179809 0.00015690309159893667 -0.010140451076238037 -0.01483120380536371 -0.015328986003347063 -0.014577088065636457 -0.011065566183432296 -0.012922381415315293 -0.013383354991674423 -0.013648372143507006 -0.017929541190033368 -0.01968328444206197 -0.021542968795351364 -0.023640562334786286 -0.02439349468635477 -0.02322312363463899 -0.017126539479131286 -0.012097291162480484 -0.012822985325170594 -0.013471641618272523 -0.021680299030697875 -0.02323586931047233 -0.023381466936805984 -0.024073104333618426 -0.019068034608726917 -0.016932093902774475 -0.01676441680478014 -9999 -9999 -9999 -9999 -9999 -9999 -9999 -9999 -9999 -9999 -9999 -9999 -9999 -9999
-9999 -9999 -9999 -9999 0.04481416812230799 0.08316038872884668 0.08069573844904487 -0.005560632957064604 -0.0012454969245334069 -0.006646615007649293 -0.014526496924783859 -0.01868562594704007 -0.011646659801835602 -0.011214530662350036 -0.014068221430415695 -0.013498449941044266 -0.007874432465304504 -0.013784114109433226 -0.01776051456513611 -0.017717141496098567 -0.018378700575102932 -0.019943604812673904 -0.013336747884750366 -0.01798840498794679 -0.02133732451044995 -0.019391614943742752 -0.0144823187071344 -0.010974371886771668 -0.012484512575294648 -0.01742438259332077 -0.018481461088294567 -0.02432009820704875 -0.029793361120897782 -0.023744372493129662 -0.015379840677434753 -9999 -9999 -9999 -9999 -9999 -9999 -9999 -9999 -9999 -9999 -9999 -9999 -9999 -9999 -9999 -9999 -9999
-9999 -9999 -9999 0.11809177972052408 0.04236410153300868 -0.017891760576855043 0.09839753874323587 -0.002903044871661986 -0.008286197548327212 -0.0037537388827489923 -0.005135551418947115 0.0025479251688176885 -0.00018773341308470082 -0.007246474047069963 -0.007970972391574266 -0.010302342150522307 -0.009233571750962205 -0.013175353893767228 -0.020166655759448596 -0.023866621048554137 -0.024658150646997532 -0.022010018644125582 -0.012224934185328691 -0.019763334127871873 -0.028880350291728973 -0.028806871856036392 -0.0258825510416342 -0.023388084834036618 -0.021305218986842955 -0.02492934060485466 -0.03148725321111473 -9999 -9999 -9999 -9999 -9999 -9999 -9999 -9999 -9999 -9999 -9999 -9999 -9999 -9999 -9999 -9999 -9999 -9999 -9999 -9999 -9999
-9999 -9999 -9999 0.13869309769226956 0.14487416581674056 0.09133635995828587 0.0570491839038289 0.06298323672102846 0.0736003691678519 0.006280902814079114 -0.012784199564011556 -0.011858912287177614 -0.011409395507403776 -0.009189843148975585 -0.01596274415215293 -0.00553260678118403 -0.007416463254586503 -0.007910027452137147 -0.009739360083704407 -0.008881563832471656 -0.013925901808581498 -0.022241089169097974 -0.01721113029381502 -0.015435619846634246 -0.01637775693898616 -0.01941317692399025 -0.028210980412752745 -0.033583369915900024 -0.03751241575394357 -9999 -9999 -9999 -9999 -9999 -9999 -9999 -9999 -9999 -9999 -9999 -9999 -9999 -9999 -9999 -9999 -9999 -9999 -9999 -9999 -9999 -9999 -9999
-9999 -9999 -9999 0.13399914117610973 0.12796409329870245 0.12861009461156436 0.09234766531121602 0.03430693653913647 0.02774127220714484 0.012417430078590308 -0.005361897084448064 -0.005391216112507703 0.002573659474199464 0.001692648728688545 -0.005924556818273336 -0.006165971650796798 -0.009340302315023195 -0.01331667995059882 -0.016570335626602182 -0.011186198710085277 -0.01880399348295253 -0.021251584362724563 -0.028509848065428695 -0.036791175279928284 -0.0365334444719812 -0.03602035116890204 -9999 -0.06788006651660669 -9999 -9999 -9999 -9999 -9999 -9999 -9999 -9999 -9999 -9999 -9999 -9999 -9999 -9999 -9999 -9999 -9999 -9999 -9999 -9999 -9999 -9999 -9999 -9999
-9999 -9999 -9999 0.12245642418941755 0.12041964365000075 0.12292528922086232 0.1198718351322216 0.1193557817202348 0.07040293349160087 -0.009140164487891731 -0.007262713710466996 -0.0032767154527514326 0.004054970788152036 0.0013924076985777356 -0.010505313509040382 -0.013806322399450788 -0.017675727605819702 -0.019591368734836582 -0.0238459042376942 -0.0192941515655308 -0.013735884096887365 -0.020314945951922903 -0.027227953886208328 -0.029885341939718837 -0.02705873581378357 -0.033814052524773965 -0.03863017588526338 -9999 -9999 -9999 -9999 -9999 -9999 -9999 -9999 -9999 -9999 -9999 -9999 -9999 -9999 -9999 -9999 -9999 -9999 -9999 -9999 -9999 -9999 -9999 -9999 -9999
-9999 -9999 -9999 -9999 0.08399513959884641 0.0018688839342859145 -0.0019808473822834904 -0.0030353642172283872 -0.005020022557841397 -0.00849487533171972 -0.009285769100939312 -0.013490595751338541 -0.015650588809774157 -0.01591157578350455 -0.00776435062289238 -0.002364696934819221 -0.01293819690688272 -0.020915669699509948 -0.023690382805135524 -0.023093257347742733 -0.024670019083552902 -0.025148091108902648 -0.02234511896149144 -0.020453880014626863 -9999 -9999 -9999 -9999 -9999 -9999 -9999 -9999 -9999 -9999 -9999 -9999 -9999 -9999 -9999 -9999 -9999 -9999 -9999 -9999 -9999 -9999 -9999 -9999 -9999 -9999 -9999 -9999
-9999 -9999 -9999 -9999 0.11104169487953186 0.029001311472292682 -0.00656313959802135 -0.01012407557831868 -0.01065655549367267 -0.008173122164908397 -0.006515624985266255 -0.0013659613000022164 -0.008730955421924591 -0.015378719026392153 -0.014340332793918525 -0.0062352087010036925 -0.010826171783918759 -0.01496463384893204 -0.013879224492443942 -0.017839217020405668 -0.02018981133953909 -0.02284071448704469 -0.01928839800150497 -0.024667451053522943 -0.03048162748304645 -9999 -9999 -9999 -9999 -9999 -9999 -9999 -9999 -9999 -9999 -9999 -9999 -9999 -9999 -9999 -9999 -9999 -9999 -9999 -9999 -9999 -9999 -9999 -9999 -9999 -9999 -9999
