metrics/grid_rasters/CCI Combined/grideval_CCI Combined_S_summer_absolute_bias.asc
ncols 52
nrows 55
xllcorner     11.25
yllcorner     55.25
cellsize      0.25
NODATA_value  -9999
[rows 0 to 27 of 55, columns 0 to 51 of 52]
-9999 -9999 -9999 -9999 -9999 -9999 -9999 -9999 -9999 -9999 -9999 -9999 -9999 -9999 -9999 -9999 -9999 -9999 -9999 -9999 -9999 -9999 -9999 -9999 -9999 -9999 -9999 -9999 -9999 -9999 -9999 -9999 -9999 -9999 -9999 -9999 0.16413685448767598 0.12749952479804816 0.05386056158787167 -9999 -9999 -9999 -9999 -9999 -9999 -9999 -9999 -9999 -9999 -9999 -9999 -9999
-9999 -9999 -9999 -9999 -9999 -9999 -9999 -9999 -9999 -9999 -9999 -9999 -9999 -9999 -9999 -9999 -9999 -9999 -9999 -9999 -9999 -9999 -9999 -9999 -9999 -9999 -9999 -9999 -9999 -9999 -9999 -9999 -9999 -9999 -9999 -9999 0.1715979458683211 0.13184326770258886 0.13234485843994098 0.10861886241099178 0.03767157265025639 0.007856195225663831 -9999 -9999 -9999 -9999 -9999 -9999 -9999 -9999 -9999 -9999
-9999 -9999 -9999 -9999 -9999 -9999 -9999 -9999 -9999 -9999 -9999 -9999 -9999 -9999 -9999 -9999 -9999 -9999 -9999 -9999 -9999 -9999 -9999 -9999 -9999 -9999 -9999 0.16739252434756466 0.14066914731153735 0.058810832599798864 0.060924669210590525 0.08899477384118147 0.07129626324203958 0.0600910876992713 -9999 0.051007893908282975 0.0997603532412778 0.1066576924741916 0.018798731834344214 -0.002569862843855575 -0.010308221751905015 -0.006887441055606236 -0.010262272644626064 -0.0035050003991826677 -0.007733279798665781 -0.01331981834348128 -9999 -9999 -9999 -9999 -9999 -9999
-9999 -9999 -9999 -9999 -9999 -9999 -9999 -9999 -9999 -9999 -9999 -9999 -9999 -9999 -9999 -9999 -9999 -9999 -9999 -9999 -9999 -9999 -9999 -9999 -9999 -9999 -9999 0.2274905292812837 0.2318631874663489 0.1907922950934391 0.20280076421442486 0.19003640459796595 0.11872575715995448 0.01685587275359368 0.009505955704852298 0.0003248926495080517 -0.006661303341388702 -0.010803937831002723 -0.014170174891857984 -0.011279072086124305 -0.012652625815699923 -0.010690746262021685 -0.009472424812290992 -0.0081719741144258 -0.015260704509589997 -0.013386590608760074 -0.010058097236812613 0.0026716887950897217 -9999 -9999 -9999 -9999
-9999 -9999 -9999 -9999 -9999 -9999 -9999 -9999 -9999 -9999 -9999 -9999 -9999 -9999 -9999 -9999 -9999 -9999 -9999 -9999 -9999 -9999 0.18079369301684414 0.17593290066506811 0.1804983578290713 0.1548517306315575 0.2214525207830738 0.21500284519960292 0.20117441631596664 0.1910808450374447 0.1819335691233788 0.1335025091880354 0.1060711668606577 0.0046352589826868795 -0.011205260358426894 -0.02072656292306341 -0.012004781068991057 -0.003153934507914208 -0.005662492030988564 -0.0014882806040670547 -0.003938343853002013 -0.01649635388675763 -0.01655904252244078 -0.00029596880726193153 4.0126438050153146e-05 -0.008798399737671658 -0.0004358215095556228 0.0030405528681433647 0.009978042595717829 -9999 -9999 -9999
-9999 -9999 -9999 -9999 -9999 -9999 -9999 -9999 -9999 -9999 -9999 -9999 -9999 -9999 -9999 -9999 -9999 -9999 -9999 -9999 -9999 0.18149400066904925 0.19021840393543246 0.17341498892698715 0.14003953055755514 0.14264619455169947 0.16474298617722075 0.1592196524143219 0.20098893440257734 0.16503674543347946 0.12631588919549924 0.09946145049754944 0.05193722645983062 -0.006135947759384697 -0.02283729892224073 -0.01926767615520436 -0.018288334426672576 -0.017524205472158355 -0.009234088513514259 -0.005057549225571362 -0.0022527964059923244 -0.000697188302671542 -0.0007104401922096437 -0.002418814186492701 -0.003844124710430274 -0.007423827141199434 -0.006863911879127439 -0.005435694980880479 0.00016046975224154322 -9999 -9999 -9999
-9999 -9999 -9999 -9999 -9999 -9999 -9999 -9999 -9999 -9999 -9999 -9999 -9999 -9999 -9999 -9999 -9999 -9999 -9999 -9999 0.1780059128461114 0.16615295432940902 0.18834037876423493 0.1939633539494346 0.21914659989507573 0.2024153028072024 0.2102156827847163 0.1913431434520132 0.14069607365747974 0.11178178260218624 0.07484313077490096 0.007510498044607405 -0.005296417228553618 -0.015318564422752534 -0.019821808916395126 -0.014951214801682072 -0.019605199522946204 -0.0200542417233405 -0.02027102729872518 -0.008048334482895297 -0.0015929547826880885 0.00028984568527209986 -0.004564854032967414 -0.008694550994297723 -0.00895143636380849 -0.01091478534204804 -0.0156326246974261 -0.020978410485322063 -0.009460906093211293 -0.0033938963290141844 -9999 -9999
-9999 -9999 -9999 -9999 -9999 -9999 -9999 -9999 -9999 -9999 -9999 -9999 -9999 -9999 -9999 -9999 -9999 -9999 -9999 -9999 -9999 0.22359563634600693 0.21576141100081184 0.2014473978453462 0.20040232688188556 0.1933971048708548 0.17085962744677707 0.1222490138847735 0.0342436221497871 0.02768375365366293 0.08303055418250355 0.008235167145081213 0.004428774401869451 0.0056470624038151285 -0.0021252320350512166 -0.0024219265855524863 -0.0037014086366347616 -0.00842601975992971 -0.011080928349300578 -0.00404999644050133 -0.0015184725432292325 -0.004420761950314045 -0.008871861166604184 -0.008016550549022533 -0.014279101853785309 -0.01260682094194318 -0.015292346963415969 -0.020456559591643192 -0.008337568734651024 -9999 -9999 -9999
-9999 -9999 -9999 -9999 -9999 -9999 -9999 -9999 -9999 -9999 -9999 -9999 -9999 -9999 -9999 -9999 -9999 -9999 -9999 0.15413042425927592 0.1565663298909984 0.16021809767348222 0.14889471729596454 0.1609361090078325 0.12903278015908742 0.0208249942495905 0.017163325850416522 0.016027869148687868 0.006276907156343048 -0.0022495270342282607 -0.005783853445040149 -0.010095586271389678 -0.011843855330801541 -0.010772088555980941 -0.0113749574545933 -0.008248647067533893 -0.0071308045526561606 -0.010005116422215243 -0.01295769522371498 -0.011701650958022336 -0.008299574215451022 -0.010092132643836987 -0.005054449217151036 -0.014066885387443969 -0.016493127316884376 -0.02009748254457247 -0.006469965831417096 -0.001386218906744674 -0.016365965747314942 -0.005822562896039163 -0.00394448014381138 -9999
-9999 -9999 -9999 -9999 -9999 -9999 -9999 -9999 -9999 -9999 -9999 -9999 -9999 -9999 -9999 -9999 -9999 -9999 0.17803828007021505 0.15238662716001272 0.14748910104322155 0.1289217883365692 0.04650312643142263 0.0013628680916393243 0.012533283216899728 -0.00021043606102466583 -0.013618544310979223 -0.02437340733531404 -0.028880288136070187 -0.01195380346824046 -0.013020989728038723 -0.007507474080699933 -0.0031618369014366765 0.0009967392082694537 -0.011453353516433562 -0.011627732290197978 -0.014092058672205253 -0.013461528183973365 -0.016858457182736514 -0.016131492493593164 -0.017102908383568982 -0.020966189346559663 -0.015885888353774413 -0.005460823886096478 -0.005484495230990899 -0.01729419054058584 -0.006620481853251869 -0.005404240573229996 -0.011476069040920413 -0.015629969901688717 -0.011655951769131671 -9999
-9999 -9999 -9999 -9999 -9999 -9999 -9999 -9999 -9999 -9999 -9999 -9999 -9999 -9999 -9999 -9999 -9999 0.17766589737811667 0.17770377804362586 0.09466829470839212 0.02341034793144581 0.014795028261982453 -0.00024835757263327873 -0.007869858294725418 -0.013923405021752988 -0.02248962296415929 -0.02092970498716054 -0.014732147000082156 -0.018473323758529583 -0.01570089703992658 -0.011798361721246127 -0.016574442670073186 -0.015193806758717343 -0.019411234549530167 -0.018839849442567502 -0.02082147137464388 -0.01835090355218752 -0.006679325371749646 -0.017328082381383225 -0.022177968295695988 -0.025670584534173424 -0.02624910725685564 -0.021057405225608672 -0.02859623183536789 -0.026844132489160344 -0.024189665832597268 -0.02147176274624857 -0.016405505290173955 -0.017969244848126953 -0.022970502750705116 -9999 -9999
-9999 -9999 -9999 -9999 -9999 -9999 -9999 -9999 -9999 -9999 -9999 -9999 -9999 0.1289029368478009 0.12967591565482472 0.13839415851925824 0.14051118778795618 0.14651978795814236 0.17410214960937442 0.1324864390560172 0.12260502684747275 0.0323688827617013 -0.010402706613683171 -0.01889891574240249 -0.017028843538592686 -0.015895607921740273 -0.02934644913867765 -0.021292629368279303 -0.02747818074472572 -0.021533426261790417 -0.013670564264706949 -0.0179283014782097 -0.017980532153793 -0.021174178458750248 -0.020385829650837437 -0.02110598527866861 -0.022340969304027763 -0.022598005952718464 -0.0175387391253658 -0.019889873371500028 -0.02280648259203072 -0.02105163948853378 -0.017913452795018325 -0.02434146845632273 -0.028274116673223357 -0.027759551273091987 -0.0211363717832643 -0.0246322421842943 -0.021462561198226787 -0.020861371865739 -0.00876273931530508 -9999
-9999 -9999 -9999 -9999 -9999 -9999 -9999 -9999 -9999 -9999 -9999 -9999 -9999 0.14858539729376466 0.12408108894641585 0.06409854339042181 0.013427908571673086 0.01954230949606584 0.03394643399540498 0.07325648034558346 0.000532431238678549 -0.008308420727110438 -0.009342115256004035 -0.01763495616614819 -0.014202159528548891 -0.01752934268797221 -0.02706668651460306 -0.021473855590042862 -0.024591949646887573 -0.018642214936730656 -0.014208401877271097 -0.011265894641046936 -0.013108820613959573 -0.01831717473333297 -0.023125927773830685 -0.022802550021720963 -0.019540876919484668 -0.022333712195572647 -0.02518431753244088 -0.026389068883398314 -0.022909221198895716 -0.027604170305573408 -0.030516483982943963 -0.03802738723385593 -0.04285146624011837 -0.04040954569759575 -0.04243280321521603 -0.035203159179376525 -0.03570808514790691 -0.03375759008138077 -0.03128188727018627 0.01464390940964222
-9999 -9999 -9999 -9999 -9999 -9999 -9999 -9999 -9999 -9999 -9999 -9999 -9999 0.1205557870198985 0.03307654570950114 0.01788572023582197 0.008242626431519573 -0.00743507107962732 -0.010404292817996902 -0.008409239635195409 -0.017813454382121563 -0.018618736335116882 -0.01862199312966803 -0.011598381578274392 -0.012852149448640965 -0.0175187402283368 -0.020533171563368785 -9999 -0.01873280302337979 -0.02078722810129757 -0.017794599878075332 -0.01620589986281551 -0.013618141736673278 -0.013570990048996784 -0.016723790529953403 -0.024490830893425825 -0.02309246191188044 -0.017506930410214092 -0.01615688431522119 -0.02510366329680319 -0.026168739342171204 -0.03431071814797496 -0.046478005288087786 -0.057947168572117465 -9999 -9999 -9999 -9999 -9999 -9999 -9999 -9999
-9999 -9999 -9999 -9999 -9999 -9999 -9999 -9999 -9999 -9999 -9999 -9999 -9999 0.038314482181686434 0.015513628235329755 0.00147206291718327 -0.01581166952084273 -0.01792077214011681 -0.016020757065195096 -0.0021987671194517167 -0.004708699396123062 -0.017239924803700124 -0.0229496474244765 -0.0310035552829504 -0.028489124394305367 -0.02238398952328641 -0.018488346153627263 -0.00622875577821505 -0.02162205435983514 -0.022503907103901318 -0.022021822671851377 -0.020219998474678258 -0.01764862032850151 -0.02030723590565764 -0.02121264050188271 -0.021516923428229667 -0.02429731254992279 -0.027615819166859845 -0.02954773333571528 -0.03268522238763777 -0.02766164743860955 -9999 -9999 -9999 -9999 -9999 -9999 -9999 -9999 -9999 -9999 -9999
-9999 -9999 -9999 -9999 -9999 -9999 -9999 -9999 -9999 -9999 -9999 -9999 0.1358136036009951 0.05013684638789001 0.0218605506588036 -0.003460617916237918 -0.008026638594658492 -0.011152383223499929 -0.011033537109260971 -0.010242358578935906 -0.01654435321688652 -0.01587688331694706 -0.006086982462717161 -0.018565610253616527 -0.024865585784225347 -0.01846089359858763 -0.02192891725217519 -0.01910402613651493 -0.021721432430912624 -0.020391388512823905 -0.021626516366782398 -0.023841764291991363 -0.017606862253792904 -0.02020062635774197 -0.020863289175474115 -0.023067512873398227 -0.024395856115481118 -0.026139560722462516 -0.030375659465789795 -0.03352301863386578 -0.04012387662964023 -9999 -9999 -9999 -9999 -9999 -9999 -9999 -9999 -9999 -9999 -9999
-9999 -9999 -9999 -9999 -9999 -9999 -9999 -9999 -9999 -9999 -9999 0.01069129152550341 0.04083201915938872 0.055471385006785064 0.055347240950963265 -0.010410274055017071 -0.018220445181688527 -0.025034485303837308 -0.01408568340475144 -0.01890256554294348 -0.023479214666978162 -0.02728547520287658 -0.027726383312888764 -0.0250388281824796 -0.02367288975611978 -0.021494568973455752 -0.014107751538572104 -0.008775498920484737 -0.02065455666540758 -0.015345019369345653 -0.020063469226917485 -0.02768429907281761 -0.022780991847748344 -0.022326778863435204 -0.01758570434606593 -0.024236706490425947 -0.029921313221363908 -0.03236658859026173 -0.03896596983237111 -0.053594417222168116 -9999 -9999 -9999 -9999 -9999 -9999 -9999 -9999 -9999 -9999 -9999 -9999
-9999 -9999 -9999 -9999 -9999 -9999 -9999 -9999 -9999 -9999 -0.015920364824326155 -0.016098626565350133 -0.02497029008910709 -0.02501438201769537 -0.01829086086186377 -0.01908580290720516 -0.015307635959723731 -0.018822609001527657 -0.02969153116092735 -0.024930029621590744 -0.014086921132453106 -0.019152206166282937 -0.02023204788565636 -0.023825831751784543 -0.026383512572425855 -0.0300263216233124 -0.026956255102287163 -0.018349010294870183 -0.014736471171288372 -0.0132415270756768 -0.011921753701956387 -0.021299945352518033 -0.0209307746718759 -0.02148903635047053 -0.0233493395878569 -0.030042795018981324 -0.03606455149533955 -0.03302475348438905 -0.03177066378133453 -9999 -9999 -9999 -9999 -9999 -9999 -9999 -9999 -9999 -9999 -9999 -9999 -9999
-9999 -9999 -9999 -9999 -9999 -9999 -9999 -9999 -9999 -9999 -9999 -9999 0.03945526544083938 -0.016859294668945757 -0.016150055858104112 -0.019920277652209217 -0.029493975493571026 -0.03315139946568271 -0.033619807749662715 -0.032606705253862805 -0.03529492522711339 -0.03204227611422539 -0.02411514253396055 -0.024093787874216618 -0.023776095724948067 -0.024245789031619613 -0.026784301694968482 -0.023941573200990333 -0.02215337226896183 -0.02237210422754288 -0.016155149463726117 -0.015582838338678297 -0.02056109277612489 -0.02285705624229234 -0.02627367635621972 -0.03108645720488351 -0.034902972250205035 -0.036724575673756386 -0.03433130203705767 -0.05996322668278994 -9999 -9999 -9999 -9999 -9999 -9999 -9999 -9999 -9999 -9999 -9999 -9999
-9999 -9999 -9999 -9999 -9999 -9999 -9999 -9999 -9999 -9999 -9999 0.03241097311610763 -0.02688476688914246 -0.004703242508149741 -0.03966781193459476 -0.030292152386644625 -0.029480971436461667 -0.03549084241461495 -0.03544286925993537 -0.02985275767581619 -0.027856580629620875 -0.031007278953557427 -0.03407819544815499 -0.0275264856931956 -0.023809991088574345 -0.024403951981145398 -0.025192900439319404 -0.015560205701900559 -0.013448565631456992 -0.021864416725609626 -0.023488830167638225 -0.02612097362947205 -0.027664016324864787 -0.027554799114232482 -0.027381332469699177 -0.02961152577367815 -0.031393936875721666 -0.04081743842233782 -0.04497851504255895 -9999 -9999 -9999 -9999 -9999 -9999 -9999 -9999 -9999 -9999 -9999 -9999 -9999
-9999 -9999 -9999 -9999 -9999 0.06277971392247217 -0.009757009456339116 0.02412980896137329 0.05492112739011645 0.06498108933801239 0.04344007522677595 -0.0271913418546319 -0.012930067556519651 -0.02972808747511843 -0.03402295514293338 -0.0350767861160895 -0.03247181537436017 -0.032036878613998065 -0.034424410889978 -0.03035683557391167 -0.0285158001858255 -0.031187517082561626 -0.031132419553139945 -0.03341052138611025 -0.031874160970682686 -0.0338642455070563 -0.032447936134817806 -0.026046943486384727 -0.020252724542565964 -0.02104342579031768 -0.022568549555928824 -0.036531390703242766 -0.038530266762751585 -0.03871953778940698 -0.039102983458534524 -0.03530826241425847 -0.03329072159755489 -0.030186891920216705 -9999 -9999 -9999 -9999 -9999 -9999 -9999 -9999 -9999 -9999 -9999 -9999 -9999 -9999
-9999 -9999 -9999 -9999 0.03290153017714004 0.06754686185361253 0.06385171899329062 -0.018304062926250947 -0.03196336911327538 -0.029237402845983917 -0.03801064792534578 -0.0420446391824795 -0.03360481531885656 -0.03606908100292736 -0.037112438281917036 -0.03479902600559942 -0.028119585355338844 -0.03264021096022232 -0.034493254619124135 -0.03250544028275687 -0.033781000291523734 -0.034327946076898465 -0.024514735271425364 -0.032837483222069946 -0.035348966960673744 -0.03294117752786563 -0.028962789386834775 -0.023019102037600853 -0.02247616450261811 -0.02681778521155534 -0.02806592181972836 -0.035455152594848834 -0.04294578795847687 -0.043753348502070334 -0.04726074832790303 -9999 -9999 -9999 -9999 -9999 -9999 -9999 -9999 -9999 -9999 -9999 -9999 -9999 -9999 -9999 -9999 -9999
-9999 -9999 -9999 0.0971958487411666 0.02372306836364063 -0.014904191096623746 0.08215924070941077 -0.016790042671820382 -0.022701628384706768 -0.022671551486776687 -0.02908906008562315 -0.017801690338687476 -0.024261451488279767 -0.032589030856995466 -0.03222325395630754 -0.031733802965153816 -0.03150336152833441 -0.032589770691550314 -0.03895560198503992 -0.04118473471506781 -0.04137829553497874 -0.040515932173508656 -0.028029550879221904 -0.033848988702115806 -0.04100993878977455 -0.03952863156471565 -0.03676349855959416 -0.031767531824500685 -0.029470337676289288 -0.033245942595860216 -0.04062557390526586 -9999 -9999 -9999 -9999 -9999 -9999 -9999 -9999 -9999 -9999 -9999 -9999 -9999 -9999 -9999 -9999 -9999 -9999 -9999 -9999 -9999
-9999 -9999 -9999 0.11086851258770676 0.1124039179086685 0.0691866579910983 0.028567312204319517 0.04105316232080048 0.0567230448654627 -0.012472217877164515 -0.03446487489610667 -0.024149537736128712 -0.016315829120474884 -0.03517684616574798 -0.0414995480866783 -0.0274276595755559 -0.027459651353242603 -0.02541937812676895 -0.02626074247224175 -0.023856442736345015 -0.028063326343203767 -0.03726318664848805 -0.029308152223086886 -0.0228669777026643 -0.024976748284762318 -0.024574044808421455 -0.035223721202624875 -0.04207776446381342 -0.04665611549414725 -9999 -9999 -9999 -9999 -9999 -9999 -9999 -9999 -9999 -9999 -9999 -9999 -9999 -9999 -9999 -9999 -9999 -9999 -9999 -9999 -9999 -9999 -9999
-9999 -9999 -9999 0.10367192894868227 0.09983582701280268 0.09741226571370226 0.06232778829514817 0.01046752698252573 0.004185980404105449 -0.00980159486022242 -0.026431004002771732 -0.02599118275394857 -0.008958873793113331 -0.02006530387154043 -0.027876075703263947 -0.02076831316215949 -0.029772929032969356 -0.02907833915802699 -0.034257807407548524 -0.02781531397925049 -0.03500652969207452 -0.03231249794202007 -0.03764396727247524 -0.044421232831866865 -0.04434556109101875 -0.045515585366798485 -9999 -0.07386534584119267 -9999 -9999 -9999 -9999 -9999 -9999 -9999 -9999 -9999 -9999 -9999 -9999 -9999 -9999 -9999 -9999 -9999 -9999 -9999 -9999 -9999 -9999 -9999 -9999
-9999 -9999 -9999 0.08872704532192432 0.08998844838438774 0.08846645517264556 0.09470232966981952 0.09962987268720168 0.05105441368994168 -0.026541122140949724 -0.024869244484627826 -0.02062217446222697 -0.013120472961909158 -0.02057065677969422 -0.02968503555150631 -0.03330576865245466 -0.037157158206586965 -0.03498757085024984 -0.038731214036680256 -0.03585979988042276 -0.02635557017202586 -0.030505813719141375 -0.0365667344354417 -0.04209552964438562 -0.04185145737036414 -0.04817324208662563 -0.05202679364492849 -9999 -9999 -9999 -9999 -9999 -9999 -9999 -9999 -9999 -9999 -9999 -9999 -9999 -9999 -9999 -9999 -9999 -9999 -9999 -9999 -9999 -9999 -9999 -9999 -9999
-9999 -9999 -9999 -9999 0.02791879998474589 -0.015227739288382338 -0.016201571688625988 -0.019167102791898236 -0.02178331065536196 -0.02876945366598155 -0.025668807960536392 -0.0298499416539578 -0.03184865660046879 -0.034063414433231104 -0.027700532800876167 -0.0158398792795513 -0.03130998297096932 -0.038042433885602994 -0.03821535017646727 -0.03726956565849116 -0.03757833994802881 -0.0367441729682943 -0.03691948592987632 -0.03780394128483275 -9999 -9999 -9999 -9999 -9999 -9999 -9999 -9999 -9999 -9999 -9999 -9999 -9999 -9999 -9999 -9999 -9999 -9999 -9999 -9999 -9999 -9999 -9999 -9999 -9999 -9999 -9999 -9999
-9999 -9999 -9999 -9999 0.07449338570849534 0.004620445713604982 -0.02386527410247824 -0.026722337297403087 -0.023928494251876903 -0.02392703360253637 -0.02360758924320952 -0.02025619507487356 -0.023531887475605858 -0.030756940307852976 -0.034484589943191514 -0.024585962909591055 -0.030281591292929982 -0.033167585282703554 -0.03229252884133918 -0.03523139602662437 -0.03865850314702074 -0.040874894465441285 -0.036379004950108734 -0.045003777374959975 -0.04960687952498869 -9999 -9999 -9999 -9999 -9999 -9999 -9999 -9999 -9999 -9999 -9999 -9999 -9999 -9999 -9999 -9999 -9999 -9999 -9999 -9999 -9999 -9999 -9999 -9999 -9999 -9999 -9999
