metrics/grid_rasters/CCI Combined/grideval_CCI Combined_Y_2018_absolute_ubrmsd.asc
ncols 52
nrows 55
xllcorner     11.25
yllcorner     55.25
cellsize      0.25
NODATA_value  -9999
[rows 0 to 28 of 55, columns 0 to 51 of 52]
-9999 -9999 -9999 -9999 -9999 -9999 -9999 -9999 -9999 -9999 -9999 -9999 -9999 -9999 -9999 -9999 -9999 -9999 -9999 -9999 -9999 -9999 -9999 -9999 -9999 -9999 -9999 -9999 -9999 -9999 -9999 -9999 -9999 -9999 -9999 -9999 0.05632146846371465 0.060896589853550565 0.06712610134535413 -9999 -9999 -9999 -9999 -9999 -9999 -9999 -9999 -9999 -9999 -9999 -9999 -9999
-9999 -9999 -9999 -9999 -9999 -9999 -9999 -9999 -9999 -9999 -9999 -9999 -9999 -9999 -9999 -9999 -9999 -9999 -9999 -9999 -9999 -9999 -9999 -9999 -9999 -9999 -9999 -9999 -9999 -9999 -9999 -9999 -9999 -9999 -9999 -9999 0.06054894634787016 0.06445780233904655 0.06838586408034017 0.05846762852516035 0.06315072489614502 0.06677071138826828 -9999 -9999 -9999 -9999 -9999 -9999 -9999 -9999 -9999 -9999
-9999 -9999 -9999 -9999 -9999 -9999 -9999 -9999 -9999 -9999 -9999 -9999 -9999 -9999 -9999 -9999 -9999 -9999 -9999 -9999 -9999 -9999 -9999 -9999 -9999 -9999 -9999 0.05876627584017274 0.05889320780918113 0.05725080287505939 0.0509043818264042 0.06269605344124418 0.0677414662498871 0.063844606049194 -9999 0.07322464219072082 0.06424391195778606 0.060125325436009534 0.06771684194403793 0.07385391413591567 0.0771672877953114 0.0793025543097184 0.0749517906721198 0.07256957087793588 0.07695849516839545 0.08153846235323392 -9999 -9999 -9999 -9999 -9999 -9999
-9999 -9999 -9999 -9999 -9999 -9999 -9999 -9999 -9999 -9999 -9999 -9999 -9999 -9999 -9999 -9999 -9999 -9999 -9999 -9999 -9999 -9999 -9999 -9999 -9999 -9999 -9999 0.05153032295120274 0.05914232377795979 0.053526716245388316 0.0582529474210637 0.052097497732801035 0.06074476921159335 0.07082166413383982 0.06843505808120738 0.0768308921561991 0.08064597179781156 0.08030475093909832 0.07754946457099793 0.07992964858293747 0.07989658958670337 0.08029606767127875 0.08476105746808743 0.08550886898362459 0.09097769283439527 0.08833095427971713 0.0869580496190021 0.06339825255054636 -9999 -9999 -9999 -9999
-9999 -9999 -9999 -9999 -9999 -9999 -9999 -9999 -9999 -9999 -9999 -9999 -9999 -9999 -9999 -9999 -9999 -9999 -9999 -9999 -9999 -9999 0.0737102792184512 0.0579114707840129 0.06429450385775555 0.06768363497617484 0.06275831131027908 0.05673815320873805 0.051090864121412616 0.05311775147821771 0.05255167675148497 0.06649360247629515 0.06981946080740875 0.07964307404115413 0.08722854808867919 0.0836982821452308 0.08472765388497137 0.07534571156907396 0.0742434307987964 0.07431121239492677 0.07645649416965303 0.09216148628580106 0.10592281365161152 0.08755735955306562 0.08155588768982187 0.08501901687539427 0.0797291286118493 0.07544825313254247 0.0608933302196913 -9999 -9999 -9999
-9999 -9999 -9999 -9999 -9999 -9999 -9999 -9999 -9999 -9999 -9999 -9999 -9999 -9999 -9999 -9999 -9999 -9999 -9999 -9999 -9999 0.06859228174658126 0.06852583430150129 0.05541480633224268 0.04822918058816829 0.058853026362618376 0.06574984397430664 0.059504742277837 0.05702170011267205 0.06385665137591151 0.075819872630437 0.06841818054733775 0.07783255948345164 0.0829606945264807 0.08292146027028792 0.08199901549433616 0.08376728291573217 0.08284156293579263 0.0740241952232999 0.0721159346801291 0.07209442923351526 0.07581151417834504 0.07903818454090702 0.07773609997891487 0.07023006304322356 0.06986320536604701 0.07102321213289148 0.06826154585619497 0.0536550845153277 -9999 -9999 -9999
-9999 -9999 -9999 -9999 -9999 -9999 -9999 -9999 -9999 -9999 -9999 -9999 -9999 -9999 -9999 -9999 -9999 -9999 -9999 -9999 0.07340089454888113 0.06113179136950399 0.07453979556041844 0.061090692373097576 0.05803155488321045 0.06027789632507252 0.058003434020126185 0.061952633623573186 0.061889912925969334 0.06961324001192977 0.07537432201754761 0.08423582183434562 0.08850051825503204 0.092139098305638 0.0921537968573483 0.0834050975082589 0.08920742331687459 0.09045253328080603 0.08897471234994174 0.07602459538767044 0.06573488577170004 0.06383668813462498 0.06491835134731475 0.06642335505149258 0.06552644653452518 0.06221290878799857 0.06362038519040944 0.06332594530483933 0.048672556384282264 0.05439462868716189 -9999 -9999
-9999 -9999 -9999 -9999 -9999 -9999 -9999 -9999 -9999 -9999 -9999 -9999 -9999 -9999 -9999 -9999 -9999 -9999 -9999 -9999 -9999 0.07547027719444516 0.06858817977433403 0.062494143712076025 0.061542253475370186 0.06430303275572717 0.06437449675525872 0.06876347522006325 0.0965834466711047 0.093665715475335 0.08177035735736111 0.0820159489746242 0.06766740303365955 0.06440002662043791 0.07766351803187395 0.08707686212072747 0.08439670738961091 0.08553271498982924 0.0757370019847047 0.06295832927587029 0.0622998300463225 0.06501671854760893 0.06575156136783585 0.057435357916735874 0.06791659323474991 0.05975863262800071 0.06475856988563422 0.06455661291099524 0.04893367795638616 -9999 -9999 -9999
-9999 -9999 -9999 -9999 -9999 -9999 -9999 -9999 -9999 -9999 -9999 -9999 -9999 -9999 -9999 -9999 -9999 -9999 -9999 0.06996084893116833 0.07208622010147693 0.07499042015058628 0.07517885610440064 0.07494031999190504 0.06563838117993775 0.10350202495702028 0.08970979230249912 0.08652010319579845 0.08747692081891133 0.08192115928887088 0.0747963289662551 0.07340312498911881 0.07203466373862089 0.07061654166923673 0.0746925528448856 0.07235676028128223 0.0733695188205013 0.07945420994000522 0.0679901158350548 0.06770907980202885 0.06497301777917326 0.06487359000351649 0.05508014191131973 0.061124962951070276 0.06145864193304941 0.06426413125042807 0.051686703733891774 0.05077735917459557 0.0608841999353526 0.05502969982401984 0.05792496392214665 -9999
-9999 -9999 -9999 -9999 -9999 -9999 -9999 -9999 -9999 -9999 -9999 -9999 -9999 -9999 -9999 -9999 -9999 -9999 0.058680514668629724 0.06667305512958989 0.07173138053497055 0.07963472846430708 0.0904269344124262 0.08431716277496219 0.08577057457171627 0.09585684184620792 0.0983323214853211 0.10840436330005124 0.09959816686886803 0.07027629825574559 0.07597018091237127 0.06719643086484138 0.06584206118582718 0.07014230801072413 0.06752734224723142 0.06485462980619945 0.06787238279480283 0.06096066740465907 0.06022430234627822 0.06537721556766048 0.06500515106201032 0.0650420701447952 0.0540084045465264 0.053682452789076664 0.057492426964053385 0.06417299827353015 0.054998539103993736 0.05247699211031372 0.05808748690621163 0.06238426307348309 0.06380678127692058 -9999
-9999 -9999 -9999 -9999 -9999 -9999 -9999 -9999 -9999 -9999 -9999 -9999 -9999 -9999 -9999 -9999 -9999 0.05861720470690999 0.05790166384509528 0.07189581287291515 0.08452421780341829 0.08401171007826143 0.08425783252610808 0.07802999147781417 0.0903843911253404 0.0916035108393444 0.0907159153238335 0.08477712641693659 0.08596755236951796 0.08310331662270114 0.07665270215558473 0.06787049432615655 0.06714805765731371 0.06334803018195967 0.059936235594275925 0.059378704048596284 0.062044840323679226 0.05620256002947723 0.06266008048887796 0.061203004277033374 0.062136023680956914 0.06246228015715414 0.05389109822248893 0.06437859531993953 0.06740206770498572 0.07302569396188363 0.07265056325484008 0.06730547672974746 0.0623180768233605 0.06712219430972803 -9999 -9999
-9999 -9999 -9999 -9999 -9999 -9999 -9999 -9999 -9999 -9999 -9999 -9999 -9999 0.06738619319619292 0.06984209901125818 0.06067485336524031 0.06334129302346446 0.06742519366233576 0.05400071352606333 0.06481496279430175 0.06407409165515626 0.08929538217221293 0.09414497175451098 0.08878713866955952 0.07826328201876523 0.06616640776558214 0.06086920418877979 0.07241075877120662 0.07926920640974032 0.07354154919943923 0.06752474480533971 0.06862072503064377 0.06427508159077187 0.06292492511141921 0.061451534348002976 0.05899571232005394 0.06137164570328109 0.05859184229819965 0.05810065800824266 0.05950769348404314 0.060709809978302665 0.05654688259342903 0.05522642800458478 0.056572453454735425 0.061388123380585476 0.06840305777016148 0.06814907029330425 0.07328470795127233 0.06835786209377967 0.06417649275254751 0.06365584175967773 -9999
-9999 -9999 -9999 -9999 -9999 -9999 -9999 -9999 -9999 -9999 -9999 -9999 -9999 0.07557373001025652 0.06588700672524853 0.07078683797862671 0.07850539205421539 0.07364037235400334 0.07932045923845943 0.0814128136155131 0.08857268260690047 0.0905698521181782 0.07499502615186428 0.07242070790680384 0.06258504212635414 0.06046216320853773 0.03860143100766932 0.061879044693639765 0.05525800181080849 0.060032795794736186 0.05621767860706442 0.05506251313317395 0.057184699485020786 0.058310040633364375 0.060955045843805025 0.06025723532575581 0.06130811081482235 0.061699874333403765 0.06163656716849637 0.06153196999513945 0.059870470467701616 0.062499748752472835 0.06371994426660965 0.06934653911412232 0.0687811691945078 0.0680137966017437 0.06785774601592905 0.0686199314373783 0.06979876165260686 0.06950431287088643 0.06853137314884868 0.06910786453456133
-9999 -9999 -9999 -9999 -9999 -9999 -9999 -9999 -9999 -9999 -9999 -9999 -9999 0.0688828929720326 0.0802621616279331 0.07775232104158379 0.06881340769700686 0.07024595791746911 0.0750682016096802 0.08125992614083058 0.08005654972665002 0.07830571398847977 0.07068828282697963 0.06237566057420031 0.0610051426330553 0.06119191566954401 0.06320254033566564 -9999 0.044219188014095384 0.05901791641487844 0.05677546534298505 0.0575539244083297 0.055043707829565885 0.055033776179986386 0.05248881119446267 0.054970726535340166 0.055181439435446164 0.0567505534414272 0.0579294246934966 0.06402198807065472 0.061011100697848035 0.06372997282855615 0.07081698175595033 0.07117655633591563 -9999 -9999 -9999 -9999 -9999 -9999 -9999 -9999
-9999 -9999 -9999 -9999 -9999 -9999 -9999 -9999 -9999 -9999 -9999 -9999 -9999 0.0856086351178692 0.08205914976919679 0.06517130258590885 0.07830641856066238 0.0747801154688494 0.06949493604627544 0.0621049906812552 0.0638442911661134 0.05921650550085595 0.06415541553067577 0.0668349491496033 0.061087520663610326 0.06283880090619967 0.061228805244677234 0.057340111713484174 0.06003374432834395 0.06008011980795351 0.058274335256667524 0.054513478739407116 0.052901620475196885 0.055597583116077584 0.054368843639127064 0.05467025898184171 0.055112568069207404 0.056320574144776876 0.06493550721835442 0.06746686342549922 0.06762206027497802 -9999 -9999 -9999 -9999 -9999 -9999 -9999 -9999 -9999 -9999 -9999
-9999 -9999 -9999 -9999 -9999 -9999 -9999 -9999 -9999 -9999 -9999 -9999 0.0868931746526279 0.0902867868837909 0.08131073026561235 0.0611217819132172 0.09019271511129924 0.07611278931133984 0.07216638718592798 0.06601838168612664 0.06522465450326079 0.06269124631149048 0.04959008653216453 0.05657084484993049 0.060676241938032636 0.055057590413854135 0.053007535287339834 0.05551150267325672 0.0528254960463908 0.054550558244112965 0.05767002133490464 0.059846851448797526 0.057248490957125975 0.05704528490555176 0.05461360057141957 0.05699610015743824 0.06111167435094118 0.06295568586849902 0.06569498446851077 0.06818574094865723 0.06235168186609859 -9999 -9999 -9999 -9999 -9999 -9999 -9999 -9999 -9999 -9999 -9999
-9999 -9999 -9999 -9999 -9999 -9999 -9999 -9999 -9999 -9999 -9999 0.07717197277402411 0.07335050962457626 0.08740738247536928 0.08800614465979649 0.0915004275791659 0.08522085222761643 0.0821693292848345 0.06305724388996059 0.06768730994821398 0.06741535291031335 0.06519413309023678 0.06267675335204381 0.05728530410332015 0.0629059914324756 0.05865071994898285 0.056578970464843226 0.05652160024859727 0.06445372812028607 0.05480161117882973 0.058306492604091986 0.06428844996764121 0.059797870687980564 0.0575722432453872 0.05921579605800933 0.061554550035909976 0.06231544690276448 0.06132001649525135 0.06168271091203537 0.06172134543200096 -9999 -9999 -9999 -9999 -9999 -9999 -9999 -9999 -9999 -9999 -9999 -9999
-9999 -9999 -9999 -9999 -9999 -9999 -9999 -9999 -9999 -9999 0.06376081727749107 0.06697091583326698 0.08585069891414585 0.0918747144104323 0.0865072517492 0.08364822028791613 0.07144542206909425 0.06762215687695232 0.06275068129328795 0.05872160420111595 0.057646564479451684 0.06667792626032003 0.05716425021995598 0.05573968889032948 0.05737475991941745 0.05843678748917629 0.058720637141245424 0.05857853616326261 0.05758672820478635 0.0585865875874432 0.058283798073043215 0.06043621105117504 0.0584414965533455 0.0572791048261609 0.05814811923864757 0.059232722118947014 0.06062107629021531 0.05720597021456804 0.057045877862399175 -9999 -9999 -9999 -9999 -9999 -9999 -9999 -9999 -9999 -9999 -9999 -9999 -9999
-9999 -9999 -9999 -9999 -9999 -9999 -9999 -9999 -9999 -9999 -9999 -9999 0.07405162601790376 0.07220629797481827 0.06488402421195873 0.06256491551289116 0.06832199774874652 0.0679054303613901 0.06408189363558157 0.06280070154266827 0.06810008985932736 0.06385711369374797 0.055954545265200814 0.05816408910355685 0.0584783806406936 0.056972780457714374 0.06041866801120339 0.05758559303555761 0.06131765463573172 0.06225088762845341 0.06255984973576269 0.059882974742938175 0.05909186055310279 0.05721316529680037 0.05683106646678245 0.05549669661117702 0.05550972481882605 0.05392790239534997 0.0523432907621329 0.054449215079004784 -9999 -9999 -9999 -9999 -9999 -9999 -9999 -9999 -9999 -9999 -9999 -9999
-9999 -9999 -9999 -9999 -9999 -9999 -9999 -9999 -9999 -9999 -9999 0.0824633962172965 0.087977370131054 0.07830584911356596 0.07292693286896651 0.06572655689936957 0.06553134344458167 0.06743610420611898 0.06747996647680235 0.06632333965375299 0.06473275736725058 0.06856689900884565 0.0681209437547485 0.06291132960302838 0.0640493988173968 0.06423912183648668 0.05984334062213269 0.058665497879623066 0.05931868992596095 0.062023574457392414 0.06227419389587941 0.061076941390186226 0.0586313092585207 0.05895478533983535 0.057083518010331076 0.05358746782617674 0.05178637710678559 0.05573430529332527 0.0530999183323685 -9999 -9999 -9999 -9999 -9999 -9999 -9999 -9999 -9999 -9999 -9999 -9999 -9999
-9999 -9999 -9999 -9999 -9999 0.08082448178021354 0.06493197805272727 0.06646840627857346 0.07953336234493133 0.08048471058096479 0.08087020574299805 0.07054229553018458 0.06494638590373543 0.07224302789382726 0.07181531263357492 0.06908501646295231 0.07201214615891474 0.06988922577120314 0.06996527248577715 0.06439869082118305 0.06366873431628818 0.06582620663919549 0.06827585041542276 0.07765038142263539 0.06535764292505132 0.06667886093377054 0.06660116150946528 0.06377710945117211 0.06369485842490903 0.06307671131226447 0.06293797531085703 0.06727125136215828 0.06353023652324448 0.06498550107655915 0.06255965522279139 0.060959038788667076 0.05625613817793605 0.05204417015935845 -9999 -9999 -9999 -9999 -9999 -9999 -9999 -9999 -9999 -9999 -9999 -9999 -9999 -9999
-9999 -9999 -9999 -9999 0.05997175537570992 0.061677208324341176 0.058184498098107024 0.044164330261630684 0.06684448841568645 0.07086986800810864 0.06712985188916029 0.07390464603987291 0.0684595884914121 0.06946524875273702 0.0654983192851153 0.06705207292021588 0.06058362865422645 0.06264319609544927 0.06581086264198889 0.06649662616059017 0.06853647749156253 0.06971836448574906 0.06473127455675133 0.06955482257198052 0.06813284179565253 0.0669381773759954 0.06979011361625706 0.06631781710824074 0.06557544510226622 0.0670308119912823 0.06369553115214792 0.0658284924388636 0.06674581444594882 0.0625304353819225 0.06162965929345625 -9999 -9999 -9999 -9999 -9999 -9999 -9999 -9999 -9999 -9999 -9999 -9999 -9999 -9999 -9999 -9999 -9999
-9999 -9999 -9999 0.07220985555849316 0.07365811292243442 0.05095979115101377 0.061295833860667476 0.05852266347313932 0.05816500574745283 0.07516863497153674 0.06925131425559476 0.06566549769451648 0.06503232567233606 0.0667375376225011 0.06791823050524373 0.06267075482206537 0.06090088278192452 0.06204830126893651 0.0629651691735977 0.06771567575422363 0.066371149005981 0.07267421265672809 0.06766268453926337 0.06450049543680128 0.061773703926540316 0.061954625372922616 0.06525981305443798 0.06489644242765136 0.06279880109277984 0.06575744056418444 0.06327610538046946 -9999 -9999 -9999 -9999 -9999 -9999 -9999 -9999 -9999 -9999 -9999 -9999 -9999 -9999 -9999 -9999 -9999 -9999 -9999 -9999 -9999
-9999 -9999 -9999 0.08273879421323832 0.08760976179903583 0.06136336002459473 0.07719810356045488 0.06796680521596507 0.05813698414399041 0.06365357014868768 0.0709855360047342 0.048981118482419116 0.035882025607292534 0.06718272051806151 0.06591520970935905 0.061788859887193875 0.06330096500445731 0.0614101402552923 0.06269760854032166 0.06432119691432159 0.06309508349495149 0.06986597095395161 0.0657340815926302 0.062146234156858965 0.0638968738256198 0.06269661791015113 0.06607501659293807 0.0656698331622539 0.06386092422960223 -9999 -9999 -9999 -9999 -9999 -9999 -9999 -9999 -9999 -9999 -9999 -9999 -9999 -9999 -9999 -9999 -9999 -9999 -9999 -9999 -9999 -9999 -9999
-9999 -9999 -9999 0.07593391093090207 0.07563356384746611 0.0772662698396714 0.0761596040425306 0.06767134942510157 0.06677395702783552 0.06914849614976992 0.06475021174157647 0.06705719155130999 0.0608857249060913 0.07037458971579261 0.06546485235148121 0.06476555409745452 0.06301489242690632 0.06180954730584435 0.06377529517119296 0.06557492002106692 0.06452999987869742 0.06590431867197352 0.06393259416027143 0.06580600058434823 0.06538820328602019 0.0649626586162228 -9999 0.06315645404227699 -9999 -9999 -9999 -9999 -9999 -9999 -9999 -9999 -9999 -9999 -9999 -9999 -9999 -9999 -9999 -9999 -9999 -9999 -9999 -9999 -9999 -9999 -9999 -9999
-9999 -9999 -9999 0.09793327603980703 0.09414743608222996 0.09388748997291348 0.08235012351470168 0.07187248928011804 0.06683120929964702 0.07210603501089992 0.06392754302021983 0.06539422975523597 0.06172028044639547 0.05874512775506181 0.061763609912214114 0.06373438762691294 0.06404330055315283 0.0625080821932861 0.06561095106199458 0.0646848577380855 0.06700085261285085 0.06880773058727284 0.0704113563569268 0.07464102425109555 0.07145439237944895 0.06926516627674055 0.06602582510592946 -9999 -9999 -9999 -9999 -9999 -9999 -9999 -9999 -9999 -9999 -9999 -9999 -9999 -9999 -9999 -9999 -9999 -9999 -9999 -9999 -9999 -9999 -9999 -9999 -9999
-9999 -9999 -9999 -9999 0.08106820952295356 0.07106765948295833 0.0734532473000006 0.06988439204922976 0.07062438187963697 0.06928581932669453 0.06592058518634791 0.06101655967586174 0.06097052979211396 0.0625908147490519 0.0596337074776274 0.06673279291101847 0.06431899487794668 0.06130625576146116 0.05975615601054825 0.060684344562636126 0.06457900548587595 0.06571880667265523 0.06604792739183725 0.07186339091109402 -9999 -9999 -9999 -9999 -9999 -9999 -9999 -9999 -9999 -9999 -9999 -9999 -9999 -9999 -9999 -9999 -9999 -9999 -9999 -9999 -9999 -9999 -9999 -9999 -9999 -9999 -9999 -9999
-9999 -9999 -9999 -9999 0.09153007021335914 0.07942169438114234 0.07743444434355896 0.07210798054987395 0.06734973251018038 0.06305338037768828 0.06374706555906963 0.0642089206088971 0.05847018054446813 0.055051429402974736 0.060873798804156574 0.05333690934493494 0.0559779042192186 0.05634473324877889 0.061439664994602176 0.06318723718846153 0.06529635347451135 0.06519796308401095 0.06154285345082044 0.06380297005248227 0.06477170566682251 -9999 -9999 -9999 -9999 -9999 -9999 -9999 -9999 -9999 -9999 -9999 -9999 -9999 -9999 -9999 -9999 -9999 -9999 -9999 -9999 -9999 -9999 -9999 -9999 -9999 -9999 -9999
-9999 -9999 -9999 -9999 0.0740856734567934 0.07589229105489577 0.07375907183781143 0.07639619447849509 0.07440206362005196 0.059903127568881484 0.0518428517897841 0.050804653093091165 0.0516780251750062 0.05230176881004843 0.05067121698131042 0.055288013076622365 0.05758149940010617 0.061497389883103465 0.062330493721979234 0.06735946091771383 0.0681056459663745 0.03050298815563628 0.05135424718073981 0.060334043161998176 -9999 -9999 -9999 -9999 -9999 -9999 -9999 -9999 -9999 -9999 -9999 -9999 -9999 -9999 -9999 -9999 -9999 -9999 -9999 -9999 -9999 -9999 -9999 -9999 -9999 -9999 -9999 -9999
