metrics/grid_rasters/CCI Combined/grideval_CCI Combined_X_fall_2016_absolute_ubrmsd.asc
ncols 52
nrows 55
xllcorner     11.25
yllcorner     55.25
cellsize      0.25
NODATA_value  -9999
[rows 0 to 27 of 55, columns 0 to 51 of 52]
-9999 -9999 -9999 -9999 -9999 -9999 -9999 -9999 -9999 -9999 -9999 -9999 -9999 -9999 -9999 -9999 -9999 -9999 -9999 -9999 -9999 -9999 -9999 -9999 -9999 -9999 -9999 -9999 -9999 -9999 -9999 -9999 -9999 -9999 -9999 -9999 0.02450218354568936 0.020060230069377433 0.02396307463694643 -9999 -9999 -9999 -9999 -9999 -9999 -9999 -9999 -9999 -9999 -9999 -9999 -9999
-9999 -9999 -9999 -9999 -9999 -9999 -9999 -9999 -9999 -9999 -9999 -9999 -9999 -9999 -9999 -9999 -9999 -9999 -9999 -9999 -9999 -9999 -9999 -9999 -9999 -9999 -9999 -9999 -9999 -9999 -9999 -9999 -9999 -9999 -9999 -9999 0.027459921808060773 0.02804954736938359 0.03143430641002455 0.029142204351161168 0.026766133661546045 0.027695172925012387 -9999 -9999 -9999 -9999 -9999 -9999 -9999 -9999 -9999 -9999
-9999 -9999 -9999 -9999 -9999 -9999 -9999 -9999 -9999 -9999 -9999 -9999 -9999 -9999 -9999 -9999 -9999 -9999 -9999 -9999 -9999 -9999 -9999 -9999 -9999 -9999 -9999 0.03295040003916027 0.030496117776184425 0.009818313926878337 0.02325414895393181 0.024367489586925327 0.024784245127792197 0.02138132102694031 -9999 0.026993775970612997 0.024497999919988616 0.024206818869323844 0.0282921386460226 0.02816291556079161 0.023074111384329143 0.02281302076616202 0.02293482590911626 0.02199579670504472 0.021003664804822228 0.02112820785115269 -9999 -9999 -9999 -9999 -9999 -9999
-9999 -9999 -9999 -9999 -9999 -9999 -9999 -9999 -9999 -9999 -9999 -9999 -9999 -9999 -9999 -9999 -9999 -9999 -9999 -9999 -9999 -9999 -9999 -9999 -9999 -9999 -9999 0.028557278165804383 0.026438315441818933 0.028347751083017087 0.02384119852288507 0.026218138244077226 0.023175865656786608 0.02672283632576104 0.023489211157614657 0.02518842065057905 0.023750019598159818 0.023158378611170517 0.023715627626751074 0.026080637789659144 0.025980368830331026 0.02589808147219869 0.03038150879198787 0.0278576899765639 0.026832766070774037 0.02734169546328713 0.028062235713107828 0.03690381768315703 -9999 -9999 -9999 -9999
-9999 -9999 -9999 -9999 -9999 -9999 -9999 -9999 -9999 -9999 -9999 -9999 -9999 -9999 -9999 -9999 -9999 -9999 -9999 -9999 -9999 -9999 0.04483314626942345 0.032181278744328086 0.035828474431994516 0.03354198893048568 0.031704394204722944 0.028319537953632182 0.027354025261482687 0.026812368551183262 0.029525076332758936 0.02599503448004745 0.03030394728600273 0.026382422719395213 0.02752094973897589 0.024907735335461208 0.025235605416057662 0.024766100619563924 0.024107372513049487 0.025991904086891296 0.025282904530263682 0.02500187917658164 0.029984261146275438 0.03029010241598532 0.02737111762866552 0.0265912639491137 0.028457174459588907 0.028962093480721 0.02698472049969321 -9999 -9999 -9999
-9999 -9999 -9999 -9999 -9999 -9999 -9999 -9999 -9999 -9999 -9999 -9999 -9999 -9999 -9999 -9999 -9999 -9999 -9999 -9999 -9999 0.04669429057059198 0.011489488148242969 0.03387987701683686 0.03627194734984664 0.028839550813738263 0.028738907773444167 0.003556511131208256 0.02744208309238606 0.032993084233275044 0.033568897221906015 0.02530807599091774 0.02667580297231724 0.03037510427926196 0.027787571964909843 0.02762874008035799 0.026570303443141454 0.025050834554344585 0.02452026177043433 0.026499806907785358 0.026031291502656567 0.02545359765704304 0.02533718851135772 0.023838785098272596 0.022570453286220992 0.02264714366385269 0.02356164907353477 0.023329775686621698 0.02563740708837364 -9999 -9999 -9999
-9999 -9999 -9999 -9999 -9999 -9999 -9999 -9999 -9999 -9999 -9999 -9999 -9999 -9999 -9999 -9999 -9999 -9999 -9999 -9999 0.04699530529767924 0.03850509105245329 0.04360632823301848 0.01269496579902641 0.023707853034703942 0.02863316770810963 0.026527283548279986 0.02848571764776685 0.026448097663068253 0.026698912068366925 0.028389682026145 0.029715395087159507 0.032564949611577125 0.03081842842707906 0.02805218340175637 0.02712276432596388 0.02682741540201392 0.027094601019439942 0.02367901051797037 0.023948098551791728 0.02573134357547173 0.023975878536551632 0.02233477714194146 0.022504380686098696 0.0200950504156806 0.020520520333002747 0.020404293410274582 0.01903631916661065 0.020023934810359363 0.01855750119025261 -9999 -9999
-9999 -9999 -9999 -9999 -9999 -9999 -9999 -9999 -9999 -9999 -9999 -9999 -9999 -9999 -9999 -9999 -9999 -9999 -9999 -9999 -9999 0.016300411675225158 0.03265701522013045 0.033616703397608666 0.026490547970693817 0.028906633377243494 0.027553709487705257 0.031573015352536045 0.03391095207888943 0.03248671443494452 0.027377248156999604 0.02837057127987325 0.0247376573293741 0.020274498422337955 0.025961671966806592 0.035736781208620394 0.031247016317101837 0.031317858103578226 0.025105405586075696 0.02799369331403321 0.028816269905384183 0.03227081820576641 0.02959083414097896 0.02105569462489429 0.02739480891353761 0.023855474601301423 0.03429251121209671 0.02889143458292001 0.020179106200440115 -9999 -9999 -9999
-9999 -9999 -9999 -9999 -9999 -9999 -9999 -9999 -9999 -9999 -9999 -9999 -9999 -9999 -9999 -9999 -9999 -9999 -9999 0.03658200422597077 0.031771256091842566 0.03148552346591869 0.02028197743309204 0.031269125728139134 0.02139704642968033 0.029258074607186595 0.03511250595162594 0.036639690865771485 0.034799293716496836 0.032312079013124335 0.02994789276420905 0.029778303330558625 0.029371538645265392 0.02935328646342668 0.027843390471096338 0.026260965436805183 0.02661446301368231 0.0278243440046982 0.024009169708964356 0.02573605532211226 0.02310165234016081 0.02621752335309448 0.023948667620308384 0.029276916391577493 0.029536262296310907 0.027894838601696267 0.0168466025693645 0.024639752392549136 0.025536024655751804 0.02062697406899445 0.021294142606865272 -9999
-9999 -9999 -9999 -9999 -9999 -9999 -9999 -9999 -9999 -9999 -9999 -9999 -9999 -9999 -9999 -9999 -9999 -9999 0.02754098779793962 0.036672547850882864 0.0351424158338312 0.03088121246495709 0.02450772583084726 0.024953613668556297 0.03377763492784636 0.03551929981543233 0.03522683499276469 0.024477032089344864 0.03086808850069859 0.02297630423083565 0.028411513125731588 0.02717167534444356 0.03058982078953854 0.037331839201969336 0.030241297925559237 0.0290372107582463 0.02650147997924275 0.03433609426055238 0.0422883690727394 0.043772422170014175 0.039932028011362315 0.035294433484201734 0.023129412380132185 0.019372506192851517 0.023104931052773132 0.02979271947846577 0.022492991280517183 0.020993748066551837 0.021313909615097614 0.02397700282887268 0.02606960492123715 -9999
-9999 -9999 -9999 -9999 -9999 -9999 -9999 -9999 -9999 -9999 -9999 -9999 -9999 -9999 -9999 -9999 -9999 0.03622643517657797 0.034657572726134685 0.031713860162627734 0.035082035003868056 0.03148187374555017 0.0373127431351644 0.034378518059911045 0.03383717018074533 0.03312000342395 0.034217152348272384 0.03415482144666433 0.031827582182215736 0.03314983414562784 0.030629686036327368 0.023002916273641517 0.022722764146435984 0.029076147584643774 0.02283630033990203 0.02985604914574193 0.03892000209555732 0.029063529078647437 0.04106089968133924 0.03742410889851546 0.03466048028547227 0.03506346286327566 0.02654771005686984 0.028785965773218326 0.029390314038557887 0.03723846298934872 0.038776092570553686 0.028347959698841 0.02293063171853853 0.02327985855959049 -9999 -9999
-9999 -9999 -9999 -9999 -9999 -9999 -9999 -9999 -9999 -9999 -9999 -9999 -9999 0.041295477460141936 0.04150993915365396 0.040039652916066704 0.039456906198209296 0.042612867733320035 0.03179606403199617 0.038203304931882905 0.03264661953044996 0.029662649095668826 0.034227875160275034 0.03615869015344885 0.03418966949471538 0.03093481317917612 0.028160680744895125 0.03327511208967699 0.025791620522726256 0.03278765709400803 0.030405823935289625 0.042485900118424 0.03776295688158545 0.025392302082130568 0.027000764259747716 0.02599855665251602 0.033127750673095056 0.03257764231718351 0.0323795829323523 0.03332167111272941 0.03305095524513305 0.024966159958330462 0.022178593873615975 0.02219474132300062 0.03071268052860925 0.032600750852646326 0.034096317617043015 0.03935608448438191 0.03425742577246076 0.03012396980030985 0.02886569613833209 -9999
-9999 -9999 -9999 -9999 -9999 -9999 -9999 -9999 -9999 -9999 -9999 -9999 -9999 0.050974005907537666 0.042911530378530974 0.03937608389349125 0.039533613473742506 0.04061368397499718 0.038959338702908734 0.027885528932840374 0.03363568333910556 0.03202034209967007 0.040846007652912776 0.03003014654674792 0.02130659354662642 0.028013938833770718 0.02539874456612749 0.02711830547982294 0.024847399940206304 0.01983640817690637 0.01864880121371599 0.02196032759333295 0.03581646033231938 0.038435059267828135 0.03959690960586886 0.02486047609052067 0.03096490644910145 0.0293770399641136 0.030888573495519094 0.026483865898759416 0.0254939845307336 0.02222453416891493 0.02865139471302695 0.034761466950146695 0.03425436442653549 0.0352682048910956 0.032443575008340164 0.026752285472325017 0.026153822238395297 0.02545371007265861 0.025607913178779692 0.02572255874675705
-9999 -9999 -9999 -9999 -9999 -9999 -9999 -9999 -9999 -9999 -9999 -9999 -9999 0.053799830649722984 0.04838885472624 0.048282249331851566 0.04280661061194343 0.03799945317452795 0.026737011095125426 0.026154129766126792 0.027753531981712626 0.03723352882154756 0.028381006353851563 0.02968854530040065 0.02760542130035876 0.02683196066256479 0.0274874504897117 -9999 0.026319937735276244 0.021159817740508825 0.020672193409550448 0.022359820882120133 0.02527039347691705 0.026056124326831315 0.04374034711951398 0.04728269622623507 0.028226492453374174 0.025852572683473952 0.025310032579639843 0.023901970451880312 0.02709917337607073 0.028500568241600757 0.04074555471254608 0.03929774961998712 -9999 -9999 -9999 -9999 -9999 -9999 -9999 -9999
-9999 -9999 -9999 -9999 -9999 -9999 -9999 -9999 -9999 -9999 -9999 -9999 -9999 0.05925083754510201 0.058646876258157336 0.05400169192291002 0.02732207001659529 0.03834636973254977 0.04035543595990077 0.02836351379170692 0.041157039437472884 0.0379215663337399 0.02672832479250742 0.029590485841660862 0.02672201695692928 0.031692382190605155 0.030082664262824143 0.03229382775113535 0.029853685522476924 0.0247354625124684 0.027602817078155147 0.023369476781390744 0.025019773366082382 0.030983042119370918 0.03028720819202308 0.03175632720405764 0.029955923714053444 0.026376248693206338 0.024594918121106955 0.02688102334674489 0.017727911642927224 -9999 -9999 -9999 -9999 -9999 -9999 -9999 -9999 -9999 -9999 -9999
-9999 -9999 -9999 -9999 -9999 -9999 -9999 -9999 -9999 -9999 -9999 -9999 0.04464363963082055 0.05358183821551879 0.05724966054130995 0.024700293987084385 0.06696706629938305 0.05476795063513792 0.02917561343556815 0.0463645491893888 0.03965490760194351 0.04682639590229384 0.0366283804697351 0.03607391458179618 0.038615441591790194 0.02509264373407845 0.028452401276148818 0.02781897389458262 0.02099458820556776 0.027058370183385264 0.032630562801105316 0.026123846413673667 0.02725196548390955 0.02820532770733962 0.029166089154921138 0.028651752227927218 0.028128859460572597 0.0269356038405691 0.02562114652405196 0.027597704234449467 0.029709610225014668 -9999 -9999 -9999 -9999 -9999 -9999 -9999 -9999 -9999 -9999 -9999
-9999 -9999 -9999 -9999 -9999 -9999 -9999 -9999 -9999 -9999 -9999 0.04094568337860969 0.03325742938458677 0.040055690984747455 0.034343782879767026 0.03628242995825711 0.05290296260984634 0.053988475211183565 0.031304062308537065 0.044917003602221374 0.04511415504900479 0.042895446739804485 0.03185033587382205 0.02556653182061896 0.03349321013984223 0.02126273760445252 0.023303368257570758 0.02818905288482783 0.029287161268058092 0.019928700684469308 0.02129758687328688 0.026201212478943657 0.027380070540127182 0.027960231693447 0.030922444754797124 0.030612709164252974 0.028817116911823683 0.02420007215460296 0.023175721185091442 0.028125631789892618 -9999 -9999 -9999 -9999 -9999 -9999 -9999 -9999 -9999 -9999 -9999 -9999
-9999 -9999 -9999 -9999 -9999 -9999 -9999 -9999 -9999 -9999 0.0376145457743419 0.05742050070807974 0.05282149913809267 0.027619060091002567 0.037006362140567316 0.03935487072066018 0.05040862568018645 0.061905531092596326 0.039227655987638936 0.044122903313090635 0.0512300742531254 0.04609784662731961 0.02871853773568462 0.02332239584613246 0.025920880797516928 0.02951011837855764 0.01979444936549461 0.02770946234875189 0.02702475270873434 0.03095459649479894 0.03538825183722967 0.030626225454436707 0.028585657654303064 0.030096120513473736 0.029979474228492693 0.02696033709948379 0.02718761854506676 0.018104114806065545 0.02852791320107345 -9999 -9999 -9999 -9999 -9999 -9999 -9999 -9999 -9999 -9999 -9999 -9999 -9999
-9999 -9999 -9999 -9999 -9999 -9999 -9999 -9999 -9999 -9999 -9999 -9999 0.03473167231686653 0.023332118200035053 0.03044316867067831 0.036107156220288136 0.0415553772133041 0.0343363051983367 0.022482715353489276 0.031641122241138686 0.04821957204079642 0.035226605378427894 0.024434174001005882 0.023125979076999263 0.025692991365895774 0.023509079101642055 0.029087172981155963 0.0348002320724852 0.0369659128411341 0.03705164148508462 0.03537717824167983 0.027718936361747132 0.02501271108854548 0.0263402276020985 0.029449434333774668 0.028635370127823894 0.02671539555733556 0.026600267539046825 0.02862388197887739 0.02946425282447513 -9999 -9999 -9999 -9999 -9999 -9999 -9999 -9999 -9999 -9999 -9999 -9999
-9999 -9999 -9999 -9999 -9999 -9999 -9999 -9999 -9999 -9999 -9999 0.04337281484958013 0.021300284337545432 0.032639048008803594 0.03149302642538105 0.03170154508804945 0.032896769236637056 0.03236025516192935 0.03168677842855661 0.028515251999818587 0.028816740954598206 0.06033421378589264 0.05758186097135129 0.03738340767015645 0.03265149378201582 0.03555708368100501 0.02846020595941416 0.02947100001324949 0.02949778949153898 0.03255673966119624 0.030693399480473137 0.02940922463408476 0.026342001670571782 0.02706352670917472 0.031209521246839244 0.024263495115744 0.025287952130259236 0.027248466831830586 0.028216374472120106 -9999 -9999 -9999 -9999 -9999 -9999 -9999 -9999 -9999 -9999 -9999 -9999 -9999
-9999 -9999 -9999 -9999 -9999 0.05649003627466756 0.04165109813545653 0.032894002812886 0.017834983178362282 0.029427747512714326 0.024824184959440717 0.04490173869479396 0.023189333478826728 0.02852060249289707 0.022912208696031885 0.02793294687783321 0.02474960250288999 0.032398097068262716 0.030916416227409 0.02461857396683373 0.024298926987926614 0.026570497445497672 0.046210228466197566 0.061280028539062475 0.02798014179004461 0.028722747932912414 0.02886816396424931 0.02808794132468005 0.026658465923484247 0.028822252197075595 0.025118263272715914 0.035248388556458815 0.02387719019399652 0.028087776295325096 0.03181147896316675 0.031994424073042066 0.026262922814970446 0.026337750516034698 -9999 -9999 -9999 -9999 -9999 -9999 -9999 -9999 -9999 -9999 -9999 -9999 -9999 -9999
-9999 -9999 -9999 -9999 0.0297110243615246 0.0490911445296989 0.041639010023407225 0.02855663663690957 0.017330564219922337 0.019719608017488528 0.021599418851349073 0.028248456861087658 0.02551494672604649 0.021370445581195188 0.02228598103526076 0.02752659304083921 0.025934955563668604 0.02306310908308937 0.02492275079631304 0.025137858111122995 0.0270417170384911 0.02601303717610336 0.0272091536873944 0.030321205933335982 0.031087053704153163 0.03218229989055312 0.03518685407463164 0.030465811659594957 0.029173890799636393 0.026948942918696053 0.02965941706744265 0.028486442039663 0.02641329257711144 0.020134629917710246 0.02111040262407107 -9999 -9999 -9999 -9999 -9999 -9999 -9999 -9999 -9999 -9999 -9999 -9999 -9999 -9999 -9999 -9999 -9999
-9999 -9999 -9999 0.04178643102546332 0.054305120872158684 0.020412958397450148 0.048553976428151915 0.03667934974684108 0.03329927970575216 0.02273044798513616 0.024338387273371183 0.02388010832433856 0.029301344809103024 0.028868117146975267 0.02628827691524159 0.02311394829683563 0.022094192019474816 0.025788561431730226 0.02530985141722704 0.02461385379395166 0.03394433157844113 0.029936674742846038 0.029715100129338708 0.027479461713519997 0.028025583538445697 0.02638410717573665 0.02772366406032089 0.02837477015718884 0.031172460734648074 0.02890892966466717 0.02512792912856282 -9999 -9999 -9999 -9999 -9999 -9999 -9999 -9999 -9999 -9999 -9999 -9999 -9999 -9999 -9999 -9999 -9999 -9999 -9999 -9999 -9999
-9999 -9999 -9999 0.04239799484444102 0.048149974808994266 0.02937668423848245 0.042998523574890285 0.036555381055751665 0.028886421386498926 0.02709682507972105 0.030043334494816006 0.033139719569274355 0.032594485685753176 0.0304128421980738 0.029593195775904618 0.02725788034460061 0.02588213438855681 0.02559489281313069 0.02630199273539309 0.036212788831164695 0.03775092314095955 0.02754800253990916 0.03040051501690532 0.038916337359574914 0.027003165940064758 0.029490936649163094 0.0344123078528036 0.02795549077503597 0.02089338962758832 -9999 -9999 -9999 -9999 -9999 -9999 -9999 -9999 -9999 -9999 -9999 -9999 -9999 -9999 -9999 -9999 -9999 -9999 -9999 -9999 -9999 -9999 -9999
-9999 -9999 -9999 0.03260941295185689 0.02328845201904657 0.031126245214458743 0.02489732640823808 0.028958454697005337 0.02289012502175876 0.02736745823672096 0.02050744535332663 0.021645003361624303 0.023948911393013618 0.029457409780448838 0.027175383133703882 0.017115563972225786 0.024675075449383344 0.02382154290624385 0.028631444402029093 0.04149587094482517 0.027286580011607033 0.028953870855519568 0.02753231440239908 0.029508224482486137 0.030833490059028357 0.03196012228196792 -9999 0.032223833775485225 -9999 -9999 -9999 -9999 -9999 -9999 -9999 -9999 -9999 -9999 -9999 -9999 -9999 -9999 -9999 -9999 -9999 -9999 -9999 -9999 -9999 -9999 -9999 -9999
-9999 -9999 -9999 0.025289790914212396 0.016173409056680778 0.031777415705476784 0.029523275091102724 0.04340881389839879 0.03146930757960178 0.04234981096976325 0.029068324481112774 0.027190331540391532 0.026910503064276083 0.01930049737863094 0.023209695956291302 0.01742496922385176 0.038154796275620434 0.02695554617951413 0.04489195645399845 0.04162813977762564 0.035868925068105864 0.031763657427286755 0.024357495409166825 0.05128441118093311 0.05027719473080123 0.0443790591208466 0.02940886811512403 -9999 -9999 -9999 -9999 -9999 -9999 -9999 -9999 -9999 -9999 -9999 -9999 -9999 -9999 -9999 -9999 -9999 -9999 -9999 -9999 -9999 -9999 -9999 -9999 -9999
-9999 -9999 -9999 -9999 0.0195848585507208 0.0282376351378922 0.034988954742659666 0.029653273845452324 0.02357720105683208 0.034730936529012366 0.027213270393533263 0.022586775099087984 0.022781789801102962 0.02355497669205163 0.020953127019372183 0.016137730397351346 0.040947649663606235 0.02823623471152998 0.028407678650073695 0.029303989593293837 0.036550693302155664 0.02832523156294415 0.04164301650945108 0.04888079274319861 -9999 -9999 -9999 -9999 -9999 -9999 -9999 -9999 -9999 -9999 -9999 -9999 -9999 -9999 -9999 -9999 -9999 -9999 -9999 -9999 -9999 -9999 -9999 -9999 -9999 -9999 -9999 -9999
-9999 -9999 -9999 -9999 0.028707578264246074 0.0252126499704025 0.035709762950764015 0.026128028255802342 0.03629124468003124 0.031100197010406217 0.03239687025306598 0.03485912441969995 0.031321953230616865 0.033920629322563324 0.03412881087879418 0.022884127258438386 0.020441216632542992 0.018994685358340608 0.021506194765802417 0.031049790760981227 0.02917791848435462 0.036658039930376765 0.03267150485485163 0.03305607403972993 0.032627802102537566 -9999 -9999 -9999 -9999 -9999 -9999 -9999 -9999 -9999 -9999 -9999 -9999 -9999 -9999 -9999 -9999 -9999 -9999 -9999 -9999 -9999 -9999 -9999 -9999 -9999 -9999 -9999
