metrics/grid_rasters/CCI Combined/grideval_CCI Combined_S_fall_absolute_ubrmsd.asc
ncols 52
nrows 55
xllcorner     11.25
yllcorner     55.25
cellsize      0.25
NODATA_value  -9999
[rows 0 to 27 of 55, columns 0 to 51 of 52]
-9999 -9999 -9999 -9999 -9999 -9999 -9999 -9999 -9999 -9999 -9999 -9999 -9999 -9999 -9999 -9999 -9999 -9999 -9999 -9999 -9999 -9999 -9999 -9999 -9999 -9999 -9999 -9999 -9999 -9999 -9999 -9999 -9999 -9999 -9999 -9999 0.03647736013377397 0.03421432764487573 0.04083733118944866 -9999 -9999 -9999 -9999 -9999 -9999 -9999 -9999 -9999 -9999 -9999 -9999 -9999
-9999 -9999 -9999 -9999 -9999 -9999 -9999 -9999 -9999 -9999 -9999 -9999 -9999 -9999 -9999 -9999 -9999 -9999 -9999 -9999 -9999 -9999 -9999 -9999 -9999 -9999 -9999 -9999 -9999 -9999 -9999 -9999 -9999 -9999 -9999 -9999 0.032231590590282036 0.03563003006857411 0.0420076804294332 0.03863881247676673 0.037788173977518234 0.03928467943950513 -9999 -9999 -9999 -9999 -9999 -9999 -9999 -9999 -9999 -9999
-9999 -9999 -9999 -9999 -9999 -9999 -9999 -9999 -9999 -9999 -9999 -9999 -9999 -9999 -9999 -9999 -9999 -9999 -9999 -9999 -9999 -9999 -9999 -9999 -9999 -9999 -9999 0.03556383643473631 0.033139602707299584 0.022992844529960674 0.028907813738391193 0.03010441768378078 0.030752256993043462 0.02705146457173717 -9999 0.03600639852187243 0.03041685215252812 0.030361126834633163 0.03770534660696157 0.03866094133992439 0.035482178267274365 0.03500374521911388 0.033159996611375635 0.03318128133093405 0.03388456069842364 0.03359423370234682 -9999 -9999 -9999 -9999 -9999 -9999
-9999 -9999 -9999 -9999 -9999 -9999 -9999 -9999 -9999 -9999 -9999 -9999 -9999 -9999 -9999 -9999 -9999 -9999 -9999 -9999 -9999 -9999 -9999 -9999 -9999 -9999 -9999 0.031038722113938117 0.03102656613822652 0.031544494431138166 0.028896606429508233 0.029883992194488975 0.028539616607245938 0.0325570808131218 0.02969107955864802 0.033329799890244836 0.0310884152413248 0.03111693453010497 0.03164162158377843 0.033234559960118815 0.031252742349594034 0.030449006860996556 0.03618039761018632 0.03412156559334932 0.03470325746909728 0.0336034324490952 0.03412957390630328 0.035829840327541176 -9999 -9999 -9999 -9999
-9999 -9999 -9999 -9999 -9999 -9999 -9999 -9999 -9999 -9999 -9999 -9999 -9999 -9999 -9999 -9999 -9999 -9999 -9999 -9999 -9999 -9999 0.04470986929670755 0.032980292799006834 0.035518213213616125 0.03405297822315062 0.03067988624400366 0.029020603871451323 0.031781210377965816 0.030499981206302998 0.03249874965746165 0.031048206074727868 0.03732766862114988 0.031617608516911984 0.030869887656672663 0.030032724317510143 0.0334318510721101 0.034318755505802684 0.0334439192918092 0.03151055603106879 0.03052919359095412 0.0320711319748197 0.03881442069031228 0.03638567829887133 0.03418396980669505 0.03315647024475249 0.034496769581321064 0.03382921008600673 0.027770548420343984 -9999 -9999 -9999
-9999 -9999 -9999 -9999 -9999 -9999 -9999 -9999 -9999 -9999 -9999 -9999 -9999 -9999 -9999 -9999 -9999 -9999 -9999 -9999 -9999 0.04671765150656878 0.01584647413505789 0.03232827790776839 0.03412014564111033 0.030557347639990757 0.029707030613193262 0.0150499882764611 0.03139310752411092 0.041254150959358526 0.046552409837706116 0.03280047470902888 0.033669943984015814 0.032610556857517674 0.03022800085729029 0.030493419893326563 0.030467963580225924 0.03099817154206732 0.031259796030099166 0.030737545585428794 0.030484613301296364 0.031463517607419667 0.031318145115125484 0.02952028321525268 0.028049551857351186 0.029187645590612037 0.029374992070362062 0.02838308951649855 0.02548022307963105 -9999 -9999 -9999
-9999 -9999 -9999 -9999 -9999 -9999 -9999 -9999 -9999 -9999 -9999 -9999 -9999 -9999 -9999 -9999 -9999 -9999 -9999 -9999 0.048889363215496716 0.038772497485016114 0.04360223885549869 0.030415462632310694 0.025858224238000143 0.03277754364232302 0.02878451205600367 0.031619377670836744 0.0317797133753378 0.03241162200108584 0.03528629103016575 0.035960296249984765 0.038475412019795575 0.03667982378322416 0.03322313734074603 0.029867850084798662 0.03143891433388748 0.03138460331758909 0.030453713065352238 0.030319904251184675 0.02988133521281982 0.02706543215082621 0.02629881111546753 0.02528168740715913 0.02400195897924001 0.025259182646155644 0.02411672183804561 0.02302272605431581 0.02291098877742248 0.02045915559149851 -9999 -9999
-9999 -9999 -9999 -9999 -9999 -9999 -9999 -9999 -9999 -9999 -9999 -9999 -9999 -9999 -9999 -9999 -9999 -9999 -9999 -9999 -9999 0.03200283715443185 0.035554788066094495 0.03570011146813044 0.03062871851192363 0.031489815274972535 0.030522091463732214 0.03903951188179354 0.04400283823371857 0.03293103975763688 0.030388945873437705 0.032171523959182595 0.02686460731901232 0.024414453357500268 0.030771324125925526 0.039646158617158186 0.03627595421449383 0.035467123750338066 0.029878736046171268 0.030105826195622368 0.02903494090268265 0.029835554357950125 0.029154362171433988 0.021702816170560708 0.030608244152887768 0.02559122696418084 0.030687710375513405 0.027897779092753944 0.02498834197598114 -9999 -9999 -9999
-9999 -9999 -9999 -9999 -9999 -9999 -9999 -9999 -9999 -9999 -9999 -9999 -9999 -9999 -9999 -9999 -9999 -9999 -9999 0.04331556242021705 0.03857855947800833 0.036787708831394136 0.034227276281763315 0.036447114271800286 0.030899282967183 0.04275175553754019 0.03838257511153355 0.03505983690332271 0.03389323328472421 0.0311402138904887 0.02888440166419516 0.028858644701544686 0.029325228952563964 0.029197633566478413 0.03128569746124612 0.030278569970960637 0.030663332243594625 0.03299699620287784 0.02659923126999568 0.027778029691651274 0.02626248520494542 0.027584389795827148 0.024449610497377382 0.028942944483908287 0.030337467060099564 0.03121631510165332 0.02232264924563508 0.028187096395457675 0.02793902827264941 0.028576307268824618 0.027638137480562642 -9999
-9999 -9999 -9999 -9999 -9999 -9999 -9999 -9999 -9999 -9999 -9999 -9999 -9999 -9999 -9999 -9999 -9999 -9999 0.034430135210787215 0.04206823789286311 0.03937133698809365 0.039685337546750125 0.025511797639900392 0.025504675771355824 0.030232216061130145 0.031162965047248387 0.030020747536874105 0.019939687640716592 0.029964274035771937 0.024522431238830102 0.027159819334709297 0.02758713874201744 0.03254801396961522 0.04083662730152597 0.03120936287844462 0.029661251040989812 0.028881626027932063 0.029093047430579538 0.0327513283926452 0.04303762753497346 0.04129831187823568 0.04051014263572153 0.0229165474704626 0.02808452870002105 0.0269572309449688 0.03312149695097577 0.02802896452923775 0.028448330915524518 0.031110400683591968 0.03573454316743565 0.031899020823349084 -9999
-9999 -9999 -9999 -9999 -9999 -9999 -9999 -9999 -9999 -9999 -9999 -9999 -9999 -9999 -9999 -9999 -9999 0.0368596134507654 0.03736784304426563 0.03786019551584269 0.04161318696500222 0.03380565790081125 0.031486364979611915 0.028608394375086294 0.02980939158250237 0.0277151231448262 0.029522059847888714 0.030872385621847964 0.03051322923749755 0.032542844267783845 0.030865158743093257 0.023564304407548482 0.024714573291360228 0.026372553438352955 0.02301676650280164 0.02662902826327521 0.034845318066478816 0.02956689486951813 0.04028263565897844 0.04009743394549116 0.03935646840842598 0.04113993740916893 0.033123472079017384 0.033710022811706784 0.034775177420320755 0.03853554301722453 0.037680810650113125 0.03659502544859519 0.03878660065465226 0.040062691530877007 -9999 -9999
-9999 -9999 -9999 -9999 -9999 -9999 -9999 -9999 -9999 -9999 -9999 -9999 -9999 0.04166521960352888 0.0434284100359386 0.03874377006879439 0.03946732236226196 0.04207186045750358 0.03534557939885892 0.041605426939559334 0.03489387008598041 0.0337547374164996 0.032023997578749415 0.028699719930408967 0.027130728964911054 0.025365932788626363 0.025036442231566324 0.027869270029150888 0.026761706552048438 0.028192442890120836 0.02813596974388941 0.037257254328123435 0.030708830783877133 0.02507907112015587 0.026138339753247444 0.02567861741787973 0.031453912571917986 0.03199813308293966 0.033134559212017856 0.03539905625419913 0.03533791565600598 0.029124817448558327 0.027702665943270352 0.02831777748600465 0.03284265213027368 0.036722259599228216 0.03849696871785074 0.041786808018078776 0.038664910641000264 0.038309076973282966 0.03802113704299034 -9999
-9999 -9999 -9999 -9999 -9999 -9999 -9999 -9999 -9999 -9999 -9999 -9999 -9999 0.04894502355065106 0.04165906545475523 0.03990569167931955 0.04064371951819196 0.040420441694660636 0.04243997974556802 0.039031808229710314 0.03351676701140089 0.030045891999470838 0.03608204140811063 0.02679826644880121 0.020732151662650716 0.02464811738214411 0.027368820612178355 0.024415215588540776 0.02408761629255883 0.02128894129827632 0.01920614590358959 0.02489940899572459 0.03079912847313232 0.032869537589636635 0.03509057968527763 0.027774747453828044 0.031057003670175262 0.030170697460732962 0.030550578543100008 0.02774585431929763 0.027352839841793528 0.02663370467468974 0.029987652607483997 0.0349713314388946 0.034770432398396355 0.035793851420315215 0.03427775400624745 0.031237824242698525 0.03048399717556991 0.029352171999042505 0.029241692340020064 0.03294004581215712
-9999 -9999 -9999 -9999 -9999 -9999 -9999 -9999 -9999 -9999 -9999 -9999 -9999 0.04625664850841206 0.04636476600772889 0.04722307285438128 0.03341450189349313 0.031958370227189635 0.03307956043312897 0.028228397792932576 0.027567486557588502 0.031714970702046485 0.027378888011032197 0.027333519840935187 0.025668168967041757 0.02306978445769945 0.02522952078124367 -9999 0.026722439536180014 0.0210098186654216 0.019929047696646114 0.02113133911619724 0.023595191642023755 0.02435935623555537 0.033971482179848814 0.03693014835949695 0.026534038965294673 0.02618557251929035 0.02623993099109249 0.026368419863320062 0.026835963303870544 0.03958402567343048 0.046189102516116916 0.04701126747554585 -9999 -9999 -9999 -9999 -9999 -9999 -9999 -9999
-9999 -9999 -9999 -9999 -9999 -9999 -9999 -9999 -9999 -9999 -9999 -9999 -9999 0.05440279496323289 0.05115810872265892 0.03864996989171995 0.04074698148001343 0.032315114737645693 0.03025655941068056 0.02768060856576101 0.03526191024967123 0.03502363142484678 0.021373768572608497 0.02772761230189466 0.02198749714744716 0.02987812039408098 0.03039104744428339 0.03722532964746501 0.026512590738227683 0.021935751422063943 0.023846922242810514 0.022940185959719882 0.02500912566047502 0.030773397522594413 0.03125008291495996 0.029289758539397 0.02858764669162672 0.02693845649470379 0.027098374760010563 0.028599581534710164 0.02553100942495285 -9999 -9999 -9999 -9999 -9999 -9999 -9999 -9999 -9999 -9999 -9999
-9999 -9999 -9999 -9999 -9999 -9999 -9999 -9999 -9999 -9999 -9999 -9999 0.0511752325792341 0.053310609226243935 0.04885784846642098 0.024898693411435583 0.05581690623999712 0.038849693789737814 0.03105983914610797 0.0383577872168588 0.034953812096470284 0.04008574125150642 0.03156475003893292 0.029686243334236258 0.03376489843176466 0.024483394781107004 0.02625867331983767 0.030967760523556983 0.027699315155080652 0.02498837836017645 0.026222174471652333 0.027908024794709527 0.02883720802601254 0.03121590014108517 0.03077129770910036 0.029871211640579338 0.0279602949800665 0.02783050292981571 0.027314283398781388 0.02905679248799745 0.03173377208110844 -9999 -9999 -9999 -9999 -9999 -9999 -9999 -9999 -9999 -9999 -9999
-9999 -9999 -9999 -9999 -9999 -9999 -9999 -9999 -9999 -9999 -9999 0.040236943605645184 0.038222465114209854 0.041629554876227576 0.04272350253082634 0.04130563061685808 0.03875932154736625 0.04346132016401126 0.03148447939203863 0.03858817736178223 0.03912768926372615 0.037519733951258266 0.03247785231763745 0.02332984353984651 0.031797268061825236 0.02565846078548905 0.02209815804252636 0.030344233083720237 0.02777661543531413 0.022164748980415518 0.022397166861324255 0.028090857045923758 0.02924697335378366 0.030297694436643718 0.030982939242619363 0.032390641428403213 0.028976130858844783 0.02643837609082833 0.027271907892483814 0.031599423828731765 -9999 -9999 -9999 -9999 -9999 -9999 -9999 -9999 -9999 -9999 -9999 -9999
-9999 -9999 -9999 -9999 -9999 -9999 -9999 -9999 -9999 -9999 0.03061371213130337 0.0394362805784062 0.044871028546896924 0.04002278295979631 0.040014410668734186 0.04142463073229464 0.04301593233573005 0.04845297509362735 0.03256617870747304 0.038289150670257864 0.04252803099910766 0.03925322363156433 0.02353487087035344 0.02034871109450001 0.024446191388775167 0.026264179344534174 0.019590830479309027 0.028346967231872307 0.023453367442083404 0.026556394714523486 0.02950769426552545 0.028927114849160124 0.02794137116521301 0.02870130511675165 0.029734720735674226 0.02665482311084569 0.02854258337128513 0.02420787427852351 0.029353590126524682 -9999 -9999 -9999 -9999 -9999 -9999 -9999 -9999 -9999 -9999 -9999 -9999 -9999
-9999 -9999 -9999 -9999 -9999 -9999 -9999 -9999 -9999 -9999 -9999 -9999 0.033227828909287035 0.03038183343595948 0.027050963476702126 0.028882456492799732 0.03244699631401738 0.027858388840157167 0.02062795517302844 0.02696016002096584 0.03794828257076966 0.03127572061956771 0.022529683427272764 0.022826101873120404 0.02646437849823665 0.024797836511490024 0.02706181177243954 0.029913944372194738 0.03434658945558548 0.03202737217375445 0.030914429713537632 0.026624146483664752 0.02501410217894959 0.02523325316975969 0.027549933144403863 0.02685891518706944 0.02704784037463192 0.026882044839821418 0.02985140671706508 0.031531659331442016 -9999 -9999 -9999 -9999 -9999 -9999 -9999 -9999 -9999 -9999 -9999 -9999
-9999 -9999 -9999 -9999 -9999 -9999 -9999 -9999 -9999 -9999 -9999 0.03312681694283661 0.0267913881163128 0.028386954528162537 0.027945909810753216 0.027458971412602097 0.02888738013565505 0.02910044774379308 0.02947736671935852 0.02699310965581337 0.02475635105071828 0.04633791447577303 0.04516795075222591 0.030229067973318764 0.029956593247840963 0.030362022033796555 0.02495250806037597 0.024644406424955228 0.02552415371125273 0.027769809657711798 0.027602311538663327 0.027268195229141368 0.02527324554845961 0.024700041592846736 0.02742922857789153 0.024887072505915698 0.02622217159079184 0.028759603412336694 0.029857314132850633 -9999 -9999 -9999 -9999 -9999 -9999 -9999 -9999 -9999 -9999 -9999 -9999 -9999
-9999 -9999 -9999 -9999 -9999 0.03895778642839492 0.029775754170565983 0.027954943099595397 0.03302443129688565 0.031202333563063386 0.02574809676852004 0.034490855780969484 0.02372118317923548 0.0261066571783287 0.02292499229342285 0.0243176315524323 0.024377440391899808 0.03093521744879457 0.02926254499827785 0.021553809609112105 0.020361254150256504 0.022344220907820626 0.035337142975108746 0.05016781195965202 0.021773277152172418 0.02353048906269815 0.023956840090229983 0.023307904488638696 0.02298990059406075 0.024257093193957118 0.02235101486529785 0.029628490011601557 0.02318890885546276 0.025753726278319157 0.02933215598965577 0.03022098728078505 0.02673884381444096 0.0261061230564272 -9999 -9999 -9999 -9999 -9999 -9999 -9999 -9999 -9999 -9999 -9999 -9999 -9999 -9999
-9999 -9999 -9999 -9999 0.025132526608275224 0.0322781401525908 0.03042710721293445 0.025262379529742543 0.02899644073070212 0.02967778427728325 0.02233694332662377 0.02537182227681364 0.023324793483292854 0.022566034015737 0.022790371910743276 0.031576859154416714 0.026917640929319385 0.023289639181289314 0.02289069538875393 0.022689972449894225 0.022909554860193068 0.022784626385241584 0.02239854933811607 0.026967304809864284 0.02654376165523512 0.026675715064852928 0.029625545105405937 0.02611174754005444 0.02463048063156716 0.02416862209065972 0.025775879532246627 0.02656040764442597 0.026470259579772237 0.026337995435687864 0.02461572738024513 -9999 -9999 -9999 -9999 -9999 -9999 -9999 -9999 -9999 -9999 -9999 -9999 -9999 -9999 -9999 -9999 -9999
-9999 -9999 -9999 0.036944799633974464 0.038538683513850085 0.03098190214643119 0.03692561126248129 0.028818335416354094 0.027802222710570142 0.03124286967363201 0.023184957589662082 0.029230943529136057 0.026523677138072937 0.026188357376624158 0.0291127650014806 0.026421464571941628 0.02266799282455632 0.023662343083824124 0.023323180032188227 0.02260775609617975 0.02928345491420152 0.0271664278388937 0.02475075505981651 0.02493242393302993 0.024668183139162917 0.02419585840876732 0.024474132163829453 0.025509336840416258 0.027982694594562617 0.028450956010645845 0.02648523729620759 -9999 -9999 -9999 -9999 -9999 -9999 -9999 -9999 -9999 -9999 -9999 -9999 -9999 -9999 -9999 -9999 -9999 -9999 -9999 -9999 -9999
-9999 -9999 -9999 0.04630321678680965 0.05424920608440841 0.031665078438741064 0.04357864168570216 0.03857760875902146 0.03187184079420472 0.02952593552466475 0.031675355765530946 0.028049168047258568 0.028733154942106418 0.027399691715660875 0.024565768412219056 0.0231212333444053 0.022431037009917155 0.02292087331149911 0.023413234080286144 0.03143651906346345 0.031526463020959405 0.02647266090969144 0.025436236466322728 0.030580107569032008 0.02655493044066049 0.02883329044692438 0.02969653506395505 0.02614520300958991 0.025103339929642424 -9999 -9999 -9999 -9999 -9999 -9999 -9999 -9999 -9999 -9999 -9999 -9999 -9999 -9999 -9999 -9999 -9999 -9999 -9999 -9999 -9999 -9999 -9999
-9999 -9999 -9999 0.034113376185570386 0.03162726423595792 0.033750694211643284 0.03287366543660911 0.03731992106294258 0.03343171997183297 0.03545646353360053 0.028979798770672426 0.03285980580639879 0.022805266000836072 0.029066232931609332 0.026321016276286986 0.023439481190043104 0.022655009587496545 0.021710711134805483 0.024333130026472177 0.033778101916858025 0.025803200459223186 0.02531056488718604 0.025164267675348715 0.026985341625862 0.029752135229600886 0.032256189810152214 -9999 0.03200948283064315 -9999 -9999 -9999 -9999 -9999 -9999 -9999 -9999 -9999 -9999 -9999 -9999 -9999 -9999 -9999 -9999 -9999 -9999 -9999 -9999 -9999 -9999 -9999 -9999
-9999 -9999 -9999 0.03554627645968493 0.03257281373105904 0.0366909528054464 0.036870578034798485 0.05136181961963395 0.036982523948326435 0.05002388660371807 0.034189311717979995 0.032295308820716524 0.029345942510953838 0.022640957713642152 0.022614146249351152 0.01924377151248601 0.03052957706617342 0.024072207788415883 0.033836893781690566 0.03215166228044357 0.031216506780449262 0.03005125646130272 0.023545122846677667 0.04575095998382212 0.047688858570784184 0.04343313381364476 0.03382744748940754 -9999 -9999 -9999 -9999 -9999 -9999 -9999 -9999 -9999 -9999 -9999 -9999 -9999 -9999 -9999 -9999 -9999 -9999 -9999 -9999 -9999 -9999 -9999 -9999 -9999
-9999 -9999 -9999 -9999 0.0443028291046182 0.030442299034946108 0.0398432097247004 0.037193075560890056 0.033884333701996894 0.04416064529248832 0.031455654416106 0.02538603365091396 0.02688101147637547 0.02594531828395572 0.022670059075082412 0.0251144262538546 0.030928922146970624 0.023453427674979876 0.0256218709477918 0.026014755315261564 0.03143089209654831 0.02438581570239816 0.03379114981943388 0.04537580592017867 -9999 -9999 -9999 -9999 -9999 -9999 -9999 -9999 -9999 -9999 -9999 -9999 -9999 -9999 -9999 -9999 -9999 -9999 -9999 -9999 -9999 -9999 -9999 -9999 -9999 -9999 -9999 -9999
-9999 -9999 -9999 -9999 0.034625781307841934 0.033211121584168286 0.048170789523692116 0.03284417635954583 0.045296414181522034 0.036550746855608635 0.03061192653876666 0.029926620436954737 0.02680393202882344 0.02749721734478297 0.027903653890799792 0.024043298918666186 0.023187152482341274 0.022590690875193917 0.022973163702227854 0.02693797813760531 0.027115232509056692 0.028991811256684583 0.027685199147329448 0.027996607579131427 0.035348147362600925 -9999 -9999 -9999 -9999 -9999 -9999 -9999 -9999 -9999 -9999 -9999 -9999 -9999 -9999 -9999 -9999 -9999 -9999 -9999 -9999 -9999 -9999 -9999 -9999 -9999 -9999 -9999
