metrics/grid_rasters/CCI Combined/grideval_CCI Combined_Y_2018_absolute_bias.asc
ncols 52
nrows 55
xllcorner     11.25
yllcorner     55.25
cellsize      0.25
NODATA_value  -9999
[rows 0 to 27 of 55, columns 0 to 51 of 52]
-9999 -9999 -9999 -9999 -9999 -9999 -9999 -9999 -9999 -9999 -9999 -9999 -9999 -9999 -9999 -9999 -9999 -9999 -9999 -9999 -9999 -9999 -9999 -9999 -9999 -9999 -9999 -9999 -9999 -9999 -9999 -9999 -9999 -9999 -9999 -9999 0.14631575771740507 0.11679617464542393 0.05981173328100109 -9999 -9999 -9999 -9999 -9999 -9999 -9999 -9999 -9999 -9999 -9999 -9999 -9999
-9999 -9999 -9999 -9999 -9999 -9999 -9999 -9999 -9999 -9999 -9999 -9999 -9999 -9999 -9999 -9999 -9999 -9999 -9999 -9999 -9999 -9999 -9999 -9999 -9999 -9999 -9999 -9999 -9999 -9999 -9999 -9999 -9999 -9999 -9999 -9999 0.16561413465476615 0.12362235629310207 0.12517001561514318 0.10397039528550772 0.04569919195753583 0.020920193195343027 -9999 -9999 -9999 -9999 -9999 -9999 -9999 -9999 -9999 -9999
-9999 -9999 -9999 -9999 -9999 -9999 -9999 -9999 -9999 -9999 -9999 -9999 -9999 -9999 -9999 -9999 -9999 -9999 -9999 -9999 -9999 -9999 -9999 -9999 -9999 -9999 -9999 0.1571150826925487 0.13050525582605793 0.06071478341306957 0.05342915358132872 0.0792379543386601 0.06647957794559306 0.05815241901786782 -9999 0.0602459302010564 0.10504506264414104 0.11165402743513186 0.03286257272923898 0.011988914451178391 0.003545029709736497 0.007472589789401907 0.0006670075619292226 0.007319044097360366 0.001732583146497435 -0.00480626342874585 -9999 -9999 -9999 -9999 -9999 -9999
-9999 -9999 -9999 -9999 -9999 -9999 -9999 -9999 -9999 -9999 -9999 -9999 -9999 -9999 -9999 -9999 -9999 -9999 -9999 -9999 -9999 -9999 -9999 -9999 -9999 -9999 -9999 0.19336368579130908 0.2134293906443508 0.17655071995475075 0.18688333591568132 0.18796072403589886 0.12047205069420502 0.028306959839592194 0.024413281543688357 0.020778576335446414 0.013634527240480698 0.01099159083004747 0.007076028441445199 0.007224548001622033 0.0035681687744267 -0.00035610485751674803 0.002993444325747302 0.0018253967165947074 -0.004823621114095039 -0.002255956964059308 -0.00030006468296051025 -0.011496413053956434 -9999 -9999 -9999 -9999
-9999 -9999 -9999 -9999 -9999 -9999 -9999 -9999 -9999 -9999 -9999 -9999 -9999 -9999 -9999 -9999 -9999 -9999 -9999 -9999 -9999 -9999 0.16831008065969516 0.1611112872601817 0.15596877057582906 0.12312154927187495 0.19802017586074605 0.19947999305483224 0.18579489687114087 0.17532604526389728 0.16644128525661211 0.13774512333315125 0.10424234126553387 0.006779530484761514 0.004953537200916708 -0.007419490831435754 0.0062451894794191545 0.01490050606560289 0.010057571018941308 0.01360187212745828 0.009039809791053205 -0.00516986401706207 0.0014125726705679909 0.013386243803900966 0.009966056328266859 -0.003241764462512481 0.006778602274308293 0.010517582389307613 0.004655273434538282 -9999 -9999 -9999
-9999 -9999 -9999 -9999 -9999 -9999 -9999 -9999 -9999 -9999 -9999 -9999 -9999 -9999 -9999 -9999 -9999 -9999 -9999 -9999 -9999 0.1665825957572588 0.15956887666215286 0.15390572065760375 0.11829210659290885 0.129592161406489 0.1491292615731557 0.14297948963940146 0.1994343109925588 0.1628846715020526 0.13232902288436887 0.0892285747032096 0.05236385116376074 0.004045844344156141 -0.01232994052432698 -0.00470737285084194 -0.0017359702056543025 -0.0045960042850080865 0.00386174086368446 0.007663331067923356 0.010717628114834066 0.013330916079079241 0.011316989307050357 0.005274755429036882 -0.0038098073922670783 -0.010600086206044912 -0.007735446938928582 -0.00819046889086189 -0.01988440148438078 -9999 -9999 -9999
-9999 -9999 -9999 -9999 -9999 -9999 -9999 -9999 -9999 -9999 -9999 -9999 -9999 -9999 -9999 -9999 -9999 -9999 -9999 -9999 0.1624608677294519 0.15495170185551846 0.17548890543889395 0.1771130362089644 0.2088425321294772 0.18690692381216928 0.19560281090608989 0.1855351209429139 0.1413753665983677 0.11785567522823034 0.08659316105710946 0.019585600513184143 0.006041917186903667 -0.00552868608272436 -0.010142769619642972 -0.005806279931953567 -0.010300783667622548 -0.010671160479144348 -0.012367968243069766 0.0012644394957946061 0.0035747961141169016 0.003427640923970854 -0.0035232365321201937 -0.012679299750885414 -0.015300680484090529 -0.0195883671184639 -0.026729070659606696 -0.03853494909248853 -0.04140440438474927 -0.02325076378986868 -9999 -9999
-9999 -9999 -9999 -9999 -9999 -9999 -9999 -9999 -9999 -9999 -9999 -9999 -9999 -9999 -9999 -9999 -9999 -9999 -9999 -9999 -9999 0.1986991423062789 0.209791943730924 0.19143642981847125 0.191398673504591 0.18376041434962176 0.15902290786134787 0.11037010112345612 0.03550011536497977 0.036267997592872685 0.08786699690936522 0.015354897045058963 0.011978571274265742 0.00576298827664895 0.008125461043755694 0.013424865855761107 0.0107797886147821 0.004542176278285043 -0.007139746310575956 -0.003971454042654782 -0.0008071326905754739 -0.00648227830727896 -0.01199224037237656 -0.020170658731307745 -0.02004944896086669 -0.02355659485252853 -0.02791970319488421 -0.03699003415156718 -0.03524897836305044 -9999 -9999 -9999
-9999 -9999 -9999 -9999 -9999 -9999 -9999 -9999 -9999 -9999 -9999 -9999 -9999 -9999 -9999 -9999 -9999 -9999 -9999 0.14747371831908826 0.1536208887894948 0.1562700895896924 0.12196039259433746 0.15816933188486745 0.11417295642135555 0.025956417340785267 0.02565911521940875 0.027936246972985385 0.014826036717106666 0.0017794753693364254 -0.0041126469892958095 -0.011418180364482805 -0.013212914708294443 -0.018630685175166417 -0.008274685684591526 -0.0039292806238861435 -0.0007645812649164085 -0.002731051575392496 -0.014197999219985519 -0.01354841840190765 -0.0107948109026878 -0.013992324566993952 -0.01862167213589716 -0.02628356806274984 -0.03010695969977348 -0.03427843708975786 -0.031369679857944616 -0.030260387268559674 -0.03107171833931982 -0.02241786335195814 -0.016680317990323323 -9999
-9999 -9999 -9999 -9999 -9999 -9999 -9999 -9999 -9999 -9999 -9999 -9999 -9999 -9999 -9999 -9999 -9999 -9999 0.16596149370977376 0.14682562143172856 0.14325615801388702 0.12373182652102915 0.04072058771271258 -0.003263501132406837 0.022122698876024027 0.008684139166559496 -0.010010293144502748 -0.029373102921705974 -0.024455559976173158 -0.02595804245383651 -0.011162975814444892 -0.008368474245071422 -0.000555736215218261 -0.005636006009344968 -0.0161939297731106 -0.01744159669071049 -0.019576956668207718 -0.022379661886355817 -0.026645789511742124 -0.021199313617205312 -0.02200970581815212 -0.02881202785072812 -0.03133293198278317 -0.0222557423686659 -0.023806177576382957 -0.03215554822869851 -0.030917150006718824 -0.03135136869446983 -0.029618885748240426 -0.028611068824927005 -0.023283688326676686 -9999
-9999 -9999 -9999 -9999 -9999 -9999 -9999 -9999 -9999 -9999 -9999 -9999 -9999 -9999 -9999 -9999 -9999 0.15792447615128294 0.15983268756132854 0.08826795276605859 0.02741737246868159 0.015445760368595463 0.011540987897057877 0.0015482053425185105 -0.002458008401321654 -0.016200540164497013 -0.016492562425648505 -0.010041130101022531 -0.011893262314360305 -0.008067368007287745 -0.006743590746607103 -0.016570109665764055 -0.01608330508073172 -0.026474374131514492 -0.0323336957530542 -0.03977089968262887 -0.03243212635014334 -0.01455101342155382 -0.02959691773395282 -0.034035600672494504 -0.03955326356778019 -0.041231309541979344 -0.040429454272156516 -0.04169518316720988 -0.03712499227661353 -0.02965129199642805 -0.028747042863623895 -0.028962176615073363 -0.03633493471960103 -0.0391670794960875 -9999 -9999
-9999 -9999 -9999 -9999 -9999 -9999 -9999 -9999 -9999 -9999 -9999 -9999 -9999 0.10467818810504936 0.11538029707366634 0.12884106785058974 0.1356364087905826 0.14201779325315556 0.16002759633334818 0.12890643530462415 0.1164579535920196 0.03236288271067333 -0.015849222149699915 -0.010410815847586408 -0.01184573815846296 -0.012232748618037055 -0.02579671098494235 -0.02263391505247392 -0.034784530881066006 -0.025400623388878718 -0.018637589326030324 -0.024657973039307085 -0.02776462104367583 -0.03921186739000782 -0.038575613845701066 -0.03847158478190568 -0.035910541583832944 -0.041654078327879616 -0.03485367296112552 -0.03194518327713014 -0.03697721391916276 -0.03507090151309966 -0.031707064012686415 -0.04078567758301235 -0.04304272083467559 -0.03743412769308277 -0.03061248362064362 -0.03183540498247797 -0.032478238484874265 -0.0353839296892465 -0.01955417750111546 -9999
-9999 -9999 -9999 -9999 -9999 -9999 -9999 -9999 -9999 -9999 -9999 -9999 -9999 0.1314024591142205 0.11329048962304088 0.05546521244659308 0.00804172302114553 0.011375968339126241 0.0301821483884539 0.07083291019357385 0.008687737855044286 -0.0036456755362451188 -0.022490057276516432 -0.027393990411208213 -0.016817176471585815 -0.018516810296417833 -0.022190827344145098 -0.02725034852822622 -0.03214208813423805 -0.03364911178747812 -0.02999450340338633 -0.026113577711750074 -0.02722413941389984 -0.0354234704683567 -0.041950392581167666 -0.040952466878314935 -0.030126695258495127 -0.032044845401861116 -0.03343336673299219 -0.03416378871549533 -0.029114249386364893 -0.03223261163101432 -0.03549914163832338 -0.03883420125297879 -0.04596580006182194 -0.04743813449823403 -0.051926141203958776 -0.044016586734524236 -0.045076235660217095 -0.042700420385636616 -0.0368119390464268 0.010077523856075243
-9999 -9999 -9999 -9999 -9999 -9999 -9999 -9999 -9999 -9999 -9999 -9999 -9999 0.10636299078936108 0.027788796606991014 0.01556052555960996 0.013937383252669132 -0.0005362654054487104 -0.00912842405555042 -0.002794620499276285 -0.014453775331943863 -0.03311499160451767 -0.01834869038674139 -0.01221370400908667 -0.01627052981745114 -0.023212153954725503 -0.026979625329271062 -9999 -0.019093228803647968 -0.028635823829420683 -0.026309254354444037 -0.023448581598242924 -0.0220763144427783 -0.02246509656823914 -0.02603259213166695 -0.03498206592646222 -0.03175795656677924 -0.02363342591203177 -0.020212571947805347 -0.02656763573740697 -0.02271148219982289 -0.022442852829229396 -0.031080895554773582 -0.04206470519767525 -9999 -9999 -9999 -9999 -9999 -9999 -9999 -9999
-9999 -9999 -9999 -9999 -9999 -9999 -9999 -9999 -9999 -9999 -9999 -9999 -9999 0.04000966317123839 0.017167343940148794 0.009588089602237393 -0.010039445993147406 -0.014850618263889587 -0.009099269142517684 -0.00308920034937038 0.002735750678973859 -0.01310365651823153 -0.03241043984889985 -0.04201342427814511 -0.041027071801098915 -0.034490952268242836 -0.029815022109283332 -0.016387951042917043 -0.03248032824746494 -0.03487908268628054 -0.03147087820075653 -0.02834693195463037 -0.02380219908201531 -0.02673567981527955 -0.02984710777765953 -0.030362786650657638 -0.0315665843847551 -0.033237813442361125 -0.029125395696610205 -0.03180921169146439 -0.02589238855627277 -9999 -9999 -9999 -9999 -9999 -9999 -9999 -9999 -9999 -9999 -9999
-9999 -9999 -9999 -9999 -9999 -9999 -9999 -9999 -9999 -9999 -9999 -9999 0.13124082151687505 0.055351633212469886 0.02852980086224616 -0.022273045352527082 -0.0009225500357705475 -0.0010883147723576014 -0.009250821614706944 -0.003039732389152061 -0.011102978331156256 -0.015022847997514828 -0.005571308790853158 -0.024890165356610792 -0.03681994760281418 -0.032057241905455613 -0.035749586804813105 -0.028281302044266158 -0.029878470262414525 -0.029423803795833838 -0.031202460765033163 -0.03515018680632509 -0.0265899342729857 -0.02862672205843958 -0.029889189197044613 -0.031144555029156917 -0.0313323847477949 -0.03302515609354911 -0.034045550506561995 -0.03497492508118197 -0.043644236121326674 -9999 -9999 -9999 -9999 -9999 -9999 -9999 -9999 -9999 -9999 -9999
-9999 -9999 -9999 -9999 -9999 -9999 -9999 -9999 -9999 -9999 -9999 0.011657049860617108 0.04510748495606226 0.06271352650978235 0.06077575667308328 -0.005582836822847298 -0.008582516505223958 -0.01368713360844237 -0.010098753451574127 -0.012014091014862059 -0.02097832487943846 -0.027977204803497552 -0.030970139013733824 -0.030994742435793726 -0.029350681373706226 -0.026271977304638202 -0.019617518858064592 -0.00919349646413481 -0.030948881955840918 -0.024896634543466856 -0.03158704545348884 -0.036086088196831456 -0.028219885615088175 -0.03294794798267553 -0.02533757291090341 -0.03222241607017634 -0.03566238747500791 -0.03651492324258601 -0.04172056833070195 -0.062124949039482485 -9999 -9999 -9999 -9999 -9999 -9999 -9999 -9999 -9999 -9999 -9999 -9999
-9999 -9999 -9999 -9999 -9999 -9999 -9999 -9999 -9999 -9999 -0.005236990610572785 -0.007840823630491905 -0.015429861332271616 -0.021467985098178568 -0.012932718198567143 -0.011814282058241836 -0.006098380594542541 -0.008865742603453186 -0.02972191665907325 -0.0269669381515035 -0.010375607854280709 -0.01760155397542515 -0.021465495691536385 -0.025249522551894197 -0.026487926893596414 -0.03199033870262169 -0.031688874997432864 -0.01858452171277089 -0.026433560418786476 -0.0304139749018732 -0.03232197331476816 -0.0335384227109678 -0.032418672063133924 -0.033533247131289856 -0.035223410707531544 -0.04177784286216349 -0.04444091004168915 -0.03848187301088782 -0.03831102401018144 -9999 -9999 -9999 -9999 -9999 -9999 -9999 -9999 -9999 -9999 -9999 -9999 -9999
-9999 -9999 -9999 -9999 -9999 -9999 -9999 -9999 -9999 -9999 -9999 -9999 0.037595055365966516 -0.011515245650165762 -0.014867553810873431 -0.01891147963928455 -0.029392690837748956 -0.03671410468257505 -0.043321310011155766 -0.0421966035850346 -0.041871998413109485 -0.037970882966930485 -0.03318447983119546 -0.02754619943373132 -0.0248584283016077 -0.026435827916385213 -0.0310063617699074 -0.034181374346926086 -0.04056515013743303 -0.04402890138146354 -0.03388026572135558 -0.029218313899653712 -0.032697404395638174 -0.03537613582961699 -0.039018051395582586 -0.043529328998438144 -0.04703069754530875 -0.04007236605199674 -0.04859586762196105 -0.06166019141674042 -9999 -9999 -9999 -9999 -9999 -9999 -9999 -9999 -9999 -9999 -9999 -9999
-9999 -9999 -9999 -9999 -9999 -9999 -9999 -9999 -9999 -9999 -9999 0.030536465302198945 -0.04088341742753981 -0.008445745813632444 -0.045274206063374366 -0.03285172446207565 -0.03470305671415677 -0.040357634603620296 -0.0403830504843167 -0.039506940654030535 -0.03582653510356379 -0.033154187570599965 -0.0374128465589724 -0.032951304592149094 -0.02887569710441018 -0.02945819403976202 -0.0372139448300004 -0.025687834055259318 -0.02439676906381336 -0.0321148143246256 -0.03688917579975995 -0.03525887714343123 -0.03930806032248907 -0.04119766482285092 -0.04146683555116098 -0.04189198070611711 -0.04919926554728776 -0.0414006738506969 -0.04627284859166 -9999 -9999 -9999 -9999 -9999 -9999 -9999 -9999 -9999 -9999 -9999 -9999 -9999
-9999 -9999 -9999 -9999 -9999 0.0636198445353457 -0.0047293203521747715 0.02751684945482047 0.050809727516025305 0.05838833017307416 0.032597325106219543 -0.0266913073818858 -0.018770244649865403 -0.0376827773933639 -0.04582893857184578 -0.04932190530440386 -0.04758979409348732 -0.04053511823478498 -0.04330941215593215 -0.046891426678859816 -0.04487207161657738 -0.04830885424119672 -0.04612522567763472 -0.04430363278189106 -0.049036432829128916 -0.0492478193238724 -0.04506133437495341 -0.04132995392595018 -0.035782157537642495 -0.0347872313873544 -0.03687385191301723 -0.04842267833326175 -0.04810419526635384 -0.044676233291020856 -0.04590514904320842 -0.035634796544909475 -0.03181736485742445 -0.029513246300232467 -9999 -9999 -9999 -9999 -9999 -9999 -9999 -9999 -9999 -9999 -9999 -9999 -9999 -9999
-9999 -9999 -9999 -9999 0.03826861868377862 0.06959414445232638 0.06450829975306988 -0.017507374141980142 -0.03796171706713988 -0.03378286687512472 -0.046692684119523965 -0.04459170469215937 -0.0455696962479144 -0.051844031295993104 -0.053158835689911886 -0.06270346913966665 -0.05744502665819945 -0.054382931354433985 -0.05031374278803205 -0.045625475117529964 -0.04762203771282325 -0.04889492791588024 -0.041876992049244784 -0.046994808656828764 -0.05098356709055518 -0.0483939896027247 -0.0426869486684853 -0.0366831483597255 -0.035519925836059785 -0.03559498480891668 -0.035564498928597726 -0.03935206288368859 -0.04390379363921152 -0.05008105080351871 -0.07709779949099929 -9999 -9999 -9999 -9999 -9999 -9999 -9999 -9999 -9999 -9999 -9999 -9999 -9999 -9999 -9999 -9999 -9999
-9999 -9999 -9999 0.09404523949525513 0.02346558769543966 -0.0027654367057900475 0.07776128310103747 -0.019905324771766264 -0.02563523622083413 -0.031482441757602266 -0.036859073268400655 -0.02291534202439444 -0.0269885194170606 -0.044972901820470514 -0.056359711699856964 -0.05321639369046965 -0.051041666655182144 -0.05299487572184877 -0.060767087785676965 -0.06108853065898653 -0.06627569914880124 -0.05555954918094064 -0.0475140997750611 -0.053415580405353824 -0.0603233536694969 -0.05436887596193599 -0.047409289753114835 -0.03862785384990275 -0.03637661399760683 -0.037465467329186514 -0.04007470337491409 -9999 -9999 -9999 -9999 -9999 -9999 -9999 -9999 -9999 -9999 -9999 -9999 -9999 -9999 -9999 -9999 -9999 -9999 -9999 -9999 -9999
-9999 -9999 -9999 0.10455388147780237 0.10860836548062992 0.061466689709396616 0.023705257387722226 0.036169568608914134 0.053974702786863504 -0.01934878817862934 -0.04055898952419343 -0.020609468624398525 -0.009886150924783009 -0.041784108336506 -0.05264319887374366 -0.041049339003482094 -0.04053745740616816 -0.042307097060339804 -0.04585471918839895 -0.053552485511688425 -0.05571410393013673 -0.05223717165868835 -0.0485820075453714 -0.04465986219015014 -0.040021419610785335 -0.03123181602342532 -0.03681747023899532 -0.044086000993491366 -0.05173464152795165 -9999 -9999 -9999 -9999 -9999 -9999 -9999 -9999 -9999 -9999 -9999 -9999 -9999 -9999 -9999 -9999 -9999 -9999 -9999 -9999 -9999 -9999 -9999
-9999 -9999 -9999 0.09510064312440908 0.08825601373867292 0.08135195086017633 0.052390938512532126 0.00990064398840418 -0.0012580456042831645 -0.018122791239384844 -0.040679725590679394 -0.044411502199040526 -0.02310294151306153 -0.026364073571231637 -0.03692336289419068 -0.035349915779772256 -0.04116884598185897 -0.04370362861928615 -0.053842860971178325 -0.055795393796528085 -0.0568091444714221 -0.0521717110293449 -0.058417119380444436 -0.060551650325457264 -0.05602764944886901 -0.049810367153290125 -9999 -0.06894009803552084 -9999 -9999 -9999 -9999 -9999 -9999 -9999 -9999 -9999 -9999 -9999 -9999 -9999 -9999 -9999 -9999 -9999 -9999 -9999 -9999 -9999 -9999 -9999 -9999
-9999 -9999 -9999 0.07537389822580197 0.07377989259031081 0.07654299561020939 0.08882532543257665 0.08961307560635168 0.03928717610876215 -0.04127088071262769 -0.04370801014559608 -0.03945930781420212 -0.03208504985461288 -0.04074569630690597 -0.04503119549556087 -0.04406359944153915 -0.04953192259584155 -0.050077521868344736 -0.06122460438494096 -0.05976855806532621 -0.040844315694550326 -0.043646619561013206 -0.04630501816670099 -0.039415424607365 -0.03797907047262489 -0.0395713861172016 -0.042665713016977774 -9999 -9999 -9999 -9999 -9999 -9999 -9999 -9999 -9999 -9999 -9999 -9999 -9999 -9999 -9999 -9999 -9999 -9999 -9999 -9999 -9999 -9999 -9999 -9999 -9999
-9999 -9999 -9999 -9999 0.03134463039728313 -0.01834278503495657 -0.030537088198223344 -0.03580280029299585 -0.04113211938313074 -0.05748390814378149 -0.042938612106829734 -0.04753451915674431 -0.045913789953504286 -0.047865264117717736 -0.04307297071931082 -0.03786322155169078 -0.04800931644232975 -0.05833634442981634 -0.06194911758567013 -0.0597315105677998 -0.058073849484907174 -0.052281850786960654 -0.057519477667267775 -0.03844967226343832 -9999 -9999 -9999 -9999 -9999 -9999 -9999 -9999 -9999 -9999 -9999 -9999 -9999 -9999 -9999 -9999 -9999 -9999 -9999 -9999 -9999 -9999 -9999 -9999 -9999 -9999 -9999 -9999
-9999 -9999 -9999 -9999 0.05649825570623529 -0.010428546037938856 -0.045196176154745936 -0.0426636098445147 -0.044384636074663635 -0.0456732570091424 -0.040204765432972016 -0.03176921908868188 -0.033160260367778034 -0.043820956591013316 -0.05008580413444963 -0.04737770969921587 -0.05470224660496378 -0.058533154947813165 -0.05496036215017072 -0.056494227287016426 -0.05881432238586096 -0.05971544648184995 -0.0514906468845549 -0.051578533939189375 -0.04363108314724587 -9999 -9999 -9999 -9999 -9999 -9999 -9999 -9999 -9999 -9999 -9999 -9999 -9999 -9999 -9999 -9999 -9999 -9999 -9999 -9999 -9999 -9999 -9999 -9999 -9999 -9999 -9999
