metrics/grid_rasters/SMAP L4/grideval_SMAP L4_X_spring_2016_anomaly_pearson_r.asc
ncols 52
nrows 55
xllcorner     11.25
yllcorner     55.25
cellsize      0.25
NODATA_value  -9999
[rows 0 to 28 of 55, columns 0 to 51 of 52]
-9999 -9999 -9999 -9999 -9999 -9999 -9999 -9999 -9999 -9999 -9999 -9999 -9999 -9999 -9999 -9999 -9999 -9999 -9999 -9999 -9999 -9999 -9999 -9999 -9999 -9999 -9999 -9999 -9999 -9999 -9999 -9999 -9999 -9999 -9999 -9999 0.8859841254842615 0.7307927795240867 0.8757223534351005 -9999 -9999 -9999 -9999 -9999 -9999 -9999 -9999 -9999 -9999 -9999 -9999 -9999
-9999 -9999 -9999 -9999 -9999 -9999 -9999 -9999 -9999 -9999 -9999 -9999 -9999 -9999 -9999 -9999 -9999 -9999 -9999 -9999 -9999 -9999 -9999 -9999 -9999 -9999 -9999 -9999 -9999 -9999 -9999 -9999 -9999 -9999 -9999 -9999 0.7423830985936586 0.7658686440612504 0.8957811506522231 0.9161352947342783 0.8881652335305557 0.9038556749670122 -9999 -9999 -9999 -9999 -9999 -9999 -9999 -9999 -9999 -9999
-9999 -9999 -9999 -9999 -9999 -9999 -9999 -9999 -9999 -9999 -9999 -9999 -9999 -9999 -9999 -9999 -9999 -9999 -9999 -9999 -9999 -9999 -9999 -9999 -9999 -9999 -9999 0.919442836517884 0.9482372572092218 0.93024844828721 0.8907476918618523 0.901424310406958 0.8926600654050139 0.7864099289482301 -9999 0.7752861276717238 0.7603864935260805 0.8350284255202256 0.9061992777030372 0.8781068444688455 0.8612031640718009 0.8258718376061494 0.8180480097267775 0.861601580838512 0.8566658518720782 0.8249936322868391 -9999 -9999 -9999 -9999 -9999 -9999
-9999 -9999 -9999 -9999 -9999 -9999 -9999 -9999 -9999 -9999 -9999 -9999 -9999 -9999 -9999 -9999 -9999 -9999 -9999 -9999 -9999 -9999 -9999 -9999 -9999 -9999 -9999 0.8754991348272094 0.8793298747461533 0.8604148999833194 0.8866603168082243 0.9283109997551426 0.861394013218414 0.6506149374368251 0.4921897718233664 0.4495505362919315 0.5767065050576312 0.5887941139163744 0.7719882193376968 0.831659404584111 0.8285520775073596 0.8279159956130978 0.8422424362086323 0.8775362338348677 0.8714545862266052 0.8470667735878028 0.8751277282601257 0.8681566882773657 -9999 -9999 -9999 -9999
-9999 -9999 -9999 -9999 -9999 -9999 -9999 -9999 -9999 -9999 -9999 -9999 -9999 -9999 -9999 -9999 -9999 -9999 -9999 -9999 -9999 -9999 0.8859068103038186 0.9186085960976328 0.9384452032780596 0.9222095095074452 0.9192045984814629 0.9241508769448524 0.9285151786984568 0.9618599004662862 0.9552719178353308 0.9478730745250826 0.9064029108194565 0.778782454597323 0.7262450923904183 0.5277218261357186 0.6147676727535968 0.5997762449234896 0.6621951548978199 0.7917960930674711 0.8675332877426671 0.8779641676870709 0.8895584005856931 0.8574958415134193 0.8798683605942023 0.9232770438235128 0.9356477755515288 0.9396510869266276 0.9397677317906791 -9999 -9999 -9999
-9999 -9999 -9999 -9999 -9999 -9999 -9999 -9999 -9999 -9999 -9999 -9999 -9999 -9999 -9999 -9999 -9999 -9999 -9999 -9999 -9999 0.8783920211348083 0.886838623893726 0.9414303487349018 0.8899531153028706 0.8949049700635388 0.9218029300007744 0.947083105456682 0.9643654373474408 0.9449184844727556 0.900765314513792 0.9241154919992148 0.9268757211474208 0.8776795208935486 0.8640403885957489 0.8464204065973333 0.821695814002747 0.8133714826225388 0.7729913957628785 0.8291199750639043 0.8833648115272467 0.9044082222273396 0.8984785698385989 0.90260567102871 0.8972824451072811 0.9169532995857792 0.9262502426598884 0.9383771703125048 0.934596084308536 -9999 -9999 -9999
-9999 -9999 -9999 -9999 -9999 -9999 -9999 -9999 -9999 -9999 -9999 -9999 -9999 -9999 -9999 -9999 -9999 -9999 -9999 -9999 0.9003787510245567 0.8939448648559921 0.9044401475868228 0.9097972305683316 0.8767588688720647 0.8930082619294765 0.9443588109877464 0.9546410318335864 0.9743446845355777 0.9648419833435272 0.9411928816367391 0.9218890030002718 0.9016436762314246 0.9132756950467094 0.8675789792423364 0.8841187638453307 0.8903865296823814 0.8879116452745499 0.8879892330052005 0.9030977935823186 0.9219310813143352 0.9241717347377659 0.9278014523572912 0.9175375308857576 0.9076418509371512 0.8971093967967725 0.8973794028200288 0.856933376841539 0.8705972854231795 0.8926252230328247 -9999 -9999
-9999 -9999 -9999 -9999 -9999 -9999 -9999 -9999 -9999 -9999 -9999 -9999 -9999 -9999 -9999 -9999 -9999 -9999 -9999 -9999 -9999 0.9197746835629208 0.9241182726336444 0.931901622593318 0.9482207167824952 0.95712840717334 0.9683252452289044 0.967165383048848 0.9362051041978121 0.9435973552716131 0.9140444603670996 0.8962123574279622 0.8716819390353959 0.9236600809354588 0.9046478188773426 0.8994111743379092 0.8816623856067451 0.8885377431436127 0.8958797419242683 0.9042740857973086 0.912877302157726 0.9141941940478956 0.9114592577626484 0.911639173149526 0.9048515386308444 0.8638425405132204 0.8707343998487358 0.8655389958760695 0.8783221401580782 -9999 -9999 -9999
-9999 -9999 -9999 -9999 -9999 -9999 -9999 -9999 -9999 -9999 -9999 -9999 -9999 -9999 -9999 -9999 -9999 -9999 -9999 0.9385309088541334 0.9433199657424034 0.951264179567694 0.9617285589265976 0.9592705024646412 0.9698370995255952 0.9576271650648064 0.9301399330753036 0.8740663053407549 0.8551302110600868 0.884717259783105 0.8828116171463248 0.9185682562741158 0.9154911965438308 0.9141928912575696 0.9186034999579769 0.9006463575168416 0.8994015856251212 0.8819560763791855 0.8853299549271249 0.8845982336842122 0.8940894905483618 0.8582844303160722 0.8320393860812889 0.8729602378280179 0.8847972820913539 0.8122435491968019 0.7791102207227569 0.847758366851327 0.8567040496812504 0.7784239192437676 0.7729896865294774 -9999
-9999 -9999 -9999 -9999 -9999 -9999 -9999 -9999 -9999 -9999 -9999 -9999 -9999 -9999 -9999 -9999 -9999 -9999 0.9485998193609436 0.9329783584866738 0.9359595316570206 0.902896408955242 0.9127961283551392 0.9242841195255546 0.911289110254353 0.8811615224796339 0.8720933890822005 0.8745856588719534 0.8779392313435603 0.8653900396730363 0.8529079108845008 0.8550381748502403 0.8175520960447955 0.8443100963626597 0.8620444310199399 0.8701224207657894 0.8623475665745914 0.8718739076345611 0.8780767965852191 0.8825793788349353 0.8711719583537956 0.8796162491643884 0.8555683679238997 0.8654595003924899 0.8446702622453677 0.8210898289115367 0.8089754950468103 0.8373579136930248 0.8638983774004021 0.8183529788985267 0.8387377967910739 -9999
-9999 -9999 -9999 -9999 -9999 -9999 -9999 -9999 -9999 -9999 -9999 -9999 -9999 -9999 -9999 -9999 -9999 0.9371675995742828 0.9217631877285658 0.901989941754703 0.8368425313655016 0.7334249038776095 0.798999418991307 0.8191170520959123 0.7962748258963834 0.8401323573178691 0.8691637124624532 0.8741224072070775 0.9035399474117184 0.8975931646590447 0.8360375912415887 0.8076247239856182 0.8051420985807203 0.8110404587798494 0.8222055081908133 0.8273544404266326 0.7821163985890379 0.7340784218179697 0.7772823131468319 0.8193140817800773 0.8139733478327174 0.8390485920873176 0.8656544885832038 0.8622352062215733 0.8140791315498068 0.7170304638330298 0.7406275127210039 0.8050611371732483 0.8129230991301544 0.7550330452011498 -9999 -9999
-9999 -9999 -9999 -9999 -9999 -9999 -9999 -9999 -9999 -9999 -9999 -9999 -9999 0.9290569156872649 0.940302461542635 0.9228739909679452 0.9429410885979924 0.8775276922765429 0.8644582779906037 0.8607024593886716 0.7546198460338017 0.7480132505163968 0.7526304559855563 0.7090234114898926 0.7168882596142078 0.14823842165851492 0.7211929435877591 0.8073351263425332 0.8414815798281491 0.8318870760412503 0.7791492069228738 0.7429275492933141 0.7519505031264277 0.7651012012495391 0.7802782391122287 0.7837143638454631 0.7710756723174969 0.6820206484207537 0.7143175676026061 0.7765013840212689 0.7709784590667759 0.7705318829641816 0.7747131914169296 0.8280929603612084 0.8393162843571943 0.8442114041319233 0.853595868826363 0.8567753083991066 0.8516467332186027 0.8565911297185865 0.8528665372404755 -9999
-9999 -9999 -9999 -9999 -9999 -9999 -9999 -9999 -9999 -9999 -9999 -9999 -9999 0.9508073535525544 0.9394792782242416 0.8789729167533673 0.8764744969805824 0.8962182645479885 0.8453142759068448 0.8565690664915483 0.7684934782206588 0.7583699961384065 0.7195731487247117 0.7607699589270259 0.7665994056780504 0.7470186012364568 0.7163214897901239 0.7926834388817018 0.8079805964127815 0.8062143011597815 0.7583960954705233 0.7150842955700508 0.7182776419504171 0.7397916319503215 0.7190653203524084 0.7009459639354919 0.6845219439747422 0.6812607206788229 0.6889584501346269 0.7069032851429444 0.69997423117154 0.6690439126797583 0.6491526439544708 0.7179553306243698 0.7461941595029438 0.8185765027627054 0.811663606633746 0.8204919446677268 0.8180542692568364 0.8076289784359109 0.8235427569316659 0.7651037903096369
-9999 -9999 -9999 -9999 -9999 -9999 -9999 -9999 -9999 -9999 -9999 -9999 -9999 0.8868459438576439 0.8358576071099811 0.8018848935009549 0.8062324072945828 0.7744911621881407 0.5967270172650923 0.5933497599228329 0.6569639895696597 0.6731317924809768 0.7073936890025612 0.7307268897589965 0.7088669477688871 0.6958594642772393 0.7518266799998521 0.7930559697237339 0.7936381307767991 0.8177505348217119 0.7912342808432762 0.7892348955407483 0.7403642930154481 0.7356073549775471 0.752060065881039 0.7612591887076651 0.7380740125302863 0.7289052153690517 0.7096191152692031 0.6826199885420738 0.7026268711408575 0.7285987076084065 0.7429968245247524 0.8135397982104855 -9999 -9999 -9999 -9999 -9999 -9999 -9999 -9999
-9999 -9999 -9999 -9999 -9999 -9999 -9999 -9999 -9999 -9999 -9999 -9999 -9999 0.8191415569070766 0.7379220406083433 0.70756722884513 0.7744085808183199 0.7642084476202206 0.5481528575049099 0.5848458293548076 0.5978465280490912 0.6351862747853482 0.6310043955753406 0.626779825234353 0.6536948051008622 0.7423204317625303 0.7507912705720892 0.7455644923434127 0.7535461095536815 0.7804191532208306 0.7780575618554637 0.7533170717871773 0.7381160662660249 0.7385634804518066 0.733568863702869 0.7296712893111252 0.7517265577483865 0.7403300274686121 0.7074988359794969 0.6756189619256007 0.724919061587674 -9999 -9999 -9999 -9999 -9999 -9999 -9999 -9999 -9999 -9999 -9999
-9999 -9999 -9999 -9999 -9999 -9999 -9999 -9999 -9999 -9999 -9999 -9999 0.9103004551346104 0.8481895197033467 0.8442557291869075 0.6857159860111647 0.7273018420590545 0.6304574177593947 0.5703009903441421 0.5476389201645734 0.5749214068464549 0.5846824077405873 0.4381257606588488 0.4362946069720895 0.5134818926061546 0.6252734449581259 0.6573743769249013 0.667421838986597 0.6814204144881997 0.682645283777876 0.6759992536935749 0.6771146434278329 0.6661727609981312 0.6610597944480843 0.6997541739571287 0.7056034109040699 0.7156778147583869 0.7121788652724004 0.7132169976004685 0.7129644504829598 0.7767256925992845 -9999 -9999 -9999 -9999 -9999 -9999 -9999 -9999 -9999 -9999 -9999
-9999 -9999 -9999 -9999 -9999 -9999 -9999 -9999 -9999 -9999 -9999 0.873873683863861 0.9112872321284876 0.8690431823423383 0.8662570400389582 0.8196148785948668 0.7479227104966258 0.6299643040558242 0.5613835589202966 0.668339035824303 0.6443548530521984 0.5052244353228609 0.4973321230367982 0.5191438036512401 0.4280085583244044 0.6512014774960364 0.7309375879011675 0.7419103982469506 0.7243395083619971 0.7268843614907795 0.7335871420018936 0.705638206975894 0.6835046236113007 0.7080477924297257 0.7307830474989944 0.7104750840189668 0.6905386219305761 0.6468257734462274 0.6482007658396107 0.7274110632833873 -9999 -9999 -9999 -9999 -9999 -9999 -9999 -9999 -9999 -9999 -9999 -9999
-9999 -9999 -9999 -9999 -9999 -9999 -9999 -9999 -9999 -9999 -0.14961309705773854 0.11915933913020282 0.6954038200523396 0.7615494670827583 0.6017037964546716 0.6057668881454189 0.5392402408668387 0.5720614060231823 0.5056664399309694 0.6227668176469168 0.6042668094831658 0.6647230228536434 0.6167900977023119 0.5493501734498116 0.5244131855691644 0.6092762729750465 0.6908592210454924 0.7451243464522934 0.7655770723102395 0.7823957297199288 0.7956523791270043 0.7847225801767284 0.7517239296657096 0.7115506228681172 0.7052559982048662 0.6795777262737006 0.7422552706376975 0.7342669319520814 0.763273902761179 -9999 -9999 -9999 -9999 -9999 -9999 -9999 -9999 -9999 -9999 -9999 -9999 -9999
-9999 -9999 -9999 -9999 -9999 -9999 -9999 -9999 -9999 -9999 -9999 -9999 0.5638905582884619 0.5935799108284979 0.4546832208145041 0.4046615556874029 0.5594390690277157 0.658584450006475 0.6538258794519756 0.629844337224009 0.6637351812950218 0.6349057392592684 0.6253000458537747 0.6006551353332386 0.6264247624005413 0.6314038941479114 0.6323387461616807 0.6443669273770136 0.6932940022774703 0.7513971514720594 0.7929523141055717 0.7940218363176965 0.7926455652588187 0.7503007479317386 0.7263412440837005 0.7233437484220393 0.7582872850582487 0.7927367510298232 0.8374250884917397 0.8675746629699559 -9999 -9999 -9999 -9999 -9999 -9999 -9999 -9999 -9999 -9999 -9999 -9999
-9999 -9999 -9999 -9999 -9999 -9999 -9999 -9999 -9999 -9999 -9999 0.4917025799779351 0.5083534051029994 0.5608952589327101 0.28803988485296195 0.4239330575866063 0.4931375906115774 0.5681461418532644 0.6543152611284697 0.7340804993590317 0.7311486898356472 0.6908905767920172 0.6620720319725835 0.6782541017296951 0.6868946030735044 0.6523661125267183 0.6600463299990349 0.6934412317745666 0.6962524754767031 0.7224162075255185 0.7553304168291285 0.7811383328061988 0.7820795876513242 0.7556891696027899 0.7784849056304984 0.8117099536198289 0.8030131885735508 0.7708117013675304 0.8298400528084735 -9999 -9999 -9999 -9999 -9999 -9999 -9999 -9999 -9999 -9999 -9999 -9999 -9999
-9999 -9999 -9999 -9999 -9999 0.7339864564575487 0.7288410512697776 0.72158481541274 0.739129785535099 0.7731793951105529 0.7179367197704695 0.4751972012530956 0.4594142741562278 0.5761307894711734 0.5416778207386765 0.7193804575785824 0.7675510248930841 0.7969432511094335 0.8249090132384 0.8271019455031925 0.8116169982712813 0.7999019037727162 0.7740607815265247 0.7394181099996192 0.7122653512320432 0.6672103913965532 0.6583607833380829 0.7068109520227376 0.7413817351135606 0.7620249278120699 0.7727597216092106 0.7619044613140977 0.7696662993134264 0.8113478499744664 0.8244457597024286 0.7163439472432267 0.6610694571278615 0.7529542452169781 -9999 -9999 -9999 -9999 -9999 -9999 -9999 -9999 -9999 -9999 -9999 -9999 -9999 -9999
-9999 -9999 -9999 -9999 0.6102897533995794 0.31799791940733124 0.3580778482561047 0.1378950681164196 0.5061834506463172 0.5468435233987685 0.5650300413224183 0.4198683959446732 0.5400718202536843 0.6795164873564202 0.6870465913525274 0.7830106130146192 0.8313784544957388 0.8459751190294329 0.8538222699554685 0.8400168232737568 0.8131850723390635 0.8072681865522808 0.822643566026928 0.7753712627301652 0.7561891909207052 0.7147122246909346 0.7499284941942309 0.7612574787303874 0.7805607850602527 0.7887762297703328 0.8089022198702154 0.8335264700978688 0.8365672850942489 0.8329788478285619 0.8344632923643582 -9999 -9999 -9999 -9999 -9999 -9999 -9999 -9999 -9999 -9999 -9999 -9999 -9999 -9999 -9999 -9999 -9999
-9999 -9999 -9999 0.8051665911162298 0.7306783448972491 0.22870287370151965 0.3263432909884874 0.3875797824550953 0.476239855200701 0.6549432019576966 0.7580985500929014 0.5387879180304463 0.6623544066426075 0.8785506596810301 0.8330702751374395 0.8309056364200242 0.8303378389489605 0.8232891502871378 0.8020204424381121 0.8031439526224118 0.8323584196433194 0.8307653764644554 0.8090175186570748 0.8040252290064089 0.7727395535982299 0.7619493766812538 0.7808141092813589 0.7872346257506835 0.7943310326964029 0.7886807853319375 0.7829969975852458 -9999 -9999 -9999 -9999 -9999 -9999 -9999 -9999 -9999 -9999 -9999 -9999 -9999 -9999 -9999 -9999 -9999 -9999 -9999 -9999 -9999
-9999 -9999 -9999 0.7433874126825418 0.6816655934420082 0.7258623394447042 0.5450874691600469 0.4120725878741677 0.5642738067432647 0.518331809015933 0.7212514408007945 0.7389040530360047 0.5830682816842382 0.8324195864461627 0.8669653755064657 0.8512517021706465 0.8377115679728431 0.8056014610477809 0.8200157738109235 0.8381301399460273 0.8466511612971832 0.8426546937917196 0.8240144289873821 0.7630382148512458 0.7198433631906389 0.7228277717314457 0.7710771395511813 0.8232906529282997 0.8010407243297708 -9999 -9999 -9999 -9999 -9999 -9999 -9999 -9999 -9999 -9999 -9999 -9999 -9999 -9999 -9999 -9999 -9999 -9999 -9999 -9999 -9999 -9999 -9999
-9999 -9999 -9999 0.7302852693964297 0.8166865738817515 0.761251883690193 0.6582563490669784 0.3661735160187345 0.6456910536846825 0.7335029682228884 0.7435305125995944 0.8291626507954553 0.7452212145037206 0.8057630423637552 0.8525462375437723 0.7578804697918375 0.7928288402143336 0.7985492501042362 0.8308050648752303 0.8440809258745552 0.8379122648001074 0.8040777712454917 0.8012879256747487 0.7856135618623387 0.7789053370456516 0.7860284043519151 0.7555322555005947 0.8018169610382928 -9999 -9999 -9999 -9999 -9999 -9999 -9999 -9999 -9999 -9999 -9999 -9999 -9999 -9999 -9999 -9999 -9999 -9999 -9999 -9999 -9999 -9999 -9999 -9999
-9999 -9999 -9999 0.7447366543968318 0.7681938067207928 0.6647607368609907 0.4091745891231777 0.4698489570249641 0.6262062493197961 0.7300285394684862 0.795687143400124 0.8182506854646694 0.7634617656084247 0.8046209878394119 0.7940019790975686 0.8180942319578138 0.8462471369195557 0.8437964156609441 0.8584850287086316 0.8575380204780614 0.8221166791943534 0.7964076216650775 0.8062464308764632 0.81361525905123 0.8126380192069462 0.8203669623673862 0.8113073207053978 -9999 -9999 -9999 -9999 -9999 -9999 -9999 -9999 -9999 -9999 -9999 -9999 -9999 -9999 -9999 -9999 -9999 -9999 -9999 -9999 -9999 -9999 -9999 -9999 -9999
-9999 -9999 -9999 -9999 0.5493204015273053 0.2844017298472367 0.3329537118362388 0.5723199376054856 0.7609329749691167 0.8000374887534415 0.7836988719244338 0.8080266080740328 0.7845968942372086 0.8442266183248848 0.8584232165566003 0.8592921439153031 0.858829330170761 0.8257583734045919 0.8366762224691662 0.8314277089528233 0.7827838407898322 0.7537040417110898 0.7741083162088838 0.8355251728182903 -9999 -9999 -9999 -9999 -9999 -9999 -9999 -9999 -9999 -9999 -9999 -9999 -9999 -9999 -9999 -9999 -9999 -9999 -9999 -9999 -9999 -9999 -9999 -9999 -9999 -9999 -9999 -9999
-9999 -9999 -9999 -9999 0.4647443643717534 0.5443187395655832 0.6662122634750083 0.6947455321586017 0.5959004672197186 0.7955452736674107 0.8107282774192061 0.7832070762057156 0.7974355150050154 0.7896222373102805 0.8021627450390265 0.818818364435481 0.8319877981417274 0.8287645597037616 0.8230913439738865 0.8040971195834861 0.7828931192968054 0.7922665203200012 0.8073759786674835 0.8284291004994143 0.7629808476562614 -9999 -9999 -9999 -9999 -9999 -9999 -9999 -9999 -9999 -9999 -9999 -9999 -9999 -9999 -9999 -9999 -9999 -9999 -9999 -9999 -9999 -9999 -9999 -9999 -9999 -9999 -9999
-9999 -9999 -9999 -9999 0.7952089486391061 0.7624379462263813 0.7575495952851359 0.8013589092764134 0.556219522399162 0.8003846729178539 0.8135033803865863 0.7446237991966127 0.7644828316918308 0.771401689961563 0.7923797069601561 0.8144158201008738 0.8339417982485022 0.8469883204496885 0.8458374157663313 0.7975645828081994 0.8008202861819831 0.8249550982955199 0.8251496166940505 0.8222309034542885 -9999 -9999 -9999 -9999 -9999 -9999 -9999 -9999 -9999 -9999 -9999 -9999 -9999 -9999 -9999 -9999 -9999 -9999 -9999 -9999 -9999 -9999 -9999 -9999 -9999 -9999 -9999 -9999
