metrics/grid_rasters/SMAP L4/grideval_SMAP L4_X_summer_2015_absolute_ubrmsd.asc
ncols 52
nrows 55
xllcorner     11.25
yllcorner     55.25
cellsize      0.25
NODATA_value  -9999
[rows 0 to 27 of 55, columns 0 to 51 of 52]
-9999 -9999 -9999 -9999 -9999 -9999 -9999 -9999 -9999 -9999 -9999 -9999 -9999 -9999 -9999 -9999 -9999 -9999 -9999 -9999 -9999 -9999 -9999 -9999 -9999 -9999 -9999 -9999 -9999 -9999 -9999 -9999 -9999 -9999 -9999 -9999 0.03020183375571355 0.02863231184475655 0.03000628796053637 -9999 -9999 -9999 -9999 -9999 -9999 -9999 -9999 -9999 -9999 -9999 -9999 -9999
-9999 -9999 -9999 -9999 -9999 -9999 -9999 -9999 -9999 -9999 -9999 -9999 -9999 -9999 -9999 -9999 -9999 -9999 -9999 -9999 -9999 -9999 -9999 -9999 -9999 -9999 -9999 -9999 -9999 -9999 -9999 -9999 -9999 -9999 -9999 -9999 0.029771194177110438 0.02837522847503768 0.028295667706638238 0.028581697617879882 0.03231977824155071 0.029702126474972862 -9999 -9999 -9999 -9999 -9999 -9999 -9999 -9999 -9999 -9999
-9999 -9999 -9999 -9999 -9999 -9999 -9999 -9999 -9999 -9999 -9999 -9999 -9999 -9999 -9999 -9999 -9999 -9999 -9999 -9999 -9999 -9999 -9999 -9999 -9999 -9999 -9999 0.02707053552960196 0.030556658131345126 0.03049207240778846 0.019636642685186625 0.029610258994848444 0.03128570563652616 0.027772773653615444 -9999 0.029340551397907744 0.02608232144399129 0.026176344511164358 0.02965922581764136 0.035303278888982007 0.03961874510986641 0.037937748440559485 0.03738561627570156 0.031853880988746315 0.035208581165368014 0.03815728518451171 -9999 -9999 -9999 -9999 -9999 -9999
-9999 -9999 -9999 -9999 -9999 -9999 -9999 -9999 -9999 -9999 -9999 -9999 -9999 -9999 -9999 -9999 -9999 -9999 -9999 -9999 -9999 -9999 -9999 -9999 -9999 -9999 -9999 0.02998347914968865 0.0315234982964197 0.02904862429483645 0.02800114180544449 0.02576125508669815 0.034244872066846316 0.03591956789093289 0.030248142666507456 0.029997177690056425 0.03038753274313848 0.030470303302014893 0.034164197783763534 0.034969909591215466 0.03670236347344722 0.03631037986002199 0.03685965099834799 0.03597586648645836 0.03780588237902758 0.0337629796751878 0.032056256643371576 0.03045549593313485 -9999 -9999 -9999 -9999
-9999 -9999 -9999 -9999 -9999 -9999 -9999 -9999 -9999 -9999 -9999 -9999 -9999 -9999 -9999 -9999 -9999 -9999 -9999 -9999 -9999 -9999 0.029564614308816014 0.014372080033655615 0.023683815364818263 0.027243593754856632 0.031780329034959566 0.03207026638962094 0.03307998877392237 0.029708421396503527 0.030544781731570037 0.03316032527928797 0.03347010653464845 0.035096027124845365 0.030930730939301914 0.02702287715112421 0.027580956616090863 0.02316088096544604 0.024333775267483974 0.024266432237253725 0.02592330744258323 0.032423886473715496 0.032087040552008166 0.02535214504201889 0.02628182604633604 0.0304503174563362 0.02779361437912245 0.026321283912466936 0.026368675794464003 -9999 -9999 -9999
-9999 -9999 -9999 -9999 -9999 -9999 -9999 -9999 -9999 -9999 -9999 -9999 -9999 -9999 -9999 -9999 -9999 -9999 -9999 -9999 -9999 0.03050728704391688 0.029788009893592562 0.024400272980826688 0.01934128465592467 0.01657387336898466 0.03111024622294596 0.026106576059972703 0.02427175433222974 0.02684205612465881 0.030895695112746174 0.0338838804973039 0.03540680960928208 0.03481914688125657 0.03285194509483838 0.029038183764171537 0.03171790384472065 0.030463770025318526 0.02520636202518445 0.024849185573198332 0.02392957805073932 0.02397623062977616 0.02533412841409367 0.02585612870858036 0.026820459051852014 0.028365828976039988 0.027992202957436933 0.027373932592950654 0.02689911972200028 -9999 -9999 -9999
-9999 -9999 -9999 -9999 -9999 -9999 -9999 -9999 -9999 -9999 -9999 -9999 -9999 -9999 -9999 -9999 -9999 -9999 -9999 -9999 0.01867163427933506 0.01846178260748334 0.031591608472855234 0.031977830450697166 0.035967816735479385 0.03774588404380631 0.03449803829426745 0.030396451802180795 0.027332529517406924 0.026610698283482254 0.02983121584195857 0.035769622272850084 0.03711372294903716 0.036238355995463566 0.03619725363715394 0.0348621573776372 0.03599733557167794 0.03455519304148928 0.03402442572695144 0.027950626580676992 0.025650506341809633 0.024201557709793188 0.027610632797328085 0.027965863925427617 0.024992271740317703 0.02789324982897757 0.02889537305545628 0.029765643437373174 0.02730967505005714 0.02630085042354357 -9999 -9999
-9999 -9999 -9999 -9999 -9999 -9999 -9999 -9999 -9999 -9999 -9999 -9999 -9999 -9999 -9999 -9999 -9999 -9999 -9999 -9999 -9999 0.032829936881435665 0.03421591220193631 0.0333002358956986 0.03262823047477815 0.03247308066588978 0.03539519843014262 0.035397231967211576 0.038101770896706716 0.03682131455808324 0.028284743920762537 0.02598601511689354 0.02501435689989698 0.02347133474826377 0.026529080282753473 0.030218889235005406 0.027147163693376317 0.027186524948834983 0.02855978060461848 0.027103312772914324 0.026674188833420445 0.026308138826997104 0.026697674996380427 0.028853595600674332 0.028357344537733413 0.027689645456843482 0.028222052122735743 0.028656707362370495 0.026353250665367464 -9999 -9999 -9999
-9999 -9999 -9999 -9999 -9999 -9999 -9999 -9999 -9999 -9999 -9999 -9999 -9999 -9999 -9999 -9999 -9999 -9999 -9999 0.03241663621280313 0.029851039627587023 0.028833742455234262 0.030084685770090876 0.031595837545723295 0.03436783034740412 0.04839585080393078 0.043067195935795256 0.036025550351106814 0.03549630454625845 0.032856101356568725 0.030450844702435236 0.02950655426566293 0.028550154336435263 0.02941585393861586 0.02750047969083464 0.029644969035674432 0.026312983545291626 0.026935108509825244 0.027775761497313516 0.02858515556809325 0.028232726965755763 0.0277470437587084 0.027283599341653482 0.0280935220607181 0.02992641208056243 0.028111583606682238 0.02664884177284161 0.026486013047057902 0.028397641205542175 0.02868949203044392 0.026706722226365408 -9999
-9999 -9999 -9999 -9999 -9999 -9999 -9999 -9999 -9999 -9999 -9999 -9999 -9999 -9999 -9999 -9999 -9999 -9999 0.035451335552161706 0.03320001003420346 0.03140070272762948 0.032440324364283214 0.03911395075157914 0.0378689280024648 0.03133124263781197 0.03885430551631066 0.037414414418091686 0.045831245828677473 0.04270041153600089 0.03454936656175118 0.03039560690692389 0.0278001245074806 0.026311654509659298 0.02805926704910956 0.02793075972031705 0.02680074793521236 0.027781739624553218 0.027116635093653075 0.027010435153691302 0.027881693640192974 0.028819186331713133 0.028831956373509705 0.028631466041070683 0.02702750496820287 0.028794170738826893 0.0292463334500896 0.02864129837801479 0.028540939853575142 0.028072324348456367 0.028279202812836083 0.027326244509901287 -9999
-9999 -9999 -9999 -9999 -9999 -9999 -9999 -9999 -9999 -9999 -9999 -9999 -9999 -9999 -9999 -9999 -9999 0.038166465240719406 0.03794917513893513 0.042111911036487634 0.041187796180548165 0.03881644465380299 0.0325678438573549 0.03246609995228092 0.02961300451968495 0.03483804604999725 0.0364496962583366 0.03372004196060266 0.0342348962902078 0.03185300151570972 0.029782071040920517 0.03092938083950878 0.03035990061524552 0.029004236264714357 0.028618549179446975 0.0287337098737302 0.02798788064238437 0.028476343576020455 0.02789837796372124 0.028656144896807432 0.031158628167536118 0.03049129500155353 0.02802328518727745 0.028851101668951825 0.029859742121669405 0.03025120380245235 0.030190314685480037 0.029651524289381368 0.029824989314717682 0.03146667361187176 -9999 -9999
-9999 -9999 -9999 -9999 -9999 -9999 -9999 -9999 -9999 -9999 -9999 -9999 -9999 0.028765443132220167 0.032328698885573603 0.03490352670609729 0.03277392943673767 0.031421534843121414 0.03219643111884225 0.02876937559111545 0.031566854582678675 0.037380470587330336 0.034068647154111883 0.037020367455191584 0.029660440450666518 0.021692932498077248 0.02427871408684249 0.03261183497382294 0.037697489841747193 0.033187779723198745 0.029486178993689594 0.03113482039450049 0.02944477768324882 0.029845635182373292 0.029150854472640576 0.027782891744962224 0.02736348141155905 0.02859695749404912 0.028444314272247632 0.026770933321082817 0.026819377162512942 0.02661741306462685 0.0271413341711496 0.02862720538802497 0.029182193396447207 0.031109875321809113 0.030297353341335837 0.03083325301283385 0.029288339905705323 0.030453611412358687 0.0310660351179146 -9999
-9999 -9999 -9999 -9999 -9999 -9999 -9999 -9999 -9999 -9999 -9999 -9999 -9999 0.035222390979239036 0.035253463678807696 0.041844837973447055 0.05332907346635478 0.0432742761660162 0.04034322934345115 0.029695075628277088 0.044232526399005566 0.04481174585356687 0.043615498893482534 0.03874021569421327 0.03330631602073718 0.027853568285658145 0.010927829630809908 0.028880193130468967 0.023879561176031072 0.028978423038451964 0.02689032120342921 0.025165622093538998 0.02512050605592386 0.026328883497670062 0.028912134576150886 0.027806367999186756 0.02718024904697786 0.027896812148292253 0.02801561262812718 0.028724349885595607 0.02815526119121375 0.030646151444166707 0.031796961198216955 0.02772607333054919 0.0305078919333135 0.028902586458284512 0.02931015705512969 0.030105364167197567 0.030224948538731214 0.02871983018960825 0.027653665034296362 0.026358091419438
-9999 -9999 -9999 -9999 -9999 -9999 -9999 -9999 -9999 -9999 -9999 -9999 -9999 0.03464315478880624 0.044571724408294516 0.0465537641309751 0.04189705803792623 0.04403596883430478 0.047393802974816185 0.04415177290806378 0.04056049239122008 0.039450161407325886 0.035648191729374036 0.030015386179033612 0.029271949821747332 0.030204226821540125 0.029830751403136624 0.012029609709772942 0.01746800449294696 0.029227132332199837 0.02773844267239436 0.026968897121008882 0.025523110863824063 0.025811904406333117 0.026537241623159614 0.026904091277549502 0.026665801073842005 0.02547035320276697 0.02569758522214469 0.02824088824352348 0.027996439155048604 0.02890828963883386 0.02898095620593085 0.02710588672984592 -9999 -9999 -9999 -9999 -9999 -9999 -9999 -9999
-9999 -9999 -9999 -9999 -9999 -9999 -9999 -9999 -9999 -9999 -9999 -9999 -9999 0.04734788635675489 0.04371754375038872 0.042807582413030815 0.034573273890859874 0.0362850621780688 0.04197347189815912 0.03394027238073461 0.0333539544391903 0.026984456538467216 0.03169299382027088 0.03290295291058422 0.029200689422937062 0.02769104248892345 0.028188637224454968 0.029466194122174067 0.029508844265432405 0.030675711738802295 0.02987178229771118 0.028197208931978864 0.027190752246598324 0.028232693641969488 0.028399065655674224 0.028323094078478505 0.02784803104959096 0.028729165672252994 0.0285697702197255 0.028364504552646726 0.027639356425929528 -9999 -9999 -9999 -9999 -9999 -9999 -9999 -9999 -9999 -9999 -9999
-9999 -9999 -9999 -9999 -9999 -9999 -9999 -9999 -9999 -9999 -9999 -9999 0.03976899442491859 0.045857675586282544 0.04371245467262082 0.048299138420008464 0.04222300935641887 0.043001839508898895 0.03918785951566422 0.032293982634323565 0.03012512382969472 0.027600693624816184 0.02532691868296574 0.026506465970846316 0.027696229223645175 0.02702987330777312 0.029387389155014664 0.03056237956844057 0.02955529535516135 0.028363929574950163 0.028232538012975632 0.03014327330282888 0.027952432220777576 0.028328134863403888 0.02805426422228803 0.02874613413787065 0.029529338326606713 0.0312661747488935 0.02970786060376085 0.027708075151802358 0.02663253421697154 -9999 -9999 -9999 -9999 -9999 -9999 -9999 -9999 -9999 -9999 -9999
-9999 -9999 -9999 -9999 -9999 -9999 -9999 -9999 -9999 -9999 -9999 0.040247407491665055 0.04047391836767777 0.043612270168241256 0.03973408886208196 0.04561110953337311 0.04356935144758424 0.041154368335632865 0.034610793388478174 0.029611996440997056 0.02857082683620009 0.029140795855763086 0.02958835038075018 0.028000689214293637 0.028616222582023718 0.029729544178158707 0.02904347329991021 0.02972370844878543 0.030082208403158225 0.02857711548361073 0.027949754903511568 0.028694775871457825 0.026764011184167644 0.028276065108058187 0.02759516242847644 0.030128291371917488 0.031438197276788 0.033225988060621714 0.03342361312331416 0.026649429388041948 -9999 -9999 -9999 -9999 -9999 -9999 -9999 -9999 -9999 -9999 -9999 -9999
-9999 -9999 -9999 -9999 -9999 -9999 -9999 -9999 -9999 -9999 0.04646118687276586 0.050007692235685526 0.05037841257330894 0.0483239163697995 0.04495261373244778 0.04038903672748701 0.03368464471358842 0.029490618457956395 0.029347221753686575 0.025507787737466103 0.024751057244563224 0.027474018636672842 0.029043480567599558 0.028878474730518588 0.02889154987178943 0.029031490936667383 0.029891859789287406 0.029445202170900832 0.028782039362962426 0.02846498464946728 0.02762316069604354 0.027403059180039224 0.02777949356901981 0.02874679650151463 0.0299827284929803 0.0321990359878816 0.03301669461786557 0.034028532047013366 0.03282472876792845 -9999 -9999 -9999 -9999 -9999 -9999 -9999 -9999 -9999 -9999 -9999 -9999 -9999
-9999 -9999 -9999 -9999 -9999 -9999 -9999 -9999 -9999 -9999 -9999 -9999 0.03262822715762994 0.02925490731961108 0.024695026006395296 0.0274195505476616 0.026945507415624136 0.027244016601255947 0.026735653512049585 0.0268940928952988 0.026002840312154458 0.027785741608124703 0.02838977483185535 0.028944860681683 0.029192792211498942 0.028413769691866618 0.029116329026305125 0.02912291394273721 0.029747195049171612 0.030334907064403883 0.029064821789488868 0.02794972459136261 0.028590515727552362 0.02862067152661712 0.029147756550421837 0.029753495041631082 0.031293177210471056 0.03141834650470145 0.031344389365439186 0.026194393653545468 -9999 -9999 -9999 -9999 -9999 -9999 -9999 -9999 -9999 -9999 -9999 -9999
-9999 -9999 -9999 -9999 -9999 -9999 -9999 -9999 -9999 -9999 -9999 0.041520588459098964 0.0406434587568224 0.031246050139185275 0.03185592219198038 0.025752251061549592 0.02538367878900015 0.02641137654248051 0.026779073248904876 0.02751414925424608 0.028023582800866732 0.02854358606638447 0.029239759719633968 0.028905551941337967 0.02746056256500454 0.027118795747721268 0.027819746591375462 0.027254302097630318 0.027356139694076274 0.02996215534952715 0.030232460656789844 0.029432616237883364 0.030144966176948538 0.03119038399475251 0.031018157878757013 0.030397278213973745 0.03031038107270482 0.030148804793828882 0.028230514536615663 -9999 -9999 -9999 -9999 -9999 -9999 -9999 -9999 -9999 -9999 -9999 -9999 -9999
-9999 -9999 -9999 -9999 -9999 0.04039896799428172 0.042392966720564314 0.03875528628786888 0.035599793780291496 0.03434395451761329 0.033460882036479116 0.02769846457840529 0.024877307362966408 0.028797670322774624 0.029653808065594964 0.030878792069891886 0.0296921401937526 0.026805989935099625 0.02694497650185684 0.02739138707593931 0.027561226883988186 0.029444332455306532 0.02976054498735472 0.02989039426163666 0.028402739368446343 0.02723538711946739 0.02684530367035583 0.027614983889049115 0.028363886008458718 0.02900112997513916 0.028895323326233405 0.03124948486172253 0.03185164656345834 0.031980625167672305 0.03192999547310912 0.029598461851667864 0.02771616548981602 0.024838572262750956 -9999 -9999 -9999 -9999 -9999 -9999 -9999 -9999 -9999 -9999 -9999 -9999 -9999 -9999
-9999 -9999 -9999 -9999 0.033322304784683635 0.03069404023697445 0.01876543737181949 0.030928999905759293 0.03369706034258259 0.02901490993095112 0.028642196343622875 0.02771132097696401 0.024710046982424697 0.028406748191448162 0.026926434264716217 0.028626243607512723 0.02825245641979008 0.028557943989228608 0.027394735640707855 0.027834536467912945 0.02943630583028312 0.03161962842183118 0.02913964752563853 0.030386123152055612 0.030559364380971163 0.029371151017772438 0.02912011186616108 0.02862959771661082 0.028702983910445783 0.029126379055556838 0.028872337625492694 0.024394843482787056 0.026181111993422414 0.020027415431090715 0.019697646188291028 -9999 -9999 -9999 -9999 -9999 -9999 -9999 -9999 -9999 -9999 -9999 -9999 -9999 -9999 -9999 -9999 -9999
-9999 -9999 -9999 0.03776645640743319 0.03820899241103102 0.03024496373302885 0.030411878571871533 0.03541769395250366 0.03189511379263203 0.028375234662335862 0.027121991830602103 0.021786627787631584 0.022932080570132636 0.02763388843459325 0.027835980132091268 0.028211592955957782 0.02909380383353627 0.03070307118326388 0.03013831777563505 0.030606200911714312 0.031759749362588165 0.034559835930137284 0.03471091782230059 0.033603994685328265 0.03207188405321562 0.029382629248961036 0.028893552236392686 0.02961782703705324 0.028923415691000782 0.026881954207664302 0.026545744601466827 -9999 -9999 -9999 -9999 -9999 -9999 -9999 -9999 -9999 -9999 -9999 -9999 -9999 -9999 -9999 -9999 -9999 -9999 -9999 -9999 -9999
-9999 -9999 -9999 0.04065787961229195 0.03858470982458602 0.034466495295807684 0.041193674412021326 0.03309193233698747 0.02598514522350621 0.029651788165229745 0.029854501682035163 0.011952030231117737 0.006924092527042271 0.0265200605515264 0.029051568748472537 0.02704219968054098 0.0283907900493552 0.028883432117807094 0.029588391768512932 0.03184806187144997 0.03221299332863667 0.03270629779766639 0.03229377130689585 0.03302772276726844 0.031524523255633305 0.031243092075592418 0.03028082236911072 0.028090961446115326 0.027737819650924863 -9999 -9999 -9999 -9999 -9999 -9999 -9999 -9999 -9999 -9999 -9999 -9999 -9999 -9999 -9999 -9999 -9999 -9999 -9999 -9999 -9999 -9999 -9999
-9999 -9999 -9999 0.039707203456922684 0.04395454603528963 0.036031338898950466 0.0292580984799516 0.028573587092059406 0.027738011676061474 0.02652273515544513 0.02626318985397393 0.025273752411195505 0.02671677133896999 0.026556880082743557 0.02610768698837548 0.025121449365950083 0.02612158357796892 0.027326237192435727 0.03048504530607883 0.032624973407752535 0.033563566204687985 0.032762439695794926 0.031946813241761546 0.03209626458068747 0.03287737753597288 0.033446366492036014 0.035352283897974894 0.034655786984855885 -9999 -9999 -9999 -9999 -9999 -9999 -9999 -9999 -9999 -9999 -9999 -9999 -9999 -9999 -9999 -9999 -9999 -9999 -9999 -9999 -9999 -9999 -9999 -9999
-9999 -9999 -9999 0.03588198640881615 0.03763674993247736 0.033223611204864736 0.026413968759723343 0.02326652899426065 0.023353623359596315 0.025739534549752942 0.025969707377472274 0.025912480503190543 0.025061468515117938 0.02614659662911084 0.026658727534605214 0.026817711351279038 0.02768918380892669 0.029307699656087205 0.03039082466053358 0.03362585239131315 0.03095344573139684 0.03131473652551975 0.03230522829188685 0.03323992720797032 0.03363634803967845 0.03270540704921287 0.031055493143729174 -9999 -9999 -9999 -9999 -9999 -9999 -9999 -9999 -9999 -9999 -9999 -9999 -9999 -9999 -9999 -9999 -9999 -9999 -9999 -9999 -9999 -9999 -9999 -9999 -9999
-9999 -9999 -9999 -9999 0.02384539921774019 0.024335124190236555 0.025920792373003158 0.027290654730765848 0.02759838146521076 0.029016405526293462 0.02629368330209655 0.024597125941529283 0.02452436746087834 0.02566875838077962 0.02535602121421762 0.0262965067525954 0.028098183228078246 0.03175498739695313 0.03178579721301071 0.032762912878933924 0.032761875605619335 0.0337637425199239 0.03421309841796417 0.033941935831998664 -9999 -9999 -9999 -9999 -9999 -9999 -9999 -9999 -9999 -9999 -9999 -9999 -9999 -9999 -9999 -9999 -9999 -9999 -9999 -9999 -9999 -9999 -9999 -9999 -9999 -9999 -9999 -9999
-9999 -9999 -9999 -9999 0.028084905601506283 0.02945042989525112 0.030717401104394994 0.029902510475596625 0.02730469810813881 0.0273912312116574 0.028147342761275784 0.027982772063251917 0.025754772067099845 0.025515336374306277 0.02606351254607765 0.02550984049066682 0.026717774511869716 0.028178389073609776 0.02854878722520925 0.030215980838761487 0.030351559139280462 0.03149781407283585 0.031546048338579394 0.031213640549171986 0.030303935017582714 -9999 -9999 -9999 -9999 -9999 -9999 -9999 -9999 -9999 -9999 -9999 -9999 -9999 -9999 -9999 -9999 -9999 -9999 -9999 -9999 -9999 -9999 -9999 -9999 -9999 -9999 -9999
