metrics/grid_rasters/SMAP L4/grideval_SMAP L4_X_summer_2017_absolute_bias.asc
ncols 52
nrows 55
xllcorner     11.25
yllcorner     55.25
cellsize      0.25
NODATA_value  -9999
[rows 0 to 26 of 55, columns 0 to 51 of 52]
-9999 -9999 -9999 -9999 -9999 -9999 -9999 -9999 -9999 -9999 -9999 -9999 -9999 -9999 -9999 -9999 -9999 -9999 -9999 -9999 -9999 -9999 -9999 -9999 -9999 -9999 -9999 -9999 -9999 -9999 -9999 -9999 -9999 -9999 -9999 -9999 0.05382872798034677 0.02351116133934777 -0.04005857791913592 -9999 -9999 -9999 -9999 -9999 -9999 -9999 -9999 -9999 -9999 -9999 -9999 -9999
-9999 -9999 -9999 -9999 -9999 -9999 -9999 -9999 -9999 -9999 -9999 -9999 -9999 -9999 -9999 -9999 -9999 -9999 -9999 -9999 -9999 -9999 -9999 -9999 -9999 -9999 -9999 -9999 -9999 -9999 -9999 -9999 -9999 -9999 -9999 -9999 0.05873060007782083 0.03008633904644975 0.022423253516140215 -0.00011304620167484902 -0.06890033580281812 -0.06345578997760365 -9999 -9999 -9999 -9999 -9999 -9999 -9999 -9999 -9999 -9999
-9999 -9999 -9999 -9999 -9999 -9999 -9999 -9999 -9999 -9999 -9999 -9999 -9999 -9999 -9999 -9999 -9999 -9999 -9999 -9999 -9999 -9999 -9999 -9999 -9999 -9999 -9999 0.041106651537120335 0.02188901384563552 -0.021421729506033937 -0.055156172091222366 -0.02031008220966096 -0.012031812423273223 0.02624594576089928 -9999 0.01989464781692496 0.03076994168045727 0.01261276257750782 -0.052726059018269884 -0.07125581640993123 -0.06965276572610374 -0.06875257767008047 -0.07245800374885619 -0.06540295732733997 -0.07539858847208641 -0.07990388584363722 -9999 -9999 -9999 -9999 -9999 -9999
-9999 -9999 -9999 -9999 -9999 -9999 -9999 -9999 -9999 -9999 -9999 -9999 -9999 -9999 -9999 -9999 -9999 -9999 -9999 -9999 -9999 -9999 -9999 -9999 -9999 -9999 -9999 0.04553155244692514 0.0441660966076281 0.053251235462401236 0.07677223950462497 0.07092495286918205 0.0274910551252896 -0.011407048340238979 0.007658293187294329 -0.004776734352597734 -0.020526931722364968 -0.0366021656714704 -0.053260370258889744 -0.06608818009819672 -0.06444666957806633 -0.06230571048091287 -0.06891350065479457 -0.07353124395012857 -0.0655140360088452 -0.07314332289135328 -0.06984001238142018 -0.06870111023359328 -9999 -9999 -9999 -9999
-9999 -9999 -9999 -9999 -9999 -9999 -9999 -9999 -9999 -9999 -9999 -9999 -9999 -9999 -9999 -9999 -9999 -9999 -9999 -9999 -9999 -9999 0.0301464304489934 0.03812184225281945 0.04414349668861733 0.025175905300547245 0.027315453018831204 0.044811347458997515 0.04467911589080875 0.05821549082579819 0.08003908055632014 0.031699916104907584 0.03423318430862349 -0.02065493931750884 -0.007991770181157043 -0.0007709691543941742 -0.03493114765328559 -0.035116428063939435 -0.045116376759403436 -0.05526904101766972 -0.060243349097183214 -0.06743683390643285 -0.07184056755479262 -0.0683197930617177 -0.07544016410880118 -0.08762996001978934 -0.07976397078322328 -0.07960605941226945 -0.07869965728858241 -9999 -9999 -9999
-9999 -9999 -9999 -9999 -9999 -9999 -9999 -9999 -9999 -9999 -9999 -9999 -9999 -9999 -9999 -9999 -9999 -9999 -9999 -9999 -9999 0.029060172281511483 0.0364465504560782 0.054419392517403416 0.002339429343524157 -0.003492065381420717 0.012333464160885488 0.048155464434429314 0.06228079772351874 0.07853823264493892 0.06267204218665545 0.02375556520469807 0.010002178160230746 -0.04931054450571537 -0.0385106368314313 -0.02854667227391316 -0.048299497297114635 -0.051521117940707066 -0.052777227986118065 -0.06669296532788355 -0.06224788541136227 -0.06108522884871648 -0.06891028838151175 -0.07371026836335659 -0.07870852013887919 -0.08441424867867127 -0.07031157574332925 -0.08307725559596135 -0.07986225264713814 -9999 -9999 -9999
-9999 -9999 -9999 -9999 -9999 -9999 -9999 -9999 -9999 -9999 -9999 -9999 -9999 -9999 -9999 -9999 -9999 -9999 -9999 -9999 0.029153252506385674 0.03268884733805188 0.04263147671261558 0.0409276968921008 0.025136622154842247 0.02434046315434185 0.040076573095891736 0.04921926412245503 0.05750405428040284 0.040416209027171135 0.007064477500060341 -0.03451213455232588 -0.041622274636250456 -0.050452352359729 -0.3900552579687666 -0.0542956387381191 -0.05989133416796505 -0.060920969826047826 -0.07689078862819332 -0.07387914304095122 -0.0723647550963189 -0.07121059270170721 -0.4536452358183654 -0.4579189467324835 -0.08625659881078679 -0.462797637583445 -0.4652684798828609 -0.4715095752161806 -0.4680019783503983 -0.4650987832928481 -9999 -9999
-9999 -9999 -9999 -9999 -9999 -9999 -9999 -9999 -9999 -9999 -9999 -9999 -9999 -9999 -9999 -9999 -9999 -9999 -9999 -9999 -9999 0.044786571403560405 0.04009447574777447 0.040061317667689 0.036147075826707065 0.029947117456923363 0.03228602104860806 -0.006999770584313779 -0.02492009793691657 -0.021767013726513074 0.02306620719964092 -0.02904275059700012 -0.04070294225264498 -0.04596739055831794 -0.05216897995737585 -0.4331687190772399 -0.06528049926071068 -0.0699437269738511 -0.07819110282656289 -0.07828273128151247 -0.07939992836959986 -0.08375272622493947 -0.08136516206128441 -0.4615147021477637 -0.4641426331768542 -0.4657895356295226 -0.4657940427651224 -0.4698905623720391 -0.465218295019282 -9999 -9999 -9999
-9999 -9999 -9999 -9999 -9999 -9999 -9999 -9999 -9999 -9999 -9999 -9999 -9999 -9999 -9999 -9999 -9999 -9999 -9999 0.03912868200922792 0.03473206917228905 0.03330872795018164 0.0296469796448946 0.02694078376921621 0.007881188481722201 -0.07216915065098711 -0.06943166454363127 -0.0745157549238723 -0.06530406368572422 -0.06394885557339243 -0.06405072588392574 -0.06693801289910206 -0.07096958931778435 -0.06792740226196853 -0.06891794680901198 -0.44543725365529896 -0.07279651324548153 -0.07763171319485357 -0.08152554473718228 -0.08205790022064162 -0.07941176628936891 -0.0941544284477182 -0.09468588593375428 -0.09511797897436697 -0.4677773350242364 -0.09513229797796713 -0.09624673721744964 -0.09494556936070976 -0.46738264217729797 -0.4742350747970783 -0.10203038020383406 -9999
-9999 -9999 -9999 -9999 -9999 -9999 -9999 -9999 -9999 -9999 -9999 -9999 -9999 -9999 -9999 -9999 -9999 -9999 0.03988011845428013 0.043323779195223185 0.038934190879049535 0.03193622151308734 -0.01627135685766523 -0.036179453458475015 -0.026855833302049548 -0.04997083044651407 -0.03894702719686472 -0.057381769500510875 -0.05869153273575334 -0.06391135898783158 -0.061564765607371286 -0.06245690088152234 -0.061828169607273935 -0.06847036520586064 -0.07261999848339222 -0.07808102163202735 -0.08086672362507036 -0.07563514309003949 -0.07608500566414518 -0.07642833408697143 -0.07817134431198887 -0.08340013557640108 -0.09292736726448586 -0.08729637041687965 -0.08978478205592733 -0.09055461766927136 -0.09406450787640136 -0.09370194150782796 -0.08389430774537765 -0.09227033528377833 -0.09319766167470292 -9999
-9999 -9999 -9999 -9999 -9999 -9999 -9999 -9999 -9999 -9999 -9999 -9999 -9999 -9999 -9999 -9999 -9999 0.03381859567826212 0.032223973909149994 -0.041760848430187784 -0.04746610725946399 -0.027854972761934268 -0.024082635185154855 -0.05260007026726782 -0.035703700056056616 -0.05463393793805782 -0.05351203937164467 -0.0676515684058161 -0.07342437604118301 -0.07187266010062199 -0.06805862217088754 -0.0670188178267816 -0.06774356894438033 -0.07400839053013403 -0.07737737578218401 -0.0819667391276554 -0.08134300593772659 -0.0840249370743075 -0.08844821063963615 -0.09104487870860356 -0.4703024638533268 -0.4683156423675625 -0.08861378169335099 -0.09259876195827256 -0.09677987142830438 -0.10409513215088977 -0.1067653774769734 -0.10112292064434812 -0.09546030580025656 -0.10790180797567188 -9999 -9999
-9999 -9999 -9999 -9999 -9999 -9999 -9999 -9999 -9999 -9999 -9999 -9999 -9999 0.0069898157178059925 0.029645770990654182 0.041248957828983024 0.04147761351550405 0.04213616393668496 0.045478157699108124 0.05225117427661369 0.020029545113768255 -0.036609061608981815 -0.045471319037935 -0.042728101591701095 -0.04945852528528677 -0.03011346887797117 -0.07597485488361637 -0.07735245249679551 -0.09500683313640564 -0.08630986110833674 -0.08098034635591117 -0.07895846915957723 -0.06864329899215826 -0.0770121209282914 -0.07225684675833455 -0.06905781919055659 -0.07971581782254837 -0.087511261175994 -0.08682633567925377 -0.08207814778079807 -0.08194229350951704 -0.08441874558996895 -0.09259540593737492 -0.09609305052815573 -0.0980452423631821 -0.4759979458201838 -0.4750556717221828 -0.4770641941577196 -0.10501328620897683 -0.4790602447465062 -0.4743961907275345 -9999
-9999 -9999 -9999 -9999 -9999 -9999 -9999 -9999 -9999 -9999 -9999 -9999 -9999 0.030605437476997788 0.04076586882381333 -0.01432238436182559 -0.07030239027074497 -0.059577760084167763 -0.04741059172817546 0.002227971370777404 -0.06610811629292107 -0.07048966713330668 -0.061154028421024915 -0.046424749955211016 -0.059871770805962676 -0.06442803776134615 -0.08324550572053896 -0.07924428734037542 -0.08534182695186007 -0.08834414876511562 -0.0830571859791551 -0.07325557918976182 -0.07537339376690594 -0.07576087896671632 -0.07857383052696998 -0.08164027659222481 -0.08000638510060054 -0.0832977588288486 -0.08633713403959636 -0.08823266945293415 -0.08559708376212613 -0.09681527634434724 -0.1016610380181152 -0.08770096136014098 -0.4611047398622917 -0.09287924252693422 -0.101108953660435 -0.10799045190620032 -0.1123799525565751 -0.10687465151852883 -0.10149396273671933 -0.0551980045907523
-9999 -9999 -9999 -9999 -9999 -9999 -9999 -9999 -9999 -9999 -9999 -9999 -9999 0.03146551144511805 -0.03304151765516272 -0.051993637345731265 -0.04236330747928313 -0.053551686846691586 -0.05951604095247132 -0.06442042087893124 -0.051246599435968265 -0.06665765186366829 -0.0617469934058254 -0.05218317950873275 -0.05916977449036809 -0.07250653310557426 -0.07557510074390017 -0.09169031748467167 -0.08433782359909106 -0.08283178467789422 -0.08043904636946059 -0.08329169921900914 -0.07480622194302472 -0.07701758216337665 -0.08153411715655873 -0.08147155519817834 -0.0780397782345181 -0.07553774658995477 -0.07432261492004212 -0.08023740375495478 -0.07948797852124859 -0.08602431260616232 -0.09232063467978782 -0.09335850207540004 -9999 -9999 -9999 -9999 -9999 -9999 -9999 -9999
-9999 -9999 -9999 -9999 -9999 -9999 -9999 -9999 -9999 -9999 -9999 -9999 -9999 -0.05128620504199166 -0.050547174319786836 -0.052082955999218916 -0.02973096030156902 -0.0430724086928303 -0.05325335397830477 -0.050715109191672936 -0.05229411974711262 -0.06562268772445945 -0.0635435397574759 -0.0616636819044209 -0.06508841179311275 -0.06851104369549002 -0.0750498388407995 -0.08276139327284435 -0.0835255890396302 -0.09076338105470592 -0.08958438729219463 -0.08800277581600391 -0.08083655812737088 -0.08592480360327852 -0.08819335806385978 -0.08956002308379696 -0.0787471448192778 -0.08036301264782314 -0.08119250572812947 -0.09104333238919146 0.001232189531235578 -9999 -9999 -9999 -9999 -9999 -9999 -9999 -9999 -9999 -9999 -9999
-9999 -9999 -9999 -9999 -9999 -9999 -9999 -9999 -9999 -9999 -9999 -9999 0.03157311564554338 -0.038338938586251925 -0.02750335342210275 -0.03704408129029296 -0.02699315288792486 -0.06138494258503546 -0.06009260131775041 -0.05496274544250057 -0.057447185962582414 -0.04991816806242516 -0.03804286354747799 -0.04662485266833205 -0.0522777138318381 -0.0575490510293647 -0.0726670770622466 -0.07784016511362535 -0.07792006196130227 -0.07852504329512949 -0.08264999002542188 -0.08742517755245388 -0.07887683381609945 -0.08022368340955477 -0.08243364974370468 -0.08311879537675695 -0.078786202767135 -0.08111738559344539 -0.0860848675643944 -0.08628092266862157 -0.08680080561696188 -9999 -9999 -9999 -9999 -9999 -9999 -9999 -9999 -9999 -9999 -9999
-9999 -9999 -9999 -9999 -9999 -9999 -9999 -9999 -9999 -9999 -9999 -0.07148282470829459 -0.04225318765510688 -0.02794770011678338 0.001621526807708551 -0.0401055188647107 -0.03757749447275116 -0.06390775254239206 -0.06471021758878359 -0.06626777608028572 -0.06199200342044886 -0.06025554539392825 -0.05765256475981163 -0.0342812360385838 -0.05555857365707989 -0.06035836834622463 -0.06300578215766861 -0.06683676501574076 -0.07567949759085538 -0.07688564762635072 -0.07857778269554608 -0.08120605780783555 -0.0701753180676504 -0.07644644424157299 -0.08005062383397119 -0.08268946139951762 -0.09086498397442956 -0.0977572289335987 -0.09524802345296612 -0.0792894461394652 -9999 -9999 -9999 -9999 -9999 -9999 -9999 -9999 -9999 -9999 -9999 -9999
-9999 -9999 -9999 -9999 -9999 -9999 -9999 -9999 -9999 -9999 -0.05148586568058183 -0.0702372306309964 -0.08853991762937413 -0.07690515061435492 -0.05389911351401522 -0.05595884255498002 -0.052960007188274816 -0.06273724800785603 -0.061468046077567624 -0.04419573410616623 -0.060782103293129934 -0.0639223930547419 -0.06605654418387487 -0.06520580212869076 -0.07351868368847214 -0.0749923047893073 -0.07703735268391343 -0.07204987282824257 -0.06849075052077358 -0.06976028134965376 -0.06917221694374863 -0.06586886905943568 -0.07139766418739507 -0.0798177063546103 -0.08670313810200794 -0.09227430911572733 -0.0862473474167611 -0.09039620773704808 -0.0938038826798615 -9999 -9999 -9999 -9999 -9999 -9999 -9999 -9999 -9999 -9999 -9999 -9999 -9999
-9999 -9999 -9999 -9999 -9999 -9999 -9999 -9999 -9999 -9999 -9999 -9999 -0.008766550206295853 -0.057815385941901935 -0.03282121639779728 -0.049004846171516465 -0.059117640874793986 -0.06458705129182858 -0.06650186413089221 -0.06597108614590502 -0.045207888313123716 -0.06411575845888126 -0.06484984043661668 -0.06884567392989993 -0.07745863300869649 -0.07760025840252635 -0.07965108673290712 -0.07586264922081126 -0.07559936157549205 -0.07438129200802547 -0.06773791093703196 -0.07012739060851543 -0.06903426341064597 -0.07703146670499575 -0.07935968468613598 -0.08244140053410892 -0.0807503706006252 -0.08210976634417536 -0.08711634197717777 -0.07219218995179172 -9999 -9999 -9999 -9999 -9999 -9999 -9999 -9999 -9999 -9999 -9999 -9999
-9999 -9999 -9999 -9999 -9999 -9999 -9999 -9999 -9999 -9999 -9999 -0.019544235005488853 -0.034713645830102564 -0.020625389282308167 -0.05696545377292711 -0.04269282627121912 -0.04824229210372205 -0.05900132473882125 -0.054806327487787465 -0.05333122829704179 -0.05494040463362698 -0.058113696741993015 -0.05739090231287738 -0.05559014899494208 -0.06075460688494466 -0.06491423829499149 -0.06539023787026171 -0.06691496205799605 -0.0661302844224417 -0.06490444815110255 -0.06390810626275513 -0.06366304895314184 -0.06344276093675391 -0.0635231991865389 -0.06089811695172731 -0.06978616227760265 -0.08373721618124325 -0.09415836895451596 -0.08734797342153994 -9999 -9999 -9999 -9999 -9999 -9999 -9999 -9999 -9999 -9999 -9999 -9999 -9999
-9999 -9999 -9999 -9999 -9999 -0.00042631825351197033 -0.06442309992954788 -0.03702535144174879 0.006687845062950393 0.023769908949084928 0.033512073771461204 -0.054991865226917964 -0.05528118080742983 -0.06345056396220689 -0.061478033378396364 -0.4315513387403411 -0.05392663952206142 -0.059861566911896924 -0.0496517010235592 -0.05585021888027375 -0.05593134157116647 -0.054318023987276386 -0.06064779479461521 -0.054063062122820534 -0.05531666026977092 -0.05760598249490492 -0.06037642806768415 -0.06200079267601605 -0.0620514491734945 -0.057641538548404765 -0.0541559783336909 -0.055454872305626485 -0.05095539837265792 -0.05458948637723274 -0.06078820863900625 -0.07237682019805777 -0.0814004449133316 -0.08093242922230902 -9999 -9999 -9999 -9999 -9999 -9999 -9999 -9999 -9999 -9999 -9999 -9999 -9999 -9999
-9999 -9999 -9999 -9999 -0.022658503087966356 0.025108082584388902 0.05601684882750979 -0.06086774356663228 -0.06958698309229118 -0.060470939958063186 -0.062265162173982536 -0.055244169157484285 -0.03958927109108668 -0.043552745882745686 -0.031778038418649346 -0.05726590007543561 -0.049427943506642535 -0.049891063882766866 -0.043907718591230084 -0.045577561280325724 -0.048607684975570935 -0.04900054131513057 -0.04239602733160494 -0.05549574021816901 -0.055870705527131935 -0.057574903288775174 -0.04931419664669942 -0.0446289047477362 -0.04844150228587832 -0.047001380149437 -0.04210797357170479 0.002354626442589186 0.00749664352801832 0.004863484782855143 -0.0031755295703592428 -9999 -9999 -9999 -9999 -9999 -9999 -9999 -9999 -9999 -9999 -9999 -9999 -9999 -9999 -9999 -9999 -9999
-9999 -9999 -9999 0.12510023191166314 -0.02416675491258502 -0.0653827988907047 0.01335154012169526 -0.04339834580035962 -0.039066536756961256 -0.033680437436408306 -0.026564839194812173 -0.02607254252728558 -0.025839468788193626 -0.043385183965058416 -0.048529548833713576 -0.041539329853232776 -0.0417626866179964 -0.046262118945141206 -0.047948205762583296 -0.0479865051684496 -0.047033414487605514 -0.046001074936888785 -0.04345364514333397 -0.04516993343587156 -0.05099040322491655 -0.049779650289565325 -0.039118746396802066 -0.04709710000568757 -0.046102926114817006 -0.03811261454678097 -0.0413803484128869 -9999 -9999 -9999 -9999 -9999 -9999 -9999 -9999 -9999 -9999 -9999 -9999 -9999 -9999 -9999 -9999 -9999 -9999 -9999 -9999 -9999
-9999 -9999 -9999 0.12217876653227472 0.15761923087436872 0.0056165801361203185 -0.039678778215918864 -0.010692558615751913 0.04395029394199018 -0.031829105973567695 -0.04311495480816002 -0.05117689455737887 -0.04579622340995984 -0.05210093287346157 -0.05238975912494506 -0.04176251843328707 -0.042212806621809366 -0.03944777976721525 -0.04688626268635626 -0.04710924882522746 -0.04174902057275176 -0.037900146906790534 -0.03977483484651082 -0.043618487558611065 -0.04018706878971148 -0.04059760217838312 -0.035573342491103284 -0.038077916383095406 -0.04263633256778121 -9999 -9999 -9999 -9999 -9999 -9999 -9999 -9999 -9999 -9999 -9999 -9999 -9999 -9999 -9999 -9999 -9999 -9999 -9999 -9999 -9999 -9999 -9999
-9999 -9999 -9999 0.10025187905715854 0.03612443780445535 0.044254566340342805 0.03853177595073759 -0.030987394750928158 -0.03296669198038138 -0.017860548469521398 -0.030798843920068875 -0.028521116053604575 -0.03781623640300138 -0.0405447512622113 -0.04136922908946872 -0.040877574224672864 -0.040143377329830254 -0.03503589913168029 -0.045631850644460216 -0.04449076482864178 -0.039164848099260234 -0.035072013513063605 -0.039936832698952866 -0.0406648844237561 -0.03262517880648372 -0.035447298387146525 -0.05659423151012996 -0.06513184353547252 -9999 -9999 -9999 -9999 -9999 -9999 -9999 -9999 -9999 -9999 -9999 -9999 -9999 -9999 -9999 -9999 -9999 -9999 -9999 -9999 -9999 -9999 -9999 -9999
-9999 -9999 -9999 0.1414473737468538 0.04917063564062119 0.07345243770143256 0.08865222962492186 0.10008774353596178 0.044457475573796264 -0.03741752269232401 -0.033635891751264746 -0.04990933750472637 -0.0340185001411516 -0.032801690815097595 -0.03740104318231993 -0.04015763069543502 -0.04066244188858115 -0.034737383987268694 -0.03826981286882705 -0.036758256650975235 -0.032038163150782145 -0.03657557819362567 -0.04033025386540787 -0.05001058008359824 -0.04483571393496319 -0.05167394232652756 -0.049428525846451486 -9999 -9999 -9999 -9999 -9999 -9999 -9999 -9999 -9999 -9999 -9999 -9999 -9999 -9999 -9999 -9999 -9999 -9999 -9999 -9999 -9999 -9999 -9999 -9999 -9999
-9999 -9999 -9999 -9999 0.02279164557061769 -0.04574158858588856 -0.048088613047224005 -0.04522280016428104 -0.054621110143868834 -0.050895315493740434 -0.055838642034517716 -0.036927885051978686 -0.055675274307799116 -0.046288525300991264 -0.04057982640907815 -0.040391137924693205 -0.04382986075285336 -0.047716341730531166 -0.039340808238510216 -0.03757378967154934 -0.03270609628247178 -0.03789909823757151 -0.04241340767349242 -0.05468043717353241 -9999 -9999 -9999 -9999 -9999 -9999 -9999 -9999 -9999 -9999 -9999 -9999 -9999 -9999 -9999 -9999 -9999 -9999 -9999 -9999 -9999 -9999 -9999 -9999 -9999 -9999 -9999 -9999
