metrics/grid_rasters/SMAP L4/grideval_SMAP L4_Y_2015_absolute_bias.asc
ncols 52
nrows 55
xllcorner     11.25
yllcorner     55.25
cellsize      0.25
NODATA_value  -9999
[rows 0 to 26 of 55, columns 0 to 51 of 52]
-9999 -9999 -9999 -9999 -9999 -9999 -9999 -9999 -9999 -9999 -9999 -9999 -9999 -9999 -9999 -9999 -9999 -9999 -9999 -9999 -9999 -9999 -9999 -9999 -9999 -9999 -9999 -9999 -9999 -9999 -9999 -9999 -9999 -9999 -9999 -9999 0.033132213540459636 0.011531618294210287 -0.03683315559809813 -9999 -9999 -9999 -9999 -9999 -9999 -9999 -9999 -9999 -9999 -9999 -9999 -9999
-9999 -9999 -9999 -9999 -9999 -9999 -9999 -9999 -9999 -9999 -9999 -9999 -9999 -9999 -9999 -9999 -9999 -9999 -9999 -9999 -9999 -9999 -9999 -9999 -9999 -9999 -9999 -9999 -9999 -9999 -9999 -9999 -9999 -9999 -9999 -9999 0.042675489827308566 0.02588334782905688 0.02959416766862388 -0.006562774861674503 -0.07629180609450709 -0.06456145495648938 -9999 -9999 -9999 -9999 -9999 -9999 -9999 -9999 -9999 -9999
-9999 -9999 -9999 -9999 -9999 -9999 -9999 -9999 -9999 -9999 -9999 -9999 -9999 -9999 -9999 -9999 -9999 -9999 -9999 -9999 -9999 -9999 -9999 -9999 -9999 -9999 -9999 0.01578744330393228 -0.016945926633743225 -0.05932280556292462 -0.08075615852787638 -0.04544364078637969 -0.044872125707765886 -0.02432881572503659 -9999 -0.012323545313119131 0.0178326420388073 0.007533594695863843 -0.05097749478875319 -0.07150598257901605 -0.06903527696639311 -0.06340097686960303 -0.06429874543210312 -0.055550561563753716 -0.05576617524237129 -0.05270233035330652 -9999 -9999 -9999 -9999 -9999 -9999
-9999 -9999 -9999 -9999 -9999 -9999 -9999 -9999 -9999 -9999 -9999 -9999 -9999 -9999 -9999 -9999 -9999 -9999 -9999 -9999 -9999 -9999 -9999 -9999 -9999 -9999 -9999 0.017779866291702084 0.01983906772269567 0.0299718087352559 0.041126435854665085 0.04166952520946493 0.005086560830251108 -0.04169502677450798 -0.02097424204445658 -0.02271152836978299 -0.02913584238433925 -0.045765535582716094 -0.06254058979083688 -0.07396595105089965 -0.07142122553034391 -0.0703648706137675 -0.07500963474108616 -0.07737225655332969 -0.0600995876141463 -0.06498748673726165 -0.05842336137936455 -0.05526303587372505 -9999 -9999 -9999 -9999
-9999 -9999 -9999 -9999 -9999 -9999 -9999 -9999 -9999 -9999 -9999 -9999 -9999 -9999 -9999 -9999 -9999 -9999 -9999 -9999 -9999 -9999 0.001303142303787419 0.00048141310427812783 0.010606710868666049 -0.004510742334094486 0.01964778809942808 0.020909251146420227 0.024299796344902255 0.034676024802518635 0.04543412947714137 -0.00492104180376618 0.008134785271576794 -0.04085018068187421 -0.03009487236847852 -0.02556745005804431 -0.0507441924933022 -0.05089336264360317 -0.05750678050258767 -0.06284633113428323 -0.0679385306530535 -0.07281531331411678 -0.0735856890880959 -0.07087803867320214 -0.07440387073770928 -0.08566089476807713 -0.08119524990372601 -0.0820452642078901 -0.08256511844603467 -9999 -9999 -9999
-9999 -9999 -9999 -9999 -9999 -9999 -9999 -9999 -9999 -9999 -9999 -9999 -9999 -9999 -9999 -9999 -9999 -9999 -9999 -9999 -9999 -0.0046495447803742715 0.0036067016858237775 0.01802398833582508 -0.003993557422583449 -0.0036146007866464385 0.005556072713997107 0.027053893436173482 0.032461606489353534 0.04249877632879595 0.02406830534737303 -0.01236450442589404 -0.024955866796753268 -0.06852362355901798 -0.05981274764085176 -0.05568552225166496 -0.0724341040169107 -0.07073525831231607 -0.06948315771824101 -0.07600097932802591 -0.07093961993979284 -0.0696895501842637 -0.07231215333906191 -0.07564080596024167 -0.08108748300452552 -0.08893014540567512 -0.07242004937265706 -0.08996298495303684 -0.09040975181776634 -9999 -9999 -9999
-9999 -9999 -9999 -9999 -9999 -9999 -9999 -9999 -9999 -9999 -9999 -9999 -9999 -9999 -9999 -9999 -9999 -9999 -9999 -9999 0.001968921891801423 0.00757089424684243 0.014043532916199973 0.019685262122951463 0.01341678050237377 0.018383112903574642 0.02341649858563744 0.024123202055679197 0.02602453534560989 0.005488555289308639 -0.03211693602095489 -0.08009857541573878 -0.07755032584145427 -0.0758227564978502 -0.4200478079540998 -0.08114394705572113 -0.08467581117374627 -0.08641704095263368 -0.091474465205489 -0.08613608279242252 -0.08449398507805067 -0.08514487282906821 -0.4625120826528037 -0.46793608980504 -0.08844280918097139 -0.463313740487816 -0.4686397533774322 -0.4735712143607306 -0.471261865948464 -0.4692494400524153 -9999 -9999
-9999 -9999 -9999 -9999 -9999 -9999 -9999 -9999 -9999 -9999 -9999 -9999 -9999 -9999 -9999 -9999 -9999 -9999 -9999 -9999 -9999 0.011296025135963285 0.013526927927904777 0.022844337315164 0.0244440202886938 0.017402491771532025 0.010314516145879473 -0.02293932809244198 -0.06369616582780391 -0.057440702332918814 -0.008789933485362555 -0.06640844003183027 -0.0692948862998044 -0.07325466156789068 -0.07661687701900027 -0.4572683306614306 -0.08779192375931524 -0.08973400735671452 -0.09019394958915893 -0.0890754981309945 -0.08936875446867931 -0.09185719034306647 -0.09395689953761666 -0.4744111721635567 -0.4726385244374692 -0.4660776241445736 -0.4675853610187297 -0.4733420460133407 -0.4714132002578043 -9999 -9999 -9999
-9999 -9999 -9999 -9999 -9999 -9999 -9999 -9999 -9999 -9999 -9999 -9999 -9999 -9999 -9999 -9999 -9999 -9999 -9999 0.007874733312236927 0.012519469872069809 0.01771831943214236 0.018034865427298097 0.016469402048833015 -0.008014555114072841 -0.09476811371618772 -0.09172244219419153 -0.08714642931716066 -0.08681576094397281 -0.08983543220828116 -0.0846005314661466 -0.0812390639696069 -0.07837871675125119 -0.0802843483746403 -0.08186400447110001 -0.4635983195896866 -0.08974693486012106 -0.09395253864898906 -0.09344795387445877 -0.09639034762904286 -0.09241466281583638 -0.09281793789702623 -0.09212618503140604 -0.09583632098396924 -0.475831397076943 -0.09796247571558232 -0.09468272786146924 -0.09803382839668268 -0.4708778702556466 -0.4688125379319422 -0.09450864798621887 -9999
-9999 -9999 -9999 -9999 -9999 -9999 -9999 -9999 -9999 -9999 -9999 -9999 -9999 -9999 -9999 -9999 -9999 -9999 0.02936730399815596 0.03388409283456078 0.033146623510227624 0.0189420503826232 -0.039122854429075586 -0.07149288575466695 -0.06723642846848771 -0.08185986197529521 -0.07377654035192949 -0.08184728431496405 -0.08298729868512053 -0.09557929463552901 -0.08899003106596033 -0.0859788734352745 -0.08138737369431698 -0.08349456368364462 -0.08469142609178397 -0.08808313084637137 -0.0907731490757436 -0.08985471945571641 -0.09226461789918043 -0.09679447219120092 -0.10024269664509024 -0.10033087545139087 -0.0984427584989286 -0.09570361681934064 -0.09767462897203497 -0.09526549393119564 -0.09586237169089877 -0.0985433602351974 -0.09117285629770684 -0.09181894064219652 -0.09300245996184836 -9999
-9999 -9999 -9999 -9999 -9999 -9999 -9999 -9999 -9999 -9999 -9999 -9999 -9999 -9999 -9999 -9999 -9999 0.025391101263257557 0.023406854907905672 -0.04951226042847745 -0.06039190777810821 -0.05133559563255008 -0.0538570919645065 -0.08149645421156043 -0.07344790051493323 -0.08791146351435522 -0.09330173295225884 -0.09368165606387237 -0.09736672226098204 -0.09414995166987487 -0.08997451937004186 -0.08822052475819503 -0.08748953491381836 -0.08937144453675705 -0.09019682949681493 -0.09012177591281724 -0.08670725963425735 -0.08637232021827418 -0.08951817651409666 -0.09436918617537184 -0.4744366494019647 -0.4737255438237261 -0.09562788784882036 -0.09937849874457573 -0.0956030981838838 -0.09301531950866793 -0.09462554563101888 -0.09743567226318732 -0.09238011609740963 -0.09415234839370684 -9999 -9999
-9999 -9999 -9999 -9999 -9999 -9999 -9999 -9999 -9999 -9999 -9999 -9999 -9999 -0.0068027099225658185 0.009168973850026465 0.01773834910444616 0.02046763950956321 0.0268627918166276 0.033830568268658816 0.03509271636395955 0.0043392753946764895 -0.04021018185818637 -0.06186463892810961 -0.07906991587027631 -0.08001903041785369 -0.06620645746554947 -0.09747945618240557 -0.09425352632621324 -0.09824325824869562 -0.08891168476420394 -0.08389985136009204 -0.08431113132887097 -0.07991696906997223 -0.08580075922760963 -0.08535312656963037 -0.08325921507458586 -0.08886019865959867 -0.08939402397531268 -0.08829075516647594 -0.07906122739276142 -0.07757259735868803 -0.07826093440823934 -0.0843160833081456 -0.08997508897654978 -0.09360582610709556 -0.4687956544774444 -0.4669916676243453 -0.4692046561619789 -0.09607427989566923 -0.4665054982814197 -0.4580650070794416 -9999
-9999 -9999 -9999 -9999 -9999 -9999 -9999 -9999 -9999 -9999 -9999 -9999 -9999 0.006316685614458417 0.0026823166854034737 -0.04593906148181115 -0.09300174060778538 -0.0869754035317849 -0.06360618195546712 -0.014182115632806025 -0.07662577390346692 -0.07738812533800132 -0.07455979097899562 -0.07282899193192262 -0.074665907481757 -0.0805925792180201 -0.09695671926837836 -0.0905459063337786 -0.09223493111987001 -0.08930666633304774 -0.08346329351923397 -0.07711013374444209 -0.07738159701572482 -0.07752990435705936 -0.08082482321369308 -0.08247879278513984 -0.0788245757997009 -0.0813372987506073 -0.08170843831975373 -0.07516524640612868 -0.07320497454049958 -0.07971501559032593 -0.0800898337275073 -0.08614678194769165 -0.4550242007696957 -0.08664001194961912 -0.0917367207609694 -0.09569847743787753 -0.09596773007767306 -0.0923339719409364 -0.08568226160860515 -0.03751738235104607
-9999 -9999 -9999 -9999 -9999 -9999 -9999 -9999 -9999 -9999 -9999 -9999 -9999 0.00966977368910277 -0.06501320309643299 -0.08598722527618048 -0.08319872012762775 -0.08525928126426102 -0.07799085920003945 -0.07438659873897803 -0.0560411052988512 -0.07466378555505265 -0.07425869727194123 -0.0715795646547785 -0.07346822658328378 -0.0816613648763651 -0.08348661781329614 -0.10219787651319336 -0.09565784713640764 -0.08979542737073037 -0.08469367250091198 -0.0837336253082801 -0.07886140299669803 -0.08350069498821355 -0.0871393329547874 -0.08293904102815455 -0.07994084908214694 -0.07569366218171941 -0.07068257757614899 -0.06936468271092153 -0.06899014854652613 -0.06976424109006715 -0.07945823303487543 -0.09241297231387052 -9999 -9999 -9999 -9999 -9999 -9999 -9999 -9999
-9999 -9999 -9999 -9999 -9999 -9999 -9999 -9999 -9999 -9999 -9999 -9999 -9999 -0.06805355323619522 -0.08009415213398441 -0.08575168671276323 -0.07035427080407419 -0.06820681495368347 -0.0720391489217656 -0.06767250373318122 -0.07067842757912529 -0.08521365696723829 -0.08366808466069772 -0.07587437283063722 -0.07703383100832215 -0.07515019543661378 -0.08001938649281476 -0.0851413670388832 -0.08569677207175025 -0.08930457944128922 -0.08584771631770832 -0.08578476897180484 -0.08342057430047392 -0.08789866985808037 -0.08878512873631234 -0.08933594271263823 -0.08197670743564807 -0.08076915072676387 -0.07497589706051225 -0.07394317762717759 0.019281006245576385 -9999 -9999 -9999 -9999 -9999 -9999 -9999 -9999 -9999 -9999 -9999
-9999 -9999 -9999 -9999 -9999 -9999 -9999 -9999 -9999 -9999 -9999 -9999 0.014950906772607018 -0.052214982279242594 -0.063776528006179 -0.08650611398389663 -0.07788934679149123 -0.08377310964496197 -0.07624182299515431 -0.07292711356672482 -0.0756314018151314 -0.07443919475390781 -0.07070253343807936 -0.07017915959562387 -0.06818862883926899 -0.06853555577693615 -0.07744366024406885 -0.08084507636290414 -0.08222463684461209 -0.08237069509636508 -0.08207104824007394 -0.08256896581512585 -0.07752762783502745 -0.0804654697271078 -0.08331407802403107 -0.08017038125553225 -0.07420272047588825 -0.07225455392336055 -0.07421815329187856 -0.06696628474330382 -0.06779415455807591 -9999 -9999 -9999 -9999 -9999 -9999 -9999 -9999 -9999 -9999 -9999
-9999 -9999 -9999 -9999 -9999 -9999 -9999 -9999 -9999 -9999 -9999 -0.07585588593827586 -0.041273257319993095 -0.030693068843812617 -0.02601322518871768 -0.07499469778199623 -0.06727068109322197 -0.07730364492293879 -0.07773796463234156 -0.07845674021702093 -0.07567166618405291 -0.07598381056389117 -0.07647506002797548 -0.054127282074365235 -0.07424626818435677 -0.07225596209322108 -0.07236010747686145 -0.07328979448192953 -0.0806190575484404 -0.07911452370150142 -0.07849277558643243 -0.07992880364376118 -0.07291524901506749 -0.07512247079656736 -0.0778482794343048 -0.07361849716442118 -0.07683651744779224 -0.07772276745995194 -0.0756729899837682 -0.0762902471643257 -9999 -9999 -9999 -9999 -9999 -9999 -9999 -9999 -9999 -9999 -9999 -9999
-9999 -9999 -9999 -9999 -9999 -9999 -9999 -9999 -9999 -9999 -0.06363970506472127 -0.08115318253481069 -0.08601189924274899 -0.08378501918367742 -0.08182084981704868 -0.07862361852378398 -0.07332912243406431 -0.07304006817657371 -0.07063841093272494 -0.05133431316043219 -0.06896829260762155 -0.07347333554801327 -0.0770711838442868 -0.0831651407085936 -0.08840444489577587 -0.08656664361470848 -0.08655744421033768 -0.08001036908921473 -0.07570835920308153 -0.07207427334207507 -0.06992683535687355 -0.06749020915902143 -0.07052305635144171 -0.07637402246481267 -0.08219077932683386 -0.08406705184116806 -0.07441146124878456 -0.07589598920316137 -0.07066395993571932 -9999 -9999 -9999 -9999 -9999 -9999 -9999 -9999 -9999 -9999 -9999 -9999 -9999
-9999 -9999 -9999 -9999 -9999 -9999 -9999 -9999 -9999 -9999 -9999 -9999 -0.0184493504353222 -0.07550472721936857 -0.06156004380601859 -0.06678484784676364 -0.07160871433736404 -0.07405724559750665 -0.07185612869413938 -0.07031550861668902 -0.05141047818740674 -0.07396764421981544 -0.0767019577476305 -0.08235014666514967 -0.08705372103723291 -0.08637596380537757 -0.08634211417366923 -0.08376401313084741 -0.07967366869626782 -0.07650777698238348 -0.06902539518741549 -0.06950464104709445 -0.06519884871015952 -0.07394466976882866 -0.07767977549660299 -0.07929764908797934 -0.07068315536580477 -0.06757434963585834 -0.06707580518576697 -0.06925712003257409 -9999 -9999 -9999 -9999 -9999 -9999 -9999 -9999 -9999 -9999 -9999 -9999
-9999 -9999 -9999 -9999 -9999 -9999 -9999 -9999 -9999 -9999 -9999 -0.030425749357923082 -0.05572830920420357 -0.03770717836015086 -0.07315657950522514 -0.05730256679968754 -0.05883787219941373 -0.06249165660556105 -0.06725188868316961 -0.06600167148243967 -0.0684895721776052 -0.07159562549360965 -0.06849949924747056 -0.07127360111726155 -0.07625966115698968 -0.07809393817502339 -0.07563848815787473 -0.07482452661568731 -0.07307372538952682 -0.07256150461723215 -0.07212156766293865 -0.07030657358470957 -0.07078750702283693 -0.07172303519531997 -0.0712519997404234 -0.07374601311877027 -0.07858990138210106 -0.07576662387764721 -0.07109105619414123 -9999 -9999 -9999 -9999 -9999 -9999 -9999 -9999 -9999 -9999 -9999 -9999 -9999
-9999 -9999 -9999 -9999 -9999 -0.01706651986779595 -0.08730029093635855 -0.04824052177838845 -0.0016295917578612038 0.01261569072096175 0.01245586033260654 -0.08050420390139029 -0.07347913326102251 -0.0750293395586234 -0.06937029980727327 -0.44018958975515815 -0.0611385607211688 -0.06322455281281181 -0.06370858945320458 -0.06493817238068761 -0.06458265636509558 -0.06675432036378888 -0.07142982460089163 -0.07235414992914946 -0.07207144559861092 -0.07260661523942771 -0.0743484935665433 -0.07234682674774176 -0.07267840635360609 -0.06964882388609703 -0.06819322408190881 -0.06862855234403223 -0.0693594934878762 -0.07059733117253303 -0.070430168508133 -0.07459285325954337 -0.07559746850871049 -0.07179189754601889 -9999 -9999 -9999 -9999 -9999 -9999 -9999 -9999 -9999 -9999 -9999 -9999 -9999 -9999
-9999 -9999 -9999 -9999 -0.03839742053025008 -0.003821911689486479 0.013539438016499985 -0.08337043304760966 -0.08631219927223223 -0.07728337843222588 -0.07250963480266231 -0.06367520800963428 -0.056465156778092274 -0.053220455725915716 -0.033070493072581975 -0.060454062202638985 -0.060895201276209676 -0.06284821852467748 -0.059064328157367015 -0.062384251074711024 -0.06255213521323055 -0.059398466894191225 -0.06000093977322767 -0.06769895124176156 -0.06961828738275458 -0.07223275972266083 -0.06912572625188956 -0.06585588816960147 -0.06926533169993784 -0.06859665438634105 -0.06582074109709635 -0.06409762094854822 -0.062393985435494924 -0.049778907370340464 -0.04825982387297068 -9999 -9999 -9999 -9999 -9999 -9999 -9999 -9999 -9999 -9999 -9999 -9999 -9999 -9999 -9999 -9999 -9999
-9999 -9999 -9999 0.13039947809220226 -0.029149682808365274 -0.07680902986921873 0.007245086319153826 -0.06355642032099351 -0.05906953538738874 -0.05621683827124952 -0.04878414958026756 -0.03764391613184842 -0.03515888735024053 -0.053005458450338994 -0.05953549009996356 -0.057367380328668886 -0.0599878948024889 -0.06127209777090959 -0.058776285794724374 -0.062442032923296524 -0.06021178976599317 -0.0539715325111278 -0.055291230545143344 -0.0560768918452027 -0.059569204642214164 -0.06167558489150465 -0.05739932462377247 -0.06504968714136097 -0.06546088154493113 -0.05858450682389019 -0.05475769631858318 -9999 -9999 -9999 -9999 -9999 -9999 -9999 -9999 -9999 -9999 -9999 -9999 -9999 -9999 -9999 -9999 -9999 -9999 -9999 -9999 -9999
-9999 -9999 -9999 0.12069360246121424 0.15298406419221447 -0.0018170118318405761 -0.041358675137601116 -0.02666775773540581 0.02321865644236737 -0.048746827417604 -0.057592803312741525 -0.07114778114731735 -0.07177587274814765 -0.06740144126059844 -0.062176190076989164 -0.0563283271456283 -0.0559128136198932 -0.05450704704597087 -0.05857648528643089 -0.05642138058290148 -0.05562346875262464 -0.05325030343371598 -0.057156761665121736 -0.057366821059124135 -0.050719423401015484 -0.0523932938547117 -0.055470484303412636 -0.056486661226489036 -0.05794692895614459 -9999 -9999 -9999 -9999 -9999 -9999 -9999 -9999 -9999 -9999 -9999 -9999 -9999 -9999 -9999 -9999 -9999 -9999 -9999 -9999 -9999 -9999 -9999
-9999 -9999 -9999 0.09183611336286973 0.01878513520694069 0.0326484284846017 0.017872823279909692 -0.04629422884263978 -0.05112558957079605 -0.031231567209589032 -0.04451465512839825 -0.048146079386798435 -0.05499894086543283 -0.06017216783494611 -0.06267042514772292 -0.06427051406480311 -0.060616893213584926 -0.05798602193310404 -0.060135994351282925 -0.06079032217073505 -0.059299168520023475 -0.055041503200014615 -0.05763251421189061 -0.05615654826083222 -0.048231051101315085 -0.05026949452608487 -0.06727396528349239 -0.07306878596854846 -9999 -9999 -9999 -9999 -9999 -9999 -9999 -9999 -9999 -9999 -9999 -9999 -9999 -9999 -9999 -9999 -9999 -9999 -9999 -9999 -9999 -9999 -9999 -9999
-9999 -9999 -9999 0.13908366570658526 0.03586716008742685 0.04453005813531441 0.0534826733026777 0.0710065221565041 0.02249534359926758 -0.054534159354295016 -0.05058845466464479 -0.06818994947240314 -0.0557604972787934 -0.05568005993293862 -0.06409950041911372 -0.06589659991769914 -0.06394588322757216 -0.06039173928088176 -0.06145033110009096 -0.05993851384643417 -0.057478254758020715 -0.056065799743544725 -0.05581542655764851 -0.05756304071778135 -0.05245047704391368 -0.0601485371522143 -0.056446403859155315 -9999 -9999 -9999 -9999 -9999 -9999 -9999 -9999 -9999 -9999 -9999 -9999 -9999 -9999 -9999 -9999 -9999 -9999 -9999 -9999 -9999 -9999 -9999 -9999 -9999
-9999 -9999 -9999 -9999 0.002583289739228889 -0.0738827872044045 -0.06980811110113239 -0.06690955981713481 -0.0721441844793051 -0.06461365722156942 -0.06827206612578546 -0.04905175561812003 -0.07217593684178109 -0.06573305589260431 -0.06292385226820303 -0.0627527261987551 -0.06525155934992555 -0.07012492320388486 -0.06261038485835135 -0.0610828638670938 -0.051210521773942 -0.049416068787751934 -0.049871040453292916 -0.05800513252717208 -9999 -9999 -9999 -9999 -9999 -9999 -9999 -9999 -9999 -9999 -9999 -9999 -9999 -9999 -9999 -9999 -9999 -9999 -9999 -9999 -9999 -9999 -9999 -9999 -9999 -9999 -9999 -9999
