metrics/grid_rasters/SMAP L4/grideval_SMAP L4_X_fall_2015_absolute_bias.asc
ncols 52
nrows 55
xllcorner     11.25
yllcorner     55.25
cellsize      0.25
NODATA_value  -9999
[rows 0 to 26 of 55, columns 0 to 51 of 52]
-9999 -9999 -9999 -9999 -9999 -9999 -9999 -9999 -9999 -9999 -9999 -9999 -9999 -9999 -9999 -9999 -9999 -9999 -9999 -9999 -9999 -9999 -9999 -9999 -9999 -9999 -9999 -9999 -9999 -9999 -9999 -9999 -9999 -9999 -9999 -9999 0.04877805988212208 0.027288619633559386 -0.020705912466887574 -9999 -9999 -9999 -9999 -9999 -9999 -9999 -9999 -9999 -9999 -9999 -9999 -9999
-9999 -9999 -9999 -9999 -9999 -9999 -9999 -9999 -9999 -9999 -9999 -9999 -9999 -9999 -9999 -9999 -9999 -9999 -9999 -9999 -9999 -9999 -9999 -9999 -9999 -9999 -9999 -9999 -9999 -9999 -9999 -9999 -9999 -9999 -9999 -9999 0.062486556327932485 0.04713735977126343 0.05343903464029781 0.011256030627659395 -0.06074401236824933 -0.049897033823551706 -9999 -9999 -9999 -9999 -9999 -9999 -9999 -9999 -9999 -9999
-9999 -9999 -9999 -9999 -9999 -9999 -9999 -9999 -9999 -9999 -9999 -9999 -9999 -9999 -9999 -9999 -9999 -9999 -9999 -9999 -9999 -9999 -9999 -9999 -9999 -9999 -9999 0.025083563812486387 -0.008755827793380744 -0.0515339937429507 -0.07280498016420955 -0.03627607877274136 -0.03791511005588944 -0.010084637819410658 -9999 0.012957953141777112 0.041042606684041534 0.030544757802080325 -0.030493920689428244 -0.053991322354464716 -0.049530261001744125 -0.04393844556186227 -0.04508037144666188 -0.03890596201213509 -0.03547530881241781 -0.029446565228831656 -9999 -9999 -9999 -9999 -9999 -9999
-9999 -9999 -9999 -9999 -9999 -9999 -9999 -9999 -9999 -9999 -9999 -9999 -9999 -9999 -9999 -9999 -9999 -9999 -9999 -9999 -9999 -9999 -9999 -9999 -9999 -9999 -9999 0.02487690005819876 0.02873041857402403 0.041092517202372066 0.052170700547131854 0.05477581349211735 0.01078952527553828 -0.03380280233673999 -0.005686621744554143 0.002571732911107294 -0.005390841984650563 -0.026277959838018342 -0.04717872680707291 -0.05934000097133305 -0.055423365169010315 -0.053669283780586614 -0.05673728516878007 -0.05893079840301815 -0.03925117698835803 -0.0457981390325905 -0.04090526583348656 -0.03843911907093212 -9999 -9999 -9999 -9999
-9999 -9999 -9999 -9999 -9999 -9999 -9999 -9999 -9999 -9999 -9999 -9999 -9999 -9999 -9999 -9999 -9999 -9999 -9999 -9999 -9999 -9999 0.009340443085510686 0.006285891755596629 0.017588572638047917 -0.004341519877805788 0.02628770016215659 0.027779468754818185 0.03170998574613215 0.04665848047851207 0.05725523282947775 0.007827837797966641 0.01617878120760996 -0.02990389140425148 -0.0149312596154082 -0.009720889749107786 -0.03635065515453997 -0.03875742181316838 -0.04758828902965065 -0.05491906658306228 -0.05777416623883198 -0.05907728203705381 -0.05874475103976961 -0.05957830015692736 -0.06208435705975517 -0.07195998832665304 -0.0692818481065742 -0.0717468061330882 -0.07306871653258146 -9999 -9999 -9999
-9999 -9999 -9999 -9999 -9999 -9999 -9999 -9999 -9999 -9999 -9999 -9999 -9999 -9999 -9999 -9999 -9999 -9999 -9999 -9999 -9999 0.00295380715812954 0.015231419068116425 0.030116756415956625 0.0015875574324157316 0.0022401689746222586 0.012352307542012277 0.032931463649639725 0.03914389959894693 0.05299675128944625 0.035646183559527755 0.001021049732526591 -0.01228239583772617 -0.053785136153737256 -0.04264900131294358 -0.03885856719053055 -0.05870084933281601 -0.057129879267169885 -0.06021980736609343 -0.06888414612346955 -0.06320911218094957 -0.06113019788248855 -0.0624059119190161 -0.0651256895450118 -0.07060309790156702 -0.07770336957668866 -0.05997625245088406 -0.07993815018498635 -0.08109601040544745 -9999 -9999 -9999
-9999 -9999 -9999 -9999 -9999 -9999 -9999 -9999 -9999 -9999 -9999 -9999 -9999 -9999 -9999 -9999 -9999 -9999 -9999 -9999 0.007372651290107556 0.016073065185612356 0.024774037629038403 0.030446271893087292 0.01843183127405884 0.023778348096779426 0.030093946627208164 0.030022623488208718 0.03112302601828681 0.010193309531762064 -0.028750770899293177 -0.07536708285192867 -0.06941349159639612 -0.06065636736105433 -0.4007683038343112 -0.06912945043090933 -0.07355329240825803 -0.07617806452889364 -0.08099754078948235 -0.078354790274586 -0.07698755821847653 -0.0783559216575308 -0.4568896463325063 -0.461901550928315 -0.0823191381417788 -0.45553271189987 -0.459573951969435 -0.4643561912925689 -0.4634219915247881 -0.4625376383722811 -9999 -9999
-9999 -9999 -9999 -9999 -9999 -9999 -9999 -9999 -9999 -9999 -9999 -9999 -9999 -9999 -9999 -9999 -9999 -9999 -9999 -9999 -9999 0.021449348428747128 0.025761109787029224 0.03355160302349497 0.032493983610318244 0.02292392722197939 0.01749859598802994 -0.018305627608692254 -0.06129919684359009 -0.05680200957007464 -0.0013834941354426975 -0.06514157313894442 -0.0696641190571117 -0.06700522358437161 -0.06917758646247149 -0.4511938601896003 -0.08135938261645839 -0.08300557879956211 -0.08265119125800474 -0.08157384416067995 -0.08128374454739333 -0.08351740959499562 -0.08565581553093682 -0.4677018337361105 -0.4665319617673919 -0.4588693136369789 -0.4586871706849926 -0.4650483574349802 -0.4632729274926933 -9999 -9999 -9999
-9999 -9999 -9999 -9999 -9999 -9999 -9999 -9999 -9999 -9999 -9999 -9999 -9999 -9999 -9999 -9999 -9999 -9999 -9999 0.017940335753527326 0.023403949830885784 0.03337966671193044 0.03636023381745418 0.03574550749508887 0.007100906018372433 -0.08846318601006331 -0.08477076802116174 -0.08211465443965499 -0.08416691616914429 -0.08903447370771522 -0.08440508879721165 -0.0803184334679947 -0.07749388203188615 -0.07648402532296522 -0.07625982187852101 -0.4602178629733377 -0.08522844949102662 -0.08910438874838769 -0.08719190541695762 -0.08986866754571815 -0.08502522004502164 -0.08606496375504433 -0.08633036790722673 -0.08968145097350028 -0.47068719168777 -0.09032781375060372 -0.08640394063031934 -0.09109831085571872 -0.4641520426209483 -0.461708343434301 -0.08734651331554405 -9999
-9999 -9999 -9999 -9999 -9999 -9999 -9999 -9999 -9999 -9999 -9999 -9999 -9999 -9999 -9999 -9999 -9999 -9999 0.04349939856719187 0.04982413372004424 0.05186917219351933 0.03928232082462574 -0.026615886693144908 -0.06478290439962031 -0.06138122511597782 -0.07668934037888442 -0.06743820820126561 -0.07294965752369753 -0.0760908279731706 -0.09368983979572308 -0.08607987203932069 -0.08229747742086974 -0.07817096144452201 -0.07845321207583605 -0.08044714707840273 -0.0856029590448508 -0.08792057082793872 -0.08664073752096066 -0.08906088673233331 -0.09422216222590796 -0.0968275489592618 -0.09538355750123878 -0.0933554387845836 -0.08968956639560369 -0.09037734070731387 -0.08591419673309877 -0.08735926713344158 -0.09104449707236917 -0.083364841988781 -0.08451076410710809 -0.0852587950712704 -9999
-9999 -9999 -9999 -9999 -9999 -9999 -9999 -9999 -9999 -9999 -9999 -9999 -9999 -9999 -9999 -9999 -9999 0.03942184825683687 0.037574964688046934 -0.038417244432391695 -0.0426427047126568 -0.0296125398887383 -0.03716810772215928 -0.07592844907808438 -0.06255667302552814 -0.08295114260617195 -0.089386570584643 -0.09298580246312274 -0.09660019359172699 -0.0913964962320668 -0.08553482117233692 -0.08395904609626467 -0.08436397847893473 -0.08714548617110149 -0.08814852326535264 -0.08954855437380274 -0.08605045098606698 -0.08534969692374325 -0.08810895701849855 -0.09345216191486347 -0.4743795348433675 -0.4714511536921446 -0.09102017761996156 -0.09293282484369622 -0.08900371384244041 -0.08554327297587314 -0.0873140433578046 -0.09006011479912876 -0.08454634019961726 -0.08495369799189513 -9999 -9999
-9999 -9999 -9999 -9999 -9999 -9999 -9999 -9999 -9999 -9999 -9999 -9999 -9999 0.0029423929505295603 0.024023080183254497 0.03134294693450351 0.03486869799403042 0.043587511630503666 0.05343438099537578 0.055567766570455424 0.02619769391450255 -0.019914550215497092 -0.045817177190066734 -0.0680713777604339 -0.07359880470967556 -0.0582701728812286 -0.09290406421072536 -0.09248832126076406 -0.09626091236842203 -0.08658642880618572 -0.08067254458073078 -0.0809668773109769 -0.07795782405678386 -0.08461156765838246 -0.08477909883463773 -0.08250905986834359 -0.08905497619083952 -0.09046778707140747 -0.08815622266259167 -0.07853801912822564 -0.07723326016995277 -0.0773707004980399 -0.08378911538274736 -0.08835312415037178 -0.08884382859936782 -0.4638299794847166 -0.4621388672513294 -0.4608988685553873 -0.08734193667360063 -0.4557402395121344 -0.4470437571283552 -9999
-9999 -9999 -9999 -9999 -9999 -9999 -9999 -9999 -9999 -9999 -9999 -9999 -9999 0.0172273454839712 0.016106719458168658 -0.03799607594507737 -0.08738787764949457 -0.07752536130802973 -0.049758270935534143 0.0036744519986294244 -0.06528881120567143 -0.06453602642312156 -0.06336472836415191 -0.06388904751984631 -0.07100033172621176 -0.07875104768426862 -0.09303387188976943 -0.09197913104115607 -0.09223229912938648 -0.09173227871184822 -0.08396942260583024 -0.07521359032981997 -0.07560821966483043 -0.07765186672191042 -0.08227688100721156 -0.08385248093323394 -0.08054117586177129 -0.08231142808038458 -0.0809674144282446 -0.07616302698523134 -0.0741104214441973 -0.08141794950179346 -0.08198056738455217 -0.07851544006185215 -0.4462717686585345 -0.07654659974051048 -0.07885977298348812 -0.08234210987831211 -0.0808498989995364 -0.07539470422153287 -0.06784709612583067 -0.022320434532977718
-9999 -9999 -9999 -9999 -9999 -9999 -9999 -9999 -9999 -9999 -9999 -9999 -9999 0.019783424152122756 -0.05677348240227487 -0.08020358020951462 -0.07811749669221729 -0.0792502795069755 -0.06509957640626267 -0.06289060307400568 -0.03924714550785313 -0.061611271023259064 -0.0610682356202013 -0.061390923622709065 -0.06806917689167538 -0.07929539967041749 -0.08133765152440622 -0.09708014063045876 -0.09319908771622967 -0.09193023537787108 -0.08599497734026593 -0.08362465503287841 -0.07796556093208082 -0.08379169936281639 -0.08819919357915501 -0.0841495321633724 -0.0801816390069959 -0.07457579584321478 -0.06865881829635129 -0.06884137285197828 -0.06931506606985582 -0.07276725599153358 -0.08079019471347987 -0.0869065050322276 -9999 -9999 -9999 -9999 -9999 -9999 -9999 -9999
-9999 -9999 -9999 -9999 -9999 -9999 -9999 -9999 -9999 -9999 -9999 -9999 -9999 -0.060272631798308 -0.07208041058709985 -0.07880174294932862 -0.06346923327789855 -0.05929856804701 -0.058770370495679625 -0.05343834658736707 -0.056908313348725585 -0.07377720325366482 -0.07429251864879999 -0.06763422986553919 -0.0730699427057426 -0.07606014081246247 -0.08138753381649869 -0.08737990818917749 -0.08895447864555397 -0.09348904224788092 -0.09059456146352893 -0.08953887606960734 -0.08544262144509909 -0.09164567594672296 -0.09401556886323206 -0.09449399145995524 -0.08530504307658465 -0.08269670673205959 -0.07664194058340329 -0.0779224783796203 0.016891411781966043 -9999 -9999 -9999 -9999 -9999 -9999 -9999 -9999 -9999 -9999 -9999
-9999 -9999 -9999 -9999 -9999 -9999 -9999 -9999 -9999 -9999 -9999 -9999 0.03126535278100229 -0.036127479624125984 -0.048730442279970254 -0.07382819643960548 -0.06116369716659354 -0.06984453410892694 -0.0606305633804628 -0.058820568884794526 -0.06528587710972014 -0.06736012214569598 -0.06678465669872344 -0.06350525898429063 -0.06502936205284282 -0.06797675352420779 -0.07924677943299108 -0.08368018406678683 -0.08615202661399002 -0.08577673153562859 -0.08654875431086995 -0.08662976596791011 -0.07836214426372731 -0.08189848251640798 -0.08644763020041224 -0.0846656810615089 -0.0772857452527835 -0.07544557733850163 -0.07796298286744527 -0.07234184321138884 -0.07253846366490638 -9999 -9999 -9999 -9999 -9999 -9999 -9999 -9999 -9999 -9999 -9999
-9999 -9999 -9999 -9999 -9999 -9999 -9999 -9999 -9999 -9999 -9999 -0.06531630206730342 -0.027061155577609845 -0.01387296657968351 -0.00831733339026075 -0.05800406346199932 -0.05002964470167082 -0.06134778160888416 -0.06181347048790248 -0.06626738677476787 -0.0666061838945517 -0.07030186884023329 -0.07272711029828904 -0.04950111529247445 -0.07125113415275958 -0.07247765614026852 -0.07406618241425397 -0.07566650365325775 -0.08509859328086558 -0.08418617018877148 -0.08381995390895958 -0.08384951457872494 -0.07250244194989675 -0.07561330366265642 -0.08032457233703398 -0.07835930823297291 -0.07996859155840924 -0.0809182170778513 -0.07697278627573134 -0.06671591017108701 -9999 -9999 -9999 -9999 -9999 -9999 -9999 -9999 -9999 -9999 -9999 -9999
-9999 -9999 -9999 -9999 -9999 -9999 -9999 -9999 -9999 -9999 -0.0512808285407968 -0.06649953654997952 -0.07543391435519681 -0.07118235530515947 -0.06683304228379833 -0.06583506229159597 -0.062071767379785585 -0.060933548527268226 -0.057636503273477975 -0.040834400598164435 -0.06248394287303907 -0.06739323559616295 -0.07162571469178566 -0.0800643751991319 -0.0861222938440003 -0.08632803450410181 -0.08889195335271594 -0.08343479201033878 -0.08029024372552776 -0.0772351078525349 -0.07551437814893958 -0.07167574245441742 -0.07249353580422452 -0.07949967342582376 -0.08623942200626647 -0.08669210534419985 -0.07591555785428691 -0.076013593596744 -0.07175578885189779 -9999 -9999 -9999 -9999 -9999 -9999 -9999 -9999 -9999 -9999 -9999 -9999 -9999
-9999 -9999 -9999 -9999 -9999 -9999 -9999 -9999 -9999 -9999 -9999 -9999 -0.0025772079006656234 -0.05960554392128198 -0.04135307917309988 -0.0574595118862587 -0.0629480557905121 -0.06484137199164093 -0.06380752220258606 -0.06322990630108577 -0.041460388677788285 -0.0657604772720363 -0.06916165748959058 -0.07730244683449737 -0.08380801678931979 -0.0849473357896556 -0.08680861473984114 -0.08630258289094156 -0.0832192498863071 -0.08027156724870863 -0.07304331815832263 -0.07245594166874234 -0.06548415163306745 -0.07436556199176625 -0.078285383531353 -0.0783107208886317 -0.07069391667187869 -0.06793381715868854 -0.06772155764993731 -0.053273401028671084 -9999 -9999 -9999 -9999 -9999 -9999 -9999 -9999 -9999 -9999 -9999 -9999
-9999 -9999 -9999 -9999 -9999 -9999 -9999 -9999 -9999 -9999 -9999 -0.015273586345406653 -0.03695929619473415 -0.018551405048468583 -0.059292468129769786 -0.04974705639940041 -0.05356842144341262 -0.057871744118549014 -0.06035465681618385 -0.05953975423024253 -0.060362077901487836 -0.06238464184187272 -0.05990342656662176 -0.06428246439567636 -0.07007534026198989 -0.07474887111111653 -0.07429972149759201 -0.07402533018490767 -0.07330140762112955 -0.07321123918006706 -0.07360143793726359 -0.07112226508312172 -0.07061411360544817 -0.07300915032788946 -0.07081396560501921 -0.07280231512837357 -0.07645771335196364 -0.07516177385472332 -0.06778362080209202 -9999 -9999 -9999 -9999 -9999 -9999 -9999 -9999 -9999 -9999 -9999 -9999 -9999
-9999 -9999 -9999 -9999 -9999 -0.005330950472053564 -0.07823417741027505 -0.034951969162448415 0.012274045824677116 0.02624251595237753 0.028222868566984638 -0.06987015211156432 -0.06384316989435601 -0.06447021190363628 -0.060027175388493385 -0.4358743973240093 -0.05473909457470039 -0.05881170361497245 -0.0592013059368173 -0.06033127744692365 -0.058390744296567786 -0.058775332398139514 -0.06458270177245137 -0.06353154293374047 -0.06384624088449138 -0.0662303185397452 -0.07025250735191202 -0.06923366006422826 -0.07000116252719044 -0.06561206743776146 -0.06479933685981312 -0.06594277586747002 -0.06693873871731887 -0.07008846671126047 -0.07111882747938998 -0.07275184636915125 -0.07128882719265238 -0.0685136969109158 -9999 -9999 -9999 -9999 -9999 -9999 -9999 -9999 -9999 -9999 -9999 -9999 -9999 -9999
-9999 -9999 -9999 -9999 -0.021405982529069056 0.01043200075298878 0.03451184285702291 -0.07633670247518097 -0.07797692714074805 -0.07170600450219032 -0.06882387448798166 -0.05892594680599456 -0.05122391865230525 -0.04578424304478118 -0.024152815075857315 -0.05664918203275283 -0.05807197169697548 -0.060009231647619815 -0.05654318755553975 -0.05873349409263867 -0.057105869095731565 -0.053242534296689466 -0.05444663885858034 -0.06188092407371315 -0.06332745300708234 -0.06677550714012684 -0.06453916778440003 -0.061139669044168427 -0.0648160726241358 -0.0631461458096465 -0.0605082031503156 -0.04766417882190302 -0.044333202027521314 -0.03322795676169815 -0.032003735059073994 -9999 -9999 -9999 -9999 -9999 -9999 -9999 -9999 -9999 -9999 -9999 -9999 -9999 -9999 -9999 -9999 -9999
-9999 -9999 -9999 0.1541088619934661 -0.007819435139606312 -0.06228398482550629 0.023663842457008918 -0.05503841909160323 -0.05509049197720306 -0.053153743537572684 -0.04661454164146722 -0.03890007971734788 -0.03484920727518892 -0.04972787848213217 -0.05655536579561754 -0.05592406070330641 -0.058337535688674065 -0.058584604985438826 -0.05743267544760153 -0.06020836638552804 -0.056307907472108724 -0.04805770043570262 -0.048776966980197935 -0.05080784879788591 -0.05571689687996775 -0.0566238424648623 -0.052432013307135206 -0.059176775330043084 -0.0573928007999292 -0.046309698639171504 -0.04362704318303329 -9999 -9999 -9999 -9999 -9999 -9999 -9999 -9999 -9999 -9999 -9999 -9999 -9999 -9999 -9999 -9999 -9999 -9999 -9999 -9999 -9999
-9999 -9999 -9999 0.14668834416175286 0.18152581020207192 0.020294025581289118 -0.025315998511000026 -0.01596594720587624 0.03536911599419928 -0.0425139909999056 -0.05432268895290709 -0.06793616247455497 -0.06578291792954719 -0.06432777063941557 -0.0595373248906581 -0.05461101481629593 -0.054774638777086986 -0.052427646509566106 -0.05645556942365326 -0.05333465751219582 -0.05100271208109439 -0.04879577369889715 -0.05189767009118098 -0.052488510527617334 -0.04548933428640548 -0.0463512668815943 -0.04958437974718244 -0.050509781709739104 -0.05101105726354727 -9999 -9999 -9999 -9999 -9999 -9999 -9999 -9999 -9999 -9999 -9999 -9999 -9999 -9999 -9999 -9999 -9999 -9999 -9999 -9999 -9999 -9999 -9999
-9999 -9999 -9999 0.120294747198676 0.042533441313675424 0.05477983389909452 0.03913750257957116 -0.03704288634625108 -0.04575693419018945 -0.026372006736122663 -0.041602110531140164 -0.04633745172439696 -0.054555080544490035 -0.060186682985379165 -0.06305976828130394 -0.06542172184684775 -0.061379965087705934 -0.0574864269653847 -0.05979186771335183 -0.06060157364213861 -0.0581778742291115 -0.0532168779767804 -0.05644451865701231 -0.05550562469595738 -0.04730643436394552 -0.04786023642908743 -0.06126836056892687 -0.05632851682193985 -9999 -9999 -9999 -9999 -9999 -9999 -9999 -9999 -9999 -9999 -9999 -9999 -9999 -9999 -9999 -9999 -9999 -9999 -9999 -9999 -9999 -9999 -9999 -9999
-9999 -9999 -9999 0.16659109251430404 0.062443438016778825 0.06792166902796254 0.07179490173911003 0.08398271884237013 0.029649088711856512 -0.052767080572116536 -0.050487972079561294 -0.06937419064342976 -0.05581482395447876 -0.05734347146782245 -0.06549304541568833 -0.06811891883038558 -0.06601839946521504 -0.061394832434726286 -0.06128953090244596 -0.06018027495388147 -0.0583187090744684 -0.056652740667481986 -0.0561634358223323 -0.057420692580578116 -0.05160972957018314 -0.057814370513289824 -0.053596161162623994 -9999 -9999 -9999 -9999 -9999 -9999 -9999 -9999 -9999 -9999 -9999 -9999 -9999 -9999 -9999 -9999 -9999 -9999 -9999 -9999 -9999 -9999 -9999 -9999 -9999
-9999 -9999 -9999 -9999 0.022094110333985062 -0.0623965113331656 -0.0626652954289546 -0.06771761549452504 -0.07408738388055627 -0.06560535767821818 -0.06973252545755643 -0.04959199260306227 -0.07466365634412556 -0.06645609170280317 -0.06389346866162267 -0.06420226511801336 -0.06764632328362252 -0.07231235078402926 -0.0634407225054699 -0.061675748347744835 -0.05120114603458525 -0.0506191297874346 -0.05151720404379315 -0.05865254052556479 -9999 -9999 -9999 -9999 -9999 -9999 -9999 -9999 -9999 -9999 -9999 -9999 -9999 -9999 -9999 -9999 -9999 -9999 -9999 -9999 -9999 -9999 -9999 -9999 -9999 -9999 -9999 -9999
