metrics/grid_rasters/SMAP L4/grideval_SMAP L4_X_fall_2017_anomaly_pearson_r.asc
ncols 52
nrows 55
xllcorner     11.25
yllcorner     55.25
cellsize      0.25
NODATA_value  -9999
[rows 0 to 28 of 55, columns 0 to 51 of 52]
-9999 -9999 -9999 -9999 -9999 -9999 -9999 -9999 -9999 -9999 -9999 -9999 -9999 -9999 -9999 -9999 -9999 -9999 -9999 -9999 -9999 -9999 -9999 -9999 -9999 -9999 -9999 -9999 -9999 -9999 -9999 -9999 -9999 -9999 -9999 -9999 0.4178641892462924 0.3704635577638444 0.6909089674387163 -9999 -9999 -9999 -9999 -9999 -9999 -9999 -9999 -9999 -9999 -9999 -9999 -9999
-9999 -9999 -9999 -9999 -9999 -9999 -9999 -9999 -9999 -9999 -9999 -9999 -9999 -9999 -9999 -9999 -9999 -9999 -9999 -9999 -9999 -9999 -9999 -9999 -9999 -9999 -9999 -9999 -9999 -9999 -9999 -9999 -9999 -9999 -9999 -9999 0.36976808151946894 0.4078920520597702 0.556204914922062 0.6664311601555086 0.5768609901579004 0.6795500275510744 -9999 -9999 -9999 -9999 -9999 -9999 -9999 -9999 -9999 -9999
-9999 -9999 -9999 -9999 -9999 -9999 -9999 -9999 -9999 -9999 -9999 -9999 -9999 -9999 -9999 -9999 -9999 -9999 -9999 -9999 -9999 -9999 -9999 -9999 -9999 -9999 -9999 0.3963134830870371 0.1521716656725377 0.7425205557608371 0.8216531143257413 0.7013071509394408 0.3739918338872402 0.30126664770952605 -9999 0.3745108167044646 0.3866608205443162 0.4035089123517955 0.5197061233876696 0.6360220858711466 0.5842448653329506 0.6881431320614233 0.6807063102823278 0.5957325280685641 0.6655739873556081 0.6823391669910328 -9999 -9999 -9999 -9999 -9999 -9999
-9999 -9999 -9999 -9999 -9999 -9999 -9999 -9999 -9999 -9999 -9999 -9999 -9999 -9999 -9999 -9999 -9999 -9999 -9999 -9999 -9999 -9999 -9999 -9999 -9999 -9999 -9999 0.8955489026098961 0.9511046308993532 0.6581254289076961 0.3100389978434127 0.4769642105226114 0.30818975640689816 0.282641775366516 0.26489332793336673 0.3933940088242336 0.3415792500819731 0.35063105567548497 0.5296298879853911 0.5954646801787649 0.5818271998340365 0.5569897070543474 0.5368364982596624 0.5041813617322591 0.6596342549283765 0.6802258510867714 0.6582641217170301 0.6886281100426621 -9999 -9999 -9999 -9999
-9999 -9999 -9999 -9999 -9999 -9999 -9999 -9999 -9999 -9999 -9999 -9999 -9999 -9999 -9999 -9999 -9999 -9999 -9999 -9999 -9999 -9999 0.7672950891498447 0.4448997958837589 0.7266703134698759 0.867205467163735 0.9329482619439984 0.8547239080425526 0.8467221130211993 0.60515051388479 0.2575520894347471 0.3248510819913386 0.18764971502304414 0.2447358190454467 0.2864055489688675 0.4326598309014477 0.4549500780019038 0.428849904572252 0.5338119487644675 0.6262854989801308 0.5502656981916345 0.5595160371530197 0.5447487406523784 0.5176928096582363 0.5393600093474042 0.5110655505440309 0.6230354168578245 0.665759191653744 0.6464774240369778 -9999 -9999 -9999
-9999 -9999 -9999 -9999 -9999 -9999 -9999 -9999 -9999 -9999 -9999 -9999 -9999 -9999 -9999 -9999 -9999 -9999 -9999 -9999 -9999 0.8279417483886795 0.8240587033077165 0.4799794283019978 0.3181883342228492 0.7928437892821836 0.8982658725510906 0.6796284187614631 0.4073741198919859 0.34172161741448304 0.18160563697016185 0.2497944072573147 0.2693334364553657 0.3909396221302035 0.40377839050436215 0.5317127738450211 0.5201231982741772 0.5147125731710931 0.5496204189326717 0.5385899670919398 0.5090065631830336 0.511266825058436 0.4773670959048474 0.4471549276826641 0.4241330727324659 0.4522116820483951 0.5757933947254195 0.6674118403529503 0.6807676662813527 -9999 -9999 -9999
-9999 -9999 -9999 -9999 -9999 -9999 -9999 -9999 -9999 -9999 -9999 -9999 -9999 -9999 -9999 -9999 -9999 -9999 -9999 -9999 0.7760565754829227 0.8628751185015316 0.901131869817702 0.7615128625863488 0.9403219728204512 0.9349700818203764 0.8844882064791502 0.6222310369047488 0.4768613770758842 0.4826315359411789 0.32987726536508594 0.3063679816456296 0.2758880415894641 0.37390933735969856 0.2513717846360606 0.5928483490623249 0.6094161646279261 0.584599835247692 0.4764439024473855 0.4285254353534256 0.4369998340037361 0.5085099919080613 0.14015500008044485 0.09923962960461724 0.4596237223458882 0.24354832577558444 0.2893550310418101 0.3600011489828541 0.3877723818750517 0.3966495450016708 -9999 -9999
-9999 -9999 -9999 -9999 -9999 -9999 -9999 -9999 -9999 -9999 -9999 -9999 -9999 -9999 -9999 -9999 -9999 -9999 -9999 -9999 -9999 0.7575903393826727 0.7631860392347036 0.7459252002735907 0.8370665853238154 0.944255533664972 0.5788718771531902 0.4728634736850698 0.0960767589635662 0.4226668868731221 0.3715054708533855 0.2845791573026634 0.2073698085977207 0.3608957702682317 0.5256080387063684 0.2339367727630792 0.4829563162336586 0.516562384105705 0.425158807560356 0.4293089468258595 0.4578854672227448 0.5419048092521015 0.4665362823065271 0.1405994164854941 0.175638955626214 0.3011621993869311 0.3165627414631329 0.3956330486797359 0.3746931876432892 -9999 -9999 -9999
-9999 -9999 -9999 -9999 -9999 -9999 -9999 -9999 -9999 -9999 -9999 -9999 -9999 -9999 -9999 -9999 -9999 -9999 -9999 0.4738557707900474 0.4584530204347258 0.5994701697068189 0.5863281792013267 0.598373170605419 0.3192925416334385 0.33567014861569616 0.3621117959253864 0.5011884226932962 0.36579694636947657 0.4059241032527826 0.4207811209553382 0.32942100130403495 0.3607423575932456 0.5346313662797084 0.5517527438544026 0.20502955743968504 0.4621671018223722 0.3866453904332399 0.3640366574767148 0.37595113786752304 0.42100579259816495 0.5700453920637665 0.583664707694823 0.5386041424023131 0.29917725789059146 0.4909799197201453 0.5412102440795217 0.5365829480131417 0.3602990601795996 0.4376416811541428 0.6866904316849303 -9999
-9999 -9999 -9999 -9999 -9999 -9999 -9999 -9999 -9999 -9999 -9999 -9999 -9999 -9999 -9999 -9999 -9999 -9999 0.8042649918397847 0.8126440957094101 0.4666722513693421 0.3347736574171073 0.23139329400312456 0.17784601783056844 0.10530322926458947 0.195095587050356 0.19187570362870016 0.5572057252972182 0.5537397878586519 0.4621402606242059 0.5684411102018989 0.4939604197430533 0.5279408192854101 0.4936107021744184 0.5199978248712605 0.5036575573595622 0.5050692255094664 0.47764732469064297 0.5386325555467706 0.5341091714282646 0.5389416038892838 0.602526652427307 0.5848139190030253 0.5941177438351041 0.6008673133524727 0.6636040414404978 0.6595003102343621 0.6140993580621673 0.6631228861657036 0.7307203054697536 0.7608109642713594 -9999
-9999 -9999 -9999 -9999 -9999 -9999 -9999 -9999 -9999 -9999 -9999 -9999 -9999 -9999 -9999 -9999 -9999 0.8210027446926306 0.8902212036043842 0.6468303239137345 0.34885036039400685 0.20160455176781825 0.2221591503671045 0.2465847077716814 0.1706178337768392 0.25931528216752353 0.3008582011768049 0.4297512425084244 0.3425988012334413 0.3942686158081912 0.4755453492282033 0.5192707694889716 0.4751312414951753 0.5270859992335095 0.4713470091609615 0.4958541320952007 0.5143679645190009 0.5231881373130645 0.5957355903005996 0.5900390636255509 0.2969970651660376 0.3585470563675912 0.6493868827492696 0.6563554006442189 0.7230047153050367 0.772974398771884 0.7974660707044617 0.759446017299914 0.7764417753349291 0.7891445193754445 -9999 -9999
-9999 -9999 -9999 -9999 -9999 -9999 -9999 -9999 -9999 -9999 -9999 -9999 -9999 0.6992567769942888 0.5710513518041658 0.7379545021094338 0.6739470863804239 0.7349216654033444 0.6858289308942433 0.3840908810519279 0.29513394723019604 0.38575636043809897 0.3366890242660009 0.3993177184695617 0.31967136957085995 0.4175032313613128 0.5291644974917358 0.4855992555062101 0.4943421475188867 0.4018770894205133 0.4218114056358325 0.4797420018412336 0.501014965614456 0.4003246647185235 0.4304065732819032 0.4916153307067752 0.495682252540233 0.5041281409721945 0.554417367534229 0.6768150130125629 0.677197509847868 0.6938120724533421 0.7391087753597353 0.7525742905246133 0.6844359597415995 0.5600607380482356 0.6042553774607236 0.5702778190487869 0.7026874466749495 0.5864687033916934 0.6186946243423894 -9999
-9999 -9999 -9999 -9999 -9999 -9999 -9999 -9999 -9999 -9999 -9999 -9999 -9999 0.7262148176219012 0.4352952128867962 0.4952590483091467 0.7467128181705154 0.3330211310772005 0.4541186017453001 0.2871146471845563 0.43764545689224 0.4729204095527984 0.4747363694741056 0.5600401109749205 0.5601409113776745 0.5134991704274969 0.5665564042632752 0.5487767184912131 0.4430915536236802 0.4766442058016843 0.4715339263721599 0.45419118270351394 0.3938131789188663 0.4658925938869157 0.5290169628501258 0.5317159807257034 0.5517442354446398 0.5425964312296867 0.5923252735170952 0.7315204639724151 0.7190848871640916 0.7796382651486345 0.8089767721922827 0.6968047385809364 0.5794744812260406 0.7069753906989352 0.7283453913667477 0.6988786506756327 0.6823132972080557 0.6853675694070391 0.7168669519298534 0.721842561825486
-9999 -9999 -9999 -9999 -9999 -9999 -9999 -9999 -9999 -9999 -9999 -9999 -9999 0.5388775104269172 0.4974795260141711 0.5591328555257102 0.4052545808951679 0.3986845028835039 0.40707139759881983 0.4742264591654151 0.4245949031786597 0.5191994526058307 0.5714505224280724 0.5531136027221856 0.5207275600493443 0.4539101176267512 0.41892759569532223 0.4112902765441739 0.3862466290407104 0.3989704067291626 0.3843622776044176 0.256517579288716 0.3683368395154509 0.4887159265100538 0.4412985619219604 0.41825432023070974 0.4202660029425556 0.45594655498334496 0.5350870995365328 0.6590501318709681 0.7044758138093721 0.8190062204221532 0.7682755179830106 0.7244688816380753 -9999 -9999 -9999 -9999 -9999 -9999 -9999 -9999
-9999 -9999 -9999 -9999 -9999 -9999 -9999 -9999 -9999 -9999 -9999 -9999 -9999 0.4969275064045952 0.5116442146640721 0.5778517799761527 0.4174409522951127 0.34007421226274626 0.5072998897053389 0.5285391346281416 0.4960833975781547 0.564133067846186 0.6148031858016221 0.5565401217216969 0.5038339497364155 0.5289147972650323 0.5509758953704792 0.5592922799737461 0.5172211182931485 0.4166702227491876 0.4611870666995666 0.4319829571128515 0.4650673547912195 0.5582010326402139 0.5672623239121788 0.517287043130959 0.4841275513617831 0.4989693042167848 0.5666531050383903 0.6979147481577286 0.8380178587367428 -9999 -9999 -9999 -9999 -9999 -9999 -9999 -9999 -9999 -9999 -9999
-9999 -9999 -9999 -9999 -9999 -9999 -9999 -9999 -9999 -9999 -9999 -9999 0.4205888490786306 0.3372213843566268 0.3309256009784313 0.35484503078219803 0.270946612133292 0.4688331413046595 0.527138380326623 0.5458353654020183 0.6168611568389285 0.61700607629511 0.5894330105657553 0.5519643309531517 0.5989361820897336 0.5735329972565977 0.587739670547677 0.5924420828894499 0.5380105877880632 0.4497166664134775 0.5381900248612264 0.6203623082219556 0.639903266689334 0.6489712879357402 0.5860657451524505 0.6820578141322471 0.5742980977551391 0.5232027728869266 0.5117268974310321 0.7143726504731331 0.7370567549177072 -9999 -9999 -9999 -9999 -9999 -9999 -9999 -9999 -9999 -9999 -9999
-9999 -9999 -9999 -9999 -9999 -9999 -9999 -9999 -9999 -9999 -9999 0.5435804411424179 0.4064252671960307 0.3116141046572645 0.30625428751917844 0.3944492062770002 0.4610950501238386 0.5304708996124707 0.5713024746928144 0.662782098682186 0.591923540518186 0.6267378942847506 0.6398044691855963 0.7638460464363215 0.5858830248153779 0.6205053332960817 0.5790601982608592 0.6013108870684054 0.6134716363452559 0.6404152986486126 0.6677801012500895 0.6575669866281004 0.6555316237701623 0.6818309492871948 0.6670910151872707 0.7418699501906915 0.644379036880381 0.6656653508979111 0.6927430254799142 0.7026972641530775 -9999 -9999 -9999 -9999 -9999 -9999 -9999 -9999 -9999 -9999 -9999 -9999
-9999 -9999 -9999 -9999 -9999 -9999 -9999 -9999 -9999 -9999 0.7124568888101177 0.4767246613005488 0.4541981367645891 0.3503679449836119 0.33784110029944786 0.6206298745586951 0.6005561236335382 0.5363313748219785 0.6580602207487972 0.7254296317559945 0.5539796511636358 0.6684440703449688 0.6971858128695759 0.6874175984820228 0.6478808030273095 0.5674533459329819 0.498821549308199 0.5421111321209857 0.5987045597943024 0.6577469781186309 0.6608020984324556 0.6629589029650713 0.701561046091419 0.7361732849547946 0.7322145291355995 0.6992865562626374 0.718020813109947 0.7356145419672233 0.7811209493653666 -9999 -9999 -9999 -9999 -9999 -9999 -9999 -9999 -9999 -9999 -9999 -9999 -9999
-9999 -9999 -9999 -9999 -9999 -9999 -9999 -9999 -9999 -9999 -9999 -9999 0.42832468226853615 0.3921516556189177 0.4057906218126333 0.7175645306626064 0.6880492641280462 0.6257187558738829 0.6861632404951274 0.6908741763297639 0.7013103435425977 0.7197910999696449 0.7485842435391861 0.7433244277315563 0.7349927581559113 0.6750723948135176 0.6118739822405235 0.5895994537763822 0.5855247857718986 0.5983866433614713 0.6979668468304059 0.7211703792833009 0.7389553463373197 0.6773571062847549 0.6397555590239843 0.5722550926895145 0.6812650247273643 0.7346860590441483 0.7929111045394612 0.7825317096463253 -9999 -9999 -9999 -9999 -9999 -9999 -9999 -9999 -9999 -9999 -9999 -9999
-9999 -9999 -9999 -9999 -9999 -9999 -9999 -9999 -9999 -9999 -9999 0.5174064910789049 0.44285284021415705 0.4476568659753856 0.5802789115690715 0.65968275166175 0.7836715837298331 0.73289701012754 0.7175300149190551 0.7182352791445703 0.718252721015207 0.7590333776083701 0.7374937775738064 0.7255367547532503 0.7254799608424236 0.6997860575822966 0.704467974933106 0.6463082462907858 0.6497861443871875 0.6592048911776828 0.6973843992112927 0.7014278484400824 0.6938291126663416 0.6617086678206308 0.5837900766744399 0.6108596264813824 0.6321965251681578 0.7244679219458061 0.7598098905177765 -9999 -9999 -9999 -9999 -9999 -9999 -9999 -9999 -9999 -9999 -9999 -9999 -9999
-9999 -9999 -9999 -9999 -9999 0.582981300886945 0.5750814971009897 0.573772919043106 0.7185655032398932 0.7378328577386308 0.6561666638230546 0.597491050720677 0.5763683450659135 0.5789568426051537 0.6202616253342289 0.5157036330496093 0.6927196344756256 0.6238936026537696 0.7202200973077953 0.7496886333198596 0.7686300595955992 0.7779282987939313 0.6846319886798535 0.7165018782094893 0.7351735459910896 0.7067050931015881 0.7106044123796061 0.6853415170857979 0.7072537521423392 0.7081530719844685 0.6986520869661157 0.7416029971148537 0.7440897115933837 0.737703500337882 0.7728735915991031 0.8098165583483121 0.8241011346122733 0.8367537003611059 -9999 -9999 -9999 -9999 -9999 -9999 -9999 -9999 -9999 -9999 -9999 -9999 -9999 -9999
-9999 -9999 -9999 -9999 0.4458735723635403 0.4794459362905982 0.3793852982934395 0.7003606706216792 0.6847850907382479 0.6500570209128479 0.6130168216104661 0.6001596239372311 0.6594407152251855 0.6140675888465161 0.655869687576717 0.7133695390402182 0.7171839736227914 0.6871278681127799 0.6907722882723313 0.7082795889665179 0.7244389257137012 0.757619102545472 0.7626383496474068 0.7773786439876468 0.766376019269615 0.7206343971730576 0.7419782953409583 0.7439564585738125 0.7762485932089156 0.7813404465328728 0.7738767119729059 0.5232715798927965 0.6154869491277584 0.6809539809310197 0.7120501586867227 -9999 -9999 -9999 -9999 -9999 -9999 -9999 -9999 -9999 -9999 -9999 -9999 -9999 -9999 -9999 -9999 -9999
-9999 -9999 -9999 0.7289399571408912 0.5292634472087376 0.513525107833612 0.5111213032725455 0.6517088639257907 0.6163648112569646 0.6176513280098206 0.6490906842260595 0.7778513448811275 0.7746320905000902 0.7703011854131327 0.7594795607760746 0.7791324661007857 0.7414244313387325 0.7074327181546454 0.6903684926324389 0.6908514108065134 0.6976905482534158 0.7305997044683928 0.7595580591589635 0.8259782805670681 0.8165938213025519 0.727861244991703 0.7747280802218802 0.8536591343928351 0.8745281757638088 0.7908274907321291 0.7862208833800296 -9999 -9999 -9999 -9999 -9999 -9999 -9999 -9999 -9999 -9999 -9999 -9999 -9999 -9999 -9999 -9999 -9999 -9999 -9999 -9999 -9999
-9999 -9999 -9999 0.6750406128736476 0.7003375197081536 0.4379338147514748 0.5948759731755018 0.5321272610961498 0.5251180816775518 0.5257278311867556 0.567310058058033 0.7433735490673858 0.74013324330174 0.7994078172551073 0.8102563935028492 0.8024816341386861 0.7767541461182934 0.7655239543721869 0.7503055450064177 0.7658305033580868 0.7565523677359294 0.7751352271136479 0.7907925389081385 0.8552368023016146 0.8352935347148778 0.8165214173204608 0.8187468805385019 0.8283340053529054 0.8649407832657068 -9999 -9999 -9999 -9999 -9999 -9999 -9999 -9999 -9999 -9999 -9999 -9999 -9999 -9999 -9999 -9999 -9999 -9999 -9999 -9999 -9999 -9999 -9999
-9999 -9999 -9999 0.4940629223179244 0.4583867880979813 0.5220121374791158 0.3752018351104465 0.5705190035970982 0.5932095613462665 0.7057918047146026 0.5858574515912176 0.6725302637720649 0.7346723205076828 0.7981988357328855 0.8121127883470145 0.7829966752531147 0.7995693945886309 0.8071924779557516 0.7953701367283714 0.7835081143949694 0.7740230798479589 0.783545841401518 0.8028403724864134 0.7983720671816432 0.7748138413655916 0.8111465581583357 0.8266927390874592 0.8114893084355741 -9999 -9999 -9999 -9999 -9999 -9999 -9999 -9999 -9999 -9999 -9999 -9999 -9999 -9999 -9999 -9999 -9999 -9999 -9999 -9999 -9999 -9999 -9999 -9999
-9999 -9999 -9999 0.6643698846820976 0.4919591322486396 0.41283628344902906 0.4218012486097069 0.6056053891632073 0.7158622668074822 0.7174868676112421 0.6800228535799235 0.5928856584776427 0.670061041312147 0.7620414830991418 0.7928092410944505 0.7837803539644573 0.7971959003169735 0.8134221712023648 0.7628911677377008 0.7905674624243492 0.7717414407126876 0.7632583443826203 0.7499058497194511 0.8059395589471885 0.7831079000183723 0.7990339347536326 0.8225524746954945 -9999 -9999 -9999 -9999 -9999 -9999 -9999 -9999 -9999 -9999 -9999 -9999 -9999 -9999 -9999 -9999 -9999 -9999 -9999 -9999 -9999 -9999 -9999 -9999 -9999
-9999 -9999 -9999 -9999 0.3907028357718865 0.4845471574650043 0.5328644693050404 0.6919827411378825 0.5784957493857121 0.6441512097231985 0.6567842232101169 0.7055844393350115 0.6277322929386819 0.7007584374468518 0.7763970282170456 0.7771646640636758 0.7697284579425099 0.7862476714717848 0.7575830864381936 0.8029605216299729 0.7898682578012994 0.7480940810438693 0.7545205202509744 0.8239157869750531 -9999 -9999 -9999 -9999 -9999 -9999 -9999 -9999 -9999 -9999 -9999 -9999 -9999 -9999 -9999 -9999 -9999 -9999 -9999 -9999 -9999 -9999 -9999 -9999 -9999 -9999 -9999 -9999
-9999 -9999 -9999 -9999 0.5542238750847321 0.6881759784169994 0.7134664405933027 0.74013680744574 0.5392171150652909 0.5628605073128616 0.6760842004143028 0.73329771945901 0.6894454489508597 0.6961477208342234 0.7693028490653466 0.7678155031799327 0.7876679240226552 0.760519490144262 0.7879845041163681 0.7653269538611533 0.7580030992332691 0.7482261281146676 0.7523345307328673 0.8102215163052922 0.8235125667942103 -9999 -9999 -9999 -9999 -9999 -9999 -9999 -9999 -9999 -9999 -9999 -9999 -9999 -9999 -9999 -9999 -9999 -9999 -9999 -9999 -9999 -9999 -9999 -9999 -9999 -9999 -9999
-9999 -9999 -9999 -9999 0.6460593786694484 0.7492949544127291 0.7739436102815285 0.6056627057229634 0.6429349225380498 0.6010144922590497 0.6691631677273218 0.7288727208728264 0.7299462997221494 0.7366712685533696 0.731213338910764 0.7334868158144277 0.7625234426509772 0.7647980232967487 0.8135080892376417 0.7758869449217941 0.73993670281589 0.7356407969716148 0.7524216810415798 0.8122014651008338 -9999 -9999 -9999 -9999 -9999 -9999 -9999 -9999 -9999 -9999 -9999 -9999 -9999 -9999 -9999 -9999 -9999 -9999 -9999 -9999 -9999 -9999 -9999 -9999 -9999 -9999 -9999 -9999
