metrics/grid_rasters/SMAP L4/grideval_SMAP L4_X_winter_2016_absolute_bias.asc
ncols 52
nrows 55
xllcorner     11.25
yllcorner     55.25
cellsize      0.25
NODATA_value  -9999
[rows 0 to 26 of 55, columns 0 to 51 of 52]
-9999 -9999 -9999 -9999 -9999 -9999 -9999 -9999 -9999 -9999 -9999 -9999 -9999 -9999 -9999 -9999 -9999 -9999 -9999 -9999 -9999 -9999 -9999 -9999 -9999 -9999 -9999 -9999 -9999 -9999 -9999 -9999 -9999 -9999 -9999 -9999 0.0005260224525744928 -0.019949483347463104 -0.06437081268446126 -9999 -9999 -9999 -9999 -9999 -9999 -9999 -9999 -9999 -9999 -9999 -9999 -9999
-9999 -9999 -9999 -9999 -9999 -9999 -9999 -9999 -9999 -9999 -9999 -9999 -9999 -9999 -9999 -9999 -9999 -9999 -9999 -9999 -9999 -9999 -9999 -9999 -9999 -9999 -9999 -9999 -9999 -9999 -9999 -9999 -9999 -9999 -9999 -9999 0.007383922299185941 -0.01036376387372123 -0.008701609386192577 -0.04290303727100181 -0.10745280328114608 -0.09626193514482663 -9999 -9999 -9999 -9999 -9999 -9999 -9999 -9999 -9999 -9999
-9999 -9999 -9999 -9999 -9999 -9999 -9999 -9999 -9999 -9999 -9999 -9999 -9999 -9999 -9999 -9999 -9999 -9999 -9999 -9999 -9999 -9999 -9999 -9999 -9999 -9999 -9999 -0.023375739967757547 -0.0482055058518609 -0.0818753124184006 -0.09995067666110756 -0.08613344541863421 -0.09075222223751493 -0.07044977960841994 -9999 -0.050319245965271236 -0.020012666890909414 -0.030331647166839008 -0.0886825152396501 -0.09664105486820684 -0.09575377220472134 -0.0926332673324006 -0.0944909825511686 -0.08880086975929499 -0.08809482224367479 -0.08355476039942802 -9999 -9999 -9999 -9999 -9999 -9999
-9999 -9999 -9999 -9999 -9999 -9999 -9999 -9999 -9999 -9999 -9999 -9999 -9999 -9999 -9999 -9999 -9999 -9999 -9999 -9999 -9999 -9999 -9999 -9999 -9999 -9999 -9999 -0.009126303410464607 -0.002318830689886086 0.0025423239548127423 0.007664932367893396 0.00039165282806197244 -0.0497117251730882 -0.09732885877755316 -0.072794613172556 -0.06294277404527088 -0.06603121292869465 -0.08082509104285265 -0.09219648858921213 -0.1032785123807716 -0.10126281871491084 -0.10064577249871506 -0.10410684263231336 -0.10688004106446937 -0.08655310839742092 -0.09544522505621986 -0.09007418827041164 -0.08723506920940274 -9999 -9999 -9999 -9999
-9999 -9999 -9999 -9999 -9999 -9999 -9999 -9999 -9999 -9999 -9999 -9999 -9999 -9999 -9999 -9999 -9999 -9999 -9999 -9999 -9999 -9999 -0.020359555320752842 -0.04164786538579962 -0.02422189135309105 -0.033378138769786465 -0.002967408479570055 -0.006016681523440981 -0.005563726096035393 0.0005612569032134584 0.004929601777713344 -0.0526463346821921 -0.048895882749622976 -0.09149435917836624 -0.07268804565563307 -0.06639734448885523 -0.08546149221013535 -0.08451548982206937 -0.08901331293304546 -0.09453521429428036 -0.10004569350608757 -0.10188773307171496 -0.10313774915514416 -0.1057095578206437 -0.11085126168289024 -0.12188717141583726 -0.1173648241047676 -0.11869394871314147 -0.11904291702168328 -9999 -9999 -9999
-9999 -9999 -9999 -9999 -9999 -9999 -9999 -9999 -9999 -9999 -9999 -9999 -9999 -9999 -9999 -9999 -9999 -9999 -9999 -9999 -9999 -0.03052573491420063 -0.028429563802022217 -0.0152944156920517 -0.019721468153235718 -0.02337537243307292 -0.021419902424235915 -0.008006448437879343 -0.008056062427195866 -0.002556184818456486 -0.02206071462113779 -0.05632953419462666 -0.06861903446798143 -0.10233344995304124 -0.09150663757144098 -0.08423228658080759 -0.0970281300104254 -0.0963509535969614 -0.09952761701584516 -0.10861494809716613 -0.10605085641145708 -0.10739958488924817 -0.11040654995447984 -0.11390883133715983 -0.11988982398595127 -0.12683842587028885 -0.1080427254130552 -0.12487478429390178 -0.12588878239986004 -9999 -9999 -9999
-9999 -9999 -9999 -9999 -9999 -9999 -9999 -9999 -9999 -9999 -9999 -9999 -9999 -9999 -9999 -9999 -9999 -9999 -9999 -9999 -0.024276180786418355 -0.017017090058588702 -0.01618323516059711 -0.006110095511098479 -0.009450009522529723 0.0005973038765100247 -8.947570081596634e-05 -0.01577465584153659 -0.017372003869040975 -0.04001484942305217 -0.08054221748978224 -0.12421135649412544 -0.1162021689444453 -0.10216818082627364 -0.44701782579196025 -0.10285647190943524 -0.10728384323090644 -0.1097282851012526 -0.1177195621511111 -0.11579697796112888 -0.11758327392022035 -0.12382848505544795 -0.5069867823641379 -0.5118815758889848 -0.12710366676469426 -0.5026879498100543 -0.5055530165004861 -0.5081229111036428 -0.5072726836161954 -0.5077142661007551 -9999 -9999
-9999 -9999 -9999 -9999 -9999 -9999 -9999 -9999 -9999 -9999 -9999 -9999 -9999 -9999 -9999 -9999 -9999 -9999 -9999 -9999 -9999 -0.018459249369718208 -0.018860879343944592 -0.006550882789459866 -0.006555860882604514 -0.01030493236996316 -0.024037922804172215 -0.0681632964329405 -0.11169817965928017 -0.10438972318565452 -0.05102747944848879 -0.11325764179147862 -0.12126747093030388 -0.1123721904766101 -0.10804518918087193 -0.4911122185147399 -0.11898777193829907 -0.11821898562158205 -0.11766964137799794 -0.1177434770615546 -0.1202737898412314 -0.12568599978400458 -0.12874287876535906 -0.5152793442114042 -0.5138902446603054 -0.5049540834644666 -0.5037837750636615 -0.5069204937707592 -0.5062466015077227 -9999 -9999 -9999
-9999 -9999 -9999 -9999 -9999 -9999 -9999 -9999 -9999 -9999 -9999 -9999 -9999 -9999 -9999 -9999 -9999 -9999 -9999 -0.024415645543690526 -0.024849199618284527 -0.021159208164765242 -0.021207617002201584 -0.020741867945416936 -0.04794499716097178 -0.13526427844068506 -0.1351713848064889 -0.12773246180962078 -0.12400566407858013 -0.13022817787970162 -0.12446666095446753 -0.11835582488840755 -0.11382256828985372 -0.11055941482657916 -0.11162716692702454 -0.4984437995641441 -0.12069345341360828 -0.12465218010430155 -0.1223866271243973 -0.12522719192554008 -0.1211236508788316 -0.1233079075240172 -0.12344010853832893 -0.12700992396899635 -0.5119763847727041 -0.12822610848061333 -0.1237075099373584 -0.12844233818679726 -0.5045876219295539 -0.5000361241604928 -0.12021125936983053 -9999
-9999 -9999 -9999 -9999 -9999 -9999 -9999 -9999 -9999 -9999 -9999 -9999 -9999 -9999 -9999 -9999 -9999 -9999 -0.008309368044137955 -0.0019283012620039952 -0.007429170125460904 -0.02150953290881691 -0.08574858416322167 -0.12357551555384645 -0.12135144384516465 -0.12837799726524848 -0.11561549287084695 -0.10981696678305068 -0.1088776688326846 -0.13130282496030515 -0.12238174965502795 -0.11765173941359415 -0.1130448317175711 -0.11186724145906964 -0.11300226532250313 -0.11689605999860793 -0.11891478948950113 -0.1179595175966784 -0.12038728678701345 -0.12558684354791275 -0.12808544329971402 -0.12821124281202045 -0.12710592723809752 -0.12563361092419414 -0.12392376324387044 -0.11729105181255188 -0.11909325828182173 -0.12372444486143168 -0.11378121365803286 -0.11349920273482145 -0.11433230475573747 -9999
-9999 -9999 -9999 -9999 -9999 -9999 -9999 -9999 -9999 -9999 -9999 -9999 -9999 -9999 -9999 -9999 -9999 -0.010796163231134416 -0.011790039897947524 -0.08851955319335172 -0.09724117471621584 -0.08940715170823613 -0.09198475080532033 -0.12102846617063324 -0.11382989485103355 -0.12444325024773785 -0.12690949968093046 -0.12814260542310854 -0.13150888157414864 -0.1238452744066388 -0.11726958529798535 -0.11488380191008465 -0.11540711165538857 -0.11492735921190332 -0.11450046261997665 -0.11189106434256167 -0.11002279727996052 -0.11074044901345456 -0.11518051862143555 -0.121949494724254 -0.507748165034822 -0.506262932689144 -0.12152748350258713 -0.12443198941156758 -0.1186832403866472 -0.11342971372817245 -0.11525668551797395 -0.11941968526814008 -0.11259688211830104 -0.1115238250407216 -9999 -9999
-9999 -9999 -9999 -9999 -9999 -9999 -9999 -9999 -9999 -9999 -9999 -9999 -9999 -0.04869867828521096 -0.0360741955484008 -0.025144948613840142 -0.022266072558832728 -0.008845286300549149 -0.0011313276385868098 -0.001594511157536227 -0.0280151094954747 -0.06788442169244471 -0.09271041316154237 -0.10724189206139073 -0.1119792322822652 -0.09834011885654792 -0.11557841872039075 -0.12114474736154075 -0.12221452331804968 -0.11352270415851046 -0.10946992934159527 -0.10932601943284603 -0.10439058329787228 -0.10915167504860147 -0.1079203715895886 -0.10117075309812368 -0.10786827053915668 -0.1074299120067895 -0.1087472911023504 -0.100634373867741 -0.09944246299974213 -0.10165756144612048 -0.10915232157068593 -0.11480141277578505 -0.11760878444209202 -0.4987474038050725 -0.4994820979434055 -0.5007254076650837 -0.12435285511662016 -0.5004877731777155 -0.4904185503639362 -9999
-9999 -9999 -9999 -9999 -9999 -9999 -9999 -9999 -9999 -9999 -9999 -9999 -9999 -0.033602356296646714 -0.03967829548068097 -0.08714729281408445 -0.13273321597703866 -0.12861071639581698 -0.09922826200068656 -0.0431528673149072 -0.10101240480339138 -0.09856034254471023 -0.09521437489560672 -0.09338519349694252 -0.09733855550351378 -0.1064678412135486 -0.10571099009242033 -0.11749393212516886 -0.11102605287681568 -0.11132868983178999 -0.1052450459900793 -0.09977276960981417 -0.0986939914278932 -0.09238294679876212 -0.09110072727959892 -0.09234109359210008 -0.0888436912958111 -0.0914380334645182 -0.09357856637747078 -0.0907800008880568 -0.08903359955401867 -0.09530949596684056 -0.09593140716654257 -0.10125392613993896 -0.4807430181324809 -0.11300761324281874 -0.1191350586998921 -0.12370140823934757 -0.1248361009203798 -0.1265545351901552 -0.11782432578831585 -0.0678745174145961
-9999 -9999 -9999 -9999 -9999 -9999 -9999 -9999 -9999 -9999 -9999 -9999 -9999 -0.03362624854831908 -0.11411927929045736 -0.1260981330504784 -0.12378760578704405 -0.11985751102258875 -0.10622909577092628 -0.09640140716846174 -0.07260888110805344 -0.09237534286720413 -0.09066820091434888 -0.09198360773478888 -0.0940684536574306 -0.1030888147447463 -0.10499119736090463 -0.10514675979348984 -0.1066645572350903 -0.11035829948281847 -0.10477203716124807 -0.10173855197953656 -0.0953887830396275 -0.09951456818361204 -0.10198060511150857 -0.09327814494679262 -0.08960079135639329 -0.08569323101623373 -0.07997310390839213 -0.07902487836123165 -0.080558793680681 -0.08329780397752484 -0.09416653005058293 -0.10635083256760143 -9999 -9999 -9999 -9999 -9999 -9999 -9999 -9999
-9999 -9999 -9999 -9999 -9999 -9999 -9999 -9999 -9999 -9999 -9999 -9999 -9999 -0.10076719084447557 -0.11153414407437973 -0.11526947638408823 -0.1046453343683874 -0.10004189970729112 -0.0944466114167001 -0.08597614122861691 -0.0892077837917176 -0.09680959893451943 -0.0959302100588332 -0.08835581243856921 -0.08936562591774777 -0.08854753708282667 -0.0951501396126472 -0.09895830957607908 -0.09975127664978033 -0.10384149859649143 -0.10090701613616156 -0.1003866662772802 -0.09594706347682973 -0.09813647545300994 -0.0981756773992227 -0.09953924702419033 -0.0909872489397997 -0.0895172679735409 -0.08290705009066797 -0.08278875157318928 0.024354418125617644 -9999 -9999 -9999 -9999 -9999 -9999 -9999 -9999 -9999 -9999 -9999
-9999 -9999 -9999 -9999 -9999 -9999 -9999 -9999 -9999 -9999 -9999 -9999 -0.020675711251877168 -0.08224470000509376 -0.0908820581223284 -0.11192026187839746 -0.09911786537658382 -0.10401350151297156 -0.09324902011552356 -0.08925358380017047 -0.09091654043276233 -0.09038055213270604 -0.09181484862507047 -0.07961199131722635 -0.07543926489549678 -0.07839378462797339 -0.08563497678919155 -0.08930037711020353 -0.09400626816428624 -0.0969052734365175 -0.09612444063628113 -0.09161025928435744 -0.08592793073218605 -0.08541935827624011 -0.08831143688287707 -0.08591781861588851 -0.07981837917487697 -0.080650425485366 -0.08655927764190424 -0.0756414002933345 -0.07680835961722413 -9999 -9999 -9999 -9999 -9999 -9999 -9999 -9999 -9999 -9999 -9999
-9999 -9999 -9999 -9999 -9999 -9999 -9999 -9999 -9999 -9999 -9999 -0.11549154630156006 -0.08129681779869963 -0.060174680140974775 -0.05428488216884842 -0.09805445426276754 -0.08403917813448457 -0.09045222772101123 -0.0927412148237556 -0.091075768284909 -0.0866090914459674 -0.08466529629223947 -0.08121591010182114 -0.05565596281827151 -0.08046492979257969 -0.07706473221245047 -0.0776544600152052 -0.07854875678626387 -0.08489200425753883 -0.08443711644836832 -0.08295423983708844 -0.08417644054925705 -0.07985457816867382 -0.07808115961705589 -0.08173518255352971 -0.0740576247469737 -0.07764830741171652 -0.0761401664956913 -0.06859073444054678 -0.08124190401081198 -9999 -9999 -9999 -9999 -9999 -9999 -9999 -9999 -9999 -9999 -9999 -9999
-9999 -9999 -9999 -9999 -9999 -9999 -9999 -9999 -9999 -9999 -0.08810062172239297 -0.11311981522038088 -0.11696873572501505 -0.11256479476015643 -0.11018568576200977 -0.09832549529088723 -0.09376389848498197 -0.09054774475785404 -0.08400995059164015 -0.06332250582156604 -0.08555360077010404 -0.07868108251592618 -0.07775497309617943 -0.08617817573658712 -0.0941329196627651 -0.0919604507776407 -0.09072567129528132 -0.08252013701904606 -0.07747772061726553 -0.07483734908912862 -0.0714545385236596 -0.0685875423784767 -0.07276466259589565 -0.08051157691567154 -0.08521816220421058 -0.08286292947173776 -0.07246312050783374 -0.07200645241927314 -0.07018590405337757 -9999 -9999 -9999 -9999 -9999 -9999 -9999 -9999 -9999 -9999 -9999 -9999 -9999
-9999 -9999 -9999 -9999 -9999 -9999 -9999 -9999 -9999 -9999 -9999 -9999 -0.039145976427819695 -0.09838241922085758 -0.08320087695924132 -0.08631210896995042 -0.08655002557641857 -0.0859850651819955 -0.08326218881040481 -0.0797962172386738 -0.05220968542354448 -0.07499145546539146 -0.07597386337571091 -0.08081744126156792 -0.08621799927409535 -0.0873950332566932 -0.08716373389156963 -0.08496862944665848 -0.08051979224514833 -0.07597848345208302 -0.0669906232915409 -0.06690299598970909 -0.060727465815924 -0.07411056239116977 -0.07915942984950414 -0.08006912359333299 -0.07354528641143998 -0.06783304148568556 -0.07204775847903974 -0.08458074247771569 -9999 -9999 -9999 -9999 -9999 -9999 -9999 -9999 -9999 -9999 -9999 -9999
-9999 -9999 -9999 -9999 -9999 -9999 -9999 -9999 -9999 -9999 -9999 -0.04290607530664614 -0.07315063832716627 -0.0495731340577969 -0.08642864550699247 -0.07409123347683269 -0.07475207539295757 -0.07710781296367172 -0.07689597431038106 -0.06996874482585833 -0.06985227030875918 -0.07054260735410256 -0.0636712887048066 -0.06514053595262573 -0.07247094539823115 -0.07561133904280243 -0.07370257879105899 -0.07543687014789369 -0.07465418569416138 -0.071299278699271 -0.06927950356851567 -0.06900485406455759 -0.07008000305638865 -0.07400725519919135 -0.07861628211461583 -0.08662925789562556 -0.09355561173224186 -0.08551736972243579 -0.08205636467907458 -9999 -9999 -9999 -9999 -9999 -9999 -9999 -9999 -9999 -9999 -9999 -9999 -9999
-9999 -9999 -9999 -9999 -9999 -0.041477265716581564 -0.1167417617698947 -0.06360550214546723 -0.0128209219610953 0.00190700021582646 0.005385883561857485 -0.0978761625036106 -0.09255123175271264 -0.08794860719897588 -0.08076514453105219 -0.4531474174460867 -0.07156648785694614 -0.07461319126925622 -0.0711720167853675 -0.06680266438359088 -0.06334320400524274 -0.06225882214749909 -0.06618912366556598 -0.06598183608890235 -0.06863254759010379 -0.06798008254186794 -0.07220177815019428 -0.07052031284259573 -0.07048524263222794 -0.06838597113696429 -0.06966843705747153 -0.06860931307732401 -0.07097950233862951 -0.07322494908757915 -0.07165103708649731 -0.07238855489253343 -0.07771039234249144 -0.07869831446026053 -9999 -9999 -9999 -9999 -9999 -9999 -9999 -9999 -9999 -9999 -9999 -9999 -9999 -9999
-9999 -9999 -9999 -9999 -0.06957079777187042 -0.03313201051819453 -0.014488315107403171 -0.10665991922820006 -0.106063392913931 -0.1014028313968863 -0.0957201533019543 -0.08652974210761405 -0.07638715131842827 -0.06733562029734416 -0.04258894244884395 -0.0684251212975481 -0.07175493133919578 -0.0707713413451399 -0.06650101082338078 -0.06543978817433446 -0.06006327285789525 -0.051827851314466065 -0.05517084820830562 -0.062065694951912866 -0.0651342640375043 -0.0661079161851616 -0.06529911214506234 -0.06442953060780254 -0.06936318492823906 -0.07115861216744224 -0.07294099165924955 -0.07924826615131816 -0.06638579948672224 -0.057711526771986876 -0.05922948857667025 -9999 -9999 -9999 -9999 -9999 -9999 -9999 -9999 -9999 -9999 -9999 -9999 -9999 -9999 -9999 -9999 -9999
-9999 -9999 -9999 0.13722256759365833 -0.05000091724834599 -0.10603295800859458 -0.015975079857386054 -0.08550369002661865 -0.08487961977556513 -0.08390094206801482 -0.07700536467626197 -0.06361686421947166 -0.05637223392233745 -0.0668024973595863 -0.06433914835145182 -0.06716753984545612 -0.06557608983264518 -0.06343000021937129 -0.06504100053519997 -0.06659176049160431 -0.059901736963253766 -0.04297193979005237 -0.03940354039953958 -0.04342071145036064 -0.048814687529926785 -0.05550419154402975 -0.0543520107742522 -0.05379050615970249 -0.051790938825233945 -0.0469798730420215 -0.04416754770164311 -9999 -9999 -9999 -9999 -9999 -9999 -9999 -9999 -9999 -9999 -9999 -9999 -9999 -9999 -9999 -9999 -9999 -9999 -9999 -9999 -9999
-9999 -9999 -9999 0.12778952116003406 0.15897253000146738 -0.013802767864295408 -0.059965964038293414 -0.04788757115602493 0.006819408509757485 -0.06798830370490366 -0.07962486489706644 -0.08215357119647357 -0.08171841780562977 -0.08076240609471612 -0.062409339841086826 -0.061954837046809264 -0.059249516474185415 -0.06101370926250471 -0.0644926930276247 -0.04857962758659007 -0.043395857132234435 -0.03552122004739533 -0.03687752161052199 -0.032176534491744624 -0.0258545683962958 -0.03292419925168322 -0.04154162278787776 -0.0453415901123822 -0.04277577898004553 -9999 -9999 -9999 -9999 -9999 -9999 -9999 -9999 -9999 -9999 -9999 -9999 -9999 -9999 -9999 -9999 -9999 -9999 -9999 -9999 -9999 -9999 -9999
-9999 -9999 -9999 0.08559897255439025 0.005424757989553275 0.023175960549941418 0.00408967224123713 -0.06078503471236307 -0.0664741496381524 -0.044596717805489065 -0.056468908808061075 -0.05050660481492239 -0.0630131131754472 -0.06669241875655707 -0.06452915545266412 -0.07437831312827356 -0.06484198074910669 -0.059966638295368864 -0.053438132362706336 -0.04581721689920504 -0.039308475391877866 -0.03522833733522629 -0.03997137407762008 -0.04021892223793727 -0.033552683398618784 -0.034170912517296086 -0.04218896754741014 -0.04748098140807597 -9999 -9999 -9999 -9999 -9999 -9999 -9999 -9999 -9999 -9999 -9999 -9999 -9999 -9999 -9999 -9999 -9999 -9999 -9999 -9999 -9999 -9999 -9999 -9999
-9999 -9999 -9999 0.13461509175025502 0.02371868216893175 0.03258519644265645 0.04103472190243857 0.061716054289878086 0.011738028745729878 -0.06574352341448214 -0.05925406708003402 -0.07265261046915919 -0.058829282645832086 -0.05417463230480857 -0.06569629731577836 -0.06690664712216826 -0.05999667072607263 -0.05178750056650616 -0.0481188615558894 -0.038397875215326005 -0.044087223115039376 -0.03869438157058674 -0.035608712031127365 -0.04288937425711653 -0.03997698696432533 -0.04580562250627263 -0.03844324165730032 -9999 -9999 -9999 -9999 -9999 -9999 -9999 -9999 -9999 -9999 -9999 -9999 -9999 -9999 -9999 -9999 -9999 -9999 -9999 -9999 -9999 -9999 -9999 -9999 -9999
-9999 -9999 -9999 -9999 -0.020116968182744555 -0.09784841789239712 -0.09220253559504893 -0.08303196720042069 -0.07623428564805251 -0.06311754409510359 -0.07159446671113864 -0.05537231997228584 -0.07821732693976098 -0.055660854431462785 -0.04882494751159305 -0.05000931073676096 -0.05209132691251711 -0.05019936276661169 -0.043700776584855834 -0.041787256087575664 -0.03352432468762767 -0.03216075201283447 -0.032772617373656436 -0.03890668619219423 -9999 -9999 -9999 -9999 -9999 -9999 -9999 -9999 -9999 -9999 -9999 -9999 -9999 -9999 -9999 -9999 -9999 -9999 -9999 -9999 -9999 -9999 -9999 -9999 -9999 -9999 -9999 -9999
