metrics/grid_rasters/SMAP L4/grideval_SMAP L4_X_fall_2016_absolute_ubrmsd.asc
ncols 52
nrows 55
xllcorner     11.25
yllcorner     55.25
cellsize      0.25
NODATA_value  -9999
[rows 0 to 27 of 55, columns 0 to 51 of 52]
-9999 -9999 -9999 -9999 -9999 -9999 -9999 -9999 -9999 -9999 -9999 -9999 -9999 -9999 -9999 -9999 -9999 -9999 -9999 -9999 -9999 -9999 -9999 -9999 -9999 -9999 -9999 -9999 -9999 -9999 -9999 -9999 -9999 -9999 -9999 -9999 0.020612703966643418 0.021254748455974408 0.021588384317419388 -9999 -9999 -9999 -9999 -9999 -9999 -9999 -9999 -9999 -9999 -9999 -9999 -9999
-9999 -9999 -9999 -9999 -9999 -9999 -9999 -9999 -9999 -9999 -9999 -9999 -9999 -9999 -9999 -9999 -9999 -9999 -9999 -9999 -9999 -9999 -9999 -9999 -9999 -9999 -9999 -9999 -9999 -9999 -9999 -9999 -9999 -9999 -9999 -9999 0.01992682805018557 0.02023648322564284 0.020859639256678917 0.02253457946753664 0.024204210157260417 0.02452859258868374 -9999 -9999 -9999 -9999 -9999 -9999 -9999 -9999 -9999 -9999
-9999 -9999 -9999 -9999 -9999 -9999 -9999 -9999 -9999 -9999 -9999 -9999 -9999 -9999 -9999 -9999 -9999 -9999 -9999 -9999 -9999 -9999 -9999 -9999 -9999 -9999 -9999 0.02295901923961036 0.019174974175381453 0.015076327424960219 0.011647086492997913 0.019884789132346228 0.020090309003663855 0.020794979876083815 -9999 0.026174673715587415 0.024309055107296525 0.02280012083626284 0.0230869334175201 0.022930449380466476 0.023593464412590286 0.024285190004491312 0.024539160317850767 0.023927563618471058 0.024367479024408768 0.023580396250088096 -9999 -9999 -9999 -9999 -9999 -9999
-9999 -9999 -9999 -9999 -9999 -9999 -9999 -9999 -9999 -9999 -9999 -9999 -9999 -9999 -9999 -9999 -9999 -9999 -9999 -9999 -9999 -9999 -9999 -9999 -9999 -9999 -9999 0.01696953177907247 0.014856892033495078 0.015856833987365457 0.018364077931352796 0.02020561877863671 0.022518961004088414 0.02441937077051781 0.02772625293395549 0.02638861476637536 0.025963008505118842 0.02473727636038613 0.024415820850982446 0.025248102137218432 0.025331406012541826 0.025555789419744863 0.0255730173736554 0.02532944079336856 0.023946975725701168 0.024766006619963275 0.024254570934248803 0.02424891738151606 -9999 -9999 -9999 -9999
-9999 -9999 -9999 -9999 -9999 -9999 -9999 -9999 -9999 -9999 -9999 -9999 -9999 -9999 -9999 -9999 -9999 -9999 -9999 -9999 -9999 -9999 0.01978234489658365 0.022155965527395245 0.0202449491967663 0.016746817821758023 0.015120527369400972 0.015690431791064652 0.015501173696203172 0.016786705480777372 0.020708464137158617 0.022675247213229686 0.02496411431589329 0.025751712271590142 0.027642986724031437 0.028296182162119682 0.023204664346269062 0.02352787107818691 0.023608124689980255 0.02363912332158993 0.02407395178567862 0.024582992125363 0.02479450846615008 0.024046212896217396 0.02424870889581049 0.02577927256667869 0.02479364645599172 0.024307005657228774 0.02432454980090251 -9999 -9999 -9999
-9999 -9999 -9999 -9999 -9999 -9999 -9999 -9999 -9999 -9999 -9999 -9999 -9999 -9999 -9999 -9999 -9999 -9999 -9999 -9999 -9999 0.01999743723509161 0.02112904370148139 0.02048061914015829 0.009558336600340923 0.012408067434538005 0.017614335285371648 0.0185607131309186 0.019523415210182436 0.022064773841356463 0.026851376867378603 0.025860527448676097 0.025049724848940167 0.024339464367759973 0.02582706370338134 0.02423348907667016 0.0224938224869332 0.0228763310837845 0.023337091299119244 0.024111325011169023 0.0241998660660246 0.0245278704086108 0.024738155045048657 0.024480348020531718 0.024756210417641443 0.025122043566997092 0.02409343210382912 0.02310231153679633 0.023505399047686518 -9999 -9999 -9999
-9999 -9999 -9999 -9999 -9999 -9999 -9999 -9999 -9999 -9999 -9999 -9999 -9999 -9999 -9999 -9999 -9999 -9999 -9999 -9999 0.01838849217151307 0.01582657302514873 0.02016824648551964 0.01853197414895728 0.017223755998768915 0.014932144115090931 0.015054257564466066 0.019677065127467128 0.0201482182733165 0.022039826611308613 0.02357421610607876 0.02430512756959696 0.024671739602117302 0.023282378660915343 0.024207345832908136 0.02237406840375739 0.02222279582285636 0.022723085740162702 0.023989340998190136 0.02378155642686962 0.023908249773849945 0.02466639994720319 0.026938996863722062 0.026074745381628142 0.022883310347711502 0.024299058292624808 0.024147876742029502 0.02397339311958702 0.02424009993658983 0.024887180129884588 -9999 -9999
-9999 -9999 -9999 -9999 -9999 -9999 -9999 -9999 -9999 -9999 -9999 -9999 -9999 -9999 -9999 -9999 -9999 -9999 -9999 -9999 -9999 0.0215014407994431 0.02125047943256032 0.02010993339736696 0.019882396378039662 0.0181194831096984 0.02071118756237004 0.024207357445793574 0.02524063013691832 0.02396619329337681 0.023343785668060186 0.024813799310014158 0.02555713905525457 0.022970187729975642 0.0224386690674904 0.024029759953812686 0.022650296968445918 0.02221852347429699 0.02265264874819167 0.02230706471982538 0.02245763635800747 0.02291807709711967 0.023360046634776286 0.025076230458085557 0.024364944616199403 0.023311889648289858 0.023307193237527776 0.02334031299826161 0.02416248985607807 -9999 -9999 -9999
-9999 -9999 -9999 -9999 -9999 -9999 -9999 -9999 -9999 -9999 -9999 -9999 -9999 -9999 -9999 -9999 -9999 -9999 -9999 0.023497147701089145 0.023879599947758616 0.023743297303870956 0.02482722338795766 0.024664305789767985 0.02403689353413521 0.024582027192136348 0.026230930704412816 0.02399944476257601 0.02205910566949324 0.022247734175848403 0.022053289450710625 0.02219696767353853 0.0216830047901027 0.021070932407954976 0.02110956844061338 0.02329721452970666 0.021865039924017032 0.02187090595491751 0.021264772441105848 0.02067917148229587 0.020242365536190715 0.02022795264998601 0.02033361188777472 0.020604553315486763 0.02302942055206552 0.02068510391822561 0.019656910613376398 0.02043186425129219 0.022208782792484547 0.02150644156951256 0.019626651789236862 -9999
-9999 -9999 -9999 -9999 -9999 -9999 -9999 -9999 -9999 -9999 -9999 -9999 -9999 -9999 -9999 -9999 -9999 -9999 0.02325367337508356 0.022733643677192977 0.024965055820244664 0.025884437300560288 0.027401802179298933 0.029222032299079125 0.030521019120278187 0.027193371469007015 0.027564319794650433 0.020675275991928588 0.01960396851589132 0.021365162324818672 0.020884123692251132 0.020090871741412646 0.019645724894217124 0.01953623827439059 0.019299632375706584 0.020373832334552176 0.020626060703232488 0.020677328946287783 0.020157592609274844 0.01963926302181069 0.01958846428433798 0.020189657084651976 0.0206968649396673 0.020665381953880763 0.020730267385488863 0.020215549534666213 0.01989123803155924 0.020008968375487813 0.01901299162772627 0.01840824028397057 0.018698504274634577 -9999
-9999 -9999 -9999 -9999 -9999 -9999 -9999 -9999 -9999 -9999 -9999 -9999 -9999 -9999 -9999 -9999 -9999 0.022114377109737952 0.02212663582004697 0.023148340519357317 0.02504629604647695 0.027327215170443026 0.027742266496287863 0.025245425600479567 0.025388939878528024 0.0252730144582019 0.024046444838140404 0.021095040072764942 0.020506931489381288 0.019188832073497208 0.018913860175084868 0.0191656887041658 0.019199438512858075 0.017995210544158084 0.017710093832216722 0.017960272250119272 0.018186407753092854 0.017980302396254824 0.018082597417979133 0.019024646742850523 0.021285696782567656 0.022105355292496104 0.02072566524163672 0.021016972592821856 0.020455215717471057 0.0207800566425942 0.02065255008954037 0.020512087435851808 0.01990535503343293 0.019701969279845338 -9999 -9999
-9999 -9999 -9999 -9999 -9999 -9999 -9999 -9999 -9999 -9999 -9999 -9999 -9999 0.02251714164561968 0.023550809188550303 0.023336616744196282 0.02381553149686441 0.02331050907694724 0.023412464166623317 0.024760261797184258 0.02592940778126655 0.026412672562560725 0.02724099294425994 0.0244431909909826 0.02417419805070473 0.022470456123776652 0.015668358012815013 0.020780144042057448 0.01966669284482356 0.01867074480949243 0.018586063228130025 0.018746696980271253 0.018193089806136854 0.018044314985346813 0.017687194575232674 0.016828355211057213 0.016347506252714087 0.01607093265741105 0.016843334995553825 0.017275987168163073 0.017852871965124438 0.018983784087589974 0.019786788385686004 0.020067850594915147 0.020142008403672373 0.02272162204616611 0.022268759412190742 0.021690880558788456 0.020314957057576712 0.02155521095644473 0.0215884240378661 -9999
-9999 -9999 -9999 -9999 -9999 -9999 -9999 -9999 -9999 -9999 -9999 -9999 -9999 0.023219338445468588 0.02356355141635121 0.02466697467138825 0.02556001624173488 0.026210841704404905 0.02539538677959149 0.024068433189525583 0.02349750062666473 0.023110430967146628 0.0228799904191688 0.02197609558411351 0.021433774676277217 0.01918622322841388 0.008815265968365807 0.017912563663229353 0.015037289130263087 0.016725929495991772 0.016117563909247838 0.015717532900225446 0.015294001550333471 0.014236978533764637 0.013773620307869423 0.014527018485913059 0.014708318594328888 0.015535874388933231 0.015494255156575763 0.015870626916341668 0.016227013675089892 0.01719604379651657 0.017860371240516832 0.0189994538130959 0.020213667979727918 0.019426782526958147 0.019552948003286053 0.019003519970565208 0.019381987927931176 0.019994942703841983 0.019315789703943737 0.0173177681525869
-9999 -9999 -9999 -9999 -9999 -9999 -9999 -9999 -9999 -9999 -9999 -9999 -9999 0.02218358452054054 0.02841796173627428 0.026449743407643302 0.02654224015848912 0.02527993759893805 0.025731073683823026 0.023582957092900286 0.02390883122513901 0.02279697423148102 0.02203837489569966 0.020873565571954085 0.020269389927553585 0.019023862596165036 0.018173814581386408 0.0076126131205725145 0.010726661346039352 0.016298123978432087 0.016025544794395108 0.01527350460112963 0.014311204458192141 0.01358872588126518 0.013946272741955309 0.01459811298838029 0.01471870030050265 0.015408987363143731 0.0151956965955128 0.015114930979844655 0.015390457869379504 0.016040135185889155 0.016776254590394696 0.015611033856367069 -9999 -9999 -9999 -9999 -9999 -9999 -9999 -9999
-9999 -9999 -9999 -9999 -9999 -9999 -9999 -9999 -9999 -9999 -9999 -9999 -9999 0.022340142076625626 0.0240936534868806 0.022592134092257705 0.024293893390337183 0.02465006780348708 0.02340802476136545 0.02175478996577452 0.02135885142052881 0.016726589286599782 0.01815277849516985 0.01848991524743111 0.017912252238283556 0.016073146620119313 0.015259840944996678 0.014429082569587574 0.014186641528958368 0.013979564711027764 0.013822971512774684 0.012935037580936809 0.0121318621940826 0.011486174509444358 0.011898548910029418 0.012842934603005526 0.01302385901656895 0.01296504480128052 0.013914140841578677 0.017704266841524586 0.017140535806025724 -9999 -9999 -9999 -9999 -9999 -9999 -9999 -9999 -9999 -9999 -9999
-9999 -9999 -9999 -9999 -9999 -9999 -9999 -9999 -9999 -9999 -9999 -9999 0.019576110152301898 0.02118632844611165 0.023080454164154832 0.021795071429923842 0.022995725131801183 0.021136165730461412 0.02098477506027887 0.02045406719984121 0.019984133011365424 0.019335547375594484 0.019108207148991467 0.01664328796741423 0.015272636481265056 0.01409798307410654 0.012303916975972185 0.011920037556030256 0.012389297096740332 0.01278544822967257 0.013064264503480558 0.012187606322550122 0.011661312596847159 0.011168173353037221 0.011750204575666529 0.012801587863972156 0.013852923307162377 0.014573507119951527 0.014979736512466185 0.016960632469231712 0.016718624071398236 -9999 -9999 -9999 -9999 -9999 -9999 -9999 -9999 -9999 -9999 -9999
-9999 -9999 -9999 -9999 -9999 -9999 -9999 -9999 -9999 -9999 -9999 0.02177501688338039 0.022258256168576587 0.021041514707888846 0.020888467304896224 0.02151419064645202 0.019449400077465418 0.018784100915361583 0.019078256751595787 0.0185046832399296 0.018350358725279813 0.016242521514326366 0.014598058048743753 0.011553357595063278 0.013791127169427585 0.011821908112602728 0.011348416165069555 0.011114461648941924 0.010787252159039421 0.011167116505534942 0.012345045740324127 0.0128064940004658 0.013000187063113705 0.013179027047741921 0.014377802556610487 0.016470741143954817 0.01673528385202255 0.018081756469522425 0.019567740013001614 0.016870293996320434 -9999 -9999 -9999 -9999 -9999 -9999 -9999 -9999 -9999 -9999 -9999 -9999
-9999 -9999 -9999 -9999 -9999 -9999 -9999 -9999 -9999 -9999 0.019782662463495675 0.019513461691929752 0.02098977927678371 0.02162544258042391 0.020630998662706446 0.016774883441208862 0.017145345546884266 0.01758054108366205 0.017662704707218747 0.016628026561337092 0.017381737881356375 0.0139675248532063 0.012420065618753072 0.011994495748639613 0.01285599223838907 0.012106855394243554 0.011240148690539513 0.010812872482644604 0.01096498695322772 0.01223353741598372 0.013962870741705808 0.014664476297709582 0.015193064378999484 0.01585380159933716 0.016305947274957273 0.016616533605299817 0.01682946217037767 0.01817142600130326 0.018600612104905614 -9999 -9999 -9999 -9999 -9999 -9999 -9999 -9999 -9999 -9999 -9999 -9999 -9999
-9999 -9999 -9999 -9999 -9999 -9999 -9999 -9999 -9999 -9999 -9999 -9999 0.014724077031010613 0.015236873777112697 0.014304188575157594 0.013627868152335463 0.013660290647011016 0.014295338139797775 0.014145050128693853 0.014130378712695325 0.012661351179822157 0.012570241952336534 0.011548338771573505 0.010477854377752394 0.0107279458358565 0.010628401852282322 0.010478722564683698 0.010805101319023631 0.01208179869967083 0.014940831821798837 0.01616330137718756 0.017329521959204352 0.018072795752081285 0.01821058985128056 0.018107649939080768 0.01766571175339271 0.01720368612285628 0.01794705433727639 0.018604137789682614 0.016414538053353266 -9999 -9999 -9999 -9999 -9999 -9999 -9999 -9999 -9999 -9999 -9999 -9999
-9999 -9999 -9999 -9999 -9999 -9999 -9999 -9999 -9999 -9999 -9999 0.015055779092030331 0.017182407264594426 0.01671276951914611 0.014787814531985431 0.014289044874907831 0.01385100389856995 0.01350339544603127 0.013914635827496887 0.01415601161894058 0.013422211482670714 0.012912739825788085 0.012291323012723938 0.012522404061592284 0.012879705831998569 0.013161948767004205 0.01307794997654415 0.013954742758871536 0.014678994364304209 0.01684013324894155 0.01775552036991757 0.0175805109316418 0.017057647176936773 0.017203777569618803 0.016140047797674546 0.015526610983818391 0.015652409215187364 0.01687712524015641 0.017901231705188234 -9999 -9999 -9999 -9999 -9999 -9999 -9999 -9999 -9999 -9999 -9999 -9999 -9999
-9999 -9999 -9999 -9999 -9999 0.022690359651935884 0.023201164464275163 0.019076415050459542 0.01732919500184409 0.01655216879450941 0.015322897290063687 0.01589312867526354 0.015121728598956944 0.01467190977159876 0.01518000342486383 0.015977146472117218 0.014797765893765328 0.015184587189605782 0.015182017803316062 0.015994570061632064 0.015762671422628768 0.01633296150094981 0.016422447474236344 0.016157178931960774 0.015278395507159287 0.015497025849400756 0.016005321912391686 0.01866874346025473 0.02019393784027084 0.02046458067089173 0.01960699676432628 0.02043775805645605 0.018808327262348948 0.018665434117233246 0.01855367823978707 0.018355494337719137 0.017804904164690934 0.016564325756148718 -9999 -9999 -9999 -9999 -9999 -9999 -9999 -9999 -9999 -9999 -9999 -9999 -9999 -9999
-9999 -9999 -9999 -9999 0.021788174231722312 0.01877820138750973 0.015030909030245084 0.0159391926376764 0.017462502721582826 0.016277836840813048 0.016387925048389217 0.01549782081383094 0.014877156802714838 0.015643485746880834 0.016076298352055467 0.0165997114803431 0.01727876815043589 0.017570334991311824 0.01678198553705951 0.017707765358732714 0.01846084928306525 0.020526860045837363 0.019787681220468843 0.020675125345852915 0.018810105520479386 0.019284681279926625 0.019548716397602327 0.019117264711443257 0.019454546445682574 0.01864399785877926 0.01808484456512672 0.013658145060669535 0.01247903068667079 0.013039965856908245 0.013224103391467205 -9999 -9999 -9999 -9999 -9999 -9999 -9999 -9999 -9999 -9999 -9999 -9999 -9999 -9999 -9999 -9999 -9999
-9999 -9999 -9999 0.014256612113047934 0.017955594145385122 0.017822098059564542 0.015782361948871754 0.016344148398741445 0.015943460122085102 0.015636668433538968 0.015366439947556815 0.012565057376655506 0.013515255380055016 0.018536463881344813 0.020094051040233887 0.02090793963753472 0.020998240162092903 0.020263850419326237 0.01938386414007004 0.01901349960681225 0.018837980277650598 0.02220799333290601 0.023109102397005442 0.02129801993956764 0.020278523750735886 0.02058398195012676 0.019563499669129628 0.01870885524815496 0.018741766430592187 0.01763921042416509 0.017785543973944412 -9999 -9999 -9999 -9999 -9999 -9999 -9999 -9999 -9999 -9999 -9999 -9999 -9999 -9999 -9999 -9999 -9999 -9999 -9999 -9999 -9999
-9999 -9999 -9999 0.012865422938396784 0.010632405304982587 0.01707524923182948 0.016589451356837738 0.015781814824824866 0.014964108411393425 0.015504418301710884 0.015067267621453781 0.007320028516439388 0.006489232144704893 0.016555698705228637 0.020710102571925047 0.020761006257403337 0.021383539895800125 0.019642324057346474 0.019527567009553732 0.020855955601243384 0.020556775591410847 0.022187321108798792 0.022524379317177063 0.02228714695039505 0.02003478190609015 0.01946851216287781 0.018678464233068272 0.01806334576612751 0.01878448686367019 -9999 -9999 -9999 -9999 -9999 -9999 -9999 -9999 -9999 -9999 -9999 -9999 -9999 -9999 -9999 -9999 -9999 -9999 -9999 -9999 -9999 -9999 -9999
-9999 -9999 -9999 0.012536565858527979 0.01560276410297766 0.01664570065623174 0.017658429341446704 0.013718119410020272 0.013389371343348028 0.012016807914763734 0.01249890441984529 0.013306211518517238 0.012657734435883423 0.01338129887260068 0.015962695681002056 0.018377344886330367 0.02017310086219726 0.02000230153768898 0.021111966697939192 0.02150221608308911 0.021951358978273914 0.02119151154626752 0.01940247945589529 0.019471913105069457 0.01798502640889552 0.01913284073044317 0.023235145184681626 0.01897631212993881 -9999 -9999 -9999 -9999 -9999 -9999 -9999 -9999 -9999 -9999 -9999 -9999 -9999 -9999 -9999 -9999 -9999 -9999 -9999 -9999 -9999 -9999 -9999 -9999
-9999 -9999 -9999 0.010508317688986113 0.016874484315872754 0.01692969960965669 0.016957722785650064 0.01529464779700571 0.011085351556706431 0.011083547355925772 0.011808865594039729 0.01295776869121833 0.012935222911811995 0.013795413315941151 0.014909845945910329 0.016667084329326228 0.01830527995254956 0.018664031282226688 0.02013429626359457 0.023203677568189415 0.01987576032900064 0.01910121058562665 0.020354599482234927 0.021808998660522782 0.01933020197476152 0.019505515837004037 0.02015960356633353 -9999 -9999 -9999 -9999 -9999 -9999 -9999 -9999 -9999 -9999 -9999 -9999 -9999 -9999 -9999 -9999 -9999 -9999 -9999 -9999 -9999 -9999 -9999 -9999 -9999
-9999 -9999 -9999 -9999 0.017197714648930162 0.01511853085914611 0.014101086070808415 0.011968215999071491 0.011417204415380595 0.012152653076495457 0.012426671570423072 0.012193319843297995 0.013435931540293973 0.016041772078405313 0.017105871339229417 0.017917780367693578 0.018643187933438745 0.02062130583317072 0.019281126242046264 0.02000486360060815 0.02060779302416729 0.02058941837934389 0.02108985933786459 0.023630771162048682 -9999 -9999 -9999 -9999 -9999 -9999 -9999 -9999 -9999 -9999 -9999 -9999 -9999 -9999 -9999 -9999 -9999 -9999 -9999 -9999 -9999 -9999 -9999 -9999 -9999 -9999 -9999 -9999
-9999 -9999 -9999 -9999 0.01553215230032269 0.013132560043723276 0.014621650645626837 0.01129645464824318 0.011698999617346757 0.011545454990170723 0.0139914185303349 0.01588290781776674 0.015086857220323137 0.016786307996336878 0.019650277336286257 0.02004279473594897 0.019879443242917655 0.01983608948117077 0.02002610622607186 0.020153876019330882 0.01937635364809253 0.02062873321379426 0.0206006250182344 0.022189459228490662 0.02106022986155628 -9999 -9999 -9999 -9999 -9999 -9999 -9999 -9999 -9999 -9999 -9999 -9999 -9999 -9999 -9999 -9999 -9999 -9999 -9999 -9999 -9999 -9999 -9999 -9999 -9999 -9999 -9999
