metrics/grid_rasters/SMAP L4/grideval_SMAP L4_S_spring_absolute_pearson_r.asc
ncols 52
nrows 55
xllcorner     11.25
yllcorner     55.25
cellsize      0.25
NODATA_value  -9999
[rows 0 to 28 of 55, columns 0 to 51 of 52]
-9999 -9999 -9999 -9999 -9999 -9999 -9999 -9999 -9999 -9999 -9999 -9999 -9999 -9999 -9999 -9999 -9999 -9999 -9999 -9999 -9999 -9999 -9999 -9999 -9999 -9999 -9999 -9999 -9999 -9999 -9999 -9999 -9999 -9999 -9999 -9999 0.6673168434433845 0.563611512223269 0.7151768037286776 -9999 -9999 -9999 -9999 -9999 -9999 -9999 -9999 -9999 -9999 -9999 -9999 -9999
-9999 -9999 -9999 -9999 -9999 -9999 -9999 -9999 -9999 -9999 -9999 -9999 -9999 -9999 -9999 -9999 -9999 -9999 -9999 -9999 -9999 -9999 -9999 -9999 -9999 -9999 -9999 -9999 -9999 -9999 -9999 -9999 -9999 -9999 -9999 -9999 0.5059067010841987 0.5680873878619676 0.7054493525819342 0.7492148015902064 0.7004143043249957 0.6795613635269978 -9999 -9999 -9999 -9999 -9999 -9999 -9999 -9999 -9999 -9999
-9999 -9999 -9999 -9999 -9999 -9999 -9999 -9999 -9999 -9999 -9999 -9999 -9999 -9999 -9999 -9999 -9999 -9999 -9999 -9999 -9999 -9999 -9999 -9999 -9999 -9999 -9999 0.8247300409790228 0.8434849065677807 0.7169253397732771 0.6259320202489267 0.6650884849670815 0.6479317465078657 0.6748996053390555 -9999 0.6524537025998569 0.5637195335577745 0.5809112099365037 0.7044532363606266 0.7440031050362266 0.7558037726392831 0.7331213033389309 0.6950601861952392 0.6710715273303103 0.6287889800925757 0.6361306497909318 -9999 -9999 -9999 -9999 -9999 -9999
-9999 -9999 -9999 -9999 -9999 -9999 -9999 -9999 -9999 -9999 -9999 -9999 -9999 -9999 -9999 -9999 -9999 -9999 -9999 -9999 -9999 -9999 -9999 -9999 -9999 -9999 -9999 0.7702244483815843 0.725908942068405 0.624501518638734 0.6307125030174567 0.7487881945514769 0.6215214031178833 0.5084617313366238 0.439450866907586 0.4254212626566716 0.4691159005986987 0.5943946349071735 0.7170381184791321 0.7555856754075536 0.7741665045460688 0.7887555222533116 0.8048457440587444 0.7893356948967135 0.7496121609534209 0.7163822614886033 0.7100815092951529 0.6865350226786081 -9999 -9999 -9999 -9999
-9999 -9999 -9999 -9999 -9999 -9999 -9999 -9999 -9999 -9999 -9999 -9999 -9999 -9999 -9999 -9999 -9999 -9999 -9999 -9999 -9999 -9999 0.8418800994222837 0.8066120992768164 0.8568439193061819 0.8461449585107186 0.8594419803684895 0.8227171886771271 0.8051534194184109 0.8169952038425479 0.7562332489498518 0.8073768002608483 0.6232025707968512 0.5802803111154837 0.5950500322460996 0.4737872554487541 0.6350180691895022 0.6451734276132579 0.6835249783439208 0.7026932464486035 0.7538408518659696 0.7946260397834285 0.7956662175216691 0.7307024372010349 0.7247240844174071 0.7251466837530143 0.7955843512649645 0.8042701317243586 0.811462751787277 -9999 -9999 -9999
-9999 -9999 -9999 -9999 -9999 -9999 -9999 -9999 -9999 -9999 -9999 -9999 -9999 -9999 -9999 -9999 -9999 -9999 -9999 -9999 -9999 0.7973304431913155 0.7855951688330699 0.8490889246031266 0.8480067433923775 0.8230238573695591 0.8577128630457027 0.8410450711745096 0.8168403679182209 0.7928452453558272 0.7473374169233362 0.7796717150793653 0.7612307043581925 0.7711982914214955 0.7987710941090129 0.8469738881112712 0.8300788094363727 0.8313323044765988 0.7798727822633331 0.7100848845353075 0.7584642632212104 0.7865135362986015 0.7439835941047868 0.7305945762931781 0.7293788212789055 0.7661803864520407 0.7896057526310315 0.8284587343619999 0.8340377932502478 -9999 -9999 -9999
-9999 -9999 -9999 -9999 -9999 -9999 -9999 -9999 -9999 -9999 -9999 -9999 -9999 -9999 -9999 -9999 -9999 -9999 -9999 -9999 0.8903749522124094 0.8523955285102975 0.8847748496822947 0.8945622272302898 0.8492110514245985 0.8450049092657019 0.8760524476385956 0.8459356124952917 0.8346476413653529 0.8516020027649939 0.7682099199998378 0.7487697447079728 0.7555894155507881 0.8225218623134696 0.8275959184729165 0.8710678145063958 0.8771275522705554 0.866765219050989 0.7928712480270119 0.7802041390422481 0.7843311983573019 0.8083921712426219 0.6704497344297782 0.6887368729861171 0.7619868686028466 0.7184441999332762 0.7551449299195463 0.7295029972248621 0.7510347901089569 0.7646299984705217 -9999 -9999
-9999 -9999 -9999 -9999 -9999 -9999 -9999 -9999 -9999 -9999 -9999 -9999 -9999 -9999 -9999 -9999 -9999 -9999 -9999 -9999 -9999 0.8651896931053443 0.8649801335673302 0.8917019035106699 0.8841328586044902 0.8965414119454864 0.8609791411877157 0.8124411981178306 0.7271910527720782 0.8367122367450466 0.8099569580975993 0.7735094963809654 0.6700014370704943 0.7992250508609531 0.8620709050085842 0.814750942504033 0.8420593445545591 0.8341358128352027 0.7724295619591501 0.7705877011750384 0.7743664530307035 0.7806732925434027 0.8133462543169008 0.7219810389285461 0.7227723000421421 0.7071973918459455 0.7334840998361359 0.7352312966455345 0.7620055519681288 -9999 -9999 -9999
-9999 -9999 -9999 -9999 -9999 -9999 -9999 -9999 -9999 -9999 -9999 -9999 -9999 -9999 -9999 -9999 -9999 -9999 -9999 0.8702640779563775 0.8415389631343642 0.8890345151912459 0.8964576407045255 0.8899624643151465 0.8779887760140599 0.8588274443006864 0.8522411911950332 0.8575599273267518 0.8567815457191017 0.8418976728229223 0.7992136449788454 0.7630069930523378 0.7423201310820862 0.8207145173994086 0.8392502748029428 0.7815509223849264 0.8367721436542634 0.8156541832440833 0.7753452603472639 0.7961143242920656 0.8023028510765686 0.7457162753808926 0.7538892436945642 0.7848802683432226 0.7266211709416222 0.7483495935264909 0.7518994525951881 0.7831992839646017 0.7455402805528479 0.7178822964926164 0.7787516255367073 -9999
-9999 -9999 -9999 -9999 -9999 -9999 -9999 -9999 -9999 -9999 -9999 -9999 -9999 -9999 -9999 -9999 -9999 -9999 0.8784760353290048 0.8687423593229885 0.8336968566719329 0.8303444444993315 0.8246412746475367 0.8141180470868663 0.7606754973784071 0.7822781220514474 0.7966147852309654 0.8664638313399022 0.8668720354586089 0.8625690623277527 0.8498618170924929 0.8304936440026387 0.8010282927816623 0.7934709434115879 0.7828349234908204 0.7584866894640174 0.7478281969067988 0.7752876679626651 0.8088960206784068 0.8325950468127191 0.8392565807508277 0.8405233208333074 0.7987695259736429 0.7917934841969859 0.7816405959393254 0.7697330095896658 0.7720932664146167 0.7909859050719787 0.8270999364299347 0.8020728400333763 0.8273311612303775 -9999
-9999 -9999 -9999 -9999 -9999 -9999 -9999 -9999 -9999 -9999 -9999 -9999 -9999 -9999 -9999 -9999 -9999 0.8779211396051109 0.8842141541686891 0.8611812145021255 0.8208107517053979 0.7341073229055107 0.7662981828422595 0.7509296005393237 0.7052591628138234 0.7606258146745253 0.8031149268200606 0.8496005429502158 0.8514753778662825 0.8572857812956396 0.8452152636052986 0.8375619752966834 0.8177308416754472 0.7989213399632564 0.7771881234805667 0.7567990373032687 0.7244754103803865 0.7023262950595905 0.7339085146591575 0.7668209321226138 0.7014827186478172 0.7265118085634313 0.8150530386302908 0.7958514314742159 0.7653773997742486 0.7306574711868492 0.7509286878143353 0.7818241742986842 0.8028828378303676 0.7785421752534292 -9999 -9999
-9999 -9999 -9999 -9999 -9999 -9999 -9999 -9999 -9999 -9999 -9999 -9999 -9999 0.8451669820502048 0.8593444040376323 0.8370110260977359 0.8605734898760504 0.8507531913831453 0.8447553879400205 0.8418173146440875 0.7830183760381185 0.7777869037612262 0.7802783014454829 0.7385172520811121 0.7335708225053104 0.5482713071471186 0.7994162078793656 0.8043374441298987 0.787325251510846 0.7762019392210037 0.7612261058383679 0.7557278477828857 0.7743321537426633 0.7394922880937371 0.7501096446769937 0.7717494232557055 0.7603185723005967 0.6967413792014416 0.703815774105828 0.7326993393302466 0.7266864964996392 0.7248840954579865 0.7097967174120405 0.7161315053179355 0.7337145731512329 0.7128443674868041 0.7274632790339041 0.7536206555390443 0.7887664716323228 0.7645248294361853 0.7651069770266329 -9999
-9999 -9999 -9999 -9999 -9999 -9999 -9999 -9999 -9999 -9999 -9999 -9999 -9999 0.8585991639414572 0.8387801293165821 0.8326604310237242 0.8575663222521632 0.8760266420961169 0.8514215472775715 0.8393601517730161 0.8216362343293162 0.7862139653049895 0.7572896133538152 0.7891568898266221 0.7773830035941431 0.7746170711444431 0.7762636009388806 0.7903372551678711 0.7747927521561094 0.7358508989041341 0.7250319074292934 0.729710843057136 0.7046426367183756 0.6954193877658097 0.6885871410922624 0.6917952978280822 0.6946015712125755 0.7015070271465953 0.6865967816924388 0.689306815484521 0.6973732690641806 0.6732644574733444 0.6606560747541304 0.7343388836269613 0.6336087624484319 0.7898217032792691 0.7863992844241899 0.8209169638219758 0.8052986279143677 0.8100389414037938 0.8114305635189423 0.8359726851947629
-9999 -9999 -9999 -9999 -9999 -9999 -9999 -9999 -9999 -9999 -9999 -9999 -9999 0.8304242984435688 0.8007529713363698 0.8080938503366805 0.7717612621773997 0.8085286476256556 0.7249607187905451 0.7248933483303468 0.7544596688433027 0.7762955366067503 0.7618597882961109 0.7733978016081007 0.7365825327357093 0.7176044634133851 0.7527282801955805 0.7955726619506652 0.787213660453825 0.775968621409997 0.7533858947661034 0.7209130119056952 0.7194570943511072 0.7429245548601434 0.7404729477888405 0.7382248513308248 0.703800307218764 0.6837128690513554 0.6634328575521622 0.642631931681933 0.673698423253551 0.6867707008961129 0.6974318582450194 0.7670037225329593 -9999 -9999 -9999 -9999 -9999 -9999 -9999 -9999
-9999 -9999 -9999 -9999 -9999 -9999 -9999 -9999 -9999 -9999 -9999 -9999 -9999 0.8414082117475123 0.7784195187450984 0.7501007453655613 0.7718780938774301 0.8078086231553983 0.6703756344282228 0.7011400850918762 0.7222628591247864 0.7407957531434538 0.7334581102519157 0.7211169688900179 0.6904966131591469 0.6941079762907203 0.7144370681052163 0.7309437636758507 0.723570726404593 0.7078169213239403 0.6899528318035337 0.6736540109794544 0.7034351818271596 0.7044098161995407 0.6849969485445002 0.6677954916102391 0.7066715347348244 0.6968784651837281 0.6426954923088404 0.5853584532438167 0.6891575417178532 -9999 -9999 -9999 -9999 -9999 -9999 -9999 -9999 -9999 -9999 -9999
-9999 -9999 -9999 -9999 -9999 -9999 -9999 -9999 -9999 -9999 -9999 -9999 0.8461701553865835 0.8389371649095423 0.8317699134196799 0.6189753994329154 0.7263883178785386 0.6938752868201488 0.6681611026759744 0.6638937062242346 0.6979109945128115 0.7244440814813508 0.6914446696356891 0.6577257860841086 0.6423832647570102 0.6636950655188718 0.6338561520903099 0.6625687150507524 0.6833398648626403 0.6887422157960119 0.6685641109440458 0.6351730717901113 0.6695602303467266 0.6483138186948731 0.6606287969646093 0.6459909157200003 0.6288413501827405 0.6152161296021047 0.6052033235167283 0.6074682836412288 0.5754860913525279 -9999 -9999 -9999 -9999 -9999 -9999 -9999 -9999 -9999 -9999 -9999
-9999 -9999 -9999 -9999 -9999 -9999 -9999 -9999 -9999 -9999 -9999 0.8587973389074868 0.8764966690712842 0.85870965283667 0.8523747383341012 0.8326652677494084 0.7795903468596795 0.6885745231687341 0.6377441616337722 0.7018509195354903 0.6998150477532165 0.641039545573146 0.6359272665536794 0.6562905514057824 0.6311447968019497 0.6610321787710602 0.6419666716583333 0.6549677157804795 0.6390162125973433 0.630481970929907 0.6134469191767344 0.6163860796405753 0.6902182594031935 0.6579056758399753 0.6577909842707009 0.629275231071828 0.5440538001439468 0.5007920943623247 0.5987750032092863 0.6722570427954107 -9999 -9999 -9999 -9999 -9999 -9999 -9999 -9999 -9999 -9999 -9999 -9999
-9999 -9999 -9999 -9999 -9999 -9999 -9999 -9999 -9999 -9999 0.3522020952817447 0.4106066340630495 0.7597182736675483 0.8174272016326358 0.6629182879762747 0.6847663530638856 0.6390835589212334 0.6529952688798595 0.6231704855150224 0.6751091198997012 0.6485717153823927 0.6600228787659856 0.6482549930465714 0.6830616987485385 0.6644003346313236 0.6674050790167583 0.6465486296936751 0.6689158592106652 0.6806356975395487 0.6317256023055817 0.5830864792988861 0.5850239649822601 0.5967059565024535 0.6259067165847451 0.6265123375251624 0.5981841725581487 0.6099938882507779 0.6328099381760806 0.6231779919719886 -9999 -9999 -9999 -9999 -9999 -9999 -9999 -9999 -9999 -9999 -9999 -9999 -9999
-9999 -9999 -9999 -9999 -9999 -9999 -9999 -9999 -9999 -9999 -9999 -9999 0.6705576855957567 0.5967090532971656 0.4700833273634413 0.5265433451800533 0.6183196882186149 0.6655245153996606 0.6685068016155367 0.6292561150947527 0.6126283073436761 0.6477149859990152 0.6568694265856967 0.6650732049555867 0.6600188925465079 0.6586691672609024 0.639395228048699 0.6590738933033673 0.6556884683475834 0.6175664765189606 0.5679305752142876 0.5622731000086856 0.5618708609803834 0.5770714641965164 0.5839966184466125 0.6064256197079988 0.6026727972191877 0.6639397849046704 0.6252926568498137 0.6577134651151229 -9999 -9999 -9999 -9999 -9999 -9999 -9999 -9999 -9999 -9999 -9999 -9999
-9999 -9999 -9999 -9999 -9999 -9999 -9999 -9999 -9999 -9999 -9999 0.5991435653126285 0.6276921841649137 0.7247326950353422 0.4970500325176771 0.5401796537449715 0.5841991871770618 0.5538377388219979 0.6549491117707689 0.6724176146049541 0.6966491561958669 0.6871389184869194 0.6388251029575664 0.6683736566881571 0.6926471692877223 0.6863056381319809 0.6617767945221031 0.645348762798506 0.6576995181888552 0.6398894219773075 0.6179837358267977 0.6246628180108752 0.596524677555668 0.5647652898434457 0.5638741615119212 0.5487008087868682 0.5526120559856449 0.5372226734673644 0.566307693069998 -9999 -9999 -9999 -9999 -9999 -9999 -9999 -9999 -9999 -9999 -9999 -9999 -9999
-9999 -9999 -9999 -9999 -9999 0.8106822175349058 0.7855053418095407 0.8232032347989677 0.8331694763157745 0.8165391760099728 0.7614290942869932 0.5523904723926849 0.5911679902291119 0.6862839414846496 0.6328548901731604 0.6372003340294619 0.679206411946337 0.6508105742014427 0.7628345302887412 0.7375469315965424 0.7193010376491114 0.7245552955532873 0.6572688899254251 0.6974105584070704 0.712908015186392 0.6954777724996917 0.6829718665953146 0.6613365741353084 0.6795241892020399 0.6894271824985576 0.6822960636955124 0.6558249535602316 0.6141378654010791 0.6080717367046058 0.6146518301225274 0.5960509150162371 0.5650205205711376 0.5310817787034066 -9999 -9999 -9999 -9999 -9999 -9999 -9999 -9999 -9999 -9999 -9999 -9999 -9999 -9999
-9999 -9999 -9999 -9999 0.7284738632908292 0.5148384695093876 0.5806046292681615 0.4336785870935382 0.5914410111435054 0.6029875634838067 0.6106514610083463 0.51866332257846 0.6253997333425925 0.7050572164819553 0.6889838927259746 0.7106961940306655 0.7804634509300498 0.7985690524910729 0.8044001133775036 0.7849819307861228 0.7211312722469945 0.6884009485673526 0.737364356146625 0.6888269211994822 0.6875330513902885 0.6732372810483205 0.7073200780210052 0.7088164802913108 0.7186786408476811 0.7233478048465891 0.7054885268498451 0.5463881721765962 0.465252154358335 0.41395132873616597 0.3845968951682206 -9999 -9999 -9999 -9999 -9999 -9999 -9999 -9999 -9999 -9999 -9999 -9999 -9999 -9999 -9999 -9999 -9999
-9999 -9999 -9999 0.805748854132381 0.8514061931365897 0.572011950630916 0.6579432819969484 0.6180339641117719 0.6215653293284462 0.6889503104682985 0.7026788561455479 0.603354217491453 0.6884244542725797 0.8031808886514432 0.8056709068654742 0.7862161036244247 0.804072796723343 0.7927554845460167 0.7673115125878296 0.7438546057592952 0.7184977820901752 0.6839282002837062 0.7085072116824471 0.6932295951186475 0.6468625165686356 0.6500749986742375 0.7123322857389927 0.7324169982508923 0.7129082160914253 0.6682687993830398 0.5877822233530812 -9999 -9999 -9999 -9999 -9999 -9999 -9999 -9999 -9999 -9999 -9999 -9999 -9999 -9999 -9999 -9999 -9999 -9999 -9999 -9999 -9999
-9999 -9999 -9999 0.7849999657692222 0.7819507213020049 0.8206391447324239 0.7542720935062375 0.6248216159368672 0.7164874137608879 0.69025928020613 0.6922289408633153 0.7301849401991359 0.6239137079300603 0.7626259328857627 0.7975699271734716 0.7930194502351009 0.7997174253291124 0.7671434596900348 0.7663210501513789 0.7553683561172178 0.7350111857059753 0.7252035753046469 0.7293143139192352 0.698444199219195 0.6313398084664723 0.6276003368628758 0.6804011729351729 0.6724358543476301 0.6244874380246135 -9999 -9999 -9999 -9999 -9999 -9999 -9999 -9999 -9999 -9999 -9999 -9999 -9999 -9999 -9999 -9999 -9999 -9999 -9999 -9999 -9999 -9999 -9999
-9999 -9999 -9999 0.7624337652136823 0.8107483743548247 0.8266711979881276 0.8226068500232622 0.6778863888001352 0.7864827821797111 0.8080606105341916 0.7782360116578952 0.7881264215483788 0.7533421359674255 0.7832794776458607 0.8022107098096299 0.7384223046789642 0.7677432001943414 0.7522630654952009 0.7485797436165869 0.7467468058372384 0.7432888091703596 0.7403539129291306 0.7468438802489591 0.7154763322140749 0.6538046639411336 0.657864669288436 0.6181980703160226 0.5536595309761896 -9999 -9999 -9999 -9999 -9999 -9999 -9999 -9999 -9999 -9999 -9999 -9999 -9999 -9999 -9999 -9999 -9999 -9999 -9999 -9999 -9999 -9999 -9999 -9999
-9999 -9999 -9999 0.7816608790787039 0.8163237692337315 0.8058642540497798 0.7418609141324872 0.7100220315779979 0.7789250507470977 0.7913294666569041 0.7925980243656372 0.7471679360025678 0.7154589892653872 0.7812955558882761 0.772081798049024 0.7635358979339593 0.7857899197384591 0.7567796314666597 0.7302963056142209 0.7377857792582757 0.7502114880201508 0.7444745705873957 0.7244263692273187 0.7394682721592185 0.701931334519964 0.658880667387069 0.5701939171716919 -9999 -9999 -9999 -9999 -9999 -9999 -9999 -9999 -9999 -9999 -9999 -9999 -9999 -9999 -9999 -9999 -9999 -9999 -9999 -9999 -9999 -9999 -9999 -9999 -9999
-9999 -9999 -9999 -9999 0.7160533819920374 0.6716295262723672 0.7075743194185415 0.7454163777307317 0.7084117630615636 0.6715995356580101 0.6612425713090315 0.7210910684504028 0.7423700441919148 0.7611366429486301 0.7719929391059488 0.7768186295149168 0.7646793157348369 0.7488409453670486 0.7206283254091739 0.7234036412901914 0.7059617893222645 0.6503531140861236 0.6147482266640019 0.6556706102212897 -9999 -9999 -9999 -9999 -9999 -9999 -9999 -9999 -9999 -9999 -9999 -9999 -9999 -9999 -9999 -9999 -9999 -9999 -9999 -9999 -9999 -9999 -9999 -9999 -9999 -9999 -9999 -9999
-9999 -9999 -9999 -9999 0.7113692883103555 0.7214737982826375 0.7157924763694867 0.7555540829870977 0.7464360567631148 0.7257831591535568 0.6280336104531772 0.6265235281603881 0.6868028038225076 0.7294384640377076 0.7424095281735404 0.7509994918952079 0.7382345059325731 0.6943623527202128 0.6844754056624139 0.6578219411760184 0.6260045014379909 0.6361986077821321 0.6979938869805348 0.6600413512078371 0.5234577010020959 -9999 -9999 -9999 -9999 -9999 -9999 -9999 -9999 -9999 -9999 -9999 -9999 -9999 -9999 -9999 -9999 -9999 -9999 -9999 -9999 -9999 -9999 -9999 -9999 -9999 -9999 -9999
-9999 -9999 -9999 -9999 0.7012560621463735 0.7020940886575311 0.6917004691906967 0.6816269045193306 0.6831902155172737 0.7218278762673314 0.6864835940719598 0.6157106889050044 0.6753375043943112 0.7165611989886186 0.7349852031655524 0.7436935506607705 0.7303935465973453 0.6500468568887636 0.6269142853433762 0.6034431677633453 0.5838061794142269 0.6142385767701726 0.6390656051285861 0.5911384701832371 -9999 -9999 -9999 -9999 -9999 -9999 -9999 -9999 -9999 -9999 -9999 -9999 -9999 -9999 -9999 -9999 -9999 -9999 -9999 -9999 -9999 -9999 -9999 -9999 -9999 -9999 -9999 -9999
