metrics/grid_rasters/SMAP L4/grideval_SMAP L4_S_winter_absolute_ubrmsd.asc
ncols 52
nrows 55
xllcorner     11.25
yllcorner     55.25
cellsize      0.25
NODATA_value  -9999
[rows 0 to 27 of 55, columns 0 to 51 of 52]
-9999 -9999 -9999 -9999 -9999 -9999 -9999 -9999 -9999 -9999 -9999 -9999 -9999 -9999 -9999 -9999 -9999 -9999 -9999 -9999 -9999 -9999 -9999 -9999 -9999 -9999 -9999 -9999 -9999 -9999 -9999 -9999 -9999 -9999 -9999 -9999 0.011784748284032712 0.014976466676773525 0.017779300391736936 -9999 -9999 -9999 -9999 -9999 -9999 -9999 -9999 -9999 -9999 -9999 -9999 -9999
-9999 -9999 -9999 -9999 -9999 -9999 -9999 -9999 -9999 -9999 -9999 -9999 -9999 -9999 -9999 -9999 -9999 -9999 -9999 -9999 -9999 -9999 -9999 -9999 -9999 -9999 -9999 -9999 -9999 -9999 -9999 -9999 -9999 -9999 -9999 -9999 0.01563530091399515 0.017986045884792537 0.021128832117745515 0.01840447673187321 0.01970988369299536 0.02115233083274199 -9999 -9999 -9999 -9999 -9999 -9999 -9999 -9999 -9999 -9999
-9999 -9999 -9999 -9999 -9999 -9999 -9999 -9999 -9999 -9999 -9999 -9999 -9999 -9999 -9999 -9999 -9999 -9999 -9999 -9999 -9999 -9999 -9999 -9999 -9999 -9999 -9999 0.020217111561810462 0.01908563160451644 0.01465000926227823 0.013593268215328237 0.01919870050968902 0.021464913148406067 0.018658429777958816 -9999 0.02002514864448264 0.0228378536960924 0.023327234159423445 0.02247093623430421 0.01882791289792744 0.020023831738029758 0.02329849355801048 0.023751744916735224 0.02261685461308648 0.02396921109484676 0.025070126367292053 -9999 -9999 -9999 -9999 -9999 -9999
-9999 -9999 -9999 -9999 -9999 -9999 -9999 -9999 -9999 -9999 -9999 -9999 -9999 -9999 -9999 -9999 -9999 -9999 -9999 -9999 -9999 -9999 -9999 -9999 -9999 -9999 -9999 0.014686195094944869 0.01688144285320716 0.01804944424507393 0.018265687427677285 0.016371053339323517 0.01600278721614546 0.019265614320184542 0.021141886782921882 0.02406328697080964 0.023818130966605403 0.0222497706950156 0.021415907811505708 0.02326630166505856 0.02557354000256324 0.02653316527570788 0.0272806718801614 0.02697169973922445 0.02526871375029121 0.024617757040574183 0.02392418140857447 0.02326769959620811 -9999 -9999 -9999 -9999
-9999 -9999 -9999 -9999 -9999 -9999 -9999 -9999 -9999 -9999 -9999 -9999 -9999 -9999 -9999 -9999 -9999 -9999 -9999 -9999 -9999 -9999 0.021585700006767124 0.02334758471525645 0.022769647493369547 0.024419491021434415 0.01941456915482245 0.010639934029775635 0.007902829702831212 0.00891058539091562 0.01454851740979396 0.016270709836474682 0.02096404886313889 0.026006027303615908 0.025830577936602248 0.023337566763954213 0.018116363460471727 0.017467985902387146 0.019426883288523374 0.020431135243010098 0.022785279124588304 0.024469282343768592 0.025797758814128 0.02378946780640886 0.02419453750786637 0.025166717046491816 0.023424996923212444 0.02255706902241712 0.02094703003016675 -9999 -9999 -9999
-9999 -9999 -9999 -9999 -9999 -9999 -9999 -9999 -9999 -9999 -9999 -9999 -9999 -9999 -9999 -9999 -9999 -9999 -9999 -9999 -9999 0.024972953603534742 0.024100060045407684 0.019710452387220155 0.008544476194573396 0.011579526592786571 0.016528854043562358 0.007267799998047764 0.006398441610376967 0.00919780270475989 0.016531209215796597 0.01863294135705639 0.02022443416903653 0.027212064241789853 0.027124118151955017 0.020472120559649684 0.01960332856767742 0.021325828235362616 0.02163664905531466 0.022609623185911584 0.02454855717890701 0.025240379643230438 0.02675038373917118 0.027247070963861083 0.02519174453788427 0.02405715528382708 0.02379986260833244 0.022281674892507358 0.0215076392017833 -9999 -9999 -9999
-9999 -9999 -9999 -9999 -9999 -9999 -9999 -9999 -9999 -9999 -9999 -9999 -9999 -9999 -9999 -9999 -9999 -9999 -9999 -9999 0.014377495111540703 0.009295861829342448 0.008222962065770712 0.005923075329562057 0.007589944002741136 0.005979385940934547 0.005487779322066788 0.008807214254898095 0.00955655572003484 0.011688305296969292 0.0182024464504642 0.02046060814898693 0.02366402461789922 0.02644858018483073 0.0381820407895602 0.02230624208033059 0.023583204578746905 0.022539638324187688 0.026158872150103644 0.025905402153661505 0.02584562089820677 0.025756442082958287 0.028200946850144626 0.0288469745828106 0.022685025061829272 0.02375256343886594 0.024339605341898548 0.02437541292179786 0.023077228591146248 0.02231127473280661 -9999 -9999
-9999 -9999 -9999 -9999 -9999 -9999 -9999 -9999 -9999 -9999 -9999 -9999 -9999 -9999 -9999 -9999 -9999 -9999 -9999 -9999 -9999 0.006808742083572679 0.0050387306401918465 0.004626418530908753 0.00508809892417076 0.004969025956867414 0.00865477310409693 0.014610358204942919 0.02289355845777928 0.013417233342063649 0.01719444915016183 0.02097021951319469 0.027216394047252856 0.026373820548536958 0.02078180414293325 0.02584513486931101 0.024310858406033524 0.023419553065637668 0.026048047777872344 0.026631363038691888 0.02658610695544565 0.026136922807930115 0.025907490543904482 0.029273288833060494 0.027257875339537416 0.024489356446502263 0.025600555461340824 0.02451322731533074 0.02430228223557684 -9999 -9999 -9999
-9999 -9999 -9999 -9999 -9999 -9999 -9999 -9999 -9999 -9999 -9999 -9999 -9999 -9999 -9999 -9999 -9999 -9999 -9999 0.009171692851848394 0.009992370883928752 0.0071600546016367065 0.007350980553457967 0.01065740909610718 0.012221513386974414 0.010842801468235914 0.013478202438078287 0.016698329406635615 0.016993547422999262 0.01784511685220078 0.020561082605044956 0.024330074812658312 0.025934098604579882 0.0243603918446518 0.023780649245133074 0.02636674086831953 0.02388916161901269 0.025279615193442944 0.02767963855573546 0.027027610247710547 0.026746242600196483 0.025282877925323827 0.02360018179564009 0.023839749274213413 0.025755332844097225 0.0239818333064432 0.02336730675800536 0.022331672408099214 0.02342679542710057 0.02130313899618954 0.017768219029901857 -9999
-9999 -9999 -9999 -9999 -9999 -9999 -9999 -9999 -9999 -9999 -9999 -9999 -9999 -9999 -9999 -9999 -9999 -9999 0.007401787691341858 0.007896916619872326 0.013826811578792944 0.015003339051724213 0.013596031467315457 0.01372154281508384 0.018029166819074238 0.016260830868107583 0.01997652461871926 0.01544799488365565 0.017963125936577368 0.02047608165348699 0.02336334053711976 0.025842635507585685 0.024235818849017324 0.0245909172104897 0.02349293905949046 0.023121238405998317 0.02284051052244267 0.022490038541340702 0.02191594256948285 0.022581039585516764 0.022682364129780017 0.022021135109874083 0.021523296644661388 0.02101243694221576 0.01907112521395801 0.01821812234546801 0.018073397189407845 0.01828426517144529 0.016894721824821973 0.01660041589702464 0.016769933271793276 -9999
-9999 -9999 -9999 -9999 -9999 -9999 -9999 -9999 -9999 -9999 -9999 -9999 -9999 -9999 -9999 -9999 -9999 0.01021201928784134 0.010412895681482659 0.014836239006938276 0.018871640572097968 0.02359226803262845 0.02186335809316841 0.01905758081071032 0.01956516932448349 0.01767597220273175 0.017573277739858572 0.0175302430843873 0.01936511548810456 0.02238543081593495 0.02424670437311722 0.02416943066535976 0.02394337220712273 0.02318958671802691 0.02407654804205036 0.024100151972199592 0.0232484897419798 0.02079950540146883 0.019594324218018547 0.01987344307315661 0.022620600172563118 0.02272531534235335 0.01911663731954299 0.02012863815850445 0.017972532089100168 0.017120230814893615 0.01663722689275524 0.016463957235718116 0.015230493986348747 0.01474292356180551 -9999 -9999
-9999 -9999 -9999 -9999 -9999 -9999 -9999 -9999 -9999 -9999 -9999 -9999 -9999 0.020371713831312803 0.01838027551659764 0.01766351874290481 0.017273865946920836 0.01656480997954789 0.017138663923743285 0.01731079442975553 0.02267882064917414 0.02672155361779052 0.025399779596131853 0.017987418203705606 0.02078604126568312 0.018813379687282784 0.014134161576112159 0.020180694768653255 0.021651509558022745 0.0230159341092855 0.022971645380525332 0.022890730020508426 0.021611314417515237 0.02332296644810633 0.02198824427589183 0.02107760263021843 0.0214852622299872 0.0207561715139535 0.018614941419621483 0.015929674089785396 0.015500028520363071 0.015599444082176213 0.01495731548262411 0.015417360030474846 0.017739680216837347 0.020033469774173883 0.018321750232578947 0.01925426878305012 0.015459456618495106 0.01680073659638734 0.016376408718744895 -9999
-9999 -9999 -9999 -9999 -9999 -9999 -9999 -9999 -9999 -9999 -9999 -9999 -9999 0.01958668604311653 0.01796398597343378 0.015696125852612982 0.015520471680595506 0.015275299723786669 0.01900630411499936 0.021080955837136064 0.019699964501662563 0.02444744535181868 0.02331917576953773 0.01593573952883993 0.01985324506402829 0.0189748313618579 0.011888538240186514 0.019279124446850204 0.0200623958648242 0.02426118226973437 0.024043988908564684 0.023816507695685392 0.02431868048492941 0.025293320481671763 0.024185946836661813 0.02273499451566285 0.02190597447206233 0.02063922685787082 0.01991869157929077 0.017119507429089832 0.016635005610444568 0.01692091226219148 0.01638390156211952 0.021564439360632504 0.03279426039774543 0.025225758979318825 0.02346457595622882 0.023780047791033328 0.02195922260665151 0.021391942108781224 0.020242424698516618 0.019884572087579492
-9999 -9999 -9999 -9999 -9999 -9999 -9999 -9999 -9999 -9999 -9999 -9999 -9999 0.0168776042971312 0.016568810841636326 0.014999783389837082 0.014033672462323569 0.01557793279020646 0.019921438408640826 0.021560570641026584 0.022756711454834568 0.02115543664993644 0.019484123896903755 0.017172719832505408 0.01982456990314675 0.02149989324648899 0.022518847290671225 0.014729016910080384 0.0180748522740746 0.02420899930120107 0.024635694834509125 0.026911828448319183 0.02341726710155714 0.02179597581045932 0.022841377343229108 0.024072663211663268 0.023520389767248132 0.02319262451651436 0.02314834973389749 0.020790430988541383 0.019075317331405876 0.01821117406885155 0.022322519984783084 0.02814955435238692 -9999 -9999 -9999 -9999 -9999 -9999 -9999 -9999
-9999 -9999 -9999 -9999 -9999 -9999 -9999 -9999 -9999 -9999 -9999 -9999 -9999 0.015614946695722144 0.015540933769423802 0.014722716462942959 0.014625920551114419 0.01978008963681241 0.020006605846098712 0.02158531821654674 0.019386959526710986 0.013039716777970384 0.015219661946792662 0.01922351998306631 0.02176373594839039 0.023107008172013686 0.02342837881080627 0.02388992282787149 0.02394528667057678 0.024545196168092705 0.024233077851051155 0.02484673074303513 0.022600738793124804 0.022138212415329317 0.022533339739982942 0.022464722989789156 0.02226632733737988 0.0222988685245441 0.023256117049132868 0.022410282390259703 0.0204415980001934 -9999 -9999 -9999 -9999 -9999 -9999 -9999 -9999 -9999 -9999 -9999
-9999 -9999 -9999 -9999 -9999 -9999 -9999 -9999 -9999 -9999 -9999 -9999 0.015838630464528252 0.016911904094287115 0.01600590427573486 0.014219544417077559 0.014841374009203582 0.019438573751055482 0.021729477347203627 0.020369189058806626 0.01888972433422411 0.016831565356689684 0.015746409135029373 0.0202421208220856 0.02223372193598025 0.02290424027111549 0.02481737845388909 0.024716116517240837 0.023217233656194373 0.022569600919134826 0.022291144241814446 0.022671818639736517 0.02180064245236305 0.02228617167026919 0.02284467697742529 0.022227669638046274 0.024392214310988692 0.024824787990406244 0.025778927216243447 0.02403768317996706 0.025113686902823142 -9999 -9999 -9999 -9999 -9999 -9999 -9999 -9999 -9999 -9999 -9999
-9999 -9999 -9999 -9999 -9999 -9999 -9999 -9999 -9999 -9999 -9999 0.01918711742149427 0.01715379482056095 0.018947387416050784 0.018040063907444264 0.015880416041133997 0.015410419532505862 0.022092768930248776 0.02141963704230826 0.019728381217008158 0.019898146771794818 0.02043469468511569 0.021510649951666492 0.02183791012979956 0.022658031810191527 0.02341244770610953 0.02426949640398944 0.023582259874616672 0.02325696236267329 0.021956685880721676 0.02223901065605321 0.02202328751000291 0.02043783991438109 0.021241576492408924 0.02161227171446412 0.021724706298158654 0.02528609810404455 0.02588765922592397 0.027129681960249424 0.032476947108081106 -9999 -9999 -9999 -9999 -9999 -9999 -9999 -9999 -9999 -9999 -9999 -9999
-9999 -9999 -9999 -9999 -9999 -9999 -9999 -9999 -9999 -9999 0.022277842002563324 0.019227592214176137 0.020918519666963474 0.020876448810398084 0.017867390091398032 0.016954304584550797 0.017008669892209127 0.021599440457795462 0.01962431099208384 0.02207245191799936 0.02283151530292821 0.022530189897935298 0.022984505015753425 0.020764298093078157 0.02192236068682543 0.023839207035841345 0.02584934793379952 0.025061725737155267 0.023516366325572115 0.02241249985927684 0.023272895055381042 0.0222596443247357 0.02202364906310184 0.02113600509298914 0.020742783206298528 0.022718858844423064 0.023131588756467838 0.02353229409110361 0.02484246111655285 -9999 -9999 -9999 -9999 -9999 -9999 -9999 -9999 -9999 -9999 -9999 -9999 -9999
-9999 -9999 -9999 -9999 -9999 -9999 -9999 -9999 -9999 -9999 -9999 -9999 0.01815185174989651 0.01888992413849601 0.018944402725516327 0.017643595046191066 0.019879615313363814 0.02116479912450721 0.021930702738061775 0.022839968814113543 0.02640655106344976 0.022628141322314315 0.02197690207138565 0.02086241316723344 0.021093714114244863 0.02169571014245953 0.02347335411429675 0.02359857770728215 0.02434087382757636 0.0245668086504822 0.02339511397736308 0.023484385686209242 0.02473952364533004 0.025031830327603533 0.024762253986578445 0.026566374990152217 0.024896508161470928 0.024469212996429863 0.02578513325379191 0.03159302385946735 -9999 -9999 -9999 -9999 -9999 -9999 -9999 -9999 -9999 -9999 -9999 -9999
-9999 -9999 -9999 -9999 -9999 -9999 -9999 -9999 -9999 -9999 -9999 0.017340754965521385 0.015832978336317166 0.01974288044105725 0.01914330813934079 0.020583594851292197 0.02080881583934629 0.02121271230840317 0.02052284306703494 0.023362815920919967 0.022127046464504214 0.02182061871734964 0.023749096581039474 0.022099360223031217 0.02100930263383948 0.02042480014634765 0.020732551800929092 0.022904079113857216 0.02312734015342501 0.02400211965943473 0.02371232510035221 0.023931718869614937 0.026314592417661882 0.026896420669290426 0.02861886943071928 0.028841150604189 0.02958631134728982 0.02911427975978018 0.03166549276458815 -9999 -9999 -9999 -9999 -9999 -9999 -9999 -9999 -9999 -9999 -9999 -9999 -9999
-9999 -9999 -9999 -9999 -9999 0.021161673659164083 0.022273730854880026 0.020684148311623803 0.01807725465408209 0.0183701524376475 0.016849623684465645 0.01641808924679091 0.016748037087599494 0.018031918636514314 0.019819088674831148 0.022907745221636237 0.02108728409618176 0.024641854543437224 0.02099975110010837 0.02283218243327186 0.02366536557036537 0.023348880202047968 0.026818697986254216 0.02325890570947506 0.02226390601141592 0.02208613532964515 0.021779683782116355 0.024873806542318813 0.02496473916113206 0.025220399156178755 0.025448496826829918 0.02500460722417534 0.027519455386281217 0.02836333888007295 0.027712314771206 0.03037340306460569 0.03032074567970388 0.02887122174406515 -9999 -9999 -9999 -9999 -9999 -9999 -9999 -9999 -9999 -9999 -9999 -9999 -9999 -9999
-9999 -9999 -9999 -9999 0.02319197132047897 0.02018271694069975 0.021095914870217572 0.019265929800184 0.02113037255188008 0.020249203866926788 0.01940468345978877 0.018671434009984316 0.018423101877196587 0.019179012124485514 0.0209641710772498 0.023184177926467316 0.0210225489589491 0.02316921331569053 0.022919300338339103 0.023718237338245237 0.02537678272471808 0.02610918208320124 0.02445807137451424 0.025440106393366062 0.025308805567411326 0.026109938204326076 0.02375523828249337 0.023559879314565255 0.023028042020846396 0.022742091953198547 0.02458752712918182 0.0336665234346001 0.03531166104531964 0.035238322690748204 0.03493070281973558 -9999 -9999 -9999 -9999 -9999 -9999 -9999 -9999 -9999 -9999 -9999 -9999 -9999 -9999 -9999 -9999 -9999
-9999 -9999 -9999 0.016696254775145324 0.02011793130247274 0.02121899528569804 0.02179745859521581 0.021334229567104682 0.02215356311065621 0.02236150318837394 0.021684752274928082 0.0157779115705801 0.015053473833691669 0.018832206211441785 0.020064117344967044 0.019875241611461352 0.0197112208537667 0.020701846086103683 0.022388762639346416 0.02363782390281136 0.0247835806574137 0.024815881295700986 0.023150514470105032 0.022120332030907162 0.0245740077550398 0.0260622574301469 0.022246016769093813 0.02220903685053453 0.02169699376528081 0.026985687584621724 0.031030100845916817 -9999 -9999 -9999 -9999 -9999 -9999 -9999 -9999 -9999 -9999 -9999 -9999 -9999 -9999 -9999 -9999 -9999 -9999 -9999 -9999 -9999
-9999 -9999 -9999 0.015794513016759996 0.01421905364870507 0.017826254231920517 0.017842863850304858 0.019652510983443647 0.020074774577190625 0.019717156738939343 0.01918339467842926 0.01249663959970547 0.0164122591860839 0.017865617959804497 0.016674441755718927 0.018391890143158174 0.018477050344270152 0.019905195269175398 0.021965598760254414 0.020442338425325828 0.020842733442695383 0.021336155949794645 0.022417654020991933 0.021607349891302 0.023767821538562925 0.022392415460529686 0.02018885711362952 0.022575964725112408 0.02158748929737129 -9999 -9999 -9999 -9999 -9999 -9999 -9999 -9999 -9999 -9999 -9999 -9999 -9999 -9999 -9999 -9999 -9999 -9999 -9999 -9999 -9999 -9999 -9999
-9999 -9999 -9999 0.013303981138539587 0.014361276176018747 0.017764381475044274 0.022132514059392226 0.01862848506547626 0.0173793971093322 0.017848714627996715 0.01901601184112933 0.019170334153245483 0.015699996345923155 0.016570792460825913 0.017428538507026994 0.0207066481149105 0.019354781191041368 0.019390442124605018 0.01970651757976276 0.01784965091950046 0.016540718715629302 0.017099753935031454 0.01855382496088829 0.020015679042129246 0.0199625529331965 0.020115197453086844 0.019825382515080345 0.030323577674828787 -9999 -9999 -9999 -9999 -9999 -9999 -9999 -9999 -9999 -9999 -9999 -9999 -9999 -9999 -9999 -9999 -9999 -9999 -9999 -9999 -9999 -9999 -9999 -9999
-9999 -9999 -9999 0.01401015599090796 0.017440155827038794 0.0198713935823103 0.019708258697955824 0.016454588196004382 0.016505372797005882 0.016466193317117458 0.017105532368049646 0.019284499252461867 0.017650552652511475 0.0159956573321518 0.0166752121439878 0.017631705863930227 0.016941644081769406 0.016088217831823917 0.018969370996177532 0.016437805158546842 0.015193135368890004 0.0166296877029773 0.020121598785056358 0.02114289804250196 0.02138964691060376 0.020821388108626986 0.02058218696793357 -9999 -9999 -9999 -9999 -9999 -9999 -9999 -9999 -9999 -9999 -9999 -9999 -9999 -9999 -9999 -9999 -9999 -9999 -9999 -9999 -9999 -9999 -9999 -9999 -9999
-9999 -9999 -9999 -9999 0.017510820188292878 0.018067019271122642 0.02031552733361628 0.017776941816828425 0.02009244699436849 0.01923861801296343 0.020119872496489704 0.019630936098184337 0.017826113115053527 0.01852493033270693 0.018338983600916504 0.01842990032967848 0.017874542806917353 0.017245639400226897 0.01804130985245668 0.016258449495430125 0.015750242988209526 0.01816866779845973 0.02078159041130817 0.019089955613276317 -9999 -9999 -9999 -9999 -9999 -9999 -9999 -9999 -9999 -9999 -9999 -9999 -9999 -9999 -9999 -9999 -9999 -9999 -9999 -9999 -9999 -9999 -9999 -9999 -9999 -9999 -9999 -9999
-9999 -9999 -9999 -9999 0.018394713356501384 0.017468664839180286 0.017805698928024628 0.018308187512678417 0.02017152315889437 0.020366114947157975 0.020212900331724747 0.0206592730480538 0.01919071934566345 0.019704266429659854 0.020059182804364598 0.01930697454784833 0.01827986035564276 0.018742475083418503 0.017741645839465067 0.01767299831774366 0.01696856678988484 0.019072538802086723 0.019516981956843257 0.01817983308638156 0.019912776392194992 -9999 -9999 -9999 -9999 -9999 -9999 -9999 -9999 -9999 -9999 -9999 -9999 -9999 -9999 -9999 -9999 -9999 -9999 -9999 -9999 -9999 -9999 -9999 -9999 -9999 -9999 -9999
