metrics/grid_rasters/SMAP L4/grideval_SMAP L4_all_anomaly_pearson_r.asc
ncols 52
nrows 55
xllcorner     11.25
yllcorner     55.25
cellsize      0.25
NODATA_value  -9999
[rows 0 to 28 of 55, columns 0 to 51 of 52]
-9999 -9999 -9999 -9999 -9999 -9999 -9999 -9999 -9999 -9999 -9999 -9999 -9999 -9999 -9999 -9999 -9999 -9999 -9999 -9999 -9999 -9999 -9999 -9999 -9999 -9999 -9999 -9999 -9999 -9999 -9999 -9999 -9999 -9999 -9999 -9999 0.4563518263625825 0.4232206848147748 0.4863161459660439 -9999 -9999 -9999 -9999 -9999 -9999 -9999 -9999 -9999 -9999 -9999 -9999 -9999
-9999 -9999 -9999 -9999 -9999 -9999 -9999 -9999 -9999 -9999 -9999 -9999 -9999 -9999 -9999 -9999 -9999 -9999 -9999 -9999 -9999 -9999 -9999 -9999 -9999 -9999 -9999 -9999 -9999 -9999 -9999 -9999 -9999 -9999 -9999 -9999 0.3386237028808878 0.3928056531838015 0.4193543678278856 0.4717974743301746 0.4672188396431837 0.4542859562277489 -9999 -9999 -9999 -9999 -9999 -9999 -9999 -9999 -9999 -9999
-9999 -9999 -9999 -9999 -9999 -9999 -9999 -9999 -9999 -9999 -9999 -9999 -9999 -9999 -9999 -9999 -9999 -9999 -9999 -9999 -9999 -9999 -9999 -9999 -9999 -9999 -9999 0.6385941917176324 0.7260825236500091 0.6397604496909304 0.3903520789136517 0.3576878695541493 0.315755337813724 0.2965028113856749 -9999 0.3532891383747879 0.3373110831381261 0.33699816268256033 0.3997996790207282 0.4900621171128948 0.5047784920353853 0.4727196006815133 0.4424920398599657 0.44570723390541295 0.4301979561693141 0.4524825665191042 -9999 -9999 -9999 -9999 -9999 -9999
-9999 -9999 -9999 -9999 -9999 -9999 -9999 -9999 -9999 -9999 -9999 -9999 -9999 -9999 -9999 -9999 -9999 -9999 -9999 -9999 -9999 -9999 -9999 -9999 -9999 -9999 -9999 0.7680391460465759 0.7359810147403185 0.4691397872252539 0.23380752176605696 0.2966042547365676 0.303703009357138 0.2469517454661301 0.2084651138157097 0.2598726179467341 0.34628030413925004 0.3905987879366023 0.4423860200429696 0.4213543975883823 0.4194394136343214 0.4051291868739557 0.4009331982871471 0.4097051200203038 0.478218235471958 0.4469938014892898 0.4599029821525604 0.4572596512216743 -9999 -9999 -9999 -9999
-9999 -9999 -9999 -9999 -9999 -9999 -9999 -9999 -9999 -9999 -9999 -9999 -9999 -9999 -9999 -9999 -9999 -9999 -9999 -9999 -9999 -9999 0.7757305850407087 0.5942338373727822 0.7105451385993715 0.7450184891112097 0.7670639314033099 0.7549272552674395 0.7109628113691068 0.5790687673328091 0.3044467892803974 0.3603955624452715 0.3104136470122244 0.351154902617192 0.3925589830411947 0.4183455480281581 0.4576033106709304 0.441284477739976 0.4673806073477904 0.4563953785199618 0.4336435568109718 0.4594646353897768 0.4524977290265499 0.39277912775322543 0.3865966641975972 0.3999244951336133 0.43424840201081627 0.43563537976384403 0.4559099664796914 -9999 -9999 -9999
-9999 -9999 -9999 -9999 -9999 -9999 -9999 -9999 -9999 -9999 -9999 -9999 -9999 -9999 -9999 -9999 -9999 -9999 -9999 -9999 -9999 0.7335533230902271 0.6747389853678342 0.6729180542731362 0.62523726730111 0.6710705369206396 0.7370089018920318 0.6389805536295695 0.5469759091370845 0.3545974797219101 0.2882906553306489 0.3880898274409764 0.4182839991541307 0.4543662571795377 0.49354705809904903 0.5254492450684549 0.5408623006939725 0.5276129814988358 0.4749125051199702 0.4165863171862453 0.4004018982000828 0.38380129232478494 0.36932401066460574 0.3656964393082712 0.3803702927136787 0.41017592917003376 0.4548043859082424 0.4826643744974858 0.4839051116966165 -9999 -9999 -9999
-9999 -9999 -9999 -9999 -9999 -9999 -9999 -9999 -9999 -9999 -9999 -9999 -9999 -9999 -9999 -9999 -9999 -9999 -9999 -9999 0.7273522026959093 0.7306808444066368 0.7965543809763386 0.8131708921831491 0.8292224168306811 0.8052774427406582 0.7741220289352481 0.6025823573755507 0.5690485171397952 0.5293657090801418 0.3753438334623679 0.3825154288963257 0.4014320052710521 0.4685998138085231 0.36133838318379785 0.5376743901215186 0.5423251182604591 0.5336512448754469 0.4605569854986917 0.44262585625923295 0.4273110873670749 0.4104766895527085 0.28464858005031995 0.3100776407003877 0.4452459899779867 0.37168209136263103 0.3889983551347711 0.4096361795094318 0.4142645665524979 0.3947872836428696 -9999 -9999
-9999 -9999 -9999 -9999 -9999 -9999 -9999 -9999 -9999 -9999 -9999 -9999 -9999 -9999 -9999 -9999 -9999 -9999 -9999 -9999 -9999 0.7163321963672105 0.7045025410005614 0.7491746763512666 0.7550635592440433 0.8328843555849013 0.6590325084550305 0.5304065950047321 0.39412717740449704 0.5586147972500008 0.4608686744191561 0.4193613714086421 0.27491645191656183 0.3863008536673679 0.4917726607265983 0.3656619371493418 0.4494353077681599 0.4718520230267382 0.4475187362364421 0.4357260929119676 0.43323896540625056 0.43727180499284735 0.4407334366329532 0.3258191672885668 0.3440913302166604 0.36508036826178497 0.3704049367413501 0.3893631461680853 0.3889034299714617 -9999 -9999 -9999
-9999 -9999 -9999 -9999 -9999 -9999 -9999 -9999 -9999 -9999 -9999 -9999 -9999 -9999 -9999 -9999 -9999 -9999 -9999 0.6390913825071999 0.5616065901978319 0.5952361672341403 0.5827076209496187 0.6259520665306146 0.6596541650236474 0.7070393817834447 0.6239600789557483 0.5940477147792889 0.6079822492405902 0.5389435474790619 0.4978842278478989 0.4753072634330896 0.4729297235867798 0.5412771147174185 0.5323180290877739 0.38509900250962575 0.4790113486803952 0.45007685266275904 0.4288512703831999 0.4269120186558164 0.44733917841444615 0.4582808499190082 0.4748393811627519 0.4790846539834008 0.3726523171306992 0.4535516827655412 0.458560983286953 0.4453993725908536 0.3712357666224159 0.37811658591003705 0.4883266436372943 -9999
-9999 -9999 -9999 -9999 -9999 -9999 -9999 -9999 -9999 -9999 -9999 -9999 -9999 -9999 -9999 -9999 -9999 -9999 0.6110100625084715 0.5739001722456183 0.42632579674579096 0.4368153040742744 0.5052592108539887 0.4977411209136293 0.3915590164490852 0.4985448293615815 0.5376665762549606 0.6312469809456367 0.6037022326182209 0.5196987227604795 0.4950549387905595 0.4471587258857808 0.4582419498888831 0.4875269942177749 0.5036101390990502 0.4935875099430798 0.5000908076402686 0.5061312837195182 0.5091466260665917 0.4919079035193137 0.4875560348777563 0.5107644752156852 0.5032425419840314 0.4989493598390118 0.5109390564425187 0.5167251175402392 0.5163305065621371 0.4942752014821584 0.5492657188993054 0.5493492456323159 0.5545711895658327 -9999
-9999 -9999 -9999 -9999 -9999 -9999 -9999 -9999 -9999 -9999 -9999 -9999 -9999 -9999 -9999 -9999 -9999 0.6731348270206589 0.6369770857262901 0.6244948408335714 0.5052128380131996 0.4069190881894225 0.4488105839129908 0.4636073922958153 0.3961762036820061 0.4858340104356209 0.4950275834652973 0.5510329951179065 0.5162386584556029 0.4878899668256367 0.4525935776758785 0.4497984518399129 0.44748099672352204 0.4840523977997374 0.4873679331479006 0.5190625334543059 0.5272377802372076 0.5399661411046175 0.5449522390590247 0.5401687832932591 0.4285876347950943 0.4423615444897804 0.5613199060209648 0.5269181058319463 0.5259460781649515 0.5150923934241957 0.5273272749957147 0.5250518070394539 0.5696843464321855 0.5718982404509307 -9999 -9999
-9999 -9999 -9999 -9999 -9999 -9999 -9999 -9999 -9999 -9999 -9999 -9999 -9999 0.6960680349300218 0.6173482568204358 0.6252460052785851 0.5973889719612733 0.5404515194965588 0.5142425318235551 0.4255586858041323 0.4016773233853541 0.4851522151284908 0.5055638901640289 0.4861851726167749 0.4756075689598012 0.35447926065610336 0.536182604700283 0.5322264835843186 0.5113706095459869 0.4884828716126617 0.459287165246656 0.4601013196348457 0.5075007039055963 0.4849345497135149 0.5056085724401551 0.5558401269899492 0.5373196579503767 0.5226710324747528 0.5287451236067966 0.5695288650467779 0.5798553228090844 0.5699373706894673 0.5533424193525875 0.5318042110860257 0.502488068409783 0.4200566448386891 0.4127843691112449 0.4196445125910836 0.5045112846803076 0.4252043867528454 0.44116086790770864 -9999
-9999 -9999 -9999 -9999 -9999 -9999 -9999 -9999 -9999 -9999 -9999 -9999 -9999 0.6305173556164428 0.5720826547455438 0.6469590601343926 0.7200005758021428 0.5988234514590909 0.583171113165698 0.5235324821122561 0.6361789021610962 0.5700317256128011 0.5549312253310921 0.5975078136186174 0.5847158308990459 0.5363502624524383 0.511347181270287 0.5284471669618851 0.5125437556106239 0.4749332965390415 0.4722995374635346 0.4779866858585529 0.4755413769382626 0.5279117352678087 0.5496234843781039 0.5647466926300765 0.5808728352334531 0.5650707463124296 0.5405676456310536 0.5639909664513955 0.5624560173150855 0.5516663298508959 0.5554035104008592 0.4844834486215451 0.3655824863704166 0.4944299917161802 0.4640156831046866 0.4960498082230442 0.4825852730386494 0.4745891221675027 0.4772748648189164 0.5238923688987794
-9999 -9999 -9999 -9999 -9999 -9999 -9999 -9999 -9999 -9999 -9999 -9999 -9999 0.6069626723133952 0.5852315663049109 0.5704758506681546 0.5083210866005258 0.5865191207097551 0.5053415049600362 0.5725289189210659 0.5589844011344118 0.6031832288978639 0.5966815656832769 0.6118520414134736 0.574808134177788 0.5171368648615127 0.4957678298315621 0.5032492224568409 0.4855262119067683 0.4823719189129024 0.4779223221337754 0.4545547456080138 0.5034020574927651 0.531436796181983 0.5180971792093452 0.5473305852625228 0.5436734553305668 0.5446028877158205 0.5414592849753158 0.5473538061167672 0.5678499309183054 0.5866678020937842 0.5813389521309554 0.5351231669773051 -9999 -9999 -9999 -9999 -9999 -9999 -9999 -9999
-9999 -9999 -9999 -9999 -9999 -9999 -9999 -9999 -9999 -9999 -9999 -9999 -9999 0.6259173790142564 0.5271839888912234 0.5138286585390304 0.5029659971656917 0.5628843885514936 0.5114033699012499 0.5342569618551577 0.5475672748756044 0.5564419098400024 0.5680279472547181 0.5915462710703843 0.5555693437703427 0.5544414754058555 0.5218558270038587 0.519709318629054 0.5155945628744528 0.4829689975717724 0.4866770306589667 0.4796680438601015 0.5184776251561855 0.5424917516857879 0.5347267582858146 0.5164033913063172 0.5586009027616242 0.5549699326341834 0.5348263364788342 0.5182905631150103 0.5651682271365807 -9999 -9999 -9999 -9999 -9999 -9999 -9999 -9999 -9999 -9999 -9999
-9999 -9999 -9999 -9999 -9999 -9999 -9999 -9999 -9999 -9999 -9999 -9999 0.5360892999299945 0.5405656202720052 0.5185868941392272 0.4419905542218723 0.5420410196745461 0.5267051954950227 0.5352974585771939 0.5346995421042084 0.555922663022762 0.5462654888698112 0.5095540269212673 0.5321486257707917 0.5583263217530645 0.545742189604478 0.4986471309788752 0.5077297031584397 0.5095431450475625 0.4818672528871952 0.4862170203719033 0.4995497341614522 0.5308951089073264 0.5345183077568529 0.5316485941792622 0.5343524994567643 0.5162954347399275 0.4990969810783703 0.4941848144545857 0.5361004902655478 0.5350031197392264 -9999 -9999 -9999 -9999 -9999 -9999 -9999 -9999 -9999 -9999 -9999
-9999 -9999 -9999 -9999 -9999 -9999 -9999 -9999 -9999 -9999 -9999 0.6368343950405909 0.6007221441246182 0.5784798841447715 0.5568146242334788 0.607490012512326 0.6166637155209156 0.5760614274758458 0.52887621087665 0.5792915417581006 0.558403053795837 0.529276858501001 0.5349253562750607 0.5608452480274387 0.5431925999522791 0.5580570870978006 0.5099668354713643 0.5114403127736034 0.5171300309782545 0.5196008418707101 0.5190224427403771 0.5223335564376808 0.5459776364071807 0.5440173062033172 0.5320888489108658 0.5584977055154233 0.4975619998538429 0.4767486798331717 0.5387370717311528 0.5115975240459549 -9999 -9999 -9999 -9999 -9999 -9999 -9999 -9999 -9999 -9999 -9999 -9999
-9999 -9999 -9999 -9999 -9999 -9999 -9999 -9999 -9999 -9999 0.4686532247069189 0.4253409227079933 0.6033020340002144 0.6016962939938493 0.4964802495609769 0.5621330207426963 0.5437115025327985 0.5515439070550815 0.5572252842373678 0.5601135117505593 0.5199038067642213 0.5801877342260496 0.5730516589964628 0.5836420429471821 0.5410520490855851 0.5263736984224169 0.4997308804137481 0.5181662897500698 0.5466005600615624 0.5410403268117254 0.52230421278749 0.5355573143822505 0.5416721875131274 0.5481088203263158 0.5346504210904056 0.5195210304793468 0.5368267497714279 0.5302261051126813 0.542039319509216 -9999 -9999 -9999 -9999 -9999 -9999 -9999 -9999 -9999 -9999 -9999 -9999 -9999
-9999 -9999 -9999 -9999 -9999 -9999 -9999 -9999 -9999 -9999 -9999 -9999 0.500738430597486 0.4919594665993681 0.4578860112901092 0.5088194987187269 0.5452084660962473 0.558655012762382 0.5766440875291317 0.5467844173548678 0.5459872083163435 0.5905164468886062 0.5813521568292677 0.5809408125061596 0.5666259912452063 0.5456855964415184 0.5161259766328248 0.5202567443093192 0.5290139754962326 0.5351018160364962 0.5261615415823782 0.5260275514427314 0.5326370869470829 0.5023567635713954 0.4879212076736055 0.4947383699988727 0.5224149581321554 0.5567339751634944 0.5725497040011833 0.5808845581517228 -9999 -9999 -9999 -9999 -9999 -9999 -9999 -9999 -9999 -9999 -9999 -9999
-9999 -9999 -9999 -9999 -9999 -9999 -9999 -9999 -9999 -9999 -9999 0.4830215463685938 0.545137340644268 0.537126718783349 0.4675238242742738 0.4933779902369129 0.5219716660884001 0.5129562425453298 0.5468841925886123 0.5684336964360429 0.5862728519076661 0.5815359877743078 0.5648492089669692 0.577809355854718 0.5732212023935281 0.5673636871458678 0.5659091581150123 0.5293085933260145 0.5340035749041351 0.5361191896802063 0.5382567618935437 0.5338312472927405 0.5025953767475569 0.4851995424951033 0.4671664305617388 0.4711406672119946 0.4899983008980766 0.5334272646518263 0.5488122816616562 -9999 -9999 -9999 -9999 -9999 -9999 -9999 -9999 -9999 -9999 -9999 -9999 -9999
-9999 -9999 -9999 -9999 -9999 0.6067826863464829 0.5798977224880065 0.5848165906985341 0.5990604341955762 0.5543597899059411 0.5137188713072945 0.4792545329504141 0.5078097997126518 0.5538025304490234 0.5382007182098968 0.4730092984625826 0.5431451975967517 0.5214686383331428 0.5966413990574904 0.5936225686358595 0.5994611021379641 0.5895619229630771 0.5643204505326118 0.5660407895264095 0.5717898532244902 0.5736351603336831 0.5661809225128567 0.5443205550880874 0.5517651397986691 0.5583567344306661 0.5576692506364753 0.5461573648706202 0.5153309625414916 0.5037486592196984 0.516767821260113 0.5282854437119742 0.5119213389494857 0.5111587033452849 -9999 -9999 -9999 -9999 -9999 -9999 -9999 -9999 -9999 -9999 -9999 -9999 -9999 -9999
-9999 -9999 -9999 -9999 0.4992976066626403 0.4413853927400248 0.4582459427267401 0.40048343066153613 0.4758191689392398 0.4899639879022281 0.5165906872371933 0.5098872017255596 0.5438252480132079 0.5890031126038611 0.5894326978035807 0.5696778473023427 0.5934266627411676 0.5764643125901565 0.5897429622678882 0.5708995577298983 0.5418445643128216 0.5353212410192504 0.5603037921346294 0.5558702417421917 0.5643068734955146 0.5603717337079996 0.5684056655421883 0.5697391938702764 0.569487963786679 0.5746583144524524 0.5393736474598447 0.4359952360792168 0.4478011864338965 0.4938155057165571 0.5051125078600447 -9999 -9999 -9999 -9999 -9999 -9999 -9999 -9999 -9999 -9999 -9999 -9999 -9999 -9999 -9999 -9999 -9999
-9999 -9999 -9999 0.6337477166022457 0.6156361867021591 0.40755979290082456 0.4472863627350612 0.4796350375083845 0.4944710692418191 0.524408137692374 0.5459822594831765 0.6085379000792278 0.6327838274875371 0.6141605729260274 0.6053653500097953 0.6242430867782536 0.6318737823246195 0.5991981735203747 0.5939828331620209 0.5779364038800703 0.5556521598042337 0.5292185176996635 0.5473102842481136 0.5680135078350859 0.5851918194999102 0.5664343907710407 0.5997368466145525 0.5954101999984591 0.5758240924291065 0.582611329337622 0.5548044501528151 -9999 -9999 -9999 -9999 -9999 -9999 -9999 -9999 -9999 -9999 -9999 -9999 -9999 -9999 -9999 -9999 -9999 -9999 -9999 -9999 -9999
-9999 -9999 -9999 0.6061856269502406 0.6183122318676934 0.5063587695534939 0.5117133163724619 0.3940448765725694 0.4068136840246453 0.5003188624005928 0.5331827648278953 0.5883296653512646 0.5353575719120797 0.6026916937560876 0.6267616565464622 0.6339607332714896 0.6479662826371589 0.6137995909634038 0.5813663544282981 0.5885285759755245 0.5879476230960831 0.5905436036452467 0.5697970798356485 0.5651804505870874 0.5608712539192218 0.5689092193741851 0.5888575394389798 0.5794380348787274 0.5607628259730514 -9999 -9999 -9999 -9999 -9999 -9999 -9999 -9999 -9999 -9999 -9999 -9999 -9999 -9999 -9999 -9999 -9999 -9999 -9999 -9999 -9999 -9999 -9999
-9999 -9999 -9999 0.5831601017198187 0.4895621862477864 0.5144854315648603 0.4796931813248153 0.4981395671505434 0.5422142882407877 0.5764181326755672 0.5726373454539678 0.6065028998043571 0.6138149300185933 0.6117195966006109 0.6242395405097172 0.5864696401550575 0.608949169338067 0.6148134197019748 0.6115519443330573 0.6139481991204572 0.6092776342916733 0.6028586627216634 0.6112102483715425 0.6011032949466966 0.5940181585603825 0.5862929584207692 0.5714951696943075 0.5951862637787451 -9999 -9999 -9999 -9999 -9999 -9999 -9999 -9999 -9999 -9999 -9999 -9999 -9999 -9999 -9999 -9999 -9999 -9999 -9999 -9999 -9999 -9999 -9999 -9999
-9999 -9999 -9999 0.6200714771318496 0.536530379280874 0.5231503123553354 0.4993710564156055 0.5140899048325199 0.5563953737301671 0.5984132412386833 0.5995323021118868 0.5774638154172912 0.5925004093765431 0.641210114089145 0.6181156244941446 0.6146841065118263 0.634578246269602 0.6324283873348312 0.6154988055217371 0.6131613283470346 0.6144927517476056 0.6051834791527324 0.5878441397816352 0.5791439672435456 0.5755838646839686 0.5564211056188658 0.5554245194124581 -9999 -9999 -9999 -9999 -9999 -9999 -9999 -9999 -9999 -9999 -9999 -9999 -9999 -9999 -9999 -9999 -9999 -9999 -9999 -9999 -9999 -9999 -9999 -9999 -9999
-9999 -9999 -9999 -9999 0.5306799112883926 0.438187676524789 0.4579493668668632 0.5633406275067084 0.5643256167831595 0.6007934371901991 0.5595843759851777 0.5814482475088201 0.5958191080212603 0.6192004151506999 0.6158601449968161 0.611083703022943 0.6187652152130616 0.6260586797106676 0.6279701944292763 0.6157948020725958 0.6065658909481016 0.57434987077715 0.5471608164179139 0.5474637347989679 -9999 -9999 -9999 -9999 -9999 -9999 -9999 -9999 -9999 -9999 -9999 -9999 -9999 -9999 -9999 -9999 -9999 -9999 -9999 -9999 -9999 -9999 -9999 -9999 -9999 -9999 -9999 -9999
-9999 -9999 -9999 -9999 0.5578470772365554 0.5514989623851962 0.5456966825842164 0.5466844273002702 0.5212293060459433 0.5711021041903162 0.5865421754273881 0.5971670210607005 0.5921602627842337 0.6077815287015029 0.6161571700903619 0.6192629011508782 0.6251367748679416 0.6006405556387743 0.6075040134748861 0.5910898272686267 0.584683284628589 0.5661765847999624 0.5610906298943519 0.5538937069328828 0.5486924725575881 -9999 -9999 -9999 -9999 -9999 -9999 -9999 -9999 -9999 -9999 -9999 -9999 -9999 -9999 -9999 -9999 -9999 -9999 -9999 -9999 -9999 -9999 -9999 -9999 -9999 -9999 -9999
-9999 -9999 -9999 -9999 0.575037830207853 0.61819832303136 0.6032132594848982 0.5546374365557636 0.5503409931946971 0.5850338736770325 0.6069277292081482 0.5767495396537645 0.6029897676057859 0.6169305108895028 0.6234844469537009 0.6242174098080656 0.6226469117002281 0.588544034362441 0.5844016642941141 0.5859286515801478 0.5801891401338489 0.5754232730544208 0.5732454933369711 0.566195013077381 -9999 -9999 -9999 -9999 -9999 -9999 -9999 -9999 -9999 -9999 -9999 -9999 -9999 -9999 -9999 -9999 -9999 -9999 -9999 -9999 -9999 -9999 -9999 -9999 -9999 -9999 -9999 -9999
