metrics/grid_rasters/SMAP L4/grideval_SMAP L4_X_spring_2016_absolute_ubrmsd.asc
ncols 52
nrows 55
xllcorner     11.25
yllcorner     55.25
cellsize      0.25
NODATA_value  -9999
[rows 0 to 27 of 55, columns 0 to 51 of 52]
-9999 -9999 -9999 -9999 -9999 -9999 -9999 -9999 -9999 -9999 -9999 -9999 -9999 -9999 -9999 -9999 -9999 -9999 -9999 -9999 -9999 -9999 -9999 -9999 -9999 -9999 -9999 -9999 -9999 -9999 -9999 -9999 -9999 -9999 -9999 -9999 0.035423027251031816 0.0414825943266688 0.03963914138792755 -9999 -9999 -9999 -9999 -9999 -9999 -9999 -9999 -9999 -9999 -9999 -9999 -9999
-9999 -9999 -9999 -9999 -9999 -9999 -9999 -9999 -9999 -9999 -9999 -9999 -9999 -9999 -9999 -9999 -9999 -9999 -9999 -9999 -9999 -9999 -9999 -9999 -9999 -9999 -9999 -9999 -9999 -9999 -9999 -9999 -9999 -9999 -9999 -9999 0.03943810833080543 0.03890822978984978 0.03451086373483577 0.04078877172183669 0.0450638640636083 0.043325775629858086 -9999 -9999 -9999 -9999 -9999 -9999 -9999 -9999 -9999 -9999
-9999 -9999 -9999 -9999 -9999 -9999 -9999 -9999 -9999 -9999 -9999 -9999 -9999 -9999 -9999 -9999 -9999 -9999 -9999 -9999 -9999 -9999 -9999 -9999 -9999 -9999 -9999 0.036369596078440536 0.03717575882522698 0.028999418550476774 0.02105884571844173 0.04319863190181048 0.04569392562788978 0.04638362802157111 -9999 0.04362607862428175 0.039072252139842924 0.03601313489718665 0.04001728146223847 0.042633668658989966 0.04640278215048327 0.04828310497782798 0.04756288644661022 0.04083851032631386 0.039355040420982965 0.039049619336527945 -9999 -9999 -9999 -9999 -9999 -9999
-9999 -9999 -9999 -9999 -9999 -9999 -9999 -9999 -9999 -9999 -9999 -9999 -9999 -9999 -9999 -9999 -9999 -9999 -9999 -9999 -9999 -9999 -9999 -9999 -9999 -9999 -9999 0.02109961940125396 0.0208685465312144 0.024959019057852857 0.0318401918077389 0.03783897656152672 0.047600524358264604 0.05592048410714882 0.05686616781487925 0.054988868264549386 0.052400491285379484 0.05236599797600658 0.05027666114686846 0.0479281387663325 0.04705893924153914 0.04674257220458883 0.045651033371633634 0.045338620226517794 0.043110156155852584 0.0395872465726559 0.036327396431616435 0.03490233408253265 -9999 -9999 -9999 -9999
-9999 -9999 -9999 -9999 -9999 -9999 -9999 -9999 -9999 -9999 -9999 -9999 -9999 -9999 -9999 -9999 -9999 -9999 -9999 -9999 -9999 -9999 0.032200944064829436 0.0374278071684245 0.032460453602175116 0.030228179982516694 0.02560102106206993 0.02566572769087533 0.026284521529240098 0.026143751677662908 0.03040695148663378 0.03829165266253157 0.04254633009536113 0.05079419227030695 0.049258606807686164 0.05131185987108832 0.04842990363115343 0.04637760131991511 0.04322460002571058 0.04068140348132767 0.03895625681077157 0.040706499446952406 0.03968206824841137 0.04238932487118075 0.04127732279032032 0.039682948375564304 0.038576143016949234 0.0364109845728179 0.0347707688043082 -9999 -9999 -9999
-9999 -9999 -9999 -9999 -9999 -9999 -9999 -9999 -9999 -9999 -9999 -9999 -9999 -9999 -9999 -9999 -9999 -9999 -9999 -9999 -9999 0.03304730866987251 0.033235272591449184 0.02602697130005381 0.011518085747471207 0.0186643690806082 0.03079091334530238 0.02808982076611943 0.029597790810169288 0.033460352265164035 0.040530151843180894 0.043179648831979736 0.040544595741911466 0.038697337846373935 0.039160298681141764 0.04081812344390177 0.041783810237989986 0.04034666110225335 0.04071769683802946 0.03870168516568781 0.03525490788876838 0.03498698466299971 0.036286832454917636 0.037747637246433485 0.03793160892993595 0.03852741143178685 0.03540597083431825 0.0351758437170011 0.03469512082316715 -9999 -9999 -9999
-9999 -9999 -9999 -9999 -9999 -9999 -9999 -9999 -9999 -9999 -9999 -9999 -9999 -9999 -9999 -9999 -9999 -9999 -9999 -9999 0.022874078398089567 0.02163407785744002 0.029323435913709707 0.021402088056099274 0.019854596583601617 0.018814302024641315 0.022227261073581014 0.031198790783854933 0.03024233125953332 0.033519254745470614 0.04137785987234481 0.045810898086735115 0.04566428191538015 0.04117025554796106 0.04105226468396948 0.0420430092733062 0.04228229481359852 0.04038164229457738 0.03999984947098348 0.035247540232606345 0.03368830207482166 0.03401969794346802 0.036277678543825326 0.033695384760878154 0.0328046028884797 0.03315307258948353 0.03327814954404126 0.03290762356821387 0.03142149801317766 0.03151584257999972 -9999 -9999
-9999 -9999 -9999 -9999 -9999 -9999 -9999 -9999 -9999 -9999 -9999 -9999 -9999 -9999 -9999 -9999 -9999 -9999 -9999 -9999 -9999 0.027345622251425908 0.027044026674740245 0.025032477473269924 0.023574915448365163 0.0260729323587407 0.028550800036104718 0.03518375151102122 0.04218195510101348 0.04372943792836576 0.03667437151847242 0.04031520034273992 0.04134790271281417 0.033476401562347366 0.03603544764401827 0.03832435830835892 0.03956420320646817 0.03739647113142715 0.0360751927727431 0.033557387605149584 0.032233364239031434 0.032848528905480144 0.03394749134905413 0.03413268917090754 0.031932358210310936 0.031883289664032234 0.031772991007117835 0.03238736453501477 0.0303609357102254 -9999 -9999 -9999
-9999 -9999 -9999 -9999 -9999 -9999 -9999 -9999 -9999 -9999 -9999 -9999 -9999 -9999 -9999 -9999 -9999 -9999 -9999 0.025274315509533896 0.029505908759396893 0.02867055544845525 0.02808296205667976 0.028061821676116847 0.030382318462227526 0.04295521976775525 0.042887574559100264 0.040509439195748884 0.041870436721197515 0.041100423850498384 0.03979861710355568 0.03492883972261815 0.03351305963921935 0.032739347049613836 0.030944626222159488 0.03372199237248343 0.03534705220080475 0.03661626344713922 0.03537988262469332 0.03453371891308056 0.0312888078117254 0.03034099794938162 0.03037168502980353 0.02908331110103825 0.031072456904180774 0.028731011960833518 0.02991775073092933 0.029708159096506863 0.029949412565763025 0.030879833056577488 0.030226081500816838 -9999
-9999 -9999 -9999 -9999 -9999 -9999 -9999 -9999 -9999 -9999 -9999 -9999 -9999 -9999 -9999 -9999 -9999 -9999 0.02536344361005109 0.025997463554235614 0.028365495464523362 0.03222035951668218 0.03987890853353323 0.0453055820993013 0.04172931399353341 0.046031122720106434 0.045288925739230934 0.04472999796361085 0.04096907679496463 0.040759938679757635 0.03847483429138333 0.0350776013058311 0.03536468038704228 0.033698163930245266 0.03281420797746033 0.032717429153813864 0.033401435355341735 0.03308319502203461 0.032709452057902516 0.0329349670592774 0.03411709819531708 0.03125322738646661 0.028940215252102414 0.027409078113996246 0.028294498763876783 0.028417137918063776 0.0292470770025399 0.029129980333250455 0.027409142321268246 0.028818324602347387 0.028206834349282787 -9999
-9999 -9999 -9999 -9999 -9999 -9999 -9999 -9999 -9999 -9999 -9999 -9999 -9999 -9999 -9999 -9999 -9999 0.02696618364201612 0.02774264023969405 0.034835028555103266 0.037218166639904994 0.04216510664960784 0.03927479737989803 0.03895221469665591 0.0399823946087416 0.039751322496882825 0.03919652780229686 0.03978454773465479 0.036491341068657805 0.03433889913013611 0.03676652898847118 0.037156285876359725 0.035737582810215364 0.034065858752865184 0.032811602395175984 0.02998410874751848 0.0297710797305401 0.03126810563836364 0.03022054339230621 0.029378893285871968 0.030912156146749675 0.02970829957416203 0.027338581655127075 0.028059571171689016 0.02804985826066005 0.030391879576181544 0.030078972094306718 0.028444371400641245 0.028118319467436228 0.030393933757706743 -9999 -9999
-9999 -9999 -9999 -9999 -9999 -9999 -9999 -9999 -9999 -9999 -9999 -9999 -9999 0.031322513292819314 0.031201321029887093 0.03363006558330935 0.03060172348109798 0.027854303506174856 0.030332748683660905 0.030899227744585426 0.0351280922724169 0.03762311338659957 0.040083304751060624 0.04128328625907988 0.03905680458280995 0.04835644432496434 0.0280606124343956 0.03809614674070736 0.0373541599777963 0.03453332934815693 0.03587338812997163 0.037804810488093935 0.03649707990327615 0.033883579258868014 0.031771849707654384 0.030696835818146462 0.030240169456385118 0.032088044573680245 0.03108643433076623 0.028630192373263957 0.028935519790074183 0.02925609559166125 0.029512882892950683 0.028640823538398873 0.02739052656367261 0.02810563232337616 0.028888110160338137 0.029367146079563755 0.028900927921599037 0.029699923968477964 0.029679245839914083 -9999
-9999 -9999 -9999 -9999 -9999 -9999 -9999 -9999 -9999 -9999 -9999 -9999 -9999 0.030881863960274814 0.030338498160970687 0.0381866943924592 0.04323700505701005 0.04239289922893827 0.0403925197654952 0.030299633164335187 0.04124908169942497 0.0415821663930576 0.041088293136960136 0.037740458770553535 0.036525852380656726 0.033622525748930966 0.015162815423103632 0.03459768776378522 0.02735488803979052 0.03270506086787775 0.03267677908306706 0.0341390784688011 0.032068782423466106 0.029460146346605494 0.03054891713009965 0.031268861168248924 0.031389630064325165 0.031235144314802062 0.03113263094866669 0.0314544844423159 0.03106371199058745 0.032410069164429435 0.033041613192204285 0.030212111405680857 0.02935355854503916 0.0256993290192767 0.028541866969456212 0.025477427424800383 0.02685761171901689 0.02672120879823434 0.0268285029193232 0.023473494681334087
-9999 -9999 -9999 -9999 -9999 -9999 -9999 -9999 -9999 -9999 -9999 -9999 -9999 0.03441372836262875 0.046048328610700136 0.040876898612186414 0.039502149858765885 0.04108496128920569 0.04439112476654683 0.04362387582000787 0.040571727528508315 0.03904941359001087 0.036268469661511295 0.0335320376451154 0.03444883606256149 0.03527000206082236 0.03253645200657868 0.012680101898410259 0.0195929918732602 0.03174082941999468 0.03179363533363195 0.028852141776111406 0.029469403567506762 0.03004116667877645 0.029749772164854395 0.02773431277950316 0.028175670959124186 0.028317760465405725 0.029237386062440238 0.03140691553277016 0.030242032371774925 0.02863372604764565 0.02794671879578201 0.027297443255044854 -9999 -9999 -9999 -9999 -9999 -9999 -9999 -9999
-9999 -9999 -9999 -9999 -9999 -9999 -9999 -9999 -9999 -9999 -9999 -9999 -9999 0.03712046492518405 0.03881821260497968 0.03926932714219777 0.03558652617132161 0.03759536085532282 0.044426981973835454 0.04021129057753695 0.038406182512950485 0.029956553652147506 0.034195005097219865 0.03609810218495699 0.0329060395102582 0.027747163853226117 0.027581073861063763 0.027715600287265187 0.028016735462029492 0.02795433361805151 0.02852366451991457 0.028842816590731343 0.02863831162886935 0.0289177332267546 0.029311445721776793 0.029361369010450344 0.02788384694176422 0.02836946802515497 0.029557798670341806 0.031156014291392926 0.028949523766391982 -9999 -9999 -9999 -9999 -9999 -9999 -9999 -9999 -9999 -9999 -9999
-9999 -9999 -9999 -9999 -9999 -9999 -9999 -9999 -9999 -9999 -9999 -9999 0.033725017180336436 0.03743152773149802 0.03647567722986849 0.04093493351578313 0.03789388204460167 0.042347511648100605 0.0421626474849996 0.04044876214213525 0.03813496284852092 0.03412435529416632 0.03667384917258722 0.035058467523948963 0.032361353872877474 0.029286572145835094 0.029503808851226214 0.02922269616870125 0.028755238514123205 0.028710196090172755 0.02953971105187372 0.02972997951324073 0.02929194792977456 0.030143931347191462 0.029079209518182887 0.029838971150818957 0.028999214628492826 0.02944261199613253 0.02901931168242462 0.028961595577826637 0.027963799724355684 -9999 -9999 -9999 -9999 -9999 -9999 -9999 -9999 -9999 -9999 -9999
-9999 -9999 -9999 -9999 -9999 -9999 -9999 -9999 -9999 -9999 -9999 0.03964453738391265 0.038918057459132384 0.0342802012819736 0.03161582855878056 0.03804322094813563 0.0393970176475305 0.0414704746505787 0.04107469285927277 0.033699847319591116 0.031396883680701086 0.03540611429133926 0.033265925112644826 0.03222646025939367 0.03427676414938529 0.027819646896003903 0.02603687719647867 0.026094202100042964 0.027313463213020608 0.02653382609051509 0.026448295726936185 0.027341315838367814 0.026839133119917872 0.027065062708265232 0.026671562862471833 0.028589858299583625 0.02901811699355222 0.030447262100826364 0.031077642211781824 0.02793418319372032 -9999 -9999 -9999 -9999 -9999 -9999 -9999 -9999 -9999 -9999 -9999 -9999
-9999 -9999 -9999 -9999 -9999 -9999 -9999 -9999 -9999 -9999 0.05508369381530726 0.05430243948165464 0.04619706801080474 0.04234028800963725 0.04577315768317955 0.042497616633703515 0.041699962205268816 0.03708821770684675 0.03896413494140896 0.03250794434317207 0.03015229261740828 0.027573945052037058 0.02873446329084845 0.030516822326742844 0.0322314773263591 0.028980375589175163 0.02648264308595468 0.025134680221318626 0.02476146418942539 0.024913663005664458 0.02453020617191897 0.024578330729651803 0.025615488509877733 0.02743377497520952 0.028230233854821818 0.029237223920590093 0.027539674946371627 0.02797455923338689 0.02692666286796272 -9999 -9999 -9999 -9999 -9999 -9999 -9999 -9999 -9999 -9999 -9999 -9999 -9999
-9999 -9999 -9999 -9999 -9999 -9999 -9999 -9999 -9999 -9999 -9999 -9999 0.03476223741030375 0.03662918136780674 0.04007096823961656 0.03981085826142678 0.034192983661974034 0.02979158509681835 0.02939699247496345 0.028655213886581713 0.027268531006797884 0.028272012936411125 0.028103975195062303 0.02854146317378932 0.027786212609479874 0.027300361155454853 0.027439923953934516 0.027135461566115928 0.025806490802882984 0.024464440980867343 0.0239831888112894 0.023957456256979287 0.024291059622774117 0.025520005764729112 0.026651822384287985 0.025871444863130085 0.025906720701764762 0.02354108208364388 0.024963840598443063 0.024279487615989585 -9999 -9999 -9999 -9999 -9999 -9999 -9999 -9999 -9999 -9999 -9999 -9999
-9999 -9999 -9999 -9999 -9999 -9999 -9999 -9999 -9999 -9999 -9999 0.03837288112561176 0.04289250318866722 0.03745777296693086 0.0443772267188412 0.03666427853940612 0.033850318125950817 0.031004130861159333 0.028241863485056383 0.025901916877025286 0.02557396227019389 0.026365747676278185 0.026840135032095275 0.025819732698682298 0.025172996571838472 0.02619062522157849 0.026335531151928743 0.025175015697863675 0.025135965450277947 0.02492169726513716 0.025008868779384425 0.02422160368030364 0.024887866985306515 0.027118954843155626 0.026242166613151402 0.025420351573099832 0.02594707793979158 0.02625517231024033 0.02410246890026565 -9999 -9999 -9999 -9999 -9999 -9999 -9999 -9999 -9999 -9999 -9999 -9999 -9999
-9999 -9999 -9999 -9999 -9999 0.029979601042205237 0.03770694237508919 0.03535823155776024 0.029616030497547963 0.027299489667377105 0.02788043077111801 0.039391042995299386 0.03785691182342546 0.032206290089340464 0.032042923368144585 0.028316391559753764 0.02413420327654653 0.02380047882124857 0.023430725335554584 0.024180991832347357 0.024913574809771882 0.025268356856962368 0.02491399572892052 0.024943981020068864 0.025096172872409464 0.026163800887447797 0.02636165644328127 0.025492590668293614 0.02487700381229384 0.024372501928202502 0.024546199812754882 0.026133718969472832 0.026474383650881998 0.026602398019804446 0.02653449429975121 0.026888293116153008 0.026724171710286515 0.02374960066192876 -9999 -9999 -9999 -9999 -9999 -9999 -9999 -9999 -9999 -9999 -9999 -9999 -9999 -9999
-9999 -9999 -9999 -9999 0.03333884181331268 0.03465907871070915 0.030259009545066936 0.037924186785611054 0.035774803276407294 0.033725373959415286 0.033106418959602535 0.03587337821271925 0.030770659393775893 0.02870164660971395 0.027171574708249092 0.02551904874150589 0.025046571050903632 0.02523004397902854 0.02407990245834123 0.024580730404884548 0.02639690517421923 0.0265418400573419 0.023205228448960055 0.026201139752143512 0.025691753485536185 0.02608217029687811 0.025315991830308613 0.0244143782966164 0.024525363651038842 0.02564642223964715 0.025603039377169224 0.024513630026158008 0.025663825164984017 0.02354294740841685 0.023632499751454303 -9999 -9999 -9999 -9999 -9999 -9999 -9999 -9999 -9999 -9999 -9999 -9999 -9999 -9999 -9999 -9999 -9999
-9999 -9999 -9999 0.02165603766453602 0.0272847325820869 0.04091888880165515 0.032009482274531924 0.03363891414892136 0.03194403742342139 0.029364980587890336 0.02728088487973073 0.02836064051460558 0.023897380507206387 0.025268650639414768 0.024429233120675947 0.0247651966232853 0.02565239727046104 0.027377391595642016 0.026869713570257043 0.027085116966732558 0.02688603470460965 0.02729537129385121 0.027902987385491317 0.02753173970356473 0.027718657338505863 0.02714964896998441 0.026797845526844083 0.027608362971963743 0.026822620898032824 0.024311381318017904 0.024297142817097297 -9999 -9999 -9999 -9999 -9999 -9999 -9999 -9999 -9999 -9999 -9999 -9999 -9999 -9999 -9999 -9999 -9999 -9999 -9999 -9999 -9999
-9999 -9999 -9999 0.02636160596095089 0.030241317454526587 0.03087942603555985 0.03567164656985603 0.034307385510854306 0.0284329854559048 0.028797869448156124 0.02495517260907692 0.012607298199694826 0.011400801676641766 0.02384352947311628 0.026229037877947028 0.02514276117845697 0.02591352231022193 0.025902240066625948 0.02549979383949619 0.02836591816757772 0.02791059169433107 0.026461905427547013 0.026273908025484103 0.027947940229150744 0.028523655374305425 0.028070437300142137 0.026752948010248447 0.024058825931629044 0.023419435365592874 -9999 -9999 -9999 -9999 -9999 -9999 -9999 -9999 -9999 -9999 -9999 -9999 -9999 -9999 -9999 -9999 -9999 -9999 -9999 -9999 -9999 -9999 -9999
-9999 -9999 -9999 0.03350283874469363 0.03443081259778002 0.027891517689602414 0.02953378640493845 0.03597819974518943 0.028052591692853433 0.024662779177442886 0.0245537654564853 0.024075950781682842 0.028367411257381143 0.02517531102257637 0.025184440172918297 0.02559591187641637 0.025966897779535054 0.025843243013463288 0.02677528977305652 0.02783362802536726 0.028041048860679225 0.026896683342647432 0.0271363491956764 0.028846835418787076 0.028517562465017163 0.02577668684698832 0.02656366383267024 0.026348754651174373 -9999 -9999 -9999 -9999 -9999 -9999 -9999 -9999 -9999 -9999 -9999 -9999 -9999 -9999 -9999 -9999 -9999 -9999 -9999 -9999 -9999 -9999 -9999 -9999
-9999 -9999 -9999 0.026825622924377405 0.026570101576773003 0.025251703709809142 0.030135951752549524 0.027301666754036075 0.02488640075912418 0.02611864928811957 0.025055233562183896 0.025755361983719145 0.02712066628360654 0.026132548219370985 0.02605928595224573 0.02555210514772388 0.02482265277160965 0.0243364755743494 0.023736758798491644 0.02564994504999631 0.02360759412629557 0.025375217427644963 0.025709456318802337 0.02613438342161033 0.025801857111236032 0.023005519133365213 0.021617409821528717 -9999 -9999 -9999 -9999 -9999 -9999 -9999 -9999 -9999 -9999 -9999 -9999 -9999 -9999 -9999 -9999 -9999 -9999 -9999 -9999 -9999 -9999 -9999 -9999 -9999
-9999 -9999 -9999 -9999 0.032078778252240085 0.038173938971787655 0.035337307213741835 0.029709631570898606 0.026852334402367745 0.029334200184168213 0.028659565290632925 0.025227808137128598 0.02618537147810989 0.02701103652340361 0.026457410303715158 0.02477959819475117 0.025023592041863302 0.026300340439473796 0.02516034869367244 0.023984258705386032 0.0243395522069999 0.025849487212323004 0.025555411993316998 0.0230567346044745 -9999 -9999 -9999 -9999 -9999 -9999 -9999 -9999 -9999 -9999 -9999 -9999 -9999 -9999 -9999 -9999 -9999 -9999 -9999 -9999 -9999 -9999 -9999 -9999 -9999 -9999 -9999 -9999
-9999 -9999 -9999 -9999 0.02646961875774708 0.029111655056074406 0.0281605135452824 0.027684941580485418 0.030193836267484817 0.027843086387079483 0.030009899912172136 0.03143003161554299 0.027378196560680933 0.02839044312981306 0.028352520466585714 0.024815183558736145 0.02467248295135334 0.025245290353967626 0.024879419589574542 0.02594418929967432 0.025590270943775712 0.02548771800466255 0.0253430159887765 0.02268340925400496 0.02281460986740829 -9999 -9999 -9999 -9999 -9999 -9999 -9999 -9999 -9999 -9999 -9999 -9999 -9999 -9999 -9999 -9999 -9999 -9999 -9999 -9999 -9999 -9999 -9999 -9999 -9999 -9999 -9999
