metrics/grid_rasters/SMAP L4/grideval_SMAP L4_X_fall_2016_absolute_bias.asc
ncols 52
nrows 55
xllcorner     11.25
yllcorner     55.25
cellsize      0.25
NODATA_value  -9999
[rows 0 to 27 of 55, columns 0 to 51 of 52]
-9999 -9999 -9999 -9999 -9999 -9999 -9999 -9999 -9999 -9999 -9999 -9999 -9999 -9999 -9999 -9999 -9999 -9999 -9999 -9999 -9999 -9999 -9999 -9999 -9999 -9999 -9999 -9999 -9999 -9999 -9999 -9999 -9999 -9999 -9999 -9999 0.0299599160041128 -0.00395713554142596 -0.05888712664063156 -9999 -9999 -9999 -9999 -9999 -9999 -9999 -9999 -9999 -9999 -9999 -9999 -9999
-9999 -9999 -9999 -9999 -9999 -9999 -9999 -9999 -9999 -9999 -9999 -9999 -9999 -9999 -9999 -9999 -9999 -9999 -9999 -9999 -9999 -9999 -9999 -9999 -9999 -9999 -9999 -9999 -9999 -9999 -9999 -9999 -9999 -9999 -9999 -9999 0.03154559883770053 0.007035859461341609 0.001533635001588651 -0.027760077145073447 -0.102966048048584 -0.09262351198428934 -9999 -9999 -9999 -9999 -9999 -9999 -9999 -9999 -9999 -9999
-9999 -9999 -9999 -9999 -9999 -9999 -9999 -9999 -9999 -9999 -9999 -9999 -9999 -9999 -9999 -9999 -9999 -9999 -9999 -9999 -9999 -9999 -9999 -9999 -9999 -9999 -9999 0.01862969368204964 -0.01240307694444287 -0.05581417626568247 -0.07647810749463985 -0.04574390918343935 -0.05231894511770413 -0.035775279073597344 -9999 -0.03137420711445288 -0.005446634122303562 -0.01842064828008083 -0.08354318543122369 -0.09088143567135044 -0.08595556876325341 -0.08394237591342613 -0.0855370205673543 -0.07961422604109558 -0.08311179626200879 -0.08167939786645739 -9999 -9999 -9999 -9999 -9999 -9999
-9999 -9999 -9999 -9999 -9999 -9999 -9999 -9999 -9999 -9999 -9999 -9999 -9999 -9999 -9999 -9999 -9999 -9999 -9999 -9999 -9999 -9999 -9999 -9999 -9999 -9999 -9999 0.026066296334777528 0.029812964313960355 0.040100970151987714 0.05099990927092324 0.04359344081891764 -0.01484324754430699 -0.06888083763584332 -0.046420226242024826 -0.044558231954227416 -0.05507849854836752 -0.06804695981298828 -0.08014221653178498 -0.09190123405430342 -0.08959098807075523 -0.08804695719627889 -0.09291424344365412 -0.09721020828154717 -0.07969052252451797 -0.09011767282672636 -0.0839207714607755 -0.08052159438503312 -9999 -9999 -9999 -9999
-9999 -9999 -9999 -9999 -9999 -9999 -9999 -9999 -9999 -9999 -9999 -9999 -9999 -9999 -9999 -9999 -9999 -9999 -9999 -9999 -9999 -9999 0.007302495272277444 0.0017361417412757876 0.016176516046890854 0.002460303092068405 0.0319386077942429 0.03242405888798472 0.03387546436963501 0.04391357933099449 0.051786070423466835 -0.008444292573155932 -0.012253438337491096 -0.06306786460617739 -0.049057770745603614 -0.042811068327544805 -0.06663790603096667 -0.06645871365217715 -0.074845376803161 -0.08264545386063532 -0.08946723091815201 -0.09251119356070248 -0.0958133422370468 -0.0949873717317542 -0.10329220970007744 -0.11541672439856845 -0.10960264808938397 -0.1101426861688986 -0.1103099448258405 -9999 -9999 -9999
-9999 -9999 -9999 -9999 -9999 -9999 -9999 -9999 -9999 -9999 -9999 -9999 -9999 -9999 -9999 -9999 -9999 -9999 -9999 -9999 -9999 0.001459482033829118 0.012639309392198095 0.026054694470795947 0.0011701807789095133 0.00494043967062302 0.013729407646498826 0.031331532112844666 0.033125623282822925 0.04317997977301313 0.031708198875843814 -0.012829060574154285 -0.03399726122126473 -0.08105035265395932 -0.07231023995676543 -0.06480811800357406 -0.08137205627920863 -0.08333453845109913 -0.08705409816824469 -0.09612150862812993 -0.0962062419115842 -0.09980719366653283 -0.10315214302186128 -0.10502396470734053 -0.10997425025881648 -0.11709212202701595 -0.09668487861015636 -0.1140201579533763 -0.11435079449726328 -9999 -9999 -9999
-9999 -9999 -9999 -9999 -9999 -9999 -9999 -9999 -9999 -9999 -9999 -9999 -9999 -9999 -9999 -9999 -9999 -9999 -9999 -9999 0.008072164769356072 0.01685165151298701 0.02234604086849717 0.029375260143162107 0.020743258788690492 0.03007960319519043 0.035403079998034666 0.02679629067143241 0.02519880620005366 -0.0005143905406470028 -0.04214664008263702 -0.09274487342726397 -0.0914382269339902 -0.08723609941591931 -0.4301936355020318 -0.08705701957364659 -0.09609455805640303 -0.0997779392483798 -0.10705519962933037 -0.10583359705140956 -0.10769127872209627 -0.11271351674100855 -0.4915825356985187 -0.4957547374888436 -0.11205739225005054 -0.4865369410714605 -0.4882628722218695 -0.4913465382510817 -0.4885128464467906 -0.4871363352042634 -9999 -9999
-9999 -9999 -9999 -9999 -9999 -9999 -9999 -9999 -9999 -9999 -9999 -9999 -9999 -9999 -9999 -9999 -9999 -9999 -9999 -9999 -9999 0.020154979284648045 0.023516992741561216 0.03565675302684962 0.032704317103047935 0.02536667101494561 0.0151963924559263 -0.026145875331137214 -0.06820699748593373 -0.06908244244590561 -0.01881850748271735 -0.08312134223652408 -0.09291882659462128 -0.09370919216710784 -0.09145517031160684 -0.4731107186116688 -0.10335357126953837 -0.10542464201021327 -0.1066735138563992 -0.10720258797672427 -0.109550392091438 -0.11413666002124875 -0.11586331363235206 -0.4972318734687108 -0.4958397748542356 -0.4892361704260111 -0.4881361795200424 -0.49138138838276096 -0.4883194616944581 -9999 -9999 -9999
-9999 -9999 -9999 -9999 -9999 -9999 -9999 -9999 -9999 -9999 -9999 -9999 -9999 -9999 -9999 -9999 -9999 -9999 -9999 0.011986521410418059 0.015887289011216443 0.019866473481550292 0.021680885536985103 0.0209562288044573 -0.009871642995666674 -0.10381935066082976 -0.10089294074082766 -0.09641061143970098 -0.09450064255641058 -0.1002858004809081 -0.09782357687887908 -0.09609731129155707 -0.09504135249817107 -0.09684488122034204 -0.09908061159344822 -0.4805637426510617 -0.10534975978617486 -0.1108678733868586 -0.10964879538904836 -0.11239404914962063 -0.1104280898081405 -0.11165660202175708 -0.11074205287373984 -0.11304327628605967 -0.4949467868881893 -0.11714430491102265 -0.11349407960097868 -0.1161129139568452 -0.4866597358915177 -0.4799386475767409 -0.10317660340077273 -9999
-9999 -9999 -9999 -9999 -9999 -9999 -9999 -9999 -9999 -9999 -9999 -9999 -9999 -9999 -9999 -9999 -9999 -9999 0.027225558328759503 0.028359143370455475 0.03074170329741072 0.01916153114903102 -0.04128768630735169 -0.07309058556271777 -0.07392974738236313 -0.08927504112432291 -0.07380702178720591 -0.07971382472705052 -0.08168125404352017 -0.10138750612571998 -0.09541800321376584 -0.09216080870029034 -0.08892414110948094 -0.09276908431406858 -0.0948985116863316 -0.0994692888561186 -0.1027824781261958 -0.10351149705085123 -0.1055593058917221 -0.11014803763028684 -0.11380668608778782 -0.11276217275759677 -0.10973571496759796 -0.10730417846487117 -0.10686545438327637 -0.101867356634402 -0.10329708682148007 -0.10722797265747093 -0.0981751141025797 -0.09601489102447427 -0.0957363299042969 -9999
-9999 -9999 -9999 -9999 -9999 -9999 -9999 -9999 -9999 -9999 -9999 -9999 -9999 -9999 -9999 -9999 -9999 0.02227986583506669 0.018546495832257204 -0.06281636297129667 -0.06706708800661693 -0.05029875144444326 -0.05232632935947768 -0.07953531771980146 -0.07082585433682245 -0.08732616463369068 -0.09462849030291642 -0.09788042714225724 -0.1014454165821547 -0.0984654545497436 -0.09436511993408203 -0.09261046014316787 -0.09478647937322712 -0.09847671405545304 -0.10013433871279054 -0.10153127224235743 -0.10001084026317676 -0.0995566115438283 -0.10178361753267898 -0.10656487466869773 -0.4880110275737205 -0.4857025041070942 -0.10458423860452988 -0.10686035536147737 -0.10056268912995912 -0.09513592818281152 -0.0969642515365894 -0.10051154341180246 -0.09429018557644804 -0.09413248265755704 -9999 -9999
-9999 -9999 -9999 -9999 -9999 -9999 -9999 -9999 -9999 -9999 -9999 -9999 -9999 -0.007217333375752644 0.0031102647247550075 0.012168635542576134 0.01640141833123271 0.023418441742331157 0.029966038334500626 0.03286784711283641 0.01213679260031858 -0.02849915013699744 -0.05074164052340355 -0.06675159456310692 -0.07506986908041516 -0.05930379172275356 -0.09310378910011644 -0.09312998360166183 -0.0949635014429197 -0.09007978275582032 -0.08734818335090366 -0.08665975662214417 -0.08482179626986218 -0.09206183447123883 -0.0924025166083823 -0.09011541026552301 -0.09755939871564018 -0.09814435202669312 -0.09462921348001277 -0.08406606279722939 -0.08087929911338368 -0.08009802693357837 -0.08647744586834538 -0.0902316522999452 -0.08791514174951304 -0.4606278822194417 -0.4615318983957008 -0.460031318406646 -0.09133584801476076 -0.4634472530253314 -0.4564686066747367 -9999
-9999 -9999 -9999 -9999 -9999 -9999 -9999 -9999 -9999 -9999 -9999 -9999 -9999 0.004082366087279521 -0.0021027890699250595 -0.05335433322649735 -0.10262786289984052 -0.09184039095519013 -0.06357690325559495 -0.006591545274624465 -0.06759954276648197 -0.06626023110616336 -0.06315261352766346 -0.06485721006334483 -0.07323014994080249 -0.08202797415983545 -0.09195311488276653 -0.09224561399237796 -0.08991359976621774 -0.08977488326011124 -0.08464524186738243 -0.07699199383157293 -0.07738671715852323 -0.0777011134426345 -0.08021330200954452 -0.0841531474347953 -0.08315192439317047 -0.08561507043438951 -0.08367222913919567 -0.07765586416308698 -0.07211313607519146 -0.07419685403314924 -0.07477797883061263 -0.05854979235228602 -0.4286413009759489 -0.06362209610313505 -0.0692261572067554 -0.07548493822361088 -0.07759632931633313 -0.07743920396071867 -0.07108442722768576 -0.022296064175092282
-9999 -9999 -9999 -9999 -9999 -9999 -9999 -9999 -9999 -9999 -9999 -9999 -9999 0.0029884147365669693 -0.07469944050023841 -0.0969683133106638 -0.09427346553203167 -0.0932918593164656 -0.07439248147164729 -0.06583690064048373 -0.040655865303271393 -0.06564162874205429 -0.06479865859088663 -0.06689898823234405 -0.07199248366549121 -0.08063249337067316 -0.08132435762128984 -0.09151295791533624 -0.08782067053674994 -0.0862335887338434 -0.08321777892882351 -0.0824373033675519 -0.0777094831260351 -0.08208173476568945 -0.08534096228470514 -0.08200133374922874 -0.07733913609287238 -0.07308871190544666 -0.06689764510144243 -0.06486734604606262 -0.06285956790568406 -0.06409747667283147 -0.06637600207558042 -0.06218083376822234 -9999 -9999 -9999 -9999 -9999 -9999 -9999 -9999
-9999 -9999 -9999 -9999 -9999 -9999 -9999 -9999 -9999 -9999 -9999 -9999 -9999 -0.07664527811601267 -0.087360393808602 -0.09504877051318084 -0.08108798422656212 -0.07601593754121233 -0.07080533142600742 -0.060776755582172826 -0.062396917430745415 -0.07539311708411672 -0.07375170847216805 -0.06819208183295125 -0.07234703164015496 -0.07320310895914559 -0.07702311109956148 -0.08075055733814343 -0.08089160567129053 -0.0842258007275862 -0.08375060284039479 -0.08439545667024101 -0.08084837629736125 -0.08454460429621266 -0.08568553450507124 -0.08899792431147542 -0.0810945637032881 -0.07983457385101816 -0.07322505992519987 -0.07510113667000781 0.026727679482364403 -9999 -9999 -9999 -9999 -9999 -9999 -9999 -9999 -9999 -9999 -9999
-9999 -9999 -9999 -9999 -9999 -9999 -9999 -9999 -9999 -9999 -9999 -9999 0.01101225823327734 -0.05509541623785602 -0.060592114863978634 -0.08739305721534478 -0.07222191215707705 -0.08037472350502409 -0.06969954677253634 -0.06716229226235508 -0.07081990369728636 -0.06814212579239201 -0.06463678709262019 -0.058391697745729276 -0.059342017397284536 -0.062261198063964414 -0.07155298267665144 -0.07595994722630295 -0.07867902490709508 -0.07837825655364072 -0.07916187951443615 -0.07857855184228865 -0.07266102610462971 -0.07235766044602945 -0.07548938081650941 -0.07536955529844369 -0.0697605398248185 -0.07000769877417401 -0.07339234697212887 -0.06910639722923659 -0.06946369250315229 -9999 -9999 -9999 -9999 -9999 -9999 -9999 -9999 -9999 -9999 -9999
-9999 -9999 -9999 -9999 -9999 -9999 -9999 -9999 -9999 -9999 -9999 -0.0802615603002218 -0.04298249799962883 -0.02650092767326384 -0.019517311683067917 -0.07055835006246855 -0.06048991645757967 -0.06906906971810284 -0.07005343661940361 -0.07259981287131599 -0.07113630742162139 -0.06966599525249267 -0.06762934926446981 -0.04158613994553848 -0.06576770896112524 -0.0659086955813589 -0.0659159838047984 -0.06642419449821277 -0.07504613881746489 -0.07560038044639343 -0.07535386247212414 -0.07559791567561391 -0.0683373286501392 -0.06727112741670112 -0.06905888952314856 -0.0660837754034079 -0.06913886378918374 -0.07145318464672826 -0.06661031929428105 -0.05236973515251181 -9999 -9999 -9999 -9999 -9999 -9999 -9999 -9999 -9999 -9999 -9999 -9999
-9999 -9999 -9999 -9999 -9999 -9999 -9999 -9999 -9999 -9999 -0.0533938360206046 -0.07680078997061804 -0.08277766578472576 -0.07913466676005296 -0.07930099081943981 -0.07612053216895563 -0.07270173355937007 -0.0716847812367992 -0.06884112225456551 -0.04759463375168188 -0.07038199868831002 -0.0688642316630908 -0.06858598604634569 -0.07522823180553022 -0.08318330740535654 -0.08139318352626576 -0.08115134408677016 -0.07304162900526445 -0.06921061986013427 -0.06823423611266274 -0.06518313090142971 -0.06043409936866918 -0.0638011413534264 -0.07036261340337141 -0.07451115661188143 -0.07354835210020072 -0.0655970271717716 -0.06911473410142649 -0.07101063123279874 -9999 -9999 -9999 -9999 -9999 -9999 -9999 -9999 -9999 -9999 -9999 -9999 -9999
-9999 -9999 -9999 -9999 -9999 -9999 -9999 -9999 -9999 -9999 -9999 -9999 -0.01402606774162457 -0.06586228806402655 -0.04861123342026066 -0.06514405049793015 -0.07018694893590037 -0.07245409150945617 -0.07194498901838782 -0.07053271871428571 -0.04619994200766084 -0.06843407269935689 -0.06739841430233076 -0.07372607622336558 -0.08334040586519373 -0.08289333789066955 -0.08255928026123358 -0.07876711123837872 -0.07313467875368647 -0.06881398416973733 -0.05979415354738521 -0.05808353647180312 -0.05298600916924709 -0.06391563100719846 -0.06784320698416496 -0.06886727162278616 -0.06571397991789565 -0.06690543456064478 -0.07016356543197735 -0.05807499149507218 -9999 -9999 -9999 -9999 -9999 -9999 -9999 -9999 -9999 -9999 -9999 -9999
-9999 -9999 -9999 -9999 -9999 -9999 -9999 -9999 -9999 -9999 -9999 -0.025023834882201727 -0.050474695206343456 -0.024917739637932926 -0.06314332617426313 -0.051280997570726905 -0.05615882647152129 -0.06290338370580598 -0.06351352497362175 -0.0626555989895548 -0.06282813122475539 -0.0618806821754673 -0.05552912667229934 -0.058033557260756964 -0.06672744817294915 -0.07087802581980335 -0.06942915056760496 -0.06630198696403057 -0.06228779346405805 -0.05770647554443431 -0.056858094470514035 -0.05582801330384316 -0.05435858814270944 -0.0600510058453777 -0.059932890501651126 -0.06603983419200221 -0.0739331790297241 -0.07533372222230986 -0.06736991042782972 -9999 -9999 -9999 -9999 -9999 -9999 -9999 -9999 -9999 -9999 -9999 -9999 -9999
-9999 -9999 -9999 -9999 -9999 -0.005638465326238462 -0.08058142011145969 -0.036296148794693006 0.009422995600399052 0.022454384386866918 0.02433987182902764 -0.07736725253718241 -0.06995371258357072 -0.06982774838068329 -0.06500025496787426 -0.4410990058024833 -0.061012601459419336 -0.06661184916047605 -0.06542629218445373 -0.0625050552803409 -0.059034068915215177 -0.056158015770571564 -0.056857787113595785 -0.05520593274671298 -0.05997035738367298 -0.06286056790050568 -0.0672249794825093 -0.0635932313462535 -0.06095697528140232 -0.05455531167623759 -0.05437964915328628 -0.05768108349498158 -0.05654348430970867 -0.05953573511278892 -0.06284572343741142 -0.06645109817631298 -0.07010004804520814 -0.06677389875627479 -9999 -9999 -9999 -9999 -9999 -9999 -9999 -9999 -9999 -9999 -9999 -9999 -9999 -9999
-9999 -9999 -9999 -9999 -0.02127212666711964 0.006597473562418743 0.038416072112190836 -0.07682553105629407 -0.07977532779613697 -0.07607959955930707 -0.07318807039205187 -0.062222577283506865 -0.05228830444125029 -0.04856177912717991 -0.027684913395525312 -0.059028422439491364 -0.058882361441686924 -0.05962058156728745 -0.05429136804253848 -0.052333779080392266 -0.05025595207545129 -0.04569745090390953 -0.04406923655379608 -0.05302688000457631 -0.05825557725524508 -0.06112398344327461 -0.058453560837513824 -0.053663650691345516 -0.05764201621187254 -0.056678005115507725 -0.05337590482700005 -0.016009649548393012 -0.010771312945327904 -0.0034246989577026155 -0.007229708790124106 -9999 -9999 -9999 -9999 -9999 -9999 -9999 -9999 -9999 -9999 -9999 -9999 -9999 -9999 -9999 -9999 -9999
-9999 -9999 -9999 0.1533854755849301 -0.01533194115528691 -0.06849409889552621 0.02374868078546205 -0.05147189612162634 -0.05033035547687456 -0.04911756628080383 -0.04433551074548084 -0.0435578036480225 -0.03911784921701136 -0.04930563015187833 -0.052901500344767684 -0.050422424880357884 -0.053857638715551465 -0.053483171552255904 -0.05124180094635747 -0.050497028464963116 -0.04741322500938242 -0.040690726528947146 -0.039891271309538234 -0.04275477996894292 -0.05053027940320445 -0.04937930048985795 -0.04535535203067809 -0.05347477290574665 -0.05102837042739758 -0.035861465445422874 -0.035881386906072336 -9999 -9999 -9999 -9999 -9999 -9999 -9999 -9999 -9999 -9999 -9999 -9999 -9999 -9999 -9999 -9999 -9999 -9999 -9999 -9999 -9999
-9999 -9999 -9999 0.14271365394713462 0.1715552042555678 0.0101038263803655 -0.03740078882201686 -0.01965156864825185 0.03797291215140741 -0.04095904017378999 -0.053401652355115486 -0.06255538945833408 -0.05411714827130132 -0.06023933151020455 -0.055119558104446964 -0.04711957672958847 -0.048625579165233385 -0.0453505266744357 -0.04833654195561515 -0.04449151914853314 -0.04097276416371809 -0.03641275130212307 -0.03600660167061365 -0.037494005246476836 -0.031670682725834336 -0.034611591885050565 -0.03919114176552374 -0.036150029625047715 -0.035162154892152464 -9999 -9999 -9999 -9999 -9999 -9999 -9999 -9999 -9999 -9999 -9999 -9999 -9999 -9999 -9999 -9999 -9999 -9999 -9999 -9999 -9999 -9999 -9999
-9999 -9999 -9999 0.10254689762471142 0.031505415727803965 0.039443498743431886 0.026619371436126915 -0.04739677046354002 -0.05671751382504848 -0.034990555125769714 -0.044831213080784776 -0.04052198232038992 -0.0500187753075427 -0.05414073953179868 -0.05552369098250684 -0.05557705775148922 -0.0516237726455534 -0.04608424691544785 -0.048330507926888505 -0.04769238190991537 -0.0438501067909893 -0.03830849936047753 -0.04216932204480353 -0.04305342472270948 -0.034635481230177706 -0.03310679785579768 -0.04476846711566812 -0.011736528149672907 -9999 -9999 -9999 -9999 -9999 -9999 -9999 -9999 -9999 -9999 -9999 -9999 -9999 -9999 -9999 -9999 -9999 -9999 -9999 -9999 -9999 -9999 -9999 -9999
-9999 -9999 -9999 0.1379342735591498 0.0391822359473496 0.04793615471366997 0.05976038039303744 0.07606445357285357 0.02013004341950786 -0.060802746175245885 -0.054703365274510564 -0.06572332947545656 -0.048843330058913975 -0.04956322607512659 -0.0572511884537372 -0.058476057988437975 -0.05632150124062546 -0.050045888195489774 -0.045028843108441824 -0.04184519327603853 -0.04361818075835047 -0.0423723636502093 -0.04035330793032282 -0.04566903778730516 -0.03951257268724207 -0.03888292123491946 -0.031909644071544896 -9999 -9999 -9999 -9999 -9999 -9999 -9999 -9999 -9999 -9999 -9999 -9999 -9999 -9999 -9999 -9999 -9999 -9999 -9999 -9999 -9999 -9999 -9999 -9999 -9999
-9999 -9999 -9999 -9999 0.0035175361803599925 -0.06765280946434199 -0.0637247616240939 -0.06805219059134576 -0.07105111623448984 -0.06601369782136035 -0.06724318301120957 -0.045342634831156026 -0.07285866608003994 -0.06054408490084681 -0.05266114113504414 -0.05018170157467925 -0.05421580171601459 -0.059333661059429325 -0.04826633965821714 -0.04792242918859474 -0.041275521719848746 -0.04146811617845361 -0.04196186506977445 -0.047670171156034336 -9999 -9999 -9999 -9999 -9999 -9999 -9999 -9999 -9999 -9999 -9999 -9999 -9999 -9999 -9999 -9999 -9999 -9999 -9999 -9999 -9999 -9999 -9999 -9999 -9999 -9999 -9999 -9999
-9999 -9999 -9999 -9999 0.049655567527144784 -0.05783785885752558 -0.05979203723452901 -0.06278685242920129 -0.07875770408209863 -0.07150290351729471 -0.06289175922399037 -0.06496415940205474 -0.06548228141452589 -0.06814283412973307 -0.05835390305862975 -0.047657405445863936 -0.04869141368256821 -0.048246513479031056 -0.04573663753958848 -0.05244947693587002 -0.05138827164422022 -0.05179817153775432 -0.05089079375777925 -0.05278407440490118 -0.04187201086308931 -9999 -9999 -9999 -9999 -9999 -9999 -9999 -9999 -9999 -9999 -9999 -9999 -9999 -9999 -9999 -9999 -9999 -9999 -9999 -9999 -9999 -9999 -9999 -9999 -9999 -9999 -9999
