metrics/grid_rasters/SMAP L4/grideval_SMAP L4_X_spring_2018_anomaly_pearson_r.asc
ncols 52
nrows 55
xllcorner     11.25
yllcorner     55.25
cellsize      0.25
NODATA_value  -9999
[rows 0 to 28 of 55, columns 0 to 51 of 52]
-9999 -9999 -9999 -9999 -9999 -9999 -9999 -9999 -9999 -9999 -9999 -9999 -9999 -9999 -9999 -9999 -9999 -9999 -9999 -9999 -9999 -9999 -9999 -9999 -9999 -9999 -9999 -9999 -9999 -9999 -9999 -9999 -9999 -9999 -9999 -9999 0.17870267067620127 0.10297897383188316 0.6067640101601501 -9999 -9999 -9999 -9999 -9999 -9999 -9999 -9999 -9999 -9999 -9999 -9999 -9999
-9999 -9999 -9999 -9999 -9999 -9999 -9999 -9999 -9999 -9999 -9999 -9999 -9999 -9999 -9999 -9999 -9999 -9999 -9999 -9999 -9999 -9999 -9999 -9999 -9999 -9999 -9999 -9999 -9999 -9999 -9999 -9999 -9999 -9999 -9999 -9999 -9999 0.2060448130628058 0.6426361701493635 0.8163966739946398 0.7698581955604105 0.8014975711572234 -9999 -9999 -9999 -9999 -9999 -9999 -9999 -9999 -9999 -9999
-9999 -9999 -9999 -9999 -9999 -9999 -9999 -9999 -9999 -9999 -9999 -9999 -9999 -9999 -9999 -9999 -9999 -9999 -9999 -9999 -9999 -9999 -9999 -9999 -9999 -9999 -9999 0.8867862499702674 0.8567672479438451 0.5488991589077308 0.1544531447418354 0.08337471654440462 0.09737083996001343 0.3798847866079198 -9999 0.5188740502058033 0.268548474084479 0.3100950538526505 0.6407543640168589 0.8149901600024745 0.8823717559487143 0.9039284750519166 0.901801075464742 0.9013768587547392 0.8730699053829925 0.8383680255653043 -9999 -9999 -9999 -9999 -9999 -9999
-9999 -9999 -9999 -9999 -9999 -9999 -9999 -9999 -9999 -9999 -9999 -9999 -9999 -9999 -9999 -9999 -9999 -9999 -9999 -9999 -9999 -9999 -9999 -9999 -9999 -9999 -9999 0.6950265661951098 0.5814533162804161 0.1396028961702742 -9999 0.4584888742658789 0.445716336308412 0.3255598220817786 0.33319282464274835 0.4440060342388008 0.4738011280977114 0.6889626348217378 0.8481212900435581 0.8764881618542735 0.908261384549618 0.9254953075824108 0.925142664296596 0.9231042781658392 0.8425241275513867 0.8390053548124992 0.8497080839644283 0.8447661513501933 -9999 -9999 -9999 -9999
-9999 -9999 -9999 -9999 -9999 -9999 -9999 -9999 -9999 -9999 -9999 -9999 -9999 -9999 -9999 -9999 -9999 -9999 -9999 -9999 -9999 -9999 0.94379797109603 0.9486430179022374 0.9439058784687806 0.9103848735903788 0.8775830698221869 0.6706073491913668 0.5469649836212571 0.4567248722253615 0.3946674263978848 0.7012217431759764 0.4150101756282461 0.4049137384346496 0.5417450887185261 0.6624069762600653 0.7106415936964667 0.7144276062729737 0.8269425249912777 0.8739136562282737 0.8970240893445632 0.9158088944244972 0.9192575878246088 0.9013012605373956 0.9020650530353842 0.9079810485884544 0.9134230057553951 0.9176728319568832 0.9017802916413531 -9999 -9999 -9999
-9999 -9999 -9999 -9999 -9999 -9999 -9999 -9999 -9999 -9999 -9999 -9999 -9999 -9999 -9999 -9999 -9999 -9999 -9999 -9999 -9999 0.9469858624559748 0.9433423869565114 0.9402522802754782 0.927379432393447 0.9143476489011332 0.8712304752670308 0.688079282696173 0.6096076464093916 0.5986967139033003 0.7102136952694991 0.8130600425815072 0.7276644718772359 0.7698911204303411 0.8136303356448362 0.8830509782643492 0.8504748609179251 0.8799642113611787 0.8668864375363721 0.8882518537515071 0.9018815237441796 0.9068606239488984 0.9100293970976095 0.9177954544483616 0.9158996784830682 0.9064768973070894 0.8707670564798573 0.8931812906350023 0.8859979848677824 -9999 -9999 -9999
-9999 -9999 -9999 -9999 -9999 -9999 -9999 -9999 -9999 -9999 -9999 -9999 -9999 -9999 -9999 -9999 -9999 -9999 -9999 -9999 0.9497285164458932 0.927733390180729 0.913746195408601 0.884495191397856 0.8202577874438083 0.7717166932881571 0.7585229592978554 0.8297637707803596 0.8478407605123244 0.8504188777384902 0.8415778343253177 0.8825504381339397 0.8615628045005392 0.9112336357070236 0.9084254896656 0.908528258981484 0.9052651405377036 0.9078127827879562 0.9163516857893236 0.9241676438925128 0.9191505421632716 0.9229950491882944 0.9275425360394642 0.9323755816677172 0.8966614645754412 0.8815834862680704 0.870175811983473 0.8322499488055175 0.8549312542762696 0.8588402324687731 -9999 -9999
-9999 -9999 -9999 -9999 -9999 -9999 -9999 -9999 -9999 -9999 -9999 -9999 -9999 -9999 -9999 -9999 -9999 -9999 -9999 -9999 -9999 0.8147301772616768 0.8012568486684895 0.8478979484381359 0.8600492273706054 0.8710968532898886 0.8347036945885301 0.8365999523484228 0.7554578299069423 0.8656473645404104 0.8648671041442302 0.876464254406766 0.7997686726592945 0.9130721328211516 0.913752947938408 0.9174126343598884 0.9129256103282568 0.9199459195516194 0.9211036806337528 0.9233698779201917 0.9197974168393824 0.9097624036881412 0.9150042471054676 0.9319237265714158 0.9147931553724932 0.8597406124747713 0.8501307481812063 0.8495609424068821 0.8815580177485716 -9999 -9999 -9999
-9999 -9999 -9999 -9999 -9999 -9999 -9999 -9999 -9999 -9999 -9999 -9999 -9999 -9999 -9999 -9999 -9999 -9999 -9999 0.9254046181063448 0.90519652475968 0.8832468786137861 0.8478553731052743 0.8790273606955628 0.9119612234901366 0.9235992617332218 0.9209160765876098 0.9145415419321647 0.9242141180821312 0.930270158148684 0.9250261898838236 0.927156013216251 0.9227940591571716 0.9129767743591394 0.9187365903640176 0.9277038216117944 0.9236782654788176 0.9255668943008508 0.9240316421482786 0.9242467493194118 0.9190763390333918 0.8899238455740245 0.8676419136846195 0.8781897262985483 0.8994425837707156 0.8346783842920141 0.8318737983878794 0.8637783933556921 0.8919876586722171 0.8503901108577476 0.8315967840392573 -9999
-9999 -9999 -9999 -9999 -9999 -9999 -9999 -9999 -9999 -9999 -9999 -9999 -9999 -9999 -9999 -9999 -9999 -9999 0.8911160109768305 0.8493440200282592 0.8256388579980303 0.8408093559472531 0.8527784005601479 0.8817348071334357 0.8768677975999271 0.8802048180024681 0.9093563802990332 0.880966981887757 0.8659488263320153 0.891590268268982 0.9126596737662804 0.9220924003945176 0.9234512230838272 0.9159085967071171 0.9190034273882991 0.9152903857865252 0.8895113618573944 0.8918891481534408 0.8831309783470038 0.9005272252225438 0.906255973692956 0.9114434504341886 0.8882275735306445 0.8835093971956779 0.8540885519894611 0.8370385503333898 0.8535304197423762 0.8654323427216124 0.8743497779719918 0.8588849943264438 0.8861357080284515 -9999
-9999 -9999 -9999 -9999 -9999 -9999 -9999 -9999 -9999 -9999 -9999 -9999 -9999 -9999 -9999 -9999 -9999 0.8775826111500269 0.8619757329408919 0.8349728054382168 0.8366983374051681 0.8406984490237208 0.9153253555540184 0.913470739456378 0.9110204715839291 0.9236929745352588 0.919084959551446 0.9166270464403754 0.9235459524896318 0.9093881154941312 0.8920616351274431 0.8896928668392655 0.900615458499678 0.8954959897222656 0.9056277537730212 0.9053888110368132 0.8746124114752176 0.8353449392483892 0.8330552612541573 0.8519875833818901 0.8802945224769917 0.9001404295580526 0.8846068337606938 0.8746432514719482 0.8394388055020641 0.8131386452626752 0.8409332091397956 0.8583259855966401 0.8554693265159722 0.8069638547624154 -9999 -9999
-9999 -9999 -9999 -9999 -9999 -9999 -9999 -9999 -9999 -9999 -9999 -9999 -9999 0.9262202558675912 0.9175320355380264 0.9085593686433204 0.9022776593564246 0.8611365841797444 0.8468103012925948 0.8333154069531893 0.8202687944910242 0.8569413306188265 0.8923070126295638 0.9309412658800496 0.928521726858504 0.7604248612893557 0.902039205293662 0.8893328025754025 0.8742577807594627 0.8913593407151001 0.8778106781122763 0.8666441925938929 0.8728157811544613 0.8797585218998574 0.8742471184307671 0.8668310211589315 0.8565452201964927 0.8185991668025401 0.8054314136982569 0.8234908145204831 0.8293746353344412 0.8428427181557456 0.8353111159814405 0.8429694769194158 0.8544126586658753 0.8957432072209427 0.8455900762684696 0.8391166090549584 0.8118189197142784 0.8130344289281466 0.8202363306208682 -9999
-9999 -9999 -9999 -9999 -9999 -9999 -9999 -9999 -9999 -9999 -9999 -9999 -9999 0.9231167437206826 0.9209054184333868 0.8855700306980088 0.8952626789987688 0.8775464468971874 0.8516201907623553 0.8688454709915403 0.880611644926486 0.9275777760300368 0.9211943737835452 0.9184359611482712 0.9030919566262916 0.9190585917748052 0.9040079332087834 0.9014078979961472 0.89879573870958 0.8923331671800094 0.8801206831274397 0.8864979510517954 0.8637892365087619 0.8458070411811639 0.8056670408146738 0.7854612682083297 0.789652839651646 0.7918694463097216 0.7706532194637354 0.7888291701221283 0.8051363189099353 0.8125177331900018 0.8157818202054703 0.8430756110567603 0.8607483556062718 0.8943863295909644 0.8336122658099675 0.8854693668868263 0.8484792770970397 0.8617676613196967 0.849290815415871 0.9110859313753992
-9999 -9999 -9999 -9999 -9999 -9999 -9999 -9999 -9999 -9999 -9999 -9999 -9999 0.9096771314944524 0.8960005045945689 0.9005137525553333 0.8974047106521652 0.9016012588236032 0.8479038905646243 0.8331046541241127 0.8767048032375824 0.9162089401396676 0.9147709201727444 0.9164544308925576 0.8984378819879857 0.8795217025371482 0.8791685641412195 0.9109693018879224 0.9093507945236392 0.8925700529379471 0.8896587378225204 0.8920592948668575 0.8513232827224975 0.8612501935154131 0.8792244043856663 0.8722360345179765 0.8302186860814762 0.8296687134094292 0.8124034544791001 0.7748183137355241 0.8174522518250125 0.841862434007685 0.8914592299277262 0.9298175527440544 -9999 -9999 -9999 -9999 -9999 -9999 -9999 -9999
-9999 -9999 -9999 -9999 -9999 -9999 -9999 -9999 -9999 -9999 -9999 -9999 -9999 0.8949816135675461 0.8354329476087546 0.8180384221347954 0.8426920049101538 0.9070927555283296 0.9224854429397832 0.9333671115718066 0.9271707770396946 0.9061725522951732 0.8832587142638968 0.8998294093946994 0.8760868070409205 0.8383406348498309 0.8281187367542461 0.839586674505655 0.8346432371721271 0.8208737317746413 0.8197971809262472 0.8348970882028866 0.8270841968576585 0.8099504449002648 0.8010269056874837 0.7960919938378033 0.8187827538781911 0.8414020020594193 0.8266275886866572 0.7890319847580074 0.7778709321271237 -9999 -9999 -9999 -9999 -9999 -9999 -9999 -9999 -9999 -9999 -9999
-9999 -9999 -9999 -9999 -9999 -9999 -9999 -9999 -9999 -9999 -9999 -9999 0.902198060546466 0.8647690844498475 0.8177830873984079 0.7172591458853309 0.8298664268870913 0.8774652226135877 0.9179990353757146 0.9342427924853296 0.9178374750866064 0.9091451820034596 0.922666670836123 0.900408327330102 0.840967207777307 0.8321472096291804 0.7745434850932937 0.7729632232753212 0.7707850839389175 0.7825221520399108 0.7688038809559365 0.7354483457615479 0.7816081818419716 0.7594768261536484 0.7825493960754781 0.7794550428340415 0.8005761885980109 0.8370027959608133 0.8787580443192079 0.8625310940957149 0.9061178484063204 -9999 -9999 -9999 -9999 -9999 -9999 -9999 -9999 -9999 -9999 -9999
-9999 -9999 -9999 -9999 -9999 -9999 -9999 -9999 -9999 -9999 -9999 0.90447246705971 0.9054840854270638 0.8637819770423907 0.8346639850305148 0.8842311729363169 0.8954302195731415 0.907972890548472 0.9201862222761944 0.9049366724246526 0.8878675016821456 0.8731629808615704 0.8538925263160135 0.8100117514949252 0.8437922248522336 0.8126491843244772 0.7889869190679268 0.7609276821188632 0.7232024113845391 0.6987528768324682 0.6913698371901894 0.7166312023215163 0.8004282405774941 0.7570440690476852 0.7741306624967933 0.7601273873139596 0.7517669842513924 0.7441608563187363 0.8424944564956214 0.9234118809464102 -9999 -9999 -9999 -9999 -9999 -9999 -9999 -9999 -9999 -9999 -9999 -9999
-9999 -9999 -9999 -9999 -9999 -9999 -9999 -9999 -9999 -9999 0.7972162525290429 0.7971519941788483 0.783810609478043 0.8711733824278467 0.8725260449203374 0.9191403232918784 0.9255985013603194 0.9311867786854584 0.8938939074526286 0.8977618810478418 0.9423091180392972 0.8479348382187234 0.8330904189342703 0.8433450504366471 0.8522101903235141 0.8587428843055063 0.8470634961900746 0.8081008866845839 0.7822682267986703 0.7320154238930456 0.71802190558434 0.7222904291395275 0.7505343682260828 0.7946270664604158 0.7867533128073989 0.7867215787798869 0.7839351867622808 0.7760041455025873 0.8524311647581451 -9999 -9999 -9999 -9999 -9999 -9999 -9999 -9999 -9999 -9999 -9999 -9999 -9999
-9999 -9999 -9999 -9999 -9999 -9999 -9999 -9999 -9999 -9999 -9999 -9999 0.8958918420877517 0.8918650541007271 0.9373299278185796 0.9154500814389428 0.8893255372489525 0.8575200517332647 0.8617412625496936 0.8616028900963332 0.8033869433575938 0.8311881062394312 0.8280859370535176 0.8007485547953133 0.7882625094271063 0.8049843257847603 0.8055342688613639 0.8148704012048964 0.8204913818086751 0.7726998649040362 0.7139072556501751 0.7183576255753585 0.7311094258980448 0.7745562714269657 0.7947613007668347 0.8509697359418278 0.8225572183250085 0.8511673874086578 0.8916780665258139 0.9297039240413684 -9999 -9999 -9999 -9999 -9999 -9999 -9999 -9999 -9999 -9999 -9999 -9999
-9999 -9999 -9999 -9999 -9999 -9999 -9999 -9999 -9999 -9999 -9999 0.8629132014621834 0.8614819500940597 0.8837709666199836 0.9033531477881964 0.8910533731607837 0.8758270690428572 0.8728324152711713 0.8638677002699231 0.8475892634776776 0.8352793478134759 0.8324725145884124 0.8193102978596958 0.7991601922722193 0.7935447045143895 0.7937272617445658 0.7717405862835158 0.8106912638734334 0.8420734404142665 0.8009863167510876 0.7710763567889191 0.784188500404065 0.8060211108925126 0.8235111635525059 0.8685882021284278 0.8814049426633259 0.8929240442708131 0.9189390679474172 0.940595807058862 -9999 -9999 -9999 -9999 -9999 -9999 -9999 -9999 -9999 -9999 -9999 -9999 -9999
-9999 -9999 -9999 -9999 -9999 0.8634083602008943 0.8567178489318064 0.8859539636015465 0.884473121993657 0.8623447595735334 0.8552867895238316 0.8879333223609323 0.9063046139018308 0.8854041887433992 0.8480175856614645 0.787770725323919 0.8161827034994602 0.8747554052110049 0.8553095097826031 0.8294583439386464 0.83374534332589 0.8005571541306282 0.8233709781481552 0.7935791724854904 0.8108129474564951 0.8025221369711781 0.7966234012354699 0.7979741575427259 0.7958255428224541 0.7898497567623661 0.8143659101286082 0.8004574788471686 0.8696062765213025 0.8927496365007068 0.8912545669481343 0.9147577797605736 0.9221956815044094 0.9126212331074468 -9999 -9999 -9999 -9999 -9999 -9999 -9999 -9999 -9999 -9999 -9999 -9999 -9999 -9999
-9999 -9999 -9999 -9999 0.7785021463893209 0.6865438834276275 0.7407797102854301 0.8062865772665324 0.8957140693640671 0.8918172490301808 0.8709992108039352 0.8787453778938552 0.8688296269881595 0.8252273069578204 0.7962460119999155 0.7999861860546909 0.8261449875164018 0.8639307345072611 0.8644784030554007 0.84151958679614 0.7997311246605527 0.7492733713196289 0.7922408170654807 0.7616890019691993 0.7614252010444242 0.7676248666743171 0.7473443632779043 0.7696217721090685 0.7734718165456491 0.7748846321953852 0.8411864245502148 0.9348309381707944 0.9391216471028636 0.8750153263729902 0.8522377409021158 -9999 -9999 -9999 -9999 -9999 -9999 -9999 -9999 -9999 -9999 -9999 -9999 -9999 -9999 -9999 -9999 -9999
-9999 -9999 -9999 0.8275539972183298 0.92661712933491 0.8318798259161859 0.8855679777856098 0.8992621224042606 0.8899543627532501 0.9009331297458484 0.8749876628294808 0.7869973423106741 0.8030518137200708 0.8530156075910759 0.8448383687899141 0.8429094369091062 0.8456084582924095 0.8431296137520072 0.8352822158513052 0.7982209178758086 0.7791165119975385 0.7096136588943563 0.6937293600759731 0.6850980726619923 0.7079079583767053 0.7321583309988262 0.7518519473177521 0.7877334872054522 0.7798197114879512 0.8420199315840569 0.8960772309631159 -9999 -9999 -9999 -9999 -9999 -9999 -9999 -9999 -9999 -9999 -9999 -9999 -9999 -9999 -9999 -9999 -9999 -9999 -9999 -9999 -9999
-9999 -9999 -9999 0.7901063478258408 0.7867336812029389 0.8635199087124306 0.8590375098182991 0.8490495817964512 0.8972616930376136 0.907768341984259 0.8994899202564431 0.8540742947695754 0.8333590756115243 0.8558451108314629 0.8490277924235988 0.8604527746472904 0.8515606272802193 0.8420720235129503 0.8307657550425214 0.7664076101289337 0.7436079765157941 0.7342050760893641 0.7324271439789429 0.6816937812594182 0.6720481772409899 0.6701585037718369 0.7299114737964238 0.8226772682498263 0.8025662553636639 -9999 -9999 -9999 -9999 -9999 -9999 -9999 -9999 -9999 -9999 -9999 -9999 -9999 -9999 -9999 -9999 -9999 -9999 -9999 -9999 -9999 -9999 -9999
-9999 -9999 -9999 0.8167280698491659 0.8652833253995342 0.8887325780282683 0.8963759603902859 0.9025402674380688 0.9104625906361394 0.8635242328954013 0.8522266718636653 0.8374150011748708 0.8413993038214191 0.8657279249479057 0.8871899729908694 0.8748446195954096 0.862786944317129 0.8273309732423934 0.7918205485529247 0.7474467224169161 0.70655183821989 0.7338647238254277 0.7699045139658969 0.7951221451442657 0.7843546691754608 0.7262074948474675 0.6525406230357516 0.8379746598051083 -9999 -9999 -9999 -9999 -9999 -9999 -9999 -9999 -9999 -9999 -9999 -9999 -9999 -9999 -9999 -9999 -9999 -9999 -9999 -9999 -9999 -9999 -9999 -9999
-9999 -9999 -9999 0.7799263839168717 0.90724874980437 0.9098774906729592 0.9092749238903232 0.8967340684035959 0.8625263639124917 0.8118350700602792 0.815105966590548 0.8323388129788436 0.8267785623569939 0.8606712727503634 0.8645204559894583 0.852371250672004 0.8430926856888801 0.7911909114259602 0.7753544055125845 0.7075495897584763 0.7555708252368214 0.7553088693122192 0.7551801777464214 0.7815911476793367 0.7761611833179979 0.7508244164703235 0.7561067703148114 -9999 -9999 -9999 -9999 -9999 -9999 -9999 -9999 -9999 -9999 -9999 -9999 -9999 -9999 -9999 -9999 -9999 -9999 -9999 -9999 -9999 -9999 -9999 -9999 -9999
-9999 -9999 -9999 -9999 0.8394415372272438 0.8953691733982825 0.8965385970582372 0.8666508257219232 0.8345359231191235 0.7764236708969806 0.8108872721509434 0.8020659916523866 0.8066582798514867 0.8008990923493512 0.8121394741362342 0.8056530954539092 0.7901810502372283 0.7286092515404259 0.7427631853691575 0.7030081243238129 0.6760430752635601 0.6971352513809711 0.7318008530291716 0.7143268407928445 -9999 -9999 -9999 -9999 -9999 -9999 -9999 -9999 -9999 -9999 -9999 -9999 -9999 -9999 -9999 -9999 -9999 -9999 -9999 -9999 -9999 -9999 -9999 -9999 -9999 -9999 -9999 -9999
-9999 -9999 -9999 -9999 0.8365625810614037 0.8335141580986039 0.7832795514303272 0.8015328448838415 0.8555444282535203 0.8402691474960999 0.7924885874763007 0.7838869986560696 0.8071866088374214 0.8046650901481821 0.7934534863326586 0.7972454573825851 0.7697942205592943 0.7416111132387071 0.7139967154047039 0.6852134639541818 0.6851725652667557 0.7189332793552223 0.7739062662240647 0.7357705753795032 0.7715124515030558 -9999 -9999 -9999 -9999 -9999 -9999 -9999 -9999 -9999 -9999 -9999 -9999 -9999 -9999 -9999 -9999 -9999 -9999 -9999 -9999 -9999 -9999 -9999 -9999 -9999 -9999 -9999
-9999 -9999 -9999 -9999 0.8315463637525802 0.7821460870711463 0.7414145574819301 0.705497948043966 0.7066814338932796 0.8415699175938187 0.8299533377892528 0.8345028716547813 0.8261032649598801 0.8082473267004324 0.8290287615292021 0.8035672142465091 0.7755511306368819 0.6802699442162956 0.6250924458180878 0.6169666677427105 0.6157755415874044 0.6418636291508202 0.6649772751740703 0.6530693278508413 -9999 -9999 -9999 -9999 -9999 -9999 -9999 -9999 -9999 -9999 -9999 -9999 -9999 -9999 -9999 -9999 -9999 -9999 -9999 -9999 -9999 -9999 -9999 -9999 -9999 -9999 -9999 -9999
