metrics/grid_rasters/SMAP L4/grideval_SMAP L4_Y_2017_absolute_pearson_r.asc
ncols 52
nrows 55
xllcorner     11.25
yllcorner     55.25
cellsize      0.25
NODATA_value  -9999
[rows 0 to 28 of 55, columns 0 to 51 of 52]
-9999 -9999 -9999 -9999 -9999 -9999 -9999 -9999 -9999 -9999 -9999 -9999 -9999 -9999 -9999 -9999 -9999 -9999 -9999 -9999 -9999 -9999 -9999 -9999 -9999 -9999 -9999 -9999 -9999 -9999 -9999 -9999 -9999 -9999 -9999 -9999 0.5527665394099456 0.4912111271655939 0.7510732713724377 -9999 -9999 -9999 -9999 -9999 -9999 -9999 -9999 -9999 -9999 -9999 -9999 -9999
-9999 -9999 -9999 -9999 -9999 -9999 -9999 -9999 -9999 -9999 -9999 -9999 -9999 -9999 -9999 -9999 -9999 -9999 -9999 -9999 -9999 -9999 -9999 -9999 -9999 -9999 -9999 -9999 -9999 -9999 -9999 -9999 -9999 -9999 -9999 -9999 0.3716068347297995 0.5700221495421143 0.6643680590971803 0.6587032410899423 0.6352900659464253 0.748533787712268 -9999 -9999 -9999 -9999 -9999 -9999 -9999 -9999 -9999 -9999
-9999 -9999 -9999 -9999 -9999 -9999 -9999 -9999 -9999 -9999 -9999 -9999 -9999 -9999 -9999 -9999 -9999 -9999 -9999 -9999 -9999 -9999 -9999 -9999 -9999 -9999 -9999 0.7981307913480339 0.783968893889002 0.7516420071767391 0.7823034329478795 0.8333375568034233 0.3866006961527973 -9999 -9999 0.08326609422800826 0.2980304499431542 0.4085666526289785 0.5117418885995261 0.691542951680022 0.7258950984642443 0.7768338198324589 0.7473890029210379 0.70941759518936 0.7447343931802841 0.7440527238028465 -9999 -9999 -9999 -9999 -9999 -9999
-9999 -9999 -9999 -9999 -9999 -9999 -9999 -9999 -9999 -9999 -9999 -9999 -9999 -9999 -9999 -9999 -9999 -9999 -9999 -9999 -9999 -9999 -9999 -9999 -9999 -9999 -9999 0.836000024470517 0.8362167793125502 0.708645962299266 0.2899953188407733 0.3427870772301317 0.11278751225845213 -9999 -0.06211866218285581 -9999 0.1250103838427383 0.3048903819429301 0.5357548984149291 0.646510727338353 0.6631446540949579 0.6508690651902702 0.7006019724250931 0.7227713446403238 0.7934662422007853 0.7483894277108589 0.7824484589085915 0.7720023434773233 -9999 -9999 -9999 -9999
-9999 -9999 -9999 -9999 -9999 -9999 -9999 -9999 -9999 -9999 -9999 -9999 -9999 -9999 -9999 -9999 -9999 -9999 -9999 -9999 -9999 -9999 0.8442718571176124 0.7670986533505417 0.809705533439504 0.8273198486102117 0.874531198989043 0.8117263293037527 0.7846160404573559 0.7089065011700967 0.2981866453000215 0.2561651985997867 0.07864878823525864 0.14535539175709267 0.12528470922113766 -9999 0.3265016068121646 0.4027126090240956 0.5071687114174743 0.6323538016365867 0.634157996700093 0.6228654376278904 0.6613568308899943 0.6706345132454075 0.6634495802936499 0.5688932622200434 0.6420658588335401 0.647097920129392 0.6135684626935797 -9999 -9999 -9999
-9999 -9999 -9999 -9999 -9999 -9999 -9999 -9999 -9999 -9999 -9999 -9999 -9999 -9999 -9999 -9999 -9999 -9999 -9999 -9999 -9999 0.806334918486203 0.8222407225853815 0.7486860247273308 0.7801831550489795 0.8849666750823579 0.8822312716382539 0.7251598940608814 0.4584535512944013 0.17583914623218294 0.1858140585900536 0.20573539035822985 0.16546725486768374 0.4204284319693122 0.422652956201202 0.4870448098075521 0.5439504358193157 0.5800560337694187 0.6036833978855496 0.6604920946213477 0.6394241282061324 0.5542633479502224 0.5744769693289655 0.5851843832226709 0.5194518273384723 0.4577787721153982 0.5301579555662725 0.5713489315956195 0.484339679355993 -9999 -9999 -9999
-9999 -9999 -9999 -9999 -9999 -9999 -9999 -9999 -9999 -9999 -9999 -9999 -9999 -9999 -9999 -9999 -9999 -9999 -9999 -9999 0.8035125603092961 0.7755232731097159 0.8258037542826935 0.8322783348945606 0.9196341101548486 0.9032105901533306 0.904475938186405 0.7171071924072454 0.5502004818355063 0.499990551809878 0.2417409239344945 0.060736449000676776 0.195565404976738 0.4527546075902121 0.3865257454208444 0.6143550835561593 0.6688861705843856 0.6401922007932239 0.7000916380529156 0.6656977940013055 0.6417136141572188 0.5640190549929947 0.34561975144366885 0.2314137362245263 0.4805650478415222 0.3215524906078233 0.2933306024621711 0.2513070811090216 0.29850115974039504 0.34339139117914064 -9999 -9999
-9999 -9999 -9999 -9999 -9999 -9999 -9999 -9999 -9999 -9999 -9999 -9999 -9999 -9999 -9999 -9999 -9999 -9999 -9999 -9999 -9999 0.7438766732571838 0.7486371069217944 0.8357918099669576 0.8836913432459561 0.9266445995587416 0.7331100159262156 0.6667127171905518 0.27944710447902443 0.4389896298413181 0.3323375318181744 0.2487459321220404 0.1604707186229794 0.3462640757213322 0.5440695469819667 0.4176543085669138 0.5896598667697444 0.6827212729226911 0.6945505961791721 0.6608579886088998 0.6434842757184798 0.6336793549510232 0.5599383841879861 0.2319256156833167 0.20194171210489487 0.2679480757296451 0.2520144713912425 0.26257566602659965 0.3104085051817977 -9999 -9999 -9999
-9999 -9999 -9999 -9999 -9999 -9999 -9999 -9999 -9999 -9999 -9999 -9999 -9999 -9999 -9999 -9999 -9999 -9999 -9999 0.5801917694515883 0.5868502107902274 0.7307008029405522 0.7729546446024642 0.7777461425430598 0.6782887933784305 0.5827593827826012 0.5525882148753922 0.6832720618706594 0.5721796266109944 0.4053103488054977 0.4633632411648583 0.5231804864422884 0.5927034549050035 0.6424031072973766 0.6334082823950251 0.44369023756083137 0.6385753620793597 0.6430969024363392 0.6484361574898097 0.5793233086227978 0.5771115634357231 0.6245346165572216 0.5621025178458402 0.5596946988772135 0.25314724495848906 0.33163585630806025 0.3785124836751636 0.4530176514345657 0.35805069531779343 0.4350906957809295 0.5848313299717417 -9999
-9999 -9999 -9999 -9999 -9999 -9999 -9999 -9999 -9999 -9999 -9999 -9999 -9999 -9999 -9999 -9999 -9999 -9999 0.7496815906612504 0.7331068860190836 0.7422832902934889 0.6095785945840758 0.4894044260722653 0.3501731107096113 0.16405464913740087 0.2639248041890641 0.3938996212202198 0.6354161938030849 0.6261105260032125 0.4431520830675468 0.4576721161909248 0.4341980822484244 0.4395038779982945 0.4991374614341315 0.562340566360793 0.5835342678029563 0.5848626987828976 0.5855844973079151 0.5852858141557693 0.5224278604784839 0.5062887985599474 0.5312048004367397 0.5264098389758026 0.4872075132016401 0.4495915651958064 0.4546436207895645 0.46774398222586 0.4655407770046276 0.5351318590527667 0.5597030151705893 0.5654055900312744 -9999
-9999 -9999 -9999 -9999 -9999 -9999 -9999 -9999 -9999 -9999 -9999 -9999 -9999 -9999 -9999 -9999 -9999 0.7539537935388188 0.8038518042094422 0.7733911716275005 0.4644124645518001 0.11454393086809082 0.12773564849926786 0.22418773135129436 0.051079926918281685 0.2239216755735081 0.21149958115857406 0.4933034720469872 0.4607415612299093 0.4884585308959018 0.5245783348361119 0.5124055320780291 0.4632807614517493 0.4321983512438217 0.4368771961143869 0.4831210128509755 0.4980753979905254 0.5265043318817302 0.5425842935027103 0.5084518614310479 0.3289518481711623 0.3638099600213239 0.5430151995858226 0.4945919064452624 0.4928379422708459 0.5114562355896847 0.5301324067385911 0.4981232034215405 0.509597353990213 0.5100616088152009 -9999 -9999
-9999 -9999 -9999 -9999 -9999 -9999 -9999 -9999 -9999 -9999 -9999 -9999 -9999 0.7766265369369781 0.6209477401814298 0.606631237054039 0.6305974520559016 0.652736644186344 0.6631388268733919 0.5142500495986133 0.4827209076624744 0.5966186110265222 0.4521341841924881 0.17591355815525195 0.3413925736443363 0.1808834130307634 0.4818652894498613 0.569100883897354 0.5767732085519669 0.5434580975377266 0.5212291719934721 0.5239082805009913 0.5286926912177291 0.4564820557218249 0.40713321155373 0.43495271473669583 0.44023444257148936 0.4692257242924421 0.4805380255303435 0.5369289577500437 0.5559130241888274 0.5710153395620448 0.5327890130112686 0.5265370597240986 0.5488717218075844 0.4740582460803864 0.4660029161203896 0.4610544812474204 0.5069044110980997 0.39402375948533497 0.4003774395336504 -9999
-9999 -9999 -9999 -9999 -9999 -9999 -9999 -9999 -9999 -9999 -9999 -9999 -9999 0.6619268402718398 0.4353141037255732 0.5927958155753068 0.7313794764088761 0.5764757001116994 0.6743274482820538 0.5469446697774241 0.6130459762804363 0.6150188459103989 0.5389353713840636 0.34772081583238856 0.5458982452618831 0.5468733912597468 0.512600914419703 0.5616759894486685 0.5558684166323266 0.5045241199808161 0.4883764657456594 0.4888306447135813 0.4614845749878594 0.4570390212263794 0.4700719190124177 0.484192342503805 0.5132813317899361 0.5175773954823787 0.5014668636699051 0.5417635277352971 0.5541088325337269 0.5853955108852129 0.5895704925425009 0.5820930316732652 0.5065626774717977 0.5945792185005436 0.5337771296494366 0.5574652891864795 0.4973058428779561 0.4623125269351582 0.4442645004293352 0.4862278216438357
-9999 -9999 -9999 -9999 -9999 -9999 -9999 -9999 -9999 -9999 -9999 -9999 -9999 0.5984371655685572 0.486764227606784 0.27318829068860484 0.07120625905256775 0.2712691452820641 0.30525552712512405 0.537426619079456 0.58825386614718 0.6260014421350932 0.5675641859666778 0.4799747490341074 0.4915002412544139 0.4830922989550875 0.4873116257439262 0.5349369429667389 0.5435233254162228 0.5168433895859283 0.5044812990598198 0.4427491932261861 0.4480329618957838 0.4548490920334942 0.4457234957049368 0.4385285104328154 0.4450536791494898 0.4764971047006171 0.4829966273118309 0.5188276556545501 0.5511716400827287 0.6000158308741105 0.64714092662657 0.6582682815155141 -9999 -9999 -9999 -9999 -9999 -9999 -9999 -9999
-9999 -9999 -9999 -9999 -9999 -9999 -9999 -9999 -9999 -9999 -9999 -9999 -9999 0.64697768472676 0.38229436919490667 0.1821615617763775 0.16750780431653986 0.38024668907656395 0.2283790232916585 0.4279050431946872 0.4759447494579033 0.4150691676436563 0.4642856935567359 0.5544628053313709 0.508356457523399 0.535261475787725 0.5294605207473139 0.5163070069920368 0.5079645487279822 0.4668653069145948 0.4722021867487349 0.4484457337126733 0.4624683496958245 0.477919276401188 0.4729750825830882 0.4680741193049559 0.485314760258185 0.4954052500343383 0.5210406614232488 0.5928632420298711 0.570299826415152 -9999 -9999 -9999 -9999 -9999 -9999 -9999 -9999 -9999 -9999 -9999
-9999 -9999 -9999 -9999 -9999 -9999 -9999 -9999 -9999 -9999 -9999 -9999 0.5984839252194474 0.629223604444374 0.34503763646304986 -9999 0.16364394327825296 0.23075727269858404 0.3836556893668588 0.4227826607444116 0.4984901420446527 0.4704188325144292 0.3991775693731389 0.5079830236754884 0.5137988120563124 0.512213793480902 0.463992112065332 0.4834972551348852 0.4923125419048979 0.4627731807530271 0.4652483321084849 0.43330255621878494 0.4613543210452 0.4681717359534269 0.4707322793363953 0.4856912404913826 0.4719994660308935 0.4842017999349713 0.5556076442425556 0.681283433929631 0.7063941679153927 -9999 -9999 -9999 -9999 -9999 -9999 -9999 -9999 -9999 -9999 -9999
-9999 -9999 -9999 -9999 -9999 -9999 -9999 -9999 -9999 -9999 -9999 0.711316353220395 0.7245650000681965 0.678080227039908 0.4993994700670205 0.36844433215534395 0.3327561799795877 0.4847958538985728 0.4993957213763579 0.5907256558314061 0.5648632382772307 0.5802233790265247 0.5655633261969845 0.5846310816984872 0.5372261643284266 0.5356642929441368 0.4898819406688164 0.4990922771793752 0.4897388641047356 0.4960012389813074 0.4785324530455865 0.4610785272754133 0.4855295467334606 0.4994074402137508 0.5143956010952455 0.5170098872218416 0.5036156788062429 0.5518922333939932 0.6785608010914491 0.7486197418457458 -9999 -9999 -9999 -9999 -9999 -9999 -9999 -9999 -9999 -9999 -9999 -9999
-9999 -9999 -9999 -9999 -9999 -9999 -9999 -9999 -9999 -9999 0.16922328286067936 0.13931761908393792 0.6388093492638728 0.5875277299580307 0.11682198963675032 0.2605865296181073 0.2392178642296739 0.45489156993777297 0.5352145252403597 0.6374433626491154 0.5682893603020654 0.5736314430965634 0.5527894308517032 0.5893674084073905 0.5981304484302348 0.5630402264316283 0.4982885462468076 0.49146787616793 0.520004773885722 0.5465098945586869 0.5466634008159036 0.5686013346085341 0.5568731325020859 0.5490127551451189 0.5445608397088629 0.5345735624926603 0.6472096012177454 0.6739997073379651 0.7074505016106944 -9999 -9999 -9999 -9999 -9999 -9999 -9999 -9999 -9999 -9999 -9999 -9999 -9999
-9999 -9999 -9999 -9999 -9999 -9999 -9999 -9999 -9999 -9999 -9999 -9999 0.20623092265756904 0.1442088017872827 0.07471663027762633 0.22585207422368006 0.3990257294857794 0.4855408889416448 0.5600418529218065 0.577701111165879 0.5528979797920399 0.5681021347685429 0.5735431557005961 0.5987642489171232 0.5989631865573055 0.6154099161133204 0.5843161903784475 0.5712685400516724 0.5602451707427659 0.5794802897316074 0.6283914088420134 0.6376916205943426 0.6412598292630965 0.5934063113773841 0.5575957222116169 0.5600084956000679 0.6425437607516964 0.6763743804250106 0.716920049687361 0.7188016135088299 -9999 -9999 -9999 -9999 -9999 -9999 -9999 -9999 -9999 -9999 -9999 -9999
-9999 -9999 -9999 -9999 -9999 -9999 -9999 -9999 -9999 -9999 -9999 0.23444876104994095 0.27384984613189817 0.4555572130410147 0.2922767646059674 0.35201888517285346 0.4798195225685583 0.528274217982698 0.5321208993878132 0.5702906677806922 0.5861139574201066 0.5935936370430936 0.5732874113220661 0.5910267450089056 0.5908151246605644 0.5850949001413113 0.6035708682895977 0.5996579310953383 0.6099200322726339 0.6293885786804209 0.6676049573528311 0.6895122144408522 0.6800197647550348 0.6256697029033568 0.5357668253303187 0.5561033132332234 0.5950867805513951 0.6667976839780572 0.6755019714612349 -9999 -9999 -9999 -9999 -9999 -9999 -9999 -9999 -9999 -9999 -9999 -9999 -9999
-9999 -9999 -9999 -9999 -9999 0.4678470132446539 0.4675294532453938 0.6051490883740259 0.6532966337484232 0.6156404143265313 0.35854814175601624 0.16365192357642447 0.20992146607856935 0.4033197041281335 0.510268967339262 0.5306484043559367 0.6205078857913757 0.5866586761288541 0.6483722765633779 0.6831956867373009 0.6563226340731086 0.6618702954407244 0.5681121634433972 0.6103939371766841 0.6090285811319998 0.5951571676073621 0.5995419506045401 0.632458125956245 0.6583491966862285 0.6815704216928995 0.6858263903455436 0.7198828447986463 0.6892378634306124 0.670756767381102 0.6923174596686492 0.7076843038872747 0.6695958128856581 0.6669567384077981 -9999 -9999 -9999 -9999 -9999 -9999 -9999 -9999 -9999 -9999 -9999 -9999 -9999 -9999
-9999 -9999 -9999 -9999 0.3042636223355017 -9999 0.061226225537271625 0.09394429554008392 0.22517227080657576 0.23835972521106885 0.359816343139196 0.37100505452466026 0.4195680989799749 0.5832549252749539 0.6705545044371625 0.6842679214109266 0.6495841819835729 0.6049371486205392 0.6469739113567322 0.6376077813920018 0.6326590022380323 0.6148912575968396 0.6514637095739446 0.6111113440340316 0.6557892389595346 0.61333413027202 0.6604137438719213 0.6585357116476526 0.6701133946102895 0.6722253838665329 0.6446532964554614 0.5736881844376468 0.6515456192558224 0.6996453757452638 0.7154949791894056 -9999 -9999 -9999 -9999 -9999 -9999 -9999 -9999 -9999 -9999 -9999 -9999 -9999 -9999 -9999 -9999 -9999
-9999 -9999 -9999 0.6769448006826404 0.4731119497571281 0.13614516873661328 0.22576985486938864 0.15777387135559195 0.24788754754890105 0.3260634561294076 0.3787896385201738 0.435025825318016 0.4821977588893532 0.5159315429060014 0.5967140861326966 0.5926849468872938 0.5799880970314277 0.5609180652213586 0.6582235971713452 0.6793626916003114 0.6544286606106545 0.6150841943839862 0.5875793172287982 0.6470800997068995 0.6900240425787523 0.6566889642993736 0.6736576842821147 0.7123433608272685 0.7183089079557494 0.7132592001494118 0.7169112095686827 -9999 -9999 -9999 -9999 -9999 -9999 -9999 -9999 -9999 -9999 -9999 -9999 -9999 -9999 -9999 -9999 -9999 -9999 -9999 -9999 -9999
-9999 -9999 -9999 0.7253888782546244 0.6763980500406179 0.6512655689769968 0.6086538849577571 0.14770206449159445 0.2804590592814462 0.281201293083208 0.3079674764603553 0.4067625576063866 0.2243104484991472 0.4935968336207628 0.5782079717838013 0.5883841416313507 0.6157644096401348 0.6194152550749136 0.6346435828468086 0.6368226291964846 0.6576228043882975 0.6635713419521685 0.6076609820463106 0.6211562226926868 0.6711850926458456 0.6864492822615281 0.6874681792964127 0.7281545985946632 0.7366301111217701 -9999 -9999 -9999 -9999 -9999 -9999 -9999 -9999 -9999 -9999 -9999 -9999 -9999 -9999 -9999 -9999 -9999 -9999 -9999 -9999 -9999 -9999 -9999
-9999 -9999 -9999 0.6236840623005064 0.607896613531407 0.6013089323106071 0.3737484223929253 0.4846368663458812 0.3892956825158337 0.5217274964876779 0.5676360104368827 0.6099262682283808 0.5411383821532436 0.4981014136993338 0.5176433789129171 0.5207293913566899 0.5685612163186458 0.6170001181543594 0.6676660600089162 0.6418892340925194 0.6000778063657906 0.612629976014804 0.6246326787240333 0.6561093129542097 0.6614571129640658 0.6960358354564871 0.7109793180086363 0.7164649299541737 -9999 -9999 -9999 -9999 -9999 -9999 -9999 -9999 -9999 -9999 -9999 -9999 -9999 -9999 -9999 -9999 -9999 -9999 -9999 -9999 -9999 -9999 -9999 -9999
-9999 -9999 -9999 0.6727475523933757 0.5491916472628278 0.3205760122786905 0.3018533637573393 0.4608579374076434 0.5365558064919884 0.5645612596776641 0.5600261338799415 0.5693881264776262 0.5737742070358647 0.5839600068164961 0.541338948366192 0.5538809802865436 0.5909985193306203 0.5823348732590008 0.6782625128282993 0.6173329881093012 0.5429794814844843 0.5958228602506155 0.6203952788678613 0.6401375201684689 0.6659729332074351 0.6896526012829642 0.752787977359024 -9999 -9999 -9999 -9999 -9999 -9999 -9999 -9999 -9999 -9999 -9999 -9999 -9999 -9999 -9999 -9999 -9999 -9999 -9999 -9999 -9999 -9999 -9999 -9999 -9999
-9999 -9999 -9999 -9999 0.4663441837693106 0.3681193396204573 0.5228487212860711 0.6159211798853594 0.6567392389419845 0.6653587633511888 0.6416838190470315 0.6638247519533579 0.5652731098405519 0.5731912092506044 0.6027568408233809 0.6118952790390857 0.6287600689439208 0.6257258218716448 0.6712199099148246 0.6104801243725264 0.5754387014097222 0.6268353636996691 0.6962460541554827 0.7057756948439529 -9999 -9999 -9999 -9999 -9999 -9999 -9999 -9999 -9999 -9999 -9999 -9999 -9999 -9999 -9999 -9999 -9999 -9999 -9999 -9999 -9999 -9999 -9999 -9999 -9999 -9999 -9999 -9999
-9999 -9999 -9999 -9999 0.614281129505921 0.7412508899664434 0.7064186217936388 0.6679880872954156 0.6589368281156319 0.6484006242696769 0.7018837305283029 0.7340536390952437 0.6510839668736161 0.5840030833531279 0.5573376192621287 0.6062251541263352 0.6539452174819786 0.6763657903786529 0.6814608413157683 0.6400723259950516 0.6013163740703209 0.6143996622270282 0.5961584330105812 0.6563230922313867 0.7247609573736659 -9999 -9999 -9999 -9999 -9999 -9999 -9999 -9999 -9999 -9999 -9999 -9999 -9999 -9999 -9999 -9999 -9999 -9999 -9999 -9999 -9999 -9999 -9999 -9999 -9999 -9999 -9999
-9999 -9999 -9999 -9999 0.7530594325786697 0.7854580837712651 0.7797957151891809 0.7082951497007772 0.6991496067279492 0.714502662307219 0.7187394836106067 0.6899735744747567 0.6741457803469237 0.6006427797419356 0.6084429830331938 0.639524060033816 0.6648913859862409 0.7225315630788721 0.7529704310091831 0.7217941286102209 0.7157031295980116 0.706875543254788 0.6811375288788879 0.6984979608863591 -9999 -9999 -9999 -9999 -9999 -9999 -9999 -9999 -9999 -9999 -9999 -9999 -9999 -9999 -9999 -9999 -9999 -9999 -9999 -9999 -9999 -9999 -9999 -9999 -9999 -9999 -9999 -9999
