metrics/grid_rasters/SMAP L4/grideval_SMAP L4_Y_2017_absolute_ubrmsd.asc
ncols 52
nrows 55
xllcorner     11.25
yllcorner     55.25
cellsize      0.25
NODATA_value  -9999
[rows 0 to 27 of 55, columns 0 to 51 of 52]
-9999 -9999 -9999 -9999 -9999 -9999 -9999 -9999 -9999 -9999 -9999 -9999 -9999 -9999 -9999 -9999 -9999 -9999 -9999 -9999 -9999 -9999 -9999 -9999 -9999 -9999 -9999 -9999 -9999 -9999 -9999 -9999 -9999 -9999 -9999 -9999 0.031943324049549734 0.031280138301238075 0.028432338315529562 -9999 -9999 -9999 -9999 -9999 -9999 -9999 -9999 -9999 -9999 -9999 -9999 -9999
-9999 -9999 -9999 -9999 -9999 -9999 -9999 -9999 -9999 -9999 -9999 -9999 -9999 -9999 -9999 -9999 -9999 -9999 -9999 -9999 -9999 -9999 -9999 -9999 -9999 -9999 -9999 -9999 -9999 -9999 -9999 -9999 -9999 -9999 -9999 -9999 0.03479450151533568 0.03183500638214928 0.031788359149838484 0.034859583872085494 0.03466191064444478 0.032448138623817104 -9999 -9999 -9999 -9999 -9999 -9999 -9999 -9999 -9999 -9999
-9999 -9999 -9999 -9999 -9999 -9999 -9999 -9999 -9999 -9999 -9999 -9999 -9999 -9999 -9999 -9999 -9999 -9999 -9999 -9999 -9999 -9999 -9999 -9999 -9999 -9999 -9999 0.02620137202223542 0.029127060386163656 0.0274554412677373 0.02053189782145991 0.03224533101630039 0.03779767150188487 0.04402998705891077 -9999 0.04451086241000501 0.036745865647679406 0.035297326399751465 0.035489884234713456 0.032476742002105236 0.0343974231769081 0.0339798861484569 0.03366834594942724 0.03154024658721925 0.030536837823607037 0.030428386708649863 -9999 -9999 -9999 -9999 -9999 -9999
-9999 -9999 -9999 -9999 -9999 -9999 -9999 -9999 -9999 -9999 -9999 -9999 -9999 -9999 -9999 -9999 -9999 -9999 -9999 -9999 -9999 -9999 -9999 -9999 -9999 -9999 -9999 0.028177743506092017 0.025293269152460867 0.028610915233619187 0.03509121715688314 0.0359798762725768 0.041888811779195116 0.04795309124756948 0.049661376250225715 0.044994303331277664 0.042226871521255885 0.038370714465080266 0.036020067956787034 0.0349875235182613 0.035012403811270465 0.0350535447963451 0.03397357764724522 0.03301943605139754 0.030903547482738512 0.03066362641709628 0.029352436574109894 0.02867957341794208 -9999 -9999 -9999 -9999
-9999 -9999 -9999 -9999 -9999 -9999 -9999 -9999 -9999 -9999 -9999 -9999 -9999 -9999 -9999 -9999 -9999 -9999 -9999 -9999 -9999 -9999 0.02150546526885135 0.027716573087132983 0.02655713659008413 0.030662810505905733 0.023450297008447318 0.028089205724561604 0.028788755880869113 0.03129790162420945 0.03889556365440197 0.04410685406432879 0.045132647028206414 0.045482540421468674 0.04491590553578058 0.04638857062211853 0.03543173164487437 0.03353698751498867 0.031387197369839324 0.029939103871427744 0.0301526077729495 0.0317914917606918 0.030986890278144774 0.03095445516392848 0.031552457355727336 0.033322603820854835 0.03233666362376394 0.031842669341666685 0.0317798496126873 -9999 -9999 -9999
-9999 -9999 -9999 -9999 -9999 -9999 -9999 -9999 -9999 -9999 -9999 -9999 -9999 -9999 -9999 -9999 -9999 -9999 -9999 -9999 -9999 0.025672961616851675 0.024642729584609384 0.02638760911665002 0.013744983022791648 0.012684968085114734 0.02231542623099104 0.02910259012305923 0.03575683671695005 0.042909995227150284 0.04486340519988122 0.04431118070745936 0.04334432811993248 0.036301582719268886 0.03556874988271378 0.032785902096941204 0.032189991583325486 0.031004282359199938 0.030273496478666718 0.029949976551704 0.029771082651481408 0.03113656408844574 0.031415211832549896 0.031943456114700716 0.03294001648012068 0.034176835087309225 0.032934139017866786 0.032383490935712744 0.03379931499249871 -9999 -9999 -9999
-9999 -9999 -9999 -9999 -9999 -9999 -9999 -9999 -9999 -9999 -9999 -9999 -9999 -9999 -9999 -9999 -9999 -9999 -9999 -9999 0.0225109349910037 0.022590762334072232 0.031009707467600893 0.028032198027610256 0.022729404249701584 0.020373650786153816 0.02390298063656346 0.034295417463381016 0.03824449477057722 0.03903868812706399 0.04296330616401033 0.04673647081428173 0.04290371206724107 0.035765420949378963 0.03746008062348772 0.03219709911893669 0.03204256116807755 0.03195195298210179 0.031132053149190705 0.029756634578614813 0.029918512029361136 0.03210696911160685 0.03543027691444765 0.03602355547274047 0.031748627231917716 0.033950456843473746 0.03460532317943156 0.035142656172987695 0.034153732177584495 0.03384782007407963 -9999 -9999
-9999 -9999 -9999 -9999 -9999 -9999 -9999 -9999 -9999 -9999 -9999 -9999 -9999 -9999 -9999 -9999 -9999 -9999 -9999 -9999 -9999 0.033417687162776 0.03309557118171488 0.028781449729150775 0.026814202387706182 0.0253038296767106 0.033315971927751105 0.035748334504021435 0.04778836786987893 0.04181545182930197 0.04022395380988515 0.04215039909385625 0.04249619391097948 0.03629132013893866 0.032780529470798216 0.03436955446820392 0.03204175705416245 0.030034820350757507 0.029376457876566536 0.029307167436743557 0.029552348520023794 0.029997930323110326 0.0317411385163834 0.03625751399609842 0.03588064938925566 0.03443383948038206 0.035029848545477145 0.034853187681710265 0.034109323578087866 -9999 -9999 -9999
-9999 -9999 -9999 -9999 -9999 -9999 -9999 -9999 -9999 -9999 -9999 -9999 -9999 -9999 -9999 -9999 -9999 -9999 -9999 0.03545777652641065 0.03608642595333236 0.033947265884102996 0.03351482615414612 0.033636659089692766 0.036717942765636766 0.04160691702973072 0.039700919140267306 0.03356432425284708 0.03499292525851482 0.03575429680536961 0.033961850723194985 0.031813640322693994 0.029062361576596314 0.027843352603706118 0.027906014319145283 0.03195533110530638 0.029701849938740837 0.03047255008164413 0.0299047547413003 0.030686653616184924 0.030068089763258025 0.028093167787601 0.028591721439938662 0.029043964107593277 0.03446455056816555 0.033052927054906166 0.0319543270267471 0.031443215588354265 0.032754259946271326 0.030193115054702364 0.02725905020287143 -9999
-9999 -9999 -9999 -9999 -9999 -9999 -9999 -9999 -9999 -9999 -9999 -9999 -9999 -9999 -9999 -9999 -9999 -9999 0.0313266369836741 0.0313133183224032 0.031293469986960726 0.03616691945455493 0.042340181981297804 0.0469552756019955 0.04889515114109017 0.043334034968436984 0.040355860419654575 0.034700388986446944 0.03304247051696063 0.034516648707108036 0.03277285249795321 0.030961316930630263 0.030183505481920107 0.028839142217836476 0.02792238847799059 0.028003836660718404 0.028367626526356174 0.02969839693293888 0.030014032630341032 0.03134892684048299 0.031763715088552365 0.030442719577715913 0.02907873066154058 0.03021648528416456 0.030644393833193288 0.030159075691627145 0.02982640168192947 0.030619591836296936 0.02960610936741464 0.028205949858522813 0.027855952977328145 -9999
-9999 -9999 -9999 -9999 -9999 -9999 -9999 -9999 -9999 -9999 -9999 -9999 -9999 -9999 -9999 -9999 -9999 0.02779261320204892 0.028186726329759677 0.032602044948958506 0.037758100938669575 0.04595495331943534 0.04516170875810563 0.039298666877082916 0.04563227844726066 0.038922586846842536 0.03848233343028819 0.0329690776408414 0.032415095259594864 0.030504970369851003 0.02962294157858677 0.029907303781105617 0.030599667216693383 0.030032405864711925 0.029703066572798937 0.028484898548756007 0.02806156280534968 0.027758765468773604 0.02791491303393508 0.029179700814228764 0.03229594946198798 0.03186635494301054 0.02929663931654544 0.030488683389780526 0.029264484710644287 0.02806529332363834 0.027451013736138397 0.028558739341687907 0.028391082710185686 0.028366763895232894 -9999 -9999
-9999 -9999 -9999 -9999 -9999 -9999 -9999 -9999 -9999 -9999 -9999 -9999 -9999 0.024437381742592492 0.029070746447636412 0.030401573462608106 0.02968201040809925 0.028422108976392708 0.028982519580179663 0.032313352358143976 0.03299307207272382 0.03204702159748329 0.03634775560014502 0.039172920765926204 0.034570317346085865 0.03667677127944249 0.02326798920194519 0.02899064451498973 0.02920021647224788 0.02808277727205901 0.027928976655418453 0.028640690360553264 0.028522970168206062 0.02970173255028181 0.030502197692014076 0.029632021385021644 0.029248196498757494 0.028368915320119037 0.02809622538015213 0.027415856538994084 0.02736664584997388 0.026986113972206575 0.027762655760388638 0.02816850493219998 0.02762594629255684 0.028973300954388218 0.028884838970415383 0.029344684716654 0.028416758062095874 0.030344568644669237 0.029958992263131975 -9999
-9999 -9999 -9999 -9999 -9999 -9999 -9999 -9999 -9999 -9999 -9999 -9999 -9999 0.02854478880692512 0.03523417504185096 0.03504933452510694 0.03703945756928618 0.03829420910910476 0.03357139111267655 0.030410442338251988 0.03473197022622486 0.03344194449245734 0.03372294622894602 0.03410811596729425 0.029163547171602338 0.0269391908851432 0.014139845005430356 0.02651568936248612 0.022492803456192482 0.02658669843427364 0.026436254962915774 0.02681958449561422 0.02701994369890225 0.026621231970595224 0.026677607749883533 0.02611981349865853 0.025346879092354647 0.02547485787666474 0.02634590218677877 0.02674294322424316 0.026753027841797943 0.02698045759729717 0.027155760591269833 0.027405524352835508 0.0305417793662158 0.027057704823379058 0.029479684345877045 0.028935953116369883 0.030966953941480423 0.031582979733329235 0.031791191401841085 0.029116619497460968
-9999 -9999 -9999 -9999 -9999 -9999 -9999 -9999 -9999 -9999 -9999 -9999 -9999 0.030139787330564057 0.03903973315287562 0.040475199735747404 0.043946807548171235 0.039437649547125884 0.037993184312854325 0.03384881150717162 0.03131939162288738 0.029790678058205074 0.029051192582743333 0.029527321998343768 0.02865856823489512 0.027934220145852187 0.027113146368646663 0.014479670881904846 0.018024298854872785 0.026352732399070832 0.026317903764960977 0.02676719166758611 0.026285987448645128 0.026272203863470983 0.02670643124075112 0.02672305170788713 0.026056750754775728 0.02512888988392663 0.02550226111603286 0.02648539155046055 0.025963001810572484 0.025606750201407368 0.025242684498534288 0.027122822126012268 -9999 -9999 -9999 -9999 -9999 -9999 -9999 -9999
-9999 -9999 -9999 -9999 -9999 -9999 -9999 -9999 -9999 -9999 -9999 -9999 -9999 0.03165993687208227 0.03686176208477878 0.038855268191911436 0.04168132063378167 0.03667600215652552 0.03713096166519345 0.031859600974888415 0.030532596771498742 0.02518547711848345 0.027164744502936083 0.027012767676922882 0.026145711643207725 0.024333821457638256 0.024064792599365798 0.024210486911208258 0.02464835407957433 0.026190421851759942 0.02603141467150936 0.025856706708771587 0.02524459702259239 0.024646540814578854 0.024576166150668637 0.0243711344471236 0.024443235496153237 0.02448132299051416 0.024430847951588282 0.02398344685870364 0.02531358557640615 -9999 -9999 -9999 -9999 -9999 -9999 -9999 -9999 -9999 -9999 -9999
-9999 -9999 -9999 -9999 -9999 -9999 -9999 -9999 -9999 -9999 -9999 -9999 0.030299864950647182 0.0321275543781791 0.037399190294036655 0.0471983572593834 0.043857015422775536 0.03676585587430911 0.03230682867278718 0.02984559455700765 0.02778097446210023 0.02758562518839393 0.030182183834656363 0.025530042034316174 0.024340398298319472 0.023806232441015297 0.024800159991524573 0.024689429969837917 0.024289603535551273 0.024930292891834585 0.024623498232472032 0.025774252823792514 0.02447813051468278 0.02423201680014133 0.02389075001843287 0.02361101596724396 0.02485250251814977 0.025200975142368628 0.024143734867373968 0.022261099025047148 0.02181702217492892 -9999 -9999 -9999 -9999 -9999 -9999 -9999 -9999 -9999 -9999 -9999
-9999 -9999 -9999 -9999 -9999 -9999 -9999 -9999 -9999 -9999 -9999 0.029869299090680212 0.028479563639446964 0.02734635730388209 0.03131466665187856 0.03696541148495042 0.03565472261525833 0.030033612188028882 0.028273812440887062 0.024367741551183018 0.023749966408000128 0.023389511068080654 0.02298598230245777 0.02265346071009023 0.023761991464599442 0.02321714011169668 0.023958851726059015 0.02409881066187651 0.024360965133935077 0.023520738157592203 0.0236817521457291 0.024179067737187504 0.022601878376182598 0.022975650860225943 0.022557526521211884 0.02380011992416356 0.02467960011470115 0.024465515177673758 0.023619834492228584 0.023436827463677142 -9999 -9999 -9999 -9999 -9999 -9999 -9999 -9999 -9999 -9999 -9999 -9999
-9999 -9999 -9999 -9999 -9999 -9999 -9999 -9999 -9999 -9999 0.03820513796578425 0.04035035030915684 0.03135474973598091 0.031581049073175944 0.03993158588629552 0.03339053011429585 0.032178763980860225 0.02711888432426263 0.02534032526456526 0.02221521891597904 0.02336248345516944 0.022024956931531614 0.022380863152550497 0.021879343841073404 0.02223497940474326 0.022629007898503292 0.023563458249589917 0.023753586254551283 0.023083563753877427 0.02214148334351026 0.021988310061832102 0.021508264535296032 0.021679298323031244 0.021907708902614682 0.02239816971277053 0.02333902699550729 0.021637767672096242 0.021684440716429877 0.02137933512454401 -9999 -9999 -9999 -9999 -9999 -9999 -9999 -9999 -9999 -9999 -9999 -9999 -9999
-9999 -9999 -9999 -9999 -9999 -9999 -9999 -9999 -9999 -9999 -9999 -9999 0.030369310033120413 0.0357593111865413 0.04010457391402695 0.029928003443695214 0.026287882402899837 0.024394332026164624 0.0228670386276262 0.02213202155937288 0.022462084042675915 0.0217002090376336 0.021421647689118816 0.02098299542200761 0.02099179582260877 0.020546907409519352 0.02128171635625 0.021522558855846956 0.021913649885513063 0.021610028224912845 0.020252566677437325 0.01968443896435144 0.01994882837560039 0.020571018600613864 0.021551614802176967 0.021661410106684903 0.0208788184670689 0.02062713046235146 0.021170030006744098 0.02960560679701254 -9999 -9999 -9999 -9999 -9999 -9999 -9999 -9999 -9999 -9999 -9999 -9999
-9999 -9999 -9999 -9999 -9999 -9999 -9999 -9999 -9999 -9999 -9999 0.029484245280640833 0.033645503128804516 0.025789929240367104 0.0286360270184896 0.02633490066914767 0.02366604310475284 0.022350308207800918 0.022209510436635646 0.0213770662413691 0.020682295333671268 0.020593427717584125 0.02118843689694501 0.020685712916897626 0.020634648754021597 0.020811508780955355 0.020751933794251783 0.020431343632126463 0.020217973309988275 0.020512025521248416 0.019394078299855497 0.018293738553204104 0.018848928255348698 0.02050617309420184 0.023107606133612096 0.02281070413653916 0.023095905263118284 0.022802149448527792 0.0240991978617699 -9999 -9999 -9999 -9999 -9999 -9999 -9999 -9999 -9999 -9999 -9999 -9999 -9999
-9999 -9999 -9999 -9999 -9999 0.02868452856919331 0.033157506196862585 0.025896792135824367 0.02254405054766385 0.0227334441002274 0.025996095088427984 0.032150644775272935 0.029799415227773126 0.025133866966900214 0.02253390991601017 0.02119935182633062 0.019571317099845748 0.019352309667083567 0.01820604482199389 0.01776780458078221 0.01822912304362684 0.018569845883564008 0.020473962432871872 0.019782754805951628 0.019979876556422117 0.02084433654363196 0.020991235279242303 0.02001069512174608 0.01921460938828629 0.018629438207397337 0.018640663812216844 0.018300274146994474 0.020008269992007038 0.021052845052771708 0.020676633191868656 0.0218465931306046 0.024105942768980086 0.02349035006943781 -9999 -9999 -9999 -9999 -9999 -9999 -9999 -9999 -9999 -9999 -9999 -9999 -9999 -9999
-9999 -9999 -9999 -9999 0.032759895167077134 0.036039642681218516 0.0403705181289001 0.030577560095709007 0.030908126772153988 0.03053475121055553 0.02689158265349013 0.02630688039553805 0.024064629703451804 0.020601063483150082 0.018291945811006183 0.017646676409624248 0.018135726060445324 0.01913208558733118 0.017899193391426267 0.01833075371192883 0.01946937888210204 0.021171725112665858 0.01826435596327204 0.02005492423185949 0.019185119329673633 0.020273733977725108 0.01955174370996188 0.01941253066307328 0.018846890568694884 0.019389392538215068 0.020617897790946617 0.041108503212210865 0.04098602040277269 0.03787169107962071 0.03543459352061958 -9999 -9999 -9999 -9999 -9999 -9999 -9999 -9999 -9999 -9999 -9999 -9999 -9999 -9999 -9999 -9999 -9999
-9999 -9999 -9999 0.023573723007671608 0.02807240130660768 0.032705061614027836 0.02620255010941741 0.030180289590467237 0.02722615435513644 0.025640302179747998 0.025439157499077384 0.021310451089551898 0.02023483161677727 0.022158209206712454 0.01958861360655676 0.01947700387023832 0.01982330727403311 0.02053786407617889 0.018268670399082514 0.018488165308430445 0.019541353263743955 0.021677034323853057 0.022694209517894925 0.02077232310681692 0.01977245956361517 0.02019822804035447 0.020254318346826467 0.02051505996959795 0.020523530680217398 0.02123807728130788 0.02186215064657344 -9999 -9999 -9999 -9999 -9999 -9999 -9999 -9999 -9999 -9999 -9999 -9999 -9999 -9999 -9999 -9999 -9999 -9999 -9999 -9999 -9999
-9999 -9999 -9999 0.022442753558881756 0.02502068596060932 0.02481798763829777 0.026059390406453223 0.029522475564608783 0.026911342986533245 0.02585206835830857 0.02468578028273926 0.016447881319261372 0.0186584671073844 0.021308135079396 0.020509048552883703 0.01932637924969585 0.018969808018505462 0.01828380951788347 0.01812038640961769 0.02002418975915769 0.019855552756673826 0.020503812087225168 0.021764405796628427 0.022042923091166625 0.021181392641064157 0.021315491432864063 0.0208062837642935 0.01917449339029714 0.02105940095638368 -9999 -9999 -9999 -9999 -9999 -9999 -9999 -9999 -9999 -9999 -9999 -9999 -9999 -9999 -9999 -9999 -9999 -9999 -9999 -9999 -9999 -9999 -9999
-9999 -9999 -9999 0.027589486137887646 0.03039202915593257 0.025491929421701025 0.02926186624281478 0.02732940870060211 0.02739897437981873 0.02455670473971284 0.0232581846615696 0.01953252162451178 0.01991734925883979 0.020211420599907364 0.020493844461529333 0.020009528650933854 0.01927404121695496 0.01888774454834148 0.018759810281040425 0.02014475716750181 0.021819307263588057 0.021080829587964527 0.0203712838671941 0.019781341630914637 0.020230744052778426 0.02099073956346226 0.025325914131108258 0.03455758807753443 -9999 -9999 -9999 -9999 -9999 -9999 -9999 -9999 -9999 -9999 -9999 -9999 -9999 -9999 -9999 -9999 -9999 -9999 -9999 -9999 -9999 -9999 -9999 -9999
-9999 -9999 -9999 0.02508608831013824 0.02832480777472574 0.03166726826232405 0.03139555764548774 0.02605444485406169 0.02528066099655807 0.025188261183639017 0.02395876453726478 0.02097926662385013 0.02011098155503397 0.019604370757445914 0.020842651163912315 0.02056147891541181 0.019909323118933838 0.020346458312297117 0.01833324536427628 0.021440337409487756 0.020918574523871192 0.020355297780571036 0.02142507288024861 0.022243311935310126 0.022461462443965456 0.0220179191131915 0.021171989111966272 -9999 -9999 -9999 -9999 -9999 -9999 -9999 -9999 -9999 -9999 -9999 -9999 -9999 -9999 -9999 -9999 -9999 -9999 -9999 -9999 -9999 -9999 -9999 -9999 -9999
-9999 -9999 -9999 -9999 0.031244869141071118 0.032508063544475066 0.02887116322047019 0.026130904632085127 0.02443002360027403 0.024005663629044525 0.02408233525252825 0.023119617095276386 0.02369531472997433 0.021181057228149617 0.020257359021683328 0.02023695071215081 0.020015900516329833 0.021125343385284382 0.019599047888597114 0.02077829768471895 0.022001468748653292 0.021578841497699636 0.02065418006323937 0.0226782292411032 -9999 -9999 -9999 -9999 -9999 -9999 -9999 -9999 -9999 -9999 -9999 -9999 -9999 -9999 -9999 -9999 -9999 -9999 -9999 -9999 -9999 -9999 -9999 -9999 -9999 -9999 -9999 -9999
-9999 -9999 -9999 -9999 0.026372054435123516 0.02626955126922851 0.026721588642159583 0.02735337508170093 0.026633509312535383 0.02461498314496489 0.022375440877510432 0.0209830874313517 0.02105439952499241 0.0212643307004123 0.022065455172785152 0.02024454293075413 0.020039809941190357 0.01988622585314239 0.019646861107002044 0.02048203344986414 0.021169943195247627 0.02166129958181804 0.02234306925245529 0.023251826425500888 0.023029768685882468 -9999 -9999 -9999 -9999 -9999 -9999 -9999 -9999 -9999 -9999 -9999 -9999 -9999 -9999 -9999 -9999 -9999 -9999 -9999 -9999 -9999 -9999 -9999 -9999 -9999 -9999 -9999
