metrics/grid_rasters/SMAP L4/grideval_SMAP L4_S_fall_absolute_bias.asc
ncols 52
nrows 55
xllcorner     11.25
yllcorner     55.25
cellsize      0.25
NODATA_value  -9999
[rows 0 to 26 of 55, columns 0 to 51 of 52]
-9999 -9999 -9999 -9999 -9999 -9999 -9999 -9999 -9999 -9999 -9999 -9999 -9999 -9999 -9999 -9999 -9999 -9999 -9999 -9999 -9999 -9999 -9999 -9999 -9999 -9999 -9999 -9999 -9999 -9999 -9999 -9999 -9999 -9999 -9999 -9999 0.04053931182843973 0.0108531830208069 -0.04272761410306936 -9999 -9999 -9999 -9999 -9999 -9999 -9999 -9999 -9999 -9999 -9999 -9999 -9999
-9999 -9999 -9999 -9999 -9999 -9999 -9999 -9999 -9999 -9999 -9999 -9999 -9999 -9999 -9999 -9999 -9999 -9999 -9999 -9999 -9999 -9999 -9999 -9999 -9999 -9999 -9999 -9999 -9999 -9999 -9999 -9999 -9999 -9999 -9999 -9999 0.051726817706047146 0.031150565155177945 0.028148522559594324 -0.0051526122593453785 -0.07630176416976933 -0.06606140582832498 -9999 -9999 -9999 -9999 -9999 -9999 -9999 -9999 -9999 -9999
-9999 -9999 -9999 -9999 -9999 -9999 -9999 -9999 -9999 -9999 -9999 -9999 -9999 -9999 -9999 -9999 -9999 -9999 -9999 -9999 -9999 -9999 -9999 -9999 -9999 -9999 -9999 0.01995294119466789 -0.009601688769819984 -0.04776527564256233 -0.06853764118360622 -0.037360428638019416 -0.03608546028384469 -0.0074296675949961375 -9999 0.004586283122649914 0.03038804605603218 0.017489774863921337 -0.047385150658806004 -0.06588002022580952 -0.06203803741936013 -0.05805206825383584 -0.0594640007744042 -0.05339759866614918 -0.055629012993649474 -0.053693716373335504 -9999 -9999 -9999 -9999 -9999 -9999
-9999 -9999 -9999 -9999 -9999 -9999 -9999 -9999 -9999 -9999 -9999 -9999 -9999 -9999 -9999 -9999 -9999 -9999 -9999 -9999 -9999 -9999 -9999 -9999 -9999 -9999 -9999 0.01911606024541368 0.02176691587645929 0.035294006814013464 0.049623748108458036 0.04753377940505743 -0.002845676078532755 -0.04457660026561755 -0.021154003181996228 -0.01600729939681325 -0.02178574848797293 -0.037893895939975 -0.05407798431997937 -0.06547800558465683 -0.06114135282932893 -0.0581518574157259 -0.06213950157513495 -0.06655300348731022 -0.0527081444480835 -0.06212020681270367 -0.057687556074297715 -0.05588507720340905 -9999 -9999 -9999 -9999
-9999 -9999 -9999 -9999 -9999 -9999 -9999 -9999 -9999 -9999 -9999 -9999 -9999 -9999 -9999 -9999 -9999 -9999 -9999 -9999 -9999 -9999 0.01001981851532241 0.006394211796450111 0.014661919448401894 -0.009584870363411655 0.01803099642415623 0.02492977805681279 0.02863882606910478 0.041723269825944535 0.05430890584446413 0.00121296169031615 0.007207049701649371 -0.040908594057987364 -0.025441722575943543 -0.017146613500029828 -0.04225571814330889 -0.044255785070932814 -0.051954781216988884 -0.05952786262259707 -0.061505867506039674 -0.06162533483334948 -0.06372765001359876 -0.06643443974246688 -0.07175872933917815 -0.0823405149474658 -0.0772412430116354 -0.07873465485645684 -0.079449597459573 -9999 -9999 -9999
-9999 -9999 -9999 -9999 -9999 -9999 -9999 -9999 -9999 -9999 -9999 -9999 -9999 -9999 -9999 -9999 -9999 -9999 -9999 -9999 -9999 0.0007535737662852092 0.011392514999178094 0.02707982184058361 0.003313748759555313 0.0021553960229669373 0.00663739958634746 0.033389995509124026 0.0369811875868466 0.046280627957657805 0.03188791022134513 -0.002825180370524316 -0.013012449656214007 -0.0576712249747508 -0.04612812543656308 -0.0394001430780678 -0.056945036738537826 -0.05698570228887945 -0.060871602107699076 -0.07170645332291395 -0.06546920537948606 -0.06356509668486457 -0.0681001600082759 -0.07135152032824008 -0.0772139236822233 -0.083657061798846 -0.065443324462439 -0.08180505855029427 -0.08157282728947454 -9999 -9999 -9999
-9999 -9999 -9999 -9999 -9999 -9999 -9999 -9999 -9999 -9999 -9999 -9999 -9999 -9999 -9999 -9999 -9999 -9999 -9999 -9999 0.009821981232572384 0.02007593107051575 0.019874020551259697 0.02744016997966464 0.01686967301417841 0.025743775141353783 0.030730665620457343 0.024474953812966604 0.02703233020236856 0.008677402306552784 -0.024191776382644803 -0.0682767796135702 -0.06498100734981041 -0.059103332823244724 -0.3897434312563676 -0.06444796716159842 -0.06993781506585386 -0.07274135820833696 -0.0805555313395766 -0.07861931873280759 -0.07747902156744196 -0.07792221189343504 -0.4569149576997446 -0.4595930885144888 -0.08201623267934219 -0.4548986024315377 -0.4558418661274097 -0.4584374110480505 -0.4575341936907025 -0.4574571056444976 -9999 -9999
-9999 -9999 -9999 -9999 -9999 -9999 -9999 -9999 -9999 -9999 -9999 -9999 -9999 -9999 -9999 -9999 -9999 -9999 -9999 -9999 -9999 0.018383529651296027 0.02070576250348444 0.032398507439091284 0.030448475177143938 0.022360333855581168 0.013029397608569028 -0.029030326590105737 -0.06766351034537288 -0.05625672840543988 -0.0007602461859338439 -0.06261734817954867 -0.06861868014067901 -0.0638487748750537 -0.0660153712493951 -0.4445447448006534 -0.07734469424646634 -0.07994013174263001 -0.0821869459289771 -0.08093459404759358 -0.08119929116219282 -0.08296716727500597 -0.08308656130415888 -0.4622616800172561 -0.4602549483406019 -0.45484896007782 -0.4526377058240001 -0.4583057357704492 -0.4564009066824648 -9999 -9999 -9999
-9999 -9999 -9999 -9999 -9999 -9999 -9999 -9999 -9999 -9999 -9999 -9999 -9999 -9999 -9999 -9999 -9999 -9999 -9999 0.0235901827217786 0.028605756708062587 0.02882696812010405 0.02439874973516548 0.019945607387593826 -0.007921514428824494 -0.09805284152933198 -0.09241764335944268 -0.0904880523384845 -0.08505678968504071 -0.08456559849207053 -0.08145428282096162 -0.08020678469604188 -0.07842507934361531 -0.07430659622404276 -0.07388698038962349 -0.4530209690475693 -0.08088623784523416 -0.086158573402317 -0.08429143569114936 -0.08539242259032284 -0.08157932191862019 -0.08388512291955749 -0.08179684704333379 -0.08366825999589741 -0.4615393485822766 -0.08177714008878875 -0.07852012544338187 -0.08371193006962208 -0.4560341901698529 -0.4540498759136996 -0.07996746752370187 -9999
-9999 -9999 -9999 -9999 -9999 -9999 -9999 -9999 -9999 -9999 -9999 -9999 -9999 -9999 -9999 -9999 -9999 -9999 0.036034857465343184 0.03954927415515369 0.039415594681606166 0.02371458743013194 -0.039088122050308594 -0.07215578465691799 -0.06815950071009302 -0.07909935179606575 -0.0654524521042521 -0.06578597052350313 -0.06551514218489712 -0.0811284671302189 -0.07454877540694327 -0.07120863808278033 -0.06989456995154962 -0.0731068421104043 -0.07715103921613525 -0.08256498564055167 -0.08525129379499907 -0.08361491815770393 -0.08257565050191437 -0.0849080616608262 -0.08713526838551182 -0.08624135291429011 -0.08477416769140864 -0.08171044595048324 -0.08209842039722498 -0.07740820732458932 -0.07946920554041043 -0.08209494864670458 -0.07458027314067217 -0.07519131749970738 -0.07492908104169332 -9999
-9999 -9999 -9999 -9999 -9999 -9999 -9999 -9999 -9999 -9999 -9999 -9999 -9999 -9999 -9999 -9999 -9999 0.03100879051323452 0.025328902404878173 -0.05090225324198439 -0.05705137090798424 -0.04470650083641264 -0.046360239212575205 -0.07169154103190363 -0.06138346084792695 -0.07442750101704358 -0.0750345939125579 -0.08259743779570193 -0.0842123964780962 -0.07842810937090891 -0.0727142989226095 -0.07088741052199851 -0.07295614765997932 -0.07722389500506308 -0.08034629022682108 -0.08369878648299273 -0.08147538788514314 -0.08111117048455138 -0.08278592335121643 -0.08582960157194636 -0.4639531410155962 -0.4602078009488901 -0.08184353608617577 -0.08249831299942276 -0.07874574694414062 -0.07612509526066727 -0.07888677253664192 -0.0803801116717795 -0.07545516001838412 -0.07622656704612324 -9999 -9999
-9999 -9999 -9999 -9999 -9999 -9999 -9999 -9999 -9999 -9999 -9999 -9999 -9999 0.004398791344611186 0.02021421833925852 0.028319222044076886 0.03191046300088307 0.036404140416409936 0.040545566007494926 0.04289917165802404 0.015099638617587284 -0.029681231514397218 -0.05087506371437686 -0.05891259177843783 -0.06544566492724058 -0.05016750622295088 -0.08197292431186026 -0.08061450763840927 -0.08395447102528844 -0.07685460746902359 -0.07262003001153139 -0.07258094229561451 -0.0689582597965804 -0.07718381461697618 -0.0766901924162284 -0.07369272597645829 -0.07950176815451176 -0.08044742385007361 -0.07790574483614374 -0.07011233289613503 -0.06894620309409857 -0.06896447419485713 -0.07434220593115623 -0.07804291908741817 -0.0768362749060923 -0.4497824282395644 -0.4495391710405494 -0.4466543354319184 -0.07832308354593076 -0.4483752238594896 -0.4410580508871475 -9999
-9999 -9999 -9999 -9999 -9999 -9999 -9999 -9999 -9999 -9999 -9999 -9999 -9999 0.02005699941131112 0.01611504163388366 -0.039874495800257086 -0.0905321868300274 -0.07630958645553376 -0.05420631367283374 -0.0005529713868112629 -0.06527398778944388 -0.06743246893613386 -0.06374276327583323 -0.05532743946577495 -0.06311523744447547 -0.07137927677543776 -0.08445175066794998 -0.07948283127068984 -0.08008115018646303 -0.07968276572301168 -0.07443677893952352 -0.06749868642661598 -0.06879831650447876 -0.07017301967633621 -0.07251570412663971 -0.07441043519097698 -0.07160026262319841 -0.07251042029871554 -0.07100050397483365 -0.0678032153480492 -0.06356234798351157 -0.06815718450061567 -0.06870781300221004 -0.05203732999635266 -0.4107002722263173 -0.05489503923332792 -0.057167617240818286 -0.061823328317317024 -0.0637666926064252 -0.062033199014367324 -0.05464873296096106 -0.008913221738331922
-9999 -9999 -9999 -9999 -9999 -9999 -9999 -9999 -9999 -9999 -9999 -9999 -9999 0.01982175450321738 -0.056741828641311824 -0.07707859001603423 -0.07174074016306753 -0.07338141059953268 -0.06756706574706584 -0.06397189501836731 -0.03952639380592732 -0.06045846794066684 -0.05931721012118262 -0.05808047630957192 -0.06354346888262655 -0.07243775609614594 -0.07130514871799848 -0.08508449182385107 -0.08017999337535803 -0.0770662624777837 -0.07437079921262438 -0.07455602468881799 -0.06967140764898652 -0.07289627480965398 -0.07661012443457987 -0.07319936234053677 -0.06990510542048038 -0.06672312924126672 -0.0616956202180258 -0.060074438955020786 -0.05840227783626905 -0.059429611575759024 -0.06225963232649881 -0.055474623684658775 -9999 -9999 -9999 -9999 -9999 -9999 -9999 -9999
-9999 -9999 -9999 -9999 -9999 -9999 -9999 -9999 -9999 -9999 -9999 -9999 -9999 -0.057955401883061475 -0.06845584870981314 -0.0731549919275874 -0.057004420654745876 -0.05980189818029219 -0.06430160164178073 -0.0578981142358056 -0.05709120337493145 -0.067153088062756 -0.06484253796656707 -0.0617881083124123 -0.06645825886996568 -0.06713089210769302 -0.06899724472928179 -0.07139397808606482 -0.07191955415879961 -0.07600448036996221 -0.07572768476105983 -0.07674264282008611 -0.07244350356919751 -0.07581902805531583 -0.07693521770556548 -0.07820110668806912 -0.07029761565378409 -0.07006523279207094 -0.06567206073061121 -0.06736550674579303 0.030454744574624108 -9999 -9999 -9999 -9999 -9999 -9999 -9999 -9999 -9999 -9999 -9999
-9999 -9999 -9999 -9999 -9999 -9999 -9999 -9999 -9999 -9999 -9999 -9999 0.026450107877071083 -0.03991067882340688 -0.04299654422205063 -0.060829696782792986 -0.050816189175328375 -0.07029724155890417 -0.06284420796066198 -0.06002537206654529 -0.06139972015887829 -0.05744210940755001 -0.055124587788768525 -0.05316506593825887 -0.055437239224684735 -0.0583090640829651 -0.06594948825723193 -0.06733983406121585 -0.06820825588183249 -0.06812307146981689 -0.07011503634135144 -0.07009384733020929 -0.06372950449688257 -0.06568915100645395 -0.06917837495495982 -0.06905941652891404 -0.0626668097901639 -0.06296821508638475 -0.06520759786612221 -0.05966446281584736 -0.059846014536630625 -9999 -9999 -9999 -9999 -9999 -9999 -9999 -9999 -9999 -9999 -9999
-9999 -9999 -9999 -9999 -9999 -9999 -9999 -9999 -9999 -9999 -9999 -0.06883772550621531 -0.031253377804635 -0.014308788404278015 -0.005380167804944991 -0.05429829417083126 -0.04482338411713038 -0.06216354775088995 -0.06408530113972966 -0.06501303202278175 -0.06214458428855455 -0.06122668965586595 -0.06011088831084116 -0.03487774371015995 -0.059994926225844326 -0.06099572709689921 -0.06072972355676545 -0.06050996004941536 -0.06733144944595112 -0.06731388445145314 -0.06767756372669734 -0.06834645722327487 -0.0588213318324351 -0.061276602333636736 -0.06518449322167008 -0.06386661293128362 -0.06690926020350918 -0.06910274914148579 -0.06271881790790745 -0.04235376746670064 -9999 -9999 -9999 -9999 -9999 -9999 -9999 -9999 -9999 -9999 -9999 -9999
-9999 -9999 -9999 -9999 -9999 -9999 -9999 -9999 -9999 -9999 -0.04937207584709419 -0.0658287732339986 -0.07048773461604835 -0.06479523600089354 -0.062337198683603164 -0.06173054976286469 -0.060093920621611625 -0.06371152754054292 -0.059111964704653075 -0.04093765875242733 -0.06235236238565418 -0.06079697211344656 -0.061607112980109985 -0.0660635438379269 -0.07351457577833273 -0.07230837872395149 -0.07164989869816454 -0.06455878785473633 -0.06111244238646967 -0.0620269829632489 -0.061586324831696015 -0.05834863706399779 -0.06086562605124416 -0.06714599538635424 -0.07198321886340177 -0.07198041355094084 -0.06435376228662312 -0.06501738546457103 -0.06367515809424634 -9999 -9999 -9999 -9999 -9999 -9999 -9999 -9999 -9999 -9999 -9999 -9999 -9999
-9999 -9999 -9999 -9999 -9999 -9999 -9999 -9999 -9999 -9999 -9999 -9999 0.0006601303549749749 -0.05373418142834863 -0.03847092411552483 -0.054697633127344165 -0.06098784597918061 -0.06374054433839332 -0.06288348969870378 -0.06226606031490878 -0.03899075106236635 -0.05941612073885541 -0.05956093462409226 -0.06559609865339905 -0.0726949651981448 -0.07189896835300785 -0.07093155960255601 -0.06793871648855265 -0.06507364446092602 -0.06398375867098405 -0.059281318929496674 -0.05969488064523092 -0.05503404864550127 -0.06310808756849268 -0.06579947680910375 -0.06593383183436735 -0.06153292900237903 -0.05935886873259812 -0.059583140951632474 -0.0342915312049317 -9999 -9999 -9999 -9999 -9999 -9999 -9999 -9999 -9999 -9999 -9999 -9999
-9999 -9999 -9999 -9999 -9999 -9999 -9999 -9999 -9999 -9999 -9999 -0.010766642940854942 -0.03121303551533555 -0.01006459026689549 -0.052902028716814035 -0.0446001121948299 -0.04865029451160968 -0.0556841635370402 -0.05412601287077578 -0.05359539690499121 -0.05311515629496219 -0.053158529251199786 -0.05067832674831152 -0.052344823593867364 -0.057206644799437524 -0.0604154644636335 -0.05948081821878697 -0.059918267744501236 -0.058153596635048176 -0.05618979284478412 -0.056863608887767085 -0.05612628436698525 -0.05547978933184192 -0.05810170444649654 -0.05609357700898099 -0.05997421886710511 -0.06463086440299565 -0.06458916471616091 -0.0554923271494252 -9999 -9999 -9999 -9999 -9999 -9999 -9999 -9999 -9999 -9999 -9999 -9999 -9999
-9999 -9999 -9999 -9999 -9999 0.002706508592262402 -0.06922571340596284 -0.02790332467878581 0.019466533213035098 0.035048419916695266 0.039745895028278085 -0.0597303952858016 -0.05609664624393152 -0.05570693675346755 -0.05378129685318078 -0.42911516154532897 -0.049988549714396285 -0.05750404485593458 -0.052435477530317666 -0.053535332299441435 -0.05141796808239524 -0.048736885671022856 -0.05432483416746603 -0.050029826038363534 -0.05124995811422778 -0.052564042661298105 -0.056259883971946256 -0.05603857141929669 -0.05501008715357755 -0.050236431579873085 -0.04979276275876293 -0.05132403137203265 -0.0488762968363097 -0.050402936075333055 -0.0524720486386546 -0.05465963396888512 -0.05512474533579837 -0.05311553908900901 -9999 -9999 -9999 -9999 -9999 -9999 -9999 -9999 -9999 -9999 -9999 -9999 -9999 -9999
-9999 -9999 -9999 -9999 -0.016246780374466085 0.020118653016922228 0.05158492364501066 -0.06397377731339943 -0.06604482660806933 -0.06022621112988219 -0.05975452201584214 -0.053014506928745535 -0.04324277665384196 -0.03897770114529589 -0.020313330480808408 -0.049518196306263 -0.048385891336743016 -0.04858842232152 -0.04330664047725746 -0.04388964416684357 -0.044448584420504166 -0.04141500023715608 -0.03888637892349245 -0.04742801971835914 -0.04961410752282694 -0.0521131862456409 -0.048696075847556634 -0.04500666130231795 -0.04811948724602766 -0.04547735973476219 -0.04163438261353547 -0.01475744110603744 -0.0058392032080299425 -0.00036377993995673213 -0.0013748734196709356 -9999 -9999 -9999 -9999 -9999 -9999 -9999 -9999 -9999 -9999 -9999 -9999 -9999 -9999 -9999 -9999 -9999
-9999 -9999 -9999 0.1532709440574623 -0.010183246335485507 -0.061849682965407986 0.02714255993551279 -0.042768123508482185 -0.043143167590292575 -0.04022222180124169 -0.03383053995279983 -0.032424732638461566 -0.026082206706792788 -0.036966878470483716 -0.04174476861953738 -0.04017210480562608 -0.043122463225090224 -0.04466142040257759 -0.044673982756928736 -0.04467610806574698 -0.04246321225866348 -0.03683930630846827 -0.03492412885016466 -0.03654928586783482 -0.0437496731180575 -0.043428077628569935 -0.03710086563868181 -0.04283798620063853 -0.04086962017322798 -0.030351987564015193 -0.029286582529503863 -9999 -9999 -9999 -9999 -9999 -9999 -9999 -9999 -9999 -9999 -9999 -9999 -9999 -9999 -9999 -9999 -9999 -9999 -9999 -9999 -9999
-9999 -9999 -9999 0.1453686283369149 0.17722130547390208 0.01868851224963486 -0.02718072370267832 -0.009248837173640112 0.047187785208634585 -0.03239141404117035 -0.04523852484423546 -0.055110150687191856 -0.04822591690162381 -0.047638109312034584 -0.042902233386105236 -0.03820809659005686 -0.040522058351108635 -0.03942994167516517 -0.04359983658970715 -0.04005486864064423 -0.03663986846088218 -0.03363542756638849 -0.03458692797633645 -0.03575050175844971 -0.03198067047172684 -0.03264765402527303 -0.03233865415677431 -0.032042756395230215 -0.03155972008787833 -9999 -9999 -9999 -9999 -9999 -9999 -9999 -9999 -9999 -9999 -9999 -9999 -9999 -9999 -9999 -9999 -9999 -9999 -9999 -9999 -9999 -9999 -9999
-9999 -9999 -9999 0.11500487529805725 0.04469795897603035 0.05828862635234555 0.0447219600235777 -0.030935220026339468 -0.034413256457300645 -0.01593478814606647 -0.03096969823281348 -0.03299551523177999 -0.04158077192503018 -0.042447141908968894 -0.041421708231280115 -0.04305931629490231 -0.040825230683517344 -0.038564670846316484 -0.043841419480536326 -0.042258948942257485 -0.03785290334701208 -0.033558797055425554 -0.038484816782299314 -0.03924471067244209 -0.03156606879617488 -0.030534814812938908 -0.04129420378460336 -0.02488546270447281 -9999 -9999 -9999 -9999 -9999 -9999 -9999 -9999 -9999 -9999 -9999 -9999 -9999 -9999 -9999 -9999 -9999 -9999 -9999 -9999 -9999 -9999 -9999 -9999
-9999 -9999 -9999 0.15911662150788436 0.06137509222377785 0.07263238627238422 0.08270067592141228 0.09335946369465893 0.04040242558099577 -0.040805124820998066 -0.03827999178115482 -0.05760818388272115 -0.04365634637280971 -0.04049407821250975 -0.04322910277111519 -0.044769985596188784 -0.04404826547213639 -0.04046246173515261 -0.043270158832176366 -0.03895177268986028 -0.038216976638228366 -0.03820737476900712 -0.03805348076499426 -0.041056960201975766 -0.034863622956346374 -0.037577038825295145 -0.03390141701387184 -9999 -9999 -9999 -9999 -9999 -9999 -9999 -9999 -9999 -9999 -9999 -9999 -9999 -9999 -9999 -9999 -9999 -9999 -9999 -9999 -9999 -9999 -9999 -9999 -9999
-9999 -9999 -9999 -9999 0.02280308358412192 -0.04941534321079705 -0.04795857011801105 -0.05324491670682699 -0.061295106689762964 -0.05597552685271742 -0.05908534234737627 -0.03885460212048922 -0.061653786865932925 -0.051473529426033005 -0.04539677901398187 -0.04425463713910227 -0.04760722928056188 -0.0525108827278018 -0.04669783823192117 -0.043796346215838285 -0.03645576630811115 -0.038223366176320606 -0.039943948070835934 -0.04285992535629446 -9999 -9999 -9999 -9999 -9999 -9999 -9999 -9999 -9999 -9999 -9999 -9999 -9999 -9999 -9999 -9999 -9999 -9999 -9999 -9999 -9999 -9999 -9999 -9999 -9999 -9999 -9999 -9999
