metrics/grid_rasters/SMAP L4/grideval_SMAP L4_X_fall_2015_absolute_ubrmsd.asc
ncols 52
nrows 55
xllcorner     11.25
yllcorner     55.25
cellsize      0.25
NODATA_value  -9999
[rows 0 to 27 of 55, columns 0 to 51 of 52]
-9999 -9999 -9999 -9999 -9999 -9999 -9999 -9999 -9999 -9999 -9999 -9999 -9999 -9999 -9999 -9999 -9999 -9999 -9999 -9999 -9999 -9999 -9999 -9999 -9999 -9999 -9999 -9999 -9999 -9999 -9999 -9999 -9999 -9999 -9999 -9999 0.022638734546696883 0.020631555323754804 0.02030295771937682 -9999 -9999 -9999 -9999 -9999 -9999 -9999 -9999 -9999 -9999 -9999 -9999 -9999
-9999 -9999 -9999 -9999 -9999 -9999 -9999 -9999 -9999 -9999 -9999 -9999 -9999 -9999 -9999 -9999 -9999 -9999 -9999 -9999 -9999 -9999 -9999 -9999 -9999 -9999 -9999 -9999 -9999 -9999 -9999 -9999 -9999 -9999 -9999 -9999 0.02327929143215748 0.02226823563783927 0.02251382594974026 0.01905021563201576 0.019476489883634603 0.018782870057150246 -9999 -9999 -9999 -9999 -9999 -9999 -9999 -9999 -9999 -9999
-9999 -9999 -9999 -9999 -9999 -9999 -9999 -9999 -9999 -9999 -9999 -9999 -9999 -9999 -9999 -9999 -9999 -9999 -9999 -9999 -9999 -9999 -9999 -9999 -9999 -9999 -9999 0.02519116564741145 0.025007532607774552 0.019936957921983484 0.014121476236222529 0.02343693544929109 0.023717015430870632 0.02523325673146944 -9999 0.02771467920285864 0.024351895953243653 0.022367386305812517 0.022034057932999816 0.019763795907719584 0.020107739597662197 0.019740818791922854 0.01963514214148623 0.019715141098866643 0.021716406269056236 0.02097122379936971 -9999 -9999 -9999 -9999 -9999 -9999
-9999 -9999 -9999 -9999 -9999 -9999 -9999 -9999 -9999 -9999 -9999 -9999 -9999 -9999 -9999 -9999 -9999 -9999 -9999 -9999 -9999 -9999 -9999 -9999 -9999 -9999 -9999 0.022429426785434487 0.02124348969347149 0.022820453005632502 0.024745125480343175 0.024180932358981992 0.02464552369470569 0.02681200998212519 0.030197346752014118 0.028342651710547326 0.025518695357058162 0.020884889614346088 0.01899326773211689 0.020898264111431444 0.02027166560424707 0.019638974823407342 0.019431423720916226 0.0191859981323716 0.018051067933328703 0.01839317687737661 0.018332898421115837 0.018601799024013186 -9999 -9999 -9999 -9999
-9999 -9999 -9999 -9999 -9999 -9999 -9999 -9999 -9999 -9999 -9999 -9999 -9999 -9999 -9999 -9999 -9999 -9999 -9999 -9999 -9999 -9999 0.0248463115884182 0.027020668572119988 0.025212570788253414 0.0248355883658268 0.02134604675285573 0.021435360674022047 0.021259484868771 0.02296353005785672 0.024962922540700483 0.025912710600248617 0.02656223284515546 0.028661274040042525 0.02810112733701348 0.025409867680296173 0.021396352849648508 0.01994568598707892 0.019341156549202796 0.01934546957634944 0.019489932202716182 0.018973999096709916 0.01869509525231253 0.018895360578149143 0.019375793184097 0.01932203062768009 0.019313899969297492 0.019166888636628982 0.01807142505274428 -9999 -9999 -9999
-9999 -9999 -9999 -9999 -9999 -9999 -9999 -9999 -9999 -9999 -9999 -9999 -9999 -9999 -9999 -9999 -9999 -9999 -9999 -9999 -9999 0.02402628788612849 0.024926184087389457 0.02500793793234381 0.014482833094337141 0.015887413481711327 0.02002107352825148 0.021443014813519387 0.021833134352039568 0.022764946393258725 0.02575926782265741 0.024896134115406917 0.025102166590703492 0.02482549663822058 0.02477622544525718 0.023662883019367902 0.020852554045781027 0.020511448114503332 0.02113494158858925 0.02083931879278272 0.021309045751868826 0.021293126013059847 0.02076271233015775 0.02083764114221132 0.0209169980504791 0.02031628400162835 0.019098075156399944 0.01872663381667796 0.01845038657991535 -9999 -9999 -9999
-9999 -9999 -9999 -9999 -9999 -9999 -9999 -9999 -9999 -9999 -9999 -9999 -9999 -9999 -9999 -9999 -9999 -9999 -9999 -9999 0.020871790249243776 0.019071666276627527 0.019964876391898742 0.020217490386383426 0.01899632873873968 0.018841478350016577 0.018651047491553337 0.02106840870593977 0.020898203640459773 0.02052693990511187 0.021995338792469902 0.023481222252081824 0.023271682481043592 0.022647070953076897 0.02486511617414776 0.021011390169348814 0.021521410957541467 0.021421091091443654 0.021907879834853396 0.021920165728960942 0.02261690833114453 0.024071541570838455 0.025859036430944823 0.025206729689434392 0.02186447581072401 0.022528486177048588 0.021716553234141813 0.0205997698920046 0.02024515506597891 0.020445250565417995 -9999 -9999
-9999 -9999 -9999 -9999 -9999 -9999 -9999 -9999 -9999 -9999 -9999 -9999 -9999 -9999 -9999 -9999 -9999 -9999 -9999 -9999 -9999 0.0207454001779033 0.023329485609196864 0.02505090739219304 0.022095519072725903 0.02073899014906675 0.020931895867332725 0.022583672758011986 0.02436916377970513 0.021966568763478533 0.02007835471652152 0.02432654657840746 0.025012117960217517 0.024225135947977646 0.02164724912882648 0.02368142665118142 0.021233769107211618 0.020501301980466163 0.02071663961502481 0.02068960410568091 0.021360403003022287 0.02273260989000564 0.02285224835276472 0.024214297117503718 0.02323104574421996 0.02175998600267584 0.02162148370721811 0.02124828362854401 0.02097122036199969 -9999 -9999 -9999
-9999 -9999 -9999 -9999 -9999 -9999 -9999 -9999 -9999 -9999 -9999 -9999 -9999 -9999 -9999 -9999 -9999 -9999 -9999 0.02243780873756973 0.02241042345905946 0.022651562352211867 0.02407905271464159 0.02482011372322364 0.02353718158982272 0.02374028867323041 0.02278257258464754 0.021059919952201262 0.020585786188121003 0.0212899421650572 0.021332387794909476 0.021775058807730008 0.021764384811790317 0.021141601225025505 0.021043181399144118 0.023585334395195025 0.020702610340890548 0.020361559624038742 0.020108196653950187 0.020427924630491638 0.020053555808493877 0.019652784342433588 0.01915358641138391 0.019477568480618872 0.021366477829945774 0.019529226388568424 0.018702222556574614 0.01875623164526045 0.02094933715307065 0.02124530351587928 0.019680488367847675 -9999
-9999 -9999 -9999 -9999 -9999 -9999 -9999 -9999 -9999 -9999 -9999 -9999 -9999 -9999 -9999 -9999 -9999 -9999 0.022218085020437272 0.02133121057633845 0.023596693214435 0.02403343356663907 0.023918430453537684 0.023941876516046498 0.0223389300352978 0.02084304829551413 0.021376745906857533 0.020234350610993462 0.020107587017680246 0.02046718777404136 0.02037707251333392 0.02090056470615519 0.020432155424013027 0.020196583706358857 0.01998515377337601 0.02007351161500968 0.020120580134166455 0.019667919174405857 0.01918888526749621 0.01994552878767921 0.020040067714020053 0.01968912384861156 0.019484831654563575 0.0191274831877099 0.019622893515854185 0.019353801393704656 0.01894184410526338 0.019317257168017948 0.018941627086300112 0.0196631312375974 0.019217735184019983 -9999
-9999 -9999 -9999 -9999 -9999 -9999 -9999 -9999 -9999 -9999 -9999 -9999 -9999 -9999 -9999 -9999 -9999 0.02383934668210696 0.022997655783200628 0.022977092109465733 0.02442420743949736 0.02794617669557001 0.02360851652125058 0.01978776622006239 0.019604855134438517 0.01880732999201339 0.01831811982948264 0.01846074603814787 0.019334804898844576 0.018921199591860453 0.01929234497331166 0.020451945037075123 0.020457160002986717 0.020131578319618447 0.02034338642468997 0.020763149950934458 0.020124316732890852 0.019672692759928112 0.019097019783959068 0.020122793346946697 0.022052293256950496 0.02150837632499853 0.01936564174917496 0.0198031748270122 0.020361177928328818 0.020920231342276847 0.020678598388181767 0.0204619412538215 0.020554351594044874 0.0212396385802896 -9999 -9999
-9999 -9999 -9999 -9999 -9999 -9999 -9999 -9999 -9999 -9999 -9999 -9999 -9999 0.02740045744664636 0.027599439366736145 0.02611607096180623 0.026366636880125898 0.024752265559950252 0.022859465325979 0.0222907111678408 0.023680159647134155 0.023844193309137292 0.021860439123510832 0.018044676677397044 0.017502909576750353 0.01608340260295324 0.011471682990081371 0.01676771653902943 0.018773210314483903 0.018485415029091654 0.01887045631912253 0.020045411993276536 0.019474515099617343 0.02033307710958062 0.020704118822441026 0.020493873502204 0.01982891170877016 0.02002271893501608 0.019507762172540487 0.018019144276636014 0.017744240843460858 0.017212697810368976 0.017793778418418758 0.019134930928202884 0.019227323558937304 0.021292815887700475 0.020824991257549445 0.02045547321656797 0.01823150144885405 0.019652360518306437 0.019987020854147625 -9999
-9999 -9999 -9999 -9999 -9999 -9999 -9999 -9999 -9999 -9999 -9999 -9999 -9999 0.028347958506438564 0.027024009388396227 0.025056536111621897 0.0259520270634594 0.02499927330691276 0.02337363504659452 0.022237980814228054 0.022489119231998356 0.02100502990120456 0.01881709181752951 0.0168462955190338 0.016357547115330575 0.014467917555853981 0.00578757346821823 0.015361817714289747 0.01354265392855059 0.01818588719218957 0.017786291321469867 0.0175761174207036 0.017300001133932028 0.01823655893778048 0.021341883870092775 0.021796471717953927 0.02061321551084913 0.021043857372371428 0.020713257994358792 0.02078764899690616 0.020029883529866142 0.02133286532023116 0.022067995837347858 0.019176436003269272 0.02225310562860665 0.01968875315025359 0.019696607984610176 0.020603467464017998 0.019851818947870414 0.01849193486156608 0.017625762723242726 0.016780201426702654
-9999 -9999 -9999 -9999 -9999 -9999 -9999 -9999 -9999 -9999 -9999 -9999 -9999 0.02412164339217024 0.02784002158046898 0.02625833149316304 0.02475942858170426 0.02301548944539441 0.02231658452318849 0.02092131438486231 0.020878511960897482 0.018571742650864732 0.017192009538328553 0.016273389887168598 0.016254912195225412 0.016094004236904925 0.015482968894924157 0.006521229839421966 0.009632893111315256 0.017388598645839845 0.017173896103379355 0.017478631510700303 0.016937032701786203 0.017419646221155376 0.01847318803163719 0.01939083419339205 0.018732567780496947 0.01905212630496072 0.019029112212469376 0.02114027915420624 0.021617695947425332 0.023912141137782082 0.024677653647705192 0.02399441549302405 -9999 -9999 -9999 -9999 -9999 -9999 -9999 -9999
-9999 -9999 -9999 -9999 -9999 -9999 -9999 -9999 -9999 -9999 -9999 -9999 -9999 0.02501752360838931 0.02366083947021633 0.022182625014511063 0.020730733390727136 0.019687624577536547 0.019896521518555917 0.01830743830830137 0.01828638410025154 0.013607060040877784 0.015654620739731114 0.016715374434465784 0.016632020601193183 0.016078969424952936 0.015802530496902792 0.01580708254386456 0.01617325334486364 0.018048719524187656 0.018073254232024837 0.017939893611251083 0.017748015645080214 0.02050745630961735 0.0218602580244041 0.021454707989488387 0.020088509155939696 0.020801326052547336 0.0212642315665843 0.02367007764958693 0.025391972677185726 -9999 -9999 -9999 -9999 -9999 -9999 -9999 -9999 -9999 -9999 -9999
-9999 -9999 -9999 -9999 -9999 -9999 -9999 -9999 -9999 -9999 -9999 -9999 0.024271085698939262 0.0268945300888476 0.025321772748749586 0.02416247478514061 0.022826054095619892 0.02154349351540619 0.020228512223002985 0.018120687750973828 0.017195384226736745 0.01661042879282833 0.016190806073010162 0.0157738941881137 0.015831389927106913 0.015281850099393663 0.015719580591961477 0.016062151136677746 0.016172719891579663 0.016155199873594896 0.016688903413572213 0.01919563280825691 0.017710234609521317 0.020916995345105167 0.0233823389840421 0.022427992837924102 0.02075902975281713 0.021410688192913398 0.022941763230456803 0.02529496281085171 0.026074020292958747 -9999 -9999 -9999 -9999 -9999 -9999 -9999 -9999 -9999 -9999 -9999
-9999 -9999 -9999 -9999 -9999 -9999 -9999 -9999 -9999 -9999 -9999 0.028360106109668867 0.02724476167342284 0.027624175495392467 0.025582048569712402 0.02602608169397624 0.024803785767087812 0.022246146206498646 0.01986119664546719 0.017912880194998586 0.01742062384518021 0.01771834094528046 0.018101988812833373 0.015275086180012791 0.01622466789791929 0.01598885435286774 0.015345011856862219 0.01519700400291549 0.01670927702680436 0.017332989595625337 0.01859615333565205 0.020712106979717145 0.017741879713774326 0.02020186751601311 0.021328414630288044 0.023040614294396557 0.022418648265334445 0.02482371578631212 0.028713025640500413 0.025476599824250684 -9999 -9999 -9999 -9999 -9999 -9999 -9999 -9999 -9999 -9999 -9999 -9999
-9999 -9999 -9999 -9999 -9999 -9999 -9999 -9999 -9999 -9999 0.028202222570782136 0.02878096570555208 0.028710214839555763 0.027960162703509917 0.027157194645101683 0.024220100895027016 0.022175407843343903 0.020778005657505788 0.019589818513245774 0.01682387422521632 0.01715470984646977 0.017450075139935583 0.017904355284542726 0.01735587432904751 0.0165947899986173 0.016526789486130962 0.016918181826238256 0.01666811174641019 0.01689133827266497 0.01688239347228761 0.01825561255280389 0.019554632050309027 0.018270327896516638 0.01975372354883774 0.021242557472647 0.022682922432756467 0.02288248085813921 0.02534739497977119 0.027077663637574342 -9999 -9999 -9999 -9999 -9999 -9999 -9999 -9999 -9999 -9999 -9999 -9999 -9999
-9999 -9999 -9999 -9999 -9999 -9999 -9999 -9999 -9999 -9999 -9999 -9999 0.022731103828780536 0.024678320497925496 0.02424346650529616 0.021103019020327112 0.02042053953792985 0.01981480438265366 0.01909360402256313 0.018545917168564068 0.016532746617350283 0.017327747710377497 0.01759059163510216 0.017808380262477115 0.017379184484490537 0.017242506331328386 0.017990870043717383 0.017911975430625608 0.01816351634879929 0.01771991994798043 0.0176016814603399 0.018182397008795717 0.017451013095352075 0.01780209750794245 0.01825025974732268 0.019287477919575156 0.020736463519629558 0.02328455762504224 0.025892057423987737 0.02137579593511405 -9999 -9999 -9999 -9999 -9999 -9999 -9999 -9999 -9999 -9999 -9999 -9999
-9999 -9999 -9999 -9999 -9999 -9999 -9999 -9999 -9999 -9999 -9999 0.02475617185799541 0.024916174191399004 0.02331891734513721 0.0226521007128312 0.019931902764743773 0.018951913058067562 0.01866995705321661 0.018930441587122898 0.01861615509410039 0.01761689391574374 0.016618672699022518 0.01688371317163227 0.016387496396175837 0.015520036783211259 0.016429645210964128 0.01754219604333646 0.017022603658901934 0.01659547602028497 0.017033683496113332 0.01834993238797577 0.01794337601059116 0.017988285949353904 0.019172369304927096 0.018597108886853186 0.018538084208047062 0.01998679622230233 0.023304720980012687 0.024653043366158037 -9999 -9999 -9999 -9999 -9999 -9999 -9999 -9999 -9999 -9999 -9999 -9999 -9999
-9999 -9999 -9999 -9999 -9999 0.02412417682669919 0.028166446597960745 0.024502054441126558 0.02280123596854945 0.022574937725999198 0.0229998208062786 0.022874003809727945 0.02175003276274743 0.02166226173544496 0.020501955102450547 0.021008974084061924 0.018752507158907774 0.018253727378038667 0.019013132210117828 0.01963691570691379 0.018300122468940888 0.017464619295072172 0.018192140822061158 0.016976020973156262 0.015703287684349438 0.016605880491103345 0.017350537504922176 0.01782395336334731 0.01785930375957281 0.017419691160020914 0.017412506789980072 0.017885885888592967 0.018449037137710442 0.02042128115480757 0.02125040597596675 0.02229346311252886 0.02234400367742417 0.022463112929605792 -9999 -9999 -9999 -9999 -9999 -9999 -9999 -9999 -9999 -9999 -9999 -9999 -9999 -9999
-9999 -9999 -9999 -9999 0.025238065600809958 0.021826256444777932 0.01979292767931829 0.021275643190110032 0.02365954676687512 0.02224463944779969 0.021990220373358318 0.021262245691349924 0.020127314822845598 0.02004961208788433 0.018047606558620786 0.018529940227348426 0.017988117558002815 0.01844281432287491 0.018414791054683858 0.01907802922184899 0.019414710184466742 0.017878381405873816 0.01643604720931403 0.016636428754284557 0.01645647769421113 0.01748795115974149 0.017204103009045412 0.017458333217673278 0.017623101690139628 0.017629429720936826 0.01719781898972281 0.016860159844285034 0.015255563153956788 0.013287400520268285 0.014041519400912986 -9999 -9999 -9999 -9999 -9999 -9999 -9999 -9999 -9999 -9999 -9999 -9999 -9999 -9999 -9999 -9999 -9999
-9999 -9999 -9999 0.017319748248426775 0.021202373843527227 0.021071666879321497 0.019285088680541608 0.020679043797824183 0.019872000643514562 0.01978445065623768 0.019302887378513708 0.01612101148306565 0.015452311133055662 0.016830656294493106 0.017062705348063006 0.016688777077426 0.016710896245187363 0.016931915388275355 0.016737515794001043 0.017246778440042958 0.017451337695342642 0.01601316677076213 0.015692083743192448 0.016653973550587127 0.017978527920581168 0.018324999173350263 0.01755560443109778 0.01864263146179556 0.01891623542477188 0.01884888848147917 0.01874027474281321 -9999 -9999 -9999 -9999 -9999 -9999 -9999 -9999 -9999 -9999 -9999 -9999 -9999 -9999 -9999 -9999 -9999 -9999 -9999 -9999 -9999
-9999 -9999 -9999 0.016988609215219632 0.015366505528532554 0.020312470495627247 0.02014870382566549 0.0196941126002656 0.01840873514278125 0.01963325293308913 0.01935884651259789 0.008684614404800372 0.0070217883599616076 0.01620256424595936 0.017040057546874408 0.016159804985639504 0.01621847797984917 0.015852167789977698 0.0160030313609333 0.0165428667056673 0.016818991549759292 0.01621176580642246 0.016258388833599712 0.017753443312324153 0.0181184722196179 0.018854762797041884 0.017687294076206558 0.01777478530229394 0.019639406073740928 -9999 -9999 -9999 -9999 -9999 -9999 -9999 -9999 -9999 -9999 -9999 -9999 -9999 -9999 -9999 -9999 -9999 -9999 -9999 -9999 -9999 -9999 -9999
-9999 -9999 -9999 0.01591211933121461 0.018899281182754028 0.017418772481819025 0.02034192127886657 0.019160992920629942 0.01870253206019791 0.01774553657698689 0.018346333012338 0.017386039930204475 0.016583711002286842 0.016252474528361684 0.015713014130144518 0.015541957333049897 0.01553982721211647 0.016118012866248775 0.01649081489274789 0.017900540898768857 0.018926792573044797 0.017376285736744778 0.017275063285308083 0.017251207158005894 0.01736771813572607 0.018607069908859783 0.022136299868707097 0.02165939163780812 -9999 -9999 -9999 -9999 -9999 -9999 -9999 -9999 -9999 -9999 -9999 -9999 -9999 -9999 -9999 -9999 -9999 -9999 -9999 -9999 -9999 -9999 -9999 -9999
-9999 -9999 -9999 0.013234137191142605 0.01753995753379033 0.019125110376424743 0.020305330029944897 0.016510805288936 0.015821788618565133 0.01799840394355359 0.018419637653482503 0.018993333609977143 0.017250450753678502 0.01641274518111155 0.01584591998770438 0.015532855280193969 0.015665081677048453 0.016466311278415958 0.01648243133925292 0.01861659958170219 0.017291750854703657 0.017243123363393214 0.0184105093650449 0.01815877446976809 0.017310002517497536 0.01830071013090453 0.018518898702878383 -9999 -9999 -9999 -9999 -9999 -9999 -9999 -9999 -9999 -9999 -9999 -9999 -9999 -9999 -9999 -9999 -9999 -9999 -9999 -9999 -9999 -9999 -9999 -9999 -9999
-9999 -9999 -9999 -9999 0.02184764247082233 0.021437484250851457 0.021753221196789883 0.020071201070353525 0.019669732945136173 0.018515815189661545 0.018963937300945446 0.01750118696160534 0.018603761241528856 0.01759532368178996 0.016493138388590598 0.015601842365800197 0.015724232433120437 0.01687616986694396 0.01673722232446105 0.017739486487343466 0.01712834585810064 0.0170898413568723 0.01753552950120648 0.018983456525244285 -9999 -9999 -9999 -9999 -9999 -9999 -9999 -9999 -9999 -9999 -9999 -9999 -9999 -9999 -9999 -9999 -9999 -9999 -9999 -9999 -9999 -9999 -9999 -9999 -9999 -9999 -9999 -9999
-9999 -9999 -9999 -9999 0.016590006620658317 0.019890774030603183 0.02169698122882029 0.021624466975269308 0.02141396402210368 0.019843880548268283 0.018930406383858633 0.018729282445522025 0.01825098719179712 0.018306293384055358 0.017282519207816666 0.015645765687520182 0.0159663555768392 0.016093995182947164 0.016298327704615763 0.017931922254753176 0.01747992171557583 0.017364099811037127 0.017414356209739808 0.019162114827840148 0.019667275574764047 -9999 -9999 -9999 -9999 -9999 -9999 -9999 -9999 -9999 -9999 -9999 -9999 -9999 -9999 -9999 -9999 -9999 -9999 -9999 -9999 -9999 -9999 -9999 -9999 -9999 -9999 -9999
