metrics/grid_rasters/SMAP L4/grideval_SMAP L4_X_summer_2017_absolute_ubrmsd.asc
ncols 52
nrows 55
xllcorner     11.25
yllcorner     55.25
cellsize      0.25
NODATA_value  -9999
[rows 0 to 27 of 55, columns 0 to 51 of 52]
-9999 -9999 -9999 -9999 -9999 -9999 -9999 -9999 -9999 -9999 -9999 -9999 -9999 -9999 -9999 -9999 -9999 -9999 -9999 -9999 -9999 -9999 -9999 -9999 -9999 -9999 -9999 -9999 -9999 -9999 -9999 -9999 -9999 -9999 -9999 -9999 0.028333235641957732 0.03197350705262992 0.03528069970486667 -9999 -9999 -9999 -9999 -9999 -9999 -9999 -9999 -9999 -9999 -9999 -9999 -9999
-9999 -9999 -9999 -9999 -9999 -9999 -9999 -9999 -9999 -9999 -9999 -9999 -9999 -9999 -9999 -9999 -9999 -9999 -9999 -9999 -9999 -9999 -9999 -9999 -9999 -9999 -9999 -9999 -9999 -9999 -9999 -9999 -9999 -9999 -9999 -9999 0.030163787669942838 0.02978636946879967 0.029169955800445874 0.026800559979921614 0.03177851363941034 0.030814095528680155 -9999 -9999 -9999 -9999 -9999 -9999 -9999 -9999 -9999 -9999
-9999 -9999 -9999 -9999 -9999 -9999 -9999 -9999 -9999 -9999 -9999 -9999 -9999 -9999 -9999 -9999 -9999 -9999 -9999 -9999 -9999 -9999 -9999 -9999 -9999 -9999 -9999 0.017291480754006244 0.029410270349236555 0.03296692265565409 0.020016994637725043 0.03357482680809131 0.04180798186443499 0.04583465709766185 -9999 0.04060159757566704 0.0300502362476248 0.026940263209259737 0.03110172258334789 0.035903372989618376 0.03814556872868345 0.03814767617022765 0.037649307372774346 0.03269781986530768 0.035035872784402865 0.038035735121460815 -9999 -9999 -9999 -9999 -9999 -9999
-9999 -9999 -9999 -9999 -9999 -9999 -9999 -9999 -9999 -9999 -9999 -9999 -9999 -9999 -9999 -9999 -9999 -9999 -9999 -9999 -9999 -9999 -9999 -9999 -9999 -9999 -9999 0.019705657026594613 0.019357557464236144 0.02961101571208573 0.03426185843326782 0.031499970011509386 0.0375401342672265 0.04361020993931752 0.04374512964900167 0.038453558906811215 0.038700119335490855 0.03566731538437587 0.035975610428729425 0.03557261377547958 0.03688752743731809 0.03623131832191423 0.03594441298858166 0.034541088047718736 0.03621455772865123 0.03318871944950382 0.03270157853285057 0.0321558899032066 -9999 -9999 -9999 -9999
-9999 -9999 -9999 -9999 -9999 -9999 -9999 -9999 -9999 -9999 -9999 -9999 -9999 -9999 -9999 -9999 -9999 -9999 -9999 -9999 -9999 -9999 0.019509031005800297 0.017833955074851183 0.019169409657441825 0.020653038759470718 0.0151967813152597 0.020389527886341262 0.02521032207544498 0.02553352427826256 0.03058702591916576 0.03634748944867454 0.03382628295987468 0.04066292898147447 0.03900548168224301 0.037866268238322 0.03185607972153478 0.02824806281219653 0.027659269796502208 0.0268865541111668 0.027293120706420444 0.03433470614468341 0.03352794978560746 0.02637985286886511 0.02653644438270918 0.030005773539728626 0.02825983139819256 0.027917828734904247 0.02839360810388545 -9999 -9999 -9999
-9999 -9999 -9999 -9999 -9999 -9999 -9999 -9999 -9999 -9999 -9999 -9999 -9999 -9999 -9999 -9999 -9999 -9999 -9999 -9999 -9999 0.018157067018217645 0.017853828533807008 0.02131437123248584 0.019757014400206063 0.01287406186056982 0.017130735611505583 0.02352187649332722 0.0237012396407362 0.028605641486875374 0.03535068136352449 0.03634350887994345 0.03288624409119795 0.03456158105800403 0.03340241458814862 0.031018231071620942 0.03204823881743745 0.031543259937944976 0.02770302314632953 0.027292860494180903 0.025693889781079445 0.025434783038274896 0.02638644960220829 0.026560392245303363 0.027359385521330576 0.02896248595728123 0.029785997050196706 0.029858086245027882 0.029736178036256725 -9999 -9999 -9999
-9999 -9999 -9999 -9999 -9999 -9999 -9999 -9999 -9999 -9999 -9999 -9999 -9999 -9999 -9999 -9999 -9999 -9999 -9999 -9999 0.02124188187414306 0.01734025713073627 0.016771849505222772 0.019138428482004918 0.016665640029835584 0.023769552263023862 0.02218002657256483 0.020779082586348974 0.0188654156213225 0.01934408350671066 0.02306599624015757 0.029213630351511595 0.0305092325500164 0.031253996783705294 0.03155034321080402 0.03095445464280775 0.031107966505598862 0.0300033203782228 0.03109329036501206 0.027130967312225654 0.02561070701977194 0.024518449817813585 0.027217641803035385 0.028970531577470083 0.02988235187601508 0.03353220488513034 0.03416338476138181 0.037389638715640314 0.03436039170107117 0.030921190508200688 -9999 -9999
-9999 -9999 -9999 -9999 -9999 -9999 -9999 -9999 -9999 -9999 -9999 -9999 -9999 -9999 -9999 -9999 -9999 -9999 -9999 -9999 -9999 0.019392615722598858 0.019748928708623752 0.02041889056251728 0.0186579764055882 0.01866376517199362 0.022169153558226257 0.027744010031459543 0.03376747977720078 0.02656689856464521 0.01922345961402341 0.02179662369100171 0.02183338006792689 0.02128285975962247 0.024214533046896847 0.027042062737444226 0.02546208012460853 0.025435375426054875 0.02690028595592024 0.025935079518371082 0.025488277210660173 0.02590996658994193 0.02605151346297342 0.028300446299712293 0.0324101451640582 0.03442593562870098 0.034724766542849735 0.0342024066797942 0.031432419915956945 -9999 -9999 -9999
-9999 -9999 -9999 -9999 -9999 -9999 -9999 -9999 -9999 -9999 -9999 -9999 -9999 -9999 -9999 -9999 -9999 -9999 -9999 0.022715374304272458 0.021671323815196042 0.01878620810901204 0.02127066772252268 0.023461352236055426 0.027995179372745708 0.04239835471399072 0.03559551980561558 0.030117271300635306 0.029327139372337007 0.02683808162907433 0.02562321702341729 0.024939015411766758 0.02451654716136721 0.02506403659977598 0.024329433193097244 0.026266285730299474 0.024541081112966143 0.025467000495845413 0.026632606169539497 0.027303650284673117 0.026930679759313517 0.03090389188293478 0.033049402504120536 0.030822702538722112 0.03094081613525767 0.034094922437537485 0.033746188307741815 0.02806537101586475 0.029096604495046783 0.031942261054423784 0.029635949119347287 -9999
-9999 -9999 -9999 -9999 -9999 -9999 -9999 -9999 -9999 -9999 -9999 -9999 -9999 -9999 -9999 -9999 -9999 -9999 0.02662814439615037 0.025075600912105568 0.024600632612079516 0.025811039719447662 0.03499978429490147 0.0359891824156535 0.031025219124477695 0.031915919487286885 0.030460635448231892 0.03852495771023636 0.03736326748467685 0.027169794998514026 0.02544567443666409 0.02607772114839828 0.02471060246159491 0.02617760054453808 0.025466740311638317 0.02529564964523532 0.026007280320813158 0.025680368004024567 0.026977275691150437 0.02816417858615238 0.028660895908245623 0.028415469486456943 0.032210916344167714 0.028233425014672495 0.02931069787111605 0.02996649636689332 0.029443273471215524 0.02709530868761851 0.02624932345968383 0.027834725001242025 0.02677599989278397 -9999
-9999 -9999 -9999 -9999 -9999 -9999 -9999 -9999 -9999 -9999 -9999 -9999 -9999 -9999 -9999 -9999 -9999 0.02543484225112092 0.024057066554663168 0.034966360012400464 0.03799055736689455 0.0412782985618346 0.035301841168307674 0.029113978315325726 0.026960365021156042 0.02759742041238531 0.02702965553976107 0.027663877150303873 0.028618839489038136 0.02837421269509888 0.027002320575343585 0.02891996032604201 0.029583775612464818 0.0332456676376333 0.033367408263293666 0.03393474456532998 0.034280033502377516 0.03651803302184665 0.03603177939951194 0.03514239843805532 0.03746224604582147 0.03439480604661625 0.02951235140155045 0.028576682494210973 0.030271776815459176 0.032799570672041006 0.030475005502918782 0.02653225902737649 0.026881487347732158 0.03140300732468298 -9999 -9999
-9999 -9999 -9999 -9999 -9999 -9999 -9999 -9999 -9999 -9999 -9999 -9999 -9999 0.024545346934847487 0.02484793242331324 0.02526667905961836 0.024647621145901657 0.02289207771800919 0.022785432533608027 0.022207092091210655 0.02557084776338757 0.03055436948377665 0.03023414423977033 0.026765297423962782 0.022439034494073636 0.021309047866206653 0.02011214310675897 0.0267806098694573 0.03425120216491236 0.0321442196198486 0.030341793941639706 0.03204228415376837 0.030944273524344763 0.03551593695227296 0.035552260818167536 0.03458511296985483 0.036404799081540366 0.041224115555422366 0.04035743194665309 0.03643461044201788 0.035204515605996405 0.03371524506256332 0.03268781247764238 0.029347373469895407 0.029703509845328387 0.032470549530359265 0.030372111788927268 0.031603321912708766 0.02927433392822493 0.031680199642543136 0.0316314852618459 -9999
-9999 -9999 -9999 -9999 -9999 -9999 -9999 -9999 -9999 -9999 -9999 -9999 -9999 0.0279012280848043 0.02290900019047037 0.028194596310501037 0.04156848863231757 0.032749590237096365 0.03126731790944883 0.022933427496125283 0.03603672553527604 0.0332744125640836 0.03107447963729224 0.02437610093157268 0.02239249646411044 0.018777350818434627 0.0103754757400402 0.02376807848433812 0.02424362578815487 0.02991164631337648 0.02956569953823002 0.029210008435089956 0.03173884619047628 0.032984897178270974 0.035580466684335406 0.035645992924987005 0.034041020009874745 0.03523901812592501 0.03745176693746201 0.03851464793057568 0.03896124322150303 0.038466468151810936 0.036365224576415854 0.03998254483047011 0.04436963789687141 0.03826781311910637 0.040337567858633364 0.03819483084050599 0.0396766349758934 0.03609955086917832 0.034878128273028546 0.03093709851888372
-9999 -9999 -9999 -9999 -9999 -9999 -9999 -9999 -9999 -9999 -9999 -9999 -9999 0.02583407936554876 0.03521671439423783 0.03826931424891476 0.03426490285334369 0.03174809507944147 0.034985173280096316 0.03364692589206576 0.030390838063712424 0.026302278828680616 0.023477282595814667 0.020493859676670504 0.021993754852562133 0.024779622787581824 0.026744157877737647 0.015177694116391657 0.017663104366613273 0.028728414577547167 0.028886378619132024 0.03077531856826901 0.030690539116602238 0.030949158556038237 0.03199721652978065 0.03396457606559817 0.03325555069730388 0.03309448273529045 0.034159766740430725 0.0355691507455857 0.034744911990889533 0.033276244074838035 0.033150231519194766 0.03688078382416719 -9999 -9999 -9999 -9999 -9999 -9999 -9999 -9999
-9999 -9999 -9999 -9999 -9999 -9999 -9999 -9999 -9999 -9999 -9999 -9999 -9999 0.0352664212376433 0.03401663181908824 0.03550126111889438 0.02828034368412605 0.02597320047238985 0.028289689321583725 0.021743821579434986 0.02135792091163537 0.0189004150658882 0.023151950750778562 0.02378075925493308 0.0240668884564982 0.02505147527046829 0.02694223829557199 0.0282504710047202 0.0288442587594975 0.03259254639881126 0.03203401903579089 0.03125157000247189 0.031162608107539576 0.030829711447121086 0.03079367846029665 0.030334237352378286 0.0294885775169459 0.029248457000299707 0.02991406573777377 0.029342885463807814 0.02735190206723899 -9999 -9999 -9999 -9999 -9999 -9999 -9999 -9999 -9999 -9999 -9999
-9999 -9999 -9999 -9999 -9999 -9999 -9999 -9999 -9999 -9999 -9999 -9999 0.025919210980466453 0.035328458029039285 0.0345076013339527 0.039568472487076914 0.03281098038555607 0.029159557166468026 0.02458073539415934 0.01978364841866385 0.02160829299013077 0.02212416864888926 0.02019704689599271 0.02148808231614869 0.024438343814419217 0.025469008519186462 0.028447305370367312 0.029926453588855206 0.03019478293103465 0.03107390764479794 0.030929874840532206 0.03365416392321305 0.031444348268902494 0.02889874298026525 0.028253824554880742 0.027521192079491247 0.029128231323193976 0.029666063571574162 0.02875694806250849 0.02558243105045328 0.02475585646107519 -9999 -9999 -9999 -9999 -9999 -9999 -9999 -9999 -9999 -9999 -9999
-9999 -9999 -9999 -9999 -9999 -9999 -9999 -9999 -9999 -9999 -9999 0.03953261440451387 0.03638779746171873 0.03296133764354391 0.0280434629138241 0.030033221342131343 0.03016545983970835 0.023954834553053885 0.02000189297084421 0.02003439228184206 0.0212267140844902 0.02183823484195106 0.023128992482119626 0.022822713597530072 0.023483247403147237 0.026176263893057997 0.027954862485849448 0.029856681820577706 0.03082040679357772 0.0305605336917698 0.030341356539585376 0.03060094727688444 0.02773780227695534 0.027432968704972072 0.02737724294554413 0.027479701064660057 0.02822230490836768 0.026637414769665163 0.025427901962104444 0.02852263861449782 -9999 -9999 -9999 -9999 -9999 -9999 -9999 -9999 -9999 -9999 -9999 -9999
-9999 -9999 -9999 -9999 -9999 -9999 -9999 -9999 -9999 -9999 0.044712696746655435 0.043246190909624616 0.04010015467884386 0.03407603360486152 0.031587382903859325 0.02484041819530192 0.020704199338429943 0.01796346585839223 0.01875106772594405 0.017601234114030254 0.017497401847390702 0.02015556079450725 0.021022164551565137 0.020926546598417518 0.022126016620426268 0.023954867968667626 0.02615815888036252 0.0284492645815445 0.02846922047168895 0.02867540668510488 0.027542877425482046 0.026379605561091188 0.025711750547940674 0.02495115540626312 0.025591557905486752 0.026407714838762357 0.025372951535330892 0.025247042571896233 0.02380183819015326 -9999 -9999 -9999 -9999 -9999 -9999 -9999 -9999 -9999 -9999 -9999 -9999 -9999
-9999 -9999 -9999 -9999 -9999 -9999 -9999 -9999 -9999 -9999 -9999 -9999 0.022267557062027026 0.020386874506086016 0.018364753654158048 0.017848335585691714 0.018995090242174408 0.019592455054799257 0.01914597025826239 0.018501421811499625 0.018775815453927744 0.018801244745739226 0.018987518061306188 0.0191949817828158 0.020434151766608358 0.02057149371824066 0.021391922124930355 0.021776085015455155 0.02261999158222033 0.02390966101878289 0.022306922127046276 0.02120578364365941 0.021143670374266104 0.02229974650389118 0.023542199881378987 0.024269592806498663 0.024648420556575658 0.02482803540152148 0.023503189461502125 0.03359285625086598 -9999 -9999 -9999 -9999 -9999 -9999 -9999 -9999 -9999 -9999 -9999 -9999
-9999 -9999 -9999 -9999 -9999 -9999 -9999 -9999 -9999 -9999 -9999 0.024991967074459925 0.02452014141926113 0.02392017672212408 0.021690802705828453 0.01862020474010433 0.0181226546830054 0.01919378733675268 0.01884110955304431 0.01827570955188324 0.018053196594888743 0.018205406489488426 0.018812788697078663 0.0187501398674676 0.019724746904605468 0.01971172274773019 0.01956565714767041 0.018268738295432685 0.017912468999689745 0.019592858846201773 0.01951177337667662 0.01852284445598263 0.019734126807262126 0.02250855097185809 0.025459815416827063 0.02600055267007657 0.02731984578558459 0.02487687337317491 0.022950435058168937 -9999 -9999 -9999 -9999 -9999 -9999 -9999 -9999 -9999 -9999 -9999 -9999 -9999
-9999 -9999 -9999 -9999 -9999 0.02726330557504064 0.03040046482040864 0.02576181960962265 0.022533228097019572 0.022620408292526883 0.023008648253812075 0.020442038749255563 0.019978244903079683 0.021518866323591224 0.02055998810756028 0.02148747542134318 0.020207001547408284 0.01908638054385212 0.01837467447771895 0.018762481002030058 0.01799350952877589 0.01741180372755078 0.01772287987077066 0.01820209845621813 0.018628643577922845 0.019720375353337656 0.020574098725674183 0.019086789558693768 0.018693571894373 0.01891817145223097 0.018355790350317425 0.019760762376358286 0.02106377847336112 0.02316980635915583 0.023961158373411808 0.024761562507876967 0.025480219900451868 0.023521410585055143 -9999 -9999 -9999 -9999 -9999 -9999 -9999 -9999 -9999 -9999 -9999 -9999 -9999 -9999
-9999 -9999 -9999 -9999 0.024663082052867838 0.024903159021105133 0.01676121497669888 0.02146135323511844 0.02175431432830669 0.019826501304032247 0.02034855908778468 0.02071751244856853 0.01918618389594897 0.01988770028912295 0.018815821800378087 0.019390382406562472 0.01869420414771316 0.01884969438489761 0.01742574764756704 0.017559254306469495 0.017284701284915827 0.016527492509310966 0.015629157236880572 0.01813523652706556 0.01954333839653195 0.02123612452907508 0.023040505536182504 0.02192185166779772 0.02110949515791428 0.021441019862796968 0.020481714827881917 0.03531800433832048 0.036182342574475966 0.03338204693969045 0.03329299739499207 -9999 -9999 -9999 -9999 -9999 -9999 -9999 -9999 -9999 -9999 -9999 -9999 -9999 -9999 -9999 -9999 -9999
-9999 -9999 -9999 0.0260726623572904 0.023991064833824655 0.021288075169785797 0.018920402601800182 0.02209059015544507 0.02157830537472988 0.021364939797172283 0.02181634530428211 0.01611996561279659 0.016756367126770432 0.01891957518967129 0.0186989650460226 0.017990882106853113 0.01818680142471445 0.0192565462903974 0.01808245303202162 0.018065209914955745 0.01805537321430776 0.018568123021563326 0.01922646252640971 0.019662621587473384 0.02011021641609217 0.021619008946224517 0.022283213863069556 0.02106426045678071 0.02081575676257765 0.02115282040797504 0.01979321071337458 -9999 -9999 -9999 -9999 -9999 -9999 -9999 -9999 -9999 -9999 -9999 -9999 -9999 -9999 -9999 -9999 -9999 -9999 -9999 -9999 -9999
-9999 -9999 -9999 0.02236753980175752 0.023856218085164218 0.01854345525637226 0.022746638173151344 0.018991115540921102 0.01725815559044715 0.02066513338915837 0.02194877520830988 0.010954056743812527 0.010915899832430092 0.017711247388123155 0.018778221160393595 0.017891352186015813 0.0184842288217443 0.01866574867550985 0.018843131377894416 0.01899562555291153 0.018269244505378014 0.018242340078875485 0.01937653858885676 0.01982106169957804 0.020101788501201853 0.02151314918327848 0.02208709849957715 0.019749978889755947 0.020723527726723503 -9999 -9999 -9999 -9999 -9999 -9999 -9999 -9999 -9999 -9999 -9999 -9999 -9999 -9999 -9999 -9999 -9999 -9999 -9999 -9999 -9999 -9999 -9999
-9999 -9999 -9999 0.02054528844540989 0.02227914859339366 0.01907431225040094 0.0189420689225044 0.018229441572528083 0.020190433983711148 0.02044545846936364 0.020494048983139345 0.018722619587683405 0.01816739359023006 0.018143693866450025 0.018269499399275343 0.017636240711208562 0.017807589852720785 0.018191545184270918 0.019778864617080404 0.019836745548269915 0.020890782936485882 0.02018624142019045 0.020217743312794183 0.021126425437409904 0.021903738326854397 0.02195958230983985 0.023897958350202832 0.03864220170423849 -9999 -9999 -9999 -9999 -9999 -9999 -9999 -9999 -9999 -9999 -9999 -9999 -9999 -9999 -9999 -9999 -9999 -9999 -9999 -9999 -9999 -9999 -9999 -9999
-9999 -9999 -9999 0.02200754832220811 0.021954673354674218 0.022547119404734688 0.01902506942296274 0.015699836877883053 0.017836408593651654 0.021067966692481264 0.021787200337506515 0.020287745511040258 0.018208841167997862 0.017495597597325534 0.01787191604406641 0.01838647400367683 0.01884538463576718 0.019406615666249155 0.020344226550113576 0.021916266650072687 0.020981783073055708 0.02082889903738325 0.021683367556345867 0.02262043546893081 0.0230307080483347 0.021736545084782042 0.020455178517149054 -9999 -9999 -9999 -9999 -9999 -9999 -9999 -9999 -9999 -9999 -9999 -9999 -9999 -9999 -9999 -9999 -9999 -9999 -9999 -9999 -9999 -9999 -9999 -9999 -9999
-9999 -9999 -9999 -9999 0.01887344695094356 0.0197877481085094 0.021850618352280263 0.021776026583055046 0.022998271255547428 0.024511028163321548 0.023266397615569912 0.02306512729303161 0.022495017431320014 0.023044935785019868 0.02101347247380984 0.02090697879463061 0.021355113276321662 0.02343996588187796 0.022737598072828963 0.023422599485769455 0.024553868907046916 0.024218519264079703 0.023439411508255296 0.023430889139428028 -9999 -9999 -9999 -9999 -9999 -9999 -9999 -9999 -9999 -9999 -9999 -9999 -9999 -9999 -9999 -9999 -9999 -9999 -9999 -9999 -9999 -9999 -9999 -9999 -9999 -9999 -9999 -9999
-9999 -9999 -9999 -9999 0.022471017180864545 0.024329042572906648 0.02540362892214308 0.02571178380738876 0.02430736960536697 0.023777940188211832 0.023271776684203903 0.023810573885382852 0.02336086034816327 0.02450226074864352 0.02423315207942599 0.02156208482581632 0.022016078513837918 0.022968249416405143 0.02203442322063841 0.023089929533466516 0.023692758970281804 0.024072557738454157 0.02428543599817794 0.023807232621537184 0.024788380945108282 -9999 -9999 -9999 -9999 -9999 -9999 -9999 -9999 -9999 -9999 -9999 -9999 -9999 -9999 -9999 -9999 -9999 -9999 -9999 -9999 -9999 -9999 -9999 -9999 -9999 -9999 -9999
