metrics/grid_rasters/SMAP L4/grideval_SMAP L4_X_winter_2016_absolute_ubrmsd.asc
ncols 52
nrows 55
xllcorner     11.25
yllcorner     55.25
cellsize      0.25
NODATA_value  -9999
[rows 0 to 27 of 55, columns 0 to 51 of 52]
-9999 -9999 -9999 -9999 -9999 -9999 -9999 -9999 -9999 -9999 -9999 -9999 -9999 -9999 -9999 -9999 -9999 -9999 -9999 -9999 -9999 -9999 -9999 -9999 -9999 -9999 -9999 -9999 -9999 -9999 -9999 -9999 -9999 -9999 -9999 -9999 0.005296227138236458 0.006150804929771105 0.008943449312755966 -9999 -9999 -9999 -9999 -9999 -9999 -9999 -9999 -9999 -9999 -9999 -9999 -9999
-9999 -9999 -9999 -9999 -9999 -9999 -9999 -9999 -9999 -9999 -9999 -9999 -9999 -9999 -9999 -9999 -9999 -9999 -9999 -9999 -9999 -9999 -9999 -9999 -9999 -9999 -9999 -9999 -9999 -9999 -9999 -9999 -9999 -9999 -9999 -9999 0.0035194725872403727 0.005789421278802254 0.011440816974566488 0.00942100239944672 0.010808932483202431 0.01069544581646319 -9999 -9999 -9999 -9999 -9999 -9999 -9999 -9999 -9999 -9999
-9999 -9999 -9999 -9999 -9999 -9999 -9999 -9999 -9999 -9999 -9999 -9999 -9999 -9999 -9999 -9999 -9999 -9999 -9999 -9999 -9999 -9999 -9999 -9999 -9999 -9999 -9999 0.0258741261218806 0.024797610749964002 0.01951769534983814 0.013092869177858443 0.014800230800632018 0.012648446881315771 0.009794999198350557 -9999 0.008089413139022786 0.009349665995677232 0.010512093753109002 0.012651491241665027 0.01012410795564682 0.009700225895693708 0.009238119257385857 0.009741143951737478 0.010629638549751184 0.013226612898289287 0.01445031171423466 -9999 -9999 -9999 -9999 -9999 -9999
-9999 -9999 -9999 -9999 -9999 -9999 -9999 -9999 -9999 -9999 -9999 -9999 -9999 -9999 -9999 -9999 -9999 -9999 -9999 -9999 -9999 -9999 -9999 -9999 -9999 -9999 -9999 0.012513875592430612 0.01501974903047477 0.016694620326581137 0.01629024625904292 0.01316180103681323 0.006787432165940726 0.0034353063776205862 0.004074836385550842 0.008183058000756659 0.01192889152020658 0.008286893559178832 0.007831912872392207 0.008095216855749916 0.008053155773591284 0.0072599090888591546 0.00929998756870578 0.0104028427112564 0.011427053463651663 0.012913870204888406 0.012766922785954309 0.012970753660102821 -9999 -9999 -9999 -9999
-9999 -9999 -9999 -9999 -9999 -9999 -9999 -9999 -9999 -9999 -9999 -9999 -9999 -9999 -9999 -9999 -9999 -9999 -9999 -9999 -9999 -9999 0.02456691923893992 0.02985352437916249 0.027741339404335773 0.02490876147061113 0.015485604702198154 0.00953717586370518 0.008711884040928925 0.009074182245247652 0.010578014031436458 0.008297547860468787 0.004566884119832728 0.0034157221478048555 0.004282000460265481 0.005769915907928118 0.005225567034203608 0.007587898828200526 0.00949835375475069 0.010003110322633891 0.009803685790092009 0.00907310050163872 0.010263743210579084 0.010335366881592421 0.011442271655461278 0.012180402814413243 0.011106655500534851 0.010306476652574543 0.010469762413519986 -9999 -9999 -9999
-9999 -9999 -9999 -9999 -9999 -9999 -9999 -9999 -9999 -9999 -9999 -9999 -9999 -9999 -9999 -9999 -9999 -9999 -9999 -9999 -9999 0.026678283646389384 0.027841778686397117 0.02576203943771798 0.011879076258103343 0.01346144771987388 0.014109343545242325 0.00931597185887955 0.007256500977111249 0.007023520881062732 0.00999951097587843 0.0068000910725560006 0.004217841211966817 0.004085966470405272 0.003993867408748296 0.00825754063261752 0.009813324157070816 0.009892397868787676 0.011464092070182487 0.01149178420341513 0.010685359895596205 0.010220051196067295 0.01075194799346718 0.010620460272703854 0.010558970717445413 0.010459782395053449 0.009812881773484107 0.00926880516409546 0.009329615789088905 -9999 -9999 -9999
-9999 -9999 -9999 -9999 -9999 -9999 -9999 -9999 -9999 -9999 -9999 -9999 -9999 -9999 -9999 -9999 -9999 -9999 -9999 -9999 0.01693467319921499 0.01220198777720245 0.009605058575506292 0.004315929428209442 0.0031845425711073396 0.004775121112631195 0.00612234692432398 0.00627075019065747 0.006109054347711089 0.005474110110532477 0.005114824612570696 0.004076576266049514 0.0030887313767233074 0.003592398536561744 0.0034494945294943733 0.007966219749771405 0.007938666780288733 0.009907990888137276 0.01011578880307142 0.012229273316779985 0.012115719461983485 0.010742978588472656 0.01006223717153828 0.00942460839384588 0.00879779634556032 0.0085843279490175 0.008376659194781592 0.008831823987006717 0.008696598523671469 0.008891545072321679 -9999 -9999
-9999 -9999 -9999 -9999 -9999 -9999 -9999 -9999 -9999 -9999 -9999 -9999 -9999 -9999 -9999 -9999 -9999 -9999 -9999 -9999 -9999 0.008877548523622028 0.005506256779100878 0.005434267600544743 0.0047027862490630155 0.0043753551797458224 0.004763452036746347 0.005378634947495949 0.008044417204053491 0.003943504224885146 0.003481633378089502 0.004666384885277839 0.004038608051462403 0.0037839161641045867 0.005186865081921759 0.0075820151673096645 0.008445191718803036 0.009934853966798402 0.010698014965840354 0.012070261037256173 0.011694272983557722 0.01060829424646736 0.009517601922674021 0.00827528034741651 0.008426286654092582 0.008602259866181905 0.008944182121239807 0.009197460674598023 0.009048068603848505 -9999 -9999 -9999
-9999 -9999 -9999 -9999 -9999 -9999 -9999 -9999 -9999 -9999 -9999 -9999 -9999 -9999 -9999 -9999 -9999 -9999 -9999 0.007874295385522506 0.006951990347337966 0.004356930322465978 0.003968310923334722 0.0039060158069882476 0.00367084039153469 0.0026797846262127485 0.0027071088945628532 0.0039508388426020774 0.005783518462022685 0.00657160427644491 0.00622491772171591 0.005993419417970949 0.007207218130801832 0.008074879560715526 0.007667351184900575 0.008672617450159379 0.008493726426406672 0.008063634890196023 0.00871464794862738 0.010813780791290127 0.011163898830034009 0.009804455997093741 0.008992951132138044 0.007748414045665066 0.007703422670547828 0.00861229853548957 0.008884840941165217 0.00896483623231198 0.00886103800407823 0.0090837584214989 0.009214399522551743 -9999
-9999 -9999 -9999 -9999 -9999 -9999 -9999 -9999 -9999 -9999 -9999 -9999 -9999 -9999 -9999 -9999 -9999 -9999 0.00734693192122088 0.006810639521600174 0.007478013106455161 0.004673796177002562 0.004828966180047804 0.006398531736723738 0.0053079543929906645 0.0035923533733848646 0.006768863457866418 0.004120261286193921 0.007152512756705756 0.0075446535571908465 0.008588540038456147 0.01235661152163372 0.012250443477014572 0.011755405844874002 0.010667600419280469 0.009919257081969429 0.009468020245359872 0.008318588539975318 0.008417052859572418 0.010476673469357664 0.010764006098421307 0.009936316364417242 0.009830751325555857 0.007308220361687072 0.007050257614052899 0.007549844844419041 0.0078032121256864815 0.00806557070909578 0.008158684351663717 0.008709232519147129 0.009378925791661054 -9999
-9999 -9999 -9999 -9999 -9999 -9999 -9999 -9999 -9999 -9999 -9999 -9999 -9999 -9999 -9999 -9999 -9999 0.011156176993775652 0.00987071556311708 0.012560315414960764 0.01170910629712422 0.008711944835240607 0.009388210466782593 0.010684704855629671 0.006573258784591692 0.008237650896076247 0.00902605817913612 0.009729018586480271 0.010060866719351916 0.012216290528562669 0.013705069619089636 0.014021400428669315 0.013721987781837234 0.015074921500181727 0.014902303855529991 0.01493862073933678 0.01317713321316869 0.010057664422920548 0.008949323270675302 0.0089984299426331 0.009406729646354396 0.008673420140316501 0.007558936500974758 0.006696943650039069 0.006691235459211543 0.008270228537584004 0.00847474443670892 0.00870331527593934 0.00936675032213283 0.010117402943876542 -9999 -9999
-9999 -9999 -9999 -9999 -9999 -9999 -9999 -9999 -9999 -9999 -9999 -9999 -9999 0.02127975012549726 0.017963184482211673 0.01576323152937354 0.016389959542567983 0.01617423370754166 0.014010011451601554 0.012144295193269938 0.014347823421689696 0.01279856316594386 0.012245674789760222 0.01190997640337898 0.01031843431768251 0.009597037730208298 0.007195722868650078 0.012345176545711715 0.012729702753336843 0.01310283065333856 0.014698456963798569 0.01505882485976113 0.015092278521156362 0.015756478552890238 0.015671180017114622 0.016620458092277017 0.015926990075688333 0.01416113192689982 0.013131675643376686 0.012008392870483314 0.011660817983411115 0.011639348229358295 0.011089186597317795 0.009943131608244076 0.01112294975772533 0.014273223119129687 0.014742845686896891 0.01638331848000791 0.014615329487461337 0.01611051004394121 0.016251951548691915 -9999
-9999 -9999 -9999 -9999 -9999 -9999 -9999 -9999 -9999 -9999 -9999 -9999 -9999 0.0189666851703414 0.017263264499322237 0.014051392348122556 0.011489489571904559 0.010941498494437329 0.012828628477070605 0.014726245277993204 0.012786539568832774 0.01217365917084525 0.012647137087435591 0.01195288762525413 0.013324476559564624 0.012682416534667257 0.007177297279840581 0.0153076332971198 0.014626152343188757 0.01887906059635077 0.019062555099413674 0.01905363617508982 0.01949786129617617 0.020251366111991083 0.020183035074474377 0.019207632781184675 0.01798064772037704 0.016680785819624167 0.016228402877668024 0.014992225210021741 0.014536185089271325 0.01530406105205399 0.01495996676868983 0.020474813893800348 0.02370522343938873 0.021926702328367496 0.02104350590725529 0.021134235303067475 0.02084672694368639 0.02158570710283934 0.02130153076417149 0.02190581591869401
-9999 -9999 -9999 -9999 -9999 -9999 -9999 -9999 -9999 -9999 -9999 -9999 -9999 0.01753427173760797 0.017074361330983803 0.016228517014868573 0.014146542481775937 0.014072147516354971 0.014424352459577912 0.014809164890867576 0.01543741020756286 0.01397982807370794 0.012704381619287304 0.011027622690394557 0.012059769049864314 0.015211045590739715 0.017593494929245147 0.010468511557683543 0.01464166700721419 0.020582738710373902 0.019807931272118204 0.019838974895298667 0.01941940547940529 0.019600801672764945 0.01941121901012388 0.01923286359677809 0.01967785310742599 0.01933766730324187 0.0193498476143423 0.018380922656590103 0.017388258650576995 0.016677554697609027 0.020945406017116402 0.02495955474562874 -9999 -9999 -9999 -9999 -9999 -9999 -9999 -9999
-9999 -9999 -9999 -9999 -9999 -9999 -9999 -9999 -9999 -9999 -9999 -9999 -9999 0.018132172000118255 0.018107167575372143 0.015724934378429936 0.014918987082189415 0.015971935643081206 0.013726993989212372 0.013507826849731886 0.012874356384691909 0.010039849130551393 0.011986246526041222 0.012666800391187793 0.015360435407704704 0.01847971954279129 0.020833951353769926 0.021990156662091902 0.02262220899616494 0.022511671637609733 0.02148720925457018 0.020880513598836904 0.020363390765497626 0.02084391659046317 0.021103434741223073 0.020655137642965102 0.020551860100332213 0.01950072418778586 0.019461708076566057 0.019203409144606862 0.018228028376379785 -9999 -9999 -9999 -9999 -9999 -9999 -9999 -9999 -9999 -9999 -9999
-9999 -9999 -9999 -9999 -9999 -9999 -9999 -9999 -9999 -9999 -9999 -9999 0.017914872660027954 0.018599488088337852 0.01854619032850506 0.015460593705555331 0.018892643090439656 0.015767439720204918 0.01575936291263605 0.014616517033970154 0.014496980002184048 0.013226398690339456 0.012144316953962358 0.01633875452496383 0.018681576815231683 0.0202942351047612 0.021781620712853743 0.022218904711620868 0.022257446855799976 0.0218499686175858 0.021416419570605943 0.021165082148732656 0.020531132323444008 0.02143095711854888 0.021793511606413067 0.02117515618134243 0.020610452342552342 0.019517775098444563 0.019525457838205758 0.018122911181623864 0.01630285110183009 -9999 -9999 -9999 -9999 -9999 -9999 -9999 -9999 -9999 -9999 -9999
-9999 -9999 -9999 -9999 -9999 -9999 -9999 -9999 -9999 -9999 -9999 0.02540183417308093 0.02121482197317968 0.02128649652151648 0.019455728182648638 0.01842989435988296 0.01727375876724898 0.017691189892345992 0.016761146647107192 0.017003013230080573 0.016214731596895286 0.01797943461562694 0.0203457429926408 0.02202506025831375 0.020926010034480292 0.021127946495826395 0.0211241801948507 0.020794490976136743 0.02185839665317846 0.02120091403295204 0.021198432941472087 0.02083811507774165 0.019960512971428528 0.020061363953525525 0.020392731073437843 0.01974438914328309 0.020245281708592758 0.020392184442179804 0.01928282752171602 0.022353515340385818 -9999 -9999 -9999 -9999 -9999 -9999 -9999 -9999 -9999 -9999 -9999 -9999
-9999 -9999 -9999 -9999 -9999 -9999 -9999 -9999 -9999 -9999 0.031020612728347993 0.02671755082365376 0.026521106045697768 0.024041192102318042 0.02013846906917562 0.01864236804622247 0.01739539389390039 0.0173400470331938 0.01673445898944048 0.016941793228128173 0.015389105615959912 0.019503374825387484 0.02158732458627751 0.02232864436757545 0.021187683332668985 0.02149715183874042 0.021442165854430286 0.021422739108575232 0.021469587943113853 0.020552109701458383 0.02063620565401489 0.020215327211003543 0.019844364390134643 0.0194300505162276 0.01920099455927317 0.01941071789047621 0.019187808081669 0.019592888694215497 0.016541275888243917 -9999 -9999 -9999 -9999 -9999 -9999 -9999 -9999 -9999 -9999 -9999 -9999 -9999
-9999 -9999 -9999 -9999 -9999 -9999 -9999 -9999 -9999 -9999 -9999 -9999 0.024144862698687958 0.02554278645566203 0.025840391884837638 0.021392091098693743 0.02128775717853945 0.02002487101909699 0.019333565163775074 0.01838568948883168 0.02027431736218851 0.02051850238813064 0.022150869365268888 0.022235654018431285 0.020586729752174984 0.02072772609617836 0.02087745983849978 0.02102104057713027 0.021354282975410102 0.02075303579048224 0.02014445740460744 0.020688982090348484 0.01998807026158276 0.020128646804204488 0.01978904463220439 0.019582281708685416 0.0185416839374436 0.015579151038513926 0.014676347082700153 0.016747327355663616 -9999 -9999 -9999 -9999 -9999 -9999 -9999 -9999 -9999 -9999 -9999 -9999
-9999 -9999 -9999 -9999 -9999 -9999 -9999 -9999 -9999 -9999 -9999 0.02042626941333139 0.01973796313976165 0.02345039039622053 0.023142027660418396 0.023598542600145662 0.02241792274718469 0.019266138671410686 0.019501202767136974 0.020448208738207 0.01986077540308028 0.02097788336494137 0.021813610613312932 0.02217908205256109 0.021500185418613395 0.021150033425953986 0.01965261561164232 0.020220265293059744 0.020524746694915504 0.02146710875360508 0.02145823084722733 0.02183541382936875 0.02203424105167362 0.020161997589886783 0.02004756513184812 0.019956517905060558 0.019650369692790413 0.015458327833148372 0.013987262159843795 -9999 -9999 -9999 -9999 -9999 -9999 -9999 -9999 -9999 -9999 -9999 -9999 -9999
-9999 -9999 -9999 -9999 -9999 0.02722460763937256 0.030980339442355793 0.0294819755047458 0.0257565551000751 0.025296013635145217 0.023442944236496385 0.0220398155371842 0.021867324689932383 0.0231235011922614 0.02357461611278772 0.025174921436616027 0.021594976118896082 0.021662186153633262 0.02095917074405601 0.020770071135250902 0.021784613829696976 0.022801735739065042 0.023868397361786583 0.023615443687955668 0.022020073341877104 0.02142325830661633 0.020539020787424374 0.02142697793443824 0.0224821617532269 0.02300209303223369 0.022582075643916646 0.02100681000969162 0.020809885962942462 0.01942006704035749 0.01701569943743547 0.015729380314350817 0.015554577922512094 0.013930777922366584 -9999 -9999 -9999 -9999 -9999 -9999 -9999 -9999 -9999 -9999 -9999 -9999 -9999 -9999
-9999 -9999 -9999 -9999 0.02876610446190315 0.021355686521692462 0.022096119494275618 0.02383896999720339 0.026354073633418285 0.024756461853582826 0.025468342974382312 0.02436529078318902 0.02512607180352229 0.024663734426376663 0.02411505556061097 0.025837795625308958 0.02460162102592172 0.02645597961340244 0.026285779835926316 0.02677323662178181 0.027278280011905288 0.027063225125094625 0.026623847018944984 0.026024947301455995 0.0240310356063219 0.023904881978512885 0.023270229328776818 0.02298031094983332 0.022664899945890937 0.021332891552807112 0.02206147184251655 0.026984602135514246 0.022750750141036828 0.01858391946675009 0.019137425062862336 -9999 -9999 -9999 -9999 -9999 -9999 -9999 -9999 -9999 -9999 -9999 -9999 -9999 -9999 -9999 -9999 -9999
-9999 -9999 -9999 0.016644655204871926 0.02166639922985326 0.02310107336702966 0.022852111054573646 0.02509219647498412 0.02688028139422345 0.026785233277224832 0.02571200027987606 0.01735137521456719 0.01581284579560151 0.02155221991580683 0.02457209373006836 0.025357919289829684 0.024414305410419702 0.024114788255136986 0.026322737959114058 0.0281730216819013 0.026667098407711275 0.02347939718335344 0.022330753583596097 0.021350765864560448 0.020941183901314626 0.02275644744997057 0.021471908434427613 0.01916921267577516 0.017583931866968817 0.018998872941186483 0.01692495165319939 -9999 -9999 -9999 -9999 -9999 -9999 -9999 -9999 -9999 -9999 -9999 -9999 -9999 -9999 -9999 -9999 -9999 -9999 -9999 -9999 -9999
-9999 -9999 -9999 0.016314201876646416 0.0137994891074532 0.01797315455003075 0.015624896603615778 0.01930716234916687 0.0223432650351729 0.02182022518522438 0.020909428298259758 0.010336588714306243 0.010327323015914524 0.02008544792935426 0.01861657341999837 0.022229334630588828 0.02232600376020889 0.024182563690292213 0.02566816576161849 0.02093515046966001 0.020624861259556017 0.02083187872950656 0.022149379003557373 0.01901315442788902 0.017045321474357243 0.016397449915748652 0.016857045048001833 0.017100341947163304 0.016986779822724847 -9999 -9999 -9999 -9999 -9999 -9999 -9999 -9999 -9999 -9999 -9999 -9999 -9999 -9999 -9999 -9999 -9999 -9999 -9999 -9999 -9999 -9999 -9999
-9999 -9999 -9999 0.01150271912835628 0.014021712563321236 0.015352393895014053 0.01843254383510976 0.019152003286054382 0.019332675253576598 0.018956555989288783 0.020816920127213936 0.021533880340695373 0.017207603681765344 0.017931562664181437 0.019849485416466167 0.024402756607276983 0.02295344377903618 0.02457148245857001 0.02162524850976544 0.018156035265725918 0.01643184360249731 0.0165579653585419 0.01532769483384361 0.01278129985900817 0.010712011703490386 0.014128911738916625 0.016013818214539538 0.017793547319918158 -9999 -9999 -9999 -9999 -9999 -9999 -9999 -9999 -9999 -9999 -9999 -9999 -9999 -9999 -9999 -9999 -9999 -9999 -9999 -9999 -9999 -9999 -9999 -9999
-9999 -9999 -9999 0.01005457826474856 0.010614293689773152 0.0131881754513535 0.01822271097424033 0.018262196208124845 0.018038743571227672 0.016733793040321295 0.017750086249543825 0.01814179357075591 0.01783635090774006 0.015943383443733434 0.01894992923614131 0.019121802871363454 0.018204867028242512 0.0171667023294284 0.01876020692154886 0.01744778791763735 0.014954424831782947 0.014292058672629638 0.016391903279641996 0.014568477586070053 0.013438626128859606 0.014486977065072569 0.01509487042485381 -9999 -9999 -9999 -9999 -9999 -9999 -9999 -9999 -9999 -9999 -9999 -9999 -9999 -9999 -9999 -9999 -9999 -9999 -9999 -9999 -9999 -9999 -9999 -9999 -9999
-9999 -9999 -9999 -9999 0.010634270023421108 0.01668604552395101 0.01869799077260029 0.0179291671310772 0.016019677105845474 0.012509901877719705 0.014201164108167881 0.0164576241438744 0.015273051188840543 0.01643006811620571 0.018473474662865003 0.01986453225424459 0.018811899411894862 0.018834567902310025 0.017557778158852767 0.017736039464899885 0.016080795141405455 0.014645932983984481 0.014551827349173057 0.015196974467495782 -9999 -9999 -9999 -9999 -9999 -9999 -9999 -9999 -9999 -9999 -9999 -9999 -9999 -9999 -9999 -9999 -9999 -9999 -9999 -9999 -9999 -9999 -9999 -9999 -9999 -9999 -9999 -9999
-9999 -9999 -9999 -9999 0.008163599141697389 0.008859413221428776 0.010740908739451938 0.01699478708603499 0.02023878208145886 0.01960789808291442 0.013588011880043264 0.013913025932885357 0.01491642939578065 0.016660967768300047 0.01903865546312333 0.02149420280164192 0.02137747715582584 0.021287909396678892 0.02042245445356274 0.01921527166500549 0.015523803677315888 0.015254762995846834 0.014919527341827587 0.014728921916958229 0.01397924065141642 -9999 -9999 -9999 -9999 -9999 -9999 -9999 -9999 -9999 -9999 -9999 -9999 -9999 -9999 -9999 -9999 -9999 -9999 -9999 -9999 -9999 -9999 -9999 -9999 -9999 -9999 -9999
