metrics/grid_rasters/SMAP L4/grideval_SMAP L4_Y_2016_absolute_bias.asc
ncols 52
nrows 55
xllcorner     11.25
yllcorner     55.25
cellsize      0.25
NODATA_value  -9999
[rows 0 to 26 of 55, columns 0 to 51 of 52]
-9999 -9999 -9999 -9999 -9999 -9999 -9999 -9999 -9999 -9999 -9999 -9999 -9999 -9999 -9999 -9999 -9999 -9999 -9999 -9999 -9999 -9999 -9999 -9999 -9999 -9999 -9999 -9999 -9999 -9999 -9999 -9999 -9999 -9999 -9999 -9999 0.022027000326846458 -0.002311779074167297 -0.05132103961246098 -9999 -9999 -9999 -9999 -9999 -9999 -9999 -9999 -9999 -9999 -9999 -9999 -9999
-9999 -9999 -9999 -9999 -9999 -9999 -9999 -9999 -9999 -9999 -9999 -9999 -9999 -9999 -9999 -9999 -9999 -9999 -9999 -9999 -9999 -9999 -9999 -9999 -9999 -9999 -9999 -9999 -9999 -9999 -9999 -9999 -9999 -9999 -9999 -9999 0.02837346888610415 0.008863632139734567 0.007437572056234244 -0.023316262788622755 -0.09136152449140296 -0.08032023185568915 -9999 -9999 -9999 -9999 -9999 -9999 -9999 -9999 -9999 -9999
-9999 -9999 -9999 -9999 -9999 -9999 -9999 -9999 -9999 -9999 -9999 -9999 -9999 -9999 -9999 -9999 -9999 -9999 -9999 -9999 -9999 -9999 -9999 -9999 -9999 -9999 -9999 0.00265949788437192 -0.02550686309572125 -0.06468931520408623 -0.08437047073810966 -0.056516934868172226 -0.06122927492372492 -0.0424473609449596 -9999 -0.030631376542354538 -0.001894665520658589 -0.013926955438702482 -0.07408701066599516 -0.08326904231916521 -0.0809971194795735 -0.07746276548488545 -0.07907405991840069 -0.0714990116167264 -0.07298897699926235 -0.07019659602515849 -9999 -9999 -9999 -9999 -9999 -9999
-9999 -9999 -9999 -9999 -9999 -9999 -9999 -9999 -9999 -9999 -9999 -9999 -9999 -9999 -9999 -9999 -9999 -9999 -9999 -9999 -9999 -9999 -9999 -9999 -9999 -9999 -9999 0.011509058111515202 0.014999286286899284 0.02303453708891984 0.03560318694007203 0.02937469028872869 -0.02135301443946652 -0.06934701598916063 -0.04748545855772302 -0.04495047704606758 -0.0505688533980827 -0.06266539210015959 -0.07605138665848908 -0.0866557437509217 -0.08423592177692985 -0.08205997166249268 -0.08571854056637795 -0.08832391249168603 -0.07194284174102739 -0.07964124253701646 -0.07320718624491672 -0.0695035887800686 -9999 -9999 -9999 -9999
-9999 -9999 -9999 -9999 -9999 -9999 -9999 -9999 -9999 -9999 -9999 -9999 -9999 -9999 -9999 -9999 -9999 -9999 -9999 -9999 -9999 -9999 -0.005429406472242604 -0.014759382039634228 -0.0013859897566949053 -0.012096200779568966 0.015141451568469966 0.015065082486291403 0.016333193167067 0.025088955337802588 0.034650487550457965 -0.02222107345228147 -0.02074085592287161 -0.06544251894181383 -0.050250784931653525 -0.04273777547714809 -0.06406091607068895 -0.06287014659473802 -0.06932501461804727 -0.0755214375581165 -0.08170340386285485 -0.08578528130498253 -0.08709826060860859 -0.08548841489570552 -0.09129260620356748 -0.10268490576271802 -0.0974066356919665 -0.0981701052355799 -0.09789232360555336 -9999 -9999 -9999
-9999 -9999 -9999 -9999 -9999 -9999 -9999 -9999 -9999 -9999 -9999 -9999 -9999 -9999 -9999 -9999 -9999 -9999 -9999 -9999 -9999 -0.012296734998623491 -0.006358033921467776 0.007234877474158186 -0.008832148220288272 -0.008661059774661972 -0.000247388935642856 0.016493609521151253 0.018684878039474 0.02844275550438408 0.012648319041794087 -0.026953448098702537 -0.043466233505862366 -0.08186724769775988 -0.07195899730721295 -0.06400991280568262 -0.07862536158270195 -0.07863166286034988 -0.07955028855145141 -0.08792769200489167 -0.08584421209461697 -0.0874029399287668 -0.09045997719010697 -0.09331182868326783 -0.09857186738686644 -0.10607816762916868 -0.08935567582932002 -0.10486370311856597 -0.10456604691212128 -9999 -9999 -9999
-9999 -9999 -9999 -9999 -9999 -9999 -9999 -9999 -9999 -9999 -9999 -9999 -9999 -9999 -9999 -9999 -9999 -9999 -9999 -9999 -0.003402210680432005 0.002329677801396035 0.007061760180471999 0.013775970491636648 0.0075311966321833235 0.015505443128650319 0.019717563951357486 0.011194019807411026 0.009861820809990984 -0.012906401596271266 -0.05194257065409525 -0.09880259512450364 -0.0940151821842285 -0.08567572525534475 -0.428412621275934 -0.0855877546674974 -0.09193177919203792 -0.09417288833363947 -0.10195765098241344 -0.09827699057778208 -0.09870767860566493 -0.10316627614627603 -0.4828752212155142 -0.4867282104144087 -0.10422592159727068 -0.4787251768796578 -0.4819307397857634 -0.4859716838246079 -0.4836817707235371 -0.4829196191285966 -9999 -9999
-9999 -9999 -9999 -9999 -9999 -9999 -9999 -9999 -9999 -9999 -9999 -9999 -9999 -9999 -9999 -9999 -9999 -9999 -9999 -9999 -9999 0.005462836891494183 0.006597008210062315 0.018057811486183628 0.01678189507029093 0.012127554563225285 -5.094700905150518e-06 -0.03879710079216564 -0.08179767306161223 -0.07825111312781524 -0.02958132201408753 -0.08901006100404132 -0.09359587299449193 -0.09030891085664433 -0.08839297861552953 -0.4698703575400951 -0.09906210215467083 -0.0996204266741953 -0.10072286469261338 -0.10041886385367382 -0.10177671134756887 -0.106419370952444 -0.10880868081919484 -0.4905195419518837 -0.4893086664327752 -0.4824085057575683 -0.4818158156538759 -0.4858588209284134 -0.48359566171210794 -9999 -9999 -9999
-9999 -9999 -9999 -9999 -9999 -9999 -9999 -9999 -9999 -9999 -9999 -9999 -9999 -9999 -9999 -9999 -9999 -9999 -9999 0.000669555738568306 0.002608324558845632 0.006768557685809029 0.009236720039463409 0.006469336974490536 -0.023859008607235718 -0.11226892794477322 -0.10907972266113823 -0.10201166377815066 -0.1003996287650668 -0.10527268191036143 -0.09994968626383548 -0.096547010074792 -0.0941155901524783 -0.09412596077541184 -0.09488224231032401 -0.4767726851077597 -0.1010606763935317 -0.1056189070725457 -0.10439018372833077 -0.10638936620734916 -0.10265082717348968 -0.10508012227571564 -0.10535048288827543 -0.10827103526906562 -0.4903518453169146 -0.11181564538490248 -0.10771389575827807 -0.11087293211431776 -0.4838031172915235 -0.479729823691801 -0.10264965676565152 -9999
-9999 -9999 -9999 -9999 -9999 -9999 -9999 -9999 -9999 -9999 -9999 -9999 -9999 -9999 -9999 -9999 -9999 -9999 0.016350791713253432 0.02162977234750496 0.02056505600285663 0.007138329858336956 -0.05365677152460063 -0.08743363611216917 -0.08600444338014704 -0.09877908652739936 -0.08708675399096935 -0.0911908317001058 -0.0902946424553466 -0.10465243332026923 -0.09646682307897694 -0.09269678718384987 -0.08898517201893805 -0.09106767799990262 -0.09270810429515736 -0.09666643263212317 -0.09982364870037863 -0.09971526823428976 -0.10186741028815673 -0.1058979704212703 -0.1086812185917477 -0.10829848571186833 -0.10686361223276034 -0.10510102982118803 -0.10586750510408256 -0.10235608833246546 -0.10365400739177004 -0.10707186908038753 -0.09801969641076573 -0.09802859855683453 -0.0981991341429167 -9999
-9999 -9999 -9999 -9999 -9999 -9999 -9999 -9999 -9999 -9999 -9999 -9999 -9999 -9999 -9999 -9999 -9999 0.010916878138490738 0.009617979032664314 -0.06562881928975461 -0.07135455567349011 -0.06133824984843289 -0.06427196448902939 -0.09213129472231764 -0.08465130338597984 -0.09760968540311674 -0.10180945691901963 -0.10308930676308324 -0.10645730971597908 -0.10067156136870548 -0.09471851350647996 -0.0927933465200858 -0.0935956915850685 -0.09490234327955488 -0.09547819941727027 -0.0956567238120596 -0.09506547173658196 -0.09664684934592474 -0.0995496419446716 -0.1046701417268951 -0.4869441201330209 -0.4850915956916542 -0.10364211641272396 -0.10748195682290962 -0.10408767380451406 -0.10123623195078854 -0.10267493888084356 -0.10526569715899524 -0.09905993101273564 -0.09999047429428072 -9999 -9999
-9999 -9999 -9999 -9999 -9999 -9999 -9999 -9999 -9999 -9999 -9999 -9999 -9999 -0.023566831615778938 -0.008453562285730742 0.0010677621155325556 0.004273628032272603 0.013966647114177222 0.02178903536799825 0.025274570634374827 0.0004728571588142883 -0.04070235577111686 -0.06352422052556697 -0.0798424555273737 -0.08403796201337717 -0.07029432469541258 -0.09973601171940236 -0.0987274346191212 -0.10182626999894287 -0.09327486869395593 -0.08913854882630008 -0.08929372719830017 -0.0855844547320666 -0.09121674715536217 -0.09066603262527068 -0.08696872429016347 -0.09452214340877826 -0.0962746525488672 -0.0955871686064562 -0.08688823417684098 -0.08549359007204169 -0.08743492007011272 -0.0948990449523095 -0.09986418299376967 -0.10170202405583822 -0.4780561850034718 -0.4784033199354925 -0.4783835461709262 -0.1058008791268116 -0.4788440725221578 -0.4702288929647842 -9999
-9999 -9999 -9999 -9999 -9999 -9999 -9999 -9999 -9999 -9999 -9999 -9999 -9999 -0.007816636568454438 -0.013638702511298841 -0.06264931942677238 -0.1102097044938086 -0.10235676823865847 -0.0745574248944475 -0.01913142037359089 -0.08017025980589493 -0.07845984039512653 -0.0749389677832687 -0.07395657592152803 -0.07782826481560051 -0.08623202742062143 -0.09749125738124377 -0.0968581946933123 -0.0947498871329052 -0.09333140374023896 -0.08751011907016157 -0.08069257878907066 -0.0810722651804894 -0.08008874313081382 -0.08279821463947087 -0.0849370143014958 -0.0823258680998872 -0.08477350659261307 -0.08634558817259766 -0.08268086555734519 -0.08062550369548344 -0.0875287446819368 -0.08975382011811267 -0.08699540511954354 -0.4625366666135404 -0.09218400584462563 -0.09851313413940167 -0.1008283618705276 -0.1023442395733761 -0.1017231809260334 -0.0951373591723908 -0.044665287147006405
-9999 -9999 -9999 -9999 -9999 -9999 -9999 -9999 -9999 -9999 -9999 -9999 -9999 -0.010137102215505069 -0.08794053868375351 -0.10497767325042863 -0.10188040425848276 -0.10074979835317108 -0.08674931758251347 -0.07904493056054485 -0.057862825803662275 -0.0755961769123058 -0.07354216382945658 -0.07251921911912212 -0.07599769327585977 -0.08533540537041395 -0.08683353750533909 -0.0988369003966288 -0.09485918547591712 -0.0914784616032422 -0.08669914066017975 -0.08518350402738065 -0.08026400032895997 -0.0850179335153331 -0.08826241602540996 -0.08322850029528789 -0.08124100109002466 -0.07810382372470663 -0.07474076890900652 -0.0764795107400564 -0.07702121621537243 -0.08018819202511199 -0.08822106724716927 -0.09317589370035084 -9999 -9999 -9999 -9999 -9999 -9999 -9999 -9999
-9999 -9999 -9999 -9999 -9999 -9999 -9999 -9999 -9999 -9999 -9999 -9999 -9999 -0.08351900180689786 -0.0932763389723956 -0.09866221009402487 -0.08469587925292266 -0.08141660600737796 -0.07939391169961682 -0.07163427189460707 -0.0733508644320193 -0.0851112220263302 -0.08289484263402841 -0.07442873021170412 -0.07627506921566574 -0.07620366497850811 -0.08225088699369648 -0.08656235778185188 -0.08641738945852376 -0.08920458565298159 -0.08687057773088983 -0.08736343186633673 -0.08418325180075859 -0.0880941899208342 -0.08912196290765792 -0.09146112291132164 -0.08420350639750071 -0.08413352696683077 -0.08089860447280395 -0.08509034604404142 0.0146979533716059 -9999 -9999 -9999 -9999 -9999 -9999 -9999 -9999 -9999 -9999 -9999
-9999 -9999 -9999 -9999 -9999 -9999 -9999 -9999 -9999 -9999 -9999 -9999 -0.0012045790303926165 -0.06280067556440994 -0.07031712456112676 -0.09418949124510173 -0.08166532028629317 -0.09085295571757304 -0.08260156156729315 -0.0786228214334595 -0.08103780461159721 -0.07728381401508072 -0.07330563378932536 -0.0667719383332166 -0.06603039784835338 -0.06858910021723294 -0.07834547550972204 -0.08267195886662584 -0.08529120895380529 -0.08482774676337759 -0.0844380173353794 -0.08311567180204746 -0.07683334607488472 -0.07794013029585284 -0.08124253206219667 -0.07991927343578448 -0.07638690678168678 -0.07750194973205446 -0.08399827683171449 -0.0789647287551741 -0.08031585418156095 -9999 -9999 -9999 -9999 -9999 -9999 -9999 -9999 -9999 -9999 -9999
-9999 -9999 -9999 -9999 -9999 -9999 -9999 -9999 -9999 -9999 -9999 -0.09633206627000876 -0.06169302741706861 -0.04248399752614601 -0.03532697692452397 -0.08243197453070861 -0.0741128961408073 -0.08189296210948073 -0.08264926423527344 -0.08241757665012703 -0.07976076780446895 -0.0776947808548645 -0.07481184153934645 -0.05071440589985726 -0.07181867801894742 -0.07077687636750646 -0.07184779247564205 -0.07345527335187127 -0.08101998169809743 -0.08060293949509413 -0.07932913822981992 -0.07953607686413605 -0.07234315130391407 -0.0722743566122537 -0.0748170568236236 -0.07066132039177775 -0.07769056531738061 -0.08132904221919554 -0.07815077509018564 -0.07955713743659483 -9999 -9999 -9999 -9999 -9999 -9999 -9999 -9999 -9999 -9999 -9999 -9999
-9999 -9999 -9999 -9999 -9999 -9999 -9999 -9999 -9999 -9999 -0.07741300185602867 -0.09857275732411228 -0.10485114486470734 -0.09792221588963043 -0.09526459190770577 -0.09019484105799856 -0.08530483594357642 -0.08273473397263736 -0.0790180490235162 -0.05774757484371058 -0.07599811912946852 -0.07505543437363996 -0.0749179374915166 -0.08088431729746809 -0.08676498338498702 -0.08407422653373961 -0.08393347231783174 -0.07787208453003991 -0.07372969257151654 -0.0722921286796123 -0.06924544326716761 -0.06540565954042915 -0.06852187659041806 -0.07466726194904312 -0.07941235579000633 -0.07991226332496262 -0.07305212476662272 -0.07711988380636839 -0.07777946261190324 -9999 -9999 -9999 -9999 -9999 -9999 -9999 -9999 -9999 -9999 -9999 -9999 -9999
-9999 -9999 -9999 -9999 -9999 -9999 -9999 -9999 -9999 -9999 -9999 -9999 -0.029538092147457173 -0.08364915048265884 -0.06880540319825296 -0.07839481372264076 -0.08272817531916124 -0.08471967053950813 -0.08176635086658546 -0.0783569171078137 -0.054927702682713665 -0.07417160282267737 -0.07391518000716882 -0.07881110184953186 -0.08461477359135944 -0.08394337379846906 -0.08346426452362471 -0.08031380066617587 -0.07614324499389838 -0.07280776131633529 -0.06457793066797199 -0.06425188595296741 -0.05959258208692561 -0.07131129426912207 -0.0757301454254187 -0.07754435577516347 -0.07317109969877156 -0.07183320274769933 -0.07566660610561976 -0.08083606592781559 -9999 -9999 -9999 -9999 -9999 -9999 -9999 -9999 -9999 -9999 -9999 -9999
-9999 -9999 -9999 -9999 -9999 -9999 -9999 -9999 -9999 -9999 -9999 -0.04178387555166513 -0.06659177892276498 -0.042792551468833866 -0.07997621939889071 -0.0664472170733933 -0.06922233300639796 -0.07435975794787289 -0.0754931228683213 -0.07143428476395011 -0.07097511813349901 -0.06987228586028019 -0.06320245743123559 -0.06415844766189002 -0.07065705832378949 -0.07339179607953042 -0.07165860451880049 -0.07069813517619516 -0.06851565633274495 -0.0663587028832465 -0.0658576943570636 -0.06548832366090326 -0.06666636486318916 -0.07108072673932453 -0.07295739411534183 -0.0797079262104842 -0.08818780174835134 -0.08606368426457453 -0.08160748008048274 -9999 -9999 -9999 -9999 -9999 -9999 -9999 -9999 -9999 -9999 -9999 -9999 -9999
-9999 -9999 -9999 -9999 -9999 -0.021618808126026123 -0.09546521914705552 -0.05430604044164794 -0.008821628992878361 0.0019953583158511807 0.002982743481387884 -0.09119082515031264 -0.08372883359733663 -0.08289411835514943 -0.0775025445011144 -0.4508741585018694 -0.07227549661215538 -0.0751521984583449 -0.07406112573063764 -0.07252969648281896 -0.06833464522016502 -0.06609825106958547 -0.06677767236925701 -0.06501546228823604 -0.06638727677080147 -0.0666513486403992 -0.07046119184767613 -0.06850617698042605 -0.06811920233335489 -0.06546650021311529 -0.06621595281252604 -0.06850584274758402 -0.07024986632270075 -0.07328924497518219 -0.07444966422607663 -0.07883913251647695 -0.08399951330238517 -0.08081614791003408 -9999 -9999 -9999 -9999 -9999 -9999 -9999 -9999 -9999 -9999 -9999 -9999 -9999 -9999
-9999 -9999 -9999 -9999 -0.039820003190937925 -0.00874232297223776 0.012572401147233958 -0.09142137166682654 -0.09795916927825718 -0.0939608892283397 -0.0913205162108026 -0.08102558007148282 -0.06996284107692907 -0.0638320715080112 -0.042253282709973417 -0.06966257002713577 -0.07007310745596397 -0.07077465520387954 -0.06619493543714935 -0.0661925980923036 -0.06407869424508081 -0.05935982197441692 -0.058479660338228524 -0.06591018976877785 -0.06803727130624443 -0.06908843133476425 -0.06717920915065895 -0.06322624365916182 -0.06720792683849082 -0.06833096091314908 -0.06792608670931041 -0.057281755771019766 -0.0541691342216046 -0.0473577375294732 -0.049895516871551034 -9999 -9999 -9999 -9999 -9999 -9999 -9999 -9999 -9999 -9999 -9999 -9999 -9999 -9999 -9999 -9999 -9999
-9999 -9999 -9999 0.13623960595577955 -0.030701539535177236 -0.08100268698190566 0.005352850687878386 -0.06928233484243923 -0.06817617666363063 -0.06871924553921474 -0.06531370491746186 -0.054843323961755314 -0.05138242197899867 -0.06615942355774626 -0.06826310572748792 -0.06532802142691416 -0.06557748620932707 -0.0649170105554204 -0.06309648410829362 -0.06357821877638661 -0.06055458481907031 -0.05354686312967802 -0.05266242875346066 -0.0536777600849587 -0.05781577388079115 -0.0605721998237114 -0.05736046014200957 -0.06241656112601687 -0.060723852559598425 -0.051421871627655484 -0.050864691255726124 -9999 -9999 -9999 -9999 -9999 -9999 -9999 -9999 -9999 -9999 -9999 -9999 -9999 -9999 -9999 -9999 -9999 -9999 -9999 -9999 -9999
-9999 -9999 -9999 0.12688420090539368 0.157358498760382 0.0006984914423989187 -0.04513813476358114 -0.03299161382121302 0.019744228388442364 -0.05423673483049446 -0.0681842773480982 -0.07639533946992921 -0.07291949085402685 -0.07690463696550473 -0.06871733905574498 -0.0623746843947495 -0.06075066005393781 -0.05901706843163634 -0.06289124253709782 -0.055989417985407415 -0.05152681611905818 -0.04645971405762631 -0.048263687055171166 -0.04687470797184712 -0.0400270595841232 -0.04446108312005068 -0.049972094982211064 -0.05032663390834313 -0.05052798133485953 -9999 -9999 -9999 -9999 -9999 -9999 -9999 -9999 -9999 -9999 -9999 -9999 -9999 -9999 -9999 -9999 -9999 -9999 -9999 -9999 -9999 -9999 -9999
-9999 -9999 -9999 0.0899168030852503 0.014947043619846391 0.03171972081553742 0.017282502466171527 -0.05018087847494202 -0.05928234270992661 -0.03981706028285087 -0.0508482425417649 -0.04802305384696831 -0.05784130043507926 -0.06454178932647073 -0.06586615399259038 -0.06912978569585115 -0.0636398931100069 -0.05874227448442922 -0.05955201105464025 -0.05658766428833122 -0.05211070405390583 -0.04649502400288488 -0.04899867599107366 -0.049133327906656116 -0.041635934110791945 -0.044155973813857864 -0.05750262297058852 -0.05401072293886397 -9999 -9999 -9999 -9999 -9999 -9999 -9999 -9999 -9999 -9999 -9999 -9999 -9999 -9999 -9999 -9999 -9999 -9999 -9999 -9999 -9999 -9999 -9999 -9999
-9999 -9999 -9999 0.13191480351907145 0.033998485094781095 0.043641871258697895 0.05527484322811571 0.07536822052601255 0.017621771488440463 -0.06095731670108163 -0.056450325598726515 -0.06810645187589151 -0.05369069508170005 -0.053755945571866186 -0.06412757963674967 -0.0665652171703554 -0.0630270725248453 -0.05708236284452217 -0.05427522395986842 -0.05068579769586445 -0.05110332730628267 -0.048641248453469565 -0.047560447419846025 -0.05413513256063879 -0.04981240882064966 -0.0549113158075536 -0.048643273520257935 -9999 -9999 -9999 -9999 -9999 -9999 -9999 -9999 -9999 -9999 -9999 -9999 -9999 -9999 -9999 -9999 -9999 -9999 -9999 -9999 -9999 -9999 -9999 -9999 -9999
-9999 -9999 -9999 -9999 -0.0021501457613836705 -0.07302293211445618 -0.06750432010027554 -0.06667726425342058 -0.0678018131624154 -0.060606960884086764 -0.06596247285930185 -0.04924022623648247 -0.07319392774844427 -0.06032738138926647 -0.054541283607727226 -0.05527485184412187 -0.058837425752537816 -0.06271263545816716 -0.05318469178094401 -0.05247315587832138 -0.045347495152121366 -0.04470567792511543 -0.045671999729314766 -0.05385721442824015 -9999 -9999 -9999 -9999 -9999 -9999 -9999 -9999 -9999 -9999 -9999 -9999 -9999 -9999 -9999 -9999 -9999 -9999 -9999 -9999 -9999 -9999 -9999 -9999 -9999 -9999 -9999 -9999
