metrics/grid_rasters/SMAP L4/grideval_SMAP L4_Y_2017_absolute_bias.asc
ncols 52
nrows 55
xllcorner     11.25
yllcorner     55.25
cellsize      0.25
NODATA_value  -9999
[rows 0 to 26 of 55, columns 0 to 51 of 52]
-9999 -9999 -9999 -9999 -9999 -9999 -9999 -9999 -9999 -9999 -9999 -9999 -9999 -9999 -9999 -9999 -9999 -9999 -9999 -9999 -9999 -9999 -9999 -9999 -9999 -9999 -9999 -9999 -9999 -9999 -9999 -9999 -9999 -9999 -9999 -9999 0.017956678691792183 -0.0103616906763756 -0.06606640508015676 -9999 -9999 -9999 -9999 -9999 -9999 -9999 -9999 -9999 -9999 -9999 -9999 -9999
-9999 -9999 -9999 -9999 -9999 -9999 -9999 -9999 -9999 -9999 -9999 -9999 -9999 -9999 -9999 -9999 -9999 -9999 -9999 -9999 -9999 -9999 -9999 -9999 -9999 -9999 -9999 -9999 -9999 -9999 -9999 -9999 -9999 -9999 -9999 -9999 0.02190160731950852 -0.00046533366588696884 -0.007395906409580376 -0.03411134250768244 -0.1006103736386724 -0.09264719954194273 -9999 -9999 -9999 -9999 -9999 -9999 -9999 -9999 -9999 -9999
-9999 -9999 -9999 -9999 -9999 -9999 -9999 -9999 -9999 -9999 -9999 -9999 -9999 -9999 -9999 -9999 -9999 -9999 -9999 -9999 -9999 -9999 -9999 -9999 -9999 -9999 -9999 0.007804070208987102 -0.012006550190383436 -0.05352601700347581 -0.08163568435160262 -0.057195244760137764 -0.05634564484839572 -0.02511382122868544 -9999 -0.02438743349726069 -0.0057059984092843186 -0.020969309382242673 -0.08190548903729816 -0.09179360271520813 -0.09031429119816384 -0.08820972839140731 -0.09063091511289552 -0.08419351131744582 -0.08897422277559973 -0.08810552630624541 -9999 -9999 -9999 -9999 -9999 -9999
-9999 -9999 -9999 -9999 -9999 -9999 -9999 -9999 -9999 -9999 -9999 -9999 -9999 -9999 -9999 -9999 -9999 -9999 -9999 -9999 -9999 -9999 -9999 -9999 -9999 -9999 -9999 0.008853979674104173 0.014916275686597202 0.02307290668561035 0.034318579069963884 0.027197812436378144 -0.02125856215516997 -0.06547592345063817 -0.047878357125063435 -0.05044682944474152 -0.055622485764834965 -0.06731273035888799 -0.0794476315175017 -0.09281992169275674 -0.08968739096228392 -0.0874786598174131 -0.09256960950689773 -0.0975878939083586 -0.08354976980959716 -0.093334267421128 -0.08724359105506987 -0.08440336304882617 -9999 -9999 -9999 -9999
-9999 -9999 -9999 -9999 -9999 -9999 -9999 -9999 -9999 -9999 -9999 -9999 -9999 -9999 -9999 -9999 -9999 -9999 -9999 -9999 -9999 -9999 0.01169887894432836 0.004013158115622084 0.01209083215831075 -0.008748510745290206 0.0038155725557509896 0.011266962479646923 0.013478082234728794 0.022381418290203514 0.03141453824427026 -0.02242464039423692 -0.01897693145254703 -0.06787040554089091 -0.05273165464503307 -0.04118906204933173 -0.06266338096497813 -0.0648098069408985 -0.07133095151655477 -0.07950537347119968 -0.08577985874798197 -0.08846645208254253 -0.09243474365403392 -0.0953954585508941 -0.10299680814249056 -0.11427589143588117 -0.10669995170239717 -0.1062408762129202 -0.10445012548708753 -9999 -9999 -9999
-9999 -9999 -9999 -9999 -9999 -9999 -9999 -9999 -9999 -9999 -9999 -9999 -9999 -9999 -9999 -9999 -9999 -9999 -9999 -9999 -9999 0.0038692390163467256 0.01002344119630444 0.02302518025653 -0.003399863502342393 -0.009996065711730171 -0.007348035439236511 0.017701591010371276 0.020850682391287508 0.02608983133957815 0.00876016414226738 -0.026552999866743643 -0.03760970782437556 -0.08314357651525167 -0.07124877814458658 -0.05570344570258709 -0.07135251387443442 -0.07397023766518454 -0.07869383827974533 -0.09203972784827837 -0.09019007965514106 -0.09076431108357967 -0.0981586351480386 -0.10342028427818052 -0.10813712554231078 -0.11311061974257634 -0.09604542838179904 -0.10734543838117222 -0.10543263043749004 -9999 -9999 -9999
-9999 -9999 -9999 -9999 -9999 -9999 -9999 -9999 -9999 -9999 -9999 -9999 -9999 -9999 -9999 -9999 -9999 -9999 -9999 -9999 0.004952219087783594 0.010259593686420654 0.003418895877795647 0.011186330142902991 0.001874031024436451 0.010272696430552508 0.015409772598171891 0.0047896237201886524 0.0076491094819486904 -0.01081941323737573 -0.04619398620745091 -0.08818247071786288 -0.08839267356040545 -0.08410396823940211 -0.4276236896849657 -0.0794400607835348 -0.08597783045205351 -0.0891725728211746 -0.10312164331441877 -0.10181620418515104 -0.10151107778696168 -0.10390810959857624 -0.4878295953449321 -0.490278921944842 -0.10800400826926916 -0.4839369810913524 -0.4849924156467801 -0.4870928891258289 -0.48550640695715597 -0.4853191034281498 -9999 -9999
-9999 -9999 -9999 -9999 -9999 -9999 -9999 -9999 -9999 -9999 -9999 -9999 -9999 -9999 -9999 -9999 -9999 -9999 -9999 -9999 -9999 0.003934310509325689 0.003034423720346735 0.013401747188747759 0.010409464789171765 0.0054977616116608785 -0.007664193284429909 -0.05213281728123148 -0.08640444059792449 -0.07408678568389321 -0.02595999609321764 -0.08347100320029749 -0.09592336172824853 -0.08889124194440777 -0.08593264674793369 -0.4674919851124287 -0.09699532482007593 -0.098582498433247 -0.10430761514461204 -0.10450851199765727 -0.10570614194012667 -0.10902097522191803 -0.10975590192087707 -0.4935176605843518 -0.4906379566821333 -0.4846904800362784 -0.4838975794256142 -0.4872779795670346 -0.48616349862965 -9999 -9999 -9999
-9999 -9999 -9999 -9999 -9999 -9999 -9999 -9999 -9999 -9999 -9999 -9999 -9999 -9999 -9999 -9999 -9999 -9999 -9999 0.0068647823921622044 0.004269742067546045 0.0022944750544959262 -0.0023855328559875266 -0.007735133691601559 -0.03297331642410528 -0.11411331529180485 -0.11100499808073858 -0.11011950776287137 -0.10010493946299978 -0.09886875005617532 -0.09720841794185443 -0.0980347730168333 -0.09676624819738404 -0.0897914419027224 -0.09172933200144603 -0.4753492617035565 -0.10049772616220663 -0.10761796050284007 -0.10894824459842622 -0.1097169710042542 -0.10610479855884423 -0.10987710514399283 -0.10745631973833253 -0.11059749703599164 -0.4909093278575025 -0.11056031888886678 -0.10805790588157638 -0.11167855749595654 -0.4870994152986024 -0.4851761568235616 -0.10665923009486232 -9999
-9999 -9999 -9999 -9999 -9999 -9999 -9999 -9999 -9999 -9999 -9999 -9999 -9999 -9999 -9999 -9999 -9999 -9999 0.01106603299714115 0.01276803006456323 0.006547564094605496 -0.008116197810597636 -0.06368824511460247 -0.09139948182114184 -0.0876622425162629 -0.09820706144689699 -0.08265536836769483 -0.079751817361541 -0.0783320423011502 -0.09612196532830801 -0.09074667215551413 -0.08848229004197741 -0.08716188963655737 -0.09089360715285558 -0.0944286553622925 -0.10021688261975162 -0.10257429347871101 -0.10224157467178284 -0.10147313812926208 -0.10399069305866546 -0.10630562850975828 -0.1066906189163254 -0.10794812260731446 -0.10640095939272884 -0.10615703875887884 -0.10260444174278274 -0.10474770352856756 -0.10772388967851254 -0.09822389185938933 -0.09923416264355184 -0.09928323483120087 -9999
-9999 -9999 -9999 -9999 -9999 -9999 -9999 -9999 -9999 -9999 -9999 -9999 -9999 -9999 -9999 -9999 -9999 0.013869281939855982 0.005202041637815846 -0.06978471850185364 -0.08192885717606704 -0.07237066910283205 -0.06944590929946673 -0.090193271825779 -0.08545174368542349 -0.09237800005772344 -0.08913445295638417 -0.09615325460286993 -0.09977691889523643 -0.09390830923229047 -0.08932476068706546 -0.08803476047230098 -0.09096295990253966 -0.09269300651264514 -0.0956789343324426 -0.09737625443057654 -0.0958568696493972 -0.095626514251918 -0.09932608960630143 -0.1045337412149122 -0.4866575458482521 -0.4847587409339947 -0.10351078978242123 -0.10786110480660446 -0.10429848292204616 -0.10294923964020322 -0.10550665776309084 -0.10685282008186596 -0.09992394143689988 -0.10144777931783296 -9999 -9999
-9999 -9999 -9999 -9999 -9999 -9999 -9999 -9999 -9999 -9999 -9999 -9999 -9999 -0.006876091067105128 0.00916395958972305 0.017146661591856405 0.017728309425180944 0.018644169983390246 0.020005955618538296 0.01983388866463753 -0.00928103479824649 -0.05629779313218925 -0.07534414281277624 -0.07493653515838594 -0.08049835731619842 -0.0685788513403641 -0.09381964715478358 -0.09375989024259454 -0.09916377314557767 -0.09409581203881193 -0.0904890897594494 -0.08974551123196947 -0.08373751628582607 -0.0917380270943658 -0.08931378148598215 -0.08298857350871985 -0.09089421435476168 -0.09178556160975808 -0.09099176908804944 -0.0856190035094137 -0.08530930085745578 -0.08660439428401318 -0.09343515138511788 -0.09997684145218703 -0.10326760267864353 -0.4807268035738436 -0.4789134787421112 -0.4788242250323704 -0.10535338272480932 -0.4789628006211699 -0.4707182005609144 -9999
-9999 -9999 -9999 -9999 -9999 -9999 -9999 -9999 -9999 -9999 -9999 -9999 -9999 0.011110120409563828 0.008366590064682378 -0.047967679773087364 -0.09908481787839164 -0.09259128746614884 -0.0730285415808632 -0.02137066025848261 -0.0818739385943707 -0.0843480131142352 -0.07847065182071025 -0.0658606392369695 -0.07304532516186367 -0.08279579576257973 -0.09381002879203999 -0.09124942617873624 -0.09269660449497504 -0.09207558841635917 -0.08729204948328129 -0.08184675352316198 -0.0827511651007688 -0.07911226396283058 -0.07824886458071126 -0.07969510264898813 -0.07742650937544154 -0.08026617204591838 -0.08173107771738752 -0.0789754699711522 -0.07638122871620197 -0.08174327342987875 -0.08344312265821516 -0.08092558483452827 -0.4548964907708642 -0.08888649354650549 -0.0940328866753676 -0.0986455756711633 -0.10044921479915099 -0.1000215613933867 -0.09317264676808493 -0.04543965480303114
-9999 -9999 -9999 -9999 -9999 -9999 -9999 -9999 -9999 -9999 -9999 -9999 -9999 0.007432002125129344 -0.06935649928062748 -0.08909148749933665 -0.08414520179368046 -0.0857874649487538 -0.08787430068605567 -0.08053053733828949 -0.056624928581183925 -0.07448627624711762 -0.07130004574276816 -0.06793285043374314 -0.07290944149845266 -0.08282237223362267 -0.08354475769176062 -0.0960311727470731 -0.09141194453998787 -0.08827598458793881 -0.08638592689004662 -0.08791859930202567 -0.08029664531350136 -0.0821201611208181 -0.08649039193477531 -0.0816739619339574 -0.07780253614158664 -0.07484341726115304 -0.07048522782550279 -0.068660403686027 -0.06774712002338612 -0.06929240471696199 -0.0753640198289123 -0.0824800703929712 -9999 -9999 -9999 -9999 -9999 -9999 -9999 -9999
-9999 -9999 -9999 -9999 -9999 -9999 -9999 -9999 -9999 -9999 -9999 -9999 -9999 -0.07158762209423603 -0.08303587193256368 -0.08537779013588004 -0.06997890178981711 -0.07539873373732991 -0.08005560609984069 -0.07230557539589602 -0.07084704461979541 -0.07734127544785199 -0.07319746268530414 -0.0707762281167997 -0.07248997519379607 -0.07146751326445032 -0.07554983247122538 -0.07901686796892995 -0.07928678213733514 -0.08496525250885584 -0.08423654742743053 -0.08552933683338229 -0.08044349449138116 -0.08140009760040126 -0.08179121125642569 -0.08346305155284597 -0.07539227308373744 -0.07682971528744048 -0.0742519414894385 -0.07500094064600663 0.02638017228511097 -9999 -9999 -9999 -9999 -9999 -9999 -9999 -9999 -9999 -9999 -9999
-9999 -9999 -9999 -9999 -9999 -9999 -9999 -9999 -9999 -9999 -9999 -9999 0.009432341127771249 -0.05857439581049634 -0.05945281395561075 -0.07261416544142654 -0.06034734919667242 -0.0852800646260993 -0.07671905819785924 -0.07220863344224349 -0.07129144557330705 -0.06594001611516083 -0.06396246563183933 -0.059089312722829884 -0.05749949927199372 -0.061412844908972315 -0.06898812506194799 -0.07198301175583716 -0.07429961146250977 -0.07758789838687198 -0.07810021997620797 -0.07634492521110461 -0.07117009199645423 -0.07097250663560548 -0.07452530682801384 -0.07310133559552777 -0.0701645572759109 -0.07307126686385232 -0.07900931332515529 -0.07028167775946939 -0.07227958512224564 -9999 -9999 -9999 -9999 -9999 -9999 -9999 -9999 -9999 -9999 -9999
-9999 -9999 -9999 -9999 -9999 -9999 -9999 -9999 -9999 -9999 -9999 -0.0857061286546188 -0.053878474051821716 -0.03790245700678602 -0.02467027821463269 -0.06743682007471175 -0.05593472760017604 -0.07484837654110504 -0.07660166164987707 -0.07351385076364425 -0.0709153989610607 -0.06674648664687594 -0.06148945004360312 -0.03511507104418865 -0.061700945026049836 -0.06110045103585888 -0.0624705444102826 -0.06282945966271503 -0.06835361533887585 -0.069264512151888 -0.06949368460639699 -0.07167902867985912 -0.0656528911974332 -0.06705293253268282 -0.07117468197766233 -0.06761377201709029 -0.07566884847434416 -0.07858773499012811 -0.07656694927240071 -0.07491379490964217 -9999 -9999 -9999 -9999 -9999 -9999 -9999 -9999 -9999 -9999 -9999 -9999
-9999 -9999 -9999 -9999 -9999 -9999 -9999 -9999 -9999 -9999 -0.06670387778176018 -0.09152423416915006 -0.09598517536300503 -0.0898793775741368 -0.08327840375267481 -0.07462919285036113 -0.07219475071417958 -0.07552100302626008 -0.06948911306792742 -0.05161052437065401 -0.07404001989491182 -0.06413566369104058 -0.062425776372013075 -0.06568964573312297 -0.07630643352151734 -0.07610282967862197 -0.07646729982879069 -0.0688545391575931 -0.06367877193101468 -0.06346816927296656 -0.06260362529285153 -0.05986720578209176 -0.06398277947653648 -0.07078466347023232 -0.07575610442827008 -0.07761676357931467 -0.07203604777994224 -0.07353050756740245 -0.07653727708511976 -9999 -9999 -9999 -9999 -9999 -9999 -9999 -9999 -9999 -9999 -9999 -9999 -9999
-9999 -9999 -9999 -9999 -9999 -9999 -9999 -9999 -9999 -9999 -9999 -9999 -0.024197371722492426 -0.07541623891726745 -0.05517076100796869 -0.06344323762475629 -0.06962476590622779 -0.07228415347125433 -0.07184245703257114 -0.07092106292304927 -0.04588537980126189 -0.06254132155788268 -0.061493879750575124 -0.06542412897393313 -0.07372426303894553 -0.07460251413796043 -0.07562860025934981 -0.07298422623170564 -0.07086682195634875 -0.06879568033634798 -0.0611411038633079 -0.06207437682131381 -0.059557470842583525 -0.0693930634743955 -0.07313068509101868 -0.07640063778994832 -0.07145459096725676 -0.06952187502629134 -0.07390000932428936 -0.07138328343017461 -9999 -9999 -9999 -9999 -9999 -9999 -9999 -9999 -9999 -9999 -9999 -9999
-9999 -9999 -9999 -9999 -9999 -9999 -9999 -9999 -9999 -9999 -9999 -0.03203107453882692 -0.05354088139146157 -0.030545250300879345 -0.06724226307379055 -0.05506572290642625 -0.055881331932463085 -0.06435460816201283 -0.06212746789806513 -0.05829818734057146 -0.058666065467955324 -0.05797701697949675 -0.05429606147314586 -0.05267073342142858 -0.058715542793682185 -0.06239861334125474 -0.06207737520541234 -0.06515781334409976 -0.06462207254889896 -0.061977103418887465 -0.05996761922660754 -0.06035786428782222 -0.06156888444946235 -0.0634389071176722 -0.06595026020930239 -0.07257964505928838 -0.08117075259861067 -0.08247280580131977 -0.07896385638885299 -9999 -9999 -9999 -9999 -9999 -9999 -9999 -9999 -9999 -9999 -9999 -9999 -9999
-9999 -9999 -9999 -9999 -9999 -0.011919644821996532 -0.08342551221586253 -0.04453583949641005 0.0014470401079687554 0.017711325449078053 0.024686287353708317 -0.06989019282468377 -0.06868220824901372 -0.06866873835966197 -0.06441834716968342 -0.4352827989789721 -0.05705045652001689 -0.06493080943720797 -0.055432430307750864 -0.057283146306872375 -0.054813092135607366 -0.05121491724395588 -0.05790723756159821 -0.05200688829262778 -0.05401380408606304 -0.05490680618645394 -0.05846240186221796 -0.05932821282376983 -0.057946888229822476 -0.05552843833112553 -0.055289327516539484 -0.05528083417615665 -0.05332595447767269 -0.05519886600644619 -0.05789824021495371 -0.06736557921522285 -0.07488007072410355 -0.0743777744063776 -9999 -9999 -9999 -9999 -9999 -9999 -9999 -9999 -9999 -9999 -9999 -9999 -9999 -9999
-9999 -9999 -9999 -9999 -0.041878679302865485 -0.0014557454786072175 0.023531413986666527 -0.07841301427210035 -0.08072976847115443 -0.07376953057230334 -0.07184175897440681 -0.06662903574537743 -0.051212704222496234 -0.04600008710810583 -0.0290781055564342 -0.053897418551249084 -0.05172848079404602 -0.05281034561052717 -0.04805065824152671 -0.04875927180153866 -0.04859865200131725 -0.04348559832736237 -0.039159344039755295 -0.048571940225689336 -0.05045476232795682 -0.05244486909614848 -0.048048182908598684 -0.04500751616815996 -0.04802247695624828 -0.04719258320249925 -0.0463498471738541 -0.038790811424794236 -0.029334199520414824 -0.027110853520770584 -0.029318152613019288 -9999 -9999 -9999 -9999 -9999 -9999 -9999 -9999 -9999 -9999 -9999 -9999 -9999 -9999 -9999 -9999 -9999
-9999 -9999 -9999 0.13270067420009884 -0.03520408881547521 -0.08468283410758187 -0.0012739405954537708 -0.057052797732287885 -0.05228069806343888 -0.04835372231390378 -0.04062356990698263 -0.03596554914974187 -0.031779598526350435 -0.04602274949317925 -0.04900005376604322 -0.044629802682424224 -0.0456061143734276 -0.04965371420632486 -0.0495882991242082 -0.0477158739958724 -0.04638859240261661 -0.040730147415848635 -0.036058117474799284 -0.03695102661133631 -0.043308705596687036 -0.045572108729449064 -0.03726899118149935 -0.04052473138762664 -0.038854987424326304 -0.035925702112790635 -0.03884881081646435 -9999 -9999 -9999 -9999 -9999 -9999 -9999 -9999 -9999 -9999 -9999 -9999 -9999 -9999 -9999 -9999 -9999 -9999 -9999 -9999 -9999
-9999 -9999 -9999 0.12066973994856015 0.15372709974850693 -0.009510504719737469 -0.054278554267262746 -0.03098682677500864 0.02568728563516109 -0.04812711957484889 -0.05766220035107982 -0.061997304178059924 -0.05755371197241626 -0.05604434725764682 -0.050125273710040164 -0.043968699300942334 -0.0441863975347313 -0.043530498342971236 -0.049528500937844 -0.04523624054169004 -0.0389017470538208 -0.032564727349640554 -0.034014995105258405 -0.03439335532690563 -0.03295100782934116 -0.032984060610402155 -0.030379838123917587 -0.03388913258501927 -0.03481001999382285 -9999 -9999 -9999 -9999 -9999 -9999 -9999 -9999 -9999 -9999 -9999 -9999 -9999 -9999 -9999 -9999 -9999 -9999 -9999 -9999 -9999 -9999 -9999
-9999 -9999 -9999 0.08657169036873398 0.014215560880017575 0.029609550821454562 0.013532160110261373 -0.046937130100718934 -0.047346608330533946 -0.029398484339248687 -0.043277605505634635 -0.03811401331873787 -0.04572499073939778 -0.04805652457353185 -0.04605780957802516 -0.04656317435613239 -0.0443867977963735 -0.039929424022158544 -0.04609185518977574 -0.042263183324304315 -0.036154016826863165 -0.0320359118537952 -0.03833848773820761 -0.04050410804785276 -0.033447787456520606 -0.03165052589794545 -0.04315949587585177 -0.057569001839585486 -9999 -9999 -9999 -9999 -9999 -9999 -9999 -9999 -9999 -9999 -9999 -9999 -9999 -9999 -9999 -9999 -9999 -9999 -9999 -9999 -9999 -9999 -9999 -9999
-9999 -9999 -9999 0.13439118627918092 0.030203512974389606 0.046467868891889134 0.060323460206185335 0.079292653807222 0.028587669787341563 -0.04998759954963647 -0.04658700997800863 -0.06347156441579127 -0.04727130587378592 -0.04310390377697879 -0.04522102523646127 -0.04599328283475687 -0.04487164734977567 -0.039058266901602495 -0.04283245240580544 -0.03683435093254261 -0.03532826441710127 -0.037573059867710284 -0.039103394078269384 -0.046120935469253437 -0.04077645408576483 -0.045798107854103404 -0.04038317445410442 -9999 -9999 -9999 -9999 -9999 -9999 -9999 -9999 -9999 -9999 -9999 -9999 -9999 -9999 -9999 -9999 -9999 -9999 -9999 -9999 -9999 -9999 -9999 -9999 -9999
-9999 -9999 -9999 -9999 -0.0031812392277260626 -0.07108640369180946 -0.07016347644672002 -0.06228809801172721 -0.06870090572086918 -0.061263118025987134 -0.06739428567968002 -0.048154708804333035 -0.06896774610632088 -0.0558163440492872 -0.04690900115832075 -0.04523939088191073 -0.047469445833400514 -0.04876237228921016 -0.043023467293544976 -0.03929302158114848 -0.03412073387777148 -0.0395068568879203 -0.04234969628694124 -0.046353000305490936 -9999 -9999 -9999 -9999 -9999 -9999 -9999 -9999 -9999 -9999 -9999 -9999 -9999 -9999 -9999 -9999 -9999 -9999 -9999 -9999 -9999 -9999 -9999 -9999 -9999 -9999 -9999 -9999
