metrics/grid_rasters/SMAP L4/grideval_SMAP L4_Y_2015_absolute_ubrmsd.asc
ncols 52
nrows 55
xllcorner     11.25
yllcorner     55.25
cellsize      0.25
NODATA_value  -9999
[rows 0 to 27 of 55, columns 0 to 51 of 52]
-9999 -9999 -9999 -9999 -9999 -9999 -9999 -9999 -9999 -9999 -9999 -9999 -9999 -9999 -9999 -9999 -9999 -9999 -9999 -9999 -9999 -9999 -9999 -9999 -9999 -9999 -9999 -9999 -9999 -9999 -9999 -9999 -9999 -9999 -9999 -9999 0.029403746291265288 0.030266926535456536 0.030929815688901127 -9999 -9999 -9999 -9999 -9999 -9999 -9999 -9999 -9999 -9999 -9999 -9999 -9999
-9999 -9999 -9999 -9999 -9999 -9999 -9999 -9999 -9999 -9999 -9999 -9999 -9999 -9999 -9999 -9999 -9999 -9999 -9999 -9999 -9999 -9999 -9999 -9999 -9999 -9999 -9999 -9999 -9999 -9999 -9999 -9999 -9999 -9999 -9999 -9999 0.032202961911670325 0.03173394034518494 0.033130432437719716 0.031287673182259834 0.0339455233576089 0.031679898653229364 -9999 -9999 -9999 -9999 -9999 -9999 -9999 -9999 -9999 -9999
-9999 -9999 -9999 -9999 -9999 -9999 -9999 -9999 -9999 -9999 -9999 -9999 -9999 -9999 -9999 -9999 -9999 -9999 -9999 -9999 -9999 -9999 -9999 -9999 -9999 -9999 -9999 0.03212921369443515 0.033077963492820966 0.02680873445332046 0.02042575441550477 0.03270431419577121 0.03179183165511503 0.03149793150080005 -9999 0.03480875381070026 0.031978978849717864 0.03130711348607712 0.032870434734658734 0.03487963732072438 0.03801608548443792 0.037387908160335034 0.0370419564638275 0.0322895509189187 0.03501067912011506 0.03679907566100628 -9999 -9999 -9999 -9999 -9999 -9999
-9999 -9999 -9999 -9999 -9999 -9999 -9999 -9999 -9999 -9999 -9999 -9999 -9999 -9999 -9999 -9999 -9999 -9999 -9999 -9999 -9999 -9999 -9999 -9999 -9999 -9999 -9999 0.030679807644011375 0.030717867849578032 0.032449175792386764 0.033654692699452066 0.03201496547695835 0.034576095691946813 0.03865806320665138 0.03829408010398831 0.03677760217927222 0.03644067921694597 0.034435561667604635 0.035173635757345716 0.03462756855523855 0.03521007996495773 0.03474796840615186 0.03510705230007835 0.034530644757882194 0.03565843483391497 0.03231339637380447 0.030407303276349912 0.02958777541671068 -9999 -9999 -9999 -9999
-9999 -9999 -9999 -9999 -9999 -9999 -9999 -9999 -9999 -9999 -9999 -9999 -9999 -9999 -9999 -9999 -9999 -9999 -9999 -9999 -9999 -9999 0.030972711709046044 0.03325005915020225 0.031781350200100554 0.03354630199415755 0.0310942244027415 0.030484004985697512 0.030583402506716137 0.03067924062874278 0.03163911742897596 0.03287417987738677 0.032865469344965585 0.035782447926749006 0.034106979755346524 0.03193518954042653 0.0314802124571694 0.0283989930716959 0.02775306077782322 0.027401364265928936 0.02759315559571765 0.03130151479087071 0.03087232851600362 0.0275596649641458 0.027776987969094124 0.029712958745830062 0.02810865752856992 0.02733716417356868 0.027303140821458703 -9999 -9999 -9999
-9999 -9999 -9999 -9999 -9999 -9999 -9999 -9999 -9999 -9999 -9999 -9999 -9999 -9999 -9999 -9999 -9999 -9999 -9999 -9999 -9999 0.03237374585457098 0.03396028530404736 0.032610709902293214 0.016441736300840542 0.01715603460245942 0.0305592427029098 0.028263948801550805 0.02780829693314488 0.032054386352713765 0.034170283524980805 0.03435165041404902 0.033172444896576565 0.03294427347771906 0.03243698607784238 0.031702026136074715 0.031860038341537895 0.03086127060476885 0.02791213732890092 0.027861596181485225 0.026448077796580767 0.026000020500901642 0.026811763809256633 0.027126204447926003 0.02772717861006039 0.02840503014333713 0.02765723058302872 0.028046892982601584 0.02771601067275485 -9999 -9999 -9999
-9999 -9999 -9999 -9999 -9999 -9999 -9999 -9999 -9999 -9999 -9999 -9999 -9999 -9999 -9999 -9999 -9999 -9999 -9999 -9999 0.025008187062406383 0.022439513644917537 0.031035520119227483 0.02813444361857925 0.02757076309096139 0.02738691490940896 0.02731244271051676 0.02833011230526265 0.027087907887774924 0.026962426870049416 0.02822106100429487 0.03183765526696861 0.032716174461080216 0.033047158989975324 0.03395827354863438 0.03286627805160628 0.03310876773857796 0.032134132362305265 0.03231398827720572 0.0286323614330693 0.027796118429558758 0.027419347869958897 0.030267952192732563 0.030002670997379376 0.02824043479983485 0.0298773483775131 0.030514246680926418 0.03188021139696472 0.029940032666841164 0.028932545707285942 -9999 -9999
-9999 -9999 -9999 -9999 -9999 -9999 -9999 -9999 -9999 -9999 -9999 -9999 -9999 -9999 -9999 -9999 -9999 -9999 -9999 -9999 -9999 0.03127440073010352 0.032268202384561004 0.030123150374656626 0.02782343693428528 0.02754881243231724 0.02926262980911213 0.0303622348317962 0.03336269893958693 0.03287359514377201 0.028364544281239527 0.028294382318786487 0.02825022009882401 0.025482900773005805 0.0265101936138486 0.029102979964466518 0.027456938755447427 0.02763048439620814 0.02877243571104245 0.027858829457026547 0.027755438924653344 0.028387601846491906 0.028488387175168 0.02994814507738085 0.029826588742893782 0.030301846310344206 0.03056069442464337 0.03149406357014198 0.029402908720015063 -9999 -9999 -9999
-9999 -9999 -9999 -9999 -9999 -9999 -9999 -9999 -9999 -9999 -9999 -9999 -9999 -9999 -9999 -9999 -9999 -9999 -9999 0.02889191966884757 0.028673376771203293 0.02967910885237648 0.03180199699916913 0.03251920146992443 0.031023857378889613 0.03789712962044227 0.03399841391495476 0.03089937251956376 0.03132132640786326 0.03015097077898968 0.0291885447030652 0.02812911507303232 0.02785225925278903 0.028150469548535326 0.026899974958857608 0.028873886035793567 0.02684656197212163 0.0270350160838402 0.027735338569747636 0.027968656324488663 0.02714036420317701 0.027945911630644797 0.02813623296080625 0.028583198128193068 0.030677080996495295 0.029739123138274343 0.029203593702789687 0.028690048516972405 0.02969399105872121 0.02993556705183518 0.028198459427031818 -9999
-9999 -9999 -9999 -9999 -9999 -9999 -9999 -9999 -9999 -9999 -9999 -9999 -9999 -9999 -9999 -9999 -9999 -9999 0.030560472255722632 0.03016504758677614 0.030226698531791364 0.03267824120608218 0.034886568416323274 0.035500823553683884 0.03202395871061153 0.032243891482356374 0.0318531917755187 0.035496463262533966 0.033214500713905366 0.029526715747908182 0.027659430088547002 0.026673920228055863 0.026438896072964485 0.02691502763931771 0.02706641579588642 0.02731650562005376 0.02838043812866067 0.027464490957509025 0.027391176070091984 0.027741423147564868 0.02807840770469341 0.027957780114903262 0.028445564639516575 0.027773145544405357 0.029308556271445917 0.030518202055680326 0.03032933935190845 0.029674293651004026 0.028600457046316537 0.029699759048988014 0.028985988348137974 -9999
-9999 -9999 -9999 -9999 -9999 -9999 -9999 -9999 -9999 -9999 -9999 -9999 -9999 -9999 -9999 -9999 -9999 0.033361721570792174 0.03313964361802655 0.03425020474811212 0.03468950948813145 0.035960926136411685 0.030749030107688157 0.02788777902629708 0.02698669660322786 0.02915544520128785 0.02991975419017469 0.02901491518421467 0.028950272973592695 0.027873639438736008 0.027317507649961444 0.02807135186964876 0.027567821241482316 0.027661066610388068 0.027564641834910284 0.027519015004552252 0.027086652228597102 0.0277563402862507 0.027638296553593192 0.02838364701015957 0.031123866119898525 0.03081268827702395 0.027992475072843685 0.029131910342764668 0.0300815600860274 0.030753427714054576 0.030823575550420958 0.03039970137000225 0.030157388140064426 0.03160211861315792 -9999 -9999
-9999 -9999 -9999 -9999 -9999 -9999 -9999 -9999 -9999 -9999 -9999 -9999 -9999 0.030264311704204887 0.03322873252558469 0.034009732720547435 0.03219591979512562 0.03244506017001455 0.03327874974306271 0.03112300402062873 0.03287345548160876 0.03329681994021566 0.030676316220379 0.030370472786560673 0.026457609969092646 0.024962362178538096 0.019383984325613238 0.0288000609404233 0.0328478708414864 0.029440741132543462 0.02816311514517684 0.02926914711615427 0.02784145079265844 0.02813433583828605 0.027420763465292698 0.02709735536912477 0.0271273019162338 0.02844581274543319 0.02824170287024632 0.027327460865150602 0.027582524134146948 0.027473889768750936 0.02871443248612609 0.030231266684908945 0.029345770079424575 0.03041298757163402 0.030371948500343013 0.030212864081179926 0.028870178164066392 0.029574451641414118 0.02992814478187808 -9999
-9999 -9999 -9999 -9999 -9999 -9999 -9999 -9999 -9999 -9999 -9999 -9999 -9999 0.03326427212738229 0.03461645535550875 0.0375887054167838 0.043257568294923984 0.03784508086769408 0.035494573637748335 0.02819930471386978 0.03397678672468952 0.03446643684076567 0.03344325973687203 0.030554713021062486 0.027915278924692786 0.023870001209647003 0.010160472852434805 0.026630865378407625 0.021670709291524586 0.027276432393570003 0.026077516435445484 0.025015887846950646 0.024455020681115536 0.024618515045646085 0.026835531156294324 0.026758684864596902 0.026770307557676468 0.0275925330887025 0.027574438444146 0.028340200298865744 0.027827577998887174 0.03012506640056075 0.030971946446928286 0.026309736964932964 0.031187370417541226 0.02612867235841217 0.027550312992088318 0.027472715152417417 0.028054782798800547 0.02785490928269552 0.027597200556315756 0.024008345310434914
-9999 -9999 -9999 -9999 -9999 -9999 -9999 -9999 -9999 -9999 -9999 -9999 -9999 0.03277495638381197 0.038867974005177386 0.036375696660835816 0.034196988209020264 0.03462553868162531 0.03856952455750028 0.035635363460300766 0.034056417526205585 0.03207264404181067 0.030513454395707344 0.02644061557696804 0.026066178856071983 0.026622614367649396 0.025734613948439296 0.011149312869508607 0.01483829142652071 0.02618171818279119 0.025415630736606645 0.02435124651127596 0.023684423342759383 0.02460868669228646 0.02543856412256648 0.02447261521971381 0.024454392077227053 0.024336921636315737 0.024539937194503092 0.0265199331246354 0.026604561291722333 0.02886785008218053 0.02853737018356505 0.025706664980990244 -9999 -9999 -9999 -9999 -9999 -9999 -9999 -9999
-9999 -9999 -9999 -9999 -9999 -9999 -9999 -9999 -9999 -9999 -9999 -9999 -9999 0.035815412657885085 0.0347979399127238 0.032827002271652535 0.03023555923632335 0.03103798553574777 0.03595537013285629 0.030891468973557486 0.030420786028745067 0.02477212888521392 0.028253195219484405 0.028688234609184262 0.026497716727315858 0.024231439504022716 0.02421833868478225 0.024608780202957526 0.02507177690006792 0.026347571474088446 0.026507865683799297 0.02592302355307496 0.02490028194870273 0.02636618312658194 0.027271888348859318 0.027199840366372373 0.02540018917589704 0.02580545785486693 0.0262460006758967 0.02732280172077961 0.027776345022627186 -9999 -9999 -9999 -9999 -9999 -9999 -9999 -9999 -9999 -9999 -9999
-9999 -9999 -9999 -9999 -9999 -9999 -9999 -9999 -9999 -9999 -9999 -9999 0.03607749789503008 0.037755857679188466 0.03441129201287474 0.03624998135486869 0.03495310218903993 0.03571845724569216 0.03445099126230275 0.031532454596274524 0.02937552512587862 0.026887933664109125 0.025718710483672462 0.02582211790567654 0.02555711650372913 0.023709928004006443 0.02458968713601294 0.025023188975715288 0.02459182370723564 0.024113950027872533 0.024576262713718083 0.026098499911472072 0.024189453711835986 0.02541336585618099 0.025792688281562483 0.026658255943126947 0.02603443440328812 0.026978219302672482 0.026450275405067964 0.02676652687298266 0.026445429423427258 -9999 -9999 -9999 -9999 -9999 -9999 -9999 -9999 -9999 -9999 -9999
-9999 -9999 -9999 -9999 -9999 -9999 -9999 -9999 -9999 -9999 -9999 0.03404908712958762 0.03334475613981188 0.034103638441138735 0.032227335079620466 0.0354874963427845 0.034970890237950226 0.03499208760794724 0.03338968591178932 0.028885234434267437 0.027094926158534902 0.028084401200162052 0.02738170359077745 0.024980317906227057 0.026195354754703484 0.02418819067685628 0.023406894440305318 0.023640093228892774 0.024739133854870858 0.023834523866087143 0.02399119521654692 0.024955307161329408 0.02277603862643159 0.02445816523421401 0.02447385511940813 0.02708644733457709 0.027354349575265956 0.028928000143188783 0.029647394096030073 0.02488876985581424 -9999 -9999 -9999 -9999 -9999 -9999 -9999 -9999 -9999 -9999 -9999 -9999
-9999 -9999 -9999 -9999 -9999 -9999 -9999 -9999 -9999 -9999 0.03970832427051345 0.043021642399018095 0.0378637449607196 0.03693135163140928 0.039523385825563084 0.0356819008161169 0.0331318790502909 0.03073424844697663 0.03187442818290925 0.025920408272602054 0.025160114942226627 0.024986299721460752 0.02553187487438556 0.02575216212355301 0.02604270840200814 0.02443554778426349 0.024180667737521075 0.0237174666335296 0.02360123157403236 0.02363661916946325 0.023764548384014032 0.02400624317324046 0.02409546316364186 0.02560754530521304 0.026912714587519215 0.028313232620937837 0.028497440683752533 0.02934215431136788 0.029321630948622276 -9999 -9999 -9999 -9999 -9999 -9999 -9999 -9999 -9999 -9999 -9999 -9999 -9999
-9999 -9999 -9999 -9999 -9999 -9999 -9999 -9999 -9999 -9999 -9999 -9999 0.031356442750825685 0.03241407123344519 0.03334483871482053 0.0303107806720214 0.028827300529375464 0.02753749842080611 0.02652892938616552 0.02634654343352398 0.02398774090706966 0.025853942177909008 0.025979080539535203 0.025725265944559563 0.0252794988987898 0.024446252735095386 0.024775811491029583 0.024382655194214987 0.02458304063758136 0.02466423336237161 0.024501540086997956 0.024108774125092127 0.024513138062415358 0.025143994080808304 0.026017801700811503 0.026186390394287832 0.027664519188873908 0.027819895332030484 0.028218201251858283 0.02494332626175709 -9999 -9999 -9999 -9999 -9999 -9999 -9999 -9999 -9999 -9999 -9999 -9999
-9999 -9999 -9999 -9999 -9999 -9999 -9999 -9999 -9999 -9999 -9999 0.03674198434551981 0.03841560180433621 0.031155623891821038 0.03421863089592552 0.027897618957195038 0.02694262195946477 0.026956477828465643 0.02655098984234816 0.026256703365664616 0.026348775819671717 0.026843875732154958 0.02716824397167605 0.025665329381179217 0.024192691354492986 0.02383602286085836 0.02426110445499916 0.023175199806967608 0.02302548625124344 0.024612532333726303 0.025019391875418368 0.0243163690489888 0.024876165264229613 0.02662509887583461 0.026199903453436688 0.025387322467003703 0.02512522474645835 0.026110369354987027 0.025141385041619245 -9999 -9999 -9999 -9999 -9999 -9999 -9999 -9999 -9999 -9999 -9999 -9999 -9999
-9999 -9999 -9999 -9999 -9999 0.03038673186248883 0.03334969631459034 0.031060907402973105 0.028520303433470662 0.02761468161082607 0.029780602649590145 0.03179858660051195 0.029087824818011383 0.02810204786900108 0.027594214040114702 0.02723075875267467 0.02617926303886796 0.02486109838620655 0.02529418164777537 0.025881037379117327 0.026273544252051573 0.027320857132675742 0.026549294800616904 0.026789785182989988 0.025969472523592548 0.025114437588172174 0.02467461051079092 0.024934137300013943 0.025089743830830555 0.0249183685971574 0.02430942921548496 0.02538288947529585 0.02570407294175028 0.026375799457877776 0.0266053625876812 0.025187866352506808 0.024032549208782804 0.02273772579486551 -9999 -9999 -9999 -9999 -9999 -9999 -9999 -9999 -9999 -9999 -9999 -9999 -9999 -9999
-9999 -9999 -9999 -9999 0.03029986156136897 0.02788114689857 0.0253458302262958 0.028267354120640905 0.031683974357862035 0.0283384290706032 0.027946321536074483 0.02760739986904509 0.02390996209363075 0.025136781051007258 0.023844474606162784 0.02469757568766281 0.023853078655184108 0.02432726643465504 0.024180189459281114 0.02507887523613306 0.02639312348701076 0.026980055027133708 0.024658906739776776 0.025602651824476533 0.026099113301732764 0.02526231153720575 0.02482583956153515 0.02460505861414607 0.025063054494149868 0.025640326738182027 0.02527844431736485 0.023450683902278925 0.02433773376973699 0.02056345110432649 0.02056183764151847 -9999 -9999 -9999 -9999 -9999 -9999 -9999 -9999 -9999 -9999 -9999 -9999 -9999 -9999 -9999 -9999 -9999
-9999 -9999 -9999 0.033996744828373726 0.03261940147284615 0.03073024921770848 0.02799969559120975 0.031121123459919818 0.02795672301542435 0.024972196491292054 0.023821561185512204 0.02141305334406613 0.020514226102340747 0.02162997800508883 0.02248118304283469 0.022777107235142504 0.023207926407453196 0.024531283614986764 0.025007310724876462 0.02630688623374204 0.026392531386419997 0.0268848233505799 0.026768565221163724 0.027462067741661038 0.02804005982309072 0.026058321702731733 0.02488343782884107 0.025872753222250317 0.02585652798923372 0.024253843177531736 0.0239514134350514 -9999 -9999 -9999 -9999 -9999 -9999 -9999 -9999 -9999 -9999 -9999 -9999 -9999 -9999 -9999 -9999 -9999 -9999 -9999 -9999 -9999
-9999 -9999 -9999 0.036126927937068135 0.03643591503456987 0.03334924423820256 0.03414262448797011 0.030209675967809737 0.025892539360001892 0.02624498764300785 0.025362493205411847 0.01138825612647022 0.010580211633371491 0.022126823633100885 0.023691431378836773 0.02231514681487639 0.023269948379691336 0.024098411437470973 0.024065314758009188 0.026420683497033345 0.02758150785051567 0.027512710628445985 0.0263189527504859 0.026696367741454737 0.02597230665211711 0.026056045073525675 0.025624355591824712 0.025112060253009254 0.02443291446336151 -9999 -9999 -9999 -9999 -9999 -9999 -9999 -9999 -9999 -9999 -9999 -9999 -9999 -9999 -9999 -9999 -9999 -9999 -9999 -9999 -9999 -9999 -9999
-9999 -9999 -9999 0.037789076898350885 0.03790284750975671 0.033017433424563425 0.030726556127275324 0.028845513851755364 0.025426289157659328 0.023065119068489157 0.023108556770161284 0.02149055718087078 0.02292134003687304 0.02278206589897649 0.02228295585342707 0.022381913279918796 0.022724266452670668 0.02387440402995344 0.025371535665107237 0.027850804276654748 0.02840048373712904 0.027959879016203573 0.027489555561665616 0.028455753095100057 0.029043028048515006 0.02658471122744217 0.0298206784235384 0.03182994972184768 -9999 -9999 -9999 -9999 -9999 -9999 -9999 -9999 -9999 -9999 -9999 -9999 -9999 -9999 -9999 -9999 -9999 -9999 -9999 -9999 -9999 -9999 -9999 -9999
-9999 -9999 -9999 0.03515266522271813 0.036346063376158776 0.032620675151454635 0.02964264344688947 0.026240763360662132 0.022761951904542103 0.02290856598053408 0.022130387999031446 0.02230129069541513 0.02235930649541242 0.023082677301759585 0.02338141602755696 0.023510203953808838 0.023677220240132555 0.024907454452682404 0.025234198788969157 0.02734135036062648 0.02637148922500062 0.02654863206579765 0.026236004768186345 0.025715590792142 0.025443090965512 0.024648342400664092 0.02432187690340481 -9999 -9999 -9999 -9999 -9999 -9999 -9999 -9999 -9999 -9999 -9999 -9999 -9999 -9999 -9999 -9999 -9999 -9999 -9999 -9999 -9999 -9999 -9999 -9999 -9999
-9999 -9999 -9999 -9999 0.032746849100166175 0.028913382581181212 0.027856610343480828 0.02537152049070309 0.02455181245825084 0.02457252063381861 0.023677183491352116 0.021855810433836696 0.02205739636548037 0.0218343105412974 0.021443155149362274 0.021539801848698272 0.023080692920051712 0.025151816564682798 0.02566879834114929 0.026027214587054558 0.025285737209791343 0.025954801631219587 0.02545716231017994 0.02515290980972596 -9999 -9999 -9999 -9999 -9999 -9999 -9999 -9999 -9999 -9999 -9999 -9999 -9999 -9999 -9999 -9999 -9999 -9999 -9999 -9999 -9999 -9999 -9999 -9999 -9999 -9999 -9999 -9999
-9999 -9999 -9999 -9999 0.02725366775556979 0.028041836160488852 0.029520322594721232 0.02725149815994705 0.02605430639147608 0.02371333337298108 0.024470732959443988 0.0240581195665369 0.022771204480219062 0.02237187554720148 0.02187347963079054 0.02075256044501267 0.021784773531494 0.022980953788783787 0.02325491958141586 0.024752000499973253 0.024996881375550416 0.024650610525323764 0.0237621608446759 0.023573662192723884 0.023368055853121083 -9999 -9999 -9999 -9999 -9999 -9999 -9999 -9999 -9999 -9999 -9999 -9999 -9999 -9999 -9999 -9999 -9999 -9999 -9999 -9999 -9999 -9999 -9999 -9999 -9999 -9999 -9999
