metrics/grid_rasters/SMAP L4/grideval_SMAP L4_Y_2018_absolute_ubrmsd.asc
ncols 52
nrows 55
xllcorner     11.25
yllcorner     55.25
cellsize      0.25
NODATA_value  -9999
[rows 0 to 27 of 55, columns 0 to 51 of 52]
-9999 -9999 -9999 -9999 -9999 -9999 -9999 -9999 -9999 -9999 -9999 -9999 -9999 -9999 -9999 -9999 -9999 -9999 -9999 -9999 -9999 -9999 -9999 -9999 -9999 -9999 -9999 -9999 -9999 -9999 -9999 -9999 -9999 -9999 -9999 -9999 0.04704264721993992 0.04513589162562369 0.04141422006573805 -9999 -9999 -9999 -9999 -9999 -9999 -9999 -9999 -9999 -9999 -9999 -9999 -9999
-9999 -9999 -9999 -9999 -9999 -9999 -9999 -9999 -9999 -9999 -9999 -9999 -9999 -9999 -9999 -9999 -9999 -9999 -9999 -9999 -9999 -9999 -9999 -9999 -9999 -9999 -9999 -9999 -9999 -9999 -9999 -9999 -9999 -9999 -9999 -9999 0.05207052369071569 0.05102758799130392 0.047476910358903515 0.04160399661366767 0.042827222797307635 0.044769704092348483 -9999 -9999 -9999 -9999 -9999 -9999 -9999 -9999 -9999 -9999
-9999 -9999 -9999 -9999 -9999 -9999 -9999 -9999 -9999 -9999 -9999 -9999 -9999 -9999 -9999 -9999 -9999 -9999 -9999 -9999 -9999 -9999 -9999 -9999 -9999 -9999 -9999 0.03983451606476932 0.03763227123742517 0.03517231314873388 0.03615914886734471 0.05189625394922489 0.055916662384535534 0.05243093522618128 -9999 0.050025165020291966 0.05673428257817035 0.055783207544745465 0.0485926718590694 0.044214967863262684 0.047899544295151066 0.051205534020944486 0.052523453444539785 0.04875941378904233 0.051309192423093404 0.05279212617020218 -9999 -9999 -9999 -9999 -9999 -9999
-9999 -9999 -9999 -9999 -9999 -9999 -9999 -9999 -9999 -9999 -9999 -9999 -9999 -9999 -9999 -9999 -9999 -9999 -9999 -9999 -9999 -9999 -9999 -9999 -9999 -9999 -9999 0.04266950063829522 0.041883398461888766 0.04948342586297241 0.05407040674678357 0.050172200445940215 0.04860261131847191 0.05555864437122567 0.06032487149398974 0.057797741366276335 0.05474535678702402 0.050523480161819095 0.04984032383723479 0.05217101966369346 0.055492341339296584 0.057674443472750726 0.05841491229105799 0.05676609619612188 0.055780885954109516 0.05307500531183247 0.052283278678705435 0.05060848781354788 -9999 -9999 -9999 -9999
-9999 -9999 -9999 -9999 -9999 -9999 -9999 -9999 -9999 -9999 -9999 -9999 -9999 -9999 -9999 -9999 -9999 -9999 -9999 -9999 -9999 -9999 0.03417844310001667 0.041449589972901456 0.03826769763043384 0.042039503336528825 0.03971734332665013 0.040459753228446936 0.039840536877382565 0.042417850621850814 0.05054414932863965 0.05038691038928665 0.053510785390572566 0.06023407345719 0.05829416949040159 0.050568163567448234 0.04412159382010232 0.04222872586927892 0.043674939224515257 0.045827896373055635 0.05022816293940999 0.05596722297769969 0.05648104469260563 0.05157579735386734 0.0514621741884328 0.05223870398944136 0.04861862142016789 0.04730817709453715 0.045235159000303865 -9999 -9999 -9999
-9999 -9999 -9999 -9999 -9999 -9999 -9999 -9999 -9999 -9999 -9999 -9999 -9999 -9999 -9999 -9999 -9999 -9999 -9999 -9999 -9999 0.03749084804039493 0.037829813822830516 0.03326740863729233 0.02164798167322081 0.028409940353468825 0.03940437469927105 0.03939683890359648 0.038985630514778866 0.04236462467522058 0.05004846593894139 0.04980226867747015 0.05033775929428636 0.05697229097991546 0.057113798266938236 0.04718425265063975 0.045644133182383584 0.047081684726276586 0.045424094039088224 0.048518217436448456 0.052319641400877005 0.05334129554153177 0.05518391786186291 0.05561475307576764 0.05232271099885075 0.04971425762923037 0.04895566928853308 0.045781159409524416 0.04429838368529369 -9999 -9999 -9999
-9999 -9999 -9999 -9999 -9999 -9999 -9999 -9999 -9999 -9999 -9999 -9999 -9999 -9999 -9999 -9999 -9999 -9999 -9999 -9999 0.031094524099287382 0.025326461544920804 0.03625864043822384 0.0328858861779087 0.03518878340132529 0.033121599392774724 0.03508910670845824 0.0417204341861346 0.0424872256441616 0.04464805797635157 0.049182403939906624 0.05021371115670624 0.05565031696386432 0.06003840930468201 0.077439313503053 0.04794628684476394 0.04939847051440612 0.04952002950502085 0.055995528161916885 0.05328205801825717 0.0530607510655637 0.05236633409854877 0.0578823665296293 0.058061698037498326 0.049127923795514915 0.05252069852728796 0.05270297341394242 0.053443111889349804 0.05076734676328495 0.049366691730133964 -9999 -9999
-9999 -9999 -9999 -9999 -9999 -9999 -9999 -9999 -9999 -9999 -9999 -9999 -9999 -9999 -9999 -9999 -9999 -9999 -9999 -9999 -9999 0.03939795334771196 0.03801097974397096 0.034863336900040134 0.03537924336500935 0.0313727676598959 0.03827841462331026 0.04659899980048282 0.05757517411535872 0.04774608015597701 0.04965788303475265 0.05252693004259376 0.060145754115244976 0.056221920584024365 0.04766106859672586 0.052767162772241694 0.04766751085427952 0.04872217761357929 0.05393579503988006 0.054110251995108674 0.05391876711287733 0.053902135826562114 0.05359571328057404 0.05890233878723122 0.05672980739833228 0.054320297770893165 0.05577694647907266 0.05478147673065013 0.05359939434582863 -9999 -9999 -9999
-9999 -9999 -9999 -9999 -9999 -9999 -9999 -9999 -9999 -9999 -9999 -9999 -9999 -9999 -9999 -9999 -9999 -9999 -9999 0.035552049587655864 0.040601433737561116 0.04301314030489902 0.04246680014759796 0.039068444469956616 0.039404643771661335 0.04251450581147587 0.04342820780440384 0.042678765827902164 0.04226290393415385 0.04513903300106698 0.04690650826671874 0.05026915403920257 0.05164741051281111 0.04884695069114582 0.04814544033023869 0.05321889778011925 0.04821169468234448 0.050852518651054335 0.056011896343866746 0.05497729551632024 0.054370269067273935 0.05445570793153982 0.05352839016490952 0.05366295109206212 0.057024919185920064 0.053987788871856617 0.05332228218736758 0.052496282558764776 0.05676123830253505 0.056704495170198724 0.050533656401031725 -9999
-9999 -9999 -9999 -9999 -9999 -9999 -9999 -9999 -9999 -9999 -9999 -9999 -9999 -9999 -9999 -9999 -9999 -9999 0.0382971493369839 0.040953876623965976 0.04997665045843284 0.05022919537393322 0.049579456641976806 0.049121000998588335 0.05120119296379138 0.04788462225587666 0.05107618055162713 0.05109076808873295 0.051909025730486384 0.047588380244564514 0.048528369369087235 0.050578915698606494 0.04881892237084751 0.0499147715707864 0.0487520059940501 0.04806739871809888 0.04806682055140467 0.047811503769141984 0.048077914359131 0.048289860140807266 0.04845831821329746 0.04891572409192399 0.05085075725912727 0.05038900815698006 0.05021017938814039 0.05083185695222739 0.04989473143704443 0.05015634561827238 0.04762226174632593 0.04878907314239032 0.04779858832857133 -9999
-9999 -9999 -9999 -9999 -9999 -9999 -9999 -9999 -9999 -9999 -9999 -9999 -9999 -9999 -9999 -9999 -9999 0.03569504741408112 0.03910485192415301 0.04397297359806738 0.04837048626706252 0.053577879598433145 0.050367916786306116 0.047736581252747136 0.05170691434027799 0.04891976761310535 0.046967227941676966 0.04532314994623764 0.048015445221113534 0.04903899042246927 0.050330792009019736 0.051498870962145234 0.051698151948805636 0.049134495564284716 0.049597165215722924 0.04866844991652885 0.04877501295591219 0.048380655042882664 0.04783094811725365 0.04750590015667328 0.052265872944220526 0.05283322574652776 0.04698024998477189 0.05008694696362245 0.05062432349577429 0.05204930641015725 0.050390123736232834 0.04935762650411424 0.0476859833465107 0.05048414532272286 -9999 -9999
-9999 -9999 -9999 -9999 -9999 -9999 -9999 -9999 -9999 -9999 -9999 -9999 -9999 0.036689379766604115 0.03659813361663311 0.03644329080000114 0.03790808033957328 0.04005471069186832 0.0417187772543673 0.04510240149647704 0.046568527428320114 0.049490214755881716 0.05043091845824732 0.0454273201612464 0.04654653854962207 0.045478099567038965 0.035485740509247764 0.04662919465324453 0.052627682057117486 0.05148925562723143 0.0503872065710511 0.05154549927210443 0.04842915537468357 0.05008165515161938 0.04831336286923868 0.04564095145414883 0.0469705857846805 0.048845324883044994 0.04843438666260856 0.04648828434881858 0.04609165717668291 0.04575506662765118 0.04584822326785948 0.04732039905865405 0.05150662880143638 0.05563716998754322 0.053257018826406925 0.05639735819346652 0.050335670361057586 0.053458943001465316 0.052431871454364884 -9999
-9999 -9999 -9999 -9999 -9999 -9999 -9999 -9999 -9999 -9999 -9999 -9999 -9999 0.035898212663930666 0.035193030474462116 0.039005131923821636 0.04146285569592465 0.04546952871402622 0.04503920411273072 0.04365001074692517 0.043035246474196334 0.04721131284883346 0.046483476771462966 0.04140893820842994 0.04253384916624711 0.04057687871752725 0.024171597379531947 0.04416916363841812 0.04087292519978212 0.047864544983523896 0.04736773834401964 0.04653657650159 0.04688082268306688 0.045837933907196614 0.04691277356720155 0.04639661743523525 0.04552041928312847 0.046587529647563866 0.04846152628717098 0.04666349403615529 0.04671004305999098 0.048364862764531336 0.048309586225756505 0.06370015238329077 0.08303189664729403 0.06346793788897302 0.06664220479008467 0.06287821009737786 0.06188455322993649 0.059488809574146324 0.05898288383004165 0.054065658595136346
-9999 -9999 -9999 -9999 -9999 -9999 -9999 -9999 -9999 -9999 -9999 -9999 -9999 0.036812938610405264 0.0434685403291975 0.041507333654275384 0.040461327496279384 0.040945436062189415 0.04461505036833691 0.04315799262175854 0.04514624920516055 0.042800177419393126 0.03998217250153882 0.035957871293470216 0.03986084262508107 0.04342380874036004 0.04548091889731352 0.02814238460454304 0.03409638030019625 0.04670120278665322 0.04702300386200118 0.04882973561498087 0.045196148278107584 0.043408666957728666 0.044309150489453435 0.04467895393695175 0.044963389909629885 0.04474864579336135 0.045605107520952516 0.047064360968250514 0.04604006183678968 0.04568395494369911 0.04776841002387368 0.06191695029581399 -9999 -9999 -9999 -9999 -9999 -9999 -9999 -9999
-9999 -9999 -9999 -9999 -9999 -9999 -9999 -9999 -9999 -9999 -9999 -9999 -9999 0.03983913539758982 0.040921901545101814 0.04004640028738153 0.04080988897805464 0.04537684479147883 0.04233190517877379 0.03964154149904076 0.039065969577291186 0.032194166813998684 0.03785708846678306 0.04150398992041195 0.04206761290509077 0.04331640977841674 0.045226309600685584 0.04554154531961205 0.04571307322388188 0.048698488332025516 0.04836218734305997 0.04754053568113117 0.0452308404080041 0.044695131497036834 0.04526211884421792 0.04592646429721868 0.04476452223100893 0.04572912309635505 0.048513678680850485 0.04930153096478058 0.046103426545221725 -9999 -9999 -9999 -9999 -9999 -9999 -9999 -9999 -9999 -9999 -9999
-9999 -9999 -9999 -9999 -9999 -9999 -9999 -9999 -9999 -9999 -9999 -9999 0.041463201527076436 0.04464167902511499 0.0440046675642724 0.0391051530794295 0.036045239110704765 0.04293635490824342 0.043407943231511384 0.03946667930374674 0.04009289924549273 0.03964960252871985 0.0366007893164345 0.03990805679971257 0.04186108021703217 0.042714920964320516 0.0474079536402808 0.048297840118968066 0.04750405559697931 0.04785622942222378 0.0475130422325927 0.04884194306539855 0.04604745409759327 0.045586534205653687 0.04545174692946142 0.0450395635636949 0.048221039565381665 0.04997470520740432 0.05302286029143854 0.05072542671389478 0.05076094634741152 -9999 -9999 -9999 -9999 -9999 -9999 -9999 -9999 -9999 -9999 -9999
-9999 -9999 -9999 -9999 -9999 -9999 -9999 -9999 -9999 -9999 -9999 0.04264469957216496 0.04565020441062431 0.04676201387092078 0.04639174077039205 0.043737584968848525 0.04159284855922552 0.045280856567623866 0.04163023524011672 0.0410397441616993 0.04274460912933331 0.04325297286325434 0.04289137011454169 0.0418189504351281 0.04218244135155204 0.0446151203854827 0.047631248111787435 0.04890000933182947 0.04907958684212008 0.047782479309212936 0.047637500395605804 0.047283164246677764 0.04369310324641272 0.04467469057192879 0.04470917030752949 0.04484508731046258 0.050307120993970014 0.05213987743320092 0.054204818565139486 0.07261397000266821 -9999 -9999 -9999 -9999 -9999 -9999 -9999 -9999 -9999 -9999 -9999 -9999
-9999 -9999 -9999 -9999 -9999 -9999 -9999 -9999 -9999 -9999 0.042468152809678285 0.044910951350852525 0.04971841874074955 0.05043873596221815 0.04861296303077982 0.04583536091078262 0.042221780720907785 0.04186773263636306 0.04272508469437823 0.042362905139392434 0.04258662269257237 0.04263260021802316 0.04201501704498662 0.040467148140288366 0.043981880338504975 0.04672668156100309 0.05071204319817952 0.05047491190205428 0.04896296458161845 0.048460632677974166 0.0480444197836729 0.04632384071465087 0.04503759116240754 0.043507630250360314 0.044664560157553344 0.04774436718410428 0.04921373604100771 0.0507774195641385 0.051205949452478826 -9999 -9999 -9999 -9999 -9999 -9999 -9999 -9999 -9999 -9999 -9999 -9999 -9999
-9999 -9999 -9999 -9999 -9999 -9999 -9999 -9999 -9999 -9999 -9999 -9999 0.04431761507436092 0.04308342627542069 0.041034199231127694 0.04147582323851631 0.0449729419831638 0.04580869403471579 0.046238621392199 0.04632137416935464 0.048199366091488664 0.0435374426455288 0.042033748636070935 0.042471489227224116 0.04546140889542095 0.04671247666114589 0.04980836479423729 0.04935997125909556 0.04996018647823977 0.05058015714031945 0.048425161116863236 0.04676844996142076 0.04724372190508863 0.0481646833544549 0.04923070397714215 0.050674646927658766 0.04967052449724782 0.048224105390370864 0.05087630569299874 0.07369847893042693 -9999 -9999 -9999 -9999 -9999 -9999 -9999 -9999 -9999 -9999 -9999 -9999
-9999 -9999 -9999 -9999 -9999 -9999 -9999 -9999 -9999 -9999 -9999 0.05237073243969542 0.052905570084050786 0.05275159250937923 0.04924771664595983 0.04519843008080022 0.04486986024733355 0.046937917057193294 0.0470876571007976 0.0474632682353242 0.04675433507170358 0.04490711777408319 0.04500011025891551 0.04398640598302857 0.04526564368874391 0.045806246896490606 0.04778321598677288 0.04855273857325014 0.0479765747305489 0.04975700879547643 0.04937114928413238 0.04863233961771864 0.051181699688293614 0.052727955076519215 0.055310997330765915 0.055294810537121236 0.0564707653685626 0.05399719567755371 0.056197287750583885 -9999 -9999 -9999 -9999 -9999 -9999 -9999 -9999 -9999 -9999 -9999 -9999 -9999
-9999 -9999 -9999 -9999 -9999 0.04529681455451316 0.04431906613391663 0.04486183546922903 0.0451309433326439 0.052099863085304635 0.05458007270952683 0.04486446357721225 0.04361294981469229 0.049465390633013785 0.050873788230009376 0.05323448200305071 0.05240739755680136 0.04937747037369305 0.04768335062268026 0.049452899821685985 0.04883911979960477 0.049513325051873364 0.050004176361522254 0.0499701188860178 0.04976836384254567 0.05005185279111636 0.050745168795794895 0.05257406919367618 0.052005472797424165 0.05189978638108311 0.05200814617080885 0.0534445185959784 0.05594528178123179 0.05655672894436264 0.056041797988819406 0.05765781858028037 0.05840496743964271 0.05639574551959575 -9999 -9999 -9999 -9999 -9999 -9999 -9999 -9999 -9999 -9999 -9999 -9999 -9999 -9999
-9999 -9999 -9999 -9999 0.04933569680300896 0.046138151254068976 0.05044017207259705 0.03805922074943622 0.04974713024414886 0.04834803924095976 0.0499868379715756 0.05056304678088065 0.04666531929614938 0.04882720680583985 0.0474147317113886 0.04842884691959717 0.0470267947165583 0.04872850958236863 0.04859869438277141 0.049822758955905065 0.05229223078720243 0.05373454771002807 0.04949721346668132 0.05176522461533944 0.05250318048611845 0.05242561426534476 0.05261219274570902 0.05206865106111296 0.05206490764940134 0.05297736406940942 0.05455928045862838 0.08198255468483055 0.08550089251154668 0.08216333662589312 0.08127973175139905 -9999 -9999 -9999 -9999 -9999 -9999 -9999 -9999 -9999 -9999 -9999 -9999 -9999 -9999 -9999 -9999 -9999
-9999 -9999 -9999 0.04004997025119617 0.041625351908451486 0.042104230619622436 0.04444732713211349 0.042897306723433434 0.0418882095601433 0.04299080768366058 0.04441850047901397 0.03992932197120837 0.04072292808108065 0.04629416000308005 0.046612781233930964 0.044600793339623634 0.04429941291294294 0.047595390707394616 0.04902077002562201 0.05091033101735416 0.05301764855936804 0.05525217936054398 0.0539196104420603 0.05332606204605195 0.053090725410012064 0.053300026136919934 0.05106106086871815 0.05216653549034538 0.052893458276036726 0.053498527110807034 0.05598711619836113 -9999 -9999 -9999 -9999 -9999 -9999 -9999 -9999 -9999 -9999 -9999 -9999 -9999 -9999 -9999 -9999 -9999 -9999 -9999 -9999 -9999
-9999 -9999 -9999 0.037656352193010216 0.035567444470809936 0.042347919074477734 0.044735509013853016 0.04559253496388467 0.04443171661154157 0.044353647974413865 0.04684795486645931 0.026005482671016492 0.019045431983055344 0.045418854198244034 0.04699041984003429 0.04380330000301292 0.04408181760861863 0.04518192701939973 0.0483113651929126 0.05150982241332271 0.05144513125198219 0.05085227474333602 0.05107025848160048 0.05256882193902202 0.05371489349433594 0.05357531350916067 0.0518141384265389 0.0524639001613814 0.054076483211311255 -9999 -9999 -9999 -9999 -9999 -9999 -9999 -9999 -9999 -9999 -9999 -9999 -9999 -9999 -9999 -9999 -9999 -9999 -9999 -9999 -9999 -9999 -9999
-9999 -9999 -9999 0.03931451018499379 0.04887522450874485 0.049340200250895715 0.054032396437931125 0.04411997806932034 0.045385805238161166 0.04637983080493925 0.04769701949522807 0.04498236554746727 0.04709419404598158 0.04636868552325831 0.04447142729702813 0.04285246397800903 0.04397894173302713 0.04480554728091407 0.048266247400725236 0.048921331511395716 0.049167736602621914 0.04878709524491976 0.04866662593742632 0.05051287077848207 0.05142310609077825 0.05312704377725885 0.056028430304599315 0.069807398306552 -9999 -9999 -9999 -9999 -9999 -9999 -9999 -9999 -9999 -9999 -9999 -9999 -9999 -9999 -9999 -9999 -9999 -9999 -9999 -9999 -9999 -9999 -9999 -9999
-9999 -9999 -9999 0.04986496930603796 0.05298049920217746 0.055887198761081384 0.05138690395458696 0.04231151432845408 0.04484862455962523 0.0469412280347579 0.0481541720744611 0.046997515616860185 0.04468535014335368 0.044136358505257114 0.044961649366329716 0.04479303093219941 0.04485456959731205 0.04513409686636469 0.04657955739445089 0.047906090006182886 0.044536504811525074 0.047567849020167086 0.05087557780483142 0.053397352671874836 0.054103739463834885 0.05479032289683716 0.053844711009484236 -9999 -9999 -9999 -9999 -9999 -9999 -9999 -9999 -9999 -9999 -9999 -9999 -9999 -9999 -9999 -9999 -9999 -9999 -9999 -9999 -9999 -9999 -9999 -9999 -9999
-9999 -9999 -9999 -9999 0.048586405877137855 0.049063767747666964 0.05396264037593068 0.04748367832252298 0.04997280548253765 0.05267913955945642 0.052529577706860384 0.04997444136330048 0.048643357321037084 0.04808021959809914 0.046250375186375266 0.04519641651728239 0.045394668197984094 0.04607720518534565 0.045046897023675946 0.04646840148855949 0.04809258293327085 0.051956267789826205 0.05401996525678038 0.055566324539652934 -9999 -9999 -9999 -9999 -9999 -9999 -9999 -9999 -9999 -9999 -9999 -9999 -9999 -9999 -9999 -9999 -9999 -9999 -9999 -9999 -9999 -9999 -9999 -9999 -9999 -9999 -9999 -9999
-9999 -9999 -9999 -9999 0.053822813986088736 0.051897531232357706 0.052981006960844235 0.04996476441169877 0.04926764661247101 0.049548426026118586 0.05089431299372624 0.05139873819616237 0.04895155155865148 0.046776553338322216 0.04628584139816569 0.04237624434751668 0.043273900211483786 0.04463073239747315 0.04539012349243172 0.048818722399307325 0.05045823816566404 0.05272553719964641 0.052974563311226255 0.05399100052185024 0.05384910829024725 -9999 -9999 -9999 -9999 -9999 -9999 -9999 -9999 -9999 -9999 -9999 -9999 -9999 -9999 -9999 -9999 -9999 -9999 -9999 -9999 -9999 -9999 -9999 -9999 -9999 -9999 -9999
