metrics/grid_rasters/SMAP L4/grideval_SMAP L4_X_summer_2015_absolute_pearson_r.asc
ncols 52
nrows 55
xllcorner     11.25
yllcorner     55.25
cellsize      0.25
NODATA_value  -9999
[rows 0 to 28 of 55, columns 0 to 51 of 52]
-9999 -9999 -9999 -9999 -9999 -9999 -9999 -9999 -9999 -9999 -9999 -9999 -9999 -9999 -9999 -9999 -9999 -9999 -9999 -9999 -9999 -9999 -9999 -9999 -9999 -9999 -9999 -9999 -9999 -9999 -9999 -9999 -9999 -9999 -9999 -9999 0.8090667757491463 0.8850769831186827 0.8893280366873312 -9999 -9999 -9999 -9999 -9999 -9999 -9999 -9999 -9999 -9999 -9999 -9999 -9999
-9999 -9999 -9999 -9999 -9999 -9999 -9999 -9999 -9999 -9999 -9999 -9999 -9999 -9999 -9999 -9999 -9999 -9999 -9999 -9999 -9999 -9999 -9999 -9999 -9999 -9999 -9999 -9999 -9999 -9999 -9999 -9999 -9999 -9999 -9999 -9999 0.7937767737996368 0.8528353123782075 0.7975082847798607 0.7619883244807327 0.7448840152206948 0.7487840540094461 -9999 -9999 -9999 -9999 -9999 -9999 -9999 -9999 -9999 -9999
-9999 -9999 -9999 -9999 -9999 -9999 -9999 -9999 -9999 -9999 -9999 -9999 -9999 -9999 -9999 -9999 -9999 -9999 -9999 -9999 -9999 -9999 -9999 -9999 -9999 -9999 -9999 0.8140995943112224 0.8508230243972459 0.8002466541832116 0.7555344191703071 0.9009793540251132 0.9058580067770304 0.8498370841886094 -9999 0.7766222069257551 0.8275575616433675 0.8168922155034506 0.7179182533896393 0.6198105439520856 0.6295688946735092 0.6407393459031046 0.6198264241804016 0.6560859920906443 0.6283904024819389 0.5504803640195948 -9999 -9999 -9999 -9999 -9999 -9999
-9999 -9999 -9999 -9999 -9999 -9999 -9999 -9999 -9999 -9999 -9999 -9999 -9999 -9999 -9999 -9999 -9999 -9999 -9999 -9999 -9999 -9999 -9999 -9999 -9999 -9999 -9999 0.5795218439918014 0.5697996325108794 0.6454802045496271 0.6816522613511278 0.7736683267060173 0.7256803833203145 0.7388676353132426 0.7409468078947927 0.7168469569769901 0.7649661197196274 0.8129774011818023 0.7972136159860049 0.6924762279997887 0.6529690395642886 0.6405750483107404 0.5920318679158447 0.6059042938813214 0.6066400807066281 0.5842227661093549 0.6179445650136368 0.6130178447463551 -9999 -9999 -9999 -9999
-9999 -9999 -9999 -9999 -9999 -9999 -9999 -9999 -9999 -9999 -9999 -9999 -9999 -9999 -9999 -9999 -9999 -9999 -9999 -9999 -9999 -9999 0.7143452914564428 0.7103315667986402 0.6867490435195602 0.6579667736658875 0.626911159454334 0.6555191397621076 0.6598867609122099 0.7142162717502775 0.6689914540191869 0.7351250339970954 0.733754517136807 0.7863009521976271 0.8053088847685248 0.8348202563218232 0.831174070962692 0.8539901937552634 0.818688366114565 0.7505838344484208 0.6982235850968042 0.6836629273971435 0.654534618983958 0.6790149729289652 0.6306586915553638 0.575106490861673 0.60503883865739 0.5948542904654373 0.5968706272935368 -9999 -9999 -9999
-9999 -9999 -9999 -9999 -9999 -9999 -9999 -9999 -9999 -9999 -9999 -9999 -9999 -9999 -9999 -9999 -9999 -9999 -9999 -9999 -9999 0.6640965378990217 0.6904318522990404 0.6495066478609711 0.7644232097549559 0.8014652304346674 0.6808007974616823 0.7507651723261036 0.8138123916707662 0.7365306722068049 0.7354738916349035 0.8349221202242167 0.8416918353830098 0.820542334720754 0.82691299232758 0.7819475211023867 0.8104387269045544 0.8173292004382949 0.8069648470912565 0.7499648363834612 0.702111919876476 0.6703942336342983 0.6455552609855746 0.6300916809347331 0.6043468611060068 0.5708762316000116 0.5614621989982613 0.5812559344392605 0.5875094060687411 -9999 -9999 -9999
-9999 -9999 -9999 -9999 -9999 -9999 -9999 -9999 -9999 -9999 -9999 -9999 -9999 -9999 -9999 -9999 -9999 -9999 -9999 -9999 0.5870995052069555 0.6490700494501291 0.5984975338714393 0.6490801670780817 0.6364621028463475 0.6761185851016284 0.6745223355157726 0.7307483123462161 0.8087027433804975 0.8677163123930223 0.8903867176715924 0.8601706353208405 0.8634915119853288 0.8245808162363168 0.7510487079702053 0.8018844309737208 0.7869753580056968 0.805135265185341 0.7915035503937243 0.7708580235310671 0.7505941870358845 0.7601105811325412 0.6455709198044506 0.5916920560683323 0.7264156760367421 0.5869317835238064 0.5688172367925198 0.5803010651116631 0.5867526515887931 0.5484101025197663 -9999 -9999
-9999 -9999 -9999 -9999 -9999 -9999 -9999 -9999 -9999 -9999 -9999 -9999 -9999 -9999 -9999 -9999 -9999 -9999 -9999 -9999 -9999 0.5964885216139781 0.5687321345603888 0.6417507192722265 0.6580411046915239 0.7031554488200418 0.6842316414266596 0.7645399749393822 0.7939188998406371 0.8690631171781045 0.8787277890022449 0.8961940079807439 0.8625992484293088 0.8598464848118081 0.8472165317574271 0.7160603131407342 0.8094699934795131 0.8060683637365619 0.7949217660238829 0.7789956399539815 0.7682097524790209 0.7815338335051893 0.7669636162423491 0.6622848561051682 0.6612855850965464 0.6717753814656997 0.6479010858729124 0.6559535865665427 0.6268817099042411 -9999 -9999 -9999
-9999 -9999 -9999 -9999 -9999 -9999 -9999 -9999 -9999 -9999 -9999 -9999 -9999 -9999 -9999 -9999 -9999 -9999 -9999 0.6953162822707983 0.7555483915542469 0.7141162848205999 0.6963874621749456 0.6998910354126238 0.7576549022834644 0.8202520402030073 0.8216428417498606 0.8210884259469591 0.8488248580793509 0.8684737769621984 0.8592378604602937 0.7930802300602904 0.8023005133136405 0.7811539525345109 0.7746899432472604 0.6340397974342142 0.7773478785469554 0.7788548799094324 0.7777150701083155 0.7563360512775834 0.7689947766938078 0.8092658515171135 0.8162739531103888 0.8058470767272361 0.7438317732837976 0.7919172390150373 0.7872405000965146 0.7662421353480217 0.6611184355807549 0.6400324965428639 0.7125095201315673 -9999
-9999 -9999 -9999 -9999 -9999 -9999 -9999 -9999 -9999 -9999 -9999 -9999 -9999 -9999 -9999 -9999 -9999 -9999 0.6262583821304712 0.6660597942529891 0.7211548029305586 0.7537922321373759 0.824464676496688 0.8634572675004275 0.8740287864469023 0.8871038300138246 0.8822514564111452 0.8658290855551274 0.8442124044611345 0.8773260673738466 0.8684109140205285 0.7686687433786288 0.8077968040450136 0.7579549231269717 0.7768009658660247 0.7936278956575937 0.7952662429786572 0.8021802168405208 0.7995800831860085 0.7797438365195404 0.7688079042610934 0.7873607898605821 0.7968806075635486 0.8020397045368892 0.8012687532026967 0.8154194793185097 0.8004636326258394 0.7649100994518385 0.7547037020648731 0.7576798394345964 0.7604006874743209 -9999
-9999 -9999 -9999 -9999 -9999 -9999 -9999 -9999 -9999 -9999 -9999 -9999 -9999 -9999 -9999 -9999 -9999 0.5523031035599707 0.5465480225788788 0.7083034002430817 0.8029020967483421 0.7949080603323984 0.8658585074529749 0.8874257898880806 0.89085498729636 0.8680732546281706 0.8249261905357429 0.8491469971098323 0.8292121536988784 0.8054239339750907 0.8053617774541393 0.8156261259430819 0.8146225358322536 0.7809973604519456 0.7871761004444139 0.8083757946144552 0.8239715228316169 0.8269511597884377 0.8247408480384237 0.8093007594461017 0.7153831398763757 0.7318206587087828 0.8160196132745854 0.8131793709934096 0.8179025648786014 0.8185594248405184 0.8040122903184146 0.7794400613818293 0.7738214223986006 0.7586562467900867 -9999 -9999
-9999 -9999 -9999 -9999 -9999 -9999 -9999 -9999 -9999 -9999 -9999 -9999 -9999 0.6285287448248821 0.5629633908788229 0.5900443198199367 0.6474974433576034 0.6548013955604982 0.6466266318387337 0.6704246860054733 0.7223012301569436 0.8068686845619668 0.8729813556908013 0.7947911894094687 0.8026120836928441 0.8497471660442277 0.8017202728255608 0.7838740522706344 0.7619372084163004 0.7741191300440613 0.7920053284013313 0.8000597819123321 0.8164150142522006 0.7927117082035767 0.8022183847653731 0.8460505230655424 0.856028238172303 0.8550487351788303 0.8565825894621634 0.8826479977966838 0.879940926782282 0.8756394563983033 0.8804241756966451 0.8766903939087559 0.8361656163381751 0.7589167215151722 0.7467346886641991 0.7084287174097218 0.7287007916321642 0.6313928904073087 0.6072875398038919 -9999
-9999 -9999 -9999 -9999 -9999 -9999 -9999 -9999 -9999 -9999 -9999 -9999 -9999 0.5963858589984984 0.6396042349390055 0.7944704045896498 0.7978784929336158 0.8479140731923314 0.8385077292071559 0.8358937080665256 0.8194759619167109 0.8092726055688622 0.8089263577976004 0.7916220442865274 0.7816937460781574 0.8010942803035885 0.8219691185570005 0.8058752505035154 0.7907703157707724 0.8176443926709859 0.8322003466203456 0.8433275685690589 0.8274805742744958 0.8222566231396894 0.8306997318298092 0.8758935784095994 0.8911860784213508 0.8855296252530449 0.8915991620295426 0.8946794102909279 0.8969458712743111 0.8897659219406189 0.8867818210650478 0.8771189563204422 0.8038077981544547 0.8167196809404165 0.7937340009150943 0.7747106917963542 0.743659839577522 0.7015422683169343 0.6987083212707599 0.7228000310541022
-9999 -9999 -9999 -9999 -9999 -9999 -9999 -9999 -9999 -9999 -9999 -9999 -9999 0.7252002697505507 0.8637236324250159 0.8703063561090186 0.8793957141628502 0.8821920928380718 0.8326449990340606 0.8095271851623578 0.8304030298048548 0.8102855673613532 0.7776157119925594 0.7827538415079457 0.7801521369523299 0.7121120208996031 0.6836282386357377 0.7356862202530227 0.7774611101662835 0.778101230079382 0.7964205267066101 0.7956467684982929 0.8201255420703315 0.8055705706635095 0.8072474572129279 0.8383905082092976 0.8548137796551865 0.8530859153393197 0.8726417867419517 0.8750135776762609 0.8792372153872562 0.8782336704633984 0.8854433661756165 0.8999060509537486 -9999 -9999 -9999 -9999 -9999 -9999 -9999 -9999
-9999 -9999 -9999 -9999 -9999 -9999 -9999 -9999 -9999 -9999 -9999 -9999 -9999 0.803987382821169 0.8403439780889541 0.8577027533470516 0.8814367415324819 0.90183976529874 0.8598031858511979 0.8645241957947145 0.8235447174853847 0.8007560449536952 0.8036791170803029 0.8294972293575613 0.8068488054370401 0.7474092531452121 0.7046236815619054 0.7044669114819648 0.7257582776857909 0.7394914755417576 0.7720218057877025 0.7917494602909761 0.8077617497275895 0.8103045601150478 0.8325329921320812 0.8473616608498586 0.8651416012152794 0.8594336658655469 0.8831019969874383 0.8723905640039724 0.8433096767980325 -9999 -9999 -9999 -9999 -9999 -9999 -9999 -9999 -9999 -9999 -9999
-9999 -9999 -9999 -9999 -9999 -9999 -9999 -9999 -9999 -9999 -9999 -9999 0.5013728839574076 0.6845687845072808 0.8008127120762256 0.77279806622687 0.8380081767706932 0.8293524102454428 0.8520407222892329 0.8700797600901709 0.8389827470685431 0.8287081590860568 0.8994356132307693 0.8303833558593138 0.8381040407659472 0.7927302782739835 0.7537530041629543 0.7361055696358059 0.7509318967186129 0.7478768567593115 0.7758742984133473 0.7821861470249197 0.8230965214111112 0.8396136736296723 0.8484982334940879 0.84998229876303 0.8617360434456337 0.8541993923943589 0.8782008719325722 0.8762079770128435 0.8750345308287327 -9999 -9999 -9999 -9999 -9999 -9999 -9999 -9999 -9999 -9999 -9999
-9999 -9999 -9999 -9999 -9999 -9999 -9999 -9999 -9999 -9999 -9999 0.8619691689725941 0.8040246909475569 0.7513668562443621 0.7904784954778554 0.8530290073174197 0.859401099580625 0.8511125501855346 0.8343608811923119 0.7669256843279442 0.7808679522024922 0.8026679022698422 0.7995772851777224 0.7603271933541278 0.8110547611377124 0.7954298807947239 0.7802777968752929 0.7750910501924902 0.7870514506253379 0.7925977629779832 0.8174281721150138 0.8159340029156033 0.8399880036554648 0.8369926525510025 0.8421644779578975 0.8345643446510403 0.8393569998569661 0.8348026466399583 0.8523213149481627 0.8687065979502331 -9999 -9999 -9999 -9999 -9999 -9999 -9999 -9999 -9999 -9999 -9999 -9999
-9999 -9999 -9999 -9999 -9999 -9999 -9999 -9999 -9999 -9999 0.7651186391575173 0.7998658562151351 0.8753499251897998 0.8697338524717539 0.9008669938812373 0.8799331637574996 0.8833620835390652 0.8423716670178282 0.8042402579945072 0.7929116183871143 0.8537803527947265 0.7907106067374844 0.7767465109751939 0.7859224399359683 0.7841800057872479 0.7885640356215267 0.7979740394010619 0.8188036313592927 0.8340030949286044 0.8249488851228977 0.8408339089998873 0.8394482420219471 0.8330875898022554 0.8290413231858481 0.8283939932304925 0.8015228326603432 0.7980913322125568 0.7846487161513358 0.788709932020933 -9999 -9999 -9999 -9999 -9999 -9999 -9999 -9999 -9999 -9999 -9999 -9999 -9999
-9999 -9999 -9999 -9999 -9999 -9999 -9999 -9999 -9999 -9999 -9999 -9999 0.8641678172119119 0.8459728100102637 0.8447103970411458 0.8432499531652412 0.8325295048170359 0.7984968051646021 0.8301773566784237 0.8264907052847154 0.7840470217737482 0.8034903717384343 0.7895226759792051 0.7969928199372125 0.8045778606710251 0.8232524533062753 0.8288832406801157 0.8431822075191224 0.8505042846170536 0.8319711787515517 0.8481266441815191 0.8540428775228586 0.8432601834532283 0.8439537939636639 0.8491177828631951 0.8318938770293127 0.8116915934378423 0.8030563833607531 0.8067112368645688 0.8481626634367688 -9999 -9999 -9999 -9999 -9999 -9999 -9999 -9999 -9999 -9999 -9999 -9999
-9999 -9999 -9999 -9999 -9999 -9999 -9999 -9999 -9999 -9999 -9999 0.8140635389906887 0.8829061522531831 0.7870472015929202 0.8068595274387941 0.8262309919586981 0.8322796221917804 0.8220362579301908 0.8191446047149822 0.8164934416910427 0.8042855275089104 0.797532115632733 0.7890088034795137 0.7900171511477271 0.8022372295752396 0.8199396759320763 0.8265059859447113 0.8210887523817694 0.826332009004187 0.8124361590896343 0.8292663503228969 0.8279723295727479 0.8194283360659214 0.8392186429924513 0.8495979188430478 0.8384101555198211 0.8179261043539636 0.8200050452024334 0.8259985599045694 -9999 -9999 -9999 -9999 -9999 -9999 -9999 -9999 -9999 -9999 -9999 -9999 -9999
-9999 -9999 -9999 -9999 -9999 0.8281394938843216 0.888677687364835 0.8438147254503299 0.8380643488188251 0.8090751062289039 0.8083029332233724 0.8650281729977604 0.8529160329086112 0.8189929356088569 0.8050790995129411 0.8104689393629012 0.8202946279335335 0.8237944401242626 0.8326707621357791 0.8341423569232452 0.8295647461504623 0.8238459289706155 0.8189986083354649 0.7989571359401003 0.8056999921418353 0.8181189806566671 0.8219624100935886 0.8256237170978976 0.8344435463988342 0.8348955054970942 0.8404479121887092 0.8114913030838713 0.8154178121394813 0.8337137145198166 0.8377019234017926 0.8342531782106899 0.8270401939599381 0.8364770190474886 -9999 -9999 -9999 -9999 -9999 -9999 -9999 -9999 -9999 -9999 -9999 -9999 -9999 -9999
-9999 -9999 -9999 -9999 0.8538384229248628 0.9025039232965716 0.899154026378897 0.8557815407399304 0.8479785063399332 0.8581105993259331 0.86373382167651 0.8797037321216667 0.8825306728858942 0.8302719559057783 0.8066476030697091 0.8367161069871409 0.8351740551381408 0.8329978724855293 0.8399564750546386 0.8226655986322682 0.8136627755235453 0.8049312353909568 0.8098339298056926 0.7945942278557633 0.7859671756726135 0.7938590257195237 0.8040214794569436 0.8222848161100562 0.8420931715013654 0.8486036382639842 0.8464805506910841 0.8493266299878769 0.8439259404079656 0.8910135696711918 0.8923434385019373 -9999 -9999 -9999 -9999 -9999 -9999 -9999 -9999 -9999 -9999 -9999 -9999 -9999 -9999 -9999 -9999 -9999
-9999 -9999 -9999 0.7686715179690251 0.8407695522881647 0.8307170492349314 0.8460006211427451 0.7812467890948116 0.7391303459937233 0.7701869941284802 0.8276342019437257 0.8432891693304319 0.8589110800952806 0.8653061011268044 0.8769635980298627 0.8699370556768777 0.8524629770031271 0.8201745834866699 0.8246029323947726 0.825708936141285 0.8184403984572328 0.7798633189514755 0.78174283598571 0.7912931796950502 0.8033468247186608 0.8045054990830532 0.7899400857036468 0.7812305864498594 0.7858898165833809 0.8042931962571761 0.8020233846129697 -9999 -9999 -9999 -9999 -9999 -9999 -9999 -9999 -9999 -9999 -9999 -9999 -9999 -9999 -9999 -9999 -9999 -9999 -9999 -9999 -9999
-9999 -9999 -9999 0.7253214968082758 0.7552604078712908 0.8401453985797479 0.8096861932561039 0.7435339939132265 0.7660538849379199 0.7613881597774309 0.8189733412453486 0.8354979429683509 0.8615800973597333 0.8710734460541492 0.8768309114733803 0.8705783515752658 0.849356197812327 0.8072211820140094 0.8122289526807107 0.8096872752782922 0.8121447863788653 0.7939304307815 0.7922768057648533 0.7817664902058606 0.7948817967868733 0.7659449671305555 0.7524012520757482 0.7612475868500526 0.7517055172301578 -9999 -9999 -9999 -9999 -9999 -9999 -9999 -9999 -9999 -9999 -9999 -9999 -9999 -9999 -9999 -9999 -9999 -9999 -9999 -9999 -9999 -9999 -9999
-9999 -9999 -9999 0.7515359763214013 0.6960891907438382 0.7322192310747622 0.7706403694185029 0.7068047117369839 0.7333706878859104 0.7260737118959029 0.7747586639446941 0.8170618054649691 0.8579421244918775 0.8597410629147886 0.8669874716252974 0.8625146070607543 0.8495525618780267 0.8365492521474834 0.8042448756675267 0.7909895407761665 0.7910595744528515 0.7861068300084166 0.7919223308460545 0.7807876771044134 0.7665817301529605 0.7150838591961541 0.6880435672013436 0.7303138255046342 -9999 -9999 -9999 -9999 -9999 -9999 -9999 -9999 -9999 -9999 -9999 -9999 -9999 -9999 -9999 -9999 -9999 -9999 -9999 -9999 -9999 -9999 -9999 -9999
-9999 -9999 -9999 0.7855727507124769 0.7283912492178847 0.7158995126870793 0.7086779425642477 0.6356562005655612 0.6670478214315813 0.6802918852570672 0.7305883540140579 0.8385436923971101 0.8549385248905423 0.8576627483631202 0.8624789945373139 0.8579605325470679 0.8524643636755334 0.8435064406455923 0.8271265876492102 0.7959550129182049 0.7874005861780627 0.7845936092027854 0.7864678645053282 0.7710926571641047 0.7595077816259825 0.7205521482470023 0.7030328199056166 -9999 -9999 -9999 -9999 -9999 -9999 -9999 -9999 -9999 -9999 -9999 -9999 -9999 -9999 -9999 -9999 -9999 -9999 -9999 -9999 -9999 -9999 -9999 -9999 -9999
-9999 -9999 -9999 -9999 0.7521478045814917 0.7241253762420989 0.7168348117584469 0.7015986276217214 0.7105095982650835 0.7526038947278153 0.7740617551878513 0.7465851260271891 0.8242447872613048 0.8477399637039504 0.8578653383923851 0.8635272051866987 0.8579537484740917 0.8410673309676266 0.8260114940776163 0.8106675221105353 0.8083404249068009 0.7873665584419286 0.7725075078023643 0.7617129947721016 -9999 -9999 -9999 -9999 -9999 -9999 -9999 -9999 -9999 -9999 -9999 -9999 -9999 -9999 -9999 -9999 -9999 -9999 -9999 -9999 -9999 -9999 -9999 -9999 -9999 -9999 -9999 -9999
-9999 -9999 -9999 -9999 0.6396875548160847 0.6654798248040682 0.6043039846344572 0.5836115950004332 0.7040162370979137 0.7436549582989085 0.7681700441963177 0.7778844871454718 0.8008945311861364 0.8275868063694485 0.850315299306938 0.8518645713050199 0.8598647580456481 0.8601704172355905 0.8631923670520399 0.8586039161082791 0.8608874098777614 0.8428386772874691 0.8195252990757154 0.7882860723987138 0.7722813721329322 -9999 -9999 -9999 -9999 -9999 -9999 -9999 -9999 -9999 -9999 -9999 -9999 -9999 -9999 -9999 -9999 -9999 -9999 -9999 -9999 -9999 -9999 -9999 -9999 -9999 -9999 -9999
-9999 -9999 -9999 -9999 0.5929679999250195 0.5560630233578195 0.5472579761329862 0.573965866064406 0.5611482882740053 0.7294327694479767 0.6841163358474835 0.7772657709900479 0.7910636253849748 0.8114827890351828 0.8369241086057466 0.8410356012922817 0.8587991853688196 0.8671055399452672 0.8652537244211344 0.8611808096330679 0.8651533984425025 0.858235007707016 0.8416328747370279 0.8440839941696556 -9999 -9999 -9999 -9999 -9999 -9999 -9999 -9999 -9999 -9999 -9999 -9999 -9999 -9999 -9999 -9999 -9999 -9999 -9999 -9999 -9999 -9999 -9999 -9999 -9999 -9999 -9999 -9999
