metrics/grid_rasters/SMAP L4/grideval_SMAP L4_X_summer_2015_absolute_bias.asc
ncols 52
nrows 55
xllcorner     11.25
yllcorner     55.25
cellsize      0.25
NODATA_value  -9999
[rows 0 to 26 of 55, columns 0 to 51 of 52]
-9999 -9999 -9999 -9999 -9999 -9999 -9999 -9999 -9999 -9999 -9999 -9999 -9999 -9999 -9999 -9999 -9999 -9999 -9999 -9999 -9999 -9999 -9999 -9999 -9999 -9999 -9999 -9999 -9999 -9999 -9999 -9999 -9999 -9999 -9999 -9999 0.03780799703267607 0.018493540402825748 -0.03359920217696094 -9999 -9999 -9999 -9999 -9999 -9999 -9999 -9999 -9999 -9999 -9999 -9999 -9999
-9999 -9999 -9999 -9999 -9999 -9999 -9999 -9999 -9999 -9999 -9999 -9999 -9999 -9999 -9999 -9999 -9999 -9999 -9999 -9999 -9999 -9999 -9999 -9999 -9999 -9999 -9999 -9999 -9999 -9999 -9999 -9999 -9999 -9999 -9999 -9999 0.048082215347043884 0.02726921815749095 0.02991170239756291 -0.009243855718523264 -0.08620654844233525 -0.07584238072614308 -9999 -9999 -9999 -9999 -9999 -9999 -9999 -9999 -9999 -9999
-9999 -9999 -9999 -9999 -9999 -9999 -9999 -9999 -9999 -9999 -9999 -9999 -9999 -9999 -9999 -9999 -9999 -9999 -9999 -9999 -9999 -9999 -9999 -9999 -9999 -9999 -9999 0.032565391662976007 -0.0009887124938161573 -0.04989991517251596 -0.07013214096103026 -0.02911387302953261 -0.030435626941692606 -0.01356273517012596 -9999 -0.01828023953282315 0.0165909997228047 0.003580092148774361 -0.05854384113184136 -0.08894691705379795 -0.09231636640818222 -0.0872413676394069 -0.0873133886160086 -0.0733181886455935 -0.07850280910244456 -0.07937458864129758 -9999 -9999 -9999 -9999 -9999 -9999
-9999 -9999 -9999 -9999 -9999 -9999 -9999 -9999 -9999 -9999 -9999 -9999 -9999 -9999 -9999 -9999 -9999 -9999 -9999 -9999 -9999 -9999 -9999 -9999 -9999 -9999 -9999 0.035860131899623726 0.03649952934811945 0.049583467168976436 0.06254259922096261 0.05839168320855365 0.02144891141063493 -0.024442237477911518 -0.008429140986307815 -0.030282147208471662 -0.04189893572955675 -0.059135902268083185 -0.0810742492625571 -0.09078019302662302 -0.09105378767961393 -0.09016361998637087 -0.0948628730788503 -0.096947787673739 -0.08360432602627124 -0.08212730592197698 -0.07603791305471372 -0.07238203295223093 -9999 -9999 -9999 -9999
-9999 -9999 -9999 -9999 -9999 -9999 -9999 -9999 -9999 -9999 -9999 -9999 -9999 -9999 -9999 -9999 -9999 -9999 -9999 -9999 -9999 -9999 0.013946231738056869 0.023958384666753815 0.030369509213968467 0.022576214543179318 0.038172201698888915 0.03767670334681217 0.039836463194502465 0.04882233269998565 0.060574543905322964 0.007185698081941694 0.019933215929600238 -0.033273728422658584 -0.028769451719911188 -0.030672020177640338 -0.0584610545521845 -0.05606308425574197 -0.06660592794904244 -0.07187502482986967 -0.07795664123461946 -0.09066433542529527 -0.0904559987070768 -0.07907660088866303 -0.08290198483787803 -0.09903451535121904 -0.09206980875814738 -0.09251781348543972 -0.09353792871874958 -9999 -9999 -9999
-9999 -9999 -9999 -9999 -9999 -9999 -9999 -9999 -9999 -9999 -9999 -9999 -9999 -9999 -9999 -9999 -9999 -9999 -9999 -9999 -9999 0.011247798921945329 0.020446277709434857 0.03757650680516078 0.00029946730026736423 0.0002554929207848611 0.020259242099912256 0.042805376300669266 0.04763386127255531 0.0622399642901576 0.04062163216345338 -0.004105874742178828 -0.022978158283006863 -0.07317018842972492 -0.0680669160438297 -0.06631740178588938 -0.08710311237803617 -0.08650147803532687 -0.07768550377501092 -0.08361771978113962 -0.07712010622186508 -0.07488970306661462 -0.07822027859156548 -0.08285037106226968 -0.08899333044562649 -0.0994524991787646 -0.08421444388754343 -0.1035893736002238 -0.10319619571142223 -9999 -9999 -9999
-9999 -9999 -9999 -9999 -9999 -9999 -9999 -9999 -9999 -9999 -9999 -9999 -9999 -9999 -9999 -9999 -9999 -9999 -9999 -9999 0.016741512545748904 0.013633509207030992 0.02535492756768415 0.02656673870818771 0.021290310537037616 0.023670994818372537 0.030125005697102636 0.03572060815666034 0.03822486782851425 0.018065057087527647 -0.02543596293696243 -0.08178657841990178 -0.08300777378937471 -0.09047031943159907 -0.4382003473279917 -0.09575329668333996 -0.1007145103472082 -0.10212048558194352 -0.10837166383862497 -0.09799016748919434 -0.0944504459267077 -0.09151815876121756 -0.4691336284917981 -0.4763806468361746 -0.09820781887063512 -0.4757792618652077 -0.4839128692553419 -0.4933949828593304 -0.4872969039513366 -0.4817632366093281 -9999 -9999
-9999 -9999 -9999 -9999 -9999 -9999 -9999 -9999 -9999 -9999 -9999 -9999 -9999 -9999 -9999 -9999 -9999 -9999 -9999 -9999 -9999 0.02476926645992894 0.025084785469200344 0.02739109507883375 0.027835852466523647 0.01991091611916607 0.019425834184917445 -0.01206263666972518 -0.04813242614593194 -0.04429672956061753 0.0018847499488164328 -0.05461512971669436 -0.05730348337522668 -0.07420436904320249 -0.08045942297853204 -0.4636137122085885 -0.09419703783224456 -0.09918159029810976 -0.10272510299135162 -0.10073689142566014 -0.10055422598658048 -0.1028888057309972 -0.10302938338693073 -0.484226516549192 -0.4839999754103306 -0.4808240011131958 -0.4843060735653599 -0.4924303525046486 -0.48696051457006 -9999 -9999 -9999
-9999 -9999 -9999 -9999 -9999 -9999 -9999 -9999 -9999 -9999 -9999 -9999 -9999 -9999 -9999 -9999 -9999 -9999 -9999 0.014734958824904052 0.0150913427300427 0.020909569185713076 0.02328222305716376 0.020715100225061175 -0.007103155650522386 -0.09705592266729346 -0.08905667793410632 -0.0774315995488154 -0.07701941247543563 -0.08364054216476885 -0.080162862174051 -0.08129369129386282 -0.07986665533288667 -0.08721869374098984 -0.08999260652648366 -0.4701667176762029 -0.09645492253501127 -0.10111487008955168 -0.10366005266247236 -0.10602829969771532 -0.1019154173807929 -0.1053711731472741 -0.10512059137387122 -0.10983193453158374 -0.4903754546388012 -0.11602742682494548 -0.11317778024417548 -0.11412243569350758 -0.4854232761806444 -0.4839413314247909 -0.1095077158761737 -9999
-9999 -9999 -9999 -9999 -9999 -9999 -9999 -9999 -9999 -9999 -9999 -9999 -9999 -9999 -9999 -9999 -9999 -9999 0.03591178173361265 0.0414516605922709 0.0361918532492026 0.02450673243678786 -0.02927997641508345 -0.057551368807806924 -0.051846249474455486 -0.07647440724236809 -0.06948415908719535 -0.08232419992513629 -0.0855028553177481 -0.09112761080588982 -0.08839212926914514 -0.08808214247793605 -0.08250360535052809 -0.08959841898278048 -0.09157894464695583 -0.09538101459569906 -0.09936906865028586 -0.09759855424256428 -0.10066624838129984 -0.1043730024248362 -0.10801160104734743 -0.11131983843591553 -0.11176360088764972 -0.11002854743729468 -0.11451530863490443 -0.11571700344591038 -0.1160605840344468 -0.11624693461572345 -0.10774547473082076 -0.11020286310383157 -0.1108179039767255 -9999
-9999 -9999 -9999 -9999 -9999 -9999 -9999 -9999 -9999 -9999 -9999 -9999 -9999 -9999 -9999 -9999 -9999 0.03609454135774914 0.034616769129491354 -0.039157767071510134 -0.05685008497422805 -0.04871583078056574 -0.051207842467271725 -0.0788159878803012 -0.07488483229004173 -0.09011706424391136 -0.09762551038242556 -0.09211432215069297 -0.09835481086907827 -0.09695859512557152 -0.0915189411126725 -0.08893978583585954 -0.08936384322283708 -0.09571350438763272 -0.09710581770733648 -0.09870905694349302 -0.0961628292241822 -0.09697525618273928 -0.10005502453397801 -0.10438171996856513 -0.4851297788402956 -0.4873046558957709 -0.10987193937129948 -0.11608091290311325 -0.11434634426689667 -0.11341085234332993 -0.1153280047254394 -0.11715739797395858 -0.11205119831973444 -0.11643652366879195 -9999 -9999
-9999 -9999 -9999 -9999 -9999 -9999 -9999 -9999 -9999 -9999 -9999 -9999 -9999 0.002525124172477633 0.020921201607131457 0.03109577731431828 0.030917323113459568 0.03929136689428403 0.045108024435846716 0.0432398347184062 0.010081141093826795 -0.0399328001531894 -0.061484910223795035 -0.08799258915140576 -0.08444581176761701 -0.05766011877795274 -0.09983778939298962 -0.0966567941536398 -0.1066903658616154 -0.09674604913300797 -0.08977543880515121 -0.08925172619764571 -0.08400685026350879 -0.0923558375393243 -0.09143120584928474 -0.09011569967412432 -0.09721987425228176 -0.10155381869686687 -0.10006209304961172 -0.09063422050246077 -0.08916131890905292 -0.0917580731051124 -0.09862988573782468 -0.10529115091523401 -0.1094958997412544 -0.4831822542271212 -0.4817443932609066 -0.484607058516501 -0.111699800108276 -0.4810148900091325 -0.4725898211497975 -9999
-9999 -9999 -9999 -9999 -9999 -9999 -9999 -9999 -9999 -9999 -9999 -9999 -9999 0.017043272681210364 0.017126764555502216 -0.02736903953811393 -0.07354682971439935 -0.07253549090060203 -0.052356778907225184 -0.0126652369356674 -0.07818072611142107 -0.08437456557041273 -0.0801440090669886 -0.08024781525297009 -0.07992060195006756 -0.08038856761287083 -0.09788388732577796 -0.09205161601952888 -0.09663602930453158 -0.0941489716262921 -0.08852205682626885 -0.08078569799418678 -0.0826415190594676 -0.0862661744062991 -0.09185680414995424 -0.0945329591429428 -0.09147392373289104 -0.09567081794628628 -0.096887004237784 -0.08929506393716385 -0.08703636400320608 -0.09585955392812254 -0.097128943135233 -0.1022374129489712 -0.4734335606310355 -0.0977122812005489 -0.10618278675753136 -0.1095499732612592 -0.11122712932284116 -0.10437459662637633 -0.09857057788125843 -0.046454383667720416
-9999 -9999 -9999 -9999 -9999 -9999 -9999 -9999 -9999 -9999 -9999 -9999 -9999 0.026419119403252145 -0.04903454732392792 -0.07495315978303553 -0.07072394094227452 -0.07611104277084058 -0.0696596372872591 -0.07017338901515241 -0.06051521037664748 -0.0816100231857727 -0.0852769407970102 -0.07868480704643804 -0.07893117889761925 -0.08573463717070612 -0.08812121629876933 -0.1058053188228413 -0.09709346529258336 -0.09138140047940874 -0.08736883520918047 -0.08971806963824708 -0.0856988187879324 -0.09073350465168124 -0.09379980796138228 -0.09142978473202044 -0.09054368001449364 -0.08781622572923481 -0.08415983341958211 -0.08348921947586149 -0.08241043598188655 -0.0856034972542978 -0.09552158802018863 -0.1074080451229668 -9999 -9999 -9999 -9999 -9999 -9999 -9999 -9999
-9999 -9999 -9999 -9999 -9999 -9999 -9999 -9999 -9999 -9999 -9999 -9999 -9999 -0.05731871219999767 -0.06720560260683944 -0.07631047855576745 -0.05630016219599737 -0.05815806662987755 -0.06900510949123162 -0.07245380698662733 -0.07764642155202839 -0.0944766406496258 -0.09516880833341376 -0.08578606707084438 -0.08662263573268836 -0.0831813348416725 -0.08683171595001353 -0.09108915392552384 -0.0911386928966512 -0.09419925565547918 -0.09087672805332622 -0.09190319338813424 -0.0908168280780639 -0.0973607891684641 -0.09923252710343702 -0.10027793794870374 -0.09117774948801682 -0.09062246854781457 -0.08749276729624557 -0.08852648188400528 0.002495406640936504 -9999 -9999 -9999 -9999 -9999 -9999 -9999 -9999 -9999 -9999 -9999
-9999 -9999 -9999 -9999 -9999 -9999 -9999 -9999 -9999 -9999 -9999 -9999 0.0272635805177624 -0.044246864019204746 -0.06112945051458867 -0.08153273442598141 -0.07224018772578111 -0.08030892835687037 -0.08024740235313127 -0.07663704730246379 -0.08222169261020809 -0.0799676662148989 -0.06726328862588044 -0.07696006564504426 -0.07865759955071239 -0.07665873863531841 -0.08612247975543141 -0.08830235260741218 -0.08748642590058889 -0.08536280070067097 -0.08567816891666985 -0.08980755582856742 -0.08587608889312201 -0.0893384367430016 -0.09057014769591068 -0.08889764881409379 -0.08343242918667587 -0.08227919528017874 -0.08424297224163363 -0.07848964580942105 -0.07905930740272868 -9999 -9999 -9999 -9999 -9999 -9999 -9999 -9999 -9999 -9999 -9999
-9999 -9999 -9999 -9999 -9999 -9999 -9999 -9999 -9999 -9999 -9999 -0.06640495422660657 -0.037120951886248366 -0.03308744467389973 -0.026383893847789497 -0.07803132767667592 -0.07086346268086974 -0.08363435024638538 -0.08370951081261685 -0.09074081543266127 -0.08462873285474337 -0.08380739220782465 -0.08508419553222862 -0.06390564534408241 -0.08269691009722324 -0.08120212616884838 -0.08060361720297649 -0.08094057268665536 -0.08836662740973025 -0.0858139807317892 -0.08522095498831378 -0.0875450474736483 -0.08115953520831208 -0.08478266158667598 -0.08639294008278975 -0.08418621894215114 -0.08905314585274972 -0.09145160175293036 -0.08892538908707058 -0.08716681293900244 -9999 -9999 -9999 -9999 -9999 -9999 -9999 -9999 -9999 -9999 -9999 -9999
-9999 -9999 -9999 -9999 -9999 -9999 -9999 -9999 -9999 -9999 -0.0669354544547589 -0.0769042316419275 -0.08915995328646636 -0.08684499385645206 -0.07954002625268436 -0.0824464076887006 -0.0749283145465281 -0.07874130542673496 -0.08058137323140449 -0.058143652833836275 -0.07287349584309953 -0.08579161315751466 -0.0896409146244759 -0.09258634105081792 -0.0969129164662698 -0.09411050780149907 -0.09421576417820612 -0.08736228801148094 -0.08256731245099849 -0.07941071537282804 -0.0770479131935407 -0.07516912221098722 -0.08041520125192145 -0.08669913005407738 -0.09321437958304002 -0.09776347903939694 -0.0885565725722067 -0.09075765500007116 -0.08486954367760083 -9999 -9999 -9999 -9999 -9999 -9999 -9999 -9999 -9999 -9999 -9999 -9999 -9999
-9999 -9999 -9999 -9999 -9999 -9999 -9999 -9999 -9999 -9999 -9999 -9999 -0.023015939691306497 -0.08339342238057568 -0.07179510646054278 -0.07484851413122988 -0.08253132730074553 -0.08727077921123608 -0.08412517653778195 -0.08168528963933175 -0.06430744691549438 -0.08933276144544716 -0.0916951994978539 -0.0957904737645193 -0.10034240537282567 -0.09732875150992816 -0.09677617585934377 -0.09259723284808193 -0.08816458373937916 -0.08550703734078485 -0.07872295205521843 -0.08012383779429871 -0.07818628078245596 -0.08810551249948534 -0.09229322810373873 -0.0946182570339221 -0.0861304723455206 -0.08274272104482289 -0.08114213545037352 -0.0833283304641752 -9999 -9999 -9999 -9999 -9999 -9999 -9999 -9999 -9999 -9999 -9999 -9999
-9999 -9999 -9999 -9999 -9999 -9999 -9999 -9999 -9999 -9999 -9999 -0.037803748541552114 -0.0600629900177212 -0.047550914404184914 -0.08527177124810606 -0.06787998559277345 -0.07046278768583482 -0.07504493463784452 -0.08011510468128585 -0.07988669830576882 -0.08435590283783231 -0.08890471548732856 -0.08556399038871346 -0.08725406656689619 -0.09096756160421217 -0.09086231354866987 -0.0880360360581266 -0.08547547536537697 -0.08251719277999972 -0.08308652257951707 -0.0829809701232159 -0.08110278528993545 -0.08253098831957448 -0.0854214218283153 -0.08500445132022316 -0.08711729324220319 -0.09106763091910144 -0.0882316692327352 -0.08240508838840155 -9999 -9999 -9999 -9999 -9999 -9999 -9999 -9999 -9999 -9999 -9999 -9999 -9999
-9999 -9999 -9999 -9999 -9999 -0.02395338425412774 -0.09077136491870752 -0.05994198175714066 -0.010779072125644771 0.002876467051227405 0.002532267457117155 -0.08969742343153643 -0.08087137892194413 -0.08581112977117297 -0.08225667395669478 -0.451929677642234 -0.07398552358474422 -0.07460231892764567 -0.07656848216024427 -0.08006252899118091 -0.08204861086509796 -0.08605247928315529 -0.0886485003866255 -0.09101933718699476 -0.09039408980828267 -0.08938583721528237 -0.0893865563582791 -0.08737462408759672 -0.08763948969704949 -0.08399907849810043 -0.08082193292110512 -0.08113376443962686 -0.08187143109819807 -0.08360141481313371 -0.08365313147964035 -0.08688100674392088 -0.08716343693516176 -0.08246308795945798 -9999 -9999 -9999 -9999 -9999 -9999 -9999 -9999 -9999 -9999 -9999 -9999 -9999 -9999
-9999 -9999 -9999 -9999 -0.045428702850704605 -0.0075090708332540826 0.010705253392781888 -0.08911783497213671 -0.10066737186001692 -0.08806628389688936 -0.0820251999868323 -0.07190242160678556 -0.06361269355630098 -0.06454733635663337 -0.0446503902380557 -0.07266118739853089 -0.07160116051850113 -0.07353169584403868 -0.0697537705545192 -0.07576181397408896 -0.07880286963494576 -0.07767007133478054 -0.07598454699568125 -0.08409207903415611 -0.086538878330232 -0.0880812150021286 -0.08403508326686593 -0.07990120239960755 -0.08427688145362164 -0.08440606340603983 -0.08102008333915599 -0.07269296129031674 -0.07322717174563717 -0.056935865229562566 -0.05470339243259767 -9999 -9999 -9999 -9999 -9999 -9999 -9999 -9999 -9999 -9999 -9999 -9999 -9999 -9999 -9999 -9999 -9999
-9999 -9999 -9999 0.1079295526623078 -0.045860914209776615 -0.08756580151131621 -0.00457406509667635 -0.07782355936892005 -0.07085975506545411 -0.06469838906322484 -0.05585089230747975 -0.04238121758174634 -0.04140650045693567 -0.060508978006470475 -0.0675563088253788 -0.06471027342764576 -0.06753149318873232 -0.07019660522675386 -0.06808375437622485 -0.07389184943926727 -0.0729447229684371 -0.0693933499329116 -0.07113231837992434 -0.07307394308483472 -0.07641205304990645 -0.07581343469412433 -0.07080204859780878 -0.08224343269577493 -0.08462800115913803 -0.07518118026706835 -0.07128792241944568 -9999 -9999 -9999 -9999 -9999 -9999 -9999 -9999 -9999 -9999 -9999 -9999 -9999 -9999 -9999 -9999 -9999 -9999 -9999 -9999 -9999
-9999 -9999 -9999 0.1073046213056406 0.13925676110565013 -0.006125707361523236 -0.04823332901477162 -0.03349246023951663 0.018836134720755682 -0.05537257286841457 -0.06491089604147103 -0.07326259433656285 -0.07141678786391151 -0.0742516165153812 -0.07206740604875528 -0.06347523044551842 -0.06323959886946759 -0.061881768092027174 -0.06706418447277468 -0.07013683330834558 -0.07133656331216512 -0.06942715386495643 -0.0726456206858806 -0.07360738459164681 -0.06606922893906418 -0.06868164692802925 -0.07073873251109666 -0.07130609286706087 -0.07445325331924403 -9999 -9999 -9999 -9999 -9999 -9999 -9999 -9999 -9999 -9999 -9999 -9999 -9999 -9999 -9999 -9999 -9999 -9999 -9999 -9999 -9999 -9999 -9999
-9999 -9999 -9999 0.08602079560818232 0.016817898246581142 0.026911777525168382 0.011518451041015563 -0.051391348991867036 -0.05744427319049189 -0.03684503018208174 -0.047044644962348385 -0.05087368317839242 -0.060687378089389066 -0.06575129515207978 -0.06836816125913807 -0.06871886176826514 -0.06637370349515392 -0.06418740016448758 -0.06905881434921987 -0.07263584167737028 -0.07231732779789883 -0.06975151950736405 -0.07182897538270637 -0.06943129553743033 -0.061629955656826524 -0.06501790008548161 -0.08676361578071247 -0.09510862023529147 -9999 -9999 -9999 -9999 -9999 -9999 -9999 -9999 -9999 -9999 -9999 -9999 -9999 -9999 -9999 -9999 -9999 -9999 -9999 -9999 -9999 -9999 -9999 -9999
-9999 -9999 -9999 0.12914405637623175 0.02981652402440488 0.03618970766420598 0.05200539699391177 0.06890754434077634 0.019853493806136716 -0.058300664871121226 -0.05246964060579956 -0.06971670017051307 -0.05772646642087593 -0.058824144566998526 -0.06760664881490491 -0.07004944937627597 -0.06917028451014473 -0.06744411205063043 -0.06840533645742614 -0.07029095022817669 -0.06821864086162785 -0.06833691279525342 -0.06776485936311277 -0.06895092170199621 -0.06279538881600552 -0.07090970991260331 -0.06854091694011635 -9999 -9999 -9999 -9999 -9999 -9999 -9999 -9999 -9999 -9999 -9999 -9999 -9999 -9999 -9999 -9999 -9999 -9999 -9999 -9999 -9999 -9999 -9999 -9999 -9999
-9999 -9999 -9999 -9999 0.006876323513848648 -0.07543542748317122 -0.07009598236207082 -0.06724855919247091 -0.0736962649566324 -0.0693009761567025 -0.070755972587706 -0.0495258211158216 -0.07342805689119775 -0.06791653696690564 -0.06476838170024363 -0.0652182013930186 -0.06944704806918038 -0.07715905688541091 -0.06963810158650513 -0.07010312722590953 -0.06129009057970147 -0.060360773648742726 -0.06014481486509676 -0.06669455386050369 -9999 -9999 -9999 -9999 -9999 -9999 -9999 -9999 -9999 -9999 -9999 -9999 -9999 -9999 -9999 -9999 -9999 -9999 -9999 -9999 -9999 -9999 -9999 -9999 -9999 -9999 -9999 -9999
