metrics/grid_rasters/SMAP L4/grideval_SMAP L4_X_spring_2016_absolute_bias.asc
ncols 52
nrows 55
xllcorner     11.25
yllcorner     55.25
cellsize      0.25
NODATA_value  -9999
[rows 0 to 26 of 55, columns 0 to 51 of 52]
-9999 -9999 -9999 -9999 -9999 -9999 -9999 -9999 -9999 -9999 -9999 -9999 -9999 -9999 -9999 -9999 -9999 -9999 -9999 -9999 -9999 -9999 -9999 -9999 -9999 -9999 -9999 -9999 -9999 -9999 -9999 -9999 -9999 -9999 -9999 -9999 0.010744067799785815 -0.004780380824661756 -0.046802776157046144 -9999 -9999 -9999 -9999 -9999 -9999 -9999 -9999 -9999 -9999 -9999 -9999 -9999
-9999 -9999 -9999 -9999 -9999 -9999 -9999 -9999 -9999 -9999 -9999 -9999 -9999 -9999 -9999 -9999 -9999 -9999 -9999 -9999 -9999 -9999 -9999 -9999 -9999 -9999 -9999 -9999 -9999 -9999 -9999 -9999 -9999 -9999 -9999 -9999 0.021589823310141976 0.008908021506731922 0.011055715301114544 -0.020432686109257803 -0.08270446865050038 -0.07265306786512554 -9999 -9999 -9999 -9999 -9999 -9999 -9999 -9999 -9999 -9999
-9999 -9999 -9999 -9999 -9999 -9999 -9999 -9999 -9999 -9999 -9999 -9999 -9999 -9999 -9999 -9999 -9999 -9999 -9999 -9999 -9999 -9999 -9999 -9999 -9999 -9999 -9999 -0.024799456779399653 -0.04447246079697559 -0.0798634215379539 -0.10129922436064354 -0.07449460209792724 -0.07588336586385319 -0.053063267679966 -9999 -0.027772813630492832 0.0003490013920742774 -0.011659390536015446 -0.0663219716845323 -0.07497844515044405 -0.0733687868544265 -0.07144213617657838 -0.07551754065586821 -0.06736315379891061 -0.06642110562761837 -0.060746658431447074 -9999 -9999 -9999 -9999 -9999 -9999
-9999 -9999 -9999 -9999 -9999 -9999 -9999 -9999 -9999 -9999 -9999 -9999 -9999 -9999 -9999 -9999 -9999 -9999 -9999 -9999 -9999 -9999 -9999 -9999 -9999 -9999 -9999 -0.014248468427230487 -0.011347720520975824 -0.007698505995390181 0.006274633595476975 0.005763658443870778 -0.03294853317429836 -0.07458803549651867 -0.055093090556076064 -0.04912546989710431 -0.04639048935116635 -0.056320673846842174 -0.06852414908454467 -0.08289856016230976 -0.08044927172443789 -0.07894689047142217 -0.0835825680633602 -0.0861743341564484 -0.06905377348480016 -0.07656097132712598 -0.06881474243962893 -0.06439786829540263 -9999 -9999 -9999 -9999
-9999 -9999 -9999 -9999 -9999 -9999 -9999 -9999 -9999 -9999 -9999 -9999 -9999 -9999 -9999 -9999 -9999 -9999 -9999 -9999 -9999 -9999 -0.02779018968019797 -0.04210723495191854 -0.027638888998847918 -0.03730206778677908 -0.006566528352382417 -0.005578613637582107 -0.0046082662580453895 0.003160273777725875 0.009662328045005386 -0.04098002088215685 -0.03333619477875205 -0.07090197823455803 -0.055683161982375634 -0.046753588092068005 -0.06341031588533005 -0.06159125742219064 -0.06414883486602617 -0.06987568308882736 -0.07677594116767461 -0.07928675079070358 -0.08082710793646783 -0.08207610814386734 -0.0861420223853834 -0.09620520387492752 -0.09220946365562473 -0.09412689616336767 -0.09396004464234348 -9999 -9999 -9999
-9999 -9999 -9999 -9999 -9999 -9999 -9999 -9999 -9999 -9999 -9999 -9999 -9999 -9999 -9999 -9999 -9999 -9999 -9999 -9999 -9999 -0.03944630657687137 -0.03805721421604569 -0.024786843958756192 -0.03016343720905157 -0.030811104761517605 -0.022173605008941662 -0.006441659658499355 -0.002316671018691152 0.004991634141491841 -0.011089886052776944 -0.041347039256082914 -0.05305490800705942 -0.08438913015972663 -0.07526254054644835 -0.06680104624399022 -0.07551421700855313 -0.07408536691218617 -0.07467463130698257 -0.08211446110078174 -0.07983434117277682 -0.08022574726087242 -0.08325003769815614 -0.08772695471492148 -0.09310709468453474 -0.1013304073687481 -0.08918747441519212 -0.10185824832676546 -0.1015389699326909 -9999 -9999 -9999
-9999 -9999 -9999 -9999 -9999 -9999 -9999 -9999 -9999 -9999 -9999 -9999 -9999 -9999 -9999 -9999 -9999 -9999 -9999 -9999 -0.02383284003514308 -0.017229413816138458 -0.014625873497646826 -0.007530527634789118 -0.013091496353887956 -0.004981753335374872 0.0003720080560964401 -0.009702524899140695 -0.008051087391441279 -0.02792900905984902 -0.062318919206281076 -0.10335633642566587 -0.09744005140079104 -0.08666644028752392 -0.4342943588474199 -0.0845907392061275 -0.08968140929937363 -0.0899163344672517 -0.097670353665624 -0.09305396437159053 -0.09239667696554377 -0.09752249464635616 -0.4771689327595674 -0.4809722595483713 -0.0974392936686459 -0.4737574569678501 -0.4789399165943589 -0.4832782839708354 -0.4830015801986599 -0.484051116640963 -9999 -9999
-9999 -9999 -9999 -9999 -9999 -9999 -9999 -9999 -9999 -9999 -9999 -9999 -9999 -9999 -9999 -9999 -9999 -9999 -9999 -9999 -9999 -0.016748864527629803 -0.016272854181411445 -0.002669676247498254 -0.0027731714932167084 -0.0017136702233034873 -0.018360579345861217 -0.05500804857634334 -0.09813885504136913 -0.08426541217562299 -0.04240385661630525 -0.10284491851116 -0.10465445399851253 -0.09473275162441576 -0.09138787288785633 -0.4743335459016911 -0.1002943267762337 -0.09662537952966012 -0.09530213167485983 -0.09383477381956967 -0.09384939961297356 -0.09837663210118597 -0.10303183483040852 -0.4863460418444289 -0.4854271464535724 -0.4773662223723595 -0.4784819307615576 -0.4831266620236895 -0.4842219589197118 -9999 -9999 -9999
-9999 -9999 -9999 -9999 -9999 -9999 -9999 -9999 -9999 -9999 -9999 -9999 -9999 -9999 -9999 -9999 -9999 -9999 -9999 -0.02200101591322734 -0.018029095766984915 -0.014278465760466819 -0.014035278364368131 -0.014822099519812504 -0.03801052875654853 -0.11108548801554284 -0.11182434939900818 -0.1084575543342077 -0.1038555498842312 -0.10705600836840662 -0.09983046662629301 -0.0964518996441494 -0.09398296564493493 -0.09184948573617836 -0.0919076185471014 -0.4773552341427168 -0.10009592965893123 -0.1049842129097037 -0.10151589098993853 -0.1014899808265593 -0.09584306840501404 -0.09602664761326236 -0.09705537948352487 -0.10248771785636956 -0.4867820918317074 -0.1070832019955244 -0.10227893637088332 -0.10710931251473403 -0.48463547958628 -0.4817765858024359 -0.10315343885399077 -9999
-9999 -9999 -9999 -9999 -9999 -9999 -9999 -9999 -9999 -9999 -9999 -9999 -9999 -9999 -9999 -9999 -9999 -9999 -0.0076036971548329455 -0.0016085479165549033 -0.0070383217914596905 -0.02016005916116026 -0.07597123995504301 -0.10845234340218746 -0.1107859351348294 -0.1094238337777231 -0.10013144226420836 -0.0948219299721329 -0.0934923501563785 -0.10930972019939317 -0.09816293918487172 -0.0947024650952738 -0.09048150139658344 -0.0910276174545288 -0.09073147965271183 -0.09389283542480807 -0.0962283770837214 -0.0975038308609763 -0.0991566045331242 -0.10380587281416292 -0.10649672804562292 -0.1043640856388146 -0.10222070959761087 -0.10171888815239072 -0.1033498713665682 -0.10046668415484222 -0.10171395084699207 -0.10655324043625077 -0.09873942046871652 -0.09833557452277647 -0.09907250650955927 -9999
-9999 -9999 -9999 -9999 -9999 -9999 -9999 -9999 -9999 -9999 -9999 -9999 -9999 -9999 -9999 -9999 -9999 -0.0127703676243191 -0.012910673192337796 -0.08250352321192622 -0.0869192692613148 -0.07924781478536516 -0.08147679526439827 -0.10506761821148837 -0.1004904320099108 -0.1071780585359944 -0.10721474146956336 -0.10637410302929903 -0.10900432754146014 -0.10228320026932204 -0.09816028505725703 -0.09670692900924577 -0.09666384910435777 -0.09451581835341843 -0.09432407211431344 -0.09202577762872632 -0.09050805307924747 -0.0908561580328514 -0.09425618602772773 -0.10045055520680284 -0.484207220962676 -0.4824848487244352 -0.10024538399327708 -0.10484164289158326 -0.10170808922418434 -0.10009381681194772 -0.10135668113260816 -0.10547277823333506 -0.09995671076214184 -0.10026583848926036 -9999 -9999
-9999 -9999 -9999 -9999 -9999 -9999 -9999 -9999 -9999 -9999 -9999 -9999 -9999 -0.048234856120594194 -0.035897994899879326 -0.025112501345574856 -0.02319559382031794 -0.015333641887358971 -0.00825433910864848 -0.005709025684906055 -0.03038548670061253 -0.06268448775391218 -0.08165817736121622 -0.09288399350707947 -0.09751438519553003 -0.09034765359905103 -0.10711124804599778 -0.10213357643426764 -0.1009896054013592 -0.0939105425799347 -0.09037995818273532 -0.0910864614517145 -0.08775346946862084 -0.09169329773715656 -0.09110329429740494 -0.08721888630205521 -0.09440016882170156 -0.09486794234860853 -0.09578676214036737 -0.08669950507338281 -0.08590197638082114 -0.08867135826174333 -0.0956717335781001 -0.10061723333985913 -0.10702788163705368 -0.4877221143763998 -0.4867537978064755 -0.4891060270045114 -0.1131299142118381 -0.4884897014936028 -0.4788641263933286 -9999
-9999 -9999 -9999 -9999 -9999 -9999 -9999 -9999 -9999 -9999 -9999 -9999 -9999 -0.031100280056505118 -0.0398969548632917 -0.0820694435995234 -0.12218476325759425 -0.11748243728652595 -0.09388970940009406 -0.04113598653803702 -0.08388870100126318 -0.08133204832025198 -0.07885133458868321 -0.08085977249657328 -0.08255086229790165 -0.0923219619359335 -0.1072541009027349 -0.09858170171956654 -0.10019978046741174 -0.09404782521659916 -0.0880666994287268 -0.08394593923636101 -0.08443612868533185 -0.08152468751549075 -0.08307619402994926 -0.08515808688800619 -0.08222450287607702 -0.08536521875825914 -0.08915872126817702 -0.08365126620249258 -0.08408338434832252 -0.0919705915629216 -0.09407900668599684 -0.10311186568730553 -0.4841815916537915 -0.11058869670428663 -0.11465793702265492 -0.11837827740237115 -0.11977020881908094 -0.12060631971563335 -0.11319765863616182 -0.062389023602008827
-9999 -9999 -9999 -9999 -9999 -9999 -9999 -9999 -9999 -9999 -9999 -9999 -9999 -0.03916541547716962 -0.10880961165884916 -0.11452786675046965 -0.11302682891002165 -0.10599346952917782 -0.0989572620221778 -0.08669711370021105 -0.06539764216817595 -0.08012833638602622 -0.07795143848204095 -0.07807032559471933 -0.0797777896261086 -0.08856649966100633 -0.09092490484371137 -0.11283627780073364 -0.10676979563077504 -0.09705468441319204 -0.09104624246854498 -0.0894567258656025 -0.08361248240765673 -0.08737940132698935 -0.09047896977837966 -0.08493931338433991 -0.08543645764660572 -0.08383786860529496 -0.08133918227141967 -0.0819452282081804 -0.08284377029327594 -0.08429389615016786 -0.09788243197228602 -0.10985628197617504 -9999 -9999 -9999 -9999 -9999 -9999 -9999 -9999
-9999 -9999 -9999 -9999 -9999 -9999 -9999 -9999 -9999 -9999 -9999 -9999 -9999 -0.09925439771588727 -0.11180308868136746 -0.108944883570075 -0.10088977298658824 -0.0921349349512678 -0.08566751351337071 -0.0803166856665326 -0.08027874279524322 -0.09146507394135643 -0.08627981087192893 -0.0781156122077094 -0.07947323311363225 -0.07773914827924705 -0.08525387653271144 -0.09104302833261696 -0.0917393870287292 -0.09511174372923764 -0.09032687405124308 -0.08969219547250999 -0.08688230863164947 -0.08956115749543125 -0.08995809559912782 -0.09207832284838613 -0.08609378690142994 -0.08569707500788826 -0.08340354043099546 -0.08628824260085821 0.01161108751092918 -9999 -9999 -9999 -9999 -9999 -9999 -9999 -9999 -9999 -9999 -9999
-9999 -9999 -9999 -9999 -9999 -9999 -9999 -9999 -9999 -9999 -9999 -9999 -0.028877640588451988 -0.08341013138060988 -0.08683942252284155 -0.10368737922576456 -0.09907281965665192 -0.09857346317933308 -0.0896053111140171 -0.08763538132948072 -0.08663247410288971 -0.08230711420512071 -0.08328899399012972 -0.07376088471273362 -0.0693724590515637 -0.07275897703821887 -0.08094657465572591 -0.08684483387143066 -0.09116588328438607 -0.093145788728219 -0.08952598518732446 -0.08549822933728929 -0.08001008174260676 -0.08110657067078607 -0.08602404693627486 -0.08186164638027549 -0.08122988719412166 -0.08174238473419909 -0.09016366653225344 -0.08054760807072336 -0.08224659702619136 -9999 -9999 -9999 -9999 -9999 -9999 -9999 -9999 -9999 -9999 -9999
-9999 -9999 -9999 -9999 -9999 -9999 -9999 -9999 -9999 -9999 -9999 -0.11173327888726536 -0.07938648774491053 -0.05799967581001314 -0.05291868017419521 -0.08918904948412726 -0.07880081975346677 -0.08497003895109112 -0.08886312561757542 -0.08471430020163889 -0.08389072630392469 -0.08084242677559023 -0.07752687789742713 -0.05754403379219381 -0.07732492794647161 -0.07352956724555593 -0.07584824326002726 -0.07905419035207317 -0.08501727759595151 -0.08471675061256345 -0.08250180587334477 -0.08239615763254138 -0.07670726074391737 -0.0770083597213354 -0.0814649864383366 -0.07518432941287756 -0.08445260564432194 -0.086681391193491 -0.08753719674828264 -0.09741868684068322 -9999 -9999 -9999 -9999 -9999 -9999 -9999 -9999 -9999 -9999 -9999 -9999
-9999 -9999 -9999 -9999 -9999 -9999 -9999 -9999 -9999 -9999 -0.08021876829392882 -0.10791592407242756 -0.11080066136934837 -0.1064114984246376 -0.10269371460637322 -0.09196129661944252 -0.08914122266856872 -0.0852892701918988 -0.08016710532019318 -0.06438835453161079 -0.07929595294610964 -0.07252926893694245 -0.07277171702488605 -0.08226405869683495 -0.08897932045890583 -0.08766436487760232 -0.08762175290156965 -0.08390459446641413 -0.0792314915958306 -0.07631761847954732 -0.07305833160796242 -0.06977007285003428 -0.07207081521577813 -0.07690602992458834 -0.08287491258638707 -0.08517489197623472 -0.07852647012180608 -0.08254707732197386 -0.0813069090085185 -9999 -9999 -9999 -9999 -9999 -9999 -9999 -9999 -9999 -9999 -9999 -9999 -9999
-9999 -9999 -9999 -9999 -9999 -9999 -9999 -9999 -9999 -9999 -9999 -9999 -0.03918785269817582 -0.09446250323368156 -0.08522504991244363 -0.08060576448864909 -0.08269094226314971 -0.08350141554989893 -0.07967740965440223 -0.07712800910129497 -0.05823686168245645 -0.07136825838571659 -0.0721561048665772 -0.07800741337806633 -0.08236273584644432 -0.08447156281655893 -0.08511585159146268 -0.08436488429003436 -0.08133644786784833 -0.07889630574652035 -0.06978012777298043 -0.07007894389655278 -0.06551989161854849 -0.0764213756698629 -0.08135362704405967 -0.08565208613467601 -0.07861223047518212 -0.07642161512099532 -0.07825014977108524 -0.09396581116901792 -9999 -9999 -9999 -9999 -9999 -9999 -9999 -9999 -9999 -9999 -9999 -9999
-9999 -9999 -9999 -9999 -9999 -9999 -9999 -9999 -9999 -9999 -9999 -0.04244579435528623 -0.07427810413924896 -0.05844328015961725 -0.08732027898583078 -0.07292417811391794 -0.07037065364420414 -0.07216788692723798 -0.0756185724318999 -0.07070913364219927 -0.07116176908754784 -0.07129064066659503 -0.06601516900422133 -0.06678283913061023 -0.07341812743359932 -0.075817518118445 -0.0730903099048073 -0.07484052891073667 -0.07451754747687472 -0.07395588456774538 -0.07262867231569864 -0.07286441901131817 -0.07616463489830494 -0.07786143382849252 -0.08208327402320242 -0.0887673986751748 -0.09729890373494963 -0.09101944852053473 -0.08997494666634692 -9999 -9999 -9999 -9999 -9999 -9999 -9999 -9999 -9999 -9999 -9999 -9999 -9999
-9999 -9999 -9999 -9999 -9999 -0.02564252848210541 -0.10106587968766688 -0.061906103348440426 -0.018147683540440163 -0.004966698384479329 0.00123882046698226 -0.0912274698645848 -0.0862668529557793 -0.08427092169775907 -0.07915553440461343 -0.45011408552122495 -0.07294335042166973 -0.07568555637060298 -0.07334559210373652 -0.07186554552501306 -0.06802923507664516 -0.06891447093094821 -0.07287809392437339 -0.07192222134250659 -0.07135132368168108 -0.07127601710026676 -0.07403863083733164 -0.07276013756737759 -0.07337662607998302 -0.07335975140576129 -0.07412213619555469 -0.07456634760550829 -0.07871851069933694 -0.08068578987908752 -0.07984346949049959 -0.0870582715243749 -0.09270855709505466 -0.0891586188631861 -9999 -9999 -9999 -9999 -9999 -9999 -9999 -9999 -9999 -9999 -9999 -9999 -9999 -9999
-9999 -9999 -9999 -9999 -0.052693347932527945 -0.016556431579848985 -0.008023133258456772 -0.09650739529372554 -0.09641599003225564 -0.09242560898723162 -0.08921888999074051 -0.08237298013156524 -0.0733732088145031 -0.06411891971188394 -0.04730176607794734 -0.07151939511380118 -0.07276363006752468 -0.07642205670961866 -0.07275511320356443 -0.07394668427498441 -0.07235795476109441 -0.06713577262733295 -0.06785299689711433 -0.07446262671652698 -0.07413808938682731 -0.07470209074571083 -0.07279032588248023 -0.0695446634300701 -0.07219497258167551 -0.07462198412774695 -0.07525381200906373 -0.08819079627890303 -0.08637110556921235 -0.0783245364285034 -0.07952223234283534 -9999 -9999 -9999 -9999 -9999 -9999 -9999 -9999 -9999 -9999 -9999 -9999 -9999 -9999 -9999 -9999 -9999
-9999 -9999 -9999 0.12697965220507726 -0.04195407105852728 -0.08918260118883592 -0.00502474059391278 -0.07170769588454913 -0.06989247139300342 -0.07156165855248342 -0.06839333901829697 -0.049403865679936536 -0.046954466576647536 -0.06995682580315549 -0.07725113490596414 -0.07290147884708381 -0.07264657857139473 -0.0733895788738585 -0.06967675698030251 -0.0699103861723257 -0.0691292864756416 -0.06347920115956146 -0.06297526528815861 -0.061886441934367875 -0.06408326858249698 -0.06993248378453043 -0.06595602645741205 -0.06800670049193762 -0.06714005025265662 -0.06691976397743693 -0.06523097146545415 -9999 -9999 -9999 -9999 -9999 -9999 -9999 -9999 -9999 -9999 -9999 -9999 -9999 -9999 -9999 -9999 -9999 -9999 -9999 -9999 -9999
-9999 -9999 -9999 0.10694236443985417 0.13515802215703807 -0.02222916848309664 -0.051650782358711234 -0.04083413796742325 0.002811817735757505 -0.060911227604779176 -0.07098929760167783 -0.0845700375047391 -0.0892166556668994 -0.08178743841531483 -0.0742045634871592 -0.07011988101041189 -0.06676032829462836 -0.06619374423652236 -0.07115249384356581 -0.06278975731085829 -0.05765807618508517 -0.05306505857278476 -0.05822287514076935 -0.055784162640085684 -0.05035244173410797 -0.05290021763547609 -0.05769080049155845 -0.058316674549132586 -0.06039891914343054 -9999 -9999 -9999 -9999 -9999 -9999 -9999 -9999 -9999 -9999 -9999 -9999 -9999 -9999 -9999 -9999 -9999 -9999 -9999 -9999 -9999 -9999 -9999
-9999 -9999 -9999 0.06339866319752258 -0.009508354710819957 0.014804157873858581 -0.0029799431238485274 -0.0533786961889785 -0.06080817894848145 -0.044579566780315834 -0.057207770321680174 -0.0553112409239554 -0.05739306490463408 -0.06683209078872332 -0.07107023463543988 -0.07464782219461125 -0.06839079511068441 -0.06429675397584622 -0.06503919293375121 -0.06063340322883881 -0.0560153969158621 -0.04983507228367351 -0.051440762943061824 -0.050719581240707134 -0.04366349631353561 -0.048368806728040385 -0.06077727932563942 -0.08060238949711558 -9999 -9999 -9999 -9999 -9999 -9999 -9999 -9999 -9999 -9999 -9999 -9999 -9999 -9999 -9999 -9999 -9999 -9999 -9999 -9999 -9999 -9999 -9999 -9999
-9999 -9999 -9999 0.12271148612236844 0.017995244377981057 0.028820966532372868 0.03675403688912804 0.06375878506704519 0.011188800649150564 -0.06223236500164087 -0.060120252446959836 -0.07012724058459635 -0.05569910017125629 -0.05393058170928905 -0.06625551220191561 -0.07030047352790181 -0.0658724907299747 -0.05939687768240338 -0.060107032768428326 -0.05696335003670794 -0.05406565322419221 -0.050498206492351434 -0.051482296933460514 -0.05649344568424253 -0.05333599328751792 -0.060887729749083526 -0.05435557878049818 -9999 -9999 -9999 -9999 -9999 -9999 -9999 -9999 -9999 -9999 -9999 -9999 -9999 -9999 -9999 -9999 -9999 -9999 -9999 -9999 -9999 -9999 -9999 -9999 -9999
-9999 -9999 -9999 -9999 -0.02017498473920254 -0.0853693850905351 -0.07787772802555043 -0.06628524457387952 -0.06735123374053964 -0.057316256261876086 -0.06525369373190665 -0.05283093752096524 -0.07185364393112452 -0.060630512565536365 -0.05696717248824629 -0.061360240245804824 -0.06407148474017565 -0.06674820024763113 -0.056761712099061064 -0.05441044157613878 -0.0469457884521588 -0.04491815683634387 -0.04564710676103178 -0.05308467378515913 -9999 -9999 -9999 -9999 -9999 -9999 -9999 -9999 -9999 -9999 -9999 -9999 -9999 -9999 -9999 -9999 -9999 -9999 -9999 -9999 -9999 -9999 -9999 -9999 -9999 -9999 -9999 -9999
