metrics/grid_rasters/SMAP L4/grideval_SMAP L4_X_spring_2015_absolute_bias.asc
ncols 52
nrows 55
xllcorner     11.25
yllcorner     55.25
cellsize      0.25
NODATA_value  -9999
[rows 0 to 26 of 55, columns 0 to 51 of 52]
-9999 -9999 -9999 -9999 -9999 -9999 -9999 -9999 -9999 -9999 -9999 -9999 -9999 -9999 -9999 -9999 -9999 -9999 -9999 -9999 -9999 -9999 -9999 -9999 -9999 -9999 -9999 -9999 -9999 -9999 -9999 -9999 -9999 -9999 -9999 -9999 0.01616643221691405 -0.010059309969044694 -0.05411238564987375 -9999 -9999 -9999 -9999 -9999 -9999 -9999 -9999 -9999 -9999 -9999 -9999 -9999
-9999 -9999 -9999 -9999 -9999 -9999 -9999 -9999 -9999 -9999 -9999 -9999 -9999 -9999 -9999 -9999 -9999 -9999 -9999 -9999 -9999 -9999 -9999 -9999 -9999 -9999 -9999 -9999 -9999 -9999 -9999 -9999 -9999 -9999 -9999 -9999 0.017285555360293137 0.003597950574123543 0.004766346709896785 -0.0192598693900638 -0.07591147422790527 -0.060512328238198236 -9999 -9999 -9999 -9999 -9999 -9999 -9999 -9999 -9999 -9999
-9999 -9999 -9999 -9999 -9999 -9999 -9999 -9999 -9999 -9999 -9999 -9999 -9999 -9999 -9999 -9999 -9999 -9999 -9999 -9999 -9999 -9999 -9999 -9999 -9999 -9999 -9999 -0.001394369325252498 -0.033048742588120295 -0.07070350646972656 -0.09861741851676592 -0.06494683364425041 -0.056939696121697476 -0.041949283384313474 -9999 -0.0295710072673932 -0.003959017570572654 -0.01014006637563608 -0.05857514739036562 -0.06434288729320875 -0.0564380403720971 -0.049040021709721486 -0.04942096694551335 -0.04243636739374407 -0.042054718160870086 -0.03960693159488715 -9999 -9999 -9999 -9999 -9999 -9999
-9999 -9999 -9999 -9999 -9999 -9999 -9999 -9999 -9999 -9999 -9999 -9999 -9999 -9999 -9999 -9999 -9999 -9999 -9999 -9999 -9999 -9999 -9999 -9999 -9999 -9999 -9999 -0.004155642215651678 -0.005118281913526146 -0.0007918145921495534 0.009956488464817836 0.015435870067037729 -0.004898992331341057 -0.05655264113888597 -0.04266525001236887 -0.03757554557588366 -0.035585728980074005 -0.044365428643997284 -0.04856468707022038 -0.061242448771842824 -0.05645697017510731 -0.055982525119877835 -0.06268574565348001 -0.06570053588260305 -0.04852013714385756 -0.05932946668730836 -0.048405844093573236 -0.04471179120468372 -9999 -9999 -9999 -9999
-9999 -9999 -9999 -9999 -9999 -9999 -9999 -9999 -9999 -9999 -9999 -9999 -9999 -9999 -9999 -9999 -9999 -9999 -9999 -9999 -9999 -9999 -0.014283599636771503 -0.018747772411866648 -0.007896277157947273 -0.025784571845122062 -0.004173900804134323 -0.0005617994852740171 0.004181395636664531 0.01057198782159824 0.02286037935150997 -0.022441592662021337 0.0013562187401935375 -0.047556626585998914 -0.0382824377279089 -0.02791385108774358 -0.04949136833951928 -0.04959110048684207 -0.046623490163774206 -0.0489151652112152 -0.055822491585606315 -0.057296366131666936 -0.06058494936336172 -0.06226322942911978 -0.06741014246386713 -0.07497237508345134 -0.0703773320624323 -0.06883479389879438 -0.0677264504962497 -9999 -9999 -9999
-9999 -9999 -9999 -9999 -9999 -9999 -9999 -9999 -9999 -9999 -9999 -9999 -9999 -9999 -9999 -9999 -9999 -9999 -9999 -9999 -9999 -0.02306956787302039 -0.019330025562132203 -0.009614907129846416 -0.009526063577093236 -0.0068888816568586355 -0.012753593199180846 0.010902290151576788 0.017096790460625066 0.015075957714909216 0.0013913765098109154 -0.026644675990547758 -0.02931576888970655 -0.07073761059178246 -0.061761080436032234 -0.05425879994426108 -0.061996714846052285 -0.05801514618926579 -0.058850194859986375 -0.06267195033906686 -0.05993566293307029 -0.0614733153822446 -0.06503780303579393 -0.06695120476111016 -0.07132074540913708 -0.07745810792301637 -0.06149142893275832 -0.07221465053582432 -0.07293896816595635 -9999 -9999 -9999
-9999 -9999 -9999 -9999 -9999 -9999 -9999 -9999 -9999 -9999 -9999 -9999 -9999 -9999 -9999 -9999 -9999 -9999 -9999 -9999 -0.012322673472491164 -0.0002347491004250357 -0.004853113131089659 0.004813748838925602 0.004660813856606549 0.011086567965420846 0.013788793966023616 0.014638056177081473 0.018373920459939963 -0.0017235722806718257 -0.02761858051473448 -0.0672477190542703 -0.06705106858051185 -0.06771282668065542 -0.4137415016540374 -0.06878420653367284 -0.06893697654960135 -0.06922848600931841 -0.07193944785330031 -0.06797210498891698 -0.06757659869964677 -0.07128191313358268 -0.4448151465919282 -0.4478982043687744 -0.06845010660513484 -0.44236711110129495 -0.4465683556566335 -0.4464196907450455 -0.4465473862007411 -0.44672556191381785 -9999 -9999
-9999 -9999 -9999 -9999 -9999 -9999 -9999 -9999 -9999 -9999 -9999 -9999 -9999 -9999 -9999 -9999 -9999 -9999 -9999 -9999 -9999 -0.009821992028843264 -0.00784647567103608 0.01309400315236564 0.02034424585525435 0.0170953344817113 -0.00030166488705257727 -0.02742724012244835 -0.06864387396008076 -0.05823372232191488 -0.02035669485727948 -0.0676878149160231 -0.06706000512296499 -0.067078438551739 -0.07124607457657056 -0.4437761505143811 -0.07553612309874908 -0.07376036860726097 -0.07117393498468882 -0.07101357576220929 -0.07256157383172201 -0.07486736307842562 -0.07955776579452284 -0.4548676279759167 -0.4502270327372985 -0.4415892385774188 -0.4440703799628249 -0.4463894866933726 -0.4483584246551148 -9999 -9999 -9999
-9999 -9999 -9999 -9999 -9999 -9999 -9999 -9999 -9999 -9999 -9999 -9999 -9999 -9999 -9999 -9999 -9999 -9999 -9999 -0.001958226254492101 0.008901040481798572 0.004712107205631755 -0.003142482764793175 -0.006190135683676211 -0.01770902649320738 -0.08508525090386171 -0.08985880538068636 -0.09387505105649584 -0.09102356171969213 -0.08521411641679633 -0.07719643995015307 -0.06947703662544785 -0.06451015448329422 -0.06455888796334314 -0.06700443718770538 -0.4449749054029735 -0.07413531415390245 -0.07848412445699328 -0.07585387004144267 -0.08013700592999506 -0.07795106720442724 -0.07267426643708741 -0.0698444733716021 -0.07335987924927412 -0.44988240650807976 -0.07283667301890827 -0.07035099559962149 -0.07429377511896268 -0.4473589487449087 -0.4456160975827111 -0.07351599907634238 -9999
-9999 -9999 -9999 -9999 -9999 -9999 -9999 -9999 -9999 -9999 -9999 -9999 -9999 -9999 -9999 -9999 -9999 -9999 0.014109735476850238 0.012993261850241468 0.016230271621183956 -0.004992881627997992 -0.0539675899828323 -0.08049123904319724 -0.07746071237506291 -0.07967988571735346 -0.07181406951311864 -0.08414366299455818 -0.07921589787560279 -0.09158084485868012 -0.08196643651133834 -0.07572706215309377 -0.07186287960620841 -0.07117089228798645 -0.06986725787923792 -0.06926058193649909 -0.07061995975296909 -0.07166593532369597 -0.07268228100405799 -0.07701093232390854 -0.08197163412667285 -0.08058980510692404 -0.07563861304461356 -0.07378096857456247 -0.07533179816573554 -0.07193663042001053 -0.07133015770502765 -0.07500375816316313 -0.07024718390570744 -0.06796460052331288 -0.07056287569229053 -9999
-9999 -9999 -9999 -9999 -9999 -9999 -9999 -9999 -9999 -9999 -9999 -9999 -9999 -9999 -9999 -9999 -9999 0.003808326492405922 -0.00012397693865229265 -0.06397046835133524 -0.07583312590916952 -0.07236033897809308 -0.06737097534868453 -0.07682336180499111 -0.07167070935470887 -0.0768081424814282 -0.07877054003754047 -0.08303015201982827 -0.08306124981003576 -0.0813179679290213 -0.0824133068022102 -0.0821004216418122 -0.07813005016909708 -0.07304388971039744 -0.07307012321973089 -0.06905719619808776 -0.06462188724315526 -0.06294153597619795 -0.06606341705779832 -0.07008124346082861 -0.445703934449138 -0.4452396993384216 -0.07229933654419096 -0.07611010739899643 -0.07110463380813598 -0.06910448077351156 -0.06996233887744674 -0.07340587907367285 -0.06985707776715055 -0.07122186524699431 -9999 -9999
-9999 -9999 -9999 -9999 -9999 -9999 -9999 -9999 -9999 -9999 -9999 -9999 -9999 -0.013965896946011191 -0.009613192141658122 -0.003713812370492953 0.0019949895564955744 -0.001642199477764117 0.0018299328558372683 0.0071462751639009845 -0.02284127792926749 -0.05879543757799899 -0.07308906392015596 -0.07023519334769007 -0.06997437543339202 -0.07877749397297096 -0.09305349633549204 -0.08079812093214556 -0.07746094417090366 -0.06984136520010048 -0.06874247693052199 -0.07076990363573787 -0.06587061812781325 -0.06817712994536973 -0.06851863840011635 -0.06654915824683022 -0.06832623791815058 -0.06286965623648483 -0.06338960407960292 -0.05432988507579073 -0.05246219081108017 -0.05223695455175459 -0.05530229716589957 -0.060738850392476514 -0.06874630011693393 -0.4446737405928698 -0.4418527167854888 -0.4483159199808583 -0.07753307259444031 -0.4504664208250817 -0.4430553619608735 -9999
-9999 -9999 -9999 -9999 -9999 -9999 -9999 -9999 -9999 -9999 -9999 -9999 -9999 -0.005798581995145213 -0.019386324135944044 -0.06699456828411182 -0.11186698395194428 -0.1036290069722166 -0.08442743848068546 -0.02926138946504303 -0.07936095414739662 -0.07642429452953914 -0.0736951177168374 -0.06645691259340808 -0.06335543192396259 -0.07381621346329198 -0.09790253946275423 -0.07556819130073894 -0.07741393483046333 -0.0692810402374075 -0.06678233649393528 -0.06586100224292635 -0.06439912879105775 -0.059649888373384585 -0.059964417146913924 -0.061851824383542975 -0.0573915155247004 -0.05896310571468232 -0.05975041199814185 -0.04988471269607542 -0.04778370104654872 -0.051109089514221766 -0.05024215253916653 -0.07104424849303081 -0.4341410389753304 -0.07793953078563765 -0.08314033650388625 -0.0893557335090156 -0.09023031890392302 -0.09035730518475933 -0.08429593859296858 -0.03887601103445498
-9999 -9999 -9999 -9999 -9999 -9999 -9999 -9999 -9999 -9999 -9999 -9999 -9999 -0.01014837207216207 -0.07853470119563016 -0.09433293378714358 -0.0917524214645829 -0.09156312147776284 -0.09614650932225316 -0.08705525988280173 -0.06616282315567285 -0.07573902501602364 -0.0708540038930045 -0.06940428343686195 -0.06673710015085005 -0.07186581977088041 -0.07242915795909037 -0.1029322455326716 -0.0921184739380172 -0.0750163194206026 -0.0706791237147168 -0.06872033669491008 -0.06463989416758215 -0.06757860201777832 -0.07172209536186369 -0.06750472236161281 -0.06412942490794438 -0.061381157480105024 -0.05632579019575412 -0.050482065749890885 -0.04842396282186412 -0.04437773146412588 -0.054926745819323 -0.07869008147355283 -9999 -9999 -9999 -9999 -9999 -9999 -9999 -9999
-9999 -9999 -9999 -9999 -9999 -9999 -9999 -9999 -9999 -9999 -9999 -9999 -9999 -0.08221506681105101 -0.09940718270913518 -0.09996274860218313 -0.08740084969034095 -0.08148553982527568 -0.08727005072916394 -0.07611289978629415 -0.07551563162394248 -0.08557174594113326 -0.07719637676320895 -0.07029739949438307 -0.06592207289103302 -0.059025696251127475 -0.06388704999528749 -0.06803238870519579 -0.06692356774301239 -0.06849258608288239 -0.06427894457422118 -0.06484538367902387 -0.06453135552430395 -0.06548801082553285 -0.06403966609275702 -0.06481297708520989 -0.06279261738362935 -0.06339557902379467 -0.05611291268859248 -0.05159775352839269 0.03638751925242068 -9999 -9999 -9999 -9999 -9999 -9999 -9999 -9999 -9999 -9999 -9999
-9999 -9999 -9999 -9999 -9999 -9999 -9999 -9999 -9999 -9999 -9999 -9999 -0.014420019436364229 -0.07823563296385483 -0.08115395391830292 -0.10440873003969292 -0.10218921385028146 -0.10324710207154053 -0.0890921816982404 -0.08427158112477777 -0.07747873642829932 -0.07344563281295274 -0.0764455769700233 -0.06964751171945321 -0.05838091803921591 -0.05703364767209451 -0.0619211159571253 -0.06395281872364006 -0.06511086752318374 -0.06706755549618693 -0.06461602714326647 -0.06311225373335555 -0.06218656069702577 -0.06499896771980057 -0.06783272645088156 -0.06071056452664464 -0.055975904398494265 -0.05313990949982345 -0.05582324787221776 -0.04763389572952731 -0.049494040674633484 -9999 -9999 -9999 -9999 -9999 -9999 -9999 -9999 -9999 -9999 -9999
-9999 -9999 -9999 -9999 -9999 -9999 -9999 -9999 -9999 -9999 -9999 -0.09231868452496002 -0.05542088578445742 -0.04301553759912047 -0.0419483319075421 -0.08674320298613925 -0.08167223505901566 -0.08767812230972327 -0.08877783830117697 -0.07559329181006458 -0.07426210939884187 -0.07198729144804407 -0.07000725928581125 -0.04946870069311121 -0.06747811590180253 -0.06090769183756128 -0.060082106969573335 -0.06006722688072862 -0.06406122060737224 -0.06284885972437232 -0.06177754444305339 -0.06344407095451549 -0.06136020662808661 -0.06263593715248683 -0.06424406095586642 -0.0563223606107211 -0.059864878955513574 -0.06137652640992946 -0.0646553874617875 -0.08060599643774702 -9999 -9999 -9999 -9999 -9999 -9999 -9999 -9999 -9999 -9999 -9999 -9999
-9999 -9999 -9999 -9999 -9999 -9999 -9999 -9999 -9999 -9999 -0.07282992173927001 -0.10103214563745444 -0.08548048891202364 -0.08633522821797268 -0.09711260259753524 -0.08527252433275934 -0.08121616232274759 -0.07753859887821507 -0.07142472240057862 -0.05459406577577497 -0.07038461195700096 -0.0666626438649014 -0.07027269881783105 -0.07564951648013762 -0.08031009851080001 -0.07694767072345271 -0.07402054706607203 -0.06689172540650222 -0.061851935495029826 -0.057316651338278624 -0.05495772879533095 -0.053481906923380784 -0.056773084251567525 -0.06028395376422191 -0.0646097273537607 -0.06739631406586583 -0.059606709534471676 -0.06453444677771948 -0.05858991010622544 -9999 -9999 -9999 -9999 -9999 -9999 -9999 -9999 -9999 -9999 -9999 -9999 -9999
-9999 -9999 -9999 -9999 -9999 -9999 -9999 -9999 -9999 -9999 -9999 -9999 -0.03033557437887097 -0.08144169747829437 -0.07122325936351159 -0.06410956737971063 -0.06480024487081197 -0.06649659146564174 -0.06437716884444455 -0.06394725643625165 -0.05140151215924155 -0.0677050336141779 -0.0705372967202254 -0.07428337555341047 -0.07689626999575683 -0.0759890141210171 -0.07406825161341463 -0.07035925418439537 -0.06577070478839102 -0.0638550609049171 -0.05594383947777026 -0.05728721534362946 -0.055178638961580095 -0.0609237310561267 -0.06314827116450883 -0.06693334943718382 -0.05674945197322151 -0.055755708344054966 -0.0537663022677104 -0.07505463777166428 -9999 -9999 -9999 -9999 -9999 -9999 -9999 -9999 -9999 -9999 -9999 -9999
-9999 -9999 -9999 -9999 -9999 -9999 -9999 -9999 -9999 -9999 -9999 -0.04115512070029676 -0.07265272778694071 -0.048612442462131256 -0.07354909046129747 -0.04956708929755471 -0.04662209354867836 -0.049208998108150936 -0.05900340480635869 -0.0577925575803025 -0.06132316655582853 -0.06547967911970738 -0.06306154878452569 -0.06510001177137548 -0.0706535597040196 -0.07032483448885908 -0.06571178954057016 -0.06565973939317649 -0.06381209321094282 -0.0628340507998611 -0.061731487211554914 -0.061586171870279816 -0.0629099039116291 -0.05858439920526565 -0.058491053484907025 -0.06029143884326476 -0.06694368590610195 -0.06432479002861062 -0.0641183124046133 -9999 -9999 -9999 -9999 -9999 -9999 -9999 -9999 -9999 -9999 -9999 -9999 -9999
-9999 -9999 -9999 -9999 -9999 -0.01967991066701485 -0.08855558787331436 -0.048867578879751294 -0.008358325621094342 0.008132390000603396 0.0036120215449670368 -0.07902855981479989 -0.07303624448150092 -0.07312416169378494 -0.0631764642216942 -0.4294776578142186 -0.05334677322946413 -0.05537735678330813 -0.05588798116553911 -0.05656342936886681 -0.05586685739984415 -0.05924974914753079 -0.0651418098295578 -0.06739346375971134 -0.0662391800169993 -0.06612766023838157 -0.06640270770800233 -0.0632859086147462 -0.0638828703550377 -0.06422831283675301 -0.06326908327714359 -0.06459642651707237 -0.0643670451761496 -0.060691732318714386 -0.05812020617904085 -0.06788119815214716 -0.07221881753266457 -0.06805458035733962 -9999 -9999 -9999 -9999 -9999 -9999 -9999 -9999 -9999 -9999 -9999 -9999 -9999 -9999
-9999 -9999 -9999 -9999 -0.04728912133159058 -0.016410295529799 -0.009444776508543196 -0.08199924344968318 -0.0742640707528952 -0.06364812796766106 -0.056976733273929984 -0.051806694931454116 -0.04884636043900187 -0.04556113337025497 -0.03035872199318629 -0.05150985832166188 -0.052590483095910856 -0.05597679280873502 -0.052046863207913414 -0.05534958956819591 -0.055582802554573714 -0.052050273285971733 -0.053799299940918484 -0.062115287720555024 -0.06373640675135334 -0.06733451879987817 -0.06364796625243296 -0.06090841470944764 -0.06272210499855002 -0.062319190273381286 -0.05790534377700146 -0.07635237722083776 -0.07628174366975071 -0.06453769902388251 -0.063365596984372 -9999 -9999 -9999 -9999 -9999 -9999 -9999 -9999 -9999 -9999 -9999 -9999 -9999 -9999 -9999 -9999 -9999
-9999 -9999 -9999 0.1154883439191664 -0.03916044036547345 -0.08307820146131993 -0.0019464436203542324 -0.055668892854391916 -0.04495700934920649 -0.04461960666107412 -0.038276666101783215 -0.02518601983484592 -0.02583269934461574 -0.04954743722472527 -0.058018391451450324 -0.05225284129682212 -0.056103091017164375 -0.0569956313178997 -0.0514880958530638 -0.05566033660763442 -0.05513604966679003 -0.0503965467515618 -0.05349540021082366 -0.050484852116517376 -0.05319128448915 -0.05908199816641185 -0.0553210975846859 -0.059650347329149374 -0.05963678745308304 -0.061087374614946725 -0.05538232341559246 -9999 -9999 -9999 -9999 -9999 -9999 -9999 -9999 -9999 -9999 -9999 -9999 -9999 -9999 -9999 -9999 -9999 -9999 -9999 -9999 -9999
-9999 -9999 -9999 0.09060554305712383 0.11918882628281913 -0.031468212785142835 -0.05694572106756346 -0.033565702823677435 0.009990444628879271 -0.049634564494845816 -0.05156192734385984 -0.07132820848262672 -0.07987660594058762 -0.06547263360986805 -0.05860270382177945 -0.05269847235294306 -0.05135080468172976 -0.050095717413256864 -0.053302269421442616 -0.04907980248181504 -0.0502200667906289 -0.047128923884545926 -0.053256790656032005 -0.05312373770607842 -0.048528500548516866 -0.049353493193183266 -0.05191812443010735 -0.05258926520443924 -0.054414698120319516 -9999 -9999 -9999 -9999 -9999 -9999 -9999 -9999 -9999 -9999 -9999 -9999 -9999 -9999 -9999 -9999 -9999 -9999 -9999 -9999 -9999 -9999 -9999
-9999 -9999 -9999 0.05396157099743082 -0.013297084967295314 0.004119226607409432 -0.0071071351417387185 -0.05531753316672161 -0.0527317478500231 -0.03423186588769006 -0.048871948020626776 -0.05334732806441761 -0.05184085242676012 -0.05720135867595672 -0.05920888576844724 -0.06032756506794629 -0.05633927481343048 -0.0551236995542892 -0.05518955973663714 -0.05510211222701605 -0.05414444665716151 -0.04769191073648854 -0.049827120701472 -0.049387695693006384 -0.04175430415856718 -0.04325471661909664 -0.06271363015126696 -0.08074897133340736 -9999 -9999 -9999 -9999 -9999 -9999 -9999 -9999 -9999 -9999 -9999 -9999 -9999 -9999 -9999 -9999 -9999 -9999 -9999 -9999 -9999 -9999 -9999 -9999
-9999 -9999 -9999 0.10412821914210464 0.00013482697082284334 0.01638541534693555 0.02425363220349708 0.04838504935755872 0.01014134016903967 -0.057372554655026935 -0.05283774595067958 -0.06886657030895504 -0.0574121776855353 -0.05467688534596954 -0.062195388596467276 -0.06240103169523109 -0.06001379983593719 -0.05644978062070982 -0.06084868432295443 -0.0546148780620459 -0.05087703854748698 -0.047084758287728457 -0.047759561436344855 -0.050682303158923865 -0.047340415282682964 -0.05754495738732696 -0.054184231914655163 -9999 -9999 -9999 -9999 -9999 -9999 -9999 -9999 -9999 -9999 -9999 -9999 -9999 -9999 -9999 -9999 -9999 -9999 -9999 -9999 -9999 -9999 -9999 -9999 -9999
-9999 -9999 -9999 -9999 -0.03383682436413238 -0.08891083549971535 -0.08021964072579085 -0.06745520345490391 -0.07168721625901231 -0.061793200355587614 -0.0671914998931114 -0.052608788525215285 -0.07012461899506928 -0.06749013286046307 -0.06505526087500829 -0.0627671041572937 -0.06216499402065472 -0.06477013708967155 -0.060040436489413485 -0.05596618405496229 -0.04499806930320432 -0.039293962175195866 -0.04037917021549109 -0.05391571994381722 -9999 -9999 -9999 -9999 -9999 -9999 -9999 -9999 -9999 -9999 -9999 -9999 -9999 -9999 -9999 -9999 -9999 -9999 -9999 -9999 -9999 -9999 -9999 -9999 -9999 -9999 -9999 -9999
