metrics/grid_rasters/SMAP L4/grideval_SMAP L4_Y_2018_anomaly_pearson_r.asc
ncols 52
nrows 55
xllcorner     11.25
yllcorner     55.25
cellsize      0.25
NODATA_value  -9999
[rows 0 to 28 of 55, columns 0 to 51 of 52]
-9999 -9999 -9999 -9999 -9999 -9999 -9999 -9999 -9999 -9999 -9999 -9999 -9999 -9999 -9999 -9999 -9999 -9999 -9999 -9999 -9999 -9999 -9999 -9999 -9999 -9999 -9999 -9999 -9999 -9999 -9999 -9999 -9999 -9999 -9999 -9999 0.04446474461908302 0.10380613657867853 0.2204410209356805 -9999 -9999 -9999 -9999 -9999 -9999 -9999 -9999 -9999 -9999 -9999 -9999 -9999
-9999 -9999 -9999 -9999 -9999 -9999 -9999 -9999 -9999 -9999 -9999 -9999 -9999 -9999 -9999 -9999 -9999 -9999 -9999 -9999 -9999 -9999 -9999 -9999 -9999 -9999 -9999 -9999 -9999 -9999 -9999 -9999 -9999 -9999 -9999 -9999 -9999 0.1388822147593705 0.2553497613077742 0.21691828432328544 0.19707952800450634 0.1578545648448169 -9999 -9999 -9999 -9999 -9999 -9999 -9999 -9999 -9999 -9999
-9999 -9999 -9999 -9999 -9999 -9999 -9999 -9999 -9999 -9999 -9999 -9999 -9999 -9999 -9999 -9999 -9999 -9999 -9999 -9999 -9999 -9999 -9999 -9999 -9999 -9999 -9999 0.6042114490469686 0.714140505056587 0.4820967997728233 -0.10694624002125458 -0.0965601676545466 -9999 0.1072550572474491 -9999 0.23909886055444454 0.12850279892358074 0.12782011231896778 0.24164900273290296 0.2473872542732317 0.30408883475255016 0.27014079647263595 0.2362374752489243 0.2234024856905052 0.2300116453662519 0.2889605997668976 -9999 -9999 -9999 -9999 -9999 -9999
-9999 -9999 -9999 -9999 -9999 -9999 -9999 -9999 -9999 -9999 -9999 -9999 -9999 -9999 -9999 -9999 -9999 -9999 -9999 -9999 -9999 -9999 -9999 -9999 -9999 -9999 -9999 0.6623246293267914 0.5432657805187862 -0.1736852814517867 -0.2623977051119556 -0.10112315341319876 0.12294023579096006 0.11224368900738783 0.0772678734626607 0.1302123876204846 0.24401127118228155 0.2556108941457441 0.23171247294088446 0.1858894551830404 0.19551548879385292 0.1782737427945228 0.1730370074399558 0.18286095956369894 0.2265826929847751 0.19004758587540127 0.1976133804212972 0.19751495940521066 -9999 -9999 -9999 -9999
-9999 -9999 -9999 -9999 -9999 -9999 -9999 -9999 -9999 -9999 -9999 -9999 -9999 -9999 -9999 -9999 -9999 -9999 -9999 -9999 -9999 -9999 0.8012118885437004 0.5813536864355187 0.7307889516951825 0.693435378650972 0.6588152965095062 0.5780164751238799 0.3987809361625035 0.10584019624660096 -0.08170788221297781 0.08788626425770031 0.13199793819126818 0.20751390301228606 0.2856810572045754 0.412985818878296 0.3264735241453741 0.2347358993573839 0.2269797176776625 0.20189436238621272 0.1933762651529874 0.2488271419640202 0.24045186546858024 0.1483020704058467 0.13507262650359614 0.17656819891468095 0.19081918371955164 0.1818424345970661 0.2206369907783664 -9999 -9999 -9999
-9999 -9999 -9999 -9999 -9999 -9999 -9999 -9999 -9999 -9999 -9999 -9999 -9999 -9999 -9999 -9999 -9999 -9999 -9999 -9999 -9999 0.7878231119834727 0.7211810505140782 0.7957344862768972 0.5468957718755576 0.453655197395295 0.5041285151991466 0.2867890866126569 0.21818243256322314 0.10306796126649284 0.09231696138515612 0.2481474422916937 0.3108387508508921 0.2808057316307713 0.3512340281018842 0.3990493114310412 0.32124886573367223 0.2893801775243237 0.19550244181317344 0.1246978359522768 0.11461232023051793 0.1070751105531741 0.10171846541576182 0.11325727145300002 0.1511798563340087 0.19640272481148746 0.2071746458714052 0.2708063209856855 0.2913819350302087 -9999 -9999 -9999
-9999 -9999 -9999 -9999 -9999 -9999 -9999 -9999 -9999 -9999 -9999 -9999 -9999 -9999 -9999 -9999 -9999 -9999 -9999 -9999 0.7393391587582998 0.8171582451251026 0.8380654188934296 0.8101239808600766 0.7491275752313669 0.6715440255394971 0.514286685113628 0.2753434857035641 0.2797340457189813 0.2679731560777881 0.13098009376053954 0.2710395311541145 0.2653011738794543 0.2989826219401473 0.20032867654601227 0.33595191588577433 0.32676378178674 0.29675315096166666 0.1835264198017412 0.14419577627675298 0.12521983858574218 0.1196996218900122 -9999 0.08941117061743567 0.21874043652178987 0.16514839165320716 0.1920552268339695 0.2333816925464732 0.2395213826516055 0.20880379479073732 -9999 -9999
-9999 -9999 -9999 -9999 -9999 -9999 -9999 -9999 -9999 -9999 -9999 -9999 -9999 -9999 -9999 -9999 -9999 -9999 -9999 -9999 -9999 0.6184125638063275 0.6096183121854076 0.6260136223469887 0.5570801262808301 0.7230755277284975 0.4467232238582421 0.2856284823110212 0.17437564725785926 0.4359781178046338 0.31831491597458816 0.2847098860649369 0.06654161858594397 0.149742932407585 0.2620587426085552 0.1267954137760649 0.17702669029026116 0.1736758206839097 0.13953299129789665 0.12387259192517808 0.12929381111301447 0.1477243108067986 0.18012743303965167 0.10601286468704632 0.14063471405308384 0.14735990593434029 0.1554938686499468 0.17929135775592125 0.18779917010577474 -9999 -9999 -9999
-9999 -9999 -9999 -9999 -9999 -9999 -9999 -9999 -9999 -9999 -9999 -9999 -9999 -9999 -9999 -9999 -9999 -9999 -9999 0.6035223675997698 0.39936751449348784 0.3376442073378104 0.3754093779734037 0.5406022593686781 0.5740443618898683 0.6793971675959085 0.5061495955718045 0.41816409854739145 0.4426322926199002 0.37054398615300266 0.281270868157783 0.2329748969124904 0.22159430359473173 0.2727500337151593 0.2567379568117356 0.13571647006354587 0.2042775428775222 0.16415179342243566 0.12738631824492064 0.12587654948925664 0.15072327570517344 0.1770516191359333 0.221820305267402 0.2383601818581417 0.15411601467939173 0.2431262227474207 0.23985015581506464 0.2035198009338252 0.14233664550561625 0.15059606983540308 0.2596940419895417 -9999
-9999 -9999 -9999 -9999 -9999 -9999 -9999 -9999 -9999 -9999 -9999 -9999 -9999 -9999 -9999 -9999 -9999 -9999 0.4605134356243463 0.3750839856809226 0.15452289795835455 0.26658064260123626 0.4023596956432397 0.4640709345236471 0.33217474925130125 0.4225426987238435 0.4820136088218494 0.4996621641991406 0.4298216419536775 0.3454710427629211 0.2724959162786977 0.19211463357442585 0.19678940600975525 0.2256836599080459 0.2270763609525369 0.2143752034952282 0.23312357354217195 0.2425536846389361 0.2350938079557259 0.22574154591988474 0.225552145576916 0.2598362764016908 0.2607661845130905 0.2554165722807471 0.2828098482236344 0.3033975886137393 0.3049846026877609 0.273522718311741 0.33713571832044953 0.3454461063162902 0.36049914362911495 -9999
-9999 -9999 -9999 -9999 -9999 -9999 -9999 -9999 -9999 -9999 -9999 -9999 -9999 -9999 -9999 -9999 -9999 0.6088263511064371 0.4760880024020981 0.4549949551980746 0.4044567337250096 0.3935388566942347 0.4434857913427157 0.3898260445143561 0.35845887623527345 0.42884592263719257 0.45685042838679796 0.3733688785649177 0.32986309313008844 0.2545265623557128 0.1905915647684152 0.18903053429444555 0.1875847586225208 0.23834696599077365 0.23739665014015676 0.2810140933146403 0.3005187539240061 0.32172175375846424 0.3144711112166043 0.3232663724670602 0.2287023180084549 0.2398626114007117 0.35451981744554784 0.3143056123982684 0.3088324102351885 0.3010641691139258 0.32312513165251383 0.3235418398334462 0.3947265320961634 0.4202454577431605 -9999 -9999
-9999 -9999 -9999 -9999 -9999 -9999 -9999 -9999 -9999 -9999 -9999 -9999 -9999 0.7312788610712269 0.661000964948167 0.6699656008825199 0.5832897238938873 0.4462520455947192 0.4086277077068694 0.3100076801326297 0.3212509389155347 0.4061061966559948 0.4524394448417459 0.5127689719686043 0.4054150882908143 0.3183693203299382 0.4046511015771821 0.3295232319215485 0.29891242801188 0.2514710601858513 0.1936611281223776 0.19495136689255327 0.2604783407309825 0.2555869025050129 0.2975467495696675 0.3608789380042457 0.3189263543280655 0.3064818032990823 0.3181006691623426 0.35267768831318297 0.37743452832792057 0.3645550611589929 0.3579933725148621 0.3261071496291784 0.2842963609674313 0.21748140248805486 0.1936646322451468 0.21748736065372445 0.3109766631258631 0.2406312530360207 0.2666618674359041 -9999
-9999 -9999 -9999 -9999 -9999 -9999 -9999 -9999 -9999 -9999 -9999 -9999 -9999 0.6420702506198155 0.663230380172702 0.6439265656955251 0.6976561612585187 0.5109822444181541 0.4795541428122504 0.4232058375103742 0.6038657107600627 0.5012809605337891 0.5014284939271503 0.6244329302877183 0.4673587501571839 0.3489442882301028 0.2975234088499326 0.2987778351158624 0.27455182563223224 0.20882783580527206 0.19672393419087494 0.2203285079849804 0.23618952406652144 0.3203425308733467 0.3537968164401317 0.3696490959023144 0.3877705061890777 0.3606501996786319 0.321462103045687 0.3530082057830839 0.35948312995237075 0.3621466818475904 0.3766663069008003 0.2797554651570364 0.12862054697760886 0.28359336099869503 0.25034377390616586 0.2998162387181287 0.2929214104420912 0.2984226061175578 0.30680755311314345 0.3936445622575424
-9999 -9999 -9999 -9999 -9999 -9999 -9999 -9999 -9999 -9999 -9999 -9999 -9999 0.6412381132006151 0.6106718555565862 0.5872236374313899 0.5846803606262856 0.6145327318267267 0.4917538950505093 0.5565015415888975 0.5177001280265705 0.5717080426725575 0.5833771435248247 0.6190309595787298 0.4998777699924564 0.3627896688825267 0.2808750083112659 0.2635860409064654 0.2310408477515355 0.2258087176583715 0.2052264026371136 0.1937922917382186 0.2722195317232303 0.3088512874845261 0.2828453587013058 0.33960124553168114 0.3471773665537301 0.3603812206632225 0.36431297198049467 0.3715507677004451 0.39221270230532257 0.4056005937537117 0.4044576353341639 0.31830742769117265 -9999 -9999 -9999 -9999 -9999 -9999 -9999 -9999
-9999 -9999 -9999 -9999 -9999 -9999 -9999 -9999 -9999 -9999 -9999 -9999 -9999 0.5781214450431363 0.5001859183983074 0.5190562930852243 0.5228582195486722 0.4936429081199593 0.5697710086717431 0.5502370838188371 0.5432062144905216 0.5566594392937472 0.5467886082500444 0.5377106717344237 0.4733325506109498 0.4132912268582877 0.31497854524920155 0.3034902385975553 0.3085308948134595 0.26253541174923034 0.24761342937765385 0.22482591329718135 0.2734070238933169 0.3152553187518646 0.30173239403589674 0.275377314282198 0.3493533936720673 0.35162329507001555 0.3252201328157889 0.2982983983967221 0.3892454792751344 -9999 -9999 -9999 -9999 -9999 -9999 -9999 -9999 -9999 -9999 -9999
-9999 -9999 -9999 -9999 -9999 -9999 -9999 -9999 -9999 -9999 -9999 -9999 0.4746148888795882 0.4499475257203813 0.4822315104034853 0.6199618116631855 0.7158931500120055 0.5452380441411389 0.5589764379296194 0.5450988740178553 0.5009800689941216 0.4590952369383868 0.4606012525261585 0.44874104741961135 0.4860811044253427 0.4282255733624653 0.3064052651938245 0.2992134681331657 0.29493856213145986 0.24407895583908354 0.2352898289357379 0.25707639124295023 0.2884290978730848 0.30682685753051264 0.3123984474761595 0.31430844977975314 0.29754548424047705 0.2822173269578948 0.2689164044854225 0.29613006660868624 0.2819196271989484 -9999 -9999 -9999 -9999 -9999 -9999 -9999 -9999 -9999 -9999 -9999
-9999 -9999 -9999 -9999 -9999 -9999 -9999 -9999 -9999 -9999 -9999 0.5869234727578514 0.5243961699418076 0.4880794013062811 0.4863780688764359 0.6474272910524584 0.7043256376592356 0.5579961240223703 0.5264576514721093 0.5149724469163615 0.4343409201697146 0.38159487106648415 0.4031217003332467 0.4539844482124169 0.4416930569837477 0.41593680507521 0.3002265521461023 0.2901353129821853 0.2969941660112965 0.276805972849302 0.27400091335907273 0.2828334422892361 0.2953307738087353 0.30081273316416857 0.2882473441024782 0.3608192107483185 0.28439508031365235 0.2668388957089336 0.3319194728964029 0.2470735939220531 -9999 -9999 -9999 -9999 -9999 -9999 -9999 -9999 -9999 -9999 -9999 -9999
-9999 -9999 -9999 -9999 -9999 -9999 -9999 -9999 -9999 -9999 0.6691575270228765 0.5181571992539488 0.5327655772093041 0.5353832981511899 0.539970907880787 0.6080825315454026 0.5951477676263609 0.5294801647471791 0.5343342275309435 0.4353147891566733 0.3491349035164653 0.4429816424189954 0.4681078783909392 0.5023604660760241 0.35470499639024416 0.3013347936895942 0.2545613305324508 0.2761789036861878 0.3142640082266354 0.2983362008069208 0.284392908620796 0.3007166936104481 0.3028561206427327 0.3241421237582086 0.3103817366300001 0.3048768135119919 0.3117317290783617 0.2931281919775732 0.29865841909770074 -9999 -9999 -9999 -9999 -9999 -9999 -9999 -9999 -9999 -9999 -9999 -9999 -9999
-9999 -9999 -9999 -9999 -9999 -9999 -9999 -9999 -9999 -9999 -9999 -9999 0.4397066445241388 0.4855703904070738 0.5619487587882306 0.5943071681861734 0.5166553746403402 0.4913151027326387 0.462664247406892 0.4113355067647096 0.40015831304235133 0.4783622028460463 0.4877739248670418 0.4805611553479754 0.37584726231083776 0.3081473243436457 0.2583271490363417 0.2701005132366461 0.29112642618455986 0.3017048208680813 0.29490326754825225 0.2995256151149217 0.3087027898598268 0.2603824597050054 0.24396659340512794 0.2605194353410892 0.2832400700912693 0.3094330586433213 0.3145235665851618 0.3312867511688373 -9999 -9999 -9999 -9999 -9999 -9999 -9999 -9999 -9999 -9999 -9999 -9999
-9999 -9999 -9999 -9999 -9999 -9999 -9999 -9999 -9999 -9999 -9999 0.4411704316634431 0.5303083520382013 0.4434377202800277 0.4331582906672393 0.45345574487653495 0.4609188229924308 0.3986433739055519 0.41217232174514856 0.4293808534750288 0.4368860849334037 0.4357631506295093 0.4264572920388072 0.4501777398275199 0.3894470837159055 0.36513975571387536 0.3378525140691621 0.2813704728659936 0.29392118574682025 0.3013269253420404 0.3121437949038787 0.29709644106874666 0.2607038346165649 0.2439531528227626 0.2338697839636269 0.2237454408860755 0.2417187072531387 0.28992989989953205 0.3107932785849625 -9999 -9999 -9999 -9999 -9999 -9999 -9999 -9999 -9999 -9999 -9999 -9999 -9999
-9999 -9999 -9999 -9999 -9999 0.6338440730163832 0.5705063665744479 0.5051549077418938 0.4952400990642849 0.42547595457573817 0.4510712347179888 0.5373080272623508 0.5226451639401446 0.4575509154920681 0.4162034447168692 0.2963208760685005 0.3961531524459935 0.35154807142682776 0.4445533519734079 0.4276124011230901 0.4496102655396188 0.4370250338784911 0.4181145127157435 0.4255447890808997 0.3972060641802188 0.39249345339749175 0.3661366402875114 0.3165884408814146 0.32735172704565635 0.34045460125282345 0.34635376346863894 0.3234398789854361 0.2910855829638839 0.2612373098545444 0.2548067681551249 0.2590199188547682 0.24652674303845745 0.23559627050554105 -9999 -9999 -9999 -9999 -9999 -9999 -9999 -9999 -9999 -9999 -9999 -9999 -9999 -9999
-9999 -9999 -9999 -9999 0.4326874136130503 0.4028465074123494 0.3994786594800676 0.3430921840670701 0.3986938803895149 0.4297343765203932 0.4307255944742629 0.437524611608909 0.5006401377409206 0.5044000487839221 0.4816025913483506 0.4178362665360004 0.4478609505500527 0.414236803601624 0.4170653844381843 0.4031452375331418 0.37480810660610864 0.3847230073513041 0.43292339016946857 0.40582774996377297 0.3781951141344837 0.3801509150949397 0.3858695003349336 0.39327501827721534 0.3898354197658256 0.3879717611581652 0.3356961769176927 0.2229236532388 0.22366622372932693 0.2508325558992533 0.2551906645223453 -9999 -9999 -9999 -9999 -9999 -9999 -9999 -9999 -9999 -9999 -9999 -9999 -9999 -9999 -9999 -9999 -9999
-9999 -9999 -9999 0.6528818489996855 0.5963784635384872 0.2962810681410252 0.2844493933902378 0.4208690813819981 0.41345536508526703 0.4562755951203432 0.5068195671080533 0.556800846898344 0.5684602579347541 0.5161151194128066 0.4753630627386726 0.5221879857665349 0.5391183703419484 0.452274716565149 0.4204029581989319 0.3987722073067611 0.3665359926463369 0.3400245005010796 0.3918511473356391 0.4009080210731584 0.4054052689695482 0.3937824115223744 0.4540890573273705 0.43673038816723897 0.4197681997217645 0.4501549066995437 0.4016054004081708 -9999 -9999 -9999 -9999 -9999 -9999 -9999 -9999 -9999 -9999 -9999 -9999 -9999 -9999 -9999 -9999 -9999 -9999 -9999 -9999 -9999
-9999 -9999 -9999 0.5858121529824729 0.6489124623725919 0.4044886165826943 0.3842412929966754 0.2111373539896124 0.19513130816343408 0.3669060431276901 0.4177656377251968 0.5022503821559214 0.4874922932865981 0.4899319504030662 0.481802171642735 0.5131780543377236 0.5384538712962745 0.4903262415190136 0.4125871154990763 0.3972838196313265 0.4095735273656485 0.4396928414657533 0.4259989713066531 0.4100483626338975 0.3937679927561317 0.4166343709140034 0.4557023551832609 0.4342379864400369 0.4255186871527511 -9999 -9999 -9999 -9999 -9999 -9999 -9999 -9999 -9999 -9999 -9999 -9999 -9999 -9999 -9999 -9999 -9999 -9999 -9999 -9999 -9999 -9999 -9999
-9999 -9999 -9999 0.620578496564545 0.3785099444691717 0.4145909103208245 0.3558228876916107 0.3414430833817201 0.3735526662805293 0.3757323241669862 0.3897765710595063 0.4802037903944762 0.5021617302113954 0.467513352004516 0.4835623408053756 0.4451068397255783 0.4658104395667458 0.5160986365851004 0.4710527271091136 0.4783012002489779 0.4891018156218289 0.4795848119046895 0.4759742696680198 0.4438612577414909 0.44352382387010464 0.4396522471582008 0.4244928011909255 0.4602329781928227 -9999 -9999 -9999 -9999 -9999 -9999 -9999 -9999 -9999 -9999 -9999 -9999 -9999 -9999 -9999 -9999 -9999 -9999 -9999 -9999 -9999 -9999 -9999 -9999
-9999 -9999 -9999 0.6260320862071824 0.5032231352104333 0.4705125182425772 0.4303171977471353 0.44578134687396587 0.3685925874867872 0.404919347912464 0.4191575760196402 0.42068619195211976 0.482983554637893 0.5057863166017226 0.4744153828025024 0.4618031979229274 0.4917835815075022 0.5308180388427871 0.4938315125887978 0.5053045794926431 0.5405894757385801 0.4836932659331313 0.4359420310001512 0.3932386445167314 0.39075530067659 0.3835193921729946 0.4114742803587911 -9999 -9999 -9999 -9999 -9999 -9999 -9999 -9999 -9999 -9999 -9999 -9999 -9999 -9999 -9999 -9999 -9999 -9999 -9999 -9999 -9999 -9999 -9999 -9999 -9999
-9999 -9999 -9999 -9999 0.490045347820624 0.32026004711919503 0.2939155742187909 0.3814353913604493 0.35001829058085465 0.41466578605231663 0.3577602500858935 0.3902726346433586 0.3998744360781072 0.4533300160320541 0.4627108267386347 0.45948827354721 0.4650625054224174 0.5143185852950002 0.5415663156300596 0.5308240024294784 0.5002283344198122 0.42086668767394064 0.3720385662810859 0.3407955801864461 -9999 -9999 -9999 -9999 -9999 -9999 -9999 -9999 -9999 -9999 -9999 -9999 -9999 -9999 -9999 -9999 -9999 -9999 -9999 -9999 -9999 -9999 -9999 -9999 -9999 -9999 -9999 -9999
-9999 -9999 -9999 -9999 0.4776359709262028 0.3796279560801616 0.4046618833508162 0.3183638845212394 0.28423077069274405 0.35839099583671274 0.4118535342733231 0.44468424375817295 0.4146306338741711 0.4562183625257295 0.5112231145230581 0.5596462562821221 0.5631296829173644 0.534963396883873 0.5408804618935783 0.4901892808627821 0.4416454249716962 0.3783097673029099 0.35969600137410385 0.3554239361737679 0.3867708438154567 -9999 -9999 -9999 -9999 -9999 -9999 -9999 -9999 -9999 -9999 -9999 -9999 -9999 -9999 -9999 -9999 -9999 -9999 -9999 -9999 -9999 -9999 -9999 -9999 -9999 -9999 -9999
-9999 -9999 -9999 -9999 0.3227464613747898 0.4360961863637032 0.4004570702737932 0.3170202904903216 0.2965895114981337 0.3660167247889377 0.4433988665841687 0.4468652331635319 0.4782649584022986 0.5154236186156708 0.5524234199469544 0.6086509889165098 0.6019956945767442 0.5386569494391604 0.519934939575602 0.4905210872941526 0.4399309917789993 0.39560664400003065 0.3890847246494105 0.3916997030171924 -9999 -9999 -9999 -9999 -9999 -9999 -9999 -9999 -9999 -9999 -9999 -9999 -9999 -9999 -9999 -9999 -9999 -9999 -9999 -9999 -9999 -9999 -9999 -9999 -9999 -9999 -9999 -9999
