metrics/grid_rasters/SMAP L4/grideval_SMAP L4_X_winter_2018_absolute_bias.asc
ncols 52
nrows 55
xllcorner     11.25
yllcorner     55.25
cellsize      0.25
NODATA_value  -9999
[rows 0 to 26 of 55, columns 0 to 51 of 52]
-9999 -9999 -9999 -9999 -9999 -9999 -9999 -9999 -9999 -9999 -9999 -9999 -9999 -9999 -9999 -9999 -9999 -9999 -9999 -9999 -9999 -9999 -9999 -9999 -9999 -9999 -9999 -9999 -9999 -9999 -9999 -9999 -9999 -9999 -9999 -9999 -0.003897868717710196 -0.03359334762725569 -0.08520596749666665 -9999 -9999 -9999 -9999 -9999 -9999 -9999 -9999 -9999 -9999 -9999 -9999 -9999
-9999 -9999 -9999 -9999 -9999 -9999 -9999 -9999 -9999 -9999 -9999 -9999 -9999 -9999 -9999 -9999 -9999 -9999 -9999 -9999 -9999 -9999 -9999 -9999 -9999 -9999 -9999 -9999 -9999 -9999 -9999 -9999 -9999 -9999 -9999 -9999 0.0048425601588355524 -0.016308128999339255 -0.02057591279347737 -0.04723997244404421 -0.11106234343929422 -0.10290335832784572 -9999 -9999 -9999 -9999 -9999 -9999 -9999 -9999 -9999 -9999
-9999 -9999 -9999 -9999 -9999 -9999 -9999 -9999 -9999 -9999 -9999 -9999 -9999 -9999 -9999 -9999 -9999 -9999 -9999 -9999 -9999 -9999 -9999 -9999 -9999 -9999 -9999 -0.0240367884023322 -0.047677856187025684 -0.07163762777215904 -0.09164201913194524 -0.08009753202398617 -0.07891035835362145 -0.04720085714426303 -9999 -0.034198249069352926 -0.013842289439505995 -0.02714973832998013 -0.08506360749403638 -0.09770061580671204 -0.09745237595505184 -0.09487310906665193 -0.0975276710672511 -0.09180473807371324 -0.09521565021326148 -0.09279367907179728 -9999 -9999 -9999 -9999 -9999 -9999
-9999 -9999 -9999 -9999 -9999 -9999 -9999 -9999 -9999 -9999 -9999 -9999 -9999 -9999 -9999 -9999 -9999 -9999 -9999 -9999 -9999 -9999 -9999 -9999 -9999 -9999 -9999 -0.0207396928220987 -0.020027972302503083 -0.0130716668648852 -0.0005661260336637941 -0.004066325310203789 -0.05332137077218957 -0.09280058975434964 -0.07717080646091037 -0.06922141905460091 -0.06746677961200476 -0.07829819464435181 -0.08973968509170746 -0.09977647858775324 -0.09485567241079276 -0.09324612323608666 -0.09756508941451712 -0.10160485975858237 -0.08795747264391847 -0.09865404001126687 -0.09542511480136047 -0.0938442550599575 -9999 -9999 -9999 -9999
-9999 -9999 -9999 -9999 -9999 -9999 -9999 -9999 -9999 -9999 -9999 -9999 -9999 -9999 -9999 -9999 -9999 -9999 -9999 -9999 -9999 -9999 -0.02599360172947246 -0.037335773722993015 -0.029044783943229287 -0.053990481918056776 -0.026113032591011776 -0.018601499001185073 -0.013843593456678904 -0.005609476317961992 0.0023858341491884705 -0.05128617290821341 -0.042501527008910966 -0.0918134688503212 -0.07373099426428475 -0.05546452479643954 -0.07583214841369126 -0.07978167943656445 -0.08400756331781548 -0.0913259867164824 -0.09229775617520014 -0.0903423338300652 -0.09319086828165583 -0.10045717867712177 -0.10650081572433316 -0.11661537856691412 -0.10870082386665876 -0.11034490356428757 -0.11050631126595868 -9999 -9999 -9999
-9999 -9999 -9999 -9999 -9999 -9999 -9999 -9999 -9999 -9999 -9999 -9999 -9999 -9999 -9999 -9999 -9999 -9999 -9999 -9999 -9999 -0.03883684534165599 -0.03234641808602545 -0.014960477376977588 -0.017616288488109918 -0.028189459815621376 -0.0369013283815649 -0.008040639675325811 -0.00619540057248541 -0.004983011964294626 -0.027154298540618682 -0.05538479636112853 -0.05553660790125528 -0.09577301633026863 -0.08228498966329631 -0.07086850855913429 -0.08423900618735286 -0.08390259117715887 -0.09008160043093894 -0.10577577998240792 -0.09821704723354843 -0.09436671177132264 -0.10152555838641196 -0.10608863077229924 -0.1122445659711957 -0.11596406650625996 -0.0967540053029855 -0.10839165345662168 -0.10759029516743288 -9999 -9999 -9999
-9999 -9999 -9999 -9999 -9999 -9999 -9999 -9999 -9999 -9999 -9999 -9999 -9999 -9999 -9999 -9999 -9999 -9999 -9999 -9999 -0.021197563409805283 -0.007088239573770083 -0.02241455858780278 -0.011997282049722113 -0.01772275504966575 -0.004676697237624039 -0.0034109556840525856 -0.02355482305089629 -0.02294481611914106 -0.039278259956174455 -0.06984437137014338 -0.10603147910700902 -0.10321763726986112 -0.0957864022710257 -0.42379724757952825 -0.08714369560281435 -0.08961020130664113 -0.0949362128145165 -0.10981452721688484 -0.10983956636240083 -0.10878837172769837 -0.10834835707727404 -0.4934255047183898 -0.4940285014816457 -0.11350098777976304 -0.4880625066450901 -0.4857152590114209 -0.4848244955970181 -0.4860121705672808 -0.4878536288729972 -9999 -9999
-9999 -9999 -9999 -9999 -9999 -9999 -9999 -9999 -9999 -9999 -9999 -9999 -9999 -9999 -9999 -9999 -9999 -9999 -9999 -9999 -9999 -0.023873032753666257 -0.02348258627785577 -0.008245552538169776 -0.009555016416642416 -0.012850826068056986 -0.03235985069639158 -0.08394965695010292 -0.13478130389832788 -0.10265223946836263 -0.0464983955439594 -0.1047499820176098 -0.11517559910813968 -0.10013678742365703 -0.0977177278449138 -0.4738515883063277 -0.10345265343785284 -0.10715821594413782 -0.11395448123415312 -0.11329066515382792 -0.11310316398739816 -0.11388921897030538 -0.11311233080923555 -0.4957924202084541 -0.4921561599812574 -0.4856583213226663 -0.4819405781933003 -0.4854203498818808 -0.4866891575149364 -9999 -9999 -9999
-9999 -9999 -9999 -9999 -9999 -9999 -9999 -9999 -9999 -9999 -9999 -9999 -9999 -9999 -9999 -9999 -9999 -9999 -9999 -0.011312117262019028 -0.010436892261107776 -0.018680350523855967 -0.02861478539804618 -0.036462973554929064 -0.06496735993358821 -0.14646428550283114 -0.14295836662252742 -0.13810037521438465 -0.12726108222785926 -0.12305161216192773 -0.11994223300781512 -0.11880901844965087 -0.11669405951268146 -0.10116895592461027 -0.09998389962646698 -0.4825185151149829 -0.10801327727321122 -0.11507249451759788 -0.11678036633465025 -0.11741624023351405 -0.1122203152419792 -0.11530434847291972 -0.1110451400279999 -0.11151240387310583 -0.4910347960889339 -0.10694851786312128 -0.10376882089508904 -0.11089254398312834 -0.4884562070998881 -0.4881735309544537 -0.10972161963582043 -9999
-9999 -9999 -9999 -9999 -9999 -9999 -9999 -9999 -9999 -9999 -9999 -9999 -9999 -9999 -9999 -9999 -9999 -9999 -0.0050531815737485655 -0.0036119410147269493 -0.016691050761275802 -0.03904014966554109 -0.10225848172687824 -0.13727176156308912 -0.1360959198946754 -0.13437919463548392 -0.1199136099881596 -0.0998993412901958 -0.09557061776932743 -0.1134083163821035 -0.1040438425623708 -0.10304350399722656 -0.10369874698420367 -0.10499397615591682 -0.10867620553407406 -0.11333830429034104 -0.11388019484778247 -0.11108155132581787 -0.10882347656620872 -0.11124068333042994 -0.1125715613158213 -0.11289395412637128 -0.11363893809417885 -0.11136132855382233 -0.11068423433850212 -0.10580427611453663 -0.10871704326321682 -0.11190237104892732 -0.103256185270018 -0.10405545762429637 -0.10330713347842294 -9999
-9999 -9999 -9999 -9999 -9999 -9999 -9999 -9999 -9999 -9999 -9999 -9999 -9999 -9999 -9999 -9999 -9999 -0.009000982675287483 -0.02040239228970475 -0.09979887354291143 -0.116102353669703 -0.11804391803840796 -0.11548287365585568 -0.12770523089501593 -0.12206238951120113 -0.12117989680005445 -0.11132919262680746 -0.1187881419642104 -0.11890265008227692 -0.10779707135839596 -0.10137190822925836 -0.10028801897747652 -0.1049774455941386 -0.10775418910715312 -0.11181132584396336 -0.1136743627695574 -0.11041363078273006 -0.10750155771772067 -0.10893873777240512 -0.1104589190127121 -0.4919489131205612 -0.4887410506606102 -0.10770804039720032 -0.10958126799927816 -0.10613472120215496 -0.1051134963830312 -0.10860574201991163 -0.11115063269519146 -0.1051835378424989 -0.1056029404410058 -9999 -9999
-9999 -9999 -9999 -9999 -9999 -9999 -9999 -9999 -9999 -9999 -9999 -9999 -9999 -0.03350368121431935 -0.022935680548350046 -0.011438450300031213 -0.010299346554610456 -0.010246658201019 -0.011497624880737745 -0.015044292476442124 -0.04726363809572326 -0.09339443937771848 -0.11353858237465225 -0.10530840090165536 -0.11143716900712916 -0.09681152929034499 -0.10703371872918474 -0.1138662773080998 -0.1151783199980855 -0.1085403313446376 -0.1057262961028351 -0.10488777326212988 -0.09956648693316514 -0.1111036077969604 -0.10944350616385544 -0.10189370566772088 -0.10684556304994558 -0.10566995392243067 -0.10442775388558706 -0.09699374091708 -0.09683891259547736 -0.0988120772979326 -0.10291844883726704 -0.10723193966680104 -0.1111160276250707 -0.4906403319082326 -0.4883133004109065 -0.4869881122269565 -0.11476853187713355 -0.4908819042146205 -0.4827560276206997 -9999
-9999 -9999 -9999 -9999 -9999 -9999 -9999 -9999 -9999 -9999 -9999 -9999 -9999 -0.01657368495232525 -0.024630400952365628 -0.08261173855927256 -0.13196028135716914 -0.12547760227074226 -0.10817654459840724 -0.0581020885664556 -0.11653969708002275 -0.1217017714968986 -0.11537116600407495 -0.09276446019195847 -0.10084355587346687 -0.1090026307437155 -0.10100579019635914 -0.11494975642611585 -0.11104957030879126 -0.11507550982965363 -0.11067638244065976 -0.10582463178369733 -0.10777722299098967 -0.10378377954992984 -0.10134573491911092 -0.10106283757421704 -0.09680054382317596 -0.09713783783631193 -0.09825135281102526 -0.09508159754590856 -0.09157096023360888 -0.09512429262200993 -0.0941770516956846 -0.0947189582304822 -0.4588663642398185 -0.10064290147274736 -0.1061255289034711 -0.10841945250415136 -0.11321948408666585 -0.11410750105149214 -0.10769878317498502 -0.06070025136901275
-9999 -9999 -9999 -9999 -9999 -9999 -9999 -9999 -9999 -9999 -9999 -9999 -9999 -0.022295606757203768 -0.10608356001062524 -0.12304220640410983 -0.11658236939046117 -0.1162333550552527 -0.12167907667656737 -0.11494937147945168 -0.08921329579833479 -0.10562799043125576 -0.10244577924410504 -0.09817735683172944 -0.10292326354732116 -0.11153126652869913 -0.10999371603959136 -0.10181656763371492 -0.10600108212480944 -0.11273869584418005 -0.11059474007536968 -0.11239695764250224 -0.10534594065199296 -0.10583512126985524 -0.11005821128686273 -0.10431000031530854 -0.1025990656059649 -0.10268253398438293 -0.09771596480988792 -0.09102143098910648 -0.08765468632595408 -0.08324672031319807 -0.08959464190734756 -0.09810188458197648 -9999 -9999 -9999 -9999 -9999 -9999 -9999 -9999
-9999 -9999 -9999 -9999 -9999 -9999 -9999 -9999 -9999 -9999 -9999 -9999 -9999 -0.0967515988068448 -0.11017449587169616 -0.1143577941175964 -0.09926703284598062 -0.10874240626063614 -0.11583976925661167 -0.10957014078481328 -0.1055739344201154 -0.09909983086917136 -0.09791634596056406 -0.09966964022152952 -0.10475799867676366 -0.10263494013084308 -0.10258460628489653 -0.10112635319431626 -0.10151606665717232 -0.10563357052289776 -0.1047335499897599 -0.10704682661841317 -0.10209569920682246 -0.1014107059273455 -0.10122252710991436 -0.10430000904533597 -0.09734897536949977 -0.1005834172790249 -0.09886395583550137 -0.09601120942582687 0.014587427158322591 -9999 -9999 -9999 -9999 -9999 -9999 -9999 -9999 -9999 -9999 -9999
-9999 -9999 -9999 -9999 -9999 -9999 -9999 -9999 -9999 -9999 -9999 -9999 -0.018903192256887743 -0.08861275431182647 -0.09041997877260052 -0.09804929000222024 -0.08828757465299633 -0.12132559313128392 -0.11498130973842408 -0.10945743711458313 -0.10534302257001403 -0.0966313182065884 -0.09459630004647708 -0.09365256790899568 -0.09196203932580024 -0.09423162837823232 -0.09696651566773656 -0.09328486493064302 -0.09406764968815776 -0.09756250013079906 -0.09824692021227546 -0.0945073072074188 -0.09084408156987694 -0.09091200052450102 -0.0947127349467741 -0.09388022977444864 -0.09127155024972228 -0.0950405568298366 -0.10028575782974564 -0.08887552000168297 -0.0933057501498196 -9999 -9999 -9999 -9999 -9999 -9999 -9999 -9999 -9999 -9999 -9999
-9999 -9999 -9999 -9999 -9999 -9999 -9999 -9999 -9999 -9999 -9999 -0.1205076392946972 -0.08659365868402852 -0.06684264913201332 -0.05836327154603271 -0.10415254678163263 -0.08943270554559096 -0.11211308067043624 -0.11644149969021478 -0.10989653871705136 -0.10392273583759867 -0.09815418411874108 -0.09339361360503567 -0.0650756078047885 -0.09571733603046996 -0.0935902650364571 -0.09351199341730937 -0.08857154554376998 -0.0914422370079491 -0.09185041764544116 -0.09235294928981196 -0.09281735351930064 -0.08509533881313269 -0.08719158458213011 -0.09183515287521812 -0.08772189213583864 -0.0970054028969672 -0.09797464213851424 -0.09017870095041064 -0.09376962780952457 -9999 -9999 -9999 -9999 -9999 -9999 -9999 -9999 -9999 -9999 -9999 -9999
-9999 -9999 -9999 -9999 -9999 -9999 -9999 -9999 -9999 -9999 -0.0982810165319178 -0.1203681698689858 -0.12028846606198287 -0.11517545920279287 -0.1157228564429614 -0.1070919300739964 -0.10730220062865152 -0.1160867911660009 -0.10703557607614332 -0.08713821373465991 -0.11062370321402948 -0.09735401868820193 -0.09479958634409638 -0.09635379415833288 -0.10641234788215824 -0.10514472849253152 -0.10417253472324876 -0.09359689586692384 -0.08667737154497038 -0.0871728566164772 -0.08927151800857648 -0.08585694192184343 -0.08792139099289972 -0.0930830711291896 -0.09618874726196128 -0.09740183518992533 -0.09172674872808986 -0.0907635518039266 -0.09056924987170432 -9999 -9999 -9999 -9999 -9999 -9999 -9999 -9999 -9999 -9999 -9999 -9999 -9999
-9999 -9999 -9999 -9999 -9999 -9999 -9999 -9999 -9999 -9999 -9999 -9999 -0.04893198853565589 -0.10844712710628908 -0.09695942112141184 -0.10245004308720428 -0.10865543410182002 -0.11080852121942576 -0.10848103600243728 -0.1076537581574586 -0.08180511370301248 -0.09456113067766032 -0.09209689613845616 -0.09482412164409956 -0.10103714861389664 -0.10081265378329488 -0.09935187867118253 -0.09438576464437776 -0.0919298664563232 -0.09140518189718327 -0.08672479670494795 -0.08717125616967678 -0.08356416440672346 -0.09271105229854587 -0.09446704464240208 -0.09672059073216384 -0.09029563791635964 -0.08615504170043603 -0.08904767731825514 -0.09012350477278236 -9999 -9999 -9999 -9999 -9999 -9999 -9999 -9999 -9999 -9999 -9999 -9999
-9999 -9999 -9999 -9999 -9999 -9999 -9999 -9999 -9999 -9999 -9999 -0.054206044640805966 -0.07900368803077272 -0.061012149767743225 -0.10158661055482096 -0.09274099483672113 -0.09437352013256817 -0.10050569393982486 -0.09521723356511856 -0.09348354540351364 -0.09100931541373332 -0.08739867458740869 -0.08482980680548485 -0.08202002127137448 -0.08523335568606855 -0.08648980235060053 -0.0843947392164005 -0.08890291038486695 -0.087831890458862 -0.08460532855242489 -0.08430811301287677 -0.08429317310866383 -0.08824980099582011 -0.09022134556952448 -0.09236447796639473 -0.09835039561407437 -0.10604036313792067 -0.10365439104951092 -0.10282958214067747 -9999 -9999 -9999 -9999 -9999 -9999 -9999 -9999 -9999 -9999 -9999 -9999 -9999
-9999 -9999 -9999 -9999 -9999 -0.04040621870921718 -0.11413318957719534 -0.0693235917430785 -0.01908119055959917 -0.004772947687241791 0.003203540792067805 -0.09736434190223617 -0.09838974411702817 -0.09555508010089396 -0.09299745756304924 -0.4680402125956284 -0.08781060326016613 -0.0981304693139262 -0.08372542218615611 -0.08465796990527044 -0.08341750235607229 -0.07871972676366568 -0.08950037805156574 -0.07972054218666423 -0.08001825023028583 -0.07847398235980005 -0.08019416172885235 -0.08152913260791039 -0.0795998810480038 -0.07644299343228339 -0.07784398078090612 -0.07807389640559753 -0.08233460651503667 -0.084565069195297 -0.08499011159357095 -0.09232224304642944 -0.09512196785459914 -0.09269650638517407 -9999 -9999 -9999 -9999 -9999 -9999 -9999 -9999 -9999 -9999 -9999 -9999 -9999 -9999
-9999 -9999 -9999 -9999 -0.07188088012238347 -0.027466139362918033 0.0004418020447095605 -0.09887365791946648 -0.10011264311356677 -0.0937238224471609 -0.09553457020471492 -0.09524797536432744 -0.0813424613326788 -0.07309570714003508 -0.05274620439029404 -0.07846107822325492 -0.07318262493030891 -0.07355796169075704 -0.06771799628105428 -0.06912451301597887 -0.07205862512605057 -0.06548481293850475 -0.0625411845329735 -0.07081250862942799 -0.07365885190665725 -0.07582107101463609 -0.06974156755540106 -0.06752356069369447 -0.06935953872485295 -0.06673239568869274 -0.07040696837421917 -0.09906933584974877 -0.09529568387402433 -0.09278292579369413 -0.09142477953185636 -9999 -9999 -9999 -9999 -9999 -9999 -9999 -9999 -9999 -9999 -9999 -9999 -9999 -9999 -9999 -9999 -9999
-9999 -9999 -9999 0.12574665356013512 -0.058772020621432164 -0.1108384784311056 -0.0216271099530988 -0.07557030303610693 -0.07527920523037515 -0.07061768376992811 -0.060175888923307275 -0.057920796693199224 -0.04928531888872384 -0.05747286536627344 -0.06274793700625497 -0.059261616505682464 -0.06242639654212528 -0.06926530113236773 -0.07085333729369772 -0.06984013236231276 -0.06992594661811988 -0.06024482583420146 -0.05347860323058237 -0.05358818210661412 -0.06327981872277125 -0.06792196080916454 -0.0579348495437039 -0.061578213733931415 -0.060092133325007215 -0.06532302745100524 -0.0746389992121193 -9999 -9999 -9999 -9999 -9999 -9999 -9999 -9999 -9999 -9999 -9999 -9999 -9999 -9999 -9999 -9999 -9999 -9999 -9999 -9999 -9999
-9999 -9999 -9999 0.111662410489387 0.1453405634396606 -0.029658761910266337 -0.07149657749881344 -0.05156696550548079 0.0066022034320566405 -0.07065730614380705 -0.08023352260804842 -0.0658796776500013 -0.05163694605645205 -0.06717887719472251 -0.05919005597631138 -0.05666333323137629 -0.06136545267783936 -0.06500990982684826 -0.07044070420993698 -0.06248018766442934 -0.05875958895517719 -0.05143185187545088 -0.05182963609695432 -0.04977162627296314 -0.051562966944442866 -0.051595541834831234 -0.05032057629691228 -0.05650655389246015 -0.052818703134026784 -9999 -9999 -9999 -9999 -9999 -9999 -9999 -9999 -9999 -9999 -9999 -9999 -9999 -9999 -9999 -9999 -9999 -9999 -9999 -9999 -9999 -9999 -9999
-9999 -9999 -9999 0.07461241767224336 -0.0004377061294184581 0.016145352812276914 -0.003266955953505346 -0.07048298000461525 -0.06644755643275048 -0.04537957987437646 -0.06374168346325558 -0.06492296900186276 -0.06956490491413407 -0.06537715912693076 -0.05989039306425386 -0.0610344672161672 -0.05947596774333053 -0.059952289135091826 -0.06548956355286972 -0.05924247480514978 -0.05251997160828778 -0.04857403315189812 -0.05717949832065239 -0.05924517485416599 -0.052771180516315824 -0.04666340197953911 -0.04961951110098095 -0.07668800741020174 -9999 -9999 -9999 -9999 -9999 -9999 -9999 -9999 -9999 -9999 -9999 -9999 -9999 -9999 -9999 -9999 -9999 -9999 -9999 -9999 -9999 -9999 -9999 -9999
-9999 -9999 -9999 0.12855137456208468 0.021569713453451825 0.03385750874876975 0.044735519505209376 0.05763871425555811 0.01301402126749357 -0.06552134114834995 -0.06599450543936755 -0.09308290491915414 -0.0771005906164646 -0.06608940507802696 -0.06344112025366885 -0.06073671097142828 -0.05970727774418061 -0.0561330323624942 -0.06576135953267415 -0.05393595031152168 -0.05347587342063587 -0.05397483766492872 -0.05614747792068453 -0.05836926495863332 -0.05445250568704471 -0.05410469758013883 -0.05042292935152848 -9999 -9999 -9999 -9999 -9999 -9999 -9999 -9999 -9999 -9999 -9999 -9999 -9999 -9999 -9999 -9999 -9999 -9999 -9999 -9999 -9999 -9999 -9999 -9999 -9999
-9999 -9999 -9999 -9999 -0.021676892704433903 -0.09213398403177657 -0.09044397525075412 -0.08464112881984975 -0.09588729848878252 -0.0876290580878655 -0.09467513466046916 -0.07400243065009515 -0.09398250172121657 -0.07913644212401574 -0.06910394090745188 -0.06449613856772582 -0.06605802236331831 -0.0665958842676547 -0.06575757159541049 -0.057439328502449725 -0.04923923891037702 -0.0534671171878775 -0.057550653256475924 -0.05000618901103737 -9999 -9999 -9999 -9999 -9999 -9999 -9999 -9999 -9999 -9999 -9999 -9999 -9999 -9999 -9999 -9999 -9999 -9999 -9999 -9999 -9999 -9999 -9999 -9999 -9999 -9999 -9999 -9999
