metrics/grid_rasters/SMAP L4/grideval_SMAP L4_X_fall_2018_absolute_bias.asc
ncols 52
nrows 55
xllcorner     11.25
yllcorner     55.25
cellsize      0.25
NODATA_value  -9999
[rows 0 to 27 of 55, columns 0 to 51 of 52]
-9999 -9999 -9999 -9999 -9999 -9999 -9999 -9999 -9999 -9999 -9999 -9999 -9999 -9999 -9999 -9999 -9999 -9999 -9999 -9999 -9999 -9999 -9999 -9999 -9999 -9999 -9999 -9999 -9999 -9999 -9999 -9999 -9999 -9999 -9999 -9999 0.058207634631749 0.029064314808328107 -0.02305955298572454 -9999 -9999 -9999 -9999 -9999 -9999 -9999 -9999 -9999 -9999 -9999 -9999 -9999
-9999 -9999 -9999 -9999 -9999 -9999 -9999 -9999 -9999 -9999 -9999 -9999 -9999 -9999 -9999 -9999 -9999 -9999 -9999 -9999 -9999 -9999 -9999 -9999 -9999 -9999 -9999 -9999 -9999 -9999 -9999 -9999 -9999 -9999 -9999 -9999 0.07821307089793816 0.059644847432826886 0.05335784721914882 0.01571741663328896 -0.04971650613287648 -0.03642551056467569 -9999 -9999 -9999 -9999 -9999 -9999 -9999 -9999 -9999 -9999
-9999 -9999 -9999 -9999 -9999 -9999 -9999 -9999 -9999 -9999 -9999 -9999 -9999 -9999 -9999 -9999 -9999 -9999 -9999 -9999 -9999 -9999 -9999 -9999 -9999 -9999 -9999 0.03654515272477171 0.0018311547790910156 -0.027313387717355756 -0.04110535805287602 -0.0044887961594612955 0.006957908273561964 0.03502251637669712 -9999 0.04331254044158772 0.07478490654010694 0.0613694541606602 -0.010274107455388535 -0.03873510480663933 -0.03469384273329934 -0.024939800049741168 -0.025577769174680576 -0.0211164597012512 -0.025017568207049142 -0.025800799623459214 -9999 -9999 -9999 -9999 -9999 -9999
-9999 -9999 -9999 -9999 -9999 -9999 -9999 -9999 -9999 -9999 -9999 -9999 -9999 -9999 -9999 -9999 -9999 -9999 -9999 -9999 -9999 -9999 -9999 -9999 -9999 -9999 -9999 0.028518812546690756 0.026962842055401948 0.04703897225496534 0.07124596430950769 0.06747898795120011 0.0176140889934786 -0.009467312718158231 0.016382787765546192 0.02348977288456408 0.019112386218794075 0.0009957077084006838 -0.017913653054735138 -0.02534923708618997 -0.01686116866767406 -0.010565220204355965 -0.013059343160181258 -0.019220357617506567 -0.015725264755579116 -0.027340483882433764 -0.02463000699632117 -0.025436869382367 -9999 -9999 -9999 -9999
-9999 -9999 -9999 -9999 -9999 -9999 -9999 -9999 -9999 -9999 -9999 -9999 -9999 -9999 -9999 -9999 -9999 -9999 -9999 -9999 -9999 -9999 0.021851373160933385 0.02161975896784235 0.02570902048558976 -0.002532639919401502 0.026357731239481264 0.0262751905145226 0.027585170630897767 0.0455438548310117 0.07411350232067998 0.02418558719148345 0.037541680959063566 -0.0004239494983966363 0.015742709757862516 0.01664239849772431 -0.014271226291964369 -0.016469022607082884 -0.021144480454725226 -0.024106974007336638 -0.01773537928750224 -0.015746626941548575 -0.01632730398777421 -0.022704080893443168 -0.02785734664444084 -0.04045583551319748 -0.0353321243118454 -0.03754737725542795 -0.04162047240514677 -9999 -9999 -9999
-9999 -9999 -9999 -9999 -9999 -9999 -9999 -9999 -9999 -9999 -9999 -9999 -9999 -9999 -9999 -9999 -9999 -9999 -9999 -9999 -9999 0.012831412869822813 0.020357031252357997 0.030648187908169974 0.00830759955467758 0.013030672834797252 0.01734346585286839 0.03931032338148943 0.039948330352922064 0.051739669312815095 0.050419569117846064 0.024121854208655424 0.021510935869518192 -0.01202430975224292 0.0015928259753918985 -0.005665205091565539 -0.025054367320550663 -0.021085568591133586 -0.023166804932630958 -0.032462223647878714 -0.016181532682462085 -0.011190506046289905 -0.016589690306848204 -0.01956512543608202 -0.030870965978765263 -0.04109124775853129 -0.02559248026419475 -0.04048576523232589 -0.042814320383163566 -9999 -9999 -9999
-9999 -9999 -9999 -9999 -9999 -9999 -9999 -9999 -9999 -9999 -9999 -9999 -9999 -9999 -9999 -9999 -9999 -9999 -9999 -9999 0.01985579074084104 0.02574992924928665 0.023550436187248943 0.027814576177151662 0.023661200407442184 0.03308146610692303 0.03553968373235766 0.032251800809587734 0.03739104215260392 0.028999641947038912 0.011192086224372566 -0.027081638001478614 -0.01780303815318332 -0.005528960110885745 -0.3043893571574609 -0.029504093126608788 -0.031584512687973965 -0.03256695123982956 -0.03423096378753473 -0.028945288774403888 -0.025871874068628287 -0.0256437757513025 -0.4024288036379513 -0.4041412543751054 -0.04075545060274369 -0.4126092469995166 -0.4122354858810757 -0.4152413086535839 -0.41557123000313945 -0.4163118413557391 -9999 -9999
-9999 -9999 -9999 -9999 -9999 -9999 -9999 -9999 -9999 -9999 -9999 -9999 -9999 -9999 -9999 -9999 -9999 -9999 -9999 -9999 -9999 0.019427040284806518 0.016276899315826154 0.030176579501930145 0.03274501475331548 0.0251507905649615 0.019768814177631044 -0.015249347170958159 -0.044455343509440914 -0.0291220521206384 0.03133872308983249 -0.023576365660998855 -0.017828620417596253 -0.011314835583606908 -0.02551808707661679 -0.39595885507271184 -0.03560568304261663 -0.03663354139815972 -0.03532537854798545 -0.03197511121794416 -0.03192055493511342 -0.03303964978472873 -0.031741925709686425 -0.4062426692222828 -0.4077460550713343 -0.40922964194400624 -0.4045588547507157 -0.4139221767270631 -0.4099351237272169 -9999 -9999 -9999
-9999 -9999 -9999 -9999 -9999 -9999 -9999 -9999 -9999 -9999 -9999 -9999 -9999 -9999 -9999 -9999 -9999 -9999 -9999 0.032190459852035225 0.04316913062235811 0.036531311142575566 0.022059092687054027 0.015729324257635846 -0.0061279414528673795 -0.08991853774085151 -0.07787164345711145 -0.07061811608190721 -0.06402507913554761 -0.05908255569718701 -0.051696482595506583 -0.04610622244385569 -0.04053360665892503 -0.03837640996981456 -0.035416315647435685 -0.4048795282922604 -0.03919139397995813 -0.04126401188281864 -0.034455081488896235 -0.03577534217837747 -0.0314839636231517 -0.03744523532197372 -0.0362536985386204 -0.03697418272085898 -0.4105850775818248 -0.03412242037254379 -0.03072283513189017 -0.037658324792653665 -0.4074972993847761 -0.41025796864222697 -0.04326211622209997 -9999
-9999 -9999 -9999 -9999 -9999 -9999 -9999 -9999 -9999 -9999 -9999 -9999 -9999 -9999 -9999 -9999 -9999 -9999 0.044087294079772736 0.05083744453041111 0.056885272796664936 0.034383115982943864 -0.03196601229873336 -0.06482729436522655 -0.05339041348178303 -0.057322205197843874 -0.039681398606562335 -0.043352593207261085 -0.03763698278875144 -0.045542826446203055 -0.03690292520428096 -0.030410874982947863 -0.032401702970593804 -0.036153782588931205 -0.04313788047203651 -0.0478244789845341 -0.050674185259165366 -0.046209272652209483 -0.0426296639041259 -0.04214599360148988 -0.04325019934593319 -0.04408692273792328 -0.0437096359392444 -0.042017726616545036 -0.04570926081102628 -0.041936684358905935 -0.04522491874848747 -0.04568834920096529 -0.04104185841240726 -0.04377336974081758 -0.04271877507914551 -9999
-9999 -9999 -9999 -9999 -9999 -9999 -9999 -9999 -9999 -9999 -9999 -9999 -9999 -9999 -9999 -9999 -9999 0.0312998521622721 0.029508643589176983 -0.038378384414609945 -0.04210336893223804 -0.0329628803122502 -0.034186011999026766 -0.05120420044513197 -0.03659673376970896 -0.046223874807685306 -0.04294579529336523 -0.05358707679660768 -0.05016316389562664 -0.04018253939492361 -0.030803551795063444 -0.028753361961507518 -0.030632291685093908 -0.03957189781243325 -0.044227873599463764 -0.05008915207952591 -0.04823495699399774 -0.05030790370489868 -0.0520197907360373 -0.05298335330335646 -0.4241125359312519 -0.4180446473656447 -0.0470232672088749 -0.04365026437073618 -0.044228684034321335 -0.044599107702027296 -0.04916591272986198 -0.04889997023229417 -0.048682424761764265 -0.051438051327080486 -9999 -9999
-9999 -9999 -9999 -9999 -9999 -9999 -9999 -9999 -9999 -9999 -9999 -9999 -9999 0.014134233837926781 0.02335967086664925 0.03515523618885452 0.042148349827135 0.04718864926106331 0.04865926987194752 0.051550724390116376 0.02414357097266795 -0.015996570565870838 -0.03356258614132035 -0.03917149202591114 -0.040513999023280345 -0.023122192166008804 -0.05735859119302625 -0.05113287761316193 -0.053724880320030255 -0.043426259205891486 -0.039392368499558066 -0.04094018674568162 -0.03700296032232242 -0.0464452984691649 -0.04835021370960463 -0.04715575253242976 -0.04963514055278928 -0.05047774556410184 -0.05023186967022469 -0.04660294221325234 -0.0472571413636535 -0.048459875100589016 -0.053691941589772064 -0.054234911759312304 -0.0470683663100987 -0.4160006361716724 -0.4194219916813321 -0.4126846756335798 -0.055021715606306976 -0.4241193515545392 -0.4191607853172572 -9999
-9999 -9999 -9999 -9999 -9999 -9999 -9999 -9999 -9999 -9999 -9999 -9999 -9999 0.030115798484165568 0.01973790040874218 -0.031417742371559136 -0.07903186506131192 -0.05663776297408801 -0.03837881556579048 0.011397647988665272 -0.055152156298140916 -0.05627275358598965 -0.05209225066169931 -0.041808093703546316 -0.04471478134311818 -0.05007050495471932 -0.0648894359941011 -0.052595456550409536 -0.05108623767455856 -0.0495479492736714 -0.046467452791038484 -0.04140852168611775 -0.04436960286245901 -0.04778895600811467 -0.052533571250163565 -0.055142260862739545 -0.05025322692325485 -0.04898307296437224 -0.04816140283595072 -0.05153207419501557 -0.045709622798712685 -0.05123229107850202 -0.05270943305567724 -0.007610347244765725 -0.3361152779965938 -0.009528636215971055 -0.01182507817725556 -0.019061453886084517 -0.02834736359315912 -0.02986180907176744 -0.022819004891501682 0.01932788210419506
-9999 -9999 -9999 -9999 -9999 -9999 -9999 -9999 -9999 -9999 -9999 -9999 -9999 0.0297490420986663 -0.041060985935913334 -0.05653565892806424 -0.05006559076463124 -0.05229499383450864 -0.05054759254658614 -0.05282394233886356 -0.03181683116561768 -0.049370446314032264 -0.049614599772862034 -0.047455849903789205 -0.04905892998635114 -0.053962201944419315 -0.046879002967706085 -0.06004997346918661 -0.05295587838678567 -0.046995904153356194 -0.04498257201451522 -0.044763122511270285 -0.046959391621115454 -0.05136959504458927 -0.05313139552107227 -0.048914013532819316 -0.04848209694846645 -0.04858196575890533 -0.04641153692052916 -0.048325914234577966 -0.04638344464966887 -0.04783404080176748 -0.043108842571030585 -0.011987504846119629 -9999 -9999 -9999 -9999 -9999 -9999 -9999 -9999
-9999 -9999 -9999 -9999 -9999 -9999 -9999 -9999 -9999 -9999 -9999 -9999 -9999 -0.03941904116872247 -0.04624294649277416 -0.04997510203047767 -0.03391118793860892 -0.03911182660977919 -0.054273483906309705 -0.05033161489108762 -0.047772199406728666 -0.056353495507449884 -0.05178240363250719 -0.04786195763601708 -0.05210449912963983 -0.05043744121852156 -0.046751346111625125 -0.04360752321452227 -0.04403365307211221 -0.04685450985945844 -0.04803312907589005 -0.04936203489509911 -0.04804177021423536 -0.05253564717841672 -0.05296293822127382 -0.05331352447251697 -0.04570495339294711 -0.046962891797443035 -0.044791254921110135 -0.05241785114528713 0.037893540256626 -9999 -9999 -9999 -9999 -9999 -9999 -9999 -9999 -9999 -9999 -9999
-9999 -9999 -9999 -9999 -9999 -9999 -9999 -9999 -9999 -9999 -9999 -9999 0.036066504584236485 -0.023340560495853424 -0.020834756830891418 -0.039643051389318285 -0.03679633169220042 -0.05773575419744292 -0.05354018407044831 -0.05027654101806023 -0.047219912183808777 -0.039149863317936295 -0.03558027944885772 -0.03768137302044983 -0.043602222269708 -0.04473771918360348 -0.046746534264677175 -0.04156888669336234 -0.04071841667314152 -0.039092361128756005 -0.04407578706741333 -0.04603147604963281 -0.04122281715191983 -0.045294977683614866 -0.04699121352162333 -0.049583008328636935 -0.03884893440856385 -0.038890109264424905 -0.03805949561461644 -0.03909543590558753 -0.04180207942704578 -9999 -9999 -9999 -9999 -9999 -9999 -9999 -9999 -9999 -9999 -9999
-9999 -9999 -9999 -9999 -9999 -9999 -9999 -9999 -9999 -9999 -9999 -0.057839799713302435 -0.016990613028570856 0.006708513617843082 0.016543351523168826 -0.03962754826624315 -0.033498807820481265 -0.049130406292093975 -0.0544491868343327 -0.05406895652413368 -0.044587044434233 -0.0408851531549142 -0.04005242525958097 -0.018935119958369277 -0.04382892829048768 -0.04644600877149418 -0.04274021215982493 -0.041356118948577485 -0.04678187940965645 -0.04715845637678445 -0.048345485374658964 -0.049702238516656894 -0.039823772406185065 -0.04440561792516445 -0.048155940577879086 -0.04963092806820685 -0.04938150678280287 -0.053579689259385034 -0.04083529548658119 0.005140749717151728 -9999 -9999 -9999 -9999 -9999 -9999 -9999 -9999 -9999 -9999 -9999 -9999
-9999 -9999 -9999 -9999 -9999 -9999 -9999 -9999 -9999 -9999 -0.04097667862507665 -0.049746949962534766 -0.042053098759644636 -0.03492034429295382 -0.03737442709178057 -0.04465578637689677 -0.04592696833168414 -0.05225486228508608 -0.04767201978017338 -0.02588853702604116 -0.041624419800527834 -0.04313863263271012 -0.045006452148759764 -0.04863509801881655 -0.050240942921776055 -0.04577122827234506 -0.04086207017138765 -0.03724764842171591 -0.03655828056590898 -0.04392835188779856 -0.04631031767188845 -0.04519293809330069 -0.048651233049375665 -0.0544792046504361 -0.0584537092350669 -0.056062310667974624 -0.05097298459201066 -0.053409227323564866 -0.05151871663446608 -9999 -9999 -9999 -9999 -9999 -9999 -9999 -9999 -9999 -9999 -9999 -9999 -9999
-9999 -9999 -9999 -9999 -9999 -9999 -9999 -9999 -9999 -9999 -9999 -9999 0.02240410185122227 -0.037170082903825286 -0.03186107299976298 -0.04628317086742478 -0.051596042423785404 -0.05435698964520469 -0.04983950899606876 -0.04728211935323018 -0.02169519611685483 -0.04292145897480815 -0.04415244128104751 -0.05112036827255734 -0.05300741137138434 -0.048473675909278174 -0.042161291587974985 -0.03875907756142563 -0.03742056077980735 -0.041058530683045824 -0.045869966579990096 -0.04867866799071596 -0.04440900222858885 -0.048960545192380515 -0.04881938786378931 -0.045009145226616136 -0.046410045023639164 -0.04664620341589815 -0.0462272105390554 0.01350110623944592 -9999 -9999 -9999 -9999 -9999 -9999 -9999 -9999 -9999 -9999 -9999 -9999
-9999 -9999 -9999 -9999 -9999 -9999 -9999 -9999 -9999 -9999 -9999 0.01136095948762944 -0.0045030880719423285 0.01824760142263471 -0.03458311504960715 -0.03211614931677725 -0.03791376297454263 -0.043632595523536884 -0.03739274856071551 -0.03687759924802808 -0.035565689124248845 -0.03583693858440762 -0.034500427482711093 -0.03848230914509557 -0.03971412292794213 -0.041418392170261525 -0.03896211902355101 -0.03781270372916709 -0.036158208684115616 -0.03587781163034856 -0.04138686331910088 -0.041958591603970814 -0.040618877776048994 -0.04276550184566896 -0.03643203530829029 -0.040481772396590704 -0.04405425310871758 -0.04740393587521141 -0.03560097067320084 -9999 -9999 -9999 -9999 -9999 -9999 -9999 -9999 -9999 -9999 -9999 -9999 -9999
-9999 -9999 -9999 -9999 -9999 0.01430544302194986 -0.05265544764288177 -0.011565330632767823 0.03859511595014686 0.056693133990188216 0.06157417362044142 -0.042113678304703694 -0.041244446617233865 -0.03629317060931697 -0.036584150087047414 -0.4124985728617553 -0.0356121289206075 -0.0429228771846373 -0.037410773950946184 -0.038811574536529225 -0.037899513636807824 -0.03567283438866612 -0.03978865300970416 -0.036926906023706685 -0.03546879680028986 -0.034612084360240575 -0.037821384474307634 -0.03743349392335493 -0.03747477368093455 -0.033241351534213336 -0.033300711967787916 -0.035643340671782965 -0.02990123377805884 -0.030640588193149357 -0.033381337750252815 -0.03218923236888191 -0.0306494889555724 -0.029798900626681692 -9999 -9999 -9999 -9999 -9999 -9999 -9999 -9999 -9999 -9999 -9999 -9999 -9999 -9999
-9999 -9999 -9999 -9999 -0.0008573216068875622 0.044570349320605614 0.07954066604948963 -0.039818177020156775 -0.04247357444530664 -0.03745513792139488 -0.03998099351404133 -0.03572000010491727 -0.03072822269993825 -0.0287263611188302 -0.010410850212632938 -0.03610669457159199 -0.03615422722893757 -0.03287180900000605 -0.024916502698273474 -0.02510552929079796 -0.028421988035296362 -0.030163541722756176 -0.027547826335489103 -0.035926661341563665 -0.035457610654143185 -0.03689810428973081 -0.03538338056059332 -0.0317918046039867 -0.034398712258745 -0.029446462660536632 -0.02212128403422597 0.03220166360120197 0.042311592334574405 0.04191876724771745 0.04087580515296907 -9999 -9999 -9999 -9999 -9999 -9999 -9999 -9999 -9999 -9999 -9999 -9999 -9999 -9999 -9999 -9999 -9999
-9999 -9999 -9999 0.15651497936674527 -0.00221687211440158 -0.04628089919768197 0.048188675849974834 -0.02439415704581765 -0.026290540511791527 -0.0231711882279142 -0.0188210155855823 -0.020716029270500924 -0.012941390930951313 -0.022644371121794318 -0.02494325245229098 -0.02541418883253585 -0.03040785379298438 -0.03222795491935787 -0.031870559124009934 -0.03102254140917418 -0.029375594436794824 -0.029002730130821774 -0.028778335120488024 -0.030124426276965436 -0.03515734460082029 -0.03273408030988753 -0.0284737430635717 -0.033844568838293704 -0.033192821665779554 -0.019305450043507973 -0.01646149004963074 -9999 -9999 -9999 -9999 -9999 -9999 -9999 -9999 -9999 -9999 -9999 -9999 -9999 -9999 -9999 -9999 -9999 -9999 -9999 -9999 -9999
-9999 -9999 -9999 0.15222725945596513 0.1783100039503732 0.0348651677288197 -0.004492188138621178 0.014293175313498998 0.07237550919200036 -0.010494824887795741 -0.0274786080059769 -0.0407963549247482 -0.030720459604328787 -0.03073630727581925 -0.026542925429376942 -0.0240599731249469 -0.029581539578490218 -0.0302736756115497 -0.0326060902654797 -0.03090057904821833 -0.028954861030637543 -0.029823645192024486 -0.030441452083843107 -0.03295820769291 -0.028344921501619463 -0.02923382077734552 -0.02692290700480832 -0.024210305577451074 -0.0251625887844916 -9999 -9999 -9999 -9999 -9999 -9999 -9999 -9999 -9999 -9999 -9999 -9999 -9999 -9999 -9999 -9999 -9999 -9999 -9999 -9999 -9999 -9999 -9999
-9999 -9999 -9999 0.12665063871459648 0.06795161147857759 0.08743891517048352 0.08146392109875494 -0.005723385222174304 -0.0065646800161390795 0.008990379418809369 -0.008093939848489773 -0.019197377468367218 -0.03125072184663552 -0.025804930253998267 -0.02157586252132615 -0.0223183242788354 -0.02329415144337399 -0.026919008754603124 -0.03473721874447972 -0.03502445678216415 -0.03267015326399725 -0.02851774645866928 -0.033199450901740174 -0.033461577780954155 -0.026185931023824355 -0.02726454774920756 -0.03910087231178205 -0.004232296167494182 -9999 -9999 -9999 -9999 -9999 -9999 -9999 -9999 -9999 -9999 -9999 -9999 -9999 -9999 -9999 -9999 -9999 -9999 -9999 -9999 -9999 -9999 -9999 -9999
-9999 -9999 -9999 0.17342642404057165 0.09204420054351886 0.10792565470622788 0.11954115044612153 0.11722505569539883 0.06507987801272136 -0.016856785965981058 -0.01664246385405352 -0.041878513561991536 -0.03361098167414847 -0.02644728558076609 -0.023589146395142285 -0.0251798894624789 -0.027539730542799932 -0.0298979973400032 -0.03641657856712627 -0.03522688985525907 -0.034834358923055336 -0.03355591928402146 -0.03157979035033631 -0.034451515035151085 -0.02739201179081266 -0.030068453892574176 -0.030609620591768864 -9999 -9999 -9999 -9999 -9999 -9999 -9999 -9999 -9999 -9999 -9999 -9999 -9999 -9999 -9999 -9999 -9999 -9999 -9999 -9999 -9999 -9999 -9999 -9999 -9999
-9999 -9999 -9999 -9999 0.05096542094271261 -0.01310523030358357 -0.006786150509839496 -0.02460783578782949 -0.037360285910276236 -0.03829783655621197 -0.04034767289656208 -0.023161035419984155 -0.042994853457088006 -0.03710401410257422 -0.033268413332464934 -0.03326382213732698 -0.03728785928707201 -0.04687608524665726 -0.04546518963608115 -0.042762296683676926 -0.03701401835532636 -0.03671369738467445 -0.037185583079417966 -0.03847884225075718 -9999 -9999 -9999 -9999 -9999 -9999 -9999 -9999 -9999 -9999 -9999 -9999 -9999 -9999 -9999 -9999 -9999 -9999 -9999 -9999 -9999 -9999 -9999 -9999 -9999 -9999 -9999 -9999
-9999 -9999 -9999 -9999 0.08885541963544519 -0.01326498686039185 -0.0157619276708299 -0.01244894556373688 -0.03256170818029522 -0.03825735466575228 -0.04435953174482332 -0.0545734883296293 -0.049773673680457466 -0.05301427706093578 -0.048412199613157236 -0.044486265506718164 -0.046494963916612175 -0.05115605389269498 -0.04779796324834065 -0.049457129479928336 -0.045216262463357436 -0.04261529552085058 -0.03816955862055113 -0.04043226816005757 -0.03322221602794232 -9999 -9999 -9999 -9999 -9999 -9999 -9999 -9999 -9999 -9999 -9999 -9999 -9999 -9999 -9999 -9999 -9999 -9999 -9999 -9999 -9999 -9999 -9999 -9999 -9999 -9999 -9999
