metrics/grid_rasters/SMAP L4/grideval_SMAP L4_X_fall_2017_absolute_bias.asc
ncols 52
nrows 55
xllcorner     11.25
yllcorner     55.25
cellsize      0.25
NODATA_value  -9999
[rows 0 to 27 of 55, columns 0 to 51 of 52]
-9999 -9999 -9999 -9999 -9999 -9999 -9999 -9999 -9999 -9999 -9999 -9999 -9999 -9999 -9999 -9999 -9999 -9999 -9999 -9999 -9999 -9999 -9999 -9999 -9999 -9999 -9999 -9999 -9999 -9999 -9999 -9999 -9999 -9999 -9999 -9999 0.025211636795774872 -0.00898306681723382 -0.06825786431903369 -9999 -9999 -9999 -9999 -9999 -9999 -9999 -9999 -9999 -9999 -9999 -9999 -9999
-9999 -9999 -9999 -9999 -9999 -9999 -9999 -9999 -9999 -9999 -9999 -9999 -9999 -9999 -9999 -9999 -9999 -9999 -9999 -9999 -9999 -9999 -9999 -9999 -9999 -9999 -9999 -9999 -9999 -9999 -9999 -9999 -9999 -9999 -9999 -9999 0.03466204476061757 0.010784193955279964 0.0042635733773420115 -0.019823819153256483 -0.09178049012936733 -0.08529956694078318 -9999 -9999 -9999 -9999 -9999 -9999 -9999 -9999 -9999 -9999
-9999 -9999 -9999 -9999 -9999 -9999 -9999 -9999 -9999 -9999 -9999 -9999 -9999 -9999 -9999 -9999 -9999 -9999 -9999 -9999 -9999 -9999 -9999 -9999 -9999 -9999 -9999 -0.00044664544063610645 -0.019079005120547218 -0.056399544844260574 -0.08376211902269952 -0.06293293043643566 -0.061065694235347134 -0.01888126986367361 -9999 -0.006551153978312407 0.011171305122283759 -0.003534464226974232 -0.06522938905918335 -0.07991221807078344 -0.07797247717914342 -0.07938765149031367 -0.08166084190891995 -0.07395374691011483 -0.07891137869312215 -0.07784810277459386 -9999 -9999 -9999 -9999 -9999 -9999
-9999 -9999 -9999 -9999 -9999 -9999 -9999 -9999 -9999 -9999 -9999 -9999 -9999 -9999 -9999 -9999 -9999 -9999 -9999 -9999 -9999 -9999 -9999 -9999 -9999 -9999 -9999 -0.0029977679580122647 0.0015614385624508342 0.01294356764672877 0.0240784183062695 0.024286875357994675 -0.02494307103884086 -0.06615544837172868 -0.04889195250695222 -0.0455324714286969 -0.045786039637667815 -0.05824637181729402 -0.07107734088632434 -0.08532155022680102 -0.08268988940987612 -0.08032596848168216 -0.08584713452792428 -0.09085064964716907 -0.07616561352387888 -0.08522453150906402 -0.08129418000660754 -0.07914272597530382 -9999 -9999 -9999 -9999
-9999 -9999 -9999 -9999 -9999 -9999 -9999 -9999 -9999 -9999 -9999 -9999 -9999 -9999 -9999 -9999 -9999 -9999 -9999 -9999 -9999 -9999 0.0015849625425679026 -0.0040649452789144344 -0.0008264313769209553 -0.03392562474850769 -0.012460053499255884 0.013240394069925776 0.021384683529754256 0.030777164663259807 0.034080817804231785 -0.018717285655029503 -0.012638825022584788 -0.07023867072312384 -0.05352056970062494 -0.032696894421191 -0.05176308509576455 -0.05533798221130296 -0.06424097858041855 -0.07643995603935405 -0.08104669357967248 -0.07916623679409315 -0.08402520278980448 -0.08846800618774286 -0.093801003952439 -0.10152951155144432 -0.09474835153873803 -0.09550174986841263 -0.09279925607472328 -9999 -9999 -9999
-9999 -9999 -9999 -9999 -9999 -9999 -9999 -9999 -9999 -9999 -9999 -9999 -9999 -9999 -9999 -9999 -9999 -9999 -9999 -9999 -9999 -0.01423040699664052 -0.002657699715960138 0.02149964856741193 0.002189657272218315 -0.01158969738817478 -0.016875582695989818 0.029986662892522387 0.035706897112694425 0.03720611145535668 0.009777689332162942 -0.023614564849125164 -0.027281077435383442 -0.08382510133906383 -0.07114608645193526 -0.04826868202660112 -0.06265287402157603 -0.06639282284611525 -0.07304569796382726 -0.08935793489217758 -0.08627993474294851 -0.08213248914414711 -0.090252894785378 -0.09569130162452602 -0.09740738058974452 -0.09874150783314807 -0.07951968652452088 -0.0927761608304886 -0.0880301838720238 -9999 -9999 -9999
-9999 -9999 -9999 -9999 -9999 -9999 -9999 -9999 -9999 -9999 -9999 -9999 -9999 -9999 -9999 -9999 -9999 -9999 -9999 -9999 0.003987318129984929 0.02162907833417693 0.008825567520254263 0.0221245717052575 0.004642401586522128 0.016035683166522263 0.02188595212422889 0.008829100282637614 0.014416446438530016 -0.003968951711942892 -0.037061780773021365 -0.07791352417360953 -0.08126927271567203 -0.08299190440511964 -0.4236224285316664 -0.07210130551522903 -0.07851889711078053 -0.08244247781624509 -0.099938421151959 -0.10134359883083092 -0.09936537526056664 -0.09497563342389824 -0.4767588451300022 -0.4765748112656914 -0.0929329497227957 -0.4649155097553036 -0.463295154437259 -0.4628056059949674 -0.4626307067880918 -0.4638426076457068 -9999 -9999
-9999 -9999 -9999 -9999 -9999 -9999 -9999 -9999 -9999 -9999 -9999 -9999 -9999 -9999 -9999 -9999 -9999 -9999 -9999 -9999 -9999 0.01250275060698225 0.01726804816952121 0.030209094204090462 0.02385058524189415 0.015999946620438132 -0.0003462121873111234 -0.05642045624963533 -0.09669250354252673 -0.07002040948514099 -0.014177706215407815 -0.07863011168172729 -0.09406315449338692 -0.08336584816512826 -0.07791064114688517 -0.4579155453286328 -0.08906014005725199 -0.094696764762585 -0.10409770005351893 -0.10298683283502584 -0.10204247307482657 -0.10117494969905078 -0.09908519034366034 -0.4778703436419204 -0.4709020016694462 -0.4620607143042834 -0.4591686183402498 -0.4628710205369925 -0.4640761138154911 -9999 -9999 -9999
-9999 -9999 -9999 -9999 -9999 -9999 -9999 -9999 -9999 -9999 -9999 -9999 -9999 -9999 -9999 -9999 -9999 -9999 -9999 0.03224341387113372 0.03196265736779014 0.02553042114435972 0.01749478689916839 0.007351368993193219 -0.02278737928513641 -0.11001029170558348 -0.1061352212186698 -0.11280882739267505 -0.09753452087906034 -0.08985956408247188 -0.09189198301224916 -0.09830517158076002 -0.10063147618547896 -0.08552106838304915 -0.08479117243908921 -0.4664227422736175 -0.09377534812377704 -0.10339801959120308 -0.10586996046969524 -0.1035316314875752 -0.09938001419816696 -0.10037369057945501 -0.09386126885374824 -0.09497413000317068 -0.4699383381713223 -0.0855140213209849 -0.08345964641033943 -0.0899781706732708 -0.4658276827821693 -0.4642945440015295 -0.08608463715639092 -9999
-9999 -9999 -9999 -9999 -9999 -9999 -9999 -9999 -9999 -9999 -9999 -9999 -9999 -9999 -9999 -9999 -9999 -9999 0.029327178885648564 0.02917637499970394 0.018166230438829808 0.0020313817639272536 -0.05648290290200447 -0.08592235430010728 -0.08393661686024823 -0.09311082048321162 -0.08088317982197463 -0.06712780663600335 -0.06665150393414626 -0.08389369615322939 -0.07979430117040548 -0.07996539122701346 -0.08008147428160184 -0.0850512894627812 -0.09012061762777003 -0.09736321567670332 -0.09962794096669657 -0.09809816540679436 -0.09305274547947634 -0.09311605318562016 -0.09465663914906453 -0.09273275866040163 -0.0922958810742085 -0.08783031232491295 -0.08544162568728347 -0.07991459157195069 -0.08199554945823256 -0.08441897565601293 -0.07573927805892061 -0.07646624512642952 -0.07600242411206054 -9999
-9999 -9999 -9999 -9999 -9999 -9999 -9999 -9999 -9999 -9999 -9999 -9999 -9999 -9999 -9999 -9999 -9999 0.031033595798762307 0.01568550551003156 -0.06399702114963922 -0.07639232198042528 -0.0659518317002189 -0.06176050776963704 -0.08009819688459674 -0.07555458225964845 -0.08120882202062629 -0.073177519469307 -0.08593644478082002 -0.08864081184287642 -0.08366794730690152 -0.08015370278895556 -0.07822677388705396 -0.08204184110266166 -0.08370148198126437 -0.08887442532967732 -0.09362616723628492 -0.09160530329733108 -0.0892304697657352 -0.08923132811765094 -0.09031801640086777 -0.4693094657140447 -0.4656328986306768 -0.08474646091133681 -0.0865498074217812 -0.0811879007698415 -0.07922207218195709 -0.0821028825223118 -0.08204881824389265 -0.07430168953570693 -0.07438203620796023 -9999 -9999
-9999 -9999 -9999 -9999 -9999 -9999 -9999 -9999 -9999 -9999 -9999 -9999 -9999 0.007735871965741102 0.03036385758237525 0.03461006951037343 0.034223385851134325 0.031421959031741664 0.030122574828155783 0.031610348558687884 -0.0020795030171399387 -0.05431465513922357 -0.07337885100271674 -0.061655902764299435 -0.07259998689559133 -0.05997386812181262 -0.08452525274357295 -0.08570684807804912 -0.09086858996978173 -0.08732595910819674 -0.08306702361493322 -0.08175694850365539 -0.07605045853735326 -0.08561655786911865 -0.08122894051228907 -0.07499068123953684 -0.08175755715877797 -0.0826998107380919 -0.07860567353174586 -0.07124230744583271 -0.0704151117294044 -0.06992929424722116 -0.0734103208837601 -0.07935198814004335 -0.08351776296538965 -0.4586712150824267 -0.4550639268338354 -0.4530024791320602 -0.07959283388905469 -0.4501940513459536 -0.4415590544282407 -9999
-9999 -9999 -9999 -9999 -9999 -9999 -9999 -9999 -9999 -9999 -9999 -9999 -9999 0.02880248758982823 0.030718335738548874 -0.0367298316578944 -0.09308114170946263 -0.07923483058482739 -0.06511126493441532 -0.01069244025991517 -0.07305544088748127 -0.08266086462926081 -0.0763614605498183 -0.05075540657636224 -0.06351568676776942 -0.07466758030292753 -0.08793057990516279 -0.08111112349881572 -0.08709246417568932 -0.08767595164641573 -0.08266499849384308 -0.07638063985895321 -0.07782872633210247 -0.07755014253268533 -0.07503906223963902 -0.07449385153313914 -0.07245472331459707 -0.07313210971571582 -0.07120096949594362 -0.06586189604886282 -0.06231621161594492 -0.06578164338901799 -0.06536327273799825 -0.06347374032650678 -0.4317727412741918 -0.06988282487369503 -0.06875946059577415 -0.07040481128126057 -0.06827317851667225 -0.06543707880345022 -0.056844403598826025 -0.010364270349452752
-9999 -9999 -9999 -9999 -9999 -9999 -9999 -9999 -9999 -9999 -9999 -9999 -9999 0.026766137025513503 -0.05443340572682054 -0.07460680761589455 -0.06450640766338989 -0.06868850974018104 -0.08022861256376729 -0.0743361340201163 -0.046385733246967036 -0.06521052568332181 -0.06178734650078055 -0.05657614347944551 -0.06505328498698854 -0.07586092939907374 -0.07567958275859171 -0.09169489528042277 -0.08674433686166674 -0.08310532164606416 -0.08328786856689296 -0.08739901784357135 -0.07605119491671464 -0.07434207006552063 -0.07976894635338705 -0.07773256991672645 -0.0736175496335868 -0.0706460434575002 -0.06481448055378031 -0.05826312268746425 -0.05505103271986755 -0.05301967283690368 -0.05876348994590425 -0.06082365109206556 -9999 -9999 -9999 -9999 -9999 -9999 -9999 -9999
-9999 -9999 -9999 -9999 -9999 -9999 -9999 -9999 -9999 -9999 -9999 -9999 -9999 -0.05548465644920264 -0.06813964395077671 -0.06879435221736246 -0.049549277175913835 -0.0647812605231673 -0.0733572207391262 -0.06704573988259492 -0.06128738331352618 -0.06308853640579258 -0.0595435211127931 -0.06346416391514159 -0.06831156200432514 -0.06882287744064253 -0.07082698788944186 -0.07383792360241598 -0.07379847924624172 -0.07944856864492318 -0.08053244566442548 -0.08367420364539703 -0.07544124632009441 -0.07455018479991088 -0.07507682923268487 -0.07599898650832887 -0.06908590244231644 -0.07076675878776299 -0.06802998749273165 -0.06402056078825674 0.040306346777540004 -9999 -9999 -9999 -9999 -9999 -9999 -9999 -9999 -9999 -9999 -9999
-9999 -9999 -9999 -9999 -9999 -9999 -9999 -9999 -9999 -9999 -9999 -9999 0.027456315909768214 -0.04507925893579207 -0.0418288629133623 -0.04245448208690344 -0.033082815685442524 -0.07323395442422276 -0.06750653761920039 -0.06384208610097131 -0.0622731876446978 -0.0551163263741758 -0.053496627914872814 -0.05308193400256578 -0.05377535517890375 -0.05826058556008468 -0.06625165665460814 -0.06815031825841128 -0.06728355533310347 -0.06924493666124215 -0.0706737244726865 -0.06913559546100567 -0.0626720304672535 -0.06320548337976356 -0.06778527528129435 -0.0666194214270665 -0.06477201967448981 -0.06752947496843864 -0.0714155660102983 -0.05811417491717653 -0.05557982255141813 -9999 -9999 -9999 -9999 -9999 -9999 -9999 -9999 -9999 -9999 -9999
-9999 -9999 -9999 -9999 -9999 -9999 -9999 -9999 -9999 -9999 -9999 -0.07193323994403356 -0.03797924461273045 -0.023569772982007853 -0.01022937766962001 -0.049003214892614055 -0.03527516748878984 -0.06910693338447876 -0.07002511061727999 -0.06711597192090946 -0.06624880140381201 -0.06405374137582359 -0.06003466842102484 -0.02948859964425748 -0.059131933499004814 -0.059150547894475214 -0.06019651584818464 -0.05859302309761338 -0.062399186275817524 -0.06231053079386334 -0.06319095315104656 -0.06423616012210376 -0.054621784323519385 -0.057816360330024914 -0.06319857044861865 -0.061392440020546835 -0.06914807868364092 -0.07045990558197868 -0.0664568705750363 -0.05547017426035561 -9999 -9999 -9999 -9999 -9999 -9999 -9999 -9999 -9999 -9999 -9999 -9999
-9999 -9999 -9999 -9999 -9999 -9999 -9999 -9999 -9999 -9999 -0.05183696020189876 -0.07026781645286212 -0.08168625956462633 -0.07394357764540793 -0.06584033453939381 -0.060310818214010416 -0.05967521321560654 -0.06997291811301815 -0.06229821351039538 -0.049433063633821835 -0.07491908818073982 -0.06379178856182233 -0.0612102990335488 -0.0603264703282288 -0.07451175894219797 -0.07574106859309332 -0.07569422718178437 -0.06451108198162614 -0.05839062539430768 -0.05871023599999947 -0.059337472604526265 -0.056091768339603776 -0.05851659399795006 -0.06424249006578557 -0.0687285876003923 -0.07161888609138818 -0.0649294795284232 -0.0615319868365487 -0.060415495657822615 -9999 -9999 -9999 -9999 -9999 -9999 -9999 -9999 -9999 -9999 -9999 -9999 -9999
-9999 -9999 -9999 -9999 -9999 -9999 -9999 -9999 -9999 -9999 -9999 -9999 -0.003160304789032286 -0.052298810824260585 -0.03205831086897587 -0.04990379925776312 -0.05922033676652466 -0.06330972420727153 -0.06594193857777247 -0.06801949689103354 -0.046607477447161316 -0.06054847400922043 -0.05753122542340022 -0.06023550328317578 -0.07062402676668145 -0.07128152382242807 -0.07219705182117425 -0.06792609426346452 -0.06652008842390318 -0.06579095258244444 -0.05841783743228885 -0.05956137644966225 -0.05725703155110168 -0.0651906120826255 -0.06824992885710772 -0.07154818959943537 -0.06331377439610253 -0.055950019795161066 -0.05422023018555977 -0.039318838535429335 -9999 -9999 -9999 -9999 -9999 -9999 -9999 -9999 -9999 -9999 -9999 -9999
-9999 -9999 -9999 -9999 -9999 -9999 -9999 -9999 -9999 -9999 -9999 -0.014130110023440891 -0.032915062588322275 -0.01503681780381516 -0.05458920551361618 -0.04525624549241514 -0.046960167156962274 -0.05832893080026896 -0.05524312113258206 -0.05530863515213952 -0.0537047269293568 -0.052531854403051685 -0.05278032627161389 -0.04858096357394048 -0.05230966783486879 -0.05461656875335252 -0.05523228178639989 -0.06153305009989951 -0.060866976770889585 -0.05796364502428648 -0.055608039824189714 -0.05559626747700541 -0.05632757780316111 -0.05658115976704998 -0.05719541662096321 -0.060572953751454 -0.06407831212157733 -0.06045722691239891 -0.05121480669457834 -9999 -9999 -9999 -9999 -9999 -9999 -9999 -9999 -9999 -9999 -9999 -9999 -9999
-9999 -9999 -9999 -9999 -9999 0.0074900071453917185 -0.06543180845923474 -0.02879985012523417 0.017573975476917303 0.034803645337348484 0.044846666096658494 -0.04957049818975584 -0.04934525588056543 -0.05223661612023362 -0.05351360696930807 -0.4269886701930683 -0.048590373902857975 -0.061669749463652564 -0.04770353804905336 -0.05249342193397194 -0.05034754548099013 -0.044341360126714136 -0.05607019477411285 -0.04445492244929405 -0.04571443738845676 -0.046553199844700965 -0.049740664579056126 -0.05389390034334995 -0.051607437124782884 -0.04753699567128017 -0.0466913530541645 -0.04602892545389603 -0.04212173054015245 -0.041346954284133486 -0.042542305887564184 -0.04724635896119445 -0.04846061714976041 -0.04737566006216376 -9999 -9999 -9999 -9999 -9999 -9999 -9999 -9999 -9999 -9999 -9999 -9999 -9999 -9999
-9999 -9999 -9999 -9999 -0.021451690694787973 0.01887478843167584 0.05387111356133945 -0.06291469870196592 -0.06395347705008564 -0.0556641025366364 -0.057025149669293514 -0.0551895035205634 -0.038730660821874034 -0.03283842129039238 -0.01900474323921808 -0.046288486181215886 -0.040435004979372025 -0.04185206707116668 -0.03747550361267815 -0.039385774203545436 -0.04201052847553738 -0.036556474025269126 -0.029481813946104333 -0.03887761345358343 -0.04141578917483707 -0.04365515010943122 -0.0364081942077194 -0.033431520869771185 -0.03562114788935733 -0.032638825353357825 -0.03053213844260016 -0.02755759965505572 -0.01056389019384485 -0.00672123128814356 -0.007141854982454731 -9999 -9999 -9999 -9999 -9999 -9999 -9999 -9999 -9999 -9999 -9999 -9999 -9999 -9999 -9999 -9999 -9999
-9999 -9999 -9999 0.14907445928470778 -0.015364736932647116 -0.0703397489429175 0.012969040649605357 -0.04016802177488149 -0.04086128239530129 -0.035446389158675984 -0.025551091838668997 -0.026525017917974958 -0.017420379404019526 -0.026189634126130068 -0.03257895588547316 -0.028927744806304057 -0.029886824703151068 -0.03434995015325781 -0.038150895509746034 -0.03697649600332253 -0.03675612211636792 -0.029606068138401612 -0.02224994199043445 -0.022510088427544928 -0.033594171588237465 -0.03497508724967202 -0.02214235415334226 -0.024855827728470614 -0.0218644877998056 -0.019931336127958443 -0.02117640997927922 -9999 -9999 -9999 -9999 -9999 -9999 -9999 -9999 -9999 -9999 -9999 -9999 -9999 -9999 -9999 -9999 -9999 -9999 -9999 -9999 -9999
-9999 -9999 -9999 0.13984525578280727 0.17749420348759534 0.009491029308065002 -0.041513919339075216 -0.015671008153931076 0.043033603496931416 -0.035597800103190184 -0.04575115006294223 -0.04915269589113014 -0.04228314180131795 -0.0352490278226989 -0.030409125119938932 -0.027041821689396117 -0.029106475883624024 -0.02966791790510925 -0.037001144714080385 -0.03149271885362959 -0.02562913656807858 -0.019509540072509268 -0.02000198805970804 -0.0200612835667946 -0.022417743373048197 -0.020393936557101644 -0.01365618810958258 -0.017300908668683113 -0.014903079411321962 -9999 -9999 -9999 -9999 -9999 -9999 -9999 -9999 -9999 -9999 -9999 -9999 -9999 -9999 -9999 -9999 -9999 -9999 -9999 -9999 -9999 -9999 -9999
-9999 -9999 -9999 0.11052721765424522 0.03680136738406431 0.05149225759637227 0.031667044979857895 -0.03357783807339248 -0.028613897797825583 -0.011366970141182877 -0.029351529470839355 -0.02592524941396579 -0.03049851000145237 -0.02965621486469938 -0.02552751113998369 -0.02892016130243685 -0.02700303355743594 -0.02376900074983035 -0.03250608353742529 -0.02571738343481178 -0.016713479103950324 -0.014192064425774975 -0.022125975525641217 -0.024958215490147317 -0.01813642856675185 -0.01390767721766295 -0.020039115142036268 -0.02724450967878433 -9999 -9999 -9999 -9999 -9999 -9999 -9999 -9999 -9999 -9999 -9999 -9999 -9999 -9999 -9999 -9999 -9999 -9999 -9999 -9999 -9999 -9999 -9999 -9999
-9999 -9999 -9999 0.15851469591751202 0.051830494387464184 0.06674606664167654 0.07970627110738021 0.0961656266680131 0.0467506921798973 -0.0327938865706488 -0.03128616591649397 -0.05345670185000684 -0.03635624980369767 -0.02862232972632395 -0.026583030819892883 -0.027305076103452786 -0.02631343063990493 -0.020511128970391142 -0.030345682750691383 -0.018554732674262 -0.016096657797039168 -0.020248475474315686 -0.024117388956985675 -0.026686595404868563 -0.020940177777147517 -0.023542409660397005 -0.019490242229549426 -9999 -9999 -9999 -9999 -9999 -9999 -9999 -9999 -9999 -9999 -9999 -9999 -9999 -9999 -9999 -9999 -9999 -9999 -9999 -9999 -9999 -9999 -9999 -9999 -9999
-9999 -9999 -9999 -9999 0.014635266879430175 -0.05450682174209709 -0.05865807290915604 -0.05260202495360772 -0.06268164073372934 -0.05398521535507928 -0.059017988024177126 -0.03732274562775434 -0.0560979715824782 -0.04178992699790785 -0.03176409292679566 -0.029370759726389417 -0.03127893283553829 -0.031521433821091294 -0.029619101127916606 -0.022824910643336586 -0.016332379122684315 -0.02409252135471984 -0.029111140090358086 -0.0266381474928214 -9999 -9999 -9999 -9999 -9999 -9999 -9999 -9999 -9999 -9999 -9999 -9999 -9999 -9999 -9999 -9999 -9999 -9999 -9999 -9999 -9999 -9999 -9999 -9999 -9999 -9999 -9999 -9999
-9999 -9999 -9999 -9999 0.05112053511234427 -0.04969132347748828 -0.05228632913677245 -0.0407140800463302 -0.06858075297550187 -0.063025448348496 -0.05483558276606787 -0.052769559036408176 -0.05257951773211855 -0.04997530943908535 -0.03846990335528011 -0.030697951461751364 -0.028715051076078132 -0.030934065785054362 -0.02668799873400518 -0.029811394718158364 -0.028591837590703606 -0.031256536206046286 -0.029527050514633838 -0.02709548652253968 -0.016972361316720197 -9999 -9999 -9999 -9999 -9999 -9999 -9999 -9999 -9999 -9999 -9999 -9999 -9999 -9999 -9999 -9999 -9999 -9999 -9999 -9999 -9999 -9999 -9999 -9999 -9999 -9999 -9999
