metrics/grid_rasters/SMAP L4/grideval_SMAP L4_Y_2016_absolute_pearson_r.asc
ncols 52
nrows 55
xllcorner     11.25
yllcorner     55.25
cellsize      0.25
NODATA_value  -9999
[rows 0 to 28 of 55, columns 0 to 51 of 52]
-9999 -9999 -9999 -9999 -9999 -9999 -9999 -9999 -9999 -9999 -9999 -9999 -9999 -9999 -9999 -9999 -9999 -9999 -9999 -9999 -9999 -9999 -9999 -9999 -9999 -9999 -9999 -9999 -9999 -9999 -9999 -9999 -9999 -9999 -9999 -9999 0.7446665671076023 0.5967165786464874 0.6851689172856787 -9999 -9999 -9999 -9999 -9999 -9999 -9999 -9999 -9999 -9999 -9999 -9999 -9999
-9999 -9999 -9999 -9999 -9999 -9999 -9999 -9999 -9999 -9999 -9999 -9999 -9999 -9999 -9999 -9999 -9999 -9999 -9999 -9999 -9999 -9999 -9999 -9999 -9999 -9999 -9999 -9999 -9999 -9999 -9999 -9999 -9999 -9999 -9999 -9999 0.5832413410533263 0.6074200855052669 0.6886865502411134 0.7670903440508832 0.6889986568986695 0.6994263217092601 -9999 -9999 -9999 -9999 -9999 -9999 -9999 -9999 -9999 -9999
-9999 -9999 -9999 -9999 -9999 -9999 -9999 -9999 -9999 -9999 -9999 -9999 -9999 -9999 -9999 -9999 -9999 -9999 -9999 -9999 -9999 -9999 -9999 -9999 -9999 -9999 -9999 0.4495278776291211 0.7486799872249185 0.7905227794632175 0.5956390449612181 0.5110957584616039 0.4929148819940798 0.5043746379455512 -9999 0.6071607824763151 0.6039127403005521 0.6556362157421639 0.6896437106323045 0.734122270019617 0.7314174236705935 0.7177004194728613 0.7108324194126303 0.7335714607896449 0.6924879201205416 0.6728298596496425 -9999 -9999 -9999 -9999 -9999 -9999
-9999 -9999 -9999 -9999 -9999 -9999 -9999 -9999 -9999 -9999 -9999 -9999 -9999 -9999 -9999 -9999 -9999 -9999 -9999 -9999 -9999 -9999 -9999 -9999 -9999 -9999 -9999 0.8190740456152613 0.8082857637716383 0.6331364205947806 0.37361496380084097 0.4924266329197166 0.5249181145511028 0.4682347115711381 0.4233797387875556 0.4822790654516961 0.5543551165372469 0.5478773198840046 0.6982879164623875 0.7097208008388575 0.7040545824322832 0.6996326235038477 0.6899849218243052 0.6828141117225555 0.744116784190542 0.6946043458132316 0.7154587216948707 0.7046794921002011 -9999 -9999 -9999 -9999
-9999 -9999 -9999 -9999 -9999 -9999 -9999 -9999 -9999 -9999 -9999 -9999 -9999 -9999 -9999 -9999 -9999 -9999 -9999 -9999 -9999 -9999 0.8068363737626892 0.5177660830322819 0.6416078724432357 0.7081835962860902 0.8217681094460305 0.8330273130676197 0.8127248298188343 0.7382934825157006 0.4531022725957408 0.5903601992946846 0.5913383175560762 0.6057212099319457 0.593629671880729 0.4705444343671946 0.5715267613212138 0.6041832945247445 0.6777727382829597 0.7269046163657238 0.7328626043918873 0.7372276541271345 0.7175509191473545 0.6828259919027697 0.6798877551239971 0.6526510701791048 0.7061571522491872 0.7118421272318289 0.6848376625984867 -9999 -9999 -9999
-9999 -9999 -9999 -9999 -9999 -9999 -9999 -9999 -9999 -9999 -9999 -9999 -9999 -9999 -9999 -9999 -9999 -9999 -9999 -9999 -9999 0.7026302115703567 0.5225293099249122 0.5260110157927426 0.4209937043036967 0.5459559419673842 0.8046279641311515 0.7432372147160258 0.6980892271518435 0.5021447625501907 0.3463515817804437 0.5192344374716338 0.6070251596535354 0.6879135788123658 0.6753267805392751 0.619431041544949 0.7451966259376763 0.7494767356710317 0.7199211350977538 0.7311191571330606 0.7310260491876168 0.7081237610398752 0.6836365301410885 0.6862394750740373 0.6713146027353005 0.6729789370039498 0.7569494223697513 0.7643474138731483 0.7359163983361529 -9999 -9999 -9999
-9999 -9999 -9999 -9999 -9999 -9999 -9999 -9999 -9999 -9999 -9999 -9999 -9999 -9999 -9999 -9999 -9999 -9999 -9999 -9999 0.6890970801560504 0.7018484324147699 0.7908441582232423 0.8180340003846724 0.8311034151572614 0.8178729654535042 0.8455024440613483 0.7781698549349834 0.7944171371605759 0.7667196666872609 0.7048787548248538 0.6715491683705004 0.6869786849127529 0.7526476533878167 0.6339749117876263 0.7548389494944094 0.7844800040481694 0.7967078718875878 0.7869393064516315 0.7905242431236265 0.7887149077639277 0.7736822582721424 0.6740802806440704 0.6209454419941463 0.7506968078869336 0.6255524316434691 0.6067047167068198 0.5756450828498929 0.5518862664053243 0.5229337385562771 -9999 -9999
-9999 -9999 -9999 -9999 -9999 -9999 -9999 -9999 -9999 -9999 -9999 -9999 -9999 -9999 -9999 -9999 -9999 -9999 -9999 -9999 -9999 0.7635500482790345 0.750790182081693 0.7778393982239031 0.8089722770018222 0.8750651557485871 0.7702481292296599 0.6694579488881405 0.6094192959925095 0.706589857215413 0.6556902208041591 0.5861916457306146 0.5727085083774159 0.7054119135736999 0.7412115548050524 0.6103440565042426 0.7274804940244478 0.7832388295939878 0.7999386456778246 0.8043553409099251 0.7975768644585066 0.7890760112189523 0.7800352729446963 0.6271356319247372 0.5993087557590526 0.6221069174468699 0.6029578165088736 0.5959763940889231 0.5390792907168145 -9999 -9999 -9999
-9999 -9999 -9999 -9999 -9999 -9999 -9999 -9999 -9999 -9999 -9999 -9999 -9999 -9999 -9999 -9999 -9999 -9999 -9999 0.6673930538580417 0.6430948969183311 0.6797839395259831 0.5299446991548427 0.6036281087803436 0.7433545150233808 0.8247222994616952 0.7358884064280438 0.6906398651467305 0.7213099982952613 0.7192386206330492 0.7496020770979247 0.7770764435061089 0.7798350400733072 0.8046286276929335 0.7950842771355818 0.6215688384760885 0.7495561233713222 0.7424644941297531 0.7750506220229934 0.7809022261857781 0.7861057503229902 0.7785567956792371 0.7667548999501608 0.7631026039105533 0.6294721326766819 0.6774435519323688 0.6827119183447413 0.7021207093286396 0.5549917288157125 0.5035117459513133 0.6302526787809704 -9999
-9999 -9999 -9999 -9999 -9999 -9999 -9999 -9999 -9999 -9999 -9999 -9999 -9999 -9999 -9999 -9999 -9999 -9999 0.5811402961404677 0.5973360216981163 0.40060223903231545 0.3856404819368466 0.4519093428061499 0.415491437915174 0.3672276828572745 0.5130945365825923 0.4592061683039961 0.6426086698627449 0.6530835422720076 0.6325998546507535 0.6642335466370843 0.6329097824583494 0.6505917208257381 0.6882132539990415 0.7254471487293919 0.7224573058291582 0.725981630964029 0.7359775124404166 0.755426056892229 0.7466381996426265 0.7421785458038048 0.7568425000194031 0.7365703657445286 0.7313447667185968 0.7160990487614927 0.7152840742082043 0.7059396431877599 0.6905093727147735 0.7198371874398766 0.6949603557558629 0.704659043459843 -9999
-9999 -9999 -9999 -9999 -9999 -9999 -9999 -9999 -9999 -9999 -9999 -9999 -9999 -9999 -9999 -9999 -9999 0.6435093621640384 0.6266341018231576 0.6318274850403559 0.4978111142292611 0.43780780043193335 0.468869193518748 0.4406897447305971 0.4035537070669288 0.456629044722133 0.4992452054655307 0.6198547734114164 0.6236946544951651 0.6487828233642359 0.5947253203879705 0.5813424314524449 0.5969314209096559 0.6356676215413988 0.6500796292775288 0.6754068179776649 0.663782940907311 0.6606574487437809 0.6951714679166909 0.7119374720602814 0.5819507737641371 0.6073358289395775 0.7511511779047298 0.7415301171228984 0.7245892843840535 0.6591944451655691 0.6731864493249445 0.6828680712702938 0.6901629370757776 0.6480067297308052 -9999 -9999
-9999 -9999 -9999 -9999 -9999 -9999 -9999 -9999 -9999 -9999 -9999 -9999 -9999 0.6264342949157811 0.5570010128631795 0.6072033607597662 0.5431948799098847 0.4371105014594701 0.3841129183996725 0.2511852096821359 0.2111911327918793 0.3828606200048583 0.4194443535591892 0.3911820772022978 0.3645075897417132 0.14796850805051745 0.5045881159287933 0.5410036799201325 0.5689322133243495 0.5942681472676195 0.5738835731907277 0.5544549352329979 0.588135984657474 0.5832538772532814 0.5963680586922446 0.6345648695860249 0.6372708917813135 0.6048681028425719 0.6135453330157203 0.6827978443417299 0.6782811079348763 0.6570076286368307 0.6483714286197321 0.6652059192832875 0.5942854230108473 0.4180307112716816 0.4071410701304688 0.35687507248652783 0.4873838357972477 0.3655916191683641 0.3866337072711702 -9999
-9999 -9999 -9999 -9999 -9999 -9999 -9999 -9999 -9999 -9999 -9999 -9999 -9999 0.6503431022835611 0.5689907012419515 0.5904526026268095 0.6828340906216004 0.5431521364183518 0.4542821413587211 0.3887911875419887 0.5924426839780699 0.588828261159958 0.5647717520306144 0.5586987338302024 0.5595535049921316 0.5182752576522853 0.4990586400055042 0.5398413635794259 0.5397815568227219 0.5638823352144184 0.567372432230069 0.5343927621976502 0.5375098365898225 0.6007386062132648 0.6136667822017274 0.6184720487638954 0.6386111586906641 0.6328957518096734 0.6237182303357133 0.6507784428580434 0.6265989857254652 0.5638752260296104 0.5430781313774903 0.4236548102967007 0.35984239252216993 0.4244720381998448 0.3839422558941099 0.3881361782198893 0.3638179001235207 0.3335582875592228 0.3454598886727001 0.3519562901790229
-9999 -9999 -9999 -9999 -9999 -9999 -9999 -9999 -9999 -9999 -9999 -9999 -9999 0.5193720869029519 0.4873704815360092 0.5809241914368577 0.5563452047042907 0.5938035966889428 0.4658593069621358 0.517282053995411 0.5353730017461362 0.5558913708654526 0.573121440253817 0.5677326842077624 0.5550779142940188 0.5120168951664661 0.5001545307118826 0.4859356840363196 0.4580939720791916 0.4850534871449274 0.5163556478508007 0.5310748307995642 0.5525276121654012 0.5690585195733594 0.5899439389689047 0.6334599913924884 0.6228988635916851 0.6170275085616054 0.6165505783725724 0.6064741821469442 0.6145698616812346 0.6273136424894588 0.5786209178466382 0.5181295558096967 -9999 -9999 -9999 -9999 -9999 -9999 -9999 -9999
-9999 -9999 -9999 -9999 -9999 -9999 -9999 -9999 -9999 -9999 -9999 -9999 -9999 0.5814335478845699 0.4606897569272049 0.5341650639834737 0.4901491156646213 0.5439750603030918 0.5159698269653635 0.5256052425608035 0.5198427592679021 0.5322253232166738 0.5492367368193485 0.5715706896332087 0.5555222804798996 0.5773855537327447 0.5360578101687399 0.5198999076460293 0.4987414291492256 0.47907742154221994 0.5249584180252154 0.56421958840115 0.5963886764963688 0.6064705602366159 0.6101757022653949 0.6182201953212246 0.6542550075985114 0.6609644262933397 0.6403666172962041 0.6085493345880543 0.6153767878457124 -9999 -9999 -9999 -9999 -9999 -9999 -9999 -9999 -9999 -9999 -9999
-9999 -9999 -9999 -9999 -9999 -9999 -9999 -9999 -9999 -9999 -9999 -9999 0.5152839040223718 0.4802969538203711 0.4945836021514894 0.5282257846413476 0.5168643194837228 0.5415786149320603 0.5366002042233948 0.5242524230470511 0.533313514288404 0.5243336463445348 0.4218491762205493 0.4934636569679926 0.5580959419466639 0.5572169719886053 0.5548848503548527 0.5513842028632816 0.5363990312034376 0.5074928707401349 0.532141285285614 0.5772119982840369 0.6029197715665192 0.6023127724530417 0.5988962295035379 0.6186355990208285 0.6244862950127117 0.6221850968850076 0.617452465475939 0.6543957892179657 0.6875040272771833 -9999 -9999 -9999 -9999 -9999 -9999 -9999 -9999 -9999 -9999 -9999
-9999 -9999 -9999 -9999 -9999 -9999 -9999 -9999 -9999 -9999 -9999 0.555185547426807 0.5250022569722739 0.5345767692024994 0.5330132439593895 0.611968204663162 0.642831666853591 0.5965709120020384 0.5327103230781478 0.5966832465275849 0.5715160183345604 0.5259495628404472 0.5364446341024356 0.5563922391802343 0.505667465744299 0.5958090202150191 0.5975700955726624 0.5857776739239762 0.5853820647563601 0.6130260994185202 0.6230513751580317 0.6162877016464974 0.6227464523251438 0.6379883166681948 0.6150921490594474 0.6354673483808732 0.604197152643106 0.55776518761 0.579566647626484 0.5792118735401404 -9999 -9999 -9999 -9999 -9999 -9999 -9999 -9999 -9999 -9999 -9999 -9999
-9999 -9999 -9999 -9999 -9999 -9999 -9999 -9999 -9999 -9999 0.3598737589129544 0.40510207153565536 0.5941810053669871 0.5907916779956426 0.5511797116378212 0.592753945519279 0.567954027611918 0.5882299113080427 0.5647577356058984 0.5936107412779433 0.5985764154621053 0.6254447976978115 0.5942526559888206 0.5444956971400212 0.5234830620341429 0.549435625310986 0.5895927509034309 0.6057843963670688 0.6304156767517114 0.6627261038207792 0.6627546107297876 0.6591383040530359 0.6515093974617195 0.6304565082071525 0.6084488174548152 0.589789480843053 0.6258276738111332 0.6011702056083961 0.6491049708135634 -9999 -9999 -9999 -9999 -9999 -9999 -9999 -9999 -9999 -9999 -9999 -9999 -9999
-9999 -9999 -9999 -9999 -9999 -9999 -9999 -9999 -9999 -9999 -9999 -9999 0.5437321911696047 0.531660062503365 0.4927260560827832 0.5263316488185781 0.6012889436920175 0.6308086760482877 0.6492872268674248 0.6321781113221279 0.635367549947361 0.6314812140778271 0.598163112626058 0.5856367214990297 0.618697399783112 0.6088654364662195 0.6092965374622425 0.6019244416891503 0.6191765874120359 0.6400299338826323 0.6567061575061033 0.6359843684260401 0.6473017991738815 0.6013117399080343 0.5846432984162057 0.5859661157257693 0.6332427856954187 0.6763025263656602 0.7231621872950023 0.6933902713132147 -9999 -9999 -9999 -9999 -9999 -9999 -9999 -9999 -9999 -9999 -9999 -9999
-9999 -9999 -9999 -9999 -9999 -9999 -9999 -9999 -9999 -9999 -9999 0.542993976044006 0.5855541994075966 0.5106034289999509 0.4379481729024319 0.4968659265934764 0.5349521601366599 0.5917920359594617 0.6001354169552165 0.6388677034590033 0.6571622835082065 0.6392258336839882 0.6312351849831721 0.6263711344270286 0.6243552352112073 0.6137014587583942 0.6500723398701436 0.6232445934996851 0.6022428814018995 0.5921316104152776 0.6045023439005379 0.6064280564079378 0.5838153751493957 0.5923334810334264 0.5850911488056686 0.6048248256824775 0.6199204711682593 0.6888627153744711 0.7024557102302272 -9999 -9999 -9999 -9999 -9999 -9999 -9999 -9999 -9999 -9999 -9999 -9999 -9999
-9999 -9999 -9999 -9999 -9999 0.4704935029965923 0.4749042950576475 0.4743511108978006 0.5201628849429047 0.4851663771390664 0.5197686040984986 0.5540221219625165 0.5327069720516597 0.5985198477981539 0.5830953989804315 0.5927018344821784 0.6306680853383357 0.6467934559125148 0.6634945256518991 0.654304614709579 0.6556863439197127 0.641998589084567 0.6363098790271677 0.6035338422539989 0.6137669547731888 0.6214650521203078 0.6373386053801859 0.6326449334092501 0.6147313016535596 0.6038740196238075 0.6147355099525127 0.6320734245677821 0.6183560325436674 0.6192737608905086 0.6467569275930112 0.6793488791008007 0.6748905758099266 0.6852549567820154 -9999 -9999 -9999 -9999 -9999 -9999 -9999 -9999 -9999 -9999 -9999 -9999 -9999 -9999
-9999 -9999 -9999 -9999 0.4141815048242192 0.4080860061882869 0.4153623079215334 0.3568207170654403 0.5238815402906418 0.5618750256313443 0.5539249929560348 0.5268769110170297 0.5560978161044371 0.6319754670504579 0.6213599025627355 0.6077348315353089 0.618141336791582 0.590383739012302 0.6009745574262139 0.5708999350870486 0.5617804235400108 0.5630147398246773 0.5645469591703846 0.5659357972885132 0.6124681546166428 0.6183844398586984 0.6312608570904936 0.6442054531073597 0.6462843061100465 0.6537275865980681 0.6191528443903129 0.5113958892916168 0.5619387643107693 0.6470184831368332 0.6589863371331481 -9999 -9999 -9999 -9999 -9999 -9999 -9999 -9999 -9999 -9999 -9999 -9999 -9999 -9999 -9999 -9999 -9999
-9999 -9999 -9999 0.6352450832501756 0.5644715124135475 0.3293312446539834 0.39985480832333603 0.4329841798520048 0.4434937088040897 0.4791261211664284 0.5286407027373174 0.6318862390409289 0.6739073353156821 0.6500324332185463 0.609343192301554 0.6099665038116444 0.6279499184322557 0.6172870715028391 0.6030607369750349 0.5829495096261355 0.6003634808248692 0.5836150182187192 0.5758591182632948 0.6040354948624614 0.6469944180638667 0.6299005162501766 0.6571589558486198 0.673805535942583 0.6780581582297749 0.6927244755503557 0.7068785503172473 -9999 -9999 -9999 -9999 -9999 -9999 -9999 -9999 -9999 -9999 -9999 -9999 -9999 -9999 -9999 -9999 -9999 -9999 -9999 -9999 -9999
-9999 -9999 -9999 0.5815655646432181 0.5833235436328265 0.3608138978153962 0.485974119886176 0.3702001720962338 0.3361739923740469 0.4582386785764784 0.5494266597692731 0.6121480491765299 0.4844411164425742 0.6296728170513421 0.660142323099304 0.6236148987805287 0.6411324152935002 0.6011921918162182 0.5743570762413039 0.6298133457521409 0.651517642814438 0.6335664644565553 0.5915924866161024 0.6107206401535286 0.6543548711793885 0.6700947949396507 0.6923550379496165 0.7111520394489445 0.7020833128819788 -9999 -9999 -9999 -9999 -9999 -9999 -9999 -9999 -9999 -9999 -9999 -9999 -9999 -9999 -9999 -9999 -9999 -9999 -9999 -9999 -9999 -9999 -9999
-9999 -9999 -9999 0.4614380986343152 0.3762592427286082 0.4043096861923813 0.4551791307925159 0.4585831125665468 0.5739751606843827 0.6108495650577269 0.584077451263691 0.6174038225375663 0.6453718432368412 0.6525814246617136 0.6688188252485392 0.5692788556367514 0.5958894509142634 0.5838850198524017 0.613650141590158 0.6525217386493605 0.6701199428117159 0.6592929928518898 0.6837237985961265 0.6944992759030777 0.7205497110937042 0.7192212214433052 0.7170804776164854 0.6971865556007566 -9999 -9999 -9999 -9999 -9999 -9999 -9999 -9999 -9999 -9999 -9999 -9999 -9999 -9999 -9999 -9999 -9999 -9999 -9999 -9999 -9999 -9999 -9999 -9999
-9999 -9999 -9999 0.6375870609120842 0.4242953334714151 0.4861211139039235 0.4098529086556326 0.36256719754085104 0.5575827267844792 0.6335177673847376 0.626746704276135 0.6250622892480694 0.6517095231804859 0.7159671028114278 0.6819388283285861 0.6813674541474306 0.7020137378305046 0.6968380241144092 0.6798210642007124 0.6742585612884735 0.6817421680717994 0.6936934221806982 0.6852838197633668 0.6843356587700334 0.7037413119227517 0.7031045944274434 0.7226907719322881 -9999 -9999 -9999 -9999 -9999 -9999 -9999 -9999 -9999 -9999 -9999 -9999 -9999 -9999 -9999 -9999 -9999 -9999 -9999 -9999 -9999 -9999 -9999 -9999 -9999
-9999 -9999 -9999 -9999 0.3804877317905553 0.21434207655116871 0.2505662640238292 0.4636799661429928 0.6075772867397413 0.6847393935015569 0.6410739638272007 0.635200670985705 0.6725468621836463 0.7230695449629561 0.6978941152113443 0.6643668846498072 0.6771243435911709 0.6741470641345182 0.7056053202509379 0.7055447451387836 0.712839725505919 0.7158749431665542 0.7213816916274908 0.7273871733329602 -9999 -9999 -9999 -9999 -9999 -9999 -9999 -9999 -9999 -9999 -9999 -9999 -9999 -9999 -9999 -9999 -9999 -9999 -9999 -9999 -9999 -9999 -9999 -9999 -9999 -9999 -9999 -9999
-9999 -9999 -9999 -9999 0.3683794277004661 0.3954943066823749 0.3697469512146209 0.4881539117284121 0.4313714452446113 0.5613465401660378 0.6775144695822193 0.7114551432418323 0.6966365617183967 0.7001858552521811 0.6710832485096812 0.6327195512416471 0.6553976181356699 0.6462780878408578 0.6637261472140512 0.6960920224712965 0.7500898668728966 0.7464501606027587 0.7311581985919787 0.7540547085872567 0.7780480224516682 -9999 -9999 -9999 -9999 -9999 -9999 -9999 -9999 -9999 -9999 -9999 -9999 -9999 -9999 -9999 -9999 -9999 -9999 -9999 -9999 -9999 -9999 -9999 -9999 -9999 -9999 -9999
-9999 -9999 -9999 -9999 0.6186486882279958 0.6405886421333379 0.608160290992412 0.5832662004116684 0.5898492880643094 0.5978719906749286 0.6481628071520615 0.6585762838402237 0.6751656563474284 0.6625396699340131 0.6523023589304329 0.6345424686217878 0.6489479299243293 0.6409369489576349 0.6486091488389023 0.6857067636286505 0.7287124703927792 0.7495899648243347 0.7480775114737898 0.7596906235567946 -9999 -9999 -9999 -9999 -9999 -9999 -9999 -9999 -9999 -9999 -9999 -9999 -9999 -9999 -9999 -9999 -9999 -9999 -9999 -9999 -9999 -9999 -9999 -9999 -9999 -9999 -9999 -9999
