metrics/grid_rasters/SMAP L4/grideval_SMAP L4_X_summer_2018_absolute_ubrmsd.asc
ncols 52
nrows 55
xllcorner     11.25
yllcorner     55.25
cellsize      0.25
NODATA_value  -9999
[rows 0 to 27 of 55, columns 0 to 51 of 52]
-9999 -9999 -9999 -9999 -9999 -9999 -9999 -9999 -9999 -9999 -9999 -9999 -9999 -9999 -9999 -9999 -9999 -9999 -9999 -9999 -9999 -9999 -9999 -9999 -9999 -9999 -9999 -9999 -9999 -9999 -9999 -9999 -9999 -9999 -9999 -9999 0.044221630707575135 0.04261359118596885 0.037318239274309176 -9999 -9999 -9999 -9999 -9999 -9999 -9999 -9999 -9999 -9999 -9999 -9999 -9999
-9999 -9999 -9999 -9999 -9999 -9999 -9999 -9999 -9999 -9999 -9999 -9999 -9999 -9999 -9999 -9999 -9999 -9999 -9999 -9999 -9999 -9999 -9999 -9999 -9999 -9999 -9999 -9999 -9999 -9999 -9999 -9999 -9999 -9999 -9999 -9999 0.048862980134646836 0.04602079651565315 0.043376944642192924 0.041382874773041985 0.042978414624224505 0.0428208967587239 -9999 -9999 -9999 -9999 -9999 -9999 -9999 -9999 -9999 -9999
-9999 -9999 -9999 -9999 -9999 -9999 -9999 -9999 -9999 -9999 -9999 -9999 -9999 -9999 -9999 -9999 -9999 -9999 -9999 -9999 -9999 -9999 -9999 -9999 -9999 -9999 -9999 0.025424583847125242 0.024979963931599656 0.01860594248254384 0.012443190128260688 0.02456332740923063 0.034150440431920885 0.03835693858185352 -9999 0.04985600812478701 0.047714577444121234 0.04311098782077767 0.037812011760297734 0.04977595019450437 0.055621766205157866 0.05658331057047344 0.057246150938492085 0.04894973378570186 0.05507086048203826 0.059474770287873374 -9999 -9999 -9999 -9999 -9999 -9999
-9999 -9999 -9999 -9999 -9999 -9999 -9999 -9999 -9999 -9999 -9999 -9999 -9999 -9999 -9999 -9999 -9999 -9999 -9999 -9999 -9999 -9999 -9999 -9999 -9999 -9999 -9999 0.03020275529460565 0.028853181868830076 0.02629497746111684 0.02570926789309411 0.02368711229062236 0.03212822450903497 0.038705988554964696 0.04142365954088297 0.046630052752912564 0.05078264825058874 0.050904329004895055 0.05532424767198724 0.05656578269021289 0.05981350677318605 0.0606494836564384 0.060477121254796935 0.05724798823557487 0.06168889160387728 0.058021642526810725 0.05724471383776476 0.05438328759666912 -9999 -9999 -9999 -9999
-9999 -9999 -9999 -9999 -9999 -9999 -9999 -9999 -9999 -9999 -9999 -9999 -9999 -9999 -9999 -9999 -9999 -9999 -9999 -9999 -9999 -9999 0.028168186216153933 0.015685549947110668 0.022290872425524248 0.026153989910834237 0.0275222662344362 0.03287715239276643 0.035868644051495265 0.03463901368673748 0.0322709759336239 0.03366818947712191 0.04244961535809151 0.0515236112142617 0.05273007181711695 0.05546762170094575 0.04804261165807256 0.0406822281684735 0.04389773289165372 0.04582303014372549 0.0495306060118068 0.06326462020253984 0.06192370957322783 0.04872913450730749 0.047955395120470014 0.05363657638091813 0.04759816915107698 0.04350301837246005 0.043214934247985975 -9999 -9999 -9999
-9999 -9999 -9999 -9999 -9999 -9999 -9999 -9999 -9999 -9999 -9999 -9999 -9999 -9999 -9999 -9999 -9999 -9999 -9999 -9999 -9999 0.02780896737426171 0.02492275236568965 0.02016034452756524 0.01213351242514888 0.01539809522620375 0.026467410710980386 0.026599841196898767 0.028144920322262262 0.028706365209120618 0.03269238332357262 0.043816854834331564 0.04897115806772236 0.055500011944424776 0.057829831354253576 0.05252027023963269 0.05058568601599614 0.05091884261217458 0.043382060042868965 0.04554194650158598 0.04524016126145312 0.04702277026588352 0.04906325037592768 0.04831051783921665 0.047373314940954585 0.047615141133891085 0.04673094702520352 0.04290271355656456 0.04308652585113065 -9999 -9999 -9999
-9999 -9999 -9999 -9999 -9999 -9999 -9999 -9999 -9999 -9999 -9999 -9999 -9999 -9999 -9999 -9999 -9999 -9999 -9999 -9999 0.02022886844828129 0.01882916945578917 0.031678707689385216 0.0267503199303104 0.030694316117659864 0.0322835077572047 0.02975031210584493 0.026957732060002126 0.030924403671695713 0.03376177260421916 0.0401582752421014 0.05080211161554049 0.058692984111508674 0.06391502255991124 0.07346138413268573 0.053438039230602835 0.054954972655406435 0.054769707059318336 0.058145954587655466 0.04900755668261394 0.04588034569625838 0.04447161675670338 0.05061599908755756 0.05135936940381379 0.046008962318165605 0.0515102033819872 0.05134986817884276 0.052254368535124586 0.049114916370085235 0.048811531989464696 -9999 -9999
-9999 -9999 -9999 -9999 -9999 -9999 -9999 -9999 -9999 -9999 -9999 -9999 -9999 -9999 -9999 -9999 -9999 -9999 -9999 -9999 -9999 0.03174812466414192 0.031547198031168754 0.030423069984705762 0.0252492604249619 0.03209959835661763 0.03375684353288234 0.03677062077276179 0.043075480853427286 0.04992039056881027 0.05309954971639664 0.05069969003538801 0.045223352325788516 0.04804495668313862 0.0471976363519008 0.04881182872743905 0.04340863330302645 0.045710212152442385 0.050892351532266934 0.048780359981819836 0.047935987496097614 0.049112978777294265 0.04927940529922099 0.054265381646792364 0.05492047447234205 0.05552677700245296 0.05708627780151027 0.05704958921164684 0.05407988053874 -9999 -9999 -9999
-9999 -9999 -9999 -9999 -9999 -9999 -9999 -9999 -9999 -9999 -9999 -9999 -9999 -9999 -9999 -9999 -9999 -9999 -9999 0.0348454283348261 0.03506089681188337 0.03483997139164336 0.037570602898584805 0.038498069760152985 0.03857350386013862 0.05032593450037368 0.04687721031624014 0.041274750765731984 0.046917134377651694 0.05205974349705293 0.0508029114933215 0.051687773615572565 0.051293245787090457 0.051961986608746784 0.04943450586410768 0.04912327664205465 0.04447040085210985 0.045821483584300784 0.05066428573018035 0.04995509578311448 0.04954897304041706 0.05311060616908148 0.055134876500484924 0.05620950301587315 0.059626647594764985 0.05753823653236787 0.057066683762576516 0.05716202082657933 0.06235722053436075 0.06510949173810883 0.059917880743804885 -9999
-9999 -9999 -9999 -9999 -9999 -9999 -9999 -9999 -9999 -9999 -9999 -9999 -9999 -9999 -9999 -9999 -9999 -9999 0.035075255534839686 0.0374176455886982 0.04128019953608702 0.04827179968829449 0.0504736876211326 0.04683143576978457 0.039217110765698684 0.0492702845224662 0.05616278873022935 0.06548829617302444 0.0656042732301934 0.05352563342257317 0.05274443383348812 0.04936794175781105 0.047642130455218236 0.050625636154614365 0.05015052195905277 0.04738942068715761 0.047956675739161084 0.04701582775744957 0.04834489726839007 0.04711215090988393 0.047543129119061917 0.049930967957544016 0.05461660794424392 0.05501632199104995 0.05677786172885936 0.058545733529644366 0.05754261343714941 0.05829570478385194 0.05618058892075334 0.05844991687220735 0.05713747284583405 -9999
-9999 -9999 -9999 -9999 -9999 -9999 -9999 -9999 -9999 -9999 -9999 -9999 -9999 -9999 -9999 -9999 -9999 0.040948808809270265 0.042013644032340494 0.04231810626251895 0.046054932843260114 0.053435264542183766 0.053741056576070326 0.051771185221861804 0.05389009680699319 0.05663211272838696 0.05524137563827628 0.05066737455032086 0.05458728126802955 0.054976895426618114 0.053802309422515036 0.05635648716683363 0.05460140802721985 0.051903300887037256 0.052172641356920825 0.05206626575179085 0.05207394800828884 0.053210173011020816 0.05340079707274354 0.052198690134798484 0.05565852911178889 0.05589273378340558 0.05157981933235943 0.055618140861284526 0.059135644356390814 0.06301819329912517 0.06049779217848592 0.058415925292603865 0.05709928628675229 0.061004609767088526 -9999 -9999
-9999 -9999 -9999 -9999 -9999 -9999 -9999 -9999 -9999 -9999 -9999 -9999 -9999 0.04659283499970111 0.035388552560018494 0.0393804807087763 0.03773356118976713 0.03368011097887428 0.03549720201009598 0.03270056558791217 0.035091339670183026 0.048118207341659884 0.05224660105114801 0.053233414667688266 0.04914532458074671 0.04069184270729538 0.04220070913205506 0.053044075280205584 0.06386434410734013 0.060648480391121584 0.05780906111120665 0.061530126356128825 0.056430416186479024 0.056337316096377 0.05462218512931286 0.052977149246429774 0.053575737037228295 0.057483313592548574 0.05831453970085169 0.056928077920767636 0.056878538921549635 0.05641062209910162 0.05703462158863764 0.058527239394614385 0.062346693473549264 0.06543882762923177 0.0641644479420694 0.06865523692150646 0.06383125344863383 0.06686708490112762 0.06536486031684269 -9999
-9999 -9999 -9999 -9999 -9999 -9999 -9999 -9999 -9999 -9999 -9999 -9999 -9999 0.032948249207582804 0.03028441238752073 0.03706929462978864 0.042414717169182124 0.03883959045620608 0.03772421648399943 0.034567591319393784 0.047796367528608524 0.054871809038432015 0.05384208103338861 0.05018586640043215 0.047613101818358115 0.04279836841788616 0.022132267446065244 0.048445036199400014 0.04268386840127222 0.052309885776781265 0.05221718300229738 0.050622101576754584 0.0512443232666153 0.05119581614309497 0.05463437743614637 0.05532356465452292 0.0551977671886853 0.0581127597179426 0.0617268127733765 0.060959224213037816 0.06180252042349421 0.06474857215681283 0.06449845350432222 0.08216432920439615 0.0948543067391596 0.07713419693229198 0.08395551483757481 0.07732357722330516 0.07842479520638396 0.0735444927042472 0.07247102489235625 0.06499751057669008
-9999 -9999 -9999 -9999 -9999 -9999 -9999 -9999 -9999 -9999 -9999 -9999 -9999 0.03510034176962118 0.040797634643342816 0.036724236534847084 0.03365250741042932 0.03955891237697616 0.041858302385589685 0.045912942747386366 0.05261746970247395 0.048748193772157535 0.04353156502416048 0.03620733669924652 0.04251140373099962 0.04778450251006985 0.04958182636597285 0.02486979582363969 0.03176572969091418 0.05021681921112883 0.050472039591364135 0.05237175923480684 0.05142318797278686 0.049055252729648335 0.04899410778110015 0.05115047251851966 0.05326620614742289 0.0541394888684205 0.05732809665522653 0.06185467771299145 0.061235955680998086 0.06061080652317258 0.06141897990708649 0.07085153312419941 -9999 -9999 -9999 -9999 -9999 -9999 -9999 -9999
-9999 -9999 -9999 -9999 -9999 -9999 -9999 -9999 -9999 -9999 -9999 -9999 -9999 0.03980966049426325 0.031384437392728934 0.032594431787858584 0.03128441298670198 0.045452105736077365 0.0468539357826426 0.0397736108283173 0.03822508901817269 0.03470124433564758 0.041783925664088006 0.04654092032863502 0.04769954857418807 0.0496560258195683 0.0512429601967821 0.05115060849350229 0.05152355962031525 0.05645872068854376 0.05622393475136828 0.054017114644717056 0.05251818361029332 0.053052168219411916 0.053822366588680406 0.0546746091887789 0.0543872088869027 0.05668219233920099 0.06185752483776265 0.0647968025524242 0.06026360115594906 -9999 -9999 -9999 -9999 -9999 -9999 -9999 -9999 -9999 -9999 -9999
-9999 -9999 -9999 -9999 -9999 -9999 -9999 -9999 -9999 -9999 -9999 -9999 0.04170682825010925 0.039902275927579375 0.037334683255882434 0.03674601783922374 0.03619509371753965 0.044349149911488465 0.04804510156440479 0.03982881488863493 0.04202722164239328 0.042085063021791685 0.03357130407842133 0.042430524410014485 0.04845824810052258 0.05002391714346248 0.05602248030209396 0.057526765934057936 0.0564051924138989 0.05646416209766306 0.057269919416977476 0.06021305859369413 0.055760046252210704 0.05613869321370974 0.05647239371667963 0.05691132156770319 0.05972050406237864 0.061715542708878725 0.06459470589527734 0.06418848990861843 0.06182671868040665 -9999 -9999 -9999 -9999 -9999 -9999 -9999 -9999 -9999 -9999 -9999
-9999 -9999 -9999 -9999 -9999 -9999 -9999 -9999 -9999 -9999 -9999 0.039367102756651236 0.045324017268134884 0.04926156242084345 0.046385693914402025 0.05141366866497013 0.050706713425176415 0.052454540158118776 0.043744692565822835 0.045835839396676285 0.0482035877069738 0.04896530080913285 0.04935465207504161 0.04740740450173607 0.0482283352877516 0.05350555334466865 0.0568775086574891 0.0598947039252825 0.0607740746631872 0.06036445408784285 0.06079610795458265 0.059944541622813825 0.053846321032533936 0.056210016935505265 0.05694983830893152 0.058921684646894214 0.06404241004204672 0.06620786716093216 0.06566077020254081 0.07889300830062232 -9999 -9999 -9999 -9999 -9999 -9999 -9999 -9999 -9999 -9999 -9999 -9999
-9999 -9999 -9999 -9999 -9999 -9999 -9999 -9999 -9999 -9999 0.04931052825217757 0.046886096933194885 0.05171041672419836 0.054087981886195784 0.053571868147350606 0.05632077462580627 0.04936837273249076 0.04674070221253734 0.05030529086960383 0.04791213796739312 0.042941364976281836 0.04880468904463546 0.0489298440080064 0.04769961824517625 0.051036891704711054 0.054731465559252936 0.05936014451298676 0.06099577177695574 0.06100135471319326 0.06238302401933099 0.0623450467941125 0.05948619983819376 0.05703312384971487 0.05579902060482466 0.05822214831264647 0.061982243283398186 0.06349946852320806 0.06475301649945635 0.06235709197181124 -9999 -9999 -9999 -9999 -9999 -9999 -9999 -9999 -9999 -9999 -9999 -9999 -9999
-9999 -9999 -9999 -9999 -9999 -9999 -9999 -9999 -9999 -9999 -9999 -9999 0.04897689722870408 0.041209296081713566 0.0437624811320928 0.04935445334844809 0.0552525581742338 0.05620391603819814 0.05544018781719777 0.055147380317242985 0.05712396387250877 0.05179017293950138 0.050535221959435835 0.05326017265132809 0.057276667238394335 0.05838537153249467 0.06118541669699212 0.06047395972132656 0.061884622336531775 0.06390166858916167 0.06236274049812416 0.059866062179289435 0.05932982274905201 0.05994384432014741 0.06107992932441157 0.06030012392971265 0.059341242062775836 0.05667181678097617 0.05754023212398781 0.07631235713281206 -9999 -9999 -9999 -9999 -9999 -9999 -9999 -9999 -9999 -9999 -9999 -9999
-9999 -9999 -9999 -9999 -9999 -9999 -9999 -9999 -9999 -9999 -9999 0.06656363328100602 0.06469159039391481 0.06084461360378578 0.058942633725024486 0.05403207930245234 0.05375653143947877 0.05572608403672169 0.0565764347701708 0.05798213672888178 0.05740765896984845 0.05584640468700247 0.05686825349422892 0.057701504931646164 0.05970943194479141 0.06076918040250369 0.0628531318249253 0.062160488612177364 0.061047614420679 0.06332329774881569 0.0628178567116557 0.0615454360705617 0.06371798232987236 0.06346650318669553 0.06373480282850782 0.06092090043521223 0.060040994939023914 0.0558504675828584 0.05475639702698817 -9999 -9999 -9999 -9999 -9999 -9999 -9999 -9999 -9999 -9999 -9999 -9999 -9999
-9999 -9999 -9999 -9999 -9999 0.06214433920743517 0.051545964323483656 0.05777864036152008 0.05955146050032289 0.06864263453043876 0.07014389835337284 0.05295758144691078 0.0508251638059684 0.059168584541489135 0.06054642313421035 0.06451815144807835 0.06425138811034166 0.0580880968340713 0.05829055972300271 0.062142184429995334 0.06190539608257365 0.0631093466807938 0.06339140929089147 0.06454336513720861 0.06442666792393663 0.06591629016803999 0.06741891350706887 0.06767967787776212 0.06565589175601295 0.06310221884753997 0.06203586819919767 0.06263373074576255 0.0641824568196519 0.06387826180456625 0.062481114803492575 0.05959940560608496 0.0580098172930577 0.05563803131408825 -9999 -9999 -9999 -9999 -9999 -9999 -9999 -9999 -9999 -9999 -9999 -9999 -9999 -9999
-9999 -9999 -9999 -9999 0.05065053308609193 0.05016901159797418 0.04961989828945426 0.03847773140432004 0.05794114043581788 0.055661980062951234 0.057618116604619636 0.0577952241486322 0.053744257589533176 0.0550924085568485 0.05364063725969107 0.05709729664760035 0.057035994519075865 0.0599748239479123 0.060429256256580424 0.0627596127526124 0.06601102839818619 0.06756491335177907 0.06300606621478097 0.06392708554434169 0.06394961284094089 0.06434077672145254 0.06550254286840043 0.0650479779953901 0.06451851695894756 0.06582986915375674 0.06670288422527887 0.08775476400762762 0.08819481393466991 0.0813913542905841 0.07900876753594184 -9999 -9999 -9999 -9999 -9999 -9999 -9999 -9999 -9999 -9999 -9999 -9999 -9999 -9999 -9999 -9999 -9999
-9999 -9999 -9999 0.05745841370798312 0.047982288050742485 0.03378214465479604 0.0439379450805513 0.047795034823925095 0.044575805904029216 0.046689385058339215 0.049117931709696284 0.04178557137495518 0.042726312030109764 0.050831701561894406 0.0531203733734389 0.054119646735114234 0.055461817120624 0.06055524433306528 0.0621570526048917 0.06498613859516357 0.06696270043177151 0.06830124385656539 0.06553927204587012 0.06187607009588991 0.05956830785199053 0.061741912836186616 0.061236377180418675 0.06161120226448355 0.06127949901784632 0.06201274555571629 0.06278261899561972 -9999 -9999 -9999 -9999 -9999 -9999 -9999 -9999 -9999 -9999 -9999 -9999 -9999 -9999 -9999 -9999 -9999 -9999 -9999 -9999 -9999
-9999 -9999 -9999 0.04932813825818543 0.04676344606770988 0.040569610710372635 0.05003876832855271 0.04997799208155596 0.046698089758676425 0.047529688671389334 0.051373811939440704 0.02900385715821817 0.01913656545616417 0.05091087812570662 0.05317245538283772 0.0529592489596317 0.05491345916517559 0.057096631896402926 0.06077352776413696 0.06413842650256202 0.06359676602881864 0.06277331636595726 0.06277334386601402 0.061240107402945436 0.061264180525322315 0.06095319530064749 0.060753391292058825 0.060631796698526925 0.05993265892160603 -9999 -9999 -9999 -9999 -9999 -9999 -9999 -9999 -9999 -9999 -9999 -9999 -9999 -9999 -9999 -9999 -9999 -9999 -9999 -9999 -9999 -9999 -9999
-9999 -9999 -9999 0.050907160456531285 0.06483813154564795 0.06060400355809668 0.060253514395992025 0.04823551637149026 0.05145814202948551 0.05237804633808968 0.0541908830221873 0.05085586562067882 0.05122952492953183 0.051865634132863006 0.05079991829100466 0.05007528553414877 0.05249640012099658 0.055076657421584366 0.05877833978112582 0.058807605359500366 0.05809022402016581 0.05835980636244946 0.059643269455235674 0.06236227731516935 0.06309704969683587 0.06277040508448624 0.06276466139960607 0.07344535707569083 -9999 -9999 -9999 -9999 -9999 -9999 -9999 -9999 -9999 -9999 -9999 -9999 -9999 -9999 -9999 -9999 -9999 -9999 -9999 -9999 -9999 -9999 -9999 -9999
-9999 -9999 -9999 0.06567494212544295 0.06943291439729378 0.07134935528791382 0.060794592935555565 0.050535558156752924 0.05317139444755778 0.055612959280996965 0.057899282080191676 0.05535451375140442 0.05199087354292623 0.05127109779767813 0.05269898257651957 0.05445114406916125 0.055427895217731935 0.0565467418332652 0.05887450809694681 0.0588110269470056 0.055050477298954265 0.05866565309044933 0.06374894880550429 0.06645178003780207 0.06720082054347187 0.06572101467095529 0.0632316869720754 -9999 -9999 -9999 -9999 -9999 -9999 -9999 -9999 -9999 -9999 -9999 -9999 -9999 -9999 -9999 -9999 -9999 -9999 -9999 -9999 -9999 -9999 -9999 -9999 -9999
-9999 -9999 -9999 -9999 0.057620079589904616 0.0502529067178981 0.05660686121557655 0.05436768610782808 0.05815408974037847 0.06273003576383747 0.0640329248159176 0.06139429899674646 0.058245738287856674 0.057880069014701725 0.05602623804425964 0.05660236925724335 0.05670404487197068 0.05696042789579653 0.0559062366798546 0.05734639949201975 0.05945281258962432 0.06678759188248219 0.07068236221295092 0.07213363541168341 -9999 -9999 -9999 -9999 -9999 -9999 -9999 -9999 -9999 -9999 -9999 -9999 -9999 -9999 -9999 -9999 -9999 -9999 -9999 -9999 -9999 -9999 -9999 -9999 -9999 -9999 -9999 -9999
-9999 -9999 -9999 -9999 0.06678736520486918 0.06266370754816918 0.06203163260025806 0.05747383289692262 0.05209450032083855 0.05597061205511692 0.0600620052747618 0.061364928723837975 0.05839868584654094 0.05639492972990035 0.054860552531724914 0.05100856814514988 0.05173056662998092 0.05313243443449092 0.05434877751957784 0.06106598377736552 0.06390425974160542 0.06846552624704008 0.0701084921504089 0.07061161438870739 0.06882371705829024 -9999 -9999 -9999 -9999 -9999 -9999 -9999 -9999 -9999 -9999 -9999 -9999 -9999 -9999 -9999 -9999 -9999 -9999 -9999 -9999 -9999 -9999 -9999 -9999 -9999 -9999 -9999
