metrics/grid_rasters/SMAP L4/grideval_SMAP L4_all_absolute_ubrmsd.asc
ncols 52
nrows 55
xllcorner     11.25
yllcorner     55.25
cellsize      0.25
NODATA_value  -9999
[rows 0 to 27 of 55, columns 0 to 51 of 52]
-9999 -9999 -9999 -9999 -9999 -9999 -9999 -9999 -9999 -9999 -9999 -9999 -9999 -9999 -9999 -9999 -9999 -9999 -9999 -9999 -9999 -9999 -9999 -9999 -9999 -9999 -9999 -9999 -9999 -9999 -9999 -9999 -9999 -9999 -9999 -9999 0.03632998878422233 0.035932887012369366 0.03445006507188536 -9999 -9999 -9999 -9999 -9999 -9999 -9999 -9999 -9999 -9999 -9999 -9999 -9999
-9999 -9999 -9999 -9999 -9999 -9999 -9999 -9999 -9999 -9999 -9999 -9999 -9999 -9999 -9999 -9999 -9999 -9999 -9999 -9999 -9999 -9999 -9999 -9999 -9999 -9999 -9999 -9999 -9999 -9999 -9999 -9999 -9999 -9999 -9999 -9999 0.039977968968275504 0.038886193331573934 0.03824066707986733 0.03626380723791391 0.037403390234655685 0.03724246699344387 -9999 -9999 -9999 -9999 -9999 -9999 -9999 -9999 -9999 -9999
-9999 -9999 -9999 -9999 -9999 -9999 -9999 -9999 -9999 -9999 -9999 -9999 -9999 -9999 -9999 -9999 -9999 -9999 -9999 -9999 -9999 -9999 -9999 -9999 -9999 -9999 -9999 0.03504529118184925 0.03416943559637624 0.030978512912284914 0.027848440430471275 0.040851995975024334 0.043676394833278114 0.04440577149222733 -9999 0.04313651900872119 0.04321360476783375 0.042527421858132713 0.0403791522960209 0.036885708797781525 0.03972240277345728 0.04096476041355843 0.04138496186340943 0.0384601803954321 0.040093203072397436 0.041249870417840166 -9999 -9999 -9999 -9999 -9999 -9999
-9999 -9999 -9999 -9999 -9999 -9999 -9999 -9999 -9999 -9999 -9999 -9999 -9999 -9999 -9999 -9999 -9999 -9999 -9999 -9999 -9999 -9999 -9999 -9999 -9999 -9999 -9999 0.033650333652531436 0.03241525704196317 0.03716724819530071 0.041810755435914386 0.0403902918439993 0.04256081777352976 0.04779765861505903 0.049833074016341135 0.04686988972913002 0.04478462833661214 0.041537940701982336 0.040239664294559545 0.04076720309627959 0.04214257496323625 0.0429132152258697 0.04311174239822735 0.042404339590236935 0.041407259958977316 0.04002922667983603 0.03898611375852035 0.038085019448361526 -9999 -9999 -9999 -9999
-9999 -9999 -9999 -9999 -9999 -9999 -9999 -9999 -9999 -9999 -9999 -9999 -9999 -9999 -9999 -9999 -9999 -9999 -9999 -9999 -9999 -9999 0.030510050321660508 0.0369821813367777 0.03393783874480842 0.035836633050020716 0.03185633657011371 0.03254317947103973 0.03270908039454072 0.03456045095323533 0.04067506294389915 0.04257463573448175 0.044586573137883834 0.0474886801135775 0.04591633157757727 0.04337205727503751 0.03724904384071162 0.03539325138293812 0.0347991772279392 0.035114458964216645 0.03701202266233836 0.04030997325135463 0.04046102786823722 0.03863216825883265 0.03912516649087932 0.04010444963462532 0.03810923381427092 0.037188961843374176 0.036217896087718436 -9999 -9999 -9999
-9999 -9999 -9999 -9999 -9999 -9999 -9999 -9999 -9999 -9999 -9999 -9999 -9999 -9999 -9999 -9999 -9999 -9999 -9999 -9999 -9999 0.03345530702665343 0.03459228998002719 0.03283634303710771 0.01877011167025169 0.02185168376122831 0.031835993031494134 0.03297677172080783 0.03470811465373637 0.03957472705320435 0.043677159034250235 0.042635372003700364 0.04230839186374523 0.04203962689375218 0.04195618315936665 0.037440317529995465 0.036302112469765536 0.036207572592492285 0.035139948653075334 0.03628687685243906 0.03777522283398528 0.03899612550537376 0.04003683753205721 0.04057321061041407 0.03955562843823431 0.03887588202976477 0.037624919151359126 0.03636257152988414 0.036146593216888186 -9999 -9999 -9999
-9999 -9999 -9999 -9999 -9999 -9999 -9999 -9999 -9999 -9999 -9999 -9999 -9999 -9999 -9999 -9999 -9999 -9999 -9999 -9999 0.027504825069568785 0.02474032458681285 0.032816826703208034 0.029487511902462567 0.02865579302069075 0.027133521613255975 0.028831039032700286 0.03563415506018515 0.0365099947772841 0.03760523186621124 0.04109570108426524 0.043214483028023686 0.04381265883348523 0.04303749332497068 0.05280683964903681 0.0372773904178932 0.0378921700368343 0.03756548957639928 0.03992856365474957 0.03797375400025579 0.03797821699938959 0.038766665226896514 0.04263218841211963 0.042666786620277584 0.03714631240625354 0.03958672516750411 0.03984756224370693 0.04035744889463844 0.038813892239937066 0.03826519342205422 -9999 -9999
-9999 -9999 -9999 -9999 -9999 -9999 -9999 -9999 -9999 -9999 -9999 -9999 -9999 -9999 -9999 -9999 -9999 -9999 -9999 -9999 -9999 0.03441803942771371 0.034306466528193386 0.03135581535760233 0.030436721076915012 0.028279540767506026 0.033816960972845075 0.03903309412708896 0.046511791729448665 0.040926060070720915 0.03993710712408388 0.04199966913010612 0.04555093107853818 0.040816788408918725 0.036183817282282864 0.03972117361879337 0.03650206844415133 0.03598197490555867 0.03782919593497856 0.03771233473663063 0.037762177732581316 0.03826364129172166 0.038788563680586766 0.042784966929666296 0.04172260892768457 0.040271017661962526 0.041024519332399735 0.040631376914752576 0.03982098753576952 -9999 -9999 -9999
-9999 -9999 -9999 -9999 -9999 -9999 -9999 -9999 -9999 -9999 -9999 -9999 -9999 -9999 -9999 -9999 -9999 -9999 -9999 0.03413767243657709 0.036458569365871836 0.03634991843222458 0.03710003827606016 0.036159402742648686 0.03623624238003258 0.0402045820962888 0.03915323487584477 0.03662011346811405 0.03637734531702713 0.037298237175470934 0.03699082147815829 0.03713232606153273 0.03677999902353338 0.034908828062234165 0.034404219729159975 0.03871613845804283 0.03551189106840698 0.036893086468339976 0.03865088308840935 0.038367401264403564 0.03773944159913718 0.03746105766083259 0.03725857566966905 0.03750798047976537 0.0409936633072799 0.03887802049303702 0.03836611663498593 0.03788300112298359 0.04045323132039626 0.03968706321372233 0.035683381545259164 -9999
-9999 -9999 -9999 -9999 -9999 -9999 -9999 -9999 -9999 -9999 -9999 -9999 -9999 -9999 -9999 -9999 -9999 -9999 0.03464301745782973 0.035288297428780244 0.03954659184056149 0.04133169598538581 0.04344114963207204 0.04541992996071086 0.046147950179282964 0.0420590788752542 0.04241303394917025 0.04074851058762812 0.03973957045379408 0.0378694845137082 0.03702053767194241 0.036828828114295775 0.03572305438998778 0.035543792217848334 0.03475227532580688 0.034638068051982905 0.03493311434068145 0.03499729251937785 0.03511718917398638 0.03578010585448715 0.03613401953045856 0.035713999337409964 0.03610629917579782 0.035983020417283934 0.036080764080597315 0.036243606794412436 0.035909347614988374 0.03630601617722179 0.034695150999673324 0.03493168650484165 0.03425713017670892 -9999
-9999 -9999 -9999 -9999 -9999 -9999 -9999 -9999 -9999 -9999 -9999 -9999 -9999 -9999 -9999 -9999 -9999 0.03296980277069543 0.034190186070667004 0.0373738334601853 0.04043634149429152 0.045545493222004095 0.043060994651982584 0.039312894733218896 0.042602745811524616 0.039521886834125344 0.03876902887658061 0.03610856410056235 0.03678012064901441 0.03624724318906327 0.03667148179566696 0.03729225988456162 0.03727500186974843 0.03580322969621681 0.0357304491662871 0.03487536382349103 0.03472107910697991 0.034620817189284114 0.034211051399272344 0.034438994256868416 0.03800917650078396 0.0380142326424683 0.0340661273877851 0.03579147895981681 0.03566552724076693 0.03623468857247457 0.03549988043455494 0.03522728230026409 0.034448509917709404 0.03605835049876106 -9999 -9999
-9999 -9999 -9999 -9999 -9999 -9999 -9999 -9999 -9999 -9999 -9999 -9999 -9999 0.033203014837609346 0.03529776105489838 0.035548513306596724 0.03546655694225502 0.035139710241361435 0.036203042743058376 0.03824627010899324 0.03956093781102375 0.04015778692928193 0.041058968166411865 0.039107168939078604 0.03753327966503304 0.0381131205254694 0.026812530208003414 0.035339110676879414 0.03835233346391935 0.03671777725043285 0.0360637599903388 0.036972656282347034 0.03532781990962243 0.03622027810800202 0.035482092062299415 0.033945559776142414 0.034184943877666636 0.035009684112468256 0.034674143380381266 0.03333563500825715 0.03326975576760965 0.03308362084189693 0.03350357918364155 0.034335355045488236 0.03579516915528275 0.038671978537090174 0.03774043204003952 0.03925884555622222 0.035949344563395234 0.038374731499441234 0.037932007439724094 -9999
-9999 -9999 -9999 -9999 -9999 -9999 -9999 -9999 -9999 -9999 -9999 -9999 -9999 0.03473875670596414 0.036621389338113465 0.037632948591726716 0.03990029257283119 0.04048443505681403 0.038324297789994057 0.03518614115110001 0.03697497966183545 0.03895152220627602 0.03855266215113983 0.03556922299438767 0.034002783352315234 0.0314986729369265 0.017226521637547648 0.033109908257552695 0.029190104381561638 0.03443864365413375 0.033983995509099835 0.033798052105257784 0.033872173004080484 0.03307437099382965 0.034059406818335615 0.03363153353525974 0.03279235263970392 0.033175417962010234 0.034049986111203204 0.03369308402157813 0.03349020412217798 0.034866893769925154 0.035190289807424543 0.04167439675847048 0.052659758043799305 0.04149874857770225 0.043636457699075135 0.04186217327494721 0.041836045197124964 0.0412790815242099 0.040961057340347884 0.03760427814514218
-9999 -9999 -9999 -9999 -9999 -9999 -9999 -9999 -9999 -9999 -9999 -9999 -9999 0.03572600899778111 0.0417892317053585 0.03926715031355092 0.039559696858708325 0.03791740576572232 0.03958271684530919 0.0373095571442376 0.03731220264495067 0.035357836753947214 0.03365076748017869 0.031232690833110262 0.032400564775658364 0.033656250366587474 0.033726772086530535 0.019508572228425818 0.023888350270740502 0.033964093505544926 0.03380531814334437 0.034229269945469896 0.03257468174628657 0.03187509369652946 0.032350860173287525 0.032151354072420375 0.03227442318151436 0.032172110669264835 0.032805842131966516 0.03414901703844537 0.0334260236088151 0.033529511408345376 0.03445744090194328 0.04082040379015761 -9999 -9999 -9999 -9999 -9999 -9999 -9999 -9999
-9999 -9999 -9999 -9999 -9999 -9999 -9999 -9999 -9999 -9999 -9999 -9999 -9999 0.03594335212055138 0.03758570417275757 0.036802925135353964 0.03793751330128423 0.037701090979215486 0.038053806040621495 0.034384341257074964 0.03338679692976302 0.027411292869351397 0.0313238048195366 0.033210578452536374 0.03292879534121833 0.03228460641612406 0.03250684899970799 0.03237496823552509 0.0327333627352407 0.03454474174745337 0.034201332746400685 0.033410378996858614 0.03202181847408391 0.03200475621703766 0.032429201451407465 0.0325992848740397 0.03168188149823479 0.032144922703714274 0.03370069080704912 0.034897884499234894 0.03416615938915138 -9999 -9999 -9999 -9999 -9999 -9999 -9999 -9999 -9999 -9999 -9999
-9999 -9999 -9999 -9999 -9999 -9999 -9999 -9999 -9999 -9999 -9999 -9999 0.03673882819851243 0.038093111070376114 0.038343372681637095 0.0407086578686641 0.038629345245422934 0.03750926854451963 0.03672377227380292 0.03371941634052888 0.032757590563301665 0.03178759920348752 0.0313306688951089 0.031631057863939216 0.032391320767467535 0.032022529436091275 0.033908275181191536 0.03374172282144434 0.03311790531310105 0.03320907399239288 0.03299875051958494 0.033933016553302574 0.031993040275290666 0.03217535477379902 0.032059440934366294 0.03202352828793773 0.033309350730747554 0.034421322838411636 0.03547522859431401 0.034612764910660905 0.03464636836383364 -9999 -9999 -9999 -9999 -9999 -9999 -9999 -9999 -9999 -9999 -9999
-9999 -9999 -9999 -9999 -9999 -9999 -9999 -9999 -9999 -9999 -9999 0.03645972285740291 0.03741952383662159 0.03672355455770954 0.03673452693852479 0.037898178266457735 0.03676093565612358 0.03669882193339782 0.03470407451191563 0.03244995192514387 0.03219980959332551 0.03259999815346306 0.032370436508538186 0.031722726415099683 0.03220757315715031 0.03256282618558831 0.03357700820713693 0.0339925276975966 0.034148710225818744 0.032893801911272995 0.032838402586457115 0.032821793713366916 0.03022769107135312 0.031136437867823236 0.031145253821525574 0.032154181570483074 0.0348403765795059 0.03649244799421349 0.037177564968833836 0.04404700500278647 -9999 -9999 -9999 -9999 -9999 -9999 -9999 -9999 -9999 -9999 -9999 -9999
-9999 -9999 -9999 -9999 -9999 -9999 -9999 -9999 -9999 -9999 0.04047331299515125 0.0422077163173963 0.04062284276806543 0.0399793140766944 0.04144402942080909 0.03782253470515084 0.03554851158196879 0.03378059974856867 0.03424998645845288 0.03176208219296736 0.031077681808010994 0.03125467477883812 0.03150850334477188 0.030743483438317988 0.03177795297323559 0.03232168220982951 0.03382323271928333 0.033792625465507764 0.0330363302288462 0.03289424172492312 0.033037780966450256 0.03224368291854219 0.03154727681717266 0.0310239893560856 0.03181845453179289 0.03362896774664821 0.03425206958996368 0.035471685211089364 0.03562846273153735 -9999 -9999 -9999 -9999 -9999 -9999 -9999 -9999 -9999 -9999 -9999 -9999 -9999
-9999 -9999 -9999 -9999 -9999 -9999 -9999 -9999 -9999 -9999 -9999 -9999 0.03480750353165174 0.036127116389256766 0.037767875415714455 0.03454182142831813 0.03485468869079175 0.03470789010048418 0.03394727276564573 0.03348993964545654 0.03389046338863553 0.031843871394293635 0.03138127664083434 0.03138228715629491 0.0318890870551653 0.03172616511961561 0.032896405370346674 0.03259273037451441 0.03299162478123769 0.0335656459532976 0.03316354573261023 0.03245620682138665 0.03277481018567085 0.03296593207044303 0.03353088334109378 0.03398056602941471 0.034065059973170296 0.03341012256255345 0.034921172425930166 0.04521534341048936 -9999 -9999 -9999 -9999 -9999 -9999 -9999 -9999 -9999 -9999 -9999 -9999
-9999 -9999 -9999 -9999 -9999 -9999 -9999 -9999 -9999 -9999 -9999 0.039270057994848 0.04088248958072322 0.037776353503092566 0.038116851230727306 0.03484587926431624 0.034073402082573694 0.034608047116326084 0.03382288980426123 0.033796815693849486 0.032895861539491755 0.03205457575436245 0.03249475665347406 0.031838261957282066 0.03158010596640454 0.031485392837033416 0.032083722545269165 0.032037891499718536 0.031774826538543466 0.03326664564760549 0.033517522971938704 0.032934592757721405 0.03449224818313067 0.03577824994573064 0.03693274158357228 0.03663089089646455 0.03716052798878577 0.036252353782200375 0.03709542850630392 -9999 -9999 -9999 -9999 -9999 -9999 -9999 -9999 -9999 -9999 -9999 -9999 -9999
-9999 -9999 -9999 -9999 -9999 0.03524080009654945 0.036964742818824184 0.03457053200391996 0.03304416729791482 0.03631827059370802 0.03890019582602515 0.036268731675363874 0.034366451676895754 0.035027157818132565 0.03549930994098572 0.03677550895682302 0.03608098322097431 0.034431708695037984 0.03329434172834029 0.034275955824282965 0.034070674840486294 0.0346508061489917 0.035033678871479665 0.03496045557131438 0.034103066411928284 0.033883843281583344 0.03383688837178213 0.03462187065703424 0.034511510814695036 0.034455437382493334 0.03454155194365319 0.035683472020241684 0.03729292873323863 0.03784940233413628 0.0374677255566449 0.03771382585172163 0.038013950380055055 0.036439425994703095 -9999 -9999 -9999 -9999 -9999 -9999 -9999 -9999 -9999 -9999 -9999 -9999 -9999 -9999
-9999 -9999 -9999 -9999 0.038369892029537084 0.036452013839502834 0.040241220663435634 0.032296849058897674 0.03787460213412293 0.03660997948703152 0.03684615237976245 0.03717249796888955 0.034364846898225 0.034746039339598245 0.033346598728615236 0.03364428600534304 0.03271039157070707 0.03354967310276037 0.033054604747018955 0.03409630053650233 0.036120271204545015 0.037771539720052254 0.03483632614393772 0.03620719872308024 0.03603903987365434 0.03585944776177652 0.035798481285620784 0.03535746495418183 0.035270403347230965 0.03567051268380881 0.0365133856406404 0.05377276175561086 0.0559036794027076 0.052788559838931916 0.051620880815015965 -9999 -9999 -9999 -9999 -9999 -9999 -9999 -9999 -9999 -9999 -9999 -9999 -9999 -9999 -9999 -9999 -9999
-9999 -9999 -9999 0.031560781636164915 0.03358655191277176 0.0352163675942798 0.033418014042318867 0.034616706567740865 0.03324515873030216 0.03320274979562665 0.03399063727936201 0.029669689723530963 0.02905185043108555 0.03230155890397544 0.032255625054063965 0.03146333666939196 0.0313795223772091 0.03305988011344716 0.03349469649017735 0.03493385015454056 0.0362284752155257 0.03841569331874932 0.03836037642560401 0.03767338626783572 0.03741314448784732 0.037003033922242405 0.035760160240912865 0.03668873296943325 0.03721587939219451 0.0372333960319958 0.0381578598958223 -9999 -9999 -9999 -9999 -9999 -9999 -9999 -9999 -9999 -9999 -9999 -9999 -9999 -9999 -9999 -9999 -9999 -9999 -9999 -9999 -9999
-9999 -9999 -9999 0.03074730341263528 0.03084896987293498 0.033573953359044915 0.034136154929853044 0.03446585592077858 0.03295700623615562 0.03251029710440697 0.03356915984634399 0.019233655263718775 0.01923835204144314 0.03139511165623892 0.032324564545950736 0.030570374541896293 0.030868052495807763 0.031634948128563406 0.03303849494180017 0.03530365397592522 0.035822937928633294 0.03635512051085752 0.03671128705014921 0.037682466629217 0.038068657102789186 0.037822277184454266 0.03670086983682675 0.03634046402310113 0.03748404682817105 -9999 -9999 -9999 -9999 -9999 -9999 -9999 -9999 -9999 -9999 -9999 -9999 -9999 -9999 -9999 -9999 -9999 -9999 -9999 -9999 -9999 -9999 -9999
-9999 -9999 -9999 0.03347210230962841 0.03771797471632688 0.035346686272609174 0.03795443131360867 0.032724290002353745 0.032308171627941085 0.0316988528683193 0.0324814388110013 0.031326583037976724 0.03248864268297227 0.031435778456893874 0.03074179718049612 0.030481519442053868 0.030658517256868568 0.03173650366041278 0.033677808919609635 0.03484708116410814 0.03568929223063517 0.03522089828718865 0.03474237083969473 0.03567217436416525 0.03634820969353901 0.037036500676798575 0.04014937178813762 0.04889083079826653 -9999 -9999 -9999 -9999 -9999 -9999 -9999 -9999 -9999 -9999 -9999 -9999 -9999 -9999 -9999 -9999 -9999 -9999 -9999 -9999 -9999 -9999 -9999 -9999
-9999 -9999 -9999 0.035139506703153606 0.03810056834022107 0.03909344745165523 0.03751840601901031 0.03209305530786795 0.03128068191754335 0.03214619205479858 0.0326544379202205 0.03237997316762708 0.03170966152093181 0.0305845779640496 0.031221526355492562 0.03112487305973815 0.03100375996269765 0.031942855785889984 0.033030140384538983 0.03497958266300129 0.03256955669945392 0.033732482757651235 0.03562221262079887 0.03649013072063908 0.036788111089020484 0.03684902381071332 0.036936919265277035 -9999 -9999 -9999 -9999 -9999 -9999 -9999 -9999 -9999 -9999 -9999 -9999 -9999 -9999 -9999 -9999 -9999 -9999 -9999 -9999 -9999 -9999 -9999 -9999 -9999
-9999 -9999 -9999 -9999 0.03720278025321467 0.03786706765905688 0.03852799104938382 0.03360856781395456 0.034356186825250684 0.03621729129895288 0.03567304345757664 0.0339286448609704 0.03291852965094425 0.032792317068566355 0.031982086372310474 0.03138064683379714 0.031702266952337445 0.03333615193395492 0.033104476673342986 0.03365392889315147 0.03428341169183248 0.03607904816335773 0.03700541354407208 0.03736500630637876 -9999 -9999 -9999 -9999 -9999 -9999 -9999 -9999 -9999 -9999 -9999 -9999 -9999 -9999 -9999 -9999 -9999 -9999 -9999 -9999 -9999 -9999 -9999 -9999 -9999 -9999 -9999 -9999
-9999 -9999 -9999 -9999 0.03753881869786657 0.03625805416508533 0.037598182200396964 0.03552389661822327 0.03492501796617363 0.03416839741381558 0.03560724028927035 0.03648960008390533 0.03384136829287436 0.03310195175906545 0.033516114043137916 0.0314919739871318 0.03211201867188928 0.03343794147469032 0.033601009967616426 0.03505473162578439 0.035382865188875665 0.03609613496508813 0.035678814522750214 0.036101859347195515 0.036770414490267266 -9999 -9999 -9999 -9999 -9999 -9999 -9999 -9999 -9999 -9999 -9999 -9999 -9999 -9999 -9999 -9999 -9999 -9999 -9999 -9999 -9999 -9999 -9999 -9999 -9999 -9999 -9999
