metrics/grid_rasters/SMAP L4/grideval_SMAP L4_S_fall_absolute_ubrmsd.asc
ncols 52
nrows 55
xllcorner     11.25
yllcorner     55.25
cellsize      0.25
NODATA_value  -9999
[rows 0 to 27 of 55, columns 0 to 51 of 52]
-9999 -9999 -9999 -9999 -9999 -9999 -9999 -9999 -9999 -9999 -9999 -9999 -9999 -9999 -9999 -9999 -9999 -9999 -9999 -9999 -9999 -9999 -9999 -9999 -9999 -9999 -9999 -9999 -9999 -9999 -9999 -9999 -9999 -9999 -9999 -9999 0.02582479110448386 0.02689256514617741 0.029071259519560206 -9999 -9999 -9999 -9999 -9999 -9999 -9999 -9999 -9999 -9999 -9999 -9999 -9999
-9999 -9999 -9999 -9999 -9999 -9999 -9999 -9999 -9999 -9999 -9999 -9999 -9999 -9999 -9999 -9999 -9999 -9999 -9999 -9999 -9999 -9999 -9999 -9999 -9999 -9999 -9999 -9999 -9999 -9999 -9999 -9999 -9999 -9999 -9999 -9999 0.030069726067836637 0.03139799993995989 0.03314128961283369 0.02750788081092052 0.030070887435263826 0.03099273068429707 -9999 -9999 -9999 -9999 -9999 -9999 -9999 -9999 -9999 -9999
-9999 -9999 -9999 -9999 -9999 -9999 -9999 -9999 -9999 -9999 -9999 -9999 -9999 -9999 -9999 -9999 -9999 -9999 -9999 -9999 -9999 -9999 -9999 -9999 -9999 -9999 -9999 0.026070302780051003 0.022914761082792875 0.020291197053812104 0.02062118564648456 0.02989897355621528 0.03448460052881093 0.03535645037550142 -9999 0.03712543530539604 0.03881035181281373 0.03820135550366431 0.0355965638998739 0.028916984273077963 0.02950253600290262 0.03218816033829213 0.03274702540651793 0.03189367010315786 0.03342305726294021 0.033325858078076045 -9999 -9999 -9999 -9999 -9999 -9999
-9999 -9999 -9999 -9999 -9999 -9999 -9999 -9999 -9999 -9999 -9999 -9999 -9999 -9999 -9999 -9999 -9999 -9999 -9999 -9999 -9999 -9999 -9999 -9999 -9999 -9999 -9999 0.023886000929757886 0.022641576978910057 0.025372838107822097 0.028981819927010388 0.028054632488211013 0.029923584474310577 0.03557183597199528 0.03953948166834236 0.03941869435039077 0.03886047132363042 0.03474881641292645 0.0315576902505701 0.03378856456083574 0.035610900490379724 0.03693281354201668 0.037981318675738215 0.03745950809180328 0.03348590937305454 0.03337756879134232 0.0325333881695807 0.03146775018570254 -9999 -9999 -9999 -9999
-9999 -9999 -9999 -9999 -9999 -9999 -9999 -9999 -9999 -9999 -9999 -9999 -9999 -9999 -9999 -9999 -9999 -9999 -9999 -9999 -9999 -9999 0.022751142785021043 0.0260524429140672 0.023996952031109905 0.025260776702290124 0.02577185553790473 0.02186844686403698 0.020852884488295958 0.022384228953748676 0.028241794536044074 0.029987385920950745 0.033365447804910416 0.03854430271694327 0.03846810731723089 0.0330065210663424 0.02807668991727968 0.027415641003590414 0.028261963225968894 0.03020592262664905 0.034313568789052694 0.035600610926065174 0.03695669261278526 0.03510180771114989 0.036038013042421525 0.036012450828148995 0.035036076781898816 0.03408550128885285 0.0322246320769847 -9999 -9999 -9999
-9999 -9999 -9999 -9999 -9999 -9999 -9999 -9999 -9999 -9999 -9999 -9999 -9999 -9999 -9999 -9999 -9999 -9999 -9999 -9999 -9999 0.023747778767337174 0.02390127381971309 0.0226934310996394 0.013898847675707976 0.017471923309045716 0.023498588146269855 0.021507659957016142 0.02207091079178173 0.024084000331519816 0.030824996221097037 0.03127483512038552 0.03272002010927555 0.0370786423414109 0.038139443438064836 0.030272787329829225 0.028647481563499173 0.03036659082989052 0.03129060732989467 0.032229371197283634 0.037111825116923534 0.039055533484257526 0.03923477767553569 0.03948021503834242 0.03704676664514407 0.035477798450500364 0.0335106349557182 0.033341113188719206 0.03241121776627541 -9999 -9999 -9999
-9999 -9999 -9999 -9999 -9999 -9999 -9999 -9999 -9999 -9999 -9999 -9999 -9999 -9999 -9999 -9999 -9999 -9999 -9999 -9999 0.020539061884028115 0.017497287409829337 0.02155876926345672 0.020926190591314016 0.02071218275763166 0.0190753456376474 0.01895887034767566 0.024474672016566758 0.02469548769803796 0.026646852988650847 0.03169824793426193 0.0342082703301265 0.036659284649929215 0.0392235462584194 0.05559969995999077 0.029389075763479093 0.031408711744904304 0.0323998679977737 0.035860833216087434 0.03743995415270214 0.03865427201510782 0.03954177093285829 0.041789979899731614 0.04171277305293724 0.033250606869535015 0.03478297999073633 0.035144502654205725 0.035066710440116125 0.033992982918726634 0.033440741423769835 -9999 -9999
-9999 -9999 -9999 -9999 -9999 -9999 -9999 -9999 -9999 -9999 -9999 -9999 -9999 -9999 -9999 -9999 -9999 -9999 -9999 -9999 -9999 0.022882190201736843 0.02352270428568136 0.022907323234724414 0.0224380271227605 0.020555030078134483 0.02418219171130909 0.03040002356453593 0.03545246644365551 0.029817676283989625 0.03006046067741687 0.03367087882122327 0.03963655797718155 0.03882364161248576 0.032104518939957465 0.0367484774163628 0.032787153270556015 0.03337239238787658 0.035678659365554616 0.036560313406644285 0.03698870821672889 0.03755735616620831 0.03819525447531301 0.04114723559589679 0.03927181851456378 0.035868369629267885 0.03701840082870996 0.03536770605050001 0.03581186527069523 -9999 -9999 -9999
-9999 -9999 -9999 -9999 -9999 -9999 -9999 -9999 -9999 -9999 -9999 -9999 -9999 -9999 -9999 -9999 -9999 -9999 -9999 0.025289337283785133 0.026549533581254302 0.025592242899712892 0.026534558190257143 0.027453641911579344 0.02793674821173257 0.027528169841624824 0.02794129466615697 0.028201929338506782 0.02565972315171069 0.026282321483643536 0.027530630477973852 0.029758774536232286 0.03139893640482103 0.029859393242499994 0.030945230218292562 0.03619816815971187 0.03240533412619958 0.034189095406498296 0.03656915753739445 0.0362625168168457 0.03644209402689834 0.034209142120049836 0.03340002306704127 0.033896982197184775 0.03741597357389632 0.035465105832061035 0.03509268827169658 0.034160013186521516 0.03611408541436335 0.033233451977366546 0.028618911778846567 -9999
-9999 -9999 -9999 -9999 -9999 -9999 -9999 -9999 -9999 -9999 -9999 -9999 -9999 -9999 -9999 -9999 -9999 -9999 0.024021320508110157 0.025205250328221556 0.02964585396895775 0.030411674076285932 0.030860536321308068 0.031636491092688165 0.03265083358482601 0.029963035750815124 0.03081362672167349 0.025578351115575347 0.026912007290022025 0.02983490250704386 0.03000709124554048 0.031087497062861583 0.029227769373101373 0.029293240171950605 0.0279167698323087 0.028578950015125056 0.02873870273879085 0.029963638437221725 0.030667045466250164 0.032109276581239354 0.03274093832966695 0.031748848145697346 0.03093549410612547 0.030287059167450586 0.029040532714870494 0.028362784789593663 0.02776264486273463 0.029152584948420174 0.02764927470774756 0.02626932093300972 0.026381672808187998 -9999
-9999 -9999 -9999 -9999 -9999 -9999 -9999 -9999 -9999 -9999 -9999 -9999 -9999 -9999 -9999 -9999 -9999 0.0236282219160758 0.024558465119158948 0.027866125924622696 0.03026541603715417 0.032925667358017364 0.030352545580681508 0.027483191892524832 0.03026916953575398 0.028745410868130032 0.030010819221502838 0.026868361158457667 0.028925020771404807 0.030120089523601817 0.03152190369679268 0.031920575081357865 0.03198459431699037 0.02989942827087066 0.029204286551896805 0.028235521850661093 0.027797031626055745 0.02657523866442179 0.02601204499223364 0.02724589007374522 0.031737388558030405 0.0327904499509809 0.028344877922028024 0.030125309949737108 0.027890666182680816 0.02652693130121363 0.025733393249954592 0.02679809089212549 0.025075687673622102 0.02462184680586669 -9999 -9999
-9999 -9999 -9999 -9999 -9999 -9999 -9999 -9999 -9999 -9999 -9999 -9999 -9999 0.024734787563971888 0.02625841581100221 0.025387178184440508 0.026132386645300928 0.02558499825893396 0.025562448899998917 0.02637696021407282 0.02740922635113257 0.029254190290956918 0.029356467416537926 0.02549453233406154 0.026793130191272232 0.02579924335884337 0.020535687516501668 0.0264375501026124 0.026852736351620932 0.02760138521975341 0.02746747041968085 0.027332331473556053 0.02735874373824619 0.027589240232207976 0.026936668610918098 0.026067779901351288 0.02667676627957922 0.026311017451336648 0.024845755649933108 0.022127911748799797 0.021279394636406827 0.020826467861895327 0.021302140783163108 0.022707755111699486 0.024761165128667276 0.02831350376762116 0.026738232942357443 0.028268764662839094 0.02296647369404484 0.02481464592187302 0.024205243520485697 -9999
-9999 -9999 -9999 -9999 -9999 -9999 -9999 -9999 -9999 -9999 -9999 -9999 -9999 0.026866902903440237 0.02749746949621197 0.02627722776996375 0.02726245513230191 0.0297171587808904 0.02728260875531457 0.02518438996205356 0.024812667901850143 0.025305370542080482 0.02441212965135386 0.023711566499251047 0.024004535861279163 0.022567092651676286 0.014306697894029025 0.02457828180446529 0.02328769829610112 0.025715756550956925 0.024625856538367782 0.02389066262542244 0.0233976017247158 0.02279705637595095 0.02293330423603257 0.02271203684617957 0.022507584706104325 0.02330840847505044 0.02245724142045945 0.02000848241184529 0.020095695900777286 0.020533565814297616 0.02069580442786868 0.0332611954873373 0.048884108344526084 0.03263459466935082 0.0329732882118914 0.031707989878066056 0.028759555691644963 0.027345312016532383 0.02725435376528693 0.02498080426288989
-9999 -9999 -9999 -9999 -9999 -9999 -9999 -9999 -9999 -9999 -9999 -9999 -9999 0.025175786418303252 0.029629650770930188 0.0291593397625964 0.030055989097264105 0.028752114295717574 0.02682131051430501 0.02444177196189767 0.02398754913038576 0.02314823730435031 0.02217424876500128 0.021771511154480963 0.02191888888426929 0.022549939064232492 0.02401655228942168 0.017116548636600986 0.020128535017138686 0.0258505298247892 0.025295595494521282 0.025724840277270084 0.022488718452195872 0.022188514732640125 0.023251608933986482 0.02374514847265781 0.022216269833461963 0.02079235344624697 0.0192412795513084 0.018757230559451627 0.019089639325047415 0.02002170223481768 0.022665167795113444 0.03314150618599592 -9999 -9999 -9999 -9999 -9999 -9999 -9999 -9999
-9999 -9999 -9999 -9999 -9999 -9999 -9999 -9999 -9999 -9999 -9999 -9999 -9999 0.02715183694408387 0.02747881770040252 0.027468775394287083 0.028783886303650138 0.027207237277743712 0.024082577412562905 0.022632228362502085 0.022238335146018348 0.018407410914853237 0.020918618790180126 0.02152818089268616 0.02110324535204373 0.020725480796074364 0.022202555439442738 0.023970109641084484 0.02423349810407741 0.025244782200611743 0.02431948304790994 0.02389644756657812 0.02260873555691593 0.022948543568312756 0.02362425394841862 0.02395388178327024 0.023231148767160727 0.022530336837148574 0.02132111142635946 0.0209935748209819 0.020388416399839616 -9999 -9999 -9999 -9999 -9999 -9999 -9999 -9999 -9999 -9999 -9999
-9999 -9999 -9999 -9999 -9999 -9999 -9999 -9999 -9999 -9999 -9999 -9999 0.024891488034708555 0.027398809909221 0.0283267767546132 0.031266547935462456 0.029597955371537144 0.024365503315710198 0.022896482842269826 0.02152133131108841 0.021490861439556717 0.021966550280724185 0.02186178735897631 0.020551125703031112 0.01953960353993437 0.01922819826848985 0.02082375194457868 0.022783389293378874 0.023799052954113963 0.024290706548787518 0.02293074009047997 0.02253485320707192 0.021214399709975587 0.021291626659031084 0.022551601025119532 0.02132966424628939 0.022108644747392863 0.02261791262653796 0.0241114888097917 0.022519823664280958 0.0222440943335828 -9999 -9999 -9999 -9999 -9999 -9999 -9999 -9999 -9999 -9999 -9999
-9999 -9999 -9999 -9999 -9999 -9999 -9999 -9999 -9999 -9999 -9999 0.025747435869600384 0.026173667042120742 0.02720966637586595 0.026937103953992056 0.026941211510423644 0.02572398423939261 0.023937132391718696 0.021805624568490858 0.02016982497560755 0.021269990517819998 0.021254676153939157 0.02119604278830095 0.01977385454752118 0.02033606610260547 0.01941995288389199 0.02021950318888976 0.020319870460145148 0.0214966090465311 0.020961381237090727 0.02072957900489036 0.02087119163797603 0.01994789959488437 0.019785839830610632 0.020218250525140487 0.02025484392493717 0.020681352623017443 0.021153748429083352 0.02452959944593679 0.03448022586265285 -9999 -9999 -9999 -9999 -9999 -9999 -9999 -9999 -9999 -9999 -9999 -9999
-9999 -9999 -9999 -9999 -9999 -9999 -9999 -9999 -9999 -9999 0.023528783487487832 0.026061723499634457 0.029071826048427767 0.029867257261496274 0.028687243243870883 0.02441880552495921 0.023040557798938325 0.022043998345577444 0.021080964010188274 0.01957397526212905 0.02194708243239744 0.019519613849863685 0.01921933142104008 0.020486929118815955 0.021846724610809103 0.023037373796194856 0.024908600551096168 0.023408316781167324 0.022396187028485424 0.019530968875993364 0.01880320797042085 0.01839654720911652 0.017444279589863217 0.018330577243661432 0.019438544288257142 0.02051190936189332 0.01971594940159572 0.020703773284215292 0.02117222153679071 -9999 -9999 -9999 -9999 -9999 -9999 -9999 -9999 -9999 -9999 -9999 -9999 -9999
-9999 -9999 -9999 -9999 -9999 -9999 -9999 -9999 -9999 -9999 -9999 -9999 0.024676340511012487 0.02508886030871876 0.023854260069834318 0.0202930986806674 0.01990869996908573 0.019455870637761705 0.019455679292504142 0.019564418743691227 0.018924847824998044 0.018929712812851798 0.018564545387081244 0.01862514172946008 0.0198254652328176 0.02104537360000449 0.023436569754860227 0.023845506029876267 0.023116237147696242 0.021325270579521625 0.018213514899464 0.01782030765539659 0.017337737933954624 0.018551692511259123 0.01963796388363783 0.02121806424267581 0.01959473736987281 0.02030077297621564 0.02154281385268873 0.03407678434921828 -9999 -9999 -9999 -9999 -9999 -9999 -9999 -9999 -9999 -9999 -9999 -9999
-9999 -9999 -9999 -9999 -9999 -9999 -9999 -9999 -9999 -9999 -9999 0.02473849906708609 0.027876499970555312 0.027455049650666082 0.02334470184197735 0.01994860562074767 0.018609531400610942 0.018092030110356292 0.01939236074508814 0.019492551777368448 0.01940696583802656 0.01862848680061982 0.017767506901390246 0.017493803891372072 0.0186802520960871 0.01969988987254348 0.020181726045995687 0.020210104789709932 0.020179560634556837 0.020484849075680638 0.019710689435652625 0.018892862672593238 0.019154629918994904 0.01991866073549883 0.020991873732941008 0.02062509902979329 0.02142515881152909 0.021644943095818173 0.022961906441758308 -9999 -9999 -9999 -9999 -9999 -9999 -9999 -9999 -9999 -9999 -9999 -9999 -9999
-9999 -9999 -9999 -9999 -9999 0.0242209502846488 0.027065164014625408 0.0234027736572651 0.022802756101775176 0.023359020184398203 0.024514949762546246 0.024945597569374745 0.022973013544861358 0.02369265385041807 0.02185732011611077 0.02258620229874748 0.019976736604315457 0.01931538922298836 0.01984388693305894 0.019292030588544003 0.018336937197837692 0.01844980169712548 0.018750470330928883 0.018724944209123358 0.018794206938063718 0.019952792052008145 0.02046685953535168 0.02048946404298474 0.020791419112710124 0.02062067567274283 0.020309111154454187 0.020688040917024544 0.021971524494511032 0.02320209765762397 0.02311057176848304 0.023922589055192 0.0243263156380016 0.02329656681417111 -9999 -9999 -9999 -9999 -9999 -9999 -9999 -9999 -9999 -9999 -9999 -9999 -9999 -9999
-9999 -9999 -9999 -9999 0.02588052052721813 0.02571800869559265 0.027744291797193288 0.02334965597520679 0.02523229819188923 0.02459092897152859 0.02320969047139761 0.02133262683386568 0.01988138388955624 0.020142521027482825 0.01833843327352039 0.01952838528111273 0.01979276221481296 0.020717254889846257 0.020984726558498326 0.021259459844274332 0.020267988932406486 0.019336356537237347 0.019637056953707925 0.01984859325130461 0.01975312966804254 0.02058963112110024 0.020976415421492145 0.020678112101177686 0.021085659764404432 0.021780891433029803 0.022336469596599528 0.03875911920555429 0.038676637892637526 0.034542271661725216 0.03321851807638207 -9999 -9999 -9999 -9999 -9999 -9999 -9999 -9999 -9999 -9999 -9999 -9999 -9999 -9999 -9999 -9999 -9999
-9999 -9999 -9999 0.01634769952795514 0.021536444366621645 0.02236861376292046 0.022268513137185773 0.021573171690851448 0.020726527026730564 0.020832656661701792 0.020398001326295444 0.016290708367811227 0.017569039794187353 0.020492283873415104 0.021424883181859214 0.02133742795094125 0.0214506423803664 0.020826128660919468 0.019856144653955684 0.02065790928821507 0.019921911765179184 0.01929658896500017 0.02037752971794381 0.02011371684475021 0.019271256016467214 0.019914552624367282 0.020613855874442803 0.02165665984538121 0.02164984685104036 0.020087871863597714 0.01988725047635005 -9999 -9999 -9999 -9999 -9999 -9999 -9999 -9999 -9999 -9999 -9999 -9999 -9999 -9999 -9999 -9999 -9999 -9999 -9999 -9999 -9999
-9999 -9999 -9999 0.016482932230557894 0.015054702770207932 0.02137907366788209 0.02343253605635631 0.02231658086421421 0.022307283884992483 0.02176007352272603 0.02029449773841091 0.013271318562331005 0.015093077420655675 0.021173332833030748 0.022339840330509564 0.020743032192898945 0.02024033254085516 0.01895851292427526 0.01886610316649113 0.01963045201304127 0.01982289212632915 0.020151129832551885 0.020587341216446942 0.020817126109801028 0.018656616761594916 0.019416687547893653 0.021222345812659024 0.020540572790705588 0.02167827803449774 -9999 -9999 -9999 -9999 -9999 -9999 -9999 -9999 -9999 -9999 -9999 -9999 -9999 -9999 -9999 -9999 -9999 -9999 -9999 -9999 -9999 -9999 -9999
-9999 -9999 -9999 0.018485868084974797 0.02327747857707433 0.024723284387605148 0.02890383684454687 0.02329610591924097 0.025506156678241475 0.02300839703826366 0.021533756993844896 0.01866864462208503 0.018243507789935533 0.02061881409306941 0.02321426562639933 0.023530628599040985 0.022596492432735336 0.021249278159210475 0.02023766973738336 0.02209437676615386 0.023707950762629968 0.02217923305799353 0.02046754630754716 0.02006869028579124 0.019655400605900077 0.020908184213839453 0.024715243923525344 0.02882444920567217 -9999 -9999 -9999 -9999 -9999 -9999 -9999 -9999 -9999 -9999 -9999 -9999 -9999 -9999 -9999 -9999 -9999 -9999 -9999 -9999 -9999 -9999 -9999 -9999
-9999 -9999 -9999 0.019544289670671254 0.026214429320961703 0.028440846208589513 0.029095104719108877 0.022287955874156763 0.02247233167475104 0.023108553037371003 0.021758553384553483 0.01959457406681084 0.017817952121243392 0.019748301999200867 0.023348161190554804 0.02401316537450121 0.023329754087446627 0.022562501016223303 0.020160380972414342 0.02361390496431914 0.022599006873396492 0.021111815043378758 0.021016695639315856 0.021222490157761044 0.020650412891116618 0.021438692507330524 0.02132871857872536 -9999 -9999 -9999 -9999 -9999 -9999 -9999 -9999 -9999 -9999 -9999 -9999 -9999 -9999 -9999 -9999 -9999 -9999 -9999 -9999 -9999 -9999 -9999 -9999 -9999
-9999 -9999 -9999 -9999 0.026181417308318647 0.02855548598093067 0.030200257659785176 0.02406331336435545 0.02182082783722624 0.019757230507776183 0.019951838911752805 0.01858994622597808 0.02098704861522279 0.0205294579458618 0.02070188956880093 0.020895227702429117 0.021480860450014988 0.022839809442436743 0.020535798709962225 0.02203056736864916 0.021410873837385512 0.02004831068960115 0.01970730530057916 0.022244517995954338 -9999 -9999 -9999 -9999 -9999 -9999 -9999 -9999 -9999 -9999 -9999 -9999 -9999 -9999 -9999 -9999 -9999 -9999 -9999 -9999 -9999 -9999 -9999 -9999 -9999 -9999 -9999 -9999
-9999 -9999 -9999 -9999 0.02321742502786078 0.02440836341516972 0.024981930660294017 0.027074846633764183 0.02736472581521981 0.023541374011431845 0.02033106227233077 0.019463179015044827 0.018993699813925152 0.019668349779571288 0.020225706076912167 0.02035973649038489 0.0211842214203723 0.021255054482862086 0.021295176472287576 0.021660530939677496 0.02034470725517101 0.020382094502392083 0.021142526945155886 0.023063731917664025 0.022921782485169143 -9999 -9999 -9999 -9999 -9999 -9999 -9999 -9999 -9999 -9999 -9999 -9999 -9999 -9999 -9999 -9999 -9999 -9999 -9999 -9999 -9999 -9999 -9999 -9999 -9999 -9999 -9999
