metrics/grid_rasters/SMAP L4/grideval_SMAP L4_all_absolute_bias.asc
ncols 52
nrows 55
xllcorner     11.25
yllcorner     55.25
cellsize      0.25
NODATA_value  -9999
[rows 0 to 26 of 55, columns 0 to 51 of 52]
-9999 -9999 -9999 -9999 -9999 -9999 -9999 -9999 -9999 -9999 -9999 -9999 -9999 -9999 -9999 -9999 -9999 -9999 -9999 -9999 -9999 -9999 -9999 -9999 -9999 -9999 -9999 -9999 -9999 -9999 -9999 -9999 -9999 -9999 -9999 -9999 0.02604523254011104 -0.0009473944973022453 -0.053329260027490055 -9999 -9999 -9999 -9999 -9999 -9999 -9999 -9999 -9999 -9999 -9999 -9999 -9999
-9999 -9999 -9999 -9999 -9999 -9999 -9999 -9999 -9999 -9999 -9999 -9999 -9999 -9999 -9999 -9999 -9999 -9999 -9999 -9999 -9999 -9999 -9999 -9999 -9999 -9999 -9999 -9999 -9999 -9999 -9999 -9999 -9999 -9999 -9999 -9999 0.0333246725050898 0.013116451030711629 0.0098394062687433 -0.0223115713680524 -0.09018492885629788 -0.08058985598945402 -9999 -9999 -9999 -9999 -9999 -9999 -9999 -9999 -9999 -9999
-9999 -9999 -9999 -9999 -9999 -9999 -9999 -9999 -9999 -9999 -9999 -9999 -9999 -9999 -9999 -9999 -9999 -9999 -9999 -9999 -9999 -9999 -9999 -9999 -9999 -9999 -9999 0.009294398555994563 -0.01709870315494189 -0.054558250574153255 -0.07686175237076698 -0.048857506630360925 -0.049202614068170336 -0.02433221135025415 -9999 -0.017258133836650646 0.00867414037024511 -0.003987681314450986 -0.06515244511238266 -0.08279330773750038 -0.08128212150109931 -0.0772200342788783 -0.07923078490145387 -0.07165644918867559 -0.07501813710822061 -0.07362291706314393 -9999 -9999 -9999 -9999 -9999 -9999
-9999 -9999 -9999 -9999 -9999 -9999 -9999 -9999 -9999 -9999 -9999 -9999 -9999 -9999 -9999 -9999 -9999 -9999 -9999 -9999 -9999 -9999 -9999 -9999 -9999 -9999 -9999 0.01225222425471678 0.015666106675914837 0.02592626292233041 0.038806940257413484 0.033544374944680384 -0.013803598849539855 -0.057308399887725826 -0.03728852220303922 -0.03730510375222748 -0.042486009535322417 -0.05688040599193012 -0.07167615403618521 -0.08347960277679027 -0.08019214219004256 -0.07797043015039051 -0.0821295070851854 -0.08569240770334535 -0.07263604963151632 -0.08078617030640126 -0.07519442227679665 -0.07250591190909472 -9999 -9999 -9999 -9999
-9999 -9999 -9999 -9999 -9999 -9999 -9999 -9999 -9999 -9999 -9999 -9999 -9999 -9999 -9999 -9999 -9999 -9999 -9999 -9999 -9999 -9999 0.0037966277984932133 -0.0013397786448919313 0.007052801480868953 -0.010707693097260107 0.010858830172814636 0.014451480911098437 0.017022237894475326 0.02695238346390949 0.037657032204380325 -0.015909828631915927 -0.010068396281001256 -0.056987289224235786 -0.042682879527771916 -0.03521389229558322 -0.058661887113488624 -0.05928614680343448 -0.06591158871091307 -0.07256593047350576 -0.07685216658615032 -0.08054042704013051 -0.08240807634687097 -0.08240275241926752 -0.08802937307906314 -0.10024336138320132 -0.09341152750821212 -0.0937832201002399 -0.09380673189369584 -9999 -9999 -9999
-9999 -9999 -9999 -9999 -9999 -9999 -9999 -9999 -9999 -9999 -9999 -9999 -9999 -9999 -9999 -9999 -9999 -9999 -9999 -9999 -9999 -0.0038714728187048686 0.00291864235471756 0.016401616171986766 -0.0038403634981576955 -0.006499178496471525 -0.0014977268341733185 0.0212179057636131 0.023939232617141426 0.030851543845782762 0.013683667803408071 -0.022318253165497067 -0.03275992789138149 -0.07491742689680128 -0.06403090315283297 -0.05597781625315379 -0.07299937540958029 -0.07311902760644709 -0.07463177696990532 -0.08522815576311124 -0.08000407775740964 -0.07902771026914374 -0.08432564198970792 -0.08835117192366126 -0.09444308255555148 -0.1015245192482694 -0.08508717620834401 -0.09839614666268606 -0.09792272803044808 -9999 -9999 -9999
-9999 -9999 -9999 -9999 -9999 -9999 -9999 -9999 -9999 -9999 -9999 -9999 -9999 -9999 -9999 -9999 -9999 -9999 -9999 -9999 0.0029458575965603533 0.009393427423572742 0.008299707858600458 0.014556511268528803 0.007307056639351993 0.015090026582563644 0.01998131309799289 0.012366471868984208 0.013413599508226905 -0.0056764650928675655 -0.04152497038482805 -0.08627251451678047 -0.08363920413144357 -0.07816834416231969 -0.4159302094151056 -0.08032840610500891 -0.08538664448369879 -0.08803668448756657 -0.0978158409924062 -0.09373306323699908 -0.09271548854191372 -0.09432076223211568 -0.4758355383625877 -0.479228961302099 -0.09968714048895044 -0.4750901342565215 -0.4773576306549998 -0.48093431633805894 -0.4789388924036048 -0.477971814547693 -9999 -9999
-9999 -9999 -9999 -9999 -9999 -9999 -9999 -9999 -9999 -9999 -9999 -9999 -9999 -9999 -9999 -9999 -9999 -9999 -9999 -9999 -9999 0.007184074937889917 0.0073718793761485815 0.01816928840172316 0.01726891422054494 0.010917910626646044 -0.0006757945080281269 -0.04079749631175689 -0.08102981588699283 -0.07022953154285838 -0.021043978465173696 -0.07880693351489262 -0.0840960127495416 -0.08032206179476548 -0.08123518289085946 -0.4614430422853501 -0.09194314890950576 -0.09375571510514802 -0.09731279054779672 -0.09658160543659007 -0.09742559430539473 -0.10057288474536973 -0.10167140694033852 -0.4834513785613697 -0.4817888932442611 -0.4765553962681994 -0.4758250382250697 -0.4808525447000946 -0.4785861694826352 -9999 -9999 -9999
-9999 -9999 -9999 -9999 -9999 -9999 -9999 -9999 -9999 -9999 -9999 -9999 -9999 -9999 -9999 -9999 -9999 -9999 -9999 0.008586244015595934 0.010963018266378077 0.01108166432054819 0.007550674470519103 0.0018102140456506266 -0.025478832182688704 -0.11100703591909387 -0.10679526997318577 -0.10217188117715924 -0.09859256015280116 -0.10008425101603892 -0.09593120502583803 -0.09426117201057817 -0.09172051489217406 -0.08840386471335597 -0.08840621857681147 -0.4691332207467399 -0.09504729261566676 -0.10044520569417904 -0.1005600378928804 -0.10231131529889506 -0.09834389492156564 -0.1016509731320966 -0.10034525158329273 -0.10326938004591467 -0.4835513883190981 -0.1043873868566982 -0.1007853979442549 -0.1047484691946816 -0.4786950134959471 -0.4770052997235014 -0.1005714551177818 -9999
-9999 -9999 -9999 -9999 -9999 -9999 -9999 -9999 -9999 -9999 -9999 -9999 -9999 -9999 -9999 -9999 -9999 -9999 0.020545009601360572 0.02398566475897557 0.02018427996401906 0.003762245214881553 -0.05576575929863303 -0.0877511006756633 -0.08463903564798532 -0.09545417733371668 -0.08357741793223017 -0.08597324301685992 -0.08474015872679433 -0.09762664285634808 -0.09078912606543448 -0.08770249849435682 -0.08548490762439022 -0.08861463936966482 -0.09144089471370596 -0.09574021953249304 -0.09850845776277684 -0.09724849840367304 -0.09738010341051233 -0.1001418306629316 -0.10261477800327988 -0.10318378260168236 -0.10316660748120053 -0.10132984234558964 -0.10280424348857242 -0.0995912859760276 -0.10107341782107172 -0.10356847653899484 -0.09500999033994176 -0.09609544939223616 -0.09594480240127763 -9999
-9999 -9999 -9999 -9999 -9999 -9999 -9999 -9999 -9999 -9999 -9999 -9999 -9999 -9999 -9999 -9999 -9999 0.01658358749740485 0.011367189952072587 -0.06291803219188047 -0.07342910271842283 -0.06668742773608899 -0.06767287142727532 -0.09099582154685654 -0.08392098023435249 -0.0940315122797169 -0.09378261812455564 -0.0981241861847919 -0.10063146441563928 -0.0944622521506355 -0.0887338462763875 -0.08734304243448385 -0.08891470807152617 -0.09165129152816087 -0.09406675869212876 -0.09568632793860987 -0.09400939090512606 -0.09454773799026203 -0.09727680703773586 -0.10141615613039097 -0.4820270952657034 -0.4799036226538699 -0.09995351207011924 -0.10326336463790277 -0.10065991435615784 -0.09915563512092844 -0.10127082764016196 -0.10296881550944206 -0.09751968977798904 -0.09945483904493156 -9999 -9999
-9999 -9999 -9999 -9999 -9999 -9999 -9999 -9999 -9999 -9999 -9999 -9999 -9999 -0.011206564460637114 0.004386079300508938 0.013544608558229032 0.016001781419360817 0.020366327739522242 0.0238954700003452 0.025122151176587282 -0.004178383410112729 -0.049491105527704034 -0.07073403839777162 -0.07959870551061524 -0.08332768056414397 -0.06905142378426897 -0.09646611695544867 -0.09618600235034228 -0.10099917967254317 -0.0928224021562954 -0.088518774297623 -0.08883187650004931 -0.0836168740862866 -0.09149848396251303 -0.09054172768543957 -0.08617321445485726 -0.09254044517840776 -0.09375735394232368 -0.09313691170313364 -0.08605082010082338 -0.08529865735348371 -0.08655311864573756 -0.09270933977971046 -0.09788090483610074 -0.10018063893079217 -0.4763730513750828 -0.4755135873075499 -0.4752660441154229 -0.10362797585733932 -0.4764408015974019 -0.4684514826821303 -9999
-9999 -9999 -9999 -9999 -9999 -9999 -9999 -9999 -9999 -9999 -9999 -9999 -9999 0.00615809011703744 0.000997161810924907 -0.05190025913959756 -0.10107242352462843 -0.092420520930464 -0.07092741702710853 -0.01988936158410509 -0.08302535700092015 -0.08549734395022818 -0.08152543259237244 -0.07344060775902382 -0.07822977102970477 -0.0856153510833384 -0.09512008543302364 -0.09421812021650866 -0.0937034894502244 -0.09341520346514456 -0.08841584428432048 -0.08244398792267935 -0.08366380247548391 -0.08256594219892062 -0.0845905198798364 -0.08610662535953087 -0.08260043205460005 -0.0844634402232724 -0.08568485127087333 -0.08233780191265097 -0.0794684656755256 -0.08565215510224969 -0.08699952160307378 -0.08128060690091249 -0.4507728058479913 -0.08672182341235643 -0.0918425002388639 -0.095720138414031 -0.09833939069767476 -0.09755474331574447 -0.0906669835484924 -0.042497633106344634
-9999 -9999 -9999 -9999 -9999 -9999 -9999 -9999 -9999 -9999 -9999 -9999 -9999 0.0036338709019854147 -0.07310379338563172 -0.09265966458717076 -0.08833037658813063 -0.09011212178677794 -0.08652625733600391 -0.08189968269072251 -0.0618288662316859 -0.07911083824813772 -0.07714805667655611 -0.07393522569829075 -0.07806711802314248 -0.08711286595443388 -0.08715474705353958 -0.09703036215283606 -0.09308182705100412 -0.09104312064028547 -0.08770698718573887 -0.08799194360376761 -0.08273242200561426 -0.08592535885156967 -0.08965889813280868 -0.08513489193552448 -0.08273906571718445 -0.08009003231492834 -0.07653207099111857 -0.07621867743331368 -0.07532913082281384 -0.07675437485438544 -0.08315153552893895 -0.08693835788815876 -9999 -9999 -9999 -9999 -9999 -9999 -9999 -9999
-9999 -9999 -9999 -9999 -9999 -9999 -9999 -9999 -9999 -9999 -9999 -9999 -9999 -0.07242379050863085 -0.08331927829016858 -0.08818036315517166 -0.07292274020934705 -0.07648718664749335 -0.08158452359038768 -0.07513443980510254 -0.07518091853360112 -0.08415866982285145 -0.08213778114807632 -0.0778299561910043 -0.08015161987317722 -0.07922076827437023 -0.0827240321141984 -0.08532038539851716 -0.08550135809223852 -0.08972580164874605 -0.08812850470966521 -0.08875515566735713 -0.08494709786765939 -0.08770378327043833 -0.08836952913459181 -0.08993056406871602 -0.08219222403061416 -0.08303650872310905 -0.08049618599083536 -0.08288419153397067 0.015625393096026646 -9999 -9999 -9999 -9999 -9999 -9999 -9999 -9999 -9999 -9999 -9999
-9999 -9999 -9999 -9999 -9999 -9999 -9999 -9999 -9999 -9999 -9999 -9999 0.009548912097218363 -0.05605706862545234 -0.06151855467799582 -0.07977485674660406 -0.07015923753143173 -0.0891970874046682 -0.0828632951678882 -0.0785227070052966 -0.07910699346478273 -0.0745999152282919 -0.07046768546783297 -0.06888571810749508 -0.06906342473008363 -0.07150244005720274 -0.07951111012547865 -0.08116457685386944 -0.08243004772277518 -0.08301839904388697 -0.0836928906296815 -0.08315633395945563 -0.07741927783961723 -0.07880082640805383 -0.0816763671519816 -0.08037261229441214 -0.07625871546311913 -0.0778695028341441 -0.08278764706945094 -0.07655952517834233 -0.07864971856592998 -9999 -9999 -9999 -9999 -9999 -9999 -9999 -9999 -9999 -9999 -9999
-9999 -9999 -9999 -9999 -9999 -9999 -9999 -9999 -9999 -9999 -9999 -0.08602389706430241 -0.051453786318557404 -0.035620358035070236 -0.027334468363357844 -0.07533462394614426 -0.06685410999355662 -0.08194066416565543 -0.08343672970025579 -0.08263582157789981 -0.07924289881911528 -0.07685423576343031 -0.07416729208277137 -0.049885885145235176 -0.07334517772078245 -0.07324025113245894 -0.07405553889030206 -0.07435213411859062 -0.08038164464243455 -0.07985073046830897 -0.07951162858677344 -0.08055494751636963 -0.07266536376199306 -0.07445917411790079 -0.07761313462990566 -0.07436488879025663 -0.08129851739471758 -0.08471058607101442 -0.08118147349710618 -0.0772746995587012 -9999 -9999 -9999 -9999 -9999 -9999 -9999 -9999 -9999 -9999 -9999 -9999
-9999 -9999 -9999 -9999 -9999 -9999 -9999 -9999 -9999 -9999 -0.07123328329490364 -0.0902197730867086 -0.09368119394453348 -0.08892441728392061 -0.08638341147562911 -0.08321583321398646 -0.07990157353443544 -0.08201739957636743 -0.07797756817454901 -0.058634628272002276 -0.07711818304040169 -0.07488389119743485 -0.07513800668553502 -0.0790172566938509 -0.08630722442221805 -0.08479450901439903 -0.08479252616609692 -0.07840916289555455 -0.07400391772151807 -0.0738484018620163 -0.07275400858533683 -0.06958546557567655 -0.07257280322033613 -0.07805656106705544 -0.08284055559401632 -0.08427601182379321 -0.07819717080012001 -0.0809215068722097 -0.08110668164179373 -9999 -9999 -9999 -9999 -9999 -9999 -9999 -9999 -9999 -9999 -9999 -9999 -9999
-9999 -9999 -9999 -9999 -9999 -9999 -9999 -9999 -9999 -9999 -9999 -9999 -0.02384403617344033 -0.07821644137687728 -0.06440688562691887 -0.07421596693150817 -0.08059860837079398 -0.08346502050995014 -0.08138368035639065 -0.07943611344606841 -0.056560410620954425 -0.07420495319475072 -0.0741298118376243 -0.07891590365652071 -0.08510530606625019 -0.08444363538795291 -0.08398892143049655 -0.08075313638310225 -0.07806124152246532 -0.07661260785030069 -0.07066162164227563 -0.07097932292958872 -0.0672050839228076 -0.07638858508819328 -0.07970839510474499 -0.08138278456239327 -0.07689131394741475 -0.07503906822829151 -0.07818879205029207 -0.07347044205747053 -9999 -9999 -9999 -9999 -9999 -9999 -9999 -9999 -9999 -9999 -9999 -9999
-9999 -9999 -9999 -9999 -9999 -9999 -9999 -9999 -9999 -9999 -9999 -0.036972678837309085 -0.059026059301947716 -0.03761380819497728 -0.07696133239665717 -0.0651351445587458 -0.06742308145775068 -0.07397013614959758 -0.07327361041158098 -0.07052007405795921 -0.07031877202162168 -0.0697404091857832 -0.06588164463401655 -0.06631025686622483 -0.07140592635628301 -0.07389231906529167 -0.07258244835026982 -0.07337953607286571 -0.0718370116476589 -0.07056179272015163 -0.07062237472767713 -0.07022437405341853 -0.07147117077218101 -0.07418808816641499 -0.07505038915028064 -0.08052636445654822 -0.08778603091598372 -0.08717245143203911 -0.08258648596347601 -9999 -9999 -9999 -9999 -9999 -9999 -9999 -9999 -9999 -9999 -9999 -9999 -9999
-9999 -9999 -9999 -9999 -9999 -0.01803838050175366 -0.08835744141989255 -0.050203389162897794 -0.004183571344084479 0.0086031557948823 0.011454004239384252 -0.08203808079955244 -0.07808275025634942 -0.07869956652911758 -0.07535820445330105 -0.4483262652756141 -0.07002363926185834 -0.07500337607496692 -0.06947681837717329 -0.07035076900739604 -0.06801736576546294 -0.06625421254672872 -0.07100978730072466 -0.06764039323514577 -0.06812222938195447 -0.06811590878186846 -0.07106582479080473 -0.07096101749730815 -0.07044628817698409 -0.06776078684047576 -0.06791093704369182 -0.06941106006469161 -0.06930952267929197 -0.07115141661536448 -0.07261142542802118 -0.07833213895219876 -0.08240921525450122 -0.08005828101841353 -9999 -9999 -9999 -9999 -9999 -9999 -9999 -9999 -9999 -9999 -9999 -9999 -9999 -9999
-9999 -9999 -9999 -9999 -0.03934545658851269 -0.002854513270708348 0.021479928483995603 -0.08297864658278592 -0.08944798958600245 -0.08326532908479828 -0.08219332774027603 -0.07607836015946776 -0.06472819895163215 -0.060307047232680024 -0.04091881198057554 -0.06684411378004558 -0.06548273820268813 -0.06613517348614263 -0.060967858546415586 -0.06220235913652492 -0.06296000187109163 -0.059495766320369764 -0.05675972964877692 -0.06536955874031389 -0.06724458391411156 -0.06893830727743394 -0.06570456481740253 -0.062378318239181614 -0.06560474936945834 -0.0646858702406525 -0.06332736828061061 -0.05454618776713524 -0.0501224914091323 -0.044554265258252485 -0.04575230393431454 -9999 -9999 -9999 -9999 -9999 -9999 -9999 -9999 -9999 -9999 -9999 -9999 -9999 -9999 -9999 -9999 -9999
-9999 -9999 -9999 0.13096688672594708 -0.032768924843205934 -0.08062860120944937 0.0029805559788858016 -0.06406569687950853 -0.06186124908353855 -0.06007372792462281 -0.05452288566526356 -0.046992719438190084 -0.042582488509408434 -0.05777401856110687 -0.06157855162316414 -0.05806342018899724 -0.059670219204148826 -0.06234661720879803 -0.06171842031163885 -0.06216605649043325 -0.060853853821754476 -0.055572208876218776 -0.05336341834557082 -0.05435058012095565 -0.059855939724179234 -0.061772510181255375 -0.05554409153233356 -0.060679215370658325 -0.05998116082645494 -0.054354276495533815 -0.055008771522713114 -9999 -9999 -9999 -9999 -9999 -9999 -9999 -9999 -9999 -9999 -9999 -9999 -9999 -9999 -9999 -9999 -9999 -9999 -9999 -9999 -9999
-9999 -9999 -9999 0.12162928035156055 0.15289996393313438 -0.002781949070428669 -0.046972517267989684 -0.031211885747442488 0.022840578864267047 -0.05245016889447235 -0.06534011612313212 -0.06944733393355218 -0.06312810240954089 -0.06824596091120555 -0.06216950350986253 -0.0561523166563625 -0.056767390488492074 -0.05649041340535758 -0.061635605870727 -0.05766039292877517 -0.053901259607226 -0.04945873508013465 -0.05143566748004294 -0.05181361761614511 -0.048390818670018654 -0.050016667461340925 -0.050585599560672434 -0.052594465852326834 -0.05376583447760494 -9999 -9999 -9999 -9999 -9999 -9999 -9999 -9999 -9999 -9999 -9999 -9999 -9999 -9999 -9999 -9999 -9999 -9999 -9999 -9999 -9999 -9999 -9999
-9999 -9999 -9999 0.08957934308703774 0.017131850124763204 0.032616778083977234 0.017741032401630163 -0.049310296655787456 -0.05332039137771838 -0.03551954372597177 -0.04977818032875148 -0.049831604320802025 -0.058339324339647225 -0.06047809767424377 -0.059308310392777314 -0.06036210930564681 -0.057686828664060615 -0.055255524089776326 -0.0600281101709618 -0.05780817300828009 -0.05356494131555317 -0.04902371850127782 -0.05355658948964576 -0.05444590052874052 -0.04747273136787372 -0.04810850479608245 -0.06106109266672155 -0.0658589982647016 -9999 -9999 -9999 -9999 -9999 -9999 -9999 -9999 -9999 -9999 -9999 -9999 -9999 -9999 -9999 -9999 -9999 -9999 -9999 -9999 -9999 -9999 -9999 -9999
-9999 -9999 -9999 0.13247937135652962 0.0338140038287178 0.0453096414535627 0.057781104926096276 0.0740094285999724 0.021020588174224697 -0.05742193315458191 -0.05466822744366245 -0.07228287006021905 -0.05844443108063355 -0.05504547197482035 -0.059569086446034376 -0.06057688927731919 -0.059104793022868335 -0.05504454045605278 -0.0579977148431852 -0.05376827497009809 -0.05214396488014822 -0.05233917242573713 -0.053107290665761225 -0.05812117592348867 -0.05327870900375695 -0.058674253495516165 -0.054630444993462264 -9999 -9999 -9999 -9999 -9999 -9999 -9999 -9999 -9999 -9999 -9999 -9999 -9999 -9999 -9999 -9999 -9999 -9999 -9999 -9999 -9999 -9999 -9999 -9999 -9999
-9999 -9999 -9999 -9999 -0.0010316337363323602 -0.07025590702721632 -0.0678216332740284 -0.0672610007779745 -0.07428936258942773 -0.06873364794362921 -0.07344548476584138 -0.05475280953159637 -0.07643360055389056 -0.06597294946059007 -0.05944360289595391 -0.0582799370128636 -0.061060403833899775 -0.06475230588728312 -0.05875566946482605 -0.05598315329785228 -0.04925267341332448 -0.0513011388966054 -0.05334095500596292 -0.05809375340140219 -9999 -9999 -9999 -9999 -9999 -9999 -9999 -9999 -9999 -9999 -9999 -9999 -9999 -9999 -9999 -9999 -9999 -9999 -9999 -9999 -9999 -9999 -9999 -9999 -9999 -9999 -9999 -9999
