metrics/grid_rasters/SMAP L4/grideval_SMAP L4_X_spring_2015_absolute_ubrmsd.asc
ncols 52
nrows 55
xllcorner     11.25
yllcorner     55.25
cellsize      0.25
NODATA_value  -9999
[rows 0 to 27 of 55, columns 0 to 51 of 52]
-9999 -9999 -9999 -9999 -9999 -9999 -9999 -9999 -9999 -9999 -9999 -9999 -9999 -9999 -9999 -9999 -9999 -9999 -9999 -9999 -9999 -9999 -9999 -9999 -9999 -9999 -9999 -9999 -9999 -9999 -9999 -9999 -9999 -9999 -9999 -9999 0.026856635222753597 0.03230196375630828 0.036991827005916786 -9999 -9999 -9999 -9999 -9999 -9999 -9999 -9999 -9999 -9999 -9999 -9999 -9999
-9999 -9999 -9999 -9999 -9999 -9999 -9999 -9999 -9999 -9999 -9999 -9999 -9999 -9999 -9999 -9999 -9999 -9999 -9999 -9999 -9999 -9999 -9999 -9999 -9999 -9999 -9999 -9999 -9999 -9999 -9999 -9999 -9999 -9999 -9999 -9999 0.030950301803810407 0.033854006327285906 0.03563028296401809 0.04231651493954043 0.04876016961137241 0.044273581395385384 -9999 -9999 -9999 -9999 -9999 -9999 -9999 -9999 -9999 -9999
-9999 -9999 -9999 -9999 -9999 -9999 -9999 -9999 -9999 -9999 -9999 -9999 -9999 -9999 -9999 -9999 -9999 -9999 -9999 -9999 -9999 -9999 -9999 -9999 -9999 -9999 -9999 0.028525900482752393 0.032512217466682085 0.02210721069116261 0.015023534467452991 0.032953422995914285 0.030381542904891982 0.028399764729534142 -9999 0.038058525071186414 0.03426730129728127 0.03574411378799905 0.04210224940766901 0.04403574802433867 0.04358069823718416 0.042308725729872605 0.04188509977867577 0.03554261967579838 0.03423421195155876 0.032805987185520614 -9999 -9999 -9999 -9999 -9999 -9999
-9999 -9999 -9999 -9999 -9999 -9999 -9999 -9999 -9999 -9999 -9999 -9999 -9999 -9999 -9999 -9999 -9999 -9999 -9999 -9999 -9999 -9999 -9999 -9999 -9999 -9999 -9999 0.02453044913672835 0.024044674056698655 0.02314059836589566 0.023982109816396584 0.026800596523300774 0.03322121680539414 0.04386495929096937 0.04504664937640004 0.0449033210158554 0.04784036114681142 0.04717067996650107 0.045017738076262775 0.04258546281104144 0.03963266792186336 0.038316083639692085 0.03870568483888563 0.03808291628734516 0.03685047390638 0.0361300629569774 0.029981942847041764 0.029208529045321275 -9999 -9999 -9999 -9999
-9999 -9999 -9999 -9999 -9999 -9999 -9999 -9999 -9999 -9999 -9999 -9999 -9999 -9999 -9999 -9999 -9999 -9999 -9999 -9999 -9999 -9999 0.0317712316038276 0.03354300558514811 0.02901762795258239 0.026862638503932633 0.02509379062467835 0.024879487795159163 0.025425863255696488 0.024311494917623508 0.022311163390326943 0.026182483807620588 0.02704934472465372 0.03877069856141052 0.04091318690204065 0.04155069596173346 0.04442275188585651 0.0410838108284463 0.03643945302058591 0.03484283626020896 0.033002531992202544 0.03329191552153127 0.0330788812299541 0.034617269249016744 0.034139040556944084 0.03327321835289662 0.03199855292658859 0.030583687903193994 0.03096283420179845 -9999 -9999 -9999
-9999 -9999 -9999 -9999 -9999 -9999 -9999 -9999 -9999 -9999 -9999 -9999 -9999 -9999 -9999 -9999 -9999 -9999 -9999 -9999 -9999 0.032898638934761366 0.03196189096946588 0.025450369485358275 0.008452608969768249 0.014234108594300188 0.032262762401194814 0.026128240341524875 0.02538724055346221 0.025382834172818825 0.03104729117228812 0.0379734487376342 0.03539127870158086 0.03810715048306105 0.037389353635914974 0.03997082253968287 0.03902567011650971 0.03560752238489413 0.03520454409032328 0.03537272724435711 0.031357621351453285 0.03049010898637165 0.03197236875403228 0.031115613081281537 0.03161695033772511 0.03167293820924096 0.029614622455964263 0.02886070723306523 0.029486224658697192 -9999 -9999 -9999
-9999 -9999 -9999 -9999 -9999 -9999 -9999 -9999 -9999 -9999 -9999 -9999 -9999 -9999 -9999 -9999 -9999 -9999 -9999 -9999 0.023832098013178482 0.02456973975369287 0.033592175026055514 0.026327807390271026 0.022669922134290216 0.020469027485011795 0.0246886845749876 0.025761837144460342 0.02339250947717534 0.02381096842541057 0.02561897731627632 0.03163262674442405 0.03548800998374479 0.035840038394919595 0.032950945867447914 0.03918222966555057 0.036424513257745816 0.03427300934190157 0.032649632317386754 0.02949976925560422 0.02915828916136424 0.029840722911749825 0.031926141281825166 0.028561770443854956 0.030062717787169787 0.030485835043946106 0.03055627678245385 0.029768061284829117 0.02979335038364838 0.029897661974208494 -9999 -9999
-9999 -9999 -9999 -9999 -9999 -9999 -9999 -9999 -9999 -9999 -9999 -9999 -9999 -9999 -9999 -9999 -9999 -9999 -9999 -9999 -9999 0.029482670340279262 0.028998158971837287 0.02918545804443232 0.026289622274833727 0.029305407787413883 0.02507127121826001 0.02402014321587084 0.02428217189197197 0.032484765528213014 0.030864951724845033 0.028701613312170794 0.026914573315930515 0.026885433040396218 0.03219649676061075 0.030926057031931558 0.032053863793848426 0.030777547622875063 0.030036492876199517 0.029134649947883312 0.02912215795175673 0.029925670860973832 0.03176398860246405 0.029375880009744518 0.02831547852285561 0.03010068106628213 0.03044151974084625 0.030421964994770213 0.029764681858712044 -9999 -9999 -9999
-9999 -9999 -9999 -9999 -9999 -9999 -9999 -9999 -9999 -9999 -9999 -9999 -9999 -9999 -9999 -9999 -9999 -9999 -9999 0.025342534970716174 0.02961599758753938 0.030842250256118017 0.030906898960064093 0.030714125924272945 0.029942522438752093 0.03796835319070015 0.03200708668842349 0.031424013393009015 0.03599822875165548 0.03532199583044476 0.035437348924077385 0.032461719325799096 0.031869523545923865 0.03168496065806297 0.028960820302621638 0.027897178590317973 0.030085150021272336 0.03049699503086306 0.029892451975095817 0.030443377280249737 0.028835756936954213 0.02821329640690665 0.02854282627895228 0.028678197974155193 0.02964407015665702 0.02851444335841442 0.029149472535685464 0.02943546920189932 0.02912229534019988 0.029449436608243968 0.029089865975545238 -9999
-9999 -9999 -9999 -9999 -9999 -9999 -9999 -9999 -9999 -9999 -9999 -9999 -9999 -9999 -9999 -9999 -9999 -9999 0.022603492864843196 0.021657521335937752 0.0225175676771104 0.02659835966684676 0.032400287968970015 0.035647494466785334 0.03099268293398197 0.03198807518868859 0.03234758213615106 0.03948731248374904 0.03615140231072499 0.03290369049987727 0.032620233526729346 0.03052534291775912 0.03234460366818023 0.03137584640878653 0.031050435987713825 0.03082198020972897 0.032364427079795616 0.03166261926766502 0.030559750732307267 0.02997879865775564 0.031164030914194837 0.02898965175341669 0.027980049623810614 0.028133639596914648 0.029899269691010432 0.03043234532360125 0.030230195078109562 0.029953460380215895 0.029222583429185663 0.029519603923844093 0.029492539858576517 -9999
-9999 -9999 -9999 -9999 -9999 -9999 -9999 -9999 -9999 -9999 -9999 -9999 -9999 -9999 -9999 -9999 -9999 0.02416720789229088 0.02343177213048632 0.025848995641400408 0.02690449114371643 0.027911235367983168 0.027573200217017577 0.02600017775070171 0.026515503156325736 0.028922603307885108 0.029534864935451113 0.032368976510467384 0.029038651262983182 0.0302525800691864 0.03300693401077956 0.03391051412462188 0.03223585178004009 0.03175483611638126 0.03124217531834656 0.02782419589258661 0.026641518287229337 0.027756858309983 0.028233943180004824 0.028314360442098445 0.02877050439668836 0.02828478545688665 0.02703987064656749 0.028528458906501176 0.0284557306892054 0.029269046705192574 0.028869190478170412 0.02912936303612114 0.028872645787087575 0.0287064434358429 -9999 -9999
-9999 -9999 -9999 -9999 -9999 -9999 -9999 -9999 -9999 -9999 -9999 -9999 -9999 0.022793009571054776 0.022725887640086626 0.02563513695388593 0.02276154097203352 0.021044380131696308 0.02181310394571063 0.02110202699207936 0.02549285769704117 0.02826399078047667 0.030356667830219907 0.03068049092758485 0.028885595580285837 0.03245872634621603 0.020641454786630018 0.034553409256222065 0.03720359238217455 0.031970959990734286 0.034200594164430664 0.0360693661120131 0.033806506314626186 0.03199921708678108 0.03088027608739382 0.03198828957100635 0.030177374305827388 0.027336119309756792 0.028798207036856576 0.02867919828068584 0.029482449353735764 0.02809797404304271 0.028207446847546964 0.03038108509546073 0.02888074751227725 0.029059378666722136 0.029266027266143017 0.02974948127420656 0.030740551921914105 0.03029216416113444 0.03122088774812077 -9999
-9999 -9999 -9999 -9999 -9999 -9999 -9999 -9999 -9999 -9999 -9999 -9999 -9999 0.024786510118114585 0.02490097563368762 0.032490479507897636 0.03853531959711285 0.0354548888847684 0.03088439488035102 0.020953759133123476 0.031918597354579484 0.03406611427991184 0.035189123698231656 0.03352225628322815 0.032681621346162544 0.028771437188689943 0.013459373993986352 0.03328284976193432 0.024190284200282155 0.03093431519971448 0.03194466341319898 0.032937718410513586 0.030719820616709838 0.026166149266061443 0.02526803284785026 0.025519503167579814 0.026505379795741663 0.026761183209387203 0.026810018871596657 0.02709310931242692 0.026291970319650037 0.02660880124038874 0.02584949730914227 0.0250665407837582 0.031728383434808445 0.025209922884711872 0.02704796690853357 0.02531154560450244 0.026285860804010998 0.028447027351426363 0.028860260453269032 0.021341670937948424
-9999 -9999 -9999 -9999 -9999 -9999 -9999 -9999 -9999 -9999 -9999 -9999 -9999 0.01963694481884078 0.03122671523894982 0.028241485617910362 0.02726369394468262 0.030618825408330812 0.039073041919707216 0.03884914174840798 0.0374990529029159 0.036272280873725984 0.03592969516048243 0.032572388775089785 0.033777673664549465 0.03435090406337254 0.03152838243644703 0.01442549282712049 0.01763671341692331 0.03047019622891652 0.030720336543541036 0.02706728017098794 0.0275774953241648 0.029413505706900718 0.0312243440744952 0.025386607981408904 0.024565329581881897 0.02501789633170353 0.024420144937206942 0.024245467349248387 0.02402751030875601 0.0230905669669954 0.02085205382238541 0.019131632142284086 -9999 -9999 -9999 -9999 -9999 -9999 -9999 -9999
-9999 -9999 -9999 -9999 -9999 -9999 -9999 -9999 -9999 -9999 -9999 -9999 -9999 0.024880033834825812 0.026610998444913957 0.026908422829097608 0.02469204585578848 0.0296521697779505 0.04352556622603824 0.039722536306151315 0.03929999147251504 0.03225016324675574 0.036183024732795374 0.03667368095877985 0.033770090271675594 0.026290478260053225 0.02589503457176879 0.024727815862771986 0.024838433594295738 0.024443784911762145 0.025935651060029583 0.026968002728838248 0.026297082357941082 0.024300703590974988 0.0234659460991943 0.0234702382816363 0.0235441197054024 0.02416679820130643 0.022660069776836114 0.01811152683979472 0.017282314825022203 -9999 -9999 -9999 -9999 -9999 -9999 -9999 -9999 -9999 -9999 -9999
-9999 -9999 -9999 -9999 -9999 -9999 -9999 -9999 -9999 -9999 -9999 -9999 0.02742893679933097 0.028288494096585726 0.025731002698584644 0.028042664174101558 0.028556834912788525 0.03857254887667965 0.04256491259124073 0.04374032505739784 0.042366725689980775 0.039059437003496025 0.038305287310771687 0.037241370317322886 0.03240710614062963 0.027665341405523357 0.024777404278339427 0.02374994654017893 0.023782490176703888 0.025348857907991344 0.025388898232211826 0.024533333975665487 0.024550119472716854 0.02519301280590664 0.02463237746634403 0.02509333854602177 0.02371036914361035 0.022981472997806257 0.02148237897211029 0.01892399039787186 0.01895348827603239 -9999 -9999 -9999 -9999 -9999 -9999 -9999 -9999 -9999 -9999 -9999
-9999 -9999 -9999 -9999 -9999 -9999 -9999 -9999 -9999 -9999 -9999 0.024304468134682976 0.02318938686332851 0.02181327223690414 0.02030673931230268 0.028048624449343786 0.03136942261123223 0.04036871309641061 0.0449286813951592 0.03812940881348858 0.03646487453995444 0.03992090051549592 0.036328342940901606 0.031151612231967163 0.03439922790422994 0.02289512513858644 0.02102054950654468 0.02076526696776848 0.02080730875213627 0.01989860997760624 0.02009442105607582 0.02166280021246999 0.022508902571289548 0.022446713073470573 0.021982300625514862 0.02269096742705466 0.02171781833445684 0.01986025663761344 0.0186675172118523 0.01589152561626618 -9999 -9999 -9999 -9999 -9999 -9999 -9999 -9999 -9999 -9999 -9999 -9999
-9999 -9999 -9999 -9999 -9999 -9999 -9999 -9999 -9999 -9999 0.04711740196868164 0.04905499403504978 0.030507864484353095 0.03037057648885604 0.0456405502771541 0.04455133895083592 0.046210213358989116 0.043992930342307716 0.047333867307898035 0.03652727225557773 0.03658745850266272 0.0278958314002133 0.02679874892447628 0.031272596825523816 0.033267388178510916 0.026794072877571386 0.021344422943907777 0.01918873780705253 0.01912677015740436 0.01933202651614254 0.019962321094995888 0.0215729173285668 0.022477958289146564 0.024252171493532818 0.024442053065800783 0.022955503891200574 0.022711335235719686 0.02045950188460508 0.019964634662368627 -9999 -9999 -9999 -9999 -9999 -9999 -9999 -9999 -9999 -9999 -9999 -9999 -9999
-9999 -9999 -9999 -9999 -9999 -9999 -9999 -9999 -9999 -9999 -9999 -9999 0.03770219835850927 0.04384103398047274 0.04758180037872398 0.044999759737810965 0.040221365617543116 0.03484990210268296 0.033409465916693484 0.0337184432694659 0.02490090900598044 0.02731911335740092 0.027128761743822876 0.026994141180080682 0.024513451981120597 0.02423507544356401 0.022862295052452436 0.02104608875032099 0.019929640415225214 0.019011522615238963 0.02006444530481837 0.019701884773510474 0.01958870453157825 0.020779092684543282 0.022951071671381367 0.02141415547225993 0.023562723544843185 0.01956896945798109 0.020299111779001552 0.016785908763529016 -9999 -9999 -9999 -9999 -9999 -9999 -9999 -9999 -9999 -9999 -9999 -9999
-9999 -9999 -9999 -9999 -9999 -9999 -9999 -9999 -9999 -9999 -9999 0.0444252773936967 0.04812211759651271 0.035057695700230686 0.04912373419424167 0.0388467781256374 0.03593955655559592 0.034574496115434984 0.03319439262668628 0.030101172917658008 0.028299444638391288 0.028207227049026017 0.028283269176440518 0.02399830565033032 0.022252721733494144 0.02257572822264213 0.021641849464619483 0.02050322274676059 0.02134893943267971 0.02192875441334201 0.02062757060936404 0.019887642530284952 0.02041262372616253 0.022064810448086152 0.022778702876722918 0.020716274229392657 0.01933261808628581 0.019094851577956744 0.01869806131169877 -9999 -9999 -9999 -9999 -9999 -9999 -9999 -9999 -9999 -9999 -9999 -9999 -9999
-9999 -9999 -9999 -9999 -9999 0.020171277831618345 0.02812329787851691 0.025318281970341496 0.021800882097282277 0.02056778653340936 0.029816506520894355 0.047330829432972815 0.043309253735068436 0.03484301615867474 0.031703789867627154 0.028301883056700863 0.028058346660225844 0.028591274615857663 0.027836572920546983 0.025526642128491542 0.02510288791586716 0.024436499024191174 0.022420714215222137 0.02198957855567552 0.022730165777379064 0.022001565539386068 0.0225824160907576 0.02150377877959915 0.02031530759607326 0.02035173920214 0.0205036128287898 0.019376868901361786 0.01977053137683549 0.019950047344806262 0.018841558492583392 0.016639762703632755 0.016107885134547775 0.01587193279706455 -9999 -9999 -9999 -9999 -9999 -9999 -9999 -9999 -9999 -9999 -9999 -9999 -9999 -9999
-9999 -9999 -9999 -9999 0.02747021126366351 0.028244619348112614 0.022221948380322477 0.03569871097609306 0.03633419787891304 0.03284822032929593 0.03198149335508948 0.034668408628694934 0.02824418819073495 0.025579511936004613 0.024806377208266072 0.02365444340232245 0.023115804975617733 0.02376505188695666 0.024977537718746282 0.023890422474626298 0.022791917850613973 0.019345263498286042 0.018466814222356367 0.01933856513200677 0.02098407485151834 0.018304330250847836 0.019185928499655024 0.021045618978935584 0.021623141941505667 0.02293011185266798 0.023880411542700986 0.02031673850314269 0.01797777324621147 0.0158407865588863 0.016132500559229684 -9999 -9999 -9999 -9999 -9999 -9999 -9999 -9999 -9999 -9999 -9999 -9999 -9999 -9999 -9999 -9999 -9999
-9999 -9999 -9999 0.019643372060771595 0.024857494011699715 0.039723503998170526 0.02848477083355113 0.03597083390282275 0.02997917714228575 0.025938614176107825 0.024977274008633168 0.026289316276617253 0.02318303053213779 0.017973311223145962 0.019494781348950982 0.022214217874815492 0.022009767432840725 0.023921237364573456 0.026601721715495942 0.0285684693986488 0.02563489909112901 0.018590392034441218 0.014961831381432285 0.02034956636453125 0.024357893860739104 0.02432541908592117 0.021552419212635315 0.018143399556040385 0.015866286454128124 0.012805891243816904 0.013425682702520087 -9999 -9999 -9999 -9999 -9999 -9999 -9999 -9999 -9999 -9999 -9999 -9999 -9999 -9999 -9999 -9999 -9999 -9999 -9999 -9999 -9999
-9999 -9999 -9999 0.02071110650827776 0.020047845568623983 0.028710746309143626 0.03591229595825437 0.038970827562266434 0.03172218231154393 0.03139945402968727 0.02793476475108829 0.014440805972707494 0.014268340470886957 0.02341178846533602 0.021069055559352796 0.022809857531359303 0.02422466108284397 0.027670937088984243 0.02514271121501926 0.02469750657183797 0.02573836063941062 0.02433563995507656 0.019775686979090747 0.015683800752912872 0.015693663765279232 0.015373322151511066 0.020580977909951927 0.023699477877986364 0.013504771523594805 -9999 -9999 -9999 -9999 -9999 -9999 -9999 -9999 -9999 -9999 -9999 -9999 -9999 -9999 -9999 -9999 -9999 -9999 -9999 -9999 -9999 -9999 -9999
-9999 -9999 -9999 0.02945973808448286 0.03269429296243491 0.027815521140566225 0.02973695252389392 0.04012455716465981 0.0316281482320451 0.025404222525068958 0.02642972475525751 0.02060457382700508 0.0260634561641492 0.02559562870084639 0.02423654816912125 0.02736953812624 0.0266980169140644 0.028739548161887087 0.026783465267595227 0.02747525942624942 0.025755195780358363 0.026076785283193925 0.0262359583433886 0.030583886736266712 0.031867191339659436 0.016771110463317276 0.014349027383280153 0.016747158630574983 -9999 -9999 -9999 -9999 -9999 -9999 -9999 -9999 -9999 -9999 -9999 -9999 -9999 -9999 -9999 -9999 -9999 -9999 -9999 -9999 -9999 -9999 -9999 -9999
-9999 -9999 -9999 0.025472072967296616 0.028653132101109237 0.026684097340967158 0.028399320953439507 0.030884956022850307 0.027400310345121658 0.02554325284705204 0.022643683234993838 0.022986557514408132 0.02644574861866853 0.026929149324206838 0.028423143704810014 0.028261525969287257 0.026950874248005324 0.027404158189917743 0.02597396339004054 0.0249219652542373 0.0262781674383532 0.02551360815670433 0.02131104418147044 0.017978641792901144 0.018830671761766258 0.013374491317638609 0.011984257202353372 -9999 -9999 -9999 -9999 -9999 -9999 -9999 -9999 -9999 -9999 -9999 -9999 -9999 -9999 -9999 -9999 -9999 -9999 -9999 -9999 -9999 -9999 -9999 -9999 -9999
-9999 -9999 -9999 -9999 0.03543818653507374 0.04093125998558481 0.038640270580316084 0.0325892999957892 0.02858234096931672 0.027028867719725656 0.028062046037066808 0.02508651271332026 0.024922281415548444 0.021913819864695563 0.022142079586022212 0.022378674265503044 0.02447989444203137 0.023543236536582544 0.026156251129178344 0.02389615154173273 0.020436152090902385 0.020498852946585797 0.016342981435480373 0.014683294684990687 -9999 -9999 -9999 -9999 -9999 -9999 -9999 -9999 -9999 -9999 -9999 -9999 -9999 -9999 -9999 -9999 -9999 -9999 -9999 -9999 -9999 -9999 -9999 -9999 -9999 -9999 -9999 -9999
-9999 -9999 -9999 -9999 0.032101204057795964 0.03800680856481664 0.03839324085865834 0.03383927292234483 0.03384221051449837 0.026235886134349073 0.026349177521963786 0.024029572336847143 0.025377222573062647 0.0233614903349438 0.021243071396953285 0.02022057324287615 0.02208213936491722 0.024078893402798385 0.02451328804407817 0.025917487720224463 0.02640845886376042 0.02216279893612813 0.01882408086996517 0.014149102837231631 0.012708831813189587 -9999 -9999 -9999 -9999 -9999 -9999 -9999 -9999 -9999 -9999 -9999 -9999 -9999 -9999 -9999 -9999 -9999 -9999 -9999 -9999 -9999 -9999 -9999 -9999 -9999 -9999 -9999
