metrics/grid_rasters/SMAP L4/grideval_SMAP L4_X_summer_2016_absolute_ubrmsd.asc
ncols 52
nrows 55
xllcorner     11.25
yllcorner     55.25
cellsize      0.25
NODATA_value  -9999
[rows 0 to 27 of 55, columns 0 to 51 of 52]
-9999 -9999 -9999 -9999 -9999 -9999 -9999 -9999 -9999 -9999 -9999 -9999 -9999 -9999 -9999 -9999 -9999 -9999 -9999 -9999 -9999 -9999 -9999 -9999 -9999 -9999 -9999 -9999 -9999 -9999 -9999 -9999 -9999 -9999 -9999 -9999 0.025399216396671555 0.026893139919557888 0.026836388160587563 -9999 -9999 -9999 -9999 -9999 -9999 -9999 -9999 -9999 -9999 -9999 -9999 -9999
-9999 -9999 -9999 -9999 -9999 -9999 -9999 -9999 -9999 -9999 -9999 -9999 -9999 -9999 -9999 -9999 -9999 -9999 -9999 -9999 -9999 -9999 -9999 -9999 -9999 -9999 -9999 -9999 -9999 -9999 -9999 -9999 -9999 -9999 -9999 -9999 0.02987894342226226 0.02941957584153016 0.02676413226523125 0.024194928884255416 0.028307608263414174 0.02720024113140069 -9999 -9999 -9999 -9999 -9999 -9999 -9999 -9999 -9999 -9999
-9999 -9999 -9999 -9999 -9999 -9999 -9999 -9999 -9999 -9999 -9999 -9999 -9999 -9999 -9999 -9999 -9999 -9999 -9999 -9999 -9999 -9999 -9999 -9999 -9999 -9999 -9999 0.016271784970625678 0.022725012633469863 0.02330100475117721 0.01529181857731578 0.0220821382306959 0.021742423547025644 0.022074997768227186 -9999 0.029649249430721225 0.030573961241810062 0.030590944289219175 0.02964671529419308 0.03307729734865798 0.0372514540560524 0.03539024392601047 0.03508099852032948 0.031376896354513226 0.034709481963618165 0.03733879444762541 -9999 -9999 -9999 -9999 -9999 -9999
-9999 -9999 -9999 -9999 -9999 -9999 -9999 -9999 -9999 -9999 -9999 -9999 -9999 -9999 -9999 -9999 -9999 -9999 -9999 -9999 -9999 -9999 -9999 -9999 -9999 -9999 -9999 0.01900401638343115 0.01890229066696177 0.019399508403296337 0.026292395431731223 0.023900131845820214 0.026195070142771424 0.0278890340672959 0.027711045770413688 0.02997373051911551 0.030310809815671226 0.030464595688087768 0.03304934300540289 0.033688207363734964 0.03552076708862373 0.03471761685289855 0.03500946654246838 0.0348715637259466 0.038331656678774514 0.035322818210645375 0.03413973976053177 0.032470696344781835 -9999 -9999 -9999 -9999
-9999 -9999 -9999 -9999 -9999 -9999 -9999 -9999 -9999 -9999 -9999 -9999 -9999 -9999 -9999 -9999 -9999 -9999 -9999 -9999 -9999 -9999 0.01960650298290927 0.016722683772802515 0.01983314762249698 0.025962209575974518 0.02256353595032469 0.02109812436107548 0.02209840941622351 0.021367232074210752 0.021555439819510948 0.022084150604372174 0.024029566557068976 0.0257001475476952 0.025886859075068512 0.026961801454462437 0.02651026507974624 0.0227196281457605 0.0230849252431089 0.02359645113919601 0.02536165764516692 0.03412990115052419 0.033507402373989144 0.025407851724165428 0.026006487710885783 0.031097918565218943 0.02823158434252569 0.02724267662615226 0.02793519271254798 -9999 -9999 -9999
-9999 -9999 -9999 -9999 -9999 -9999 -9999 -9999 -9999 -9999 -9999 -9999 -9999 -9999 -9999 -9999 -9999 -9999 -9999 -9999 -9999 0.01964189836424458 0.01948765960518716 0.017667673413968046 0.010964400208611162 0.012191449605341869 0.021704641519250632 0.019873981559177026 0.02005388090633491 0.019718572905637347 0.0218532394086746 0.027885698557638783 0.03259893175898433 0.03131986156947774 0.030455629666522894 0.032005061935591717 0.03212246575166877 0.0308981208985329 0.024736340822100272 0.025887502825545455 0.024644902716583563 0.02466961745827712 0.0258156343171976 0.02635998239644493 0.02808519862702016 0.030244214788583943 0.0295214598900198 0.029201286526014145 0.029115740336900793 -9999 -9999 -9999
-9999 -9999 -9999 -9999 -9999 -9999 -9999 -9999 -9999 -9999 -9999 -9999 -9999 -9999 -9999 -9999 -9999 -9999 -9999 -9999 0.016527942713910688 0.013821483657955595 0.02155121386766471 0.022423214183566288 0.02446759104678949 0.026649795666382498 0.02363208735678592 0.021983612031341446 0.02306133707076337 0.02430149780189751 0.026434369062248067 0.032358000730168965 0.032100133565963355 0.034275069505011815 0.03542646897983928 0.033217059504691365 0.03371814643051213 0.03245475041377493 0.033809714043873465 0.029058995679851294 0.0274877984272452 0.02694753771855521 0.030487432863429864 0.031801703894535134 0.0307745512112722 0.035148502941219656 0.03717891715077682 0.040200274837882376 0.03735537852954717 0.03520959354021412 -9999 -9999
-9999 -9999 -9999 -9999 -9999 -9999 -9999 -9999 -9999 -9999 -9999 -9999 -9999 -9999 -9999 -9999 -9999 -9999 -9999 -9999 -9999 0.02205191804260397 0.02285999321299018 0.022636786710826588 0.021304734043900344 0.02327791568502464 0.023711046365099384 0.02294170960762592 0.02524880373500195 0.03343852856143912 0.03294288112393855 0.027182373389013647 0.01926828320881202 0.023460032614983573 0.02519017822161389 0.02945821277982268 0.02549484187466958 0.026326137370097855 0.028833782356301137 0.02803438324176747 0.027965295554460142 0.029777577593519726 0.03035581294762395 0.03329531710483993 0.034876298615722834 0.036959241276018746 0.0383906020664878 0.040623015496912385 0.038410879663831096 -9999 -9999 -9999
-9999 -9999 -9999 -9999 -9999 -9999 -9999 -9999 -9999 -9999 -9999 -9999 -9999 -9999 -9999 -9999 -9999 -9999 -9999 0.01925391805888686 0.019761027668801084 0.01785512077642241 0.020854028354261468 0.02431644379358079 0.027666948662346792 0.038146917840466164 0.033125469649223006 0.02850423922310125 0.03131147850686819 0.03240301977075204 0.02930318989504373 0.029128312105437686 0.02812899746081804 0.027947579141439628 0.026199322810060904 0.02867435267425702 0.02540296676735453 0.026317436168154885 0.02763905481366612 0.027648769718768874 0.027366394023623168 0.030440515178481595 0.031909021746181224 0.032642116464063516 0.03498998516027868 0.03562957161870517 0.035379557535936024 0.035667502734106044 0.03791075601521563 0.03792901546159212 0.034281836423241584 -9999
-9999 -9999 -9999 -9999 -9999 -9999 -9999 -9999 -9999 -9999 -9999 -9999 -9999 -9999 -9999 -9999 -9999 -9999 0.02431449894689611 0.019390419666209368 0.018321546550760456 0.02013188802995831 0.02395279474163348 0.028472100217663606 0.02386289200120062 0.033940167787140214 0.0418247946771804 0.04926567873914013 0.04691076291104716 0.03319154954483071 0.03135343265140003 0.029390731428752263 0.027264226485444243 0.027963282378789884 0.026907240019874955 0.026782998575082997 0.02882830928134555 0.028542280578321925 0.028432277209287312 0.02760026225252616 0.027707009631816836 0.02915682129306753 0.031114381493082575 0.030598228508084583 0.03241848636021736 0.033783084932457984 0.03414367759858041 0.034918481272215515 0.03413040374018888 0.034073950849922804 0.03165250547542807 -9999
-9999 -9999 -9999 -9999 -9999 -9999 -9999 -9999 -9999 -9999 -9999 -9999 -9999 -9999 -9999 -9999 -9999 0.02665443790797518 0.026643301259912173 0.024626354526943728 0.02337369049384172 0.028524653329610936 0.02801022962423921 0.028748629796219408 0.031961463403673535 0.03427384373905885 0.03598406368505975 0.03134340873602639 0.033886519307790734 0.03206390289838355 0.029308150834201244 0.03010696656362422 0.03013238783037125 0.030557176822524526 0.0308709141057834 0.03225513613363512 0.033599193542642826 0.03469556194601061 0.03198448366366443 0.029479843459389383 0.031066610373337127 0.030311227109719806 0.02793949904570184 0.02891733506278821 0.030400405394218958 0.032376252806309964 0.032381759445737734 0.032138977786822544 0.03273948540484181 0.0370194749861936 -9999 -9999
-9999 -9999 -9999 -9999 -9999 -9999 -9999 -9999 -9999 -9999 -9999 -9999 -9999 0.024756131851079548 0.01865006229836192 0.0221660549105183 0.023591394171445797 0.02241268802678665 0.021601618632297797 0.017876409313425025 0.019409171020422528 0.029592061248278807 0.03332686932238841 0.03643715818278296 0.033728147809363215 0.024884324190688197 0.02586743329355745 0.03371518459388592 0.04118614515828964 0.037001879239734435 0.03353944574816693 0.034181336422193405 0.032472976554556554 0.034169466369534 0.03392846074734243 0.03275643612810941 0.033286769423543784 0.03633997055236023 0.03464395050365837 0.031079200168706224 0.030422461984638764 0.029574120767419887 0.02991482352231104 0.030117902168873858 0.03159103586495566 0.0342193407940003 0.03355662132810955 0.035260438409212086 0.0334102964145498 0.036535545136343016 0.03735235430099314 -9999
-9999 -9999 -9999 -9999 -9999 -9999 -9999 -9999 -9999 -9999 -9999 -9999 -9999 0.024232497689974427 0.020989974563573245 0.028700177387141607 0.035403853946647086 0.030695907471861926 0.02766760588981872 0.02569069110048078 0.03419188064475104 0.0386545192112451 0.037568478485178886 0.036793242693996565 0.034229779224837664 0.02878316613507148 0.015385770081666531 0.032399699252410666 0.029384996847809826 0.03412344413793533 0.03251575577511793 0.030930623069221525 0.0319111727406971 0.0326368142070659 0.035442957955668236 0.03448066081554293 0.03287085873426465 0.0330155841643786 0.03288304678544098 0.031519008768570306 0.031161181660475462 0.032536326623449005 0.033337412737566005 0.03560002736497921 0.03826967398511789 0.03438379560386805 0.03645508144696022 0.036472572600882935 0.03747446629972623 0.037192197558289064 0.03845108512663725 0.03541581918600583
-9999 -9999 -9999 -9999 -9999 -9999 -9999 -9999 -9999 -9999 -9999 -9999 -9999 0.026744220205938717 0.03335074566760639 0.03347149232213173 0.03035238054770048 0.034024281207401225 0.03287921652904 0.032829093737815736 0.035592153124300856 0.035965781780767765 0.03391896314716083 0.02957347763564847 0.031788296528487005 0.03415575712383692 0.0352439430697571 0.018954792970273148 0.023931106439598303 0.034583710077155834 0.033188945025349435 0.032957319436995036 0.03196834655276326 0.03153659479029137 0.03159272564786902 0.032151926638690424 0.032224326622567565 0.03151481177153077 0.030861309453771163 0.03155077449438088 0.030457728628439124 0.0302951994082506 0.03237178462156375 0.035646697074335015 -9999 -9999 -9999 -9999 -9999 -9999 -9999 -9999
-9999 -9999 -9999 -9999 -9999 -9999 -9999 -9999 -9999 -9999 -9999 -9999 -9999 0.030659800715664463 0.02659038250319579 0.027795947809093047 0.02526893713518551 0.03392087293861234 0.03408858230089301 0.02969609063286902 0.03060817486930947 0.028816260381908283 0.033908499375344306 0.03546215687596136 0.03553083902593712 0.03551115679289018 0.035395121185775986 0.03478466734790152 0.035142236933231166 0.037154560362364274 0.03491840876184061 0.03141983702615896 0.029662264322519106 0.03147598383336443 0.03253684678107601 0.03249971628220843 0.031037784261530376 0.031239726018343763 0.031656843298038265 0.03173227874216556 0.030786136186211063 -9999 -9999 -9999 -9999 -9999 -9999 -9999 -9999 -9999 -9999 -9999
-9999 -9999 -9999 -9999 -9999 -9999 -9999 -9999 -9999 -9999 -9999 -9999 0.02630838474166517 0.02945305612357627 0.02813840664715197 0.029164266686613094 0.029003299610366757 0.03505518457883987 0.0364593250532952 0.030386161663625327 0.032830219667749336 0.033247004991091136 0.02689329879105949 0.03096418431612225 0.03297401353336469 0.03254784993899237 0.034877274123008034 0.03506012688230975 0.03393734582316279 0.03233906261005394 0.03114408705353033 0.031943502221654346 0.028251341401557307 0.029065885201713174 0.030089307089874305 0.02961383983602456 0.030328633630307 0.03134212870216009 0.031535644022296784 0.03012351282932282 0.030015473616869938 -9999 -9999 -9999 -9999 -9999 -9999 -9999 -9999 -9999 -9999 -9999
-9999 -9999 -9999 -9999 -9999 -9999 -9999 -9999 -9999 -9999 -9999 0.03100270665418943 0.037082987524020464 0.03770556557887828 0.03270523878597501 0.03742350336057936 0.036391301897981516 0.036882544061156264 0.032915677773024885 0.03497407105951622 0.03603818347353024 0.033588882061942285 0.032821343493495116 0.03115094913938841 0.030665399950947494 0.03214317535461115 0.03289097619105141 0.034439466111628146 0.034131159777632716 0.031053488454042218 0.0300918566045822 0.029424768672988395 0.025232084115759088 0.02589522719337467 0.02618032126722381 0.0271322106369362 0.0297485200688826 0.032777918266723056 0.034410188589768534 0.03554043970034715 -9999 -9999 -9999 -9999 -9999 -9999 -9999 -9999 -9999 -9999 -9999 -9999
-9999 -9999 -9999 -9999 -9999 -9999 -9999 -9999 -9999 -9999 0.03328426571416218 0.034481120218380984 0.04156915389570523 0.040769644281851564 0.036112876542792924 0.03734986297335432 0.03331061873453546 0.033277885024733785 0.035868697271185294 0.032877370503036504 0.029137083189544825 0.03382804711335485 0.034075458783697755 0.032175996977269555 0.031200317794765738 0.030397532675388264 0.031008573846353818 0.03153810138009335 0.030465805571056964 0.028621900578925743 0.02789906796251402 0.02711062804756936 0.026093767678132124 0.02638516668442641 0.027908317691438183 0.03042488869639384 0.031650403703706836 0.034330177082712035 0.033520733023414434 -9999 -9999 -9999 -9999 -9999 -9999 -9999 -9999 -9999 -9999 -9999 -9999 -9999
-9999 -9999 -9999 -9999 -9999 -9999 -9999 -9999 -9999 -9999 -9999 -9999 0.03159109815547848 0.02793360207792819 0.027950344417795918 0.0300197806009202 0.03320764619272227 0.03605180483089098 0.03436825544861253 0.03305161884016771 0.03364986780447662 0.03401004147926464 0.03479626205609193 0.03321110629425311 0.032037080366994514 0.029534247207875137 0.028847325114091688 0.027691348448202858 0.027858801236710633 0.028165119386457858 0.026986672848835862 0.027482123482856877 0.028283295854554327 0.029558575698223767 0.03035136012181715 0.031697065939290996 0.03240675204034833 0.032703659417157124 0.033055699047613185 0.037757035394290095 -9999 -9999 -9999 -9999 -9999 -9999 -9999 -9999 -9999 -9999 -9999 -9999
-9999 -9999 -9999 -9999 -9999 -9999 -9999 -9999 -9999 -9999 -9999 0.03987573733338234 0.040530962727552335 0.03899450166725646 0.03689480563342695 0.03230260193015454 0.03234570587635872 0.034013623207881566 0.035127166472048985 0.03490345230750807 0.034011049709918216 0.0332884445362898 0.03331958647072149 0.031641965109641984 0.030425668666047317 0.028773593581806745 0.027582584454705003 0.026297798644145932 0.026119656133366316 0.02802373837352887 0.028666538078072613 0.029155255912983725 0.03224551529805679 0.03407073293814752 0.034943702973664816 0.03355876397954074 0.034715411257924364 0.035057412492784934 0.035317554883696166 -9999 -9999 -9999 -9999 -9999 -9999 -9999 -9999 -9999 -9999 -9999 -9999 -9999
-9999 -9999 -9999 -9999 -9999 0.03520155844873709 0.02886172934322835 0.033244879411511934 0.03458973283462278 0.0400656363741244 0.04261326564122327 0.03063474785116645 0.02912447938818404 0.02987335136484405 0.029888913752355414 0.032732022433841663 0.03604977864748001 0.03222845457717949 0.03335476075798608 0.03493986664131805 0.033538884005252186 0.033886904596990064 0.033128317280941885 0.033370315127830244 0.031518472391438734 0.02969149524708407 0.027676239108181927 0.02677160496733789 0.027012870290376197 0.02739747493898306 0.027858237337116 0.03036613325852801 0.03294425334497456 0.03590162388357335 0.03677277283055258 0.03652331265321058 0.0376333660398334 0.03546185753565311 -9999 -9999 -9999 -9999 -9999 -9999 -9999 -9999 -9999 -9999 -9999 -9999 -9999 -9999
-9999 -9999 -9999 -9999 0.029688984813569394 0.02150815454353331 0.02397835302152257 0.02268520689022256 0.03648731799644799 0.0334956282821562 0.03459419573933388 0.03350637563999342 0.02955026244418407 0.02970099622658714 0.030401238628488564 0.03170429717581274 0.030668241691221426 0.031662101037630716 0.03221162459343201 0.035007158640446366 0.03647457449079612 0.038420034805327866 0.0352796040873011 0.035925878017673926 0.03503305481579159 0.03331018117291306 0.032573159857684574 0.030947048447280183 0.030401547663698694 0.03087898464095768 0.032142929642883136 0.04375185965488378 0.04829646392323034 0.04467257778713637 0.04266210905431402 -9999 -9999 -9999 -9999 -9999 -9999 -9999 -9999 -9999 -9999 -9999 -9999 -9999 -9999 -9999 -9999 -9999
-9999 -9999 -9999 0.033561977216196213 0.0322819904504879 0.022024388812292503 0.026982859519719817 0.03358925837035474 0.0315319866630889 0.034172921933084216 0.03655039964745023 0.025837486171401268 0.02505596623139727 0.02710199700577491 0.028204095416658807 0.026719434655225974 0.025723244118741075 0.027147491209145468 0.027127874063978288 0.029776117397085907 0.031840400410896204 0.03662331302180289 0.03805824495627976 0.03836291379196253 0.03737369585138702 0.035809328852503035 0.03429551086015989 0.034886554402528414 0.03518767218306927 0.035287626761397045 0.03430838634426634 -9999 -9999 -9999 -9999 -9999 -9999 -9999 -9999 -9999 -9999 -9999 -9999 -9999 -9999 -9999 -9999 -9999 -9999 -9999 -9999 -9999
-9999 -9999 -9999 0.024745834950069226 0.0236399430417964 0.022239924383932172 0.0251558184113072 0.02909139156396408 0.031128012585072275 0.03166824437714602 0.034895149209781824 0.018461105520283218 0.012771528257969192 0.02592038104856542 0.02635543154123486 0.023945984626888926 0.02365764851548608 0.0244617678178136 0.02635196253230626 0.028428285690777256 0.02928217812128692 0.03271658122803061 0.03414107577025079 0.03477139876939369 0.03424893670798966 0.03475381718628811 0.0343037892990979 0.032863583807947794 0.0331639062926867 -9999 -9999 -9999 -9999 -9999 -9999 -9999 -9999 -9999 -9999 -9999 -9999 -9999 -9999 -9999 -9999 -9999 -9999 -9999 -9999 -9999 -9999 -9999
-9999 -9999 -9999 0.024380236437711138 0.02754101682766097 0.03176941601567312 0.0273954212706912 0.02421067060552318 0.02713543731202283 0.029764593922415726 0.03199656408868653 0.03062413612404892 0.02832524158487822 0.027899713654101238 0.02589476441152469 0.023022657407338696 0.02340606702664971 0.025771028379683727 0.028448587987151018 0.02905968865844005 0.029758403330731757 0.02973801702952795 0.02969786400835365 0.0321800289176095 0.033625655342513834 0.03318870614885777 0.03636819161362277 0.048339267749198736 -9999 -9999 -9999 -9999 -9999 -9999 -9999 -9999 -9999 -9999 -9999 -9999 -9999 -9999 -9999 -9999 -9999 -9999 -9999 -9999 -9999 -9999 -9999 -9999
-9999 -9999 -9999 0.03134878996712295 0.03685816466581116 0.03592584425439723 0.030710005073278306 0.03246389181670395 0.029858059052934576 0.031575138514340385 0.034065818761607136 0.031245025879339118 0.02838799873205246 0.026939136135555028 0.026717422939594185 0.0247691657624316 0.02458701957563308 0.02678203233854997 0.0283688811216421 0.02962619460715743 0.027302103953616663 0.02741233053691116 0.029281123324654268 0.03214945750593304 0.03413594168510823 0.032755357884087684 0.03119087393374015 -9999 -9999 -9999 -9999 -9999 -9999 -9999 -9999 -9999 -9999 -9999 -9999 -9999 -9999 -9999 -9999 -9999 -9999 -9999 -9999 -9999 -9999 -9999 -9999 -9999
-9999 -9999 -9999 -9999 0.03316062941884758 0.033947553355740505 0.03719593321775848 0.03348822741390522 0.034034438007128465 0.036019672426474275 0.0338167360671411 0.033036659138504405 0.029404625585707157 0.028509024108308495 0.027161991567867996 0.02695902874853991 0.027099649712770717 0.02839278910783839 0.0274275521314799 0.026313734093278602 0.02612575801246789 0.02888435297838958 0.03009004255632142 0.030796668275280693 -9999 -9999 -9999 -9999 -9999 -9999 -9999 -9999 -9999 -9999 -9999 -9999 -9999 -9999 -9999 -9999 -9999 -9999 -9999 -9999 -9999 -9999 -9999 -9999 -9999 -9999 -9999 -9999
-9999 -9999 -9999 -9999 0.04285148850845972 0.04197955977584755 0.048823484793443436 0.04001335901662064 0.034999058406825365 0.03397029754197458 0.0337392276748919 0.031991364555693534 0.02851704748337922 0.02774736071539563 0.02910567053386082 0.028244164289441164 0.028486178343340083 0.02869378948832525 0.02787353888456096 0.02734808128773171 0.02626699553359806 0.029402816182115682 0.03147927968916237 0.02961905170823185 0.02863417791037365 -9999 -9999 -9999 -9999 -9999 -9999 -9999 -9999 -9999 -9999 -9999 -9999 -9999 -9999 -9999 -9999 -9999 -9999 -9999 -9999 -9999 -9999 -9999 -9999 -9999 -9999 -9999
