metrics/grid_rasters/SMAP L4/grideval_SMAP L4_Y_2016_absolute_ubrmsd.asc
ncols 52
nrows 55
xllcorner     11.25
yllcorner     55.25
cellsize      0.25
NODATA_value  -9999
[rows 0 to 27 of 55, columns 0 to 51 of 52]
-9999 -9999 -9999 -9999 -9999 -9999 -9999 -9999 -9999 -9999 -9999 -9999 -9999 -9999 -9999 -9999 -9999 -9999 -9999 -9999 -9999 -9999 -9999 -9999 -9999 -9999 -9999 -9999 -9999 -9999 -9999 -9999 -9999 -9999 -9999 -9999 0.03010275500455076 0.030533293874277705 0.028927517110715426 -9999 -9999 -9999 -9999 -9999 -9999 -9999 -9999 -9999 -9999 -9999 -9999 -9999
-9999 -9999 -9999 -9999 -9999 -9999 -9999 -9999 -9999 -9999 -9999 -9999 -9999 -9999 -9999 -9999 -9999 -9999 -9999 -9999 -9999 -9999 -9999 -9999 -9999 -9999 -9999 -9999 -9999 -9999 -9999 -9999 -9999 -9999 -9999 -9999 0.03147271659435735 0.03015883255436258 0.027928740694432325 0.030425554735387432 0.03303862568020517 0.03247675473064787 -9999 -9999 -9999 -9999 -9999 -9999 -9999 -9999 -9999 -9999
-9999 -9999 -9999 -9999 -9999 -9999 -9999 -9999 -9999 -9999 -9999 -9999 -9999 -9999 -9999 -9999 -9999 -9999 -9999 -9999 -9999 -9999 -9999 -9999 -9999 -9999 -9999 0.038339406806665435 0.03444230835819194 0.028063638093973286 0.02336176575941444 0.03754501296699071 0.03718736410992682 0.035802890600366816 -9999 0.03256108101176559 0.031080029551476956 0.02960278497864491 0.030833321512175032 0.03167544986633387 0.03409062986673613 0.034713464411642025 0.03473024287266433 0.03229779848744484 0.032577860236334334 0.032878413126835766 -9999 -9999 -9999 -9999 -9999 -9999
-9999 -9999 -9999 -9999 -9999 -9999 -9999 -9999 -9999 -9999 -9999 -9999 -9999 -9999 -9999 -9999 -9999 -9999 -9999 -9999 -9999 -9999 -9999 -9999 -9999 -9999 -9999 0.029870677234954013 0.02868302799528032 0.03301378673480223 0.038541721810637385 0.03760866829366839 0.03743046792687886 0.039990039736286835 0.04032436662418234 0.037117446421428564 0.035411896380714014 0.035542359483488224 0.034580828305572325 0.034595815292043135 0.034884963879031484 0.035182282638908914 0.035342369758907505 0.035668499249180585 0.0342717521121363 0.03354524217239973 0.03236196989424115 0.03179626216603983 -9999 -9999 -9999 -9999
-9999 -9999 -9999 -9999 -9999 -9999 -9999 -9999 -9999 -9999 -9999 -9999 -9999 -9999 -9999 -9999 -9999 -9999 -9999 -9999 -9999 -9999 0.03126270456101115 0.039463520745714735 0.0358539072653895 0.034687581459896866 0.02850200955708455 0.02833009361826808 0.0290040735980102 0.03044223813540036 0.03585422383934988 0.03624698079048808 0.03568434282845265 0.03700852158396743 0.03580020811994912 0.0372169971272857 0.03400387431064692 0.03291538121468399 0.03119981516349757 0.030544182802596957 0.03042420962757465 0.03211518531293445 0.032143600062821194 0.032878787643420435 0.03294527332652654 0.03379407789681857 0.032843369115292266 0.032188178584275584 0.03229938822329954 -9999 -9999 -9999
-9999 -9999 -9999 -9999 -9999 -9999 -9999 -9999 -9999 -9999 -9999 -9999 -9999 -9999 -9999 -9999 -9999 -9999 -9999 -9999 -9999 0.03483430178759072 0.03799537655186637 0.03619743056488667 0.020349008362215874 0.023818167221691743 0.031245496410994236 0.03172448777922683 0.032344992013697296 0.03655885611104245 0.04068399849564167 0.03710248600999179 0.034667979025017184 0.03164705081305698 0.031922352679380886 0.03290667309165515 0.031877972674177864 0.031153161691504807 0.031351623488630784 0.031369940846942314 0.030396082315825725 0.03069761110551418 0.031456062042426784 0.03212689918193421 0.032783469694038864 0.033303052469605215 0.03109543285010055 0.031145039348026725 0.0317379288345843 -9999 -9999 -9999
-9999 -9999 -9999 -9999 -9999 -9999 -9999 -9999 -9999 -9999 -9999 -9999 -9999 -9999 -9999 -9999 -9999 -9999 -9999 -9999 0.028700238206846283 0.02560148868961904 0.031421147312727216 0.027722431081919657 0.026399010136721027 0.025517019944216263 0.02685009954303116 0.03290841526039116 0.03191829621199823 0.03250600631368058 0.03487170615530535 0.03546415113304968 0.03456579303722696 0.03189231714184168 0.033968142990400636 0.03184578530220627 0.03179471473207472 0.031142621561721876 0.031592030820526376 0.029935054832215643 0.02976476431754521 0.030625228542696583 0.03349024008208756 0.03338334541635777 0.030900417330671805 0.03304701380874238 0.033430241665073995 0.033511497699303686 0.033125464988417425 0.03340923908901874 -9999 -9999
-9999 -9999 -9999 -9999 -9999 -9999 -9999 -9999 -9999 -9999 -9999 -9999 -9999 -9999 -9999 -9999 -9999 -9999 -9999 -9999 -9999 0.031806051838218566 0.03233124426886575 0.03036627533309625 0.028877525760188736 0.027249671316235853 0.03047538335126041 0.03444030746052136 0.037180789322280604 0.03519873302407668 0.032732050577820984 0.0348282265420193 0.03562528221643333 0.030066778189819707 0.029687879816683527 0.03273750439999809 0.031068858384163824 0.029698928607474688 0.029229379529086275 0.02850316973638125 0.02854831045195033 0.029384728238200267 0.030150751171609137 0.0330990045409757 0.032768044363170774 0.03227530371206635 0.03262820857069828 0.033079854274310434 0.03307892995079219 -9999 -9999 -9999
-9999 -9999 -9999 -9999 -9999 -9999 -9999 -9999 -9999 -9999 -9999 -9999 -9999 -9999 -9999 -9999 -9999 -9999 -9999 0.03248018659912115 0.033333831465414916 0.033169552364598134 0.035971388131695745 0.03376887817887201 0.03100255179799425 0.03427864950561263 0.03469961488528677 0.033481857693174515 0.032820239110519664 0.033177423932086045 0.03189194942772449 0.029679599282635905 0.02848043043217884 0.027064456750784383 0.026345562534440956 0.030553304303047726 0.02903807633461328 0.02967630400414402 0.02879747474335045 0.028772300427107725 0.027766651288147502 0.027643586609547532 0.027796345391976028 0.027911392058133158 0.03078160204455685 0.02831545146647758 0.028281311635948717 0.029006316445582405 0.03139929606879701 0.031078171168032537 0.0283519138105375 -9999
-9999 -9999 -9999 -9999 -9999 -9999 -9999 -9999 -9999 -9999 -9999 -9999 -9999 -9999 -9999 -9999 -9999 -9999 0.033737243452717024 0.03300424913138436 0.037172444742641364 0.037988503763933965 0.03994250266981732 0.04341598801651248 0.04353255050288518 0.03888653432073599 0.04053949299441277 0.03707612630424111 0.03511535788208522 0.03465520594961847 0.032980594187772175 0.03150677621893752 0.030643890458251263 0.02904481009678072 0.027952575582256854 0.02798787998172361 0.02822858454235852 0.028061345216765204 0.027830499474715786 0.02839787990562812 0.028872870827234262 0.028193630892903426 0.027878421570356783 0.027282030006101656 0.027102599974071863 0.026471023562408956 0.026910129085544462 0.027744264560771156 0.02679776485628096 0.0266621090189278 0.026060242005900184 -9999
-9999 -9999 -9999 -9999 -9999 -9999 -9999 -9999 -9999 -9999 -9999 -9999 -9999 -9999 -9999 -9999 -9999 0.03306912458209246 0.032937623124997664 0.03424841007197653 0.035361880448003535 0.03829357627580676 0.0370067087709434 0.03574076696708597 0.037334341233909725 0.035575473034693085 0.03445257620767478 0.03280972333125555 0.032292131145058384 0.030731853647372662 0.03135205888491932 0.031698503507639426 0.0312461645464232 0.029980315436147743 0.02938876447189536 0.028004062500762584 0.02750319296385616 0.027283161393655216 0.026371738872291387 0.026072912258809592 0.028582899184305517 0.028220586272932002 0.025417109778132742 0.025460700247396575 0.024923690286816968 0.02593413609268009 0.02589118000093338 0.02578002183926172 0.02574756612122155 0.02736779497387131 -9999 -9999
-9999 -9999 -9999 -9999 -9999 -9999 -9999 -9999 -9999 -9999 -9999 -9999 -9999 0.03599218836376012 0.03787342895594068 0.03746907207175927 0.03771052350348847 0.03664958976590129 0.03752849432723232 0.03967664218839142 0.04080839997728376 0.03837553208835809 0.03920039092055207 0.0374682543619452 0.03690873438640566 0.03951267415913078 0.024399953187999285 0.0321315155128177 0.032685856775149555 0.03090085395515432 0.030760127735741407 0.031460639046385186 0.0304761173662342 0.02993681952026817 0.029148483818281275 0.027829612880858973 0.02737706301739092 0.02775357704449431 0.027187333502020804 0.025223060143368118 0.02516423899505319 0.02527111931200407 0.02551192056906748 0.02542939176932729 0.02649959538694726 0.03031760641459105 0.030137729305177757 0.031683777254338706 0.02880744031063405 0.031607966287455484 0.031262757358062304 -9999
-9999 -9999 -9999 -9999 -9999 -9999 -9999 -9999 -9999 -9999 -9999 -9999 -9999 0.03594573602026808 0.03665625888090051 0.03657772942579452 0.036560104790857736 0.037179863417807976 0.036751989551233495 0.03433175461194368 0.03295239438499902 0.03388361878150961 0.03358207770056653 0.03246550966354801 0.031449392833020104 0.029334936640123224 0.015380287454711244 0.02987181248820465 0.02577509501384698 0.029327469561120523 0.028774931644664607 0.029452078911375988 0.02871422340078295 0.026636729341298054 0.026953128764960838 0.026723354699623586 0.02602068201765861 0.025997903114422124 0.0259009634273742 0.025373119090705637 0.025417946049402243 0.02695131629712269 0.02763185689731712 0.03255929670402725 0.036349746538410915 0.033187450096487416 0.033807172531968334 0.03351032985488999 0.033885065557289235 0.03502629600060975 0.03438222884842526 0.032733904267764034
-9999 -9999 -9999 -9999 -9999 -9999 -9999 -9999 -9999 -9999 -9999 -9999 -9999 0.038156701012684 0.04116109035684205 0.034904200193266184 0.0342703826674934 0.033250703262798775 0.03530403847361272 0.03331378737209796 0.032894778214398214 0.03190698896575779 0.03030014268584625 0.029050626415123876 0.0292929372297343 0.03009016472885155 0.030007126810354605 0.01695111848678191 0.021782365158573784 0.030329737097897214 0.02949586769723787 0.028170463511542714 0.027272714239524112 0.026868629253833175 0.026596119305820648 0.02552954799114428 0.025591206179612226 0.025481491747353632 0.02533544151994634 0.026166874830952425 0.02577140216633801 0.02569266837039132 0.028265527506881532 0.03277777784474537 -9999 -9999 -9999 -9999 -9999 -9999 -9999 -9999
-9999 -9999 -9999 -9999 -9999 -9999 -9999 -9999 -9999 -9999 -9999 -9999 -9999 0.03326151893094995 0.034607180035796284 0.031672690419292236 0.03334979384998892 0.03352269245379801 0.033109237825447536 0.030455403004295237 0.03000314032503532 0.0247780632553021 0.02792242705495866 0.029358599572437756 0.028543931547550992 0.02701046357767006 0.0273967060420373 0.02740909001609604 0.028048421199820477 0.029091321672579225 0.02790671092290756 0.02628427568691124 0.02523170387565193 0.025386172812043955 0.025724818125070038 0.02562593613904322 0.024641417132668843 0.02445662390664268 0.025168627936287682 0.02689627573166432 0.027402393405728767 -9999 -9999 -9999 -9999 -9999 -9999 -9999 -9999 -9999 -9999 -9999
-9999 -9999 -9999 -9999 -9999 -9999 -9999 -9999 -9999 -9999 -9999 -9999 0.035554009534657705 0.035275416378264625 0.033694122850219395 0.03207168950927382 0.03358520632077011 0.03232577189357642 0.032246854667909136 0.02997552770420508 0.029207470317357712 0.02822848727096748 0.029562957970146506 0.028082083348896825 0.026951990187266957 0.026200850383194158 0.026626398804489443 0.026691219138611458 0.02670254951572462 0.02723759466894074 0.026454597688699316 0.025718266762106853 0.024466695660052242 0.02483023054578119 0.025064996958454683 0.02478681904794153 0.024827081751345976 0.0251653944229857 0.025538318432633343 0.025546932304076533 0.025094667051706415 -9999 -9999 -9999 -9999 -9999 -9999 -9999 -9999 -9999 -9999 -9999
-9999 -9999 -9999 -9999 -9999 -9999 -9999 -9999 -9999 -9999 -9999 0.03486730768831421 0.0361871042806044 0.03393737541577057 0.032554369021727717 0.03240551613587258 0.0311081376069342 0.03164798463549102 0.03057388038956738 0.02818190673991925 0.027553608848248125 0.02786361472143391 0.027031148896248875 0.02644063406489822 0.02719496964462149 0.02493902603500668 0.024703014311144588 0.02524980905263664 0.025409051025180644 0.024051242857410227 0.023765661361691684 0.02384802968528146 0.0228124396087116 0.02288800376354825 0.023503754546371842 0.02389422098159566 0.025220931626403795 0.02736490628685687 0.0289688792933914 0.031415953854875736 -9999 -9999 -9999 -9999 -9999 -9999 -9999 -9999 -9999 -9999 -9999 -9999
-9999 -9999 -9999 -9999 -9999 -9999 -9999 -9999 -9999 -9999 0.0397321047734662 0.038805434888175484 0.03775723656913399 0.03595058406984992 0.034698950435582965 0.03212064332532935 0.03041938086142805 0.028688275274582693 0.02980734070839802 0.026888950559420064 0.02494441669695263 0.0253514784978405 0.02597413068895375 0.02587901978663857 0.026179905189248617 0.02518745653647697 0.024397881667220442 0.02410245284397304 0.023531972049462842 0.022705942580762438 0.022610158541155355 0.022512580635836884 0.022515571042158226 0.02320455041227345 0.024000439992582126 0.025099291949845663 0.025047909281218 0.02673331794535416 0.02600520535870594 -9999 -9999 -9999 -9999 -9999 -9999 -9999 -9999 -9999 -9999 -9999 -9999 -9999
-9999 -9999 -9999 -9999 -9999 -9999 -9999 -9999 -9999 -9999 -9999 -9999 0.02938199118334056 0.030506135353166867 0.032653632234368235 0.029115390052500786 0.02813799552962409 0.027844018040139203 0.026631663173080026 0.02539902326390442 0.025558922952920983 0.025704845835360424 0.02607673290719453 0.025368501622365282 0.02427569072135655 0.023386752347470112 0.023309027028161768 0.023229389541340042 0.023167382572361082 0.023134595845414413 0.02257193462584725 0.023159074044697064 0.023452387305768936 0.02426334813183109 0.024813505654378763 0.02513141561145958 0.024772468039994684 0.02384132196488833 0.024368181665224926 0.0287574147711515 -9999 -9999 -9999 -9999 -9999 -9999 -9999 -9999 -9999 -9999 -9999 -9999
-9999 -9999 -9999 -9999 -9999 -9999 -9999 -9999 -9999 -9999 -9999 0.0324851848341138 0.033713149984433526 0.03315156412593689 0.03348471422862321 0.029528236082124206 0.028000436200943342 0.027113320182966784 0.026765289764686 0.026040715912306715 0.02520200749977994 0.02508338447238049 0.02524635911855889 0.02435905703729179 0.023555140858818727 0.023243240236789715 0.022523572885682474 0.02242705764997746 0.022923366304117246 0.024118055201852208 0.02432318758483613 0.024431753386344242 0.02595149617127152 0.0263748037231095 0.02677048935862312 0.02617059649260244 0.026602022804258326 0.02563148478300841 0.02574715339012724 -9999 -9999 -9999 -9999 -9999 -9999 -9999 -9999 -9999 -9999 -9999 -9999 -9999
-9999 -9999 -9999 -9999 -9999 0.03210664725709394 0.03391921877547924 0.03186832681801058 0.029582738215521886 0.031273431803716015 0.03288576049193024 0.029673909863524136 0.028613978185785236 0.027047604830628274 0.027099928879286948 0.02709088375045577 0.026582651755496626 0.024772798013381343 0.025334088233328757 0.02691275022156025 0.02643281687215542 0.026539781035845044 0.026060308433312238 0.026016983829310825 0.024586263988031556 0.024043462547449684 0.023312731561546642 0.02358734237657236 0.024232329953271396 0.024921015442208757 0.02494901948656309 0.02570203069424999 0.0267260901445378 0.027439824576073555 0.0271459473229548 0.02747865892864101 0.027987584074447708 0.02562561366706471 -9999 -9999 -9999 -9999 -9999 -9999 -9999 -9999 -9999 -9999 -9999 -9999 -9999 -9999
-9999 -9999 -9999 -9999 0.03627981752088733 0.03019460965891184 0.03356265523626234 0.028649343891681632 0.03220746146165149 0.03025581148160811 0.030885112074892283 0.030723678986994706 0.027844640993976686 0.027098814581080686 0.026579135554945156 0.02654779810404298 0.02576467728909473 0.026627626429240703 0.02646728468984263 0.028114080221577537 0.029497503276218674 0.03089369030319261 0.028547498089882724 0.029173002160014155 0.027416499608353302 0.02678030445273914 0.026289969506832576 0.025432761157415083 0.025236578460819246 0.025530043643079404 0.026463356721492262 0.0409679071459536 0.04105840998073547 0.03896110649356087 0.03781717226124468 -9999 -9999 -9999 -9999 -9999 -9999 -9999 -9999 -9999 -9999 -9999 -9999 -9999 -9999 -9999 -9999 -9999
-9999 -9999 -9999 0.025184029382887115 0.029778310597389945 0.0327455804373349 0.030016018324648317 0.03060977229457777 0.029977591012364142 0.030082004492547318 0.03001885736027058 0.023624635198514685 0.022168121661814574 0.025652399490440143 0.0266245662380112 0.0260746208164052 0.025326344168498296 0.026001965661915517 0.02610628663033708 0.02743512249226648 0.027741134744195917 0.0303629003209143 0.03142343539722222 0.0300027122379614 0.02868934203808344 0.028506795625407907 0.027430734419604332 0.027514979728780926 0.02731494880079189 0.027545978657084615 0.02693666846821329 -9999 -9999 -9999 -9999 -9999 -9999 -9999 -9999 -9999 -9999 -9999 -9999 -9999 -9999 -9999 -9999 -9999 -9999 -9999 -9999 -9999
-9999 -9999 -9999 0.024521230294079877 0.025125342012475984 0.03032929829191195 0.027097071534425827 0.028287775207106326 0.029276649094112837 0.027451336876042204 0.026771034040720627 0.015433209539543219 0.017171936502524417 0.023963021553016092 0.02558278215481901 0.02492357497575749 0.02464375105096695 0.0250111358562076 0.025928700640379932 0.02676328906085064 0.02672275319214628 0.028134031879202024 0.029231458838671683 0.029411640042548606 0.028309865224698805 0.027901854689812662 0.02695645444905202 0.02594641560696247 0.026728229107276544 -9999 -9999 -9999 -9999 -9999 -9999 -9999 -9999 -9999 -9999 -9999 -9999 -9999 -9999 -9999 -9999 -9999 -9999 -9999 -9999 -9999 -9999 -9999
-9999 -9999 -9999 0.02843826162792275 0.030266446994765325 0.02757965886340404 0.029728333599291987 0.02594620570317775 0.023341895792017446 0.022882350926642123 0.024319732150679143 0.02389550282402136 0.02327431784083388 0.02274800495610405 0.02309276001854085 0.02432993860266936 0.024293963475181868 0.0253121706838119 0.02632646006534848 0.02676215705431308 0.027217262267269983 0.026430199920273203 0.02522391915313523 0.026039243433227454 0.02586185961523274 0.02670871341698769 0.030978096213406314 0.040999735550771035 -9999 -9999 -9999 -9999 -9999 -9999 -9999 -9999 -9999 -9999 -9999 -9999 -9999 -9999 -9999 -9999 -9999 -9999 -9999 -9999 -9999 -9999 -9999 -9999
-9999 -9999 -9999 0.02264296011099451 0.028747199860506507 0.028385115850046543 0.030992211710475507 0.02869943252598049 0.023147509109120758 0.02317292361423642 0.02396245874245824 0.023401783127769426 0.022867128625724396 0.021730275693648868 0.02259741098856149 0.02240534412099333 0.022352244209109768 0.023113515049021625 0.024365589246526657 0.02676155858749976 0.02328564570813937 0.02404249278343304 0.025701240582268803 0.026963397837879738 0.02681705856913021 0.027066978179910314 0.027083281229218315 -9999 -9999 -9999 -9999 -9999 -9999 -9999 -9999 -9999 -9999 -9999 -9999 -9999 -9999 -9999 -9999 -9999 -9999 -9999 -9999 -9999 -9999 -9999 -9999 -9999
-9999 -9999 -9999 -9999 0.0321831355268696 0.035094368618366366 0.03496950249969633 0.027571869893268847 0.024899440855937285 0.02519516453465741 0.02450142210876475 0.02373734681710054 0.02240675136477715 0.022988462409669917 0.02315168101273969 0.023280322701481327 0.0234307305969324 0.025507239531041944 0.024031356709623367 0.023962530957363132 0.024083902678302238 0.025253932552490185 0.025842508069691662 0.027416952080373563 -9999 -9999 -9999 -9999 -9999 -9999 -9999 -9999 -9999 -9999 -9999 -9999 -9999 -9999 -9999 -9999 -9999 -9999 -9999 -9999 -9999 -9999 -9999 -9999 -9999 -9999 -9999 -9999
-9999 -9999 -9999 -9999 0.03173352972543898 0.02956816031565254 0.033383614422849775 0.029161893429787214 0.029864449264845418 0.026400476487823184 0.024700715724387243 0.025167134919644518 0.022518723842083043 0.02373601969710347 0.025566044951327062 0.024757065308278942 0.024783199454991408 0.025381775447461157 0.02508246798186641 0.025183445369854767 0.02401463497575947 0.02540617925000944 0.025578845230596937 0.0263706595915554 0.026636833623029224 -9999 -9999 -9999 -9999 -9999 -9999 -9999 -9999 -9999 -9999 -9999 -9999 -9999 -9999 -9999 -9999 -9999 -9999 -9999 -9999 -9999 -9999 -9999 -9999 -9999 -9999 -9999
