metrics/grid_rasters/SMAP L4/grideval_SMAP L4_X_winter_2017_absolute_ubrmsd.asc
ncols 52
nrows 55
xllcorner     11.25
yllcorner     55.25
cellsize      0.25
NODATA_value  -9999
[rows 0 to 27 of 55, columns 0 to 51 of 52]
-9999 -9999 -9999 -9999 -9999 -9999 -9999 -9999 -9999 -9999 -9999 -9999 -9999 -9999 -9999 -9999 -9999 -9999 -9999 -9999 -9999 -9999 -9999 -9999 -9999 -9999 -9999 -9999 -9999 -9999 -9999 -9999 -9999 -9999 -9999 -9999 0.004250735965200715 0.009268588285746894 0.01151639901710517 -9999 -9999 -9999 -9999 -9999 -9999 -9999 -9999 -9999 -9999 -9999 -9999 -9999
-9999 -9999 -9999 -9999 -9999 -9999 -9999 -9999 -9999 -9999 -9999 -9999 -9999 -9999 -9999 -9999 -9999 -9999 -9999 -9999 -9999 -9999 -9999 -9999 -9999 -9999 -9999 -9999 -9999 -9999 -9999 -9999 -9999 -9999 -9999 -9999 0.0027380007328871307 0.0027953583174984372 0.002859157995758807 0.0049963281516664845 0.003513570743877536 0.004015172085362379 -9999 -9999 -9999 -9999 -9999 -9999 -9999 -9999 -9999 -9999
-9999 -9999 -9999 -9999 -9999 -9999 -9999 -9999 -9999 -9999 -9999 -9999 -9999 -9999 -9999 -9999 -9999 -9999 -9999 -9999 -9999 -9999 -9999 -9999 -9999 -9999 -9999 0.016771241411095678 0.014954272461834691 0.006980680409360175 0.0061886692688382676 0.010375866311561704 0.008910970289474514 0.003507209078668639 -9999 0.009862543503977871 0.0049637466139477344 0.0050917737845001 0.006206192659513771 0.0036108134795934032 0.0033664843931645754 0.003924755696353349 0.005263813680005131 0.0045001097038213905 0.004412004234188253 0.004423348013229706 -9999 -9999 -9999 -9999 -9999 -9999
-9999 -9999 -9999 -9999 -9999 -9999 -9999 -9999 -9999 -9999 -9999 -9999 -9999 -9999 -9999 -9999 -9999 -9999 -9999 -9999 -9999 -9999 -9999 -9999 -9999 -9999 -9999 0.015173405659921915 0.01860520923779237 0.01902201084564732 0.01642313271874392 0.01075705502855898 0.00947436429387682 0.005675702278055024 0.008155947981397729 0.007657639465408724 0.005186154431766696 0.004064870127352256 0.004490666392445822 0.003959805428125307 0.003999006486333067 0.004339564616118074 0.004923468138890673 0.0038871465904495024 0.004412124365551389 0.0044908075556787976 0.005688803679371778 0.006478041831632985 -9999 -9999 -9999 -9999
-9999 -9999 -9999 -9999 -9999 -9999 -9999 -9999 -9999 -9999 -9999 -9999 -9999 -9999 -9999 -9999 -9999 -9999 -9999 -9999 -9999 -9999 0.020722160922395524 0.018332461295346325 0.020175889916694605 0.026923512073497285 0.02119008945908286 0.009259509132525484 0.004828995891952291 0.00439559335023883 0.007245807128328106 0.005520626195564243 0.004545399312728755 0.010882646231683387 0.010261908977377929 0.006199557033016933 0.006458350670620205 0.005072649958891704 0.006516418261302059 0.008449383172281095 0.006451208724895304 0.0032134315281954124 0.003982708141240604 0.004242080736073968 0.0043828970891922675 0.005807658302089621 0.006056703754591861 0.005663164376825828 0.005964775584744131 -9999 -9999 -9999
-9999 -9999 -9999 -9999 -9999 -9999 -9999 -9999 -9999 -9999 -9999 -9999 -9999 -9999 -9999 -9999 -9999 -9999 -9999 -9999 -9999 0.025668506373109558 0.022660365873771283 0.015228604246271297 0.004947664226516171 0.010282678775417137 0.016727653980650424 0.002640477276318884 0.004249684006904579 0.0031148826675318816 0.009560493602535346 0.007416599519643618 0.0030744776176730372 0.011330780746707764 0.010979530589486624 0.010052531901926077 0.008536886516422924 0.007126329621603871 0.00944576735533142 0.010935335673143694 0.008664553054326177 0.005767383349425519 0.005130697781648451 0.0042012944011145 0.004609496398033268 0.0068052158214850795 0.0076550409812521794 0.008332761888767195 0.010517229192375755 -9999 -9999 -9999
-9999 -9999 -9999 -9999 -9999 -9999 -9999 -9999 -9999 -9999 -9999 -9999 -9999 -9999 -9999 -9999 -9999 -9999 -9999 -9999 0.012937932077692985 0.004390020725745468 0.0046280132430209795 0.003082381668136115 0.0053503151085883775 0.00370546103279991 0.002244543283567 0.004025181178131115 0.0036928049054436303 0.003312799256294939 0.004061091165851853 0.0055573568226046826 0.004490497265456897 0.008826868285461377 0.005832345257076482 0.0041388947758204215 0.002922614167899757 0.0034353687076430816 0.006429648271067028 0.010292641043084428 0.009111817572553143 0.004408894358889475 0.004207726776300143 0.005678572213728204 0.006191265860524321 0.007879645162435443 0.009761839043174785 0.012186790047042716 0.011650684561437722 0.011187295558676045 -9999 -9999
-9999 -9999 -9999 -9999 -9999 -9999 -9999 -9999 -9999 -9999 -9999 -9999 -9999 -9999 -9999 -9999 -9999 -9999 -9999 -9999 -9999 0.003649126858028339 0.0038847973222503134 0.0038916907491622905 0.0034239146480608373 0.002959755735569736 0.003555128798578467 0.010416253802678395 0.019411127931866227 0.0038445498321644507 0.003579109811467175 0.006971179532846369 0.009977815191319545 0.00903384821272788 0.006673162845450927 0.0054257645316015245 0.004763689524304451 0.006677553000502454 0.010090500062556377 0.011249002578940296 0.009885763007197346 0.006499104835176489 0.004486795022236397 0.006677684916099322 0.008745782364297877 0.00996270083792597 0.011323475816615578 0.012207227781508062 0.010820018988289494 -9999 -9999 -9999
-9999 -9999 -9999 -9999 -9999 -9999 -9999 -9999 -9999 -9999 -9999 -9999 -9999 -9999 -9999 -9999 -9999 -9999 -9999 0.010246691230118815 0.011787820637112468 0.008653785800599379 0.005184585450823472 0.003631264296555555 0.005186389044081325 0.006191953172796629 0.010665536541384716 0.01581603453282103 0.01613816251863693 0.013427599321777854 0.01493959954867511 0.01668826626765819 0.019115597494683532 0.013191700246718402 0.009986363923149798 0.006494116443793981 0.005232175727803896 0.005313262786760579 0.008220927528555622 0.00871500646838352 0.0093711924252418 0.009525392186430727 0.008303695272638587 0.00680945464279725 0.0099127140799222 0.01195760882854124 0.011563364052822394 0.010396206223097148 0.009038648927885444 0.007904065911631043 0.008608646765981134 -9999
-9999 -9999 -9999 -9999 -9999 -9999 -9999 -9999 -9999 -9999 -9999 -9999 -9999 -9999 -9999 -9999 -9999 -9999 0.005914566689481133 0.0051521712193552185 0.009073159600336186 0.009332944562338562 0.009963956238814178 0.011796331116271848 0.016831998779169455 0.0152533782224121 0.018834928257645857 0.013484891286744757 0.015038694974130828 0.012263926463103385 0.012837806257999056 0.015125490525124546 0.014134255651188487 0.01414381803458846 0.013006446286711777 0.012291064546664844 0.011578798171919341 0.007530120434892835 0.006577223027461523 0.006455317791983835 0.005901766355480239 0.006462133726831429 0.007804052564183258 0.008097282420688679 0.008442820119292399 0.008969099355243714 0.008568331130645758 0.008640681689278075 0.007889522970792194 0.0076902278329381395 0.009024276820473269 -9999
-9999 -9999 -9999 -9999 -9999 -9999 -9999 -9999 -9999 -9999 -9999 -9999 -9999 -9999 -9999 -9999 -9999 0.01128214938208979 0.009918204721098826 0.017236552929912802 0.02033221071620755 0.023315890188696 0.021806599932311228 0.018987120844110486 0.018051916266935752 0.01565627657291092 0.013332073137135369 0.0137219846716568 0.013260544155531634 0.01512698195643089 0.01678761250298159 0.01573419744296509 0.014977333347059491 0.01646277026035113 0.018130565675285468 0.019730102388602774 0.01793102794768469 0.014677870543258769 0.011594407190811512 0.008761722838742771 0.008000042271599624 0.007833231612372952 0.0076872579919373095 0.008268788258895545 0.008693683665990614 0.009228847570442428 0.009226581776762178 0.010059880962651398 0.010043600257071164 0.009207456493116935 -9999 -9999
-9999 -9999 -9999 -9999 -9999 -9999 -9999 -9999 -9999 -9999 -9999 -9999 -9999 0.01663394109967405 0.016630933148242315 0.018518458768925897 0.01821838866239154 0.01884055942239646 0.019843734400839468 0.01951482536259234 0.02588668836488645 0.03003232584548212 0.02718597117204156 0.01686726491752316 0.020535960090628396 0.014535368208802456 0.01044783476513708 0.017795036290891724 0.01921020307084927 0.019666484809989917 0.01974404507162248 0.019087667660052637 0.017731111676213798 0.020092676678873985 0.01880352053084949 0.01967675501508968 0.01881219518664436 0.018288357068016015 0.015163533635138985 0.011288804601289351 0.010644704125578823 0.009710381507833944 0.009295618455859458 0.007806721130419608 0.0068703234160705715 0.0077851636104574965 0.008109608628525168 0.007774090280490456 0.008129981731283984 0.008822108946004747 0.009058342226555056 -9999
-9999 -9999 -9999 -9999 -9999 -9999 -9999 -9999 -9999 -9999 -9999 -9999 -9999 0.017292434509195688 0.01706048988296947 0.01840277027128416 0.02053653695841147 0.018563475107195318 0.022939563789409874 0.023474679253204588 0.022235702387729653 0.026933430558015357 0.02536127845432768 0.016092054054280974 0.021403483817939148 0.01777003295096136 0.007528622917265755 0.016540244588052554 0.018767861523255217 0.023959885939745847 0.024296298472351992 0.0232452193802796 0.024131891910558576 0.026791823388782592 0.025560971876962112 0.02396448321277371 0.02328893444801972 0.02135782929639177 0.019743594687460238 0.015755935283367828 0.014241618068186572 0.013118093681394464 0.012528180392035048 0.013992188601001126 0.013850461031433886 0.013138844461489285 0.011118984870130029 0.009994513893241509 0.009962628801045174 0.0095821329001617 0.009396417064212015 0.009871994128740916
-9999 -9999 -9999 -9999 -9999 -9999 -9999 -9999 -9999 -9999 -9999 -9999 -9999 0.015632197320250032 0.017941237626448336 0.015433947435230072 0.014929456156352931 0.015787819040407373 0.019738598396090243 0.023447508262077716 0.025204321768717376 0.02266939161653628 0.020984812445577043 0.018677809491754332 0.021468751823368677 0.02217697175544141 0.02172997470377663 0.011750066115107292 0.015080264979556625 0.022648395849795583 0.024001895849326618 0.02756832003784267 0.02418788987977492 0.02136990003170388 0.022202689522728792 0.02544506410287677 0.024623351288402626 0.023214988949438898 0.02292842649526844 0.020826805245440914 0.017539905971301138 0.01277231174949773 0.014178149671966397 0.015579747670458841 -9999 -9999 -9999 -9999 -9999 -9999 -9999 -9999
-9999 -9999 -9999 -9999 -9999 -9999 -9999 -9999 -9999 -9999 -9999 -9999 -9999 0.016523589036778464 0.01587577179470263 0.014263967648622387 0.01410013535040905 0.01945604582816331 0.01921601965583876 0.021016986414719583 0.018155033391305152 0.010744413300765348 0.013784193563168855 0.019760169436446942 0.023292507197814796 0.02387566311064929 0.022229259827748576 0.02265979460667284 0.022441550529899226 0.022625136057397462 0.023228076658313373 0.0244605048537907 0.021718598143534683 0.021259302063275896 0.02158605879717753 0.02141885994644351 0.0221750874131378 0.02286186909377157 0.022704491781117702 0.018380414742223024 0.015375171038233234 -9999 -9999 -9999 -9999 -9999 -9999 -9999 -9999 -9999 -9999 -9999
-9999 -9999 -9999 -9999 -9999 -9999 -9999 -9999 -9999 -9999 -9999 -9999 0.0160785103321514 0.01722827521242767 0.014668920592609082 0.01578808883042301 0.012843654691097113 0.01711675455651639 0.019799836112616195 0.0184330305220806 0.01746594611220088 0.013830107572067532 0.010272227084719235 0.019044876116619727 0.021475574808896458 0.020939313516278136 0.024613492560339068 0.02371904820849585 0.020235914746378498 0.018639449537098302 0.019465094134321227 0.021434363543372126 0.020125528954188662 0.02132841685391461 0.02191162323712342 0.021684519082135745 0.024438345750366783 0.024700633645875592 0.022212935122887002 0.017379148183831624 0.01521176506993446 -9999 -9999 -9999 -9999 -9999 -9999 -9999 -9999 -9999 -9999 -9999
-9999 -9999 -9999 -9999 -9999 -9999 -9999 -9999 -9999 -9999 -9999 0.0151604638836143 0.014424557479052353 0.01650748182913682 0.014894494051306738 0.013111426129180669 0.012311508158636826 0.020060593751628088 0.018513996161468482 0.017245960471978763 0.017685055159019403 0.0183037489729028 0.01999595375286759 0.01988979656735215 0.02049157263278033 0.02078051347609704 0.021822577224398333 0.021156875616071887 0.020752361734026708 0.019500092386208447 0.02050328543246081 0.02041863762285449 0.016938922257067248 0.018892445702478985 0.018885823303377958 0.020303561213307952 0.022802204888679185 0.02065003154795763 0.018403913464909303 0.0163337007781575 -9999 -9999 -9999 -9999 -9999 -9999 -9999 -9999 -9999 -9999 -9999 -9999
-9999 -9999 -9999 -9999 -9999 -9999 -9999 -9999 -9999 -9999 0.017068951829333517 0.015604606561548634 0.016034139093192044 0.015426674982384043 0.01333350584240918 0.012560048477127128 0.013046889168902662 0.019500853349034696 0.01723791395720212 0.020198702377997577 0.01928159472557493 0.02088534822206036 0.02182558283530045 0.01772326137809406 0.01919776522552692 0.02101582804867448 0.022658793825708717 0.02144463804005741 0.019883819509369956 0.019015860448038092 0.020132759896976597 0.019020773891978263 0.01871159342877373 0.017318170983828568 0.016927195878831163 0.01936804708277692 0.017065011481995622 0.014940003606962004 0.013748810812230306 -9999 -9999 -9999 -9999 -9999 -9999 -9999 -9999 -9999 -9999 -9999 -9999 -9999
-9999 -9999 -9999 -9999 -9999 -9999 -9999 -9999 -9999 -9999 -9999 -9999 0.01337487910441631 0.013433623374048286 0.014134808580146062 0.011181090401630412 0.014433180063320275 0.017599237552891785 0.01909366249087256 0.019922812481649663 0.025179317159347316 0.020645535957429864 0.01960349017361067 0.0176334635675774 0.01826280236469028 0.017885141349951682 0.019649939445618703 0.019319857970326742 0.020397681844366685 0.020994686417234572 0.019319756611745356 0.018820363422058974 0.020099483682279092 0.01883736386910076 0.01833816963566125 0.019418560652527343 0.015817656835019237 0.013745964218837366 0.013068569400548628 0.013592010133342814 -9999 -9999 -9999 -9999 -9999 -9999 -9999 -9999 -9999 -9999 -9999 -9999
-9999 -9999 -9999 -9999 -9999 -9999 -9999 -9999 -9999 -9999 -9999 0.010971039398253021 0.010064589257789946 0.012993159915743005 0.01255063086820183 0.013648932631571737 0.015295972781148304 0.016743872119666374 0.016336885180462512 0.020510787712296738 0.018522538138416717 0.01803345909967773 0.02161667752338104 0.019185010360978774 0.01683956135381001 0.015774434857962295 0.016638579062812933 0.018593032730106145 0.018567282139267033 0.01974867541010992 0.018819149716717592 0.017303680228715847 0.01871880385763631 0.017991186156514072 0.018103178394682902 0.016589829813393794 0.017148575680644863 0.015765974300642673 0.01683734402495854 -9999 -9999 -9999 -9999 -9999 -9999 -9999 -9999 -9999 -9999 -9999 -9999 -9999
-9999 -9999 -9999 -9999 -9999 0.015623671916178741 0.015409040246332663 0.0122001656086988 0.010097591010803044 0.008218780850370932 0.008510984807888842 0.012765256133473991 0.01133721629906438 0.011657131284178406 0.013374679741207285 0.016556323792278494 0.015001406569140412 0.018746634336033557 0.015379442288839654 0.01806589181822455 0.019360873368425343 0.018960589923018262 0.0240722018840486 0.019243897178667483 0.017342771714364776 0.017526239586587528 0.01650463381270268 0.019486312243445214 0.01910912469015225 0.01782920357325419 0.0166906423378138 0.015207956859552976 0.01591488563625391 0.0156848558939844 0.015235871680454819 0.01698203088011703 0.01615972927623664 0.01532961701490699 -9999 -9999 -9999 -9999 -9999 -9999 -9999 -9999 -9999 -9999 -9999 -9999 -9999 -9999
-9999 -9999 -9999 -9999 0.017594507304996558 0.017797406177917013 0.02033181420310898 0.015038848915792444 0.01747771988884813 0.017799478578995487 0.01347541366044064 0.010481118565889508 0.011091572546246951 0.011974463449248185 0.01406178382328708 0.015847507441758658 0.014309295489707698 0.015611591732970874 0.014007968631025521 0.014830437213050303 0.01790596768128923 0.019389853859536062 0.017413002216237674 0.019895220172008805 0.01966353512463676 0.020926161876781587 0.016904974757695257 0.016614922570762494 0.01586789582330765 0.014571523214787153 0.013544852284353268 0.023304598976751464 0.024271150317233276 0.022576405547284743 0.02162530582541135 -9999 -9999 -9999 -9999 -9999 -9999 -9999 -9999 -9999 -9999 -9999 -9999 -9999 -9999 -9999 -9999 -9999
-9999 -9999 -9999 0.010783983554765031 0.014835795309823863 0.015467971284066831 0.013547826496102616 0.017702413018305715 0.016270802404765618 0.01660461739101155 0.017127341379616648 0.011318323263378751 0.011709942021050213 0.015500569507737897 0.012047821906838795 0.012581271079825302 0.013042268632985488 0.014333741656705087 0.014735791107532302 0.016461743177864446 0.018761127811409782 0.018304358024131225 0.01678656026676828 0.01604680850972729 0.01870575059211559 0.01968242327108065 0.015194203505837126 0.014958517411552937 0.014492979619602725 0.020669661755603874 0.02338215461372617 -9999 -9999 -9999 -9999 -9999 -9999 -9999 -9999 -9999 -9999 -9999 -9999 -9999 -9999 -9999 -9999 -9999 -9999 -9999 -9999 -9999
-9999 -9999 -9999 0.007815231495749572 0.006961913881109652 0.008586945586011583 0.008069897922586996 0.009468355744706105 0.008507676544753644 0.009058162618668156 0.010451695144206484 0.011104937663624472 0.013980207817574579 0.01407993567706836 0.012911565079595913 0.012134231727982907 0.012402164537319849 0.012588312038929824 0.013610080653821596 0.014465950437117263 0.015660638230901906 0.01596906900754343 0.016235602603232053 0.016029098507267314 0.017994287718701506 0.016198977421865168 0.013268664028448923 0.013917114458776341 0.01447785356755821 -9999 -9999 -9999 -9999 -9999 -9999 -9999 -9999 -9999 -9999 -9999 -9999 -9999 -9999 -9999 -9999 -9999 -9999 -9999 -9999 -9999 -9999 -9999
-9999 -9999 -9999 0.005794339185993651 0.004603520868758718 0.006847986235852363 0.007191271144584351 0.0072483789546795175 0.007079665812328689 0.007171789446223209 0.007660718715344849 0.010921996328684864 0.008243805695696112 0.0097049707728715 0.010997219488704994 0.01221579797948395 0.011873000932618777 0.011569378609416071 0.012417395837757559 0.012119726835416516 0.012472120293010472 0.012543759126452605 0.014278016835224222 0.013445174384181078 0.011770004400042595 0.011837521123687087 0.012653374403245342 0.02108783276992467 -9999 -9999 -9999 -9999 -9999 -9999 -9999 -9999 -9999 -9999 -9999 -9999 -9999 -9999 -9999 -9999 -9999 -9999 -9999 -9999 -9999 -9999 -9999 -9999
-9999 -9999 -9999 0.010678564741696909 0.00883897808279787 0.008684542856820613 0.007412165410539905 0.006554727286939557 0.006634207994715257 0.006252523551427846 0.006755104727147439 0.010595740185767002 0.009148790271209128 0.008747150212071307 0.01020527992973971 0.011559697282233971 0.011719154158361082 0.012095667273009413 0.012025455127904823 0.012031158846382905 0.012007402704857886 0.011022894463400108 0.014523900371741031 0.013366502162850184 0.013014618791659122 0.011115055585838151 0.012084909243078541 -9999 -9999 -9999 -9999 -9999 -9999 -9999 -9999 -9999 -9999 -9999 -9999 -9999 -9999 -9999 -9999 -9999 -9999 -9999 -9999 -9999 -9999 -9999 -9999 -9999
-9999 -9999 -9999 -9999 0.005764884214064977 0.007197902308794594 0.006127500036812783 0.006370357933875801 0.00932305054961332 0.008131857907678055 0.00830748607616547 0.00846904260400406 0.0076744450266036796 0.010063281909764094 0.010749245667223494 0.010528676207618931 0.010098706805809193 0.011080281619478952 0.01113788916778276 0.01024779073912616 0.010138240258300964 0.009420005520097474 0.010649918879704384 0.01152919853077236 -9999 -9999 -9999 -9999 -9999 -9999 -9999 -9999 -9999 -9999 -9999 -9999 -9999 -9999 -9999 -9999 -9999 -9999 -9999 -9999 -9999 -9999 -9999 -9999 -9999 -9999 -9999 -9999
-9999 -9999 -9999 -9999 0.00584710908124901 0.005493924913270636 0.005739788426222284 0.00864431584732645 0.006601523833749658 0.00971663401836082 0.009689383690028143 0.009528217624026364 0.009231453751764823 0.010313727020058006 0.011629108521756066 0.010840436286450405 0.010100794036795485 0.01095248010298608 0.010403938076116387 0.009775645059970929 0.009118246738748169 0.009043432874636772 0.009626249368878851 0.012013802826605136 0.009097151242071264 -9999 -9999 -9999 -9999 -9999 -9999 -9999 -9999 -9999 -9999 -9999 -9999 -9999 -9999 -9999 -9999 -9999 -9999 -9999 -9999 -9999 -9999 -9999 -9999 -9999 -9999 -9999
