metrics/grid_rasters/SMAP L4/grideval_SMAP L4_X_spring_2017_anomaly_pearson_r.asc
ncols 52
nrows 55
xllcorner     11.25
yllcorner     55.25
cellsize      0.25
NODATA_value  -9999
[rows 0 to 28 of 55, columns 0 to 51 of 52]
-9999 -9999 -9999 -9999 -9999 -9999 -9999 -9999 -9999 -9999 -9999 -9999 -9999 -9999 -9999 -9999 -9999 -9999 -9999 -9999 -9999 -9999 -9999 -9999 -9999 -9999 -9999 -9999 -9999 -9999 -9999 -9999 -9999 -9999 -9999 -9999 0.8484823806669766 0.7663854649458229 0.8963671265232478 -9999 -9999 -9999 -9999 -9999 -9999 -9999 -9999 -9999 -9999 -9999 -9999 -9999
-9999 -9999 -9999 -9999 -9999 -9999 -9999 -9999 -9999 -9999 -9999 -9999 -9999 -9999 -9999 -9999 -9999 -9999 -9999 -9999 -9999 -9999 -9999 -9999 -9999 -9999 -9999 -9999 -9999 -9999 -9999 -9999 -9999 -9999 -9999 -9999 0.7651053465052489 0.8380034628170695 0.8428323742582758 0.8505294147738018 0.8151596661902025 0.8950798002418763 -9999 -9999 -9999 -9999 -9999 -9999 -9999 -9999 -9999 -9999
-9999 -9999 -9999 -9999 -9999 -9999 -9999 -9999 -9999 -9999 -9999 -9999 -9999 -9999 -9999 -9999 -9999 -9999 -9999 -9999 -9999 -9999 -9999 -9999 -9999 -9999 -9999 0.8634504967892123 0.9044568922253368 0.8994928380088709 0.9119720532111076 0.927232906189302 0.9189822128039292 0.7415233312541971 -9999 0.6975366106347305 0.8270201295258774 0.7905556600055563 0.8242541374891809 0.8690454265922898 0.8741547556376983 0.8646518748163169 0.8596327490421392 0.8519524364014284 0.8975945074495206 0.9211548632596676 -9999 -9999 -9999 -9999 -9999 -9999
-9999 -9999 -9999 -9999 -9999 -9999 -9999 -9999 -9999 -9999 -9999 -9999 -9999 -9999 -9999 -9999 -9999 -9999 -9999 -9999 -9999 -9999 -9999 -9999 -9999 -9999 -9999 0.8486913300806591 0.8642559846695019 0.8880292656424693 0.8198538039158499 0.7178080380528844 0.6008015862559442 0.3861243245352123 0.1830292794276816 -9999 0.1486779775445754 0.513080545490511 0.7131930249010411 0.843084454391274 0.8459273854740275 0.8548533722001376 0.892483638457179 0.9122147516975214 0.9224516977597618 0.8778603851559323 0.9033431506289036 0.8880553193403113 -9999 -9999 -9999 -9999
-9999 -9999 -9999 -9999 -9999 -9999 -9999 -9999 -9999 -9999 -9999 -9999 -9999 -9999 -9999 -9999 -9999 -9999 -9999 -9999 -9999 -9999 0.8902739046501759 0.9188665655665637 0.9140247204577964 0.8858321222915115 0.8726600565549423 0.8671930040596731 0.8877837878101085 0.9094738177823272 0.7995667507763273 0.7752173515525661 0.6483731839199711 0.4738508787427038 0.2661439910890292 -0.4867538817564999 0.4050066446326713 0.5936334460012124 0.6586537811258629 0.7416794716731976 0.8278049214313908 0.876528873700448 0.9014095565076112 0.8777801751911974 0.8882640524484188 0.9080713203252152 0.9040531586801748 0.8872109374058663 0.8822030063039437 -9999 -9999 -9999
-9999 -9999 -9999 -9999 -9999 -9999 -9999 -9999 -9999 -9999 -9999 -9999 -9999 -9999 -9999 -9999 -9999 -9999 -9999 -9999 -9999 0.8658214773124544 0.8814360216970553 0.9107606046048542 0.9325951733891248 0.9319752686917032 0.9195124401946471 0.9199942112430723 0.906914203024388 0.6564925464867069 0.5281924758920242 0.5432067358238055 0.6014022765339944 0.7022862222945969 0.7040865350811328 0.7379748840664613 0.7167448195960312 0.7793660537027016 0.7984692087253569 0.8291349560051736 0.8635306605080193 0.8737633288759399 0.8896453079687352 0.8907347584885155 0.8863999944302379 0.8886706448147469 0.8858619029101247 0.8823381248984861 0.8689685486706513 -9999 -9999 -9999
-9999 -9999 -9999 -9999 -9999 -9999 -9999 -9999 -9999 -9999 -9999 -9999 -9999 -9999 -9999 -9999 -9999 -9999 -9999 -9999 0.9288553401061412 0.9440688194813128 0.8769060374591413 0.8862272297989542 0.8914555676660075 0.8966712428920278 0.9275768924728804 0.8904185196394074 0.8427085235332447 0.8943561661967065 0.8635096221167374 0.6450619930744077 0.6839758065122904 0.7738558678573807 0.7552170285160171 0.802396049933251 0.8785818618605428 0.8990320381814869 0.925419982320972 0.9129963699866429 0.9062407800145772 0.9066725309460544 0.9105066007851514 0.8955333725390902 0.8907287741757168 0.8854130597298896 0.8825436835634675 0.8842807671420291 0.8876490574866795 0.8881740470770564 -9999 -9999
-9999 -9999 -9999 -9999 -9999 -9999 -9999 -9999 -9999 -9999 -9999 -9999 -9999 -9999 -9999 -9999 -9999 -9999 -9999 -9999 -9999 0.8630366330200507 0.8701128486404971 0.9066731192687708 0.9250107385848536 0.9414178659878134 0.847684552280821 0.931881436557182 0.8795766969250518 0.8964150531255165 0.8021905851980566 0.8545563606390709 0.8324691191725058 0.8491452188980468 0.8586040181309204 0.8913514761675538 0.8973489232092295 0.9067475215872258 0.9242995381570308 0.910596052957657 0.8974623921670528 0.8827651367262612 0.893521352599823 0.8907123746583608 0.8896448228730045 0.8859957987902338 0.8855019284362282 0.8876532199998441 0.8906623877825846 -9999 -9999 -9999
-9999 -9999 -9999 -9999 -9999 -9999 -9999 -9999 -9999 -9999 -9999 -9999 -9999 -9999 -9999 -9999 -9999 -9999 -9999 0.8755281719242975 0.9140414916267516 0.922240705909876 0.8851402074841339 0.8433530534160674 0.89005223822285 0.9124126155365128 0.9088014053113848 0.9491323028100068 0.8975406637073042 0.8139625704501957 0.8198198140570584 0.8762133958034887 0.9032409584618036 0.8650669838314291 0.8672726013154894 0.8782394729510662 0.9022711438559058 0.9122060429984236 0.9142637530586 0.9005327192063548 0.8860530220523046 0.8749099247579042 0.8695256367968007 0.8920236782815161 0.8871270669500586 0.8833656772398263 0.8804408082606877 0.8959217424813549 0.8973696655284398 0.8859360990389155 0.8835528048853181 -9999
-9999 -9999 -9999 -9999 -9999 -9999 -9999 -9999 -9999 -9999 -9999 -9999 -9999 -9999 -9999 -9999 -9999 -9999 0.9021374358861948 0.8767818201520391 0.9016297476344814 0.7974629799841508 0.7998514321232837 0.7938090395006154 0.7793901530120737 0.8190159552207465 0.8776988228661343 0.8505784850607523 0.8818834332462521 0.877806406396085 0.789658675582934 0.7831751610747697 0.7239630326429596 0.7564935123730572 0.7784821434964118 0.7720271906046408 0.7524798078003556 0.7855244074455705 0.8256678317696038 0.8750299027952293 0.8805351358711361 0.8789305020773331 0.8760088723983863 0.8607215313201341 0.8215983040459772 0.8128763182548723 0.8350831718745754 0.8545958639818942 0.8625389500456789 0.8541651818537522 0.8561991680283667 -9999
-9999 -9999 -9999 -9999 -9999 -9999 -9999 -9999 -9999 -9999 -9999 -9999 -9999 -9999 -9999 -9999 -9999 0.8710948357446212 0.8815406761739992 0.9105009452427884 0.8540626616100804 0.5517742864829964 0.5564784121016786 0.6972984015932026 0.5485839130126862 0.7293882122168605 0.7532837731162791 0.8562106113592558 0.8789561713374963 0.8694212461065274 0.8577967603949613 0.8511093034694581 0.8260799911506851 0.7926568265206655 0.7855442707480377 0.7655771977152014 0.7439188732933545 0.7637032986037804 0.7880252072819585 0.8351145035591113 0.8505801931662746 0.8656080305173174 0.8733785926739556 0.8465195429439192 0.8166405741866127 0.8264309183084317 0.842465639755947 0.8472420652558244 0.8518739176377514 0.8615638344035874 -9999 -9999
-9999 -9999 -9999 -9999 -9999 -9999 -9999 -9999 -9999 -9999 -9999 -9999 -9999 0.8849350753186134 0.8781115407451412 0.8259875554036573 0.8651977749770331 0.8374777714731018 0.8072544684515472 0.8626583194174828 0.7821641495736313 0.8358125473019046 0.7891971601517189 0.2914687421834252 0.6832211367871348 0.4005336718072725 0.7219384905822623 0.7908119055651779 0.8154262668089491 0.8043212667133233 0.7763185579329144 0.7816307232180373 0.7959252036619398 0.8019962762535555 0.7564416589000293 0.7086069531364374 0.7321711979467234 0.7810681668538306 0.7733986293903156 0.7474555541083353 0.7407248997581555 0.7685427538947729 0.7669584146346666 0.7394403815834805 0.7667563951742532 0.7898777659746676 0.8177933845026374 0.8243403315674449 0.8263426774874929 0.8279846456403657 0.8311510714298302 -9999
-9999 -9999 -9999 -9999 -9999 -9999 -9999 -9999 -9999 -9999 -9999 -9999 -9999 0.8665970223483741 0.842285225589372 0.7887358513801377 0.8239483742749721 0.8874600002239073 0.8742280101979062 0.8874366978738735 0.7939277308986719 0.8320653281136416 0.7123118556861199 0.44314061203812255 0.701298396975872 0.7395101411682854 0.6827377411373354 0.7468315858783198 0.8140423279872507 0.7799405491155265 0.7559665481417643 0.7537876424113437 0.7673223179444528 0.7566694368741513 0.7470735725792532 0.7518226575227085 0.7440747065751572 0.7522139785769476 0.7466494079686126 0.7566809716360205 0.7714119646727629 0.7911411638805579 0.7790723237406934 0.7871166358500269 0.8202781866619986 0.8057678279865492 0.8180472110684386 0.8459390764508645 0.8549197498390952 0.8204252304654138 0.8264483607969049 0.8462964872870332
-9999 -9999 -9999 -9999 -9999 -9999 -9999 -9999 -9999 -9999 -9999 -9999 -9999 0.8699749316718516 0.8046844443415068 0.7164225601873109 0.5411324278262173 0.6567995803761149 0.5201386686954631 0.6512644344959138 0.7407025589091351 0.7284909645515281 0.6229696934487896 0.5660210516909828 0.6112581760648621 0.6568937438778866 0.7011680011174629 0.7551996814605195 0.76601481815108 0.7941210789573329 0.8058038843717068 0.8290275375609468 0.7544213103427513 0.7161750537600113 0.7296949761006117 0.7553284303984071 0.7292373368817453 0.7475542676679874 0.701779556763853 0.6659925901855565 0.6500073144907725 0.6370918563392792 0.7214022484374417 0.719238737296381 -9999 -9999 -9999 -9999 -9999 -9999 -9999 -9999
-9999 -9999 -9999 -9999 -9999 -9999 -9999 -9999 -9999 -9999 -9999 -9999 -9999 0.9093287499918442 0.7744565502072661 0.6281589431718322 0.6581231686719828 0.7416845753387097 0.19006006484048396 0.4547520447775239 0.5254764738852058 0.4743696722552291 0.5025118371574684 0.6300268627745355 0.6373292420355505 0.6986680031870353 0.7136052630709503 0.7284208531800833 0.7254049783636527 0.7454808708285664 0.7477322633267881 0.7439546949139627 0.7202820066507802 0.7079832735945064 0.7048968177861576 0.71357387485312 0.7050947231062799 0.7131888184089836 0.6803501660738103 0.6781819461024134 0.6977849716682463 -9999 -9999 -9999 -9999 -9999 -9999 -9999 -9999 -9999 -9999 -9999
-9999 -9999 -9999 -9999 -9999 -9999 -9999 -9999 -9999 -9999 -9999 -9999 0.8440488469459284 0.8517709411431222 0.8616486738844515 0.4476725471726314 0.5873050921616703 0.2528470493881701 0.33368675817729576 0.41744216154959857 0.547335891562758 0.5635121772593821 0.5038249854238606 0.5860465617093837 0.5661932053805925 0.6129029837366007 0.6252715170012078 0.6689832690317419 0.6814012417316186 0.6931118379497991 0.6813929562234637 0.6540279796758116 0.6488301254385553 0.6050900659760918 0.6336282227061273 0.6384477798722281 0.6459616752445599 0.6603814372028989 0.660622505275686 0.7018062511501465 0.7153292348326311 -9999 -9999 -9999 -9999 -9999 -9999 -9999 -9999 -9999 -9999 -9999
-9999 -9999 -9999 -9999 -9999 -9999 -9999 -9999 -9999 -9999 -9999 0.9060443322147484 0.94863742040532 0.9207534277334632 0.8904063148046812 0.7146008924427222 0.5081889702526263 0.466629159784261 0.4618277645937549 0.5907441208229591 0.6376484933633113 0.6356649283657103 0.627861102837789 0.6187597321156266 0.6324055831243058 0.6313650432727478 0.5981590062823576 0.6217348299605929 0.6171370565892691 0.6424608078426977 0.6161515282934101 0.6041208700731492 0.6282097077054427 0.6140832526447477 0.6520573992211799 0.6286273344614798 0.6167627161431702 0.5920743642169672 0.6206728265435011 0.8002741920142538 -9999 -9999 -9999 -9999 -9999 -9999 -9999 -9999 -9999 -9999 -9999 -9999
-9999 -9999 -9999 -9999 -9999 -9999 -9999 -9999 -9999 -9999 -0.27981796265001346 -9999 0.8139519239220471 0.8148270772171844 0.17041063768934214 0.14273742099802875 -9999 0.4104173283867581 0.4655445131832672 0.6771278920762538 0.6647014338669477 0.6086892371298793 0.5960844505902978 0.6300887431615585 0.7133909094862732 0.7324910263797804 0.696551935039732 0.6484632126600304 0.6337827417406926 0.6560080964823588 0.6364278932260965 0.6329060126148676 0.6177400527756842 0.5902619842796644 0.591653245089321 0.6125778957345842 0.7051765128354932 0.7538828444095078 0.7858357055124374 -9999 -9999 -9999 -9999 -9999 -9999 -9999 -9999 -9999 -9999 -9999 -9999 -9999
-9999 -9999 -9999 -9999 -9999 -9999 -9999 -9999 -9999 -9999 -9999 -9999 0.20010598263122314 -0.35693864614977544 -0.4792540487779777 -0.2825651384940474 0.1018422120585585 0.38406468418265854 0.5367524885835853 0.5807659882211134 0.6221159351108556 0.5630775223392943 0.5724384121763271 0.6102960921883923 0.6549484252380695 0.7070902548930189 0.7038328208606056 0.6690857011235656 0.6483522160711797 0.6513635808375537 0.6686763992428392 0.6830701346510437 0.7029598305213199 0.6586277899449384 0.6161472482447017 0.6578989072668031 0.7109217545847891 0.7851457375624895 0.8231625989265918 0.6808802680682915 -9999 -9999 -9999 -9999 -9999 -9999 -9999 -9999 -9999 -9999 -9999 -9999
-9999 -9999 -9999 -9999 -9999 -9999 -9999 -9999 -9999 -9999 -9999 0.21085534597690803 0.27878737211205457 0.6421386603844252 -9999 -9999 0.2450508177196412 0.3746637750293873 0.43818788611667214 0.541977351496806 0.5585016552241197 0.554659216122211 0.5937896766458497 0.5729051793209939 0.5723985637732325 0.5738089255294337 0.5803049865342014 0.604692415260949 0.6186500124861696 0.6386394268049109 0.6816675336810604 0.711860958108687 0.7407722111150593 0.6952895115905728 0.6321161958708924 0.6757172575963738 0.7726132511475786 0.8196192827249058 0.7967373725709842 -9999 -9999 -9999 -9999 -9999 -9999 -9999 -9999 -9999 -9999 -9999 -9999 -9999
-9999 -9999 -9999 -9999 -9999 0.7292528734115384 0.7366642684012773 0.7677951283379341 0.8163480486820834 0.7801436049406945 0.4929053029613351 -0.14489237313116393 -9999 0.30177058845044397 0.3851435317894228 0.6340006390719085 0.6455474537673593 0.6749496887013525 0.7688521186913497 0.7825620327202442 0.6977808372419652 0.6916387490620775 0.6096093798284221 0.6176906300630742 0.594165064884369 0.5752409089629839 0.5743207832692234 0.6387251964060793 0.6850043265377563 0.7297230939663795 0.7280567252654135 0.7768648584283087 0.6975565263763943 0.6874432236254139 0.7628635635915368 0.8645841720263365 0.8528267020663232 0.8174868958656224 -9999 -9999 -9999 -9999 -9999 -9999 -9999 -9999 -9999 -9999 -9999 -9999 -9999 -9999
-9999 -9999 -9999 -9999 0.559599422031234 -0.24572964271153705 -0.2315401561235212 -0.3209038942315738 -0.2197409159460903 -0.135981781629944 0.1030986198700442 0.08841797913841118 0.2041641367508762 0.5801354455003984 0.7543579663679651 0.8334883596625489 0.8693263690099594 0.8331509415372658 0.8790615649380011 0.8172327317444591 0.7222592843303385 0.6321942336560451 0.7223053435140079 0.6552637024314378 0.7328629797379888 0.6776763873274745 0.8133831140981024 0.7639426771888259 0.7899147920263779 0.7853398147027065 0.6326939004000856 0.5856217166833504 0.7419077816263124 0.7850484998215861 0.7900302114812885 -9999 -9999 -9999 -9999 -9999 -9999 -9999 -9999 -9999 -9999 -9999 -9999 -9999 -9999 -9999 -9999 -9999
-9999 -9999 -9999 0.7828259885945614 0.7420849562630206 -9999 0.2493113789403988 -0.13972494016840642 -9999 0.1850476859340228 0.3134354122510653 0.11086425322783207 0.2898096365276352 0.7039860451936781 0.8199120445582828 0.7537194414988144 0.8101082674225173 0.7962228887657037 0.8448043461090842 0.8386466079442507 0.7626327738032865 0.6770681275648578 0.6990928638670277 0.7637219833677577 0.7494175116149113 0.7751057214646759 0.8402566823142146 0.8302136497239653 0.8181683528224752 0.8018470089610616 0.8143675509720185 -9999 -9999 -9999 -9999 -9999 -9999 -9999 -9999 -9999 -9999 -9999 -9999 -9999 -9999 -9999 -9999 -9999 -9999 -9999 -9999 -9999
-9999 -9999 -9999 0.8189883282171133 0.8310352145729978 0.8439191423569383 0.7389863137016661 0.19383605757090536 0.4047581640060919 0.32006761182608306 0.2618522637603076 0.384598634574906 -9999 0.6507096164684459 0.8022747038287009 0.7746749685009007 0.8074384922989901 0.8272326446658185 0.8267640639178926 0.7861638262015231 0.7791022477581101 0.7396390955657492 0.7156670555111435 0.7375019914674565 0.7768836699894321 0.8147150759275643 0.8356331515701317 0.8158040048565427 0.8024669340737753 -9999 -9999 -9999 -9999 -9999 -9999 -9999 -9999 -9999 -9999 -9999 -9999 -9999 -9999 -9999 -9999 -9999 -9999 -9999 -9999 -9999 -9999 -9999
-9999 -9999 -9999 0.763895064648149 0.7942486450980544 0.8072168576144474 0.7457707319212974 0.5346123412128491 0.5642666791277883 0.6862727069914847 0.7101457004208518 0.7738571597144834 0.6872002035454595 0.7266518613744206 0.8052467429394867 0.6864976899797479 0.756073610410511 0.8019116023190724 0.8098913465169877 0.8083675153327821 0.8101736038059114 0.7611193787327242 0.775793128714481 0.7940389023081326 0.7303554556906621 0.8202659462642277 0.830501185711263 0.8928460070159339 -9999 -9999 -9999 -9999 -9999 -9999 -9999 -9999 -9999 -9999 -9999 -9999 -9999 -9999 -9999 -9999 -9999 -9999 -9999 -9999 -9999 -9999 -9999 -9999
-9999 -9999 -9999 0.8185169690236487 0.7685259129806601 0.6785262050382219 0.623815441183127 0.6728296194969183 0.6892430725261336 0.7061340977603432 0.713074026314367 0.8100505952481141 0.8024848660109745 0.8005848529571481 0.7572380106822564 0.7563946600723063 0.8097911231389717 0.7563936400006159 0.8418932677710671 0.826825982096604 0.756289937275326 0.7771605582653727 0.7711402315141536 0.8370111749446987 0.8467131148471042 0.8458879304037059 0.8213094702838311 -9999 -9999 -9999 -9999 -9999 -9999 -9999 -9999 -9999 -9999 -9999 -9999 -9999 -9999 -9999 -9999 -9999 -9999 -9999 -9999 -9999 -9999 -9999 -9999 -9999
-9999 -9999 -9999 -9999 0.6376147711549672 0.5168017480807541 0.6332155608054613 0.676428765738772 0.7216191869557521 0.7021919712995226 0.6864619120300923 0.7417708169174266 0.7388564362385317 0.8359363849698822 0.810245494627333 0.7857726907019875 0.7922538823557752 0.7987332501451918 0.8230380404367386 0.7718056225967237 0.7620131210077199 0.7585306499605557 0.8024502513948764 0.8441978445545857 -9999 -9999 -9999 -9999 -9999 -9999 -9999 -9999 -9999 -9999 -9999 -9999 -9999 -9999 -9999 -9999 -9999 -9999 -9999 -9999 -9999 -9999 -9999 -9999 -9999 -9999 -9999 -9999
-9999 -9999 -9999 -9999 0.7481173964770734 0.7444917495908605 0.7584876856793455 0.792254709043261 0.7736851977954149 0.7338313232109983 0.737312228849045 0.7853738043263829 0.8043215227006429 0.8175494377448976 0.7194649256279042 0.7120655708488481 0.7281381403574491 0.7115202518991206 0.7240284621049433 0.6791697678094055 0.6419200281600284 0.7252814899631651 0.7824309640897802 0.8439583420744687 0.8345144252484814 -9999 -9999 -9999 -9999 -9999 -9999 -9999 -9999 -9999 -9999 -9999 -9999 -9999 -9999 -9999 -9999 -9999 -9999 -9999 -9999 -9999 -9999 -9999 -9999 -9999 -9999 -9999
-9999 -9999 -9999 -9999 0.7416187199722826 0.7623212035163655 0.7716333737986573 0.7657039624253097 0.787819968545902 0.7641254815273844 0.7610424926095432 0.8090957036782551 0.8457618548753996 0.8155270095926501 0.7930079330525732 0.7628838169538398 0.7369220270191049 0.7270747113106508 0.7300878277819327 0.6262553241486533 0.6991926872583164 0.7902216039426584 0.8249438012964607 0.8474818880093022 -9999 -9999 -9999 -9999 -9999 -9999 -9999 -9999 -9999 -9999 -9999 -9999 -9999 -9999 -9999 -9999 -9999 -9999 -9999 -9999 -9999 -9999 -9999 -9999 -9999 -9999 -9999 -9999
