metrics/grid_rasters/SMAP L4/grideval_SMAP L4_X_fall_2018_absolute_ubrmsd.asc
ncols 52
nrows 55
xllcorner     11.25
yllcorner     55.25
cellsize      0.25
NODATA_value  -9999
[rows 0 to 27 of 55, columns 0 to 51 of 52]
-9999 -9999 -9999 -9999 -9999 -9999 -9999 -9999 -9999 -9999 -9999 -9999 -9999 -9999 -9999 -9999 -9999 -9999 -9999 -9999 -9999 -9999 -9999 -9999 -9999 -9999 -9999 -9999 -9999 -9999 -9999 -9999 -9999 -9999 -9999 -9999 0.02174825567330059 0.01745607154208084 0.017136788789342803 -9999 -9999 -9999 -9999 -9999 -9999 -9999 -9999 -9999 -9999 -9999 -9999 -9999
-9999 -9999 -9999 -9999 -9999 -9999 -9999 -9999 -9999 -9999 -9999 -9999 -9999 -9999 -9999 -9999 -9999 -9999 -9999 -9999 -9999 -9999 -9999 -9999 -9999 -9999 -9999 -9999 -9999 -9999 -9999 -9999 -9999 -9999 -9999 -9999 0.02470111855132716 0.021287590141597732 0.0201072104347219 0.015659504398376475 0.015950343748595514 0.014697412715135697 -9999 -9999 -9999 -9999 -9999 -9999 -9999 -9999 -9999 -9999
-9999 -9999 -9999 -9999 -9999 -9999 -9999 -9999 -9999 -9999 -9999 -9999 -9999 -9999 -9999 -9999 -9999 -9999 -9999 -9999 -9999 -9999 -9999 -9999 -9999 -9999 -9999 0.02002301428478575 0.019307660258482497 0.013908655929448649 0.01165003323124754 0.019065051632082768 0.022556790515125408 0.02412035804937028 -9999 0.0222045108076857 0.023834440911390826 0.022173414314477075 0.016610804888247257 0.015402501482629788 0.01590249108775321 0.014680680950308762 0.015947916844916386 0.01578128623526114 0.01695967720591684 0.017209230722994066 -9999 -9999 -9999 -9999 -9999 -9999
-9999 -9999 -9999 -9999 -9999 -9999 -9999 -9999 -9999 -9999 -9999 -9999 -9999 -9999 -9999 -9999 -9999 -9999 -9999 -9999 -9999 -9999 -9999 -9999 -9999 -9999 -9999 0.01839834880306921 0.019651366048872274 0.023010908125742142 0.025823346498250545 0.02429221289263681 0.022654981735951752 0.02362463471319784 0.02614764517787431 0.02278192263829189 0.020980173168412587 0.014624686571611787 0.013829623790636954 0.014500380008270124 0.013802855027876728 0.013488478963146195 0.015035364813950456 0.01584162633432148 0.017695993353935627 0.017249555135189474 0.01713620090592826 0.017200414363346316 -9999 -9999 -9999 -9999
-9999 -9999 -9999 -9999 -9999 -9999 -9999 -9999 -9999 -9999 -9999 -9999 -9999 -9999 -9999 -9999 -9999 -9999 -9999 -9999 -9999 -9999 0.02190236305877076 0.023719708539437192 0.02080399531741864 0.021033906965954755 0.01948165171932051 0.020660424632062437 0.020458609092257118 0.02219045689173816 0.02526709623352375 0.023555905173255343 0.020263253197294058 0.01964045090231401 0.018312378262630536 0.014793295807874437 0.012646344235737685 0.01187055181038192 0.01352599819455836 0.01425311959403923 0.014365381979823547 0.01641640908129689 0.01729502836967116 0.015868993658719008 0.015650582106853973 0.01708646076571651 0.01617035969214163 0.015711275630586028 0.015719706176990374 -9999 -9999 -9999
-9999 -9999 -9999 -9999 -9999 -9999 -9999 -9999 -9999 -9999 -9999 -9999 -9999 -9999 -9999 -9999 -9999 -9999 -9999 -9999 -9999 0.02153251059238493 0.02225772428343059 0.021082600955141112 0.01608740921524927 0.017823437968228127 0.019156254031067483 0.022197702837755868 0.022383122266827944 0.02279311355749496 0.02703297108273904 0.02288844944631919 0.020165461624326482 0.017133205341388832 0.017545809711538914 0.014013246734764484 0.01466685349397049 0.01425420301097642 0.014482369536231325 0.01444152861470825 0.013736588279527728 0.013809554842808812 0.015310035785768287 0.015731964570590118 0.015609210251022038 0.016649190373056687 0.01735131059611562 0.0174261401601206 0.017767331648151485 -9999 -9999 -9999
-9999 -9999 -9999 -9999 -9999 -9999 -9999 -9999 -9999 -9999 -9999 -9999 -9999 -9999 -9999 -9999 -9999 -9999 -9999 -9999 0.01976223121675641 0.01665339159963529 0.021117069378763374 0.0207370988716738 0.0197565840801602 0.019140570270165025 0.020603570853171303 0.026321845159379652 0.02604630384088196 0.024904553574680074 0.02110608729705821 0.017216087785337127 0.016187333388814732 0.01603186699738752 0.018721882597220445 0.01625152084707394 0.017518431959069863 0.01719025753896639 0.017813462770902226 0.01586929186429337 0.015806168285517314 0.015554689293205375 0.017664289837706338 0.017519108231586963 0.0146673413781035 0.018270092337233475 0.0194488952152644 0.021434700391453242 0.01992637865256189 0.01845118356435665 -9999 -9999
-9999 -9999 -9999 -9999 -9999 -9999 -9999 -9999 -9999 -9999 -9999 -9999 -9999 -9999 -9999 -9999 -9999 -9999 -9999 -9999 -9999 0.02375815258712248 0.02438602758460884 0.02382664517784882 0.024821269869317927 0.02127143737514305 0.024965123755113568 0.028582868469919736 0.031139138110320007 0.024938012541071145 0.021254170127776008 0.01794742542007605 0.01915115970846541 0.016816754328374362 0.014796309316529357 0.01634268125370077 0.016167152474620822 0.01704366934511694 0.018074736808852254 0.016796709392158146 0.016717423599137627 0.016090713779390798 0.015245378372006346 0.01754075251371052 0.017235122970737447 0.017675270565892312 0.018511245253687605 0.020308506262650516 0.01910044224414456 -9999 -9999 -9999
-9999 -9999 -9999 -9999 -9999 -9999 -9999 -9999 -9999 -9999 -9999 -9999 -9999 -9999 -9999 -9999 -9999 -9999 -9999 0.02618112791835876 0.028188138818278825 0.02785813011370587 0.027987403402108944 0.02656206928593156 0.026100081206599044 0.022767621816705844 0.020976012896340587 0.019888595461751063 0.015457299312209138 0.013806225387898123 0.014448395038584257 0.01557551868286031 0.01569227040242825 0.017119887277964194 0.017263768703587014 0.01771768106912678 0.017875371487182098 0.01854394787247301 0.0189362425429602 0.01784130124137555 0.017056854644535827 0.016161978439529052 0.014829458620501315 0.014350413041936634 0.017220555313527876 0.0148708672673334 0.014392451396838696 0.014738727631962312 0.01910278337383785 0.018681369024348842 0.014934191785283475 -9999
-9999 -9999 -9999 -9999 -9999 -9999 -9999 -9999 -9999 -9999 -9999 -9999 -9999 -9999 -9999 -9999 -9999 -9999 0.0251694804144238 0.026003863411128283 0.02728022476645528 0.02890900844571818 0.030634619134150002 0.03073330975077995 0.02803073444801997 0.022042747361992802 0.01997092782389317 0.01655384876833041 0.01624454674898452 0.014875726411342409 0.01505698335917799 0.01578563509384085 0.015156305425567203 0.01721971538914045 0.017641259688351597 0.018775217610968776 0.019019542352648414 0.01834685822574891 0.01688215295102688 0.016013368701896687 0.01598406969033334 0.015759574687234455 0.014837684557128415 0.014266128986613913 0.014649094142339104 0.014691158946443498 0.014657174357063003 0.015378832423544769 0.016213140685036934 0.016312045173494414 0.015714984637299582 -9999
-9999 -9999 -9999 -9999 -9999 -9999 -9999 -9999 -9999 -9999 -9999 -9999 -9999 -9999 -9999 -9999 -9999 0.0239224886574042 0.024704436477131598 0.0265763949010071 0.02513752325749356 0.024918206625569032 0.022870170661713075 0.01862744509045165 0.019802223936674964 0.017139865944267373 0.017000129903301624 0.01702477604700783 0.016896058746153273 0.016521281972917943 0.01631014548590186 0.016650590488102388 0.016374019415756943 0.018240634075781442 0.018786791889575008 0.020011142140991003 0.01930050761945056 0.0193179476144234 0.01706891962977164 0.016310859279380658 0.01863154765067974 0.01835265177958343 0.01588073715357212 0.01584355634853448 0.015444381667692162 0.016254535383573427 0.01660583538777408 0.016911899736061255 0.01749620871661178 0.01843655038762477 -9999 -9999
-9999 -9999 -9999 -9999 -9999 -9999 -9999 -9999 -9999 -9999 -9999 -9999 -9999 0.024959970967373058 0.025665677976804024 0.02349358455778104 0.02457111090488009 0.024484715637851824 0.023903705927999137 0.023690056714310008 0.0219316857512474 0.019997335606014785 0.019207522066243286 0.017467415324969975 0.017634968361311728 0.016567539393020546 0.01234387172215418 0.01825940525529963 0.0192053979202381 0.018341857049537957 0.017494125376778222 0.018664355057014883 0.01848532642159316 0.02039629354511488 0.020669630385179515 0.020350717651555283 0.019356546585243654 0.019817725367164432 0.01756999020564122 0.01556713033356231 0.015265768127476537 0.0145320497335843 0.014167146862812391 0.014976119650039888 0.014985452621750682 0.0196523001299622 0.019808984354436218 0.020119969271364408 0.017583581166662823 0.020148385985868062 0.019789695143203702 -9999
-9999 -9999 -9999 -9999 -9999 -9999 -9999 -9999 -9999 -9999 -9999 -9999 -9999 0.026735717581925212 0.025584335499776668 0.025354862681648483 0.02565539355344779 0.025702963216104685 0.02202568703452456 0.01885718577318218 0.017985961170546964 0.01782898908918215 0.01857974710436331 0.01959558298545447 0.01951114582551553 0.01656998591026973 0.008153015200325594 0.017675207241906722 0.015114109074553619 0.018090041904206215 0.018001739403640818 0.01794722289973752 0.01857863809863301 0.020300148686742882 0.021662951293240758 0.02044490942640349 0.01848775462935178 0.017717511770091617 0.015824772426008958 0.01482510955824844 0.014095975007573374 0.014496781587933362 0.014212069556144685 0.024059925447046902 0.025974403667026063 0.02029222352628372 0.023071720582855476 0.021709988909377708 0.02246258790035669 0.02239776977086948 0.023672631624680102 0.022792328134534138
-9999 -9999 -9999 -9999 -9999 -9999 -9999 -9999 -9999 -9999 -9999 -9999 -9999 0.025608100941499217 0.0293570061393759 0.02556145981393098 0.023890156431105657 0.02126936140271076 0.01987381599906317 0.0185383027584896 0.01873005906567106 0.0192509841723273 0.020192290419131308 0.01911327090147957 0.017881306487732496 0.017833172773790554 0.0178558179855087 0.007999976795476503 0.011052981209537014 0.017337999907794156 0.017239315899475756 0.0178445628099305 0.01797195174144509 0.018293234378238692 0.018475405986947184 0.0185888417304372 0.01696302248537731 0.01592225780788632 0.014392903692654238 0.014277810884273484 0.01417126153225224 0.014684720813834257 0.014799206259427034 0.019164319323698626 -9999 -9999 -9999 -9999 -9999 -9999 -9999 -9999
-9999 -9999 -9999 -9999 -9999 -9999 -9999 -9999 -9999 -9999 -9999 -9999 -9999 0.025543893017710415 0.023475296537143718 0.02081360928731355 0.020198845791022928 0.01967408089324336 0.019600839580375937 0.020014507316260186 0.019973700227418543 0.01630427340511239 0.018930980377744485 0.02034272981477084 0.019269869453040274 0.018742322078867352 0.018782124919935368 0.017850470107800363 0.017718708511279806 0.017720430676616303 0.017859880584662022 0.0179656991180257 0.017752574353412848 0.017848634688729742 0.017794819057705653 0.016986203413217816 0.015049917863407147 0.014903176290663287 0.013860848596009508 0.014618895152475166 0.014213922919676696 -9999 -9999 -9999 -9999 -9999 -9999 -9999 -9999 -9999 -9999 -9999
-9999 -9999 -9999 -9999 -9999 -9999 -9999 -9999 -9999 -9999 -9999 -9999 0.025091405585142012 0.02576516201880871 0.023140073085080128 0.020734062891652368 0.019581866340664843 0.020246789248988675 0.020015248145431142 0.018988115091256526 0.01834378584824516 0.016292478434677838 0.014550258753541328 0.01808228123382525 0.019275479252697937 0.018485988064992902 0.0194690345584072 0.01782293166694224 0.016871076937659008 0.01546586753614331 0.015681298159439312 0.016900602301478537 0.016477707755147897 0.016123952885360133 0.0152386810980998 0.014745644970903509 0.012895133761320466 0.01349254559055028 0.013809366711563765 0.013836937954875528 0.01447742710377831 -9999 -9999 -9999 -9999 -9999 -9999 -9999 -9999 -9999 -9999 -9999
-9999 -9999 -9999 -9999 -9999 -9999 -9999 -9999 -9999 -9999 -9999 0.025903219055451752 0.024613244263955645 0.02170934382202098 0.02078817910076845 0.02124750581216049 0.02037176280407273 0.02192551739855997 0.020304278700682767 0.019259852255203314 0.017925679702713273 0.01650516649269296 0.01696383402982466 0.01890417759402515 0.018834673041752875 0.01887079455925464 0.01894059010188345 0.01770940170046434 0.017624775170599676 0.016583220106602847 0.016122849730631567 0.015780229227434786 0.014592225673373715 0.014467766814367832 0.013546763332862241 0.013477384845788068 0.01271820751358813 0.013692175123606357 0.014712152510621548 0.018846807048320192 -9999 -9999 -9999 -9999 -9999 -9999 -9999 -9999 -9999 -9999 -9999 -9999
-9999 -9999 -9999 -9999 -9999 -9999 -9999 -9999 -9999 -9999 0.02416270594571217 0.02566178000410648 0.02247596726894661 0.02047008696281001 0.0217374454092214 0.02114076467592044 0.020714076121473773 0.02031088366451594 0.01955955204999016 0.016539655503507403 0.016484773090297816 0.01632250310685174 0.016276374112656526 0.016190540735088542 0.01661657442332689 0.016885969807483574 0.01695439957386938 0.015686566513621415 0.015457926108964144 0.015053588322827119 0.014014310635542078 0.012568611937400014 0.011561335014083471 0.012081573772762463 0.012276475880391638 0.012513509872840152 0.013460627358730584 0.014844020080711338 0.01532497957046106 -9999 -9999 -9999 -9999 -9999 -9999 -9999 -9999 -9999 -9999 -9999 -9999 -9999
-9999 -9999 -9999 -9999 -9999 -9999 -9999 -9999 -9999 -9999 -9999 -9999 0.024195192894806056 0.025500888704665662 0.02608992065439175 0.020917962573885483 0.020490046672728017 0.01889722394226936 0.017701812334408273 0.017369501009896773 0.01614651408380591 0.0163851910955152 0.01577037889665974 0.015043686907211546 0.015129534584375172 0.014810336957530715 0.015055215735875063 0.014245966861181856 0.0137594801967139 0.013223478027432022 0.0122069998254302 0.01132731425086918 0.011189290394042165 0.01198434249695952 0.01221242977252678 0.012792376012817595 0.014257137717410606 0.015551859615373975 0.016228656480374654 0.01878962812653136 -9999 -9999 -9999 -9999 -9999 -9999 -9999 -9999 -9999 -9999 -9999 -9999
-9999 -9999 -9999 -9999 -9999 -9999 -9999 -9999 -9999 -9999 -9999 0.022249458195600025 0.0246062108062416 0.02471286311810809 0.023285034369978214 0.01982081665082924 0.017997855485037087 0.015854333997218025 0.015275032034062185 0.015819422519750815 0.015341189564840462 0.0141468203881253 0.013509366865289005 0.012454628989005423 0.011864941420080908 0.011582122169918664 0.011625903298536015 0.011653162329653115 0.01138075881051522 0.011785338777197346 0.011940871856162036 0.011648905359186662 0.012280969827716351 0.013351665859177532 0.01352287499432776 0.014440863065217 0.014965811777188162 0.016146580671173857 0.015748672335262923 -9999 -9999 -9999 -9999 -9999 -9999 -9999 -9999 -9999 -9999 -9999 -9999 -9999
-9999 -9999 -9999 -9999 -9999 0.022190994743924063 0.024321998806937885 0.020672524211182926 0.019649542899593392 0.01846155261998557 0.021207445481272787 0.023335618268216198 0.023434091321215128 0.02350715099027304 0.02163424200367231 0.021435921528272832 0.01867297333992465 0.01664857399059326 0.01556786891230281 0.015401602970424215 0.014425280222113824 0.013252758252292914 0.013014177886117292 0.012361184441894987 0.01188923669772534 0.011622785956543315 0.0115749966596683 0.011519541874287236 0.011898257916310152 0.012688975746865708 0.012786416450852777 0.01409400293177786 0.013921681849123829 0.013696469424958946 0.013931444775531685 0.015078956954536732 0.015197466343510357 0.014780981148349729 -9999 -9999 -9999 -9999 -9999 -9999 -9999 -9999 -9999 -9999 -9999 -9999 -9999 -9999
-9999 -9999 -9999 -9999 0.027443111160492587 0.023448417344615446 0.02730762625355269 0.018145550310511918 0.022448796312059413 0.021333847846261817 0.0212222742066865 0.02055272975983901 0.01975357024539544 0.020318411282109608 0.01806968629697957 0.017749400981811967 0.01644453416277925 0.01574748077567788 0.0143500236004578 0.014004864733463292 0.01391562021348992 0.01285218157909227 0.011739046036453205 0.012430477165458972 0.012150368456628674 0.011685847958444 0.011788136771257451 0.011739184806187256 0.011911109857535362 0.012575722616438549 0.012268191111317722 0.029934128773158233 0.02544861489511814 0.023793882174677875 0.021877737286718144 -9999 -9999 -9999 -9999 -9999 -9999 -9999 -9999 -9999 -9999 -9999 -9999 -9999 -9999 -9999 -9999 -9999
-9999 -9999 -9999 0.01599064855052459 0.02372679106630211 0.02296429515283674 0.019974259410923248 0.0188800886506095 0.018612853792484063 0.01753277944083212 0.01651174944704186 0.013317744101143076 0.0136310233126902 0.01523657250914722 0.015162998208042785 0.014016321638515771 0.014428167058490137 0.015959048573506506 0.01555541939003073 0.015357299717806843 0.014958436357583763 0.014178786796198266 0.0136985371290813 0.013736304487843796 0.013357044672131344 0.012889231908660896 0.01263931541962988 0.013638663263721113 0.014210283284631331 0.01477359334533874 0.014414576638165194 -9999 -9999 -9999 -9999 -9999 -9999 -9999 -9999 -9999 -9999 -9999 -9999 -9999 -9999 -9999 -9999 -9999 -9999 -9999 -9999 -9999
-9999 -9999 -9999 0.01681972388208838 0.016680139981390243 0.01935822646590719 0.020101014154378673 0.018090742568792804 0.01714928591191239 0.017878172600910056 0.017359540564828788 0.007422447175499781 0.008112162815638625 0.01435933244881156 0.015023622720590319 0.012954964162520887 0.01401520278888146 0.014916447518834112 0.014963504801129403 0.015456247422890585 0.014614800996550837 0.013485940372102585 0.012940535790858495 0.013754053877405496 0.01374814532555702 0.014501367650190347 0.014662712266899615 0.015180435627776472 0.016700213303141767 -9999 -9999 -9999 -9999 -9999 -9999 -9999 -9999 -9999 -9999 -9999 -9999 -9999 -9999 -9999 -9999 -9999 -9999 -9999 -9999 -9999 -9999 -9999
-9999 -9999 -9999 0.0179867795113293 0.019988035135532614 0.017590438734228442 0.0193034300646032 0.01915169901729538 0.019089676518049863 0.018032105903992957 0.01621395652970804 0.014644376236191897 0.015280469717880503 0.01444433997554558 0.013616693867877705 0.012988841015368666 0.01322506625322738 0.013857641437455579 0.014794202760319569 0.015351974701078797 0.015262734517833538 0.013555746145193469 0.012818752506189137 0.013865240530286493 0.014486878284477547 0.015067615453411818 0.01820232660196129 0.02123387981830887 -9999 -9999 -9999 -9999 -9999 -9999 -9999 -9999 -9999 -9999 -9999 -9999 -9999 -9999 -9999 -9999 -9999 -9999 -9999 -9999 -9999 -9999 -9999 -9999
-9999 -9999 -9999 0.018165217791593198 0.01845197720495683 0.01836606835894912 0.018694795638000732 0.017594401084111217 0.01724600229459195 0.017316323636474906 0.01593689346583949 0.01622686118406017 0.015386380984278306 0.01457975345192886 0.013557845857103415 0.013260591703449369 0.013477264590214779 0.013669000957927046 0.013857806836901885 0.015044328793621903 0.01409299918564121 0.01397813168872192 0.014411263856246187 0.0153603928433941 0.015490270049589172 0.015741969600011313 0.016731410920126415 -9999 -9999 -9999 -9999 -9999 -9999 -9999 -9999 -9999 -9999 -9999 -9999 -9999 -9999 -9999 -9999 -9999 -9999 -9999 -9999 -9999 -9999 -9999 -9999 -9999
-9999 -9999 -9999 -9999 0.01896652493608215 0.02038118275549806 0.020447782418090286 0.017153404619966714 0.0171154505945564 0.01762494572063553 0.017269509437366617 0.01680634448021405 0.016671544774615438 0.01594837199142691 0.014572069933833741 0.014257178944303825 0.01487718012996356 0.015598513849309744 0.015369658130896531 0.015134376240334457 0.01536332395595731 0.01606032234573878 0.016393248620316728 0.016614417574590912 -9999 -9999 -9999 -9999 -9999 -9999 -9999 -9999 -9999 -9999 -9999 -9999 -9999 -9999 -9999 -9999 -9999 -9999 -9999 -9999 -9999 -9999 -9999 -9999 -9999 -9999 -9999 -9999
-9999 -9999 -9999 -9999 0.01889461347106097 0.019320523708983052 0.017586845674515 0.01580478950331705 0.01642736851538713 0.016144674957216488 0.018315165484321685 0.019500106384515214 0.017717270536081273 0.016793566131779226 0.016725431225167852 0.015848164499424222 0.01641674872075651 0.01665869486758125 0.016633169341688483 0.016228148547355884 0.015529131570687622 0.01650616343433226 0.01718122746206342 0.01777000424269377 0.01858237012837856 -9999 -9999 -9999 -9999 -9999 -9999 -9999 -9999 -9999 -9999 -9999 -9999 -9999 -9999 -9999 -9999 -9999 -9999 -9999 -9999 -9999 -9999 -9999 -9999 -9999 -9999 -9999
