metrics/grid_rasters/SMAP L4/grideval_SMAP L4_X_winter_2017_absolute_bias.asc
ncols 52
nrows 55
xllcorner     11.25
yllcorner     55.25
cellsize      0.25
NODATA_value  -9999
[rows 0 to 26 of 55, columns 0 to 51 of 52]
-9999 -9999 -9999 -9999 -9999 -9999 -9999 -9999 -9999 -9999 -9999 -9999 -9999 -9999 -9999 -9999 -9999 -9999 -9999 -9999 -9999 -9999 -9999 -9999 -9999 -9999 -9999 -9999 -9999 -9999 -9999 -9999 -9999 -9999 -9999 -9999 -0.005185523629188504 -0.031177965593006892 -0.08207793906331065 -9999 -9999 -9999 -9999 -9999 -9999 -9999 -9999 -9999 -9999 -9999 -9999 -9999
-9999 -9999 -9999 -9999 -9999 -9999 -9999 -9999 -9999 -9999 -9999 -9999 -9999 -9999 -9999 -9999 -9999 -9999 -9999 -9999 -9999 -9999 -9999 -9999 -9999 -9999 -9999 -9999 -9999 -9999 -9999 -9999 -9999 -9999 -9999 -9999 -0.003520897651712096 -0.025067604622907136 -0.032044952279991545 -0.061185702888501996 -0.12593273259699345 -0.11621073987334965 -9999 -9999 -9999 -9999 -9999 -9999 -9999 -9999 -9999 -9999
-9999 -9999 -9999 -9999 -9999 -9999 -9999 -9999 -9999 -9999 -9999 -9999 -9999 -9999 -9999 -9999 -9999 -9999 -9999 -9999 -9999 -9999 -9999 -9999 -9999 -9999 -9999 -0.009252744540572178 -0.030212358923422 -0.06904028068400092 -0.09405687271306916 -0.0801454225141141 -0.08402987538526457 -0.059018975289331525 -9999 -0.057753635570406935 -0.035714043014579366 -0.048397111023465784 -0.107898660376668 -0.11184886532525223 -0.1123367089157303 -0.1103868462352289 -0.1119471110817459 -0.10580745811263716 -0.1096905917343166 -0.10817522031979428 -9999 -9999 -9999 -9999 -9999 -9999
-9999 -9999 -9999 -9999 -9999 -9999 -9999 -9999 -9999 -9999 -9999 -9999 -9999 -9999 -9999 -9999 -9999 -9999 -9999 -9999 -9999 -9999 -9999 -9999 -9999 -9999 -9999 -0.009598750579688288 0.00018335129651758653 0.00596623379323219 0.011189156025648128 0.0016943967590729025 -0.05221979365580615 -0.1018595106899738 -0.0841171254300409 -0.08035332171453369 -0.08598509631637069 -0.09551439057621687 -0.1057951029183136 -0.11735988698071904 -0.11486028484586215 -0.11372006676263285 -0.11729655760443873 -0.12250874696506392 -0.1054906241181824 -0.1167210168929564 -0.11028575516409347 -0.1066334835564097 -9999 -9999 -9999 -9999
-9999 -9999 -9999 -9999 -9999 -9999 -9999 -9999 -9999 -9999 -9999 -9999 -9999 -9999 -9999 -9999 -9999 -9999 -9999 -9999 -9999 -9999 0.0005455661978986391 -0.015588907607727576 -0.004664435775743547 -0.023796200503905632 -0.007624520402815638 -0.009347729384899141 -0.0074703437172704 -0.001332190053330573 0.003323678630921589 -0.05470847218400898 -0.054268003544873655 -0.10218148115608428 -0.08577951461904576 -0.07607016807629002 -0.0878124553710222 -0.08825430810037588 -0.09347907404104866 -0.10053424963520632 -0.10833745534635253 -0.1123724717646837 -0.11531496000372705 -0.11965863317665125 -0.12856452436082896 -0.14178000121480888 -0.1343091484780113 -0.13365944474935532 -0.13188707112438147 -9999 -9999 -9999
-9999 -9999 -9999 -9999 -9999 -9999 -9999 -9999 -9999 -9999 -9999 -9999 -9999 -9999 -9999 -9999 -9999 -9999 -9999 -9999 -9999 -0.007542144051856435 -0.004253355744812226 0.006535612336463381 -0.009597160170475684 -0.017465646192431402 -0.021127633129556955 -0.004673131182789836 -0.006251620170142913 -0.004069627448916424 -0.023238786268565403 -0.058999465902646375 -0.07049991556753715 -0.10797050212406448 -0.09679172825482156 -0.07936046916163628 -0.09405482570744224 -0.09622396696358916 -0.1004988508712914 -0.11338386272804607 -0.11277253747814232 -0.11638754248205155 -0.12406465489831235 -0.12997422207974724 -0.13607325841569234 -0.14229939695861604 -0.1232494051050809 -0.13471901793446805 -0.13398746881220078 -9999 -9999 -9999
-9999 -9999 -9999 -9999 -9999 -9999 -9999 -9999 -9999 -9999 -9999 -9999 -9999 -9999 -9999 -9999 -9999 -9999 -9999 -9999 -0.009000314689344868 -0.005726009814275622 -0.01886545593539873 -0.010173263400793107 -0.015524038589662947 -0.0025113017608721644 -0.00206244124306576 -0.020523358840081385 -0.021124830883410217 -0.041594325212968686 -0.0813696784277757 -0.12448088652971714 -0.1217032164749172 -0.11096451466696132 -0.4557191556319594 -0.10329544020609728 -0.11034598511954148 -0.11410570949729945 -0.12642292123701834 -0.12395969691375892 -0.12481415698097813 -0.131180662723879 -0.5182768950238823 -0.5217894187197089 -0.13490603549612892 -0.5116650790803963 -0.5126382153274285 -0.5136280156051121 -0.5121541559903158 -0.5127161504286859 -9999 -9999
-9999 -9999 -9999 -9999 -9999 -9999 -9999 -9999 -9999 -9999 -9999 -9999 -9999 -9999 -9999 -9999 -9999 -9999 -9999 -9999 -9999 -0.01969843320548537 -0.02049604807462957 -0.007775709571109846 -0.009484068966574166 -0.01346949086421062 -0.03050577301118107 -0.0775179634905524 -0.12077881956679952 -0.10748894481609264 -0.056990174369679576 -0.1152355405398541 -0.1288164942421847 -0.11693213004618885 -0.1109620259039932 -0.4937422692361805 -0.12243790361616347 -0.12207660724719364 -0.12633635693540174 -0.12654134722219573 -0.1287664467882779 -0.13359803778843746 -0.13701271718988814 -0.5252833263327678 -0.5208222977817059 -0.5118727432977822 -0.5110101781578528 -0.514140938863986 -0.5137791989578142 -9999 -9999 -9999
-9999 -9999 -9999 -9999 -9999 -9999 -9999 -9999 -9999 -9999 -9999 -9999 -9999 -9999 -9999 -9999 -9999 -9999 -9999 -0.015762322106295138 -0.01946041848924429 -0.02085617052184213 -0.0247288195623292 -0.030458323119415157 -0.05938069907327492 -0.1436301768446962 -0.13927481176538598 -0.13105922407574122 -0.12207213222152655 -0.1236585661975874 -0.12065342774407728 -0.11991884135123755 -0.11526895726306567 -0.10851677215347688 -0.11175917422191964 -0.4997534956783056 -0.12428046249681048 -0.13249243303305572 -0.13246991828911836 -0.13327787775132394 -0.12929892916646266 -0.13007843266758656 -0.12791897480686507 -0.13324845033801264 -0.5190777678042651 -0.13545608489463729 -0.13120983834895825 -0.13647520310348932 -0.5133126522310907 -0.5071472289454606 -0.12463937532156708 -9999
-9999 -9999 -9999 -9999 -9999 -9999 -9999 -9999 -9999 -9999 -9999 -9999 -9999 -9999 -9999 -9999 -9999 -9999 -0.008326283180051353 -0.005135861163338029 -0.012442115652892329 -0.031390146580007335 -0.09158802934818801 -0.12518128518842989 -0.12269263203359312 -0.12945866098420486 -0.11151930801570416 -0.10055807516392734 -0.09699948804659976 -0.121092169959512 -0.11350042728914154 -0.10834774929616188 -0.10645712082170776 -0.10840161041253144 -0.11199186806463528 -0.11817386601534155 -0.12097065425995325 -0.12370810912301143 -0.1237645373162296 -0.1279461711852087 -0.13087215843713945 -0.13045612029317352 -0.12886587960852516 -0.1298929770580596 -0.1288761521379153 -0.12333102217978904 -0.12552097261779835 -0.1302941768326693 -0.11995444554421635 -0.11807020091348228 -0.11751519398142893 -9999
-9999 -9999 -9999 -9999 -9999 -9999 -9999 -9999 -9999 -9999 -9999 -9999 -9999 -9999 -9999 -9999 -9999 0.0004211384803056717 -0.010297006161676558 -0.08598776049911977 -0.1022741006894244 -0.09954632837325336 -0.09648904467208516 -0.11451293172107803 -0.11620992600089973 -0.11758439367016155 -0.11426138054165574 -0.11787868758870496 -0.12161231713576448 -0.11323295227355425 -0.10713193180660403 -0.1058503673515386 -0.10958118494600058 -0.10875791418883536 -0.11087302205463252 -0.10988036476903493 -0.10843332453320424 -0.1086968823232584 -0.11366937342617245 -0.12225450736780966 -0.5082918769162562 -0.5072869633634886 -0.12451727684173322 -0.12927842194007502 -0.12219532523304223 -0.1168711558191313 -0.1194995135896736 -0.12379292363507882 -0.1161911505170994 -0.11372869941923355 -9999 -9999
-9999 -9999 -9999 -9999 -9999 -9999 -9999 -9999 -9999 -9999 -9999 -9999 -9999 -0.016293091823657346 -0.005852062462104679 0.002833312832646928 0.003288231748673653 0.007273891444007584 0.007823517214920805 0.0017043182833327286 -0.025044180245863083 -0.06822684823224939 -0.09264218798942037 -0.09838281255215407 -0.10196480473710427 -0.09106717639499244 -0.10644104112353588 -0.10917815615733463 -0.11046378769808343 -0.10530761962549556 -0.1018541336266531 -0.1019313791973723 -0.09763427875522113 -0.10504636079486873 -0.10355661252720492 -0.09461081837200458 -0.10152797742436327 -0.10055200457572938 -0.10134901466468972 -0.09681374728679654 -0.09674683633363906 -0.0992810714162058 -0.10656196613692576 -0.1139966446285446 -0.11752232921620205 -0.4964306619846159 -0.4947959064402514 -0.4937279450396697 -0.11963653291265168 -0.4949029356862108 -0.4848093611705634 -9999
-9999 -9999 -9999 -9999 -9999 -9999 -9999 -9999 -9999 -9999 -9999 -9999 -9999 -0.0016704896257982993 -0.010653944272134064 -0.06711084557076298 -0.11722882445901632 -0.11585700478818685 -0.09060357871154942 -0.03777006678283212 -0.09830480066852436 -0.09826972890231342 -0.09310723178916508 -0.08373120932115452 -0.08747358587053086 -0.09857251693805058 -0.100028672379752 -0.10613278570688434 -0.10215045681430232 -0.10049350762532816 -0.09553529876801704 -0.09135928764525386 -0.09127977078573574 -0.08410245591981544 -0.0814072159636352 -0.08246133563419182 -0.079644485997657 -0.08298419337305754 -0.084906638889677 -0.08302073675311272 -0.08033871565841966 -0.08342583847956525 -0.08422184923870693 -0.08567840583208536 -0.4626842969200677 -0.0970065040720834 -0.10357337298078667 -0.10690409450067412 -0.10981522877183224 -0.11343454155657028 -0.10673259035166767 -0.05722927285565271
-9999 -9999 -9999 -9999 -9999 -9999 -9999 -9999 -9999 -9999 -9999 -9999 -9999 -0.007490896764728749 -0.09187936039848456 -0.11202110834419728 -0.11132543927265537 -0.1092168058372206 -0.10667541279560988 -0.0938390588801768 -0.06587073030985062 -0.08497166805383233 -0.08333477895292972 -0.08315015929854577 -0.08618084446837504 -0.09404736482020884 -0.0934984286005298 -0.09756525496227872 -0.09737601149827244 -0.09729336678153938 -0.09531536799752052 -0.09457439146935936 -0.08746959014485277 -0.09007477011117668 -0.09399770369960203 -0.08545627080731924 -0.08088673580851821 -0.07850540325873429 -0.0719283044545187 -0.06746962356070674 -0.0671798722818494 -0.06690702320386965 -0.07292182068857883 -0.08436603701363005 -9999 -9999 -9999 -9999 -9999 -9999 -9999 -9999
-9999 -9999 -9999 -9999 -9999 -9999 -9999 -9999 -9999 -9999 -9999 -9999 -9999 -0.08473766582707565 -0.10099009231974683 -0.10685986506028304 -0.09568732896198827 -0.0958022996576296 -0.09854300895498858 -0.08942726018528141 -0.08825997213522592 -0.08975112547891008 -0.08519200248022876 -0.08103326964709492 -0.0809106179823478 -0.07680407487269905 -0.0792568655270669 -0.08037593474404678 -0.0810930545752247 -0.0866579546075728 -0.08650547036280233 -0.08813382668627634 -0.08419765213297473 -0.08377039879560469 -0.08359496802505517 -0.08592319155318867 -0.07771421968936917 -0.07916236664685936 -0.07397193724496495 -0.06988489588515623 0.03988568789015212 -9999 -9999 -9999 -9999 -9999 -9999 -9999 -9999 -9999 -9999 -9999
-9999 -9999 -9999 -9999 -9999 -9999 -9999 -9999 -9999 -9999 -9999 -9999 -0.0028056945237848736 -0.07061916602154572 -0.07997766232324971 -0.09974726210865707 -0.08374483326656952 -0.10494959207458628 -0.09356947007278603 -0.08883260972797871 -0.08600595102955899 -0.08204050169636806 -0.0837656734304296 -0.07054886066665253 -0.06304772372047107 -0.06507286764681341 -0.06780634259598126 -0.06964958399120302 -0.07441799588915374 -0.0802326025441289 -0.07913762213041384 -0.07451651181197827 -0.07096369438287288 -0.06949982065707447 -0.07332220272057585 -0.07200060617178675 -0.06866431532220707 -0.07243194416579278 -0.07836004874358574 -0.06541281137615443 -0.07152094319462776 -9999 -9999 -9999 -9999 -9999 -9999 -9999 -9999 -9999 -9999 -9999
-9999 -9999 -9999 -9999 -9999 -9999 -9999 -9999 -9999 -9999 -9999 -0.10133351886438002 -0.06887202912734612 -0.04838734099434483 -0.04300359057055575 -0.08939763880852195 -0.0747578665821089 -0.08887101148979533 -0.09159245358573063 -0.0847924271184537 -0.08005926551090345 -0.07448080635319154 -0.06680876060078539 -0.03782148421224621 -0.06720798930360207 -0.06310674871007604 -0.06380685756189955 -0.06259645149111748 -0.06736955833103919 -0.0684870893135667 -0.06726166299647754 -0.06984934094879361 -0.06696131227331029 -0.06571639378865557 -0.07059199193285573 -0.06319884546101093 -0.06967942919582126 -0.06972583613047997 -0.06572070270776748 -0.07775817107823163 -9999 -9999 -9999 -9999 -9999 -9999 -9999 -9999 -9999 -9999 -9999 -9999
-9999 -9999 -9999 -9999 -9999 -9999 -9999 -9999 -9999 -9999 -0.08250167115281026 -0.11156569655156796 -0.10754738321734801 -0.10432347423500488 -0.10900594188521306 -0.0941302526328299 -0.09083713057140508 -0.08858796411918267 -0.0801939188192288 -0.058925406593415476 -0.0851242949358291 -0.06653001118037437 -0.0626226693184839 -0.0696200434739391 -0.08131709665887885 -0.08001624767978985 -0.07934504153413907 -0.07010833950092392 -0.06363038869781626 -0.06170846795042356 -0.060238303471770525 -0.058766052230364775 -0.06332944217655395 -0.07034058930973214 -0.07464796594447562 -0.07351896611766681 -0.06720069373647372 -0.06640228192425435 -0.07015909651915236 -9999 -9999 -9999 -9999 -9999 -9999 -9999 -9999 -9999 -9999 -9999 -9999 -9999
-9999 -9999 -9999 -9999 -9999 -9999 -9999 -9999 -9999 -9999 -9999 -9999 -0.0406921209146579 -0.09773352069573267 -0.08434850277586113 -0.08251328828434151 -0.0821319040117992 -0.08083072884215248 -0.07843262470430798 -0.07741405903879138 -0.04594140379793113 -0.06338420152250265 -0.06222308849294982 -0.06677251605110038 -0.07463167603645057 -0.07702322614689666 -0.07783582011858625 -0.07501947927392189 -0.07102597811155847 -0.06752458798388639 -0.059245857658485564 -0.05957743720048006 -0.05617084503173825 -0.06822936414844458 -0.0730863984881176 -0.07611859418037864 -0.07046006338463888 -0.06683973196066087 -0.0740577840556701 -0.08674871909121673 -9999 -9999 -9999 -9999 -9999 -9999 -9999 -9999 -9999 -9999 -9999 -9999
-9999 -9999 -9999 -9999 -9999 -9999 -9999 -9999 -9999 -9999 -9999 -0.04731566069854632 -0.07427836700032152 -0.04239599493642643 -0.08160387066503366 -0.0685620480113559 -0.06622534768862856 -0.07224370742009742 -0.06976651499668758 -0.06210014697992139 -0.061962194492419576 -0.0590680663370424 -0.05349875359485548 -0.05295746450622876 -0.060229944872359414 -0.0648834983300832 -0.06472224191659022 -0.06796556427660916 -0.06724246955580182 -0.06346225703342093 -0.060966172172791426 -0.062394708436396384 -0.06523524557964673 -0.07006622136880952 -0.07676294468757178 -0.08328035376552076 -0.0885473477757639 -0.08547773158384693 -0.0868859914648864 -9999 -9999 -9999 -9999 -9999 -9999 -9999 -9999 -9999 -9999 -9999 -9999 -9999
-9999 -9999 -9999 -9999 -9999 -0.026900600352221082 -0.10402993247326878 -0.05676399336920845 -0.010280240534080387 0.0044018855939309 0.010764539076222324 -0.09154939123739801 -0.08773913561469979 -0.07972606722679401 -0.07199120507058171 -0.4405709334338704 -0.06177875507209037 -0.06801890921261575 -0.060602950511707186 -0.057945499693354004 -0.05407180343237189 -0.04985891831003955 -0.05633849170472888 -0.05321924930645358 -0.05657078038073246 -0.057025214222570224 -0.06202959552821185 -0.061516385608249236 -0.05905164575411215 -0.05778651376151377 -0.06099291288604339 -0.0618890410496129 -0.06407982382095523 -0.06638626625968347 -0.06683682159831128 -0.07369012921634642 -0.08139255460765626 -0.08079043005903562 -9999 -9999 -9999 -9999 -9999 -9999 -9999 -9999 -9999 -9999 -9999 -9999 -9999 -9999
-9999 -9999 -9999 -9999 -0.06402145694527361 -0.02823002297017313 -0.005122027297814691 -0.09951224024924968 -0.0989943786006835 -0.09355173073709014 -0.08736898042261601 -0.08346318575657077 -0.06662567040572565 -0.05414100889530443 -0.029064493895404886 -0.05192036390718485 -0.05493192285713222 -0.052951440484159513 -0.04973981196267735 -0.048010372680922335 -0.043542863904601985 -0.03391546261393364 -0.03510265755984515 -0.044312882030175804 -0.049452106633947945 -0.05160158293114767 -0.05123327844258816 -0.04999430647326839 -0.05265558523436389 -0.0536404278750221 -0.058006741189294386 -0.07187336027208302 -0.06427962688936129 -0.05980110331955885 -0.05883596212499676 -9999 -9999 -9999 -9999 -9999 -9999 -9999 -9999 -9999 -9999 -9999 -9999 -9999 -9999 -9999 -9999 -9999
-9999 -9999 -9999 0.1360463948092527 -0.0519698159976138 -0.10610888174010646 -0.016200239708026254 -0.0770463604686989 -0.07137398202386168 -0.06697546351287098 -0.05843363540867962 -0.05266828754295908 -0.046099186937014265 -0.05226881897283925 -0.04979692366388111 -0.049633117910060635 -0.04884551486207378 -0.05191823314461447 -0.052049527772598775 -0.04891573743273814 -0.04530005229430065 -0.033428229619231475 -0.026418176934950854 -0.03147292296505638 -0.038948569777939035 -0.04435361992153858 -0.040307375788688704 -0.0395947595230407 -0.037423484006689656 -0.03819098079370131 -0.044195349804229234 -9999 -9999 -9999 -9999 -9999 -9999 -9999 -9999 -9999 -9999 -9999 -9999 -9999 -9999 -9999 -9999 -9999 -9999 -9999 -9999 -9999
-9999 -9999 -9999 0.11756304653568395 0.1497001060181194 -0.02579968985584047 -0.07256470926933822 -0.053391036763787265 0.00862143954469097 -0.06754367256330124 -0.07784610009855694 -0.07482215265432995 -0.06984032522886993 -0.06796527250359458 -0.05415090314216087 -0.050451488441063286 -0.04861906336413488 -0.049537112398280035 -0.053336931475334685 -0.04373585734930302 -0.036958148061401325 -0.02803514823317532 -0.02740479705648291 -0.025713377714984945 -0.02472852694077621 -0.026734431150058916 -0.029924917262461437 -0.03700547433561746 -0.03583295479830767 -9999 -9999 -9999 -9999 -9999 -9999 -9999 -9999 -9999 -9999 -9999 -9999 -9999 -9999 -9999 -9999 -9999 -9999 -9999 -9999 -9999 -9999 -9999
-9999 -9999 -9999 0.07636842239234183 -0.0021340996026992802 0.012729650446110295 -0.009688070209489918 -0.06868797579987179 -0.06804143842309712 -0.04593743524617619 -0.05964492747767105 -0.04885229273802705 -0.06050004249231682 -0.0608093962487247 -0.055941921224196715 -0.059675849663714566 -0.055349813836316236 -0.05063259777509505 -0.050192411906189366 -0.04434940380354721 -0.03756347027503781 -0.03231025915592905 -0.03942035751210318 -0.046240395390325095 -0.04151320014562873 -0.033505034281147816 -0.03798939941657911 -0.05774720451898047 -9999 -9999 -9999 -9999 -9999 -9999 -9999 -9999 -9999 -9999 -9999 -9999 -9999 -9999 -9999 -9999 -9999 -9999 -9999 -9999 -9999 -9999 -9999 -9999
-9999 -9999 -9999 0.12461062926385134 0.011625847179028705 0.0223361422204309 0.036449730479054976 0.058391301251120076 0.010825457755062329 -0.06685557125343218 -0.06273533600485989 -0.07879505631410412 -0.062358927995794323 -0.056430385013421375 -0.05923551519711809 -0.0591413558150331 -0.05604437597923809 -0.05054019497086607 -0.05014509769777459 -0.04035196625110174 -0.04475299291726617 -0.041641555892096616 -0.038046333462827736 -0.047552225117882124 -0.04319424120088417 -0.047454244250224716 -0.04077271071987018 -9999 -9999 -9999 -9999 -9999 -9999 -9999 -9999 -9999 -9999 -9999 -9999 -9999 -9999 -9999 -9999 -9999 -9999 -9999 -9999 -9999 -9999 -9999 -9999 -9999
-9999 -9999 -9999 -9999 -0.026844043036301942 -0.0975646525207493 -0.09244339706169236 -0.08318297312491471 -0.08598321572773987 -0.07783333965473707 -0.08539867897828421 -0.06434169802814724 -0.08717387148903474 -0.06608983185142275 -0.053669549338519584 -0.05069712048603428 -0.054275643577178345 -0.05327441472974087 -0.04927032072510981 -0.04406707837349838 -0.03813483143846192 -0.043320183145503205 -0.04496340149392683 -0.04502374026924369 -9999 -9999 -9999 -9999 -9999 -9999 -9999 -9999 -9999 -9999 -9999 -9999 -9999 -9999 -9999 -9999 -9999 -9999 -9999 -9999 -9999 -9999 -9999 -9999 -9999 -9999 -9999 -9999
