metrics/grid_rasters/SMAP L4/grideval_SMAP L4_X_fall_2015_absolute_pearson_r.asc
ncols 52
nrows 55
xllcorner     11.25
yllcorner     55.25
cellsize      0.25
NODATA_value  -9999
[rows 0 to 28 of 55, columns 0 to 51 of 52]
-9999 -9999 -9999 -9999 -9999 -9999 -9999 -9999 -9999 -9999 -9999 -9999 -9999 -9999 -9999 -9999 -9999 -9999 -9999 -9999 -9999 -9999 -9999 -9999 -9999 -9999 -9999 -9999 -9999 -9999 -9999 -9999 -9999 -9999 -9999 -9999 0.3928523026023633 0.5254016076456349 0.5311290962738701 -9999 -9999 -9999 -9999 -9999 -9999 -9999 -9999 -9999 -9999 -9999 -9999 -9999
-9999 -9999 -9999 -9999 -9999 -9999 -9999 -9999 -9999 -9999 -9999 -9999 -9999 -9999 -9999 -9999 -9999 -9999 -9999 -9999 -9999 -9999 -9999 -9999 -9999 -9999 -9999 -9999 -9999 -9999 -9999 -9999 -9999 -9999 -9999 -9999 0.34377569370006783 0.4374595434602576 0.4370625353560843 0.624109030645866 0.6868994787619 0.6729933835654904 -9999 -9999 -9999 -9999 -9999 -9999 -9999 -9999 -9999 -9999
-9999 -9999 -9999 -9999 -9999 -9999 -9999 -9999 -9999 -9999 -9999 -9999 -9999 -9999 -9999 -9999 -9999 -9999 -9999 -9999 -9999 -9999 -9999 -9999 -9999 -9999 -9999 0.3380314712490269 0.41054473307609995 0.6219756177445711 0.7102380929137531 0.5006998907303457 0.4541399055698064 0.3443860113182611 -9999 0.3388010599124963 0.4179124945779552 0.4750978301993154 0.5102538471568305 0.6901241695834226 0.7297862244600173 0.6778411531880129 0.675317505056322 0.5854220590053549 0.5409652080582801 0.6134762027467896 -9999 -9999 -9999 -9999 -9999 -9999
-9999 -9999 -9999 -9999 -9999 -9999 -9999 -9999 -9999 -9999 -9999 -9999 -9999 -9999 -9999 -9999 -9999 -9999 -9999 -9999 -9999 -9999 -9999 -9999 -9999 -9999 -9999 0.8884554169101925 0.8686681221071324 0.4608419628657292 0.3328406382811574 0.3231340817694364 0.411069290489242 0.386507502125623 0.33999688028092623 0.4250324882150961 0.5409620701384281 0.63817856404582 0.7291566410641056 0.6387918823010901 0.6616375011953668 0.6648681907996503 0.691154929277028 0.6969699936589127 0.7485965613254226 0.6810834248525197 0.64987962122751 0.6235812110464776 -9999 -9999 -9999 -9999
-9999 -9999 -9999 -9999 -9999 -9999 -9999 -9999 -9999 -9999 -9999 -9999 -9999 -9999 -9999 -9999 -9999 -9999 -9999 -9999 -9999 -9999 0.4297669302162077 0.13913015275531898 0.2200016354631021 0.34438147034188643 0.7004308483376844 0.7477106965630569 0.6613491637794608 0.4105514606255613 0.32061620835860016 0.32593666420682565 0.365012650008616 0.3884414843107784 0.4515466611648995 0.5972271870991579 0.6197148917450298 0.6128275498762371 0.6275417789478249 0.6034885518117183 0.5928072280176863 0.693658156561255 0.7038101908235005 0.6217801360045503 0.5827922480781539 0.6049839238951582 0.5569101692542169 0.5218985578889238 0.567592592323294 -9999 -9999 -9999
-9999 -9999 -9999 -9999 -9999 -9999 -9999 -9999 -9999 -9999 -9999 -9999 -9999 -9999 -9999 -9999 -9999 -9999 -9999 -9999 -9999 0.4485203085523742 0.3657174352065379 0.2950449946658133 0.3596446929837374 0.38066103214591096 0.7528423056123201 0.4569842689420587 0.41706850812138224 0.3648538766356437 0.2847986694235839 0.4005454774688668 0.4262200831082173 0.4991014672007776 0.5460181350316307 0.5893545573335994 0.6993933409838697 0.6831067812885593 0.5797995529776343 0.5748095561856332 0.5169658088186986 0.5068741063818295 0.5435801603830965 0.5312398522996511 0.5169399756804316 0.5324816666196487 0.5783934280388816 0.5643050762817243 0.5788899798550392 -9999 -9999 -9999
-9999 -9999 -9999 -9999 -9999 -9999 -9999 -9999 -9999 -9999 -9999 -9999 -9999 -9999 -9999 -9999 -9999 -9999 -9999 -9999 0.3239051455168608 0.17930100755509146 0.5666123125490765 0.5307500805040324 0.8078985510642378 0.8205280440951597 0.7959460641693072 0.5108750131633485 0.5372365665388017 0.5568961526270721 0.4889748701854157 0.4898976045173984 0.5286235931256622 0.5953667134344371 0.4873222239693852 0.7280869689293027 0.7185405213600576 0.7111147676986759 0.661900923460919 0.6052674840067062 0.5430785952840524 0.4613219984129446 0.30826469445584803 0.2906333077536176 0.5549989851134947 0.4290726746917394 0.4606704318527433 0.5610355022703876 0.5215845869579964 0.4747998489490272 -9999 -9999
-9999 -9999 -9999 -9999 -9999 -9999 -9999 -9999 -9999 -9999 -9999 -9999 -9999 -9999 -9999 -9999 -9999 -9999 -9999 -9999 -9999 0.4445754967718253 0.26428852378410417 0.19929095704191035 0.3493706742093073 0.5341266886034126 0.5153102673348621 0.4435103816838987 0.4449552776070809 0.5673704937141928 0.5368458428793919 0.4193428329500076 0.3904760795806844 0.4300914118428346 0.5789723575381386 0.4281782208124253 0.5776554275897493 0.6236397595383991 0.6328222019176994 0.6481089301265932 0.6094952181125624 0.5364947824825868 0.5377837349575965 0.3578754171634713 0.3952843458432545 0.5108959321348193 0.5136136540543387 0.5981268927827119 0.5160122975813306 -9999 -9999 -9999
-9999 -9999 -9999 -9999 -9999 -9999 -9999 -9999 -9999 -9999 -9999 -9999 -9999 -9999 -9999 -9999 -9999 -9999 -9999 0.4641473301583118 0.4172010840618125 0.27889543287835195 0.2161664902149988 0.1618540428796036 0.32151771963473674 0.5182008830052123 0.4772841749147228 0.6077597149198899 0.7586828437667589 0.7563781790321251 0.7228416741097119 0.6864260516137404 0.6569953555472494 0.6533285263244477 0.6080608497067832 0.4358111349570529 0.6371717929789031 0.6528368950797655 0.6641710903782011 0.6886620896949482 0.6907674123724394 0.6830910482892469 0.7018206701317871 0.7076564658201155 0.5847422613091409 0.7059900652932731 0.7151835990891424 0.7257448065285981 0.5830065344210593 0.5863699263992836 0.7128246533619909 -9999
-9999 -9999 -9999 -9999 -9999 -9999 -9999 -9999 -9999 -9999 -9999 -9999 -9999 -9999 -9999 -9999 -9999 -9999 0.5167569948649351 0.5320502028228284 0.3537132235502334 0.2563399656454229 0.3312239014180193 0.3730221004975221 0.4550539313171459 0.5513411401465935 0.5367019891033834 0.8205274861052028 0.8191750727314053 0.7737535482467697 0.7489101422484737 0.6531543789029022 0.6863334541992475 0.6797828329485059 0.6994747099470373 0.754006754348048 0.7698448623960058 0.7500266812575525 0.7720259705246757 0.7584361533533076 0.7639848408046751 0.782709789455061 0.7920622286124219 0.7816259295763016 0.7885961011318378 0.8121241840671786 0.8127308148101784 0.7840558283046518 0.7989908279500119 0.7776178049372044 0.7746005701932439 -9999
-9999 -9999 -9999 -9999 -9999 -9999 -9999 -9999 -9999 -9999 -9999 -9999 -9999 -9999 -9999 -9999 -9999 0.4756535030121193 0.4911060993026859 0.4857690729970929 0.35064983756481266 0.1561460363072066 0.3459984156963757 0.4716990122224951 0.4921210652126696 0.5609671353953316 0.620790565638087 0.7286783336079428 0.7105539931651099 0.7075456466825343 0.6627664788168244 0.6734088849671279 0.7004698373528083 0.7249699776348133 0.7486573591985076 0.8119431874000252 0.8057675129955022 0.8172840809241286 0.8388464911749561 0.8360848991391252 0.7441693007070751 0.7514140404905018 0.8288972932743013 0.8334267477396801 0.8305479280594259 0.8340913174710012 0.827362909910665 0.8130041535101029 0.7967847012339055 0.7852695905876322 -9999 -9999
-9999 -9999 -9999 -9999 -9999 -9999 -9999 -9999 -9999 -9999 -9999 -9999 -9999 0.35831755297122225 0.3527979319024245 0.4283941267956615 0.393518442847764 0.40426098746376493 0.4724019415272944 0.3824365545897496 0.2581165850850832 0.263198333007999 0.4295967054158781 0.5651556955497582 0.5358456875644085 0.5630279477059286 0.7469550392594356 0.7606585836750819 0.7820740291453505 0.7509522320143656 0.6519787865615501 0.6659802399016661 0.7103903128202391 0.7502063353028268 0.7736870009782405 0.8294755473429385 0.8437451321789264 0.8525973269897187 0.8429694617882111 0.8665908607552344 0.8758192929052164 0.8716962636655118 0.8626659513785846 0.8650520710516147 0.8589402561890989 0.7785067125402959 0.7789559279302494 0.7693164719460341 0.8293520172036538 0.7600471824820272 0.758362552226804 -9999
-9999 -9999 -9999 -9999 -9999 -9999 -9999 -9999 -9999 -9999 -9999 -9999 -9999 0.267657012214201 0.3810090503538284 0.5659165284838346 0.6172891235165762 0.5399146803948345 0.5461753536573386 0.4249340780006056 0.4779810706693257 0.5324296055318802 0.6741180172324596 0.7528107874455685 0.7466488594943165 0.7197372640036237 0.7818891155124916 0.7935796903836336 0.8113291339834936 0.7985266481653714 0.7284878647334789 0.6648679876743782 0.7007729372020508 0.7948562639005816 0.8416268950684533 0.8603695601147685 0.863537905060481 0.8479073198839824 0.8499728059374828 0.8500619340213373 0.8716778671613803 0.8929278238434707 0.897610317850484 0.8810668717225785 0.8520827597600551 0.8720578521535314 0.8767648301022629 0.8721223204977279 0.8650400068073432 0.8380927702416543 0.8363231128228006 0.8132914408079681
-9999 -9999 -9999 -9999 -9999 -9999 -9999 -9999 -9999 -9999 -9999 -9999 -9999 0.5518674291019156 0.5396401184484576 0.5799966645380903 0.5686902329766647 0.6852373683249495 0.6005085319274764 0.5850657167354919 0.5361122070918771 0.634629714364689 0.6606200052318192 0.6590209827931063 0.7323040752226386 0.7696415718119289 0.7439163658275041 0.7206418709121776 0.7735190389012481 0.7848169460762324 0.7634413705547566 0.7407555252443656 0.7407558718429805 0.7884723805045449 0.8265119846913336 0.8450765592537228 0.8300111227127926 0.8172979716418172 0.8596120797005997 0.8609757872057052 0.8736688179174236 0.8975857063328302 0.9085183249662758 0.9065062724513712 -9999 -9999 -9999 -9999 -9999 -9999 -9999 -9999
-9999 -9999 -9999 -9999 -9999 -9999 -9999 -9999 -9999 -9999 -9999 -9999 -9999 0.6474902617021592 0.635312232516776 0.6609756314348887 0.6307390366365214 0.6666645557057418 0.6431472106236449 0.6069694563410818 0.5552709364352824 0.6802092680936667 0.7172930518148734 0.7542265130935102 0.7711039829016817 0.7933319243308316 0.7566256070406107 0.7615839760807306 0.8011057287326098 0.8111730017063767 0.8208767896783153 0.8312361950387352 0.8221672209621038 0.8534905065337302 0.867481633255327 0.865108980740547 0.8524964213313727 0.8442205191476595 0.883951675805178 0.8709364550883405 0.8470143368733334 -9999 -9999 -9999 -9999 -9999 -9999 -9999 -9999 -9999 -9999 -9999
-9999 -9999 -9999 -9999 -9999 -9999 -9999 -9999 -9999 -9999 -9999 -9999 0.4552583589572493 0.4007360644085889 0.4923181413343933 0.5306674345166571 0.5721993938738805 0.6485349547699911 0.6546463251288601 0.6341692633779756 0.6937724710121075 0.7261941804255319 0.7093565864269991 0.7549062548045943 0.8012020791195718 0.8041930223757789 0.7965903530944611 0.7744556354216829 0.7754690862286401 0.7817079417343704 0.8081724606339328 0.8563641568218734 0.8339834804756281 0.8623542906405444 0.86878031216124 0.8590786714589406 0.8622667440932144 0.8631714007952067 0.8844225843659091 0.8873626874876775 0.8937427780041045 -9999 -9999 -9999 -9999 -9999 -9999 -9999 -9999 -9999 -9999 -9999
-9999 -9999 -9999 -9999 -9999 -9999 -9999 -9999 -9999 -9999 -9999 0.5310195938507347 0.4821907593459507 0.3837168213861104 0.4586682946643337 0.4882892973169829 0.5564152002522852 0.6707835539806761 0.6430125021521899 0.6669032505531709 0.7152160559424217 0.7584867782369368 0.7707256566134726 0.8373489749640932 0.8064835032856891 0.8288245962531662 0.8062892107176126 0.8155446496385825 0.8280972487736553 0.8386690450460169 0.8559940256248854 0.8748904410395499 0.8496750069918716 0.8639155790359568 0.8603330513195728 0.8462097716833423 0.8694715137718507 0.8784861583942157 0.9027929162378296 0.9393408767177404 -9999 -9999 -9999 -9999 -9999 -9999 -9999 -9999 -9999 -9999 -9999 -9999
-9999 -9999 -9999 -9999 -9999 -9999 -9999 -9999 -9999 -9999 0.6742631755277833 0.5243905756681521 0.5527168412719317 0.4978936915431383 0.4620781194443973 0.6359761549835801 0.6573929854702381 0.6523197253769659 0.6812542186082308 0.7314418808013812 0.7103530923755055 0.7678221683989315 0.7675591244031053 0.7841259253127104 0.8022342394778563 0.8067341471266332 0.8144989977644268 0.8352753179234702 0.847958622992382 0.8573793552291613 0.8738773673034197 0.8823520803802942 0.8632793102242736 0.8590886189073805 0.8384733294708221 0.8344013348016156 0.8652816331492466 0.8845854906025619 0.8944942373113647 -9999 -9999 -9999 -9999 -9999 -9999 -9999 -9999 -9999 -9999 -9999 -9999 -9999
-9999 -9999 -9999 -9999 -9999 -9999 -9999 -9999 -9999 -9999 -9999 -9999 0.5263238172593676 0.42183146394079984 0.4256924466070652 0.6130144239985339 0.6834355352266972 0.7004614844184687 0.7388074048943454 0.7317800312137515 0.8134310871460009 0.788260788923004 0.7784223803721203 0.7972391956278649 0.8418346763339837 0.8457644621187279 0.8492233342012893 0.8639637357876233 0.8682693458813063 0.8719999316981347 0.8786157825663035 0.8707387908908222 0.8557179016398853 0.8407535960460994 0.8407592441838985 0.8522662091479957 0.8691002619542697 0.8965201673074521 0.9101703485233592 0.9521460567303326 -9999 -9999 -9999 -9999 -9999 -9999 -9999 -9999 -9999 -9999 -9999 -9999
-9999 -9999 -9999 -9999 -9999 -9999 -9999 -9999 -9999 -9999 -9999 0.6503100142768831 0.6026210441488042 0.527268153507199 0.5898719774788899 0.6615580387879039 0.7026353790569679 0.7156454861744119 0.7298816422251333 0.7715582737865829 0.7939125583342083 0.8095434596106426 0.8345520014637284 0.8431807076127886 0.8568213007644911 0.8709899798331522 0.8791248348343266 0.8729088177350631 0.8735579310422477 0.8827412068003038 0.8812138626396113 0.8773452053387927 0.8701764537143579 0.8532848863407103 0.868282536971689 0.8955615429816519 0.8931792469295233 0.9091231760828824 0.9177919671192646 -9999 -9999 -9999 -9999 -9999 -9999 -9999 -9999 -9999 -9999 -9999 -9999 -9999
-9999 -9999 -9999 -9999 -9999 0.5512021941506453 0.5801911920339836 0.6772805212919084 0.7323549465420096 0.7507591036916891 0.7096653194466944 0.6692459661250947 0.6565785354118558 0.6197437056805988 0.6230306945786195 0.662382277814179 0.7359753734248694 0.7343195413470734 0.7559929970811451 0.8012097009688313 0.8329085289072395 0.8518881970282081 0.8605915195754399 0.8488510795301103 0.8430769463021313 0.8569680955758947 0.8729939957219516 0.8733538081565881 0.872706165313969 0.8544630744587156 0.8580060888033619 0.8573204649447195 0.8762470415269255 0.8837896577039631 0.9030050159776468 0.9162458514143564 0.9143134981883344 0.920853571427054 -9999 -9999 -9999 -9999 -9999 -9999 -9999 -9999 -9999 -9999 -9999 -9999 -9999 -9999
-9999 -9999 -9999 -9999 0.5404941373495911 0.6309380592545705 0.6086786465859804 0.7013290711678801 0.6711404724745911 0.6551236999789334 0.6530122233376425 0.655839572959677 0.6492504784203693 0.6449898536445704 0.6995093895031935 0.7286401655281743 0.7656030853375484 0.7756561045583539 0.7942086356567222 0.8049489917974716 0.7890274211595023 0.8611246833061463 0.8717383833316479 0.862509424721019 0.8467862067563691 0.8509734114818588 0.8899921512707898 0.8883205244539358 0.8904155057950222 0.8727555502656053 0.8634294499294883 0.8163451067826973 0.8935833871403649 0.9247446213892104 0.9260629604348536 -9999 -9999 -9999 -9999 -9999 -9999 -9999 -9999 -9999 -9999 -9999 -9999 -9999 -9999 -9999 -9999 -9999
-9999 -9999 -9999 0.7831101572628972 0.6342218815795846 0.5530176588512352 0.5698330524933801 0.6052259115970111 0.6171468753027687 0.6259742191501803 0.666882787469536 0.7411984434695713 0.7691815854984885 0.7293615762662295 0.7149618735429096 0.7393208432497421 0.7408795438440572 0.7526330321103022 0.7863615216181011 0.8023349224517574 0.7967973405902833 0.8548478742173237 0.8842564891242406 0.8947518208539422 0.8898112165718151 0.8780791812072192 0.8953636587958694 0.8952120949053124 0.9099622566940692 0.9119542029665596 0.914507235166086 -9999 -9999 -9999 -9999 -9999 -9999 -9999 -9999 -9999 -9999 -9999 -9999 -9999 -9999 -9999 -9999 -9999 -9999 -9999 -9999 -9999
-9999 -9999 -9999 0.7330946350927329 0.7572225551101222 0.4483772644534448 0.5176721664615189 0.5347353345908892 0.5779306066110916 0.6203908051608942 0.6603977746551981 0.7294113660647853 0.7480811757673973 0.7516906184153297 0.7613878960777909 0.7551438506951671 0.7401568561035239 0.7434013157252043 0.7808696678311452 0.8075096286606088 0.8137814717815355 0.8580028599328986 0.8787522579507704 0.8897448105592376 0.8945671672923439 0.8806358882944051 0.8990751406131791 0.9024650608315942 0.9112632892089948 -9999 -9999 -9999 -9999 -9999 -9999 -9999 -9999 -9999 -9999 -9999 -9999 -9999 -9999 -9999 -9999 -9999 -9999 -9999 -9999 -9999 -9999 -9999
-9999 -9999 -9999 0.6607230431289619 0.6450292831818508 0.5432790126846373 0.3177900628115056 0.6042964138530849 0.6545310137970828 0.7058763498051142 0.7140508844941292 0.7782437952691852 0.8079130383538544 0.7749056187789741 0.7804191425941712 0.7697545001010935 0.7650314297385412 0.7664822233474259 0.8097039003250607 0.8168935907047288 0.826952355928501 0.8671503329443337 0.8797503900666477 0.8904420350582569 0.8942832569729863 0.8904440975311849 0.8995262724096841 0.9242749087954902 -9999 -9999 -9999 -9999 -9999 -9999 -9999 -9999 -9999 -9999 -9999 -9999 -9999 -9999 -9999 -9999 -9999 -9999 -9999 -9999 -9999 -9999 -9999 -9999
-9999 -9999 -9999 0.744999173361626 0.4637606193165248 0.3199081982442512 0.2713362226687277 0.5582730676792315 0.7105833800573451 0.7171798031956396 0.7045610145369934 0.7280947022037262 0.7808734961776507 0.7911601278460076 0.8103615069944561 0.8115235887076648 0.8048833917693474 0.7929762094695944 0.8321967151328309 0.8277304477530611 0.8335059801836696 0.8683273557978588 0.8755520570589876 0.8860384900488167 0.8907522673971753 0.889294517019908 0.8976004843566777 -9999 -9999 -9999 -9999 -9999 -9999 -9999 -9999 -9999 -9999 -9999 -9999 -9999 -9999 -9999 -9999 -9999 -9999 -9999 -9999 -9999 -9999 -9999 -9999 -9999
-9999 -9999 -9999 -9999 0.3613065483279947 0.4906458501230619 0.5180600334574963 0.6959691582477945 0.7171909569673689 0.7471998768374603 0.6962993889296578 0.7722653678278272 0.7330508474897977 0.79433306330203 0.8328998469959776 0.8447738596330434 0.8423870138332754 0.8425665302936339 0.8382274787331387 0.8233163668317321 0.8527940056083791 0.8634374055026774 0.8574868439295338 0.8531175805019922 -9999 -9999 -9999 -9999 -9999 -9999 -9999 -9999 -9999 -9999 -9999 -9999 -9999 -9999 -9999 -9999 -9999 -9999 -9999 -9999 -9999 -9999 -9999 -9999 -9999 -9999 -9999 -9999
-9999 -9999 -9999 -9999 0.5841286780188504 0.6883764606983325 0.5798282850753719 0.6176254922390592 0.6273833717237511 0.6967219648168803 0.7643132651328209 0.7624958693000605 0.7476888962342858 0.7528500612400449 0.8075535808297263 0.8416525951535323 0.8332239951450736 0.8368692821376096 0.8335893491226406 0.8270486777216677 0.852540645872875 0.8466128371679381 0.8268498123327417 0.8344824215627258 0.8414459781863175 -9999 -9999 -9999 -9999 -9999 -9999 -9999 -9999 -9999 -9999 -9999 -9999 -9999 -9999 -9999 -9999 -9999 -9999 -9999 -9999 -9999 -9999 -9999 -9999 -9999 -9999 -9999
-9999 -9999 -9999 -9999 0.7618046013746306 0.7149228648333998 0.7203126921887055 0.5406425463356991 0.5526377263868627 0.6864719458138641 0.7785372773223436 0.7656338661517177 0.7528484446103474 0.7434688507502103 0.7916679223735428 0.8449455208399732 0.8085660082879642 0.8131210074318425 0.8380989281568958 0.85463170569712 0.8635943295364512 0.8575953666538599 0.8320406862393914 0.8333590662345091 -9999 -9999 -9999 -9999 -9999 -9999 -9999 -9999 -9999 -9999 -9999 -9999 -9999 -9999 -9999 -9999 -9999 -9999 -9999 -9999 -9999 -9999 -9999 -9999 -9999 -9999 -9999 -9999
