metrics/grid_rasters/SMAP L4/grideval_SMAP L4_Y_2018_absolute_bias.asc
ncols 52
nrows 55
xllcorner     11.25
yllcorner     55.25
cellsize      0.25
NODATA_value  -9999
[rows 0 to 26 of 55, columns 0 to 51 of 52]
-9999 -9999 -9999 -9999 -9999 -9999 -9999 -9999 -9999 -9999 -9999 -9999 -9999 -9999 -9999 -9999 -9999 -9999 -9999 -9999 -9999 -9999 -9999 -9999 -9999 -9999 -9999 -9999 -9999 -9999 -9999 -9999 -9999 -9999 -9999 -9999 0.03280653188591953 0.00040311291813849287 -0.055073954649779884 -9999 -9999 -9999 -9999 -9999 -9999 -9999 -9999 -9999 -9999 -9999 -9999 -9999
-9999 -9999 -9999 -9999 -9999 -9999 -9999 -9999 -9999 -9999 -9999 -9999 -9999 -9999 -9999 -9999 -9999 -9999 -9999 -9999 -9999 -9999 -9999 -9999 -9999 -9999 -9999 -9999 -9999 -9999 -9999 -9999 -9999 -9999 -9999 -9999 0.04264495356952491 0.02131320575430784 0.01455205188018005 -0.021407641807239364 -0.08908039157929484 -0.08091749207512157 -9999 -9999 -9999 -9999 -9999 -9999 -9999 -9999 -9999 -9999
-9999 -9999 -9999 -9999 -9999 -9999 -9999 -9999 -9999 -9999 -9999 -9999 -9999 -9999 -9999 -9999 -9999 -9999 -9999 -9999 -9999 -9999 -9999 -9999 -9999 -9999 -9999 0.012530219850883095 -0.013875131967337195 -0.041830508084329865 -0.06161505266105478 -0.03541963015721267 -0.03327305069422887 -0.005388387818246687 -9999 -0.0004486226106751867 0.026729844377873683 0.01425241883588979 -0.05015409551050565 -0.08184718254392279 -0.08179216817633744 -0.07643169041671982 -0.07927377176509329 -0.07145043884034027 -0.07764782563158096 -0.07838825400765627 -9999 -9999 -9999 -9999 -9999 -9999
-9999 -9999 -9999 -9999 -9999 -9999 -9999 -9999 -9999 -9999 -9999 -9999 -9999 -9999 -9999 -9999 -9999 -9999 -9999 -9999 -9999 -9999 -9999 -9999 -9999 -9999 -9999 0.012217758044804627 0.013930569538106674 0.02862155533408467 0.0447547065578911 0.0379308792469028 -0.013056133340482834 -0.04887020732339928 -0.028804504631520955 -0.027527202670908968 -0.03133489360445985 -0.04904810890861566 -0.06642231668205292 -0.07814506762342091 -0.07327128603340012 -0.0701099033429198 -0.07347189378350569 -0.07744675970649068 -0.07189276930812286 -0.08132712906354092 -0.0778138694238581 -0.07665155307479103 -9999 -9999 -9999 -9999
-9999 -9999 -9999 -9999 -9999 -9999 -9999 -9999 -9999 -9999 -9999 -9999 -9999 -9999 -9999 -9999 -9999 -9999 -9999 -9999 -9999 -9999 0.007030318718250495 0.005387157385479957 0.007790559407782894 -0.015958354846663636 0.006964846149291049 0.012139792383125349 0.015756787890440768 0.02755418463724929 0.041036207351374254 -0.01137204690236754 -0.004216525443408614 -0.049822558503444886 -0.03455975673174208 -0.028985218453693062 -0.055230939577091236 -0.05651211791659056 -0.06342198640516361 -0.07000916932441599 -0.06979706749217965 -0.07319398854080944 -0.07434652861564943 -0.07502656118714643 -0.08008821783714917 -0.09478434567173866 -0.08535037999589963 -0.08579846432253924 -0.08756321102176629 -9999 -9999 -9999
-9999 -9999 -9999 -9999 -9999 -9999 -9999 -9999 -9999 -9999 -9999 -9999 -9999 -9999 -9999 -9999 -9999 -9999 -9999 -9999 -9999 -0.0025757557214939326 0.00459588501755509 0.017743680697597852 0.0008403846764400981 -0.0030147140973234565 -0.0022325980132573147 0.02506049264171356 0.025855135948282426 0.029225410521030393 0.01179642013388954 -0.02095887382859235 -0.023072990422991824 -0.06455499257331024 -0.05205138758947589 -0.048419006719981145 -0.0694320816189459 -0.0685417842630246 -0.06952916798118043 -0.0826837536355812 -0.07081305704602639 -0.06595092002455502 -0.07342156526466756 -0.07791458514761435 -0.08670339786434828 -0.09489139841537768 -0.07942282199247241 -0.08933554761213802 -0.08942977795760107 -9999 -9999 -9999
-9999 -9999 -9999 -9999 -9999 -9999 -9999 -9999 -9999 -9999 -9999 -9999 -9999 -9999 -9999 -9999 -9999 -9999 -9999 -9999 0.008043345768157741 0.016987874042497908 0.010080550284418344 0.014832949332178437 0.007897464971836299 0.017001815242310092 0.022220936861552576 0.0122329899199205 0.013207977423316863 -0.001722539517365118 -0.03352061149804558 -0.07646454721178908 -0.0730834369790064 -0.06647761739178062 -0.3886079476712501 -0.07532658996443226 -0.078769655326662 -0.08197194287323789 -0.09314983206456656 -0.08683551016123325 -0.08412528478935971 -0.08279900499300599 -0.4668526715713822 -0.4691946054515365 -0.09531776863724403 -0.4714991423007968 -0.471726370189492 -0.4752897689144498 -0.4734179702013322 -0.4722557272762061 -9999 -9999
-9999 -9999 -9999 -9999 -9999 -9999 -9999 -9999 -9999 -9999 -9999 -9999 -9999 -9999 -9999 -9999 -9999 -9999 -9999 -9999 -9999 0.009051891048885373 0.007834208532147223 0.019515107510841068 0.019193614672308068 0.010223913054964284 -0.0026666507482120405 -0.04496564634960809 -0.08798638291350783 -0.06799479630099581 -0.016829103083439045 -0.07328283568869717 -0.07392979229047691 -0.06708036734633252 -0.07285092971096302 -0.4500990342144688 -0.0828901027265477 -0.08608784736835795 -0.09227912516320408 -0.09048020784066962 -0.09087154489673982 -0.09284980314949604 -0.0922608776860041 -0.4731303544536437 -0.4723155037997521 -0.4704704969151787 -0.4679730351350895 -0.4750837173006714 -0.4714071108257934 -9999 -9999 -9999
-9999 -9999 -9999 -9999 -9999 -9999 -9999 -9999 -9999 -9999 -9999 -9999 -9999 -9999 -9999 -9999 -9999 -9999 -9999 0.018783858857334468 0.024857477506954384 0.019177647557568844 0.007872035609532702 -0.004396061456366784 -0.03280849277666986 -0.11890914060481605 -0.11168720400190517 -0.10574147678299306 -0.10416932432108547 -0.1038433880889661 -0.0991884727541306 -0.09803786504350297 -0.09435716793451407 -0.08741542289722458 -0.08353408769997836 -0.4594401849969609 -0.08757312683107915 -0.09299187504061282 -0.09370666078406656 -0.09529163308237512 -0.0907457027992565 -0.09666249867885897 -0.09442738980463104 -0.09654397362307326 -0.4752092989799502 -0.09562193356352312 -0.0911779418128402 -0.09675221130864263 -0.4710768812884615 -0.4722947231353554 -0.09698218730316584 -9999
-9999 -9999 -9999 -9999 -9999 -9999 -9999 -9999 -9999 -9999 -9999 -9999 -9999 -9999 -9999 -9999 -9999 -9999 0.027561611631145174 0.030084197473240263 0.02364195321418649 0.0007821245960993317 -0.06253711158180075 -0.09670936904133184 -0.09339995213771518 -0.09964215619208876 -0.08838823490763363 -0.0900812752442817 -0.0869034236985935 -0.09363371183815067 -0.08649812306035058 -0.08321748887227008 -0.08339507740552296 -0.0877457777267858 -0.0922838489946029 -0.0961222012310404 -0.09897034369307024 -0.09537027421573252 -0.09265386389236743 -0.0930510651626407 -0.09463373760450376 -0.0967045200452821 -0.09824834742060264 -0.09672963036964202 -0.10025686918668553 -0.0970752814912224 -0.09875009531435903 -0.09969816556430024 -0.09167832699030228 -0.09425056972221972 -0.09256974888378623 -9999
-9999 -9999 -9999 -9999 -9999 -9999 -9999 -9999 -9999 -9999 -9999 -9999 -9999 -9999 -9999 -9999 -9999 0.018323215699359185 0.010186498887734874 -0.06346550809398087 -0.07686337667887344 -0.07797127072125265 -0.07975232697615067 -0.09783961724438894 -0.08957367594519708 -0.09672271515918918 -0.09074541671227104 -0.09847415575425922 -0.09811176709218383 -0.08902591759313458 -0.08120414037002277 -0.08052286759835403 -0.08324982522387211 -0.089072776126535 -0.0939642526719668 -0.09823189706426776 -0.09662204881849353 -0.09754325932223504 -0.09881260561922643 -0.1003619247664736 -0.4782031738645818 -0.4745158451009695 -0.0959669258445501 -0.0973717412873082 -0.0974062477174687 -0.09791671862851267 -0.10064968918896704 -0.10096370740091963 -0.09745557948130452 -0.10093253468201584 -9999 -9999
-9999 -9999 -9999 -9999 -9999 -9999 -9999 -9999 -9999 -9999 -9999 -9999 -9999 -0.006471436736110114 0.008868001166680073 0.019283864085804903 0.02266014530132077 0.02359552955484551 0.02238802504151649 0.02272160494164244 -0.010177548928824163 -0.058511971973188914 -0.08005719129761604 -0.08441612883789901 -0.08794552668520847 -0.07042797800816901 -0.09506782937845952 -0.09752432709585312 -0.10408821568811592 -0.09405109202106524 -0.08941806948756517 -0.0908720040107018 -0.08431972991419981 -0.09584791475575263 -0.0955666868296796 -0.09076263068677626 -0.0949811594433164 -0.09650285138353093 -0.09648791570981888 -0.09092581569638153 -0.090932072551079 -0.09188504028197836 -0.09613163101244462 -0.09977164532836166 -0.10053750951710627 -0.4760587168780908 -0.4756570998477201 -0.4731631499090016 -0.10543296152904423 -0.4790182673512665 -0.4722528108127722 -9999
-9999 -9999 -9999 -9999 -9999 -9999 -9999 -9999 -9999 -9999 -9999 -9999 -9999 0.01509920347941246 0.007030019148775935 -0.049559932584836035 -0.0999977135954246 -0.0864018235661804 -0.07071988931155371 -0.023481742251817483 -0.09187663995648088 -0.09983258433640003 -0.09644950788519156 -0.08096546715457145 -0.08651046931029185 -0.09161286160656032 -0.09266430565653597 -0.09731504643616612 -0.09477107845348856 -0.09794417024169068 -0.09419109215577172 -0.088828873731298 -0.09192330582603199 -0.09230995412966976 -0.0955755869207317 -0.09643295891582963 -0.09090354583443028 -0.090712598777593 -0.09198153774726064 -0.09077730496758467 -0.08612957852956367 -0.09216672602581648 -0.09301656955113152 -0.0722272120109976 -0.4316397329409645 -0.07914184085922696 -0.08304315464035293 -0.08768885440818253 -0.09400629860999653 -0.09485404068374467 -0.08744625919689873 -0.04114620126783847
-9999 -9999 -9999 -9999 -9999 -9999 -9999 -9999 -9999 -9999 -9999 -9999 -9999 0.00908237386954158 -0.06808873904384166 -0.0889192609192982 -0.0828070187762584 -0.08743784096959517 -0.09140578360386092 -0.0918099549331077 -0.07538422674246847 -0.09062087068921083 -0.08879568078236219 -0.08313794725970047 -0.0887758318998226 -0.09730605401404917 -0.0938592784668077 -0.09231234328081343 -0.0910224692207085 -0.09431675693453992 -0.09231618451439352 -0.09409995213763353 -0.09056918418468676 -0.09247308210661148 -0.09613205500151197 -0.09216710881215252 -0.09129271767012877 -0.09065117053177256 -0.08879629924689253 -0.08869580269778429 -0.08600556212030863 -0.08605641641028941 -0.08864710935684916 -0.08100418685744071 -9999 -9999 -9999 -9999 -9999 -9999 -9999 -9999
-9999 -9999 -9999 -9999 -9999 -9999 -9999 -9999 -9999 -9999 -9999 -9999 -9999 -0.06543747090211466 -0.07605596538377954 -0.0823080187331732 -0.06600248988156449 -0.07889120135303232 -0.09252465803635447 -0.087112956458371 -0.08475294174396827 -0.08922351985557439 -0.08916232704810087 -0.089772301437716 -0.09405692905595857 -0.09307602078539054 -0.09241690360622047 -0.09051383378060712 -0.09064969483711947 -0.09532736375009362 -0.09500570520248314 -0.09562159461313732 -0.09137042000991843 -0.09346869312839147 -0.09387923248928703 -0.0953127522838034 -0.08713827441408209 -0.08985699725477664 -0.09050926486004708 -0.09531305793111457 0.0030376020206572267 -9999 -9999 -9999 -9999 -9999 -9999 -9999 -9999 -9999 -9999 -9999
-9999 -9999 -9999 -9999 -9999 -9999 -9999 -9999 -9999 -9999 -9999 -9999 0.016365489838262137 -0.049681591936578506 -0.05305499411507009 -0.06739378964962209 -0.06259093359112737 -0.09555326651730764 -0.09427463661317953 -0.08896566401809866 -0.08761336866204869 -0.08069003846445312 -0.07394967853818851 -0.07982408301777222 -0.08432987664047986 -0.08675579296501533 -0.0927655472586008 -0.08907611559923381 -0.08784673799798917 -0.0871241437041596 -0.08976421715972357 -0.0904524619856926 -0.08417410743869333 -0.08623402645836953 -0.0880246333828936 -0.08825132052784099 -0.08377829719692062 -0.08728020035546938 -0.0918290454792242 -0.08767636080514897 -0.0915540248461782 -9999 -9999 -9999 -9999 -9999 -9999 -9999 -9999 -9999 -9999 -9999
-9999 -9999 -9999 -9999 -9999 -9999 -9999 -9999 -9999 -9999 -9999 -0.08369046037838065 -0.04645647172344058 -0.030179968246654313 -0.022982877217335215 -0.07637255608218987 -0.0701799655868991 -0.09258554531388907 -0.09536867219801634 -0.0951352765400932 -0.08975032677185044 -0.08677702336891055 -0.08445455718224179 -0.06062016781062299 -0.08583902838601642 -0.08859412219528467 -0.08913577262771458 -0.0875770660755161 -0.09159014614375484 -0.09023912012168804 -0.0904826343263665 -0.09092578169417706 -0.07981206280727912 -0.08355488484240556 -0.08667759797854782 -0.08539385987471226 -0.0939185005497851 -0.0995057919713324 -0.0929984319853048 -0.07809098377211451 -9999 -9999 -9999 -9999 -9999 -9999 -9999 -9999 -9999 -9999 -9999 -9999
-9999 -9999 -9999 -9999 -9999 -9999 -9999 -9999 -9999 -9999 -0.07530543237210137 -0.08739217073745922 -0.0859732800303665 -0.08283147661347097 -0.08403139086822943 -0.08827524167829998 -0.08715793308227845 -0.09457976026588108 -0.090969787701352 -0.07206595405323865 -0.08747934458190451 -0.08652623442244042 -0.08660977145478332 -0.08733763016556226 -0.09426387702561406 -0.09286902603527453 -0.09264519618288294 -0.08729210971050885 -0.08331578573441667 -0.0871300966159938 -0.08855940919522554 -0.08507862365102932 -0.08677409563264618 -0.08999874308603265 -0.09385371403641077 -0.09546890057725453 -0.09237875812368032 -0.09592294105111736 -0.0969052588439559 -9999 -9999 -9999 -9999 -9999 -9999 -9999 -9999 -9999 -9999 -9999 -9999 -9999
-9999 -9999 -9999 -9999 -9999 -9999 -9999 -9999 -9999 -9999 -9999 -9999 -0.021858466217574982 -0.07761862359124505 -0.07138414738623247 -0.0864150032299022 -0.09623180840623707 -0.1004984025983778 -0.09774231712703836 -0.09592687004335124 -0.07276505435982794 -0.0860813898991232 -0.08503687953295773 -0.08991709113733408 -0.09550557075297997 -0.09332589263683312 -0.09109674227258116 -0.08668689927315873 -0.0859602046033291 -0.08832403960293289 -0.08751919385913301 -0.08774473423725121 -0.08400241155432511 -0.09032247267051102 -0.09180852927471676 -0.09178986745848232 -0.09075070586923052 -0.08941290802641275 -0.09340610986396876 -0.07135631815619667 -9999 -9999 -9999 -9999 -9999 -9999 -9999 -9999 -9999 -9999 -9999 -9999
-9999 -9999 -9999 -9999 -9999 -9999 -9999 -9999 -9999 -9999 -9999 -0.04203821785543877 -0.05941730139598456 -0.039418863260174415 -0.08653297038008906 -0.07980893292043302 -0.08364953930451446 -0.09187066130442162 -0.086745508877586 -0.0852403530825491 -0.08269588358904402 -0.0799693502638846 -0.07817512334209598 -0.07835608051247793 -0.08117867049901452 -0.08271224325752419 -0.081704074537305 -0.08319785047883857 -0.08144767031277697 -0.08184966109182737 -0.08492174163868982 -0.08477778148467413 -0.08670815490186212 -0.08991628502533862 -0.0891201533275108 -0.09441850254796956 -0.10094907391969472 -0.10160467640484032 -0.09587930140327916 -9999 -9999 -9999 -9999 -9999 -9999 -9999 -9999 -9999 -9999 -9999 -9999 -9999
-9999 -9999 -9999 -9999 -9999 -0.02130143273468704 -0.08696113703900002 -0.05324062560110876 -0.007093771888989298 0.0030881253313528307 0.0059589660228931965 -0.08616748619059178 -0.08530125482747819 -0.08729838893736064 -0.08867363635807818 -0.4649647355130683 -0.0874543322837108 -0.09382940538431686 -0.08328409319462843 -0.08532445373090161 -0.08349951932793613 -0.08107190416896183 -0.08803857340898419 -0.08234326009166565 -0.08098545640911142 -0.07939940964522428 -0.08179442418152341 -0.08400796327280671 -0.08359206570439959 -0.0808666879132594 -0.08201881586382648 -0.08504041980390678 -0.0843124019211694 -0.08537907172249604 -0.08712997736077603 -0.09161655018488836 -0.09349217224508932 -0.0912267582006242 -9999 -9999 -9999 -9999 -9999 -9999 -9999 -9999 -9999 -9999 -9999 -9999 -9999 -9999
-9999 -9999 -9999 -9999 -0.03705293357576411 0.00238184055236923 0.03436197123605095 -0.07878230225856175 -0.09200181175686724 -0.08655755396371015 -0.09071184940738222 -0.08994148487914097 -0.07924009845273136 -0.07643552666453468 -0.05735332303973911 -0.08179437200194356 -0.07810141096172267 -0.07729216133792924 -0.07008239119122289 -0.07150679744065623 -0.07650786901581777 -0.07571579214848884 -0.07018569477718986 -0.07986445913780227 -0.08144544925387592 -0.08279119073732258 -0.07929647347494348 -0.07627044823275855 -0.07881270368927963 -0.07556822368339318 -0.07380902590612842 -0.060339318853739186 -0.057577989643363116 -0.05523762495754517 -0.05613665252107464 -9999 -9999 -9999 -9999 -9999 -9999 -9999 -9999 -9999 -9999 -9999 -9999 -9999 -9999 -9999 -9999 -9999
-9999 -9999 -9999 0.12437479409759178 -0.035142312704087963 -0.0790861733819116 0.001633032906341203 -0.06623258829014761 -0.06721960975188915 -0.06603965130570816 -0.0619392807965409 -0.057213807141740035 -0.050172256081275714 -0.0647210911681799 -0.06899837220776572 -0.06473861562266743 -0.06757076655654876 -0.07327423003336339 -0.0746904319381877 -0.07499161872451435 -0.07610449024463356 -0.07365499125563937 -0.06991454661402799 -0.07112001277098101 -0.07866564985007457 -0.07924976877051676 -0.07059562108798388 -0.07578829539148774 -0.07622091470107636 -0.07252598893254589 -0.07551393428281564 -9999 -9999 -9999 -9999 -9999 -9999 -9999 -9999 -9999 -9999 -9999 -9999 -9999 -9999 -9999 -9999 -9999 -9999 -9999 -9999 -9999
-9999 -9999 -9999 0.11802670901564705 0.14753851330749795 -0.00027269010164149293 -0.04574895340387952 -0.03308689222760397 0.02281294640102616 -0.057780824234224336 -0.07602166727389373 -0.06864508724682132 -0.052348104318323214 -0.0724034825722649 -0.06764290463434508 -0.06196348610499953 -0.06600010873724338 -0.06841582286439532 -0.07479578442361258 -0.07269657096021798 -0.06998003755428203 -0.06649422986458428 -0.06771288225810004 -0.06998908793273037 -0.07045729251144682 -0.07082377311403623 -0.0677144434558202 -0.07063203772963728 -0.07280821008735322 -9999 -9999 -9999 -9999 -9999 -9999 -9999 -9999 -9999 -9999 -9999 -9999 -9999 -9999 -9999 -9999 -9999 -9999 -9999 -9999 -9999 -9999 -9999
-9999 -9999 -9999 0.09054289482125684 0.02098934254417678 0.03649959823958682 0.02231008044048527 -0.053090106394805325 -0.05497476829037273 -0.040572259171980714 -0.059184048972921836 -0.06463665741763705 -0.07397778133721386 -0.0690560741987947 -0.06344184089094809 -0.062415288853114585 -0.06280287831307274 -0.06502155090541875 -0.07436022742153847 -0.07232304157255445 -0.06810003267473552 -0.06399877400532977 -0.07026441893348956 -0.07242187557563387 -0.06677730908642893 -0.0668965201263558 -0.07783508308946269 -0.08058041547463365 -9999 -9999 -9999 -9999 -9999 -9999 -9999 -9999 -9999 -9999 -9999 -9999 -9999 -9999 -9999 -9999 -9999 -9999 -9999 -9999 -9999 -9999 -9999 -9999
-9999 -9999 -9999 0.126142000611106 0.035687687487839015 0.04641297960220131 0.06100072664757295 0.06963335125617788 0.015746982599774417 -0.0634938399626376 -0.0640460459796125 -0.08837555521869497 -0.07641289221403533 -0.0678004640371424 -0.06592197926485374 -0.06513500755065926 -0.0657459111399438 -0.06494587847631275 -0.07428610372829109 -0.06912951964425715 -0.0659713807732683 -0.0679966736482839 -0.07062635886648744 -0.07454023122889536 -0.06988275668596569 -0.07420935034241577 -0.0735087487030111 -9999 -9999 -9999 -9999 -9999 -9999 -9999 -9999 -9999 -9999 -9999 -9999 -9999 -9999 -9999 -9999 -9999 -9999 -9999 -9999 -9999 -9999 -9999 -9999 -9999
-9999 -9999 -9999 -9999 -0.0004926901974089959 -0.06390952885355036 -0.06429654914528538 -0.07308486612794332 -0.08800451562625086 -0.08746710910576662 -0.0909103803591777 -0.07118757802431712 -0.09036603917508093 -0.0819719070696259 -0.07426350617857827 -0.07095316932217716 -0.07371266306671381 -0.07872675612875046 -0.07716063389120856 -0.0723384258426624 -0.06682070562590472 -0.07113372893774347 -0.07464481730983685 -0.07414963402568481 -9999 -9999 -9999 -9999 -9999 -9999 -9999 -9999 -9999 -9999 -9999 -9999 -9999 -9999 -9999 -9999 -9999 -9999 -9999 -9999 -9999 -9999 -9999 -9999 -9999 -9999 -9999 -9999
