metrics/grid_rasters/SMAP L4/grideval_SMAP L4_X_spring_2017_absolute_ubrmsd.asc
ncols 52
nrows 55
xllcorner     11.25
yllcorner     55.25
cellsize      0.25
NODATA_value  -9999
[rows 0 to 27 of 55, columns 0 to 51 of 52]
-9999 -9999 -9999 -9999 -9999 -9999 -9999 -9999 -9999 -9999 -9999 -9999 -9999 -9999 -9999 -9999 -9999 -9999 -9999 -9999 -9999 -9999 -9999 -9999 -9999 -9999 -9999 -9999 -9999 -9999 -9999 -9999 -9999 -9999 -9999 -9999 0.020587486794573454 0.02214667925979245 0.02036297958820574 -9999 -9999 -9999 -9999 -9999 -9999 -9999 -9999 -9999 -9999 -9999 -9999 -9999
-9999 -9999 -9999 -9999 -9999 -9999 -9999 -9999 -9999 -9999 -9999 -9999 -9999 -9999 -9999 -9999 -9999 -9999 -9999 -9999 -9999 -9999 -9999 -9999 -9999 -9999 -9999 -9999 -9999 -9999 -9999 -9999 -9999 -9999 -9999 -9999 0.024212217314941067 0.02549073865605168 0.02733524693880653 0.032567286988459884 0.03600677462549345 0.033643506993507565 -9999 -9999 -9999 -9999 -9999 -9999 -9999 -9999 -9999 -9999
-9999 -9999 -9999 -9999 -9999 -9999 -9999 -9999 -9999 -9999 -9999 -9999 -9999 -9999 -9999 -9999 -9999 -9999 -9999 -9999 -9999 -9999 -9999 -9999 -9999 -9999 -9999 0.013610902348435995 0.0133030034842461 0.011372984084036948 0.008096109109069789 0.021233268391065284 0.02041559042907756 0.024197007674680058 -9999 0.036342587322615034 0.028991370651274342 0.0309671177481534 0.036253170727819216 0.03580060370632865 0.038934747441878345 0.040116401683967816 0.04056954728284549 0.037313276985954213 0.03561539500247125 0.035030235396763074 -9999 -9999 -9999 -9999 -9999 -9999
-9999 -9999 -9999 -9999 -9999 -9999 -9999 -9999 -9999 -9999 -9999 -9999 -9999 -9999 -9999 -9999 -9999 -9999 -9999 -9999 -9999 -9999 -9999 -9999 -9999 -9999 -9999 0.013536872332422218 0.011780356274514904 0.01156467201646817 0.017777242881613316 0.025848956455095776 0.03475292827805275 0.043350388580444515 0.04740888164066348 0.049605328145105855 0.04949921218565299 0.04487303147528497 0.04263457795210837 0.03971518379055313 0.03960805468917325 0.03979141106391381 0.038265445612816654 0.03644883468229075 0.033947756955629675 0.03411866019303271 0.03267734720473281 0.03289812753961708 -9999 -9999 -9999 -9999
-9999 -9999 -9999 -9999 -9999 -9999 -9999 -9999 -9999 -9999 -9999 -9999 -9999 -9999 -9999 -9999 -9999 -9999 -9999 -9999 -9999 -9999 0.010284599478291944 0.013665042258900344 0.010473629272205659 0.013000753160683259 0.015039463316163616 0.01671786578698458 0.017020407233989083 0.018432583260246386 0.025103876767938068 0.030525820006738143 0.03570126614975296 0.04441893809435864 0.04801921007349976 0.05801783658156845 0.04168283138989064 0.037151516642831214 0.036316896038453284 0.03573198547538032 0.033725375594996915 0.035062691086602475 0.033757472351231464 0.033933591835267805 0.033594800731033485 0.03436909774050289 0.032884386360545144 0.03345774507542722 0.033785237893775924 -9999 -9999 -9999
-9999 -9999 -9999 -9999 -9999 -9999 -9999 -9999 -9999 -9999 -9999 -9999 -9999 -9999 -9999 -9999 -9999 -9999 -9999 -9999 -9999 0.010254091332346824 0.010407003181645322 0.01128704483508731 0.005446947749331707 0.009168796847617695 0.018950022931609332 0.017542059479242127 0.02023168616404083 0.03066944921083095 0.036735278511545885 0.03958445666841423 0.03874110210048042 0.037694820034972064 0.03730744493183801 0.0357783202160243 0.036613896409377684 0.034531607738106165 0.032479643345284116 0.032880338949543536 0.030497757735511336 0.03088054720878101 0.03181939101071115 0.0326055296281082 0.033357763642107505 0.03416919241633689 0.031854220900482545 0.0337982417759412 0.034606073784330296 -9999 -9999 -9999
-9999 -9999 -9999 -9999 -9999 -9999 -9999 -9999 -9999 -9999 -9999 -9999 -9999 -9999 -9999 -9999 -9999 -9999 -9999 -9999 0.012293092529044336 0.015160661693113016 0.022474342458568303 0.019585342079615143 0.019191009023724198 0.016980080566937724 0.017723864931788184 0.022736217791125862 0.02571667412805964 0.02527141340968728 0.03321787343399248 0.04372552389972685 0.04282604830403841 0.0388588300422112 0.03910329278012895 0.03717845428129129 0.035394937268298024 0.03323744914458167 0.03200307848877678 0.02809319929817961 0.027841751097223744 0.028104366955161268 0.03290630766028058 0.034518348726285036 0.032862675966478926 0.03397683403418488 0.03475953369114457 0.03468307243119008 0.03400701075023617 0.03467650133236353 -9999 -9999
-9999 -9999 -9999 -9999 -9999 -9999 -9999 -9999 -9999 -9999 -9999 -9999 -9999 -9999 -9999 -9999 -9999 -9999 -9999 -9999 -9999 0.022000835401431808 0.021971677655940183 0.02107416212654875 0.02074718777878552 0.021034856818754197 0.02302066791925474 0.02320412760065111 0.02843423627255416 0.032142336020671354 0.031050493671061462 0.031179446702510237 0.032393065946151336 0.03206781629913486 0.03213750247409966 0.03263417926484923 0.031444205314860904 0.03049802626719684 0.02966310399195415 0.02914005716623509 0.029664615499440026 0.030777131696578426 0.030766569779820094 0.035210997536950554 0.03428758246647925 0.03375796456346 0.03400243024847694 0.03484526919372099 0.03383132375940275 -9999 -9999 -9999
-9999 -9999 -9999 -9999 -9999 -9999 -9999 -9999 -9999 -9999 -9999 -9999 -9999 -9999 -9999 -9999 -9999 -9999 -9999 0.021280410891514192 0.02427205964838084 0.023529133450097425 0.02356886869735187 0.02435220450764357 0.024682096398843004 0.03334269121130156 0.0324793419844843 0.02643926634772795 0.03185072993459157 0.03490808396268593 0.03453345091130736 0.03182990182894758 0.028645916972172426 0.0304945212035012 0.030622541347359037 0.03206032464498201 0.030583390792560627 0.029797443026542962 0.029778790710762056 0.030076429235963088 0.02908231858288996 0.0301250779319633 0.030164191356254456 0.03027390027290507 0.034663154581851915 0.030471060158097262 0.030867992075118676 0.03279374929838345 0.03366939589099839 0.03179670208108719 0.029777277812451694 -9999
-9999 -9999 -9999 -9999 -9999 -9999 -9999 -9999 -9999 -9999 -9999 -9999 -9999 -9999 -9999 -9999 -9999 -9999 0.021229279342776 0.021031154346706892 0.020651000380720715 0.026362237892776967 0.031036940545604526 0.0322576993318408 0.03057506388057282 0.035236580631997645 0.031111623899169133 0.03279875657411617 0.031625989388861325 0.032187054091398194 0.03399501683818035 0.03272394209226498 0.03365471395772266 0.03226937544458585 0.03201954041617575 0.03292379744483416 0.03375991314833533 0.03305633386400506 0.03223859245835002 0.030759679384575987 0.0305407339066728 0.031160988736986563 0.03007431718314871 0.031107816510346095 0.03258797592710077 0.032781061409060695 0.03279454090873925 0.03335244017242772 0.03185088277317345 0.032193514586453094 0.03192553936166699 -9999
-9999 -9999 -9999 -9999 -9999 -9999 -9999 -9999 -9999 -9999 -9999 -9999 -9999 -9999 -9999 -9999 -9999 0.02025321289550697 0.02090420406156334 0.024614283903449902 0.029852281873646924 0.038518828055100485 0.039125412344121833 0.034706340385151566 0.039085685618536085 0.036452205628871547 0.03666634936619025 0.03276226874284631 0.03173977770985941 0.031125805100119357 0.030599658718192313 0.030184379988866507 0.030359835463181294 0.029779953397004618 0.029315966321524226 0.02802571494128264 0.028356429253252907 0.027921513787976828 0.029194823930832583 0.0304798441962946 0.032591299646552274 0.03248053233559525 0.031254366291605405 0.033508690466483936 0.032939345461771755 0.030287224075734906 0.03082996059036618 0.03273649014057817 0.03198703813833685 0.03020027713485032 -9999 -9999
-9999 -9999 -9999 -9999 -9999 -9999 -9999 -9999 -9999 -9999 -9999 -9999 -9999 0.01791378816254484 0.017465513524968685 0.02055125093426513 0.018778882534901342 0.019297339370241424 0.021546997535847 0.02079962287555168 0.02530991060784797 0.027774302616775083 0.03432545466747743 0.04496083178303118 0.034668912318694844 0.03693433826784963 0.023722673644791973 0.033235678795392784 0.03317587431720439 0.0309477225572432 0.031287245877185024 0.031205466199594627 0.029536654410797343 0.027669826854406755 0.028505943998006288 0.029463029024929612 0.028571410007539544 0.02394376492980134 0.02496391405503875 0.02955422882310013 0.030926974759585474 0.03058516412858693 0.03222165011258739 0.03526912608046095 0.033445234379613394 0.032169084832654106 0.032600757319289665 0.031521592653083706 0.03206419740570662 0.03183754441505733 0.031178147560837637 -9999
-9999 -9999 -9999 -9999 -9999 -9999 -9999 -9999 -9999 -9999 -9999 -9999 -9999 0.018099329297746432 0.020216580176891503 0.029066657981173583 0.033805483385778816 0.033915485048164884 0.02965227912932625 0.02332606742078797 0.03795038456500269 0.0366031389493035 0.03900231111177968 0.04294438151750568 0.03463068433510127 0.030076469624045626 0.015013155208488662 0.030683627865766755 0.022274827154462367 0.027613853649728282 0.027197682634174818 0.027705838922630312 0.025441322541828158 0.022914848654202742 0.021769401516820063 0.020892862047543512 0.021310178954852 0.021647213156262425 0.02256089795787095 0.02408497626359153 0.02411969183710666 0.023205462951468157 0.023874825677802868 0.02279570382614381 0.02130907938120414 0.023104135320000208 0.024851966286038463 0.021446105015228176 0.022194926172885168 0.025954983622127108 0.026166340474273717 0.021194074045700288
-9999 -9999 -9999 -9999 -9999 -9999 -9999 -9999 -9999 -9999 -9999 -9999 -9999 0.018585112681604458 0.033536390794426746 0.03665815282510503 0.03967775664668235 0.039825298993421424 0.042377069448654284 0.03889812408283735 0.035528121843087776 0.036063218375470565 0.036807719168312936 0.036466341396575376 0.034825193225679105 0.032609640939265265 0.0297754834330037 0.015022620349494998 0.01839293184950295 0.02714402066346354 0.02605945930201645 0.022328618117410003 0.02467505507989965 0.026231199911830396 0.02594163226668013 0.022567217692138663 0.02206956624729217 0.020681693724121947 0.02219133195233958 0.02381874514780139 0.024728086093619227 0.02454960863601568 0.021428475757854285 0.020206321420633663 -9999 -9999 -9999 -9999 -9999 -9999 -9999 -9999
-9999 -9999 -9999 -9999 -9999 -9999 -9999 -9999 -9999 -9999 -9999 -9999 -9999 0.024903723422234302 0.03251646433060442 0.036963250507011325 0.03611846984393391 0.03676660897266617 0.047407186703337816 0.03971782468071215 0.03767536006262216 0.03154232972022788 0.034809301005842584 0.0335846135459788 0.030509431338794482 0.0259495280049946 0.025187590943302345 0.024221232649816748 0.02487065856073004 0.02477743793359001 0.02496683782556383 0.024837958063033044 0.025253004985102544 0.024162843333649896 0.023558471340201968 0.02273751257637795 0.023600803478515533 0.023302400797144945 0.022901508607267588 0.02053434395861265 0.01966507791558198 -9999 -9999 -9999 -9999 -9999 -9999 -9999 -9999 -9999 -9999 -9999
-9999 -9999 -9999 -9999 -9999 -9999 -9999 -9999 -9999 -9999 -9999 -9999 0.021447967034972256 0.027128210820844267 0.029851108107212525 0.04337240476224477 0.04030818431653281 0.045620603680088 0.04183532744951556 0.03886405660234128 0.035184870065691674 0.03374581311761301 0.03459671599812205 0.0306661832383806 0.028316326657347624 0.026726543252508082 0.0253002533086903 0.02386584121497204 0.024138863177141857 0.02511013257351236 0.024998063035865662 0.023904399382838032 0.024208288257197518 0.025359760736828375 0.024610718046068816 0.024102037304707658 0.024133729885991224 0.0236647914933114 0.02279662893907404 0.018925728922850004 0.018543614652003545 -9999 -9999 -9999 -9999 -9999 -9999 -9999 -9999 -9999 -9999 -9999
-9999 -9999 -9999 -9999 -9999 -9999 -9999 -9999 -9999 -9999 -9999 0.023263228872845727 0.020898094510796387 0.02025231283113617 0.02210036153514932 0.037875879610223415 0.0415451076717481 0.039605296522764386 0.038236381188986285 0.032160372794754206 0.02931894294670102 0.02963227300264165 0.0279090978248791 0.027933891006973712 0.027816639377725973 0.025306349322532312 0.025362406153959408 0.024418828693226882 0.024009003721869624 0.02264119005281847 0.0228339669445606 0.024204414105681686 0.02391566791838208 0.02414441349073169 0.023000845124706275 0.02349717340533165 0.022787063840609797 0.021539082575377372 0.01994230103814056 0.014716777193479653 -9999 -9999 -9999 -9999 -9999 -9999 -9999 -9999 -9999 -9999 -9999 -9999
-9999 -9999 -9999 -9999 -9999 -9999 -9999 -9999 -9999 -9999 0.04753188754356475 0.045796712738484326 0.032419696712380264 0.032499066444850414 0.046663421583320916 0.044639452794332964 0.04393039192714841 0.03590706385807127 0.03463433093825941 0.027903329710411626 0.028184981537296726 0.027523683329258343 0.02735372546743995 0.027483449087063024 0.026130243421853248 0.024195582840821718 0.023983263376813637 0.024003046792237533 0.02347352077202204 0.02122632191630537 0.02147591045693845 0.0222977954716377 0.023584450527655548 0.025244563611161657 0.025279504754856102 0.02339184052480239 0.019963150311025902 0.017173505171384232 0.015601834152415431 -9999 -9999 -9999 -9999 -9999 -9999 -9999 -9999 -9999 -9999 -9999 -9999 -9999
-9999 -9999 -9999 -9999 -9999 -9999 -9999 -9999 -9999 -9999 -9999 -9999 0.03526010337944817 0.04739205995487968 0.055761209975024685 0.04380473605464783 0.03681320756661827 0.03171546157922927 0.029222566448444506 0.027956265479795597 0.026617303261047196 0.02796810946415629 0.02771320721495529 0.02727905578700015 0.026144210717277787 0.024706062874113557 0.024582767320790854 0.025226585544395847 0.025242971998407145 0.022801539229162684 0.021725057617009703 0.020792821518274888 0.020068475454087416 0.02240424604389063 0.02490481391165137 0.022900631008248958 0.02130361547673468 0.01706030485849455 0.016570154346438718 0.018467239073512418 -9999 -9999 -9999 -9999 -9999 -9999 -9999 -9999 -9999 -9999 -9999 -9999
-9999 -9999 -9999 -9999 -9999 -9999 -9999 -9999 -9999 -9999 -9999 0.0372591205870015 0.04212609868988732 0.02799407408247397 0.040858352715883735 0.03676021394846664 0.032779976362984645 0.029772144399972555 0.028837414428105175 0.026131505161338647 0.025209086599929542 0.026544926298826814 0.02627896133410812 0.02646793357401954 0.02662093108504794 0.027273171171560227 0.027113077566874637 0.026080199981162597 0.025937601117731374 0.02493363581106724 0.02222127936991801 0.02052984686448933 0.01964120282973544 0.021837825665278438 0.023953167945951304 0.022713941815278214 0.019197586492888642 0.01678635164851524 0.0159561715222628 -9999 -9999 -9999 -9999 -9999 -9999 -9999 -9999 -9999 -9999 -9999 -9999 -9999
-9999 -9999 -9999 -9999 -9999 0.02898627574169872 0.036460720949407735 0.029554911636978543 0.02339838306298241 0.022916270061420004 0.029454896932907537 0.0436586996825012 0.039527815825110967 0.03230181594174795 0.029439451385167768 0.022093307623037385 0.02051582394422197 0.019268735321554903 0.016800949124197443 0.016211583814938552 0.01816733581866893 0.0190906461656028 0.02148297573773185 0.022218438717233356 0.023932742071602963 0.025581127280495785 0.025959140648258848 0.022723375886326072 0.020506953875158117 0.018949068594205275 0.01945457563371927 0.018254010042021183 0.01989183725693941 0.02007361646103611 0.01835477014816364 0.016077677944410187 0.016193180638637162 0.015416451918774153 -9999 -9999 -9999 -9999 -9999 -9999 -9999 -9999 -9999 -9999 -9999 -9999 -9999 -9999
-9999 -9999 -9999 -9999 0.035724336177840404 0.04001642126742408 0.036945346472701784 0.0407113654770692 0.04367737511393088 0.04114814045884519 0.0369181103077522 0.03680797172600858 0.031130338571929917 0.023879432597788987 0.018884059216646987 0.015722176112071624 0.015872246674906273 0.01652835869879681 0.014607022649800303 0.016482903716856158 0.02050039811031321 0.024030409765199004 0.01740748773027052 0.020142647508098098 0.01770107993847309 0.018694325988399648 0.015626506119728163 0.016838232720431227 0.01610817129457821 0.01691526481511383 0.019884055579713653 0.02158329613032907 0.01846855998212448 0.016116740237852055 0.016143635611745363 -9999 -9999 -9999 -9999 -9999 -9999 -9999 -9999 -9999 -9999 -9999 -9999 -9999 -9999 -9999 -9999 -9999
-9999 -9999 -9999 0.02565718690532048 0.030863463995635068 0.04499552382754325 0.03258530844977082 0.04007451162535069 0.035852881861421305 0.029110901863320767 0.02693800377611441 0.028670757450693807 0.024506329282073427 0.02185750046276409 0.01761508088466389 0.018731464246149427 0.0174112086734439 0.018432330795534014 0.016479204062589972 0.016633407270949318 0.019264983165538787 0.02328782902373256 0.023291202697103948 0.020582564952723828 0.019767698516032932 0.01799332840267344 0.017849304799235632 0.02043658188433196 0.020161871738753844 0.01787337546061981 0.01752253564077019 -9999 -9999 -9999 -9999 -9999 -9999 -9999 -9999 -9999 -9999 -9999 -9999 -9999 -9999 -9999 -9999 -9999 -9999 -9999 -9999 -9999
-9999 -9999 -9999 0.022321429235937797 0.02240971566501369 0.02313732031815689 0.03232030138319235 0.03762391529439935 0.031359134200324636 0.031315165002554685 0.027546038895448877 0.0145435185146791 0.016292832602457317 0.019344459391193183 0.01926921433212791 0.01853787202611689 0.01813746720457755 0.015681806296821404 0.015942314342486046 0.02050950742002353 0.020280020198006798 0.022163171761361882 0.023269041672058018 0.023404062478370537 0.02281537004528463 0.022419686201813928 0.02036225937491438 0.01786945064926332 0.02004426333008611 -9999 -9999 -9999 -9999 -9999 -9999 -9999 -9999 -9999 -9999 -9999 -9999 -9999 -9999 -9999 -9999 -9999 -9999 -9999 -9999 -9999 -9999 -9999
-9999 -9999 -9999 0.02582499352431477 0.026867580241865363 0.02284676791860793 0.02721780974003852 0.03645577191924579 0.03343576148346393 0.02848185867058173 0.026251090947980168 0.018644664077166747 0.020198271396236325 0.01785318082174284 0.017076132310728426 0.01840667156772584 0.01702829163885135 0.016362641712229786 0.018541746195882947 0.02017037618781198 0.021106368941719876 0.021229489501394902 0.01982316038847835 0.018511760432698282 0.02014458306298326 0.021072759801039058 0.02567779328409393 0.030046315027279624 -9999 -9999 -9999 -9999 -9999 -9999 -9999 -9999 -9999 -9999 -9999 -9999 -9999 -9999 -9999 -9999 -9999 -9999 -9999 -9999 -9999 -9999 -9999 -9999
-9999 -9999 -9999 0.02292533384113738 0.02617211857459655 0.02850909678364905 0.029297351936464114 0.027727317967755058 0.02907040783044347 0.03047713688226765 0.027017173534079703 0.01918687933384091 0.0187607907613907 0.018463377510034844 0.01953321555365053 0.01846273022669702 0.016574155612310976 0.017771814189402598 0.015587782053195819 0.020370308894552592 0.0174922622087472 0.018858497892086226 0.021724282786291408 0.021746928093587657 0.02194999183156861 0.019588716363367398 0.01997540200408555 -9999 -9999 -9999 -9999 -9999 -9999 -9999 -9999 -9999 -9999 -9999 -9999 -9999 -9999 -9999 -9999 -9999 -9999 -9999 -9999 -9999 -9999 -9999 -9999 -9999
-9999 -9999 -9999 -9999 0.034019135849316484 0.03987555644208774 0.03567286337394394 0.03348628334937534 0.03098226416603353 0.03070730045221203 0.030344468481231568 0.02732148241960872 0.025521654200648773 0.01811467384361939 0.018403147034482217 0.01857901912071948 0.0183850763885954 0.019463025454910115 0.01784685695240058 0.019303384224708564 0.02067947020502482 0.022027709608628928 0.02181205266824491 0.02287389033802157 -9999 -9999 -9999 -9999 -9999 -9999 -9999 -9999 -9999 -9999 -9999 -9999 -9999 -9999 -9999 -9999 -9999 -9999 -9999 -9999 -9999 -9999 -9999 -9999 -9999 -9999 -9999 -9999
-9999 -9999 -9999 -9999 0.027837075649649712 0.033974812857359864 0.033781194205452 0.032499316409165833 0.031795185523272484 0.030265917037670436 0.027597115469104427 0.023703529829711474 0.02182214489000217 0.01933547477311436 0.02228676635317213 0.020127051801007732 0.020548163149597124 0.020769815521311515 0.02053222871460043 0.02104678150760573 0.021525950309174462 0.02111937507120118 0.020285474849626683 0.020474510103363302 0.02147133288477181 -9999 -9999 -9999 -9999 -9999 -9999 -9999 -9999 -9999 -9999 -9999 -9999 -9999 -9999 -9999 -9999 -9999 -9999 -9999 -9999 -9999 -9999 -9999 -9999 -9999 -9999 -9999
