metrics/grid_rasters/SMAP L4/grideval_SMAP L4_S_spring_absolute_ubrmsd.asc
ncols 52
nrows 55
xllcorner     11.25
yllcorner     55.25
cellsize      0.25
NODATA_value  -9999
[rows 0 to 27 of 55, columns 0 to 51 of 52]
-9999 -9999 -9999 -9999 -9999 -9999 -9999 -9999 -9999 -9999 -9999 -9999 -9999 -9999 -9999 -9999 -9999 -9999 -9999 -9999 -9999 -9999 -9999 -9999 -9999 -9999 -9999 -9999 -9999 -9999 -9999 -9999 -9999 -9999 -9999 -9999 0.03734527097584489 0.04015177796817648 0.03780957385785631 -9999 -9999 -9999 -9999 -9999 -9999 -9999 -9999 -9999 -9999 -9999 -9999 -9999
-9999 -9999 -9999 -9999 -9999 -9999 -9999 -9999 -9999 -9999 -9999 -9999 -9999 -9999 -9999 -9999 -9999 -9999 -9999 -9999 -9999 -9999 -9999 -9999 -9999 -9999 -9999 -9999 -9999 -9999 -9999 -9999 -9999 -9999 -9999 -9999 0.041638402910169486 0.041164042862143715 0.0377861940327832 0.04183031410464684 0.04612578231715517 0.04508192201896028 -9999 -9999 -9999 -9999 -9999 -9999 -9999 -9999 -9999 -9999
-9999 -9999 -9999 -9999 -9999 -9999 -9999 -9999 -9999 -9999 -9999 -9999 -9999 -9999 -9999 -9999 -9999 -9999 -9999 -9999 -9999 -9999 -9999 -9999 -9999 -9999 -9999 0.033674473685636815 0.036421170398023166 0.032647880228212585 0.02455303650014024 0.042198438186642734 0.04320434831502182 0.041114154871063034 -9999 0.04378981220761235 0.04342629996244896 0.04243718920620772 0.04354476498383336 0.043955807520803615 0.04673199370653649 0.04809430026518514 0.04842399529977511 0.04455242426360002 0.045290361934410495 0.04577340801803519 -9999 -9999 -9999 -9999 -9999 -9999
-9999 -9999 -9999 -9999 -9999 -9999 -9999 -9999 -9999 -9999 -9999 -9999 -9999 -9999 -9999 -9999 -9999 -9999 -9999 -9999 -9999 -9999 -9999 -9999 -9999 -9999 -9999 0.03124522692574248 0.03182005857372598 0.035325613745074605 0.03628467914606403 0.03618579402758888 0.0448296792878839 0.052462162760767206 0.0537258736304693 0.052577883914463615 0.05243672279859316 0.049342420749013134 0.04847678062643378 0.046852645252966944 0.04668847264604957 0.046679295558522925 0.04569472602873717 0.045106780588277315 0.04514912677491617 0.043466666735267306 0.04220010429287616 0.04216977537679493 -9999 -9999 -9999 -9999
-9999 -9999 -9999 -9999 -9999 -9999 -9999 -9999 -9999 -9999 -9999 -9999 -9999 -9999 -9999 -9999 -9999 -9999 -9999 -9999 -9999 -9999 0.032761105382956617 0.036160942448696665 0.03289242408828372 0.03403093760266724 0.029325555512543736 0.031066696699239338 0.031290636362004375 0.031314914937715405 0.03388404015122845 0.038100723955611315 0.04429614267113434 0.05095457325810748 0.04954957599269301 0.05100815330687358 0.04578880921619535 0.04359616486362832 0.042347376399259916 0.04188208383303727 0.04048244593675668 0.042431954980444914 0.04180177676958898 0.04246931971697263 0.04245392258497695 0.043141143715535735 0.040532560551067416 0.03991654636770445 0.039517021094319066 -9999 -9999 -9999
-9999 -9999 -9999 -9999 -9999 -9999 -9999 -9999 -9999 -9999 -9999 -9999 -9999 -9999 -9999 -9999 -9999 -9999 -9999 -9999 -9999 0.035843046367577264 0.0356926737951196 0.02872173774768317 0.013426621918561856 0.01987530845491851 0.03281759627708198 0.030427288248917432 0.0323180176405296 0.03526304775723632 0.04007687854827571 0.042359244619811116 0.041581233328476463 0.040788923459463486 0.03977047953534365 0.03988361232331284 0.04126785911120501 0.03990476907467553 0.039687555314804016 0.041413654604686746 0.038940305014697134 0.038307455900388615 0.040305259345967785 0.04125805632849705 0.0415458201210669 0.04145832488483577 0.039361718105369314 0.038998552302343684 0.03890808828700972 -9999 -9999 -9999
-9999 -9999 -9999 -9999 -9999 -9999 -9999 -9999 -9999 -9999 -9999 -9999 -9999 -9999 -9999 -9999 -9999 -9999 -9999 -9999 0.02330174873056366 0.02354602014731403 0.03222623203437733 0.02575083637371341 0.026657331823160338 0.02487294019472336 0.026244024222305942 0.03186683434746187 0.03296625231574808 0.0341872236699571 0.040617979492279535 0.04559062509884082 0.04531395375221702 0.041947434724012536 0.04072051172853717 0.041405392764642585 0.041142846510841866 0.04007854188620005 0.042115518377828766 0.03891245075456695 0.03823206793019827 0.03788608304206922 0.04319198758753682 0.0422646328904807 0.040526958965830584 0.04176617278541376 0.041235928711777566 0.04151422733080402 0.040202806163315605 0.0399001575478624 -9999 -9999
-9999 -9999 -9999 -9999 -9999 -9999 -9999 -9999 -9999 -9999 -9999 -9999 -9999 -9999 -9999 -9999 -9999 -9999 -9999 -9999 -9999 0.0307201515036778 0.030547832982606882 0.02811338124160374 0.0275880501305973 0.028484216263341588 0.0304343042514618 0.03625689636235625 0.043780223867731165 0.04161495104108502 0.036207612822800016 0.03898218181880031 0.042196827950621296 0.03650400992743225 0.036634090396795736 0.039247747268288884 0.038801561184874926 0.03853112844336095 0.040320773090498814 0.039426801223972414 0.039128726804864684 0.03937234284505636 0.03865912729246646 0.041826792138166334 0.041040807579041605 0.04156398472942285 0.0410257099469049 0.0414924026622604 0.039620177798454614 -9999 -9999 -9999
-9999 -9999 -9999 -9999 -9999 -9999 -9999 -9999 -9999 -9999 -9999 -9999 -9999 -9999 -9999 -9999 -9999 -9999 -9999 0.028939133531545508 0.03331411507967065 0.0326419106854807 0.03252951057471667 0.032297666789353384 0.03433493929013524 0.044145889350529294 0.04212694428191015 0.03798621971303608 0.03947306369675768 0.04055912117971043 0.041015620697598634 0.040183956314884486 0.03965355629405628 0.0374617396787423 0.036134670597553833 0.03873888345474557 0.037787054426777454 0.0387565180244324 0.040143910076063966 0.0395317308816896 0.03791197776459202 0.0397304656850605 0.039309810971470134 0.0382107265668938 0.04121004094344342 0.03833555665861765 0.03847539462091281 0.038772547486956487 0.039988149119104345 0.039918208917106825 0.037268750487554965 -9999
-9999 -9999 -9999 -9999 -9999 -9999 -9999 -9999 -9999 -9999 -9999 -9999 -9999 -9999 -9999 -9999 -9999 -9999 0.028783751834421226 0.028358617571734256 0.030648051942409518 0.033948820934281934 0.04099446911603505 0.04447237086260114 0.042302805123510784 0.0441639448849028 0.041970573148231737 0.04077524456529827 0.03895522579144221 0.038595068537468864 0.038142589646666704 0.037577289721983945 0.03832516781228891 0.0381562751491806 0.038691166006582095 0.03972776229098434 0.040517265125472386 0.039319034665354864 0.03852149984777973 0.03787751213475348 0.03775786425505212 0.037183630217479016 0.03763040082177573 0.037446202039736594 0.03801285954796803 0.03803771234427338 0.03853339800093281 0.03842214720496916 0.03617513830754796 0.03740445535686862 0.03640162667723212 -9999
-9999 -9999 -9999 -9999 -9999 -9999 -9999 -9999 -9999 -9999 -9999 -9999 -9999 -9999 -9999 -9999 -9999 0.028204129582602763 0.028157446123621626 0.035719887901747106 0.038443484587938295 0.043487164896731684 0.041052204579746635 0.040020596481662014 0.04201609205861265 0.04045157270170894 0.03955205365743515 0.03957005076985412 0.038193801084981736 0.03671741801060032 0.03704697472277027 0.0372638275132041 0.03756365385880773 0.03803298624323366 0.038405553156313166 0.037889699479079615 0.038467533209336234 0.03916280933158189 0.03887327233015632 0.038603377162571666 0.04132597043566225 0.04033758465237591 0.0368952051140137 0.03808449360760033 0.038301103082216285 0.038401403339435536 0.038389019881465786 0.03807116631310549 0.037195357277978514 0.038198294702604524 -9999 -9999
-9999 -9999 -9999 -9999 -9999 -9999 -9999 -9999 -9999 -9999 -9999 -9999 -9999 0.031024162144361243 0.030516620637489705 0.032278918405516915 0.030095714459139517 0.027686120469306973 0.028709270827467957 0.02966656382984923 0.03389734301793957 0.03752833900462516 0.04014196104594514 0.0418988367321413 0.03921456883202317 0.040890292125078366 0.026070390465001363 0.039402715220592174 0.04176177915899555 0.039357343916445166 0.039771299677034834 0.040487097443459685 0.03849290572852117 0.03931616476306163 0.038346078760712166 0.037085420079977824 0.03753725176008543 0.03831595024949325 0.03804517078929929 0.037880742104259256 0.038421280315149166 0.038532706173106585 0.03976919349938438 0.04035482023962461 0.03883238484830558 0.039375743277672834 0.039577433691097966 0.03865668646141949 0.03788237771879485 0.03888780626477137 0.038746649510811235 -9999
-9999 -9999 -9999 -9999 -9999 -9999 -9999 -9999 -9999 -9999 -9999 -9999 -9999 0.030741083606387786 0.03155708071738702 0.038498522526722964 0.04367294953234367 0.04311318694579791 0.039441864623345764 0.031444400031019226 0.04148785028634806 0.04252563022959655 0.04263007405572608 0.03960011682180941 0.039023768934220035 0.03517661189886475 0.015222552925061441 0.037863322808814166 0.030791458098617306 0.03880681784106296 0.03865885455244682 0.038213967365483256 0.0379054709076198 0.036933341337507516 0.03746977800879197 0.037345262151170185 0.037028435469845744 0.036817089753150234 0.03759756772323804 0.0386610024279242 0.03775791088592668 0.03850366354650204 0.03885641209914476 0.034678338936857206 0.037838195664162966 0.03244094275639988 0.03488494566618605 0.031580201083856084 0.033304968364689436 0.03364852436603834 0.03367520205306369 0.02848370638299328
-9999 -9999 -9999 -9999 -9999 -9999 -9999 -9999 -9999 -9999 -9999 -9999 -9999 0.031558105691012625 0.044036586687602894 0.041246938056626735 0.04146500171899541 0.04126870900965963 0.0443588257183408 0.04324861234187237 0.04068095274788333 0.03980003445396415 0.039023981359145934 0.036538273089469483 0.03838216076859055 0.039455513339002525 0.03741384641971232 0.015160053511267337 0.021969419063601732 0.037007540167162685 0.03740096482774125 0.036683704462862766 0.03648229960748001 0.0365108035787855 0.0367193251448725 0.03482491557871495 0.035632411981876264 0.03620719308155541 0.0370723078979527 0.038485490677824835 0.0371153982001733 0.035875988577081026 0.03439532932454298 0.03248912635123768 -9999 -9999 -9999 -9999 -9999 -9999 -9999 -9999
-9999 -9999 -9999 -9999 -9999 -9999 -9999 -9999 -9999 -9999 -9999 -9999 -9999 0.03524123356766387 0.038032665920770516 0.03951182796594644 0.0374457047755316 0.03873479456165494 0.045664932064382636 0.041471696019972235 0.04021870082458543 0.031540338006541435 0.03659552296769196 0.038488748996815335 0.03834916593343655 0.03675499799529136 0.03594113366484769 0.03476689774205042 0.03544579452458861 0.0368114985271432 0.037846804373160466 0.037930238055366335 0.0364154260077238 0.036352642183587816 0.036927817280240895 0.03728713711225918 0.03562518401536835 0.0360862731041612 0.03793881053270005 0.0388474157831752 0.03413153765533943 -9999 -9999 -9999 -9999 -9999 -9999 -9999 -9999 -9999 -9999 -9999
-9999 -9999 -9999 -9999 -9999 -9999 -9999 -9999 -9999 -9999 -9999 -9999 0.0316682826149085 0.03627216276998267 0.036190797455228615 0.04418066789484338 0.039541535622253016 0.044136807074208015 0.04364726184248119 0.04166658955431606 0.04023174393440492 0.037328093293467916 0.036641413418838316 0.037505600623068014 0.037756457168250934 0.03643682241653212 0.037244867880320234 0.035952528461545466 0.03541947370857535 0.035676199492810985 0.03690356651509805 0.037861104555173435 0.03612026737894986 0.036747021032345235 0.03606600035987756 0.037379029233936815 0.03780583858036297 0.03863743271718822 0.03859774132475953 0.03703075806979789 0.036974325912372916 -9999 -9999 -9999 -9999 -9999 -9999 -9999 -9999 -9999 -9999 -9999
-9999 -9999 -9999 -9999 -9999 -9999 -9999 -9999 -9999 -9999 -9999 0.03662059871714463 0.035523393809702264 0.03254819814563769 0.03119657357454393 0.0385954287389396 0.03965251028974519 0.042669334931265394 0.04301599055737576 0.03912765684993636 0.03711205965588176 0.03905293593010245 0.03790789629522167 0.03662910097582045 0.03810735868556399 0.035968980336347635 0.03645034768134972 0.03591647503684387 0.03644368152595154 0.03601814242674884 0.03654928998271804 0.036992358357451335 0.03377399128013263 0.03529988350257145 0.03532680820555656 0.03745220573013765 0.039692845151892704 0.040439331312873535 0.03761754193481071 0.03432595915111527 -9999 -9999 -9999 -9999 -9999 -9999 -9999 -9999 -9999 -9999 -9999 -9999
-9999 -9999 -9999 -9999 -9999 -9999 -9999 -9999 -9999 -9999 0.04973993510675191 0.050073107096507065 0.04329579029091578 0.04063467504698733 0.04636869282020168 0.04383218469873778 0.043323684495786094 0.04094543396431607 0.042372503722492336 0.03707040726179025 0.036619832713708514 0.03666721605701865 0.0364196465133266 0.03591621530625709 0.03728688771508541 0.036019740397614436 0.03620549280917962 0.03555587266184654 0.03491488446618411 0.036026918844492765 0.03726013422024569 0.03758410087310175 0.03754623538088015 0.037270292210026534 0.03778895239272025 0.03868076887477001 0.03851758690277359 0.037653712045178235 0.036927977506006696 -9999 -9999 -9999 -9999 -9999 -9999 -9999 -9999 -9999 -9999 -9999 -9999 -9999
-9999 -9999 -9999 -9999 -9999 -9999 -9999 -9999 -9999 -9999 -9999 -9999 0.036341227524460985 0.04248062697895899 0.046113785078738166 0.04357154969319516 0.041055113580539614 0.03880384716471054 0.0385910893044857 0.0384624248171095 0.037806494447612936 0.036817034881960455 0.035823118608156124 0.03558872948329518 0.03582627594862016 0.035570702259741516 0.03619863006534013 0.035518503097676256 0.035656069712891904 0.0367032266577917 0.03801985156161973 0.03800653655097348 0.038472241111738484 0.03831994086213028 0.0387642322352621 0.03769083539505382 0.03877373279991481 0.035886168439501744 0.03729662031130883 0.0343204703328369 -9999 -9999 -9999 -9999 -9999 -9999 -9999 -9999 -9999 -9999 -9999 -9999
-9999 -9999 -9999 -9999 -9999 -9999 -9999 -9999 -9999 -9999 -9999 0.040530130328691225 0.044487758092195885 0.03688695592223006 0.04570239407041444 0.041412369929392095 0.03999031683299417 0.03997262943003158 0.03707295320480681 0.03664034053055271 0.0355124502401065 0.03516793113151958 0.036088423691157764 0.03467211347298391 0.03377171385896729 0.03425745126183195 0.03557144147979793 0.0356153850882474 0.0351636612815282 0.03635369655978093 0.03719347051558719 0.03650108290294287 0.037715137493219884 0.04023397117055755 0.04046285622777048 0.04039483658901759 0.040011887015958376 0.03908917793112983 0.036968581989453415 -9999 -9999 -9999 -9999 -9999 -9999 -9999 -9999 -9999 -9999 -9999 -9999 -9999
-9999 -9999 -9999 -9999 -9999 0.03232422274716016 0.0390770998942655 0.03459448744918317 0.02884122760925228 0.029128429003123013 0.032007551888905195 0.04346591333750911 0.04093914729537602 0.03744813133382923 0.03822998819951117 0.037539753926352976 0.034962976904525364 0.035657391452923355 0.032418635043739916 0.03311979273775015 0.03372226852227213 0.033949416421984395 0.03555508440448259 0.0342513443944585 0.03396481475561658 0.0346035309135938 0.0352869649163441 0.03612319530191757 0.035536383901697034 0.03488176721893898 0.03526565690650367 0.03663402123877825 0.03826579586394889 0.03899408609886891 0.03893604583663045 0.03785260504317379 0.036707406674220816 0.03522835752864717 -9999 -9999 -9999 -9999 -9999 -9999 -9999 -9999 -9999 -9999 -9999 -9999 -9999 -9999
-9999 -9999 -9999 -9999 0.037181183813771515 0.036998754088090606 0.031567748698550266 0.03882807204792875 0.042650244694862255 0.04103918337838098 0.04097371889115888 0.04204063308414264 0.036260306064772686 0.034818121944961415 0.033768715860936584 0.032993388511321366 0.030972750835331464 0.03090361611033132 0.030152114494367863 0.03078527887158313 0.033475799158492414 0.03530159520904541 0.031401891193622355 0.034776330757570466 0.03521393194085204 0.035276298534936586 0.03450191874014858 0.0338114368324511 0.0336462779825326 0.03390351326228008 0.034938575202091086 0.03908023684093055 0.04176527685164613 0.04062787861161826 0.0409176319843259 -9999 -9999 -9999 -9999 -9999 -9999 -9999 -9999 -9999 -9999 -9999 -9999 -9999 -9999 -9999 -9999 -9999
-9999 -9999 -9999 0.02626538593381729 0.03147090002594489 0.042902872793995364 0.03431885611992627 0.03991245306682061 0.03857481548826048 0.03539761366530054 0.034032491967627684 0.03463119086509072 0.03039460374295857 0.029082555031739742 0.028235863456915998 0.028922467764753407 0.02881371843833513 0.030918757068009974 0.032389978470811084 0.03368490627301363 0.03460893876375605 0.035999644135589336 0.03514881656087858 0.03568822591549592 0.03746426495736769 0.036787205615306254 0.034722696927926774 0.03472117156204713 0.03444162796489386 0.03329025603215903 0.03529294921785833 -9999 -9999 -9999 -9999 -9999 -9999 -9999 -9999 -9999 -9999 -9999 -9999 -9999 -9999 -9999 -9999 -9999 -9999 -9999 -9999 -9999
-9999 -9999 -9999 0.027385245502383724 0.02803289539336138 0.030068448012627556 0.037495123140230055 0.039123062775270584 0.03209684018084242 0.03542611272051088 0.03517158825315913 0.01640857165716916 0.016276065434329526 0.028598765079229125 0.02907721179572965 0.02873429842930152 0.029813742608248938 0.031000217977691594 0.031610866617831766 0.034427907046286364 0.03476094046842502 0.03481324799412761 0.03416823255550293 0.035519892859720736 0.03759045313841808 0.037375581164225485 0.0352000710666664 0.033837054118001066 0.03374915273853616 -9999 -9999 -9999 -9999 -9999 -9999 -9999 -9999 -9999 -9999 -9999 -9999 -9999 -9999 -9999 -9999 -9999 -9999 -9999 -9999 -9999 -9999 -9999
-9999 -9999 -9999 0.031860956450684826 0.03383605689171953 0.029151885052637206 0.030565398208599617 0.03896521557808688 0.03489285017627932 0.032002753895759746 0.03288131409185634 0.030657295665905426 0.03333225749456745 0.030182207949604464 0.028531155202136362 0.02997783047764054 0.029921459682216864 0.03113072601782192 0.033097449330846115 0.033992802087603705 0.034187210702256304 0.0337625975594217 0.03417170924725354 0.036277245953737165 0.03786130780123488 0.0361507001891655 0.037675933786436674 0.041791211741016535 -9999 -9999 -9999 -9999 -9999 -9999 -9999 -9999 -9999 -9999 -9999 -9999 -9999 -9999 -9999 -9999 -9999 -9999 -9999 -9999 -9999 -9999 -9999 -9999
-9999 -9999 -9999 0.029748129938370612 0.02979815887570592 0.029136181977371507 0.029466748826745038 0.029687529356182293 0.02960207466640598 0.03370648227233112 0.03352751065388339 0.034031409622643845 0.03388980344465207 0.03162788791162239 0.030900158052454326 0.030253477455939193 0.029549266295437495 0.0307005303881732 0.032022298122762034 0.033267028866243414 0.030753916277203606 0.03255812659193248 0.03437957242926253 0.03489300839412442 0.03563539154802614 0.033654063903767066 0.034282925719449776 -9999 -9999 -9999 -9999 -9999 -9999 -9999 -9999 -9999 -9999 -9999 -9999 -9999 -9999 -9999 -9999 -9999 -9999 -9999 -9999 -9999 -9999 -9999 -9999 -9999
-9999 -9999 -9999 -9999 0.03440145977416464 0.0397951908462535 0.039342276087449064 0.03796265895100589 0.0385893003536327 0.04084357018682218 0.04013567072806961 0.036661060405907095 0.035871320366910694 0.033446467141904544 0.03176168313604116 0.03004213066342745 0.0308204951004942 0.03245086449409406 0.03331293424734787 0.03320236942020111 0.03402742327387475 0.03666895546619285 0.03744892640503538 0.0353233510180446 -9999 -9999 -9999 -9999 -9999 -9999 -9999 -9999 -9999 -9999 -9999 -9999 -9999 -9999 -9999 -9999 -9999 -9999 -9999 -9999 -9999 -9999 -9999 -9999 -9999 -9999 -9999 -9999
-9999 -9999 -9999 -9999 0.033837420380446064 0.04019858195705912 0.0408707057604641 0.037184257592286905 0.037716308070318096 0.037506142489290586 0.04001027275022638 0.039670133118470126 0.036390248294391137 0.034720857813026515 0.033787486677022784 0.030303780633734463 0.031049509585492963 0.03299755186120383 0.03368732996385849 0.03595919434749212 0.03737735944257868 0.0371733217251368 0.035068805191539265 0.033104982267648034 0.03552619828087252 -9999 -9999 -9999 -9999 -9999 -9999 -9999 -9999 -9999 -9999 -9999 -9999 -9999 -9999 -9999 -9999 -9999 -9999 -9999 -9999 -9999 -9999 -9999 -9999 -9999 -9999 -9999
