metrics/grid_rasters/SMAP L4/grideval_SMAP L4_X_spring_2018_absolute_bias.asc
ncols 52
nrows 55
xllcorner     11.25
yllcorner     55.25
cellsize      0.25
NODATA_value  -9999
[rows 0 to 26 of 55, columns 0 to 51 of 52]
-9999 -9999 -9999 -9999 -9999 -9999 -9999 -9999 -9999 -9999 -9999 -9999 -9999 -9999 -9999 -9999 -9999 -9999 -9999 -9999 -9999 -9999 -9999 -9999 -9999 -9999 -9999 -9999 -9999 -9999 -9999 -9999 -9999 -9999 -9999 -9999 0.013549296752266238 -0.017197005916386843 -0.07963861209218914 -9999 -9999 -9999 -9999 -9999 -9999 -9999 -9999 -9999 -9999 -9999 -9999 -9999
-9999 -9999 -9999 -9999 -9999 -9999 -9999 -9999 -9999 -9999 -9999 -9999 -9999 -9999 -9999 -9999 -9999 -9999 -9999 -9999 -9999 -9999 -9999 -9999 -9999 -9999 -9999 -9999 -9999 -9999 -9999 -9999 -9999 -9999 -9999 -9999 0.018435838672777868 -0.004395069493709658 -0.014719887758078753 -0.04435742816523364 -0.11212186588217382 -0.11052167334634323 -9999 -9999 -9999 -9999 -9999 -9999 -9999 -9999 -9999 -9999
-9999 -9999 -9999 -9999 -9999 -9999 -9999 -9999 -9999 -9999 -9999 -9999 -9999 -9999 -9999 -9999 -9999 -9999 -9999 -9999 -9999 -9999 -9999 -9999 -9999 -9999 -9999 -0.007070409417476331 -0.024288055810915418 -0.054079921673173485 -0.08680170094189438 -0.06388477161121757 -0.06480438501128682 -0.0365838496743337 -9999 -0.02499595448455733 -0.005046936359418497 -0.02120075719026121 -0.08443043885104684 -0.10396432991989928 -0.09987630512889313 -0.09966141214270308 -0.1052125046515594 -0.10252871704490288 -0.10766316966518114 -0.10480701722933547 -9999 -9999 -9999 -9999 -9999 -9999
-9999 -9999 -9999 -9999 -9999 -9999 -9999 -9999 -9999 -9999 -9999 -9999 -9999 -9999 -9999 -9999 -9999 -9999 -9999 -9999 -9999 -9999 -9999 -9999 -9999 -9999 -9999 -0.01036796483980573 -0.004980981795360218 0.001761602885697211 0.009103333456036809 0.0021096217324552136 -0.04041541837479756 -0.07991794270017874 -0.06673028113563423 -0.06483064516973885 -0.06054658307086511 -0.07567566442910742 -0.0876455433545229 -0.10543189463003176 -0.103018620253905 -0.10318130858080546 -0.10876305818395768 -0.11401242418619599 -0.1031283574057338 -0.11312183824813235 -0.10957710562354847 -0.10761008437965874 -9999 -9999 -9999 -9999
-9999 -9999 -9999 -9999 -9999 -9999 -9999 -9999 -9999 -9999 -9999 -9999 -9999 -9999 -9999 -9999 -9999 -9999 -9999 -9999 -9999 -9999 -0.0026985534021388147 -0.01260492906136357 -0.008949231234905486 -0.03480195938407077 -0.016230486211893325 -0.006863827088280872 -0.0006799927062314802 0.005843942499031196 0.0033902272420084922 -0.04607501775836165 -0.03772426362189907 -0.08418189134934675 -0.06928706436377502 -0.05360802258972239 -0.07419049008951886 -0.07940913420980393 -0.08728971271573205 -0.09715479586030476 -0.10431759456253567 -0.10420648010609587 -0.10822650415660896 -0.11249926095099556 -0.1182357355263894 -0.12836596699755476 -0.1184042203442558 -0.1186790755625976 -0.116599695412847 -9999 -9999 -9999
-9999 -9999 -9999 -9999 -9999 -9999 -9999 -9999 -9999 -9999 -9999 -9999 -9999 -9999 -9999 -9999 -9999 -9999 -9999 -9999 -9999 -0.0130982537065511 -0.008330676704645157 0.004698560208730052 -0.014302032959202071 -0.022430281114319103 -0.021890458448425576 0.004549354922188331 0.00687975189446105 0.0028062142107797556 -0.023868113351256937 -0.05154280548753298 -0.05291694771174504 -0.1042082731247596 -0.0916721824070682 -0.07637497070042981 -0.08657432888108105 -0.08960176913229664 -0.09692302421140278 -0.11397982143756485 -0.11113583822937116 -0.10813340192417734 -0.11632415836514985 -0.1210409009262272 -0.12443830641796405 -0.12678285418888147 -0.11205655372823063 -0.11762640410629305 -0.11516149698392204 -9999 -9999 -9999
-9999 -9999 -9999 -9999 -9999 -9999 -9999 -9999 -9999 -9999 -9999 -9999 -9999 -9999 -9999 -9999 -9999 -9999 -9999 -9999 -0.00733483607030433 0.007788672192913015 -0.0010253910947105036 -0.0018830443125056329 -0.01187267737544101 -0.001851432916262885 0.0014542480525763235 -0.014148704667130254 -0.01288061564707238 -0.029103344508811187 -0.06447912752628326 -0.1042452390791605 -0.10576080543029567 -0.10563020547851916 -0.4509964537118441 -0.095991055643105 -0.09882212031389707 -0.10453970183658856 -0.12387478993395752 -0.12378758673920577 -0.12306809963901405 -0.12220228700291205 -0.5080679746790101 -0.5100896635659686 -0.12438506999498478 -0.5007416795453299 -0.4996308245817605 -0.4996830753415176 -0.4995765264307999 -0.4994686952508662 -9999 -9999
-9999 -9999 -9999 -9999 -9999 -9999 -9999 -9999 -9999 -9999 -9999 -9999 -9999 -9999 -9999 -9999 -9999 -9999 -9999 -9999 -9999 -0.00840137566885224 -0.007537130063966556 0.002626056094532425 -0.001941243672500481 -0.004162973805290182 -0.02533929240282462 -0.07206132451234304 -0.12175208301809815 -0.08876410229941423 -0.04889037634205557 -0.1119767123752314 -0.1204873116929894 -0.11215330299961827 -0.10574290186733654 -0.4885773263750194 -0.1149003644190405 -0.11775027596108292 -0.1271497464698294 -0.12758157997513594 -0.12801189503996915 -0.1291378004597905 -0.12919943390981012 -0.5132085671243459 -0.5085181829964985 -0.5004046547793499 -0.4986810369376578 -0.5006362474725946 -0.5024623201714586 -9999 -9999 -9999
-9999 -9999 -9999 -9999 -9999 -9999 -9999 -9999 -9999 -9999 -9999 -9999 -9999 -9999 -9999 -9999 -9999 -9999 -9999 0.003985275838362168 0.003985318233785451 -0.0031242536218917816 -0.010543825793201513 -0.01983841419543908 -0.04796198225053755 -0.1177474052807235 -0.12181061058831608 -0.12352855714119 -0.11886420155591935 -0.11871266992681699 -0.1205708873255745 -0.12648343317129687 -0.12653777774666314 -0.11402501769201916 -0.1128002842483313 -0.4973614002861407 -0.11965085219834805 -0.12821392868847953 -0.13277483490579153 -0.13266586103355107 -0.12867564191717815 -0.13062309111347015 -0.1263842852988645 -0.12827086491186335 -0.5077244351496515 -0.1251883861284865 -0.12080326992208545 -0.1247413171981664 -0.5038962494581938 -0.5026746068919159 -0.12073870584287726 -9999
-9999 -9999 -9999 -9999 -9999 -9999 -9999 -9999 -9999 -9999 -9999 -9999 -9999 -9999 -9999 -9999 -9999 -9999 0.008900952363467773 0.006439866417128126 -0.012034474062206979 -0.029709259776965424 -0.08262951453418832 -0.11353626096135247 -0.12286747832094196 -0.1161407927942017 -0.11002026297880907 -0.09379242417281086 -0.09543538941880284 -0.11217208943613194 -0.10891377972438933 -0.11519841902443895 -0.11275488743558525 -0.11720696148341116 -0.11940009438473242 -0.12354190823743524 -0.1247503378873934 -0.12353820203924952 -0.12063244580412688 -0.1229369154645373 -0.1255167499791993 -0.12596949013759906 -0.12710160280213406 -0.12550855496817312 -0.1245243101704704 -0.11964694627196246 -0.12081711081302038 -0.12316336073791205 -0.11333533475661407 -0.1134813711371111 -0.11220512460188373 -9999
-9999 -9999 -9999 -9999 -9999 -9999 -9999 -9999 -9999 -9999 -9999 -9999 -9999 -9999 -9999 -9999 -9999 0.006860212908814778 -0.007574660379601583 -0.07910022694293573 -0.09859036089366546 -0.1037447314061548 -0.10392711410784852 -0.11899718251484245 -0.11743210697465616 -0.11892188688659147 -0.11162737669909127 -0.11478450507654447 -0.11792237429029265 -0.11548549236486788 -0.11305697489043942 -0.11247328919884952 -0.11569412955609353 -0.11751837333988235 -0.12203934495134848 -0.12324700057101635 -0.12214279490644515 -0.12087164462908455 -0.12131627217825988 -0.1231752354449228 -0.505884609428113 -0.503688854408329 -0.12064163000120418 -0.12456745231200173 -0.11976661373172764 -0.11820442725539855 -0.11927857934294832 -0.1204267569169726 -0.11353163297652548 -0.11534154826127314 -9999 -9999
-9999 -9999 -9999 -9999 -9999 -9999 -9999 -9999 -9999 -9999 -9999 -9999 -9999 -0.013934134789135131 -0.003145936147674277 0.00878607210419752 0.007420220128867948 0.0003298750633130565 -0.003936181978686948 -0.008381390863138716 -0.04161245748400688 -0.08638148631333659 -0.10629171849754844 -0.10355767887085676 -0.1146279450546464 -0.10116796756325208 -0.11364085476278613 -0.11767538746252007 -0.1211165874062673 -0.11840337723412588 -0.11513315410474716 -0.1151829043646222 -0.10893756153223956 -0.12156807667697254 -0.119360386495195 -0.11102417621599593 -0.1172115094959736 -0.117848990606549 -0.11734993984598828 -0.10789471500269747 -0.10713463410249223 -0.1088053226551932 -0.1127126991910779 -0.1172078200818404 -0.1251132299354219 -0.5043896408346684 -0.4990497432122736 -0.5000883778152259 -0.1234169671838374 -0.4997932648124254 -0.490485680653997 -9999
-9999 -9999 -9999 -9999 -9999 -9999 -9999 -9999 -9999 -9999 -9999 -9999 -9999 0.0030935270630795264 -0.0036458662589606843 -0.056372662844217374 -0.10002030677202606 -0.0994772855799807 -0.0890596633696038 -0.05103871038021601 -0.09856494145629847 -0.1091338935834558 -0.10711550267170304 -0.0913476762766747 -0.10430616166685586 -0.11276494707588268 -0.11316331394988555 -0.11479799184219347 -0.11916852177566163 -0.12097644083120898 -0.1168482740936072 -0.11370857481075368 -0.1169423767486992 -0.11369994410273175 -0.11271463107803595 -0.1125350831400441 -0.10725430723117747 -0.10834081748338496 -0.11177046426936338 -0.10539281339911016 -0.10247943675874367 -0.1066367102827391 -0.10611759160604814 -0.11329580347418135 -0.4933106594354562 -0.11985298406089777 -0.12255392087947416 -0.12635595258325338 -0.12827954228724472 -0.12672577865178816 -0.11866531610164956 -0.0725925106798177
-9999 -9999 -9999 -9999 -9999 -9999 -9999 -9999 -9999 -9999 -9999 -9999 -9999 -0.005796041501604954 -0.07466262580988847 -0.09832701704505348 -0.09428957993488596 -0.0990016418711647 -0.10800316618026597 -0.1023436170678748 -0.0861537758179981 -0.10199689652527802 -0.10174561206899256 -0.09869033725851256 -0.10654146052168116 -0.11658972924899147 -0.1165476488961798 -0.11973657574423628 -0.11822108379767644 -0.1195441077908744 -0.118543042153444 -0.12366878567263488 -0.1150698086408817 -0.1134087811831547 -0.11812475882470608 -0.11414225772023205 -0.11282428882449215 -0.11311618032176855 -0.11053067445755008 -0.1056136352657948 -0.10247811395674944 -0.09950081951430312 -0.11079989711794516 -0.12426618004784636 -9999 -9999 -9999 -9999 -9999 -9999 -9999 -9999
-9999 -9999 -9999 -9999 -9999 -9999 -9999 -9999 -9999 -9999 -9999 -9999 -9999 -0.07887749501463515 -0.09543795831015578 -0.09782136045396328 -0.08740813007740225 -0.10289580652328288 -0.10546593349831908 -0.10344830151323388 -0.10089954211498088 -0.10282708502010156 -0.10139744825985124 -0.10522803103389296 -0.11124428973087797 -0.1114162494954856 -0.11318161421576915 -0.11286853316604445 -0.11310854811302345 -0.11948786578748535 -0.11784288268941252 -0.11996496978985227 -0.11471843253821135 -0.11452292075947575 -0.11506209030504458 -0.11782388798082648 -0.11090587727401567 -0.11384093265413593 -0.1148478689644 -0.1163068210463161 -0.011905774960051407 -9999 -9999 -9999 -9999 -9999 -9999 -9999 -9999 -9999 -9999 -9999
-9999 -9999 -9999 -9999 -9999 -9999 -9999 -9999 -9999 -9999 -9999 -9999 -0.0031271408433499732 -0.06897601278741727 -0.07470638576247117 -0.07596048425235177 -0.07617176451679805 -0.10989247687646878 -0.10822139036558244 -0.1062930286254572 -0.10495900502428417 -0.09931796951138452 -0.09308033124746187 -0.09984617660065057 -0.09962130080827553 -0.1040037079592762 -0.11020982433515401 -0.10991031856721513 -0.1104566733069394 -0.1136606071225327 -0.11313683742090412 -0.11172083084997922 -0.1066416801034432 -0.10690075647004924 -0.11188273024542823 -0.10909074459872817 -0.11153992034656847 -0.1159119643068508 -0.12542663253438865 -0.1146630938974736 -0.12009841175344975 -9999 -9999 -9999 -9999 -9999 -9999 -9999 -9999 -9999 -9999 -9999
-9999 -9999 -9999 -9999 -9999 -9999 -9999 -9999 -9999 -9999 -9999 -0.0967525990436906 -0.06346944636543811 -0.052657682772563885 -0.048564683726948284 -0.08854741141524003 -0.07961920792560864 -0.10612853430211544 -0.1107636302223672 -0.1116088071392606 -0.11148221440532284 -0.10640653844355888 -0.10205637857965802 -0.07775087616122932 -0.10397790821836043 -0.1038763491315362 -0.10786877376148883 -0.10645979620597283 -0.10982752870768306 -0.11062502583650792 -0.1111617759882432 -0.112031870946774 -0.1028644760625194 -0.10549123601421063 -0.11032823378058232 -0.10613121092319493 -0.12207905632322248 -0.12683873016225256 -0.12679183062004004 -0.13550165801754466 -9999 -9999 -9999 -9999 -9999 -9999 -9999 -9999 -9999 -9999 -9999 -9999
-9999 -9999 -9999 -9999 -9999 -9999 -9999 -9999 -9999 -9999 -0.07904061531324102 -0.09904124808457232 -0.10439079309530233 -0.1047621208809964 -0.10110181316976316 -0.0980638874411259 -0.09987322726975316 -0.11149227082648352 -0.10686960648340374 -0.09533665430448623 -0.1133583371082078 -0.10569798547531599 -0.1025620934796398 -0.10167547070380786 -0.11361773403199467 -0.11575731997499646 -0.1200311975148709 -0.11364919937256238 -0.10723107990444353 -0.10876311410380447 -0.11089205956491438 -0.1083080695496629 -0.1097883127184342 -0.11045123011116743 -0.11425128356432138 -0.11992216134524865 -0.11785841140005253 -0.12140421986417925 -0.1229110014948832 -9999 -9999 -9999 -9999 -9999 -9999 -9999 -9999 -9999 -9999 -9999 -9999 -9999
-9999 -9999 -9999 -9999 -9999 -9999 -9999 -9999 -9999 -9999 -9999 -9999 -0.046360885643440715 -0.10028713332165196 -0.0934853555796587 -0.0950122492225922 -0.1079754721292335 -0.11385179304963222 -0.1137317078512 -0.11362893472466135 -0.09808504854774347 -0.1044610129547832 -0.10145179759306104 -0.10341173311209548 -0.11182641906096882 -0.11398455247525932 -0.11665836302563545 -0.1139458939433098 -0.1137991190240111 -0.11649518466109167 -0.11079246405026186 -0.11229014510045883 -0.11099654164813136 -0.11811572920693005 -0.12026149425250683 -0.12492210569831992 -0.11974006142143324 -0.11642856918194368 -0.12238268758696705 -0.1333826224765052 -9999 -9999 -9999 -9999 -9999 -9999 -9999 -9999 -9999 -9999 -9999 -9999
-9999 -9999 -9999 -9999 -9999 -9999 -9999 -9999 -9999 -9999 -9999 -0.054358351449279696 -0.08078387689412292 -0.07241211659477459 -0.10578831637521152 -0.0971712199566157 -0.0950386961112204 -0.10401168830044892 -0.1027910939377287 -0.1025526046186038 -0.1016241437553064 -0.0997981984249276 -0.09812151899804243 -0.0950135918860526 -0.09938873083371186 -0.10159290426046302 -0.1028584597794258 -0.10863721014364904 -0.1076325742203904 -0.10869182901375968 -0.1099674558347982 -0.111298554091026 -0.11697829927763212 -0.11972445958172498 -0.1245031015259092 -0.13062119295658622 -0.13945069609452845 -0.1374791980235149 -0.13621198912353616 -9999 -9999 -9999 -9999 -9999 -9999 -9999 -9999 -9999 -9999 -9999 -9999 -9999
-9999 -9999 -9999 -9999 -9999 -0.034701878690849175 -0.0985057535176368 -0.06615749497533491 -0.021808699421260624 -0.010633110453415195 -0.006465085174726382 -0.09640240205613816 -0.09748228054250713 -0.1024628760819526 -0.10455264732160643 -0.4792550115076745 -0.10069429204272837 -0.10962041343926736 -0.09560698635228304 -0.0991232796045749 -0.09720586339497696 -0.0958959304160722 -0.10748175808997908 -0.09854479277830412 -0.09659416141474376 -0.09677928981735652 -0.10019557526254136 -0.10550513764357436 -0.1049058541007664 -0.10462472417756268 -0.10713444388997942 -0.10950472669513978 -0.11318367156807492 -0.11509147195307455 -0.11619596432327578 -0.12923012108987442 -0.13659035657411034 -0.1328191252263344 -9999 -9999 -9999 -9999 -9999 -9999 -9999 -9999 -9999 -9999 -9999 -9999 -9999 -9999
-9999 -9999 -9999 -9999 -0.06429469024600543 -0.02153963915517798 -0.0051521905900343565 -0.09347926934614127 -0.10627780798012798 -0.10158334806075564 -0.10478285691984324 -0.10540698796672662 -0.0911575698941622 -0.08640847867354752 -0.07319453320182538 -0.0942008003147076 -0.08775608188918105 -0.08907038714412763 -0.08357371673311878 -0.08689479406356165 -0.0924894181687547 -0.0905137150143476 -0.08483430405106884 -0.09553982916733494 -0.09892466953834113 -0.1020393305984528 -0.09717469336465 -0.09388914269030743 -0.0954381115127193 -0.09445370753984088 -0.09747817148656948 -0.12495643382325122 -0.1272627047425055 -0.12225423710744668 -0.12387720641234645 -9999 -9999 -9999 -9999 -9999 -9999 -9999 -9999 -9999 -9999 -9999 -9999 -9999 -9999 -9999 -9999 -9999
-9999 -9999 -9999 0.1097791895027394 -0.05998189692668944 -0.10457255527296144 -0.029751359970997208 -0.08219784973999078 -0.08209357258823255 -0.08060786622050017 -0.07305849813248802 -0.060020756340869084 -0.05021164892241359 -0.06835104711353779 -0.07794077319862402 -0.07190894825465005 -0.07443463077525728 -0.08346781000980866 -0.08600988943615688 -0.08731701927583503 -0.09111814030810543 -0.08867312095168492 -0.08296871175179663 -0.08316084938933671 -0.09316214560733543 -0.09900298068785797 -0.08751178636094148 -0.08931241961924928 -0.09046659027428733 -0.10142367699628936 -0.10834870017741037 -9999 -9999 -9999 -9999 -9999 -9999 -9999 -9999 -9999 -9999 -9999 -9999 -9999 -9999 -9999 -9999 -9999 -9999 -9999 -9999 -9999
-9999 -9999 -9999 0.0992720266196715 0.13032901750715528 -0.03147715959778946 -0.06901814191318723 -0.05552833788501826 -0.00708565267774719 -0.07858049381605309 -0.09167493758318217 -0.07955352684644901 -0.06719311112133057 -0.07581466043610938 -0.07106590710337396 -0.06839832679732988 -0.07199317947758932 -0.07741688730438118 -0.08695183601230383 -0.0835689097116499 -0.08027957084224277 -0.07553477654152592 -0.0791221771227277 -0.08078388177344334 -0.08732092805692684 -0.08779235708567759 -0.08374082337579003 -0.08984880090650657 -0.09465329065594982 -9999 -9999 -9999 -9999 -9999 -9999 -9999 -9999 -9999 -9999 -9999 -9999 -9999 -9999 -9999 -9999 -9999 -9999 -9999 -9999 -9999 -9999 -9999
-9999 -9999 -9999 0.07247251808724325 -0.0008486728588847914 0.00473641308591416 -0.016058769947646708 -0.07314414237423439 -0.07404605098797573 -0.06028559502295178 -0.07948360314754688 -0.0780790766053226 -0.07757410334180231 -0.0753382163972634 -0.07136139000320563 -0.07375505872313745 -0.07308298177288278 -0.07455829014677717 -0.08410483902401253 -0.08012920692967979 -0.07429269018947429 -0.07101084694833212 -0.08009062928107119 -0.08574950178761195 -0.08367302884226258 -0.08571818404142623 -0.09787909688590016 -0.13533036995922093 -9999 -9999 -9999 -9999 -9999 -9999 -9999 -9999 -9999 -9999 -9999 -9999 -9999 -9999 -9999 -9999 -9999 -9999 -9999 -9999 -9999 -9999 -9999 -9999
-9999 -9999 -9999 0.1129782247033132 0.006051096437579896 0.01385601269810094 0.024271017892043282 0.041713277930798716 -0.005393160831021204 -0.08044369931778184 -0.08244470336838905 -0.10422098355205807 -0.08867492771747967 -0.07775543016665007 -0.07660893899510088 -0.07606202859998397 -0.0754407155732422 -0.07267584923006917 -0.08697455254909786 -0.07749092655823284 -0.07115663800631528 -0.07604352704694736 -0.08500217976372526 -0.0914201571241669 -0.0912302969145062 -0.09987916603036548 -0.09933929222271497 -9999 -9999 -9999 -9999 -9999 -9999 -9999 -9999 -9999 -9999 -9999 -9999 -9999 -9999 -9999 -9999 -9999 -9999 -9999 -9999 -9999 -9999 -9999 -9999 -9999
-9999 -9999 -9999 -9999 -0.029675365040969626 -0.09695915505290033 -0.1016088242683074 -0.0932001610003088 -0.10799753305542728 -0.10217650242797707 -0.10937763005495073 -0.09160967361505916 -0.10777238659236743 -0.09706974217830144 -0.08627652621868509 -0.08264697626557041 -0.08421966105537568 -0.08526161709881347 -0.08552633223893201 -0.07873826399040612 -0.07482999630029435 -0.0842488900069957 -0.09213950438424948 -0.0939367557470889 -9999 -9999 -9999 -9999 -9999 -9999 -9999 -9999 -9999 -9999 -9999 -9999 -9999 -9999 -9999 -9999 -9999 -9999 -9999 -9999 -9999 -9999 -9999 -9999 -9999 -9999 -9999 -9999
