metrics/grid_rasters/SMAP L4/grideval_SMAP L4_X_fall_2016_absolute_pearson_r.asc
ncols 52
nrows 55
xllcorner     11.25
yllcorner     55.25
cellsize      0.25
NODATA_value  -9999
[rows 0 to 28 of 55, columns 0 to 51 of 52]
-9999 -9999 -9999 -9999 -9999 -9999 -9999 -9999 -9999 -9999 -9999 -9999 -9999 -9999 -9999 -9999 -9999 -9999 -9999 -9999 -9999 -9999 -9999 -9999 -9999 -9999 -9999 -9999 -9999 -9999 -9999 -9999 -9999 -9999 -9999 -9999 0.6352653539617727 0.4406207693944271 0.4494348685930652 -9999 -9999 -9999 -9999 -9999 -9999 -9999 -9999 -9999 -9999 -9999 -9999 -9999
-9999 -9999 -9999 -9999 -9999 -9999 -9999 -9999 -9999 -9999 -9999 -9999 -9999 -9999 -9999 -9999 -9999 -9999 -9999 -9999 -9999 -9999 -9999 -9999 -9999 -9999 -9999 -9999 -9999 -9999 -9999 -9999 -9999 -9999 -9999 -9999 0.5580550126725354 0.5108949121852953 0.5509934397484635 0.6909230814329327 0.6312358379908077 0.6376705515315182 -9999 -9999 -9999 -9999 -9999 -9999 -9999 -9999 -9999 -9999
-9999 -9999 -9999 -9999 -9999 -9999 -9999 -9999 -9999 -9999 -9999 -9999 -9999 -9999 -9999 -9999 -9999 -9999 -9999 -9999 -9999 -9999 -9999 -9999 -9999 -9999 -9999 0.3400054795577361 0.7183120099213737 0.8504375990947759 0.8248435883201272 0.7179422311990984 0.6209901621464535 0.5540160247054221 -9999 0.15210047474718785 0.2257170503775145 0.4465696123870463 0.5789217331576421 0.6738854219884232 0.6994929024961092 0.6648444758214528 0.6411051721514749 0.6578492785436854 0.5887929964934073 0.5502559410169681 -9999 -9999 -9999 -9999 -9999 -9999
-9999 -9999 -9999 -9999 -9999 -9999 -9999 -9999 -9999 -9999 -9999 -9999 -9999 -9999 -9999 -9999 -9999 -9999 -9999 -9999 -9999 -9999 -9999 -9999 -9999 -9999 -9999 0.9192682441142371 0.9120982811454674 0.7475162246053737 0.4989652983606813 0.5455384696226893 0.4476720341534039 0.35988107175119344 0.1709393109854382 0.2505395012164716 0.2199785530080026 0.3636398018150787 0.5098117730856213 0.4809436593024514 0.4981487062362556 0.4280707169852765 0.4011729399636311 0.3696360657047907 0.5605112001611181 0.4118463453802015 0.4652833335677876 0.4476182366655084 -9999 -9999 -9999 -9999
-9999 -9999 -9999 -9999 -9999 -9999 -9999 -9999 -9999 -9999 -9999 -9999 -9999 -9999 -9999 -9999 -9999 -9999 -9999 -9999 -9999 -9999 0.8139860842691837 0.6913550309135557 0.7976218654201738 0.8572934708352886 0.8954422832128346 0.8950516130831656 0.8962368156547207 0.6686473664641229 0.4136738370074325 0.4572288653538637 0.25723071734978553 0.2663756090653981 0.1911551914769014 0.12440232367820728 0.35253691311715996 0.4063488985564111 0.4601660595050521 0.5314706980028636 0.4535066653156226 0.3402847205094368 0.29671057740795315 0.3733323004976129 0.36679842965561815 0.13303873024258195 0.3785638776665965 0.4103239206818433 0.4062158917236301 -9999 -9999 -9999
-9999 -9999 -9999 -9999 -9999 -9999 -9999 -9999 -9999 -9999 -9999 -9999 -9999 -9999 -9999 -9999 -9999 -9999 -9999 -9999 -9999 0.8522133130430454 0.8110178030957023 0.8793122003291904 0.7022548379488941 0.7664362590597064 0.8919144415321794 0.7402918656899822 0.6055303471632796 0.4224548076374791 0.2504619190577439 0.2416021648963726 0.22348601231224005 0.29323949910455105 0.19184644145869767 0.28843202376730914 0.4571624683322689 0.4914805525236582 0.5242824825723358 0.5149573788697314 0.5159589171095027 0.42714675088083065 0.3248668650801805 0.3121518851088556 0.2163849829340876 0.09613011422221013 0.2959079810942093 0.4651290012854834 0.4746504906170031 -9999 -9999 -9999
-9999 -9999 -9999 -9999 -9999 -9999 -9999 -9999 -9999 -9999 -9999 -9999 -9999 -9999 -9999 -9999 -9999 -9999 -9999 -9999 0.8892342415254484 0.9006314464811971 0.907439369849988 0.8810505586142485 0.9424209744426174 0.9394830796695891 0.8964408300320359 0.7228720720405939 0.7423419436228699 0.7203718841419964 0.5933128345707898 0.3861763257810808 0.21874505093002927 0.3028024585174486 0.1794735070624971 0.4461655189546302 0.6058324148554433 0.6537845146603609 0.5522004159674399 0.6832972872574481 0.6680529809768163 0.573187561832648 -0.12277176328687694 -0.2393168350644925 0.40657338796498543 -0.1255671864534469 -0.108260291628063 -0.16195718601452275 -0.22385690432197908 -0.3052377173902402 -9999 -9999
-9999 -9999 -9999 -9999 -9999 -9999 -9999 -9999 -9999 -9999 -9999 -9999 -9999 -9999 -9999 -9999 -9999 -9999 -9999 -9999 -9999 0.878080580581132 0.7758974890248249 0.7078239391579766 0.7750643868275017 0.8778749408753415 0.6416749857609216 0.36476117096022576 0.3690776438478828 0.477278326206654 0.470937568587068 0.2511720551269911 0.1460155926309043 0.3665892914770347 0.4544061317881639 0.2405520993532976 0.5397565926330612 0.6382384529444335 0.5725574563748537 0.6644954703824273 0.6490030042642783 0.544580804490505 0.4560999904683945 -0.19270844722470692 -0.20642444834409707 -0.07756261554909832 -9999 -9999 -0.2184308044553908 -9999 -9999 -9999
-9999 -9999 -9999 -9999 -9999 -9999 -9999 -9999 -9999 -9999 -9999 -9999 -9999 -9999 -9999 -9999 -9999 -9999 -9999 0.8374215717739733 0.7835636422439554 0.7283568908665721 0.4594262762865649 0.4315126790534959 0.5603881919749303 0.6891750215939187 0.38167356172011396 0.5032046323800357 0.6827054477195014 0.6219029920871341 0.5843208822536107 0.525390331382011 0.4889814386375052 0.5148329799675562 0.493987687365328 0.1720603841688585 0.5135909676720813 0.5463368318827422 0.5414240548921614 0.5988900686433307 0.6433952796625346 0.591337985056023 0.5767910083863843 0.5281649190773775 -0.1097664364013872 0.29649709374015165 0.5358939152069482 0.5037377230631535 -9999 -0.12138972241890986 0.3844885735999435 -9999
-9999 -9999 -9999 -9999 -9999 -9999 -9999 -9999 -9999 -9999 -9999 -9999 -9999 -9999 -9999 -9999 -9999 -9999 0.7637828962166777 0.8213689127141742 0.4895733529732598 0.31544146613265683 0.23289439618027624 0.20189531009037828 0.07479222403649388 0.2354078712017799 -9999 0.7444665020485931 0.7857789360237626 0.6691057634498531 0.6719488613674964 0.5886983522727458 0.5840649118165577 0.5304362534884821 0.5358633395093892 0.4090656580411392 0.4288348490499916 0.4886468001441557 0.5507167838113521 0.5733235293396267 0.6069130739683679 0.5633500279678576 0.4549376795143056 0.4847901446301123 0.40936490927433344 0.4195469864809628 0.4578525193584925 0.4367204776160132 0.5680141087616322 0.5679953566651482 0.521925588858845 -9999
-9999 -9999 -9999 -9999 -9999 -9999 -9999 -9999 -9999 -9999 -9999 -9999 -9999 -9999 -9999 -9999 -9999 0.8561995132446805 0.8297408845382293 0.7948205699354415 0.433703039319416 0.218638417266871 0.13244913029436706 0.2992538469049051 0.2195433892223067 0.11896330537938835 0.21282875541205032 0.6358612650479265 0.6568159999991223 0.6816810117914109 0.6657613061516843 0.6436753961630751 0.6155112253771298 0.5870811245180036 0.5509028055005556 0.4915651871795278 0.4585695924316929 0.4911105243507979 0.5585390219451378 0.5205030874572096 -9999 -9999 0.44918965080042506 0.3932425669407337 0.44321897505014174 0.3942254282248904 0.42412596667922603 0.4062235651425436 0.4664609023113013 0.5164896729068266 -9999 -9999
-9999 -9999 -9999 -9999 -9999 -9999 -9999 -9999 -9999 -9999 -9999 -9999 -9999 0.8928792677522268 0.9142962550286696 0.9221974164856144 0.8577970385268677 0.7986755390262175 0.6852525671701912 0.4240549410473949 0.3116302889205303 0.2020370844248397 0.09033720676411608 0.2460186912780536 0.1878684290732603 0.17774044819177592 0.4888086614517344 0.5949699114772073 0.6743665864354131 0.6961382201910722 0.6587610015024732 0.6119533051382089 0.6419426754998192 0.5394640046791479 0.5094899603876148 0.5148718407389508 0.5653103398469189 0.5730630785336426 0.5530706355750732 0.614333441040163 0.5658180532818639 0.4503600483842717 0.37531093289425055 0.3764406425313744 0.3715527595237112 0.12194363743920406 0.2379291343375807 0.2726664929082505 0.4718553469079883 0.41959169396154783 0.4980705926299534 -9999
-9999 -9999 -9999 -9999 -9999 -9999 -9999 -9999 -9999 -9999 -9999 -9999 -9999 0.9401006096375788 0.9277387821734888 0.7958854309746486 0.8095533207237637 0.5519817340887445 0.4192249028678993 0.3247638331797392 0.4998001897050177 0.5516861261635244 0.5278676706876884 0.5524802642508994 0.5602285380083847 0.5444599364001517 0.5000302339602436 0.6026221510121008 0.6416066213679011 0.659406654412337 0.6612514028894845 0.6258113906772942 0.6142369612527139 0.6214572884272664 0.6110486222908775 0.5435410858640843 0.5870360199807211 0.5677719169486143 0.6007660176681036 0.6274200054230517 0.6249562856709252 0.6245102394302974 0.6119376586618542 0.5377999444313027 0.4923789123516503 0.5545145354935113 0.5938686521667593 0.6212714390269967 0.6299652591474907 0.6010568332175379 0.6408962333563581 0.7028883341505102
-9999 -9999 -9999 -9999 -9999 -9999 -9999 -9999 -9999 -9999 -9999 -9999 -9999 0.8860018788833495 0.4182051191165632 0.5542989406016527 0.4620735091595694 0.4570008718539972 0.2266150933227951 0.41649630153230827 0.4140196112362543 0.4582367293849371 0.4650310828894678 0.5149782537196845 0.4993475406863589 0.4952988560551964 0.4426396608396654 0.510269810280013 0.5376555834916374 0.5835615894452246 0.5849890066810872 0.5559695564513277 0.5908069000413791 0.6285226136104689 0.5973332031620876 0.5353345527661673 0.5439689639699585 0.4967036302226601 0.5549495177080637 0.655722412027242 0.7007314672580869 0.7749363097365982 0.7840697779996092 0.7853071793467439 -9999 -9999 -9999 -9999 -9999 -9999 -9999 -9999
-9999 -9999 -9999 -9999 -9999 -9999 -9999 -9999 -9999 -9999 -9999 -9999 -9999 0.8050469847626375 0.3973831084980804 0.6177425064449817 0.3341691459152579 0.23192164341142585 0.31101564403680626 0.4284330382258167 0.4427894545520437 0.4807652178408264 0.5110208824935976 0.5503756563877604 0.4863232954178723 0.4857806711116348 0.4826465884123448 0.4948656305521783 0.5212328906341055 0.5594782146592547 0.5641596999641264 0.5966708168005213 0.6205645712694445 0.6587535700284508 0.6448243204124877 0.5728181277308066 0.5464679857581121 0.5330773978968371 0.5667622508236605 0.661778834968725 0.7325869917236538 -9999 -9999 -9999 -9999 -9999 -9999 -9999 -9999 -9999 -9999 -9999
-9999 -9999 -9999 -9999 -9999 -9999 -9999 -9999 -9999 -9999 -9999 -9999 0.8202154692596796 0.6817666211082282 0.409404900350994 0.4844885419393774 0.323895569153329 0.5239405876759708 0.4557940252979249 0.4529393639029639 0.4636617852382925 0.4416616491028648 0.4973635247579917 0.54265944789048 0.539465791986921 0.5167100275876395 0.5820370148671161 0.5453103028590585 0.5048293988050541 0.490857957136697 0.458138460531815 0.5103255022923354 0.557019315556821 0.6134883426197492 0.5836851456399288 0.5543096533321537 0.4800859482745305 0.4844646823544013 0.6188835842888394 0.7687394655122521 0.841752785043024 -9999 -9999 -9999 -9999 -9999 -9999 -9999 -9999 -9999 -9999 -9999
-9999 -9999 -9999 -9999 -9999 -9999 -9999 -9999 -9999 -9999 -9999 0.5912669457645136 0.5055895296128321 0.49907433973101 0.4759546843816185 0.4330559601594095 0.5268335166656684 0.5085154797879077 0.4928650155553388 0.5221029474848755 0.4373910802449904 0.4922489811453024 0.5704202934873148 0.7600827787932586 0.5677763357728167 0.6074202916062014 0.6086813933741219 0.6057520467413872 0.6021604741671682 0.565906203134491 0.4692699293724418 0.4598906824082629 0.4670113895937692 0.5515212131141338 0.5360590078649207 0.4248236677764916 0.4209000049700006 0.507620689026014 0.6894835454654433 0.8630227907856671 -9999 -9999 -9999 -9999 -9999 -9999 -9999 -9999 -9999 -9999 -9999 -9999
-9999 -9999 -9999 -9999 -9999 -9999 -9999 -9999 -9999 -9999 0.8025648846406783 0.5901871446347537 0.4350912524284676 0.3403352474940497 0.3727755887564647 0.6615678766833549 0.5901749124023591 0.5331768649328488 0.5191013239600019 0.6007395009301814 0.4837730345096434 0.5847531160832491 0.6619528428332087 0.6931110362530353 0.6026934896907259 0.5922728435939526 0.5816075782301342 0.5951629399515386 0.5966656217073236 0.5287048476363237 0.4236591881061075 0.449492983403872 0.4379961501880752 0.4409709739497294 0.4398607363568791 0.4240285997636201 0.5096785874545006 0.6158230417427915 0.7669119592347372 -9999 -9999 -9999 -9999 -9999 -9999 -9999 -9999 -9999 -9999 -9999 -9999 -9999
-9999 -9999 -9999 -9999 -9999 -9999 -9999 -9999 -9999 -9999 -9999 -9999 0.6403408153093741 0.5254068588764003 0.5819868519943405 0.6675849553315343 0.6393779273884146 0.5663447918520147 0.5798267991852346 0.5928822460268737 0.6716629505590725 0.6079832420857785 0.6628497360800205 0.7090942136110352 0.6488907671344224 0.5982628825188334 0.5874246050751836 0.5642517330721424 0.5323929762038847 0.4461858958232112 0.41288961608681096 0.4523639125414085 0.5124048542725601 0.5110237626689209 0.4862277919301256 0.4717481178547711 0.6038686064440841 0.711657553444807 0.831548546537707 0.9227785023748688 -9999 -9999 -9999 -9999 -9999 -9999 -9999 -9999 -9999 -9999 -9999 -9999
-9999 -9999 -9999 -9999 -9999 -9999 -9999 -9999 -9999 -9999 -9999 0.7148788791387034 0.3776279405015987 0.34650260339142025 0.5330402933190534 0.5911562076068848 0.6153439462865924 0.6246538754011857 0.5867876470316477 0.5746796180366363 0.6157029294388286 0.5585142468802129 0.5671737745668792 0.5150757652902918 0.473136088032767 0.4535811324785315 0.4845235464977797 0.4272382451454951 0.42602016354539257 0.4428568853778787 0.5245288349095458 0.6261225445316592 0.7284964646583556 0.7803326595259127 0.7913361351935018 0.8143575728294843 0.8470712273346349 0.882625217868691 0.9001915920169681 -9999 -9999 -9999 -9999 -9999 -9999 -9999 -9999 -9999 -9999 -9999 -9999 -9999
-9999 -9999 -9999 -9999 -9999 0.8137777312057559 0.8223359406439532 0.8351163271815659 0.7992828847373195 0.7523279466711126 0.7507322250023893 0.6624269771545515 0.6117322228988785 0.5601898780255988 0.4784907427506904 0.4372999486455261 0.5056196945728593 0.5008961086343253 0.5293914706722314 0.5177646861161768 0.5387048332926887 0.4560454102253933 0.3975753130576532 0.3593959336086907 0.4073844377276207 0.4356736554629572 0.4354881453295485 0.3653903425726627 0.4146371615082515 0.5821897437927515 0.6703460944869106 0.7613374183969377 0.8475678259870485 0.862819608126857 0.8524753984492204 0.8728277546280463 0.8801624314174459 0.8922194767546678 -9999 -9999 -9999 -9999 -9999 -9999 -9999 -9999 -9999 -9999 -9999 -9999 -9999 -9999
-9999 -9999 -9999 -9999 0.7280589806980985 0.7272966185330777 0.6948388007076012 0.7566568956404092 0.7306226852966182 0.7275590830790448 0.6989816231917088 0.641871113701405 0.6444018540548004 0.5993466016224528 0.5121597996490912 0.4350750646239376 0.4021130184013343 0.4076149972755283 0.4698033217853838 0.4302212140498988 0.4496460719512941 0.3922336060361665 0.35948537432375577 0.29047031434768084 0.4639771180591961 0.5277039062515929 0.5774241271213214 0.7073901170074471 0.7610665850771596 0.8318011480298914 0.8279998800717441 0.8802465900265564 0.910750224074704 0.9108987789525876 0.9044794930078598 -9999 -9999 -9999 -9999 -9999 -9999 -9999 -9999 -9999 -9999 -9999 -9999 -9999 -9999 -9999 -9999 -9999
-9999 -9999 -9999 0.8589281033276552 0.7608983399802209 0.7026800394925509 0.6971894490226735 0.7387124844108806 0.7388859970595176 0.73079639522019 0.7511895902316621 0.8006751031978963 0.7603493816948157 0.5464767463905772 0.4311597217626328 0.3510422688469512 0.30104554744148804 0.36210043018797866 0.3930413087025309 0.42167786000341945 0.4851346290644192 0.4365345689359859 0.4576315256266172 0.6030828038837945 0.7115776121847588 0.7552221537819139 0.8412150013842865 0.8769388218837748 0.8789868699549799 0.8837857582652329 0.8656572934190967 -9999 -9999 -9999 -9999 -9999 -9999 -9999 -9999 -9999 -9999 -9999 -9999 -9999 -9999 -9999 -9999 -9999 -9999 -9999 -9999 -9999
-9999 -9999 -9999 0.8111346978885925 0.8512065902319799 0.4840264451364461 0.6122631892972283 0.6395307123103098 0.6362300289577176 0.596163074400172 0.6651375199476883 0.7082993379392865 0.6931819831871129 0.5283640034007783 0.4025980089171815 0.40897363367547457 0.31511662621082603 0.4003385398965449 0.3989880781468088 0.4243751578562344 0.4878364777215221 0.4762347628970046 0.5449545592832246 0.6664847722533151 0.7790612714764541 0.8320129744241233 0.8699426501383397 0.8958208151343656 0.905163647960798 -9999 -9999 -9999 -9999 -9999 -9999 -9999 -9999 -9999 -9999 -9999 -9999 -9999 -9999 -9999 -9999 -9999 -9999 -9999 -9999 -9999 -9999 -9999
-9999 -9999 -9999 0.725876980262917 0.7732543990763283 0.4068751053463903 0.2754563982683389 0.5197055717862107 0.5153286407862567 0.6114692214980977 0.5822167677365133 0.5975034963541663 0.6835881228637894 0.6605930166494136 0.5147311257429006 0.4085293418391547 0.33518854777450313 0.39887841659536216 0.3923306032181655 0.4382502503333184 0.507893509821432 0.5804017246779223 0.6492772431193111 0.7208039775993123 0.8334620115691569 0.8712088740261452 0.8659936900212428 0.9368723217677238 -9999 -9999 -9999 -9999 -9999 -9999 -9999 -9999 -9999 -9999 -9999 -9999 -9999 -9999 -9999 -9999 -9999 -9999 -9999 -9999 -9999 -9999 -9999 -9999
-9999 -9999 -9999 0.7764636345503458 0.2693019820995876 0.21728804795813 0.1919100987661192 0.29739196771792115 0.5983049643233134 0.6060777518936257 0.6116484535515034 0.5997952854771493 0.6405321371044328 0.633154750375306 0.5372936796360772 0.4808774019480749 0.4116474507911964 0.4380434731833299 0.4402724437046514 0.4717413035399386 0.5235190474303981 0.6352469012967199 0.7011310337774269 0.7685825787172801 0.8702448691463142 0.8819300580632405 0.8675497504849361 -9999 -9999 -9999 -9999 -9999 -9999 -9999 -9999 -9999 -9999 -9999 -9999 -9999 -9999 -9999 -9999 -9999 -9999 -9999 -9999 -9999 -9999 -9999 -9999 -9999
-9999 -9999 -9999 -9999 0.22120845493717167 0.2503161238845534 0.2947699428262586 0.4861786524517063 0.5788628345811917 0.6386378990422055 0.5932190416553338 0.6262809828991058 0.6037379346902737 0.5482248970210589 0.4828118949606349 0.4789757571259541 0.4661558491205513 0.4938003231461321 0.5801471430299094 0.6083543480005504 0.6356145958018573 0.7301262897835354 0.7766705889231258 0.7870167479422197 -9999 -9999 -9999 -9999 -9999 -9999 -9999 -9999 -9999 -9999 -9999 -9999 -9999 -9999 -9999 -9999 -9999 -9999 -9999 -9999 -9999 -9999 -9999 -9999 -9999 -9999 -9999 -9999
-9999 -9999 -9999 -9999 0.2735031146038459 0.4103762382952342 0.3303080396337583 0.5728886654859973 0.5048404611298539 0.6118105057950041 0.5767957120399141 0.5695311122937845 0.6427243340865894 0.5638824775923419 0.4999384288544303 0.4761532735208541 0.5325642987763936 0.6057004730835548 0.6400551991771528 0.7063367036163055 0.7631537165998958 0.8027595925718599 0.8069986829229197 0.8425182081602078 0.8828143450537214 -9999 -9999 -9999 -9999 -9999 -9999 -9999 -9999 -9999 -9999 -9999 -9999 -9999 -9999 -9999 -9999 -9999 -9999 -9999 -9999 -9999 -9999 -9999 -9999 -9999 -9999 -9999
-9999 -9999 -9999 -9999 0.537173660302307 0.5618149796522642 0.50866766208705 0.5113703269268868 0.6076873608549299 0.5683679808555953 0.5118026680638428 0.5883376055990743 0.6726040595084388 0.6041478672396193 0.5617507291982504 0.5400312816991923 0.5849679495249753 0.6218586949820095 0.643097483643705 0.7231833074599395 0.7864983165473294 0.7987191777660736 0.7853803861678021 0.8758418320299957 -9999 -9999 -9999 -9999 -9999 -9999 -9999 -9999 -9999 -9999 -9999 -9999 -9999 -9999 -9999 -9999 -9999 -9999 -9999 -9999 -9999 -9999 -9999 -9999 -9999 -9999 -9999 -9999
