metrics/grid_rasters/SMAP L4/grideval_SMAP L4_X_winter_2018_absolute_ubrmsd.asc
ncols 52
nrows 55
xllcorner     11.25
yllcorner     55.25
cellsize      0.25
NODATA_value  -9999
[rows 0 to 27 of 55, columns 0 to 51 of 52]
-9999 -9999 -9999 -9999 -9999 -9999 -9999 -9999 -9999 -9999 -9999 -9999 -9999 -9999 -9999 -9999 -9999 -9999 -9999 -9999 -9999 -9999 -9999 -9999 -9999 -9999 -9999 -9999 -9999 -9999 -9999 -9999 -9999 -9999 -9999 -9999 0.01913870883861324 0.020918430226531004 0.02218278649787874 -9999 -9999 -9999 -9999 -9999 -9999 -9999 -9999 -9999 -9999 -9999 -9999 -9999
-9999 -9999 -9999 -9999 -9999 -9999 -9999 -9999 -9999 -9999 -9999 -9999 -9999 -9999 -9999 -9999 -9999 -9999 -9999 -9999 -9999 -9999 -9999 -9999 -9999 -9999 -9999 -9999 -9999 -9999 -9999 -9999 -9999 -9999 -9999 -9999 0.025451282440413368 0.02809286271684484 0.0287401296234926 0.025378605681671287 0.028904544507404067 0.03156527143418863 -9999 -9999 -9999 -9999 -9999 -9999 -9999 -9999 -9999 -9999
-9999 -9999 -9999 -9999 -9999 -9999 -9999 -9999 -9999 -9999 -9999 -9999 -9999 -9999 -9999 -9999 -9999 -9999 -9999 -9999 -9999 -9999 -9999 -9999 -9999 -9999 -9999 0.015747599523308373 0.01008881637614884 0.011753527279102656 0.019043030798826174 0.029659360488618437 0.03507708905982354 0.02789256277195217 -9999 0.02887308848910296 0.03535333253985379 0.035550374206206777 0.03252601355118229 0.028977014668178636 0.0308652882002644 0.03732393596496944 0.03842151703555528 0.03628090633178866 0.03646788455615147 0.03658925572958912 -9999 -9999 -9999 -9999 -9999 -9999
-9999 -9999 -9999 -9999 -9999 -9999 -9999 -9999 -9999 -9999 -9999 -9999 -9999 -9999 -9999 -9999 -9999 -9999 -9999 -9999 -9999 -9999 -9999 -9999 -9999 -9999 -9999 0.015666269814149463 0.011637893494335057 0.015467993992228854 0.022475489646495532 0.023896236271119004 0.02582092750616973 0.03344861978187725 0.035288748650819934 0.03805634844572638 0.03584641150912347 0.03589552689348033 0.03504828493466152 0.038647312123286 0.042943794335337376 0.044898056433240977 0.04620782603901977 0.04492433443416224 0.04069724596403435 0.03780360495224968 0.03693002253779348 0.035631730807202576 -9999 -9999 -9999 -9999
-9999 -9999 -9999 -9999 -9999 -9999 -9999 -9999 -9999 -9999 -9999 -9999 -9999 -9999 -9999 -9999 -9999 -9999 -9999 -9999 -9999 -9999 0.007338975549062728 0.010436899652248754 0.013073146481514385 0.012662925637433816 0.016205170813417515 0.010305212948933912 0.007757378013839925 0.011029780789057309 0.02280560749478387 0.02735381553976171 0.03622878141849049 0.04479993619232203 0.04398253092377757 0.0383975996924333 0.03021532142980948 0.029444626239872495 0.032666517218247086 0.03405634679822928 0.038105367826318466 0.04042947976420976 0.04272712510188633 0.03911224895501046 0.038167237795367986 0.03835258099421456 0.035655499070335515 0.03506391262313287 0.032201085037607005 -9999 -9999 -9999
-9999 -9999 -9999 -9999 -9999 -9999 -9999 -9999 -9999 -9999 -9999 -9999 -9999 -9999 -9999 -9999 -9999 -9999 -9999 -9999 -9999 0.01146723226365128 0.011497351618803005 0.006061123724044185 0.002605642037925793 0.010009269809499082 0.01620347655600944 0.008435748969311362 0.007234045844551398 0.013180702092656591 0.02588487496386482 0.0320105879793301 0.034575890635566944 0.04731001926493509 0.046895297238301034 0.03376368840020411 0.032007624785181626 0.035615354544894964 0.03573964311772178 0.037525459953475136 0.041244434538228715 0.04143361839889005 0.044037870340835714 0.044694419879812784 0.040347993224383934 0.03692329673214148 0.036477897606804685 0.03361057667543153 0.03103482717403995 -9999 -9999 -9999
-9999 -9999 -9999 -9999 -9999 -9999 -9999 -9999 -9999 -9999 -9999 -9999 -9999 -9999 -9999 -9999 -9999 -9999 -9999 -9999 0.008115374773254691 0.0034761683924210826 0.008886075279585518 0.007417274527427694 0.010031153255373602 0.007945151900901695 0.006502073395793582 0.011348192927264569 0.014112221414077104 0.01962481116965454 0.031120835592208636 0.033540202521101 0.040593970427613466 0.04588828325916355 0.06544842650425023 0.037626078933734264 0.03923386765092243 0.03724429555832684 0.04468664542548137 0.04335591514675049 0.04321288921031356 0.04239848650288397 0.04684362991473805 0.047408503860283766 0.03678269231557569 0.03793503520516208 0.03756356616584328 0.035810319909247885 0.03424838287690491 0.03319124290832383 -9999 -9999
-9999 -9999 -9999 -9999 -9999 -9999 -9999 -9999 -9999 -9999 -9999 -9999 -9999 -9999 -9999 -9999 -9999 -9999 -9999 -9999 -9999 0.006045823160648157 0.003254253254192246 0.003977492567988219 0.005181834418318102 0.005727422377769892 0.011219754926920178 0.018961106887629208 0.03110582344867568 0.023183417181071614 0.029314343633758483 0.03628871814297117 0.04708758126524608 0.04539138196573106 0.035473498124938566 0.0437519520739259 0.04095015911541248 0.03962229380383535 0.04432341573414543 0.04471596550780387 0.04466387865704397 0.0438207907181029 0.042768228869748265 0.04782201605257951 0.043309548633673256 0.03798041041143427 0.0388409409594724 0.03620612190314861 0.03692028240036732 -9999 -9999 -9999
-9999 -9999 -9999 -9999 -9999 -9999 -9999 -9999 -9999 -9999 -9999 -9999 -9999 -9999 -9999 -9999 -9999 -9999 -9999 0.0039630329007645584 0.006144006453115203 0.00698887834567578 0.0055674691059097465 0.008688008126154645 0.01261284658071809 0.014028559510963785 0.01946834268027171 0.02320292419947693 0.02512750800879704 0.02826249173441973 0.03345820809558659 0.04031124024721686 0.04237380603896003 0.041153522498954265 0.04048516728964687 0.045002972964222336 0.04074604020922575 0.04338800880810025 0.047766602663579606 0.046026278884932034 0.04503259161303439 0.04274133941026848 0.039361360099822974 0.03912124153763701 0.04024679485479722 0.035361805063912205 0.03447214429524858 0.033304931409033116 0.036402372200493416 0.03389496447609624 0.02720451727204586 -9999
-9999 -9999 -9999 -9999 -9999 -9999 -9999 -9999 -9999 -9999 -9999 -9999 -9999 -9999 -9999 -9999 -9999 -9999 0.008543854681459235 0.009874891193705986 0.019582098155145385 0.018669146195571883 0.01597131359768773 0.01654688472369137 0.023465797583750586 0.02364848679302424 0.029694204672812207 0.023094663358076008 0.026284268585815437 0.03214878439044156 0.03769217706709431 0.041771197157372576 0.03963222642738939 0.04073329452306016 0.03933343931641517 0.03899249001745951 0.03860350897677794 0.038476678964821605 0.037020450304487126 0.03731611964373464 0.03712240584055701 0.03601837758232785 0.035325708226530216 0.03393018458909425 0.029977842261169205 0.02808059369832059 0.027911247804537586 0.027779280567893 0.02549625797643688 0.025377554666350784 0.02492790714863344 -9999
-9999 -9999 -9999 -9999 -9999 -9999 -9999 -9999 -9999 -9999 -9999 -9999 -9999 -9999 -9999 -9999 -9999 0.004484290192644582 0.008747254922684154 0.012371595781609485 0.01972696988959455 0.025951420713911492 0.025024507862101204 0.02534061339638617 0.028742003059087612 0.02653914463738033 0.02511774562300927 0.026057545442899725 0.02979277237472323 0.034038590937110376 0.03688263272773707 0.037370934151104776 0.038066989471424936 0.035525647468238726 0.03699688844435372 0.036184916540522034 0.035973383179784935 0.03346626226234195 0.03234336011061439 0.03274539126728267 0.03723405548312402 0.036996730413406495 0.03061544768752233 0.03185946878692658 0.02806497666565411 0.026430306567221538 0.025312491812436583 0.024194815749870386 0.021408788841171558 0.02052404493715569 -9999 -9999
-9999 -9999 -9999 -9999 -9999 -9999 -9999 -9999 -9999 -9999 -9999 -9999 -9999 0.005786832230711265 0.0056628493487035645 0.00577663344571593 0.007054989380341638 0.010374995127877231 0.013489932049856941 0.016453167616780222 0.02269289557170168 0.029030776169076407 0.030581548816291382 0.024706882007626062 0.029174849341180108 0.02896795392228625 0.02122989341801401 0.02852440538799039 0.030997405075889214 0.034335249540011305 0.03361274671024585 0.033672892646649716 0.03154821130070975 0.03376537453076785 0.03137142954057241 0.027902583440679102 0.029893550103755776 0.029283841051370826 0.026727744481569102 0.02358408976601116 0.023097443888512655 0.023294834152837156 0.022210005638657552 0.0239730041876995 0.02870510779632115 0.03162252804446712 0.027015701367834703 0.02778539562294055 0.020478143858836357 0.021942406925431892 0.020759832106674682 -9999
-9999 -9999 -9999 -9999 -9999 -9999 -9999 -9999 -9999 -9999 -9999 -9999 -9999 0.004925604835705443 0.0053135409294793046 0.007772453414875344 0.009784572499510143 0.014941666309234047 0.018881963514310224 0.022015900140102043 0.02087454985128071 0.02709727508531034 0.02628053638956108 0.019647699354725545 0.02397243130808781 0.025649648528541555 0.01853428590739362 0.025643291849338938 0.026930201835145544 0.030312087213823145 0.02918067587941822 0.029597845977448745 0.02936245553158986 0.02814289741869717 0.02584467231432331 0.023680284050693532 0.022795716870344488 0.02274301394143803 0.022859775730388245 0.01967757671627611 0.020095888349407447 0.020129453664148242 0.019495005089450297 0.02777012171381877 0.05016048251264857 0.03566071605027342 0.03246928732933035 0.03294469166904039 0.02918056011008415 0.02761557714387433 0.02560590275158297 0.024463275268099185
-9999 -9999 -9999 -9999 -9999 -9999 -9999 -9999 -9999 -9999 -9999 -9999 -9999 0.004983627889575167 0.005944304073833378 0.011297445832879885 0.012305763086396032 0.017272770926728256 0.023547024694916114 0.022448340924103218 0.02374776175601173 0.0237228587815875 0.021735478729148515 0.01964232094773617 0.023370637772073117 0.025520301250475518 0.02749837128412712 0.021027049867151457 0.02434564827650205 0.02962664337250772 0.030508106226963188 0.032890963310370024 0.02620802926501908 0.02447023315700953 0.02675245709944864 0.026159747032242747 0.02297505556355437 0.02071869133324735 0.01982673286221532 0.017795404000124318 0.018471598617670382 0.01994629101522793 0.026673431495313985 0.03848006981191438 -9999 -9999 -9999 -9999 -9999 -9999 -9999 -9999
-9999 -9999 -9999 -9999 -9999 -9999 -9999 -9999 -9999 -9999 -9999 -9999 -9999 0.00697694374676949 0.011276152183926405 0.014189557696638684 0.015594596693612585 0.024038374477943904 0.02153531577647536 0.022805797936806715 0.022590198562670482 0.017162254835109476 0.0184310969810162 0.02202795249768753 0.0218413245407332 0.02228649747463495 0.02443035856884371 0.02514162922831643 0.02501841745320452 0.02752602886858337 0.027675409888741717 0.028903204234971037 0.025397923462566502 0.023535405586522628 0.02403328048541553 0.023876957735610303 0.022141131975624125 0.021392962519040087 0.02189108757553559 0.021394081230327017 0.01932678033745269 -9999 -9999 -9999 -9999 -9999 -9999 -9999 -9999 -9999 -9999 -9999
-9999 -9999 -9999 -9999 -9999 -9999 -9999 -9999 -9999 -9999 -9999 -9999 0.006892386932409178 0.0098376534215776 0.013551263619373954 0.007666634116560181 0.008405426865155798 0.02158553183370156 0.023278881176362044 0.021847030217098072 0.020640230581207692 0.020925549901779684 0.0218355088108369 0.020212316077399192 0.01829956213759616 0.019796121811666213 0.0220147834130039 0.024829701503215992 0.024394590316342557 0.02566011109607354 0.024015574401061387 0.023374458752805142 0.022857158609840018 0.021583243397346703 0.0226334619379273 0.0212240131990052 0.025786230080992185 0.02701622382436436 0.031069948794087813 0.02897024943895482 0.033540339367117485 -9999 -9999 -9999 -9999 -9999 -9999 -9999 -9999 -9999 -9999 -9999
-9999 -9999 -9999 -9999 -9999 -9999 -9999 -9999 -9999 -9999 -9999 0.008239965718310935 0.009520738441939371 0.015796846419248483 0.018385879155966064 0.01437188498745264 0.014753534888160396 0.022865165446060768 0.02077321996625375 0.017714847841454603 0.01944435236931234 0.0201525792396984 0.018034090751637626 0.01620418414297058 0.01880802513265596 0.01909627591334518 0.021897828134081355 0.023111932438838467 0.022121869657606368 0.02039068099233533 0.019674724404193187 0.02120646327238258 0.022389036316553302 0.021381840638790197 0.022186150548689148 0.019543326713236383 0.026286860423625852 0.02785648530813852 0.034779803487366014 0.04931706295846212 -9999 -9999 -9999 -9999 -9999 -9999 -9999 -9999 -9999 -9999 -9999 -9999
-9999 -9999 -9999 -9999 -9999 -9999 -9999 -9999 -9999 -9999 0.011190741999801171 0.01008394924359882 0.019392545622917232 0.02357166692064353 0.020467120914704533 0.018367443144808458 0.016973447701434018 0.01793291080325766 0.014981777243212162 0.01982309465291364 0.023577498606996282 0.016919479385847404 0.01439976447476704 0.014085937160882024 0.01989151993279692 0.024203884180576105 0.028843380558652407 0.02795683654760304 0.024621656337035027 0.02129734873593532 0.02074164524476514 0.020349816086671246 0.02182844858489944 0.021432127885023126 0.021284412846820627 0.023751288512153218 0.025386965198493528 0.026978744068669267 0.03221229913755256 -9999 -9999 -9999 -9999 -9999 -9999 -9999 -9999 -9999 -9999 -9999 -9999 -9999
-9999 -9999 -9999 -9999 -9999 -9999 -9999 -9999 -9999 -9999 -9999 -9999 0.013712600949064287 0.014101074329518116 0.010299427130723906 0.012047646882705891 0.01289339894351274 0.01311331571735638 0.015473916755406013 0.017185892035128655 0.01970917767681005 0.015532387771312254 0.013551998989865798 0.013095318679990276 0.0165936659952978 0.020702232683376242 0.025856320794628764 0.02722878124941715 0.027644775453262226 0.026371740043195743 0.02199296464473781 0.02215672291769105 0.02479428699612456 0.02841399288287727 0.029935168449969355 0.03395603232116294 0.031858201596524645 0.03225563073511312 0.03701846731500311 0.051290897831080255 -9999 -9999 -9999 -9999 -9999 -9999 -9999 -9999 -9999 -9999 -9999 -9999
-9999 -9999 -9999 -9999 -9999 -9999 -9999 -9999 -9999 -9999 -9999 0.016891250215754237 0.016399011253399313 0.019119641107813737 0.015453641186789222 0.015503849991092347 0.013953151940689785 0.016255741604204378 0.017489153470292666 0.017781573510459416 0.017571922204238158 0.01699824538631231 0.017121086969935532 0.015123774082758572 0.017171294265916244 0.01846505004406988 0.021076103204864603 0.025096366565999586 0.025812380389466903 0.026720711467243908 0.02544140574241912 0.026895809026059425 0.031339831870672914 0.03510039964578062 0.04036290017784179 0.041687788649003125 0.042884422532122116 0.04278289202226535 0.04816768422016552 -9999 -9999 -9999 -9999 -9999 -9999 -9999 -9999 -9999 -9999 -9999 -9999 -9999
-9999 -9999 -9999 -9999 -9999 0.0163875575900955 0.016371397530667776 0.015241979545494238 0.014268291331413746 0.01779550011013599 0.0160599163915875 0.01331330069252124 0.014187613002008938 0.015221774754136509 0.01683177032437285 0.018442509113694317 0.01791726030418479 0.0223790008499812 0.019438319188827304 0.02068441702539929 0.01984119350488726 0.019289664180508648 0.022382421540376816 0.019854618231324898 0.021079252759521418 0.02209077539369865 0.02410498572750996 0.029394020963894974 0.028916604880754107 0.030662656096439037 0.032590688713481475 0.032793831714821205 0.03821989721552245 0.04139563738700259 0.04116521755559245 0.04572848444360173 0.04657920537180101 0.044365502094344485 -9999 -9999 -9999 -9999 -9999 -9999 -9999 -9999 -9999 -9999 -9999 -9999 -9999 -9999
-9999 -9999 -9999 -9999 0.020988679958731268 0.019902357633868127 0.01956484832096069 0.017995102807889532 0.019579743852984614 0.0186415336444554 0.01840434894402341 0.01802839721945608 0.0148557665700923 0.015568653044808603 0.018548329171595532 0.02013518069224596 0.019128816833774792 0.02217793666168659 0.02360312627871005 0.02375700255718537 0.02349838829919769 0.023837044793282715 0.02250258733442973 0.025077557960020647 0.02759294400331817 0.029019681947375475 0.02752099144312302 0.02781779731523237 0.026809173683107625 0.028206429551279943 0.03334860382588234 0.04402656203325129 0.04786052337053818 0.04819409569603235 0.04834330152962992 -9999 -9999 -9999 -9999 -9999 -9999 -9999 -9999 -9999 -9999 -9999 -9999 -9999 -9999 -9999 -9999 -9999
-9999 -9999 -9999 0.015719671740385358 0.016055295559440567 0.017926395095866514 0.02314466610293208 0.019646509862914045 0.0215464994897133 0.021063989295997336 0.018343552834752704 0.015936003857964082 0.014447898374868947 0.016500612340851897 0.0187511848891045 0.01663319055098671 0.016809765595550842 0.019854281587044085 0.02152811924109306 0.020699722222315173 0.02375686218540644 0.02643488881612529 0.02377871190673551 0.02432810863643843 0.028072382040986454 0.030939594933325824 0.025983422001277574 0.027288558721499462 0.02736524512852136 0.0346188729127011 0.04045630745091889 -9999 -9999 -9999 -9999 -9999 -9999 -9999 -9999 -9999 -9999 -9999 -9999 -9999 -9999 -9999 -9999 -9999 -9999 -9999 -9999 -9999
-9999 -9999 -9999 0.011499235627058662 0.010234198016844326 0.01431002539497774 0.017349441609802226 0.02338930531375029 0.02484868898132764 0.02265498004318006 0.02190702535979084 0.012037838946974272 0.010281137393912943 0.015571790608208385 0.016533435379708927 0.01819882797216359 0.017276151649315327 0.018882713145305718 0.02241907507915846 0.021125748163175667 0.020355124532972432 0.021600127301360898 0.023631843961338515 0.0239985169058212 0.027235525191922964 0.02733802681878567 0.02547172624213485 0.03126481203159784 0.029453463965720687 -9999 -9999 -9999 -9999 -9999 -9999 -9999 -9999 -9999 -9999 -9999 -9999 -9999 -9999 -9999 -9999 -9999 -9999 -9999 -9999 -9999 -9999 -9999
-9999 -9999 -9999 0.012642074136573672 0.0170190126214226 0.02179370621993827 0.029571034150440226 0.020418500198086092 0.019094578279288302 0.02084292410197694 0.02150162745396081 0.01708217989666165 0.015578791375798894 0.018435044426000653 0.018773857322048945 0.021299942480029824 0.02103123005035846 0.01905172897680979 0.020735135955597617 0.01768931453718516 0.015414971838530526 0.017534726046810736 0.02017276347224511 0.025511559996306603 0.02694448949123737 0.028836126787775637 0.02785010008394224 0.04147715104935858 -9999 -9999 -9999 -9999 -9999 -9999 -9999 -9999 -9999 -9999 -9999 -9999 -9999 -9999 -9999 -9999 -9999 -9999 -9999 -9999 -9999 -9999 -9999 -9999
-9999 -9999 -9999 0.010910162363490152 0.021155165687884826 0.026683265495149443 0.026077185463109675 0.016929511160042782 0.018309784501517025 0.01831505368622621 0.019265422843409017 0.01865177077143726 0.01611477644584458 0.016515514904019143 0.018258624307401602 0.01996080883751114 0.019491389205568074 0.017397009834632382 0.01946157292087496 0.014918430360959613 0.015449741538262741 0.01960010422963139 0.023463438400972786 0.029902949076689382 0.0313998376495634 0.03183686101404957 0.029940536579787583 -9999 -9999 -9999 -9999 -9999 -9999 -9999 -9999 -9999 -9999 -9999 -9999 -9999 -9999 -9999 -9999 -9999 -9999 -9999 -9999 -9999 -9999 -9999 -9999 -9999
-9999 -9999 -9999 -9999 0.02387837766256928 0.023030644980606387 0.02781505898569346 0.02209465162059481 0.023822679768770675 0.021965139033940928 0.023523200356119798 0.02262055210463224 0.02085300339951961 0.01892021565158221 0.01871802672602415 0.02052239648546497 0.02042611821700319 0.017085318699154046 0.017507474480259085 0.016165848455605182 0.016754442289556682 0.022620552373248688 0.027225510885366542 0.027458084350680714 -9999 -9999 -9999 -9999 -9999 -9999 -9999 -9999 -9999 -9999 -9999 -9999 -9999 -9999 -9999 -9999 -9999 -9999 -9999 -9999 -9999 -9999 -9999 -9999 -9999 -9999 -9999 -9999
-9999 -9999 -9999 -9999 0.0260022592361856 0.022183237260549944 0.023417122999336168 0.023994351301776774 0.027886866616325414 0.026701565818095064 0.021956985785946757 0.017933735430156732 0.02071200225541007 0.01881637093646612 0.018180023164668786 0.017175921352790224 0.016153422143138866 0.01633542476003559 0.015807639468221776 0.017576759879700702 0.019079281772092664 0.02499016723799096 0.028176836111013612 0.026044242873857055 0.02988012373914105 -9999 -9999 -9999 -9999 -9999 -9999 -9999 -9999 -9999 -9999 -9999 -9999 -9999 -9999 -9999 -9999 -9999 -9999 -9999 -9999 -9999 -9999 -9999 -9999 -9999 -9999 -9999
