metrics/grid_rasters/SMAP L4/grideval_SMAP L4_X_spring_2017_absolute_bias.asc
ncols 52
nrows 55
xllcorner     11.25
yllcorner     55.25
cellsize      0.25
NODATA_value  -9999
[rows 0 to 26 of 55, columns 0 to 51 of 52]
-9999 -9999 -9999 -9999 -9999 -9999 -9999 -9999 -9999 -9999 -9999 -9999 -9999 -9999 -9999 -9999 -9999 -9999 -9999 -9999 -9999 -9999 -9999 -9999 -9999 -9999 -9999 -9999 -9999 -9999 -9999 -9999 -9999 -9999 -9999 -9999 -0.002452359494307721 -0.02523443430824124 -0.07424313605398586 -9999 -9999 -9999 -9999 -9999 -9999 -9999 -9999 -9999 -9999 -9999 -9999 -9999
-9999 -9999 -9999 -9999 -9999 -9999 -9999 -9999 -9999 -9999 -9999 -9999 -9999 -9999 -9999 -9999 -9999 -9999 -9999 -9999 -9999 -9999 -9999 -9999 -9999 -9999 -9999 -9999 -9999 -9999 -9999 -9999 -9999 -9999 -9999 -9999 -0.0026792806532719426 -0.018076817545553903 -0.024634615599137263 -0.0557560756721574 -0.11628244509515552 -0.1060550866810524 -9999 -9999 -9999 -9999 -9999 -9999 -9999 -9999 -9999 -9999
-9999 -9999 -9999 -9999 -9999 -9999 -9999 -9999 -9999 -9999 -9999 -9999 -9999 -9999 -9999 -9999 -9999 -9999 -9999 -9999 -9999 -9999 -9999 -9999 -9999 -9999 -9999 -0.0006514627324498147 -0.021096503524028757 -0.06761101357962772 -0.09386071283370256 -0.06595382693669072 -0.0689083333329662 -0.04947030896563892 -9999 -0.053671071872763036 -0.02952009726963617 -0.04496517222698615 -0.10215165468094788 -0.10446434953938358 -0.10163981103054856 -0.09469805728725116 -0.09682359848090484 -0.09196844954124613 -0.09223730930977543 -0.0868197002488634 -9999 -9999 -9999 -9999 -9999 -9999
-9999 -9999 -9999 -9999 -9999 -9999 -9999 -9999 -9999 -9999 -9999 -9999 -9999 -9999 -9999 -9999 -9999 -9999 -9999 -9999 -9999 -9999 -9999 -9999 -9999 -9999 -9999 0.0019509151334995976 0.013288774041701923 0.019648604135474423 0.024620382803613727 0.011298962058904405 -0.0360755583109415 -0.08328002008973903 -0.06696146040264031 -0.07172151448448069 -0.07074501424137014 -0.07940252556506057 -0.08813950170398407 -0.10296204293389684 -0.09722389703940436 -0.09405561226784537 -0.09868571721017363 -0.10392946183033612 -0.08742551811282401 -0.09866845668496002 -0.08799066576782777 -0.08356221508153755 -9999 -9999 -9999 -9999
-9999 -9999 -9999 -9999 -9999 -9999 -9999 -9999 -9999 -9999 -9999 -9999 -9999 -9999 -9999 -9999 -9999 -9999 -9999 -9999 -9999 -9999 0.014166159393346868 -0.0029292942389198 0.009206049103775704 -0.0030489110023431128 0.007605804454373255 -0.004062857357380212 -0.005050586010126978 0.0014409526129779413 0.007632886424012775 -0.04863424493890739 -0.04393238630955632 -0.07917816592785329 -0.06436177098151782 -0.05588419528921015 -0.07657507327182783 -0.08093721784003405 -0.08289179268657512 -0.0862020769197008 -0.09393087205598533 -0.09530887264839333 -0.0989642322225415 -0.10558756370016414 -0.11463740567231308 -0.12662346078001932 -0.11844862724208965 -0.1166755770252127 -0.11488433291568705 -9999 -9999 -9999
-9999 -9999 -9999 -9999 -9999 -9999 -9999 -9999 -9999 -9999 -9999 -9999 -9999 -9999 -9999 -9999 -9999 -9999 -9999 -9999 -9999 0.007744526004661635 0.010110066150841536 0.009271016870827764 -0.008605348634655062 -0.007616558152696352 -0.004125506860082562 -0.003015505716852496 -0.008761044996588141 -0.007850202569818998 -0.014854857981528913 -0.04802695236614218 -0.06326275324934855 -0.09201528174478724 -0.07910082635024321 -0.06707142981822076 -0.08080182568696531 -0.08214445642964993 -0.08886620548108347 -0.09915900145373917 -0.09990838240913076 -0.10391518647742012 -0.10988394490888588 -0.11479859388149947 -0.12085002259877715 -0.1274656781359859 -0.11151280932371382 -0.11924603526763945 -0.120282216746684 -9999 -9999 -9999
-9999 -9999 -9999 -9999 -9999 -9999 -9999 -9999 -9999 -9999 -9999 -9999 -9999 -9999 -9999 -9999 -9999 -9999 -9999 -9999 -0.004645183601457159 -0.007777472876984105 -0.01934167904698331 -0.008479129685008023 -0.007106988974239503 0.003010669318230241 0.0014295689356715882 -0.018872885559887972 -0.0207511943400554 -0.03872514333899901 -0.0740743889878302 -0.11650081462753208 -0.10962264438200252 -0.09257893879776416 -0.4416651956372611 -0.08850668480052898 -0.09560377254029333 -0.09969000564888122 -0.1097063915196644 -0.10855862121705133 -0.10998328963456597 -0.11876133900216745 -0.5031789689851196 -0.5053685641361643 -0.11834145987244404 -0.496765727561939 -0.4991329687890476 -0.5007412180547481 -0.4995694366769622 -0.4999810201520829 -9999 -9999
-9999 -9999 -9999 -9999 -9999 -9999 -9999 -9999 -9999 -9999 -9999 -9999 -9999 -9999 -9999 -9999 -9999 -9999 -9999 -9999 -9999 -0.02227426684744982 -0.025085599647591997 -0.009165404485943496 -0.009162101935109357 -0.010784704157191792 -0.03250782179605699 -0.06819153457637067 -0.10408543722461099 -0.09775270886071352 -0.05628481171215355 -0.11161352501696216 -0.12080570437904932 -0.10984912490391212 -0.10314586120860086 -0.4856079734213974 -0.1116696038769315 -0.108081400009763 -0.1090819047682959 -0.1106855713397912 -0.11307720801509595 -0.11800718825796375 -0.12203709155564076 -0.5099227486340249 -0.5071265541786409 -0.4993838699656013 -0.4999380897042221 -0.502528080838206 -0.5019406477677758 -9999 -9999 -9999
-9999 -9999 -9999 -9999 -9999 -9999 -9999 -9999 -9999 -9999 -9999 -9999 -9999 -9999 -9999 -9999 -9999 -9999 -9999 -0.028366683091482436 -0.0303702028873174 -0.02905578862713732 -0.0322247115976137 -0.035104363063431336 -0.058069732647551164 -0.1312407147868172 -0.12973992360512845 -0.12257866761849626 -0.1159586494019174 -0.11844899748330527 -0.11268942191710934 -0.10745574596702404 -0.1006392161766796 -0.0975611801056758 -0.10180905111053068 -0.490217054647434 -0.11158252746352684 -0.11744455667212605 -0.11640543602002056 -0.12044543623114408 -0.11675960932979765 -0.11523773019080576 -0.1136562173943157 -0.11937202164984267 -0.5072282822802663 -0.12640784130148267 -0.1215513320437268 -0.1256184705897518 -0.5022133224967705 -0.4952784375004146 -0.11404976354021093 -9999
-9999 -9999 -9999 -9999 -9999 -9999 -9999 -9999 -9999 -9999 -9999 -9999 -9999 -9999 -9999 -9999 -9999 -9999 -0.0168399635459418 -0.016503036224647716 -0.01875457855994284 -0.035437903569444366 -0.0909388894620149 -0.11898968737248493 -0.11788492214501553 -0.12091192254877613 -0.09988017246613036 -0.09425471059006194 -0.09126449615249167 -0.11600055077882562 -0.10850279389516164 -0.10349840158596636 -0.10062329434668243 -0.10196826884361064 -0.10331711974804814 -0.10760877824024016 -0.10919975037888988 -0.11194650780247603 -0.11338333368463364 -0.11887478243316645 -0.12192980768968878 -0.1205383865972576 -0.11798796326974813 -0.12089301894783328 -0.1207943213901118 -0.11682148457950225 -0.11761407094562185 -0.12271780885108137 -0.11353554145392515 -0.11029187097902528 -0.11056095420423412 -9999
-9999 -9999 -9999 -9999 -9999 -9999 -9999 -9999 -9999 -9999 -9999 -9999 -9999 -9999 -9999 -9999 -9999 -0.009901984513777771 -0.017027291833706548 -0.08768257421805807 -0.10196500694703148 -0.09665054880568512 -0.09595580684507024 -0.11398084761331913 -0.1148998447207977 -0.11651140757148035 -0.11595966506992347 -0.11350755737689527 -0.11578380848969455 -0.10716846990196602 -0.10224221298552078 -0.10132377007571253 -0.10479301995719256 -0.10455574251144477 -0.10584725836372896 -0.1042628132576204 -0.10227303334471324 -0.10076838405802846 -0.10615753109121452 -0.11474827768119135 -0.4990081223659218 -0.4980813137498562 -0.116418342348998 -0.12325137722022507 -0.11716869406645065 -0.11165334476643927 -0.11370866112006098 -0.12054527220923615 -0.11381775213648446 -0.10975135733251984 -9999 -9999
-9999 -9999 -9999 -9999 -9999 -9999 -9999 -9999 -9999 -9999 -9999 -9999 -9999 -0.025982851850921692 -0.017597729340195656 -0.010227033908924377 -0.008210613837708602 -0.006363625435725495 -0.0035552996332230405 -0.00649640255648154 -0.030294400599339744 -0.06627837898533627 -0.090238895813894 -0.09734467070792682 -0.0983509223948678 -0.09355623617201396 -0.10851079197195562 -0.10304975086499166 -0.1004713692337922 -0.09760995790281374 -0.0962212469793208 -0.0965133260368653 -0.09284057741498816 -0.09949984267839918 -0.10043447420163 -0.09346069911818786 -0.10070736228447892 -0.0964709866346548 -0.09727657851560613 -0.09242890708391432 -0.0922197105727442 -0.09288279473295677 -0.10124061691939183 -0.11054627765374987 -0.11408028935851612 -0.4919090449769536 -0.4908244458796538 -0.4915456045621439 -0.11720137518790105 -0.4917277915848662 -0.4820975782552168 -9999
-9999 -9999 -9999 -9999 -9999 -9999 -9999 -9999 -9999 -9999 -9999 -9999 -9999 -0.013382484812451469 -0.02753443615106138 -0.0740016627570857 -0.11605609265034615 -0.11605615199179105 -0.08928473961903992 -0.03948854659076617 -0.09028873594639744 -0.08625609921696392 -0.08355514705181122 -0.08275549443762589 -0.08153033201866175 -0.09376967007942176 -0.10410663801366868 -0.09872286052078658 -0.09634627399804152 -0.09192392173344674 -0.08803962173102342 -0.08653888733976564 -0.08665466922051879 -0.0791270812851903 -0.07800912024939187 -0.08018854699785942 -0.07759461881916807 -0.0816321695304435 -0.08443414468480193 -0.0787319793649342 -0.07720605553249305 -0.08081341702895968 -0.08234673936891818 -0.08676286005293543 -0.4639421400573591 -0.09574736306524796 -0.10262245018764032 -0.10915551318422607 -0.11118236882612108 -0.114255641931263 -0.10751953955901704 -0.058842113282045576
-9999 -9999 -9999 -9999 -9999 -9999 -9999 -9999 -9999 -9999 -9999 -9999 -9999 -0.021127000410595675 -0.09839913321901922 -0.11808542453724405 -0.11876306233360714 -0.1120163326597084 -0.10540275095516574 -0.08974852078877713 -0.06308635142024446 -0.08123237931210063 -0.07848928984173614 -0.08002928804363242 -0.08143697780273533 -0.08904301533070594 -0.08955681178232901 -0.10316043942356888 -0.09726852496438053 -0.09001329243588058 -0.08666186836426673 -0.08654833218568693 -0.08296936163273844 -0.08713460395760507 -0.0907509437681216 -0.08207483470196958 -0.07868763972478715 -0.07471846050137415 -0.07084524404743447 -0.06853256429262132 -0.06911926414898556 -0.07098987658062705 -0.0772166021735124 -0.09117769480318484 -9999 -9999 -9999 -9999 -9999 -9999 -9999 -9999
-9999 -9999 -9999 -9999 -9999 -9999 -9999 -9999 -9999 -9999 -9999 -9999 -9999 -0.09495279933933326 -0.11269497075725513 -0.11406073413546315 -0.10528485843425857 -0.09826711453902333 -0.09539793225248222 -0.08234923073778985 -0.08182133582380158 -0.09101761045420298 -0.08462312584742906 -0.07708729720552976 -0.07578694891265553 -0.07181932321628154 -0.07709489003552689 -0.07906547231275751 -0.07870961701416451 -0.08296793964488998 -0.08033294882625341 -0.08234299603930634 -0.08132576124499674 -0.08133207591574483 -0.0802659193944672 -0.08234235522863659 -0.07600375497713685 -0.0770115311783941 -0.07373961850838817 -0.07482440320208023 0.02454143456871744 -9999 -9999 -9999 -9999 -9999 -9999 -9999 -9999 -9999 -9999 -9999
-9999 -9999 -9999 -9999 -9999 -9999 -9999 -9999 -9999 -9999 -9999 -9999 -0.018564504004366992 -0.08037537625869329 -0.08875600483430468 -0.11147286356224316 -0.09778088227967204 -0.10184843186289068 -0.08597380099008267 -0.0814675425543733 -0.07966131366708358 -0.0769174300822551 -0.08086144304631843 -0.06628542656645825 -0.0609773381046303 -0.06481417742274376 -0.06917198878996395 -0.07219959325764491 -0.07750314476130449 -0.0823158202490405 -0.07988137271984114 -0.07418430562171603 -0.07207095218093497 -0.07084460001762792 -0.07446068391689786 -0.07057213491719701 -0.06834446284515057 -0.07113212753978115 -0.08008011580323399 -0.07108070168887143 -0.07501875775177841 -9999 -9999 -9999 -9999 -9999 -9999 -9999 -9999 -9999 -9999 -9999
-9999 -9999 -9999 -9999 -9999 -9999 -9999 -9999 -9999 -9999 -9999 -0.0982649516638206 -0.06656256395027688 -0.051777156150859316 -0.04731125538439857 -0.0915179515621908 -0.0763130200945813 -0.07775024164711003 -0.08033326733857392 -0.07605487221608992 -0.07550958133019181 -0.0683347218791428 -0.06156163073509285 -0.038866642052712674 -0.06499707796003508 -0.061808559760127335 -0.06287735465752038 -0.06324048542782018 -0.06788010455910927 -0.06928229362339428 -0.0688273094230048 -0.0713038792752701 -0.07076169072609884 -0.06810307905644825 -0.0707581776558705 -0.06301074134914775 -0.07278181934405281 -0.07612697336741764 -0.07849652022528264 -0.08698787872234115 -9999 -9999 -9999 -9999 -9999 -9999 -9999 -9999 -9999 -9999 -9999 -9999
-9999 -9999 -9999 -9999 -9999 -9999 -9999 -9999 -9999 -9999 -0.08117284745220904 -0.11423082898735355 -0.1062630703875228 -0.10448609468648618 -0.10473797514872707 -0.08838515957493498 -0.08557583907943056 -0.08100964096577272 -0.07415082508131215 -0.054023244276480864 -0.0755851107609013 -0.062346775226456985 -0.059804661523388813 -0.06763341504594557 -0.07596761492364434 -0.07374283977095852 -0.07384673455406142 -0.0687289073577394 -0.06414479144808387 -0.06360372074920195 -0.061579586452116135 -0.05867715801476786 -0.06261379949991469 -0.06865710378422041 -0.0728442500466886 -0.07290061611844145 -0.06958430873877974 -0.07550617364113749 -0.08145674062973779 -9999 -9999 -9999 -9999 -9999 -9999 -9999 -9999 -9999 -9999 -9999 -9999 -9999
-9999 -9999 -9999 -9999 -9999 -9999 -9999 -9999 -9999 -9999 -9999 -9999 -0.044300428713145434 -0.09405112011439126 -0.07183809043920558 -0.0726184152957538 -0.07818798465735237 -0.0804973565163496 -0.07657252916175382 -0.07238922294472222 -0.045793816447258 -0.062113514332019774 -0.061344144683655226 -0.06581573728876923 -0.07216874449311395 -0.07252157463327696 -0.07284112596560433 -0.0731179471046704 -0.07027807252724533 -0.06742559624430927 -0.059092007698896165 -0.05894970650906151 -0.05566911630170501 -0.06704983433060667 -0.07177271388228174 -0.07543549146098283 -0.07118404818617774 -0.07298215438166389 -0.07999520032140227 -0.08725889077734039 -9999 -9999 -9999 -9999 -9999 -9999 -9999 -9999 -9999 -9999 -9999 -9999
-9999 -9999 -9999 -9999 -9999 -9999 -9999 -9999 -9999 -9999 -9999 -0.04727199033874535 -0.07248307136899751 -0.044211854145902674 -0.07598519796991476 -0.06393854546806088 -0.062225421505939675 -0.06795047535358563 -0.06878514436033106 -0.0625028950972078 -0.0640746632023998 -0.062158982350450476 -0.05348045555064857 -0.05351613587497367 -0.061531244291235576 -0.06514957978430648 -0.06294783316147717 -0.06423931540516409 -0.06426470834032992 -0.061566724867114564 -0.059362479586802075 -0.0597699550182923 -0.061292686256701534 -0.06365457946515601 -0.06908445959181891 -0.07678122703066986 -0.08829470768408931 -0.0896239204575186 -0.09027725419677474 -9999 -9999 -9999 -9999 -9999 -9999 -9999 -9999 -9999 -9999 -9999 -9999 -9999
-9999 -9999 -9999 -9999 -9999 -0.027956366296047752 -0.10006954644442256 -0.05564894911873602 -0.008273067681685786 0.007766312352665117 0.009538358320360651 -0.08369900253803836 -0.08256735745817423 -0.07932347281957453 -0.07073664082133252 -0.44204505941952055 -0.06391688926226419 -0.07020469846041955 -0.06379992456134898 -0.06280578148510796 -0.05883702453549794 -0.05623717573673831 -0.0585183979457487 -0.056234588380903006 -0.058418714238897614 -0.058398080463318736 -0.061685665470102576 -0.05989027302712203 -0.059032130257590965 -0.059110930432444024 -0.05934760053439631 -0.057793590341411176 -0.056258859902458325 -0.058565397200215134 -0.061453029391882234 -0.07606781152603415 -0.08812107398863067 -0.08825848259679647 -9999 -9999 -9999 -9999 -9999 -9999 -9999 -9999 -9999 -9999 -9999 -9999 -9999 -9999
-9999 -9999 -9999 -9999 -0.05964239872992039 -0.021936895406764467 -0.010933400698654006 -0.09064759344429424 -0.09059894088979648 -0.08562459875627054 -0.08088424182294507 -0.0728609015881691 -0.060104604668753274 -0.05350208733959688 -0.03635535769812442 -0.05998923880574498 -0.06206593670598842 -0.06643076656062319 -0.061001372199667565 -0.061945212782239134 -0.0600520121743498 -0.05418655235806236 -0.049463497940450914 -0.0554035638620996 -0.05496040140481101 -0.05683396732353646 -0.05517978192833456 -0.051957915030905744 -0.05533759510549513 -0.0554716769484398 -0.054834014614639104 -0.05868399793120184 -0.0505455826287684 -0.04727359553394112 -0.04851990857202071 -9999 -9999 -9999 -9999 -9999 -9999 -9999 -9999 -9999 -9999 -9999 -9999 -9999 -9999 -9999 -9999 -9999
-9999 -9999 -9999 0.12083231977632508 -0.049463874619940014 -0.09720978740116826 -0.015385773194872832 -0.06784957537994435 -0.058111938384726 -0.05757712250899361 -0.05216805723941198 -0.03885683714938554 -0.03791457590768521 -0.06216756768686616 -0.06493361974539963 -0.05835711134030769 -0.061828991216 -0.06596743799341115 -0.060133752818016924 -0.05689410899725295 -0.0563364160328132 -0.05360556572027825 -0.05175105304173805 -0.048375105687781535 -0.049501299473416534 -0.053038403553807234 -0.04740912025875371 -0.050360707343434515 -0.04981325279273413 -0.04734327036725439 -0.04856727286444412 -9999 -9999 -9999 -9999 -9999 -9999 -9999 -9999 -9999 -9999 -9999 -9999 -9999 -9999 -9999 -9999 -9999 -9999 -9999 -9999 -9999
-9999 -9999 -9999 0.10323278365008852 0.1302656533560999 -0.027497512774299016 -0.06361558932163147 -0.04451327532043925 0.00696135583617119 -0.057823810382219724 -0.06424590892603865 -0.07297665935576607 -0.0723962732793196 -0.06889527029884251 -0.06342451517348703 -0.05657591103859566 -0.05673969437813625 -0.055449081645549625 -0.06083628992833522 -0.058425134007373584 -0.05108416335576255 -0.04457370086532575 -0.0485823452067764 -0.04783579391305864 -0.04417745062433509 -0.04393756187156489 -0.04217323624407465 -0.043059670730777384 -0.0456735711220814 -9999 -9999 -9999 -9999 -9999 -9999 -9999 -9999 -9999 -9999 -9999 -9999 -9999 -9999 -9999 -9999 -9999 -9999 -9999 -9999 -9999 -9999 -9999
-9999 -9999 -9999 0.059177818363937325 -0.014039391570765005 0.009832630055430114 -0.0066897795819070285 -0.054822946554454736 -0.060010676312705735 -0.04259253119159001 -0.05351956210949499 -0.04925834936211293 -0.05424086561264552 -0.061292968892856785 -0.06138429343295487 -0.05687239851154712 -0.05510033893844357 -0.05033721934761037 -0.05597854577733774 -0.05436068819835782 -0.0509935999289155 -0.04638131952885055 -0.05171808116542903 -0.05010866169291345 -0.041525249551657706 -0.04358955205458659 -0.05765153554713597 -0.0798267095511698 -9999 -9999 -9999 -9999 -9999 -9999 -9999 -9999 -9999 -9999 -9999 -9999 -9999 -9999 -9999 -9999 -9999 -9999 -9999 -9999 -9999 -9999 -9999 -9999
-9999 -9999 -9999 0.11304163744511166 0.00801828827546991 0.02303264144322148 0.036177298216068236 0.062254968423234365 0.012128342752871337 -0.0630632245346256 -0.058875383282809175 -0.07194942418161943 -0.056560895425955875 -0.05469350725331384 -0.05776658767591353 -0.057451763716728776 -0.056507506549520366 -0.050492367484485316 -0.05259246109863341 -0.051550226549253515 -0.04842109000310302 -0.05172676477662247 -0.05373372908924584 -0.06005421343623945 -0.053972632320516765 -0.060315928381422274 -0.051622590110839695 -9999 -9999 -9999 -9999 -9999 -9999 -9999 -9999 -9999 -9999 -9999 -9999 -9999 -9999 -9999 -9999 -9999 -9999 -9999 -9999 -9999 -9999 -9999 -9999 -9999
-9999 -9999 -9999 -9999 -0.023628577428019604 -0.08692795317620039 -0.08182311013502919 -0.06849354681680386 -0.0718279318762538 -0.06261971617198507 -0.06962218682241178 -0.05426065884935466 -0.07717976352685818 -0.06916796768327121 -0.06160488582985554 -0.060444706565012114 -0.06046532315161565 -0.06244798524953099 -0.053853740611963935 -0.05263109027367571 -0.049203539975797315 -0.052630976085429576 -0.05282375821843746 -0.058826487450658 -9999 -9999 -9999 -9999 -9999 -9999 -9999 -9999 -9999 -9999 -9999 -9999 -9999 -9999 -9999 -9999 -9999 -9999 -9999 -9999 -9999 -9999 -9999 -9999 -9999 -9999 -9999 -9999
