metrics/grid_rasters/SMAP L4/grideval_SMAP L4_X_summer_2017_absolute_pearson_r.asc
ncols 52
nrows 55
xllcorner     11.25
yllcorner     55.25
cellsize      0.25
NODATA_value  -9999
[rows 0 to 28 of 55, columns 0 to 51 of 52]
-9999 -9999 -9999 -9999 -9999 -9999 -9999 -9999 -9999 -9999 -9999 -9999 -9999 -9999 -9999 -9999 -9999 -9999 -9999 -9999 -9999 -9999 -9999 -9999 -9999 -9999 -9999 -9999 -9999 -9999 -9999 -9999 -9999 -9999 -9999 -9999 0.5558844000912869 0.5009445410306261 0.6087063305700349 -9999 -9999 -9999 -9999 -9999 -9999 -9999 -9999 -9999 -9999 -9999 -9999 -9999
-9999 -9999 -9999 -9999 -9999 -9999 -9999 -9999 -9999 -9999 -9999 -9999 -9999 -9999 -9999 -9999 -9999 -9999 -9999 -9999 -9999 -9999 -9999 -9999 -9999 -9999 -9999 -9999 -9999 -9999 -9999 -9999 -9999 -9999 -9999 -9999 0.457691041110601 0.601614223276226 0.6755943268838989 0.7248481459821695 0.6912533813083668 0.6528394276370357 -9999 -9999 -9999 -9999 -9999 -9999 -9999 -9999 -9999 -9999
-9999 -9999 -9999 -9999 -9999 -9999 -9999 -9999 -9999 -9999 -9999 -9999 -9999 -9999 -9999 -9999 -9999 -9999 -9999 -9999 -9999 -9999 -9999 -9999 -9999 -9999 -9999 0.7421175463277294 0.7163217659438262 0.5814233807422107 0.4930700531829261 0.7046891339277002 0.4984229433729801 0.2069443473625494 -9999 0.3620415788755965 0.5676155300887789 0.6610953761608529 0.6869355997930653 0.589390585570176 0.6356327385799878 0.6270985932795665 0.584493185699408 0.5296911768844534 0.4814735202298782 0.41359276124255145 -9999 -9999 -9999 -9999 -9999 -9999
-9999 -9999 -9999 -9999 -9999 -9999 -9999 -9999 -9999 -9999 -9999 -9999 -9999 -9999 -9999 -9999 -9999 -9999 -9999 -9999 -9999 -9999 -9999 -9999 -9999 -9999 -9999 0.5434452457812928 0.5594968213074898 0.43716431880142936 0.22619482597307994 0.3756838399108221 0.406136414669996 0.34013736349854584 0.27842036102088474 0.4015586274852784 0.44878666252253896 0.5461280573966913 0.6641838974317371 0.6992997706617856 0.7115179875305775 0.6889468295331855 0.6490084578510517 0.6495188323357901 0.6125312566402499 0.5425583329383887 0.4953955260845289 0.4301370710108677 -9999 -9999 -9999 -9999
-9999 -9999 -9999 -9999 -9999 -9999 -9999 -9999 -9999 -9999 -9999 -9999 -9999 -9999 -9999 -9999 -9999 -9999 -9999 -9999 -9999 -9999 0.6458207490586652 0.5524475706782619 0.5950653791622772 0.617247467391563 0.7367047558072883 0.6041476389123381 0.5359145639879215 0.4894431996411703 0.30797217855459824 0.2875402969473983 0.4749556799013082 0.4497037748726892 0.4744263140498674 0.5121269025487383 0.5545431750959775 0.5517434537643854 0.661239075270033 0.7194119082718536 0.7210910661704297 0.6388569193354678 0.6132113289053136 0.6901559929627534 0.6717077181882589 0.5825266224387796 0.5812204418893783 0.5464529006856962 0.5156909003840372 -9999 -9999 -9999
-9999 -9999 -9999 -9999 -9999 -9999 -9999 -9999 -9999 -9999 -9999 -9999 -9999 -9999 -9999 -9999 -9999 -9999 -9999 -9999 -9999 0.5321579219351293 0.610442859263078 0.5744409481801855 0.7340720912755292 0.7731841219826959 0.7718176374842847 0.6171173336516393 0.5803927707760446 0.30968124272440906 0.2751980553251092 0.40427461818414384 0.5658202253003763 0.5795518153379098 0.6295787630662719 0.6292665729133926 0.6747154263700976 0.6697227815098805 0.6917024825484173 0.7030966195328207 0.6974290132068639 0.6495316111042758 0.6155575563275065 0.5882643801930161 0.5432798944753797 0.4874717523300194 0.44148047737806495 0.4581196703675248 0.4594584339972699 -9999 -9999 -9999
-9999 -9999 -9999 -9999 -9999 -9999 -9999 -9999 -9999 -9999 -9999 -9999 -9999 -9999 -9999 -9999 -9999 -9999 -9999 -9999 0.4214340029499846 0.5648722690789615 0.5562910233767004 0.6461077519608659 0.7315259261649414 0.6890809722049435 0.638243098320719 0.6620453895309796 0.7470083674386397 0.7677316815922846 0.6683499344235297 0.6665315443568149 0.7024276523073543 0.7238797195327513 0.6854453849251176 0.7038674777549085 0.7272484226594782 0.7318608477973236 0.6926771226548772 0.6776397722398844 0.6704162194416978 0.6718005367017271 0.4974252170625161 0.34542853728146666 0.28394779663403136 0.09761343695424902 0.11636067130912205 -9999 0.1174872103909004 0.2268825245490257 -9999 -9999
-9999 -9999 -9999 -9999 -9999 -9999 -9999 -9999 -9999 -9999 -9999 -9999 -9999 -9999 -9999 -9999 -9999 -9999 -9999 -9999 -9999 0.4793361897257278 0.5057527184369037 0.6146696900441239 0.6721089298358363 0.6929293341360601 0.6826281589359153 0.6638291741086058 0.6260403622541921 0.7949905687452863 0.802043133233772 0.7671971429075835 0.700079127996823 0.7441124051423484 0.7336599114884735 0.6715481645274155 0.7325880681414952 0.7379260918287889 0.7139594851982864 0.6718617171540153 0.6494899295261234 0.6096078592938539 0.5887111998574971 0.4033445428850922 0.1631224374716512 -9999 -9999 0.1037482577200234 0.17680484733786234 -9999 -9999 -9999
-9999 -9999 -9999 -9999 -9999 -9999 -9999 -9999 -9999 -9999 -9999 -9999 -9999 -9999 -9999 -9999 -9999 -9999 -9999 0.6418853373288198 0.666615979967399 0.6765569115544006 0.660607339251348 0.6731975489798392 0.7138032817774147 0.6158049573290083 0.6215943407173836 0.6602052036151753 0.7139166549465585 0.7206813459059559 0.7312201209182201 0.7333742504808816 0.7187003335142987 0.7084173717212541 0.6935725282839638 0.6133894619491305 0.7230762656997832 0.7212709335090283 0.687194974581542 0.6194942045706018 0.5905680443952555 0.36266082592620935 0.2280489020887319 0.2724100102600485 0.2265590096899428 0.14884051177750518 0.1305973888234259 0.375339647387324 0.3236055822328319 0.152299160059095 0.2757459095656869 -9999
-9999 -9999 -9999 -9999 -9999 -9999 -9999 -9999 -9999 -9999 -9999 -9999 -9999 -9999 -9999 -9999 -9999 -9999 0.5683467754914603 0.6081497669897125 0.6399057707471845 0.70124655242191 0.7364330513959259 0.7536319631378943 0.7317909050580279 0.7405343392345265 0.7772487602225514 0.6084939167663679 0.5424793588287213 0.6456980828987796 0.6419865350864675 0.5003163393905696 0.5477834016062038 0.5517343891506419 0.6059739282845049 0.621723443434994 0.6372517780628826 0.6782420243994023 0.6055396864590417 0.5448670642723811 0.523017093659302 0.4649949019159755 0.23397389605055 0.3649994122851177 0.329244023596846 0.3070265175903443 0.31136036458488825 0.4542629884826464 0.5394839112454551 0.4531721629080016 0.4916188035150333 -9999
-9999 -9999 -9999 -9999 -9999 -9999 -9999 -9999 -9999 -9999 -9999 -9999 -9999 -9999 -9999 -9999 -9999 0.5835239272554404 0.6102220796901985 0.7220145590294993 0.6342645645777387 0.528833520782117 0.6289426809884433 0.7383220201807987 0.7726443994380676 0.747486685970663 0.6893354784954727 0.6296649743190645 0.5540224288619836 0.4499211072293722 0.4478310391501881 0.3785773603030437 0.3335669834880038 0.1967188516104829 0.2321523857973793 0.329431127113526 0.3814965229885405 0.329894020358759 0.26524630199512145 0.21651865232039225 -9999 0.15213561803848366 0.41850091705820397 0.484317380484869 0.35302958184652833 0.19835815966848072 0.25438292510911154 0.439102492651286 0.4582958065539649 0.31514424566536103 -9999 -9999
-9999 -9999 -9999 -9999 -9999 -9999 -9999 -9999 -9999 -9999 -9999 -9999 -9999 0.6333231793651392 0.6065041206983686 0.6125221303977257 0.6076541829589592 0.6274297248831313 0.6575367925002822 0.6293470467226894 0.6272614027542972 0.7381583417982942 0.745282331444879 0.7090591258001766 0.7458617056144585 0.7216595695869054 0.6433458310599918 0.5284982927797794 0.3207800899283849 0.2760456685326921 0.2463263811137104 0.21811706598437489 0.2328707790524641 0.0983196011083107 0.13110113673192578 0.2274200687177257 0.17252404429826926 0.10169884659929433 0.10582452227604758 0.2323180796872931 0.2922536700653449 0.3005356677111242 0.290515028734826 0.4035668235287075 0.4071041547402801 0.2276078270587354 0.2876171257425848 0.2690188342530889 0.3929683550987355 0.22122773029009973 0.1993002581735503 -9999
-9999 -9999 -9999 -9999 -9999 -9999 -9999 -9999 -9999 -9999 -9999 -9999 -9999 0.5385943420277974 0.7392338333733877 0.8566168211216458 0.8332699516453873 0.8444983338266427 0.8218825288253032 0.7537382213820918 0.5666427464135868 0.6262455384684049 0.6418910917304989 0.6766316379038775 0.6074538692859424 0.6523183043110121 0.6423631923398345 0.4646650037539227 0.3074752185238867 0.22009024297656596 0.21023333298536126 0.2230786195246571 0.1439283318477622 0.1962746433396058 0.2035882262750695 0.1986290193607218 0.2614909882291277 0.2048001613876836 0.12998693788940532 0.17224200360659306 0.1534145063921369 0.1774056712817449 0.2297887976567497 0.1098411137002578 -9999 0.13695247190958304 0.11595381791250725 0.16893873399011886 0.13229847349016588 0.18773811912415692 0.2262659521610998 0.3423737615674862
-9999 -9999 -9999 -9999 -9999 -9999 -9999 -9999 -9999 -9999 -9999 -9999 -9999 0.7125639831722641 0.8177675247618144 0.6594178784167968 0.6734326114393672 0.7648493068118273 0.6442963894493416 0.6545285267244563 0.6497156860001543 0.6820488983889998 0.6467599726979691 0.6660821940051566 0.5787094801952014 0.4035177677578148 0.2805530797717234 0.3457696941689883 0.3705108328410716 0.20186474396942394 0.18384603175303207 0.07368995848219392 0.1044428470750445 0.12784500425310608 0.10099613883332882 0.07989983443811086 0.13187314964463553 0.1411778033523287 0.1266673320691582 0.16477923060739608 0.2011894985933241 0.2320466433967872 0.2299348101747409 0.20925626727130928 -9999 -9999 -9999 -9999 -9999 -9999 -9999 -9999
-9999 -9999 -9999 -9999 -9999 -9999 -9999 -9999 -9999 -9999 -9999 -9999 -9999 0.7584477767511435 0.7235955762326035 0.5086279274843943 0.7014543753472762 0.7741709384210279 0.6857668277774642 0.7733699080497087 0.7463077598313796 0.6588860021333329 0.6220888283897574 0.6434975170198989 0.5281806195894271 0.4274835627962565 0.2935417665143394 0.2186415725227942 0.2157978585761316 0.09054767191530347 0.12816590405887596 0.09185061345436182 0.07521231490945042 0.09851523494240866 0.09412171785900683 -9999 0.12335593967017056 0.15368041936119312 0.16958786137665086 0.2479422028746213 0.4036781741884656 -9999 -9999 -9999 -9999 -9999 -9999 -9999 -9999 -9999 -9999 -9999
-9999 -9999 -9999 -9999 -9999 -9999 -9999 -9999 -9999 -9999 -9999 -9999 0.6447189602221868 0.6224618795056279 0.5476627338965514 0.27464030602476097 0.562730882286645 0.6272630398718588 0.7079588704984394 0.7531301526747359 0.6401015973131083 0.6003640383615685 0.7208432142930433 0.625330191825016 0.5146931438290964 0.3952518557504561 0.2615957983365177 0.19915687597587967 0.1746554375864967 0.1062724377795404 0.10655523756073584 -9999 0.09391100405630368 0.20651282792504974 0.18077160718930407 0.19256561368432187 0.1381351273113235 0.1363811733520608 0.14829883918893005 0.3464439119220365 0.3821199373972518 -9999 -9999 -9999 -9999 -9999 -9999 -9999 -9999 -9999 -9999 -9999
-9999 -9999 -9999 -9999 -9999 -9999 -9999 -9999 -9999 -9999 -9999 0.807279376159963 0.7389310233712366 0.6559881748895158 0.6490904020312734 0.6603652540309075 0.6318127962449007 0.6794607724800739 0.7342099195903748 0.7226720233187102 0.6395487633486936 0.6190752491134192 0.5815492426458355 0.5707014798003286 0.5239805083939517 0.42829762559525947 0.3151672709132152 0.2452534271528489 0.19844434012928244 0.17049972553254067 0.16684107783137414 0.12687166669566546 0.19840942163465555 0.21351533200197867 0.18660381745962112 0.19712747119487686 0.128852737051933 0.19591567288913625 0.2962800728083659 0.3616281907784058 -9999 -9999 -9999 -9999 -9999 -9999 -9999 -9999 -9999 -9999 -9999 -9999
-9999 -9999 -9999 -9999 -9999 -9999 -9999 -9999 -9999 -9999 0.4152465197284208 0.581906066040406 0.7465408339448625 0.7267272134745029 0.6220777222070637 0.7136812358194309 0.7544423967354335 0.7858104287388592 0.7609270668660866 0.7583880593747689 0.7699497870294181 0.6706612521097767 0.6506440597272778 0.6157650540464323 0.5336576245055509 0.43636469901181374 0.3386129968963779 0.2442414362870497 0.2591099192565578 0.2671798303302321 0.3067303206670233 0.3129129183496234 0.30783569994998083 0.2831258092725492 0.23876110160529634 0.1921721578750975 0.2641552074683632 0.266705349027051 0.3141281172389282 -9999 -9999 -9999 -9999 -9999 -9999 -9999 -9999 -9999 -9999 -9999 -9999 -9999
-9999 -9999 -9999 -9999 -9999 -9999 -9999 -9999 -9999 -9999 -9999 -9999 0.6408081388250866 0.6395363040572823 0.7133186622350789 0.7763123308391726 0.7516310370723119 0.7108706366299149 0.7171710965189271 0.7192673137157743 0.6915272686694712 0.7043965449514213 0.7039494689538541 0.6714128504271841 0.592206467392091 0.5506240988668265 0.5089582280860594 0.4869435703019593 0.4601598867595703 0.4315812478541092 0.4966992695330059 0.4605866756767564 0.4395706393815696 0.32937897684660844 0.276109675914796 0.2337878974423777 0.2449193338073713 0.2502297229071793 0.3096640555694745 0.32920904614291346 -9999 -9999 -9999 -9999 -9999 -9999 -9999 -9999 -9999 -9999 -9999 -9999
-9999 -9999 -9999 -9999 -9999 -9999 -9999 -9999 -9999 -9999 -9999 0.6451618713091276 0.6748783746869533 0.5362050141360188 0.6905125028317082 0.7418380836174903 0.7560945702196503 0.7151435433689816 0.7128908835900135 0.7269076775343284 0.7374725645868191 0.7284333400658347 0.7085013931546553 0.6871679414962659 0.6197222841934169 0.5836293135422344 0.5867818361981991 0.6197318016298956 0.6391545464161914 0.6166704710454829 0.6024430201445697 0.5606076624322298 0.4678844910885374 0.34738684916238616 0.2538374665921528 0.20587723201523744 0.11914719221618927 0.2361766975953967 0.34340238924122546 -9999 -9999 -9999 -9999 -9999 -9999 -9999 -9999 -9999 -9999 -9999 -9999 -9999
-9999 -9999 -9999 -9999 -9999 0.6951003068988182 0.7583203146279524 0.6912834831624345 0.6201034895203654 0.5403518219132395 0.5210630828855101 0.6751315241709838 0.6790896985820344 0.6564773584434724 0.6908087699211167 0.6588601731677801 0.7135966796587834 0.6987845905157892 0.7214421195053418 0.7180449981070475 0.7430188268632325 0.7498287544144526 0.7303143182591323 0.6924982590723661 0.6605543975769926 0.6038218549214012 0.5658049842216522 0.6213300418830559 0.6247667827571469 0.6151299944776311 0.6304213334621656 0.582524750064402 0.5138590534885279 0.39777523276786103 0.3484745542916441 0.3066864552228877 0.2887146259890728 0.3359321524760908 -9999 -9999 -9999 -9999 -9999 -9999 -9999 -9999 -9999 -9999 -9999 -9999 -9999 -9999
-9999 -9999 -9999 -9999 0.7331552739610581 0.565803814585716 0.7576559730087034 0.6859503177920112 0.6755652889386372 0.696172727265884 0.7044572380436811 0.7133584983475141 0.7075621909370264 0.7014181508586737 0.6982694736254105 0.6732746362201554 0.6994400584576357 0.7017390903601057 0.7408954059518376 0.7315091719592582 0.7458760181801577 0.7815688914068057 0.7730039141815093 0.6958813170094307 0.6340552259989458 0.5518638576830779 0.4909282965431986 0.511363850437321 0.5209446850947452 0.5196343324994835 0.5731246944948217 0.4039817463379162 0.4067366435492989 0.4708741114484037 0.4500119813970065 -9999 -9999 -9999 -9999 -9999 -9999 -9999 -9999 -9999 -9999 -9999 -9999 -9999 -9999 -9999 -9999 -9999
-9999 -9999 -9999 0.5868001891331645 0.6953687667333974 0.6007855856319575 0.6943659974640851 0.6574954864936534 0.6205640774921352 0.6354565173743898 0.6546860870631697 0.7585069586412039 0.7379371683746305 0.6657566995701759 0.6391652196301844 0.6626620770203931 0.6702939351914077 0.6580497947290346 0.7133184136335347 0.7357511382487479 0.7464449317030323 0.7458519250995846 0.7109375001377894 0.6554104931690541 0.6222334319055731 0.5347615403099553 0.513380022412469 0.5761687751316031 0.6051215517244528 0.6427413070459879 0.7097028148589619 -9999 -9999 -9999 -9999 -9999 -9999 -9999 -9999 -9999 -9999 -9999 -9999 -9999 -9999 -9999 -9999 -9999 -9999 -9999 -9999 -9999
-9999 -9999 -9999 0.5994613335615153 0.5023074354826491 0.7622987233245564 0.7328087290387777 0.6954789095210052 0.6260366389546971 0.6323115508038579 0.648707244891352 0.6924931737393878 0.6895123254202479 0.6511280795235923 0.6384246949217383 0.6445662563212046 0.6462364316642759 0.6442421027542609 0.6563323784993199 0.7137030508942352 0.7434561838065079 0.7514059920314655 0.6895721162447929 0.6558858878194541 0.6341141053557913 0.5717817615164975 0.5277319992362506 0.6310843140094407 0.6662658051592033 -9999 -9999 -9999 -9999 -9999 -9999 -9999 -9999 -9999 -9999 -9999 -9999 -9999 -9999 -9999 -9999 -9999 -9999 -9999 -9999 -9999 -9999 -9999
-9999 -9999 -9999 0.6949936743690375 0.7182178054222434 0.7478371740371415 0.660104313616078 0.712023355466973 0.595207804363291 0.5535964135882567 0.5610758582990776 0.6227475022972601 0.6837759286926957 0.6630329545381718 0.6304434186346989 0.622155295692585 0.6473772682413735 0.6653591675537527 0.6349285520762782 0.6516621568190968 0.6243039929109306 0.6430978922475286 0.6386236496441313 0.6002474487809971 0.5896027765903858 0.5917969608955116 0.6148487095959081 0.40459226135134696 -9999 -9999 -9999 -9999 -9999 -9999 -9999 -9999 -9999 -9999 -9999 -9999 -9999 -9999 -9999 -9999 -9999 -9999 -9999 -9999 -9999 -9999 -9999 -9999
-9999 -9999 -9999 0.6969463219377479 0.6765262284508934 0.5723509578067231 0.638241067234425 0.6802197482074401 0.6235425496645861 0.5517774657237546 0.5326138451987104 0.6037812461041083 0.6761893555672981 0.7009188411393896 0.670350963481605 0.6695384579027615 0.6836771216525429 0.6892368534237161 0.6443750654828582 0.6016584520786569 0.5720655165167852 0.5890865437004229 0.5870837178701314 0.5744738794374294 0.5580600967975267 0.5914363794454678 0.6704653015038344 -9999 -9999 -9999 -9999 -9999 -9999 -9999 -9999 -9999 -9999 -9999 -9999 -9999 -9999 -9999 -9999 -9999 -9999 -9999 -9999 -9999 -9999 -9999 -9999 -9999
-9999 -9999 -9999 -9999 0.6890882400220157 0.6188308546376198 0.5983158937490333 0.6583267777088715 0.5977083701552901 0.6091920823442301 0.5887022805335076 0.5218263002664979 0.5182528225761935 0.5488655168078962 0.6600623209568983 0.7190464367532096 0.7212232749466128 0.7061759170216834 0.6989587634547144 0.641599855083637 0.5915170425798557 0.6100449101863734 0.63975243973596 0.6365069054321117 -9999 -9999 -9999 -9999 -9999 -9999 -9999 -9999 -9999 -9999 -9999 -9999 -9999 -9999 -9999 -9999 -9999 -9999 -9999 -9999 -9999 -9999 -9999 -9999 -9999 -9999 -9999 -9999
-9999 -9999 -9999 -9999 0.600120514936035 0.5906818832969369 0.549743273391363 0.4591097198161138 0.4790423584249652 0.5446849869907877 0.6381250174920963 0.6184458763605734 0.5596874044714704 0.4961204038844062 0.6075359819711252 0.7230683457561775 0.7455883447846454 0.7430693909647923 0.7599301659005748 0.7030588301272221 0.6578513293818145 0.6468068291279516 0.6326292126710904 0.6437450779617322 0.6168880079849705 -9999 -9999 -9999 -9999 -9999 -9999 -9999 -9999 -9999 -9999 -9999 -9999 -9999 -9999 -9999 -9999 -9999 -9999 -9999 -9999 -9999 -9999 -9999 -9999 -9999 -9999 -9999
-9999 -9999 -9999 -9999 0.6511621156984486 0.6416519654838921 0.6272248890026251 0.4800840482141747 0.40455172220137625 0.6033935521814662 0.6945690350406852 0.7147675593292582 0.6904934496650119 0.6509740397431194 0.7260241722545273 0.7926282270808911 0.8017057345405108 0.8051149823271677 0.8463594762796858 0.8382728748488611 0.8048860081572644 0.7876229657991861 0.7534898202006923 0.7353261326795207 -9999 -9999 -9999 -9999 -9999 -9999 -9999 -9999 -9999 -9999 -9999 -9999 -9999 -9999 -9999 -9999 -9999 -9999 -9999 -9999 -9999 -9999 -9999 -9999 -9999 -9999 -9999 -9999
