metrics/grid_rasters/SMAP L4/grideval_SMAP L4_S_summer_absolute_ubrmsd.asc
ncols 52
nrows 55
xllcorner     11.25
yllcorner     55.25
cellsize      0.25
NODATA_value  -9999
[rows 0 to 27 of 55, columns 0 to 51 of 52]
-9999 -9999 -9999 -9999 -9999 -9999 -9999 -9999 -9999 -9999 -9999 -9999 -9999 -9999 -9999 -9999 -9999 -9999 -9999 -9999 -9999 -9999 -9999 -9999 -9999 -9999 -9999 -9999 -9999 -9999 -9999 -9999 -9999 -9999 -9999 -9999 0.03411092989881465 0.033168660708129884 0.03274973907570345 -9999 -9999 -9999 -9999 -9999 -9999 -9999 -9999 -9999 -9999 -9999 -9999 -9999
-9999 -9999 -9999 -9999 -9999 -9999 -9999 -9999 -9999 -9999 -9999 -9999 -9999 -9999 -9999 -9999 -9999 -9999 -9999 -9999 -9999 -9999 -9999 -9999 -9999 -9999 -9999 -9999 -9999 -9999 -9999 -9999 -9999 -9999 -9999 -9999 0.0364438751123318 0.034981601953262505 0.03324475637873787 0.031244963809610168 0.035041875952544814 0.033852748460550856 -9999 -9999 -9999 -9999 -9999 -9999 -9999 -9999 -9999 -9999
-9999 -9999 -9999 -9999 -9999 -9999 -9999 -9999 -9999 -9999 -9999 -9999 -9999 -9999 -9999 -9999 -9999 -9999 -9999 -9999 -9999 -9999 -9999 -9999 -9999 -9999 -9999 0.0224477170670223 0.028576191421860762 0.030499155326670194 0.023335553417451572 0.03078783021645925 0.035560434291236 0.039774049282524114 -9999 0.041744733819610115 0.037276214293805635 0.03628275190276404 0.03574040179683935 0.03998188417661575 0.044995128243868164 0.04422530683954391 0.04427243974855809 0.03798565821446159 0.04233587288855395 0.04607491566051399 -9999 -9999 -9999 -9999 -9999 -9999
-9999 -9999 -9999 -9999 -9999 -9999 -9999 -9999 -9999 -9999 -9999 -9999 -9999 -9999 -9999 -9999 -9999 -9999 -9999 -9999 -9999 -9999 -9999 -9999 -9999 -9999 -9999 0.025873042381459148 0.02597112334103521 0.028615659781066886 0.03150537227312029 0.028158821889263237 0.033286291867950867 0.038321840561713005 0.03816605796029722 0.03900868900427155 0.039823944615222505 0.03869106737660349 0.04190609998934036 0.04249567692587377 0.04474809728612933 0.044899585401818966 0.04505739950145365 0.043537609111913456 0.04644453447580909 0.042905079690815584 0.04210847736857056 0.040607155808951016 -9999 -9999 -9999 -9999
-9999 -9999 -9999 -9999 -9999 -9999 -9999 -9999 -9999 -9999 -9999 -9999 -9999 -9999 -9999 -9999 -9999 -9999 -9999 -9999 -9999 -9999 0.02599503470516374 0.01949116634263855 0.022335537493428242 0.02527547566310152 0.02570939106398843 0.027526193413607847 0.029824683537301232 0.02881466674129808 0.030374581944326132 0.03333072349942174 0.03507776202613986 0.03992904006612357 0.03944578283221075 0.04019700758583316 0.03602079388115599 0.0307777368985595 0.0320790897641822 0.032342889299517986 0.03434385345780377 0.044031681585726776 0.04297881826794716 0.033787313409527536 0.03377378152048785 0.038486204252738784 0.034873495494620065 0.03306563813063753 0.03340942251389187 -9999 -9999 -9999
-9999 -9999 -9999 -9999 -9999 -9999 -9999 -9999 -9999 -9999 -9999 -9999 -9999 -9999 -9999 -9999 -9999 -9999 -9999 -9999 -9999 0.025644510885323147 0.024519387751026044 0.021997022919880045 0.019180504669920558 0.018377465327760988 0.02582600323923593 0.02540660728067381 0.025053900171705543 0.0268979584367722 0.0316542179029471 0.037572094358392434 0.040161319489202534 0.04156627728126243 0.04214987831723257 0.039837131227549484 0.040643105391651786 0.039537524275848016 0.03267521125380548 0.032974904304617705 0.03203645843781623 0.03297515746265762 0.033913676466386836 0.033907182579956584 0.034106124492734466 0.03566993895226826 0.035437997328431135 0.034222339285481546 0.034461436884382336 -9999 -9999 -9999
-9999 -9999 -9999 -9999 -9999 -9999 -9999 -9999 -9999 -9999 -9999 -9999 -9999 -9999 -9999 -9999 -9999 -9999 -9999 -9999 0.02100819552073091 0.01991929010178333 0.02701074219389639 0.02644166204199406 0.028552851045551605 0.031508708361235135 0.02931610004021573 0.026216175012806632 0.02667909885432842 0.028302572641445527 0.03313962208474173 0.04209297037757315 0.043853562760968585 0.04593254093488186 0.052756405571575765 0.04245536361197332 0.0432214123332269 0.04238179563839181 0.04279653972504747 0.03567223788534473 0.033345042407179865 0.03211144030492951 0.035859178698445605 0.03708424374484555 0.034967386250407406 0.03996777557627771 0.04113529233742814 0.043740098217449085 0.040548964797869284 0.03853757662935833 -9999 -9999
-9999 -9999 -9999 -9999 -9999 -9999 -9999 -9999 -9999 -9999 -9999 -9999 -9999 -9999 -9999 -9999 -9999 -9999 -9999 -9999 -9999 0.028626539888740136 0.028735603429710682 0.028789570166732625 0.0269492503156793 0.027868371873731947 0.029706887872080742 0.03131455090437653 0.03724777891619649 0.03986187164790672 0.03741893562583248 0.03524263608854234 0.030599774944160038 0.033319476647327734 0.03378504094981275 0.03675995587033338 0.0330175228402665 0.033987835748535984 0.03642979211820551 0.03483336344998509 0.034261025794867186 0.03491401153286285 0.035357328531409014 0.038865538217996105 0.0401739449210042 0.04154232348891787 0.04284361166686655 0.0443214516312583 0.041242417281950584 -9999 -9999 -9999
-9999 -9999 -9999 -9999 -9999 -9999 -9999 -9999 -9999 -9999 -9999 -9999 -9999 -9999 -9999 -9999 -9999 -9999 -9999 0.030826802175274868 0.032006035800762216 0.02994652448500795 0.03058097692021328 0.031057808988097468 0.03337696749765408 0.0483786565392123 0.04192988377420923 0.034992480937513865 0.03942280428934647 0.04143055471656435 0.038309393149483784 0.03750423810886536 0.035850823453635584 0.03678479480324102 0.034429918487644984 0.035867132604522185 0.03249641841866022 0.03345171051761989 0.035718910113078976 0.03589935874283371 0.03541651869462554 0.03754129305375902 0.03887797931456448 0.039516893284443834 0.042296669299295465 0.0417333034949304 0.04084006237410875 0.04013403806645266 0.04319592657239856 0.04492082864966405 0.04144002790628271 -9999
-9999 -9999 -9999 -9999 -9999 -9999 -9999 -9999 -9999 -9999 -9999 -9999 -9999 -9999 -9999 -9999 -9999 -9999 0.03249830410112085 0.03154293244667627 0.03329572692448004 0.03473129507804753 0.039378445808185066 0.04016691836324477 0.03447335148545005 0.04179597279608102 0.04558797675925128 0.05597143963602245 0.05386812465689845 0.041160882449340935 0.0390339414905428 0.036180096272247296 0.034465266590293815 0.036474511864511214 0.03597380829705138 0.03441227649401677 0.035609000991081045 0.03493341616890299 0.035472489174504115 0.03538237194717638 0.03599031770007766 0.03706213548253669 0.03935017813547826 0.038694235478674524 0.04102161420086578 0.042159719101012905 0.04132937099070171 0.041166775039938236 0.04016744261536337 0.041210872750471535 0.03966619240498242 -9999
-9999 -9999 -9999 -9999 -9999 -9999 -9999 -9999 -9999 -9999 -9999 -9999 -9999 -9999 -9999 -9999 -9999 0.033840490368577544 0.03383967593797668 0.037034045608834526 0.038982893493666806 0.04355950888903815 0.041990189256661835 0.03992887811659993 0.04144288185923264 0.04356686167896763 0.04386701471506542 0.039642980484757166 0.041033770355989235 0.03964427921711527 0.037833741037763546 0.03943520472417055 0.03882776493814797 0.03875493539838068 0.03906202456142301 0.039594517460799186 0.039529931810035134 0.040783003330830736 0.03992606214439609 0.03892974426147002 0.04124182903885217 0.04049765646348455 0.03714918674239261 0.0387570745454235 0.04081904954920729 0.04306640123323628 0.0417625466248444 0.04040114082240925 0.04067095611928781 0.04410871775867737 -9999 -9999
-9999 -9999 -9999 -9999 -9999 -9999 -9999 -9999 -9999 -9999 -9999 -9999 -9999 0.03256074837127992 0.029263076909424382 0.031627372555443865 0.03114207722946653 0.029167987752893906 0.02995572250800638 0.028629449697661583 0.03175984566603826 0.04005772078850988 0.04120113873776185 0.044688594737401215 0.039078256116232814 0.03147040592590252 0.03134013310166393 0.03988051770416202 0.047850766876567495 0.04382367487848576 0.04087286797527562 0.04335424884891444 0.04038895803097705 0.04222574415581112 0.04192855718256418 0.04081380613135025 0.04061846283275937 0.043637217487503085 0.04361837495803236 0.041774029130167915 0.04145963351035207 0.04026343032231198 0.03987259455622657 0.04012062971423401 0.04178747892797239 0.04439961360627085 0.04344458667075679 0.04570937162649569 0.0433187516796406 0.045993927793658594 0.04604802940939877 -9999
-9999 -9999 -9999 -9999 -9999 -9999 -9999 -9999 -9999 -9999 -9999 -9999 -9999 0.031764608056571185 0.029382236560594376 0.0349430864588352 0.04432429102000274 0.037112882467769975 0.03482507544700703 0.030121822686596043 0.04277746750974317 0.04707075900960815 0.04690246769517011 0.04350963964095702 0.03877347316838424 0.033251675963295924 0.016481014393275636 0.03643955256645382 0.032057496550765105 0.038846897904379035 0.03827472261142767 0.03724135370088973 0.038435740310644416 0.039238712870651615 0.04269426714358306 0.04243698649400361 0.04093583937226652 0.04201986316010786 0.0435973187189042 0.04350052433326779 0.043277879270144384 0.04488455200650295 0.044622531918581725 0.05200178502300954 0.05919518385872364 0.0489544781035174 0.05251759785864854 0.05011155709146185 0.05111847509222072 0.04839920638133622 0.047616862217840186 0.0436517556258562
-9999 -9999 -9999 -9999 -9999 -9999 -9999 -9999 -9999 -9999 -9999 -9999 -9999 0.031015798571014462 0.0395980940016472 0.040795499024312766 0.0377319616845193 0.039571380994269593 0.040810185311975083 0.041697260768896745 0.044199115005910734 0.0417944510422776 0.03878584021643504 0.033519995117122836 0.035884058184618116 0.03826875275891558 0.03841228890203498 0.019998138070661718 0.02441388945162748 0.03795320898700732 0.037583647215525116 0.03856103613193275 0.038004708560789364 0.037114863658540095 0.03737423656106734 0.038658599707830914 0.03930942443162591 0.03919963358619362 0.04058885944432152 0.04326703943472024 0.04235754638368641 0.04201325155420554 0.04174367478157947 0.046290688075294614 -9999 -9999 -9999 -9999 -9999 -9999 -9999 -9999
-9999 -9999 -9999 -9999 -9999 -9999 -9999 -9999 -9999 -9999 -9999 -9999 -9999 0.039009130161708656 0.035171704621978425 0.036425048666302993 0.03173041875857824 0.036958386621993904 0.04127348932199041 0.034534484746210216 0.0340066542794932 0.03093783319521774 0.03708348477197385 0.04001174184367831 0.03958011916633058 0.039464254005288885 0.039236210319346564 0.03855247418860657 0.03899292013453298 0.042429311624654624 0.04173190160925982 0.03923663260964039 0.03798085434667183 0.03850316994936808 0.03886511042797595 0.03882937036407901 0.03797738225482578 0.0389633759290167 0.041321958810664985 0.04283511731979371 0.040905394379325236 -9999 -9999 -9999 -9999 -9999 -9999 -9999 -9999 -9999 -9999 -9999
-9999 -9999 -9999 -9999 -9999 -9999 -9999 -9999 -9999 -9999 -9999 -9999 0.035382024806678264 0.03932528393728762 0.03897107349417733 0.04265314448298765 0.03895169879191675 0.04005278562898072 0.04059776123634309 0.033813437626654806 0.034934595377367116 0.035117613636458885 0.030064631087888764 0.0353977541279991 0.039569148319806055 0.03959641428093516 0.04258517092210543 0.04210359316465045 0.040763760041725376 0.039989257357431085 0.040256335788199225 0.04252057634269703 0.03911393006337778 0.0390191337202426 0.03866084148729045 0.03873149334254538 0.03998492663912543 0.041594483131580685 0.04217613306440584 0.04154233468183687 0.04056705006059498 -9999 -9999 -9999 -9999 -9999 -9999 -9999 -9999 -9999 -9999 -9999
-9999 -9999 -9999 -9999 -9999 -9999 -9999 -9999 -9999 -9999 -9999 0.03828531380328968 0.041108093476786095 0.04237323388533915 0.03897683222179252 0.04452902789395391 0.04395837116984493 0.042250953729533545 0.036139603689050406 0.036713034369734214 0.03739708439678922 0.03786091556435765 0.0386765142026018 0.037790330097713085 0.03809398503700928 0.04164577470323882 0.0430038579082002 0.04448359384243725 0.0441967894048273 0.042184407110522106 0.0418328954460575 0.041350880009603394 0.036883074266445916 0.03830625416448719 0.03835660550869418 0.03980016033438704 0.0423000366423397 0.04415106577532075 0.04374854185576428 0.04758889301922031 -9999 -9999 -9999 -9999 -9999 -9999 -9999 -9999 -9999 -9999 -9999 -9999
-9999 -9999 -9999 -9999 -9999 -9999 -9999 -9999 -9999 -9999 0.04613800056484337 0.04507591730608584 0.04758309277666841 0.04551457590002809 0.044430802319907314 0.04494412796951181 0.039078402442438126 0.03582835396376163 0.03828094567742838 0.03534479308990681 0.03122428646542962 0.03655119596177319 0.037398175012456736 0.03661655348030959 0.03734913599352317 0.038649185913609184 0.0407888880874049 0.042130477728199 0.041973409712120775 0.04282300498946354 0.04248897381501802 0.0406197084492454 0.03893899804590584 0.03796205313219137 0.03946145042537368 0.04175171361903579 0.042821939504800136 0.04420985056555533 0.04333184577963145 -9999 -9999 -9999 -9999 -9999 -9999 -9999 -9999 -9999 -9999 -9999 -9999 -9999
-9999 -9999 -9999 -9999 -9999 -9999 -9999 -9999 -9999 -9999 -9999 -9999 0.03584173869152512 0.032164704572131296 0.03349536162193795 0.0381833685540201 0.04161709304766864 0.04278241949691036 0.04106826917486769 0.04014826846598589 0.04000490089086082 0.03781520145408585 0.037749361264636135 0.038983455754039616 0.040054918123942164 0.0393056929155452 0.040016668599961835 0.039469398822411926 0.040502600323668383 0.04220383636008513 0.04220632175194583 0.040278629657972284 0.03983772158955234 0.039739051561809416 0.04050445956685692 0.04028627424808486 0.0409636038279739 0.04025609479017035 0.04099520759905122 0.04796328528679486 -9999 -9999 -9999 -9999 -9999 -9999 -9999 -9999 -9999 -9999 -9999 -9999
-9999 -9999 -9999 -9999 -9999 -9999 -9999 -9999 -9999 -9999 -9999 0.049636953935136466 0.04733200149950706 0.04236818648567397 0.0431274638211195 0.040158170360507936 0.04083426448524002 0.04259775785815625 0.04217519143549765 0.042286159551503666 0.040942672612020704 0.039442649806151225 0.04006326026768831 0.040654893466584865 0.0406966692233685 0.04028322143013046 0.04074868922543316 0.039717456278103976 0.039098352389431434 0.041546030517739564 0.04217613171408846 0.04118587989745602 0.04266789330290368 0.0439114533132535 0.04437526152286681 0.04256675129036888 0.04188217039461941 0.039978486698707766 0.03864892003635497 -9999 -9999 -9999 -9999 -9999 -9999 -9999 -9999 -9999 -9999 -9999 -9999 -9999
-9999 -9999 -9999 -9999 -9999 0.044322193417283065 0.04058828961425242 0.042050165571737366 0.04200538632039034 0.0486766161307672 0.05231884468237742 0.04045748716441593 0.037615907260447404 0.041825629872128456 0.043685953720850136 0.047666992561677536 0.048516963968507305 0.04407916410084807 0.04420635376803216 0.045200318663328284 0.044139779328264316 0.04499269058821411 0.04473235291282154 0.04635281070496403 0.045290381259003525 0.044522470282528655 0.044335800677844525 0.04448483137507145 0.0439289557877007 0.04320966722186601 0.04322717595002752 0.04519303320294768 0.04612943145915081 0.046116999903534385 0.04539420364319033 0.042379711377504806 0.04090585455153995 0.0388070325155707 -9999 -9999 -9999 -9999 -9999 -9999 -9999 -9999 -9999 -9999 -9999 -9999 -9999 -9999
-9999 -9999 -9999 -9999 0.03823558340623552 0.0356885522392475 0.03644875543670177 0.031234551198986407 0.04377368593420335 0.042132185318415394 0.04432477067515416 0.045315563757125414 0.04354776856143669 0.044652312449344034 0.041663552449068025 0.043156951445783485 0.04344699696224452 0.04420404899027637 0.04340402310522235 0.04466194997631299 0.047234136839712886 0.04905371064050923 0.04563231345104668 0.04634519628487385 0.04640486390803305 0.04577219298161762 0.04722576601135398 0.0470175776101742 0.04671495276166969 0.0467294488384359 0.04677851639318213 0.060065228682809974 0.06266614776908412 0.056027502305634524 0.05339197128472961 -9999 -9999 -9999 -9999 -9999 -9999 -9999 -9999 -9999 -9999 -9999 -9999 -9999 -9999 -9999 -9999 -9999
-9999 -9999 -9999 0.04158580861276498 0.03848783115617247 0.03002988378252936 0.03254852128168274 0.03894757240808303 0.03732989681474313 0.03940817566402897 0.04313894399957534 0.0367980660436254 0.03686421608361709 0.04140190435798835 0.04096347224260565 0.04066081725991011 0.041150960755570495 0.043736040495943096 0.04433348970478399 0.04602942207358016 0.047900072227834406 0.05039591892593349 0.049660964005285815 0.04880682069074276 0.047876723220764465 0.04697949838976445 0.04657143475503468 0.04709715475295027 0.04771811218123435 0.046378926028111236 0.045243661431626565 -9999 -9999 -9999 -9999 -9999 -9999 -9999 -9999 -9999 -9999 -9999 -9999 -9999 -9999 -9999 -9999 -9999 -9999 -9999 -9999 -9999
-9999 -9999 -9999 0.03727246049098193 0.03657944841622465 0.03346613031264772 0.037052221418593725 0.03631058123133759 0.033703060122467834 0.036660233005180495 0.042291150010308386 0.023202093838360603 0.01634312408093666 0.03984785032164316 0.04077575699022348 0.03890575996912569 0.04021724586941273 0.04170734405869541 0.04368936242128525 0.04638047437444246 0.0468893645908742 0.04745575598784863 0.04746145298227728 0.048077264649013664 0.048603796341907465 0.04824799585970986 0.04758384634393807 0.04670262878607909 0.047137927573905336 -9999 -9999 -9999 -9999 -9999 -9999 -9999 -9999 -9999 -9999 -9999 -9999 -9999 -9999 -9999 -9999 -9999 -9999 -9999 -9999 -9999 -9999 -9999
-9999 -9999 -9999 0.03710720414854079 0.043857216265285486 0.04070354555877905 0.03920022048503439 0.03408173867345079 0.03660899830473531 0.0384145911070724 0.04086962635970987 0.041795387882595965 0.04437848892289428 0.041572733711965466 0.03878487439069505 0.03643526925209873 0.038096331815673665 0.04114270403592615 0.044444983659970884 0.0453885660896765 0.04615177078317651 0.045887825900683465 0.04589181702975868 0.04732810571734762 0.04829089218160712 0.04818352003486634 0.0484249370617908 0.05341978442964696 -9999 -9999 -9999 -9999 -9999 -9999 -9999 -9999 -9999 -9999 -9999 -9999 -9999 -9999 -9999 -9999 -9999 -9999 -9999 -9999 -9999 -9999 -9999 -9999
-9999 -9999 -9999 0.04640267411497556 0.04681411761615845 0.048324310952586866 0.04109317483079941 0.03741658103710918 0.039013791653227006 0.040848433767603685 0.04297364040757752 0.04305810785936615 0.04272524344001104 0.040940908250730185 0.04016383088050995 0.03972362734179796 0.040450467706908036 0.04275888013701724 0.04487458773906355 0.046389515252899034 0.04408191098483012 0.045270497692103874 0.04716770939484212 0.04793801148620098 0.048254722285802326 0.04700753250671474 0.04609760818733137 -9999 -9999 -9999 -9999 -9999 -9999 -9999 -9999 -9999 -9999 -9999 -9999 -9999 -9999 -9999 -9999 -9999 -9999 -9999 -9999 -9999 -9999 -9999 -9999 -9999
-9999 -9999 -9999 -9999 0.038436483690117235 0.0365629897064037 0.03986110913457861 0.04037338408536624 0.044244385529693536 0.04945512818508824 0.04743679200895085 0.045061556705252886 0.04304692393779799 0.04429695278045432 0.042957038064214234 0.04217013619734055 0.0425726064396925 0.0445764845695968 0.04495696623549899 0.045423060981013834 0.04642222552073003 0.04937904291955636 0.05052600916939784 0.04942966387971681 -9999 -9999 -9999 -9999 -9999 -9999 -9999 -9999 -9999 -9999 -9999 -9999 -9999 -9999 -9999 -9999 -9999 -9999 -9999 -9999 -9999 -9999 -9999 -9999 -9999 -9999 -9999 -9999
-9999 -9999 -9999 -9999 0.048560327608101576 0.04495308357566012 0.04571545867653453 0.042388425181583284 0.03891628488980695 0.042589248971347415 0.047679823005996234 0.050085244668966564 0.04611814648577338 0.044703353665428144 0.04510167734159995 0.04251197920586588 0.0435684552446929 0.04536812360780447 0.04547779684565395 0.04756396553157459 0.048289472958710486 0.0494583801247295 0.0492093883579142 0.048159454845559564 0.04730970808176388 -9999 -9999 -9999 -9999 -9999 -9999 -9999 -9999 -9999 -9999 -9999 -9999 -9999 -9999 -9999 -9999 -9999 -9999 -9999 -9999 -9999 -9999 -9999 -9999 -9999 -9999 -9999
