metrics/grid_rasters/SMAP L4/grideval_SMAP L4_Y_2015_anomaly_pearson_r.asc
ncols 52
nrows 55
xllcorner     11.25
yllcorner     55.25
cellsize      0.25
NODATA_value  -9999
[rows 0 to 28 of 55, columns 0 to 51 of 52]
-9999 -9999 -9999 -9999 -9999 -9999 -9999 -9999 -9999 -9999 -9999 -9999 -9999 -9999 -9999 -9999 -9999 -9999 -9999 -9999 -9999 -9999 -9999 -9999 -9999 -9999 -9999 -9999 -9999 -9999 -9999 -9999 -9999 -9999 -9999 -9999 0.7427772479450588 0.7282037636601864 0.7469840279370288 -9999 -9999 -9999 -9999 -9999 -9999 -9999 -9999 -9999 -9999 -9999 -9999 -9999
-9999 -9999 -9999 -9999 -9999 -9999 -9999 -9999 -9999 -9999 -9999 -9999 -9999 -9999 -9999 -9999 -9999 -9999 -9999 -9999 -9999 -9999 -9999 -9999 -9999 -9999 -9999 -9999 -9999 -9999 -9999 -9999 -9999 -9999 -9999 -9999 0.6235566935044505 0.655600961332891 0.5959390228197111 0.6965777554226291 0.7150878750202467 0.7473724523421292 -9999 -9999 -9999 -9999 -9999 -9999 -9999 -9999 -9999 -9999
-9999 -9999 -9999 -9999 -9999 -9999 -9999 -9999 -9999 -9999 -9999 -9999 -9999 -9999 -9999 -9999 -9999 -9999 -9999 -9999 -9999 -9999 -9999 -9999 -9999 -9999 -9999 0.7298187880363959 0.7923603925284726 0.8297291080506807 0.7874243242961344 0.8189417144506012 0.8306950640675866 0.7331036209392273 -9999 0.5896912074364484 0.6228849099802469 0.6297599133256967 0.6527600882915036 0.6776127576144303 0.6704983015255123 0.6687531502822954 0.6619699335622486 0.6820579863770447 0.612837383638114 0.590138652821895 -9999 -9999 -9999 -9999 -9999 -9999
-9999 -9999 -9999 -9999 -9999 -9999 -9999 -9999 -9999 -9999 -9999 -9999 -9999 -9999 -9999 -9999 -9999 -9999 -9999 -9999 -9999 -9999 -9999 -9999 -9999 -9999 -9999 0.8021219554818579 0.7797580841789401 0.6970529879171155 0.6396809368522098 0.6819098560437316 0.6770460056178931 0.5938496357559118 0.5316304898948785 0.5408211693203726 0.5965662855458892 0.6713317856051828 0.7550575475244368 0.7444608668306089 0.7257480940901159 0.7118211626075475 0.6799144925974736 0.6879309720112115 0.6796518538624292 0.6643771301767719 0.6942789701719132 0.6929330688192966 -9999 -9999 -9999 -9999
-9999 -9999 -9999 -9999 -9999 -9999 -9999 -9999 -9999 -9999 -9999 -9999 -9999 -9999 -9999 -9999 -9999 -9999 -9999 -9999 -9999 -9999 0.7919869293271841 0.6994785699088127 0.7307726307429071 0.7336913207878506 0.7662053276987003 0.7928527492448314 0.7912910382159344 0.7374359133046129 0.6736674196655371 0.7226039137171909 0.6828976736658593 0.6770658054123821 0.6827260335016505 0.7130559166150777 0.6827000359534836 0.7130617100197418 0.7669236250361283 0.7733255417544193 0.7575417636519095 0.7526507468527379 0.7381880002447361 0.7423208605713331 0.7209802129016492 0.707953345756872 0.7251366926177816 0.7299689051874626 0.7432728498502149 -9999 -9999 -9999
-9999 -9999 -9999 -9999 -9999 -9999 -9999 -9999 -9999 -9999 -9999 -9999 -9999 -9999 -9999 -9999 -9999 -9999 -9999 -9999 -9999 0.7751581832804041 0.7033215475721751 0.6520858297368527 0.7418812347144068 0.8268196354814957 0.8367493771474026 0.8114832720990011 0.8006914223189099 0.6476117360806566 0.6378445155413448 0.7015755679400618 0.7222108335830397 0.730643780092489 0.7448383678650774 0.7132156353035359 0.7623387398137503 0.7735746722105757 0.784326963593321 0.7749529391522536 0.7599171870250847 0.7493460614054048 0.7334210519092895 0.728576874331446 0.7204929472587129 0.7153786920501283 0.7149753041876556 0.7220914223943937 0.7347059386733916 -9999 -9999 -9999
-9999 -9999 -9999 -9999 -9999 -9999 -9999 -9999 -9999 -9999 -9999 -9999 -9999 -9999 -9999 -9999 -9999 -9999 -9999 -9999 0.7423290525028572 0.7707792717922071 0.7768875932401531 0.803280327344738 0.8357717140102183 0.8346738305699444 0.8383832292306823 0.8263747322723531 0.8311725004982727 0.8358274238206271 0.8027808055089785 0.7785794556280301 0.7759966084119383 0.7531694394078451 0.7112406044480417 0.7708343596552552 0.7784875536520357 0.7913696949717122 0.7725077881769176 0.7857907963462398 0.777249627589982 0.7771411415682679 0.7201807772272453 0.6912591087942936 0.7594601866078818 0.6948737460479769 0.6833193359630771 0.662586961580705 0.6825922936840387 0.6851596453472577 -9999 -9999
-9999 -9999 -9999 -9999 -9999 -9999 -9999 -9999 -9999 -9999 -9999 -9999 -9999 -9999 -9999 -9999 -9999 -9999 -9999 -9999 -9999 0.7556580363573855 0.7141417676650881 0.7578165451721817 0.7974404060544791 0.8180660139730699 0.8027547560893977 0.8137965731876926 0.7869618586590221 0.8159568745044816 0.7777960523555905 0.7739053177178687 0.7400714129413657 0.7805731714550368 0.8026867232622044 0.7558555971734664 0.7993526908654824 0.7963869256442919 0.7843438771593855 0.7887390903093889 0.7786035568085956 0.765520235494799 0.767242052760585 0.7112183893675234 0.7009370441101851 0.6954705059710682 0.6854231230861489 0.683488396601022 0.6945862030273899 -9999 -9999 -9999
-9999 -9999 -9999 -9999 -9999 -9999 -9999 -9999 -9999 -9999 -9999 -9999 -9999 -9999 -9999 -9999 -9999 -9999 -9999 0.7947324576104322 0.7905130303577756 0.7521119937337128 0.7007059847593902 0.6817052946100706 0.7687450026845579 0.7776373821233431 0.7912787811198609 0.8152298562731559 0.8316091265423668 0.8467187038355091 0.8415603815706403 0.8210118232867719 0.8141566524378268 0.8012952112342857 0.7903995018856165 0.7301408014963033 0.8005731312263885 0.8032751818826254 0.7911613749747022 0.7902958002548722 0.7920212838555071 0.7782694566375805 0.7784746973047242 0.7743157908878378 0.7186775755069053 0.7287747148428225 0.7230999724001774 0.7421418700546165 0.7002847181782054 0.6761295692069618 0.7299042481555685 -9999
-9999 -9999 -9999 -9999 -9999 -9999 -9999 -9999 -9999 -9999 -9999 -9999 -9999 -9999 -9999 -9999 -9999 -9999 0.7423679166528976 0.7379024002892896 0.7298973324055145 0.6907431458746165 0.7713260105917694 0.7893848283004441 0.7784651467146877 0.8079742665436344 0.8054002746703932 0.8075595936814857 0.8151681311332986 0.8422067280837631 0.8413000492636771 0.8093780178449199 0.815166785471477 0.7926366844653698 0.7973753731292504 0.8071450581411013 0.7994116720065632 0.8087569079433996 0.8136629232309307 0.8124994334799285 0.8047645856589919 0.7914152830862022 0.7642046585427681 0.7526761240637797 0.740884586778572 0.7141708295261222 0.7102209059588107 0.7158179106929856 0.7375001966771538 0.7117256655699471 0.7145010195180892 -9999
-9999 -9999 -9999 -9999 -9999 -9999 -9999 -9999 -9999 -9999 -9999 -9999 -9999 -9999 -9999 -9999 -9999 0.6950012623283504 0.6978380708335926 0.77563842018547 0.7336728005576207 0.6780364223576127 0.7613532476695709 0.7914713645414873 0.7907994645622329 0.7837031821203402 0.7766657043840055 0.8329473126600688 0.8084534684104402 0.8100972626777299 0.8108511834116807 0.8095671427758815 0.8143972800440926 0.8004987251278064 0.8014590586532268 0.8091968859566874 0.8091357674194597 0.7930932932469492 0.8065354651601206 0.8024832418355895 0.7008584890472138 0.6811873978521801 0.7721394020107887 0.7470960970074659 0.7240682638012356 0.6948823777219838 0.6908684879062438 0.6952489887643307 0.7035687225777187 0.6634715283960799 -9999 -9999
-9999 -9999 -9999 -9999 -9999 -9999 -9999 -9999 -9999 -9999 -9999 -9999 -9999 0.7172675960344905 0.6466046145741018 0.6714729177971768 0.6934550266543751 0.6447345173187018 0.630904996906585 0.6655953786833524 0.6319501329344208 0.6819304271154529 0.7529361266681628 0.7322130496091015 0.7605669867499791 0.7167424178627547 0.8024940256131357 0.8102211488333217 0.7787893851202672 0.7850242767612479 0.7900129702836978 0.7892433710785711 0.8063188472302143 0.7985425409889508 0.8099844165095276 0.8242394759937546 0.8287817776966484 0.7692099053257166 0.7707801908151726 0.8161882784287788 0.8226306200797002 0.8017379825097906 0.7925015036754828 0.7790044058623872 0.7693764270934502 0.7156692810582088 0.7091435127779129 0.6991363405735398 0.7318199362399549 0.669494739239032 0.6467857544504252 -9999
-9999 -9999 -9999 -9999 -9999 -9999 -9999 -9999 -9999 -9999 -9999 -9999 -9999 0.6913095212297427 0.6700135686000066 0.7548407408617712 0.7768501165329984 0.8040739165650854 0.7557145615744829 0.7393151633169086 0.7370276455439858 0.7053969881846683 0.7182936341317618 0.7475236537964045 0.7830904081262563 0.8080183464077632 0.8176863247406445 0.8243399604080497 0.8145638742781366 0.8200058139661353 0.8216230042297149 0.8139058561153316 0.8131952301639465 0.8204877392429888 0.8137143106510059 0.8172336780374776 0.8106280477587862 0.7853871865160567 0.7930033058175644 0.8193314068585721 0.8219877890657095 0.7941961551895577 0.8069010986971848 0.8206306195488571 0.6989916573963558 0.8034566243230568 0.7850622356336276 0.7847153793894988 0.7651742832296922 0.7269498098294229 0.7119547151542729 0.721234089148928
-9999 -9999 -9999 -9999 -9999 -9999 -9999 -9999 -9999 -9999 -9999 -9999 -9999 0.6842647630945344 0.7568593621778651 0.7867308378663098 0.8003049755317144 0.7952285774251198 0.6364235816642849 0.6536882458979731 0.6470042553994675 0.6770387930318673 0.6686095129323747 0.7240139809613648 0.7627427982208547 0.7734052059665169 0.7847187386323802 0.8123743929627953 0.8266312424281452 0.8319431944480554 0.8333090581186877 0.8233015396675616 0.8262183979854754 0.8232184568296963 0.8256016382982184 0.8294142566142297 0.8057175646527172 0.7840902715093352 0.8041530679422578 0.8341217790649813 0.853173519642484 0.8708711241405799 0.8785761727931379 0.8896751420639348 -9999 -9999 -9999 -9999 -9999 -9999 -9999 -9999
-9999 -9999 -9999 -9999 -9999 -9999 -9999 -9999 -9999 -9999 -9999 -9999 -9999 0.7572704685434148 0.7368385219054785 0.7517126609526237 0.774206498697692 0.7779452293409197 0.5935111538500637 0.6160038004922912 0.6049292822906913 0.6425646283056996 0.6742625506173779 0.7233985067447285 0.7597945630799936 0.8067374519527376 0.8051581642078158 0.8071110204033216 0.8151324878442548 0.8119267330356508 0.8237816171946343 0.8271606961905926 0.8289414081176741 0.8252869176419299 0.8225532905891675 0.8024991072177606 0.8246068604055351 0.8154692213458841 0.8364435263475145 0.8535672603596036 0.8143352071583649 -9999 -9999 -9999 -9999 -9999 -9999 -9999 -9999 -9999 -9999 -9999
-9999 -9999 -9999 -9999 -9999 -9999 -9999 -9999 -9999 -9999 -9999 -9999 0.5846887646283574 0.6276084500598504 0.6970125999579218 0.6657183455720683 0.6807536808004733 0.5837859360876396 0.5716901278437972 0.5788142743313824 0.6529997200360254 0.7049398758253393 0.6957516974352117 0.7062444087007165 0.7523733264748365 0.7927494652142046 0.8009057678074203 0.8004423921840127 0.8129733606810688 0.8173491232400917 0.8319347937694035 0.8282400932984576 0.8273896646233854 0.8315512996549302 0.8368656550180109 0.8357940978925635 0.8392146482648348 0.8366251500305861 0.8720805199639979 0.8832282612212976 0.8937245005912415 -9999 -9999 -9999 -9999 -9999 -9999 -9999 -9999 -9999 -9999 -9999
-9999 -9999 -9999 -9999 -9999 -9999 -9999 -9999 -9999 -9999 -9999 0.7266735884125479 0.7001176059146976 0.6461984496774398 0.6672121299847047 0.6878123165943728 0.6626752532922549 0.6008821442324217 0.5425627211072572 0.6530478748577115 0.7008811961695114 0.6995538509822449 0.7240072516912417 0.7535542638555766 0.7333279976187687 0.7954925332570872 0.8119776229558271 0.8202769725592621 0.8249679594388044 0.8397042281049021 0.8497809243740619 0.8464573591067426 0.8292949496669983 0.8203136760707432 0.8280959433047566 0.8166816711337799 0.8194768944282498 0.8041086108514517 0.8259105077299673 0.8440027976679148 -9999 -9999 -9999 -9999 -9999 -9999 -9999 -9999 -9999 -9999 -9999 -9999
-9999 -9999 -9999 -9999 -9999 -9999 -9999 -9999 -9999 -9999 0.4528082788332395 0.3967357277680221 0.7250995420865249 0.707153068610765 0.5448172371260029 0.5939242630187543 0.5713589898415063 0.5904774103068933 0.5732062065081918 0.7078810565837433 0.6963749657424736 0.7380191313433324 0.7313400368848952 0.7392373611203731 0.7408040793343746 0.7843334054230473 0.802074569060174 0.8324220546267891 0.8501219393384756 0.8519163395334453 0.8595864879639037 0.8551892777690827 0.8337967920374592 0.8159935075477285 0.8035565072014258 0.7835421063257204 0.7932488280974621 0.7911126176755288 0.8233542251703138 -9999 -9999 -9999 -9999 -9999 -9999 -9999 -9999 -9999 -9999 -9999 -9999 -9999
-9999 -9999 -9999 -9999 -9999 -9999 -9999 -9999 -9999 -9999 -9999 -9999 0.4971873697710829 0.5386606676130226 0.5054621693349063 0.5648020330702117 0.6410093657306126 0.6723445237413677 0.7073972862118494 0.6948301353685535 0.7523919517329059 0.7131886692845262 0.7091366936420941 0.7387656950690957 0.7678445749407319 0.7922678989487717 0.7996540527465664 0.8210474866985413 0.8437054281022092 0.8422329449811418 0.8432854174502801 0.8412745395854677 0.8145690058186543 0.8023055032362014 0.7935002210898741 0.7898299421928927 0.7947342776429038 0.8124464687534524 0.8530691490013704 0.8603613254086122 -9999 -9999 -9999 -9999 -9999 -9999 -9999 -9999 -9999 -9999 -9999 -9999
-9999 -9999 -9999 -9999 -9999 -9999 -9999 -9999 -9999 -9999 -9999 0.4276442411430106 0.5572857476950035 0.6163449009094606 0.4861018048111298 0.6180697335119905 0.6619418960178063 0.6745058796157944 0.6752647141058032 0.7108394878114395 0.7022856987241627 0.6895730895421602 0.6984780732512899 0.7424284970646179 0.7700814010941625 0.7932970827003554 0.8132826282918035 0.8223345076374018 0.8328861846131429 0.8322279016537542 0.8378776763036342 0.8340043168394518 0.8215791851099961 0.822609587088162 0.8327133598118271 0.849822437119772 0.8491652060527228 0.8620566737656044 0.8642597014956717 -9999 -9999 -9999 -9999 -9999 -9999 -9999 -9999 -9999 -9999 -9999 -9999 -9999
-9999 -9999 -9999 -9999 -9999 0.6739598422339284 0.7213714479523184 0.6801203313318855 0.6778836145742324 0.6776391947994698 0.5859011651029329 0.5209468131091843 0.5478929717171481 0.5883562470594719 0.604924923114113 0.6541075140899039 0.6909006801648758 0.7041063481932408 0.715772768967613 0.7321887705424999 0.7255341694373941 0.7220475909544728 0.7538048977330327 0.7334334204672581 0.7404434405661817 0.7681227184351551 0.7871110620631067 0.8023761873370201 0.8067297779664798 0.8013439538470684 0.8155176317051787 0.7981750487217107 0.8085014557096872 0.8359658889461115 0.8572680592892029 0.8588173647396634 0.8482938851925308 0.8671440594008987 -9999 -9999 -9999 -9999 -9999 -9999 -9999 -9999 -9999 -9999 -9999 -9999 -9999 -9999
-9999 -9999 -9999 -9999 0.626319951386338 0.5935386179041084 0.6622063063822238 0.5771858617962466 0.6243304912843063 0.6696679898198765 0.6951041323223072 0.6772162971313325 0.7042790532613248 0.678115823398879 0.6910919249663805 0.7042840824592982 0.7411931128369529 0.7432145781520578 0.7543849435913956 0.7475887219121748 0.7336844079882279 0.7618854891858635 0.7806545156617051 0.7731211536570689 0.7666868896469685 0.778190813979889 0.8000827908167208 0.8076617498450045 0.8100488233245116 0.8035977091584701 0.8103439723532833 0.8120344945535904 0.8156684571448773 0.8649508866769353 0.8673909344004359 -9999 -9999 -9999 -9999 -9999 -9999 -9999 -9999 -9999 -9999 -9999 -9999 -9999 -9999 -9999 -9999 -9999
-9999 -9999 -9999 0.541045055810095 0.5986743901383299 0.5440919963306473 0.5115147459508844 0.5422687106241293 0.6069705571085997 0.6595610566705792 0.7101293865505598 0.7140646581867243 0.7516037077836868 0.7560658266094914 0.7294247068981706 0.7616845178127262 0.7520290621368609 0.7252271486277588 0.7486525600514531 0.7443833100212508 0.7474693655131215 0.7558565910435939 0.7629323003765759 0.7766575040392191 0.7857564865585194 0.7902070936261105 0.8104129050661815 0.8146198954856705 0.8163345759627219 0.8159123694197932 0.8189936209238441 -9999 -9999 -9999 -9999 -9999 -9999 -9999 -9999 -9999 -9999 -9999 -9999 -9999 -9999 -9999 -9999 -9999 -9999 -9999 -9999 -9999
-9999 -9999 -9999 0.5030196083919058 0.5221438602321665 0.5094447288250958 0.4948211661276073 0.46496891642113397 0.5329487044905798 0.580250377029452 0.6561111313942753 0.7441299366077975 0.681760018240088 0.7295455624806357 0.7487577849513869 0.7572652580489283 0.7443147545884677 0.7007680961986082 0.7412237852020049 0.7498838736614839 0.7308899059736693 0.7576983876765344 0.7713878464069444 0.7867920173187428 0.802453474036593 0.7923084026683253 0.7950668869791546 0.8039196549569119 0.8230303874069078 -9999 -9999 -9999 -9999 -9999 -9999 -9999 -9999 -9999 -9999 -9999 -9999 -9999 -9999 -9999 -9999 -9999 -9999 -9999 -9999 -9999 -9999 -9999
-9999 -9999 -9999 0.4704931536926218 0.475022463282979 0.4594837050408447 0.4989054137253586 0.5017787449880066 0.6319060701625566 0.6947337947228711 0.7090990342745592 0.7424690580597615 0.7319010076794965 0.7297590835720655 0.7541663217040038 0.7310624580273107 0.7372755077255843 0.7205238788726116 0.7418145636308541 0.7283004041895456 0.7411734827012717 0.7484347000747704 0.7677630926265846 0.7590552961020766 0.7469821177127989 0.7983269896284382 0.7807207933607473 0.7980100566856394 -9999 -9999 -9999 -9999 -9999 -9999 -9999 -9999 -9999 -9999 -9999 -9999 -9999 -9999 -9999 -9999 -9999 -9999 -9999 -9999 -9999 -9999 -9999 -9999
-9999 -9999 -9999 0.4980020153930859 0.39529796210204826 0.4242094457392931 0.4589730220243418 0.4622429287443287 0.6196379705970363 0.7049329698404913 0.7423684941948447 0.7404216748952862 0.7146236075345462 0.7214459444620035 0.7284023291514238 0.7436176564484107 0.7568513867190012 0.7431374302012932 0.7440176884707239 0.7538308502478308 0.7461193574375324 0.7663238362602476 0.8050467662063465 0.8127896055134799 0.8017767019266785 0.8004300139807572 0.8017202736000285 -9999 -9999 -9999 -9999 -9999 -9999 -9999 -9999 -9999 -9999 -9999 -9999 -9999 -9999 -9999 -9999 -9999 -9999 -9999 -9999 -9999 -9999 -9999 -9999 -9999
-9999 -9999 -9999 -9999 0.482074226170693 0.5485340824542767 0.5932395012328308 0.6827882281492796 0.6974577233797935 0.7301758072354492 0.7261745726080933 0.7519850283062515 0.7746572858175357 0.7674101532899482 0.7692200494247501 0.7809871013618859 0.7754047991652895 0.7837408806088013 0.7471894203021745 0.746620374526677 0.7729647280583978 0.7960410377140718 0.8154608619171261 0.8042202260676612 -9999 -9999 -9999 -9999 -9999 -9999 -9999 -9999 -9999 -9999 -9999 -9999 -9999 -9999 -9999 -9999 -9999 -9999 -9999 -9999 -9999 -9999 -9999 -9999 -9999 -9999 -9999 -9999
-9999 -9999 -9999 -9999 0.530309712779105 0.6013210179835785 0.5947031644022055 0.6538528358553628 0.7027147158950721 0.7429109323068863 0.7012716922932531 0.7155042089225762 0.7301820807646953 0.7389551629347649 0.7641391292121591 0.7764491582322934 0.7785287459259621 0.7776368648483579 0.7754683788634832 0.7630106882400931 0.7815710814426201 0.8144218591771683 0.8217628168648091 0.8222147548124816 0.8213835180485798 -9999 -9999 -9999 -9999 -9999 -9999 -9999 -9999 -9999 -9999 -9999 -9999 -9999 -9999 -9999 -9999 -9999 -9999 -9999 -9999 -9999 -9999 -9999 -9999 -9999 -9999 -9999
-9999 -9999 -9999 -9999 0.6423331830985289 0.6333977113392337 0.6170978879819216 0.6219513537530537 0.632711466824526 0.7143689578135606 0.6827063873939544 0.6784082177944654 0.7046547784375823 0.7378268697201318 0.7606423278736549 0.7892112914768221 0.7967558190559709 0.8009513716802277 0.7968405023559015 0.8141234903354904 0.8186109766151699 0.8140436794628907 0.792429823920938 0.8072940158959712 -9999 -9999 -9999 -9999 -9999 -9999 -9999 -9999 -9999 -9999 -9999 -9999 -9999 -9999 -9999 -9999 -9999 -9999 -9999 -9999 -9999 -9999 -9999 -9999 -9999 -9999 -9999 -9999
