metrics/grid_rasters/SMAP L4/grideval_SMAP L4_S_summer_absolute_bias.asc
ncols 52
nrows 55
xllcorner     11.25
yllcorner     55.25
cellsize      0.25
NODATA_value  -9999
[rows 0 to 26 of 55, columns 0 to 51 of 52]
-9999 -9999 -9999 -9999 -9999 -9999 -9999 -9999 -9999 -9999 -9999 -9999 -9999 -9999 -9999 -9999 -9999 -9999 -9999 -9999 -9999 -9999 -9999 -9999 -9999 -9999 -9999 -9999 -9999 -9999 -9999 -9999 -9999 -9999 -9999 -9999 0.05030312079875526 0.02103648959841253 -0.0354510139137425 -9999 -9999 -9999 -9999 -9999 -9999 -9999 -9999 -9999 -9999 -9999 -9999 -9999
-9999 -9999 -9999 -9999 -9999 -9999 -9999 -9999 -9999 -9999 -9999 -9999 -9999 -9999 -9999 -9999 -9999 -9999 -9999 -9999 -9999 -9999 -9999 -9999 -9999 -9999 -9999 -9999 -9999 -9999 -9999 -9999 -9999 -9999 -9999 -9999 0.057061710577134224 0.033227768848123784 0.029440553919614643 -0.005423994254037445 -0.07780038865546329 -0.0682903412506794 -9999 -9999 -9999 -9999 -9999 -9999 -9999 -9999 -9999 -9999
-9999 -9999 -9999 -9999 -9999 -9999 -9999 -9999 -9999 -9999 -9999 -9999 -9999 -9999 -9999 -9999 -9999 -9999 -9999 -9999 -9999 -9999 -9999 -9999 -9999 -9999 -9999 0.03947378914681793 0.009479927167336866 -0.031849402984928166 -0.05311667804768228 -0.01579175833815144 -0.016386061517076334 0.007172290772280598 -9999 0.0005405614881411892 0.028830266820833724 0.016068093524233495 -0.047626338575197324 -0.07946769209355928 -0.08151710667121022 -0.07603905037166955 -0.0773375567362603 -0.06486560805174317 -0.07275214042696783 -0.07606178278650114 -9999 -9999 -9999 -9999 -9999 -9999
-9999 -9999 -9999 -9999 -9999 -9999 -9999 -9999 -9999 -9999 -9999 -9999 -9999 -9999 -9999 -9999 -9999 -9999 -9999 -9999 -9999 -9999 -9999 -9999 -9999 -9999 -9999 0.043897730521047895 0.044415237999561714 0.05951048852875829 0.07879753942783603 0.07062889719078236 0.021037533418680362 -0.021640100318979002 -0.0012320666928249402 -0.014581000442495162 -0.028523475240470605 -0.046192249035179295 -0.06706682104698343 -0.07689244513217683 -0.07489752580168776 -0.07165984757264834 -0.075173040052228 -0.0771625157465915 -0.07058351112873817 -0.07449485028527025 -0.06940619380253812 -0.06669688433833904 -9999 -9999 -9999 -9999
-9999 -9999 -9999 -9999 -9999 -9999 -9999 -9999 -9999 -9999 -9999 -9999 -9999 -9999 -9999 -9999 -9999 -9999 -9999 -9999 -9999 -9999 0.02440090899598668 0.033516486428435084 0.036859305383151686 0.023581231448232487 0.03674285311211389 0.04227845343437209 0.043887049131824285 0.055902388301151566 0.07411883841268717 0.019774305067308595 0.02272858321363025 -0.02843468274880687 -0.017958689931496657 -0.017570116471134798 -0.047754827421158524 -0.045207040961426886 -0.055630752330888905 -0.062467741040998816 -0.06594232494092503 -0.0775084067692818 -0.07765023365778764 -0.06783247538133648 -0.07283388451247921 -0.0894565925852436 -0.08039029543895435 -0.07970640890340769 -0.08059614907403517 -9999 -9999 -9999
-9999 -9999 -9999 -9999 -9999 -9999 -9999 -9999 -9999 -9999 -9999 -9999 -9999 -9999 -9999 -9999 -9999 -9999 -9999 -9999 -9999 0.021941205355055282 0.030836643225958808 0.04623485312027775 0.010666895273101109 0.009127617793400657 0.02334152004155132 0.05095126579070225 0.05600297044071817 0.06889921536102239 0.05063020955244807 0.005221905844772 -0.009227662929333745 -0.057178102119866236 -0.047866445859772684 -0.044020354737649176 -0.06947992136701941 -0.06960435449044505 -0.0638985857823054 -0.0734894409644134 -0.06467634918795817 -0.06216048064095009 -0.06793914663949578 -0.0721103297850198 -0.07964548217031456 -0.08971614435659317 -0.07534908274512572 -0.0891017361149273 -0.08798082934631762 -9999 -9999 -9999
-9999 -9999 -9999 -9999 -9999 -9999 -9999 -9999 -9999 -9999 -9999 -9999 -9999 -9999 -9999 -9999 -9999 -9999 -9999 -9999 0.028140831222433767 0.028514114238888662 0.036065423577699984 0.037943117857060386 0.028861868225604936 0.031372969590491906 0.04205743708830001 0.04552414503110497 0.0465036013376211 0.02679081499556324 -0.013148263046194042 -0.06500317145179467 -0.06535749171820021 -0.06667266062298871 -0.401430039286978 -0.07663143389736829 -0.08256745940256544 -0.08403254539260399 -0.0938188937573653 -0.08380143763497472 -0.08073831542961947 -0.07914837288326057 -0.4605660098402396 -0.4653317877293928 -0.09188333302027664 -0.468785934028742 -0.4733638679709933 -0.4818268821665855 -0.4759261903616236 -0.4712684655248228 -9999 -9999
-9999 -9999 -9999 -9999 -9999 -9999 -9999 -9999 -9999 -9999 -9999 -9999 -9999 -9999 -9999 -9999 -9999 -9999 -9999 -9999 -9999 0.038702985261688416 0.03714546279819764 0.041546752919321465 0.0406756635006193 0.02933488522514538 0.026414919654717258 -0.008560501636289408 -0.043469345890511935 -0.04332168950476562 0.003842901129721021 -0.048411459505112615 -0.04908926892296772 -0.056424765179500624 -0.0645025194744053 -0.4449774340736559 -0.07772206659833697 -0.08258328130266265 -0.08923757451829377 -0.08777742899205213 -0.08849151499832614 -0.09238820973500286 -0.09176747410801116 -0.4715868975491384 -0.4727823459138365 -0.4728160590318072 -0.473398750926287 -0.4811331546794543 -0.4735692180895611 -9999 -9999 -9999
-9999 -9999 -9999 -9999 -9999 -9999 -9999 -9999 -9999 -9999 -9999 -9999 -9999 -9999 -9999 -9999 -9999 -9999 -9999 0.03514640741860087 0.03730943149117672 0.0395130110884328 0.03779777874360269 0.02762803196927288 -0.002881596902506833 -0.0975200044365762 -0.08788340480532497 -0.07966315305953764 -0.08208629530955758 -0.08644623567006028 -0.08165356178221331 -0.08109668287974986 -0.07955994036392837 -0.08211540010170608 -0.08045555165786622 -0.4548796616626255 -0.08274261632164863 -0.08707917542905427 -0.09003042873582273 -0.0924864031283347 -0.0888116476935861 -0.09804086415502042 -0.09849536660350047 -0.10121125953636416 -0.4793185960633032 -0.10550278819510307 -0.10251742041082648 -0.10363120748155304 -0.4741342542693019 -0.4758277497274558 -0.10242284351514412 -9999
-9999 -9999 -9999 -9999 -9999 -9999 -9999 -9999 -9999 -9999 -9999 -9999 -9999 -9999 -9999 -9999 -9999 -9999 0.04787868101898907 0.05311344707202492 0.0517027470758995 0.03607948746471462 -0.0228027344185292 -0.052580318028998096 -0.04466124338543282 -0.07143117994090302 -0.06287089389060505 -0.08579513518159965 -0.08501341693994144 -0.0838054031002052 -0.07902651852624412 -0.07528769384826653 -0.07317373100364502 -0.07984067441936096 -0.0835967192466816 -0.08743833420980399 -0.09205506042496342 -0.08845468920291116 -0.08942419290036452 -0.09020886220463108 -0.09245336628215307 -0.09662227599841099 -0.10040482194365366 -0.09776844605601027 -0.10339539438870772 -0.10418288837409699 -0.1051692374293571 -0.10465755609734713 -0.09549426393704892 -0.1005601899637638 -0.09988976934033894 -9999
-9999 -9999 -9999 -9999 -9999 -9999 -9999 -9999 -9999 -9999 -9999 -9999 -9999 -9999 -9999 -9999 -9999 0.0396089101281098 0.0375226704282281 -0.03672860313773802 -0.047468568653921066 -0.040167665802468784 -0.04311415384543818 -0.07202030567998954 -0.061637090063532414 -0.07924253543150486 -0.08170615826510702 -0.08665807169112985 -0.0903143245048578 -0.0849168024420657 -0.07709315748703058 -0.07590317246807822 -0.07661965157350767 -0.08324565009578412 -0.08633008124509263 -0.09095609475575064 -0.09072826201420116 -0.09445354485195942 -0.09709070037301304 -0.09997134041749753 -0.478514388269421 -0.4772643533120256 -0.09877993458497296 -0.10350511832486678 -0.10643748222830017 -0.10929610984622624 -0.11111301975830906 -0.1092685717309866 -0.10476633097024876 -0.11233772926599432 -9999 -9999
-9999 -9999 -9999 -9999 -9999 -9999 -9999 -9999 -9999 -9999 -9999 -9999 -9999 0.006589293328073342 0.03077505073388631 0.03966939394645719 0.04231493025714456 0.048635096537232685 0.05321931192631146 0.0582673006448085 0.025418053436821908 -0.029754405294585506 -0.05079488470421534 -0.06823947364160708 -0.067724262546424 -0.0454535726710911 -0.0902879359554904 -0.08999181830364722 -0.10425210041601372 -0.0911067063343185 -0.08438616766310902 -0.08518527099943679 -0.07745182330456926 -0.08640040176333458 -0.0850083777508901 -0.0828692049405578 -0.09034299071493516 -0.09639419667908676 -0.0959545975480148 -0.09021152693616304 -0.08977674531406192 -0.0916764646485124 -0.09861825781105008 -0.10383185509936477 -0.10508041707393914 -0.4793028627856352 -0.4795496326051247 -0.4794801629411624 -0.10983050977507522 -0.481008581164212 -0.4746200444996761 -9999
-9999 -9999 -9999 -9999 -9999 -9999 -9999 -9999 -9999 -9999 -9999 -9999 -9999 0.030021836925500426 0.030241629149278863 -0.024560447048355416 -0.07918748881100962 -0.0670796085867788 -0.04729456968767487 0.0018088354769608128 -0.07748646977985196 -0.08371517773839117 -0.07876904160492929 -0.07032037049572429 -0.07354565484590991 -0.0759102626926387 -0.08942087069052558 -0.0893489651827385 -0.08940533681711912 -0.09171186436635806 -0.08660906568453043 -0.07762396508200173 -0.08009259986853143 -0.08365340056100293 -0.09066535454526868 -0.09274610388598853 -0.08890898428027233 -0.09095015814122943 -0.09291236521170028 -0.091741801644473 -0.08858536176747925 -0.09913637362542037 -0.102892636103839 -0.08698013399059518 -0.4571921818778323 -0.08956965496358665 -0.0974066776284219 -0.09997141767171737 -0.10415991929703916 -0.10049526322045893 -0.09470811323262754 -0.0445376870870266
-9999 -9999 -9999 -9999 -9999 -9999 -9999 -9999 -9999 -9999 -9999 -9999 -9999 0.03031035811316385 -0.0468576234188336 -0.07189191444068338 -0.06508632488649985 -0.07402777155537324 -0.07056970897373624 -0.07477134026829962 -0.06467601323864708 -0.07948681809332059 -0.077278249502263 -0.06807744032298417 -0.07321535172852 -0.08360399261785106 -0.08394608253856065 -0.0927096029146291 -0.08662212708883962 -0.08612577621723808 -0.08268855930731184 -0.08392343343660721 -0.07993393424270759 -0.0845238266300167 -0.08843740157317367 -0.08669711069365882 -0.0855663524657164 -0.08280142916002027 -0.0823668592973896 -0.08828566143410685 -0.08767921183481 -0.09342946156697426 -0.09818484475734926 -0.09604279060706332 -9999 -9999 -9999 -9999 -9999 -9999 -9999 -9999
-9999 -9999 -9999 -9999 -9999 -9999 -9999 -9999 -9999 -9999 -9999 -9999 -9999 -0.05330662630781857 -0.05827019259880256 -0.06783587238548894 -0.045541776496026136 -0.055969798456594035 -0.07089885954400929 -0.06696611644862137 -0.06908265122657886 -0.08384225969506512 -0.08492735192260667 -0.07916848604952029 -0.0809056455694625 -0.0811696484958267 -0.08510402030230542 -0.08839835780773961 -0.08792662049603203 -0.09193439846959614 -0.09054793822882776 -0.09021319375049484 -0.08629705915328764 -0.09215597868087176 -0.09403493889587244 -0.09517010993263483 -0.0857420412560358 -0.08757253836475959 -0.08897528296296038 -0.09792118674427594 -0.006933222079406609 -9999 -9999 -9999 -9999 -9999 -9999 -9999 -9999 -9999 -9999 -9999
-9999 -9999 -9999 -9999 -9999 -9999 -9999 -9999 -9999 -9999 -9999 -9999 0.03583846036749688 -0.03288072668036207 -0.03960661233261065 -0.06218501306948776 -0.0512388476079492 -0.07889540277866887 -0.07963272686237874 -0.07297284764480652 -0.0770813487571381 -0.07144757915470426 -0.057867150617075036 -0.06672883373381491 -0.0731974756952537 -0.07473598455544557 -0.08769319012619392 -0.08895994754730846 -0.08712754745805718 -0.0831791573183854 -0.08615567927937143 -0.09080173547946564 -0.08280168995564882 -0.08598618636555648 -0.08659364890469158 -0.08717840625499576 -0.08251251093030951 -0.0849693823231222 -0.08981547424691205 -0.09069005188876356 -0.09223898860079274 -9999 -9999 -9999 -9999 -9999 -9999 -9999 -9999 -9999 -9999 -9999
-9999 -9999 -9999 -9999 -9999 -9999 -9999 -9999 -9999 -9999 -9999 -0.06898610645135783 -0.03545364757756825 -0.023659630005409882 -0.010317507979419605 -0.06586771693242635 -0.06492785412980165 -0.08337464833976296 -0.08179137305073117 -0.08577943511266747 -0.08070871987602796 -0.08026689060700487 -0.07940775869697657 -0.056643921770560324 -0.07539772350624528 -0.07957369554281721 -0.08089836719749574 -0.08274756244424245 -0.09024161572628857 -0.0878084449441699 -0.08748863734122689 -0.08836930861149955 -0.0767478144413832 -0.08118981101205977 -0.0823874531779438 -0.08298392075559366 -0.09153456166487832 -0.09979603345424906 -0.09684213024118672 -0.08526170664244209 -9999 -9999 -9999 -9999 -9999 -9999 -9999 -9999 -9999 -9999 -9999 -9999
-9999 -9999 -9999 -9999 -9999 -9999 -9999 -9999 -9999 -9999 -0.07231623575638008 -0.0810593570197892 -0.09096963063854237 -0.08348333325399003 -0.07610351384273206 -0.08398424555122364 -0.0772437147958123 -0.08083827917099648 -0.08180691377239546 -0.059425142937866236 -0.07169374393339714 -0.08237783931722137 -0.08500383192491112 -0.08502912263223986 -0.08945180286916538 -0.08724901387872905 -0.08818363553702671 -0.08392498751029212 -0.08060246884681121 -0.08178031872755481 -0.08020143785372214 -0.07609734669044294 -0.0794011413919456 -0.08477120864731462 -0.09028990928630308 -0.09404163758533646 -0.08970775406645695 -0.09584075996004372 -0.09728067891125608 -9999 -9999 -9999 -9999 -9999 -9999 -9999 -9999 -9999 -9999 -9999 -9999 -9999
-9999 -9999 -9999 -9999 -9999 -9999 -9999 -9999 -9999 -9999 -9999 -9999 -0.01804082967219467 -0.07046642158504415 -0.056523717868992185 -0.07678491018874492 -0.08738104231736579 -0.09284381889839373 -0.09033678629961996 -0.08710663777310404 -0.06539288029054421 -0.08434621528114962 -0.0846960964187494 -0.08932331820909423 -0.09503804636187853 -0.0914191489269876 -0.09033470450009663 -0.08523787922003187 -0.08341357959231926 -0.0828280354971471 -0.07860036950011776 -0.07863920865296993 -0.07572451968292665 -0.08424738246400881 -0.0873613721822672 -0.08817201450406373 -0.08692049479071534 -0.08720357591063596 -0.09143089464076026 -0.07923560240812116 -9999 -9999 -9999 -9999 -9999 -9999 -9999 -9999 -9999 -9999 -9999 -9999
-9999 -9999 -9999 -9999 -9999 -9999 -9999 -9999 -9999 -9999 -9999 -0.04614283290752413 -0.05908596752535389 -0.037158291058047965 -0.08226836025816106 -0.06873840186238772 -0.07530978689496606 -0.0845519026700893 -0.08299489290473741 -0.08080285467693338 -0.08037666960761114 -0.07980986067559573 -0.07634737760678903 -0.07675495347939434 -0.08043170001600748 -0.08200370098727391 -0.08100788075598359 -0.07891914994030702 -0.07626603085183256 -0.07705192159577881 -0.0787577361840269 -0.0775099771208656 -0.07811437309820854 -0.08192692781575832 -0.079924616856379 -0.08548629790058604 -0.09410375134472776 -0.09799706693941164 -0.09125061020882716 -9999 -9999 -9999 -9999 -9999 -9999 -9999 -9999 -9999 -9999 -9999 -9999 -9999
-9999 -9999 -9999 -9999 -9999 -0.015642548911273483 -0.08037593312379293 -0.05452544612648047 -0.010880395952288235 -0.0032670652321742373 -0.004165787371280427 -0.08786455037720177 -0.0815341162353592 -0.08830283047712367 -0.08720290413349058 -0.4605243295512122 -0.08412653203729703 -0.08556185634401828 -0.08207492153767659 -0.08571799552452791 -0.08393361000344157 -0.08268423560176691 -0.08381464625911222 -0.08139206619386602 -0.0806512822923453 -0.07966978266410041 -0.08164498141622575 -0.08187472279709967 -0.0822741160493182 -0.07891564143052246 -0.0776890491378372 -0.08147251807942824 -0.07965985508939333 -0.08208942294890142 -0.08526624249213416 -0.09015141529253806 -0.09369568242792692 -0.0902025952945342 -9999 -9999 -9999 -9999 -9999 -9999 -9999 -9999 -9999 -9999 -9999 -9999 -9999 -9999
-9999 -9999 -9999 -9999 -0.02387381455375126 0.00984870326077647 0.040866284884269466 -0.07966413895559052 -0.09962698844079253 -0.0918623109034303 -0.09334961001498056 -0.08572400737877775 -0.07353322993478048 -0.07505113170380986 -0.05504063488510641 -0.08182880911044779 -0.07814177129235443 -0.07817265107903795 -0.0720866736804095 -0.07464422425761336 -0.07832407705870498 -0.07880050139805381 -0.07255083943069304 -0.0824990059532549 -0.08349109611615699 -0.08392819526868511 -0.0799022646641116 -0.07522751168226416 -0.07940888867470555 -0.07828092017798155 -0.07443798740353921 -0.04129401212760611 -0.042084819333546825 -0.0373174587983395 -0.04023758411589687 -9999 -9999 -9999 -9999 -9999 -9999 -9999 -9999 -9999 -9999 -9999 -9999 -9999 -9999 -9999 -9999 -9999
-9999 -9999 -9999 0.1166087730899048 -0.026335969506560475 -0.06709306113644625 0.009282614200618931 -0.06804174035990046 -0.06561539569140776 -0.06450575658970553 -0.06225752632093168 -0.055259379725295904 -0.054519683745203766 -0.07302296367656114 -0.07604591460878274 -0.06968785677631588 -0.07047370474522363 -0.07332153000322211 -0.07295742807606151 -0.07506987297117873 -0.07473958297835097 -0.0745269341455044 -0.0740776916905104 -0.0753606570398678 -0.07932904693702962 -0.07736933768382702 -0.07031627004439739 -0.08029924932887536 -0.08094457165925238 -0.06807987310457975 -0.0681392814275687 -9999 -9999 -9999 -9999 -9999 -9999 -9999 -9999 -9999 -9999 -9999 -9999 -9999 -9999 -9999 -9999 -9999 -9999 -9999 -9999 -9999
-9999 -9999 -9999 0.11723377047936714 0.1493143114949698 0.013270164247723648 -0.03940609386494465 -0.02680682231996045 0.028440724056133126 -0.05136295371061272 -0.07024358497912306 -0.07216049305102584 -0.0608303444004496 -0.08159007795114556 -0.08012973158316605 -0.06839422689264882 -0.06855879161182954 -0.06629679580826475 -0.07250603505045823 -0.07457438488389648 -0.07204983342418689 -0.06909990845673272 -0.07070476625053942 -0.07365222278294031 -0.06799345709504964 -0.07006460381165633 -0.0691550058444314 -0.07045620064372604 -0.07456479784425188 -9999 -9999 -9999 -9999 -9999 -9999 -9999 -9999 -9999 -9999 -9999 -9999 -9999 -9999 -9999 -9999 -9999 -9999 -9999 -9999 -9999 -9999 -9999
-9999 -9999 -9999 0.0957419674732196 0.025680490612538298 0.03960040340746712 0.029649576060878813 -0.04612498126579856 -0.05403869609733153 -0.0387466236766752 -0.05192124492832986 -0.0552380434591728 -0.06909402233609202 -0.07146554240835426 -0.07058985554613176 -0.06837739335352798 -0.06773980159778145 -0.06546318381721072 -0.07459705272365524 -0.07583168797883325 -0.07317889513164433 -0.06859793944243828 -0.07097686509318328 -0.07074897453371112 -0.06312916523513748 -0.06707081441139888 -0.08725880092495808 -0.08527236970890636 -9999 -9999 -9999 -9999 -9999 -9999 -9999 -9999 -9999 -9999 -9999 -9999 -9999 -9999 -9999 -9999 -9999 -9999 -9999 -9999 -9999 -9999 -9999 -9999
-9999 -9999 -9999 0.12331572267652045 0.039355235877851724 0.05130055543217482 0.06995994212490547 0.08275023924753716 0.020617124872565614 -0.060377462169803366 -0.05711756236142601 -0.07437223145414304 -0.06223849503262696 -0.06234080070103315 -0.06794799016991063 -0.06968301173259056 -0.06984847237396499 -0.06741268520810359 -0.06943721626885238 -0.0703804578136086 -0.0666374998096296 -0.06886737674231766 -0.06993028682494618 -0.0758421532910965 -0.06987380994605305 -0.07706191980421706 -0.075059076826817 -9999 -9999 -9999 -9999 -9999 -9999 -9999 -9999 -9999 -9999 -9999 -9999 -9999 -9999 -9999 -9999 -9999 -9999 -9999 -9999 -9999 -9999 -9999 -9999 -9999
-9999 -9999 -9999 -9999 0.014055748409389113 -0.05402767598001365 -0.05322869577566566 -0.06290459128238424 -0.07385219927148329 -0.07437420155063437 -0.07630040808884507 -0.056352336020411335 -0.07881962318661742 -0.07316471578087658 -0.0682062229860331 -0.06697515073313337 -0.07121180470162278 -0.07870887372764235 -0.0710333339900345 -0.07076305979052963 -0.0647402841790134 -0.06692775834918667 -0.0689022111726682 -0.07754418174938663 -9999 -9999 -9999 -9999 -9999 -9999 -9999 -9999 -9999 -9999 -9999 -9999 -9999 -9999 -9999 -9999 -9999 -9999 -9999 -9999 -9999 -9999 -9999 -9999 -9999 -9999 -9999 -9999
