metrics/grid_rasters/SMAP L4/grideval_SMAP L4_S_winter_absolute_bias.asc
ncols 52
nrows 55
xllcorner     11.25
yllcorner     55.25
cellsize      0.25
NODATA_value  -9999
[rows 0 to 26 of 55, columns 0 to 51 of 52]
-9999 -9999 -9999 -9999 -9999 -9999 -9999 -9999 -9999 -9999 -9999 -9999 -9999 -9999 -9999 -9999 -9999 -9999 -9999 -9999 -9999 -9999 -9999 -9999 -9999 -9999 -9999 -9999 -9999 -9999 -9999 -9999 -9999 -9999 -9999 -9999 -0.0018103477723945829 -0.02657545124803556 -0.07533468161740448 -9999 -9999 -9999 -9999 -9999 -9999 -9999 -9999 -9999 -9999 -9999 -9999 -9999
-9999 -9999 -9999 -9999 -9999 -9999 -9999 -9999 -9999 -9999 -9999 -9999 -9999 -9999 -9999 -9999 -9999 -9999 -9999 -9999 -9999 -9999 -9999 -9999 -9999 -9999 -9999 -9999 -9999 -9999 -9999 -9999 -9999 -9999 -9999 -9999 0.004584778593668125 -0.015057089263634915 -0.017460860200966433 -0.047864742811448535 -0.11257958244408994 -0.10274393015868027 -9999 -9999 -9999 -9999 -9999 -9999 -9999 -9999 -9999 -9999
-9999 -9999 -9999 -9999 -9999 -9999 -9999 -9999 -9999 -9999 -9999 -9999 -9999 -9999 -9999 -9999 -9999 -9999 -9999 -9999 -9999 -9999 -9999 -9999 -9999 -9999 -9999 -0.019735871252930748 -0.043507102901572385 -0.07557012942551777 -0.09572070907949412 -0.08211453319434693 -0.08453203492878092 -0.059342189784476314 -9999 -0.046099883072472925 -0.021118965086261987 -0.0329887110197189 -0.0917709005244126 -0.10034092511389624 -0.0998253467992343 -0.09713513935786602 -0.09932701429660552 -0.09364080081218916 -0.09533124824134716 -0.09204357961772493 -9999 -9999 -9999 -9999 -9999 -9999
-9999 -9999 -9999 -9999 -9999 -9999 -9999 -9999 -9999 -9999 -9999 -9999 -9999 -9999 -9999 -9999 -9999 -9999 -9999 -9999 -9999 -9999 -9999 -9999 -9999 -9999 -9999 -0.013118319805489442 -0.007217409841666911 -0.0012972492675315528 0.006231213358557808 1.992967399144785e-05 -0.050567014303231066 -0.09620865950027838 -0.0761378039698431 -0.06813955385953388 -0.07056365575986784 -0.08293667163033755 -0.09431907783774354 -0.10531417188536844 -0.10224812424784856 -0.10117468368632118 -0.10508409307788537 -0.10892139019950334 -0.09139402887309027 -0.10133556277176604 -0.09640826309556202 -0.09371996307067126 -9999 -9999 -9999 -9999
-9999 -9999 -9999 -9999 -9999 -9999 -9999 -9999 -9999 -9999 -9999 -9999 -9999 -9999 -9999 -9999 -9999 -9999 -9999 -9999 -9999 -9999 -0.01666481543751741 -0.03323356407564998 -0.020588967998493638 -0.03764611302523424 -0.011694846218390176 -0.01077495342650947 -0.008377928064753681 -0.0013216732822309285 0.004301391332256044 -0.05189659218273018 -0.04736635822260021 -0.0938081866845686 -0.0758235789773776 -0.06456988288817422 -0.08197171914557749 -0.08311647812015571 -0.08806484696510808 -0.09460627212997108 -0.09940527318452566 -0.10046912779698504 -0.10276521102136728 -0.10739821798186623 -0.11364851522549295 -0.12477008630799145 -0.11861313929448265 -0.11952326779210605 -0.11914120908727907 -9999 -9999 -9999
-9999 -9999 -9999 -9999 -9999 -9999 -9999 -9999 -9999 -9999 -9999 -9999 -9999 -9999 -9999 -9999 -9999 -9999 -9999 -9999 -9999 -0.026856981883972675 -0.02303689561586897 -0.009206632386572322 -0.01631847738183495 -0.02329274038753365 -0.025953038996517297 -0.006684670027419459 -0.00629225784036891 -0.0026642596410796915 -0.02307994440444649 -0.05595418740532654 -0.06432687820533647 -0.10115967177175332 -0.08933830509788743 -0.07799137648910481 -0.0916140820794054 -0.09187673587376703 -0.09638905720723584 -0.10839729751182707 -0.10481642411762712 -0.10500161485462788 -0.1105954068410673 -0.11519036447592328 -0.12120313946749793 -0.12684190511974872 -0.10794942415263876 -0.12181863817848905 -0.1216979557339916 -9999 -9999 -9999
-9999 -9999 -9999 -9999 -9999 -9999 -9999 -9999 -9999 -9999 -9999 -9999 -9999 -9999 -9999 -9999 -9999 -9999 -9999 -9999 -0.01931268262942104 -0.010978886980982816 -0.018544438572612787 -0.008719528167946466 -0.013494043197754213 -0.0018167767476364727 -0.0013375919164213546 -0.01878021886905296 -0.019382024603272933 -0.03936642104920174 -0.07660111783701458 -0.11789012738559025 -0.11294484291447708 -0.10195284754975348 -0.4414939882036373 -0.09777795197750558 -0.10229889382392364 -0.10605479141586267 -0.11727531782863355 -0.11586455367382198 -0.11641547276903658 -0.1203798604697384 -0.5050475004665701 -0.5083541157624579 -0.12437322682127452 -0.4998017563947187 -0.500564564728727 -0.5015741704796619 -0.5012361422329155 -0.5021628497464472 -9999 -9999
-9999 -9999 -9999 -9999 -9999 -9999 -9999 -9999 -9999 -9999 -9999 -9999 -9999 -9999 -9999 -9999 -9999 -9999 -9999 -9999 -9999 -0.020224702513671863 -0.02022925974024053 -0.0070173193188692315 -0.007759132700053295 -0.011527551103704016 -0.027684514676004857 -0.07480363504628074 -0.12080587877195005 -0.10401036951148154 -0.050232858797967066 -0.1102149410247309 -0.12036643010743008 -0.10892862907999397 -0.10478209554285604 -0.4859397605012189 -0.1146821371951936 -0.11557051083628113 -0.11867719714141248 -0.11850417795782255 -0.1199676425794497 -0.12368910259487018 -0.1256662142518538 -0.5112939694008192 -0.5082153062342315 -0.4999719608994509 -0.4981174073274562 -0.5014244219140206 -0.5015275767319742 -9999 -9999 -9999
-9999 -9999 -9999 -9999 -9999 -9999 -9999 -9999 -9999 -9999 -9999 -9999 -9999 -9999 -9999 -9999 -9999 -9999 -9999 -0.0177255057982656 -0.01843424247491437 -0.01936597726153616 -0.023217727720046655 -0.026962073347130355 -0.05517311774144895 -0.14012503181738373 -0.13754351976765505 -0.13074463460939809 -0.12350246550157565 -0.12506072735105522 -0.12081745400753438 -0.11781730309178105 -0.11412586868796125 -0.1062990714000254 -0.10739840373446212 -0.4933445937746506 -0.11732355017979808 -0.12343071471431 -0.12312919375122774 -0.12469769097765945 -0.12025544246572335 -0.1221484723100007 -0.1202196914961697 -0.123246796250294 -0.5065775439081504 -0.12287835975405792 -0.11886747699502287 -0.12453739971711933 -0.5013344077862157 -0.4976995258610573 -0.11765643177763713 -9999
-9999 -9999 -9999 -9999 -9999 -9999 -9999 -9999 -9999 -9999 -9999 -9999 -9999 -9999 -9999 -9999 -9999 -9999 -0.006602544374517294 -0.002538114305067507 -0.010621549413595 -0.02844646369532638 -0.09134859758867137 -0.12721483554345686 -0.12494825414499107 -0.12935869473445888 -0.11500053115139733 -0.10329634649987453 -0.10079896256993742 -0.12200482900174248 -0.11334049939763866 -0.10984338830465708 -0.1076273001570082 -0.1080582407765732 -0.11072380817341093 -0.11563956750470478 -0.11750837249545665 -0.1170740146313282 -0.11747885473220555 -0.12157884192659164 -0.123840380601881 -0.12364134767913068 -0.12282196549538353 -0.12151724189544552 -0.120405907600822 -0.11477415719445767 -0.116967282035937 -0.12126370378159335 -0.1117550667116283 -0.11131070983528303 -0.11130936223618836 -9999
-9999 -9999 -9999 -9999 -9999 -9999 -9999 -9999 -9999 -9999 -9999 -9999 -9999 -9999 -9999 -9999 -9999 -0.006270175392659338 -0.013161810818097421 -0.09065766459244567 -0.10384296933004004 -0.10009101619758944 -0.0994831516857672 -0.12047037781395067 -0.11605556763165835 -0.12077440135180947 -0.11788701851364992 -0.12162815331672595 -0.12415902227755413 -0.11545502927326998 -0.10912537658648774 -0.10742391036539678 -0.1099854532493562 -0.11041176796502232 -0.11214476498769016 -0.11146123033781716 -0.10911461980458324 -0.10854354561830792 -0.11225606911254446 -0.11798731695293195 -0.5024289950568057 -0.5003913669347368 -0.1174703545572347 -0.12050027327476352 -0.11491914873091587 -0.11081870169755048 -0.11337079367421518 -0.11713985988981285 -0.11036612206317534 -0.10931455355063574 -9999 -9999
-9999 -9999 -9999 -9999 -9999 -9999 -9999 -9999 -9999 -9999 -9999 -9999 -9999 -0.034522901344674284 -0.0227158694891938 -0.012093752252542445 -0.010435722213213816 -0.003779323142490632 -0.0007493592650684723 -0.0037794781244353533 -0.032311695597029684 -0.07514030726885558 -0.0983823294695837 -0.10353979557160507 -0.1081965807948681 -0.09483796914434983 -0.11001813877990703 -0.11520568399831944 -0.11643714429995675 -0.10928462479041508 -0.1057479836182385 -0.1055089152720294 -0.10064956663632828 -0.10808521334007876 -0.10652780995414353 -0.09915358831008143 -0.1053245739443906 -0.10441090959734868 -0.1047118018745192 -0.09789552450772154 -0.09733495285228784 -0.09918814146311472 -0.1057159253920348 -0.11157033864458074 -0.11487175588995613 -0.4946222554781283 -0.493540622133589 -0.4934009860904999 -0.11885828112208885 -0.4945824033895273 -0.4851137779357022 -9999
-9999 -9999 -9999 -9999 -9999 -9999 -9999 -9999 -9999 -9999 -9999 -9999 -9999 -0.018986942900332367 -0.026119790884931385 -0.07933109716222381 -0.12755702826385662 -0.12343679280914616 -0.09900186859712698 -0.04578318184747399 -0.1047115938750324 -0.10513868749709124 -0.10032258850725873 -0.08995244112359174 -0.09493697224345236 -0.104219678363806 -0.10242257302392596 -0.11276191089376315 -0.1081557739772741 -0.1088526218648482 -0.1034582213171764 -0.09849921351187667 -0.09859558576039526 -0.09275340051421067 -0.0906859582832811 -0.09112371664050199 -0.08746559745231214 -0.08950454892208243 -0.09126651778027714 -0.08872120723202329 -0.08629582913604794 -0.0905416178091472 -0.09064772989082807 -0.09360597219120786 -0.4675095371827976 -0.1032985883660072 -0.10904865995641576 -0.11237135527667816 -0.11501678538860267 -0.11726371461636576 -0.10993391083590437 -0.06102625860382387
-9999 -9999 -9999 -9999 -9999 -9999 -9999 -9999 -9999 -9999 -9999 -9999 -9999 -0.02210610986545386 -0.10463620783970844 -0.12026916367822135 -0.11733889396592286 -0.11536090294923015 -0.11077041954221513 -0.10105744648157368 -0.07547217276909496 -0.0938970110447004 -0.09162382498408196 -0.090453744434215 -0.0935838555806125 -0.1021898093059758 -0.10235076268135712 -0.10188491237257294 -0.1035976004940982 -0.10696499797188684 -0.10329233593498632 -0.10221743935238052 -0.0954003832950596 -0.0979123082419006 -0.10129575262968704 -0.09338437488907024 -0.08982291392093858 -0.08716403351270205 -0.0813552230806244 -0.07788837663459264 -0.07752633744246322 -0.07647991030544833 -0.08469433672972862 -0.09581286935074043 -9999 -9999 -9999 -9999 -9999 -9999 -9999 -9999
-9999 -9999 -9999 -9999 -9999 -9999 -9999 -9999 -9999 -9999 -9999 -9999 -9999 -0.09414878777468837 -0.10714351667078914 -0.11152033292571242 -0.09971642292517896 -0.10112835060410348 -0.10154464804499552 -0.0932603359271754 -0.09293613946743756 -0.0947491687889032 -0.09271078792998927 -0.08887019451238856 -0.09071715249501117 -0.08845373117889199 -0.0918938700442776 -0.09366724788155778 -0.09448102988080673 -0.0992745078100965 -0.09766644129023846 -0.09851615542903637 -0.09399977143829233 -0.09436008097320199 -0.09408574502002323 -0.09598968959481312 -0.08812730562632645 -0.08880831961772892 -0.08373513205334643 -0.08091227527683145 0.027880153526237458 -9999 -9999 -9999 -9999 -9999 -9999 -9999 -9999 -9999 -9999 -9999
-9999 -9999 -9999 -9999 -9999 -9999 -9999 -9999 -9999 -9999 -9999 -9999 -0.013814125617114923 -0.07953909550182864 -0.08649213264221384 -0.1032173513305306 -0.09091196916627373 -0.10863646846387956 -0.09892623478682427 -0.0942694158755884 -0.092914630547906 -0.08877404619452375 -0.08912944987366925 -0.08018129483630129 -0.07569834222363322 -0.07818225171688377 -0.08285104564779641 -0.08409859706333145 -0.08769761477381191 -0.09183804437962192 -0.09138025986709143 -0.08700899407884344 -0.08241962619890639 -0.08183750911732979 -0.08525635276779236 -0.08352706559767192 -0.07932476996635365 -0.08152872009437212 -0.08652616406340674 -0.07447728016321234 -0.07811183865422644 -9999 -9999 -9999 -9999 -9999 -9999 -9999 -9999 -9999 -9999 -9999
-9999 -9999 -9999 -9999 -9999 -9999 -9999 -9999 -9999 -9999 -9999 -0.1113805284735975 -0.07771298724121806 -0.05743700037679528 -0.05119070118379515 -0.09671240624361084 -0.0823093048660763 -0.09584030428198198 -0.09863919795595652 -0.0940342148987959 -0.08898594097807908 -0.08490649350480922 -0.07989671022711411 -0.05236092093246466 -0.0801360919479503 -0.07686923729218786 -0.07720020314098787 -0.07590408765075615 -0.08086598256220484 -0.08111017065998535 -0.08039045089004647 -0.08192173911517622 -0.07684204401139985 -0.07627516920178731 -0.08046341355001888 -0.07374449631211577 -0.07977064396717297 -0.07910195026941452 -0.0727244298966811 -0.08211621342979325 -9999 -9999 -9999 -9999 -9999 -9999 -9999 -9999 -9999 -9999 -9999 -9999
-9999 -9999 -9999 -9999 -9999 -9999 -9999 -9999 -9999 -9999 -0.08779216386895901 -0.11317243127904784 -0.11430995672053065 -0.11027538571630094 -0.11065061141841656 -0.09899208495479747 -0.09611768347044652 -0.09676704548348652 -0.08908979743965809 -0.06830057340199193 -0.09166846669815627 -0.07956501226008728 -0.07745924166446885 -0.08357095105931261 -0.09313913090586264 -0.09152088311210964 -0.09044573994489102 -0.08128093425431199 -0.07527987139040468 -0.07355085995344335 -0.07247876406752117 -0.06996408107363625 -0.07344954500332576 -0.08001161092855283 -0.08405066553552618 -0.08298684779974007 -0.0751065896231903 -0.07409042402460478 -0.07411875132323298 -9999 -9999 -9999 -9999 -9999 -9999 -9999 -9999 -9999 -9999 -9999 -9999 -9999
-9999 -9999 -9999 -9999 -9999 -9999 -9999 -9999 -9999 -9999 -9999 -9999 -0.04135484179321503 -0.10001132677352388 -0.08641275121454173 -0.08888646780161669 -0.09096455789905117 -0.09092305606194087 -0.08838761610823948 -0.08639121074106126 -0.05815061115172526 -0.07633463494997741 -0.07572320648253164 -0.08004271903303486 -0.08627811230299688 -0.0874201102330294 -0.08712734514539014 -0.08397700343379713 -0.08019749885610006 -0.07682752420521333 -0.0692877745046126 -0.06940601877128053 -0.0646447308287518 -0.07611111019867539 -0.08010258244362889 -0.08193840922800119 -0.07546962732880913 -0.07066297337462177 -0.07544982496846395 -0.08464756322444869 -9999 -9999 -9999 -9999 -9999 -9999 -9999 -9999 -9999 -9999 -9999 -9999
-9999 -9999 -9999 -9999 -9999 -9999 -9999 -9999 -9999 -9999 -9999 -0.046426475566151926 -0.07431013832818592 -0.050164235731130435 -0.08855216521523053 -0.07691727570005205 -0.07697413940698103 -0.08142011062494968 -0.07909101572825222 -0.07362347958449103 -0.07274996732910541 -0.07101005217714221 -0.06594677085661338 -0.06567293240855271 -0.07154677637439494 -0.07462107568411835 -0.07307193357966199 -0.07603440075397291 -0.07516243110799438 -0.07164961064468747 -0.06994715925700817 -0.06997665659900729 -0.07221242517158885 -0.07556165693118083 -0.07996218812510075 -0.08676945976296205 -0.0934749310219426 -0.0886389326846955 -0.0875393302420413 -9999 -9999 -9999 -9999 -9999 -9999 -9999 -9999 -9999 -9999 -9999 -9999 -9999
-9999 -9999 -9999 -9999 -9999 -0.03521108856757743 -0.11057117997070418 -0.062004517689840666 -0.012804266423085629 0.0015384091298706324 0.007148210539032306 -0.094761010216216 -0.09164173577893647 -0.08672640674951063 -0.0807847965582712 -0.452426127904397 -0.07203124408665676 -0.07795882668494189 -0.07004015282141847 -0.06778944344784055 -0.06502058833763498 -0.06199343520407841 -0.0688446159382036 -0.06491559414526091 -0.06687573242981898 -0.06645483508188005 -0.07005358190084532 -0.0695217942374925 -0.06807039205034242 -0.06571327183790357 -0.06755239034799351 -0.06725500303240406 -0.07008170829284073 -0.07251803882247365 -0.07235265544782216 -0.07712965435811026 -0.08224683954374287 -0.08128719523376385 -9999 -9999 -9999 -9999 -9999 -9999 -9999 -9999 -9999 -9999 -9999 -9999 -9999 -9999
-9999 -9999 -9999 -9999 -0.0665617280374497 -0.027566648908699587 -0.005117648842417666 -0.10046827076434696 -0.10076288319507383 -0.0954882020611834 -0.0921878233761681 -0.0872244564446294 -0.07387276422479097 -0.06403053948495363 -0.040323479761005636 -0.06493941374394477 -0.06534297805008116 -0.0644866569239079 -0.06004632330370069 -0.05949610926901664 -0.0570886693463124 -0.049131071127161696 -0.04995760957506912 -0.057863221139899924 -0.061407563344433626 -0.06312816402572671 -0.060786441172047574 -0.05935218481852714 -0.062481186815247634 -0.0624683207172333 -0.06559660182710714 -0.08122473509229766 -0.07326050456736657 -0.06775481401887165 -0.06742129408267157 -9999 -9999 -9999 -9999 -9999 -9999 -9999 -9999 -9999 -9999 -9999 -9999 -9999 -9999 -9999 -9999 -9999
-9999 -9999 -9999 0.13550767369741046 -0.050346664097530185 -0.1043032868734456 -0.014806672264605912 -0.07760657820949296 -0.07584302363584178 -0.07277188286037238 -0.06421224683498508 -0.05672120310933581 -0.04912206186413373 -0.057684930806227074 -0.05780346563320285 -0.057825890850793836 -0.05807306225849501 -0.0604840948844686 -0.0613211653941613 -0.060440660602357615 -0.056906782454558165 -0.04422083701815038 -0.03886422332351569 -0.0417447996924058 -0.048625790187163835 -0.05426202445531522 -0.049386679953494605 -0.05067463076075182 -0.04917170359623549 -0.04914833623792556 -0.052534061823262285 -9999 -9999 -9999 -9999 -9999 -9999 -9999 -9999 -9999 -9999 -9999 -9999 -9999 -9999 -9999 -9999 -9999 -9999 -9999 -9999 -9999
-9999 -9999 -9999 0.12161788967320855 0.15403761527815601 -0.020147934630019737 -0.0647930609777767 -0.04817838226722565 0.009359166149469413 -0.0663538614954084 -0.07700623171589037 -0.07427566710686842 -0.06844882226074175 -0.0707636754404729 -0.05747898166616827 -0.05545615843367696 -0.05541521071499547 -0.05740033157342514 -0.06146745180822169 -0.05033967964696568 -0.045023730185055566 -0.03752010849779408 -0.03825737109765506 -0.035471594855435995 -0.03308152864434266 -0.036123759760860574 -0.039975914086480414 -0.04541362067129437 -0.04304218266331991 -9999 -9999 -9999 -9999 -9999 -9999 -9999 -9999 -9999 -9999 -9999 -9999 -9999 -9999 -9999 -9999 -9999 -9999 -9999 -9999 -9999 -9999 -9999
-9999 -9999 -9999 0.08117040558193889 0.002812936988393966 0.01986398128484257 -0.0001476268277855186 -0.06392902461503512 -0.06472151699963198 -0.04299718276011627 -0.057569850963965975 -0.0527159647757052 -0.062441945427547635 -0.0627826341668403 -0.059252998057678814 -0.06408842060320225 -0.058873098781517426 -0.05582520903538393 -0.05514880922925194 -0.04853139772073717 -0.04220586356441708 -0.037944129248772614 -0.04438073476098034 -0.046858464534215584 -0.04068291607306687 -0.037018195997356174 -0.04253352263831342 -0.05862767886469102 -9999 -9999 -9999 -9999 -9999 -9999 -9999 -9999 -9999 -9999 -9999 -9999 -9999 -9999 -9999 -9999 -9999 -9999 -9999 -9999 -9999 -9999 -9999 -9999
-9999 -9999 -9999 0.13218637021714885 0.021877608724579944 0.03239483010048505 0.04296966428738952 0.06182794772483258 0.014130903037869402 -0.06366159483198297 -0.06040711205033277 -0.07915297871615913 -0.0640575701913593 -0.057298674494866884 -0.061836726593458125 -0.061431525194931086 -0.057727556342616775 -0.05195101274683181 -0.053401844489653405 -0.04368605503553391 -0.046285478675750336 -0.0438346087759891 -0.042435609390157364 -0.048381906267971016 -0.04467893718735663 -0.04820098951212223 -0.04219347644992028 -9999 -9999 -9999 -9999 -9999 -9999 -9999 -9999 -9999 -9999 -9999 -9999 -9999 -9999 -9999 -9999 -9999 -9999 -9999 -9999 -9999 -9999 -9999 -9999 -9999
-9999 -9999 -9999 -9999 -0.019981442253715898 -0.09350992527031744 -0.08938292836437361 -0.08144301932231085 -0.08361188195867847 -0.07381249459719423 -0.08127024036443589 -0.06191255006667795 -0.08425381508291949 -0.06555573340653388 -0.056468579665270476 -0.05464885333886013 -0.05688811845411329 -0.05634262491116264 -0.05201029072558838 -0.047233654136787984 -0.03960210070112685 -0.04198442895384813 -0.043863896360707234 -0.043993551987192486 -9999 -9999 -9999 -9999 -9999 -9999 -9999 -9999 -9999 -9999 -9999 -9999 -9999 -9999 -9999 -9999 -9999 -9999 -9999 -9999 -9999 -9999 -9999 -9999 -9999 -9999 -9999 -9999
