metrics/grid_rasters/SMAP L4/grideval_SMAP L4_S_spring_absolute_bias.asc
ncols 52
nrows 55
xllcorner     11.25
yllcorner     55.25
cellsize      0.25
NODATA_value  -9999
[rows 0 to 26 of 55, columns 0 to 51 of 52]
-9999 -9999 -9999 -9999 -9999 -9999 -9999 -9999 -9999 -9999 -9999 -9999 -9999 -9999 -9999 -9999 -9999 -9999 -9999 -9999 -9999 -9999 -9999 -9999 -9999 -9999 -9999 -9999 -9999 -9999 -9999 -9999 -9999 -9999 -9999 -9999 0.008907644716933893 -0.014697469007382337 -0.06455399215089097 -9999 -9999 -9999 -9999 -9999 -9999 -9999 -9999 -9999 -9999 -9999 -9999 -9999
-9999 -9999 -9999 -9999 -9999 -9999 -9999 -9999 -9999 -9999 -9999 -9999 -9999 -9999 -9999 -9999 -9999 -9999 -9999 -9999 -9999 -9999 -9999 -9999 -9999 -9999 -9999 -9999 -9999 -9999 -9999 -9999 -9999 -9999 -9999 -9999 0.013334549227512371 -0.0030344134286912072 -0.006832617975542632 -0.03635058496071597 -0.09861348189008357 -0.08983601768657185 -9999 -9999 -9999 -9999 -9999 -9999 -9999 -9999 -9999 -9999
-9999 -9999 -9999 -9999 -9999 -9999 -9999 -9999 -9999 -9999 -9999 -9999 -9999 -9999 -9999 -9999 -9999 -9999 -9999 -9999 -9999 -9999 -9999 -9999 -9999 -9999 -9999 -0.009110584871618144 -0.03051938379512115 -0.06782916844266018 -0.09483514163302703 -0.06753160130567476 -0.06749828618476006 -0.04556245691702182 -9999 -0.03439784344372554 -0.01004224395998926 -0.02304800900537968 -0.07959011837128926 -0.0889520432567138 -0.08518391365238442 -0.08135582407425826 -0.08462554956205763 -0.079073325069666 -0.08021819154906618 -0.0759719703325818 -9999 -9999 -9999 -9999 -9999 -9999
-9999 -9999 -9999 -9999 -9999 -9999 -9999 -9999 -9999 -9999 -9999 -9999 -9999 -9999 -9999 -9999 -9999 -9999 -9999 -9999 -9999 -9999 -9999 -9999 -9999 -9999 -9999 -0.006932617182031253 -0.0017650524444418059 0.0035885548397562306 0.012714482901760528 0.008047179418539885 -0.03069644116204273 -0.07510323792177795 -0.05921751208936904 -0.05743937492039839 -0.05489787333681101 -0.06568644134878365 -0.07541660635924721 -0.0905313690227797 -0.08676853753375513 -0.08545417501513625 -0.09072457006407186 -0.09483954987391872 -0.07957406494734776 -0.08938017683231161 -0.08139786274729507 -0.07777727714212923 -9999 -9999 -9999 -9999
-9999 -9999 -9999 -9999 -9999 -9999 -9999 -9999 -9999 -9999 -9999 -9999 -9999 -9999 -9999 -9999 -9999 -9999 -9999 -9999 -9999 -9999 -0.007060230638290198 -0.019128472296520427 -0.008901909561541799 -0.02518532207133017 -0.004900781183475643 -0.004597110667583282 -0.002049426215690764 0.00478016214374255 0.00981885789060788 -0.04105656717800893 -0.03106304307447905 -0.0724962590812887 -0.05856387595578205 -0.0476560375446132 -0.06738130760400153 -0.06951301343411018 -0.07234397264837641 -0.0779105319641186 -0.08510917405309476 -0.08640771344596265 -0.08951930571630007 -0.09313363562876588 -0.09920946389844673 -0.10935648337497214 -0.10248858322049352 -0.1023202526306956 -0.10101791738890473 -9999 -9999 -9999
-9999 -9999 -9999 -9999 -9999 -9999 -9999 -9999 -9999 -9999 -9999 -9999 -9999 -9999 -9999 -9999 -9999 -9999 -9999 -9999 -9999 -0.016423330124422153 -0.013417995443531115 -0.004706210674200462 -0.016195162452682932 -0.017832572410338587 -0.015457104101826713 0.0006601868780992115 0.0019878689179013143 0.0027466024286959545 -0.013308742753761704 -0.043249677132113584 -0.05144949234219953 -0.0893622099239651 -0.07830332930203593 -0.06718469359589824 -0.07749008040294969 -0.07756180148895607 -0.08169894493203936 -0.09187163612135152 -0.09017934689048124 -0.09084099229070997 -0.09617273557463972 -0.10036468857026212 -0.1052026640109737 -0.11100549871860677 -0.09642149082409464 -0.10545765377837464 -0.10511433385805956 -9999 -9999 -9999
-9999 -9999 -9999 -9999 -9999 -9999 -9999 -9999 -9999 -9999 -9999 -9999 -9999 -9999 -9999 -9999 -9999 -9999 -9999 -9999 -0.012008134707053196 -0.004731338023257314 -0.010416980214000726 -0.003990463457679117 -0.007879124265929016 0.0009894482722513363 0.003411668607406271 -0.008952686246835984 -0.00798502472917373 -0.026389450981490814 -0.05975335184794816 -0.10056492048438018 -0.09745777870521166 -0.08996902680202984 -0.43708533679296746 -0.085866556883608 -0.08998400953646901 -0.09277084256448967 -0.1033707571347202 -0.1010509503525008 -0.10099156237821692 -0.10522024853887536 -0.4867397641919518 -0.4894866628852809 -0.10515902659714864 -0.4816214058284975 -0.4841440127948192 -0.4857502197043965 -0.4853501842556025 -0.4857513006036474 -9999 -9999
-9999 -9999 -9999 -9999 -9999 -9999 -9999 -9999 -9999 -9999 -9999 -9999 -9999 -9999 -9999 -9999 -9999 -9999 -9999 -9999 -9999 -0.01471192128694454 -0.014750704847350637 -0.0001096228537981192 -5.2798700650225065e-05 -0.0014060531617798855 -0.020805840387725427 -0.05819034846544353 -0.10078628554173943 -0.08439563778189435 -0.04391222376317128 -0.1012807040800221 -0.1064787423262277 -0.09852790204057683 -0.09480962300582854 -0.4756859285750744 -0.10283481395006447 -0.10130957281130842 -0.1033074221388746 -0.10343275505041928 -0.10448861154657003 -0.10779254814893104 -0.11103315103442148 -0.4943155053805917 -0.4911769469314446 -0.4830827106822653 -0.4835224625714126 -0.48644948753215095 -0.4874455665454925 -9999 -9999 -9999
-9999 -9999 -9999 -9999 -9999 -9999 -9999 -9999 -9999 -9999 -9999 -9999 -9999 -9999 -9999 -9999 -9999 -9999 -9999 -0.012988081926158137 -0.010463438605627151 -0.01178726186762902 -0.016042596139248078 -0.02012988030800233 -0.04246432091896063 -0.1136261097841513 -0.11539919459396406 -0.1137357853074626 -0.10888788977839796 -0.10933229633714814 -0.10483427629111833 -0.10268552242452643 -0.09926239611967556 -0.09444517670099356 -0.09573202903540633 -0.4803750548777737 -0.10379406295460417 -0.1098493035638769 -0.10938218307084964 -0.11122987739937508 -0.10720185776176694 -0.10640138328141564 -0.10457846230151607 -0.10877146321868086 -0.49129434363228097 -0.11100340850962737 -0.1067236504023753 -0.11094068683190472 -0.4878398215179747 -0.4845212638278912 -0.10548119275075084 -9999
-9999 -9999 -9999 -9999 -9999 -9999 -9999 -9999 -9999 -9999 -9999 -9999 -9999 -9999 -9999 -9999 -9999 -9999 -0.0016482109786226662 -0.0007986384125228674 -0.007327770298161506 -0.024142653411554027 -0.07783023861991095 -0.10758534444842656 -0.10990575938876626 -0.1089338821986407 -0.09756989508062387 -0.09243164810479856 -0.0908003532904146 -0.10866427505364737 -0.10093966241108683 -0.09920339254352988 -0.09589820652042458 -0.09749866357742308 -0.09814374076076407 -0.1011897965885294 -0.10283693325021204 -0.10379363815849724 -0.1040298201025216 -0.10821122587653292 -0.1113866878204155 -0.11029734289121328 -0.10842081995924184 -0.10830123548899324 -0.1087344647600525 -0.10491782341936627 -0.10568081600508156 -0.10969980986657246 -0.10152479999602564 -0.10015337266196067 -0.10055561311876517 -9999
-9999 -9999 -9999 -9999 -9999 -9999 -9999 -9999 -9999 -9999 -9999 -9999 -9999 -9999 -9999 -9999 -9999 -0.0036080698701482228 -0.010237018454749669 -0.0795930878921125 -0.09216379216874564 -0.08939537022275215 -0.08894908765576917 -0.10611511700756672 -0.10374926952931164 -0.10735552583497583 -0.10558843129196302 -0.10633156605442497 -0.10852765603128116 -0.1033689033486779 -0.1004442319444846 -0.0995821842728744 -0.10066500548142396 -0.0995808053945022 -0.10111608143166788 -0.09965279594179527 -0.09758483568055516 -0.0966160761132489 -0.0997020582931376 -0.10496985934374292 -0.4870887949616213 -0.4856845518306058 -0.10508505877106006 -0.10996396998387993 -0.10523060819218877 -0.10249762758585074 -0.1038507155156162 -0.10777628130155098 -0.10191510915976744 -0.1016347979809062 -9999 -9999
-9999 -9999 -9999 -9999 -9999 -9999 -9999 -9999 -9999 -9999 -9999 -9999 -9999 -0.026560442197600675 -0.017183422921015268 -0.007910353681840955 -0.006165803548277947 -0.006118864019491299 -0.0039523149414323324 -0.004296889624417488 -0.03203610741249774 -0.06940332425002294 -0.08913282919406362 -0.09285725831235728 -0.0973586199727272 -0.0920487408489375 -0.10669588281342683 -0.10270776319869834 -0.10202007141216482 -0.09717922670132052 -0.09474806307842236 -0.09540479596879277 -0.09089945237415173 -0.09764703481430216 -0.09720228193999657 -0.09161516903309393 -0.09755394067801326 -0.09570210457090704 -0.0961309761260996 -0.08810296511367828 -0.08727985081344547 -0.08862814153956344 -0.09443532137177496 -0.10053534244018003 -0.10686214193233153 -0.4855171330121549 -0.4829875298431525 -0.4852907981115758 -0.11052075019598978 -0.4854860510973413 -0.4763513428610076 -9999
-9999 -9999 -9999 -9999 -9999 -9999 -9999 -9999 -9999 -9999 -9999 -9999 -9999 -0.012331771036893202 -0.022903844543267216 -0.0701150297567309 -0.11259133288518965 -0.10965447367626874 -0.0895878241827785 -0.041209224938155535 -0.08879839541556611 -0.08934422791599564 -0.08688393034539837 -0.08159411688381063 -0.08468147717578918 -0.09489362481519817 -0.10629354788888354 -0.09882121143123196 -0.1001427398647946 -0.09626636371606373 -0.091998460477606 -0.08944415076988255 -0.09022197014329353 -0.08562691655262195 -0.08553427534988972 -0.08699134176874712 -0.08323153676454814 -0.08576975833408224 -0.08864367923889166 -0.08204813621307011 -0.08057226238429788 -0.0854430811695377 -0.08613457714589579 -0.09556064095666483 -0.4719924255185687 -0.10309108545989233 -0.1077589779221213 -0.11272435777283495 -0.11433919649564288 -0.1150038634577461 -0.1078475842123512 -0.0598956086086071
-9999 -9999 -9999 -9999 -9999 -9999 -9999 -9999 -9999 -9999 -9999 -9999 -9999 -0.019853699154382787 -0.0911328175797358 -0.10738692902610164 -0.1055908025942861 -0.1030870025748021 -0.10266068145561076 -0.09185395589635142 -0.07056011681286795 -0.08557973362166396 -0.08327705455276202 -0.0826313444918012 -0.08512891170782733 -0.09326830356927256 -0.0941420814702566 -0.1102668017623074 -0.10461767156213203 -0.097225147024861 -0.09360969842274096 -0.0941829506639988 -0.08852843654693783 -0.09077416901186224 -0.0946457551125901 -0.08891822132542093 -0.08715430172756344 -0.08521444317128453 -0.08184964125724448 -0.07897592060022601 -0.07814966585959854 -0.07750219643623174 -0.08790616078086577 -0.10298649861421838 -9999 -9999 -9999 -9999 -9999 -9999 -9999 -9999
-9999 -9999 -9999 -9999 -9999 -9999 -9999 -9999 -9999 -9999 -9999 -9999 -9999 -0.08941427726040846 -0.10531981668668984 -0.10566415704161072 -0.09594536924137262 -0.09478452247114387 -0.09400139483883344 -0.08639879755143802 -0.08544134610214371 -0.09335775232363576 -0.08828164626063129 -0.08378630592630743 -0.08463881512923987 -0.08187018656814449 -0.0867238068829807 -0.08951059167379805 -0.08946560281892202 -0.0935677196796056 -0.09032780941971308 -0.09138386372147422 -0.08885568877612493 -0.08970878831973306 -0.08940814214417814 -0.09144447808943984 -0.08583531709256281 -0.08691131047107886 -0.08433639967370997 -0.08498764912970985 0.013265789089889124 -9999 -9999 -9999 -9999 -9999 -9999 -9999 -9999 -9999 -9999 -9999
-9999 -9999 -9999 -9999 -9999 -9999 -9999 -9999 -9999 -9999 -9999 -9999 -0.016410249242330976 -0.07770592576810004 -0.08301640460436488 -0.09838963243483263 -0.09305601337972147 -0.10340314215966342 -0.09359149084658347 -0.09042021964617758 -0.08804810581893513 -0.08384864165678846 -0.08404084574810186 -0.07807487583451478 -0.07331013042222029 -0.0762235391561164 -0.08222443426025823 -0.08494537110642686 -0.08792689442083301 -0.09100717388829438 -0.08876709626244039 -0.08545817344928736 -0.08183583613351407 -0.08238605527559384 -0.08658514648973609 -0.08232844265641609 -0.08134967653763725 -0.08291938659485915 -0.09073101481353184 -0.08123168756112409 -0.08458722985611111 -9999 -9999 -9999 -9999 -9999 -9999 -9999 -9999 -9999 -9999 -9999
-9999 -9999 -9999 -9999 -9999 -9999 -9999 -9999 -9999 -9999 -9999 -0.10043150552038876 -0.06717179172620302 -0.05210673102307578 -0.0481972860112439 -0.08920056716605462 -0.07887209749005702 -0.08926133862743102 -0.09248820089473576 -0.08800920177577731 -0.08735822433350132 -0.08277591674847379 -0.07848177222887143 -0.056481653392381086 -0.0794222730918589 -0.07628973803055361 -0.07814802090481304 -0.07873346973272594 -0.08326890070130549 -0.0835640033802808 -0.08278697021264214 -0.08397465752995192 -0.07940018680904515 -0.07970712450513827 -0.08325513836810905 -0.07684192076308882 -0.08701732790540684 -0.09010789577845417 -0.09157381421475336 -0.10186919008212493 -9999 -9999 -9999 -9999 -9999 -9999 -9999 -9999 -9999 -9999 -9999 -9999
-9999 -9999 -9999 -9999 -9999 -9999 -9999 -9999 -9999 -9999 -0.07880463681858729 -0.10595829853229156 -0.10318289763324134 -0.10176155659123083 -0.10179481925211964 -0.09142431093616216 -0.08964130709094559 -0.08983940672773016 -0.08419876608789473 -0.06819932550864444 -0.08592844318117515 -0.07771383445328184 -0.07689489505267172 -0.08235449418067227 -0.09055756398518357 -0.08956055757715398 -0.09020493486348324 -0.0847560015379214 -0.07956482693304895 -0.07821069184802347 -0.07691977036096326 -0.07426024603482045 -0.07696439189642745 -0.08074995519230199 -0.08534223582737542 -0.08803827605267789 -0.08333653172452582 -0.08791167209909617 -0.08851592628064088 -9999 -9999 -9999 -9999 -9999 -9999 -9999 -9999 -9999 -9999 -9999 -9999 -9999
-9999 -9999 -9999 -9999 -9999 -9999 -9999 -9999 -9999 -9999 -9999 -9999 -0.040911985301459834 -0.09355197823184352 -0.08126496721804694 -0.07933268501742696 -0.08507323674127165 -0.0878334549392456 -0.08530269719762268 -0.0833627342505231 -0.0644472524430017 -0.07718826559156211 -0.07689258918756031 -0.08092310224203897 -0.08660860806758691 -0.08770038541427068 -0.08833913252590059 -0.08679222074363835 -0.08431407232064914 -0.08325624525480874 -0.07550327258223832 -0.0761997059147489 -0.07332667065050441 -0.08238447433571172 -0.08600512057642029 -0.09013508504468164 -0.08378458195622658 -0.08259403510994268 -0.08625843705312436 -0.09940918848398128 -9999 -9999 -9999 -9999 -9999 -9999 -9999 -9999 -9999 -9999 -9999 -9999
-9999 -9999 -9999 -9999 -9999 -9999 -9999 -9999 -9999 -9999 -9999 -0.04676722935557676 -0.07526313681934133 -0.056571459741535934 -0.08674059625228507 -0.0728023276532353 -0.07052058007952644 -0.07548581993760689 -0.07811397191135694 -0.0747799060872163 -0.07572488028651203 -0.0755023447079346 -0.07080343481438539 -0.07054922495711258 -0.07674670941049944 -0.07892525144806184 -0.07708295801591752 -0.07947514727408472 -0.07878220534483417 -0.07800395184761938 -0.0771877992838963 -0.07769877549854863 -0.08080096895104638 -0.0818617334971814 -0.0857738831441931 -0.09168525666406407 -0.10076571766685387 -0.09840139858576263 -0.09791202681112238 -9999 -9999 -9999 -9999 -9999 -9999 -9999 -9999 -9999 -9999 -9999 -9999 -9999
-9999 -9999 -9999 -9999 -9999 -0.027647401055626356 -0.09780648324805367 -0.058972211048155865 -0.014663058400286422 -0.000643699727277125 0.00183560916154063 -0.08835264103217694 -0.08589044704487536 -0.08583596418775369 -0.08085228974648068 -0.452072608125814 -0.07445312175338814 -0.0797142595096822 -0.07361094816785985 -0.07401839733851473 -0.071243498685225 -0.07103945340794454 -0.07697358040557367 -0.07407034554284808 -0.07376709020318611 -0.0737709526194496 -0.07639895145799598 -0.07643692499723337 -0.07631726752066675 -0.07632084116973659 -0.07710058200460784 -0.07768687543562948 -0.07935930980363247 -0.08036944304313476 -0.08075618016203817 -0.0920367589095677 -0.09965572534029103 -0.09693706256678224 -9999 -9999 -9999 -9999 -9999 -9999 -9999 -9999 -9999 -9999 -9999 -9999 -9999 -9999
-9999 -9999 -9999 -9999 -0.05675476012717695 -0.01935159429064337 -0.00829418632572243 -0.09143042525251044 -0.09346066254335468 -0.08779730685013909 -0.08528286003643082 -0.08045726751028676 -0.07011120628305068 -0.06389880226115319 -0.04826873360057693 -0.07089142562546558 -0.07023874456093926 -0.07340140410850897 -0.06870818574186878 -0.07079876119169626 -0.07141673499859574 -0.06721280455655447 -0.0648959087875654 -0.07275097963547994 -0.07376047626518117 -0.0759312145265878 -0.0729605316167578 -0.06980317130910879 -0.0721989870016283 -0.07255451812309288 -0.07256815382122682 -0.08799933797886222 -0.0859028843213927 -0.07930651300490632 -0.0801992638328099 -9999 -9999 -9999 -9999 -9999 -9999 -9999 -9999 -9999 -9999 -9999 -9999 -9999 -9999 -9999 -9999 -9999
-9999 -9999 -9999 0.11851787831754185 -0.04839611621838874 -0.094440957605067 -0.014015030957926557 -0.07057634887984626 -0.06544056035856644 -0.06528310680605504 -0.059730370696103485 -0.044987877827417484 -0.04151186646354055 -0.06366108239380641 -0.07056289022051754 -0.06488955410109865 -0.06715831952186763 -0.07111058456673698 -0.06819475445203149 -0.0684962268785067 -0.06907068179728054 -0.06525493750870343 -0.06362699417110024 -0.06191227746878648 -0.06603598486062906 -0.07126095300024188 -0.06482773438741046 -0.06747290970570857 -0.06739964900945583 -0.06991626710372195 -0.07063055910029503 -9999 -9999 -9999 -9999 -9999 -9999 -9999 -9999 -9999 -9999 -9999 -9999 -9999 -9999 -9999 -9999 -9999 -9999 -9999 -9999 -9999
-9999 -9999 -9999 0.10085196611156212 0.1295865523762232 -0.02787376699891303 -0.060607300752231585 -0.04450594737734387 0.002561333876956229 -0.06281662627894746 -0.07122790236804732 -0.07762235584432797 -0.07692939897532641 -0.07366297348556455 -0.06755747240625215 -0.06277285064210547 -0.06263471886796773 -0.06337600037913121 -0.06937658879940395 -0.06474856817850222 -0.06066555142557006 -0.05578414347164723 -0.060379088388034415 -0.059939872427997525 -0.058403185940520914 -0.05931104686010603 -0.05950153482608599 -0.06169936880110988 -0.06462058835654974 -9999 -9999 -9999 -9999 -9999 -9999 -9999 -9999 -9999 -9999 -9999 -9999 -9999 -9999 -9999 -9999 -9999 -9999 -9999 -9999 -9999 -9999 -9999
-9999 -9999 -9999 0.06299187620613161 -0.00907799539259968 0.008752383691401022 -0.008307141135059093 -0.05950894441884225 -0.06271653206997613 -0.04642013897840242 -0.060742457586440875 -0.059502902783555474 -0.06101307246449522 -0.06587630179009524 -0.06633996084205672 -0.06694219399504077 -0.06384257871907068 -0.06160996566535897 -0.06595969266839435 -0.06322097415576544 -0.05928210978635012 -0.0542681256169264 -0.05902184134737193 -0.059847624669946475 -0.05362584045252622 -0.05630078440434921 -0.07038322973705596 -0.0953199075100116 -9999 -9999 -9999 -9999 -9999 -9999 -9999 -9999 -9999 -9999 -9999 -9999 -9999 -9999 -9999 -9999 -9999 -9999 -9999 -9999 -9999 -9999 -9999 -9999
-9999 -9999 -9999 0.11402506134023148 0.008755570241049226 0.020892734521854583 0.030908797538549467 0.05453114856008329 0.006737704238228282 -0.06652738851306618 -0.06452636841355193 -0.0796759235905225 -0.06522646374915025 -0.060762258351973734 -0.06601966776386531 -0.06692408818008723 -0.06485492992171787 -0.06004829851402605 -0.0655124664824846 -0.060648789846407536 -0.05659846935587993 -0.05716336297186225 -0.06054072599696798 -0.06590900955224893 -0.06272961618258166 -0.070736852567195 -0.0658286519340352 -9999 -9999 -9999 -9999 -9999 -9999 -9999 -9999 -9999 -9999 -9999 -9999 -9999 -9999 -9999 -9999 -9999 -9999 -9999 -9999 -9999 -9999 -9999 -9999 -9999
-9999 -9999 -9999 -9999 -0.026204113387153 -0.08959809199245689 -0.08584263178206708 -0.07442946158710606 -0.08043182473953593 -0.0717951963279056 -0.07881256983185797 -0.06373861821280817 -0.0827675733716674 -0.07413341748882041 -0.0676917914732535 -0.06716475469555366 -0.06822657535528631 -0.0702560712430727 -0.0644026525288302 -0.06083506875531214 -0.054796458492444855 -0.056697690030446175 -0.05929593825688684 -0.06592391722959988 -9999 -9999 -9999 -9999 -9999 -9999 -9999 -9999 -9999 -9999 -9999 -9999 -9999 -9999 -9999 -9999 -9999 -9999 -9999 -9999 -9999 -9999 -9999 -9999 -9999 -9999 -9999 -9999
