metrics/grid_rasters/SMAP L4/grideval_SMAP L4_X_fall_2017_absolute_ubrmsd.asc
ncols 52
nrows 55
xllcorner     11.25
yllcorner     55.25
cellsize      0.25
NODATA_value  -9999
[rows 0 to 27 of 55, columns 0 to 51 of 52]
-9999 -9999 -9999 -9999 -9999 -9999 -9999 -9999 -9999 -9999 -9999 -9999 -9999 -9999 -9999 -9999 -9999 -9999 -9999 -9999 -9999 -9999 -9999 -9999 -9999 -9999 -9999 -9999 -9999 -9999 -9999 -9999 -9999 -9999 -9999 -9999 0.023030176133686468 0.0222735080015066 0.02058890643046716 -9999 -9999 -9999 -9999 -9999 -9999 -9999 -9999 -9999 -9999 -9999 -9999 -9999
-9999 -9999 -9999 -9999 -9999 -9999 -9999 -9999 -9999 -9999 -9999 -9999 -9999 -9999 -9999 -9999 -9999 -9999 -9999 -9999 -9999 -9999 -9999 -9999 -9999 -9999 -9999 -9999 -9999 -9999 -9999 -9999 -9999 -9999 -9999 -9999 0.02349091113004801 0.0228249141060938 0.02220631442332597 0.02190097061245066 0.022316979931130868 0.021366091869518745 -9999 -9999 -9999 -9999 -9999 -9999 -9999 -9999 -9999 -9999
-9999 -9999 -9999 -9999 -9999 -9999 -9999 -9999 -9999 -9999 -9999 -9999 -9999 -9999 -9999 -9999 -9999 -9999 -9999 -9999 -9999 -9999 -9999 -9999 -9999 -9999 -9999 0.02089237576792501 0.022481333194262758 0.01602759184099509 0.0128282161761779 0.02148645788197273 0.023199294088237604 0.024607408465614086 -9999 0.02408167915043997 0.023128764394904376 0.022318882413184967 0.02203798772662373 0.0221575451612349 0.023186901796317792 0.022982299639062904 0.02279819821924783 0.022284847739329885 0.021789717027608492 0.02044246646158196 -9999 -9999 -9999 -9999 -9999 -9999
-9999 -9999 -9999 -9999 -9999 -9999 -9999 -9999 -9999 -9999 -9999 -9999 -9999 -9999 -9999 -9999 -9999 -9999 -9999 -9999 -9999 -9999 -9999 -9999 -9999 -9999 -9999 0.02221923766842126 0.021068614617667042 0.024066440095916183 0.024797436017333124 0.023642129163462942 0.02678008033860941 0.02798266803925517 0.02886402289691933 0.024587847996073286 0.025479875840346 0.02443698582939956 0.02261935675676123 0.02328640863206731 0.02371190217322643 0.02377844391170093 0.023780625379751147 0.022880156810528414 0.0211104874357338 0.02033052520650984 0.019893605158295656 0.01875246681671958 -9999 -9999 -9999 -9999
-9999 -9999 -9999 -9999 -9999 -9999 -9999 -9999 -9999 -9999 -9999 -9999 -9999 -9999 -9999 -9999 -9999 -9999 -9999 -9999 -9999 -9999 0.019054821914368185 0.023840524578246817 0.02126711446979369 0.01994879829385649 0.01822914943420248 0.02403459121897477 0.023194335965438826 0.023218815749477737 0.02614457047044713 0.028186552726982544 0.03066598479462302 0.0309982236193277 0.02961862871074075 0.024397349178555416 0.022229012933300943 0.022272114437620647 0.020911882921449014 0.020422095989119225 0.02122367169344955 0.021513052799587963 0.02206109455382606 0.021940117183578845 0.02203280363377902 0.023095294518567462 0.022076887254610225 0.020722439394329238 0.019647025035563547 -9999 -9999 -9999
-9999 -9999 -9999 -9999 -9999 -9999 -9999 -9999 -9999 -9999 -9999 -9999 -9999 -9999 -9999 -9999 -9999 -9999 -9999 -9999 -9999 0.02095914495356131 0.020684858320541257 0.022726483436293483 0.013379690989182536 0.013493129276594532 0.0194994198944612 0.02240973676277 0.02365747876345772 0.02507319124545153 0.028964850426889937 0.028753842710351567 0.02796055001016541 0.025839696624360545 0.025078268985911683 0.02143935593504577 0.0218503726311728 0.02167246069633037 0.021437246520513563 0.021794352776729357 0.021645158244665053 0.021174446928123026 0.021791495163080345 0.02251466082765248 0.022878505711791838 0.022823101942289658 0.021293082486046243 0.019735710764776957 0.01935995157226601 -9999 -9999 -9999
-9999 -9999 -9999 -9999 -9999 -9999 -9999 -9999 -9999 -9999 -9999 -9999 -9999 -9999 -9999 -9999 -9999 -9999 -9999 -9999 0.019476049278487246 0.01649395377214128 0.02102692692025277 0.02298339770336296 0.021332162372573862 0.01844972935708746 0.017752836532951056 0.023036854944005862 0.025135907639885092 0.02555704139153457 0.02780816186511369 0.02834529554642627 0.027433868676800803 0.024641932754573968 0.024892906608405603 0.02087937394173014 0.020982178132112908 0.02184986727985287 0.0233911207800862 0.024176870638955367 0.02425520366738464 0.02428807869197238 0.02673613228745383 0.025716771749181137 0.021940589373781974 0.022749395791844238 0.02203265986904792 0.021381048716256405 0.02112757390122581 0.021329104017785715 -9999 -9999
-9999 -9999 -9999 -9999 -9999 -9999 -9999 -9999 -9999 -9999 -9999 -9999 -9999 -9999 -9999 -9999 -9999 -9999 -9999 -9999 -9999 0.024270050662855668 0.02361889266667896 0.021854956885389968 0.021357995803148483 0.0205315547987815 0.024490045956896744 0.02683604120124897 0.03748088464702915 0.02805416896027116 0.026035581000167105 0.0282472006331812 0.028636429446045324 0.024279044738868983 0.022205000766126852 0.024431275546083174 0.022421592771766738 0.022323468528814668 0.02338704763831781 0.02377148342966256 0.023789693366676086 0.023349062944765832 0.02370710793277829 0.024804895041014626 0.023717020236747467 0.02202335841261626 0.021842655191850042 0.02155456910874361 0.021389653315990426 -9999 -9999 -9999
-9999 -9999 -9999 -9999 -9999 -9999 -9999 -9999 -9999 -9999 -9999 -9999 -9999 -9999 -9999 -9999 -9999 -9999 -9999 0.022400239915441697 0.023244322598446717 0.02440690634342137 0.025164299676961932 0.025648590283665302 0.029243379356060733 0.031789887316297234 0.030752234238140483 0.027715042889566784 0.0282200969988302 0.02607104484759192 0.024706976561963592 0.024289134416394246 0.02340147241471376 0.021279879365454692 0.020117632567778126 0.02281840448147347 0.02126753138608811 0.022512704098857417 0.023095419100280727 0.023593008750628357 0.02321066401048875 0.020491639497995158 0.01959365393150252 0.019466750258167968 0.021207816385753368 0.019793965387951872 0.019706986580553074 0.020409701144389284 0.021548125778397938 0.02008484086446466 0.017400988335192238 -9999
-9999 -9999 -9999 -9999 -9999 -9999 -9999 -9999 -9999 -9999 -9999 -9999 -9999 -9999 -9999 -9999 -9999 -9999 0.019926318565505297 0.02067285590498133 0.02458017301335896 0.027732207517968475 0.032161518227676426 0.0365148585904066 0.03875230522067997 0.03393259558574697 0.03473221558397665 0.027490394977393685 0.026321801179390158 0.02493233641089276 0.022592060746478505 0.021747939576461855 0.021066504341832472 0.0205646446807995 0.0195792208440161 0.019380471161603484 0.019872220347259325 0.02064742426539504 0.020653418510319262 0.0215475143945052 0.021431246165832574 0.019550991456810825 0.0189803693370978 0.018469231487329246 0.018075337216383755 0.016840702991272008 0.017455533239134954 0.01862429092206629 0.017740654568595058 0.01611017845093836 0.015483992316587059 -9999
-9999 -9999 -9999 -9999 -9999 -9999 -9999 -9999 -9999 -9999 -9999 -9999 -9999 -9999 -9999 -9999 -9999 0.021365085913616976 0.02184607630099162 0.02664291663966465 0.03004643571890073 0.03659696915177415 0.03646365850094447 0.032795658563489566 0.036579722098072164 0.03063527090044805 0.02787055630499136 0.024854668961450027 0.02524650440023885 0.023871521930759188 0.02309962830250705 0.02325815485069839 0.023585464834168957 0.02245711801552033 0.0223921025470647 0.02131842971835558 0.02025885224441293 0.01919688407529043 0.018604735876688844 0.018691418026995744 0.02095405963069776 0.02071766263090016 0.018295379934729947 0.017811973936514514 0.016169047597972133 0.01508119973842185 0.015081680132523072 0.015948062176782008 0.015323870567525457 0.015201568860185059 -9999 -9999
-9999 -9999 -9999 -9999 -9999 -9999 -9999 -9999 -9999 -9999 -9999 -9999 -9999 0.01798503764407745 0.0190514882528922 0.02105112106196878 0.022495386094781446 0.022393208916361814 0.022784874182773456 0.025463764528212373 0.027966388045890318 0.029432999435745143 0.0320403960282754 0.028794514676500026 0.02894616064640292 0.02544768292944579 0.017367325033944822 0.0235939951782117 0.023279557809055128 0.022888809120940424 0.022699973077842016 0.023081087824306644 0.023194104724844632 0.024436244887361704 0.02444469858814657 0.02339753292098272 0.02229464076854457 0.02000770749751869 0.018579856152693582 0.01653559839056635 0.016154768968392373 0.015847254076313724 0.01557148801162846 0.015685017675043232 0.015962882852636553 0.017764329153981604 0.017251474214689092 0.018074049412836364 0.016134758725506956 0.018253815062024784 0.018257793233174408 -9999
-9999 -9999 -9999 -9999 -9999 -9999 -9999 -9999 -9999 -9999 -9999 -9999 -9999 0.019721054968958526 0.02293635376032953 0.024822812589003405 0.026324852334448288 0.030357901904108062 0.028704684216964982 0.02841903681164606 0.030213825049640142 0.030034382924644307 0.029420524056533517 0.027026401283239108 0.02634362922406115 0.02350497800135544 0.010786109721051526 0.02241608861141604 0.01992778898894106 0.02210040565447071 0.021919620919234502 0.02226573753947766 0.02264912781790189 0.02152649168910997 0.020714418475212326 0.020097003110394283 0.01932672401030244 0.018796167004515973 0.017782004865862792 0.016189211111884615 0.015731775914022462 0.014870670777332581 0.015004866840479891 0.016418976498520102 0.01964635534503452 0.015985932133892038 0.01549509024416955 0.015960779757261474 0.016619027419125673 0.016887727481736038 0.01627135736089826 0.015384165107643313
-9999 -9999 -9999 -9999 -9999 -9999 -9999 -9999 -9999 -9999 -9999 -9999 -9999 0.01937531074943177 0.022214616561543696 0.02291512322120311 0.025586248792811947 0.02807191997661164 0.028632011656148083 0.028561043385686838 0.028903440783513708 0.027100389723537014 0.025386037340619585 0.0250255427846742 0.024959767706749854 0.025056085578192645 0.024526131132167683 0.012319971321262772 0.016688007476667502 0.02363740412031561 0.023535955657727883 0.024350453830186698 0.022767611592264626 0.02186342969828115 0.02266469778613354 0.02264872747127689 0.022030835812700524 0.020704421302673196 0.019022557382179308 0.01694008795981998 0.016062444288777386 0.013547342404586656 0.014355887610426697 0.01593901575485365 -9999 -9999 -9999 -9999 -9999 -9999 -9999 -9999
-9999 -9999 -9999 -9999 -9999 -9999 -9999 -9999 -9999 -9999 -9999 -9999 -9999 0.02161152035692835 0.021561085177049227 0.02269160566209916 0.0259886534964013 0.02937031925904521 0.027137089631261827 0.025898847172093 0.02561244444767837 0.019484407691733572 0.02121461218737514 0.02338392773730974 0.02290698452910329 0.021257724786217798 0.020501248251955557 0.020010186876370056 0.02050419393666424 0.02188870500494512 0.02129768177670813 0.021264668569908725 0.020572837788382647 0.01910854849911869 0.018705329052788152 0.01936767390824448 0.020273423728221652 0.02045403723986956 0.01901344934132332 0.016419022730729253 0.0131118071386246 -9999 -9999 -9999 -9999 -9999 -9999 -9999 -9999 -9999 -9999 -9999
-9999 -9999 -9999 -9999 -9999 -9999 -9999 -9999 -9999 -9999 -9999 -9999 0.022835390450918192 0.024911591958165127 0.025792879058252945 0.027577904559312704 0.03153679441898261 0.028031109221534185 0.026203701758109828 0.024153672761781302 0.02258794452992729 0.02149488016647644 0.021487340230032462 0.02150866044718049 0.020534565873745983 0.02028810676163593 0.019491481126897484 0.018774515198571987 0.01943534550448081 0.020872019818053915 0.019439924263753152 0.01741537358721823 0.01665815399753431 0.016180249059984594 0.01688234340231341 0.016334973242093997 0.01817377338076989 0.019688251575443908 0.01946257091500429 0.015305437673966412 0.014589521158234118 -9999 -9999 -9999 -9999 -9999 -9999 -9999 -9999 -9999 -9999 -9999
-9999 -9999 -9999 -9999 -9999 -9999 -9999 -9999 -9999 -9999 -9999 0.02070886460820124 0.02220166334073877 0.024657589799153345 0.025823851325239563 0.028111401356890837 0.027320650343045417 0.026401862789221887 0.023713169626023524 0.02024161743490479 0.020548416809949243 0.01953239147822789 0.01872132193435842 0.0172565735965728 0.020589582546328773 0.019645851325121026 0.01958688551283024 0.018661248236536355 0.017900264620298402 0.016515536152980785 0.015726956957317913 0.015587924572258103 0.015449665061725147 0.015385727930528791 0.015868991986612086 0.015281014523584557 0.01669441078650976 0.016472545553092882 0.016487640376663167 0.018576192090370112 -9999 -9999 -9999 -9999 -9999 -9999 -9999 -9999 -9999 -9999 -9999 -9999
-9999 -9999 -9999 -9999 -9999 -9999 -9999 -9999 -9999 -9999 0.018640893695632196 0.021214202337858562 0.022388062104855642 0.026021941182723208 0.0266977351160305 0.0235093283835442 0.02334390713416896 0.023423671371678258 0.02148166559300508 0.018881045193079125 0.02016131221046101 0.018129067032048304 0.01769095892893206 0.01884010687653844 0.01993108328921377 0.02056568819145621 0.020734588261982132 0.019411901214442508 0.017837526552156802 0.01600535850748138 0.015629173173941722 0.015433875993045012 0.014845138071248959 0.014989505697561084 0.01550212691470832 0.016227526181988583 0.01588237831022189 0.01539307075660926 0.01419521024351271 -9999 -9999 -9999 -9999 -9999 -9999 -9999 -9999 -9999 -9999 -9999 -9999 -9999
-9999 -9999 -9999 -9999 -9999 -9999 -9999 -9999 -9999 -9999 -9999 -9999 0.020080275011108668 0.02383973531197191 0.02463978539240256 0.01918547438581712 0.01954956186342861 0.01986607511878157 0.019329442857706245 0.018943615078388047 0.017972916669122926 0.0176541606992686 0.017085963096264162 0.017115179995138174 0.01724687538412475 0.017371135553697462 0.017898103122722272 0.018109632016994382 0.017641051297534197 0.017015535747110226 0.015381175486116828 0.014973898829738385 0.014655791356524738 0.01589414156848489 0.01667612839764666 0.017942685588263337 0.016531887580661233 0.015448148957469994 0.013826371376967305 0.01816927933550125 -9999 -9999 -9999 -9999 -9999 -9999 -9999 -9999 -9999 -9999 -9999 -9999
-9999 -9999 -9999 -9999 -9999 -9999 -9999 -9999 -9999 -9999 -9999 0.019719702439123143 0.02159933568459793 0.02150254669381482 0.020536781939308583 0.019236944580331573 0.017652615997368892 0.017829178010034804 0.017628892600356477 0.017966293030503698 0.018040713297928033 0.016834580273371084 0.01641104103320504 0.016200289063812334 0.016188092843791642 0.016297216617171085 0.016051446360771233 0.01680680532123766 0.01645439195656057 0.01606649934073473 0.015434413186456494 0.015331408843379753 0.015822929878198166 0.016782509000530618 0.018820012226726742 0.01807314038327858 0.017821184049309456 0.01567559320906931 0.015054339499389469 -9999 -9999 -9999 -9999 -9999 -9999 -9999 -9999 -9999 -9999 -9999 -9999 -9999
-9999 -9999 -9999 -9999 -9999 0.021579913765300485 0.02253482015533494 0.020280261983415898 0.018747583075069005 0.018799920961323168 0.017826246483320752 0.01847493043698444 0.01849200223014824 0.01852384854225698 0.01820651372257586 0.020358497671866843 0.01800655225469107 0.01835118960433416 0.016676250257512917 0.016296326342140482 0.01621755363103945 0.016380870107527208 0.01761574327162202 0.016988261826776256 0.0166467279045743 0.01703716072686658 0.016907750123317602 0.017275000219520886 0.016782460251718225 0.016322121487330032 0.01645826687593228 0.015738181313767127 0.015885321175735462 0.016026215356808076 0.015103632101886756 0.014199333912173413 0.01381522425785233 0.013160869037499207 -9999 -9999 -9999 -9999 -9999 -9999 -9999 -9999 -9999 -9999 -9999 -9999 -9999 -9999
-9999 -9999 -9999 -9999 0.02232931983770373 0.019767223229344218 0.021539018299531792 0.015563730902999137 0.01694504412240909 0.016777363916208668 0.017061208810941773 0.01679521868269436 0.015554488644975632 0.01680407368130019 0.01629914454762865 0.016120986963271727 0.016051062280664895 0.01659661225684569 0.01633102894951344 0.01641386703091237 0.016584896888947303 0.01676249142782612 0.016030050709485683 0.016477072291066663 0.01606635224534949 0.0167997027983813 0.016386409234965205 0.016075817052455102 0.015282993425845982 0.01488712847826429 0.014974348557670185 0.034478867696184023 0.033173836536255344 0.030696502201481325 0.027792427523477853 -9999 -9999 -9999 -9999 -9999 -9999 -9999 -9999 -9999 -9999 -9999 -9999 -9999 -9999 -9999 -9999 -9999
-9999 -9999 -9999 0.016769440555783034 0.019948972080081947 0.01880460637842916 0.01720844389345813 0.015482770310569615 0.015466569257762916 0.015256879129467224 0.014674018927453037 0.011342088529146694 0.011530274375262745 0.013577151405087765 0.014182723351696387 0.01454661272754711 0.015118936578142473 0.015821190574678724 0.016334547034356984 0.017068907551335326 0.016861848564951598 0.01686302003498586 0.016675533657294468 0.014778606581527826 0.014370637178051562 0.01628985972732505 0.01573776386010754 0.014426528123553075 0.012942548260517144 0.014621563715860994 0.015076779565319056 -9999 -9999 -9999 -9999 -9999 -9999 -9999 -9999 -9999 -9999 -9999 -9999 -9999 -9999 -9999 -9999 -9999 -9999 -9999 -9999 -9999
-9999 -9999 -9999 0.016228806292525055 0.015075758548106768 0.01807775589590381 0.016821622324949447 0.016706686911113287 0.016040015189891142 0.016819935366596886 0.016717933314013892 0.007752376610555269 0.008322776563769023 0.013188615111671369 0.014198546086416162 0.013703228321145795 0.014253068347415925 0.013962820295035214 0.01450098602294165 0.015515720754954684 0.0157281748249632 0.015351969694358931 0.014987709201035253 0.013970901030611757 0.01365086219756495 0.014483176625584125 0.014216005976223137 0.013357296360640985 0.01235441581587478 -9999 -9999 -9999 -9999 -9999 -9999 -9999 -9999 -9999 -9999 -9999 -9999 -9999 -9999 -9999 -9999 -9999 -9999 -9999 -9999 -9999 -9999 -9999
-9999 -9999 -9999 0.01715129257902825 0.019631519620774737 0.017078238145208275 0.01908398407052985 0.0172571696373969 0.0165361937001417 0.0147950676354979 0.016370682669767992 0.015008448375627243 0.013910887472363707 0.012517921827892 0.012447210232722623 0.013412576500168636 0.013474634979121498 0.013605163701049095 0.014689367947937538 0.015564472673940274 0.015887855995614788 0.014947155369001604 0.01431097903127776 0.015017745422477247 0.01561694980703415 0.01467464840421614 0.014646970688542753 0.02120400068238884 -9999 -9999 -9999 -9999 -9999 -9999 -9999 -9999 -9999 -9999 -9999 -9999 -9999 -9999 -9999 -9999 -9999 -9999 -9999 -9999 -9999 -9999 -9999 -9999
-9999 -9999 -9999 0.01423665779857955 0.01704563401825048 0.018261205431093608 0.01803757766376912 0.014367820462553684 0.013172064172910069 0.014445834890939284 0.015005447524776554 0.0165793842444783 0.015470771464010546 0.013539519650458008 0.012969696466032209 0.013776785763618944 0.013950619636993102 0.01379380141756399 0.014658111064476238 0.015172692066326153 0.01470353913870749 0.01495086838680617 0.015377967409587459 0.014868721720363166 0.015517239740200988 0.014514641340350732 0.01341602099942751 -9999 -9999 -9999 -9999 -9999 -9999 -9999 -9999 -9999 -9999 -9999 -9999 -9999 -9999 -9999 -9999 -9999 -9999 -9999 -9999 -9999 -9999 -9999 -9999 -9999
-9999 -9999 -9999 -9999 0.01941110644210429 0.017682518130384437 0.01683921387393664 0.015054285773932474 0.01614881759736881 0.015819953747044785 0.015779632373108667 0.015456450147362659 0.016835419299491783 0.016048142027292774 0.01447229724459382 0.014259905221807388 0.014533335893150659 0.014910205703203012 0.01492535524244843 0.014828430528607156 0.015286934392307891 0.01636077724509897 0.016417229295372884 0.015151414456064731 -9999 -9999 -9999 -9999 -9999 -9999 -9999 -9999 -9999 -9999 -9999 -9999 -9999 -9999 -9999 -9999 -9999 -9999 -9999 -9999 -9999 -9999 -9999 -9999 -9999 -9999 -9999 -9999
-9999 -9999 -9999 -9999 0.016766243355229252 0.016408280148497198 0.015440220644647925 0.015252766895007416 0.01722514688812323 0.01708078087379657 0.01698892547334131 0.017101519392122764 0.01622387197310456 0.016414107981678378 0.015238965078007963 0.014912001977226096 0.014690178277842903 0.014936448117410859 0.014697813956877503 0.01591246025750132 0.015894930619446326 0.01661553400341757 0.016703782504906436 0.015348575565574476 0.014570648704716131 -9999 -9999 -9999 -9999 -9999 -9999 -9999 -9999 -9999 -9999 -9999 -9999 -9999 -9999 -9999 -9999 -9999 -9999 -9999 -9999 -9999 -9999 -9999 -9999 -9999 -9999 -9999
