metrics/grid_rasters/SMAP L4/grideval_SMAP L4_S_summer_absolute_pearson_r.asc
ncols 52
nrows 55
xllcorner     11.25
yllcorner     55.25
cellsize      0.25
NODATA_value  -9999
[rows 0 to 28 of 55, columns 0 to 51 of 52]
-9999 -9999 -9999 -9999 -9999 -9999 -9999 -9999 -9999 -9999 -9999 -9999 -9999 -9999 -9999 -9999 -9999 -9999 -9999 -9999 -9999 -9999 -9999 -9999 -9999 -9999 -9999 -9999 -9999 -9999 -9999 -9999 -9999 -9999 -9999 -9999 0.5804132560798448 0.6664385188343489 0.6937372201315436 -9999 -9999 -9999 -9999 -9999 -9999 -9999 -9999 -9999 -9999 -9999 -9999 -9999
-9999 -9999 -9999 -9999 -9999 -9999 -9999 -9999 -9999 -9999 -9999 -9999 -9999 -9999 -9999 -9999 -9999 -9999 -9999 -9999 -9999 -9999 -9999 -9999 -9999 -9999 -9999 -9999 -9999 -9999 -9999 -9999 -9999 -9999 -9999 -9999 0.5977645497698367 0.6755407579218522 0.7144594005749063 0.6835852754518092 0.6871794722229538 0.6969138301549809 -9999 -9999 -9999 -9999 -9999 -9999 -9999 -9999 -9999 -9999
-9999 -9999 -9999 -9999 -9999 -9999 -9999 -9999 -9999 -9999 -9999 -9999 -9999 -9999 -9999 -9999 -9999 -9999 -9999 -9999 -9999 -9999 -9999 -9999 -9999 -9999 -9999 0.7991555948478462 0.7774083340622869 0.6200436247576318 0.5728251619942419 0.6635890567366574 0.6541426642838657 0.5458429230027375 -9999 0.5411679083917861 0.6384006182190709 0.6488685636723355 0.6559793230776283 0.6328224882127559 0.6560294672430869 0.6571474748131572 0.6550778292769408 0.6812101144563213 0.6519366429830391 0.6387901820419275 -9999 -9999 -9999 -9999 -9999 -9999
-9999 -9999 -9999 -9999 -9999 -9999 -9999 -9999 -9999 -9999 -9999 -9999 -9999 -9999 -9999 -9999 -9999 -9999 -9999 -9999 -9999 -9999 -9999 -9999 -9999 -9999 -9999 0.6142639941356036 0.5666165606736322 0.5450868649754089 0.5130736804441306 0.6028737354483702 0.6411817275876148 0.6030110987157826 0.5959944340333401 0.5912303350845962 0.6415482801221815 0.6753015220132735 0.6594420483437001 0.6482837620561107 0.6355834316763084 0.6323051777988268 0.6261700620901416 0.6490270128447381 0.6647140215023838 0.6508935128567868 0.6423287338790287 0.6262776131793982 -9999 -9999 -9999 -9999
-9999 -9999 -9999 -9999 -9999 -9999 -9999 -9999 -9999 -9999 -9999 -9999 -9999 -9999 -9999 -9999 -9999 -9999 -9999 -9999 -9999 -9999 0.7066307487729481 0.7321465837900831 0.7330731501301526 0.7561614127236975 0.7056159498218462 0.6568799799104557 0.5934669830965416 0.6305887996701204 0.5984744513033695 0.6060998719672609 0.6767392483187591 0.6835976239852468 0.6947985277889989 0.699791602101407 0.7089078326507539 0.7120324544012115 0.7223116898728698 0.7050054856114801 0.6729182519989044 0.647905669204381 0.6527054143668627 0.6783999819622727 0.6714646785124143 0.6670924216714355 0.6720044131572588 0.6642730684565402 0.6623594083953552 -9999 -9999 -9999
-9999 -9999 -9999 -9999 -9999 -9999 -9999 -9999 -9999 -9999 -9999 -9999 -9999 -9999 -9999 -9999 -9999 -9999 -9999 -9999 -9999 0.6561218234864792 0.7039146453961467 0.6784546754931167 0.7747251677076266 0.7501414680751481 0.6534410542342131 0.6717945803479823 0.6852191095364706 0.6205490366907804 0.6070455840472253 0.6473461933106175 0.6524624545131316 0.6582511725858909 0.6814098234616439 0.6594723572344656 0.6906446888003259 0.7021991739627736 0.7127894334370453 0.6804001419136767 0.6625522174521097 0.6376709628858792 0.6469411400294464 0.6605821107576912 0.670214049446562 0.6761839696581441 0.6653107832608778 0.6889069476146898 0.6808671910679465 -9999 -9999 -9999
-9999 -9999 -9999 -9999 -9999 -9999 -9999 -9999 -9999 -9999 -9999 -9999 -9999 -9999 -9999 -9999 -9999 -9999 -9999 -9999 0.672975668847102 0.6024569547831993 0.5805324969055056 0.6488546722874899 0.6513747141005006 0.6783843773678724 0.6697491479505382 0.6862709305976319 0.7115640503665546 0.7178933112398127 0.6214654965940412 0.5733364248415906 0.6127378079068884 0.6255122624331536 0.5399485360537291 0.6534406435349113 0.6690292757033622 0.6721502104123567 0.6615189020127488 0.6627318024440709 0.6639786062469833 0.6741635260417546 0.6020486206199107 0.5986153154932843 0.6720865956772589 0.5658760784185917 0.5817907140115881 0.5935147034459614 0.6013545563715506 0.5867765775891821 -9999 -9999
-9999 -9999 -9999 -9999 -9999 -9999 -9999 -9999 -9999 -9999 -9999 -9999 -9999 -9999 -9999 -9999 -9999 -9999 -9999 -9999 -9999 0.5980168441007669 0.5929481494120779 0.636879953469534 0.6863316701668112 0.7126682223140833 0.7393335498096255 0.7397309627744774 0.7131415886013399 0.7331687764656872 0.6793506794806263 0.7045503025376507 0.7030514022748819 0.6616818407095981 0.6773659725755823 0.5839058879268035 0.6644563430317255 0.6581430407917865 0.6564524369280453 0.6524480059377322 0.6576409047377726 0.6687334115888804 0.6771309268134311 0.5990659381245625 0.564576806051743 0.5416897900507507 0.5463302229943732 0.5673821219038809 0.5682601178117889 -9999 -9999 -9999
-9999 -9999 -9999 -9999 -9999 -9999 -9999 -9999 -9999 -9999 -9999 -9999 -9999 -9999 -9999 -9999 -9999 -9999 -9999 0.6513198854132682 0.6298084142586587 0.6440555594182577 0.6490780074041409 0.6962825909356731 0.7674069939792685 0.6854469298978658 0.6843146943495968 0.7236839248264889 0.7105935625451887 0.6463337634004017 0.6634234804529129 0.6779781950238313 0.6876490768914547 0.6968856660811712 0.6863291532456974 0.5981778398327631 0.6772429624195648 0.6623318967905791 0.6470917070537371 0.635482697598966 0.6409249229768964 0.6297533270829621 0.6211282593106675 0.6256704117796328 0.5581958822613069 0.5960770519466707 0.5982899497203791 0.6017002584031109 0.5237354985744506 0.4703674854138586 0.550351092857265 -9999
-9999 -9999 -9999 -9999 -9999 -9999 -9999 -9999 -9999 -9999 -9999 -9999 -9999 -9999 -9999 -9999 -9999 -9999 0.6316890938988029 0.6522529798499568 0.6319362766886998 0.6777957705436501 0.7401820755806316 0.7590164959966769 0.7612350433934238 0.7076244538531123 0.7224076825237888 0.6053650628659366 0.5857776047916687 0.6687631546423679 0.6501480605954011 0.5995299798852871 0.6336162078119434 0.6386486752056922 0.6597972180518101 0.6648330669066154 0.6642528976020398 0.6687005175903264 0.6467616682279829 0.6394043250139745 0.6335981091924063 0.6400261599496221 0.5990974343390061 0.6024890682019513 0.5905791563716899 0.58760966050466 0.5973131736382513 0.5875585494108396 0.6211878903960162 0.617743169317729 0.6291135946318557 -9999
-9999 -9999 -9999 -9999 -9999 -9999 -9999 -9999 -9999 -9999 -9999 -9999 -9999 -9999 -9999 -9999 -9999 0.6369982638009901 0.6212042254779901 0.6944911344560878 0.6925680259290066 0.6824735848508492 0.6762930618781613 0.6467713796537765 0.6316927778972208 0.6364305956609579 0.5925555128570312 0.6393679247121159 0.60319154802477 0.5558787266078378 0.5455416948352332 0.5459662004568635 0.5604903546819612 0.5622085121200995 0.577426486050004 0.6039952230575566 0.6120450773202794 0.5958731183357926 0.5884566384511438 0.6076879138154228 0.5307562379431003 0.5525262404101263 0.640921531619847 0.6155721778483257 0.5724695294963085 0.5289800533937811 0.561887200115085 0.5907272877722132 0.6260915647231532 0.6180417727362917 -9999 -9999
-9999 -9999 -9999 -9999 -9999 -9999 -9999 -9999 -9999 -9999 -9999 -9999 -9999 0.7030978614341543 0.7450706051840197 0.7071664623611144 0.6958837359106911 0.6853391212711557 0.6775153703569379 0.6650982541789268 0.6504831008657809 0.6444332332468922 0.6942176841845242 0.5519087357115711 0.6038844617864694 0.6844571279479283 0.6005502765120767 0.5900413401847284 0.5173718826750209 0.5004160193526129 0.4695365366477249 0.4597652625909381 0.5159097167789657 0.4997825137053225 0.5156256346248846 0.5486309656910352 0.5395139192187526 0.4935648727872186 0.4744846861054688 0.5287460452930549 0.5486708365959885 0.5311542635675414 0.5262083982931344 0.5266578954398813 0.4953904811273846 0.4128525952734857 0.4080417333639637 0.4178307963666796 0.4947438585070658 0.4121840660207801 0.4342414876365655 -9999
-9999 -9999 -9999 -9999 -9999 -9999 -9999 -9999 -9999 -9999 -9999 -9999 -9999 0.687390143693894 0.753499661468507 0.8261497853195588 0.7984724252287061 0.7703138314112209 0.7634700128664333 0.7296026503707524 0.6668291916427884 0.6011629887703703 0.5871431791986617 0.5502648155622764 0.5536093871320493 0.573023440473424 0.5985337893281086 0.5843769793544964 0.5371377291650022 0.4824886942257176 0.4557054408875222 0.4613653544782795 0.4417444785003444 0.5029422565119985 0.5016295916909961 0.5060717051933867 0.5386484738815356 0.5009353988782801 0.4424540450119488 0.4559895317209284 0.44267200807206586 0.4398390484056986 0.4658675799923628 0.3806528201175671 0.28442965735992226 0.4231538466106224 0.3998401909067818 0.43585563480496814 0.4196554576550799 0.4480340197270217 0.4736156202831851 0.5732842738367663
-9999 -9999 -9999 -9999 -9999 -9999 -9999 -9999 -9999 -9999 -9999 -9999 -9999 0.800285995614028 0.8268050911117961 0.7456707988462645 0.7261460774532489 0.7437998154921458 0.7431036500731483 0.7160119321116736 0.6266430146561243 0.6247204103956122 0.5725290993046536 0.5868389364697357 0.548968683598662 0.4667748232082852 0.4374143149975376 0.498533306812001 0.5033491921191929 0.463641193028536 0.4520836009128375 0.4186329176864837 0.4279147220786279 0.4614107466938376 0.4673936641983037 0.4975294193877936 0.4887342502548593 0.4858477387719781 0.4546831279894682 0.4178925504047641 0.4350262692014431 0.4569145177068301 0.4834107581120056 0.4511810895482099 -9999 -9999 -9999 -9999 -9999 -9999 -9999 -9999
-9999 -9999 -9999 -9999 -9999 -9999 -9999 -9999 -9999 -9999 -9999 -9999 -9999 0.7413699185030105 0.760140624976825 0.6970949715958339 0.7735723765505851 0.7671358222005551 0.6767411469912343 0.6716643313618025 0.6346280319338153 0.5450724950714889 0.5456139959277638 0.6052129338649269 0.5245987454340326 0.4851747475321235 0.4420607616217789 0.4702032222311603 0.4743761470793181 0.424429377357996 0.4329005261916225 0.4320791072027052 0.4415086951777352 0.4599355581341769 0.4581690000644911 0.4369269553081126 0.4913756392274646 0.4881976870122164 0.4429657224387902 0.370251639604214 0.4760540205028839 -9999 -9999 -9999 -9999 -9999 -9999 -9999 -9999 -9999 -9999 -9999
-9999 -9999 -9999 -9999 -9999 -9999 -9999 -9999 -9999 -9999 -9999 -9999 0.640108408916052 0.6469257350801506 0.6690930896443912 0.5813986907152431 0.6952836692836928 0.6931909436418655 0.6947649317994482 0.7028162410719223 0.6227701156464138 0.5478389102940698 0.6142684047523784 0.5568816513218263 0.5547361685378763 0.5051617446505194 0.4385542187049081 0.4527694537476208 0.4634836996918013 0.42630317036651416 0.4223956520484751 0.4168319329448842 0.4597719181870125 0.4665739887220336 0.4510361865947386 0.457674241704086 0.4467120647345217 0.42366902554788394 0.3846561461284884 0.3985356243284103 0.4012232003624045 -9999 -9999 -9999 -9999 -9999 -9999 -9999 -9999 -9999 -9999 -9999
-9999 -9999 -9999 -9999 -9999 -9999 -9999 -9999 -9999 -9999 -9999 0.7675005516020426 0.6989495087632134 0.6681506852989301 0.7013536186072159 0.6503138306992509 0.6565535101096115 0.7124828664402661 0.6883175075305125 0.6204610281568682 0.5863359151320987 0.5593622344677647 0.5415641190973794 0.5662786183251545 0.5812101181389735 0.5475229602462005 0.4618515845941497 0.43745425687333817 0.4562678950199274 0.4419891180671749 0.4416002364319612 0.4456423959461606 0.4863057538352811 0.4783061856665234 0.4540433084443022 0.4886370233453102 0.4130129314373649 0.3767798596908077 0.4365178501432235 0.3982090306592579 -9999 -9999 -9999 -9999 -9999 -9999 -9999 -9999 -9999 -9999 -9999 -9999
-9999 -9999 -9999 -9999 -9999 -9999 -9999 -9999 -9999 -9999 0.6815411312523332 0.6903729525081579 0.712256053007031 0.7156196569827967 0.7081662209719627 0.6541593507522102 0.6654674725557258 0.6891193439053209 0.6435410343832553 0.5974405188872927 0.6724648733176388 0.6168359774041191 0.5977844641891046 0.5959763252222468 0.5681771837931429 0.5523903094884723 0.5221753041805113 0.5002475503289452 0.5098202291772089 0.4628132661459223 0.4341046192846943 0.4432103013093751 0.4671389617360226 0.4907727941571692 0.4653428969688808 0.4332440475914091 0.4265674488049207 0.38299377922799177 0.3935914919229165 -9999 -9999 -9999 -9999 -9999 -9999 -9999 -9999 -9999 -9999 -9999 -9999 -9999
-9999 -9999 -9999 -9999 -9999 -9999 -9999 -9999 -9999 -9999 -9999 -9999 0.6887697306886162 0.6922490210905974 0.6471006398545198 0.5685766045957777 0.546800484269466 0.5450423545041112 0.6186734171636448 0.6062117681936758 0.5983873588341367 0.6412288845652818 0.6069607314697052 0.5698112769102909 0.5451071004321362 0.5262487886978521 0.5139936716781732 0.5145997169291519 0.5086784181481432 0.4841208660450664 0.4462295226788692 0.43582483391482096 0.4552283580557143 0.4253809440365784 0.40956982381843104 0.41946206700083 0.422919204945317 0.4381546980753255 0.4514886668757945 0.4653859304946476 -9999 -9999 -9999 -9999 -9999 -9999 -9999 -9999 -9999 -9999 -9999 -9999
-9999 -9999 -9999 -9999 -9999 -9999 -9999 -9999 -9999 -9999 -9999 0.6893082480351127 0.7175182791917859 0.6623602764978642 0.5776701119005507 0.5187162027215566 0.5032195263982464 0.5233320016630931 0.544753131671723 0.5728407996707974 0.596743308080645 0.5859191955874703 0.5650902329540555 0.5268366700530905 0.5069761849161869 0.5048297246357505 0.5097653062707076 0.4774379511264789 0.4904240572710509 0.4775664854563738 0.4658255035313151 0.4310539359729335 0.3743431854443243 0.3647402138423137 0.3597851368985191 0.3692951579368599 0.3869653255779096 0.4552001567643153 0.5011014578156222 -9999 -9999 -9999 -9999 -9999 -9999 -9999 -9999 -9999 -9999 -9999 -9999 -9999
-9999 -9999 -9999 -9999 -9999 0.6721257932966479 0.6686165130788941 0.6260667350691838 0.6767531005074284 0.6545891820920173 0.6046913858725194 0.5478128394232957 0.6185966656167962 0.6440185865052865 0.6082776151041893 0.4048266757829457 0.5009078749846556 0.5292560664320101 0.560462191192952 0.5707354141185192 0.6059145504488506 0.5773273742071456 0.5713428823644613 0.5245254497458145 0.5291126288872401 0.5265918589482412 0.5143745907813168 0.4944805761268485 0.5068111028036268 0.5189221226907164 0.5111490064164539 0.4638575786627921 0.4183331111419699 0.3930347695371215 0.3990808641809521 0.4428915432999285 0.4425441323863892 0.4536314568437894 -9999 -9999 -9999 -9999 -9999 -9999 -9999 -9999 -9999 -9999 -9999 -9999 -9999 -9999
-9999 -9999 -9999 -9999 0.6614012117042558 0.6855678470865287 0.6862668398146434 0.5800245190604921 0.5230263582571665 0.5434002547016774 0.5619893034994826 0.5894982307033333 0.5545236313396875 0.6267924346737044 0.6392396971414775 0.5811900731339719 0.5588195820263671 0.5662968698274556 0.5869900928924898 0.5628561156576226 0.5159361920716656 0.500790327884446 0.5304784836992018 0.5530025928530249 0.5433529947311362 0.5280344054318677 0.4777667959993666 0.4549130653901751 0.4552122717684075 0.4673636182128365 0.44118833074887137 0.29749115409264565 0.2751366452548776 0.3396471101140508 0.36351881935675057 -9999 -9999 -9999 -9999 -9999 -9999 -9999 -9999 -9999 -9999 -9999 -9999 -9999 -9999 -9999 -9999 -9999
-9999 -9999 -9999 0.6517851224046096 0.6773045423133733 0.6008523398076322 0.6618397335733529 0.5661939939928269 0.5680897858257914 0.5748705672945863 0.5544663157698178 0.6511905164017521 0.6790073361239019 0.6535716146237225 0.6420649965547904 0.6355976777308612 0.62516039189174 0.5720761330602859 0.5762457921281074 0.5505852117642607 0.5104197328624039 0.4676829989558297 0.4976005474999104 0.5035092567846622 0.5239542323014305 0.4846212743381174 0.4724133058817525 0.4421752454812341 0.391255832476753 0.4128682537545355 0.4206294571009701 -9999 -9999 -9999 -9999 -9999 -9999 -9999 -9999 -9999 -9999 -9999 -9999 -9999 -9999 -9999 -9999 -9999 -9999 -9999 -9999 -9999
-9999 -9999 -9999 0.6336151857928797 0.6600196957897781 0.6733171275112984 0.6535478616119721 0.5968122329435961 0.5515241505788044 0.6246038552778427 0.5961356316040857 0.602011794034474 0.6246463213115411 0.6250869608985108 0.6360067497561894 0.6405973145199435 0.6407762430906072 0.6013585481137651 0.5596962482196964 0.5410479005502103 0.5219279833214001 0.5064295010692601 0.4916201970877542 0.480544305992088 0.4518146919650117 0.4369889871742684 0.4176221045525166 0.3842068886290448 0.3527238736995483 -9999 -9999 -9999 -9999 -9999 -9999 -9999 -9999 -9999 -9999 -9999 -9999 -9999 -9999 -9999 -9999 -9999 -9999 -9999 -9999 -9999 -9999 -9999
-9999 -9999 -9999 0.7141634591755397 0.6223746105402577 0.6645740504958151 0.6816032168141711 0.6275456849147883 0.6282673164436445 0.6225548094633923 0.5984252785566178 0.5679159242040339 0.5893079358630876 0.6141122373675543 0.6267239474160239 0.6144756708243124 0.6207244535178871 0.6025874783427823 0.5665811611431655 0.5476258576594399 0.5251230630694148 0.5055134855188139 0.5031814063696985 0.4602902310305626 0.4301406832054329 0.4066650958405693 0.3797103169514686 0.3271423345324229 -9999 -9999 -9999 -9999 -9999 -9999 -9999 -9999 -9999 -9999 -9999 -9999 -9999 -9999 -9999 -9999 -9999 -9999 -9999 -9999 -9999 -9999 -9999 -9999
-9999 -9999 -9999 0.7718006150603245 0.6926462099369436 0.6696652322017929 0.6782338727436104 0.6067006741976454 0.5927997878121635 0.5921860074661156 0.5796729981728999 0.5718847446116406 0.5534128549077348 0.6085184172464433 0.6079875278366442 0.5954422783015909 0.6025513638037425 0.5791501416453146 0.5222625578955019 0.5034035758517204 0.5088727588305323 0.481844879074191 0.4441843923093406 0.4277607981717957 0.4099167959678384 0.37570024795942064 0.3655233518684477 -9999 -9999 -9999 -9999 -9999 -9999 -9999 -9999 -9999 -9999 -9999 -9999 -9999 -9999 -9999 -9999 -9999 -9999 -9999 -9999 -9999 -9999 -9999 -9999 -9999
-9999 -9999 -9999 -9999 0.7371361915683545 0.6222749312564475 0.6139228393548712 0.6314494019864284 0.5729031212187432 0.5723740102769526 0.5443376804024778 0.5443706205969308 0.5932521276345439 0.5840001784147181 0.5758464557091239 0.5679379765864168 0.5702224276899344 0.5688704318358384 0.5500084974925992 0.5363447936095841 0.513943062345706 0.428318906845566 0.35867501037220617 0.35197625239623304 -9999 -9999 -9999 -9999 -9999 -9999 -9999 -9999 -9999 -9999 -9999 -9999 -9999 -9999 -9999 -9999 -9999 -9999 -9999 -9999 -9999 -9999 -9999 -9999 -9999 -9999 -9999 -9999
-9999 -9999 -9999 -9999 0.6672712921215644 0.6154723260379618 0.5812566068014432 0.5610124592250871 0.5784571316361058 0.5754879304311041 0.5377237165744166 0.5303241041331723 0.5438541330731423 0.5577602573459218 0.5878403808766737 0.5872651225455828 0.5766300598756171 0.528844701757486 0.5385106625060285 0.500386858562692 0.4627769567231247 0.4013746184206165 0.3837089366643534 0.34955133119956705 0.3552791166456816 -9999 -9999 -9999 -9999 -9999 -9999 -9999 -9999 -9999 -9999 -9999 -9999 -9999 -9999 -9999 -9999 -9999 -9999 -9999 -9999 -9999 -9999 -9999 -9999 -9999 -9999 -9999
-9999 -9999 -9999 -9999 0.5690246335896687 0.5743106605659356 0.5638039828979802 0.5252256266955163 0.5078364259712064 0.6037630372451911 0.5752239882749761 0.5381427779201939 0.5575771596479109 0.5723640450268292 0.5870443048532432 0.5763963437499715 0.5666523128683821 0.5276839867013983 0.518453739374513 0.4904569803556994 0.4538743673539714 0.4215686596578952 0.4086074611468723 0.4006254478925824 -9999 -9999 -9999 -9999 -9999 -9999 -9999 -9999 -9999 -9999 -9999 -9999 -9999 -9999 -9999 -9999 -9999 -9999 -9999 -9999 -9999 -9999 -9999 -9999 -9999 -9999 -9999 -9999
