metrics/grid_rasters/SMAP L4/grideval_SMAP L4_X_spring_2018_absolute_ubrmsd.asc
ncols 52
nrows 55
xllcorner     11.25
yllcorner     55.25
cellsize      0.25
NODATA_value  -9999
[rows 0 to 27 of 55, columns 0 to 51 of 52]
-9999 -9999 -9999 -9999 -9999 -9999 -9999 -9999 -9999 -9999 -9999 -9999 -9999 -9999 -9999 -9999 -9999 -9999 -9999 -9999 -9999 -9999 -9999 -9999 -9999 -9999 -9999 -9999 -9999 -9999 -9999 -9999 -9999 -9999 -9999 -9999 0.05261995821857909 0.05270328932599023 0.04042351733849546 -9999 -9999 -9999 -9999 -9999 -9999 -9999 -9999 -9999 -9999 -9999 -9999 -9999
-9999 -9999 -9999 -9999 -9999 -9999 -9999 -9999 -9999 -9999 -9999 -9999 -9999 -9999 -9999 -9999 -9999 -9999 -9999 -9999 -9999 -9999 -9999 -9999 -9999 -9999 -9999 -9999 -9999 -9999 -9999 -9999 -9999 -9999 -9999 -9999 0.056748137318193524 0.053742851837841464 0.040768002920764365 0.04008674973762325 0.042344073154849116 0.03965079514136157 -9999 -9999 -9999 -9999 -9999 -9999 -9999 -9999 -9999 -9999
-9999 -9999 -9999 -9999 -9999 -9999 -9999 -9999 -9999 -9999 -9999 -9999 -9999 -9999 -9999 -9999 -9999 -9999 -9999 -9999 -9999 -9999 -9999 -9999 -9999 -9999 -9999 0.041801718340413935 0.04769812877008893 0.047707864947239935 0.03789844330323481 0.0585120754786372 0.05979288697654363 0.052608723117535214 -9999 0.04821518501891392 0.0568486647163127 0.052661503426626885 0.04301559945336015 0.04029550165444912 0.043496051326872766 0.04512895692152144 0.0451063400945775 0.0402953905845721 0.043129119795364365 0.046352978697906916 -9999 -9999 -9999 -9999 -9999 -9999
-9999 -9999 -9999 -9999 -9999 -9999 -9999 -9999 -9999 -9999 -9999 -9999 -9999 -9999 -9999 -9999 -9999 -9999 -9999 -9999 -9999 -9999 -9999 -9999 -9999 -9999 -9999 0.0490184737807486 0.04918397010549607 0.05535858436507492 0.054010957822691226 0.046239509256193294 0.0508806159612186 0.059039829649161386 0.05862524487930389 0.052142978836416734 0.05250316685307207 0.04480891050863838 0.04558723690724563 0.044227102776325404 0.046200413994348016 0.04724376622182554 0.04630298894513321 0.044904051274825565 0.046758498887457 0.04368013283291672 0.04266471197932746 0.042647779887656584 -9999 -9999 -9999 -9999
-9999 -9999 -9999 -9999 -9999 -9999 -9999 -9999 -9999 -9999 -9999 -9999 -9999 -9999 -9999 -9999 -9999 -9999 -9999 -9999 -9999 -9999 0.034434740175143884 0.04031010084403922 0.03954794619481305 0.04422178741599082 0.039564407988201385 0.0466118978415139 0.046226747071556315 0.04629426814945928 0.04654532348675062 0.04643843397049263 0.05203095432505515 0.05804471095591202 0.05220274903087877 0.04504641814788285 0.0439078897759044 0.041901288523372084 0.04073025565888316 0.040307874671314456 0.039218446024394664 0.04431460169346816 0.04346778034732696 0.039703222925358654 0.03939592991368245 0.04131634210336462 0.038318125075344274 0.03850187923698385 0.03885264857827691 -9999 -9999 -9999
-9999 -9999 -9999 -9999 -9999 -9999 -9999 -9999 -9999 -9999 -9999 -9999 -9999 -9999 -9999 -9999 -9999 -9999 -9999 -9999 -9999 0.0404737081841338 0.03960705469406009 0.03295378898948287 0.01286329733402438 0.02252939230600182 0.0415724076234008 0.041165461309629565 0.04249077848621649 0.04305409422456491 0.0446550679011362 0.043678400033828856 0.04346185693576849 0.04158914178788447 0.039630983204902916 0.04030168377020059 0.043415301255660836 0.04171469915273049 0.03942908013615029 0.04083861564340475 0.03845131005382897 0.03773193263221476 0.039196484065365016 0.039571787222439855 0.03977364768429484 0.04019196183872016 0.03855914435224039 0.039386418921039716 0.03916022820693487 -9999 -9999 -9999
-9999 -9999 -9999 -9999 -9999 -9999 -9999 -9999 -9999 -9999 -9999 -9999 -9999 -9999 -9999 -9999 -9999 -9999 -9999 -9999 0.026866630227863616 0.02442146776097629 0.03851983502218115 0.032221406305113394 0.03677160386608234 0.03509424560963818 0.034955893599077886 0.03595193993785016 0.03732330071877797 0.039721145042201006 0.04328469854334603 0.0439094609281061 0.04399997329760979 0.04239276311091675 0.03945008483356228 0.04250297271142548 0.043313308156405314 0.04250275871006028 0.044893872634084175 0.03963355367929812 0.03864222327551115 0.03767857453760498 0.04204805105925513 0.04209832852947524 0.0419367506203381 0.0428336582521349 0.043127840515970184 0.04452256236339193 0.042098921970481484 0.04039872222600674 -9999 -9999
-9999 -9999 -9999 -9999 -9999 -9999 -9999 -9999 -9999 -9999 -9999 -9999 -9999 -9999 -9999 -9999 -9999 -9999 -9999 -9999 -9999 0.03914365335932652 0.03813417482287169 0.03233777892998574 0.031150815425748043 0.030886909188750325 0.034461893598533494 0.041525815837171694 0.05387522568687971 0.04524591537699709 0.036214976902521234 0.0380362476702156 0.04293279172399727 0.0355704079956083 0.03641505453455488 0.03910085884721829 0.039406722568333136 0.04047474781545493 0.0426881546155125 0.04156938983252125 0.04132381942938468 0.041071301594899134 0.03911171560802031 0.04158365520412728 0.041657435462049586 0.04269267747607318 0.042672041669067365 0.043439802413683684 0.04036464535492901 -9999 -9999 -9999
-9999 -9999 -9999 -9999 -9999 -9999 -9999 -9999 -9999 -9999 -9999 -9999 -9999 -9999 -9999 -9999 -9999 -9999 -9999 0.02940110790519003 0.033343614140850464 0.036539795758303344 0.038620490063715575 0.0378530021544606 0.03858121692755336 0.04846948730298134 0.04728738774473558 0.042753996536602064 0.04115411747166727 0.041558117730658185 0.04134089009307665 0.04023344280257491 0.03952171250188002 0.038424959475911125 0.037920742356081234 0.0398196741422986 0.03915380394435559 0.039774467103016235 0.04200587941920593 0.0415851409961864 0.04046836917469592 0.0435461833433275 0.043230931076386266 0.0408804537531927 0.04220582576496279 0.04077818133240936 0.04110594433257591 0.0406993848586168 0.04116821079281633 0.04281846137640638 0.04162655360186898 -9999
-9999 -9999 -9999 -9999 -9999 -9999 -9999 -9999 -9999 -9999 -9999 -9999 -9999 -9999 -9999 -9999 -9999 -9999 0.03256646726548205 0.03304936239101772 0.03676275368191412 0.04003376720061399 0.04827991857326888 0.0515345379155188 0.04805739664795417 0.04840725659768683 0.04618977274070081 0.04386077277480328 0.043546393337819116 0.04221630114501513 0.04025929052406668 0.03990796067783674 0.03978767955177979 0.03989304592737578 0.04094018932392253 0.04151297346879169 0.04250603688171856 0.0403257742728308 0.040799648835449114 0.040361537998323135 0.03961379234532692 0.0398185426570679 0.04159637490309137 0.03998774224120567 0.040851130350187566 0.04121483842753218 0.041554262728995615 0.04107333390007556 0.038942550609169235 0.04128783367229484 0.0402931641137414 -9999
-9999 -9999 -9999 -9999 -9999 -9999 -9999 -9999 -9999 -9999 -9999 -9999 -9999 -9999 -9999 -9999 -9999 0.033482881810867025 0.03473789180561949 0.0466778951733576 0.04816907508392555 0.051020238651535925 0.04429712425316395 0.043585673474050214 0.043243007182671496 0.04114297394033487 0.0405878648716001 0.043605996956684566 0.04328884389219013 0.04120995767805846 0.04041630315918803 0.040639747930611855 0.04103454964858649 0.041726360448980176 0.042298524476959656 0.04244496585074202 0.04313677692119682 0.04422454033784407 0.04414094633291055 0.04330665787091917 0.04518981602426726 0.04372448375199544 0.04082289563926809 0.04101674628514222 0.04268132822632917 0.04373073840633042 0.04339069679056795 0.04181772502237747 0.041651407047399835 0.04572616714901733 -9999 -9999
-9999 -9999 -9999 -9999 -9999 -9999 -9999 -9999 -9999 -9999 -9999 -9999 -9999 0.03387032390173979 0.03475916023322746 0.03520415107194773 0.034136538921059036 0.03505643239376581 0.03579792397771005 0.037865260957440965 0.041879482554265546 0.04504784996924637 0.04459311619907561 0.040119036677524735 0.03943948274746186 0.03902198545825583 0.026125046832677714 0.042375381532493775 0.046951637495556864 0.04344026100779769 0.043185364347521175 0.04385069434031251 0.04133016897800215 0.0433511178005968 0.042951730004152776 0.04159806128245006 0.0430195143002557 0.04549104057035345 0.04467431588122082 0.042942913783450436 0.04251163395966303 0.04259867701937959 0.04418429932602731 0.04304012282657629 0.041784121885089766 0.042161141089144365 0.04251597253728417 0.04294935118803713 0.04268308454469137 0.04431162976923402 0.04494877080844855 -9999
-9999 -9999 -9999 -9999 -9999 -9999 -9999 -9999 -9999 -9999 -9999 -9999 -9999 0.034001997124779325 0.03495359447136952 0.045571337792050234 0.05226246594757465 0.05294568429125459 0.05024077088755611 0.040965616511735664 0.04809185162950873 0.04705911721146813 0.04505636567520492 0.038519107470384034 0.040441575964114115 0.03642173763679011 0.013176939298935772 0.041983402329588485 0.03346858289073738 0.043941926851961736 0.043801445429610536 0.041216911115269456 0.04192613570583747 0.04307140829937171 0.045590431589419785 0.04628792962009687 0.04543765584972951 0.04519088316572672 0.04599446886191909 0.04660288893429052 0.04469389760856928 0.04553626583414859 0.045722350002315656 0.04133237099962128 0.040421572095466415 0.03777293321598568 0.04294840607371322 0.03905058312951957 0.04207517278471475 0.04059948178823464 0.04100383249000779 0.03474786079208456
-9999 -9999 -9999 -9999 -9999 -9999 -9999 -9999 -9999 -9999 -9999 -9999 -9999 0.035113562991280135 0.04977614840719485 0.048320332307079404 0.04684461355116752 0.046432836115447206 0.04852845324676189 0.047766016799431016 0.0434181682673973 0.041520297710696166 0.03947427356417037 0.03649862873098125 0.03892630406887875 0.041524863403234566 0.04094655540743996 0.0116049133138018 0.022190646311690102 0.04218027232717254 0.04221953050730184 0.04162087160786264 0.04190353750251447 0.04271173891640993 0.04243569531262826 0.041650386112954636 0.043428124233823785 0.043490261213713854 0.043782848886541284 0.04601046897993892 0.043070429371336864 0.040438957143849145 0.036643267148490366 0.03795313404185082 -9999 -9999 -9999 -9999 -9999 -9999 -9999 -9999
-9999 -9999 -9999 -9999 -9999 -9999 -9999 -9999 -9999 -9999 -9999 -9999 -9999 0.043281381318891685 0.04532395446531705 0.04662149797084852 0.043987793962603904 0.044156680113250836 0.043928090946663084 0.04056520452818491 0.040771614472839696 0.03036632154088296 0.037213436470802434 0.03802305353338877 0.039647823169626485 0.041366367463043084 0.041860754504023705 0.04130116822740125 0.042121146889736144 0.044384027385620924 0.045363204621417234 0.04439143236856962 0.04265843201029552 0.04422230913127107 0.04526353479009607 0.04582988375179568 0.04325912904776204 0.04295633853109823 0.044303197344531184 0.045756576162620084 0.04158936137904163 -9999 -9999 -9999 -9999 -9999 -9999 -9999 -9999 -9999 -9999 -9999
-9999 -9999 -9999 -9999 -9999 -9999 -9999 -9999 -9999 -9999 -9999 -9999 0.035221642478212786 0.04517235386727975 0.044993513431666916 0.04854048987055806 0.041632862501581575 0.04702416021048561 0.04414245438718682 0.039716514825099324 0.04014316700101814 0.0377552256217279 0.035648593455742165 0.03720787858218059 0.0408684174974288 0.0403421425251075 0.04402951057169924 0.04311012909540314 0.04290179958201977 0.042528876573683504 0.04477532750075903 0.04745226429425285 0.04436649763518022 0.045182304406442116 0.04351947250033948 0.045470246776609165 0.04397743055354686 0.04330371042710303 0.04076813846597783 0.0402234041558543 0.038300873076163984 -9999 -9999 -9999 -9999 -9999 -9999 -9999 -9999 -9999 -9999 -9999
-9999 -9999 -9999 -9999 -9999 -9999 -9999 -9999 -9999 -9999 -9999 0.047167485779548525 0.045445377574112066 0.04352725441132452 0.041945537274504986 0.045274941360855366 0.04268617042122922 0.04318578649098925 0.042245831278738336 0.040748479832200465 0.038325532414484206 0.0393529577210919 0.040163216006723006 0.04073143415890943 0.040954402504523715 0.042977529006492834 0.04381550321934334 0.043899416135664525 0.045504681249525655 0.04533498495735358 0.04600617167395714 0.046291493755687016 0.04128976923028598 0.043808741632638766 0.04338751452009936 0.045831203700819584 0.04661837090511961 0.04730835717258673 0.041038021733900185 0.03852318467684896 -9999 -9999 -9999 -9999 -9999 -9999 -9999 -9999 -9999 -9999 -9999 -9999
-9999 -9999 -9999 -9999 -9999 -9999 -9999 -9999 -9999 -9999 0.04762199249742993 0.04906421749159933 0.05285249015202989 0.048956151321396066 0.04688148398990135 0.04293301008207336 0.0402371972968327 0.03900465556936994 0.04035205365049968 0.03518175779904335 0.03542889540835045 0.04204965946931178 0.042625815395628736 0.042105691389140616 0.042687886438295866 0.042540124049199615 0.04348741822990635 0.04336283554995962 0.043040950813360186 0.0447229589970758 0.045155007181888 0.04539622265663768 0.04520608142727521 0.04462168356541225 0.0460382864003542 0.04688266559602721 0.0464974354965223 0.046647090349392885 0.04341081150005541 -9999 -9999 -9999 -9999 -9999 -9999 -9999 -9999 -9999 -9999 -9999 -9999 -9999
-9999 -9999 -9999 -9999 -9999 -9999 -9999 -9999 -9999 -9999 -9999 -9999 0.036376029702553984 0.04002562101408907 0.03535869318743813 0.04072091067251128 0.04151818113720955 0.04199931837023575 0.042308704348047205 0.04167541578768924 0.041805950502509626 0.04276968879134254 0.04201941619079806 0.04278478759830191 0.0439107063011332 0.043268349452787534 0.0437489951097538 0.043020123639522935 0.04233557521853045 0.04425259007172117 0.04675542686716724 0.0464706744647839 0.0466011365270085 0.04573891059461503 0.045658730599076144 0.04366559508812831 0.04531036519839506 0.043209835443688366 0.042607583904492194 0.0384118521364216 -9999 -9999 -9999 -9999 -9999 -9999 -9999 -9999 -9999 -9999 -9999 -9999
-9999 -9999 -9999 -9999 -9999 -9999 -9999 -9999 -9999 -9999 -9999 0.04179784048760863 0.0453098174311946 0.03916513610956567 0.04258308844068392 0.03939970945085807 0.041594160768900816 0.04324983225638693 0.04158686241785831 0.0428323051380397 0.04285582390667597 0.04187623658602653 0.04152658061351979 0.04168508976750434 0.04162981273210351 0.042124373202101516 0.044002471603086485 0.04277125970660977 0.04144791105503369 0.04363874272343196 0.04584037630429709 0.044390516955112716 0.04485969093612008 0.04753695920895773 0.0459212590508908 0.04617801337547229 0.04640029153874814 0.044222168144218914 0.0399034528651361 -9999 -9999 -9999 -9999 -9999 -9999 -9999 -9999 -9999 -9999 -9999 -9999 -9999
-9999 -9999 -9999 -9999 -9999 0.04157022123847029 0.0474461591469889 0.04123674285402158 0.0343493552050233 0.03633317314514995 0.0372683799630068 0.04267219303992851 0.040515077935005535 0.042697787596037734 0.04383011566671871 0.04647804068609704 0.04307001616487948 0.042220252877824466 0.041423622772929214 0.04215683153147436 0.04247975359462932 0.043512594151598576 0.042896774762239895 0.04376864853284893 0.04342829892456683 0.04383842289256807 0.04478419971641975 0.04545823606868271 0.0457399168278143 0.04508298724773432 0.04414699337535825 0.046118897447225006 0.04678520745088788 0.04758557409340743 0.0481028268890378 0.04515362586033737 0.041783406236602406 0.04002810928883091 -9999 -9999 -9999 -9999 -9999 -9999 -9999 -9999 -9999 -9999 -9999 -9999 -9999 -9999
-9999 -9999 -9999 -9999 0.04516546589726282 0.040782152372693004 0.03208268782975153 0.038647693639867975 0.04664817498832317 0.04495209023672411 0.04544012942659551 0.04248441812867757 0.03896681172044172 0.04215668594463619 0.041222006091140864 0.042518980810437125 0.04117024971824112 0.04135694371140998 0.040529582767765686 0.041387701611187516 0.04366252893322887 0.04664630047596777 0.04270023288300838 0.04688861345853186 0.0472239524605152 0.04709077355549663 0.04773105464811871 0.04548817550174433 0.04579741537739796 0.04558281505000863 0.044292787900291626 0.04413740598563255 0.046538578799714216 0.045397675652488485 0.045301748588208436 -9999 -9999 -9999 -9999 -9999 -9999 -9999 -9999 -9999 -9999 -9999 -9999 -9999 -9999 -9999 -9999 -9999
-9999 -9999 -9999 0.03142137465118917 0.03592417771036641 0.04212951111239272 0.035567865497625716 0.04415194166621162 0.043834608074202745 0.04264517015409133 0.04176937041154149 0.04203106425748752 0.03970043913889365 0.039684745292625175 0.03909762497728179 0.03889116460148855 0.03960302185730306 0.0414533931863049 0.04255775898464589 0.044791992315400514 0.045651867515903256 0.049030460358337816 0.04980967416972097 0.04994813804237045 0.049724988358049386 0.04804192857901697 0.04689044936833507 0.047063604253797575 0.04668248330829549 0.03854375448976997 0.03822186049010057 -9999 -9999 -9999 -9999 -9999 -9999 -9999 -9999 -9999 -9999 -9999 -9999 -9999 -9999 -9999 -9999 -9999 -9999 -9999 -9999 -9999
-9999 -9999 -9999 0.034010252434704624 0.03307935161839758 0.03497793826883771 0.04254058232823032 0.042329771104612286 0.03413598937838978 0.041738700619459265 0.043700438248929566 0.019438786962593827 0.012976033673170713 0.039419568552053 0.04024632294462109 0.03891349617486943 0.04054923865582747 0.04136459184552837 0.04220752831267145 0.046415084432907684 0.04735894995120273 0.047830097784339484 0.047576989829618985 0.05009744129033896 0.050206451525089686 0.0502539566287779 0.04696244061873367 0.041495698834462316 0.04196818099819602 -9999 -9999 -9999 -9999 -9999 -9999 -9999 -9999 -9999 -9999 -9999 -9999 -9999 -9999 -9999 -9999 -9999 -9999 -9999 -9999 -9999 -9999 -9999
-9999 -9999 -9999 0.03457718196364243 0.03839117992328397 0.035105990745062585 0.03363368563345638 0.04015556608315148 0.04107702524324036 0.03997029867835794 0.04120952293743548 0.04178321501523871 0.044955388304070566 0.04231267854432895 0.039525843520527286 0.03957316526126537 0.040299178751404416 0.04168683287785265 0.044409061103643115 0.046249275617964734 0.04787492856315365 0.04651532478568493 0.045657595955706655 0.045898235252710466 0.04603466216937506 0.047932771174987315 0.05157223643347583 0.04927672251351802 -9999 -9999 -9999 -9999 -9999 -9999 -9999 -9999 -9999 -9999 -9999 -9999 -9999 -9999 -9999 -9999 -9999 -9999 -9999 -9999 -9999 -9999 -9999 -9999
-9999 -9999 -9999 0.037750277766583074 0.034273049704890195 0.03252346322488934 0.02727869834224457 0.0273234699741234 0.032326705785962466 0.04292034637108737 0.044288367579838464 0.04510611048215823 0.04362761667331035 0.042012350832342435 0.041382567397242886 0.04039854572358777 0.04035854255401245 0.04228923532383562 0.042829828256037115 0.04657566312803097 0.04287829951836791 0.04423714861699945 0.04545113166719121 0.046566152684265914 0.046273021715270236 0.044207769312630665 0.0424958817112688 -9999 -9999 -9999 -9999 -9999 -9999 -9999 -9999 -9999 -9999 -9999 -9999 -9999 -9999 -9999 -9999 -9999 -9999 -9999 -9999 -9999 -9999 -9999 -9999 -9999
-9999 -9999 -9999 -9999 0.03494453338657877 0.0395280532474924 0.04253880723644348 0.045692968042540937 0.04671303706209323 0.050474103152930376 0.048485859547861714 0.04539771749051103 0.045692642690264136 0.04432733513477248 0.04282930436778303 0.04107316192651074 0.041992241546935184 0.04588499730274442 0.04511397257381554 0.04766186802407474 0.04891379574380212 0.04882686162339237 0.04790034304404592 0.04780837537485125 -9999 -9999 -9999 -9999 -9999 -9999 -9999 -9999 -9999 -9999 -9999 -9999 -9999 -9999 -9999 -9999 -9999 -9999 -9999 -9999 -9999 -9999 -9999 -9999 -9999 -9999 -9999 -9999
-9999 -9999 -9999 -9999 0.0390390818800352 0.04776026262276658 0.05047935708011754 0.04684193465824765 0.04509100458586082 0.04659519141013357 0.04915537228589364 0.050052487253401584 0.04655571769792136 0.04532072888230526 0.04495846686806386 0.041280982173973385 0.04246544082636962 0.04429990373968538 0.046048756512078716 0.049330491396667536 0.04974958183321696 0.04898284026159553 0.046436353127863914 0.044158582026777686 0.042766421201464566 -9999 -9999 -9999 -9999 -9999 -9999 -9999 -9999 -9999 -9999 -9999 -9999 -9999 -9999 -9999 -9999 -9999 -9999 -9999 -9999 -9999 -9999 -9999 -9999 -9999 -9999 -9999
