metrics/grid_rasters/SMAP L4/grideval_SMAP L4_X_fall_2018_anomaly_pearson_r.asc
ncols 52
nrows 55
xllcorner     11.25
yllcorner     55.25
cellsize      0.25
NODATA_value  -9999
[rows 0 to 28 of 55, columns 0 to 51 of 52]
-9999 -9999 -9999 -9999 -9999 -9999 -9999 -9999 -9999 -9999 -9999 -9999 -9999 -9999 -9999 -9999 -9999 -9999 -9999 -9999 -9999 -9999 -9999 -9999 -9999 -9999 -9999 -9999 -9999 -9999 -9999 -9999 -9999 -9999 -9999 -9999 0.2935481003422386 0.5386581419291305 0.5811792476962367 -9999 -9999 -9999 -9999 -9999 -9999 -9999 -9999 -9999 -9999 -9999 -9999 -9999
-9999 -9999 -9999 -9999 -9999 -9999 -9999 -9999 -9999 -9999 -9999 -9999 -9999 -9999 -9999 -9999 -9999 -9999 -9999 -9999 -9999 -9999 -9999 -9999 -9999 -9999 -9999 -9999 -9999 -9999 -9999 -9999 -9999 -9999 -9999 -9999 0.2933033852343922 0.4182679454989217 0.4169084722598689 0.7052471217332414 0.7979014975925198 0.8205452931358941 -9999 -9999 -9999 -9999 -9999 -9999 -9999 -9999 -9999 -9999
-9999 -9999 -9999 -9999 -9999 -9999 -9999 -9999 -9999 -9999 -9999 -9999 -9999 -9999 -9999 -9999 -9999 -9999 -9999 -9999 -9999 -9999 -9999 -9999 -9999 -9999 -9999 0.408921982148851 0.46848903307262 0.6704343268188393 0.5662905459176479 0.4720450349695569 0.3601284326086988 0.3776164409587246 -9999 0.5230193190154111 0.4770065729309251 0.4923891287775134 0.6257413819390527 0.8423574717446647 0.8192807043725728 0.8279984833818772 0.7415879396954728 0.666205510710183 0.6364232899286276 0.6718534661194715 -9999 -9999 -9999 -9999 -9999 -9999
-9999 -9999 -9999 -9999 -9999 -9999 -9999 -9999 -9999 -9999 -9999 -9999 -9999 -9999 -9999 -9999 -9999 -9999 -9999 -9999 -9999 -9999 -9999 -9999 -9999 -9999 -9999 0.586749314021927 0.6341548110421922 0.1935205246964544 0.18386898076353872 0.21213303491876265 0.3423954511312619 0.3828680734952165 0.3398561535369085 0.482555796034245 0.5814524046938038 0.7397003317344805 0.7672344413245911 0.8111478090757382 0.8154023933670475 0.8107434367739695 0.7725073822968382 0.7159914710244214 0.6279887736916828 0.6317737101984806 0.5896732088439423 0.5749378969927519 -9999 -9999 -9999 -9999
-9999 -9999 -9999 -9999 -9999 -9999 -9999 -9999 -9999 -9999 -9999 -9999 -9999 -9999 -9999 -9999 -9999 -9999 -9999 -9999 -9999 -9999 0.3116986803257003 0.18103082565044856 0.27473189600683345 0.3082232025816918 0.4839092928514923 0.5014578848800066 0.503240465441564 0.28069316927830634 0.2419071772761713 0.3048200409338209 0.5139025786589484 0.6114497733256354 0.678194853257365 0.7896630870916953 0.7796010160667339 0.7879113058110276 0.7666974442469878 0.7654502115726315 0.7828468236500379 0.8058589477891868 0.7500939870761516 0.6568180658516853 0.6614155914118409 0.6497207067817152 0.6316643940799039 0.6403242783231371 0.6760824957777882 -9999 -9999 -9999
-9999 -9999 -9999 -9999 -9999 -9999 -9999 -9999 -9999 -9999 -9999 -9999 -9999 -9999 -9999 -9999 -9999 -9999 -9999 -9999 -9999 0.27658902439589816 0.2515531636994001 0.2642031259989688 0.12306777645464435 0.09672949379605274 0.3856569216364053 0.17515203597734375 0.2037342686815927 0.22541975814106566 0.2307758591182178 0.4431755513541225 0.5400896390643609 0.6982423421684807 0.7090874241829412 0.7623993762943324 0.7744086908250349 0.7906387464739937 0.7205777707100649 0.7454055265282811 0.746688326801364 0.7324483973827745 0.6808294238266194 0.6690510552298234 0.6981919040654936 0.6892531388734472 0.6382816923473996 0.6745821322880969 0.6748124275688957 -9999 -9999 -9999
-9999 -9999 -9999 -9999 -9999 -9999 -9999 -9999 -9999 -9999 -9999 -9999 -9999 -9999 -9999 -9999 -9999 -9999 -9999 -9999 0.19145386350620955 0.31473378818761943 0.4068897773727147 0.5360480537464599 0.6331261053036019 0.5768773825903137 0.4697642007683269 -9999 0.08819464217376521 0.19571690091984856 0.3769448873392246 0.6221890650449942 0.6767679615757409 0.6938044778050142 0.5689361240408854 0.7129736592506806 0.7002730832905792 0.7237384928758149 0.6825528439244375 0.7255138409435236 0.6993132662606749 0.7161864174616603 0.6992199970095561 0.7295403109712006 0.7939629104600197 0.7574262700301269 0.7504160486087823 0.7568356574240884 0.7354991984603599 0.7058891206665387 -9999 -9999
-9999 -9999 -9999 -9999 -9999 -9999 -9999 -9999 -9999 -9999 -9999 -9999 -9999 -9999 -9999 -9999 -9999 -9999 -9999 -9999 -9999 0.1533625909290575 0.16737613710081795 0.3177057566976318 0.2314361772389711 0.5473569913788991 0.1850138511548997 0.08786440501799331 -9999 0.3253806233076608 0.4374916790805407 0.562342746449924 0.4749027524602584 0.5678421037136062 0.6411967984259486 0.5867778332885467 0.6203305606142812 0.5987157789211064 0.5871075956401719 0.6666142241270985 0.6721408116157712 0.7421107710270042 0.7753721079195888 0.7373502539637484 0.7529818417853268 0.7584242786945317 0.7432902177996732 0.7482075320308359 0.7259236845269204 -9999 -9999 -9999
-9999 -9999 -9999 -9999 -9999 -9999 -9999 -9999 -9999 -9999 -9999 -9999 -9999 -9999 -9999 -9999 -9999 -9999 -9999 -9999 -9999 -9999 -9999 0.14477670066274073 0.21971138310095056 0.4571361740199954 0.42235969468852097 0.3866678566293441 0.6351262589217834 0.7287037528388063 0.6579385933262968 0.6052513433643963 0.5993678078999284 0.6132884152052022 0.5871202198621048 0.5893169707398449 0.5776825359121491 0.5688210155572253 0.5774411885196216 0.6403210033599119 0.6689007656432118 0.7306892781767685 0.7735091456361517 0.7911329223419706 0.7408601168856213 0.7870676433203507 0.7972374490738656 0.8123524050171157 0.6815310984675678 0.6783690450452439 0.8131983224961044 -9999
-9999 -9999 -9999 -9999 -9999 -9999 -9999 -9999 -9999 -9999 -9999 -9999 -9999 -9999 -9999 -9999 -9999 -9999 -9999 -9999 -9999 -9999 -9999 0.1271946842254459 0.18729481598148498 0.35316994937299073 0.5401376617952556 0.7780678771676491 0.7386196683961086 0.7115379895980869 0.6634757418297565 0.5737452347510524 0.6135960857110743 0.571670432138104 0.5963690200265929 0.5623230791050922 0.6319463697755947 0.6994265723187891 0.7681490965970714 0.7757187782308095 0.7803454494807021 0.8089740842043973 0.8177799952018755 0.8144600491855101 0.8313464283599271 0.8286223700499514 0.8385394345534847 0.8286487801815248 0.8162453535047643 0.8201732283124059 0.8153799538756026 -9999
-9999 -9999 -9999 -9999 -9999 -9999 -9999 -9999 -9999 -9999 -9999 -9999 -9999 -9999 -9999 -9999 -9999 0.17152765157959846 0.1583883101157716 0.19426113871011394 0.25015806772602434 0.2301713978639661 0.3031183311396037 0.4567860262988864 0.4282128339419393 0.6052696891814464 0.6316672710054667 0.665463274416362 0.6679990261091447 0.6596756230265802 0.6125008896796809 0.5889032591493475 0.625402653290433 0.5627205509227986 0.5965075800225912 0.6044094864576358 0.6990837219877541 0.764966158178582 0.8317529010414473 0.8267427166297071 0.7517502161909041 0.7502640340789721 0.8138324644920043 0.8173778897463579 0.835299323702126 0.8039529680018396 0.7968510898661259 0.7806736955315956 0.7820301881239692 0.7579280279806422 -9999 -9999
-9999 -9999 -9999 -9999 -9999 -9999 -9999 -9999 -9999 -9999 -9999 -9999 -9999 0.3094600324934075 0.27522114223436245 0.2968064788158813 0.2377584281248321 0.2385674638926197 0.2859116455353815 0.21941360148008934 0.27570016772371403 0.3331049294301969 0.3996095736967795 0.558112382737252 0.5337996852678903 0.4692193296011762 0.5976028524829833 0.5129765415943836 0.5533352867049846 0.5339447612765629 0.5466653546764498 0.5185569577507956 0.5457395418189829 0.5319878072066208 0.5644402051717045 0.6366372286550106 0.7127776306084547 0.7318634888508048 0.7980835937408843 0.8177551801563399 0.8255330720994729 0.8499796849268006 0.8504554232332253 0.8456364865355461 0.8387419635401172 0.6569039700813403 0.651905070557495 0.6381374022941738 0.7573184282165268 0.5514188167072995 0.5439647006075432 -9999
-9999 -9999 -9999 -9999 -9999 -9999 -9999 -9999 -9999 -9999 -9999 -9999 -9999 0.14100496120438455 0.2501990348525641 0.3180313495373087 0.38856622451332895 0.2876745763569609 0.4242680663236118 0.4432958395922336 0.6222341122161318 0.5357793871952404 0.4606145735941569 0.44280824226724996 0.470924525624107 0.4754075059070558 0.4926943004200514 0.4351875448912419 0.5020709603029057 0.5254296749502096 0.5453554532502964 0.5640174335108941 0.5741157943506576 0.5262482243264548 0.5444846674056829 0.6449106370665073 0.7092038206277309 0.6987254871928579 0.7794371192123328 0.8180730264790469 0.8306970877639996 0.8472481048337956 0.8539990877280884 0.658889892393447 0.5597021513107701 0.7157111945813106 0.6667057158603527 0.6678759376024739 0.6343247937650376 0.5888571931551958 0.5583169938803383 0.5789388835367564
-9999 -9999 -9999 -9999 -9999 -9999 -9999 -9999 -9999 -9999 -9999 -9999 -9999 0.3740868967233163 0.3113192177100844 0.4284375389090572 0.4105610772570807 0.4987928781174582 0.5443804817015292 0.5733249492888267 0.4877892534714853 0.39793058141795895 0.26213545261577864 0.3065163789360674 0.5360011427229101 0.5764295668232556 0.5267630851776999 0.5323154451035779 0.5474346742453677 0.6002037015276461 0.5893916092980103 0.5884660207203234 0.5780346891124821 0.570486172180515 0.5980422058700836 0.6371829728490815 0.6977795855761206 0.7010110759462274 0.7830091792550691 0.832514637661731 0.8401110286318612 0.8570759730172144 0.8406059794722618 0.7218878085861997 -9999 -9999 -9999 -9999 -9999 -9999 -9999 -9999
-9999 -9999 -9999 -9999 -9999 -9999 -9999 -9999 -9999 -9999 -9999 -9999 -9999 0.449317337307278 0.4827534080819769 0.5396940935241279 0.5169027830183826 0.5001486539131175 0.5223273476419836 0.4830014476083552 0.4263861834110843 0.3911902183805218 0.3519989624624873 0.3323405936119559 0.4618287953785908 0.5174686658524388 0.4535231860808751 0.5701402426337675 0.5968520118999276 0.6388875405596867 0.6022012546101163 0.5760236753570825 0.570149290612182 0.5961968748019577 0.6107634092760872 0.6466341900692387 0.7571432151199446 0.7687646226720629 0.8369590925335821 0.8458613178822042 0.8690523742789324 -9999 -9999 -9999 -9999 -9999 -9999 -9999 -9999 -9999 -9999 -9999
-9999 -9999 -9999 -9999 -9999 -9999 -9999 -9999 -9999 -9999 -9999 -9999 0.3833845199338143 0.4047104641585103 0.4873161342666848 0.5356666964605773 0.5695362795655192 0.5481756268797654 0.5965408258285962 0.6303079371055175 0.6414964349654421 0.6880616374773011 0.682994351344115 0.43614880755688734 0.4207485942774567 0.4774834245997181 0.42309243285845455 0.5966876312901797 0.6302572888219051 0.6733846998140476 0.6719112908769875 0.6408408836937859 0.6259273339176168 0.6620171277623506 0.7204139088473904 0.7752880037442917 0.8567329389487146 0.8494207333407625 0.8390753705454537 0.8595039440156171 0.8390897462969442 -9999 -9999 -9999 -9999 -9999 -9999 -9999 -9999 -9999 -9999 -9999
-9999 -9999 -9999 -9999 -9999 -9999 -9999 -9999 -9999 -9999 -9999 0.4991922955737211 0.49542827448534293 0.546947552015302 0.5304165621193928 0.5671031979694384 0.6470038597696963 0.5586015157957063 0.5693843600268148 0.5646580870977601 0.6008319443825916 0.6637100448525896 0.6093078272319938 0.3713911835355117 0.3599699803962369 0.4107305853209564 0.39368770600890013 0.5305339156792249 0.5524576592534228 0.5885304634670911 0.61764780345623 0.6438719438415207 0.6551146675661472 0.7002164767241554 0.7569699510048289 0.8168949656402146 0.8511742171467909 0.8529970492733996 0.8551983975067747 0.8102127748045789 -9999 -9999 -9999 -9999 -9999 -9999 -9999 -9999 -9999 -9999 -9999 -9999
-9999 -9999 -9999 -9999 -9999 -9999 -9999 -9999 -9999 -9999 0.5208894791621765 0.42365183684755 0.6178432757369277 0.6637512361646201 0.5382970518871462 0.6177886537355568 0.584012746485777 0.5812269018999052 0.5939388622979137 0.7024004886269917 0.6289263370589835 0.6632735470303609 0.6741917663269691 0.6472088143565643 0.5792311113318153 0.5444219279918284 0.5532110127109646 0.6591781135134949 0.6664861432859663 0.6909074649742429 0.7510771641207814 0.81226235660147 0.8462551157916453 0.8224358427131018 0.8376678689055438 0.8474865516946697 0.8344634085403021 0.8073697675845328 0.8270172517928948 -9999 -9999 -9999 -9999 -9999 -9999 -9999 -9999 -9999 -9999 -9999 -9999 -9999
-9999 -9999 -9999 -9999 -9999 -9999 -9999 -9999 -9999 -9999 -9999 -9999 0.2539204341240537 0.24532417857669755 0.2172730955961549 0.4957692191654315 0.5136383692246529 0.5984189866181853 0.6725369277317602 0.6634005521695785 0.7188950980379096 0.6689856867859686 0.6806770694581757 0.7002557191342786 0.6688274808969947 0.6603730087423972 0.6521609750823176 0.7110642564852393 0.7464988939704469 0.7857643609919264 0.8360118174487967 0.8520726335333141 0.8578209781187008 0.8279863825611622 0.835252685751291 0.8236521883836116 0.813387805102617 0.7971497083984009 0.8203674345713158 0.8242831197065597 -9999 -9999 -9999 -9999 -9999 -9999 -9999 -9999 -9999 -9999 -9999 -9999
-9999 -9999 -9999 -9999 -9999 -9999 -9999 -9999 -9999 -9999 -9999 0.40091792679759297 0.3895673840428179 0.3129092071829757 0.3962636827302758 0.5672208127331254 0.6585416922984964 0.7728271804807091 0.7829016252025209 0.7503725473363736 0.7465141499036212 0.7613842573616012 0.7598783737883403 0.7788472687858079 0.778802826329904 0.7869732145194133 0.8062884965728196 0.8073226375468571 0.8245178155323685 0.8329435368366938 0.8342080694925375 0.8315954826980797 0.8096851860098643 0.7976372956843611 0.7992495241174216 0.7916818360064459 0.8023570894493471 0.8142681156765109 0.8341140735007179 -9999 -9999 -9999 -9999 -9999 -9999 -9999 -9999 -9999 -9999 -9999 -9999 -9999
-9999 -9999 -9999 -9999 -9999 0.5540055209742011 0.5637482812507146 0.64801025361459 0.6282538050839972 0.6779816171346014 0.4901286529457666 0.4071220612958471 0.3619548615784296 0.38153639953390056 0.5134697965892523 0.5324657652525984 0.6843102857664443 0.7469020978783116 0.7877836102851719 0.7803665309447467 0.7988058688102935 0.8227049640126086 0.80418584314322 0.8132198238375653 0.8142048089954705 0.8151687158035694 0.823918404377749 0.8436680672265676 0.8443389387700866 0.8264351463857705 0.830021170880322 0.8107513718878225 0.8073995236284226 0.8061046137346785 0.8019055674878293 0.7852901546816221 0.7937611435120027 0.7994488506202185 -9999 -9999 -9999 -9999 -9999 -9999 -9999 -9999 -9999 -9999 -9999 -9999 -9999 -9999
-9999 -9999 -9999 -9999 0.3329282408746276 0.3822602640608629 0.34229374832446224 0.6105982085059168 0.498946853715136 0.5506996730643119 0.5638947700547283 0.5762097779546993 0.5686876156297334 0.5312037621637169 0.6351212088994921 0.6548301327842758 0.7311535331871861 0.7601227257541546 0.7906530893889803 0.7655702319778677 0.7661476911067173 0.8242577748189521 0.8408260691778191 0.8241161781448786 0.8305346933021054 0.8484498831236762 0.8557127028528007 0.8599976085009042 0.8574799098070409 0.8393138678727992 0.8370653346523547 0.5691361251067313 0.6639624117262646 0.6862343742578689 0.7338401311964724 -9999 -9999 -9999 -9999 -9999 -9999 -9999 -9999 -9999 -9999 -9999 -9999 -9999 -9999 -9999 -9999 -9999
-9999 -9999 -9999 0.7875136569684114 0.4240333283633068 0.2579216032923549 0.42018544501178656 0.5022318231670951 0.4692267770254208 0.5410032376239607 0.6363149235376706 0.7711450363239983 0.7670552501460675 0.7334790851585001 0.7183477082191814 0.7838850165649895 0.7881935613155131 0.7283668496707594 0.7600262380011622 0.7637705526292113 0.7685501303519806 0.8106494812358715 0.8355722753599655 0.8282330674387235 0.8516251924917566 0.8510560057313122 0.8506879114665882 0.8433265543830191 0.8291974164317373 0.7973937107873091 0.8053945071604813 -9999 -9999 -9999 -9999 -9999 -9999 -9999 -9999 -9999 -9999 -9999 -9999 -9999 -9999 -9999 -9999 -9999 -9999 -9999 -9999 -9999
-9999 -9999 -9999 0.6849007646509564 0.6501306733824177 0.4517384369120643 0.4633605076531759 0.5066420701608528 0.4981362307321045 0.5671930470945135 0.6671324400554477 0.7933255459834749 0.7989137909004708 0.7760969136306216 0.7643016307193375 0.8214163518536969 0.8010812358877043 0.7486939793254097 0.7654409764529009 0.759246647564332 0.7828532054899157 0.8216831806713621 0.8378590339677194 0.8149514956487091 0.8067915859384301 0.8091859252600571 0.7968768151467813 0.8295609753921394 0.8461003784352792 -9999 -9999 -9999 -9999 -9999 -9999 -9999 -9999 -9999 -9999 -9999 -9999 -9999 -9999 -9999 -9999 -9999 -9999 -9999 -9999 -9999 -9999 -9999
-9999 -9999 -9999 0.4874718312909314 0.31590096297405795 0.526329382353534 0.4621471113612891 0.4857976213672664 0.562176757865471 0.6466710760727952 0.764280305042771 0.8216403411188993 0.795660320036397 0.7876549940425337 0.8075937043639905 0.8133022504520734 0.8181597679103794 0.8033052763593331 0.8000463714984003 0.7711841923673903 0.7664176181390032 0.8004452709086641 0.8296383021713105 0.8148450551762204 0.8004246805320727 0.8031371112540668 0.7651794331937636 0.8006811994620612 -9999 -9999 -9999 -9999 -9999 -9999 -9999 -9999 -9999 -9999 -9999 -9999 -9999 -9999 -9999 -9999 -9999 -9999 -9999 -9999 -9999 -9999 -9999 -9999
-9999 -9999 -9999 0.5812825870811325 0.5530173691712751 0.5641345829674503 0.5044304664095686 0.5433011624913533 0.6322100445156926 0.7040054760801968 0.7994847027070966 0.7935744159487843 0.7995998865615539 0.8010516543050548 0.8259401310226157 0.8208419940128749 0.8107761622360597 0.8139405061333004 0.8149670389909209 0.7684406954218611 0.7672516555942188 0.7878333283916261 0.7893899214887967 0.7772115739848247 0.7704401988030607 0.7962494623628331 0.7710392710499197 -9999 -9999 -9999 -9999 -9999 -9999 -9999 -9999 -9999 -9999 -9999 -9999 -9999 -9999 -9999 -9999 -9999 -9999 -9999 -9999 -9999 -9999 -9999 -9999 -9999
-9999 -9999 -9999 -9999 0.5618411308212795 0.4565074311683593 0.4963064769785261 0.7075344330736042 0.7504545036272371 0.8346101270709195 0.8266145707228101 0.8379584673130899 0.8185599849112626 0.8096384035924759 0.8239503367098997 0.7951908698914687 0.7601041246821347 0.7600357728495569 0.7711882720226149 0.7733056123957505 0.7547730878222547 0.7459500100881502 0.7434630319824654 0.7350151884255718 -9999 -9999 -9999 -9999 -9999 -9999 -9999 -9999 -9999 -9999 -9999 -9999 -9999 -9999 -9999 -9999 -9999 -9999 -9999 -9999 -9999 -9999 -9999 -9999 -9999 -9999 -9999 -9999
-9999 -9999 -9999 -9999 0.6993691603312888 0.6927577236484408 0.7510585294038564 0.8170353586508076 0.7913583609548269 0.8453056752832442 0.8481630185530465 0.8342359400195063 0.8181250596256975 0.7851045880512929 0.7961487478092237 0.785152650083612 0.7551535451121758 0.7393653650898324 0.7378846781321199 0.767447875258352 0.7913143348075635 0.7375339652124739 0.6864070868057908 0.7004866906938387 0.6583476544230208 -9999 -9999 -9999 -9999 -9999 -9999 -9999 -9999 -9999 -9999 -9999 -9999 -9999 -9999 -9999 -9999 -9999 -9999 -9999 -9999 -9999 -9999 -9999 -9999 -9999 -9999 -9999
-9999 -9999 -9999 -9999 0.7639608637082487 0.8017584014528454 0.8217841029978289 0.8174697070791049 0.8436951415838179 0.8437651250171607 0.8617418926406508 0.8231451318682186 0.8023930323025225 0.769257016332699 0.7872739865092991 0.8104091616635287 0.8048242538159189 0.7883922041482384 0.7531695132459367 0.7515489510907309 0.7736653561021211 0.7574747084794499 0.7208675852241394 0.7582211442653659 -9999 -9999 -9999 -9999 -9999 -9999 -9999 -9999 -9999 -9999 -9999 -9999 -9999 -9999 -9999 -9999 -9999 -9999 -9999 -9999 -9999 -9999 -9999 -9999 -9999 -9999 -9999 -9999
