metrics/grid_rasters/SMAP L4/grideval_SMAP L4_X_summer_2016_absolute_bias.asc
ncols 52
nrows 55
xllcorner     11.25
yllcorner     55.25
cellsize      0.25
NODATA_value  -9999
[rows 0 to 26 of 55, columns 0 to 51 of 52]
-9999 -9999 -9999 -9999 -9999 -9999 -9999 -9999 -9999 -9999 -9999 -9999 -9999 -9999 -9999 -9999 -9999 -9999 -9999 -9999 -9999 -9999 -9999 -9999 -9999 -9999 -9999 -9999 -9999 -9999 -9999 -9999 -9999 -9999 -9999 -9999 0.04673051611398876 0.019230284930571277 -0.03544752840357629 -9999 -9999 -9999 -9999 -9999 -9999 -9999 -9999 -9999 -9999 -9999 -9999 -9999
-9999 -9999 -9999 -9999 -9999 -9999 -9999 -9999 -9999 -9999 -9999 -9999 -9999 -9999 -9999 -9999 -9999 -9999 -9999 -9999 -9999 -9999 -9999 -9999 -9999 -9999 -9999 -9999 -9999 -9999 -9999 -9999 -9999 -9999 -9999 -9999 0.0527808635252649 0.029645550935326725 0.025622948194327592 -0.0024304526817539585 -0.07262381931523915 -0.06004942311783845 -9999 -9999 -9999 -9999 -9999 -9999 -9999 -9999 -9999 -9999
-9999 -9999 -9999 -9999 -9999 -9999 -9999 -9999 -9999 -9999 -9999 -9999 -9999 -9999 -9999 -9999 -9999 -9999 -9999 -9999 -9999 -9999 -9999 -9999 -9999 -9999 -9999 0.04007409197156847 0.002949299290776253 -0.041294686010350364 -0.059837437943433935 -0.019900603260359032 -0.02618661666612909 -0.01073296890472586 -9999 -0.013281312285234105 0.01729609438663593 0.0044767078741089214 -0.05806180160573642 -0.07080332495515113 -0.06912464468294516 -0.06206860982448514 -0.06098852071749127 -0.05049406939550588 -0.0546024084779555 -0.05507557790564455 -9999 -9999 -9999 -9999 -9999 -9999
-9999 -9999 -9999 -9999 -9999 -9999 -9999 -9999 -9999 -9999 -9999 -9999 -9999 -9999 -9999 -9999 -9999 -9999 -9999 -9999 -9999 -9999 -9999 -9999 -9999 -9999 -9999 0.0432786413913836 0.04382350988200179 0.05715612350436655 0.07733695152337132 0.06758952768438536 0.011853959613844112 -0.03688941535580415 -0.015897425154790926 -0.023366737199704283 -0.03499229977150325 -0.045724727031167416 -0.0635626482088929 -0.06878236687296757 -0.0658838908066568 -0.06086736198757652 -0.0625485951364364 -0.06332935368561228 -0.052716983725195336 -0.0567267575989599 -0.05031883180060465 -0.04617231764385238 -9999 -9999 -9999 -9999
-9999 -9999 -9999 -9999 -9999 -9999 -9999 -9999 -9999 -9999 -9999 -9999 -9999 -9999 -9999 -9999 -9999 -9999 -9999 -9999 -9999 -9999 0.0191057298494422 0.022868463486109103 0.030082985758781437 0.01976199780145416 0.03814687766134739 0.03939110113550787 0.0415819675216208 0.05265872139969596 0.07208715318499698 0.013005392585435649 0.011308313813060522 -0.03656323446446785 -0.02380507706624013 -0.015247066889929994 -0.04099457587479899 -0.039189407116045134 -0.04956654104930552 -0.055313505434795567 -0.06080851199753256 -0.06970358218835745 -0.06888391452072108 -0.059503666449176214 -0.06522795560000383 -0.07757763297337555 -0.07079910910080955 -0.07007011190137785 -0.06862125983056816 -9999 -9999 -9999
-9999 -9999 -9999 -9999 -9999 -9999 -9999 -9999 -9999 -9999 -9999 -9999 -9999 -9999 -9999 -9999 -9999 -9999 -9999 -9999 -9999 0.0192770022574974 0.028381917868619374 0.04292575468349713 0.013376490496422977 0.01458970262952469 0.02879632972990692 0.048985990857624506 0.051852924546793744 0.06797883513828977 0.051865578467107376 0.00252606229775626 -0.01836420672581246 -0.05990963745052402 -0.04897286335978174 -0.04042668494841328 -0.06081692850136239 -0.06099951168036327 -0.05724351573735476 -0.06517377489691845 -0.06161767707975663 -0.06253141757991648 -0.06538594698371443 -0.06693875026362743 -0.07167195648197894 -0.07939708712713223 -0.06379041023066506 -0.07901866033511318 -0.07682376563468057 -9999 -9999 -9999
-9999 -9999 -9999 -9999 -9999 -9999 -9999 -9999 -9999 -9999 -9999 -9999 -9999 -9999 -9999 -9999 -9999 -9999 -9999 -9999 0.0263258438233448 0.026661120152667802 0.03662357900453656 0.03932264957415016 0.0318820646599583 0.03632298856973648 0.04313984428248974 0.04333342142079183 0.039542254829860235 0.01667268136921135 -0.022966894057943776 -0.07510815153870247 -0.07119343397410023 -0.06682840690178718 -0.4023662542964777 -0.06805046169978124 -0.07487942403911246 -0.07749899938378646 -0.08561222174245381 -0.07869599459935789 -0.07746230215644062 -0.07892897172385582 -0.4561193609488723 -0.4586757893026199 -0.08063712952982471 -0.4522637350727682 -0.4552927452301525 -0.4614381985131489 -0.456248907291371 -0.4530920994710987 -9999 -9999
-9999 -9999 -9999 -9999 -9999 -9999 -9999 -9999 -9999 -9999 -9999 -9999 -9999 -9999 -9999 -9999 -9999 -9999 -9999 -9999 -9999 0.03680415670184989 0.03791197033032129 0.0457188589903324 0.04367169409828342 0.035062221891206224 0.02708573805411224 -0.006052867286717112 -0.04932394083184388 -0.05545133056685975 -0.006191567801263065 -0.05701589432504511 -0.05583615949296433 -0.060698286994643864 -0.06293057775853772 -0.4411910582414788 -0.07387596840524803 -0.0784779470818846 -0.08349505692477455 -0.08315666370174807 -0.08371881557547528 -0.08777149535877549 -0.08789005290473934 -0.4635629966936034 -0.4624156811396065 -0.458396821141081 -0.4571688590449808 -0.4622956986701034 -0.4558921762458656 -9999 -9999 -9999
-9999 -9999 -9999 -9999 -9999 -9999 -9999 -9999 -9999 -9999 -9999 -9999 -9999 -9999 -9999 -9999 -9999 -9999 -9999 0.03695870826587727 0.03727018982981861 0.04248423716458288 0.05031323594891507 0.04034677880775667 0.0002813668435682204 -0.09906470089260001 -0.08862483396154386 -0.07566472041704081 -0.07942912646609801 -0.08373779107047162 -0.07792141956641624 -0.07551516877973208 -0.07383974309524766 -0.07745823930220114 -0.07714121667263303 -0.4510047268122434 -0.07836358293728984 -0.08223529927351553 -0.08426219374751265 -0.0867162701957252 -0.0834938266274074 -0.08959894351985143 -0.0904196210448509 -0.0907987787226296 -0.4679871121340472 -0.09504526096355652 -0.09161172884151986 -0.09207509192840564 -0.4595866004895905 -0.4573909277096391 -0.08425394010365655 -9999
-9999 -9999 -9999 -9999 -9999 -9999 -9999 -9999 -9999 -9999 -9999 -9999 -9999 -9999 -9999 -9999 -9999 -9999 0.05394083249342185 0.06151387451783469 0.06579234329578665 0.050880677512158516 -0.011833953144757605 -0.04485304372223176 -0.038203606989396684 -0.06825789639159385 -0.05895880911418275 -0.08048831323242706 -0.07723566241886304 -0.07686387182658783 -0.07017488403083838 -0.06653755915391707 -0.0637510685128686 -0.06885134453034919 -0.0724445580018927 -0.07665789933146344 -0.0816086236913891 -0.08012579784364154 -0.08260787624622817 -0.08431133356593222 -0.08660264402304002 -0.08812140298845328 -0.08864334079882374 -0.08599456924054287 -0.08953804237282148 -0.08995628498656594 -0.09067567198982708 -0.090964521402898 -0.08155604757611523 -0.08441099656097918 -0.08380398634092318 -9999
-9999 -9999 -9999 -9999 -9999 -9999 -9999 -9999 -9999 -9999 -9999 -9999 -9999 -9999 -9999 -9999 -9999 0.04484167699094699 0.044490486626391816 -0.028894079930108563 -0.034425464094333065 -0.026584383667163203 -0.031471364605038084 -0.06307096368349763 -0.053625914328934036 -0.07167115997847008 -0.07867986878947072 -0.08017579166461591 -0.08408843576098267 -0.07832022501236724 -0.06932034284767252 -0.067210320767987 -0.06777535020576225 -0.07194599657036037 -0.07321129816219862 -0.07741909504503658 -0.07993652995513834 -0.08561899794427598 -0.0871724287736351 -0.08992405628542538 -0.4680477947037181 -0.4661528607830405 -0.08841600617312867 -0.09397132257404534 -0.09551700888930456 -0.09635169927597696 -0.09719682276329916 -0.09576095383533316 -0.08949124130784819 -0.09410143967555916 -9999 -9999
-9999 -9999 -9999 -9999 -9999 -9999 -9999 -9999 -9999 -9999 -9999 -9999 -9999 0.009788081009426852 0.03487314607786096 0.042195603777856916 0.0459981089781808 0.05648185600243182 0.06641551597124856 0.07532445264413308 0.04797236232653906 -0.0039041771998872266 -0.029164951193429826 -0.05264786997324095 -0.051794591683732405 -0.033371117877085583 -0.08325070171090572 -0.0786842556629816 -0.08928446597217216 -0.07577180125467159 -0.06955765720213886 -0.07029178347843501 -0.06556809456695034 -0.07216431196455075 -0.0714443699942659 -0.06955842048172718 -0.07843881580249773 -0.08479797945398354 -0.08331803995711001 -0.07627173375500282 -0.07585208464170927 -0.07938757872856828 -0.08835806659139372 -0.09386409333218698 -0.09427933054773703 -0.4651628060914251 -0.4658912177319112 -0.4637147971914838 -0.09442932247791602 -0.463019463274142 -0.4552341728957127 -9999
-9999 -9999 -9999 -9999 -9999 -9999 -9999 -9999 -9999 -9999 -9999 -9999 -9999 0.029202781415180006 0.0269655806781805 -0.028191457927712937 -0.08345538529607915 -0.07166458887007576 -0.041683632698234004 0.014229917939266425 -0.06827029747807463 -0.06777261887960459 -0.06262982043478155 -0.056836402104438626 -0.058355580387718035 -0.06428459063982189 -0.08507597136675663 -0.07928569568321109 -0.07798446192527597 -0.07833118149605778 -0.07224511996964395 -0.062226782107482774 -0.0639237036483119 -0.06885390491832208 -0.07686478306498867 -0.07816768812177621 -0.07516317861154677 -0.07675729165582554 -0.07902239698349782 -0.07866974547505381 -0.07727076141568627 -0.08857769869348922 -0.09413125459104776 -0.08491182877965593 -0.456410222929781 -0.0814335053462697 -0.09093919827643296 -0.08572197168984494 -0.08714979696694923 -0.0822986145908742 -0.07842817758817389 -0.02611067391041183
-9999 -9999 -9999 -9999 -9999 -9999 -9999 -9999 -9999 -9999 -9999 -9999 -9999 0.0291421922814587 -0.05427444983354729 -0.08245889184510577 -0.07658915444398702 -0.0839829815187208 -0.06749585434875413 -0.06728939254484745 -0.0527621656656265 -0.06431358028203249 -0.06084147180714036 -0.053274434889950206 -0.05830493257583483 -0.0691956669375624 -0.0702311736734017 -0.08584058343473339 -0.07823353216214024 -0.07241547992452979 -0.06791910772090376 -0.0672515310630526 -0.064481886063257 -0.07122168669720058 -0.07536648274601801 -0.07279110560193655 -0.07263607497367525 -0.06982346484437582 -0.07072476621555243 -0.07998203820265506 -0.08170725395093145 -0.08892249234992525 -0.09428648312535624 -0.09412192952130803 -9999 -9999 -9999 -9999 -9999 -9999 -9999 -9999
-9999 -9999 -9999 -9999 -9999 -9999 -9999 -9999 -9999 -9999 -9999 -9999 -9999 -0.05752190647889738 -0.06254187997673519 -0.07552694715559483 -0.05233805108329523 -0.05761739775619429 -0.066726452610253 -0.059505378503514374 -0.06157330688817991 -0.07679862284061054 -0.07565994801647635 -0.06313500603984877 -0.06401397879032986 -0.0654264233763451 -0.07165980634643979 -0.07556910274307363 -0.0733721591734692 -0.07374427921098214 -0.07261647510787718 -0.07508870534112921 -0.07314687766863602 -0.0802050952637649 -0.0827296015846988 -0.08529002926028942 -0.07867836952209473 -0.08149698220760279 -0.0839971902820727 -0.0960496576381442 -0.0036656521665661135 -9999 -9999 -9999 -9999 -9999 -9999 -9999 -9999 -9999 -9999 -9999
-9999 -9999 -9999 -9999 -9999 -9999 -9999 -9999 -9999 -9999 -9999 -9999 0.03364392645333125 -0.030580049907059762 -0.04307272799475037 -0.07387611814572112 -0.05633573979139327 -0.08047929025538589 -0.0778278622209378 -0.07043100913743608 -0.07577861363635112 -0.06834845360287509 -0.053588865972731436 -0.055371655778878426 -0.05999742055554755 -0.06098023225026933 -0.07525277018304102 -0.0785817686346886 -0.07733651679819042 -0.07094284264451786 -0.0730094410195623 -0.07681866269558665 -0.06878784859714945 -0.07289754872655738 -0.07515956528241867 -0.07654382156856032 -0.07470409381810736 -0.07756005324747252 -0.08579037129959985 -0.09042023051449137 -0.09258868435964636 -9999 -9999 -9999 -9999 -9999 -9999 -9999 -9999 -9999 -9999 -9999
-9999 -9999 -9999 -9999 -9999 -9999 -9999 -9999 -9999 -9999 -9999 -0.0778754553960069 -0.04311601548334176 -0.025279267488614362 -0.014621253672015387 -0.07196679274025172 -0.07308148872107267 -0.08303415740880629 -0.07891206382571359 -0.08126782119760045 -0.07738764021221711 -0.07559390216255965 -0.07286676776635906 -0.04802597933651315 -0.0637453549703502 -0.06661994168129952 -0.06797112259284957 -0.06977289095116053 -0.07910166024837809 -0.0776448106676664 -0.07650283849595685 -0.07598142623496447 -0.06451154204652362 -0.06674551419184907 -0.06702177702327786 -0.06730671243175215 -0.07942907182175826 -0.09087767943982844 -0.0896354966553981 -0.08692102118030838 -9999 -9999 -9999 -9999 -9999 -9999 -9999 -9999 -9999 -9999 -9999 -9999
-9999 -9999 -9999 -9999 -9999 -9999 -9999 -9999 -9999 -9999 -0.08779387327882908 -0.09637596840848743 -0.10874930040343947 -0.0935328495891198 -0.08886664484263115 -0.09430743521079417 -0.08556744515005013 -0.08338195555236028 -0.08299765895809166 -0.05563504429048169 -0.06880374325682287 -0.08011926791590193 -0.08052108558299748 -0.07986286570034598 -0.08080554101616144 -0.07533548501036738 -0.07627870871321016 -0.07201999498774178 -0.06899055729255729 -0.0697628689484428 -0.06726562837138772 -0.06281147055003955 -0.06544569209622947 -0.07090556305711687 -0.07505502444489495 -0.07802577926169921 -0.07553444537536608 -0.08466867811006046 -0.08845829321881349 -9999 -9999 -9999 -9999 -9999 -9999 -9999 -9999 -9999 -9999 -9999 -9999 -9999
-9999 -9999 -9999 -9999 -9999 -9999 -9999 -9999 -9999 -9999 -9999 -9999 -0.025728296286062047 -0.07585620017641265 -0.05812142319653346 -0.08145935845601815 -0.09139000867371973 -0.09681854269507786 -0.09209032115809944 -0.0859013223089278 -0.06293991098747306 -0.081839171724151 -0.08008388006735752 -0.08266001255453928 -0.08654152792271066 -0.08103966583376343 -0.0790485671883368 -0.07318836181303079 -0.06959693046772611 -0.06753332564688247 -0.06172104540240505 -0.06190383659027843 -0.059077486861497164 -0.0707476471915193 -0.07451586506288985 -0.07552206874622602 -0.07473591358765311 -0.07607567711206882 -0.08210579978059165 -0.0865160185924691 -9999 -9999 -9999 -9999 -9999 -9999 -9999 -9999 -9999 -9999 -9999 -9999
-9999 -9999 -9999 -9999 -9999 -9999 -9999 -9999 -9999 -9999 -9999 -0.05658982113084715 -0.06835978427577928 -0.03811546257170645 -0.08289979576416638 -0.06741069605493027 -0.07552588777616617 -0.08516529255101216 -0.08582945512202769 -0.0822923113187046 -0.07995754283974355 -0.07569563409070608 -0.06751593556660024 -0.06662095828062811 -0.06998871530041745 -0.07125710321428333 -0.07041036272826404 -0.06621687845124496 -0.06260212767950221 -0.06243282868324417 -0.06460387891401415 -0.06418922804700941 -0.06596555793657896 -0.07231513390560515 -0.07111706878261073 -0.07732187972768495 -0.08786691670589472 -0.09226162836927436 -0.08687882153722254 -9999 -9999 -9999 -9999 -9999 -9999 -9999 -9999 -9999 -9999 -9999 -9999 -9999
-9999 -9999 -9999 -9999 -9999 -0.013759126400818 -0.0835413013625404 -0.055321728891652544 -0.013586065509235079 -0.011191832650776834 -0.018775338145053944 -0.0982148261821788 -0.08608970315317098 -0.08944211047871606 -0.08498881269327324 -0.4590545829142565 -0.08344941732028255 -0.08359950837557728 -0.08617534160452042 -0.08877430690209501 -0.0827767248670368 -0.0769119164703981 -0.07107146266523913 -0.06685573771676936 -0.0655495344215761 -0.06446196564027795 -0.06836312211564055 -0.06711951736360786 -0.06760583287509886 -0.06547810013770411 -0.06660246037189729 -0.0730500910633608 -0.07461691635620332 -0.07956031228051236 -0.08330187723850424 -0.08925383795133751 -0.09525961457225292 -0.0884581064886373 -9999 -9999 -9999 -9999 -9999 -9999 -9999 -9999 -9999 -9999 -9999 -9999 -9999 -9999
-9999 -9999 -9999 -9999 -0.015865511240680585 0.008023308266116191 0.034371752089456364 -0.08569962703420414 -0.10947240530715688 -0.1058220458014504 -0.10700568149838108 -0.09283246814637727 -0.07768041466403268 -0.07518406750877267 -0.05128280555262516 -0.07954830216729772 -0.07678814912619797 -0.07616336524243589 -0.07110618998337051 -0.07289131878591748 -0.07344370420374302 -0.07254783977228016 -0.06663295930332462 -0.07390373343925757 -0.07448327735714289 -0.07430076797533297 -0.07205855789715826 -0.0651762678854815 -0.06955098306112317 -0.07076931501860204 -0.07002999402744617 -0.045468467672395964 -0.05280939327633899 -0.04960519611916461 -0.05323833520726665 -9999 -9999 -9999 -9999 -9999 -9999 -9999 -9999 -9999 -9999 -9999 -9999 -9999 -9999 -9999 -9999 -9999
-9999 -9999 -9999 0.12756778095322455 -0.015561943671301646 -0.060437195084017285 0.018630671760310302 -0.06842878468982552 -0.06758984285609232 -0.0702487719650178 -0.07141966463835994 -0.06276745816854676 -0.06300606471283926 -0.07839653744240818 -0.07835101362560754 -0.07067861954641086 -0.07010223289303805 -0.0692248475616393 -0.06631865876767301 -0.06720426901365106 -0.065624153788161 -0.06679089960601667 -0.06809670273619503 -0.06641888928235222 -0.06765783195505322 -0.06729607448062823 -0.06361526046353189 -0.07420331012943518 -0.07273356816933857 -0.05570896660261182 -0.05794320190730304 -9999 -9999 -9999 -9999 -9999 -9999 -9999 -9999 -9999 -9999 -9999 -9999 -9999 -9999 -9999 -9999 -9999 -9999 -9999 -9999 -9999
-9999 -9999 -9999 0.1302731637842953 0.16392009446154468 0.028666685254353508 -0.03161207430631568 -0.023610089601867838 0.031430425851241395 -0.047093518645219164 -0.06868496804457644 -0.07621451495620221 -0.0665170088936777 -0.08469015949041299 -0.08291952761457018 -0.07013406284639367 -0.06821910514617742 -0.06338344680388336 -0.06744244512494488 -0.06789124953439057 -0.06387746905017158 -0.06061172351727018 -0.06169075794194056 -0.061782402593804436 -0.05198566647975339 -0.0571758631090431 -0.061255995042460126 -0.0612899625633398 -0.06352378940209749 -9999 -9999 -9999 -9999 -9999 -9999 -9999 -9999 -9999 -9999 -9999 -9999 -9999 -9999 -9999 -9999 -9999 -9999 -9999 -9999 -9999 -9999 -9999
-9999 -9999 -9999 0.10821302966012257 0.03244283467369236 0.049446353243421004 0.041358996688833694 -0.039248013059082265 -0.05317982166762586 -0.03510089220641105 -0.04488076966093932 -0.04569784906166402 -0.06091143626152822 -0.0704122297465801 -0.07221458423072878 -0.07182568665998784 -0.0695854800996249 -0.06449717979716219 -0.07121178293195758 -0.07199389718310986 -0.06903989335684024 -0.06239673908313977 -0.06224088994381219 -0.06237840180730689 -0.05452812220091408 -0.06074874514066006 -0.08197091037974408 -0.07569251513189597 -9999 -9999 -9999 -9999 -9999 -9999 -9999 -9999 -9999 -9999 -9999 -9999 -9999 -9999 -9999 -9999 -9999 -9999 -9999 -9999 -9999 -9999 -9999 -9999
-9999 -9999 -9999 0.1324931426257219 0.05504238601450034 0.06515166309216752 0.08344420563915506 0.09979276381352026 0.02739352323924721 -0.055100976084561465 -0.05173510434510917 -0.06394613823731954 -0.051394232913203865 -0.057314320102981875 -0.06724962847226343 -0.0704934755947603 -0.06981180160832792 -0.06696514866274332 -0.06367873728437268 -0.06530711435429426 -0.062484629836905274 -0.06282378393022911 -0.06258922414449243 -0.07127441324131645 -0.06620522084362479 -0.0737957931326135 -0.06957187238351803 -9999 -9999 -9999 -9999 -9999 -9999 -9999 -9999 -9999 -9999 -9999 -9999 -9999 -9999 -9999 -9999 -9999 -9999 -9999 -9999 -9999 -9999 -9999 -9999 -9999
-9999 -9999 -9999 -9999 0.0280401473864913 -0.041432587348896543 -0.03643963186313276 -0.049532368009828985 -0.05669759284785907 -0.056066403185705736 -0.05983368606994983 -0.04343930069033217 -0.06989703205940517 -0.0644257060130653 -0.059629302876799024 -0.05943556034775535 -0.06484752743626418 -0.07439657594279753 -0.0638533923977419 -0.06560688115575393 -0.059471572445624565 -0.06010413789392813 -0.06212587148437035 -0.07553757036752676 -9999 -9999 -9999 -9999 -9999 -9999 -9999 -9999 -9999 -9999 -9999 -9999 -9999 -9999 -9999 -9999 -9999 -9999 -9999 -9999 -9999 -9999 -9999 -9999 -9999 -9999 -9999 -9999
