metrics/grid_rasters/SMAP L4/grideval_SMAP L4_X_summer_2018_absolute_bias.asc
ncols 52
nrows 55
xllcorner     11.25
yllcorner     55.25
cellsize      0.25
NODATA_value  -9999
[rows 0 to 26 of 55, columns 0 to 51 of 52]
-9999 -9999 -9999 -9999 -9999 -9999 -9999 -9999 -9999 -9999 -9999 -9999 -9999 -9999 -9999 -9999 -9999 -9999 -9999 -9999 -9999 -9999 -9999 -9999 -9999 -9999 -9999 -9999 -9999 -9999 -9999 -9999 -9999 -9999 -9999 -9999 0.06284524206800951 0.02291097172090545 -0.03269874715529708 -9999 -9999 -9999 -9999 -9999 -9999 -9999 -9999 -9999 -9999 -9999 -9999 -9999
-9999 -9999 -9999 -9999 -9999 -9999 -9999 -9999 -9999 -9999 -9999 -9999 -9999 -9999 -9999 -9999 -9999 -9999 -9999 -9999 -9999 -9999 -9999 -9999 -9999 -9999 -9999 -9999 -9999 -9999 -9999 -9999 -9999 -9999 -9999 -9999 0.06865316335840715 0.0459099672532276 0.03980431157042797 -0.009908622414197654 -0.08347085106146078 -0.07381377118113247 -9999 -9999 -9999 -9999 -9999 -9999 -9999 -9999 -9999 -9999
-9999 -9999 -9999 -9999 -9999 -9999 -9999 -9999 -9999 -9999 -9999 -9999 -9999 -9999 -9999 -9999 -9999 -9999 -9999 -9999 -9999 -9999 -9999 -9999 -9999 -9999 -9999 0.04414902141560678 0.014070108026752015 -0.014781281250812406 -0.02734096119504259 0.006157525146947007 0.0031098099627897 0.026738921403075017 -9999 0.01382914995369705 0.05066403149343704 0.043602811496542826 -0.021173652544941583 -0.0868647099553567 -0.09497464986760977 -0.08609364635270572 -0.08859031386268526 -0.0702472168385335 -0.08250475565538458 -0.08989307875542535 -9999 -9999 -9999 -9999 -9999 -9999
-9999 -9999 -9999 -9999 -9999 -9999 -9999 -9999 -9999 -9999 -9999 -9999 -9999 -9999 -9999 -9999 -9999 -9999 -9999 -9999 -9999 -9999 -9999 -9999 -9999 -9999 -9999 0.05092059634625912 0.05317181616049749 0.07805112797928893 0.09853836746238498 0.08560942500100832 0.02335620752495271 -0.013821700101961263 0.011740006182504729 0.00010161699079300202 -0.016675733738457377 -0.043306201169996165 -0.07037001645759397 -0.08191904053092003 -0.07820575514241404 -0.07330269783573308 -0.07436719133883066 -0.07484167767688632 -0.080498698754641 -0.08598201472879102 -0.08142801797341395 -0.07953207652367973 -9999 -9999 -9999 -9999
-9999 -9999 -9999 -9999 -9999 -9999 -9999 -9999 -9999 -9999 -9999 -9999 -9999 -9999 -9999 -9999 -9999 -9999 -9999 -9999 -9999 -9999 0.03440524394745409 0.04911725530805794 0.04284122987123934 0.026810808147749218 0.04333688006938796 0.047234661796170696 0.04945064992036508 0.0639130082791266 0.08377457600410865 0.02720621349694935 0.025439618803236752 -0.02324682879059212 -0.011268460758678295 -0.02359040966257453 -0.056632531604365176 -0.05045924440998098 -0.06123416356580413 -0.06741339288166037 -0.06476079743436497 -0.0822288755570417 -0.07942045384856022 -0.0644298411257889 -0.06776543350323386 -0.09358426199659056 -0.0789282931136372 -0.07663165081454362 -0.08152575045824048 -9999 -9999 -9999
-9999 -9999 -9999 -9999 -9999 -9999 -9999 -9999 -9999 -9999 -9999 -9999 -9999 -9999 -9999 -9999 -9999 -9999 -9999 -9999 -9999 0.028179847959267038 0.03807182686970284 0.05001775847504969 0.026652193952189877 0.025157341004713733 0.0319770441755004 0.06385823157008574 0.06224429822000471 0.06683982937070337 0.04736158539257623 -0.0012881293811875527 -0.00557046486874635 -0.04632203809350083 -0.03591536720404806 -0.04079065994238077 -0.08170014729156444 -0.07939531030538291 -0.06788809563073772 -0.078473303851712 -0.05771972803884873 -0.05013557306855268 -0.05924007260119135 -0.0649419294508255 -0.07920812161477364 -0.0956007424418045 -0.08307990111896524 -0.09072165492841086 -0.0920411033920296 -9999 -9999 -9999
-9999 -9999 -9999 -9999 -9999 -9999 -9999 -9999 -9999 -9999 -9999 -9999 -9999 -9999 -9999 -9999 -9999 -9999 -9999 -9999 0.04034271601425565 0.04107298025780398 0.03965171102596365 0.04495538625380263 0.037138475550581584 0.0411574318195167 0.05488832527771592 0.0538232864245124 0.05074322841170692 0.03200931249834277 -0.011254672689930243 -0.06860582129624876 -0.06560648447307557 -0.05893956379883964 -0.3750982975546756 -0.08842633846823286 -0.09478456905597576 -0.09558972677863807 -0.1044009008201892 -0.08464044541039545 -0.07867575853901065 -0.0749357683462617 -0.4633658141019228 -0.4683517680462935 -0.10243178486986007 -0.4843031015935475 -0.4889813775156179 -0.5009647720776822 -0.4921569718533884 -0.4851197427260163 -9999 -9999
-9999 -9999 -9999 -9999 -9999 -9999 -9999 -9999 -9999 -9999 -9999 -9999 -9999 -9999 -9999 -9999 -9999 -9999 -9999 -9999 -9999 0.04845194648141449 0.0454906196454945 0.0530157399404308 0.055048031610963166 0.032419285433285934 0.02686208533123136 -0.009126732004401505 -0.051500918647355336 -0.05177168416507219 -0.003387784828310481 -0.05297206338171079 -0.04251449057103498 -0.04482901412183826 -0.062451097203175626 -0.44193624676731613 -0.07753476089514469 -0.08272986085680517 -0.09253903533048607 -0.08893342955928779 -0.09029309006164904 -0.09513981162529922 -0.09478529807909024 -0.4770433748059947 -0.4805710939285549 -0.4862538782434295 -0.4863260283296848 -0.4999160051710255 -0.4862058865230369 -9999 -9999 -9999
-9999 -9999 -9999 -9999 -9999 -9999 -9999 -9999 -9999 -9999 -9999 -9999 -9999 -9999 -9999 -9999 -9999 -9999 -9999 0.04976328057439433 0.0621441242325565 0.061349510053253675 0.04794867632343719 0.02250946507505747 -0.012585787284795312 -0.12179024353542404 -0.10442044278201848 -0.09104053734842202 -0.10659257861097224 -0.11445775387160805 -0.1044792395044604 -0.10063985854630236 -0.09356377370979477 -0.09585726510166473 -0.0857704366233362 -0.452909948506757 -0.08335544656881175 -0.08733481915829623 -0.0906739237961238 -0.09514314239925664 -0.0904255804767751 -0.10303891150523786 -0.10375536806152563 -0.10909634591687634 -0.4911344824561282 -0.1158061670139432 -0.10903343534016093 -0.11338173294358928 -0.4841444982296746 -0.487743664978315 -0.11389933787691205 -9999
-9999 -9999 -9999 -9999 -9999 -9999 -9999 -9999 -9999 -9999 -9999 -9999 -9999 -9999 -9999 -9999 -9999 -9999 0.06178199139464158 0.06616447398277081 0.06589260087955906 0.036994318396824884 -0.033825651256610516 -0.07173740612747875 -0.06173928377582974 -0.0910215856831359 -0.08409358016417723 -0.12298625806832443 -0.11862361728740127 -0.10331877078051152 -0.09597429519762166 -0.08407417287969067 -0.08461208054390937 -0.09244256895845353 -0.09774337585448573 -0.0996334012800261 -0.10637582573310836 -0.10045926163539937 -0.09833764130978484 -0.0957227787407844 -0.09702787574623588 -0.10364772699287404 -0.10828497882365533 -0.10775429712932394 -0.1197434444911778 -0.12050364739464027 -0.11987618581675315 -0.11771682686293902 -0.10878122569588217 -0.11535656490646624 -0.11173952536900407 -9999
-9999 -9999 -9999 -9999 -9999 -9999 -9999 -9999 -9999 -9999 -9999 -9999 -9999 -9999 -9999 -9999 -9999 0.04368082648548094 0.038759452047879284 -0.03710171711914567 -0.05113261828765922 -0.05751547600021184 -0.06569477312428795 -0.09359420088889163 -0.08233391357909728 -0.10054797956558026 -0.0970072145168872 -0.10669060454339437 -0.10538967534818723 -0.09251572952970216 -0.07947472381688978 -0.0804437654416846 -0.0815958439210511 -0.09131470889500948 -0.09762583332865137 -0.10572948790681752 -0.10547068293975743 -0.11119498820651487 -0.112687137544803 -0.11453470670739592 -0.4905775156803429 -0.4872842542017284 -0.10821801110211272 -0.11136947586403596 -0.1191067043286951 -0.12332675561470832 -0.1251618740675242 -0.12303301447030646 -0.122062578453156 -0.13091114574395446 -9999 -9999
-9999 -9999 -9999 -9999 -9999 -9999 -9999 -9999 -9999 -9999 -9999 -9999 -9999 0.007054152412583004 0.03766008425989875 0.04413723686467047 0.05086667542143358 0.05663099931553006 0.0558755495990424 0.062253740940081015 0.02358916521315341 -0.03857158221628357 -0.0670583583617016 -0.08958933385008055 -0.08519812144905978 -0.06066958515135493 -0.10208839783444999 -0.10727377090117204 -0.12602673669386166 -0.10559911384125764 -0.09723122828923488 -0.10223910516208927 -0.09158904939565968 -0.1040693366211718 -0.10490108840167522 -0.10274488041582314 -0.10599745498241288 -0.11171372738950278 -0.11361192150608355 -0.1118620057063906 -0.11215128419596863 -0.11114146117039997 -0.11488967297760687 -0.12007912562188244 -0.11850119564358308 -0.4928684450038102 -0.4955072477054985 -0.4925346018989448 -0.12817963030513216 -0.5009397266270674 -0.49625999322566 -9999
-9999 -9999 -9999 -9999 -9999 -9999 -9999 -9999 -9999 -9999 -9999 -9999 -9999 0.04323585612861358 0.03610830253961938 -0.028358906365769043 -0.08944534996281503 -0.06454059449226959 -0.04772727541706484 0.003442689533466881 -0.09738673923699104 -0.11222385937024072 -0.11114830849692227 -0.0977725146702774 -0.09603466623989138 -0.09453985475651597 -0.09147811834902864 -0.10681426168783853 -0.09765902908680882 -0.10602315557796672 -0.1026118999630537 -0.09422780103657558 -0.0984317829994404 -0.1037326439526742 -0.11536600043916187 -0.11664349168701013 -0.1089924496760511 -0.10807476413395742 -0.10940292558592303 -0.11076972771274007 -0.1044372378888985 -0.11529296553572235 -0.11864930867096005 -0.07307033287361267 -0.4378202040882215 -0.0862535907805938 -0.09139577181928836 -0.09662327382956508 -0.10588279834179128 -0.10843319014605618 -0.10033973472435836 -0.050387686179221965
-9999 -9999 -9999 -9999 -9999 -9999 -9999 -9999 -9999 -9999 -9999 -9999 -9999 0.034214609322826495 -0.051079978862696364 -0.07816196878886095 -0.07066889668045488 -0.08246537508523982 -0.08560730330646038 -0.09720215863426744 -0.09418007747634596 -0.1053660170418089 -0.101247591999076 -0.08816733984681574 -0.09645552095025776 -0.1069791332575614 -0.10185683943817148 -0.08750219191627012 -0.08682368730154373 -0.09787443978711964 -0.0950272479297026 -0.09543243382612 -0.0947488101766161 -0.09912253300780836 -0.1030491984287358 -0.10109599724249993 -0.10104587664017856 -0.0980282794765156 -0.10026022263438156 -0.10943398430295614 -0.10711117888517356 -0.11316754405751178 -0.11061067320406437 -0.0892826857085785 -9999 -9999 -9999 -9999 -9999 -9999 -9999 -9999
-9999 -9999 -9999 -9999 -9999 -9999 -9999 -9999 -9999 -9999 -9999 -9999 -9999 -0.04709968151038757 -0.05278611349184875 -0.06742310783137442 -0.04379793240324309 -0.06503132074747398 -0.09461052209624776 -0.08519017111267083 -0.0848167567189945 -0.09847108756556458 -0.10533711158306053 -0.10608918918296692 -0.10789755596171904 -0.1075597920697992 -0.10687472007196884 -0.1041737812895166 -0.10367004087437756 -0.10903067795721737 -0.10911416246191316 -0.10585810045671208 -0.1003879727390797 -0.10513322668797943 -0.10598426883149403 -0.10555244943774914 -0.09436490119475384 -0.09780769005579792 -0.10321866854539384 -0.11606527506576285 -0.027794832323232405 -9999 -9999 -9999 -9999 -9999 -9999 -9999 -9999 -9999 -9999 -9999
-9999 -9999 -9999 -9999 -9999 -9999 -9999 -9999 -9999 -9999 -9999 -9999 0.05087321885335056 -0.01835705420893169 -0.026720917399000867 -0.05628711841595563 -0.04938631002669746 -0.09340844991738377 -0.10036304155769556 -0.08986058869682577 -0.09287790281941063 -0.08755602873861787 -0.07257358432221027 -0.08795876084300489 -0.10185716884291693 -0.10375591630683 -0.11673043350405665 -0.11111550383350773 -0.10576718517214706 -0.09788594263322332 -0.10328511715583176 -0.1091555458412546 -0.09766598851622446 -0.10148507658311208 -0.09821123289673228 -0.10015335926057203 -0.09312731794931964 -0.0989208951713922 -0.10314368588202023 -0.10756940856252033 -0.11050715702383417 -9999 -9999 -9999 -9999 -9999 -9999 -9999 -9999 -9999 -9999 -9999
-9999 -9999 -9999 -9999 -9999 -9999 -9999 -9999 -9999 -9999 -9999 -0.06018119147452325 -0.01932443528557598 -0.00832410774234199 -0.0018864112055820281 -0.07336722844806706 -0.07818897064451287 -0.10292233316146808 -0.09983369997581064 -0.10484132774012242 -0.09882650301670254 -0.10141072266370707 -0.10202750672950693 -0.08036282636306208 -0.09959005530032776 -0.11011434597489628 -0.1120129468364884 -0.11344002112341316 -0.11781867765619056 -0.11088934075087306 -0.1096529731850909 -0.10874470292954988 -0.09114486244304676 -0.09678462402814113 -0.09608447177173654 -0.0977532902489538 -0.1067910450105758 -0.11909762369063885 -0.11355961176931208 -0.08766954631099233 -9999 -9999 -9999 -9999 -9999 -9999 -9999 -9999 -9999 -9999 -9999 -9999
-9999 -9999 -9999 -9999 -9999 -9999 -9999 -9999 -9999 -9999 -0.08304974961135053 -0.08071999739774544 -0.07742935123488956 -0.0766503389560334 -0.08210827076159742 -0.1032242967504198 -0.09551909229839624 -0.09849260769703466 -0.102180576822518 -0.07972614052098084 -0.08431563334053628 -0.09967808314072696 -0.10379678330829607 -0.10246148164910464 -0.1065700703057582 -0.1045577579137424 -0.10520271657277704 -0.10426779421370314 -0.10236125512291556 -0.10818740923929474 -0.10731999290621153 -0.10053992494130913 -0.10034600803223642 -0.10166243512345394 -0.10618709501526928 -0.10810298292452228 -0.1084926509014938 -0.1175404989929951 -0.12199099606874846 -9999 -9999 -9999 -9999 -9999 -9999 -9999 -9999 -9999 -9999 -9999 -9999 -9999
-9999 -9999 -9999 -9999 -9999 -9999 -9999 -9999 -9999 -9999 -9999 -9999 -0.014652532505114446 -0.06480067784128629 -0.06335712542109513 -0.10182692199621513 -0.11648519242020408 -0.12269890239543238 -0.11862978337170638 -0.11486885299825147 -0.08911627494608576 -0.10209716949611901 -0.10215546567316937 -0.1099971125874182 -0.1158096191432813 -0.10970791996173238 -0.10586298821979892 -0.0993032729982034 -0.1002934425866798 -0.10389048699289558 -0.10621956960581563 -0.1024017696187872 -0.09660004767710748 -0.10110490346003484 -0.1032767108763042 -0.10010633170199784 -0.10606522262906252 -0.10788613914147666 -0.11535930135489805 -0.07490587062404855 -9999 -9999 -9999 -9999 -9999 -9999 -9999 -9999 -9999 -9999 -9999 -9999
-9999 -9999 -9999 -9999 -9999 -9999 -9999 -9999 -9999 -9999 -9999 -0.07063352695220837 -0.07320744997781256 -0.04234139797399225 -0.10393642024744464 -0.09697009953062817 -0.10700818001414122 -0.1189960587526793 -0.1112286843278486 -0.10770118078621828 -0.10225282811924166 -0.09652539638235516 -0.09491868215896512 -0.09755464007511087 -0.10001591627445557 -0.10098114889115097 -0.10019488636728216 -0.09706928388661017 -0.09381451852538666 -0.0977838869692515 -0.1035379894361224 -0.1010848461933758 -0.10051818519992672 -0.10644795634257403 -0.10267883037095482 -0.10771985635485336 -0.11374324157267166 -0.11733660120112095 -0.10837055748814473 -9999 -9999 -9999 -9999 -9999 -9999 -9999 -9999 -9999 -9999 -9999 -9999 -9999
-9999 -9999 -9999 -9999 -9999 -0.02443136673663621 -0.08276796628437612 -0.06581272241537983 -0.025844291237223427 -0.028522804278232505 -0.03393215256864607 -0.10855408666817387 -0.10389420205889184 -0.11450751769639875 -0.1200880965055979 -0.4995617189080171 -0.1251445477220999 -0.12418403116095325 -0.11590416136238238 -0.11818492732456196 -0.11497776271046505 -0.1134545226662379 -0.114890827189969 -0.1136301277488794 -0.1113448446697515 -0.1072253453059365 -0.1084538191232992 -0.11100395706117802 -0.11179969245162992 -0.10854384853788043 -0.10917582492465558 -0.11625134450909885 -0.11119567453051388 -0.11060647832472688 -0.11332175261138575 -0.11209399627683607 -0.11095923329096127 -0.10895675750773236 -9999 -9999 -9999 -9999 -9999 -9999 -9999 -9999 -9999 -9999 -9999 -9999 -9999 -9999
-9999 -9999 -9999 -9999 -0.011542541035653442 0.01377249302585487 0.06237128522732983 -0.08297135024938893 -0.11878119350370507 -0.11308997395731832 -0.12210239640072636 -0.12291697060446374 -0.1132505404277016 -0.11692037706708774 -0.0924513053310954 -0.11783984680052688 -0.11474983201807605 -0.11310447934691027 -0.10357901559251807 -0.10434620299012116 -0.1124420494205602 -0.11598355317002405 -0.10518982409216138 -0.11650447112143687 -0.11707152325012113 -0.11575589480850362 -0.11420122084572262 -0.1112036716962314 -0.11536618789819922 -0.11094692213784743 -0.1045938986758499 -0.049369245990300965 -0.04979935584022949 -0.04759225862748598 -0.04983307925336389 -9999 -9999 -9999 -9999 -9999 -9999 -9999 -9999 -9999 -9999 -9999 -9999 -9999 -9999 -9999 -9999 -9999
-9999 -9999 -9999 0.1058375268324238 -0.01975426523257856 -0.05498644905974687 0.009722310017146518 -0.0825162715804966 -0.08494544808712345 -0.08939542789417118 -0.09519470914307496 -0.0898163006236048 -0.08782670102284654 -0.10980115529230758 -0.10974678715043093 -0.10182320427797407 -0.10249840628112787 -0.10760254827935407 -0.10947909339776504 -0.111196868263347 -0.1133560406692002 -0.11592241210620037 -0.11362810050258818 -0.11677986235641265 -0.12225589951824235 -0.1165881912709902 -0.10772902471944693 -0.1176531544846037 -0.12031379119371588 -0.1033167310018578 -0.10194565297063926 -9999 -9999 -9999 -9999 -9999 -9999 -9999 -9999 -9999 -9999 -9999 -9999 -9999 -9999 -9999 -9999 -9999 -9999 -9999 -9999 -9999
-9999 -9999 -9999 0.10917853029525798 0.13646115953831567 0.024923098961944168 -0.03810019392277236 -0.039432180822705436 0.019546041710545192 -0.07115661735524953 -0.1042635210222848 -0.08798796835395956 -0.05959135743424945 -0.1153176029253265 -0.1131422335443937 -0.0982050958453961 -0.10056365580986376 -0.10047418856993316 -0.10863124791775708 -0.11316020786762238 -0.11123628076165916 -0.10846060953791377 -0.10870785152782564 -0.11560061638769895 -0.11373186417166953 -0.11380330303116985 -0.10905195333306557 -0.11115083076140804 -0.11764581608788476 -9999 -9999 -9999 -9999 -9999 -9999 -9999 -9999 -9999 -9999 -9999 -9999 -9999 -9999 -9999 -9999 -9999 -9999 -9999 -9999 -9999 -9999 -9999
-9999 -9999 -9999 0.08848216556741492 0.01733679172542435 0.03778891652093636 0.027189080562928455 -0.06287316826131681 -0.07256399755082701 -0.06518002384868651 -0.08496072116996284 -0.0958595255430302 -0.11696103859044935 -0.1091538934725458 -0.10040744760519138 -0.09208745076118602 -0.09485664546651684 -0.09813225617551287 -0.11248576296898333 -0.11420624822621114 -0.11219351127257812 -0.1071714856661856 -0.10990076234726152 -0.11052131636635117 -0.10373340427632567 -0.10706931403230713 -0.12370644602924588 -0.10515649993296552 -9999 -9999 -9999 -9999 -9999 -9999 -9999 -9999 -9999 -9999 -9999 -9999 -9999 -9999 -9999 -9999 -9999 -9999 -9999 -9999 -9999 -9999 -9999 -9999
-9999 -9999 -9999 0.09017831795727428 0.023391397831880545 0.030408413270893307 0.05573793624163323 0.062212905299890285 -0.00923599312891782 -0.09069068503120672 -0.0906296127435306 -0.11391674990401318 -0.10581478065527652 -0.1004230473190546 -0.09953464021015426 -0.09803149126389102 -0.09974936148880616 -0.10050409613177178 -0.10739497846478352 -0.10916551002098816 -0.103808565389203 -0.1077332320501623 -0.1090368099267716 -0.11313269813747508 -0.10565891618961876 -0.11186823384512376 -0.112694992137182 -9999 -9999 -9999 -9999 -9999 -9999 -9999 -9999 -9999 -9999 -9999 -9999 -9999 -9999 -9999 -9999 -9999 -9999 -9999 -9999 -9999 -9999 -9999 -9999 -9999
-9999 -9999 -9999 -9999 -0.0014851228334009647 -0.053501100502098366 -0.058290555830235076 -0.08961463776295599 -0.11039382913757276 -0.1212341113663886 -0.11877333166320685 -0.09551633722351296 -0.1162781294880678 -0.11402809484254404 -0.1078473809580116 -0.1028557032670664 -0.10672278254819303 -0.11556352035182972 -0.11130103373738083 -0.10976844110890577 -0.10549337740825572 -0.10934702361650442 -0.11092475066771328 -0.1132641655959837 -9999 -9999 -9999 -9999 -9999 -9999 -9999 -9999 -9999 -9999 -9999 -9999 -9999 -9999 -9999 -9999 -9999 -9999 -9999 -9999 -9999 -9999 -9999 -9999 -9999 -9999 -9999 -9999
