metrics/grid_rasters/SMAP L4/grideval_SMAP L4_X_summer_2016_absolute_pearson_r.asc
ncols 52
nrows 55
xllcorner     11.25
yllcorner     55.25
cellsize      0.25
NODATA_value  -9999
[rows 0 to 28 of 55, columns 0 to 51 of 52]
-9999 -9999 -9999 -9999 -9999 -9999 -9999 -9999 -9999 -9999 -9999 -9999 -9999 -9999 -9999 -9999 -9999 -9999 -9999 -9999 -9999 -9999 -9999 -9999 -9999 -9999 -9999 -9999 -9999 -9999 -9999 -9999 -9999 -9999 -9999 -9999 0.3210425936372503 0.41399597421290857 0.4490498444149773 -9999 -9999 -9999 -9999 -9999 -9999 -9999 -9999 -9999 -9999 -9999 -9999 -9999
-9999 -9999 -9999 -9999 -9999 -9999 -9999 -9999 -9999 -9999 -9999 -9999 -9999 -9999 -9999 -9999 -9999 -9999 -9999 -9999 -9999 -9999 -9999 -9999 -9999 -9999 -9999 -9999 -9999 -9999 -9999 -9999 -9999 -9999 -9999 -9999 0.315621029008806 0.4390657808598424 0.5360124785342415 0.6208625607374615 0.5913673003263251 0.6277847376778827 -9999 -9999 -9999 -9999 -9999 -9999 -9999 -9999 -9999 -9999
-9999 -9999 -9999 -9999 -9999 -9999 -9999 -9999 -9999 -9999 -9999 -9999 -9999 -9999 -9999 -9999 -9999 -9999 -9999 -9999 -9999 -9999 -9999 -9999 -9999 -9999 -9999 0.8483380518327742 0.8743269609360711 0.8014925807347959 0.6956453325741362 0.7444852410239353 0.7279843647125935 0.6427679047663618 -9999 0.6031887454191391 0.5701483767729778 0.5344367683145561 0.5719142601193463 0.660849266184679 0.6435771566858914 0.7055411876892517 0.7421600716168802 0.7564484569678591 0.7790503973027971 0.7924103608241629 -9999 -9999 -9999 -9999 -9999 -9999
-9999 -9999 -9999 -9999 -9999 -9999 -9999 -9999 -9999 -9999 -9999 -9999 -9999 -9999 -9999 -9999 -9999 -9999 -9999 -9999 -9999 -9999 -9999 -9999 -9999 -9999 -9999 0.673244668931552 0.6685862581318543 0.6350695768579704 0.4549766860431159 0.5552489939373181 0.6037405643094711 0.6231425463047133 0.6500300810760364 0.6092176093622249 0.6797537706690605 0.6766318727051127 0.740071150440218 0.7598711671673025 0.759464679536545 0.8094474100248452 0.8291831186658746 0.8263833217584939 0.8122059300392283 0.8021872270744191 0.8024591518698732 0.8056669586497516 -9999 -9999 -9999 -9999
-9999 -9999 -9999 -9999 -9999 -9999 -9999 -9999 -9999 -9999 -9999 -9999 -9999 -9999 -9999 -9999 -9999 -9999 -9999 -9999 -9999 -9999 0.7559521263072093 0.7918835980589538 0.799931406557695 0.7682258285654566 0.7734955423279855 0.7546757723079465 0.7051579505299584 0.6908634391218192 0.6424397808065352 0.6483679390952364 0.7104549855430408 0.7560988555449236 0.7667063509821955 0.7749890223924525 0.7074494040122279 0.7268659295716988 0.8168351493160388 0.8491134056766618 0.8229332232710618 0.8318059670648974 0.8344526677181814 0.8321640345220803 0.8173018585748899 0.7936482839616504 0.7892443446336199 0.7940560383271662 0.7872829411825836 -9999 -9999 -9999
-9999 -9999 -9999 -9999 -9999 -9999 -9999 -9999 -9999 -9999 -9999 -9999 -9999 -9999 -9999 -9999 -9999 -9999 -9999 -9999 -9999 0.7238888598304618 0.7828274101791508 0.7720743940425938 0.7655313362843253 0.7822355192696246 0.7465789429037546 0.7174318581500976 0.7048866963864586 0.6700960597854322 0.6643866168054839 0.6475633171537827 0.550892807229796 0.6313404402135916 0.736602356477571 0.6374153778754877 0.7430648121640909 0.7762513253101091 0.8349594743123359 0.8470613833542187 0.8312703485187438 0.8080557974931015 0.8081965695357285 0.8051710998008632 0.8028498686085229 0.7762453003747564 0.731471431983 0.7839003401152638 0.7789301281689276 -9999 -9999 -9999
-9999 -9999 -9999 -9999 -9999 -9999 -9999 -9999 -9999 -9999 -9999 -9999 -9999 -9999 -9999 -9999 -9999 -9999 -9999 -9999 0.6786255884623008 0.6993641053118089 0.6586143556069202 0.6259494348817392 0.6043483169398447 0.6061889159940713 0.6925822941322997 0.6926126780704807 0.6330628403176366 0.5512905831582541 0.5344212868379588 0.5294487234451426 0.7002937942910218 0.7123498566074193 0.6550344355385593 0.6846582300744153 0.739157179317412 0.7955628813781267 0.7963830651896794 0.7953084830896047 0.7862879099058194 0.7714223311761039 0.6984715149554742 0.7129690424009991 0.7874353194565921 0.617891248257286 0.5448234131093612 0.4560676455548937 0.4520364109173069 0.4471730239895019 -9999 -9999
-9999 -9999 -9999 -9999 -9999 -9999 -9999 -9999 -9999 -9999 -9999 -9999 -9999 -9999 -9999 -9999 -9999 -9999 -9999 -9999 -9999 0.6982498953446721 0.6491015661731238 0.6594678363427471 0.7078190883549317 0.6677404628448861 0.7294420791691545 0.7150210926297753 0.6835709628736291 0.5022196910281953 0.3444194187480414 0.5381762624305678 0.7679568282696809 0.6719326602795233 0.6835611516910007 0.5103517364524455 0.7394740765342196 0.7808204515268898 0.7793429218203104 0.7765398218496955 0.7798611936983847 0.7485290233883045 0.7459424782553389 0.6698129684338725 0.6371059840371537 0.5524381877897953 0.4840015767274824 0.4238330588577535 0.35868166029200865 -9999 -9999 -9999
-9999 -9999 -9999 -9999 -9999 -9999 -9999 -9999 -9999 -9999 -9999 -9999 -9999 -9999 -9999 -9999 -9999 -9999 -9999 0.7340526290655953 0.7203492994180672 0.7973365419478424 0.7210755540369864 0.6692873278404444 0.6663159756564865 0.5497833091543778 0.6050213201487815 0.6145331158257551 0.5761220973449457 0.5311459371947785 0.6001209759731113 0.6395244824746701 0.6724292436779349 0.7053918524036824 0.6798628354558514 0.5200114807286469 0.7328570418523961 0.7366257807993546 0.7499087234615525 0.7633399427589618 0.7695071266046489 0.7544440085822172 0.740490276250273 0.7362941719610159 0.6169438329134289 0.6613354250384558 0.6464621512468215 0.5790977328507066 0.3640508596820055 0.2931815816751061 0.4937977781392026 -9999
-9999 -9999 -9999 -9999 -9999 -9999 -9999 -9999 -9999 -9999 -9999 -9999 -9999 -9999 -9999 -9999 -9999 -9999 0.5762859743607425 0.757182925431808 0.7905996958160996 0.7709227005959928 0.7808095803989179 0.7140084720851743 0.7779397017802879 0.5922873663368249 0.5290666475512906 0.2512996281634297 0.2454483150887847 0.5499488482874991 0.5795356869361257 0.5451405783009742 0.6158843148899475 0.6281429774281139 0.6591833600404406 0.6370163816190592 0.5875562171769966 0.5938662162717663 0.5989136170163571 0.6582860157939248 0.6713380096453314 0.6664681293616782 0.633443406457467 0.6304001777292503 0.6106115816397231 0.6033691797425366 0.5856207149221321 0.5136683607281494 0.541080663676037 0.5064535288212622 0.5753509577242221 -9999
-9999 -9999 -9999 -9999 -9999 -9999 -9999 -9999 -9999 -9999 -9999 -9999 -9999 -9999 -9999 -9999 -9999 0.5496979968701929 0.5582640048716183 0.7657710541577489 0.7901812155601926 0.7093645192876208 0.7053518689786052 0.6032878375716321 0.5334244689724554 0.4881270848065374 0.3566633588369649 0.4280598167636603 0.39603942983058815 0.4350869288012877 0.4943761311128365 0.4919724855980746 0.4997534090290767 0.5089611526108493 0.5278488394490763 0.5404640284541296 0.4935663981096767 0.4632252910870589 0.5076813280000184 0.5944492306247939 0.4918026079052702 0.5178878067406539 0.6324092485591429 0.5985705931084042 0.5767779468134469 0.5594857740387651 0.571852011271551 0.5235320087213532 0.5554903628834901 0.5188639560743056 -9999 -9999
-9999 -9999 -9999 -9999 -9999 -9999 -9999 -9999 -9999 -9999 -9999 -9999 -9999 0.7483515349176125 0.8514688186587358 0.7625161543900598 0.6715556224617806 0.6833122751070704 0.7182509943053346 0.7605451047630609 0.7562805881214352 0.6147192343176184 0.6231198989964041 0.4842301532601547 0.4680523930857436 0.6080860018043869 0.3810200686898239 0.3277657334366729 0.2372204851160102 0.3006671938449961 0.33563014025342003 0.3561041410771757 0.38990019763704403 0.3470964996118949 0.3744038941097342 0.4457501088096889 0.4113441707295013 0.3547451862134375 0.38547474757691824 0.4944988595996654 0.5270535276245522 0.5228519949050973 0.4861752562126607 0.4932473804966186 0.4349834829345691 0.30451639249553786 0.2906841540527507 0.2854802102370569 0.4327603359154595 0.29118984193099584 0.3258783027301807 -9999
-9999 -9999 -9999 -9999 -9999 -9999 -9999 -9999 -9999 -9999 -9999 -9999 -9999 0.7619049796662287 0.8536183278348571 0.8522731683377427 0.7968885945664166 0.6875759575428357 0.7046780438326171 0.6380178721820808 0.6082222697892244 0.4970999898775055 0.5267094997642434 0.4445650020361984 0.3946862370494091 0.3942127698935045 0.38747712538357293 0.3095653651810704 0.26037457506145073 0.24609041970239395 0.29727193107733724 0.3622752140192953 0.3372002988291329 0.40233291239797175 0.4051395537218469 0.4338745939117363 0.4855043589492053 0.4716507098737969 0.4524381293097669 0.5154747374177342 0.4876778638484571 0.4595450446993665 0.4448823173877165 0.3698299551788224 0.2877661605918731 0.4521446683795353 0.3832816687441045 0.392181620667605 0.3564038139466382 0.3703422804683249 0.3539500356660808 0.4875108103216177
-9999 -9999 -9999 -9999 -9999 -9999 -9999 -9999 -9999 -9999 -9999 -9999 -9999 0.8750361855947891 0.8467271772583675 0.8224459020050678 0.8112840596417399 0.6817086517053302 0.7400718423595493 0.6999780533267452 0.5324923875980503 0.4957307333567882 0.4994013928266038 0.5089174964470969 0.4277267879818049 0.2945479807358228 0.21632234958015253 0.17453603644849824 0.13710261142293506 0.11690114305850945 0.1858474089982226 0.21773845978789494 0.30589943725874746 0.3485333190904585 0.3811405293321458 0.457365053347804 0.4708490406839617 0.489435255925809 0.5159682247125147 0.5125749211176513 0.5479466944883873 0.6097505680338735 0.5915620325192856 0.5525094315588069 -9999 -9999 -9999 -9999 -9999 -9999 -9999 -9999
-9999 -9999 -9999 -9999 -9999 -9999 -9999 -9999 -9999 -9999 -9999 -9999 -9999 0.8075430615468359 0.8008654895822227 0.7938400194253609 0.7734412558581909 0.6161232859253396 0.6175870722005725 0.6602008625263134 0.5798508314399813 0.4353463622606541 0.4645765169577402 0.5255331186341308 0.4210627874105576 0.3281889615332179 0.22033449776759284 0.16168273622557675 0.12725092818826572 0.07361511244790545 0.19896178393523387 0.313194009579179 0.3971878473957429 0.3732098258789244 0.3802230546278773 0.38268284768726707 0.4763369927906933 0.4881585902219154 0.4997109672198193 0.5205364220932371 0.6243942168742864 -9999 -9999 -9999 -9999 -9999 -9999 -9999 -9999 -9999 -9999 -9999
-9999 -9999 -9999 -9999 -9999 -9999 -9999 -9999 -9999 -9999 -9999 -9999 0.7238052357260841 0.6448904631575754 0.6773296601207459 0.7709840974799673 0.7458952601297891 0.6249083985276707 0.6276759790974105 0.6355634753899506 0.4909578012379347 0.4257665388275321 0.5624682391562332 0.5079651980539214 0.5157746188283661 0.3976847613151153 0.27623984637128696 0.2362433037854545 0.2306172413264148 0.2687227963981377 0.3505109784582906 0.3912135027578283 0.5268292553499068 0.5052525959971121 0.4578833344933809 0.4815806984804235 0.446950481965861 0.408417349761296 0.3816102063066109 0.5329674840515409 0.5831467973231912 -9999 -9999 -9999 -9999 -9999 -9999 -9999 -9999 -9999 -9999 -9999
-9999 -9999 -9999 -9999 -9999 -9999 -9999 -9999 -9999 -9999 -9999 0.7065657125812658 0.5697923544459823 0.5466889609625774 0.6318468298523436 0.5220881571933041 0.590124563430684 0.6640478571030555 0.598972417828717 0.5271744642178797 0.3918577645932674 0.4295536735077383 0.4678069141670427 0.4868866472605682 0.49998319098432104 0.4561989717792659 0.3732253219199477 0.3292615087534364 0.32243716116338056 0.4047828623382548 0.450710592383565 0.4797781570461893 0.6074376161063073 0.6120241852499835 0.5803513480163212 0.599083782484656 0.4789115933750577 0.4000420497735723 0.4171228211408508 0.4333993619742745 -9999 -9999 -9999 -9999 -9999 -9999 -9999 -9999 -9999 -9999 -9999 -9999
-9999 -9999 -9999 -9999 -9999 -9999 -9999 -9999 -9999 -9999 0.6254266349031392 0.6657410668198682 0.5903727328718553 0.532206472755141 0.6291072677068079 0.513575113524717 0.5239446201052271 0.5018124887456423 0.4536507481708632 0.4427749202242546 0.52388213069467 0.4440394545373028 0.41291169216381424 0.3988531689506797 0.39726694511679933 0.40401972163038813 0.3954852007653017 0.3839145605636256 0.4399093098217777 0.5168006616000446 0.539682644262693 0.5683095343294806 0.6098564138555456 0.5976785019386774 0.5502386071314599 0.4752134828032177 0.4810894292335395 0.4127402534519199 0.4522435695404087 -9999 -9999 -9999 -9999 -9999 -9999 -9999 -9999 -9999 -9999 -9999 -9999 -9999
-9999 -9999 -9999 -9999 -9999 -9999 -9999 -9999 -9999 -9999 -9999 -9999 0.5765055624169089 0.6167210134129484 0.572733844264516 0.4631505938649168 0.4201484782280871 0.3922184441051901 0.4438163592744481 0.4218256350531629 0.4343997063823343 0.4727242823430887 0.4303753771641613 0.3850387775231433 0.39259911425294536 0.4080878659696582 0.4292131340126349 0.4601728285536815 0.475823892627924 0.4969124556477293 0.5585316198221679 0.5467888597735895 0.5564813068937269 0.4431876765481181 0.3991029536310831 0.3594602365971919 0.4265458734497722 0.4775548762986411 0.5406966079237061 0.55329177659426 -9999 -9999 -9999 -9999 -9999 -9999 -9999 -9999 -9999 -9999 -9999 -9999
-9999 -9999 -9999 -9999 -9999 -9999 -9999 -9999 -9999 -9999 -9999 0.5314667550152391 0.5414764104114276 0.4291608202489269 0.3809872719312079 0.3455431635039491 0.3260237892135246 0.35645910271983405 0.2920274320555471 0.3309377454153 0.3968804213211069 0.4434048067664135 0.4602869214548476 0.4308176252792374 0.4035244121892672 0.4139557492277339 0.4892558797956864 0.5024173528210447 0.5040268801832329 0.4720380580117433 0.4779993508958775 0.4747073823170476 0.3761930089898867 0.30665749054451513 0.25492268850386857 0.3180211454519914 0.330645830776394 0.4725149373099349 0.4968154346740996 -9999 -9999 -9999 -9999 -9999 -9999 -9999 -9999 -9999 -9999 -9999 -9999 -9999
-9999 -9999 -9999 -9999 -9999 0.3437947592918772 0.49111534104209603 0.3361973112332811 0.41149198899744305 0.31280269605778555 0.34777317867056295 0.5004050997335541 0.486555714386601 0.4870544384202705 0.4277368786115133 0.1987770867271772 0.25501372381687004 0.29676612896074894 0.3120659531431712 0.33604411944656143 0.421733491640435 0.4221831417117339 0.4501510017730307 0.4158065206418811 0.4626914240620222 0.4830883092757679 0.5357652839072788 0.5383477475968911 0.5150384934032826 0.5080477568062632 0.5040628270792701 0.4914459665632156 0.3998208702169942 0.3306103203113645 0.35295863809176586 0.4512692189400763 0.4808610940477459 0.5098595661984542 -9999 -9999 -9999 -9999 -9999 -9999 -9999 -9999 -9999 -9999 -9999 -9999 -9999 -9999
-9999 -9999 -9999 -9999 0.5336294661861359 0.7543913198621922 0.6777477658231819 0.5465674530875769 0.3330947630541058 0.33747066702097633 0.2756203099326913 0.34718425893018845 0.3750989846921703 0.4386600860629031 0.34319324202504703 0.2580342715833177 0.30144941371138795 0.2954746240185756 0.3220486545870281 0.3284126550308465 0.3367334622920124 0.346027049765463 0.3918815340424284 0.4166352824181698 0.4586310847209087 0.4641040181139428 0.4697417418693344 0.4533447785822132 0.4536926597973042 0.4661713258565473 0.41838338747981296 0.13558406719834792 0.09619460486696498 0.25598383370914113 0.3150138229712398 -9999 -9999 -9999 -9999 -9999 -9999 -9999 -9999 -9999 -9999 -9999 -9999 -9999 -9999 -9999 -9999 -9999
-9999 -9999 -9999 0.3744131254939677 0.5123776512844225 0.6139663671198807 0.6112662175463965 0.4081232252168032 0.3830613783121493 0.2799125392677775 0.23234121650124 0.5289831221431774 0.5422221448203003 0.4283012931801521 0.32573099161308194 0.3903879293970784 0.4425257354096738 0.3807517731440807 0.4290209221491744 0.4346794176712539 0.4331274843333676 0.3600673586207763 0.3564404381654322 0.3592572088344763 0.43668527960193343 0.3801214389882272 0.4038648124959588 0.379832000085342 0.37827812091505664 0.38597455683153226 0.4148616305903943 -9999 -9999 -9999 -9999 -9999 -9999 -9999 -9999 -9999 -9999 -9999 -9999 -9999 -9999 -9999 -9999 -9999 -9999 -9999 -9999 -9999
-9999 -9999 -9999 0.3888437029528452 0.4976020290777621 0.5411726884785582 0.5468733016292833 0.33990430203236893 0.08492927576425813 0.2558341341978841 0.17221851424329246 0.3222525906206397 0.26311001059568523 0.3143580385811097 0.3491227306902246 0.43863594472367856 0.4940795769568713 0.4526032091586568 0.3907954943185182 0.42994563030542216 0.4615013880804709 0.4185457668159627 0.3651461024964073 0.3790630991787226 0.4339998630554268 0.4340339151123488 0.41800548253843456 0.4633330727442863 0.49884597467329 -9999 -9999 -9999 -9999 -9999 -9999 -9999 -9999 -9999 -9999 -9999 -9999 -9999 -9999 -9999 -9999 -9999 -9999 -9999 -9999 -9999 -9999 -9999
-9999 -9999 -9999 0.4865615930069207 0.2478035785462342 0.2243809858188037 0.5008615835795072 0.4065411030882574 0.2492585430164691 0.10068802515035828 -9999 0.11266426808110293 0.3187787795027029 0.2734107786924189 0.3063329013607822 0.4141315864527968 0.4529661933395318 0.4297690103225103 0.36965869566190795 0.38459096452194974 0.40377070694282935 0.4048380271533244 0.4207407082108586 0.3707048865314473 0.3788782419886985 0.4618306096602307 0.5194046707612234 0.381052020895854 -9999 -9999 -9999 -9999 -9999 -9999 -9999 -9999 -9999 -9999 -9999 -9999 -9999 -9999 -9999 -9999 -9999 -9999 -9999 -9999 -9999 -9999 -9999 -9999
-9999 -9999 -9999 0.4106686180798027 0.2048601275417966 0.3429955305787423 0.4232947328842726 0.2218562874530574 0.09155525199785552 -9999 -9999 0.19552488381901892 0.3087046594621895 0.3481577904291856 0.3105570521695857 0.4048891694799531 0.4595102086613286 0.44369677048696793 0.3977826231870202 0.40198877891291296 0.4438739957275253 0.4717554710626074 0.44337176405836215 0.416622091720586 0.385163330096114 0.46596570768879103 0.5896928395621255 -9999 -9999 -9999 -9999 -9999 -9999 -9999 -9999 -9999 -9999 -9999 -9999 -9999 -9999 -9999 -9999 -9999 -9999 -9999 -9999 -9999 -9999 -9999 -9999 -9999
-9999 -9999 -9999 -9999 0.3839045634880985 0.12103924795031484 0.09634451816749362 0.19553583433196764 0.1560023378852203 0.2137953027121209 0.17968236830908607 0.15337932060985393 0.2636112086584265 0.3508777957998427 0.3952898998679096 0.38822389299389976 0.3822298543944975 0.3980756294911619 0.4389548041582705 0.4964004770224931 0.5493845034772249 0.5207427305660799 0.5061220392874084 0.5140693321924878 -9999 -9999 -9999 -9999 -9999 -9999 -9999 -9999 -9999 -9999 -9999 -9999 -9999 -9999 -9999 -9999 -9999 -9999 -9999 -9999 -9999 -9999 -9999 -9999 -9999 -9999 -9999 -9999
-9999 -9999 -9999 -9999 -9999 -0.13419898135675978 -0.21547186999849946 -0.1689422734176595 -9999 -9999 0.21164310530412586 0.3147167228375012 0.3303888104592836 0.3441495037244594 0.3544339146538193 0.3300683725492184 0.33559347894503155 0.32935830680197586 0.3680406119339616 0.3968685058101127 0.4887595105030649 0.4826159402315918 0.4603030474137905 0.5244218283159033 0.6057689871857332 -9999 -9999 -9999 -9999 -9999 -9999 -9999 -9999 -9999 -9999 -9999 -9999 -9999 -9999 -9999 -9999 -9999 -9999 -9999 -9999 -9999 -9999 -9999 -9999 -9999 -9999 -9999
-9999 -9999 -9999 -9999 -0.14285136769617754 -0.1872532549119652 -0.17367852065202638 -0.3393467321004889 -0.3642323497087376 0.07836627441353375 0.22993821656117844 0.36598387167085134 0.413047346536061 0.4012067294134334 0.3435723919802556 0.2961292094565537 0.3150584110484964 0.3670493696114905 0.3854647040863631 0.3803578792053567 0.44451551285300783 0.4999390664149453 0.5117235710816654 0.5767015746085241 -9999 -9999 -9999 -9999 -9999 -9999 -9999 -9999 -9999 -9999 -9999 -9999 -9999 -9999 -9999 -9999 -9999 -9999 -9999 -9999 -9999 -9999 -9999 -9999 -9999 -9999 -9999 -9999
