time,sm
2015-04-01 08:30:00,81.07
2015-04-01 09:17:00,
2015-04-01 10:11:00,
2015-04-01 10:57:00,80.85
2015-04-01 11:49:00,
2015-04-02 08:09:00,
2015-04-02 08:57:00,87.33
2015-04-02 09:50:00,
2015-04-02 10:36:00,77.439995
2015-04-02 11:28:00,
2015-04-03 07:49:00,
2015-04-03 08:36:00,77.02
2015-04-03 09:29:00,
2015-04-03 10:16:00,85.13
2015-04-03 11:08:00,75.64
2015-04-03 11:54:00,
2015-04-04 08:14:00,
2015-04-04 09:09:00,91.63
2015-04-04 09:56:00,
2015-04-04 10:48:00,80.25999499999998
2015-04-04 11:34:00,
2015-04-05 07:54:00,
2015-04-05 08:48:00,85.479996
2015-04-05 09:35:00,
2015-04-05 10:28:00,88.33
2015-04-05 11:13:00,
2015-04-06 08:27:00,
2015-04-06 09:14:00,
2015-04-06 10:08:00,
2015-04-06 10:53:00,59.16
2015-04-06 11:45:00,
2015-04-07 08:05:00,
2015-04-07 08:53:00,44.809998
2015-04-07 09:47:00,
2015-04-07 10:33:00,44.489998
2015-04-07 11:25:00,
2015-04-08 08:32:00,41.03
2015-04-08 09:26:00,
2015-04-08 10:13:00,
2015-04-08 11:05:00,53.32
2015-04-08 11:50:00,
2015-04-09 08:10:00,
2015-04-09 09:05:00,53.42
2015-04-09 09:52:00,
2015-04-09 10:45:00,52.719997
2015-04-09 11:30:00,
2015-04-10 07:50:00,
2015-04-10 08:44:00,55.03
2015-04-10 09:31:00,
2015-04-10 10:25:00,43.1
2015-04-10 11:10:00,
2015-04-11 08:23:00,
2015-04-11 09:10:00,37.51
2015-04-11 10:04:00,
2015-04-11 10:50:00,40.329997999999996
2015-04-11 11:42:00,
2015-04-12 08:02:00,
2015-04-12 08:49:00,50.7
2015-04-12 09:43:00,
2015-04-12 10:30:00,47.309998
2015-04-12 11:22:00,
2015-04-13 08:28:00,45.69
2015-04-13 09:22:00,
2015-04-13 10:09:00,
2015-04-13 11:02:00,43.6
2015-04-13 11:47:00,
2015-04-14 08:07:00,
2015-04-14 09:02:00,44.96
2015-04-14 09:49:00,
2015-04-14 10:41:00,47.34
2015-04-14 11:27:00,
2015-04-15 07:47:00,
2015-04-15 08:41:00,50.239998
2015-04-15 09:27:00,
2015-04-15 10:21:00,40.16
2015-04-15 11:06:00,33.19
2015-04-16 08:19:00,
2015-04-16 09:07:00,41.69
2015-04-16 10:01:00,
2015-04-16 10:46:00,42.04
2015-04-16 11:39:00,
2015-04-17 07:59:00,
2015-04-17 08:46:00,42.16
2015-04-17 09:40:00,
2015-04-17 10:26:00,32.969997
2015-04-17 11:18:00,
2015-04-18 08:25:00,
2015-04-18 09:19:00,
2015-04-18 10:06:00,
2015-04-18 10:58:00,39.69
2015-04-18 11:44:00,
2015-04-19 08:04:00,
2015-04-19 08:58:00,35.92
2015-04-19 09:45:00,
2015-04-19 10:38:00,35.21
2015-04-19 11:23:00,
2015-04-20 08:37:00,40.64
2015-04-20 09:24:00,
2015-04-20 10:18:00,
2015-04-20 11:03:00,32.809998
2015-04-20 11:56:00,
2015-04-21 08:16:00,
2015-04-21 09:03:00,33.84
2015-04-21 09:57:00,
2015-04-21 10:43:00,36.14
2015-04-21 11:35:00,
2015-04-22 07:55:00,
2015-04-22 08:42:00,30.24
2015-04-22 09:36:00,
2015-04-22 10:23:00,28.68
2015-04-22 11:15:00,
2015-04-23 08:21:00,
2015-04-23 09:15:00,
2015-04-23 10:02:00,
2015-04-23 10:55:00,30.96
2015-04-23 11:40:00,
2015-04-24 08:00:00,
2015-04-24 08:55:00,34.44
2015-04-24 09:41:00,
2015-04-24 10:35:00,32.28
2015-04-24 11:20:00,
2015-04-25 08:34:00,34.559998
2015-04-25 09:20:00,
2015-04-25 10:14:00,
2015-04-25 11:00:00,31.07
2015-04-25 11:52:00,
2015-04-26 08:12:00,
2015-04-26 09:00:00,28.73
2015-04-26 09:54:00,
2015-04-26 10:39:00,40.969997
2015-04-26 11:32:00,
2015-04-27 07:52:00,
2015-04-27 08:39:00,36.94
2015-04-27 09:33:00,
2015-04-27 10:19:00,25.41
2015-04-27 11:12:00,
2015-04-28 08:17:00,
2015-04-28 09:12:00,31.099998
2015-04-28 09:59:00,
2015-04-28 10:51:00,35.85
2015-04-28 11:37:00,
2015-04-29 07:57:00,
2015-04-29 08:51:00,43.6
2015-04-29 09:38:00,
2015-04-29 10:31:00,31.859999
2015-04-29 11:16:00,
2015-04-30 08:30:00,43.14
2015-04-30 09:17:00,
2015-04-30 10:11:00,
2015-04-30 10:56:00,30.08
2015-04-30 11:49:00,
2015-05-01 08:09:00,
2015-05-01 08:56:00,42.91
2015-05-01 09:50:00,
2015-05-01 10:36:00,33.41
2015-05-01 11:28:00,
2015-05-02 07:49:00,
2015-05-02 08:35:00,32.3
2015-05-02 09:29:00,
2015-05-02 10:16:00,
2015-05-02 11:08:00,29.63
2015-05-02 11:54:00,
2015-05-03 08:14:00,
2015-05-03 09:09:00,34.559998
2015-05-03 09:55:00,
2015-05-03 10:48:00,36.66
2015-05-03 11:33:00,
2015-05-04 07:52:00,
2015-05-04 08:48:00,41.559998
2015-05-04 09:34:00,
2015-05-04 10:28:00,36.649998
2015-05-04 11:13:00,
2015-05-05 08:26:00,
2015-05-05 09:13:00,
2015-05-05 10:08:00,
2015-05-05 10:53:00,37.73
2015-05-05 11:45:00,
2015-05-06 08:05:00,
2015-05-06 08:53:00,66.0
2015-05-06 09:47:00,
2015-05-06 10:33:00,58.35
2015-05-06 11:25:00,
2015-05-07 08:31:00,44.5
2015-05-07 09:26:00,
2015-05-07 10:12:00,
2015-05-07 11:05:00,45.57
2015-05-07 11:50:00,
2015-05-08 08:10:00,
2015-05-08 09:05:00,55.77
2015-05-08 09:52:00,
2015-05-08 10:45:00,56.579997999999996
2015-05-08 11:30:00,
2015-05-09 07:50:00,
2015-05-09 08:44:00,47.739998
2015-05-09 09:31:00,
2015-05-09 10:24:00,40.93
2015-05-09 11:10:00,
2015-05-10 08:22:00,
2015-05-10 09:10:00,35.2
2015-05-10 10:04:00,
2015-05-10 10:49:00,39.54
2015-05-10 11:42:00,
2015-05-11 08:02:00,
2015-05-11 08:49:00,39.95
2015-05-11 09:43:00,
2015-05-11 10:29:00,36.78
2015-05-11 11:22:00,
2015-05-12 08:27:00,
2015-05-12 09:22:00,
2015-05-12 10:09:00,
2015-05-12 11:01:00,53.93
2015-05-12 11:47:00,
2015-05-13 08:07:00,
2015-05-13 09:02:00,55.09
2015-05-13 09:48:00,
2015-05-13 10:41:00,51.489998
2015-05-13 11:26:00,
2015-05-14 07:47:00,
2015-05-14 08:41:00,45.149998
2015-05-14 09:27:00,
2015-05-14 10:21:00,40.969997
2015-05-14 11:06:00,29.869999
2015-05-15 08:19:00,
2015-05-15 09:06:00,39.07
2015-05-15 10:01:00,
2015-05-15 10:46:00,42.68
2015-05-15 11:38:00,
2015-05-16 07:58:00,
2015-05-16 08:46:00,42.82
2015-05-16 09:39:00,
2015-05-16 10:26:00,42.85
2015-05-16 11:18:00,
2015-05-17 08:24:00,
2015-05-17 09:19:00,
2015-05-17 10:05:00,
2015-05-17 10:58:00,53.68
2015-05-17 11:43:00,
2015-05-18 08:03:00,
2015-05-18 08:58:00,47.379996999999996
2015-05-18 09:45:00,
2015-05-18 10:38:00,44.719997
2015-05-18 11:23:00,
2015-05-19 08:36:00,
2015-05-19 09:24:00,
2015-05-19 10:18:00,
2015-05-19 11:03:00,46.19
2015-05-19 11:56:00,
2015-05-20 08:15:00,
2015-05-20 09:03:00,51.42
2015-05-20 09:57:00,
2015-05-20 10:43:00,47.46
2015-05-20 11:35:00,
2015-05-21 07:54:00,
2015-05-21 08:42:00,49.739998
2015-05-21 09:36:00,
2015-05-21 10:22:00,48.899998
2015-05-21 11:15:00,
2015-05-22 08:21:00,
2015-05-22 09:15:00,
2015-05-22 10:02:00,
2015-05-22 10:55:00,57.57
2015-05-22 11:40:00,
2015-05-23 08:00:00,
2015-05-23 08:55:00,53.09
2015-05-23 09:41:00,
2015-05-23 10:34:00,57.64
2015-05-23 11:20:00,
2015-05-24 08:33:00,66.74
2015-05-24 09:20:00,
2015-05-24 10:14:00,
2015-05-24 10:59:00,53.26
2015-05-24 11:52:00,
2015-05-25 08:12:00,
2015-05-25 08:58:00,
2015-05-25 09:00:00,54.92
2015-05-25 09:54:00,
2015-05-25 10:39:00,58.52
2015-05-25 11:32:00,
2015-05-26 07:51:00,
2015-05-26 08:38:00,57.07
2015-05-26 09:33:00,
2015-05-26 10:19:00,64.479996
2015-05-26 11:11:00,
2015-05-27 08:17:00,
2015-05-27 09:12:00,68.45
2015-05-27 09:59:00,
2015-05-27 10:51:00,67.83
2015-05-27 11:36:00,
2015-05-28 07:56:00,
2015-05-28 08:51:00,67.46
2015-05-28 09:37:00,
2015-05-28 10:31:00,68.0
2015-05-28 11:16:00,
2015-05-29 08:29:00,
2015-05-29 09:17:00,
2015-05-29 10:11:00,
2015-05-29 10:56:00,69.39
2015-05-29 11:49:00,
2015-05-30 08:08:00,
2015-05-30 08:56:00,63.719997
2015-05-30 09:50:00,
2015-05-30 10:36:00,62.879996999999996
2015-05-30 11:28:00,
2015-05-31 08:35:00,63.239998
2015-05-31 09:29:00,
2015-05-31 10:16:00,
2015-05-31 11:08:00,67.9
2015-05-31 11:54:00,
2015-06-01 08:14:00,
2015-06-01 09:08:00,65.45
2015-06-01 09:55:00,
2015-06-01 10:48:00,82.36999499999997
2015-06-01 11:33:00,
2015-06-02 07:53:00,
2015-06-02 08:47:00,73.46
2015-06-02 09:34:00,
2015-06-02 10:28:00,74.64
2015-06-02 11:13:00,
2015-06-03 08:25:00,
2015-06-03 09:13:00,
2015-06-03 10:07:00,
2015-06-03 10:53:00,69.52
2015-06-03 11:45:00,
2015-06-04 08:05:00,
2015-06-04 08:52:00,63.39
2015-06-04 09:46:00,
2015-06-04 10:32:00,64.32
2015-06-04 11:25:00,
2015-06-05 08:31:00,56.01
2015-06-05 09:25:00,
2015-06-05 10:12:00,
2015-06-05 11:05:00,68.299995
2015-06-05 11:50:00,
2015-06-06 08:10:00,
2015-06-06 09:05:00,61.17
2015-06-06 09:52:00,
2015-06-06 10:44:00,66.65
2015-06-06 11:29:00,
2015-06-07 07:50:00,
2015-06-07 08:44:00,69.72
2015-06-07 09:31:00,
2015-06-07 10:24:00,74.31
2015-06-07 11:09:00,
2015-06-08 08:22:00,
2015-06-08 09:10:00,64.01
2015-06-08 10:04:00,
2015-06-08 10:49:00,62.43
2015-06-08 11:42:00,
2015-06-09 08:01:00,
2015-06-09 08:49:00,57.879996999999996
2015-06-09 09:43:00,
2015-06-09 10:29:00,63.02
2015-06-10 08:28:00,62.219997
2015-06-10 10:09:00,
2015-06-10 11:47:00,
2015-06-11 08:06:00,
2015-06-11 09:48:00,
2015-06-11 11:26:00,
2015-06-12 07:46:00,
2015-06-12 09:27:00,
2015-06-12 11:06:00,57.66
2015-06-13 09:06:00,59.64
2015-06-13 10:46:00,63.079997999999996
2015-06-14 08:45:00,55.28
2015-06-14 10:25:00,61.39
2015-06-15 08:24:00,
2015-06-15 10:05:00,
2015-06-15 11:43:00,
2015-06-16 08:03:00,
2015-06-16 09:44:00,
2015-06-16 11:23:00,
2015-06-17 09:23:00,
2015-06-17 11:02:00,64.9
2015-06-18 09:03:00,68.86
2015-06-18 10:42:00,68.549995
2015-06-19 08:42:00,68.28
2015-06-19 10:22:00,68.72
2015-06-20 08:20:00,
2015-06-20 10:02:00,
2015-06-20 11:39:00,
2015-06-21 07:59:00,
2015-06-21 09:40:00,
2015-06-21 11:19:00,
2015-06-22 09:20:00,
2015-06-22 10:59:00,75.4
2015-06-23 08:59:00,86.68
2015-06-23 10:39:00,83.15
2015-06-24 08:38:00,68.4
2015-06-24 10:19:00,75.97
2015-06-25 08:17:00,
2015-06-25 09:58:00,
2015-06-25 11:36:00,
2015-06-26 07:56:00,
2015-06-26 09:37:00,
2015-06-26 11:16:00,
2015-06-27 09:16:00,
2015-06-27 10:55:00,67.34
2015-06-28 08:56:00,70.729996
2015-06-28 10:35:00,75.549995
2015-06-29 08:34:00,65.46
2015-06-29 10:15:00,
2015-06-29 11:53:00,
2015-06-30 08:13:00,
2015-06-30 09:08:00,67.47
2015-06-30 09:55:00,
2015-06-30 10:48:00,73.299995
2015-06-30 11:32:00,
2015-07-01 07:53:00,
2015-07-01 08:47:00,75.939995
2015-07-01 09:33:00,
2015-07-01 10:28:00,76.95
2015-07-01 11:12:00,
2015-07-02 08:26:00,
2015-07-02 09:13:00,
2015-07-02 10:07:00,
2015-07-02 10:52:00,84.25
2015-07-02 11:45:00,
2015-07-03 08:05:00,
2015-07-03 08:52:00,83.89
2015-07-03 09:46:00,
2015-07-03 10:32:00,76.72
2015-07-03 11:25:00,
2015-07-04 08:31:00,66.49
2015-07-04 09:26:00,
2015-07-04 10:12:00,
2015-07-04 11:05:00,72.76
2015-07-04 11:50:00,
2015-07-05 08:09:00,
2015-07-05 09:05:00,71.36999499999997
2015-07-05 09:51:00,
2015-07-05 10:44:00,75.79
2015-07-05 11:29:00,
2015-07-06 07:49:00,
2015-07-06 08:44:00,77.59
2015-07-06 09:30:00,
2015-07-06 10:24:00,68.53
2015-07-06 11:09:00,
2015-07-07 08:22:00,
2015-07-07 09:09:00,85.59
2015-07-07 10:04:00,
2015-07-07 10:49:00,94.329994
2015-07-07 11:42:00,
2015-07-08 08:01:00,
2015-07-08 08:48:00,69.17
2015-07-08 09:43:00,
2015-07-08 10:28:00,66.18
2015-07-08 11:21:00,
2015-07-09 08:27:00,73.81
2015-07-09 09:22:00,
2015-07-09 10:08:00,
2015-07-09 11:01:00,91.29
2015-07-09 11:46:00,
2015-07-10 08:06:00,
2015-07-10 09:01:00,100.0
2015-07-10 09:47:00,
2015-07-10 10:41:00,99.92
2015-07-10 11:26:00,
2015-07-11 07:46:00,
2015-07-11 08:40:00,83.46
2015-07-11 09:26:00,
2015-07-11 10:21:00,81.0
2015-07-11 11:05:00,70.549995
2015-07-12 08:19:00,
2015-07-12 09:06:00,70.31
2015-07-12 10:01:00,
2015-07-12 10:45:00,70.4
2015-07-12 11:38:00,
2015-07-13 07:58:00,
2015-07-13 08:45:00,76.33
2015-07-13 09:39:00,
2015-07-14 08:23:00,
2015-07-14 09:19:00,
2015-07-14 10:05:00,
2015-07-14 10:58:00,80.21
2015-07-14 11:42:00,
2015-07-15 08:02:00,
2015-07-15 08:58:00,69.4
2015-07-15 09:44:00,
2015-07-15 10:38:00,69.61
2015-07-15 11:22:00,
2015-07-16 08:36:00,
2015-07-16 09:23:00,
2015-07-16 10:17:00,
2015-07-16 11:02:00,65.53
2015-07-16 11:56:00,
2015-07-17 08:15:00,
2015-07-17 09:02:00,55.27
2015-07-17 09:57:00,
2015-07-17 10:42:00,56.649998
2015-07-17 11:35:00,
2015-07-18 07:54:00,
2015-07-18 08:41:00,73.96
2015-07-18 09:36:00,
2015-07-18 10:22:00,91.97
2015-07-18 11:15:00,
2015-07-19 08:20:00,
2015-07-19 09:15:00,
2015-07-19 10:01:00,
2015-07-19 10:54:00,72.7
2015-07-19 11:39:00,
2015-07-20 07:59:00,
2015-07-20 08:54:00,67.689995
2015-07-20 09:40:00,
2015-07-20 10:34:00,70.42
2015-07-20 11:19:00,
2015-07-21 08:33:00,73.299995
2015-07-21 09:19:00,
2015-07-21 10:14:00,
2015-07-21 10:58:00,67.229996
2015-07-21 11:52:00,
2015-07-22 08:12:00,
2015-07-22 08:59:00,67.77
2015-07-22 09:54:00,
2015-07-22 10:38:00,66.08
2015-07-22 11:31:00,
2015-07-23 07:51:00,
2015-07-23 08:38:00,62.5
2015-07-23 09:33:00,
2015-07-23 10:18:00,72.03
2015-07-23 11:11:00,
2015-07-24 08:16:00,
2015-07-24 09:12:00,98.90999599999999
2015-07-24 09:58:00,
2015-07-24 10:51:00,100.0
2015-07-24 11:35:00,
2015-07-25 07:56:00,
2015-07-25 08:51:00,72.13
2015-07-25 09:37:00,
2015-07-25 10:31:00,68.82
2015-07-25 11:15:00,
2015-07-26 08:29:00,
2015-07-26 09:16:00,
2015-07-26 10:11:00,
2015-07-26 10:55:00,86.08
2015-07-26 11:49:00,
2015-07-27 08:08:00,
2015-07-27 08:55:00,95.939995
2015-07-27 09:50:00,
2015-07-27 10:35:00,83.92
2015-07-27 11:28:00,
2015-07-28 08:34:00,73.47
2015-07-28 09:29:00,
2015-07-28 10:15:00,83.0
2015-07-28 11:08:00,78.58
2015-07-28 11:52:00,
2015-07-29 08:13:00,
2015-07-29 09:08:00,77.77
2015-07-29 09:54:00,
2015-07-29 10:48:00,81.08
2015-07-29 11:32:00,
2015-07-30 07:52:00,
2015-07-30 08:47:00,75.82
2015-07-30 09:33:00,
2015-07-30 10:28:00,73.36
2015-07-30 11:12:00,
2015-07-31 08:25:00,
2015-07-31 09:12:00,
2015-07-31 10:07:00,
2015-07-31 10:52:00,69.57
2015-07-31 11:45:00,
2015-08-01 08:05:00,
2015-08-01 08:52:00,61.879996999999996
2015-08-01 09:46:00,
2015-08-01 10:32:00,64.61
2015-08-01 11:25:00,
2015-08-02 08:31:00,63.78
2015-08-02 09:25:00,
2015-08-02 10:11:00,
2015-08-02 11:05:00,73.9
2015-08-02 11:49:00,
2015-08-03 08:09:00,
2015-08-03 09:05:00,69.07
2015-08-03 09:51:00,
2015-08-03 10:44:00,68.06
2015-08-03 11:29:00,
2015-08-04 07:49:00,
2015-08-04 08:44:00,72.78
2015-08-04 09:30:00,
2015-08-04 10:24:00,73.26
2015-08-04 11:09:00,
2015-08-05 08:22:00,
2015-08-05 09:09:00,63.059998
2015-08-05 10:04:00,
2015-08-05 10:48:00,86.78
2015-08-05 11:42:00,
2015-08-06 08:01:00,
2015-08-06 08:48:00,87.979996
2015-08-06 09:43:00,
2015-08-06 10:28:00,80.56
2015-08-06 11:21:00,
2015-08-07 08:27:00,73.52
2015-08-07 09:22:00,
2015-08-07 10:08:00,
2015-08-07 11:01:00,78.83
2015-08-07 11:46:00,
2015-08-08 08:06:00,
2015-08-08 09:01:00,75.11
2015-08-08 09:47:00,
2015-08-08 10:41:00,74.08
2015-08-08 11:25:00,
2015-08-09 07:46:00,
2015-08-09 08:40:00,69.86999499999999
2015-08-09 09:26:00,
2015-08-09 10:21:00,73.65999599999998
2015-08-09 11:05:00,58.739998
2015-08-10 08:18:00,
2015-08-10 09:05:00,62.84
2015-08-10 10:00:00,
2015-08-10 10:45:00,69.229996
2015-08-10 11:38:00,
2015-08-11 07:57:00,
2015-08-11 08:45:00,62.68
2015-08-11 09:39:00,
2015-08-11 10:25:00,62.649998
2015-08-11 11:18:00,
2015-08-12 08:23:00,
2015-08-12 09:18:00,
2015-08-12 10:04:00,
2015-08-12 10:58:00,66.93
2015-08-12 11:42:00,
2015-08-13 08:02:00,
2015-08-13 08:58:00,65.02
2015-08-13 09:44:00,
2015-08-13 10:38:00,64.34
2015-08-13 11:22:00,
2015-08-14 08:36:00,
2015-08-14 09:23:00,
2015-08-14 10:17:00,
2015-08-14 11:02:00,69.59
2015-08-14 11:55:00,
2015-08-15 08:15:00,
2015-08-15 09:02:00,67.03
2015-08-15 09:57:00,
2015-08-15 10:42:00,69.65999599999999
2015-08-15 11:35:00,
2015-08-16 07:54:00,
2015-08-16 08:41:00,55.57
2015-08-16 09:36:00,
2015-08-16 10:21:00,61.18
2015-08-16 11:15:00,
2015-08-17 08:20:00,
2015-08-17 09:15:00,
2015-08-17 10:01:00,
2015-08-17 10:54:00,74.93
2015-08-17 11:39:00,
2015-08-18 07:59:00,
2015-08-18 08:54:00,71.29
2015-08-18 09:40:00,
2015-08-18 10:34:00,69.13
2015-08-18 11:19:00,
2015-08-19 08:33:00,74.36
2015-08-19 09:19:00,
2015-08-19 10:14:00,
2015-08-19 10:58:00,72.75
2015-08-19 11:52:00,
2015-08-20 08:12:00,
2015-08-20 08:59:00,66.38
2015-08-20 09:54:00,
2015-08-20 10:38:00,70.799995
2015-08-20 11:31:00,
2015-08-21 07:52:00,
2015-08-21 08:38:00,64.7
2015-08-21 09:32:00,
2015-08-21 10:18:00,65.689995
2015-08-21 11:11:00,
2015-08-22 08:16:00,
2015-08-22 09:12:00,63.26
2015-08-22 09:58:00,
2015-08-22 10:51:00,70.299995
2015-08-22 11:35:00,
2015-08-23 07:55:00,
2015-08-23 08:51:00,69.06
2015-08-23 09:36:00,
2015-08-23 10:31:00,65.61999499999999
2015-08-23 11:15:00,
2015-08-24 08:30:00,70.92
2015-08-24 09:16:00,
2015-08-24 10:11:00,
2015-08-24 10:55:00,70.17
2015-08-24 11:48:00,
2015-08-25 08:08:00,
2015-08-25 08:55:00,61.809998
2015-08-25 09:50:00,
2015-08-25 10:35:00,60.17
2015-08-25 11:28:00,
2015-08-26 07:48:00,
2015-08-26 08:34:00,57.35
2015-08-26 09:29:00,
2015-08-26 10:15:00,88.96
2015-08-26 11:08:00,89.74
2015-08-26 11:52:00,
2015-08-27 08:13:00,
2015-08-27 09:08:00,74.049995
2015-08-27 09:54:00,
2015-08-27 10:48:00,77.53
2015-08-27 11:32:00,
2015-08-28 07:52:00,
2015-08-28 08:47:00,100.0
2015-08-28 09:33:00,
2015-08-28 10:28:00,100.0
2015-08-28 11:12:00,
2015-08-29 08:26:00,
2015-08-29 09:12:00,
2015-08-29 10:07:00,
2015-08-29 10:52:00,67.39
2015-08-29 11:45:00,
2015-08-30 08:05:00,
2015-08-30 08:52:00,65.07
2015-08-30 09:46:00,
2015-08-30 10:31:00,61.16
2015-08-30 11:25:00,
2015-08-31 08:30:00,60.5
2015-08-31 09:25:00,
2015-08-31 10:11:00,
2015-08-31 11:04:00,66.86
2015-08-31 11:49:00,
2015-09-01 08:09:00,
2015-09-01 09:05:00,56.71
2015-09-01 09:51:00,
2015-09-01 10:44:00,59.57
2015-09-01 11:29:00,
2015-09-02 07:49:00,
2015-09-02 08:44:00,60.489998
2015-09-02 09:30:00,
2015-09-02 10:24:00,59.399998
2015-09-02 11:08:00,
2015-09-03 08:23:00,
2015-09-03 09:09:00,50.43
2015-09-03 10:04:00,
2015-09-03 10:48:00,57.329997999999996
2015-09-03 11:42:00,
2015-09-04 08:02:00,
2015-09-04 08:48:00,53.93
2015-09-04 09:43:00,
2015-09-04 10:28:00,50.93
2015-09-04 11:21:00,
2015-09-05 08:27:00,56.53
2015-09-05 09:22:00,
2015-09-05 10:08:00,
2015-09-05 11:01:00,60.629996999999996
2015-09-05 11:46:00,
2015-09-06 08:06:00,
2015-09-06 09:01:00,52.68
2015-09-06 09:47:00,
2015-09-06 10:41:00,51.52
2015-09-06 11:25:00,
2015-09-07 07:46:00,
2015-09-07 08:40:00,55.26
2015-09-07 09:26:00,
2015-09-07 10:21:00,56.87
2015-09-07 11:05:00,
2015-09-08 08:19:00,
2015-09-08 09:05:00,43.899998
2015-09-08 10:00:00,
2015-09-08 10:45:00,51.879996999999996
2015-09-08 11:38:00,
2015-09-09 07:58:00,
2015-09-09 08:44:00,51.199996999999996
2015-09-09 09:39:00,
2015-09-09 10:25:00,48.079997999999996
2015-09-09 11:18:00,
2015-09-10 08:23:00,
2015-09-10 09:18:00,
2015-09-10 10:04:00,
2015-09-10 10:58:00,71.49
2015-09-10 11:42:00,
2015-09-11 08:02:00,
2015-09-11 08:58:00,58.059998
2015-09-11 09:43:00,
2015-09-11 10:38:00,58.84
2015-09-11 11:22:00,
2015-09-12 08:37:00,57.14
2015-09-12 09:22:00,
2015-09-12 10:17:00,
2015-09-12 11:02:00,52.67
2015-09-12 11:56:00,
2015-09-13 08:15:00,
2015-09-13 09:02:00,66.17
2015-09-13 09:57:00,
2015-09-13 10:41:00,63.559998
2015-09-13 11:35:00,
2015-09-14 07:55:00,
2015-09-14 08:41:00,53.39
2015-09-14 09:36:00,
2015-09-14 10:21:00,51.57
2015-09-14 11:15:00,
2015-09-15 08:20:00,
2015-09-15 09:15:00,
2015-09-15 10:01:00,
2015-09-15 10:54:00,63.85
2015-09-15 11:39:00,
2015-09-16 07:59:00,
2015-09-16 08:54:00,65.72
2015-09-16 09:40:00,
2015-09-16 10:34:00,87.2
2015-09-16 11:18:00,
2015-09-17 08:33:00,98.11999499999999
2015-09-17 09:19:00,
2015-09-17 10:14:00,
2015-09-17 10:58:00,95.45
2015-09-17 11:52:00,
2015-09-18 08:12:00,
2015-09-18 08:58:00,98.39
2015-09-18 09:54:00,
2015-09-18 10:38:00,99.86
2015-09-18 11:31:00,
2015-09-19 07:52:00,
2015-09-19 08:37:00,76.439995
2015-09-19 09:32:00,
2015-09-19 10:18:00,76.71
2015-09-19 11:11:00,
2015-09-20 08:16:00,
2015-09-20 09:12:00,71.979996
2015-09-20 09:57:00,
2015-09-20 10:51:00,68.46
2015-09-20 11:35:00,
2015-09-21 07:55:00,
2015-09-21 08:51:00,82.39
2015-09-21 09:36:00,
2015-09-21 10:31:00,77.9
2015-09-21 11:15:00,
2015-09-22 08:30:00,87.77
2015-09-22 09:15:00,
2015-09-22 10:11:00,
2015-09-22 10:55:00,74.47
2015-09-22 11:48:00,
2015-09-23 08:08:00,
2015-09-23 08:55:00,82.67
2015-09-23 09:50:00,
2015-09-23 10:34:00,80.06
2015-09-23 11:28:00,
2015-09-24 07:48:00,
2015-09-24 08:34:00,71.65
2015-09-24 09:29:00,
2015-09-24 10:14:00,76.96
2015-09-24 11:08:00,72.0
2015-09-24 11:52:00,
2015-09-25 08:12:00,
2015-09-25 09:08:00,86.52
2015-09-25 09:54:00,
2015-09-25 10:48:00,89.81
2015-09-25 11:32:00,
2015-09-26 07:52:00,
2015-09-26 08:47:00,68.549995
2015-09-26 09:33:00,
2015-09-26 10:27:00,66.36999499999999
2015-09-26 11:11:00,
2015-09-27 08:26:00,
2015-09-27 09:12:00,
2015-09-27 10:07:00,
2015-09-27 10:51:00,57.59
2015-09-27 11:45:00,
2015-09-28 08:05:00,
2015-09-28 08:51:00,58.07
2015-09-28 09:46:00,
2015-09-28 10:31:00,56.219997
2015-09-28 11:25:00,
2015-09-29 08:30:00,53.789997
2015-09-29 09:25:00,
2015-09-29 10:11:00,
2015-09-29 11:04:00,65.81
2015-09-29 11:49:00,
2015-09-30 08:09:00,
2015-09-30 09:05:00,60.55
2015-09-30 09:50:00,
2015-09-30 10:44:00,63.84
2015-09-30 11:28:00,
2015-10-01 07:49:00,
2015-10-01 08:44:00,72.229996
2015-10-01 09:29:00,
2015-10-01 10:24:00,73.229996
2015-10-01 11:08:00,
2015-10-02 08:22:00,
2015-10-02 09:08:00,73.689995
2015-10-02 10:04:00,
2015-10-02 10:48:00,67.549995
2015-10-02 11:42:00,
2015-10-03 08:02:00,
2015-10-03 08:48:00,60.16
2015-10-03 09:43:00,
2015-10-03 10:28:00,60.32
2015-10-03 11:21:00,
2015-10-04 08:27:00,54.71
2015-10-04 09:22:00,
2015-10-04 10:07:00,
2015-10-04 11:01:00,65.84
2015-10-04 11:45:00,
2015-10-05 08:05:00,
2015-10-05 09:01:00,47.8
2015-10-05 09:47:00,
2015-10-05 10:41:00,52.86
2015-10-05 11:25:00,
2015-10-06 07:45:00,
2015-10-06 08:40:00,40.28
2015-10-06 09:26:00,
2015-10-06 10:21:00,51.449996999999996
2015-10-06 11:05:00,
2015-10-07 08:19:00,
2015-10-07 09:05:00,38.98
2015-10-07 10:00:00,
2015-10-07 10:44:00,54.039997
2015-10-07 11:38:00,
2015-10-08 07:58:00,
2015-10-08 08:44:00,31.539998999999998
2015-10-08 09:39:00,
2015-10-08 10:24:00,40.16
2015-10-08 11:18:00,
2015-10-09 08:23:00,
2015-10-09 09:18:00,
2015-10-09 10:04:00,
2015-10-09 10:58:00,53.129996999999996
2015-10-09 11:42:00,
2015-10-10 08:02:00,
2015-10-10 08:58:00,48.39
2015-10-10 09:43:00,
2015-10-10 10:37:00,51.899998
2015-10-10 11:21:00,
2015-10-11 08:37:00,55.0
2015-10-11 09:22:00,
2015-10-11 10:17:00,
2015-10-11 11:01:00,59.14
2015-10-11 11:55:00,
2015-10-12 08:15:00,
2015-10-12 09:01:00,39.68
2015-10-12 09:57:00,
2015-10-12 10:41:00,51.23
2015-10-12 11:35:00,
2015-10-13 07:55:00,
2015-10-13 08:40:00,40.89
2015-10-13 09:36:00,
2015-10-13 10:21:00,50.59
2015-10-13 11:14:00,
2015-10-14 08:19:00,
2015-10-14 09:15:00,
2015-10-14 10:00:00,
2015-10-14 10:54:00,62.6
2015-10-14 11:38:00,
2015-10-15 07:58:00,
2015-10-15 08:54:00,49.969997
2015-10-15 09:39:00,
2015-10-15 10:34:00,57.14
2015-10-15 11:18:00,
2015-10-16 08:33:00,58.699996999999996
2015-10-16 09:19:00,
2015-10-16 10:14:00,
2015-10-16 10:58:00,56.309998
2015-10-16 11:52:00,
2015-10-17 08:12:00,
2015-10-17 08:58:00,54.739998
2015-10-17 09:53:00,
2015-10-17 10:37:00,55.149998
2015-10-17 11:31:00,
2015-10-18 07:52:00,
2015-10-18 08:37:00,54.149998
2015-10-18 09:32:00,
2015-10-18 10:17:00,55.309998
2015-10-18 11:11:00,
2015-10-19 08:16:00,
2015-10-19 09:11:00,35.71
2015-10-19 09:55:00,
2015-10-19 10:51:00,51.579997999999996
2015-10-20 07:55:00,
2015-10-20 08:51:00,45.98
2015-10-20 09:36:00,
2015-10-20 10:31:00,52.87
2015-10-20 11:14:00,
2015-10-21 08:29:00,40.059998
2015-10-21 09:15:00,
2015-10-21 10:10:00,
2015-10-21 10:54:00,46.69
2015-10-21 11:48:00,
2015-10-22 08:08:00,
2015-10-22 08:54:00,66.97
2015-10-22 09:50:00,
2015-10-22 10:34:00,65.82
2015-10-22 11:28:00,
2015-10-23 07:48:00,
2015-10-23 08:33:00,62.23
2015-10-23 09:29:00,
2015-10-23 10:14:00,
2015-10-23 11:08:00,61.64
2015-10-23 11:52:00,
2015-10-24 08:12:00,
2015-10-24 09:08:00,37.78
2015-10-24 09:53:00,
2015-10-24 10:47:00,52.98
2015-10-24 11:31:00,
2015-10-25 07:51:00,
2015-10-25 08:47:00,71.59
2015-10-25 09:32:00,
2015-10-25 10:27:00,70.75
2015-10-25 11:11:00,
2015-10-26 08:26:00,
2015-10-26 09:11:00,
2015-10-26 10:07:00,
2015-10-26 10:51:00,47.73
2015-10-26 11:45:00,
2015-10-27 08:05:00,
2015-10-27 08:51:00,23.43
2015-10-27 09:46:00,
2015-10-27 10:31:00,26.91
2015-10-27 11:24:00,
2015-10-28 08:30:00,5.0699997
2015-10-28 09:25:00,
2015-10-28 10:10:00,
2015-10-28 11:04:00,33.91
2015-10-28 11:48:00,
2015-10-29 08:08:00,
2015-10-29 09:04:00,7.81
2015-10-29 09:50:00,
2015-10-29 10:44:00,24.3
2015-10-29 11:28:00,
2015-10-30 07:48:00,
2015-10-30 08:44:00,16.9
2015-10-30 09:29:00,
2015-10-30 10:24:00,15.88
2015-10-30 11:07:00,
2015-10-31 08:22:00,
2015-10-31 09:08:00,48.649998
2015-10-31 10:04:00,
2015-10-31 10:47:00,61.379996999999996
2015-10-31 11:41:00,
2015-11-01 08:01:00,
2015-11-01 08:47:00,69.9
2015-11-01 09:42:00,
2015-11-01 10:27:00,70.15
2015-11-01 11:21:00,
2015-11-02 08:26:00,
2015-11-02 09:22:00,
2015-11-02 10:07:00,
2015-11-02 11:01:00,73.53
2015-11-02 11:45:00,
2015-11-03 08:05:00,
2015-11-03 09:01:00,65.96
2015-11-03 09:46:00,
2015-11-03 10:41:00,66.85
2015-11-03 11:24:00,
2015-11-04 07:45:00,
2015-11-04 08:40:00,57.77
2015-11-04 09:25:00,
2015-11-04 10:20:00,59.949996999999996
2015-11-04 11:04:00,54.789997
2015-11-05 08:19:00,
2015-11-05 09:04:00,13.59
2015-11-05 10:00:00,
2015-11-05 10:44:00,31.72
2015-11-05 11:38:00,
2015-11-06 07:58:00,
2015-11-06 08:43:00,36.64
2015-11-06 09:39:00,
2015-11-06 10:24:00,43.04
2015-11-06 11:18:00,
2015-11-07 08:22:00,
2015-11-07 09:18:00,
2015-11-07 10:03:00,
2015-11-07 10:57:00,87.29
2015-11-07 11:41:00,
2015-11-08 08:01:00,
2015-11-08 08:57:00,65.39
2015-11-08 09:42:00,
2015-11-08 10:37:00,70.11
2015-11-08 11:21:00,
2015-11-09 08:36:00,65.28
2015-11-09 09:22:00,
2015-11-09 10:17:00,
2015-11-09 11:01:00,62.8
2015-11-09 11:55:00,
2015-11-10 08:15:00,
2015-11-10 09:01:00,33.77
2015-11-10 09:57:00,
2015-11-10 10:41:00,52.399998
2015-11-10 11:34:00,
2015-11-11 07:55:00,
2015-11-11 08:40:00,57.059998
2015-11-11 09:35:00,
2015-11-11 10:20:00,54.66
2015-11-11 11:14:00,
2015-11-12 08:19:00,
2015-11-12 09:15:00,
2015-11-12 10:00:00,
2015-11-12 10:54:00,50.21
2015-11-12 11:38:00,
2015-11-13 07:58:00,
2015-11-13 08:54:00,40.77
2015-11-13 09:39:00,
2015-11-13 10:34:00,39.42
2015-11-13 11:18:00,
2015-11-14 08:33:00,32.67
2015-11-14 09:18:00,
2015-11-14 10:14:00,
2015-11-14 10:57:00,31.47
2015-11-14 11:52:00,
2015-11-15 08:11:00,
2015-11-15 08:58:00,24.06
2015-11-15 09:53:00,
2015-11-15 10:37:00,28.289998999999998
2015-11-15 11:31:00,
2015-11-16 07:51:00,
2015-11-16 08:37:00,35.53
2015-11-16 09:32:00,
2015-11-16 10:17:00,25.83
2015-11-16 11:11:00,
2015-11-17 08:15:00,
2015-11-17 09:11:00,28.59
2015-11-17 09:57:00,
2015-11-17 10:51:00,55.399998
2015-11-17 11:34:00,
2015-11-18 07:55:00,
2015-11-18 08:50:00,43.89
2015-11-18 09:36:00,
2015-11-18 10:30:00,38.16
2015-11-18 11:14:00,
2015-11-19 08:29:00,49.26
2015-11-19 09:15:00,
2015-11-19 10:10:00,
2015-11-19 10:54:00,44.39
2015-11-19 11:48:00,
2015-11-20 08:08:00,
2015-11-20 08:54:00,34.809998
2015-11-20 09:49:00,
2015-11-20 10:34:00,34.01
2015-11-20 11:27:00,
2015-11-21 07:48:00,
2015-11-21 08:33:00,43.98
2015-11-21 09:28:00,
2015-11-21 10:14:00,
2015-11-21 11:07:00,35.96
2015-11-21 11:52:00,
2015-11-22 08:12:00,
2015-11-22 09:08:00,35.79
2015-11-22 09:53:00,
2015-11-22 10:47:00,41.67
2015-11-22 11:31:00,
2015-11-23 07:51:00,
2015-11-23 08:47:00,40.05
2015-11-23 09:32:00,
2015-11-23 10:27:00,32.86
2015-11-23 11:11:00,
2015-11-24 08:25:00,
2015-11-24 08:26:00,
2015-11-24 08:27:00,
2015-11-24 09:12:00,
2015-11-24 10:07:00,
2015-11-24 10:51:00,37.329997999999996
2015-11-24 11:44:00,
2015-11-25 08:04:00,
2015-11-25 08:51:00,30.109999
2015-11-25 10:31:00,30.0
2015-11-25 11:24:00,
2015-11-26 08:30:00,44.1
2015-11-26 09:25:00,
2015-11-26 10:10:00,
2015-11-26 11:04:00,52.86
2015-11-26 11:48:00,
2015-11-27 08:08:00,
2015-11-27 09:04:00,67.34
2015-11-27 09:50:00,
2015-11-27 10:44:00,69.59
2015-11-27 11:28:00,
2015-11-28 07:48:00,
2015-11-28 08:43:00,57.67
2015-11-28 09:29:00,
2015-11-28 10:23:00,56.699996999999996
2015-11-28 11:08:00,
2015-11-29 08:22:00,
2015-11-29 09:08:00,45.25
2015-11-29 10:03:00,
2015-11-29 10:48:00,46.329997999999996
2015-11-29 11:41:00,
2015-11-30 08:01:00,
2015-11-30 08:47:00,40.059998
2015-11-30 09:42:00,
2015-11-30 10:27:00,42.989998
2015-11-30 11:21:00,
2015-12-01 08:26:00,57.1
2015-12-01 09:21:00,
2015-12-01 10:07:00,
2015-12-01 11:00:00,51.16
2015-12-01 11:45:00,
2015-12-02 08:05:00,
2015-12-02 09:00:00,42.59
2015-12-02 09:47:00,
2015-12-02 10:40:00,38.899998
2015-12-02 11:25:00,
2015-12-03 07:45:00,
2015-12-03 08:39:00,51.289997
2015-12-03 09:25:00,
2015-12-03 10:20:00,48.989998
2015-12-03 11:04:00,38.379996999999996
2015-12-04 08:18:00,
2015-12-04 09:05:00,40.149998
2015-12-04 10:00:00,
2015-12-04 10:44:00,31.97
2015-12-04 11:37:00,
2015-12-05 07:57:00,
2015-12-05 08:44:00,39.399998
2015-12-05 09:38:00,
2015-12-05 10:24:00,41.95
2015-12-05 11:17:00,
2015-12-06 08:23:00,
2015-12-06 09:18:00,
2015-12-06 10:04:00,
2015-12-06 10:57:00,57.32
2015-12-06 11:42:00,
2015-12-07 08:02:00,
2015-12-07 08:57:00,60.879996999999996
2015-12-07 09:43:00,
2015-12-07 10:37:00,56.149998
2015-12-07 11:21:00,
2015-12-08 08:36:00,40.82
2015-12-08 09:22:00,
2015-12-08 10:16:00,
2015-12-08 11:01:00,32.05
2015-12-08 11:54:00,
2015-12-09 08:14:00,
2015-12-09 09:01:00,62.52
2015-12-09 09:56:00,
2015-12-09 10:41:00,69.02
2015-12-09 11:34:00,
2015-12-10 07:54:00,
2015-12-10 08:40:00,54.51
2015-12-10 09:35:00,
2015-12-10 10:21:00,63.34
2015-12-10 11:14:00,
2015-12-11 08:19:00,
2015-12-11 09:14:00,
2015-12-11 10:00:00,
2015-12-11 10:53:00,44.76
2015-12-11 11:38:00,
2015-12-12 07:58:00,
2015-12-12 08:53:00,62.23
2015-12-12 09:39:00,
2015-12-12 10:33:00,61.27
2015-12-12 11:18:00,
2015-12-13 08:32:00,38.57
2015-12-13 09:19:00,
2015-12-13 10:13:00,
2015-12-13 10:58:00,33.88
2015-12-13 11:51:00,
2015-12-14 08:11:00,
2015-12-14 08:58:00,48.11
2015-12-14 09:53:00,
2015-12-14 10:38:00,43.23
2015-12-14 11:30:00,
2015-12-15 07:51:00,
2015-12-15 08:37:00,42.44
2015-12-15 09:31:00,
2015-12-15 10:17:00,52.98
2015-12-15 11:10:00,
2015-12-16 08:16:00,
2015-12-16 09:11:00,64.97
2015-12-16 09:57:00,
2015-12-16 10:50:00,60.859997
2015-12-16 11:35:00,
2015-12-17 07:55:00,
2015-12-17 08:50:00,43.34
2015-12-17 09:36:00,
2015-12-17 10:30:00,46.129996999999996
2015-12-17 11:15:00,
2015-12-18 08:29:00,62.899998
2015-12-18 09:15:00,
2015-12-18 10:10:00,
2015-12-18 10:55:00,54.55
2015-12-18 11:48:00,
2015-12-19 08:07:00,
2015-12-19 08:55:00,67.97
2015-12-19 09:49:00,
2015-12-19 10:34:00,60.35
2015-12-19 11:27:00,
2015-12-20 07:47:00,
2015-12-20 08:34:00,70.939995
2015-12-20 09:28:00,
2015-12-20 10:14:00,
2015-12-20 11:07:00,61.699996999999996
2015-12-20 11:52:00,
2015-12-21 08:12:00,
2015-12-21 09:07:00,72.77
2015-12-21 09:54:00,
2015-12-21 10:47:00,61.5
2015-12-21 11:32:00,
2015-12-22 07:52:00,
2015-12-22 08:46:00,64.6
2015-12-22 09:33:00,
2015-12-22 10:26:00,67.2
2015-12-22 11:11:00,
2015-12-23 08:25:00,
2015-12-23 09:12:00,
2015-12-23 10:06:00,
2015-12-23 10:51:00,49.76
2015-12-23 11:44:00,
2015-12-24 08:04:00,
2015-12-24 08:51:00,62.719997
2015-12-24 09:45:00,
2015-12-24 10:31:00,59.21
2015-12-24 11:24:00,
2015-12-25 08:30:00,67.36
2015-12-25 09:24:00,
2015-12-25 10:11:00,
2015-12-25 11:03:00,66.68
2015-12-25 11:49:00,
2015-12-26 08:09:00,
2015-12-26 09:04:00,74.45
2015-12-26 09:50:00,
2015-12-26 10:43:00,56.469997
2015-12-26 11:28:00,
2015-12-27 07:49:00,
2015-12-27 08:43:00,56.399998
2015-12-27 09:29:00,
2015-12-27 10:23:00,69.979996
2015-12-27 11:08:00,
2015-12-28 08:21:00,
2015-12-28 09:08:00,81.38
2015-12-28 10:03:00,
2015-12-28 10:48:00,58.55
2015-12-28 11:40:00,
2015-12-29 08:00:00,
2015-12-29 08:48:00,58.96
2015-12-29 09:41:00,
2015-12-29 10:28:00,56.25
2015-12-29 11:20:00,
2015-12-30 08:27:00,
2015-12-30 09:21:00,
2015-12-30 10:07:00,
2015-12-30 11:00:00,52.28
2015-12-30 11:45:00,
2015-12-31 08:05:00,
2015-12-31 09:00:00,63.21
2015-12-31 09:47:00,
2015-12-31 10:40:00,59.129996999999996
2015-12-31 11:25:00,
2016-01-01 07:46:00,
2016-01-01 08:39:00,54.37
2016-01-01 09:26:00,
2016-01-01 10:20:00,60.32
2016-01-01 11:05:00,43.64
2016-01-02 08:18:00,
2016-01-02 09:05:00,61.25
2016-01-02 09:59:00,
2016-01-02 10:45:00,49.87
2016-01-02 11:37:00,
2016-01-03 07:57:00,
2016-01-03 08:44:00,51.469997
2016-01-03 09:38:00,
2016-01-03 10:24:00,57.03
2016-01-03 11:17:00,
2016-01-04 08:23:00,
2016-01-04 09:17:00,
2016-01-04 10:04:00,
2016-01-04 10:57:00,57.32
2016-01-04 11:42:00,
2016-01-05 08:02:00,
2016-01-05 08:57:00,67.7
2016-01-05 09:43:00,
2016-01-05 10:36:00,61.18
2016-01-05 11:22:00,
2016-01-06 08:36:00,73.0
2016-01-06 09:22:00,
2016-01-06 10:16:00,
2016-01-06 11:01:00,61.34
2016-01-06 11:54:00,
2016-01-07 08:14:00,
2016-01-07 09:02:00,75.24
2016-01-07 09:56:00,
2016-01-07 10:41:00,66.08
2016-01-07 11:34:00,
2016-01-08 07:54:00,
2016-01-08 08:41:00,70.36999499999997
2016-01-08 09:35:00,
2016-01-08 10:21:00,73.72
2016-01-08 11:13:00,
2016-01-09 08:19:00,
2016-01-09 09:14:00,
2016-01-09 10:01:00,
2016-01-09 10:53:00,59.129996999999996
2016-01-09 11:39:00,
2016-01-10 07:59:00,
2016-01-10 08:53:00,70.6
2016-01-10 09:40:00,
2016-01-10 10:33:00,66.17
2016-01-10 11:18:00,
2016-01-11 08:32:00,59.92
2016-01-11 09:19:00,
2016-01-11 10:13:00,
2016-01-11 10:58:00,54.85
2016-01-11 11:51:00,
2016-01-12 08:11:00,
2016-01-12 08:58:00,66.06
2016-01-12 09:52:00,
2016-01-12 10:38:00,59.379996999999996
2016-01-12 11:30:00,
2016-01-13 07:50:00,
2016-01-13 08:37:00,64.90999599999999
2016-01-13 09:31:00,
2016-01-13 10:18:00,72.24
2016-01-13 11:10:00,
2016-01-14 08:16:00,
2016-01-14 09:10:00,82.45
2016-01-14 09:57:00,
2016-01-14 10:50:00,68.72
2016-01-14 11:35:00,
2016-01-15 07:55:00,
2016-01-15 08:50:00,69.97
2016-01-15 09:36:00,
2016-01-15 10:30:00,66.049995
2016-01-15 11:15:00,
2016-01-16 08:28:00,64.799995
2016-01-16 09:15:00,
2016-01-16 10:09:00,
2016-01-16 10:55:00,57.0
2016-01-16 11:47:00,
2016-01-17 08:07:00,
2016-01-17 08:55:00,59.309998
2016-01-17 09:49:00,
2016-01-17 10:34:00,55.48
2016-01-17 11:27:00,
2016-01-18 07:47:00,
2016-01-18 08:34:00,56.879996999999996
2016-01-18 09:28:00,
2016-01-18 10:14:00,
2016-01-18 11:07:00,48.12
2016-01-18 11:52:00,
2016-01-19 08:12:00,
2016-01-19 09:07:00,73.67
2016-01-19 09:54:00,
2016-01-19 10:46:00,61.02
2016-01-19 11:32:00,
2016-01-20 07:52:00,
2016-01-20 08:46:00,66.75
2016-01-20 09:33:00,
2016-01-20 10:26:00,63.76
2016-01-20 11:12:00,
2016-01-21 08:25:00,
2016-01-21 09:12:00,
2016-01-21 10:06:00,
2016-01-21 10:51:00,58.199996999999996
2016-01-21 11:44:00,
2016-01-22 08:04:00,
2016-01-22 08:51:00,62.28
2016-01-22 09:45:00,
2016-01-22 10:31:00,56.8
2016-01-22 11:23:00,
2016-01-23 08:30:00,63.27
2016-01-23 09:24:00,
2016-01-23 10:11:00,
2016-01-23 11:03:00,61.32
2016-01-23 11:49:00,
2016-01-24 08:09:00,
2016-01-24 09:03:00,69.36999499999999
2016-01-24 09:50:00,
2016-01-24 10:43:00,63.57
2016-01-24 11:28:00,
2016-01-25 07:49:00,
2016-01-25 08:42:00,65.26
2016-01-25 09:29:00,
2016-01-25 10:23:00,64.75
2016-01-25 11:08:00,
2016-01-26 08:21:00,
2016-01-26 09:09:00,66.33
2016-01-26 10:02:00,
2016-01-26 10:48:00,64.81
2016-01-26 11:40:00,
2016-01-27 08:00:00,
2016-01-27 08:48:00,62.5
2016-01-27 09:41:00,
2016-01-27 10:28:00,59.469997
2016-01-27 11:20:00,
2016-01-28 08:27:00,
2016-01-28 09:20:00,
2016-01-28 10:08:00,
2016-01-28 11:00:00,60.789997
2016-01-28 11:46:00,
2016-01-29 08:05:00,
2016-01-29 09:00:00,68.85
2016-01-29 09:47:00,
2016-01-29 10:39:00,61.5
2016-01-29 11:25:00,
2016-01-30 07:46:00,
2016-01-30 08:39:00,71.38
2016-01-30 09:26:00,
2016-01-30 10:19:00,66.63
2016-01-30 11:05:00,52.11
2016-01-31 08:17:00,
2016-01-31 09:05:00,63.98
2016-01-31 09:59:00,
2016-01-31 10:45:00,56.219997
2016-01-31 11:37:00,
2016-02-01 07:57:00,
2016-02-01 08:44:00,59.649998
2016-02-01 09:38:00,
2016-02-01 10:24:00,60.18
2016-02-01 11:16:00,
2016-02-02 08:23:00,
2016-02-02 09:17:00,
2016-02-02 10:04:00,
2016-02-02 10:56:00,61.399998
2016-02-02 11:42:00,
2016-02-03 08:02:00,
2016-02-03 08:56:00,65.189995
2016-02-03 09:43:00,
2016-02-03 10:36:00,63.87
2016-02-03 11:22:00,
2016-02-04 08:35:00,66.75
2016-02-04 09:22:00,
2016-02-04 10:16:00,
2016-02-04 11:01:00,60.329997999999996
2016-02-04 11:54:00,
2016-02-05 08:14:00,
2016-02-05 09:02:00,61.96
2016-02-05 09:55:00,
2016-02-05 10:41:00,56.77
2016-02-05 11:33:00,
2016-02-06 07:53:00,
2016-02-06 08:41:00,54.079997999999996
2016-02-06 09:34:00,
2016-02-06 10:21:00,59.359997
2016-02-06 11:13:00,
2016-02-07 08:19:00,
2016-02-07 09:13:00,
2016-02-07 10:01:00,
2016-02-07 10:53:00,66.61999499999999
2016-02-07 11:39:00,
2016-02-08 07:59:00,
2016-02-08 08:53:00,69.95
2016-02-08 09:40:00,
2016-02-08 10:32:00,70.49
2016-02-08 11:18:00,
2016-02-09 08:31:00,73.29
2016-02-09 09:19:00,
2016-02-09 10:12:00,
2016-02-09 10:58:00,71.32
2016-02-09 11:50:00,
2016-02-10 08:10:00,
2016-02-10 08:58:00,67.72
2016-02-10 09:52:00,
2016-02-10 10:38:00,68.61
2016-02-10 11:29:00,
2016-02-11 07:50:00,
2016-02-11 08:37:00,60.559998
2016-02-11 09:31:00,
2016-02-11 10:18:00,65.36
2016-02-11 11:09:00,
2016-02-12 08:16:00,
2016-02-12 09:10:00,80.93
2016-02-12 09:57:00,
2016-02-12 10:49:00,63.699996999999996
2016-02-12 11:35:00,
2016-02-13 07:55:00,
2016-02-13 08:49:00,68.68
2016-02-13 09:36:00,
2016-02-13 10:29:00,68.78
2016-02-13 11:15:00,
2016-02-14 08:28:00,66.22
2016-02-14 09:16:00,
2016-02-14 10:09:00,
2016-02-14 10:55:00,60.78
2016-02-14 11:47:00,
2016-02-15 08:07:00,
2016-02-15 08:55:00,70.85
2016-02-15 09:48:00,
2016-02-15 10:35:00,62.1
2016-02-15 11:26:00,
2016-02-16 07:46:00,
2016-02-16 08:34:00,63.51
2016-02-16 09:27:00,
2016-02-16 10:14:00,
2016-02-16 11:06:00,54.85
2016-02-16 11:52:00,
2016-02-17 08:12:00,
2016-02-17 09:06:00,76.03
2016-02-17 09:54:00,
2016-02-17 10:46:00,65.46
2016-02-17 11:32:00,
2016-02-18 07:52:00,
2016-02-18 08:45:00,71.01
2016-02-18 09:33:00,
2016-02-18 10:26:00,72.31
2016-02-18 11:12:00,
2016-02-19 08:24:00,
2016-02-19 09:12:00,
2016-02-19 10:05:00,
2016-02-19 10:52:00,64.08
2016-02-19 11:43:00,
2016-02-20 08:03:00,
2016-02-20 08:51:00,65.33
2016-02-20 09:44:00,
2016-02-20 10:31:00,61.62
2016-02-20 11:23:00,
2016-02-21 08:30:00,63.43
2016-02-21 09:23:00,
2016-02-21 10:11:00,
2016-02-21 11:03:00,68.34
2016-02-21 11:49:00,
2016-02-22 08:09:00,
2016-02-22 09:03:00,70.64
2016-02-22 09:51:00,
2016-02-22 10:42:00,68.42
2016-02-22 11:29:00,
2016-02-23 07:49:00,
2016-02-23 08:42:00,71.299995
2016-02-23 09:30:00,
2016-02-23 10:22:00,68.18
2016-02-23 11:08:00,
2016-02-24 08:21:00,
2016-02-24 09:09:00,75.53
2016-02-24 10:02:00,
2016-02-24 10:48:00,75.42
2016-02-24 11:40:00,
2016-02-25 08:00:00,
2016-02-25 08:48:00,63.37
2016-02-25 09:41:00,
2016-02-25 10:28:00,66.08
2016-02-25 11:19:00,
2016-02-26 08:27:00,
2016-02-26 09:20:00,
2016-02-26 10:08:00,
2016-02-26 10:59:00,64.96
2016-02-26 11:46:00,
2016-02-27 08:06:00,
2016-02-27 08:59:00,76.59
2016-02-27 09:47:00,
2016-02-27 10:39:00,69.33
2016-02-27 11:25:00,
2016-02-28 07:46:00,
2016-02-28 08:38:00,72.65
2016-02-28 09:26:00,
2016-02-28 10:19:00,72.49
2016-02-28 11:05:00,59.85
2016-02-29 08:17:00,
2016-02-29 09:05:00,72.32
2016-02-29 09:58:00,
2016-02-29 10:45:00,73.65
2016-02-29 11:36:00,
2016-03-01 07:56:00,
2016-03-01 08:45:00,68.76
2016-03-01 09:37:00,
2016-03-01 10:25:00,65.58
2016-03-01 11:16:00,
2016-03-02 08:23:00,
2016-03-02 09:16:00,
2016-03-02 10:04:00,
2016-03-02 10:56:00,63.649998
2016-03-02 11:42:00,
2016-03-03 08:02:00,
2016-03-03 08:56:00,71.049995
2016-03-03 09:44:00,
2016-03-03 10:35:00,62.48
2016-03-03 11:22:00,
2016-03-04 08:35:00,64.81
2016-03-04 09:23:00,
2016-03-04 10:15:00,80.729996
2016-03-04 11:02:00,67.36
2016-03-04 11:53:00,
2016-03-05 08:13:00,
2016-03-05 09:02:00,67.15
2016-03-05 09:55:00,
2016-03-05 10:42:00,61.59
2016-03-05 11:33:00,
2016-03-06 07:53:00,
2016-03-06 08:41:00,61.84
2016-03-06 09:34:00,
2016-03-06 10:21:00,66.82
2016-03-06 11:12:00,
2016-03-07 08:20:00,
2016-03-07 09:13:00,
2016-03-07 10:01:00,
2016-03-07 10:52:00,67.21
2016-03-07 11:39:00,
2016-03-08 07:59:00,
2016-03-08 08:52:00,72.06
2016-03-08 09:40:00,
2016-03-08 10:32:00,70.25
2016-03-08 11:19:00,
2016-03-09 08:31:00,66.82
2016-03-09 09:19:00,
2016-03-09 10:12:00,
2016-03-09 10:58:00,71.57
2016-03-09 11:50:00,
2016-03-10 08:10:00,
2016-03-10 08:59:00,72.06
2016-03-10 09:51:00,
2016-03-10 10:38:00,74.53
2016-03-10 11:29:00,
2016-03-11 07:50:00,
2016-03-11 08:38:00,77.15999599999998
2016-03-11 09:30:00,
2016-03-11 10:18:00,75.27
2016-03-11 11:09:00,
2016-03-12 08:16:00,
2016-03-12 09:09:00,80.72
2016-03-12 09:58:00,
2016-03-12 10:49:00,80.25
2016-03-12 11:36:00,
2016-03-13 07:56:00,
2016-03-13 08:49:00,77.299995
2016-03-13 09:37:00,
2016-03-13 10:29:00,75.04
2016-03-13 11:15:00,
2016-03-14 08:27:00,75.75
2016-03-14 09:16:00,
2016-03-14 10:08:00,
2016-03-14 10:55:00,67.77
2016-03-14 11:46:00,
2016-03-15 08:06:00,
2016-03-15 08:55:00,57.09
2016-03-15 09:48:00,
2016-03-15 10:35:00,53.949996999999996
2016-03-15 11:26:00,
2016-03-16 07:46:00,
2016-03-16 08:34:00,61.77
2016-03-16 09:27:00,
2016-03-16 10:15:00,
2016-03-16 11:06:00,
2016-03-16 11:52:00,
2016-03-17 08:13:00,
2016-03-17 09:06:00,43.219997
2016-03-17 09:54:00,
2016-03-17 10:45:00,52.699996999999996
2016-03-17 11:32:00,
2016-03-18 07:52:00,
2016-03-18 08:45:00,48.66
2016-03-18 09:33:00,
2016-03-18 10:25:00,47.41
2016-03-18 11:12:00,
2016-03-19 08:24:00,
2016-03-19 09:13:00,
2016-03-19 10:05:00,
2016-03-19 10:52:00,53.3
2016-03-19 11:43:00,
2016-03-20 08:03:00,
2016-03-20 08:52:00,58.719997
2016-03-20 09:44:00,
2016-03-20 10:32:00,62.379996999999996
2016-03-20 11:22:00,
2016-03-21 08:31:00,58.42
2016-03-21 09:23:00,
2016-03-21 10:11:00,
2016-03-21 11:02:00,63.87
2016-03-21 11:50:00,
2016-03-22 08:09:00,
2016-03-22 09:02:00,68.07
2016-03-22 09:51:00,
2016-03-22 10:42:00,66.479996
2016-03-22 11:29:00,
2016-03-23 07:49:00,
2016-03-23 08:42:00,70.36
2016-03-23 09:30:00,
2016-03-23 10:22:00,76.689995
2016-03-23 11:09:00,
2016-03-24 08:20:00,
2016-03-24 09:09:00,81.53
2016-03-24 10:02:00,
2016-03-24 10:49:00,78.15999599999998
2016-03-24 11:39:00,
2016-03-25 07:59:00,
2016-03-25 08:48:00,79.08
2016-03-25 09:40:00,
2016-03-25 10:28:00,75.63
2016-03-25 11:19:00,
2016-03-26 08:27:00,77.689995
2016-03-26 09:20:00,
2016-03-26 10:08:00,
2016-03-26 10:59:00,81.92
2016-03-26 11:46:00,
2016-03-27 08:06:00,
2016-03-27 08:59:00,76.77
2016-03-27 09:48:00,
2016-03-27 10:39:00,72.86999499999997
2016-03-27 11:26:00,
2016-03-28 07:46:00,
2016-03-28 08:38:00,76.21
2016-03-28 09:26:00,
2016-03-28 10:19:00,71.95
2016-03-28 11:05:00,67.86
2016-03-29 08:17:00,
2016-03-29 09:06:00,54.289997
2016-03-29 09:58:00,
2016-03-29 10:45:00,56.699996999999996
2016-03-29 11:36:00,
2016-03-30 07:56:00,
2016-03-30 08:45:00,57.989998
2016-03-30 09:37:00,
2016-03-30 10:25:00,51.67
2016-03-30 11:16:00,
2016-03-31 08:24:00,
2016-03-31 09:17:00,
2016-03-31 10:05:00,
2016-03-31 10:56:00,73.92
2016-03-31 11:43:00,
2016-04-01 08:03:00,
2016-04-01 08:57:00,
2016-04-01 09:44:00,
2016-04-01 10:35:00,79.52
2016-04-01 11:22:00,
2016-04-02 08:35:00,70.15
2016-04-02 09:23:00,
2016-04-02 10:15:00,
2016-04-02 11:02:00,67.31
2016-04-02 11:53:00,
2016-04-03 08:13:00,
2016-04-03 09:02:00,87.15
2016-04-03 09:55:00,
2016-04-03 10:42:00,66.22
2016-04-03 11:33:00,
2016-04-04 07:53:00,
2016-04-04 08:41:00,61.75
2016-04-04 09:34:00,
2016-04-04 10:22:00,69.01
2016-04-04 11:12:00,
2016-04-05 08:20:00,
2016-04-05 09:13:00,
2016-04-05 10:01:00,
2016-04-05 10:52:00,59.85
2016-04-05 11:39:00,
2016-04-06 07:59:00,
2016-04-06 08:52:00,58.07
2016-04-06 09:40:00,
2016-04-06 10:32:00,54.03
2016-04-06 11:19:00,
2016-04-07 08:31:00,63.68
2016-04-07 09:20:00,
2016-04-07 10:12:00,
2016-04-07 10:59:00,66.02
2016-04-07 11:50:00,
2016-04-08 08:10:00,
2016-04-08 08:59:00,49.01
2016-04-08 09:51:00,
2016-04-08 10:39:00,44.16
2016-04-08 11:29:00,
2016-04-09 07:50:00,
2016-04-09 08:38:00,56.18
2016-04-09 09:30:00,
2016-04-09 10:18:00,48.899998
2016-04-09 11:09:00,
2016-04-10 08:17:00,
2016-04-10 09:09:00,62.94
2016-04-10 09:58:00,
2016-04-10 10:49:00,56.57
2016-04-10 11:36:00,
2016-04-11 07:56:00,
2016-04-11 08:49:00,68.36
2016-04-11 09:37:00,
2016-04-11 10:29:00,63.55
2016-04-11 11:16:00,
2016-04-12 08:28:00,67.52
2016-04-12 09:16:00,
2016-04-12 10:08:00,
2016-04-12 10:55:00,56.07
2016-04-12 11:46:00,
2016-04-13 08:06:00,
2016-04-13 08:56:00,58.14
2016-04-13 09:48:00,
2016-04-13 10:35:00,54.879996999999996
2016-04-13 11:26:00,
2016-04-14 07:46:00,
2016-04-14 08:34:00,58.12
2016-04-14 09:27:00,
2016-04-14 10:15:00,
2016-04-14 11:06:00,62.41
2016-04-14 11:53:00,
2016-04-15 08:13:00,
2016-04-15 09:06:00,82.93
2016-04-15 09:55:00,
2016-04-15 10:45:00,69.61
2016-04-15 11:32:00,
2016-04-16 07:53:00,
2016-04-16 08:45:00,72.45
2016-04-16 09:33:00,
2016-04-16 10:25:00,57.0
2016-04-16 11:12:00,
2016-04-17 08:24:00,
2016-04-17 09:13:00,
2016-04-17 10:05:00,
2016-04-17 10:52:00,54.1
2016-04-17 11:43:00,
2016-04-18 08:03:00,
2016-04-18 08:52:00,53.379996999999996
2016-04-18 09:44:00,
2016-04-18 10:32:00,44.03
2016-04-18 11:23:00,
2016-04-19 08:31:00,35.76
2016-04-19 09:23:00,
2016-04-19 10:12:00,
2016-04-19 11:02:00,35.79
2016-04-19 11:50:00,
2016-04-20 08:09:00,
2016-04-20 09:03:00,53.93
2016-04-20 09:51:00,
2016-04-20 10:42:00,49.399998
2016-04-20 11:29:00,
2016-04-21 07:49:00,
2016-04-21 08:42:00,45.11
2016-04-21 09:30:00,
2016-04-21 10:22:00,41.2
2016-04-21 11:09:00,
2016-04-22 08:20:00,
2016-04-22 09:09:00,37.26
2016-04-22 10:02:00,
2016-04-22 10:49:00,42.239998
2016-04-22 11:39:00,
2016-04-23 07:59:00,
2016-04-23 08:49:00,39.75
2016-04-23 09:40:00,
2016-04-23 10:29:00,38.86
2016-04-23 11:19:00,
2016-04-24 08:27:00,37.67
2016-04-24 09:20:00,
2016-04-24 10:08:00,
2016-04-24 10:59:00,44.59
2016-04-24 11:46:00,
2016-04-25 08:06:00,
2016-04-25 08:59:00,50.48
2016-04-25 09:48:00,
2016-04-25 10:39:00,47.67
2016-04-25 11:26:00,
2016-04-26 07:46:00,
2016-04-26 08:38:00,48.469997
2016-04-26 09:27:00,
2016-04-26 10:19:00,59.949996999999996
2016-04-26 11:06:00,40.89
2016-04-27 08:17:00,
2016-04-27 09:06:00,54.44
2016-04-27 09:58:00,
2016-04-27 10:45:00,42.989998
2016-04-27 11:36:00,
2016-04-28 07:56:00,
2016-04-28 08:45:00,53.84
2016-04-28 09:37:00,
2016-04-28 10:25:00,53.149998
2016-04-28 11:16:00,
2016-04-29 08:24:00,
2016-04-29 09:16:00,
2016-04-29 10:05:00,
2016-04-29 10:56:00,36.63
2016-04-29 11:43:00,
2016-04-30 08:03:00,
2016-04-30 08:56:00,32.8
2016-04-30 09:44:00,
2016-04-30 10:35:00,31.199999
2016-04-30 11:22:00,
2016-05-01 08:35:00,39.14
2016-05-01 09:23:00,
2016-05-01 10:15:00,
2016-05-01 11:02:00,35.21
2016-05-01 11:53:00,
2016-05-02 08:13:00,
2016-05-02 09:02:00,27.68
2016-05-02 09:55:00,
2016-05-02 10:42:00,34.1
2016-05-02 11:33:00,
2016-05-03 07:53:00,
2016-05-03 08:42:00,40.16
2016-05-03 09:34:00,
2016-05-03 10:22:00,38.42
2016-05-03 11:12:00,
2016-05-04 08:20:00,
2016-05-04 09:13:00,
2016-05-04 10:02:00,
2016-05-04 10:52:00,46.539997
2016-05-04 11:39:00,
2016-05-05 07:59:00,
2016-05-05 08:52:00,48.809998
2016-05-05 09:40:00,
2016-05-05 10:32:00,49.02
2016-05-05 11:19:00,
2016-05-06 08:31:00,48.34
2016-05-06 09:20:00,
2016-05-06 10:12:00,
2016-05-06 10:59:00,50.51
2016-05-06 11:50:00,
2016-05-07 08:10:00,
2016-05-07 08:59:00,45.26
2016-05-07 09:51:00,
2016-05-07 10:39:00,47.59
2016-05-07 11:29:00,
2016-05-08 07:50:00,
2016-05-08 08:38:00,52.39
2016-05-08 09:30:00,
2016-05-08 10:19:00,50.879996999999996
2016-05-08 11:09:00,
2016-05-09 08:17:00,
2016-05-09 09:10:00,59.91
2016-05-09 09:58:00,
2016-05-09 10:49:00,59.12
2016-05-09 11:36:00,
2016-05-10 07:56:00,
2016-05-10 08:49:00,55.27
2016-05-10 09:37:00,
2016-05-10 10:29:00,50.87
2016-05-10 11:16:00,
2016-05-11 08:28:00,
2016-05-11 09:16:00,
2016-05-11 10:09:00,
2016-05-11 10:56:00,49.469997
2016-05-11 11:46:00,
2016-05-12 08:06:00,
2016-05-12 08:56:00,57.18
2016-05-12 09:48:00,
2016-05-12 10:35:00,51.309998
2016-05-12 11:26:00,
2016-05-13 07:46:00,
2016-05-13 08:35:00,43.26
2016-05-13 09:27:00,
2016-05-13 10:15:00,59.199996999999996
2016-05-13 11:06:00,46.579997999999996
2016-05-13 11:53:00,
2016-05-14 08:13:00,
2016-05-14 09:06:00,50.43
2016-05-14 09:55:00,
2016-05-14 10:46:00,50.559998
2016-05-14 11:33:00,
2016-05-15 07:53:00,
2016-05-15 08:45:00,57.469997
2016-05-15 09:34:00,
2016-05-15 10:26:00,51.42
2016-05-15 11:12:00,
2016-05-16 08:24:00,
2016-05-16 09:13:00,
2016-05-16 10:05:00,
2016-05-16 10:52:00,56.98
2016-05-16 11:43:00,
2016-05-17 08:03:00,
2016-05-17 08:52:00,49.96
2016-05-17 09:44:00,
2016-05-17 10:32:00,46.629996999999996
2016-05-17 11:23:00,
2016-05-18 08:31:00,44.829997999999996
2016-05-18 09:23:00,
2016-05-18 10:12:00,
2016-05-18 11:03:00,53.19
2016-05-18 11:50:00,
2016-05-19 08:09:00,
2016-05-19 09:03:00,64.14
2016-05-19 09:51:00,
2016-05-19 10:42:00,70.49
2016-05-19 11:29:00,
2016-05-20 07:50:00,
2016-05-20 08:42:00,49.989998
2016-05-20 09:30:00,
2016-05-20 10:22:00,46.039997
2016-05-20 11:09:00,
2016-05-21 08:21:00,
2016-05-21 09:09:00,66.49
2016-05-21 10:02:00,
2016-05-21 10:49:00,72.61
2016-05-21 11:40:00,
2016-05-22 08:00:00,
2016-05-22 08:49:00,62.469997
2016-05-22 09:41:00,
2016-05-22 10:29:00,61.43
2016-05-22 11:19:00,
2016-05-23 08:28:00,93.11999499999999
2016-05-23 09:20:00,
2016-05-23 10:08:00,
2016-05-23 10:59:00,94.77
2016-05-24 08:06:00,
2016-05-24 08:59:00,70.36
2016-05-24 09:48:00,
2016-05-24 10:39:00,72.64
2016-05-24 11:26:00,
2016-05-25 07:46:00,
2016-05-25 08:38:00,71.64
2016-05-25 09:27:00,
2016-05-25 10:19:00,73.81
2016-05-25 11:06:00,
2016-05-25 11:56:00,
2016-05-26 08:17:00,
2016-05-26 09:06:00,66.49
2016-05-26 09:58:00,
2016-05-26 10:00:00,
2016-05-26 10:46:00,72.189995
2016-05-26 11:36:00,
2016-05-27 07:56:00,
2016-05-27 08:45:00,74.52
2016-05-27 09:37:00,
2016-05-27 10:25:00,74.39
2016-05-27 11:16:00,
2016-05-28 08:24:00,
2016-05-28 09:17:00,
2016-05-28 10:05:00,
2016-05-28 10:56:00,78.25999499999998
2016-05-28 11:43:00,
2016-05-29 08:03:00,
2016-05-29 08:56:00,79.61
2016-05-29 09:44:00,
2016-05-29 10:36:00,78.18
2016-05-29 11:23:00,
2016-05-30 08:35:00,77.75
2016-05-30 09:23:00,
2016-05-30 10:15:00,
2016-05-30 11:02:00,77.979996
2016-05-30 11:54:00,
2016-05-31 08:13:00,
2016-05-31 09:03:00,74.299995
2016-05-31 09:55:00,
2016-05-31 10:42:00,80.77
2016-05-31 11:33:00,
2016-06-01 07:53:00,
2016-06-01 08:42:00,78.97
2016-06-01 09:34:00,
2016-06-01 10:22:00,75.89
2016-06-01 11:13:00,
2016-06-02 08:20:00,
2016-06-02 09:13:00,
2016-06-02 10:02:00,
2016-06-02 10:53:00,88.829994
2016-06-02 11:39:00,
2016-06-03 07:59:00,
2016-06-03 08:52:00,68.61999499999999
2016-06-03 09:41:00,
2016-06-03 10:32:00,71.11999499999997
2016-06-03 11:19:00,
2016-06-04 08:31:00,66.32
2016-06-04 09:20:00,
2016-06-04 10:12:00,
2016-06-04 10:59:00,66.81
2016-06-04 11:50:00,
2016-06-05 08:10:00,
2016-06-05 08:59:00,60.35
2016-06-05 09:52:00,
2016-06-05 10:39:00,62.079997999999996
2016-06-05 11:30:00,
2016-06-06 07:50:00,
2016-06-06 08:38:00,70.46
2016-06-06 09:31:00,
2016-06-06 10:19:00,67.57
2016-06-06 11:09:00,
2016-06-07 08:17:00,
2016-06-07 09:10:00,72.78
2016-06-07 09:58:00,
2016-06-07 10:49:00,78.99
2016-06-07 11:36:00,
2016-06-08 07:56:00,
2016-06-08 08:49:00,63.739998
2016-06-08 09:37:00,
2016-06-08 10:29:00,62.55
2016-06-08 11:16:00,
2016-06-09 08:28:00,
2016-06-09 09:16:00,
2016-06-09 10:09:00,
2016-06-09 10:56:00,60.09
2016-06-09 11:47:00,
2016-06-10 08:07:00,
2016-06-10 08:56:00,58.26
2016-06-10 09:48:00,
2016-06-10 10:35:00,57.559998
2016-06-10 11:26:00,
2016-06-11 07:46:00,
2016-06-11 08:35:00,59.489998
2016-06-11 09:27:00,
2016-06-11 10:15:00,59.19
2016-06-11 11:06:00,61.19
2016-06-11 11:53:00,
2016-06-12 08:13:00,
2016-06-12 09:06:00,66.28
2016-06-12 09:55:00,
2016-06-12 10:46:00,73.57
2016-06-12 11:33:00,
2016-06-13 07:53:00,
2016-06-13 08:45:00,68.76
2016-06-13 09:34:00,
2016-06-13 10:26:00,62.6
2016-06-13 11:12:00,
2016-06-14 08:24:00,
2016-06-14 09:13:00,
2016-06-14 10:05:00,
2016-06-14 10:52:00,64.82
2016-06-14 11:43:00,
2016-06-15 08:03:00,
2016-06-15 08:52:00,64.42
2016-06-15 09:44:00,
2016-06-15 10:32:00,62.46
2016-06-15 11:23:00,
2016-06-16 08:31:00,70.11
2016-06-16 09:24:00,
2016-06-16 10:12:00,
2016-06-16 11:03:00,83.38
2016-06-16 11:50:00,
2016-06-17 08:09:00,
2016-06-17 09:03:00,96.43
2016-06-17 09:51:00,
2016-06-17 10:42:00,100.0
2016-06-17 11:29:00,
2016-06-18 07:50:00,
2016-06-18 08:42:00,86.54
2016-06-18 09:30:00,
2016-06-18 10:22:00,81.5
2016-06-18 11:09:00,
2016-06-19 08:21:00,
2016-06-19 09:09:00,66.85
2016-06-19 10:02:00,
2016-06-19 10:49:00,67.0
2016-06-19 11:40:00,
2016-06-20 08:00:00,
2016-06-20 08:49:00,66.65
2016-06-20 09:41:00,
2016-06-20 10:29:00,66.63
2016-06-20 11:20:00,
2016-06-21 08:28:00,85.53
2016-06-21 09:20:00,
2016-06-21 10:08:00,
2016-06-21 10:59:00,90.84
2016-06-21 11:46:00,
2016-06-22 08:06:00,
2016-06-22 08:59:00,71.83
2016-06-22 09:48:00,
2016-06-22 10:39:00,71.34
2016-06-22 11:26:00,
2016-06-23 07:46:00,
2016-06-23 08:38:00,80.63
2016-06-23 09:27:00,
2016-06-23 10:19:00,77.75999499999998
2016-06-23 11:06:00,
2016-06-23 11:56:00,
2016-06-24 08:17:00,
2016-06-24 09:06:00,74.689995
2016-06-24 09:59:00,
2016-06-24 10:45:00,74.939995
2016-06-24 11:36:00,
2016-06-25 07:57:00,
2016-06-25 08:45:00,79.84
2016-06-25 09:37:00,
2016-06-25 10:25:00,72.85
2016-06-25 11:16:00,
2016-06-26 08:24:00,
2016-06-26 09:17:00,
2016-06-26 10:05:00,
2016-06-26 10:56:00,86.11999499999996
2016-06-26 11:43:00,
2016-06-27 08:03:00,
2016-06-27 08:56:00,100.0
2016-06-27 09:44:00,
2016-06-27 10:36:00,98.729996
2016-06-27 11:22:00,
2016-06-28 08:35:00,83.81
2016-06-28 09:23:00,
2016-06-28 10:16:00,
2016-06-28 11:02:00,76.729996
2016-06-28 11:54:00,
2016-06-29 08:14:00,
2016-06-29 09:02:00,71.27
2016-06-29 09:55:00,
2016-06-29 10:42:00,70.38
2016-06-29 11:33:00,
2016-06-30 07:53:00,
2016-06-30 08:42:00,73.92
2016-06-30 09:34:00,
2016-06-30 10:22:00,71.64
2016-06-30 11:13:00,
2016-07-01 08:20:00,
2016-07-01 09:13:00,
2016-07-01 10:02:00,
2016-07-01 10:53:00,78.5
2016-07-01 11:39:00,
2016-07-02 07:59:00,
2016-07-02 08:53:00,68.68
2016-07-02 09:40:00,
2016-07-02 10:33:00,85.82
2016-07-02 11:19:00,
2016-07-03 08:32:00,70.45
2016-07-03 09:20:00,
2016-07-03 10:12:00,
2016-07-03 10:59:00,70.34
2016-07-03 11:50:00,
2016-07-04 08:10:00,
2016-07-04 08:59:00,67.89
2016-07-04 09:52:00,
2016-07-04 10:39:00,66.89
2016-07-04 11:30:00,
2016-07-05 07:50:00,
2016-07-05 08:38:00,68.77
2016-07-05 09:31:00,
2016-07-05 10:19:00,72.84
2016-07-05 11:10:00,
2016-07-06 08:17:00,
2016-07-06 09:10:00,63.48
2016-07-06 09:58:00,
2016-07-06 10:49:00,69.29
2016-07-06 11:36:00,
2016-07-07 07:56:00,
2016-07-07 08:49:00,64.43
2016-07-07 09:37:00,
2016-07-07 10:29:00,62.829997999999996
2016-07-07 11:16:00,
2016-07-08 08:28:00,
2016-07-08 09:16:00,
2016-07-08 10:09:00,
2016-07-08 10:55:00,65.86
2016-07-08 11:47:00,
2016-07-09 08:07:00,
2016-07-09 08:56:00,61.67
2016-07-09 09:48:00,
2016-07-09 10:35:00,63.17
2016-07-09 11:27:00,
2016-07-10 07:47:00,
2016-07-10 08:35:00,53.76
2016-07-10 09:27:00,
2016-07-10 10:15:00,61.19
2016-07-10 11:06:00,62.039997
2016-07-10 11:53:00,
2016-07-11 08:13:00,
2016-07-11 09:07:00,60.35
2016-07-11 09:55:00,
2016-07-11 10:46:00,69.92
2016-07-11 11:33:00,
2016-07-12 07:53:00,
2016-07-12 08:46:00,98.57
2016-07-12 09:34:00,
2016-07-12 10:26:00,88.71
2016-07-12 11:12:00,
2016-07-13 08:25:00,
2016-07-13 09:13:00,
2016-07-13 10:06:00,
2016-07-13 10:52:00,78.189995
2016-07-13 11:44:00,
2016-07-14 08:04:00,
2016-07-14 08:52:00,63.87
2016-07-14 09:45:00,
2016-07-14 10:32:00,67.57
2016-07-14 11:23:00,
2016-07-15 08:31:00,58.859997
2016-07-15 09:24:00,
2016-07-15 10:12:00,
2016-07-15 11:03:00,65.63
2016-07-15 11:50:00,
2016-07-16 08:09:00,
2016-07-16 09:03:00,67.71
2016-07-16 09:51:00,
2016-07-16 10:43:00,64.08
2016-07-16 11:29:00,
2016-07-17 07:49:00,
2016-07-17 08:42:00,65.2
2016-07-17 09:30:00,
2016-07-17 10:23:00,59.309998
2016-07-17 11:09:00,
2016-07-18 08:21:00,
2016-07-18 09:09:00,58.949996999999996
2016-07-18 10:02:00,
2016-07-18 10:49:00,65.82
2016-07-18 11:40:00,
2016-07-19 08:00:00,
2016-07-19 08:49:00,60.78
2016-07-19 09:41:00,
2016-07-19 10:29:00,57.899998
2016-07-19 11:20:00,
2016-07-20 08:27:00,67.88
2016-07-20 09:21:00,
2016-07-20 10:08:00,
2016-07-20 11:00:00,75.21
2016-07-20 11:46:00,
2016-07-21 08:06:00,
2016-07-21 09:00:00,78.02
2016-07-21 09:48:00,
2016-07-21 10:40:00,75.90999599999998
2016-07-21 11:26:00,
2016-07-22 08:39:00,78.90999599999998
2016-07-22 10:19:00,68.52
2016-07-22 11:06:00,
2016-07-23 08:18:00,
2016-07-23 09:06:00,67.01
2016-07-23 09:59:00,
2016-07-23 10:45:00,75.52
2016-07-23 11:37:00,
2016-07-24 07:57:00,
2016-07-24 08:45:00,79.42
2016-07-24 09:38:00,
2016-07-24 10:25:00,79.89
2016-07-24 11:17:00,
2016-07-25 08:24:00,
2016-07-25 09:17:00,
2016-07-25 10:05:00,
2016-07-25 10:57:00,82.85
2016-07-25 11:43:00,
2016-07-26 08:03:00,
2016-07-26 08:57:00,72.84
2016-07-26 09:44:00,
2016-07-26 10:36:00,72.6
2016-07-26 11:22:00,
2016-07-27 08:36:00,73.36
2016-07-27 09:23:00,
2016-07-27 10:16:00,
2016-07-27 11:02:00,71.18
2016-07-27 11:54:00,
2016-07-28 08:14:00,
2016-07-28 09:02:00,66.439995
2016-07-28 09:56:00,
2016-07-28 10:42:00,76.79
2016-07-28 11:34:00,
2016-07-29 07:54:00,
2016-07-29 08:41:00,73.06
2016-07-29 09:35:00,
2016-07-29 10:22:00,74.28
2016-07-29 11:13:00,
2016-07-30 08:20:00,
2016-07-30 09:14:00,
2016-07-30 10:01:00,
2016-07-30 10:53:00,77.229996
2016-07-30 11:39:00,
2016-07-31 07:59:00,
2016-07-31 08:53:00,94.04
2016-07-31 09:40:00,
2016-07-31 10:33:00,91.59
2016-07-31 11:19:00,
2016-08-01 08:32:00,68.97
2016-08-01 09:20:00,
2016-08-01 10:13:00,
2016-08-01 10:59:00,67.90999599999999
2016-08-01 11:51:00,
2016-08-02 08:11:00,
2016-08-02 08:59:00,71.99
2016-08-02 09:52:00,
2016-08-02 10:39:00,75.72
2016-08-02 11:30:00,
2016-08-03 07:51:00,
2016-08-03 08:38:00,69.06
2016-08-03 09:31:00,
2016-08-03 10:18:00,76.479996
2016-08-03 11:10:00,
2016-08-04 08:17:00,
2016-08-04 09:10:00,72.799995
2016-08-04 09:58:00,
2016-08-04 10:50:00,73.689995
2016-08-04 11:36:00,
2016-08-05 07:56:00,
2016-08-05 08:50:00,78.49
2016-08-05 09:37:00,
2016-08-05 10:30:00,75.15
2016-08-05 11:16:00,
2016-08-06 08:29:00,
2016-08-06 09:16:00,
2016-08-06 10:10:00,
2016-08-06 10:55:00,72.11999499999997
2016-08-06 11:47:00,
2016-08-07 08:07:00,
2016-08-07 08:55:00,62.5
2016-08-07 09:49:00,
2016-08-07 10:35:00,62.6
2016-08-07 11:27:00,
2016-08-08 07:47:00,
2016-08-08 08:34:00,72.54
2016-08-08 09:28:00,
2016-08-08 10:15:00,77.31
2016-08-08 11:07:00,73.64
2016-08-08 11:53:00,
2016-08-09 08:13:00,
2016-08-09 09:07:00,72.88
2016-08-09 09:55:00,
2016-08-09 10:47:00,75.79
2016-08-09 11:32:00,
2016-08-10 07:52:00,
2016-08-10 08:46:00,57.76
2016-08-10 09:33:00,
2016-08-10 10:26:00,62.6
2016-08-10 11:12:00,
2016-08-11 08:25:00,
2016-08-11 09:13:00,
2016-08-11 10:06:00,
2016-08-11 10:52:00,59.329997999999996
2016-08-11 11:44:00,
2016-08-12 08:04:00,
2016-08-12 08:52:00,52.96
2016-08-12 09:45:00,
2016-08-12 10:32:00,56.53
2016-08-12 11:24:00,
2016-08-13 08:31:00,73.90999599999998
2016-08-13 09:24:00,
2016-08-13 10:11:00,
2016-08-13 11:04:00,73.45
2016-08-13 11:50:00,
2016-08-14 08:09:00,
2016-08-14 09:04:00,58.01
2016-08-14 09:51:00,
2016-08-14 10:43:00,61.16
2016-08-14 11:29:00,
2016-08-15 07:49:00,
2016-08-15 08:43:00,66.299995
2016-08-15 09:30:00,
2016-08-15 10:23:00,63.75
2016-08-15 11:09:00,
2016-08-16 08:22:00,
2016-08-16 09:09:00,64.189995
2016-08-16 10:03:00,
2016-08-16 10:49:00,67.229996
2016-08-16 11:41:00,
2016-08-17 08:01:00,
2016-08-17 08:48:00,64.5
2016-08-17 09:42:00,
2016-08-17 10:28:00,68.39
2016-08-17 11:20:00,
2016-08-18 08:27:00,53.899998
2016-08-18 09:21:00,
2016-08-18 10:08:00,
2016-08-18 11:00:00,65.07
2016-08-18 11:46:00,
2016-08-19 08:06:00,
2016-08-19 09:00:00,55.469997
2016-08-19 09:47:00,
2016-08-19 10:40:00,62.039997
2016-08-19 11:25:00,
2016-08-20 07:46:00,
2016-08-20 08:39:00,84.35
2016-08-20 09:26:00,
2016-08-20 10:20:00,76.92
2016-08-20 11:05:00,65.56
2016-08-21 08:18:00,
2016-08-21 09:06:00,60.48
2016-08-21 10:00:00,
2016-08-21 10:45:00,64.6
2016-08-21 11:37:00,
2016-08-22 07:57:00,
2016-08-22 08:45:00,76.89
2016-08-22 09:38:00,
2016-08-22 10:25:00,73.64
2016-08-22 11:17:00,
2016-08-23 08:24:00,
2016-08-23 09:18:00,
2016-08-23 10:05:00,
2016-08-23 10:57:00,67.96
2016-08-23 11:42:00,
2016-08-24 08:02:00,
2016-08-24 08:57:00,62.94
2016-08-24 09:44:00,
2016-08-24 10:37:00,64.92
2016-08-24 11:22:00,
2016-08-25 08:36:00,66.07
2016-08-25 09:23:00,
2016-08-25 10:17:00,
2016-08-25 11:02:00,63.649998
2016-08-25 11:54:00,
2016-08-26 08:15:00,
2016-08-26 09:02:00,58.62
2016-08-26 09:56:00,
2016-08-26 10:42:00,59.039997
2016-08-26 11:34:00,
2016-08-27 07:54:00,
2016-08-27 08:41:00,68.18
2016-08-27 09:35:00,
2016-08-27 10:22:00,73.01
2016-08-27 11:14:00,
2016-08-28 08:20:00,
2016-08-28 09:14:00,
2016-08-28 10:01:00,
2016-08-28 10:54:00,63.55
2016-08-28 11:39:00,
2016-08-29 07:59:00,
2016-08-29 08:54:00,59.449996999999996
2016-08-29 09:40:00,
2016-08-29 10:33:00,63.289997
2016-08-29 11:19:00,
2016-08-30 08:32:00,64.89
2016-08-30 09:19:00,
2016-08-30 10:13:00,
2016-08-30 10:58:00,61.76
2016-08-30 11:51:00,
2016-08-31 08:11:00,
2016-08-31 08:59:00,69.17
2016-08-31 09:53:00,
2016-08-31 10:38:00,66.13
2016-08-31 11:31:00,
2016-09-01 07:51:00,
2016-09-01 08:38:00,66.04
2016-09-01 09:32:00,
2016-09-01 10:18:00,70.189995
2016-09-01 11:10:00,
2016-09-02 08:16:00,
2016-09-02 09:11:00,65.979996
2016-09-02 09:58:00,
2016-09-02 10:50:00,63.539997
2016-09-02 11:36:00,
2016-09-03 07:56:00,
2016-09-03 08:50:00,62.41
2016-09-03 09:37:00,
2016-09-03 10:30:00,57.489998
2016-09-03 11:15:00,
2016-09-04 08:29:00,72.7
2016-09-04 09:16:00,
2016-09-04 10:10:00,
2016-09-04 10:55:00,65.54
2016-09-04 11:48:00,
2016-09-05 08:08:00,
2016-09-05 08:55:00,58.899998
2016-09-05 09:49:00,
2016-09-05 10:35:00,57.23
2016-09-05 11:27:00,
2016-09-06 07:48:00,
2016-09-06 08:34:00,51.6
2016-09-06 09:28:00,
2016-09-06 10:15:00,
2016-09-06 11:07:00,63.34
2016-09-06 11:53:00,
2016-09-07 08:13:00,
2016-09-07 09:07:00,71.09
2016-09-07 09:54:00,
2016-09-07 10:47:00,75.86
2016-09-07 11:32:00,
2016-09-08 07:52:00,
2016-09-08 08:47:00,73.229996
2016-09-08 09:33:00,
2016-09-08 10:27:00,68.01
2016-09-08 11:12:00,
2016-09-09 08:25:00,
2016-09-09 09:12:00,
2016-09-09 10:07:00,
2016-09-09 10:52:00,64.76
2016-09-09 11:44:00,
2016-09-10 08:04:00,
2016-09-10 08:52:00,74.67
2016-09-10 09:46:00,
2016-09-10 10:32:00,71.17
2016-09-10 11:24:00,
2016-09-11 08:31:00,87.95
2016-09-11 09:25:00,
2016-09-11 10:11:00,
2016-09-11 11:04:00,92.36
2016-09-11 11:50:00,
2016-09-12 08:09:00,
2016-09-12 09:04:00,68.26
2016-09-12 09:51:00,
2016-09-12 10:44:00,69.189995
2016-09-12 11:29:00,
2016-09-13 07:48:00,
2016-09-13 08:43:00,71.29
2016-09-13 09:30:00,
2016-09-13 10:24:00,73.189995
2016-09-13 11:09:00,
2016-09-14 08:22:00,
2016-09-14 09:09:00,60.059998
2016-09-14 10:03:00,
2016-09-14 10:48:00,66.51
2016-09-14 11:41:00,
2016-09-15 08:01:00,
2016-09-15 08:48:00,59.0
2016-09-15 09:42:00,
2016-09-15 10:28:00,59.02
2016-09-15 11:21:00,
2016-09-16 08:26:00,
2016-09-16 09:21:00,
2016-09-16 10:08:00,
2016-09-16 11:01:00,61.309998
2016-09-16 11:46:00,
2016-09-17 08:06:00,
2016-09-17 09:01:00,60.93
2016-09-17 09:47:00,
2016-09-17 10:40:00,65.25
2016-09-17 11:25:00,
2016-09-18 08:40:00,70.86999499999997
2016-09-18 09:26:00,
2016-09-18 10:20:00,70.08
2016-09-18 11:05:00,65.85
2016-09-19 08:18:00,
2016-09-19 09:06:00,61.989998
2016-09-19 10:00:00,
2016-09-19 10:45:00,67.52
2016-09-19 11:38:00,
2016-09-20 07:58:00,
2016-09-20 08:45:00,64.08
2016-09-20 09:39:00,
2016-09-20 10:25:00,60.26
2016-09-20 11:17:00,
2016-09-21 08:23:00,
2016-09-21 09:18:00,
2016-09-21 10:05:00,
2016-09-21 10:57:00,68.76
2016-09-21 11:43:00,
2016-09-22 08:02:00,
2016-09-22 08:57:00,66.15
2016-09-22 09:44:00,
2016-09-22 10:37:00,58.32
2016-09-22 11:22:00,
2016-09-23 08:36:00,80.07
2016-09-23 09:23:00,
2016-09-23 10:17:00,
2016-09-23 11:02:00,71.09
2016-09-23 11:55:00,
2016-09-24 08:15:00,
2016-09-24 09:02:00,74.729996
2016-09-24 09:56:00,
2016-09-24 10:42:00,71.479996
2016-09-24 11:34:00,
2016-09-25 07:55:00,
2016-09-25 08:41:00,69.96
2016-09-25 09:35:00,
2016-09-25 10:22:00,70.27
2016-09-25 11:14:00,
2016-09-26 08:20:00,
2016-09-26 09:15:00,
2016-09-26 10:01:00,
2016-09-26 10:54:00,70.96
2016-09-26 11:39:00,
2016-09-27 07:59:00,
2016-09-27 08:54:00,62.51
2016-09-27 09:40:00,
2016-09-27 10:34:00,62.75
2016-09-27 11:19:00,
2016-09-28 08:33:00,81.64
2016-09-28 09:19:00,
2016-09-28 10:14:00,
2016-09-28 10:59:00,72.15
2016-09-28 11:52:00,
2016-09-29 08:11:00,
2016-09-29 08:59:00,72.38
2016-09-29 09:53:00,
2016-09-29 10:38:00,76.729996
2016-09-29 11:31:00,
2016-09-30 07:51:00,
2016-09-30 08:38:00,62.77
2016-09-30 09:32:00,
2016-09-30 10:18:00,65.96
2016-09-30 11:11:00,
2016-10-01 08:16:00,
2016-10-01 09:11:00,63.559998
2016-10-01 09:58:00,
2016-10-01 10:51:00,67.75
2016-10-01 11:36:00,
2016-10-02 07:56:00,
2016-10-02 08:50:00,60.739998
2016-10-02 09:37:00,
2016-10-02 10:30:00,59.059998
2016-10-02 11:15:00,
2016-10-03 08:29:00,
2016-10-03 09:16:00,
2016-10-03 10:10:00,
2016-10-03 10:55:00,58.93
2016-10-03 11:48:00,
2016-10-04 08:08:00,
2016-10-04 08:55:00,34.88
2016-10-04 09:50:00,
2016-10-04 10:35:00,48.73
2016-10-04 11:28:00,
2016-10-05 07:48:00,
2016-10-05 08:33:00,43.78
2016-10-05 09:28:00,
2016-10-05 10:15:00,
2016-10-05 11:07:00,60.949996999999996
2016-10-05 11:53:00,
2016-10-06 08:12:00,
2016-10-06 09:08:00,53.73
2016-10-06 09:55:00,
2016-10-06 10:47:00,61.359997
2016-10-06 11:32:00,
2016-10-07 07:53:00,
2016-10-07 08:47:00,50.21
2016-10-07 09:33:00,
2016-10-07 10:27:00,55.199996999999996
2016-10-07 11:12:00,
2016-10-08 08:26:00,
2016-10-08 09:13:00,
2016-10-08 10:07:00,
2016-10-08 10:52:00,48.07
2016-10-08 11:45:00,
2016-10-09 08:05:00,
2016-10-09 08:52:00,45.26
2016-10-09 09:46:00,
2016-10-09 10:32:00,47.23
2016-10-09 11:24:00,
2016-10-10 08:31:00,32.239998
2016-10-10 09:25:00,
2016-10-10 10:12:00,
2016-10-10 11:04:00,44.219997
2016-10-10 11:50:00,
2016-10-11 08:09:00,
2016-10-11 09:04:00,32.61
2016-10-11 09:51:00,
2016-10-11 10:44:00,41.96
2016-10-11 11:29:00,
2016-10-12 07:49:00,
2016-10-12 08:43:00,30.47
2016-10-12 09:30:00,
2016-10-12 10:24:00,30.76
2016-10-12 11:09:00,
2016-10-13 08:22:00,
2016-10-13 09:09:00,23.83
2016-10-13 10:03:00,
2016-10-13 10:49:00,46.62
2016-10-13 11:41:00,
2016-10-14 08:01:00,
2016-10-14 08:48:00,16.39
2016-10-14 09:42:00,
2016-10-14 10:28:00,28.9
2016-10-14 11:21:00,
2016-10-15 08:27:00,
2016-10-15 09:22:00,
2016-10-15 10:08:00,
2016-10-15 11:01:00,47.239998
2016-10-15 11:46:00,
2016-10-16 08:06:00,
2016-10-16 09:01:00,32.57
2016-10-16 09:47:00,
2016-10-16 10:41:00,44.329997999999996
2016-10-16 11:26:00,
2016-10-17 07:46:00,
2016-10-17 08:40:00,42.969997
2016-10-17 09:26:00,
2016-10-17 10:20:00,42.649998
2016-10-17 11:05:00,43.62
2016-10-18 08:19:00,
2016-10-18 09:06:00,44.89
2016-10-18 10:00:00,
2016-10-18 10:45:00,54.07
2016-10-18 11:38:00,
2016-10-19 07:58:00,
2016-10-19 08:45:00,46.969997
2016-10-19 09:39:00,
2016-10-19 10:25:00,46.32
2016-10-19 11:18:00,
2016-10-20 08:24:00,
2016-10-20 09:18:00,
2016-10-20 10:05:00,
2016-10-20 10:57:00,59.329997999999996
2016-10-20 11:43:00,
2016-10-21 08:03:00,
2016-10-21 08:57:00,45.41
2016-10-21 09:44:00,
2016-10-21 10:37:00,42.73
2016-10-21 11:22:00,
2016-10-22 08:36:00,24.0
2016-10-22 09:23:00,
2016-10-22 10:17:00,
2016-10-22 11:02:00,20.09
2016-10-22 11:55:00,
2016-10-23 08:15:00,
2016-10-23 09:02:00,0.0
2016-10-23 09:57:00,
2016-10-23 10:42:00,3.1299999
2016-10-23 11:34:00,
2016-10-24 07:55:00,
2016-10-24 08:41:00,27.14
2016-10-24 09:35:00,
2016-10-24 10:22:00,30.38
2016-10-24 11:14:00,
2016-10-25 08:20:00,
2016-10-25 09:15:00,
2016-10-25 10:01:00,
2016-10-25 10:54:00,63.09
2016-10-25 11:39:00,
2016-10-26 07:59:00,
2016-10-26 08:54:00,34.059998
2016-10-26 09:40:00,
2016-10-26 10:34:00,35.6
2016-10-26 11:19:00,
2016-10-27 08:33:00,31.5
2016-10-27 09:19:00,
2016-10-27 10:14:00,
2016-10-27 10:59:00,47.05
2016-10-27 11:52:00,
2016-10-28 08:12:00,
2016-10-28 08:59:00,46.309998
2016-10-28 09:53:00,
2016-10-28 10:38:00,52.18
2016-10-28 11:31:00,
2016-10-29 07:51:00,
2016-10-29 08:38:00,47.989998
2016-10-29 09:32:00,
2016-10-29 10:18:00,58.559998
2016-10-29 11:11:00,
2016-10-30 08:16:00,
2016-10-30 09:11:00,43.559998
2016-10-30 09:58:00,
2016-10-30 10:51:00,58.44
2016-10-30 11:36:00,
2016-10-31 07:56:00,
2016-10-31 08:51:00,19.47
2016-10-31 09:37:00,
2016-10-31 10:31:00,17.85
2016-10-31 11:15:00,
2016-11-01 08:29:00,27.369999
2016-11-01 09:16:00,
2016-11-01 10:10:00,
2016-11-01 10:55:00,29.65
2016-11-01 11:48:00,
2016-11-02 08:08:00,
2016-11-02 08:55:00,14.12
2016-11-02 09:50:00,
2016-11-02 10:35:00,14.639999
2016-11-02 11:28:00,
2016-11-03 07:48:00,
2016-11-03 08:34:00,5.5099998
2016-11-03 09:29:00,
2016-11-03 10:15:00,
2016-11-03 11:08:00,11.179999
2016-11-03 11:53:00,
2016-11-04 08:13:00,
2016-11-04 09:08:00,4.22
2016-11-04 09:55:00,
2016-11-04 10:47:00,7.8399997
2016-11-04 11:32:00,
2016-11-05 07:53:00,
2016-11-05 08:47:00,5.5899997
2016-11-05 09:33:00,
2016-11-05 10:27:00,1.8199999
2016-11-05 11:12:00,
2016-11-06 08:26:00,
2016-11-06 09:13:00,
2016-11-06 10:07:00,
2016-11-06 10:52:00,0.64
2016-11-06 11:45:00,
2016-11-07 08:05:00,
2016-11-07 08:52:00,3.3999998999999996
2016-11-07 09:46:00,
2016-11-07 10:32:00,0.0
2016-11-07 11:24:00,
2016-11-08 08:31:00,0.12
2016-11-08 09:25:00,
2016-11-08 10:11:00,
2016-11-08 11:04:00,3.08
2016-11-08 11:50:00,
2016-11-09 08:09:00,
2016-11-09 09:04:00,0.0
2016-11-09 09:51:00,
2016-11-09 10:44:00,1.43
2016-11-09 11:29:00,
2016-11-10 07:49:00,
2016-11-10 08:44:00,4.56
2016-11-10 09:30:00,
2016-11-10 10:24:00,1.64
2016-11-10 11:09:00,
2016-11-11 08:22:00,
2016-11-11 09:09:00,0.0
2016-11-11 10:04:00,
2016-11-11 10:49:00,0.89
2016-11-11 11:41:00,
2016-11-12 08:01:00,
2016-11-12 08:48:00,13.2
2016-11-12 09:42:00,
2016-11-12 10:28:00,10.4
2016-11-12 11:21:00,
2016-11-13 08:27:00,
2016-11-13 09:22:00,
2016-11-13 10:08:00,
2016-11-13 11:01:00,14.54
2016-11-13 11:46:00,
2016-11-14 08:06:00,
2016-11-14 09:01:00,10.41
2016-11-14 09:47:00,
2016-11-14 10:41:00,11.099999
2016-11-14 11:26:00,
2016-11-15 07:46:00,
2016-11-15 08:40:00,43.219997
2016-11-15 09:26:00,
2016-11-15 10:21:00,81.18
2016-11-15 11:05:00,53.03
2016-11-16 08:19:00,
2016-11-16 09:06:00,45.649998
2016-11-16 10:00:00,
2016-11-16 10:45:00,40.92
2016-11-16 11:38:00,
2016-11-17 07:58:00,
2016-11-17 08:45:00,50.469997
2016-11-17 09:39:00,
2016-11-17 10:25:00,46.149998
2016-11-17 11:18:00,
2016-11-18 08:24:00,
2016-11-18 09:18:00,
2016-11-18 10:05:00,
2016-11-18 10:58:00,45.18
2016-11-18 11:43:00,
2016-11-19 08:02:00,
2016-11-19 08:58:00,50.01
2016-11-19 09:44:00,
2016-11-19 10:37:00,52.36
2016-11-19 11:22:00,
2016-11-20 08:37:00,49.09
2016-11-20 09:23:00,
2016-11-20 10:17:00,
2016-11-20 11:02:00,51.26
2016-11-20 11:55:00,
2016-11-21 08:15:00,
2016-11-21 09:02:00,41.95
2016-11-21 09:57:00,
2016-11-21 10:42:00,55.469997
2016-11-21 11:35:00,
2016-11-22 07:55:00,
2016-11-22 08:41:00,49.629996999999996
2016-11-22 09:36:00,
2016-11-22 10:22:00,46.84
2016-11-22 11:14:00,
2016-11-23 08:20:00,
2016-11-23 09:15:00,
2016-11-23 10:01:00,
2016-11-23 10:54:00,58.199996999999996
2016-11-23 11:39:00,
2016-11-24 07:59:00,
2016-11-24 08:54:00,47.05
2016-11-24 09:40:00,
2016-11-24 10:34:00,48.32
2016-11-24 11:19:00,
2016-11-25 08:33:00,51.78
2016-11-25 09:19:00,
2016-11-25 10:14:00,
2016-11-25 10:59:00,49.05
2016-11-25 11:52:00,
2016-11-26 08:12:00,
2016-11-26 08:59:00,56.079997999999996
2016-11-26 09:53:00,
2016-11-26 10:38:00,48.36
2016-11-26 11:31:00,
2016-11-27 07:52:00,
2016-11-27 08:38:00,39.629996999999996
2016-11-27 09:32:00,
2016-11-27 10:18:00,60.129996999999996
2016-11-27 11:11:00,
2016-11-28 08:16:00,
2016-11-28 09:11:00,67.86
2016-11-28 09:58:00,
2016-11-28 10:51:00,55.86
2016-11-28 11:36:00,
2016-11-29 07:56:00,
2016-11-29 08:51:00,62.21
2016-11-29 09:37:00,
2016-11-29 10:31:00,60.18
2016-11-29 11:15:00,
2016-11-30 08:30:00,
2016-11-30 09:16:00,
2016-11-30 10:10:00,
2016-11-30 10:55:00,43.94
2016-11-30 11:48:00,
2016-12-01 08:08:00,
2016-12-01 08:55:00,57.59
2016-12-01 09:50:00,
2016-12-01 10:35:00,54.739998
2016-12-01 11:28:00,
2016-12-02 07:48:00,
2016-12-02 08:34:00,39.71
2016-12-02 09:29:00,
2016-12-02 10:15:00,
2016-12-02 11:08:00,34.84
2016-12-02 11:52:00,
2016-12-03 08:13:00,
2016-12-03 09:08:00,70.58
2016-12-03 09:54:00,
2016-12-03 10:48:00,46.98
2016-12-03 11:32:00,
2016-12-04 07:52:00,
2016-12-04 08:47:00,54.829997999999996
2016-12-04 09:33:00,
2016-12-04 10:27:00,63.75
2016-12-04 11:12:00,
2016-12-05 08:26:00,
2016-12-05 09:12:00,
2016-12-05 10:07:00,
2016-12-05 10:52:00,53.36
2016-12-05 11:45:00,
2016-12-06 08:05:00,
2016-12-06 08:52:00,55.289997
2016-12-06 09:46:00,
2016-12-06 10:32:00,55.579997999999996
2016-12-06 11:25:00,
2016-12-07 08:31:00,53.78
2016-12-07 09:25:00,
2016-12-07 10:11:00,
2016-12-07 11:04:00,59.469997
2016-12-07 11:49:00,
2016-12-08 08:09:00,
2016-12-08 09:05:00,71.18
2016-12-08 09:51:00,
2016-12-08 10:44:00,59.649998
2016-12-08 11:29:00,
2016-12-09 07:49:00,
2016-12-09 08:44:00,75.50999499999998
2016-12-09 09:30:00,
2016-12-09 10:24:00,74.88
2016-12-09 11:09:00,
2016-12-10 08:22:00,
2016-12-10 09:09:00,84.89
2016-12-10 10:04:00,
2016-12-10 10:48:00,54.73
2016-12-10 11:42:00,
2016-12-11 08:02:00,
2016-12-11 08:48:00,61.55
2016-12-11 09:43:00,
2016-12-11 10:28:00,67.52
2016-12-11 11:21:00,
2016-12-12 08:27:00,
2016-12-12 09:22:00,
2016-12-12 10:08:00,
2016-12-12 11:01:00,54.28
2016-12-12 11:46:00,
2016-12-13 08:06:00,
2016-12-13 09:01:00,65.61
2016-12-13 09:47:00,
2016-12-13 10:41:00,57.25
2016-12-13 11:25:00,
2016-12-14 07:46:00,
2016-12-14 08:40:00,61.25
2016-12-14 09:26:00,
2016-12-14 10:21:00,66.57
2016-12-14 11:05:00,51.719997
2016-12-15 08:19:00,
2016-12-15 09:06:00,66.02
2016-12-15 10:00:00,
2016-12-15 10:45:00,57.51
2016-12-15 11:38:00,
2016-12-16 07:58:00,
2016-12-16 08:45:00,62.46
2016-12-16 09:39:00,
2016-12-16 10:25:00,62.149998
2016-12-16 11:18:00,
2016-12-17 08:24:00,
2016-12-17 09:18:00,
2016-12-17 10:05:00,
2016-12-17 10:58:00,66.33
2016-12-17 11:43:00,
2016-12-18 08:02:00,
2016-12-18 08:58:00,75.93
2016-12-18 09:44:00,
2016-12-18 10:38:00,65.45
2016-12-18 11:22:00,
2016-12-19 08:37:00,66.45
2016-12-19 09:23:00,
2016-12-19 10:17:00,
2016-12-19 11:02:00,56.379996999999996
2016-12-19 11:56:00,
2016-12-20 08:15:00,
2016-12-20 09:02:00,42.329997999999996
2016-12-20 09:57:00,
2016-12-20 10:42:00,42.629996999999996
2016-12-20 11:35:00,
2016-12-21 07:55:00,
2016-12-21 08:41:00,48.78
2016-12-21 09:36:00,
2016-12-21 10:22:00,49.149998
2016-12-21 11:15:00,
2016-12-22 08:20:00,
2016-12-22 09:15:00,
2016-12-22 10:01:00,
2016-12-22 10:54:00,49.67
2016-12-22 11:39:00,
2016-12-23 07:59:00,
2016-12-23 08:54:00,62.059998
2016-12-23 09:40:00,
2016-12-23 10:34:00,58.699996999999996
2016-12-23 11:19:00,
2016-12-24 08:33:00,45.35
2016-12-24 09:19:00,
2016-12-24 10:14:00,
2016-12-24 10:59:00,49.43
2016-12-24 11:52:00,
2016-12-25 08:12:00,
2016-12-25 08:59:00,54.66
2016-12-25 09:54:00,
2016-12-25 10:38:00,49.68
2016-12-25 11:31:00,
2016-12-26 07:52:00,
2016-12-26 08:38:00,53.21
2016-12-26 09:32:00,
2016-12-26 10:18:00,59.39
2016-12-26 11:11:00,
2016-12-27 08:16:00,
2016-12-27 09:12:00,67.59
2016-12-27 09:58:00,
2016-12-27 10:51:00,47.129996999999996
2016-12-27 11:36:00,
2016-12-28 07:56:00,
2016-12-28 08:51:00,57.85
2016-12-28 09:37:00,
2016-12-28 10:31:00,52.899998
2016-12-28 11:15:00,
2016-12-29 08:30:00,68.75
2016-12-29 09:16:00,
2016-12-29 10:11:00,
2016-12-29 10:55:00,62.359997
2016-12-29 11:48:00,
2016-12-30 08:08:00,
2016-12-30 08:55:00,66.89
2016-12-30 09:50:00,
2016-12-30 10:35:00,69.65
2016-12-30 11:28:00,
2016-12-31 07:48:00,
2016-12-31 08:34:00,53.0
2016-12-31 09:29:00,
2016-12-31 10:15:00,
2016-12-31 11:08:00,46.93
2016-12-31 11:53:00,
2017-01-01 09:08:00,54.699996999999996
2017-01-01 09:55:00,
2017-01-01 10:48:00,45.93
2017-01-01 11:32:00,
2017-01-02 07:53:00,
2017-01-02 08:47:00,54.309998
2017-01-02 09:33:00,
2017-01-02 10:27:00,58.69
2017-01-02 11:12:00,
2017-01-03 08:26:00,
2017-01-03 09:13:00,
2017-01-03 10:07:00,
2017-01-03 10:52:00,51.899998
2017-01-03 11:45:00,
2017-01-04 08:05:00,
2017-01-04 08:52:00,66.61
2017-01-04 09:46:00,
2017-01-04 10:32:00,68.729996
2017-01-04 11:25:00,
2017-01-05 08:31:00,71.84
2017-01-05 09:25:00,
2017-01-05 10:11:00,
2017-01-05 11:04:00,72.0
2017-01-05 11:50:00,
2017-01-06 08:09:00,
2017-01-06 09:05:00,79.47
2017-01-06 09:51:00,
2017-01-06 10:44:00,68.96
2017-01-06 11:29:00,
2017-01-07 07:49:00,
2017-01-07 08:44:00,64.6
2017-01-07 09:30:00,
2017-01-07 10:24:00,65.18
2017-01-07 11:09:00,
2017-01-08 08:22:00,
2017-01-08 09:09:00,65.34
2017-01-08 10:04:00,
2017-01-08 10:49:00,57.77
2017-01-08 11:41:00,
2017-01-09 08:02:00,
2017-01-09 08:48:00,67.28
2017-01-09 09:42:00,
2017-01-09 10:28:00,63.3
2017-01-09 11:21:00,
2017-01-10 08:27:00,
2017-01-10 09:22:00,
2017-01-10 10:08:00,
2017-01-10 11:01:00,59.96
2017-01-10 11:46:00,
2017-01-11 08:06:00,
2017-01-11 09:01:00,69.82
2017-01-11 09:47:00,
2017-01-11 10:41:00,62.219997
2017-01-11 11:26:00,
2017-01-12 07:46:00,
2017-01-12 08:40:00,64.64
2017-01-12 09:26:00,
2017-01-12 10:21:00,67.72
2017-01-12 11:05:00,55.21
2017-01-13 08:19:00,
2017-01-13 09:06:00,66.56
2017-01-13 10:00:00,
2017-01-13 10:45:00,60.109997
2017-01-13 11:38:00,
2017-01-14 07:58:00,
2017-01-14 08:45:00,63.25
2017-01-14 09:39:00,
2017-01-14 10:25:00,65.77
2017-01-14 11:18:00,
2017-01-15 08:24:00,
2017-01-15 09:18:00,
2017-01-15 10:05:00,
2017-01-15 10:58:00,62.17
2017-01-15 11:43:00,
2017-01-16 08:02:00,
2017-01-16 08:58:00,70.439995
2017-01-16 09:44:00,
2017-01-16 10:37:00,64.89
2017-01-16 11:22:00,
2017-01-17 08:37:00,65.25
2017-01-17 09:23:00,
2017-01-17 10:17:00,
2017-01-17 11:02:00,62.09
2017-01-17 11:55:00,
2017-01-18 08:15:00,
2017-01-18 09:02:00,68.28
2017-01-18 09:57:00,
2017-01-18 10:42:00,71.45
2017-01-18 11:35:00,
2017-01-19 07:55:00,
2017-01-19 08:41:00,67.04
2017-01-19 09:35:00,
2017-01-19 10:22:00,69.67
2017-01-19 11:14:00,
2017-01-20 08:20:00,
2017-01-20 09:15:00,
2017-01-20 10:01:00,
2017-01-20 10:54:00,62.719997
2017-01-20 11:39:00,
2017-01-21 07:59:00,
2017-01-21 08:54:00,73.33
2017-01-21 09:40:00,
2017-01-21 10:34:00,70.65
2017-01-21 11:19:00,
2017-01-22 08:33:00,69.03
2017-01-22 09:19:00,
2017-01-22 10:14:00,
2017-01-22 10:59:00,63.17
2017-01-22 11:52:00,
2017-01-23 08:12:00,
2017-01-23 08:59:00,63.07
2017-01-23 09:53:00,
2017-01-23 10:38:00,62.699996999999996
2017-01-23 11:31:00,
2017-01-24 07:51:00,
2017-01-24 08:38:00,58.699996999999996
2017-01-24 09:32:00,
2017-01-24 10:18:00,68.299995
2017-01-24 11:11:00,
2017-01-25 08:16:00,
2017-01-25 09:11:00,81.15999599999998
2017-01-25 09:58:00,
2017-01-25 10:51:00,68.07
2017-01-25 11:36:00,
2017-01-26 07:56:00,
2017-01-26 08:51:00,61.76
2017-01-26 09:37:00,
2017-01-26 10:30:00,56.92
2017-01-26 10:31:00,
2017-01-26 10:33:00,
2017-01-26 11:15:00,
2017-01-27 08:29:00,
2017-01-27 09:16:00,
2017-01-27 10:10:00,
2017-01-27 10:55:00,60.469997
2017-01-27 11:48:00,
2017-01-28 08:08:00,
2017-01-28 08:55:00,70.46
2017-01-28 09:50:00,
2017-01-28 10:35:00,70.68
2017-01-28 11:28:00,
2017-01-29 07:48:00,
2017-01-29 08:34:00,56.94
2017-01-29 09:28:00,
2017-01-29 10:15:00,
2017-01-29 11:08:00,58.73
2017-01-29 11:53:00,
2017-01-30 08:13:00,
2017-01-30 09:08:00,80.14
2017-01-30 09:54:00,
2017-01-30 10:47:00,67.09
2017-01-30 11:32:00,
2017-01-31 07:52:00,
2017-01-31 08:47:00,66.65999599999999
2017-01-31 09:33:00,
2017-01-31 10:27:00,73.729996
2017-01-31 11:12:00,
2017-02-01 08:26:00,
2017-02-01 09:12:00,
2017-02-01 10:07:00,
2017-02-01 10:52:00,60.399998
2017-02-01 11:45:00,
2017-02-02 08:05:00,
2017-02-02 08:52:00,66.4
2017-02-02 09:46:00,
2017-02-02 10:32:00,65.89
2017-02-02 11:24:00,
2017-02-03 08:31:00,57.01
2017-02-03 09:25:00,
2017-02-03 10:11:00,
2017-02-03 11:04:00,55.87
2017-02-03 11:50:00,
2017-02-04 08:09:00,
2017-02-04 09:04:00,70.39
2017-02-04 09:51:00,
2017-02-04 10:44:00,65.68
2017-02-04 11:29:00,
2017-02-05 07:49:00,
2017-02-05 08:43:00,69.08
2017-02-05 09:30:00,
2017-02-05 10:24:00,71.53
2017-02-05 11:09:00,
2017-02-06 08:22:00,
2017-02-06 09:09:00,80.39
2017-02-06 10:03:00,
2017-02-06 10:48:00,68.0
2017-02-06 11:41:00,
2017-02-07 08:01:00,
2017-02-07 08:48:00,74.229996
2017-02-07 09:42:00,
2017-02-07 10:28:00,72.33
2017-02-07 11:21:00,
2017-02-08 08:27:00,
2017-02-08 09:22:00,
2017-02-08 10:08:00,
2017-02-08 11:01:00,72.27
2017-02-08 11:46:00,
2017-02-09 08:06:00,
2017-02-09 09:01:00,85.75999499999998
2017-02-09 09:47:00,
2017-02-09 10:41:00,73.17
2017-02-09 11:25:00,
2017-02-10 07:46:00,
2017-02-10 08:40:00,76.79
2017-02-10 09:26:00,
2017-02-10 10:20:00,77.75
2017-02-10 11:05:00,60.28
2017-02-11 08:19:00,
2017-02-11 09:06:00,75.979996
2017-02-11 10:00:00,
2017-02-11 10:45:00,69.7
2017-02-11 11:38:00,
2017-02-12 07:58:00,
2017-02-12 08:45:00,67.34
2017-02-12 09:39:00,
2017-02-12 10:25:00,66.04
2017-02-12 11:18:00,
2017-02-13 08:23:00,
2017-02-13 09:18:00,
2017-02-13 10:05:00,
2017-02-13 10:57:00,66.82
2017-02-13 11:42:00,
2017-02-14 08:02:00,
2017-02-14 08:57:00,61.879996999999996
2017-02-14 09:44:00,
2017-02-14 10:37:00,57.219997
2017-02-14 11:22:00,
2017-02-15 08:36:00,63.14
2017-02-15 09:23:00,
2017-02-15 10:17:00,
2017-02-15 11:02:00,61.629996999999996
2017-02-15 11:55:00,
2017-02-16 08:15:00,
2017-02-16 09:02:00,74.96
2017-02-16 09:57:00,
2017-02-16 10:42:00,71.93
2017-02-16 11:34:00,
2017-02-17 07:55:00,
2017-02-17 08:41:00,80.29
2017-02-17 09:35:00,
2017-02-17 10:22:00,74.07
2017-02-17 11:14:00,
2017-02-18 08:20:00,
2017-02-18 09:15:00,
2017-02-18 10:01:00,
2017-02-18 10:54:00,75.17
2017-02-18 11:39:00,
2017-02-19 07:59:00,
2017-02-19 08:54:00,67.64
2017-02-19 09:40:00,
2017-02-19 10:34:00,63.03
2017-02-19 11:19:00,
2017-02-20 08:33:00,61.1
2017-02-20 09:19:00,
2017-02-20 10:14:00,
2017-02-20 10:58:00,57.02
2017-02-20 11:52:00,
2017-02-21 08:12:00,
2017-02-21 08:59:00,77.99
2017-02-21 09:53:00,
2017-02-21 10:38:00,68.04
2017-02-21 11:31:00,
2017-02-22 07:51:00,
2017-02-22 08:38:00,68.229996
2017-02-22 09:32:00,
2017-02-22 10:18:00,76.47
2017-02-22 11:11:00,
2017-02-23 08:16:00,
2017-02-23 09:11:00,84.09
2017-02-23 09:58:00,
2017-02-23 10:51:00,70.13
2017-02-23 11:35:00,
2017-02-24 07:56:00,
2017-02-24 08:51:00,76.96
2017-02-24 09:37:00,
2017-02-24 10:31:00,71.78
2017-02-24 11:15:00,
2017-02-25 08:29:00,66.79
2017-02-25 09:16:00,
2017-02-25 10:10:00,
2017-02-25 10:55:00,64.85
2017-02-25 11:48:00,
2017-02-26 08:08:00,
2017-02-26 08:55:00,71.02
2017-02-26 09:50:00,
2017-02-26 10:35:00,68.57
2017-02-26 11:28:00,
2017-02-27 07:48:00,
2017-02-27 08:34:00,66.7
2017-02-27 09:28:00,
2017-02-27 10:15:00,
2017-02-27 11:08:00,63.059998
2017-02-27 11:52:00,
2017-02-28 08:13:00,
2017-02-28 09:08:00,76.86999499999997
2017-02-28 09:54:00,
2017-02-28 10:47:00,67.83
2017-02-28 11:32:00,
2017-03-01 07:52:00,
2017-03-01 08:47:00,76.61999499999997
2017-03-01 09:33:00,
2017-03-01 10:27:00,73.04
2017-03-01 11:12:00,
2017-03-02 08:26:00,
2017-03-02 09:12:00,
2017-03-02 10:07:00,
2017-03-02 10:52:00,69.21
2017-03-02 11:45:00,
2017-03-03 08:05:00,
2017-03-03 08:52:00,76.71
2017-03-03 09:46:00,
2017-03-03 10:32:00,73.99
2017-03-03 11:24:00,
2017-03-04 08:31:00,74.65
2017-03-04 09:25:00,
2017-03-04 10:11:00,
2017-03-04 11:04:00,71.11999499999997
2017-03-04 11:49:00,
2017-03-05 08:09:00,
2017-03-05 09:04:00,80.4
2017-03-05 09:51:00,
2017-03-05 10:44:00,77.689995
2017-03-05 11:29:00,
2017-03-06 07:49:00,
2017-03-06 08:43:00,81.43
2017-03-06 09:30:00,
2017-03-06 10:24:00,76.07
2017-03-06 11:09:00,
2017-03-07 08:22:00,
2017-03-07 09:09:00,81.4
2017-03-07 10:03:00,
2017-03-07 10:48:00,71.42
2017-03-07 11:41:00,
2017-03-08 08:01:00,
2017-03-08 08:48:00,79.22
2017-03-08 09:42:00,
2017-03-08 10:28:00,71.86999499999997
2017-03-08 11:21:00,
2017-03-09 08:27:00,
2017-03-09 09:22:00,
2017-03-09 10:08:00,
2017-03-09 11:01:00,76.049995
2017-03-09 11:46:00,
2017-03-10 08:06:00,
2017-03-10 09:01:00,77.549995
2017-03-10 09:47:00,
2017-03-10 10:41:00,76.07
2017-03-10 11:25:00,
2017-03-11 07:46:00,
2017-03-11 08:40:00,87.11999499999996
2017-03-11 09:26:00,
2017-03-11 10:20:00,79.79
2017-03-11 11:05:00,79.65999599999998
2017-03-12 08:19:00,
2017-03-12 09:05:00,80.47
2017-03-12 10:00:00,
2017-03-12 10:45:00,79.15
2017-03-12 11:38:00,
2017-03-13 07:58:00,
2017-03-13 08:45:00,80.15
2017-03-13 09:39:00,
2017-03-13 10:25:00,77.65
2017-03-13 11:18:00,
2017-03-14 08:23:00,
2017-03-14 09:18:00,
2017-03-14 10:05:00,
2017-03-14 10:57:00,78.729996
2017-03-14 11:42:00,
2017-03-15 08:02:00,
2017-03-15 08:57:00,82.95
2017-03-15 09:44:00,
2017-03-15 10:37:00,76.83
2017-03-15 11:22:00,
2017-03-16 08:36:00,84.2
2017-03-16 09:23:00,
2017-03-16 10:17:00,
2017-03-16 11:02:00,80.4
2017-03-16 11:55:00,
2017-03-17 08:15:00,
2017-03-17 09:02:00,83.729996
2017-03-17 09:57:00,
2017-03-17 10:42:00,84.39
2017-03-17 11:34:00,
2017-03-18 07:55:00,
2017-03-18 08:41:00,77.729996
2017-03-18 09:35:00,
2017-03-18 10:21:00,77.42
2017-03-18 11:14:00,
2017-03-19 08:20:00,
2017-03-19 09:15:00,
2017-03-19 10:01:00,
2017-03-19 10:54:00,81.29
2017-03-19 11:39:00,
2017-03-20 07:59:00,
2017-03-20 08:54:00,78.74
2017-03-20 09:40:00,
2017-03-20 10:34:00,78.729996
2017-03-20 11:19:00,
2017-03-21 08:33:00,77.40999599999998
2017-03-21 09:19:00,
2017-03-21 10:14:00,
2017-03-21 10:58:00,75.96
2017-03-21 11:52:00,
2017-03-22 08:12:00,
2017-03-22 08:59:00,82.45
2017-03-22 09:53:00,
2017-03-22 10:38:00,80.39
2017-03-22 11:31:00,
2017-03-23 07:51:00,
2017-03-23 08:38:00,74.39
2017-03-23 09:32:00,
2017-03-23 10:18:00,77.58
2017-03-23 11:11:00,
2017-03-24 08:16:00,
2017-03-24 09:11:00,84.32
2017-03-24 09:58:00,
2017-03-24 10:51:00,76.08
2017-03-24 11:35:00,
2017-03-25 07:56:00,
2017-03-25 08:50:00,89.84
2017-03-25 09:37:00,
2017-03-25 10:31:00,81.04
2017-03-25 11:15:00,
2017-03-26 08:29:00,75.89
2017-03-26 09:16:00,
2017-03-26 10:10:00,
2017-03-26 10:55:00,63.68
2017-03-26 11:48:00,
2017-03-27 08:08:00,
2017-03-27 08:55:00,53.92
2017-03-27 09:50:00,
2017-03-27 10:35:00,55.43
2017-03-27 11:28:00,
2017-03-28 07:48:00,
2017-03-28 08:34:00,47.45
2017-03-28 09:28:00,
2017-03-28 10:15:00,
2017-03-28 11:08:00,46.23
2017-03-28 11:52:00,
2017-03-29 08:13:00,
2017-03-29 09:08:00,68.36999499999999
2017-03-29 09:54:00,
2017-03-29 10:47:00,63.399998
2017-03-29 11:32:00,
2017-03-30 07:52:00,
2017-03-30 08:47:00,75.82
2017-03-30 09:33:00,
2017-03-30 10:27:00,75.049995
2017-03-30 11:12:00,
2017-03-31 08:26:00,
2017-03-31 09:12:00,
2017-03-31 10:07:00,
2017-03-31 10:52:00,79.54
2017-03-31 11:45:00,
2017-04-01 08:05:00,
2017-04-01 08:52:00,80.7
2017-04-01 09:46:00,
2017-04-01 10:31:00,76.27
2017-04-01 11:24:00,
2017-04-02 08:31:00,70.0
2017-04-02 09:25:00,
2017-04-02 10:11:00,
2017-04-02 11:04:00,74.88
2017-04-02 11:49:00,
2017-04-03 08:09:00,
2017-04-03 09:04:00,62.01
2017-04-03 09:51:00,
2017-04-03 10:44:00,63.75
2017-04-03 11:29:00,
2017-04-04 07:49:00,
2017-04-04 08:43:00,55.48
2017-04-04 09:30:00,
2017-04-04 10:24:00,33.28
2017-04-04 11:09:00,
2017-04-05 08:22:00,
2017-04-05 09:09:00,45.89
2017-04-05 10:03:00,
2017-04-05 10:48:00,49.989998
2017-04-05 11:41:00,
2017-04-06 08:01:00,
2017-04-06 08:48:00,48.11
2017-04-06 09:42:00,
2017-04-06 10:28:00,39.969997
2017-04-06 11:21:00,
2017-04-07 08:27:00,
2017-04-07 09:22:00,
2017-04-07 10:08:00,
2017-04-07 11:01:00,58.35
2017-04-07 11:46:00,
2017-04-08 08:06:00,
2017-04-08 09:01:00,55.579997999999996
2017-04-08 09:47:00,
2017-04-08 10:41:00,52.46
2017-04-08 11:25:00,
2017-04-09 07:46:00,
2017-04-09 08:40:00,52.149998
2017-04-09 09:26:00,
2017-04-09 10:20:00,33.53
2017-04-09 11:05:00,38.39
2017-04-10 08:19:00,
2017-04-10 09:05:00,36.89
2017-04-10 10:00:00,
2017-04-10 10:45:00,45.39
2017-04-10 11:38:00,
2017-04-11 07:58:00,
2017-04-11 08:45:00,45.489998
2017-04-11 09:39:00,
2017-04-11 10:25:00,34.559998
2017-04-11 11:18:00,
2017-04-12 08:23:00,
2017-04-12 09:18:00,
2017-04-12 10:04:00,
2017-04-12 10:57:00,55.32
2017-04-12 11:42:00,
2017-04-13 08:02:00,
2017-04-13 08:57:00,56.64
2017-04-13 09:44:00,
2017-04-13 10:37:00,56.52
2017-04-13 11:22:00,
2017-04-14 08:36:00,48.68
2017-04-14 09:23:00,
2017-04-14 10:17:00,
2017-04-14 11:02:00,44.71
2017-04-14 11:55:00,
2017-04-15 08:15:00,
2017-04-15 09:02:00,72.85
2017-04-15 09:57:00,
2017-04-15 10:42:00,60.469997
2017-04-15 11:34:00,
2017-04-16 07:55:00,
2017-04-16 08:41:00,62.949996999999996
2017-04-16 09:35:00,
2017-04-16 10:21:00,78.52
2017-04-16 11:14:00,
2017-04-17 08:20:00,
2017-04-17 09:15:00,
2017-04-17 10:01:00,
2017-04-17 10:54:00,73.68
2017-04-17 11:39:00,
2017-04-18 07:59:00,
2017-04-18 08:54:00,83.86
2017-04-18 09:40:00,
2017-04-18 10:34:00,78.81
2017-04-18 11:19:00,
2017-04-19 08:33:00,68.4
2017-04-19 09:19:00,
2017-04-19 10:14:00,
2017-04-19 10:58:00,68.479996
2017-04-19 11:52:00,
2017-04-20 08:11:00,
2017-04-20 08:59:00,77.14
2017-04-20 09:53:00,
2017-04-20 10:38:00,63.379996999999996
2017-04-20 11:31:00,
2017-04-21 07:51:00,
2017-04-21 08:38:00,53.03
2017-04-21 09:32:00,
2017-04-21 10:18:00,60.059998
2017-04-21 11:11:00,
2017-04-22 08:16:00,
2017-04-22 09:11:00,73.92
2017-04-22 09:58:00,
2017-04-22 10:51:00,57.629996999999996
2017-04-22 11:35:00,
2017-04-23 07:55:00,
2017-04-23 08:50:00,65.34
2017-04-23 09:36:00,
2017-04-23 10:30:00,67.74
2017-04-23 11:15:00,
2017-04-24 08:29:00,50.87
2017-04-24 09:16:00,
2017-04-24 10:10:00,
2017-04-24 10:55:00,54.78
2017-04-24 11:48:00,
2017-04-25 08:08:00,
2017-04-25 08:55:00,62.68
2017-04-25 09:50:00,
2017-04-25 10:35:00,61.02
2017-04-25 11:28:00,
2017-04-26 07:48:00,
2017-04-26 08:34:00,54.75
2017-04-26 09:28:00,
2017-04-26 10:15:00,
2017-04-26 11:07:00,49.8
2017-04-26 11:52:00,
2017-04-27 08:13:00,
2017-04-27 09:08:00,83.15999599999998
2017-04-27 09:54:00,
2017-04-27 10:47:00,63.34
2017-04-27 11:32:00,
2017-04-28 07:52:00,
2017-04-28 08:47:00,68.75
2017-04-28 09:33:00,
2017-04-28 10:27:00,70.84
2017-04-28 11:12:00,
2017-04-29 08:26:00,
2017-04-29 09:12:00,
2017-04-29 10:07:00,
2017-04-29 10:52:00,55.12
2017-04-29 11:45:00,
2017-04-30 08:05:00,
2017-04-30 08:52:00,69.229996
2017-04-30 09:46:00,
2017-04-30 10:31:00,63.469997
2017-04-30 11:24:00,
2017-05-01 08:30:00,50.28
2017-05-01 09:25:00,
2017-05-01 10:11:00,
2017-05-01 11:04:00,47.989998
2017-05-01 11:49:00,
2017-05-02 08:09:00,
2017-05-02 09:04:00,53.77
2017-05-02 09:51:00,
2017-05-02 10:44:00,43.7
2017-05-02 11:29:00,
2017-05-03 07:49:00,
2017-05-03 08:43:00,49.649998
2017-05-03 09:30:00,
2017-05-03 10:24:00,47.69
2017-05-03 11:08:00,
2017-05-04 08:22:00,
2017-05-04 09:09:00,46.559998
2017-05-04 10:03:00,
2017-05-04 10:48:00,40.219997
2017-05-04 11:41:00,
2017-05-05 08:01:00,
2017-05-05 08:48:00,38.809998
2017-05-05 09:42:00,
2017-05-05 10:28:00,32.86
2017-05-05 11:21:00,
2017-05-06 08:27:00,45.899998
2017-05-06 09:21:00,
2017-05-06 10:08:00,
2017-05-06 11:01:00,42.05
2017-05-06 11:46:00,
2017-05-07 08:06:00,
2017-05-07 09:01:00,33.05
2017-05-07 09:47:00,
2017-05-07 10:40:00,33.829997999999996
2017-05-07 11:25:00,
2017-05-08 07:46:00,
2017-05-08 08:40:00,41.44
2017-05-08 09:26:00,
2017-05-08 10:20:00,44.239998
2017-05-08 11:05:00,32.04
2017-05-09 08:18:00,
2017-05-09 09:05:00,48.079997999999996
2017-05-09 10:00:00,
2017-05-09 10:45:00,39.51
2017-05-09 11:38:00,
2017-05-10 07:58:00,
2017-05-10 08:44:00,46.51
2017-05-10 09:39:00,
2017-05-10 10:25:00,50.91
2017-05-10 11:17:00,
2017-05-11 08:23:00,
2017-05-11 09:18:00,
2017-05-11 10:04:00,
2017-05-11 10:57:00,45.059998
2017-05-11 11:42:00,
2017-05-12 08:02:00,
2017-05-12 08:57:00,46.09
2017-05-12 09:43:00,
2017-05-12 10:37:00,40.07
2017-05-12 11:22:00,
2017-05-13 08:36:00,49.89
2017-05-13 09:23:00,
2017-05-13 10:17:00,
2017-05-13 11:02:00,49.5
2017-05-13 11:54:00,
2017-05-14 08:15:00,
2017-05-14 09:02:00,34.059998
2017-05-14 09:56:00,
2017-05-14 10:41:00,37.62
2017-05-14 11:34:00,
2017-05-15 07:54:00,
2017-05-15 08:41:00,37.86
2017-05-15 09:35:00,
2017-05-15 10:21:00,38.52
2017-05-15 11:14:00,
2017-05-16 08:20:00,
2017-05-16 09:14:00,
2017-05-16 10:01:00,
2017-05-16 10:54:00,50.11
2017-05-16 11:39:00,
2017-05-17 07:59:00,
2017-05-17 08:54:00,51.51
2017-05-17 09:40:00,
2017-05-17 10:34:00,53.899998
2017-05-17 11:18:00,
2017-05-18 08:33:00,47.69
2017-05-18 09:19:00,
2017-05-18 10:13:00,
2017-05-18 10:58:00,56.12
2017-05-18 11:52:00,
2017-05-19 08:11:00,
2017-05-19 08:58:00,54.559998
2017-05-19 09:53:00,
2017-05-19 10:38:00,56.36
2017-05-19 11:31:00,
2017-05-20 07:51:00,
2017-05-20 08:37:00,63.28
2017-05-20 09:32:00,
2017-05-20 10:18:00,63.71
2017-05-20 11:11:00,
2017-05-21 08:16:00,
2017-05-21 09:11:00,70.43
2017-05-21 09:57:00,
2017-05-21 10:50:00,75.15
2017-05-21 11:35:00,
2017-05-22 07:55:00,
2017-05-22 08:50:00,56.789997
2017-05-22 09:36:00,
2017-05-22 10:30:00,58.0
2017-05-22 11:15:00,
2017-05-23 08:29:00,67.82
2017-05-23 09:16:00,
2017-05-23 10:10:00,
2017-05-23 10:55:00,66.65999599999999
2017-05-23 11:48:00,
2017-05-24 08:08:00,
2017-05-24 08:55:00,64.46
2017-05-24 09:49:00,
2017-05-24 10:35:00,67.01
2017-05-24 11:27:00,
2017-05-25 07:48:00,
2017-05-25 08:34:00,52.12
2017-05-25 09:28:00,
2017-05-25 10:14:00,
2017-05-25 11:07:00,58.37
2017-05-25 11:52:00,
2017-05-26 08:12:00,
2017-05-26 09:07:00,64.92
2017-05-26 09:54:00,
2017-05-26 10:47:00,67.33
2017-05-26 11:32:00,
2017-05-27 08:47:00,85.71
2017-05-27 10:27:00,80.72
2017-05-28 08:25:00,
2017-05-28 10:07:00,
2017-05-28 11:44:00,
2017-05-29 08:04:00,
2017-05-29 09:46:00,
2017-05-29 11:24:00,
2017-05-30 08:30:00,64.13
2017-05-30 09:25:00,
2017-05-30 10:11:00,
2017-05-30 11:04:00,71.189995
2017-05-30 11:49:00,
2017-05-31 08:09:00,
2017-05-31 09:04:00,62.8
2017-05-31 09:51:00,
2017-05-31 10:44:00,66.93
2017-05-31 11:28:00,
2017-06-01 07:49:00,
2017-06-01 08:43:00,61.59
2017-06-01 09:29:00,
2017-06-01 10:23:00,64.40999599999999
2017-06-01 11:08:00,
2017-06-02 08:22:00,
2017-06-02 09:09:00,63.829997999999996
2017-06-02 10:03:00,
2017-06-02 10:48:00,66.81
2017-06-02 11:41:00,
2017-06-03 08:01:00,
2017-06-03 08:48:00,69.28
2017-06-03 09:42:00,
2017-06-03 10:28:00,68.85
2017-06-03 11:21:00,
2017-06-04 08:27:00,66.78
2017-06-04 09:21:00,
2017-06-04 10:08:00,
2017-06-04 11:00:00,71.9
2017-06-04 11:46:00,
2017-06-05 08:05:00,
2017-06-05 09:01:00,95.979996
2017-06-05 09:47:00,
2017-06-05 10:40:00,96.439995
2017-06-05 11:25:00,
2017-06-06 07:46:00,
2017-06-06 08:40:00,81.32
2017-06-06 09:26:00,
2017-06-06 10:20:00,75.979996
2017-06-06 11:05:00,63.39
2017-06-07 08:18:00,
2017-06-07 09:05:00,73.52
2017-06-07 10:00:00,
2017-06-07 10:45:00,80.07
2017-06-07 11:37:00,
2017-06-08 07:58:00,
2017-06-08 08:44:00,68.22
2017-06-08 09:38:00,
2017-06-08 10:24:00,68.28
2017-06-08 11:17:00,
2017-06-09 08:23:00,
2017-06-09 09:18:00,
2017-06-09 10:04:00,
2017-06-09 10:57:00,73.75
2017-06-09 11:42:00,
2017-06-10 08:02:00,
2017-06-10 08:57:00,74.89
2017-06-10 09:43:00,
2017-06-10 10:37:00,72.28
2017-06-10 11:22:00,
2017-06-11 08:36:00,71.54
2017-06-11 09:22:00,
2017-06-11 10:17:00,
2017-06-11 11:01:00,70.22
2017-06-11 11:54:00,
2017-06-12 08:15:00,
2017-06-12 09:02:00,93.84
2017-06-12 09:56:00,
2017-06-12 10:41:00,95.53
2017-06-12 11:34:00,
2017-06-13 07:54:00,
2017-06-13 08:41:00,75.25999499999998
2017-06-13 09:35:00,
2017-06-13 10:21:00,76.90999599999998
2017-06-13 11:14:00,
2017-06-14 08:19:00,
2017-06-14 09:14:00,
2017-06-14 10:01:00,
2017-06-14 10:54:00,79.689995
2017-06-14 11:38:00,
2017-06-15 07:58:00,
2017-06-15 08:54:00,74.61
2017-06-15 09:39:00,
2017-06-15 10:33:00,76.95
2017-06-15 11:18:00,
2017-06-16 08:32:00,79.28
2017-06-16 09:19:00,
2017-06-16 10:13:00,
2017-06-16 10:58:00,77.979996
2017-06-16 11:51:00,
2017-06-17 08:11:00,
2017-06-17 08:58:00,79.43
2017-06-17 09:53:00,
2017-06-17 10:38:00,71.6
2017-06-17 11:31:00,
2017-06-18 07:51:00,
2017-06-18 08:37:00,71.36999499999997
2017-06-18 09:31:00,
2017-06-18 10:18:00,75.4
2017-06-18 11:10:00,
2017-06-19 08:16:00,
2017-06-19 09:11:00,72.15
2017-06-19 09:57:00,
2017-06-19 10:50:00,70.78
2017-06-19 11:35:00,
2017-06-20 07:55:00,
2017-06-20 08:50:00,65.53
2017-06-20 09:36:00,
2017-06-20 10:30:00,64.84
2017-06-20 11:15:00,
2017-06-21 08:29:00,65.96
2017-06-21 09:15:00,
2017-06-21 10:10:00,
2017-06-21 10:55:00,68.93
2017-06-21 11:48:00,
2017-06-22 08:08:00,
2017-06-22 08:55:00,62.449996999999996
2017-06-22 09:49:00,
2017-06-22 10:34:00,61.32
2017-06-22 11:27:00,
2017-06-23 07:47:00,
2017-06-23 08:34:00,71.299995
2017-06-23 09:28:00,
2017-06-23 10:14:00,
2017-06-23 11:07:00,72.22
2017-06-23 11:52:00,
2017-06-24 08:12:00,
2017-06-24 09:07:00,91.00999499999999
2017-06-24 09:54:00,
2017-06-24 10:47:00,100.0
2017-06-24 11:32:00,
2017-06-25 07:52:00,
2017-06-25 08:46:00,95.439995
2017-06-25 09:33:00,
2017-06-25 10:27:00,96.86
2017-06-25 11:11:00,
2017-06-26 08:25:00,
2017-06-26 09:12:00,
2017-06-26 10:06:00,
2017-06-26 10:51:00,94.84
2017-06-26 11:44:00,
2017-06-27 08:04:00,
2017-06-27 08:51:00,66.71
2017-06-27 09:45:00,
2017-06-27 10:31:00,69.86999499999999
2017-06-27 11:24:00,
2017-06-28 08:30:00,64.24
2017-06-28 09:24:00,
2017-06-28 10:11:00,
2017-06-28 11:04:00,69.5
2017-06-28 11:49:00,
2017-06-29 08:09:00,
2017-06-29 09:04:00,75.40999599999998
2017-06-29 09:50:00,
2017-06-29 10:43:00,80.04
2017-06-29 11:28:00,
2017-06-30 07:48:00,
2017-06-30 08:43:00,82.57
2017-06-30 09:29:00,
2017-06-30 10:23:00,80.049995
2017-06-30 11:08:00,
2017-07-01 08:22:00,
2017-07-01 09:08:00,77.42
2017-07-01 10:03:00,
2017-07-01 10:48:00,80.7
2017-07-01 11:41:00,
2017-07-02 08:01:00,
2017-07-02 08:48:00,70.09
2017-07-02 09:42:00,
2017-07-02 10:28:00,67.95
2017-07-02 11:20:00,
2017-07-03 08:26:00,88.82
2017-07-03 09:21:00,
2017-07-03 10:07:00,
2017-07-03 11:00:00,84.64
2017-07-03 11:45:00,
2017-07-04 08:05:00,
2017-07-04 09:00:00,70.29
2017-07-04 09:47:00,
2017-07-04 10:40:00,67.56
2017-07-04 11:25:00,
2017-07-05 07:45:00,
2017-07-05 08:39:00,68.01
2017-07-05 09:25:00,
2017-07-05 10:20:00,61.32
2017-07-05 11:05:00,62.92
2017-07-06 08:18:00,
2017-07-06 09:05:00,64.40999599999999
2017-07-06 09:59:00,
2017-07-06 10:44:00,66.29
2017-07-06 11:37:00,
2017-07-07 07:57:00,
2017-07-07 08:44:00,68.29
2017-07-07 09:38:00,
2017-07-07 10:24:00,67.14
2017-07-07 11:17:00,
2017-07-08 08:23:00,
2017-07-08 09:17:00,
2017-07-08 10:04:00,
2017-07-08 10:57:00,81.25
2017-07-08 11:42:00,
2017-07-09 08:02:00,
2017-07-09 08:57:00,70.40999599999998
2017-07-09 09:43:00,
2017-07-09 10:36:00,69.75
2017-07-09 11:21:00,
2017-07-10 08:36:00,87.67
2017-07-10 09:22:00,
2017-07-10 10:16:00,
2017-07-10 11:01:00,77.42
2017-07-10 11:54:00,
2017-07-11 08:14:00,
2017-07-11 09:01:00,91.45
2017-07-11 09:56:00,
2017-07-11 10:41:00,95.96
2017-07-11 11:34:00,
2017-07-12 07:54:00,
2017-07-12 08:40:00,99.86999499999999
2017-07-12 09:35:00,
2017-07-12 10:21:00,100.0
2017-07-12 11:14:00,
2017-07-13 08:19:00,
2017-07-13 09:14:00,
2017-07-13 10:00:00,
2017-07-13 10:53:00,72.049995
2017-07-13 11:38:00,
2017-07-14 07:58:00,
2017-07-14 08:53:00,66.99
2017-07-14 09:39:00,
2017-07-14 10:33:00,65.82
2017-07-14 11:18:00,
2017-07-15 08:32:00,64.75
2017-07-15 09:19:00,
2017-07-15 10:13:00,
2017-07-15 10:58:00,73.2
2017-07-15 11:51:00,
2017-07-16 08:11:00,
2017-07-16 08:58:00,93.56
2017-07-16 09:52:00,
2017-07-16 10:37:00,88.25999499999998
2017-07-16 11:30:00,
2017-07-17 07:51:00,
2017-07-17 08:37:00,74.85
2017-07-17 09:31:00,
2017-07-17 10:17:00,75.07
2017-07-17 11:10:00,
2017-07-18 08:15:00,
2017-07-18 09:10:00,69.79
2017-07-18 09:57:00,
2017-07-18 10:50:00,70.689995
2017-07-18 11:35:00,
2017-07-19 07:55:00,
2017-07-19 08:50:00,66.479996
2017-07-19 09:36:00,
2017-07-19 10:30:00,67.36
2017-07-19 11:14:00,
2017-07-20 08:28:00,66.57
2017-07-20 09:15:00,
2017-07-20 10:09:00,
2017-07-20 10:54:00,66.25
2017-07-20 11:47:00,
2017-07-21 08:07:00,
2017-07-21 08:54:00,66.45
2017-07-21 09:49:00,
2017-07-21 10:34:00,65.89
2017-07-21 11:27:00,
2017-07-22 07:47:00,
2017-07-22 08:33:00,68.65
2017-07-22 09:28:00,
2017-07-22 10:14:00,
2017-07-22 11:07:00,68.939995
2017-07-22 11:52:00,
2017-07-23 08:12:00,
2017-07-23 09:07:00,69.11
2017-07-23 09:54:00,
2017-07-23 10:46:00,70.79
2017-07-23 11:31:00,
2017-07-24 07:51:00,
2017-07-24 08:46:00,71.65999599999998
2017-07-24 09:32:00,
2017-07-24 10:26:00,69.81
2017-07-24 11:11:00,
2017-07-25 08:25:00,
2017-07-25 09:12:00,
2017-07-25 10:06:00,
2017-07-25 10:51:00,73.6
2017-07-25 11:44:00,
2017-07-26 08:04:00,
2017-07-26 08:51:00,73.13
2017-07-26 09:45:00,
2017-07-26 10:31:00,70.08
2017-07-26 11:23:00,
2017-07-27 08:30:00,66.96
2017-07-27 09:24:00,
2017-07-27 10:10:00,
2017-07-27 11:03:00,71.36
2017-07-27 11:48:00,
2017-07-28 08:08:00,
2017-07-28 09:03:00,66.85
2017-07-28 09:50:00,
2017-07-28 10:43:00,70.4
2017-07-28 11:28:00,
2017-07-29 07:48:00,
2017-07-29 08:43:00,100.0
2017-07-29 09:29:00,
2017-07-29 10:23:00,99.38
2017-07-29 11:08:00,
2017-07-30 08:21:00,
2017-07-30 09:08:00,74.9
2017-07-30 10:02:00,
2017-07-30 10:47:00,73.29
2017-07-30 11:40:00,
2017-07-31 08:00:00,
2017-07-31 08:47:00,73.14
2017-07-31 09:41:00,
2017-07-31 10:27:00,75.02
2017-07-31 11:20:00,
2017-08-01 08:26:00,70.43
2017-08-01 09:21:00,
2017-08-01 10:07:00,
2017-08-01 11:00:00,74.51
2017-08-01 11:45:00,
2017-08-02 08:05:00,
2017-08-02 09:00:00,73.40999599999998
2017-08-02 09:46:00,
2017-08-02 10:40:00,76.84
2017-08-02 11:24:00,
2017-08-03 07:45:00,
2017-08-03 08:39:00,77.7
2017-08-03 09:25:00,
2017-08-03 10:19:00,73.54
2017-08-03 11:04:00,70.439995
2017-08-04 08:18:00,
2017-08-04 09:05:00,64.189995
2017-08-04 09:59:00,
2017-08-04 10:44:00,68.36999499999999
2017-08-04 11:37:00,
2017-08-05 07:57:00,
2017-08-05 08:44:00,63.199996999999996
2017-08-05 09:38:00,
2017-08-05 10:24:00,63.739998
2017-08-05 11:17:00,
2017-08-06 08:22:00,
2017-08-06 09:17:00,
2017-08-06 10:04:00,
2017-08-06 10:56:00,75.54
2017-08-06 11:41:00,
2017-08-07 08:01:00,
2017-08-07 08:56:00,77.729996
2017-08-07 09:43:00,
2017-08-07 10:36:00,76.33
2017-08-07 11:21:00,
2017-08-08 08:35:00,72.9
2017-08-08 09:22:00,
2017-08-08 10:16:00,
2017-08-08 11:01:00,68.82
2017-08-08 11:54:00,
2017-08-09 08:14:00,
2017-08-09 09:01:00,65.82
2017-08-09 09:56:00,
2017-08-09 10:41:00,66.939995
2017-08-09 11:33:00,
2017-08-10 07:54:00,
2017-08-10 08:40:00,67.81
2017-08-10 09:34:00,
2017-08-10 10:20:00,70.56
2017-08-10 11:13:00,
2017-08-11 08:19:00,
2017-08-11 09:14:00,
2017-08-11 10:00:00,
2017-08-11 10:53:00,68.53
2017-08-11 11:38:00,
2017-08-12 07:58:00,
2017-08-12 08:53:00,73.06
2017-08-12 09:39:00,
2017-08-12 10:33:00,70.439995
2017-08-12 11:18:00,
2017-08-13 08:32:00,60.92
2017-08-13 09:18:00,
2017-08-13 10:12:00,
2017-08-13 10:57:00,62.82
2017-08-13 11:50:00,
2017-08-14 08:10:00,
2017-08-14 08:58:00,61.949996999999996
2017-08-14 09:52:00,
2017-08-14 10:37:00,60.16
2017-08-14 11:30:00,
2017-08-15 07:50:00,
2017-08-15 08:37:00,57.64
2017-08-15 09:31:00,
2017-08-15 10:17:00,63.039997
2017-08-15 11:10:00,
2017-08-16 08:15:00,
2017-08-16 09:10:00,100.0
2017-08-16 09:57:00,
2017-08-16 10:49:00,100.0
2017-08-16 11:34:00,
2017-08-17 07:54:00,
2017-08-17 08:49:00,78.47
2017-08-17 09:35:00,
2017-08-17 10:29:00,76.92
2017-08-17 11:14:00,
2017-08-18 08:28:00,64.51
2017-08-18 09:15:00,
2017-08-18 10:09:00,
2017-08-18 10:54:00,68.93
2017-08-18 11:47:00,
2017-08-19 08:07:00,
2017-08-19 08:54:00,85.49
2017-08-19 09:48:00,
2017-08-19 10:34:00,80.64
2017-08-19 11:26:00,
2017-08-20 07:47:00,
2017-08-20 08:33:00,84.90999599999998
2017-08-20 09:27:00,
2017-08-20 10:14:00,99.78
2017-08-20 11:06:00,88.88
2017-08-20 11:52:00,
2017-08-21 08:12:00,
2017-08-21 09:07:00,73.47
2017-08-21 09:53:00,
2017-08-21 10:46:00,70.1
2017-08-21 11:31:00,
2017-08-22 07:51:00,
2017-08-22 08:46:00,58.539997
2017-08-22 09:32:00,
2017-08-22 10:26:00,64.229996
2017-08-22 11:11:00,
2017-08-23 08:24:00,
2017-08-23 09:11:00,
2017-08-23 10:06:00,
2017-08-23 10:51:00,57.03
2017-08-23 11:43:00,
2017-08-24 08:03:00,
2017-08-24 08:50:00,75.03
2017-08-24 09:45:00,
2017-08-24 10:30:00,70.21
2017-08-24 11:23:00,
2017-08-25 08:29:00,57.77
2017-08-25 09:24:00,
2017-08-25 10:10:00,
2017-08-25 11:03:00,60.28
2017-08-25 11:48:00,
2017-08-26 08:08:00,
2017-08-26 09:03:00,59.0
2017-08-26 09:50:00,
2017-08-26 10:43:00,62.68
2017-08-26 11:28:00,
2017-08-27 07:48:00,
2017-08-27 08:42:00,59.969997
2017-08-27 09:28:00,
2017-08-27 10:22:00,59.75
2017-08-27 11:07:00,
2017-08-28 08:21:00,
2017-08-28 09:08:00,60.51
2017-08-28 10:02:00,
2017-08-28 10:47:00,65.64
2017-08-28 11:40:00,
2017-08-29 08:00:00,
2017-08-29 08:47:00,66.729996
2017-08-29 09:41:00,
2017-08-29 10:27:00,65.25
2017-08-29 11:20:00,
2017-08-30 08:26:00,69.42
2017-08-30 09:20:00,
2017-08-30 10:07:00,
2017-08-30 10:59:00,69.1
2017-08-30 11:45:00,
2017-08-31 08:04:00,
2017-08-31 08:59:00,61.89
2017-08-31 09:46:00,
2017-08-31 10:39:00,64.51
2017-08-31 11:24:00,
2017-09-01 07:45:00,
2017-09-01 08:38:00,63.71
2017-09-01 09:25:00,
2017-09-01 10:19:00,63.09
2017-09-01 11:04:00,57.129996999999996
2017-09-02 08:17:00,
2017-09-02 09:04:00,52.96
2017-09-02 09:59:00,
2017-09-02 10:44:00,60.05
2017-09-02 11:36:00,
2017-09-03 07:56:00,
2017-09-03 08:43:00,63.469997
2017-09-03 09:37:00,
2017-09-03 10:24:00,60.739998
2017-09-03 11:16:00,
2017-09-04 08:22:00,
2017-09-04 09:17:00,
2017-09-04 10:03:00,
2017-09-04 10:56:00,62.329997999999996
2017-09-04 11:41:00,
2017-09-05 08:01:00,
2017-09-05 08:56:00,50.969997
2017-09-05 09:42:00,
2017-09-05 10:36:00,52.02
2017-09-05 11:21:00,
2017-09-06 08:35:00,57.71
2017-09-06 09:21:00,
2017-09-06 10:16:00,60.42
2017-09-06 11:00:00,52.34
2017-09-06 11:54:00,
2017-09-07 08:14:00,
2017-09-07 09:01:00,50.25
2017-09-07 09:55:00,
2017-09-07 11:33:00,
2017-09-08 07:53:00,
2017-09-08 08:40:00,74.40999599999998
2017-09-08 09:34:00,
2017-09-08 10:20:00,79.479996
2017-09-08 11:13:00,
2017-09-09 08:18:00,
2017-09-09 09:13:00,
2017-09-09 10:00:00,
2017-09-09 10:52:00,85.86999499999997
2017-09-09 11:37:00,
2017-09-10 07:58:00,
2017-09-10 08:52:00,98.46
2017-09-10 09:39:00,
2017-09-10 10:32:00,100.0
2017-09-10 11:17:00,
2017-09-11 08:31:00,82.99
2017-09-11 09:18:00,
2017-09-11 10:12:00,
2017-09-11 10:57:00,75.21
2017-09-11 11:50:00,
2017-09-12 08:10:00,
2017-09-12 08:57:00,73.93
2017-09-12 09:52:00,
2017-09-12 10:37:00,74.15999599999998
2017-09-12 11:29:00,
2017-09-13 07:50:00,
2017-09-13 08:36:00,78.65
2017-09-13 09:31:00,
2017-09-13 10:17:00,84.63
2017-09-13 11:09:00,
2017-09-14 08:15:00,
2017-09-14 09:10:00,78.979996
2017-09-14 09:56:00,
2017-09-14 10:49:00,84.74
2017-09-14 11:34:00,
2017-09-15 07:54:00,
2017-09-15 08:49:00,75.39
2017-09-15 09:35:00,
2017-09-15 10:29:00,72.4
2017-09-15 11:14:00,
2017-09-16 08:28:00,
2017-09-16 09:14:00,
2017-09-16 10:09:00,
2017-09-16 10:54:00,62.23
2017-09-16 11:47:00,
2017-09-17 08:06:00,
2017-09-17 08:54:00,55.43
2017-09-17 09:48:00,
2017-09-17 10:33:00,55.18
2017-09-17 11:26:00,
2017-09-18 07:46:00,
2017-09-18 08:33:00,59.079997999999996
2017-09-18 09:27:00,
2017-09-18 10:13:00,
2017-09-18 11:06:00,66.95
2017-09-18 11:51:00,
2017-09-19 08:11:00,
2017-09-19 09:06:00,61.879996999999996
2017-09-19 09:53:00,
2017-09-19 10:46:00,61.129996999999996
2017-09-19 11:31:00,
2017-09-20 07:51:00,
2017-09-20 08:45:00,75.40999599999998
2017-09-20 09:31:00,
2017-09-20 10:26:00,73.479996
2017-09-20 11:10:00,
2017-09-21 08:24:00,
2017-09-21 09:11:00,
2017-09-21 10:05:00,
2017-09-21 10:50:00,80.64
2017-09-21 11:43:00,
2017-09-22 08:03:00,
2017-09-22 08:50:00,63.85
2017-09-22 09:44:00,
2017-09-22 10:30:00,63.989998
2017-09-22 11:23:00,
2017-09-23 08:29:00,59.94
2017-09-23 09:23:00,
2017-09-23 10:10:00,
2017-09-23 11:03:00,68.189995
2017-09-23 11:48:00,
2017-09-24 08:08:00,
2017-09-24 09:03:00,82.96
2017-09-24 09:49:00,
2017-09-24 10:42:00,79.90999599999998
2017-09-24 11:27:00,
2017-09-25 07:47:00,
2017-09-25 08:42:00,73.939995
2017-09-25 09:28:00,
2017-09-25 10:22:00,68.84
2017-09-25 11:07:00,
2017-09-26 08:21:00,
2017-09-26 09:07:00,60.329997999999996
2017-09-26 10:02:00,
2017-09-26 10:47:00,69.33
2017-09-26 11:40:00,
2017-09-27 08:00:00,
2017-09-27 08:46:00,60.52
2017-09-27 09:41:00,
2017-09-27 10:26:00,57.449996999999996
2017-09-27 11:19:00,
2017-09-28 08:25:00,56.55
2017-09-28 09:20:00,
2017-09-28 10:06:00,
2017-09-28 10:59:00,66.68
2017-09-28 11:44:00,
2017-09-29 08:04:00,
2017-09-29 08:59:00,57.52
2017-09-29 09:46:00,
2017-09-29 10:39:00,56.19
2017-09-29 11:24:00,
2017-09-30 07:44:00,
2017-09-30 08:38:00,60.78
2017-09-30 09:24:00,
2017-09-30 10:19:00,60.879996999999996
2017-09-30 11:03:00,52.32
2017-10-01 08:17:00,
2017-10-01 09:04:00,45.73
2017-10-01 09:59:00,
2017-10-01 10:43:00,53.34
2017-10-01 11:36:00,
2017-10-02 07:56:00,
2017-10-02 08:43:00,70.08
2017-10-02 09:37:00,
2017-10-02 10:23:00,73.51
2017-10-02 11:16:00,
2017-10-03 08:22:00,
2017-10-03 09:17:00,
2017-10-03 10:03:00,
2017-10-03 10:56:00,93.35
2017-10-03 11:41:00,
2017-10-04 08:01:00,
2017-10-04 08:56:00,93.79
2017-10-04 09:42:00,
2017-10-04 10:36:00,88.0
2017-10-04 11:20:00,
2017-10-05 08:35:00,78.21
2017-10-05 09:21:00,
2017-10-05 10:16:00,
2017-10-05 11:00:00,72.11
2017-10-05 11:54:00,
2017-10-07 07:53:00,
2017-10-07 08:39:00,49.0
2017-10-07 09:34:00,
2017-10-07 10:20:00,53.05
2017-10-07 11:13:00,
2017-10-08 08:18:00,
2017-10-08 09:13:00,
2017-10-08 09:59:00,
2017-10-08 10:53:00,66.479996
2017-10-08 11:37:00,
2017-10-09 07:57:00,
2017-10-09 08:52:00,56.71
2017-10-09 09:38:00,
2017-10-09 10:32:00,67.189995
2017-10-09 11:17:00,
2017-10-10 08:31:00,52.079997999999996
2017-10-10 09:17:00,
2017-10-10 10:12:00,
2017-10-10 10:57:00,52.91
2017-10-10 11:50:00,
2017-10-11 08:10:00,
2017-10-11 08:57:00,82.25999499999998
2017-10-11 09:52:00,
2017-10-11 10:36:00,78.6
2017-10-11 11:30:00,
2017-10-12 07:50:00,
2017-10-12 08:36:00,87.39
2017-10-12 09:31:00,
2017-10-12 10:16:00,92.15
2017-10-12 11:09:00,
2017-10-13 08:14:00,
2017-10-13 09:10:00,71.47
2017-10-13 09:56:00,
2017-10-13 10:49:00,74.76
2017-10-13 11:34:00,
2017-10-14 07:54:00,
2017-10-14 08:49:00,82.36999499999997
2017-10-14 09:35:00,
2017-10-14 10:29:00,80.229996
2017-10-14 11:13:00,
2017-10-15 08:28:00,68.54
2017-10-15 09:14:00,
2017-10-15 10:09:00,
2017-10-15 10:53:00,69.36999499999999
2017-10-15 11:47:00,
2017-10-16 08:07:00,
2017-10-16 08:53:00,74.22
2017-10-16 09:48:00,
2017-10-16 10:33:00,67.65999599999999
2017-10-16 11:26:00,
2017-10-17 07:46:00,
2017-10-17 08:32:00,48.45
2017-10-17 09:27:00,
2017-10-17 10:13:00,
2017-10-17 11:06:00,64.299995
2017-10-17 11:50:00,
2017-10-18 08:11:00,
2017-10-18 09:06:00,65.07
2017-10-18 09:52:00,
2017-10-18 10:46:00,72.15
2017-10-18 11:30:00,
2017-10-19 07:50:00,
2017-10-19 08:45:00,49.02
2017-10-19 09:31:00,
2017-10-19 10:26:00,48.28
2017-10-19 11:10:00,
2017-10-20 08:24:00,
2017-10-20 09:10:00,
2017-10-20 10:05:00,
2017-10-20 10:50:00,39.75
2017-10-20 11:43:00,
2017-10-21 08:03:00,
2017-10-21 08:50:00,27.64
2017-10-21 09:44:00,
2017-10-21 10:29:00,37.079997999999996
2017-10-21 11:23:00,
2017-10-22 08:28:00,15.889999
2017-10-22 09:24:00,
2017-10-22 10:09:00,
2017-10-22 11:03:00,34.68
2017-10-22 11:47:00,
2017-10-23 08:07:00,
2017-10-23 09:03:00,15.969999
2017-10-23 09:49:00,
2017-10-23 10:42:00,29.51
2017-10-23 11:27:00,
2017-10-24 07:47:00,
2017-10-24 08:42:00,22.83
2017-10-24 09:28:00,
2017-10-24 10:22:00,21.35
2017-10-24 11:06:00,
2017-10-25 08:21:00,
2017-10-25 09:07:00,27.71
2017-10-25 10:02:00,
2017-10-25 10:46:00,47.489998
2017-10-25 11:40:00,
2017-10-26 08:00:00,
2017-10-26 08:46:00,49.34
2017-10-26 09:41:00,
2017-10-26 10:26:00,47.62
2017-10-26 11:20:00,
2017-10-27 08:25:00,61.78
2017-10-27 09:20:00,
2017-10-27 10:06:00,
2017-10-27 10:59:00,66.85
2017-10-27 11:44:00,
2017-10-28 08:03:00,
2017-10-28 08:59:00,63.239998
2017-10-28 09:45:00,
2017-10-28 10:39:00,57.27
2017-10-28 11:23:00,
2017-10-29 07:44:00,
2017-10-29 08:38:00,32.219997
2017-10-29 09:24:00,
2017-10-29 10:19:00,36.52
2017-10-29 11:03:00,34.27
2017-10-30 08:17:00,
2017-10-30 09:03:00,19.99
2017-10-30 09:59:00,
2017-10-30 10:43:00,27.46
2017-10-30 11:36:00,
2017-10-31 07:56:00,
2017-10-31 08:42:00,18.4
2017-10-31 09:37:00,
2017-10-31 10:23:00,25.71
2017-10-31 11:16:00,
2017-11-01 08:21:00,
2017-11-01 09:17:00,
2017-11-01 10:02:00,
2017-11-01 10:56:00,56.789997
2017-11-01 11:40:00,
2017-11-02 08:00:00,
2017-11-02 08:56:00,62.69
2017-11-02 09:41:00,
2017-11-02 10:36:00,50.03
2017-11-02 11:20:00,
2017-11-03 08:35:00,50.1
2017-11-03 09:20:00,
2017-11-03 10:16:00,
2017-11-03 10:59:00,48.53
2017-11-03 11:54:00,
2017-11-04 08:14:00,
2017-11-04 09:00:00,45.02
2017-11-04 09:55:00,
2017-11-04 10:39:00,50.93
2017-11-04 11:33:00,
2017-11-05 07:53:00,
2017-11-05 08:39:00,31.189999
2017-11-05 09:34:00,
2017-11-05 10:19:00,35.2
2017-11-05 11:13:00,
2017-11-06 08:17:00,
2017-11-06 09:13:00,
2017-11-06 09:59:00,
2017-11-06 10:53:00,48.079997999999996
2017-11-06 11:36:00,
2017-11-07 07:56:00,
2017-11-07 08:53:00,31.42
2017-11-07 09:37:00,
2017-11-07 10:32:00,33.93
2017-11-07 11:16:00,
2017-11-08 08:31:00,12.08
2017-11-08 09:17:00,
2017-11-08 10:12:00,
2017-11-08 10:56:00,16.949999
2017-11-08 11:50:00,
2017-11-09 08:10:00,
2017-11-09 08:56:00,66.06
2017-11-09 09:52:00,
2017-11-09 10:36:00,65.64
2017-11-09 11:30:00,
2017-11-10 07:50:00,
2017-11-10 08:35:00,28.46
2017-11-10 09:31:00,
2017-11-10 10:16:00,40.219997
2017-11-10 11:09:00,
2017-11-11 08:14:00,
2017-11-11 09:10:00,31.92
2017-11-11 09:55:00,
2017-11-11 10:49:00,21.67
2017-11-11 11:33:00,
2017-11-12 07:53:00,
2017-11-12 08:49:00,22.939999
2017-11-12 09:34:00,
2017-11-12 10:29:00,24.98
2017-11-12 11:13:00,
2017-11-14 08:07:00,
2017-11-14 08:53:00,15.78
2017-11-14 09:48:00,
2017-11-14 10:32:00,16.01
2017-11-14 11:26:00,
2017-11-15 07:46:00,
2017-11-15 08:31:00,11.62
2017-11-15 09:27:00,
2017-11-15 10:12:00,24.93
2017-11-15 11:06:00,24.97
2017-11-15 11:50:00,
2017-11-16 08:10:00,
2017-11-16 09:06:00,23.09
2017-11-16 09:52:00,
2017-11-16 10:46:00,27.68
2017-11-16 11:29:00,
2017-11-17 07:50:00,
2017-11-17 08:45:00,24.039998999999998
2017-11-17 09:30:00,
2017-11-17 10:26:00,26.13
2017-11-17 11:09:00,
2017-11-18 08:24:00,
2017-11-18 09:10:00,
2017-11-18 10:05:00,
2017-11-18 10:49:00,10.67
2017-11-18 11:43:00,
2017-11-19 08:03:00,
2017-11-19 08:49:00,10.37
2017-11-19 09:44:00,
2017-11-19 10:29:00,12.9
2017-11-19 11:23:00,
2017-11-20 08:28:00,7.23
2017-11-20 09:24:00,
2017-11-20 10:09:00,
2017-11-20 11:03:00,10.12
2017-11-20 11:46:00,
2017-11-21 08:06:00,
2017-11-21 09:03:00,25.83
2017-11-21 09:48:00,
2017-11-21 10:42:00,19.66
2017-11-21 11:26:00,
2017-11-22 07:46:00,
2017-11-22 08:42:00,12.87
2017-11-22 09:27:00,
2017-11-22 10:22:00,15.679998999999999
2017-11-22 11:06:00,
2017-11-23 08:21:00,
2017-11-23 09:06:00,16.949999
2017-11-23 10:02:00,
2017-11-23 10:46:00,36.53
2017-11-23 11:40:00,
2017-11-24 08:00:00,
2017-11-24 08:45:00,30.49
2017-11-24 09:41:00,
2017-11-24 10:25:00,29.519999
2017-11-24 11:20:00,
2017-11-25 08:24:00,20.789998999999998
2017-11-25 09:20:00,
2017-11-25 10:05:00,
2017-11-25 10:59:00,29.699999
2017-11-25 11:43:00,
2017-11-26 08:03:00,
2017-11-26 08:59:00,30.8
2017-11-26 09:44:00,
2017-11-26 10:39:00,32.96
2017-11-26 11:22:00,
2017-11-27 07:43:00,
2017-11-27 08:38:00,39.379996999999996
2017-11-27 09:23:00,
2017-11-27 10:19:00,43.64
2017-11-27 11:02:00,27.189999
2017-11-28 08:17:00,
2017-11-28 09:03:00,43.16
2017-11-28 09:59:00,
2017-11-28 10:42:00,40.7
2017-11-28 11:36:00,
2017-11-29 07:56:00,
2017-11-29 08:42:00,46.1
2017-11-29 09:37:00,
2017-11-29 10:22:00,46.21
2017-11-29 11:16:00,
2017-11-30 08:20:00,
2017-11-30 09:16:00,
2017-11-30 09:18:00,
2017-11-30 10:02:00,
2017-11-30 10:56:00,35.69
2017-11-30 11:39:00,
2017-12-01 07:59:00,
2017-12-01 08:56:00,37.87
2017-12-01 09:41:00,
2017-12-01 10:36:00,34.84
2017-12-01 11:19:00,
2017-12-02 08:35:00,47.219997
2017-12-02 09:20:00,
2017-12-02 10:16:00,
2017-12-02 10:59:00,52.42
2017-12-02 11:54:00,
2017-12-03 08:14:00,
2017-12-03 08:59:00,36.6
2017-12-03 09:55:00,
2017-12-03 10:39:00,45.379996999999996
2017-12-03 11:33:00,
2017-12-04 07:53:00,
2017-12-04 08:38:00,30.16
2017-12-04 09:34:00,
2017-12-04 10:18:00,40.95
2017-12-04 11:13:00,
2017-12-05 08:17:00,
2017-12-05 09:13:00,
2017-12-05 09:58:00,
2017-12-05 10:53:00,34.35
2017-12-05 11:36:00,
2017-12-06 07:56:00,
2017-12-06 08:53:00,32.87
2017-12-06 09:37:00,
2017-12-06 10:32:00,36.35
2017-12-06 11:15:00,
2017-12-07 08:31:00,25.97
2017-12-07 09:16:00,
2017-12-07 10:12:00,
2017-12-07 10:55:00,32.149998
2017-12-07 11:50:00,
2017-12-08 08:10:00,
2017-12-08 08:55:00,54.559998
2017-12-08 09:52:00,
2017-12-08 10:35:00,58.09
2017-12-08 11:30:00,
2017-12-09 07:50:00,
2017-12-09 08:34:00,50.02
2017-12-09 09:31:00,
2017-12-09 10:15:00,49.51
2017-12-09 11:09:00,
2017-12-10 08:13:00,
2017-12-10 09:10:00,48.17
2017-12-10 09:55:00,
2017-12-10 10:49:00,53.64
2017-12-10 11:32:00,
2017-12-11 07:52:00,
2017-12-11 08:49:00,52.27
2017-12-11 09:33:00,
2017-12-11 10:29:00,49.43
2017-12-11 11:12:00,
2017-12-12 08:28:00,
2017-12-12 09:13:00,
2017-12-12 10:09:00,
2017-12-12 10:52:00,50.34
2017-12-12 11:47:00,
2017-12-13 08:07:00,
2017-12-13 08:52:00,58.37
2017-12-13 09:48:00,
2017-12-13 10:32:00,58.109997
2017-12-13 11:26:00,
2017-12-14 07:47:00,
2017-12-14 08:31:00,58.1
2017-12-14 09:27:00,
2017-12-14 10:11:00,
2017-12-14 11:06:00,53.61
2017-12-14 11:50:00,
2017-12-15 08:09:00,
2017-12-15 09:06:00,57.68
2017-12-15 09:51:00,
2017-12-15 10:46:00,58.91
2017-12-15 11:29:00,
2017-12-16 07:49:00,
2017-12-16 08:46:00,64.90999599999999
2017-12-16 09:30:00,
2017-12-16 10:26:00,59.02
2017-12-16 11:09:00,
2017-12-17 08:24:00,
2017-12-17 09:09:00,
2017-12-17 10:05:00,
2017-12-17 10:48:00,58.559998
2017-12-17 11:43:00,
2017-12-18 08:03:00,
2017-12-18 08:48:00,52.12
2017-12-18 09:45:00,
2017-12-18 10:28:00,52.55
2017-12-18 11:23:00,
2017-12-19 08:27:00,54.71
2017-12-19 09:24:00,
2017-12-19 10:08:00,
2017-12-19 11:03:00,58.02
2017-12-19 11:46:00,
2017-12-20 08:06:00,
2017-12-20 09:03:00,69.65999599999999
2017-12-20 09:47:00,
2017-12-20 10:43:00,72.14
2017-12-20 11:25:00,
2017-12-21 07:46:00,
2017-12-21 08:42:00,58.0
2017-12-21 09:26:00,
2017-12-21 10:22:00,58.66
2017-12-21 11:05:00,
2017-12-22 08:21:00,
2017-12-22 09:05:00,59.469997
2017-12-22 10:02:00,
2017-12-22 10:45:00,50.399998
2017-12-22 11:40:00,
2017-12-23 08:00:00,
2017-12-23 08:45:00,67.7
2017-12-23 09:41:00,
2017-12-23 10:25:00,65.42
2017-12-23 11:20:00,
2017-12-24 08:24:00,49.37
2017-12-24 09:20:00,
2017-12-24 10:04:00,
2017-12-24 10:59:00,50.3
2017-12-24 11:42:00,
2017-12-25 08:02:00,
2017-12-25 09:00:00,61.219997
2017-12-25 09:44:00,
2017-12-25 10:39:00,55.559998
2017-12-25 11:22:00,
2017-12-26 07:43:00,
2017-12-26 08:39:00,59.42
2017-12-26 09:23:00,
2017-12-26 10:19:00,71.31
2017-12-26 11:02:00,45.93
2017-12-27 08:17:00,
2017-12-27 09:02:00,65.92
2017-12-27 09:59:00,
2017-12-27 10:41:00,55.61
2017-12-27 11:36:00,
2017-12-28 07:57:00,
2017-12-28 08:41:00,61.34
2017-12-28 09:38:00,
2017-12-28 10:21:00,61.25
2017-12-28 11:16:00,
2017-12-29 08:20:00,
2017-12-29 09:17:00,
2017-12-29 10:01:00,
2017-12-29 10:56:00,62.809998
2017-12-29 11:39:00,
2017-12-30 07:59:00,
2017-12-30 08:56:00,67.77
2017-12-30 09:40:00,
2017-12-30 10:36:00,65.93
2017-12-30 11:18:00,
2017-12-31 08:35:00,75.2
2017-12-31 09:19:00,
2017-12-31 10:16:00,
2017-12-31 10:58:00,68.28
2017-12-31 11:54:00,
2018-01-01 08:14:00,
2018-01-01 08:58:00,60.489998
2018-01-01 09:55:00,
2018-01-01 10:38:00,61.75
2018-01-01 11:33:00,
2018-01-02 07:53:00,
2018-01-02 08:37:00,66.27
2018-01-02 09:34:00,
2018-01-02 10:18:00,59.66
2018-01-02 11:13:00,
2018-01-03 08:16:00,
2018-01-03 09:13:00,
2018-01-03 09:57:00,
2018-01-03 10:53:00,75.7
2018-01-03 11:35:00,
2018-01-04 07:55:00,
2018-01-04 08:53:00,69.33
2018-01-04 09:36:00,
2018-01-04 10:32:00,71.17
2018-01-04 11:15:00,
2018-01-05 08:32:00,68.189995
2018-01-05 09:16:00,
2018-01-05 10:12:00,
2018-01-05 10:55:00,65.26
2018-01-05 11:50:00,
2018-01-06 08:10:00,
2018-01-06 08:55:00,68.81
2018-01-06 09:52:00,
2018-01-06 10:34:00,69.15999599999999
2018-01-06 11:30:00,
2018-01-07 07:50:00,
2018-01-07 08:34:00,64.5
2018-01-07 09:31:00,
2018-01-07 10:14:00,68.0
2018-01-07 11:10:00,
2018-01-08 08:12:00,
2018-01-08 09:10:00,67.299995
2018-01-08 09:54:00,
2018-01-08 10:49:00,56.949996999999996
2018-01-08 11:32:00,
2018-01-09 07:52:00,
2018-01-09 08:49:00,67.64
2018-01-09 09:33:00,
2018-01-09 10:29:00,62.19
2018-01-09 11:11:00,
2018-01-10 08:28:00,61.76
2018-01-10 09:12:00,
2018-01-10 10:09:00,
2018-01-10 10:51:00,57.37
2018-01-10 11:47:00,
2018-01-11 08:07:00,
2018-01-11 08:51:00,71.13
2018-01-11 09:48:00,
2018-01-11 10:31:00,67.56
2018-01-11 11:26:00,
2018-01-12 07:47:00,
2018-01-12 08:30:00,60.12
2018-01-12 09:27:00,
2018-01-12 10:11:00,
2018-01-12 11:06:00,54.87
2018-01-12 11:49:00,
2018-01-13 08:09:00,
2018-01-13 09:06:00,74.67
2018-01-13 09:50:00,
2018-01-13 10:46:00,65.82
2018-01-13 11:28:00,
2018-01-14 07:48:00,
2018-01-14 08:46:00,71.40999599999998
2018-01-14 09:29:00,
2018-01-14 10:26:00,72.83
2018-01-14 11:08:00,
2018-01-15 08:24:00,
2018-01-15 09:08:00,
2018-01-15 10:05:00,
2018-01-15 10:48:00,54.02
2018-01-15 11:43:00,
2018-01-16 08:03:00,
2018-01-16 08:48:00,57.68
2018-01-16 09:45:00,
2018-01-16 10:28:00,55.18
2018-01-16 11:23:00,
2018-01-17 08:27:00,48.73
2018-01-17 09:24:00,
2018-01-17 10:07:00,
2018-01-17 11:03:00,50.14
2018-01-17 11:45:00,
2018-01-18 08:05:00,
2018-01-18 09:03:00,68.799995
2018-01-18 09:47:00,
2018-01-18 10:43:00,62.469997
2018-01-18 11:25:00,
2018-01-19 07:45:00,
2018-01-19 08:42:00,64.84
2018-01-19 09:26:00,
2018-01-19 10:22:00,63.55
2018-01-19 11:05:00,
2018-01-20 08:21:00,
2018-01-20 09:05:00,61.98
2018-01-20 10:02:00,
2018-01-20 10:44:00,57.16
2018-01-20 11:40:00,
2018-01-21 08:00:00,
2018-01-21 08:44:00,62.43
2018-01-21 09:41:00,
2018-01-21 10:24:00,60.71
2018-01-21 11:20:00,
2018-01-22 08:23:00,68.46
2018-01-22 09:20:00,
2018-01-22 10:04:00,
2018-01-22 10:59:00,64.51
2018-01-22 11:42:00,
2018-01-23 08:02:00,
2018-01-23 09:00:00,66.78
2018-01-23 09:43:00,
2018-01-23 10:39:00,64.43
2018-01-23 11:21:00,
2018-01-24 07:42:00,
2018-01-24 08:39:00,61.21
2018-01-24 09:22:00,
2018-01-24 10:19:00,63.02
2018-01-24 11:01:00,47.89
2018-01-25 08:17:00,
2018-01-25 09:01:00,54.989998
2018-01-25 09:59:00,
2018-01-25 10:41:00,63.53
2018-01-25 11:36:00,
2018-01-26 07:57:00,
2018-01-26 08:40:00,56.51
2018-01-26 09:37:00,
2018-01-26 10:21:00,55.71
2018-01-26 11:16:00,
2018-01-27 08:19:00,
2018-01-27 09:17:00,
2018-01-27 10:00:00,
2018-01-27 10:56:00,57.19
2018-01-27 11:38:00,
2018-01-28 07:58:00,
2018-01-28 08:56:00,61.82
2018-01-28 09:39:00,
2018-01-28 10:36:00,58.91
2018-01-28 11:18:00,
2018-01-29 08:35:00,59.469997
2018-01-29 09:18:00,
2018-01-29 10:16:00,
2018-01-29 10:58:00,55.3
2018-01-29 11:54:00,
2018-01-30 08:14:00,
2018-01-30 08:58:00,61.109997
2018-01-30 09:55:00,
2018-01-30 10:37:00,57.85
2018-01-30 11:33:00,
2018-01-31 07:53:00,
2018-01-31 08:37:00,59.39
2018-01-31 09:34:00,
2018-01-31 10:17:00,61.739998
2018-01-31 11:13:00,
2018-02-01 08:16:00,
2018-02-01 09:13:00,
2018-02-01 09:57:00,
2018-02-01 10:53:00,60.059998
2018-02-01 11:35:00,
2018-02-02 07:55:00,
2018-02-02 08:53:00,70.26
2018-02-02 09:36:00,
2018-02-02 10:32:00,68.22
2018-02-02 11:14:00,
2018-02-03 08:31:00,66.28
2018-02-03 09:15:00,
2018-02-03 10:12:00,
2018-02-03 10:54:00,58.82
2018-02-03 11:50:00,
2018-02-04 08:10:00,
2018-02-04 08:54:00,67.90999599999999
2018-02-04 09:52:00,
2018-02-04 10:34:00,67.65999599999999
2018-02-04 11:30:00,
2018-02-05 07:50:00,
2018-02-05 08:33:00,62.59
2018-02-05 09:31:00,
2018-02-05 10:14:00,72.34
2018-02-05 11:09:00,
2018-02-06 08:12:00,
2018-02-06 09:10:00,70.6
2018-02-06 09:53:00,
2018-02-06 10:49:00,62.27
2018-02-06 11:31:00,
2018-02-07 07:51:00,
2018-02-07 08:49:00,72.96
2018-02-07 09:32:00,
2018-02-07 10:29:00,69.71
2018-02-07 11:11:00,
2018-02-08 08:28:00,72.09
2018-02-08 09:11:00,
2018-02-08 10:09:00,
2018-02-08 10:51:00,63.16
2018-02-08 11:47:00,
2018-02-09 08:07:00,
2018-02-09 08:51:00,62.14
2018-02-09 09:48:00,
2018-02-09 10:30:00,62.34
2018-02-09 11:26:00,
2018-02-10 07:47:00,
2018-02-10 08:30:00,54.309998
2018-02-10 09:27:00,
2018-02-10 10:10:00,69.5
2018-02-10 11:06:00,50.19
2018-02-10 11:48:00,
2018-02-11 08:08:00,
2018-02-11 09:06:00,63.399998
2018-02-11 09:50:00,
2018-02-11 10:46:00,59.01
2018-02-11 11:28:00,
2018-02-12 07:48:00,
2018-02-12 08:46:00,59.809998
2018-02-12 09:29:00,
2018-02-12 10:26:00,60.71
2018-02-12 11:07:00,
2018-02-13 08:24:00,
2018-02-13 09:08:00,
2018-02-13 10:05:00,
2018-02-13 10:47:00,54.489998
2018-02-13 11:43:00,
2018-02-14 08:03:00,
2018-02-14 08:47:00,58.25
2018-02-14 09:45:00,
2018-02-14 10:27:00,60.96
2018-02-14 11:23:00,
2018-02-15 08:26:00,53.25
2018-02-15 09:24:00,
2018-02-15 10:07:00,
2018-02-15 11:03:00,57.039997
2018-02-15 11:45:00,
2018-02-16 08:05:00,
2018-02-16 09:03:00,60.17
2018-02-16 09:46:00,
2018-02-16 10:43:00,60.64
2018-02-16 11:24:00,
2018-02-17 07:44:00,
2018-02-17 08:42:00,59.109997
2018-02-17 09:25:00,
2018-02-17 10:22:00,62.51
2018-02-17 11:04:00,
2018-02-18 08:21:00,
2018-02-18 09:04:00,59.55
2018-02-18 10:02:00,
2018-02-18 10:44:00,57.649998
2018-02-18 11:40:00,
2018-02-19 08:00:00,
2018-02-19 08:43:00,56.64
2018-02-19 09:41:00,
2018-02-19 10:23:00,58.219997
2018-02-19 11:20:00,
2018-02-20 08:22:00,63.42
2018-02-20 09:20:00,
2018-02-20 10:03:00,
2018-02-20 10:59:00,62.53
2018-02-20 11:41:00,
2018-02-21 08:01:00,
2018-02-21 08:59:00,66.6
2018-02-21 09:43:00,
2018-02-21 10:39:00,65.46
2018-02-21 11:21:00,
2018-02-22 07:41:00,
2018-02-22 08:38:00,65.75
2018-02-22 09:22:00,
2018-02-22 10:19:00,68.96
2018-02-22 11:00:00,
2018-02-23 08:17:00,
2018-02-23 09:01:00,65.56
2018-02-23 09:59:00,
2018-02-23 10:40:00,63.91
2018-02-23 11:36:00,
2018-02-24 07:56:00,
2018-02-24 08:40:00,66.49
2018-02-24 09:37:00,
2018-02-24 10:20:00,70.40999599999998
2018-02-24 11:16:00,
2018-02-25 08:19:00,
2018-02-25 09:17:00,
2018-02-25 10:00:00,
2018-02-25 10:56:00,70.34
2018-02-25 11:38:00,
2018-02-26 07:57:00,
2018-02-26 08:56:00,77.2
2018-02-26 09:39:00,
2018-02-26 10:36:00,73.04
2018-02-26 11:17:00,
2018-02-27 08:35:00,69.67
2018-02-27 09:18:00,
2018-02-27 10:16:00,
2018-02-27 10:57:00,63.42
2018-02-27 11:54:00,
2018-02-28 08:14:00,
2018-02-28 08:57:00,74.09
2018-02-28 09:55:00,
2018-02-28 10:37:00,73.02
2018-02-28 11:33:00,
2018-03-01 07:53:00,
2018-03-01 08:36:00,73.45
2018-03-01 09:34:00,
2018-03-01 10:16:00,71.36999499999997
2018-03-01 11:13:00,
2018-03-02 08:15:00,
2018-03-02 09:13:00,
2018-03-02 09:56:00,
2018-03-02 10:53:00,68.42
2018-03-02 11:34:00,
2018-03-03 07:54:00,
2018-03-03 08:53:00,69.47
2018-03-03 09:35:00,
2018-03-03 10:32:00,66.75
2018-03-03 11:14:00,
2018-03-04 08:31:00,65.04
2018-03-04 09:14:00,
2018-03-04 10:12:00,
2018-03-04 10:53:00,64.04
2018-03-04 11:50:00,
2018-03-05 08:10:00,
2018-03-05 08:53:00,64.83
2018-03-05 09:52:00,
2018-03-05 10:33:00,63.42
2018-03-05 11:30:00,
2018-03-06 07:50:00,
2018-03-06 08:32:00,67.54
2018-03-06 09:31:00,
2018-03-06 10:13:00,65.71
2018-03-06 11:09:00,
2018-03-07 08:11:00,
2018-03-07 09:10:00,67.17
2018-03-07 09:53:00,
2018-03-07 10:49:00,61.809998
2018-03-07 11:30:00,
2018-03-08 07:50:00,
2018-03-08 08:49:00,67.06
2018-03-08 09:31:00,
2018-03-08 10:29:00,60.21
2018-03-08 11:10:00,
2018-03-09 08:28:00,65.71
2018-03-09 09:11:00,
2018-03-09 10:09:00,
2018-03-09 10:50:00,61.64
2018-03-09 11:47:00,
2018-03-10 08:07:00,
2018-03-10 08:50:00,64.18
2018-03-10 09:48:00,
2018-03-10 10:30:00,60.539997
2018-03-10 11:26:00,
2018-03-11 07:46:00,
2018-03-11 08:29:00,63.98
2018-03-11 09:27:00,
2018-03-11 10:09:00,
2018-03-11 11:06:00,56.84
2018-03-11 11:48:00,
2018-03-12 08:07:00,
2018-03-12 09:06:00,67.1
2018-03-12 09:49:00,
2018-03-12 10:46:00,62.539997
2018-03-12 11:27:00,
2018-03-13 07:47:00,
2018-03-13 08:45:00,65.11999499999999
2018-03-13 09:28:00,
2018-03-13 10:26:00,62.93
2018-03-13 11:07:00,
2018-03-14 08:24:00,
2018-03-14 09:07:00,
2018-03-14 10:05:00,
2018-03-14 10:46:00,61.16
2018-03-14 11:43:00,
2018-03-15 08:03:00,
2018-03-15 08:46:00,67.11999499999999
2018-03-15 09:44:00,
2018-03-15 10:26:00,61.489998
2018-03-15 11:23:00,
2018-03-16 08:25:00,66.15
2018-03-16 09:24:00,
2018-03-16 10:06:00,
2018-03-16 11:03:00,62.8
2018-03-16 11:44:00,
2018-03-17 08:04:00,
2018-03-17 09:03:00,68.52
2018-03-17 09:45:00,
2018-03-17 10:42:00,65.2
2018-03-17 11:23:00,
2018-03-18 07:44:00,
2018-03-18 08:42:00,69.13
2018-03-18 09:24:00,
2018-03-18 10:22:00,67.47
2018-03-18 11:03:00,
2018-03-19 08:21:00,
2018-03-19 09:03:00,65.36999499999999
2018-03-19 10:02:00,
2018-03-19 10:43:00,64.56
2018-03-19 11:40:00,
2018-03-20 08:00:00,
2018-03-20 08:43:00,63.57
2018-03-20 09:41:00,
2018-03-20 10:23:00,60.19
2018-03-20 11:19:00,
2018-03-21 08:21:00,76.89
2018-03-21 09:20:00,
2018-03-21 10:02:00,
2018-03-21 10:59:00,68.82
2018-03-21 11:40:00,
2018-03-22 08:00:00,
2018-03-22 08:59:00,68.549995
2018-03-22 09:42:00,
2018-03-22 10:39:00,65.58
2018-03-22 11:20:00,
2018-03-23 07:40:00,
2018-03-23 08:38:00,59.52
2018-03-23 09:20:00,
2018-03-23 10:19:00,63.09
2018-03-23 10:59:00,
2018-03-24 08:17:00,
2018-03-24 09:00:00,67.15
2018-03-24 09:58:00,
2018-03-24 10:39:00,70.229996
2018-03-24 11:36:00,
2018-03-25 07:56:00,
2018-03-25 08:39:00,53.96
2018-03-25 09:37:00,
2018-03-25 10:19:00,59.359997
2018-03-25 11:16:00,
2018-03-26 08:18:00,
2018-03-26 09:17:00,
2018-03-26 09:59:00,
2018-03-26 10:56:00,57.69
2018-03-26 11:37:00,
2018-03-27 07:57:00,
2018-03-27 08:56:00,66.42
2018-03-27 09:38:00,
2018-03-27 10:36:00,59.32
2018-03-27 11:16:00,
2018-03-28 08:35:00,65.1
2018-03-28 09:17:00,
2018-03-28 10:15:00,
2018-03-28 10:56:00,62.5
2018-03-28 11:54:00,
2018-03-29 08:13:00,
2018-03-29 08:56:00,66.549995
2018-03-29 09:55:00,
2018-03-29 10:36:00,62.96
2018-03-29 11:33:00,
2018-03-30 07:53:00,
2018-03-30 08:35:00,64.0
2018-03-30 09:34:00,
2018-03-30 10:16:00,66.6
2018-03-30 11:13:00,
2018-03-31 08:14:00,
2018-03-31 09:13:00,
2018-03-31 09:55:00,
2018-03-31 10:52:00,65.24
2018-03-31 11:33:00,
2018-04-01 07:53:00,
2018-04-01 08:52:00,64.11999499999999
2018-04-01 09:34:00,
2018-04-01 10:32:00,65.24
2018-04-01 11:13:00,
2018-04-02 08:31:00,59.579997999999996
2018-04-02 09:13:00,
2018-04-02 10:12:00,
2018-04-02 10:53:00,64.35
2018-04-02 11:50:00,
2018-04-03 08:10:00,
2018-04-03 08:53:00,65.729996
2018-04-03 09:52:00,
2018-04-03 10:32:00,60.98
2018-04-03 11:29:00,
2018-04-04 07:50:00,
2018-04-04 08:32:00,46.98
2018-04-04 09:30:00,
2018-04-04 10:12:00,62.829997999999996
2018-04-04 11:09:00,
2018-04-05 08:10:00,
2018-04-05 09:10:00,66.84
2018-04-05 09:52:00,
2018-04-05 10:49:00,62.92
2018-04-05 11:29:00,
2018-04-06 07:50:00,
2018-04-06 08:49:00,64.09
2018-04-06 09:30:00,
2018-04-06 10:29:00,61.789997
2018-04-06 11:09:00,
2018-04-07 08:28:00,55.94
2018-04-07 09:10:00,
2018-04-07 10:09:00,
2018-04-07 10:49:00,61.48
2018-04-07 11:46:00,
2018-04-08 08:06:00,
2018-04-08 08:49:00,64.02
2018-04-08 09:48:00,
2018-04-08 10:29:00,57.78
2018-04-08 11:26:00,
2018-04-09 07:46:00,
2018-04-09 08:28:00,57.8
2018-04-09 09:27:00,
2018-04-09 10:09:00,77.21
2018-04-09 11:06:00,54.989998
2018-04-09 11:46:00,
2018-04-10 08:07:00,
2018-04-10 09:06:00,68.93
2018-04-10 09:48:00,
2018-04-10 10:46:00,64.9
2018-04-10 11:26:00,
2018-04-11 07:46:00,
2018-04-11 08:45:00,64.47
2018-04-11 09:27:00,
2018-04-11 10:25:00,67.07
2018-04-11 11:06:00,
2018-04-12 08:24:00,
2018-04-12 09:06:00,
2018-04-12 10:05:00,
2018-04-12 10:46:00,58.699996999999996
2018-04-12 11:43:00,
2018-04-13 08:03:00,
2018-04-13 08:45:00,63.51
2018-04-13 09:44:00,
2018-04-13 10:25:00,55.219997
2018-04-13 11:23:00,
2018-04-14 08:24:00,53.75
2018-04-14 09:23:00,
2018-04-14 10:05:00,
2018-04-14 11:02:00,50.649998
2018-04-14 11:43:00,
2018-04-15 08:03:00,
2018-04-15 09:03:00,53.739998
2018-04-15 09:45:00,
2018-04-15 10:42:00,49.59
2018-04-15 11:22:00,
2018-04-16 07:43:00,
2018-04-16 08:42:00,55.39
2018-04-16 09:23:00,
2018-04-16 10:22:00,44.82
2018-04-16 11:02:00,
2018-04-17 08:20:00,
2018-04-17 09:03:00,42.05
2018-04-17 10:02:00,
2018-04-17 10:42:00,45.739998
2018-04-17 11:39:00,
2018-04-18 08:00:00,
2018-04-18 08:42:00,31.91
2018-04-18 09:41:00,
2018-04-18 10:22:00,31.369999
2018-04-18 11:19:00,
2018-04-19 08:21:00,43.55
2018-04-19 09:20:00,
2018-04-19 10:02:00,
2018-04-19 10:59:00,36.01
2018-04-19 11:39:00,
2018-04-20 07:59:00,
2018-04-20 08:59:00,28.96
2018-04-20 09:41:00,
2018-04-20 10:39:00,26.05
2018-04-20 11:19:00,
2018-04-21 07:40:00,
2018-04-21 08:38:00,26.58
2018-04-21 09:20:00,
2018-04-21 10:19:00,17.949999
2018-04-21 10:59:00,
2018-04-22 08:17:00,
2018-04-22 08:59:00,15.4
2018-04-22 09:58:00,
2018-04-22 10:39:00,22.1
2018-04-22 11:36:00,
2018-04-23 07:56:00,
2018-04-23 08:38:00,32.2
2018-04-23 09:37:00,
2018-04-23 10:18:00,15.45
2018-04-23 11:16:00,
2018-04-24 08:17:00,
2018-04-24 09:16:00,
2018-04-24 09:58:00,
2018-04-24 10:56:00,45.239998
2018-04-24 11:36:00,
2018-04-25 07:56:00,
2018-04-25 08:56:00,14.03
2018-04-25 09:37:00,
2018-04-25 10:35:00,14.259998999999999
2018-04-25 11:15:00,
2018-04-26 08:35:00,24.4
2018-04-26 09:16:00,
2018-04-26 10:15:00,14.37
2018-04-26 10:55:00,20.25
2018-04-26 11:53:00,
2018-04-27 08:13:00,
2018-04-27 08:55:00,12.65
2018-04-27 09:55:00,
2018-04-27 10:35:00,22.13
2018-04-27 11:33:00,
2018-04-28 07:53:00,
2018-04-28 08:35:00,22.46
2018-04-28 09:34:00,
2018-04-28 10:15:00,13.9
2018-04-28 11:12:00,
2018-04-29 08:13:00,
2018-04-29 09:13:00,
2018-04-29 09:55:00,
2018-04-29 10:52:00,25.5
2018-04-29 11:32:00,
2018-04-30 07:52:00,
2018-04-30 08:52:00,18.59
2018-04-30 09:33:00,
2018-04-30 10:32:00,13.639999
2018-04-30 11:12:00,
2018-05-01 08:31:00,21.39
2018-05-01 09:13:00,
2018-05-01 10:12:00,
2018-05-01 10:52:00,23.269999
2018-05-01 11:50:00,
2018-05-02 08:10:00,
2018-05-02 08:52:00,34.7
2018-05-02 09:51:00,
2018-05-02 10:32:00,28.599998
2018-05-02 11:29:00,
2018-05-03 07:49:00,
2018-05-03 08:31:00,29.48
2018-05-03 09:30:00,
2018-05-03 10:11:00,22.449999
2018-05-03 11:09:00,
2018-05-04 08:10:00,
2018-05-04 09:09:00,24.939999
2018-05-04 09:51:00,
2018-05-04 10:49:00,34.26
2018-05-04 11:29:00,
2018-05-05 07:49:00,
2018-05-05 08:49:00,39.989998
2018-05-05 09:30:00,
2018-05-05 10:29:00,33.44
2018-05-05 11:09:00,
2018-05-06 08:27:00,48.7
2018-05-06 09:09:00,
2018-05-06 10:08:00,
2018-05-06 10:48:00,36.35
2018-05-06 11:46:00,
2018-05-07 08:06:00,
2018-05-07 08:48:00,34.94
2018-05-07 09:48:00,
2018-05-07 10:28:00,30.05
2018-05-07 11:26:00,
2018-05-08 07:46:00,
2018-05-08 08:27:00,41.5
2018-05-08 09:27:00,
2018-05-08 10:08:00,47.27
2018-05-08 11:06:00,
2018-05-08 11:46:00,
2018-05-09 08:06:00,
2018-05-09 09:06:00,51.52
2018-05-09 09:47:00,
2018-05-09 10:45:00,58.85
2018-05-09 11:25:00,
2018-05-10 07:45:00,
2018-05-10 08:45:00,62.05
2018-05-10 09:26:00,
2018-05-10 10:25:00,61.199996999999996
2018-05-10 11:05:00,
2018-05-11 08:24:00,
2018-05-11 09:05:00,
2018-05-11 10:05:00,
2018-05-11 10:45:00,54.89
2018-05-11 11:43:00,
2018-05-12 08:03:00,
2018-05-12 08:45:00,70.46
2018-05-12 09:44:00,
2018-05-12 10:25:00,69.46
2018-05-12 11:22:00,
2018-05-13 08:24:00,76.689995
2018-05-13 09:23:00,
2018-05-13 10:04:00,
2018-05-13 11:02:00,75.939995
2018-05-13 11:42:00,
2018-05-14 08:02:00,
2018-05-14 09:02:00,75.11999499999997
2018-05-14 09:44:00,
2018-05-14 10:42:00,80.979996
2018-05-14 11:22:00,
2018-05-15 07:42:00,
2018-05-15 08:41:00,80.11
2018-05-15 09:23:00,
2018-05-15 10:22:00,81.52
2018-05-15 11:01:00,
2018-05-16 08:20:00,
2018-05-16 09:02:00,74.84
2018-05-16 10:01:00,
2018-05-16 10:41:00,75.93
2018-05-16 11:39:00,
2018-05-17 07:59:00,
2018-05-17 08:41:00,63.01
2018-05-17 09:40:00,
2018-05-17 10:21:00,66.26
2018-05-17 11:19:00,
2018-05-18 08:20:00,64.86999499999999
2018-05-18 09:20:00,
2018-05-18 10:01:00,
2018-05-18 10:59:00,69.13
2018-05-18 11:39:00,
2018-05-19 07:59:00,
2018-05-19 08:59:00,76.18
2018-05-19 09:40:00,
2018-05-19 10:39:00,74.34
2018-05-19 11:18:00,
2018-05-20 07:39:00,
2018-05-20 08:38:00,74.35
2018-05-20 09:19:00,
2018-05-20 10:18:00,78.189995
2018-05-20 10:58:00,
2018-05-21 08:17:00,
2018-05-21 08:58:00,80.189995
2018-05-21 09:58:00,
2018-05-21 10:38:00,78.439995
2018-05-21 11:36:00,
2018-05-22 07:56:00,
2018-05-22 08:37:00,76.88
2018-05-22 09:37:00,
2018-05-22 10:18:00,79.28
2018-05-22 11:15:00,
2018-05-23 08:16:00,
2018-05-23 09:16:00,
2018-05-23 09:57:00,
2018-05-23 10:55:00,78.38
2018-05-23 11:35:00,
2018-05-24 07:55:00,
2018-05-24 08:55:00,78.52
2018-05-24 09:36:00,
2018-05-24 10:35:00,78.49
2018-05-24 11:15:00,
2018-05-25 08:34:00,85.6
2018-05-25 09:15:00,
2018-05-25 10:15:00,81.95
2018-05-25 10:54:00,82.36999499999997
2018-05-25 11:52:00,
2018-05-26 08:13:00,
2018-05-26 08:55:00,67.92
2018-05-26 09:55:00,
2018-05-26 10:34:00,73.32
2018-05-26 11:32:00,
2018-05-27 07:52:00,
2018-05-27 08:34:00,76.00999499999998
2018-05-27 09:33:00,
2018-05-27 10:14:00,77.75999499999998
2018-05-27 11:12:00,
2018-05-28 08:12:00,
2018-05-28 09:13:00,
2018-05-28 09:54:00,
2018-05-28 10:52:00,91.92
2018-05-28 11:32:00,
2018-05-29 07:51:00,
2018-05-29 08:52:00,80.979996
2018-05-29 09:33:00,
2018-05-29 10:32:00,81.46
2018-05-29 11:11:00,
2018-05-30 08:31:00,76.15999599999998
2018-05-30 09:12:00,
2018-05-30 10:11:00,
2018-05-30 10:51:00,84.439995
2018-05-30 11:50:00,
2018-05-31 08:09:00,
2018-05-31 08:51:00,75.72
2018-05-31 09:51:00,
2018-05-31 10:31:00,80.86999499999997
2018-05-31 11:29:00,
2018-06-01 07:49:00,
2018-06-01 08:30:00,74.28
2018-06-01 09:30:00,
2018-06-01 10:11:00,71.11999499999997
2018-06-01 11:09:00,
2018-06-02 08:09:00,
2018-06-02 09:09:00,69.61999499999999
2018-06-02 09:50:00,
2018-06-02 10:48:00,79.13
2018-06-02 11:28:00,
2018-06-03 07:48:00,
2018-06-03 08:48:00,69.979996
2018-06-03 09:28:00,
2018-06-03 09:30:00,
2018-06-03 10:28:00,65.34
2018-06-03 11:08:00,
2018-06-04 08:27:00,65.439995
2018-06-04 09:08:00,
2018-06-04 10:08:00,
2018-06-04 10:47:00,65.49
2018-06-04 11:46:00,
2018-06-05 08:06:00,
2018-06-05 08:47:00,58.059998
2018-06-05 09:47:00,
2018-06-05 10:27:00,55.68
2018-06-05 11:25:00,
2018-06-06 07:46:00,
2018-06-06 08:26:00,58.93
2018-06-06 09:26:00,
2018-06-06 10:07:00,57.57
2018-06-06 11:05:00,61.03
2018-06-06 11:45:00,
2018-06-07 08:05:00,
2018-06-07 09:06:00,60.359997
2018-06-07 09:47:00,
2018-06-07 10:45:00,68.4
2018-06-07 11:24:00,
2018-06-08 07:45:00,
2018-06-08 08:45:00,64.36
2018-06-08 09:25:00,
2018-06-08 10:25:00,56.079997999999996
2018-06-08 11:04:00,
2018-06-09 08:23:00,
2018-06-09 09:05:00,
2018-06-09 10:05:00,
2018-06-09 10:44:00,74.21
2018-06-09 11:42:00,
2018-06-10 08:02:00,
2018-06-10 08:44:00,76.82
2018-06-10 09:44:00,
2018-06-10 10:24:00,71.68
2018-06-10 11:22:00,
2018-06-11 08:23:00,67.549995
2018-06-11 09:23:00,
2018-06-11 10:03:00,
2018-06-11 11:02:00,77.24
2018-06-11 11:41:00,
2018-06-12 08:01:00,
2018-06-12 09:02:00,52.11
2018-06-12 09:43:00,
2018-06-12 10:42:00,62.07
2018-06-12 11:21:00,
2018-06-13 07:41:00,
2018-06-13 08:41:00,62.64
2018-06-13 09:22:00,
2018-06-13 10:21:00,58.87
2018-06-13 11:01:00,
2018-06-14 08:20:00,
2018-06-14 09:01:00,60.379996999999996
2018-06-14 10:01:00,
2018-06-14 10:40:00,85.299995
2018-06-14 11:39:00,
2018-06-15 07:59:00,
2018-06-15 08:40:00,78.9
2018-06-15 09:40:00,
2018-06-15 10:20:00,73.95
2018-06-15 11:19:00,
2018-06-16 08:19:00,65.13
2018-06-16 09:19:00,
2018-06-16 10:00:00,
2018-06-16 10:58:00,77.74
2018-06-16 11:38:00,
2018-06-17 07:58:00,
2018-06-17 08:59:00,69.7
2018-06-17 09:39:00,
2018-06-17 10:38:00,74.18
2018-06-17 11:17:00,
2018-06-18 07:38:00,
2018-06-18 08:38:00,90.78
2018-06-18 09:18:00,
2018-06-18 10:18:00,83.35
2018-06-18 10:57:00,
2018-06-19 08:16:00,
2018-06-19 08:57:00,77.31
2018-06-19 09:58:00,
2018-06-19 10:37:00,77.549995
2018-06-19 11:35:00,
2018-06-20 07:55:00,
2018-06-20 08:37:00,62.26
2018-06-20 09:36:00,
2018-06-20 10:17:00,63.699996999999996
2018-06-20 11:15:00,
2018-06-21 08:15:00,
2018-06-21 09:16:00,
2018-06-21 09:56:00,
2018-06-21 10:55:00,73.65
2018-06-21 11:34:00,
2018-06-22 07:54:00,
2018-06-22 08:55:00,65.75
2018-06-22 09:35:00,
2018-06-22 10:35:00,65.92
2018-06-22 11:14:00,
2018-06-23 08:34:00,57.5
2018-06-23 09:15:00,
2018-06-23 10:15:00,
2018-06-23 10:54:00,57.699996999999996
2018-06-23 11:52:00,
2018-06-24 08:13:00,
2018-06-24 08:54:00,63.399998
2018-06-24 09:54:00,
2018-06-24 10:33:00,60.98
2018-06-24 11:32:00,
2018-06-25 07:52:00,
2018-06-25 08:33:00,59.76
2018-06-25 09:33:00,
2018-06-25 10:13:00,62.14
2018-06-25 11:12:00,
2018-06-26 08:12:00,
2018-06-26 09:12:00,
2018-06-26 09:53:00,
2018-06-26 10:52:00,73.53
2018-06-26 11:31:00,
2018-06-27 07:51:00,
2018-06-27 08:51:00,66.979996
2018-06-27 09:32:00,
2018-06-27 10:31:00,65.51
2018-06-27 11:10:00,
2018-06-28 08:30:00,78.47
2018-06-28 09:11:00,
2018-06-28 10:11:00,
2018-06-28 10:50:00,81.939995
2018-06-28 11:49:00,
2018-06-29 08:09:00,
2018-06-29 08:50:00,57.66
2018-06-29 09:51:00,
2018-06-29 10:30:00,59.55
2018-06-29 11:28:00,
2018-06-30 07:49:00,
2018-06-30 08:29:00,64.52
2018-06-30 09:29:00,
2018-06-30 10:10:00,59.219997
2018-06-30 11:08:00,
2018-07-01 08:08:00,
2018-07-01 09:09:00,68.54
2018-07-01 09:49:00,
2018-07-01 10:48:00,75.78
2018-07-01 11:27:00,
2018-07-02 07:46:00,
2018-07-02 08:48:00,78.799995
2018-07-02 09:28:00,
2018-07-02 10:28:00,72.88
2018-07-02 11:07:00,
2018-07-03 08:27:00,72.65999599999998
2018-07-03 09:07:00,
2018-07-03 10:08:00,
2018-07-03 10:47:00,70.79
2018-07-03 11:46:00,
2018-07-04 08:05:00,
2018-07-04 08:47:00,63.01
2018-07-04 09:47:00,
2018-07-04 10:26:00,57.969997
2018-07-04 11:25:00,
2018-07-05 07:46:00,
2018-07-05 08:26:00,66.02
2018-07-05 09:26:00,
2018-07-05 10:06:00,60.52
2018-07-05 11:05:00,67.07
2018-07-05 11:44:00,
2018-07-06 08:03:00,
2018-07-06 09:05:00,62.44
2018-07-06 09:46:00,
2018-07-06 10:45:00,68.75
2018-07-06 11:23:00,
2018-07-07 07:44:00,
2018-07-07 08:44:00,59.17
2018-07-07 09:24:00,
2018-07-07 10:24:00,56.809998
2018-07-07 11:03:00,
2018-07-08 08:23:00,
2018-07-08 09:04:00,
2018-07-08 10:04:00,
2018-07-08 10:43:00,67.58
2018-07-08 11:42:00,
2018-07-09 08:02:00,
2018-07-09 08:43:00,62.76
2018-07-09 09:43:00,
2018-07-09 10:23:00,58.18
2018-07-09 11:22:00,
2018-07-10 08:22:00,75.03
2018-07-10 09:22:00,
2018-07-10 10:03:00,
2018-07-10 11:01:00,77.32
2018-07-10 11:41:00,
2018-07-11 08:00:00,
2018-07-11 09:02:00,69.29
2018-07-11 09:42:00,
2018-07-11 10:41:00,79.89
2018-07-11 11:20:00,
2018-07-12 07:39:00,
2018-07-12 08:41:00,76.39
2018-07-12 09:21:00,
2018-07-12 10:21:00,69.939995
2018-07-12 11:00:00,
2018-07-13 08:19:00,
2018-07-13 09:00:00,70.61999499999997
2018-07-13 10:01:00,
2018-07-13 10:39:00,70.92
2018-07-13 11:38:00,
2018-07-14 07:58:00,
2018-07-14 08:39:00,67.47
2018-07-14 09:40:00,
2018-07-14 10:19:00,65.7
2018-07-14 11:18:00,
2018-07-15 08:18:00,70.46
2018-07-15 09:19:00,
2018-07-15 09:59:00,
2018-07-15 10:58:00,73.99
2018-07-15 11:37:00,
2018-07-16 07:56:00,
2018-07-16 08:58:00,71.2
2018-07-16 09:38:00,
2018-07-16 10:38:00,75.29
2018-07-16 11:16:00,
2018-07-17 08:37:00,79.6
2018-07-17 09:17:00,
2018-07-17 10:18:00,67.38
2018-07-17 10:56:00,
2018-07-18 08:16:00,
2018-07-18 08:56:00,62.809998
2018-07-18 09:57:00,
2018-07-18 10:36:00,76.6
2018-07-18 11:35:00,
2018-07-19 07:55:00,
2018-07-19 08:36:00,65.229996
2018-07-19 10:16:00,63.42
2018-07-19 11:15:00,
2018-07-20 08:14:00,
2018-07-20 09:15:00,
2018-07-20 09:55:00,
2018-07-20 10:55:00,76.479996
2018-07-20 11:33:00,
2018-07-21 07:53:00,
2018-07-21 08:55:00,68.6
2018-07-21 09:35:00,
2018-07-21 10:34:00,69.35
2018-07-21 11:13:00,
2018-07-22 08:34:00,73.68
2018-07-22 09:14:00,
2018-07-22 10:14:00,71.11
2018-07-22 10:53:00,67.799995
2018-07-22 11:52:00,
2018-07-23 08:12:00,
2018-07-23 08:53:00,51.48
2018-07-23 09:54:00,
2018-07-23 10:32:00,58.469997
2018-07-23 11:32:00,
2018-07-24 07:52:00,
2018-07-24 08:32:00,68.229996
2018-07-24 09:32:00,
2018-07-24 10:12:00,63.84
2018-07-24 11:11:00,
2018-07-25 08:11:00,
2018-07-25 09:12:00,
2018-07-25 09:52:00,
2018-07-25 10:51:00,77.4
2018-07-25 11:30:00,
2018-07-26 07:49:00,
2018-07-26 08:51:00,66.11
2018-07-26 09:31:00,
2018-07-26 10:31:00,67.939995
2018-07-26 11:09:00,
2018-07-27 08:30:00,70.35
2018-07-27 09:10:00,
2018-07-27 10:11:00,
2018-07-27 10:49:00,69.439995
2018-07-27 11:48:00,
2018-07-28 08:09:00,
2018-07-28 08:49:00,61.109997
2018-07-28 09:50:00,
2018-07-28 10:29:00,62.92
2018-07-28 11:28:00,
2018-07-29 07:48:00,
2018-07-29 08:28:00,100.0
2018-07-29 09:29:00,
2018-07-29 10:09:00,100.0
2018-07-29 11:08:00,
2018-07-30 08:06:00,
2018-07-30 09:08:00,88.81
2018-07-30 09:48:00,
2018-07-30 10:48:00,87.52
2018-07-30 11:26:00,
2018-07-31 07:46:00,
2018-07-31 08:47:00,100.0
2018-07-31 09:27:00,
2018-07-31 10:27:00,100.0
2018-07-31 11:06:00,
2018-08-01 08:26:00,85.82
2018-08-01 09:06:00,
2018-08-01 10:07:00,
2018-08-01 10:46:00,83.13
2018-08-01 11:45:00,
2018-08-02 08:04:00,
2018-08-02 08:06:00,
2018-08-02 08:46:00,75.52
2018-08-02 09:47:00,
2018-08-02 10:25:00,75.549995
2018-08-02 11:25:00,
2018-08-03 07:45:00,
2018-08-03 08:25:00,71.32
2018-08-03 09:25:00,
2018-08-03 10:05:00,78.71
2018-08-03 11:04:00,
2018-08-03 11:43:00,
2018-08-04 08:03:00,
2018-08-04 09:05:00,67.51
2018-08-04 09:45:00,
2018-08-04 10:44:00,72.26
2018-08-04 11:22:00,
2018-08-05 07:43:00,
2018-08-05 08:44:00,78.479996
2018-08-05 09:23:00,
2018-08-05 10:24:00,96.03
2018-08-05 11:02:00,
2018-08-06 08:23:00,
2018-08-06 09:03:00,
2018-08-06 10:04:00,
2018-08-06 10:42:00,65.64
2018-08-06 11:42:00,
2018-08-07 08:01:00,
2018-08-07 08:42:00,64.54
2018-08-07 09:43:00,
2018-08-07 10:22:00,64.299995
2018-08-07 11:21:00,
2018-08-08 08:21:00,69.76
2018-08-08 09:22:00,
2018-08-08 10:02:00,
2018-08-08 11:01:00,74.84
2018-08-08 11:39:00,
2018-08-09 07:59:00,
2018-08-09 09:01:00,67.46
2018-08-09 09:41:00,
2018-08-09 10:41:00,72.93
2018-08-09 11:19:00,
2018-08-10 07:39:00,
2018-08-10 08:40:00,90.59
2018-08-10 09:20:00,
2018-08-10 10:21:00,93.34
2018-08-10 10:59:00,
2018-08-11 08:19:00,
2018-08-11 08:59:00,65.049995
2018-08-11 10:00:00,
2018-08-11 10:39:00,63.969997
2018-08-11 11:38:00,
2018-08-12 07:58:00,
2018-08-12 08:38:00,58.21
2018-08-12 09:39:00,
2018-08-12 10:18:00,59.67
2018-08-12 11:18:00,
2018-08-13 08:17:00,59.21
2018-08-13 09:18:00,
2018-08-13 09:58:00,
2018-08-13 10:57:00,68.2
2018-08-13 11:36:00,
2018-08-14 07:55:00,
2018-08-14 08:58:00,52.6
2018-08-14 09:37:00,
2018-08-14 10:37:00,58.76
2018-08-14 11:15:00,
2018-08-15 07:36:00,
2018-08-15 08:37:00,61.12
2018-08-15 09:16:00,
2018-08-15 10:17:00,54.3
2018-08-15 10:55:00,
2018-08-16 08:15:00,
2018-08-16 08:55:00,53.27
2018-08-16 09:57:00,
2018-08-16 10:35:00,63.3
2018-08-16 11:34:00,
2018-08-17 07:55:00,
2018-08-17 08:35:00,69.54
2018-08-17 09:35:00,
2018-08-17 10:15:00,70.28
2018-08-17 11:14:00,
2018-08-18 08:13:00,
2018-08-18 09:15:00,
2018-08-18 09:54:00,
2018-08-18 10:54:00,68.89
2018-08-18 11:32:00,
2018-08-19 07:52:00,
2018-08-19 08:54:00,73.13
2018-08-19 09:34:00,
2018-08-19 10:34:00,62.67
2018-08-19 11:12:00,
2018-08-20 08:33:00,61.51
2018-08-20 09:13:00,
2018-08-20 10:14:00,66.29
2018-08-20 10:52:00,58.14
2018-08-20 11:52:00,
2018-08-21 08:12:00,
2018-08-21 08:52:00,53.89
2018-08-21 09:53:00,
2018-08-21 10:31:00,57.21
2018-08-21 11:31:00,
2018-08-22 07:51:00,
2018-08-22 08:31:00,52.09
2018-08-22 09:32:00,
2018-08-22 10:11:00,68.84
2018-08-22 11:11:00,
2018-08-23 08:10:00,
2018-08-23 09:11:00,
2018-08-23 09:51:00,
2018-08-23 10:51:00,68.97
2018-08-23 11:29:00,
2018-08-24 07:48:00,
2018-08-24 08:51:00,96.2
2018-08-24 09:30:00,
2018-08-24 10:30:00,92.9
2018-08-24 11:08:00,
2018-08-25 08:29:00,74.03
2018-08-25 09:09:00,
2018-08-25 10:10:00,
2018-08-25 10:48:00,71.4
2018-08-25 11:48:00,
2018-08-26 08:08:00,
2018-08-26 08:48:00,64.15999599999999
2018-08-26 09:50:00,
2018-08-26 10:28:00,65.90999599999999
2018-08-26 11:28:00,
2018-08-27 07:48:00,
2018-08-27 08:27:00,59.55
2018-08-27 09:28:00,
2018-08-27 10:08:00,63.3
2018-08-27 11:07:00,
2018-08-28 08:05:00,
2018-08-28 09:08:00,77.36
2018-08-28 09:47:00,
2018-08-28 10:47:00,80.36
2018-08-28 11:25:00,
2018-08-29 07:45:00,
2018-08-29 08:47:00,67.40999599999999
2018-08-29 09:26:00,
2018-08-29 10:27:00,77.43
2018-08-29 11:05:00,
2018-08-30 08:26:00,89.09
2018-08-30 09:05:00,
2018-08-30 10:07:00,
2018-08-30 10:45:00,83.979996
2018-08-30 11:45:00,
2018-08-31 08:04:00,
2018-08-31 08:45:00,63.129996999999996
2018-08-31 09:46:00,
2018-08-31 10:24:00,58.739998
2018-08-31 11:24:00,
2018-09-01 07:45:00,
2018-09-01 08:23:00,63.32
2018-09-01 09:25:00,
2018-09-01 10:04:00,62.52
2018-09-01 11:04:00,66.65999599999999
2018-09-01 11:42:00,
2018-09-02 08:02:00,
2018-09-02 09:04:00,63.18
2018-09-02 09:44:00,
2018-09-02 10:44:00,68.5
2018-09-02 11:21:00,
2018-09-03 07:42:00,
2018-09-03 08:43:00,69.6
2018-09-03 09:22:00,
2018-09-03 10:23:00,66.11999499999999
2018-09-03 11:01:00,
2018-09-04 08:22:00,
2018-09-04 09:01:00,
2018-09-04 10:03:00,
2018-09-04 11:41:00,
2018-09-05 08:02:00,
2018-09-05 08:41:00,52.52
2018-09-05 09:42:00,
2018-09-05 10:21:00,50.039997
2018-09-05 11:21:00,
2018-09-06 08:20:00,57.39
2018-09-06 09:21:00,
2018-09-06 10:01:00,
2018-09-06 11:00:00,62.449996999999996
2018-09-06 11:39:00,
2018-09-07 07:58:00,
2018-09-07 09:01:00,55.92
2018-09-07 09:40:00,
2018-09-07 10:40:00,59.699996999999996
2018-09-07 11:18:00,
2018-09-08 07:38:00,
2018-09-08 08:40:00,54.329997999999996
2018-09-08 09:19:00,
2018-09-08 10:20:00,52.11
2018-09-08 10:58:00,
2018-09-09 08:18:00,
2018-09-09 08:58:00,82.34
2018-09-09 10:00:00,
2018-09-09 10:37:00,81.17
2018-09-09 11:37:00,
2018-09-10 07:57:00,
2018-09-10 08:37:00,57.789997
2018-09-10 09:38:00,
2018-09-10 10:17:00,58.309998
2018-09-10 11:17:00,
2018-09-11 08:16:00,65.84
2018-09-11 09:18:00,
2018-09-11 09:57:00,
2018-09-11 10:57:00,66.939995
2018-09-11 11:35:00,
2018-09-12 07:55:00,
2018-09-12 08:57:00,80.22
2018-09-12 09:36:00,
2018-09-12 10:37:00,79.1
2018-09-12 11:14:00,
2018-09-13 07:35:00,
2018-09-13 08:36:00,62.989998
2018-09-13 09:15:00,
2018-09-13 10:17:00,60.85
2018-09-13 10:54:00,
2018-09-14 08:15:00,
2018-09-14 08:54:00,54.05
2018-09-14 09:56:00,
2018-09-14 10:34:00,60.01
2018-09-14 11:34:00,
2018-09-15 07:54:00,
2018-09-15 08:34:00,73.049995
2018-09-15 09:35:00,
2018-09-15 10:14:00,61.899998
2018-09-15 11:14:00,
2018-09-16 08:12:00,
2018-09-16 09:14:00,
2018-09-16 09:53:00,
2018-09-16 10:53:00,65.32
2018-09-16 11:31:00,
2018-09-17 07:51:00,
2018-09-17 08:54:00,71.86999499999997
2018-09-17 09:33:00,
2018-09-17 10:33:00,61.1
2018-09-17 11:11:00,
2018-09-18 08:32:00,63.89
2018-09-18 09:12:00,
2018-09-18 10:13:00,
2018-09-18 10:51:00,55.829997999999996
2018-09-18 11:51:00,
2018-09-19 08:11:00,
2018-09-19 08:51:00,79.31
2018-09-19 09:53:00,
2018-09-19 10:30:00,76.56
2018-09-19 11:30:00,
2018-09-20 07:51:00,
2018-09-20 08:30:00,65.39
2018-09-20 09:31:00,
2018-09-20 10:10:00,64.31
2018-09-20 11:10:00,
2018-09-21 08:09:00,
2018-09-21 09:11:00,
2018-09-21 09:50:00,
2018-09-21 10:50:00,59.559998
2018-09-21 11:28:00,
2018-09-22 07:48:00,
2018-09-22 08:50:00,72.34
2018-09-22 09:29:00,
2018-09-22 10:30:00,71.38
2018-09-22 11:07:00,
2018-09-23 08:29:00,55.94
2018-09-23 09:08:00,
2018-09-23 10:10:00,
2018-09-23 10:47:00,57.649998
2018-09-23 11:48:00,
2018-09-24 08:08:00,
2018-09-24 08:47:00,46.25
2018-09-24 09:49:00,
2018-09-24 10:27:00,56.28
2018-09-24 11:27:00,
2018-09-25 07:47:00,
2018-09-25 08:26:00,55.23
2018-09-25 09:28:00,
2018-09-25 10:07:00,84.61
2018-09-25 11:07:00,
2018-09-26 08:04:00,
2018-09-26 09:07:00,70.15
2018-09-26 09:46:00,
2018-09-26 10:47:00,75.5
2018-09-26 11:24:00,
2018-09-27 07:44:00,
2018-09-27 08:47:00,60.07
2018-09-27 09:25:00,
2018-09-27 10:27:00,62.42
2018-09-27 11:04:00,
2018-09-28 08:25:00,54.62
2018-09-28 09:04:00,
2018-09-28 10:06:00,
2018-09-28 10:43:00,57.17
2018-09-28 11:44:00,
2018-09-29 08:04:00,
2018-09-29 08:44:00,50.44
2018-09-29 09:46:00,
2018-09-29 10:23:00,56.14
2018-09-29 11:24:00,
2018-09-30 07:45:00,
2018-09-30 08:22:00,57.51
2018-09-30 09:24:00,
2018-09-30 10:03:00,65.479996
2018-09-30 11:04:00,57.53
2018-09-30 11:41:00,
2018-10-01 08:01:00,
2018-10-01 09:04:00,56.48
2018-10-01 09:43:00,
2018-10-01 10:43:00,58.6
2018-10-01 11:20:00,
2018-10-02 07:41:00,
2018-10-02 08:43:00,35.16
2018-10-02 09:21:00,
2018-10-02 10:23:00,46.059998
2018-10-02 11:00:00,
2018-10-03 08:22:00,
2018-10-03 09:01:00,
2018-10-03 10:03:00,
2018-10-03 10:40:00,59.25
2018-10-03 11:41:00,
2018-10-04 08:01:00,
2018-10-04 08:40:00,46.129996999999996
2018-10-04 09:42:00,
2018-10-04 10:20:00,55.829997999999996
2018-10-04 11:20:00,
2018-10-05 08:19:00,56.93
2018-10-05 09:21:00,
2018-10-05 09:59:00,
2018-10-05 11:00:00,61.42
2018-10-05 11:37:00,
2018-10-06 07:57:00,
2018-10-06 09:00:00,57.87
2018-10-06 09:39:00,
2018-10-06 10:40:00,62.079997999999996
2018-10-06 11:17:00,
2018-10-07 07:37:00,
2018-10-07 08:39:00,41.23
2018-10-07 09:18:00,
2018-10-07 10:20:00,40.55
2018-10-07 10:57:00,
2018-10-08 08:18:00,
2018-10-08 08:57:00,42.76
2018-10-08 09:59:00,
2018-10-08 10:36:00,58.359997
2018-10-08 11:37:00,
2018-10-09 07:57:00,
2018-10-09 08:36:00,50.1
2018-10-09 09:38:00,
2018-10-09 10:16:00,57.37
2018-10-09 11:17:00,
2018-10-10 08:15:00,55.11
2018-10-10 09:18:00,
2018-10-10 09:56:00,
2018-10-10 10:57:00,61.379996999999996
2018-10-10 11:34:00,
2018-10-11 07:54:00,
2018-10-11 08:57:00,56.579997999999996
2018-10-11 09:35:00,
2018-10-11 10:37:00,61.629996999999996
2018-10-11 11:13:00,
2018-10-12 07:34:00,
2018-10-12 08:36:00,61.87
2018-10-12 09:14:00,
2018-10-12 10:16:00,60.989998
2018-10-12 10:53:00,
2018-10-13 08:15:00,
2018-10-13 08:53:00,61.579997999999996
2018-10-13 09:56:00,
2018-10-13 10:33:00,71.64
2018-10-13 11:34:00,
2018-10-14 07:54:00,
2018-10-14 08:33:00,73.6
2018-10-14 09:35:00,
2018-10-14 10:13:00,71.99
2018-10-14 11:14:00,
2018-10-15 08:11:00,
2018-10-15 09:14:00,
2018-10-15 09:52:00,
2018-10-15 10:53:00,58.359997
2018-10-15 11:30:00,
2018-10-16 07:50:00,
2018-10-16 08:53:00,52.149998
2018-10-16 09:31:00,
2018-10-16 10:33:00,56.289997
2018-10-16 11:10:00,
2018-10-17 08:32:00,56.16
2018-10-17 09:10:00,
2018-10-17 10:13:00,
2018-10-17 10:50:00,55.46
2018-10-17 11:51:00,
2018-10-18 08:11:00,
2018-10-18 08:50:00,54.14
2018-10-18 09:53:00,
2018-10-18 10:29:00,58.629996999999996
2018-10-18 11:30:00,
2018-10-19 07:51:00,
2018-10-19 08:29:00,53.05
2018-10-19 09:31:00,
2018-10-19 10:09:00,57.43
2018-10-19 11:10:00,
2018-10-20 08:07:00,
2018-10-20 09:11:00,
2018-10-20 09:49:00,
2018-10-20 10:50:00,67.68
2018-10-20 11:27:00,
2018-10-21 07:46:00,
2018-10-21 08:50:00,72.88
2018-10-21 09:28:00,
2018-10-21 10:30:00,70.96
2018-10-21 11:06:00,
2018-10-22 08:29:00,48.61
2018-10-22 09:07:00,
2018-10-22 10:10:00,
2018-10-22 10:46:00,49.94
2018-10-22 11:48:00,
2018-10-23 08:07:00,
2018-10-23 08:46:00,20.47
2018-10-23 09:49:00,
2018-10-23 10:26:00,33.12
2018-10-23 11:27:00,
2018-10-24 07:47:00,
2018-10-24 08:25:00,40.149998
2018-10-24 09:28:00,
2018-10-24 10:06:00,41.3
2018-10-24 11:07:00,
2018-10-25 08:03:00,
2018-10-25 09:07:00,31.449999
2018-10-25 09:45:00,
2018-10-25 10:47:00,44.1
2018-10-25 11:23:00,
2018-10-26 07:42:00,
2018-10-26 08:46:00,23.619999
2018-10-26 09:24:00,
2018-10-26 10:26:00,27.68
2018-10-26 11:03:00,
2018-10-27 09:03:00,
2018-10-27 10:42:00,14.13
2018-10-28 08:42:00,1.38
2018-10-28 10:22:00,4.0
2018-10-29 08:21:00,0.0
2018-10-29 10:02:00,0.0
2018-10-29 11:39:00,
2018-10-30 08:00:00,
2018-10-30 09:42:00,
2018-10-30 11:19:00,
2018-10-31 07:39:00,
2018-10-31 09:20:00,
2018-10-31 10:59:00,
2018-11-01 09:00:00,
2018-11-01 10:39:00,46.66
2018-11-02 08:39:00,45.34
2018-11-02 10:19:00,48.1
2018-11-03 08:18:00,43.84
2018-11-03 09:58:00,
2018-11-03 11:37:00,
2018-11-04 07:56:00,
2018-11-04 09:38:00,
2018-11-04 11:16:00,
2018-11-05 07:36:00,
2018-11-05 09:17:00,
2018-11-05 10:56:00,
2018-11-06 08:56:00,46.55
2018-11-06 10:35:00,42.95
2018-11-07 08:35:00,68.21
2018-11-07 10:15:00,64.99
2018-11-08 08:14:00,70.33
2018-11-08 09:55:00,
2018-11-08 11:33:00,
2018-11-09 07:53:00,
2018-11-09 09:34:00,
2018-11-09 11:12:00,
2018-11-10 07:32:00,
2018-11-10 09:13:00,
2018-11-10 10:52:00,
2018-11-11 08:52:00,82.56
2018-11-11 10:32:00,84.47
2018-11-12 08:31:00,88.17
2018-11-12 10:12:00,84.00999499999998
2018-11-13 08:10:00,
2018-11-13 09:51:00,
2018-11-13 11:29:00,
2018-11-14 07:49:00,
2018-11-14 09:30:00,
2018-11-14 11:09:00,
2018-11-15 09:09:00,
2018-11-15 10:48:00,51.199996999999996
2018-11-16 08:49:00,51.46
2018-11-16 10:28:00,66.71
2018-11-17 08:28:00,63.219997
2018-11-17 10:08:00,64.61
2018-11-18 08:06:00,
2018-11-18 09:48:00,
2018-11-18 11:25:00,
2018-11-19 07:45:00,
2018-11-19 09:26:00,
2018-11-19 11:05:00,
2018-11-20 09:06:00,
2018-11-20 10:45:00,34.16
2018-11-21 08:45:00,0.0
2018-11-21 10:25:00,4.27
2018-11-22 08:24:00,21.8
2018-11-22 10:04:00,8.75
2018-11-23 08:03:00,
2018-11-23 09:44:00,
2018-11-23 11:22:00,
2018-11-24 07:42:00,
2018-11-24 09:23:00,
2018-11-24 11:01:00,
2018-11-25 09:02:00,
2018-11-25 10:41:00,27.18
2018-11-26 08:41:00,1.42
2018-11-26 10:21:00,0.0
2018-11-27 08:20:00,0.0
2018-11-27 10:01:00,0.0
2018-11-27 11:39:00,
2018-11-28 07:59:00,
2018-11-28 09:40:00,
2018-11-28 11:18:00,
2018-11-29 07:38:00,
2018-11-29 09:19:00,
2018-11-29 10:58:00,
2018-11-30 08:58:00,
2018-11-30 10:38:00,49.71
2018-12-01 08:38:00,52.44
2018-12-01 10:17:00,51.34
2018-12-02 08:16:00,29.57
2018-12-02 09:57:00,
2018-12-02 11:35:00,
2018-12-03 07:55:00,
2018-12-03 09:37:00,
2018-12-03 11:15:00,
2018-12-04 07:35:00,
2018-12-04 09:16:00,
2018-12-04 10:54:00,
2018-12-05 08:55:00,0.0
2018-12-05 10:34:00,15.299999
2018-12-06 08:34:00,12.73
2018-12-06 10:14:00,4.63
2018-12-07 08:13:00,14.98
2018-12-07 09:54:00,
2018-12-07 11:31:00,
2018-12-08 07:51:00,
2018-12-08 09:33:00,
2018-12-08 11:11:00,
2018-12-09 07:31:00,
2018-12-09 09:12:00,
2018-12-09 10:51:00,
2018-12-10 08:51:00,8.15
2018-12-10 10:30:00,29.66
2018-12-11 08:30:00,25.51
2018-12-11 10:10:00,12.099999
2018-12-12 08:09:00,
2018-12-12 09:50:00,
2018-12-12 11:28:00,
2018-12-13 07:48:00,
2018-12-13 09:29:00,
2018-12-13 11:07:00,
2018-12-14 09:08:00,
2018-12-14 10:47:00,37.55
2018-12-15 08:47:00,23.47
2018-12-15 10:27:00,36.239998
2018-12-16 08:26:00,36.14
2018-12-16 10:07:00,17.93
2018-12-17 08:05:00,
2018-12-17 09:46:00,
2018-12-17 11:24:00,
2018-12-18 07:44:00,
2018-12-18 09:25:00,
2018-12-18 11:04:00,
2018-12-19 09:04:00,
2018-12-19 10:44:00,32.16
2018-12-20 08:44:00,23.32
2018-12-20 10:23:00,28.75
2018-12-21 08:23:00,35.559998
2018-12-21 10:03:00,11.7
2018-12-22 08:01:00,
2018-12-22 09:43:00,
2018-12-22 11:20:00,
2018-12-23 07:40:00,
2018-12-23 09:21:00,
2018-12-23 11:00:00,
2018-12-24 09:01:00,
2018-12-24 10:40:00,37.5
2018-12-25 08:40:00,50.1
2018-12-25 10:20:00,53.879996999999996
2018-12-26 08:19:00,47.92
2018-12-26 10:00:00,40.719997
2018-12-26 11:37:00,
2018-12-27 07:57:00,
2018-12-27 09:39:00,
2018-12-27 11:17:00,
2018-12-28 07:37:00,
2018-12-28 09:18:00,
2018-12-28 10:57:00,
2018-12-29 08:57:00,
2018-12-29 10:36:00,49.75
2018-12-30 08:36:00,32.53
2018-12-30 10:16:00,28.43
