metrics/grid_rasters/CCI Active/grideval_CCI Active_X_spring_2017_absolute_bias.asc
ncols 52
nrows 55
xllcorner     11.25
yllcorner     55.25
cellsize      0.25
NODATA_value  -9999
[rows 0 to 29 of 55, columns 0 to 51 of 52]
-9999 -9999 -9999 -9999 -9999 -9999 -9999 -9999 -9999 -9999 -9999 -9999 -9999 -9999 -9999 -9999 -9999 -9999 -9999 -9999 -9999 -9999 -9999 -9999 -9999 -9999 -9999 -9999 -9999 -9999 -9999 -9999 -9999 -9999 -9999 -9999 -79.09574500322341 -75.47828538580374 -69.4531782037682 -9999 -9999 -9999 -9999 -9999 -9999 -9999 -9999 -9999 -9999 -9999 -9999 -9999
-9999 -9999 -9999 -9999 -9999 -9999 -9999 -9999 -9999 -9999 -9999 -9999 -9999 -9999 -9999 -9999 -9999 -9999 -9999 -9999 -9999 -9999 -9999 -9999 -9999 -9999 -9999 -9999 -9999 -9999 -9999 -9999 -9999 -9999 -9999 -9999 -69.44910908341407 -65.23929600715637 -56.66021067400774 -52.05277894437313 -51.362515464425094 -50.64449471235275 -9999 -9999 -9999 -9999 -9999 -9999 -9999 -9999 -9999 -9999
-9999 -9999 -9999 -9999 -9999 -9999 -9999 -9999 -9999 -9999 -9999 -9999 -9999 -9999 -9999 -9999 -9999 -9999 -9999 -9999 -9999 -9999 -9999 -9999 -9999 -9999 -9999 -74.96255123284128 -81.52961595675775 -81.32673223076328 -79.96592529863119 -78.75324737174171 -73.12659709561954 -59.42582832972209 -9999 -48.69866807427672 -46.95784613064357 -51.18630639463663 -54.66809356543752 -54.77293609455228 -54.38151009215249 -54.386466056108475 -54.7767310410738 -55.56183291077614 -56.44719762504101 -54.45257051862204 -9999 -9999 -9999 -9999 -9999 -9999
-9999 -9999 -9999 -9999 -9999 -9999 -9999 -9999 -9999 -9999 -9999 -9999 -9999 -9999 -9999 -9999 -9999 -9999 -9999 -9999 -9999 -9999 -9999 -9999 -9999 -9999 -9999 -9999 -9999 -79.80918999264638 -78.19494056013914 -56.05294309059778 -46.78413118634905 -43.752261208991214 -45.578009093801185 -50.31307693965294 -49.85835366908993 -49.79257498566921 -49.606213734700134 -50.21589813324122 -51.233864472670994 -53.48586920201778 -53.69090217649936 -52.98078312115236 -50.57855826119582 -52.59423145651817 -55.85075068101287 -58.09586673712028 -9999 -9999 -9999 -9999
-9999 -9999 -9999 -9999 -9999 -9999 -9999 -9999 -9999 -9999 -9999 -9999 -9999 -9999 -9999 -9999 -9999 -9999 -9999 -9999 -9999 -9999 -75.33189691684463 -80.54937171327825 -85.32045802196791 -86.84060836806894 -86.55237161210087 -85.19969415664674 -80.35741695513326 -78.81539486845334 -72.76537819306056 -69.29707996050517 -51.256451853296966 -49.77611341824135 -49.4634068235755 -52.4960198025493 -54.22809406722847 -54.93706684834078 -56.94057050943375 -56.99806601660593 -57.62104927003384 -59.08327664827046 -59.30088059521384 -58.73337297638258 -57.85245200834776 -56.93454825329153 -57.472347640328934 -59.485654362373886 -61.737473046407096 -9999 -9999 -9999
-9999 -9999 -9999 -9999 -9999 -9999 -9999 -9999 -9999 -9999 -9999 -9999 -9999 -9999 -9999 -9999 -9999 -9999 -9999 -9999 -9999 -86.31530565388347 -91.33214144855738 -90.24087392200123 -91.19111932218077 -88.6933018758893 -85.42482264772538 -81.92721768468618 -75.44044722616674 -68.1288125038147 -63.88032850466277 -58.488449785113325 -58.595534109755576 -57.73350405395031 -56.6323311838011 -52.60510975393382 -53.094883053710596 -54.64975743442774 -55.39978068728339 -57.71869820085439 -59.25583946501667 -60.581482295285575 -61.46586423570459 -63.609310555789214 -63.750356320487825 -63.079530784487716 -63.403843640404595 -64.78176569143929 -64.71095023583621 -9999 -9999 -9999
-9999 -9999 -9999 -9999 -9999 -9999 -9999 -9999 -9999 -9999 -9999 -9999 -9999 -9999 -9999 -9999 -9999 -9999 -9999 -9999 -58.04339052163638 -74.5971463382244 -89.40259830459304 -89.45645664665435 -90.51727836401692 -87.48763656440903 -80.37379287017717 -75.22192651629447 -68.72945690696889 -63.47733002088287 -56.66855577751994 -55.62237132887046 -55.30269017409194 -56.02324365079403 -54.073237577719354 -52.78643575906754 -52.60113412607461 -51.188409037391345 -52.35942865628749 -54.23897933171076 -56.641080140136175 -57.8967325406916 -60.27058880243983 -62.87805959696953 -64.15653068621954 -66.84528338015079 -69.5550420479849 -71.19315127935259 -72.64357588191827 -72.94104719327555 -9999 -9999
-9999 -9999 -9999 -9999 -9999 -9999 -9999 -9999 -9999 -9999 -9999 -9999 -9999 -9999 -9999 -9999 -9999 -9999 -9999 -9999 -9999 -81.81849557703191 -80.25438973621318 -81.34888208234632 -80.72188232243063 -72.87755746580659 -71.74728463377271 -68.41887642741203 -64.18598708212376 -60.19240933284164 -54.46110438108444 -53.72189592520396 -53.968042464210434 -56.574293872714044 -56.77827828470618 -56.4901572316885 -55.718699130229645 -56.23476940042833 -55.4683742672205 -57.720646310065476 -59.258123335242274 -61.46309749285379 -62.133837807178494 -63.78741212685904 -65.7182324975729 -68.00898869584005 -70.04989284364615 -71.65457745227549 -72.56966778222058 -9999 -9999 -9999
-9999 -9999 -9999 -9999 -9999 -9999 -9999 -9999 -9999 -9999 -9999 -9999 -9999 -9999 -9999 -9999 -9999 -9999 -9999 -83.91148448809982 -84.54753232498962 -83.43196263909341 -81.42400518457094 -79.04320912559827 -76.90371806336486 -69.4959996917418 -63.72204835819346 -61.61239399717135 -58.38430751071257 -56.011395508752145 -56.904819040559225 -56.82513602264226 -59.066631081072906 -59.69209378330331 -58.50652409841618 -57.82376808629317 -57.62434550325076 -57.4269933072584 -57.78230839967728 -59.14284441104302 -60.774222247799244 -62.799582281149924 -65.31326684355736 -66.32498456703291 -66.81014735334449 -68.24292786336608 -69.39154615418778 -70.47403320587344 -71.28099910335408 -71.86002005305555 -72.4782429362337 -9999
-9999 -9999 -9999 -9999 -9999 -9999 -9999 -9999 -9999 -9999 -9999 -9999 -9999 -9999 -9999 -9999 -9999 -9999 -82.14111319667585 -81.91246007623211 -82.03242388367653 -78.65094066162905 -77.3492596401618 -74.84019065045175 -72.73243318143345 -69.57225822069142 -63.29967477573797 -60.10403134199706 -57.461201409995546 -57.408340373459986 -59.18369513514795 -62.28571735038644 -64.00316972179073 -65.72083986981919 -66.28980420608269 -66.27308047480054 -64.07111021038145 -62.94638197422027 -61.39502990543842 -59.66053723196189 -58.95533503989379 -62.23167937117464 -65.6846546696292 -67.09853752868042 -70.60583521425723 -71.3210828021953 -71.38908770994136 -71.63115884128368 -72.30893769154423 -72.45399893114441 -70.70743273612527 -9999
-9999 -9999 -9999 -9999 -9999 -9999 -9999 -9999 -9999 -9999 -9999 -9999 -9999 -9999 -9999 -9999 -9999 -87.0730981788574 -84.91020942361732 -80.68610754389974 -76.25670193649572 -73.53792294286767 -71.97203874854105 -68.67350866548394 -64.32424720766997 -60.6373629158034 -60.121258591027825 -58.919414645060904 -57.971635212793075 -58.00329242120771 -56.9620452813412 -57.46230651810765 -59.014798052216825 -61.711699672788384 -63.31535263622509 -64.71883723840996 -65.99149093311279 -65.96982191304365 -66.03657288750013 -65.12082536332309 -64.49299152381718 -65.51938004493714 -63.62158322417074 -66.94581090197677 -69.2849174257029 -66.55061477422714 -65.49220499873161 -68.53840183060278 -67.97281713986939 -71.34810052576817 -9999 -9999
-9999 -9999 -9999 -9999 -9999 -9999 -9999 -9999 -9999 -9999 -9999 -9999 -9999 -90.45298724561123 -91.70712242798601 -92.43904646734396 -92.50583482700951 -90.82732513099907 -86.89350012646004 -80.91035725673039 -75.68000904917717 -72.42318297525247 -65.98211072385311 -61.19264784653981 -61.54642164011796 -63.116183226045806 -63.29475563215582 -62.814780853296575 -61.77068628057054 -61.35580110079363 -61.25945369899273 -61.236178252257794 -61.06737306300136 -61.2300236470559 -62.84472464190589 -63.482188164403574 -62.29533067180051 -63.660060744318706 -64.27334046032693 -63.270448904288436 -61.60261432081461 -61.23267494291067 -60.83092375099659 -60.40667273849249 -60.62241377014863 -62.13069348368379 -62.436548662682384 -62.64598927564093 -62.58099553865545 -66.07630414565405 -69.96812358727821 -9999
-9999 -9999 -9999 -9999 -9999 -9999 -9999 -9999 -9999 -9999 -9999 -9999 -9999 -91.7362788887251 -91.07300257164499 -88.05807783469862 -84.80886197154936 -85.4160580407632 -81.23273637317696 -76.58106915932147 -74.87831494212149 -66.32171280235052 -60.22488833218813 -60.564599498113004 -62.07630639870961 -64.52088042779972 -67.24785831901762 -68.21573396340797 -68.23362487397696 -67.4291630834341 -67.73209179099649 -67.97142298870227 -68.21011811412042 -68.72155409554641 -68.78412673771382 -69.95177525125052 -67.00658228141921 -68.65453771908174 -68.87385751112647 -68.61481677244107 -69.04049007346232 -69.1619414134572 -69.10105157395203 -68.09818820297718 -69.46400075219572 -69.50670809655085 -67.32221143231506 -69.63529075290027 -70.7285228876604 -73.14526528120041 -75.24734942729656 -74.7829131254783
-9999 -9999 -9999 -9999 -9999 -9999 -9999 -9999 -9999 -9999 -9999 -9999 -9999 -87.27715497144631 -84.28767407052922 -80.85475608818936 -79.84706652422365 -77.36271912303376 -76.70314798842776 -76.5348093522822 -68.94283030678828 -64.48486899398267 -63.11239286346568 -63.93227484121042 -65.99276743653942 -69.43077151756735 -72.09730140601887 -9999 -72.16611783785953 -71.06568400147889 -70.83834545314313 -71.0037228009767 -70.98073567763755 -70.02612676981248 -69.79081347442809 -69.16202844821271 -70.23303424228321 -71.0305849824633 -71.04945697174186 -72.01167047226971 -71.53351625263691 -71.19499690028337 -69.0230518375282 -68.79943992197515 -9999 -9999 -9999 -9999 -9999 -9999 -9999 -9999
-9999 -9999 -9999 -9999 -9999 -9999 -9999 -9999 -9999 -9999 -9999 -9999 -9999 -84.6966653325341 -82.28857654412944 -78.85784713694683 -73.90023585963756 -70.98283143374655 -70.39518410799116 -65.6137402242422 -68.04701449689658 -69.31163759469986 -69.23376195753615 -68.90992305071458 -69.40456619316882 -74.1667517632246 -76.24401727989316 -76.97922725191242 -74.58775907362762 -72.41012363955379 -70.69322189316155 -71.68345971984995 -71.55204591155051 -72.18419869244099 -71.44840078836395 -70.56880182027817 -70.12704948296673 -69.79203605181293 -70.2254974522761 -70.29714151263236 -70.98039905905723 -9999 -9999 -9999 -9999 -9999 -9999 -9999 -9999 -9999 -9999 -9999
-9999 -9999 -9999 -9999 -9999 -9999 -9999 -9999 -9999 -9999 -9999 -9999 -89.9340415770809 -84.99571920768781 -81.63288427889347 -76.76641524884296 -71.29725949688161 -68.2245763325414 -64.99810434294784 -67.16553538115252 -69.76046641249405 -73.13986054939382 -72.98963074315162 -73.6322289691085 -74.69974086965833 -76.15673396885396 -76.67858477160334 -76.80560730844736 -75.65984452084491 -75.69321665559944 -76.62627015929473 -74.35968933528976 -74.85317428959044 -74.7479564152658 -75.00352500308128 -73.41728827804327 -72.52438101329302 -71.56119468584657 -70.98496392795019 -71.87344919145106 -71.10668649673462 -9999 -9999 -9999 -9999 -9999 -9999 -9999 -9999 -9999 -9999 -9999
-9999 -9999 -9999 -9999 -9999 -9999 -9999 -9999 -9999 -9999 -9999 -81.19698430658603 -84.26502864693221 -84.18215554494124 -82.5891900229454 -77.56022229945907 -64.79380692023297 -62.97906059168634 -67.98304637748261 -70.10870396819982 -73.52417823374272 -75.32206837385894 -75.85445410084156 -75.73541733054888 -74.45692429691553 -74.90874404363011 -75.5612469904802 -75.9381547075781 -75.3056195669848 -74.47762534022331 -73.6484716547032 -72.50967469472776 -71.51644865520622 -74.78611090481282 -75.2738225814842 -74.2859550026201 -72.28956206855567 -72.44844455204226 -72.2740544128147 -71.02850793227553 -9999 -9999 -9999 -9999 -9999 -9999 -9999 -9999 -9999 -9999 -9999 -9999
-9999 -9999 -9999 -9999 -9999 -9999 -9999 -9999 -9999 -9999 -75.48941711682293 -76.75838465837099 -78.41143204431448 -80.3065925337698 -79.62382899224758 -66.5393581578606 -65.19835212199311 -69.28132758915424 -71.19243258362016 -74.8703209651368 -76.08438158531982 -77.89333645857515 -78.83228338048572 -78.24356605180286 -77.135110498152 -75.70668581646422 -76.41267055351483 -75.39734301512891 -75.25330750034614 -75.13717716661367 -74.78796860440211 -74.04996350861114 -73.9518754976717 -74.49499250735555 -74.73496878668666 -73.99255137358394 -72.56315589357506 -71.6323075592518 -70.79657457972115 -9999 -9999 -9999 -9999 -9999 -9999 -9999 -9999 -9999 -9999 -9999 -9999 -9999
-9999 -9999 -9999 -9999 -9999 -9999 -9999 -9999 -9999 -9999 -9999 -9999 -73.60675921749609 -74.03854352205383 -68.14551590669613 -70.05924367790038 -70.68199136542778 -73.04073552990502 -74.1416114927693 -74.6852172911167 -76.63216832563991 -77.51951605729434 -78.98271029928456 -79.49662802919097 -78.90589796978496 -77.72451124001633 -77.31969471275806 -76.34362596273422 -74.81523388773203 -73.37787871124844 -73.19537568027559 -72.66331324888313 -70.3353429043293 -69.25676125884056 -68.53536989998359 -68.36591715766832 -69.16275430364269 -70.46277394203041 -68.99162365620334 -65.35373860733075 -9999 -9999 -9999 -9999 -9999 -9999 -9999 -9999 -9999 -9999 -9999 -9999
-9999 -9999 -9999 -9999 -9999 -9999 -9999 -9999 -9999 -9999 -9999 -68.37397213901083 -68.18671714686431 -67.11873216651104 -66.14054533988238 -68.11517481064355 -70.34957281442789 -72.46349859654903 -72.26587045937777 -72.25721217745117 -73.42339567361134 -75.25406141523963 -76.20425344684294 -76.22386995543326 -75.39492013125584 -74.98946352611328 -74.66980850641373 -75.24910219143267 -74.55891724902649 -73.00580241903663 -71.86715611102788 -69.84917425177991 -68.85840555489064 -68.09143448829651 -67.51182406756186 -68.64847184381178 -69.53949271248919 -69.41842248166601 -66.09045559105773 -9999 -9999 -9999 -9999 -9999 -9999 -9999 -9999 -9999 -9999 -9999 -9999 -9999
-9999 -9999 -9999 -9999 -9999 -75.91419842839241 -76.43105251060592 -77.4908935197375 -78.16921321228146 -76.20593820346727 -65.71608095268408 -66.52471150351423 -65.56738744820318 -66.98552630687583 -66.87267559213298 -68.07396497554849 -69.75940926373005 -71.58483807210412 -71.52061831591458 -70.92347617344609 -71.7552329743902 -73.12697769155105 -74.44341066068617 -75.11020367566881 -75.25624804861015 -74.43800772096101 -73.52054183299724 -72.14422532088226 -71.51724994927646 -70.38977558083005 -69.32552877128124 -68.73152087684029 -68.02462029095852 -66.9142779300318 -66.62379517427513 -67.10628562036788 -66.02954592424281 -64.15362715669747 -9999 -9999 -9999 -9999 -9999 -9999 -9999 -9999 -9999 -9999 -9999 -9999 -9999 -9999
-9999 -9999 -9999 -9999 -74.09659528668891 -77.834213078022 -76.06652002996869 -73.94393729212436 -70.97223458506845 -69.25711250801879 -65.67543217320653 -66.63086086160996 -66.89396374119866 -67.66937344614415 -68.62470743285887 -69.3093954382404 -70.79349337617556 -71.14191213455695 -70.84368883871606 -70.06723637187055 -71.01941504329444 -70.91074379661987 -71.46735499703115 -72.51487248622136 -72.69063091946059 -71.5492171322306 -70.98465027606913 -69.79725426342338 -68.5565865420062 -67.3190781792005 -66.18100647484103 -65.48723569800778 -65.01089771836996 -64.31900472698672 -63.74861359064068 -9999 -9999 -9999 -9999 -9999 -9999 -9999 -9999 -9999 -9999 -9999 -9999 -9999 -9999 -9999 -9999 -9999
-9999 -9999 -9999 -73.6173005650441 -75.54404461456508 -73.54807010754233 -71.34897925481201 -68.49936766760504 -66.81315054226181 -64.89398370773503 -63.92520313155957 -64.91320979371667 -66.24339103989485 -67.91287223288887 -69.17945877835155 -69.55713169276714 -70.44049661308527 -70.68778573561994 -70.69975619018078 -70.717480047391 -70.8105962651968 -70.4539870493687 -70.28259110679993 -70.07445654769738 -69.43036397794883 -68.97447926092606 -66.8738023519516 -64.4612318986171 -60.440704884736434 -58.84734744815664 -57.93490928801752 -9999 -9999 -9999 -9999 -9999 -9999 -9999 -9999 -9999 -9999 -9999 -9999 -9999 -9999 -9999 -9999 -9999 -9999 -9999 -9999 -9999
-9999 -9999 -9999 -75.25744994335315 -71.62719516496402 -65.79897235206195 -63.62443028943879 -62.412611975272505 -62.7808782581876 -63.13607651208128 -62.74571973448846 -62.197733935307376 -63.6426886614826 -65.31313864952989 -67.85144261977611 -69.55572221662317 -70.24144154642859 -70.47336729257195 -70.39456034222475 -70.31258153694647 -70.09806476001229 -69.52569821051189 -69.39159087284847 -68.2678270548582 -67.53702857950702 -65.97554471855983 -62.224905680668975 -59.470139833318214 -54.22717302434501 -9999 -9999 -9999 -9999 -9999 -9999 -9999 -9999 -9999 -9999 -9999 -9999 -9999 -9999 -9999 -9999 -9999 -9999 -9999 -9999 -9999 -9999 -9999
-9999 -9999 -9999 -77.54038797439756 -75.4739680878627 -70.03687544203386 -68.27368202483332 -67.01131922808977 -66.72860438082107 -68.45481344017871 -68.21298419088126 -66.84897169165122 -65.24815354221745 -64.92063420030631 -65.56800443618685 -66.4888581874616 -67.59560639709234 -68.83075714004892 -69.396572113589 -69.48472478240728 -69.14800933620026 -68.818436026041 -68.32301109532516 -67.1096777463598 -65.07985161298087 -62.1663419118812 -9999 -56.78476277242103 -9999 -9999 -9999 -9999 -9999 -9999 -9999 -9999 -9999 -9999 -9999 -9999 -9999 -9999 -9999 -9999 -9999 -9999 -9999 -9999 -9999 -9999 -9999 -9999
-9999 -9999 -9999 -75.18896353636917 -75.51638794102165 -74.69692143627577 -74.22313775420189 -72.83462569195973 -72.05652112150804 -72.88243565671145 -70.59192665627128 -69.83812743473436 -66.7603483493581 -65.91225507669151 -66.6639056349794 -67.3154846774093 -67.6288045887594 -67.55752273619174 -66.73748254058539 -65.34522536496321 -64.3367106579244 -64.11235632815145 -63.072096703683634 -60.732925446658605 -58.03024785948354 -54.506308594887905 -50.33005263068174 -9999 -9999 -9999 -9999 -9999 -9999 -9999 -9999 -9999 -9999 -9999 -9999 -9999 -9999 -9999 -9999 -9999 -9999 -9999 -9999 -9999 -9999 -9999 -9999 -9999
-9999 -9999 -9999 -9999 -77.07097094722333 -76.18170503368883 -74.88258610981883 -73.05437567209205 -72.94405659702089 -71.93809475930962 -70.4858743109 -69.5711460603135 -67.26383707140174 -65.81253637059739 -65.3532381206751 -67.26578489397511 -67.8777808452646 -67.8760007492922 -66.86370712339878 -64.94955648268972 -62.66937370282231 -61.761877469718456 -59.69196452375721 -55.00749599614314 -9999 -9999 -9999 -9999 -9999 -9999 -9999 -9999 -9999 -9999 -9999 -9999 -9999 -9999 -9999 -9999 -9999 -9999 -9999 -9999 -9999 -9999 -9999 -9999 -9999 -9999 -9999 -9999
-9999 -9999 -9999 -9999 -75.64637813568115 -75.95482581180913 -77.12195576294776 -77.03034568329652 -76.13624552311377 -71.55921333504689 -71.12387743783303 -71.36098922789097 -69.78677085888657 -67.7037468319986 -66.79407098415223 -68.41937668994069 -69.38838888042504 -69.0242789811813 -68.75219470945497 -67.2477313445674 -66.29226178427537 -63.71969733387232 -60.31046345479347 -54.8222776471692 -46.63288391706271 -9999 -9999 -9999 -9999 -9999 -9999 -9999 -9999 -9999 -9999 -9999 -9999 -9999 -9999 -9999 -9999 -9999 -9999 -9999 -9999 -9999 -9999 -9999 -9999 -9999 -9999 -9999
-9999 -9999 -9999 -9999 -77.1357694901526 -77.20101442657133 -77.46377808998028 -78.49932853033145 -79.04475361062214 -76.00070741465862 -72.48195179159706 -71.40816317224188 -70.5341460600842 -68.70639746506576 -69.47792686942296 -71.20217204225412 -71.25767961570195 -69.4857731874912 -68.27343812873286 -66.58410149270838 -64.78928723846164 -63.58832527952536 -61.287385791540146 -53.78561309725046 -9999 -9999 -9999 -9999 -9999 -9999 -9999 -9999 -9999 -9999 -9999 -9999 -9999 -9999 -9999 -9999 -9999 -9999 -9999 -9999 -9999 -9999 -9999 -9999 -9999 -9999 -9999 -9999
-9999 -9999 -9999 -9999 -77.53408305606115 -77.39332191018681 -77.7040661162138 -79.10649170611913 -78.73509058885034 -77.7164034595092 -77.82483330523145 -76.12532167191857 -75.7569722192628 -75.30704055300781 -72.96351302514474 -71.64846120588481 -70.3966978170416 -69.08029100500248 -68.19616531227764 -66.31158422430356 -65.22002620116258 -63.729683672770484 -61.000443036641386 -9999 -9999 -9999 -9999 -9999 -9999 -9999 -9999 -9999 -9999 -9999 -9999 -9999 -9999 -9999 -9999 -9999 -9999 -9999 -9999 -9999 -9999 -9999 -9999 -9999 -9999 -9999 -9999 -9999
