metrics/grid_rasters/CCI Active/grideval_CCI Active_X_spring_2018_absolute_bias.asc
ncols 52
nrows 55
xllcorner     11.25
yllcorner     55.25
cellsize      0.25
NODATA_value  -9999
[rows 0 to 29 of 55, columns 0 to 51 of 52]
-9999 -9999 -9999 -9999 -9999 -9999 -9999 -9999 -9999 -9999 -9999 -9999 -9999 -9999 -9999 -9999 -9999 -9999 -9999 -9999 -9999 -9999 -9999 -9999 -9999 -9999 -9999 -9999 -9999 -9999 -9999 -9999 -9999 -9999 -9999 -9999 -66.2071288447631 -68.26831161819007 -71.61469955825144 -9999 -9999 -9999 -9999 -9999 -9999 -9999 -9999 -9999 -9999 -9999 -9999 -9999
-9999 -9999 -9999 -9999 -9999 -9999 -9999 -9999 -9999 -9999 -9999 -9999 -9999 -9999 -9999 -9999 -9999 -9999 -9999 -9999 -9999 -9999 -9999 -9999 -9999 -9999 -9999 -9999 -9999 -9999 -9999 -9999 -9999 -9999 -9999 -9999 -73.94275325387716 -76.0745786756277 -76.10922757089138 -75.66904935538768 -75.63050325363875 -76.47727982401848 -9999 -9999 -9999 -9999 -9999 -9999 -9999 -9999 -9999 -9999
-9999 -9999 -9999 -9999 -9999 -9999 -9999 -9999 -9999 -9999 -9999 -9999 -9999 -9999 -9999 -9999 -9999 -9999 -9999 -9999 -9999 -9999 -9999 -9999 -9999 -9999 -9999 -51.82448701018637 -60.613045093086036 -63.52443800494075 -62.40380576401949 -61.18847198705925 -60.72011520749047 -61.93342576785521 -9999 -71.62139434435151 -75.42071018164808 -78.90713055218968 -80.00465511353244 -79.8885360863947 -79.7263360917568 -78.39360056546602 -78.73542003536767 -79.12560405785388 -79.60813434286551 -78.28802101378855 -9999 -9999 -9999 -9999 -9999 -9999
-9999 -9999 -9999 -9999 -9999 -9999 -9999 -9999 -9999 -9999 -9999 -9999 -9999 -9999 -9999 -9999 -9999 -9999 -9999 -9999 -9999 -9999 -9999 -9999 -9999 -9999 -9999 -63.86119724810123 -60.8776503354311 -60.8984311302503 -58.029565196898254 -56.74914867877961 -58.65409025833721 -59.56860444446404 -61.55518185461943 -65.79660482016894 -68.33852014862575 -69.72329760686709 -73.2944877029707 -75.00562035972658 -75.43803033686203 -76.09841376737408 -76.8465533859056 -76.81162229245123 -74.78965834217767 -73.32789368808271 -73.91658644139768 -74.36666356146334 -9999 -9999 -9999 -9999
-9999 -9999 -9999 -9999 -9999 -9999 -9999 -9999 -9999 -9999 -9999 -9999 -9999 -9999 -9999 -9999 -9999 -9999 -9999 -9999 -9999 -9999 -52.28103308545219 -56.13172013282776 -63.080461761530714 -67.08632112791139 -67.62515555620193 -63.806254798715756 -61.58698701858521 -59.498817717656486 -62.19250426748221 -62.83970306664706 -65.7118263783909 -68.02173478291793 -65.25589973594134 -67.75306971715047 -66.01725193592054 -66.5957018376461 -67.3075008051736 -67.70134145181093 -67.91116663547498 -68.88279780532632 -69.34087103019867 -72.36158929077479 -73.15292863190173 -72.27382467985153 -72.28264473319055 -73.20019399762154 -73.9499774467945 -9999 -9999 -9999
-9999 -9999 -9999 -9999 -9999 -9999 -9999 -9999 -9999 -9999 -9999 -9999 -9999 -9999 -9999 -9999 -9999 -9999 -9999 -9999 -9999 -63.60452438432437 -70.0066677108407 -71.12231294810772 -72.83057177066803 -67.39862807897421 -61.231371849775314 -57.55331331704344 -55.271730752367716 -58.11289515942335 -63.35538219696 -69.87952936830975 -72.69726885245605 -75.60998765175992 -75.69991683182509 -71.39326479572516 -67.44654508946198 -67.25728924572468 -68.06358020167265 -69.20160455043826 -70.2459518206971 -71.12600068215814 -72.07406542556626 -73.99602700052438 -79.24816163008411 -79.40650487788345 -77.16316685390969 -76.81913850208123 -77.95668692433316 -9999 -9999 -9999
-9999 -9999 -9999 -9999 -9999 -9999 -9999 -9999 -9999 -9999 -9999 -9999 -9999 -9999 -9999 -9999 -9999 -9999 -9999 -9999 -57.49099355821426 -64.9398879762049 -66.28916591405869 -64.40403505482458 -63.96787731796503 -61.69822708765666 -53.349883429706104 -50.54027036183022 -51.95657801926136 -55.96454825997353 -61.280528126792476 -67.48631126094948 -72.82712178880519 -74.7385992291181 -71.94662413060666 -68.61039903042493 -67.26587171245504 -64.72089759686163 -64.75419253909162 -67.45849172053515 -72.88112603562574 -74.55475846864283 -76.46600992605092 -78.21660384597878 -81.31725549244362 -84.77199815958737 -85.17431535368615 -84.72275773232633 -83.41789518161255 -79.59034575459856 -9999 -9999
-9999 -9999 -9999 -9999 -9999 -9999 -9999 -9999 -9999 -9999 -9999 -9999 -9999 -9999 -9999 -9999 -9999 -9999 -9999 -9999 -9999 -56.72198423296213 -55.94335209225354 -56.932219640413926 -55.532672743712155 -54.19418657055268 -55.9332894384861 -55.393966725096114 -53.92948162555695 -57.939913702862604 -61.0019141801379 -63.595097675271646 -67.06324180960654 -66.20187420039265 -68.5229196013124 -69.04739672552657 -68.56872730564189 -67.61599426633782 -70.06860651552677 -74.33420596498509 -74.14972169697285 -74.97484487605591 -77.3683275638715 -78.35792297319226 -79.41838926206465 -82.4146825725382 -81.99364166415256 -81.46052472293377 -80.56253717710142 -9999 -9999 -9999
-9999 -9999 -9999 -9999 -9999 -9999 -9999 -9999 -9999 -9999 -9999 -9999 -9999 -9999 -9999 -9999 -9999 -9999 -9999 -60.947432050650775 -60.68575724214315 -60.23905590176582 -61.252956980041105 -59.3063424123185 -57.73574211200079 -53.81944308578968 -53.81247233667157 -54.996471412803814 -57.46796299905881 -60.816886142544135 -63.14119860591988 -66.04662604629993 -68.5625039221098 -70.79721171284716 -69.35004830475036 -70.72613786447506 -70.59808068087807 -71.19146708205894 -74.35442747414112 -75.47304114699364 -76.27017345700575 -75.344620499274 -76.76709835434502 -76.21078227071658 -75.99852507723415 -76.23135630462481 -76.57166024329871 -76.7867746113435 -76.71890605856542 -76.47724595795508 -76.24363186178 -9999
-9999 -9999 -9999 -9999 -9999 -9999 -9999 -9999 -9999 -9999 -9999 -9999 -9999 -9999 -9999 -9999 -9999 -9999 -63.10079784367395 -62.8823109052398 -65.36033571263154 -64.41349682211876 -63.196002806723115 -63.37506852596997 -62.95494369098118 -63.07476886565035 -64.01928594776176 -63.150635225617364 -63.340535669898 -65.49719624345501 -66.28966246724129 -71.58844963299191 -73.10759392575078 -73.95453321350658 -74.18798705870691 -73.86556130771834 -73.58444109916688 -76.8088990242585 -78.29289775003086 -78.40738958459009 -76.76598924059759 -75.17367505349897 -74.34484981610017 -73.8276585560778 -73.05449858121574 -73.12428393959998 -73.55558272575337 -73.79129193971555 -73.1046759355068 -73.40018572223683 -73.24735181654493 -9999
-9999 -9999 -9999 -9999 -9999 -9999 -9999 -9999 -9999 -9999 -9999 -9999 -9999 -9999 -9999 -9999 -9999 -68.69931245948139 -67.20219171047209 -66.19138307720422 -65.59785133316403 -66.94663679883594 -64.72915201407412 -63.92306208351384 -62.08772381953896 -61.93080332564811 -62.17481890817484 -62.780905713016786 -63.924619237581894 -65.92190399890143 -67.11555766128004 -67.47534558114906 -67.48141186063488 -70.59182671796192 -71.46511015973307 -71.93995535956776 -73.15519643931285 -73.81323805386606 -74.79205556484786 -74.88122522898695 -74.67930361018941 -74.35080610147931 -74.71720287406987 -74.30753398006377 -73.39750758496423 -72.14264046192169 -71.4503058886528 -71.51461634397506 -72.21677673545976 -72.07094559383889 -9999 -9999
-9999 -9999 -9999 -9999 -9999 -9999 -9999 -9999 -9999 -9999 -9999 -9999 -9999 -66.14348799735308 -67.39536435509983 -69.16964814694305 -70.65360620753331 -70.4448246197267 -70.92967661117251 -69.25791861038459 -65.90739377907344 -66.45545930521828 -65.39884593405507 -61.59240511370202 -61.765259832143784 -63.028373039638005 -64.04071440671879 -66.16752409999785 -66.7502740809451 -70.03671805492856 -71.10666082325307 -70.77035779776898 -70.02423688092016 -70.23120146312498 -71.62016358700666 -73.52741868387571 -74.7592867619612 -75.83937271488341 -74.65658413971725 -73.68782111480832 -73.0384385637939 -73.22828378006815 -73.72829551845787 -74.01275204867125 -74.09904963597656 -74.11096090705772 -73.87272940654503 -74.20099056414936 -74.23371514807576 -73.43125718707842 -73.33144259266555 -9999
-9999 -9999 -9999 -9999 -9999 -9999 -9999 -9999 -9999 -9999 -9999 -9999 -9999 -63.336471868678935 -65.01693105101586 -65.86983567611738 -66.67926517647247 -69.58409008454709 -67.41144029389729 -65.31031635687465 -63.23889158027514 -62.226624688931864 -62.378099951006114 -64.01363701905522 -65.57480751519853 -68.40994737568226 -70.90609970079227 -72.2528212490407 -72.74925113604827 -73.78550447320396 -74.48639093949036 -74.80278969556095 -75.21851717324361 -76.71935316920279 -78.17025080517583 -78.81848720947038 -78.56378986589287 -77.2114648676167 -76.28040195008118 -75.40742011425587 -74.50320659119349 -74.12279887552614 -73.7606822584684 -72.95528491758385 -73.24249808311463 -73.54617726738039 -72.14425176058127 -71.75839337209861 -73.63243240242203 -75.15208808643122 -75.43965803459288 -75.08220209305485
-9999 -9999 -9999 -9999 -9999 -9999 -9999 -9999 -9999 -9999 -9999 -9999 -9999 -67.12428504228592 -67.12158912809 -65.5308855330122 -64.70639495448819 -65.64455262731228 -64.96284071675369 -62.42247722524664 -64.30704953698884 -64.59315923423995 -64.0203594915245 -65.57409326667371 -68.13073535198751 -71.77026850697787 -74.92386725998443 -9999 -76.32186995964983 -75.71002084081587 -75.37394560938296 -75.17559359222649 -77.1634539624919 -77.78405107169047 -78.53736731215663 -78.75624090303545 -76.98883487343787 -76.15664107104142 -76.40972762196152 -76.13589993376156 -76.02697771835713 -75.35130613902584 -74.09790386725217 -72.1757873979307 -9999 -9999 -9999 -9999 -9999 -9999 -9999 -9999
-9999 -9999 -9999 -9999 -9999 -9999 -9999 -9999 -9999 -9999 -9999 -9999 -9999 -68.94125124876913 -68.8950538833936 -71.32823449305512 -68.6736195559303 -66.37574865979452 -66.17305576327172 -68.40247991397267 -69.51755917817354 -70.50737258588725 -70.91393686153673 -71.56271158294244 -73.23650691658257 -75.74598477327305 -78.95319761141486 -80.30931120851766 -79.46222187319529 -78.89048083515272 -78.57640534898509 -78.66709516294624 -78.8100562205781 -78.48511345166226 -78.19434020441511 -76.9358980519076 -76.37781592023869 -76.41986329019069 -74.88959794957191 -76.07307152450085 -77.66045468684399 -9999 -9999 -9999 -9999 -9999 -9999 -9999 -9999 -9999 -9999 -9999
-9999 -9999 -9999 -9999 -9999 -9999 -9999 -9999 -9999 -9999 -9999 -9999 -63.89270672879436 -66.57781392606822 -68.15413679250263 -66.8122094930573 -64.12012977559458 -62.74241587587378 -65.59649437665941 -68.24659366567026 -71.84291806546125 -74.43442846699195 -75.3190106736577 -75.51618425807226 -76.74216328950033 -78.44981386480123 -80.15414787958498 -80.50085112970808 -79.54720688254937 -78.82696031746656 -78.38064153740805 -78.34890867955983 -77.87593243718148 -78.17806251466273 -77.95730370640754 -76.45029601741295 -75.504895837605 -74.93998960172758 -75.96102523803711 -75.99810745347948 -77.21309776513866 -9999 -9999 -9999 -9999 -9999 -9999 -9999 -9999 -9999 -9999 -9999
-9999 -9999 -9999 -9999 -9999 -9999 -9999 -9999 -9999 -9999 -9999 -62.703256050923045 -62.93203823694161 -62.849212163024475 -61.81520471870899 -61.48281534433365 -61.23121222582729 -64.51969519663939 -68.99624307385899 -72.6921685376893 -75.98404711938423 -77.76936013154362 -77.35513145506383 -77.80642474949359 -77.60191752532354 -77.86232281283095 -78.70029399544 -79.11015300346273 -78.59409694213953 -78.18622482834118 -76.9210545544823 -76.03258785268953 -76.45441791078737 -77.08936110229203 -76.75581981795175 -75.79422489171094 -75.97676252880517 -76.08994952672056 -75.64293080940844 -74.90386881232261 -9999 -9999 -9999 -9999 -9999 -9999 -9999 -9999 -9999 -9999 -9999 -9999
-9999 -9999 -9999 -9999 -9999 -9999 -9999 -9999 -9999 -9999 -66.77850441965792 -65.79783403169778 -64.18653265883525 -63.88865353254711 -63.50207002255424 -62.766200951554566 -66.24630984731697 -71.76236369393088 -75.33916322819209 -77.57564621062383 -79.82312723735104 -79.29530112059028 -79.88213744869938 -79.64976679837262 -78.92148830658859 -78.85873990907119 -78.50840498065506 -77.49564515054227 -77.76397762135151 -77.16604374391692 -77.32657494417259 -77.11180821699756 -76.38334781428178 -76.22208589637602 -76.41544866964624 -76.35486682846741 -76.03732255432341 -75.98427732409658 -74.71693126559258 -9999 -9999 -9999 -9999 -9999 -9999 -9999 -9999 -9999 -9999 -9999 -9999 -9999
-9999 -9999 -9999 -9999 -9999 -9999 -9999 -9999 -9999 -9999 -9999 -9999 -66.00050221202953 -66.1370599109393 -70.05981862156287 -71.96794321760534 -74.49346153616904 -76.35108000536759 -77.42307853091646 -78.64844997723897 -79.30251979057131 -81.30511860070484 -81.80850734124924 -81.3840718824288 -80.7425531390412 -79.91700056301696 -78.21556200446754 -77.00559026195157 -76.2094998876838 -76.32828476641859 -76.38123920973804 -76.17272583012645 -75.44752566355305 -74.21556816793779 -73.74967063037124 -74.10384885759817 -75.18564654472802 -75.1974258782963 -73.0764064894003 -68.48903072093215 -9999 -9999 -9999 -9999 -9999 -9999 -9999 -9999 -9999 -9999 -9999 -9999
-9999 -9999 -9999 -9999 -9999 -9999 -9999 -9999 -9999 -9999 -9999 -67.60454810896645 -66.82365196136136 -69.14832425117493 -71.43411732775469 -73.27349829329894 -75.47883695672299 -76.62230030121282 -77.28262578556314 -77.53282851306722 -78.13820891037132 -79.37111987406388 -80.20980489524928 -79.66858471972601 -78.79312731035881 -78.10939664937355 -78.07800487056375 -77.7626541168303 -77.44773345460762 -76.43992043991345 -75.48708275202158 -75.0407575235979 -74.2608428122224 -73.54045663360094 -74.61219786148932 -75.76054224452456 -76.26731410208676 -74.61924476116091 -71.34217553751336 -9999 -9999 -9999 -9999 -9999 -9999 -9999 -9999 -9999 -9999 -9999 -9999 -9999
-9999 -9999 -9999 -9999 -9999 -71.56021273036798 -69.7129962800869 -68.93814699300404 -68.81669631269243 -67.35532501836617 -68.05933883980565 -70.96254423195901 -72.24673266250353 -74.51034700989723 -73.95060312234122 -75.19895062595606 -76.25994535919392 -78.2433719824661 -78.29335990504308 -78.05861823962015 -78.15399995796821 -78.46103681307852 -78.8268641636652 -78.8699560355809 -78.40017574139543 -77.61017564019642 -76.77925841067288 -76.9121204091085 -76.74743930995464 -76.39281183825089 -75.86697499377604 -75.4503596317023 -74.57161333851325 -73.06426864212905 -72.74848607070743 -72.04808919495198 -69.99559539098006 -68.12589330971241 -9999 -9999 -9999 -9999 -9999 -9999 -9999 -9999 -9999 -9999 -9999 -9999 -9999 -9999
-9999 -9999 -9999 -9999 -73.30862883627415 -73.89360505161865 -74.04676357969161 -73.18106468284832 -72.38636704534292 -72.16942429961638 -72.87950087312994 -72.37921817284642 -73.67964757468019 -75.3125114432403 -76.6396911067622 -77.82255937904121 -79.22410735137322 -79.34898077419824 -78.71575389802456 -78.41806707365646 -78.42422983298701 -78.24258375954297 -78.84882041811944 -78.64391279344756 -78.36529230119453 -77.12632190577082 -77.05813478286329 -77.08977248653387 -75.69785819786625 -74.51162837798657 -73.7449209854791 -72.95217358784096 -71.26860419809819 -69.14067082915987 -66.74791829694401 -9999 -9999 -9999 -9999 -9999 -9999 -9999 -9999 -9999 -9999 -9999 -9999 -9999 -9999 -9999 -9999 -9999
-9999 -9999 -9999 -74.9867352463048 -74.1413023004244 -74.25222912944595 -73.81969072232988 -72.64717684279789 -72.66257962403877 -71.47314323825496 -71.14018663955041 -73.13679432104796 -75.24836505714215 -76.55553776182627 -77.30384537224707 -78.4864299865188 -78.81073356882945 -78.88533929393098 -78.81023610000675 -79.13735822354045 -79.49504925398266 -79.21624511129716 -78.58222285253662 -78.11262674753864 -77.77212540523428 -76.6974426830137 -75.56973179318011 -73.7526795566082 -71.59198225271409 -68.15474613285379 -66.11046906933188 -9999 -9999 -9999 -9999 -9999 -9999 -9999 -9999 -9999 -9999 -9999 -9999 -9999 -9999 -9999 -9999 -9999 -9999 -9999 -9999 -9999
-9999 -9999 -9999 -75.6990716084838 -72.84972113184631 -68.9977032661438 -68.74134750545025 -69.58446861860844 -70.46133396800221 -71.9575709948937 -72.01511851043412 -73.08381404025214 -73.78685034238377 -75.30615050978959 -77.61212701311237 -78.75209633182537 -78.52495487263569 -79.42612099244788 -80.39465203705956 -80.00427805338845 -79.61981918881919 -78.73421208943641 -78.09234049709306 -77.78302093063083 -77.09636337853767 -75.6296984169044 -71.70329482782455 -68.27007946961147 -63.761179592064096 -9999 -9999 -9999 -9999 -9999 -9999 -9999 -9999 -9999 -9999 -9999 -9999 -9999 -9999 -9999 -9999 -9999 -9999 -9999 -9999 -9999 -9999 -9999
-9999 -9999 -9999 -75.05811489745975 -75.21591222027074 -73.89740107500035 -71.33695698777834 -73.09389300107956 -74.48495359277284 -77.62083357462177 -77.82974608602196 -77.71209515871541 -75.5462551393679 -75.58901335057375 -75.66046010144055 -76.65620658756829 -77.26804505097559 -78.39648046888209 -79.16599396905966 -79.08323209194674 -79.33353261036032 -78.54263224321255 -77.15474426373841 -76.27623032315356 -75.03258812121855 -72.91775401013021 -9999 -66.38511566660907 -9999 -9999 -9999 -9999 -9999 -9999 -9999 -9999 -9999 -9999 -9999 -9999 -9999 -9999 -9999 -9999 -9999 -9999 -9999 -9999 -9999 -9999 -9999 -9999
-9999 -9999 -9999 -73.75071662333276 -75.31996510863306 -76.13917887747287 -75.48736078706052 -77.24377748902354 -78.62820077610426 -80.77944352211696 -81.34968896742376 -79.97471959991701 -76.02659604379109 -75.92629499319527 -77.53994115938742 -77.9689453489877 -78.24942191549249 -78.46749477088451 -78.05175898969173 -77.41934315197997 -76.55230419917241 -75.60355590166229 -72.98167159408331 -70.92276518280599 -69.63950707364295 -66.01724024489522 -63.75134776280088 -9999 -9999 -9999 -9999 -9999 -9999 -9999 -9999 -9999 -9999 -9999 -9999 -9999 -9999 -9999 -9999 -9999 -9999 -9999 -9999 -9999 -9999 -9999 -9999 -9999
-9999 -9999 -9999 -9999 -75.47302216807238 -76.86137338498466 -76.31607190626008 -78.13592766491429 -77.82115053102888 -81.17230604920123 -79.30190934787193 -79.86053337603808 -78.9380406583509 -77.09986312133925 -79.50130594477935 -80.15798919413771 -80.61491686488901 -78.61701053145684 -78.04240211060173 -76.65596560310377 -74.91951576830485 -73.78912875400141 -72.05461435355247 -66.78425335061961 -9999 -9999 -9999 -9999 -9999 -9999 -9999 -9999 -9999 -9999 -9999 -9999 -9999 -9999 -9999 -9999 -9999 -9999 -9999 -9999 -9999 -9999 -9999 -9999 -9999 -9999 -9999 -9999
-9999 -9999 -9999 -9999 -76.50905297862158 -78.07945272271279 -79.23507308408067 -77.5787901477567 -78.2498443178062 -79.52473003814617 -80.42318315515595 -80.34241007443737 -80.25270962276879 -79.31033228763512 -78.18145020227684 -80.17139861401584 -80.59963168587005 -80.46276030966214 -78.77639861330391 -78.43201218727158 -77.05430003323339 -76.39121472762852 -72.35605568238873 -67.4514500360936 -61.623784492624566 -9999 -9999 -9999 -9999 -9999 -9999 -9999 -9999 -9999 -9999 -9999 -9999 -9999 -9999 -9999 -9999 -9999 -9999 -9999 -9999 -9999 -9999 -9999 -9999 -9999 -9999 -9999
-9999 -9999 -9999 -9999 -83.94960850146082 -84.07554118500815 -83.39259737942899 -85.35586339124927 -85.36510101733384 -82.71779130039545 -82.37235008488443 -81.77531056152657 -81.47357533465733 -79.14963315105116 -80.18610926611083 -80.47650950112278 -80.45930353708957 -80.24855177141724 -79.46560717551479 -79.26710583235729 -77.62741139067543 -76.51442015527383 -74.83449678630991 -66.23058606720552 -9999 -9999 -9999 -9999 -9999 -9999 -9999 -9999 -9999 -9999 -9999 -9999 -9999 -9999 -9999 -9999 -9999 -9999 -9999 -9999 -9999 -9999 -9999 -9999 -9999 -9999 -9999 -9999
-9999 -9999 -9999 -9999 -81.81498314382938 -82.29200695053889 -81.70988169738223 -84.12809064239265 -86.49803476993526 -84.36562754213809 -84.07382770856984 -82.35197092166969 -82.39710117157162 -83.19286485811075 -81.88930453232356 -80.65888321995735 -79.6488300078445 -78.99838646283996 -78.75925339241417 -78.5341425985098 -78.17964351087808 -76.14551061964951 -73.78365292209527 -9999 -9999 -9999 -9999 -9999 -9999 -9999 -9999 -9999 -9999 -9999 -9999 -9999 -9999 -9999 -9999 -9999 -9999 -9999 -9999 -9999 -9999 -9999 -9999 -9999 -9999 -9999 -9999 -9999
