metrics/grid_rasters/CCI Active/grideval_CCI Active_Y_2018_absolute_ubrmsd.asc
ncols 52
nrows 55
xllcorner     11.25
yllcorner     55.25
cellsize      0.25
NODATA_value  -9999
[rows 0 to 29 of 55, columns 0 to 51 of 52]
-9999 -9999 -9999 -9999 -9999 -9999 -9999 -9999 -9999 -9999 -9999 -9999 -9999 -9999 -9999 -9999 -9999 -9999 -9999 -9999 -9999 -9999 -9999 -9999 -9999 -9999 -9999 -9999 -9999 -9999 -9999 -9999 -9999 -9999 -9999 -9999 9.084991979815367 8.41179173734388 7.562116448079037 -9999 -9999 -9999 -9999 -9999 -9999 -9999 -9999 -9999 -9999 -9999 -9999 -9999
-9999 -9999 -9999 -9999 -9999 -9999 -9999 -9999 -9999 -9999 -9999 -9999 -9999 -9999 -9999 -9999 -9999 -9999 -9999 -9999 -9999 -9999 -9999 -9999 -9999 -9999 -9999 -9999 -9999 -9999 -9999 -9999 -9999 -9999 -9999 -9999 7.897949825498828 7.385522893551519 7.686726491637303 7.947847383364871 8.101805206589178 8.145805740932182 -9999 -9999 -9999 -9999 -9999 -9999 -9999 -9999 -9999 -9999
-9999 -9999 -9999 -9999 -9999 -9999 -9999 -9999 -9999 -9999 -9999 -9999 -9999 -9999 -9999 -9999 -9999 -9999 -9999 -9999 -9999 -9999 -9999 -9999 -9999 -9999 -9999 16.02862394130024 13.652457304605882 12.391154575818287 12.378777127650118 11.641608819901574 11.188807830118416 10.886472677380452 -9999 9.781357340767338 9.558501440526065 8.618777504376105 8.196747077332569 7.809123415570617 7.734072873964187 8.201441342225952 8.2128051822747 8.630603495266246 8.773393858501196 9.24696806744176 -9999 -9999 -9999 -9999 -9999 -9999
-9999 -9999 -9999 -9999 -9999 -9999 -9999 -9999 -9999 -9999 -9999 -9999 -9999 -9999 -9999 -9999 -9999 -9999 -9999 -9999 -9999 -9999 -9999 -9999 -9999 -9999 -9999 14.013803342365787 13.72184899270508 13.207453482570774 12.758379048299116 12.025008093417732 10.914558666136513 11.211759417575355 11.50706133691059 11.538369731303927 11.529855712671745 11.529101634262636 10.361242266254617 9.931031561086387 9.923069639615305 9.605670157361908 9.795380399909243 9.729731210405353 10.500815180263599 10.787012469797766 10.528242040793769 10.434982290455485 -9999 -9999 -9999 -9999
-9999 -9999 -9999 -9999 -9999 -9999 -9999 -9999 -9999 -9999 -9999 -9999 -9999 -9999 -9999 -9999 -9999 -9999 -9999 -9999 -9999 -9999 15.349366165879829 14.43776043299922 12.282903129201507 10.796311660394908 10.490991803329763 11.735886722903471 12.070251917760391 12.397007521529929 10.934036480243833 10.24245530035464 9.979257311862238 9.989785984316269 11.630478195161647 11.50559720677777 12.41542948888688 12.471718985153649 12.710988883669144 12.901208757560267 13.185440438550254 13.325253309724586 13.364809429538449 11.936619709647038 11.16715698022958 11.01383883449152 10.82902533285268 10.446834093217284 9.731443509281142 -9999 -9999 -9999
-9999 -9999 -9999 -9999 -9999 -9999 -9999 -9999 -9999 -9999 -9999 -9999 -9999 -9999 -9999 -9999 -9999 -9999 -9999 -9999 -9999 13.252612682493545 12.113089857912588 10.38617456802782 9.473675549418953 10.570879004805578 11.67513799193002 12.36129908053631 12.585212879606006 11.542992817505601 10.172193182624213 9.217127972663286 9.302344152834486 9.19509663197594 9.817977075726166 11.293098308696962 12.337251650371089 12.484155802360355 12.384424970350757 12.190528927384895 12.145818166123036 12.340202235610144 12.512522456119626 11.909839707592493 9.66771838062632 9.523998183983316 9.91985820725577 9.749852367363333 8.85887857163673 -9999 -9999 -9999
-9999 -9999 -9999 -9999 -9999 -9999 -9999 -9999 -9999 -9999 -9999 -9999 -9999 -9999 -9999 -9999 -9999 -9999 -9999 -9999 15.090191474886039 12.578115788449214 12.251652206303461 12.737152821253169 13.285978499795938 13.151804489533136 13.199194078985087 13.11892739081862 11.666246693629036 10.391766524035994 9.799787955778577 9.800356736896626 9.471000440639841 10.0939060637993 11.50189435797554 12.150115435997169 12.163679379087231 12.517015631672932 12.438150455298116 11.680519534122652 10.591094604811056 10.487678521046439 10.55343689479648 10.277731053449985 9.75761612112932 8.677955027750077 8.400052022293611 8.185646535791625 8.019798744377404 8.381868346703579 -9999 -9999
-9999 -9999 -9999 -9999 -9999 -9999 -9999 -9999 -9999 -9999 -9999 -9999 -9999 -9999 -9999 -9999 -9999 -9999 -9999 -9999 -9999 13.497111274207056 13.57188719388442 12.863250130246932 13.117278399118982 13.316687670036616 12.168856074538214 11.229098753142042 11.624698571714356 10.881545336517057 10.866004094507916 11.099015752579012 10.965013816118283 12.806023765668035 12.920969758628864 12.79436358566066 12.312212909368027 12.015237891511395 10.890139787834737 9.792414389443472 9.928258872448994 9.922951547930364 9.840598102362852 9.837083695034247 10.461644825775444 9.166286018759036 9.049302953781464 9.06120375213318 9.021529208899397 -9999 -9999 -9999
-9999 -9999 -9999 -9999 -9999 -9999 -9999 -9999 -9999 -9999 -9999 -9999 -9999 -9999 -9999 -9999 -9999 -9999 -9999 12.049046820857413 11.647009030507656 11.28461906685452 10.260116589622182 10.4754485119855 10.7700368124266 11.814614115614164 11.508091535189171 11.145410513094346 10.720213244414461 10.403010198937489 10.160737781169248 9.668061878155802 9.585552000266187 9.703880560747503 10.538710938697607 10.66933622411578 11.045145140009604 10.998209783857869 9.85380013471218 9.630093288011992 9.205352906396197 8.937296981200678 9.360836731938956 9.167192405677092 9.01143152743434 9.059409039532095 8.275927624751331 8.30301299737993 8.468225897623245 8.555782819946966 8.321486907654498 -9999
-9999 -9999 -9999 -9999 -9999 -9999 -9999 -9999 -9999 -9999 -9999 -9999 -9999 -9999 -9999 -9999 -9999 -9999 11.766754424329365 10.997635988156198 9.613000566606836 9.452359273783758 9.654874427200367 9.306614651437199 9.297831402431967 9.546683074073949 9.489714596904797 9.9041716081549 10.364120660095443 9.774490071788588 9.761188163272696 8.493179764757912 8.842371831374997 8.49104828803084 8.471804097863924 8.300813923317326 8.604395993546516 8.001603101332863 8.006986678147829 9.528687794419731 9.517158660723972 9.459344382172283 9.146226439147426 9.063284839279005 8.885185358660317 8.86294982706405 8.798593065412438 8.04061423668875 8.228110897575025 8.245866591216723 8.37747132249827 -9999
-9999 -9999 -9999 -9999 -9999 -9999 -9999 -9999 -9999 -9999 -9999 -9999 -9999 -9999 -9999 -9999 -9999 9.35439948754888 9.429576617929376 9.814390922332873 10.129894817963043 9.678077085599393 10.485044306741095 10.43336810076658 10.527161850450378 10.088356269509275 9.828316521117475 9.618607537583596 9.540068727801893 9.324037487030598 9.063987561251603 9.101447728400677 8.803163726321694 7.774992210639652 7.682694461722805 7.450650012536669 7.58584063514542 7.8443344556418495 8.825143672256841 8.921005693296419 9.062361368374813 9.242580330840283 9.181424723376859 9.677137105800568 9.538564594380858 9.82037185323776 9.456246501627344 10.041847185061046 10.146443901975148 10.128030373570073 -9999 -9999
-9999 -9999 -9999 -9999 -9999 -9999 -9999 -9999 -9999 -9999 -9999 -9999 -9999 11.103871330938068 10.819855584934027 10.27546499264485 9.417758192911034 9.193859797119043 8.795889840556255 9.288494672674176 10.407570559703867 10.37157207318983 10.718070888938069 11.340371179325595 10.715271504659796 9.877763896880856 9.100949780765005 8.178927310379333 7.980884479247838 7.475443543141278 7.3603049413322355 7.444509315727659 7.335175366335701 7.544383412729478 7.646143879991791 7.9474866035516385 9.251068148450116 9.577754857903257 9.58405097577033 9.57164485459222 9.510113182973905 9.52326698656262 9.541822747727707 10.047547534712098 9.963328200374237 10.132236971260001 9.882175843456016 10.22731559575471 10.311495213594846 10.58998961318926 10.731595523258877 -9999
-9999 -9999 -9999 -9999 -9999 -9999 -9999 -9999 -9999 -9999 -9999 -9999 -9999 10.911532058384669 10.268755712853755 10.073635229787909 10.093026570256198 9.510953338701123 10.408819696611475 10.57673888780893 10.935791991198416 11.154671716295097 10.916524654592829 10.178343584984283 9.671002494974246 8.931820875608825 8.039680787183077 7.619145825970688 7.52146111980736 7.332977510966383 7.528509937706993 7.2417107676168815 7.409487317220442 7.670403218375814 7.958565259298601 8.472173522533751 9.80330842006688 9.803758643420222 9.69876439627465 9.411676202755405 9.347503644587114 9.757824804223153 9.858001366826835 9.76376987763524 9.760730590678037 9.341344674716298 8.913250198751447 9.043862131301363 9.24301387729544 9.59200601691577 10.818198586072887 11.005857911691134
-9999 -9999 -9999 -9999 -9999 -9999 -9999 -9999 -9999 -9999 -9999 -9999 -9999 9.04982684516792 9.592050995347046 9.98232129180942 10.425879122049174 10.343300021388687 10.524235019203447 11.218476038678878 10.756301613174132 10.27975939743169 10.446410624751595 10.077270163182556 9.739926034775252 9.249528660975614 8.667896733692945 -9999 7.9957357477931295 7.87422762473482 7.9719319933538255 7.928454298287197 7.591674787320263 7.783809890013429 8.052358492499575 8.72358390813512 8.909092988327806 9.415441235888583 9.37991397270982 9.013703848718537 9.021160207830851 13.740351274150855 14.683076926449225 14.281678453923295 -9999 -9999 -9999 -9999 -9999 -9999 -9999 -9999
-9999 -9999 -9999 -9999 -9999 -9999 -9999 -9999 -9999 -9999 -9999 -9999 -9999 9.656025235403916 9.8980370414361 9.375801398336131 10.001025339492273 10.448696202008188 10.476130062912445 10.50156597450453 10.265452727801256 10.096981952820693 9.961420562650245 9.407406230116624 8.855794178200135 8.480016425972018 8.094678664625432 7.743924173309242 7.6189270054534015 7.856765493857343 7.736398294538372 7.532120391923022 7.621804503778094 8.173942326088131 8.140442478163305 9.045023392374263 9.31023418203961 9.43507084955533 9.725728126359074 9.846012482618855 9.791518426234367 -9999 -9999 -9999 -9999 -9999 -9999 -9999 -9999 -9999 -9999 -9999
-9999 -9999 -9999 -9999 -9999 -9999 -9999 -9999 -9999 -9999 -9999 -9999 10.57753975643015 9.421402516123607 9.221812740927364 9.873275261276834 10.494165191286367 10.780623609894896 11.021245307158551 10.966230369505755 10.985958510403323 10.779573127613853 9.52188145027316 9.395013480391778 9.22257086778233 8.977061324950132 9.90239432208368 9.852837486888246 9.657654869639615 8.599700108451296 8.50651443053432 8.531278653597644 8.621794432706352 8.686143136851912 8.75427206372984 8.882008004893402 9.062741602753716 8.824674861237833 9.700859298964993 10.186754213568047 10.563663876610631 -9999 -9999 -9999 -9999 -9999 -9999 -9999 -9999 -9999 -9999 -9999
-9999 -9999 -9999 -9999 -9999 -9999 -9999 -9999 -9999 -9999 -9999 8.495307329240713 8.491092074979019 9.048695996697644 9.669492639657467 10.282844186762068 10.872065128060326 11.19296164007527 11.199059466716566 10.468431022103028 10.561401524723305 10.414252457217703 10.35794502495845 9.129883673397783 8.973540905116906 8.297014502828336 8.478155143277839 8.644887569086809 9.709911212127952 9.594055583156827 9.224162426265034 9.267756531472848 9.517973650439473 8.913584602819547 8.839359956507488 8.509251377499869 8.812752287479743 9.251339397904315 10.06376616629824 10.99911770605546 -9999 -9999 -9999 -9999 -9999 -9999 -9999 -9999 -9999 -9999 -9999 -9999
-9999 -9999 -9999 -9999 -9999 -9999 -9999 -9999 -9999 -9999 8.442671172026884 8.187965255500696 8.660960533657283 8.655156483955604 9.246995439146863 10.398888075145022 10.681942473836184 10.667866244727 10.177059840899233 10.18508387826439 10.048160936315103 10.056136545823133 9.894474408973727 8.687933479259781 8.759752449161477 8.446731380544955 8.723952556074787 8.768700954420206 8.513129883074905 8.654602961891841 8.280447920189182 8.460656903866246 8.443335313227966 8.321222276567807 8.443871488623635 8.648370909110161 8.856291843953953 9.835958594631576 11.007774531357123 -9999 -9999 -9999 -9999 -9999 -9999 -9999 -9999 -9999 -9999 -9999 -9999 -9999
-9999 -9999 -9999 -9999 -9999 -9999 -9999 -9999 -9999 -9999 -9999 -9999 9.500230259660151 9.810715268501582 9.408073275783165 9.553467550636952 10.07127314353533 10.15964606500963 9.622577266087033 9.851724645448968 9.732650024206913 9.661853313595858 9.424908523269929 9.344874265033626 9.346059255481114 9.144985144654981 9.39634560065622 9.40302044644236 9.984594404337761 9.438072256421572 9.14752583184303 8.804998491379358 8.654167538914251 8.39797771174273 8.579010451351332 8.634901723781487 9.414305490846443 11.095253079751018 12.491354657014115 13.238291377563796 -9999 -9999 -9999 -9999 -9999 -9999 -9999 -9999 -9999 -9999 -9999 -9999
-9999 -9999 -9999 -9999 -9999 -9999 -9999 -9999 -9999 -9999 -9999 9.322663678926922 10.242715711117707 9.980440008650952 9.817293530005813 9.749729318156561 9.599452668252637 9.323800490883787 9.344926520640024 9.47124079300666 9.44609741880144 9.5159792588816 9.88395033781459 9.822051387961157 9.814338740643187 9.813015707292283 9.858704198579176 9.807082383293311 9.744704710185788 9.407099895733289 8.993710328156292 8.91345486979657 8.838024593544016 8.637803341393424 9.497746840677904 10.063079640248231 10.86062474190742 11.852278112258574 13.107771532580276 -9999 -9999 -9999 -9999 -9999 -9999 -9999 -9999 -9999 -9999 -9999 -9999 -9999
-9999 -9999 -9999 -9999 -9999 8.624260776706464 8.74084608303278 8.1202818946013 7.665490863559332 8.264438961447379 8.714731170933536 9.004936382594181 9.303007256355283 9.708364582094653 9.563610453278836 9.494605001439194 9.364142857351936 9.214010519720608 9.150736104980645 9.305608586255016 9.45110979735516 9.690318637340187 9.628210969247174 9.839652942022052 10.25709630480731 9.82625147304472 9.526094014296717 9.234966288382985 9.289186442694707 9.183626140868306 8.993726409960084 8.88404559584898 9.463768749705617 9.721036375171051 10.164426796673501 11.307013878664474 11.837255914189846 12.459211513774981 -9999 -9999 -9999 -9999 -9999 -9999 -9999 -9999 -9999 -9999 -9999 -9999 -9999 -9999
-9999 -9999 -9999 -9999 8.142637368471807 7.545119628825915 7.230980758229205 7.400562032379776 7.908135501211055 8.502616533076457 8.630444047763305 8.910025406424117 9.09484821821024 9.322147500341767 9.444267282149733 9.243722288178633 9.170864324855843 8.965105410487489 8.957022829270398 9.042969452873015 9.126039200185962 9.500324826501721 9.407190700820856 9.151722433212598 9.019630886203778 8.919847687431313 9.172457934255775 9.303190810455655 9.373919261797607 9.449429522899962 9.636358567087779 10.308983843747207 10.758211141381722 11.220925959693568 12.032832956684814 -9999 -9999 -9999 -9999 -9999 -9999 -9999 -9999 -9999 -9999 -9999 -9999 -9999 -9999 -9999 -9999 -9999
-9999 -9999 -9999 7.753685493570847 8.12176816839311 7.429538653842893 7.465815702631588 7.573543965231315 7.7689722092209825 8.3180175756145 8.52064884854214 8.707665620961471 8.949716259564157 9.082010170954495 9.101071657071511 9.159717405708488 9.037656976626122 8.873760380082373 8.833081292141175 8.908366987028971 9.577308304872046 9.643355958892355 9.535375947911 9.070235925871057 8.86782745616221 8.678077004649 9.057375109031018 9.676505221945103 10.538614488661867 10.814899272904675 11.578109161155473 -9999 -9999 -9999 -9999 -9999 -9999 -9999 -9999 -9999 -9999 -9999 -9999 -9999 -9999 -9999 -9999 -9999 -9999 -9999 -9999 -9999
-9999 -9999 -9999 7.8986919450988 8.638753412659586 9.208067450807306 9.14051807028379 9.008863221639547 9.488491248838699 9.61446943031854 9.681530484818577 9.576454625229669 9.425079309146515 9.357664340650297 9.306056094868053 9.20357429482908 9.056907620407431 9.043180329491431 9.039868326985617 8.967953426840909 9.014425078792394 9.335932111538236 9.668978686682829 9.57987296081395 9.277708884587227 9.625528367338086 10.133921065319473 11.023019410409967 16.906754731659554 -9999 -9999 -9999 -9999 -9999 -9999 -9999 -9999 -9999 -9999 -9999 -9999 -9999 -9999 -9999 -9999 -9999 -9999 -9999 -9999 -9999 -9999 -9999
-9999 -9999 -9999 7.710492236130133 8.542166473675866 9.537216726198562 10.707520596168075 10.815851632825096 10.825607066239447 10.583030577385145 10.68975750806547 10.45003429107046 10.395961043829251 10.01643167037215 9.56390844630416 9.237601258048038 9.228776514258973 9.274800389243543 9.1369636855601 9.124843503343993 9.25112441431294 9.26803560895175 9.702675719817565 9.976203691787482 10.454506348293826 10.518931962331632 -9999 12.551137604151833 -9999 -9999 -9999 -9999 -9999 -9999 -9999 -9999 -9999 -9999 -9999 -9999 -9999 -9999 -9999 -9999 -9999 -9999 -9999 -9999 -9999 -9999 -9999 -9999
-9999 -9999 -9999 9.73419590690412 10.62907370781774 10.727052502746783 11.096353301000443 11.236303245004315 11.056396238472553 10.757981244522623 10.881164244436064 10.445823312374102 10.510873196341924 10.29256260411814 9.578163516404835 9.252353752659976 9.427225820116774 9.733984201070312 9.826304887563364 9.913029605384613 9.797952760679241 9.489485923263288 10.182590101908717 16.584617776079828 17.28387090684184 18.02159235003256 18.97914119289927 -9999 -9999 -9999 -9999 -9999 -9999 -9999 -9999 -9999 -9999 -9999 -9999 -9999 -9999 -9999 -9999 -9999 -9999 -9999 -9999 -9999 -9999 -9999 -9999 -9999
-9999 -9999 -9999 -9999 10.409499650666604 10.62675667905784 11.097008583871842 11.11101880525906 11.403285357982464 10.747413769863869 10.71721497891982 10.72907199421809 10.64965697665954 10.428811683822266 10.056807087703124 9.720176107761716 9.509425005082962 9.731631353776363 9.935252288501891 10.117518316588052 10.087259745894542 10.006782596421617 10.26082332607471 16.994728614496413 -9999 -9999 -9999 -9999 -9999 -9999 -9999 -9999 -9999 -9999 -9999 -9999 -9999 -9999 -9999 -9999 -9999 -9999 -9999 -9999 -9999 -9999 -9999 -9999 -9999 -9999 -9999 -9999
-9999 -9999 -9999 -9999 10.921274522465131 11.04324159178107 11.107509045311783 11.740674852427961 11.099805982010635 10.443963261235305 10.206783964352525 10.32306783558286 10.223141980437372 10.206515511623957 10.358369148870858 9.910468679096192 9.613518278324513 9.655011961861648 10.014889400384655 10.066666658869913 10.103213900854435 10.458926578538302 11.54857031110106 13.740049024391293 19.40819293072273 -9999 -9999 -9999 -9999 -9999 -9999 -9999 -9999 -9999 -9999 -9999 -9999 -9999 -9999 -9999 -9999 -9999 -9999 -9999 -9999 -9999 -9999 -9999 -9999 -9999 -9999 -9999
-9999 -9999 -9999 -9999 10.875860639412409 10.477294858505214 10.103669520920633 9.825678681182929 9.640308478029997 9.8319803575501 9.84723668144528 9.769731765056473 9.769627149900419 9.886001900158528 9.746188957743481 9.762561977855075 9.551202901365212 9.757945754728516 9.844495503684538 10.329873280707863 10.358803516833584 10.725449889174998 12.220712182246276 13.730647785173815 -9999 -9999 -9999 -9999 -9999 -9999 -9999 -9999 -9999 -9999 -9999 -9999 -9999 -9999 -9999 -9999 -9999 -9999 -9999 -9999 -9999 -9999 -9999 -9999 -9999 -9999 -9999 -9999
-9999 -9999 -9999 -9999 11.678522426263216 11.218125047361536 10.58114307833478 9.401871324894769 8.873678514072807 9.123722600511488 9.218830995290846 9.523356460701676 9.388844366907357 9.193491733249962 9.423394227404712 9.537913555795546 9.890909977256447 9.997744468478432 9.907325264335464 10.321894446684713 10.508239060540294 11.420980598089384 12.465496230787602 -9999 -9999 -9999 -9999 -9999 -9999 -9999 -9999 -9999 -9999 -9999 -9999 -9999 -9999 -9999 -9999 -9999 -9999 -9999 -9999 -9999 -9999 -9999 -9999 -9999 -9999 -9999 -9999 -9999
