metrics/grid_rasters/CCI Active/grideval_CCI Active_X_summer_2018_absolute_ubrmsd.asc
ncols 52
nrows 55
xllcorner     11.25
yllcorner     55.25
cellsize      0.25
NODATA_value  -9999
[rows 0 to 29 of 55, columns 0 to 51 of 52]
-9999 -9999 -9999 -9999 -9999 -9999 -9999 -9999 -9999 -9999 -9999 -9999 -9999 -9999 -9999 -9999 -9999 -9999 -9999 -9999 -9999 -9999 -9999 -9999 -9999 -9999 -9999 -9999 -9999 -9999 -9999 -9999 -9999 -9999 -9999 -9999 6.6815216376667905 5.791960829436285 5.37800790856787 -9999 -9999 -9999 -9999 -9999 -9999 -9999 -9999 -9999 -9999 -9999 -9999 -9999
-9999 -9999 -9999 -9999 -9999 -9999 -9999 -9999 -9999 -9999 -9999 -9999 -9999 -9999 -9999 -9999 -9999 -9999 -9999 -9999 -9999 -9999 -9999 -9999 -9999 -9999 -9999 -9999 -9999 -9999 -9999 -9999 -9999 -9999 -9999 -9999 5.631614824774459 5.169502276412857 5.160883996648532 5.357530170831312 5.504983963658578 5.544716052143726 -9999 -9999 -9999 -9999 -9999 -9999 -9999 -9999 -9999 -9999
-9999 -9999 -9999 -9999 -9999 -9999 -9999 -9999 -9999 -9999 -9999 -9999 -9999 -9999 -9999 -9999 -9999 -9999 -9999 -9999 -9999 -9999 -9999 -9999 -9999 -9999 -9999 13.717502685914665 11.990532263394243 11.780817512920072 11.304931250717301 10.706689627177287 10.030403169004202 9.595179407015934 -9999 7.6881260356260865 6.669073933471817 5.8731596771340895 5.226491024440444 5.130938220866959 5.258046649240306 5.455126714143665 5.6312499715042375 5.770896176921517 5.892821694803648 5.890632277479669 -9999 -9999 -9999 -9999 -9999 -9999
-9999 -9999 -9999 -9999 -9999 -9999 -9999 -9999 -9999 -9999 -9999 -9999 -9999 -9999 -9999 -9999 -9999 -9999 -9999 -9999 -9999 -9999 -9999 -9999 -9999 -9999 -9999 12.25099650644358 12.942762465261149 12.605349793971133 11.42866746525162 10.12535453106894 9.440501604990883 9.477575111681988 9.084632900552773 8.737514171785897 8.474144457831148 7.8972175638510835 7.2494087383714145 6.787205617760304 6.532021170884866 6.443492523286976 6.427529750728519 6.489944938713857 6.649196439307074 6.554996661612691 6.476074059603556 6.387650549116747 -9999 -9999 -9999 -9999
-9999 -9999 -9999 -9999 -9999 -9999 -9999 -9999 -9999 -9999 -9999 -9999 -9999 -9999 -9999 -9999 -9999 -9999 -9999 -9999 -9999 -9999 10.402079570469828 9.547058856775307 8.85534013901161 8.945824516121059 9.600941793593876 11.016335924721506 11.095750720917088 10.429536059212136 9.173268337988429 7.91535297245473 7.638578655062385 7.866748266945178 8.192409928586349 8.448005703189008 8.74490455252445 8.790594598724704 8.666689321540877 8.345357675205804 8.020669186234535 7.495835272162948 7.188408926521636 7.106009013761778 7.164824891024054 7.2592161645718685 7.174415283139122 7.0455073926642795 6.821411928058952 -9999 -9999 -9999
-9999 -9999 -9999 -9999 -9999 -9999 -9999 -9999 -9999 -9999 -9999 -9999 -9999 -9999 -9999 -9999 -9999 -9999 -9999 -9999 -9999 7.898405507658831 7.399338808153888 7.816579217702564 8.998560229512085 10.079226210282977 10.970541669052231 11.390344498656736 10.477082016882383 9.084649661522182 7.4916764613078835 6.525819332516228 6.360669787326213 6.529540430042127 6.808155267507418 7.230770506318933 7.705069974487107 8.081513274856094 8.182772555202089 8.063258954132374 7.957626031847832 7.788561047069668 7.429131809522043 7.286483608957156 7.139090303084402 7.080900085842155 7.134117572895868 7.115346749606793 7.08868567482688 -9999 -9999 -9999
-9999 -9999 -9999 -9999 -9999 -9999 -9999 -9999 -9999 -9999 -9999 -9999 -9999 -9999 -9999 -9999 -9999 -9999 -9999 -9999 9.802443545727822 8.716082470657899 9.185885460133044 10.763086080365404 12.403067780005074 13.444433558902158 13.138048834196315 11.482048001985538 9.791252869878141 8.57172043977837 7.760707215198835 7.449714901548392 6.7011067724526345 6.529052192240484 6.580811886451915 6.9535229872321125 7.467170351530937 7.879274563436072 8.138136812328373 8.094375106074477 8.101625931132151 7.982812468411609 7.85255342355868 7.506860947390933 7.242471378626176 6.996569094692295 6.782461143722423 6.926425039764447 6.998527709379059 6.944952141505492 -9999 -9999
-9999 -9999 -9999 -9999 -9999 -9999 -9999 -9999 -9999 -9999 -9999 -9999 -9999 -9999 -9999 -9999 -9999 -9999 -9999 -9999 -9999 10.92425561497562 11.277229309210727 10.703269839048646 11.914898064551195 12.6146750132741 11.591802795818527 10.069248930736935 8.946086688290903 8.338251963381039 8.246188737767923 8.22878704106949 7.55322053528054 7.206247384434731 6.793436834211949 6.8721127567414735 7.076199848909765 7.447416085397196 7.744490668323495 7.860613818776808 7.821950618913434 7.7294885588223075 7.68289272107646 7.531812814206287 7.3801748337259125 7.330176901348603 7.0776877009995625 7.1992452051875135 7.160637268550523 -9999 -9999 -9999
-9999 -9999 -9999 -9999 -9999 -9999 -9999 -9999 -9999 -9999 -9999 -9999 -9999 -9999 -9999 -9999 -9999 -9999 -9999 8.83992412937884 8.13658926021066 8.138643144581799 8.22116684132382 8.585950805863463 8.904633580818581 8.972814296445021 8.981787432296096 9.173545347530252 8.961765874189911 8.78089998707213 8.533025435690131 7.994857562438985 7.464275080890687 7.265912527963763 7.155597261285242 6.913403086371997 6.8630948209954825 6.991977707991556 7.02233565711362 7.108267664727587 7.158794844800933 7.0688097129019125 7.043559646662679 6.962155733804842 6.9536174021474215 6.8951566569286245 6.723537237529572 6.52753289163885 6.5462987626851605 6.620566146419972 6.735923307920417 -9999
-9999 -9999 -9999 -9999 -9999 -9999 -9999 -9999 -9999 -9999 -9999 -9999 -9999 -9999 -9999 -9999 -9999 -9999 6.888807821350483 6.960821772751182 6.847953985750054 6.694763523276165 6.6903871944258615 6.990543062314564 7.223227007733122 7.3430496307305555 7.395848591665406 7.478235853544584 7.5774795155498 7.597612211702683 7.48650429023265 7.180617168504279 7.0453126578557494 6.778974500245058 7.046182256271744 7.086276688585312 7.028168107903656 6.926983629359099 6.897087902641889 6.909208268468228 7.004711973278612 7.044795244532796 7.014053071403855 6.906431600308291 6.797506339974393 6.572410758566464 6.295440124371822 6.270598964954548 6.2715373764669655 6.448912573408041 6.6989302347091195 -9999
-9999 -9999 -9999 -9999 -9999 -9999 -9999 -9999 -9999 -9999 -9999 -9999 -9999 -9999 -9999 -9999 -9999 5.734898645107545 6.022993898317496 6.460483248279097 7.1512633430656285 7.8786248301927175 8.299043046480397 8.56175623178616 8.416208263371242 8.2727561699907 8.116839369299193 7.832757169896525 7.467099819549756 6.89473033631363 6.73290475794169 6.717628755880789 6.4664727668824495 6.609971446029527 6.793251682425066 6.925158574233353 6.9317533657883335 7.078859665701871 7.120640538610081 7.084648675170403 7.133836956250029 7.080951576131983 6.9411503645565364 6.633757299849937 6.294422921262533 6.0443268274062385 5.86588636395018 5.957986921742584 6.174757949057115 6.52726172490906 -9999 -9999
-9999 -9999 -9999 -9999 -9999 -9999 -9999 -9999 -9999 -9999 -9999 -9999 -9999 8.78446864059918 7.7191505680207575 6.732905306614133 5.870768269762343 5.4457599888212345 5.862678544814383 6.281656334069992 7.200283694484272 8.301541877946818 9.187693658929872 9.519517406756746 9.274288399618767 8.499519882659449 7.8190417384192035 7.481267449892182 7.158561022479973 6.771295330352117 6.614022101636793 6.6584257824073765 6.598606626195261 6.7290420241652145 6.855248313253231 6.994908281273979 7.0378683557049095 7.194798715039803 7.395349308793002 7.222550223331866 7.1696859446538115 6.994489244986879 6.745938081909809 6.444594889715575 6.1675997272806695 6.062517735311617 6.105394897189813 6.291125655407379 6.463853638246267 6.7475655313007685 7.145037118182918 -9999
-9999 -9999 -9999 -9999 -9999 -9999 -9999 -9999 -9999 -9999 -9999 -9999 -9999 8.209403551908581 8.006490423191677 7.7988917000516915 7.491693569616401 7.126112613536836 7.259466585650009 8.02390660996004 9.102470895379724 9.852839522721382 10.197626286682002 10.155063123357008 9.719444110639678 8.907366043598676 7.888945729254585 7.4004295194401575 7.2289120619496785 6.868822683258129 6.785120868997779 6.852826502827146 6.940519900286213 7.082823390009563 7.199715697471462 7.227551543234077 7.205664011042446 7.237363078546741 7.252546218714963 7.0541657271324105 7.043771052464434 6.921114922440919 6.781523666319942 6.73735377695211 6.6122920238293865 6.560475713423684 6.515798779189117 6.706699818724798 6.607460647761007 6.699082106806011 7.023479073972387 7.224611707355405
-9999 -9999 -9999 -9999 -9999 -9999 -9999 -9999 -9999 -9999 -9999 -9999 -9999 7.056792848103846 7.169986451874025 8.294173481549956 9.158772129410917 9.585042147141873 9.618356803833684 9.898777008343444 10.115092604775946 10.219718534939664 10.237703684528078 10.049388136820344 9.589406100547194 8.916889820246823 8.079631810121084 -9999 7.1962294076073245 6.880676044374001 7.120571542717114 7.138197937407732 7.0710616598523615 7.151703057175777 7.213551228568032 7.304324048472383 7.209056653170579 7.250727305724478 7.269951863824303 6.850148408924409 6.834216710381148 6.975107034152696 7.294202282096559 7.766898161313686 -9999 -9999 -9999 -9999 -9999 -9999 -9999 -9999
-9999 -9999 -9999 -9999 -9999 -9999 -9999 -9999 -9999 -9999 -9999 -9999 -9999 6.467526229651067 6.680780192180087 7.820368883838478 8.935946994238465 10.011040833951473 10.220693523636266 10.278651516803091 10.160270105106537 10.038713215710693 9.876648385593137 9.516024588234384 9.045680390593748 8.556120999650918 7.91738089675952 7.37117538744063 7.1571582621745256 6.743657525506056 6.679428310257344 7.0630719184067 7.193582840597759 7.203068137422833 6.964905714900763 7.2323550565922465 7.3368720165236665 7.4642843837353166 7.52539304875533 7.716913871291021 7.8056947193306705 -9999 -9999 -9999 -9999 -9999 -9999 -9999 -9999 -9999 -9999 -9999
-9999 -9999 -9999 -9999 -9999 -9999 -9999 -9999 -9999 -9999 -9999 -9999 6.057848956736812 6.044717058624223 6.710879035523666 7.865250067419611 8.875067024508203 9.657818415050018 9.815106229525933 9.879666746583355 9.785738084056902 9.649118826652746 9.423754565681993 9.134008713305038 8.713112387005644 8.230067225713247 7.781014355159372 7.60995233984826 7.507497676565991 7.159661697815973 7.127889395060163 7.0877508183142535 7.3187353366467205 7.286957503599581 7.1779921552031745 7.102606267015176 7.4416396579205175 7.530386672089902 8.121880463387058 8.781145220612643 9.070007043593511 -9999 -9999 -9999 -9999 -9999 -9999 -9999 -9999 -9999 -9999 -9999
-9999 -9999 -9999 -9999 -9999 -9999 -9999 -9999 -9999 -9999 -9999 5.9127463342044235 5.831060462885983 6.037209038322351 7.026305526807118 8.646104248386871 9.530453919765652 9.92085169590395 9.780985980815457 9.594020520174158 9.280850539745515 9.053399816543068 8.881227924115446 8.699671120799445 8.437150688919271 8.163740683560297 7.9129023508372995 7.7710411991517905 7.654761835101937 7.598179676228753 7.283406736760447 7.322910731071545 7.532094296718101 7.511329957064371 7.459613105054227 7.35063699804946 7.78586592765671 8.457072732699357 9.368540620529064 10.31060727016574 -9999 -9999 -9999 -9999 -9999 -9999 -9999 -9999 -9999 -9999 -9999 -9999
-9999 -9999 -9999 -9999 -9999 -9999 -9999 -9999 -9999 -9999 7.21500140640508 7.090349087766455 7.325550155700152 7.5217474239006465 8.492622507750132 9.099812994906808 9.269089625059667 9.2977674598341 9.34289851934037 9.320025774734557 8.970281030151511 8.602372130525609 8.308125310363733 8.152545532217976 8.117252687725335 7.908039725997214 7.678679451320147 7.648514990511951 7.571438158082037 7.397602589126869 7.054375575132747 7.065585156882001 7.135286545208661 7.285215871584294 7.417872321549764 7.66896974598975 7.757866538400984 8.472136294658878 10.118818638394561 -9999 -9999 -9999 -9999 -9999 -9999 -9999 -9999 -9999 -9999 -9999 -9999 -9999
-9999 -9999 -9999 -9999 -9999 -9999 -9999 -9999 -9999 -9999 -9999 -9999 8.341340849456348 8.708241755783275 8.933799836712184 9.175083914704263 8.903543939976569 8.541314044104302 8.272180273799707 8.66917584759882 8.706624756205583 8.31196374281113 7.973976647172539 7.759091995703414 7.702171337689607 7.7676433731028816 7.8986204522348915 7.995710549985483 7.86659756783272 7.690742341310986 7.354963691179969 7.2633180908079735 7.261380021491883 7.281560635426799 7.195724378985906 7.297948330198301 7.413607736927418 8.330539727069889 9.272419730321763 10.301161347425898 -9999 -9999 -9999 -9999 -9999 -9999 -9999 -9999 -9999 -9999 -9999 -9999
-9999 -9999 -9999 -9999 -9999 -9999 -9999 -9999 -9999 -9999 -9999 7.770429987889456 8.327366511679335 8.826886142258672 9.078745396235377 9.00884365153042 8.644532323418211 8.104004099629645 8.054379376623928 7.880575287430111 7.8482074641308035 7.8141199134210275 7.782945847487599 7.5115920395412195 7.660858781513747 7.75589430221941 7.883387414957 7.865356377310923 7.9412585999462815 7.8366249608344285 7.692691631511475 7.468643013840753 7.437340461286628 7.3878161322436515 7.383289929993674 7.4761816675503585 7.990631917734438 8.859419643066676 9.619217193827987 -9999 -9999 -9999 -9999 -9999 -9999 -9999 -9999 -9999 -9999 -9999 -9999 -9999
-9999 -9999 -9999 -9999 -9999 6.956198485845418 6.6842111783953 6.502544982584765 6.670609139284655 7.183982246510558 7.845897668033706 8.531726660316126 8.59003023463091 8.71224595613546 8.637493305610624 8.448837258197218 8.18441555210237 7.813903337861916 7.6803660435143986 7.8147188399951055 7.883419864570607 7.712033183748101 7.5618216923665456 7.4798155291888895 7.881841225146596 7.958278564176157 7.909234014432638 7.623330235271124 7.714798711085553 7.761093665615469 7.8050009164605525 7.498248530903433 7.503288040254767 7.635077250299165 7.924242036174924 8.662789366255772 9.366431889358248 9.968537942566307 -9999 -9999 -9999 -9999 -9999 -9999 -9999 -9999 -9999 -9999 -9999 -9999 -9999 -9999
-9999 -9999 -9999 -9999 6.9867790742639055 7.219078548979702 7.794670319138161 8.122640206622627 8.365817387703371 8.358201544262062 8.341413860394432 8.354997721551111 8.136985584417733 8.145318044177808 7.848934882119503 7.6640942037211515 7.495839365038395 7.398496653479342 7.40322540977313 7.5656311682897535 7.7208917557855 7.771580294279118 7.710965490731497 7.6126851768188155 7.6551061723680665 7.785470980876082 7.775813698296305 7.6449257709691825 7.7312875801419345 7.8970929397913405 7.97788332910115 8.060338708632989 8.574180633024605 9.163604725352076 9.576289833938493 -9999 -9999 -9999 -9999 -9999 -9999 -9999 -9999 -9999 -9999 -9999 -9999 -9999 -9999 -9999 -9999 -9999
-9999 -9999 -9999 6.563276661404087 6.633771555603359 7.339010079231362 7.7493194894947575 7.784880796162829 7.839555876337585 7.892801987016885 7.676652419837309 7.546185091149777 7.660753501264869 7.835166801150946 8.093160154699726 7.933064941651727 7.707069237043076 7.544551903735505 7.371663682690342 7.381351696312912 7.4595212271283176 7.686917630832496 7.686368771385705 7.680661170091393 7.622503595596858 7.52267786375884 7.6317860016676295 7.734850315375803 7.989101931413767 8.503859698396212 9.337611066052 -9999 -9999 -9999 -9999 -9999 -9999 -9999 -9999 -9999 -9999 -9999 -9999 -9999 -9999 -9999 -9999 -9999 -9999 -9999 -9999 -9999
-9999 -9999 -9999 6.468001808577262 6.835960063246322 7.7859464571132655 8.267027857662441 8.31576528709609 8.641089305327725 8.690744729470312 8.431930448948162 8.462726056163799 8.386198399881435 8.321985951992286 8.200116446408448 8.038582501577816 7.781692870192312 7.697327205105329 7.651209391285306 7.575745703497463 7.536636883739737 7.669060868425883 7.842019827221419 7.913099094349356 7.850123875002368 8.012022806223714 8.249740935498105 8.544840800898246 9.17118062425678 -9999 -9999 -9999 -9999 -9999 -9999 -9999 -9999 -9999 -9999 -9999 -9999 -9999 -9999 -9999 -9999 -9999 -9999 -9999 -9999 -9999 -9999 -9999
-9999 -9999 -9999 6.406428307448148 6.783843026292982 7.767404803593881 8.827099911713573 8.993536706904434 8.868081263782516 8.948676700243556 8.813095209796291 8.850289365670465 8.926620983527057 8.601962958435337 8.325338514301384 8.11738259542539 8.107176877977576 8.144386816517457 8.09332267506622 7.993316929389418 8.249997243762026 8.412479198004249 8.418800810508934 8.486626073870164 8.747875426339698 8.92964847029684 -9999 10.633187761638727 -9999 -9999 -9999 -9999 -9999 -9999 -9999 -9999 -9999 -9999 -9999 -9999 -9999 -9999 -9999 -9999 -9999 -9999 -9999 -9999 -9999 -9999 -9999 -9999
-9999 -9999 -9999 8.122380900411207 8.658771374740544 9.04797408725256 9.058755068171767 9.170278883232571 8.979035168202284 8.898614546760225 9.037846051094887 8.896044230075244 9.022516144868256 8.945763606237344 8.479008367111009 8.264189357921943 8.508864047132256 8.928103689036751 9.016820200159154 9.263886070775088 9.184601350282087 9.254549135661117 9.484364293004429 9.689809046695457 9.95039243401803 11.003124316049421 12.145646866282284 -9999 -9999 -9999 -9999 -9999 -9999 -9999 -9999 -9999 -9999 -9999 -9999 -9999 -9999 -9999 -9999 -9999 -9999 -9999 -9999 -9999 -9999 -9999 -9999 -9999
-9999 -9999 -9999 -9999 8.351529301958461 8.749038554623256 8.836089363677862 9.202693370360327 9.379158058967876 9.19867716013276 9.06567257474924 9.25023828942803 9.27623424386734 9.14472291338842 8.765185920749989 8.664878809045208 8.446123088655172 9.023832831444734 9.4746571098309 9.618806972607816 10.031483827433293 10.134472312234202 10.190001523294198 10.741703218095957 -9999 -9999 -9999 -9999 -9999 -9999 -9999 -9999 -9999 -9999 -9999 -9999 -9999 -9999 -9999 -9999 -9999 -9999 -9999 -9999 -9999 -9999 -9999 -9999 -9999 -9999 -9999 -9999
-9999 -9999 -9999 -9999 8.582613526595122 8.57131366086849 8.514301134970065 8.473153422523545 8.675133745783283 8.721065202444644 8.619257172524941 8.532978030645825 8.601273630609876 8.705461867377423 9.09992121111028 9.064847060020595 8.885620354329891 8.872589882756865 9.313075395507232 9.384018848504684 9.521169866714525 10.007990577396377 10.298511316013068 11.4413822010524 13.979315779051747 -9999 -9999 -9999 -9999 -9999 -9999 -9999 -9999 -9999 -9999 -9999 -9999 -9999 -9999 -9999 -9999 -9999 -9999 -9999 -9999 -9999 -9999 -9999 -9999 -9999 -9999 -9999
-9999 -9999 -9999 -9999 8.661325049684008 8.45440197532774 7.869375650618482 7.496235755623821 7.400941244017775 7.806156076621767 8.051047570903567 8.116665101634755 8.21593250104612 8.559350461849393 8.812789017852202 9.033681904449839 8.558520727614367 8.817313982154953 8.831418309071978 9.114798547176155 9.424426915282362 9.763710136933724 10.743952141101897 12.149866492042214 -9999 -9999 -9999 -9999 -9999 -9999 -9999 -9999 -9999 -9999 -9999 -9999 -9999 -9999 -9999 -9999 -9999 -9999 -9999 -9999 -9999 -9999 -9999 -9999 -9999 -9999 -9999 -9999
-9999 -9999 -9999 -9999 9.414429964968605 8.924825461999292 8.484481897501484 7.456956430033414 7.024168051828012 7.2116154441312945 7.726547699413099 8.325319094535255 8.54475276998098 8.606264345043128 8.711904702282174 8.75560196835225 9.035236497205457 9.02044059683445 8.825134912432198 9.19473652596422 9.168970311456553 9.536456070285393 10.59302918872689 -9999 -9999 -9999 -9999 -9999 -9999 -9999 -9999 -9999 -9999 -9999 -9999 -9999 -9999 -9999 -9999 -9999 -9999 -9999 -9999 -9999 -9999 -9999 -9999 -9999 -9999 -9999 -9999 -9999
