metrics/grid_rasters/CCI Active/grideval_CCI Active_X_summer_2015_absolute_bias.asc
ncols 52
nrows 55
xllcorner     11.25
yllcorner     55.25
cellsize      0.25
NODATA_value  -9999
[rows 0 to 29 of 55, columns 0 to 51 of 52]
-9999 -9999 -9999 -9999 -9999 -9999 -9999 -9999 -9999 -9999 -9999 -9999 -9999 -9999 -9999 -9999 -9999 -9999 -9999 -9999 -9999 -9999 -9999 -9999 -9999 -9999 -9999 -9999 -9999 -9999 -9999 -9999 -9999 -9999 -9999 -9999 -79.07960796356201 -80.6010746449614 -81.54782855860246 -9999 -9999 -9999 -9999 -9999 -9999 -9999 -9999 -9999 -9999 -9999 -9999 -9999
-9999 -9999 -9999 -9999 -9999 -9999 -9999 -9999 -9999 -9999 -9999 -9999 -9999 -9999 -9999 -9999 -9999 -9999 -9999 -9999 -9999 -9999 -9999 -9999 -9999 -9999 -9999 -9999 -9999 -9999 -9999 -9999 -9999 -9999 -9999 -9999 -80.55509490001461 -82.74576844145422 -83.36481215497074 -83.20736914030884 -82.92071347392124 -83.07700261182111 -9999 -9999 -9999 -9999 -9999 -9999 -9999 -9999 -9999 -9999
-9999 -9999 -9999 -9999 -9999 -9999 -9999 -9999 -9999 -9999 -9999 -9999 -9999 -9999 -9999 -9999 -9999 -9999 -9999 -9999 -9999 -9999 -9999 -9999 -9999 -9999 -9999 -63.639211973592424 -69.64122145879082 -73.28404370392674 -74.02977676983133 -68.86206163267295 -68.96730165493179 -69.47478346284478 -9999 -76.7185358615673 -81.29089544195195 -83.94374879757348 -85.60874766645873 -85.5490923025038 -84.98132908943555 -84.52472342890891 -84.37308317422867 -84.44539388414958 -84.73175372037552 -84.90751015103382 -9999 -9999 -9999 -9999 -9999 -9999
-9999 -9999 -9999 -9999 -9999 -9999 -9999 -9999 -9999 -9999 -9999 -9999 -9999 -9999 -9999 -9999 -9999 -9999 -9999 -9999 -9999 -9999 -9999 -9999 -9999 -9999 -9999 -63.34381805141182 -70.91354075878385 -72.98481140770609 -73.67299270677188 -69.22224734723568 -68.52952896098833 -68.70154923094171 -70.75983326315232 -74.38123045294829 -76.8950933613207 -79.21409173617545 -81.06098768536164 -82.20657062060808 -82.89356002179176 -83.31078962188052 -83.48248742099689 -83.16635673979054 -82.67493693935481 -82.38406948405117 -82.52958399737659 -82.47297348211642 -9999 -9999 -9999 -9999
-9999 -9999 -9999 -9999 -9999 -9999 -9999 -9999 -9999 -9999 -9999 -9999 -9999 -9999 -9999 -9999 -9999 -9999 -9999 -9999 -9999 -9999 -64.96663323254653 -69.90233066327431 -71.89824387075295 -72.71869843051985 -74.3109807003112 -75.67401821130798 -77.31201002380205 -78.89746970174805 -76.7099684547219 -76.91132592562944 -76.41115592020314 -75.38617456186076 -76.44115750135288 -76.67793838712184 -76.67451705151927 -76.86765720419909 -77.60291955555263 -78.83306775614618 -80.27780399876444 -82.01006360335842 -82.69722608428286 -82.53437801709643 -81.90125426180337 -80.97576182092662 -80.43952195751278 -80.46463055341788 -80.38548902033463 -9999 -9999 -9999
-9999 -9999 -9999 -9999 -9999 -9999 -9999 -9999 -9999 -9999 -9999 -9999 -9999 -9999 -9999 -9999 -9999 -9999 -9999 -9999 -9999 -70.38561229785876 -72.62418861073607 -75.06517146572922 -74.79797226596963 -76.91909877161184 -75.66613178451857 -74.55611513011041 -73.73424913909506 -73.79886867167198 -76.84752833922705 -79.35977397036963 -81.05706903878806 -81.79316792232187 -81.8289679063727 -81.20052167951413 -79.48228334894647 -78.18636767679583 -77.90339241824721 -78.56932439655066 -79.55262451165396 -80.76522890656537 -82.06385755231199 -82.61491363787133 -82.4719308587196 -81.76791047466838 -81.22235675625826 -80.54037651711184 -79.51225087710695 -9999 -9999 -9999
-9999 -9999 -9999 -9999 -9999 -9999 -9999 -9999 -9999 -9999 -9999 -9999 -9999 -9999 -9999 -9999 -9999 -9999 -9999 -9999 -67.24222996341648 -73.92736633807894 -76.09994433418153 -75.71001186493844 -73.51805201977018 -70.49286198616028 -70.70095473054856 -67.68976790195002 -67.30857947758503 -68.82377496743814 -72.51084692097162 -76.03405091587616 -80.40416276584502 -82.59090757710129 -82.9116941322775 -81.42228055243258 -79.18685825298662 -77.28258001269853 -76.51566405238017 -76.93635583733735 -77.71039904977964 -78.66069202708161 -79.86097230389714 -80.9571384868544 -81.76264007130395 -82.07415356762384 -82.00468661036828 -81.44932402135885 -80.57725049069394 -79.76246838708934 -9999 -9999
-9999 -9999 -9999 -9999 -9999 -9999 -9999 -9999 -9999 -9999 -9999 -9999 -9999 -9999 -9999 -9999 -9999 -9999 -9999 -9999 -9999 -71.15087058477931 -75.48151764124631 -72.51319279905522 -72.50384518007438 -70.83476751078578 -66.81392252215973 -66.97562878103142 -69.02273430508725 -71.51863076683432 -72.6552932696498 -75.11674237008329 -78.33701002678794 -80.88890387134059 -82.6695437915623 -82.50299052618767 -80.89388166108856 -78.85851001528944 -77.46214271563552 -77.179681941219 -77.34914158592406 -77.67853256979066 -78.58620731305818 -79.14139087109461 -79.4230459018246 -79.0807222234814 -78.92287676781416 -78.25339688555054 -77.60038252725549 -9999 -9999 -9999
-9999 -9999 -9999 -9999 -9999 -9999 -9999 -9999 -9999 -9999 -9999 -9999 -9999 -9999 -9999 -9999 -9999 -9999 -9999 -75.1223775574139 -76.9854255332833 -78.38094492185684 -78.93691731539985 -78.80285528674722 -74.95491124008383 -73.12357028032821 -71.52764771057245 -69.55015093413577 -69.63704508413439 -71.11351466956346 -72.3973746019537 -73.23635884601137 -74.35527693496451 -75.61871069928873 -77.22125205235636 -79.07626034740521 -80.15233373901118 -80.4361045294158 -79.87602630694923 -78.66917326949212 -77.20018922861503 -76.06423501265436 -75.5531114195676 -75.21673260013695 -74.73406940941577 -74.74741395627673 -74.93731238077517 -75.03324028752421 -74.76407347813897 -74.70496933437559 -74.48015530083491 -9999
-9999 -9999 -9999 -9999 -9999 -9999 -9999 -9999 -9999 -9999 -9999 -9999 -9999 -9999 -9999 -9999 -9999 -9999 -78.83201092765445 -78.7817148382847 -78.021941938821 -76.71320235418777 -77.13109773149094 -76.5847759877105 -74.95648016125322 -74.74529418770004 -74.09286830201745 -74.37138362552808 -74.96180427527946 -75.2862452407894 -75.0937153418427 -74.86355686819424 -74.65305915960798 -74.41612681778876 -74.18159634053059 -74.63649006236507 -75.83448277592011 -77.20269019027118 -78.20885417059712 -78.08495094351794 -76.63968516967219 -74.93057642148241 -73.74782337021568 -72.79688993161139 -72.30363926502025 -72.23096843290587 -72.32904603121722 -72.60630244405374 -72.88458164489788 -72.92324627466176 -72.52434383041185 -9999
-9999 -9999 -9999 -9999 -9999 -9999 -9999 -9999 -9999 -9999 -9999 -9999 -9999 -9999 -9999 -9999 -9999 -80.82506488760312 -80.95525863929652 -78.00462878185014 -77.1636367818484 -74.93322022373859 -74.8873078437603 -73.72405511804897 -72.2521220539575 -71.11681211383447 -70.77616164914292 -71.17941128203401 -72.38576728542861 -73.68726865007825 -74.22736015154615 -73.64631783006631 -72.46160072655134 -71.52767262121904 -71.16224800066456 -71.45311241305394 -72.01536730369148 -72.4660335223636 -73.09652840038356 -73.48802557263686 -73.52590506491455 -73.47557531604949 -73.55509288868178 -73.03946858644484 -72.09435062418166 -70.96172206217179 -70.14014245666887 -70.23404370539862 -70.5582825322838 -70.66851403920546 -9999 -9999
-9999 -9999 -9999 -9999 -9999 -9999 -9999 -9999 -9999 -9999 -9999 -9999 -9999 -65.78554013906381 -70.3003265064367 -74.54941999486516 -78.84756538531055 -80.98011427513067 -80.2208093274647 -78.69866932105077 -76.99208459169381 -75.34131892640953 -74.41296183010158 -72.56997664742495 -70.88732003015669 -70.11328050397013 -69.7626187030388 -69.55417134434633 -69.54944895159291 -70.45822814090744 -71.17736336297315 -71.26409787798056 -70.50102875754237 -69.99471319175285 -70.43727725809035 -71.46030102945541 -72.46902866046067 -72.59394933769238 -72.0326685651165 -71.10292593584113 -70.57318458835717 -70.72547264332357 -71.17524163101031 -70.9964682660673 -70.6981477956085 -70.72247716363357 -70.96353336164483 -71.48216866118753 -71.94558170373027 -72.11893670584844 -73.03402596355781 -9999
-9999 -9999 -9999 -9999 -9999 -9999 -9999 -9999 -9999 -9999 -9999 -9999 -9999 -66.30275367181022 -68.10300092341063 -70.408584799759 -73.47454469547242 -73.1365268138116 -74.20636431840451 -73.68588951213852 -72.94773796331752 -71.95664260001934 -71.91778940820824 -71.65575952957506 -72.04891846377565 -72.65326662766546 -73.22763944449632 -73.21937619797562 -72.87320555471207 -73.03516584829144 -72.73891749249205 -72.74539798028444 -72.91129580723202 -73.22523575016986 -73.89120377778359 -74.22022136122636 -74.24810538052216 -73.72569308397561 -72.94518611256196 -71.97917780474477 -71.44661997080497 -71.62117962393422 -71.92936631729421 -71.82352916556208 -71.76840679720044 -71.46467507420027 -70.02450077154714 -70.05132923696353 -71.2238146899187 -72.80603364190978 -74.16381179881483 -74.652925318188
-9999 -9999 -9999 -9999 -9999 -9999 -9999 -9999 -9999 -9999 -9999 -9999 -9999 -68.57804226662432 -69.65273839462063 -69.67556242984921 -69.76677706027809 -70.32694486528635 -70.95098323682728 -71.3427995900097 -70.8909270969098 -70.59727871288423 -71.07526403957087 -71.7027338888982 -73.06562332047716 -74.88216800015907 -77.16621416240281 -9999 -77.73631357660759 -76.79302645636642 -76.25439060187858 -76.23297700674638 -75.850363092416 -75.66869635604645 -75.49248780277759 -75.22463322932954 -74.76397998226078 -74.18547017742758 -73.89235410337214 -74.35958738041961 -75.0255629758796 -74.8575326555773 -73.3627352528274 -70.83993241336681 -9999 -9999 -9999 -9999 -9999 -9999 -9999 -9999
-9999 -9999 -9999 -9999 -9999 -9999 -9999 -9999 -9999 -9999 -9999 -9999 -9999 -75.75166411224534 -75.27922950037147 -74.00522150763351 -71.54586629682909 -69.86646662749673 -69.78571907058358 -71.041119803715 -72.16421929325746 -72.959324584545 -73.19598098180217 -73.45976110806932 -73.95328937551898 -75.37494504467949 -76.99462018664117 -77.61129692812328 -77.49708142309733 -77.13922739174704 -76.95294906636295 -77.10004314585872 -77.22819225360517 -76.96193663954087 -76.13131829675125 -75.34731109326948 -74.54601141826615 -74.32502824311022 -74.85376240896142 -75.5932764545407 -75.76571804301247 -9999 -9999 -9999 -9999 -9999 -9999 -9999 -9999 -9999 -9999 -9999
-9999 -9999 -9999 -9999 -9999 -9999 -9999 -9999 -9999 -9999 -9999 -9999 -72.54280891685518 -75.41575789847705 -75.25825732927534 -71.24050710884774 -69.37414281928669 -68.7787594050169 -69.48610918693568 -71.22137160016143 -72.675179068647 -74.11884236546314 -74.90252776881275 -75.28586642168786 -75.90887967788655 -76.92790530314264 -77.72750616478531 -77.45388227409644 -76.51772233114943 -75.8211282009016 -75.81670619093853 -76.13491260551888 -76.72746295919237 -77.20706884595363 -77.1312850256977 -76.29170656722525 -75.50735714691487 -75.62842171380053 -76.03226351802762 -75.33405494268821 -74.31547993680705 -9999 -9999 -9999 -9999 -9999 -9999 -9999 -9999 -9999 -9999 -9999
-9999 -9999 -9999 -9999 -9999 -9999 -9999 -9999 -9999 -9999 -9999 -69.5796062432858 -69.85102072537663 -70.58106044006635 -68.78475932123956 -66.71311401041305 -66.68805038702229 -68.58393439002658 -70.85125901550055 -72.93717649060747 -74.6946928873658 -76.07805333594266 -77.16693016870514 -77.55292704085942 -77.5080149024725 -77.57638149578933 -77.91050531925714 -77.56079780747709 -76.77041228147951 -76.01265626951404 -75.68928139462419 -75.80681767266081 -76.37599020823836 -77.17215616191211 -77.55868407954341 -77.33798643687497 -76.80260886349106 -76.30598125849728 -74.71203361451627 -72.45295307785274 -9999 -9999 -9999 -9999 -9999 -9999 -9999 -9999 -9999 -9999 -9999 -9999
-9999 -9999 -9999 -9999 -9999 -9999 -9999 -9999 -9999 -9999 -71.18494792525534 -69.07928057824788 -67.48300757437296 -66.17862556680389 -65.42619442129913 -65.69134120821305 -67.80408379565115 -70.63800853992934 -73.04653374802159 -75.24915058052409 -76.85645283110763 -78.18689288717248 -78.9984723844606 -79.49760331067701 -79.15886879404601 -78.81023322758466 -78.33280019948015 -77.82878774242556 -77.45947882954194 -77.24373570781039 -76.7865090240603 -76.26775926756471 -75.99082487351869 -76.28660476839413 -76.5296089903492 -76.28525548250131 -75.90707073295894 -75.09412119634773 -71.95257697432585 -9999 -9999 -9999 -9999 -9999 -9999 -9999 -9999 -9999 -9999 -9999 -9999 -9999
-9999 -9999 -9999 -9999 -9999 -9999 -9999 -9999 -9999 -9999 -9999 -9999 -69.37093999479775 -69.15599962842205 -69.04954782274106 -69.54811632082514 -70.6429882167798 -72.02077390415512 -73.40611742485477 -75.24510089259431 -76.89872065607621 -78.22766533105269 -79.17969737282914 -79.49412320003563 -79.04219460681729 -78.40959580712344 -77.79030635224089 -77.23729427272211 -76.84913271665573 -76.60914398276287 -76.48227357054535 -75.75410989364204 -74.56722832503527 -73.3504876713066 -72.75910742402725 -73.27522447899632 -74.209543225072 -74.266700103717 -71.32069500389954 -65.97126387318839 -9999 -9999 -9999 -9999 -9999 -9999 -9999 -9999 -9999 -9999 -9999 -9999
-9999 -9999 -9999 -9999 -9999 -9999 -9999 -9999 -9999 -9999 -9999 -70.95133420792611 -71.09757972168535 -70.6894460796662 -69.90747987608547 -70.06881214856453 -71.2966522856251 -72.92464791319294 -73.62541186906721 -74.27148688584565 -75.76677570767377 -77.46041350601159 -78.6136774075744 -78.81608090582102 -78.49551361280939 -78.2404554238462 -77.90222268583982 -77.2594522576293 -76.69066312649977 -76.0193473421361 -75.36921655451474 -74.38829703450851 -73.04478475483863 -71.83419869257057 -71.70014624540572 -73.2130141350562 -74.41753424185774 -72.99944004578434 -68.60054066437094 -9999 -9999 -9999 -9999 -9999 -9999 -9999 -9999 -9999 -9999 -9999 -9999 -9999
-9999 -9999 -9999 -9999 -9999 -79.35911120182794 -76.98861596279818 -74.50839823290056 -72.42259533913887 -70.86813053666897 -70.02613791839585 -70.22651263423587 -70.96688330772778 -71.6492631756093 -71.96304326115742 -72.38657049591775 -73.2386160047482 -74.60669734442364 -74.88050416614051 -74.99893861636521 -75.65557178482412 -76.55802628608501 -77.41774181811058 -78.06362250690226 -78.12135394338681 -77.17652746613906 -76.29368992813903 -75.87295889271344 -75.63771880369471 -75.25951300529034 -74.80768614359523 -74.1969836687912 -73.13207240094957 -71.98279177672838 -70.72374285287832 -69.71049726219928 -68.08968164901371 -66.04892268728302 -9999 -9999 -9999 -9999 -9999 -9999 -9999 -9999 -9999 -9999 -9999 -9999 -9999 -9999
-9999 -9999 -9999 -9999 -80.08487908283007 -78.12124897215678 -75.59783349429135 -73.20206954718931 -72.08254539205328 -72.20448930237605 -72.16215301612797 -72.07453070775324 -72.42744314832531 -73.62541244049434 -74.84165666041815 -75.89554565610445 -76.66129413571045 -76.96570533870354 -76.42018231684747 -76.12168918906346 -76.3212210195868 -76.130718121872 -76.24720995128155 -76.74461417531838 -76.96610208762729 -76.18550688400866 -75.55714806849542 -75.35592849001938 -74.71260537887397 -74.25670091095178 -73.76596201745713 -72.80963912849192 -70.72054595678397 -68.03417393889116 -66.17211091907129 -9999 -9999 -9999 -9999 -9999 -9999 -9999 -9999 -9999 -9999 -9999 -9999 -9999 -9999 -9999 -9999 -9999
-9999 -9999 -9999 -79.82182882450844 -78.4606328200063 -76.68690221740499 -75.22946008262426 -74.28434243863043 -73.82688503420871 -73.52215363312027 -73.71367834540813 -74.28412434960838 -75.15441665911806 -75.96714855196035 -76.91370813402794 -77.43256527898104 -77.32526320980296 -77.44885374654247 -77.05166690586054 -76.79648446777594 -76.90028039333612 -76.35294251662232 -75.72943172522861 -75.5132347628798 -75.44797193259002 -74.46196592518169 -73.12950114306548 -71.75112873024267 -70.2764136797708 -68.82199306381138 -67.08869798173723 -9999 -9999 -9999 -9999 -9999 -9999 -9999 -9999 -9999 -9999 -9999 -9999 -9999 -9999 -9999 -9999 -9999 -9999 -9999 -9999 -9999
-9999 -9999 -9999 -76.10036114376523 -72.44151842011058 -69.5077900386051 -68.70888607317339 -69.93257839281274 -71.75206507496782 -72.832967247773 -73.55066766008571 -73.79414704638523 -74.54689592974526 -75.39304003021218 -76.73123305479248 -77.60920335286922 -77.78715223041209 -78.00057862634245 -77.72148563550866 -77.2142164209387 -76.97058630660996 -76.1982244287172 -75.47752218547724 -74.80010492970113 -74.09029980991845 -72.68999694660306 -70.73983740579824 -68.25301949388307 -66.17273865834527 -9999 -9999 -9999 -9999 -9999 -9999 -9999 -9999 -9999 -9999 -9999 -9999 -9999 -9999 -9999 -9999 -9999 -9999 -9999 -9999 -9999 -9999 -9999
-9999 -9999 -9999 -75.73833893028939 -74.37483208577919 -72.21060151266663 -70.87393863630166 -71.95947650762704 -74.68420470858013 -76.77651215156357 -77.97766796979639 -77.66824713928833 -76.81881456110213 -76.24077944854895 -76.42492610630062 -76.74581126388577 -77.23716409620313 -77.79174132512675 -77.67475134730337 -77.4885445424252 -77.24148524495271 -76.7405100689157 -75.79110684270388 -74.4386295672992 -72.5860201113898 -70.4869279689763 -9999 -64.08769923675321 -9999 -9999 -9999 -9999 -9999 -9999 -9999 -9999 -9999 -9999 -9999 -9999 -9999 -9999 -9999 -9999 -9999 -9999 -9999 -9999 -9999 -9999 -9999 -9999
-9999 -9999 -9999 -76.60658870932166 -77.16281727889736 -76.71034505193704 -76.91239165244522 -78.21180079992001 -79.35284717546568 -79.91831705056958 -79.9585087964932 -78.95344329851396 -77.93594490761838 -77.4581190809775 -77.6991451629334 -77.85777652163183 -77.46273556351663 -77.44739696902505 -77.02891760385698 -76.11144017593728 -75.22023769583967 -74.50197158671997 -73.72658997119126 -72.01482678622334 -69.10666465071532 -64.44414261955282 -61.291292119320936 -9999 -9999 -9999 -9999 -9999 -9999 -9999 -9999 -9999 -9999 -9999 -9999 -9999 -9999 -9999 -9999 -9999 -9999 -9999 -9999 -9999 -9999 -9999 -9999 -9999
-9999 -9999 -9999 -9999 -75.2181854756342 -76.47920160475705 -77.50860629107926 -78.4951834357447 -78.56727027909623 -78.63294371118148 -78.85520800077514 -79.34679506836312 -79.06837906294993 -78.48378294371487 -78.57789928838609 -78.63473012738608 -78.21892842198356 -77.37537624896244 -76.21347399809387 -74.77830696959843 -73.18172283404405 -72.21504917823607 -70.47350800087054 -66.56917839282089 -9999 -9999 -9999 -9999 -9999 -9999 -9999 -9999 -9999 -9999 -9999 -9999 -9999 -9999 -9999 -9999 -9999 -9999 -9999 -9999 -9999 -9999 -9999 -9999 -9999 -9999 -9999 -9999
-9999 -9999 -9999 -9999 -74.84594556689262 -77.92568974096453 -79.60648895565713 -79.95034338848457 -79.70514912920052 -79.3391584596607 -79.83751172111945 -81.01267194161926 -81.02524975687265 -80.13650858944112 -79.61689295535061 -79.32750624079596 -78.44317050803114 -77.6786765446154 -77.06036197754105 -76.15276941389179 -74.78428025995747 -72.74573433912462 -70.10141620994284 -64.5936155262288 -56.59716223766296 -9999 -9999 -9999 -9999 -9999 -9999 -9999 -9999 -9999 -9999 -9999 -9999 -9999 -9999 -9999 -9999 -9999 -9999 -9999 -9999 -9999 -9999 -9999 -9999 -9999 -9999 -9999
-9999 -9999 -9999 -9999 -80.09941100989553 -80.29139033637263 -81.10048157179898 -82.20107513818552 -82.87806151129983 -81.98204563842731 -81.35125054452907 -81.29902642254125 -80.73241843503307 -80.03773354755884 -79.63616472279483 -80.10433050194247 -79.54352747970684 -79.20767998881638 -78.17690773426807 -76.7630978228336 -75.09523796154694 -73.11251852542841 -69.99001087993382 -62.59506052326072 -9999 -9999 -9999 -9999 -9999 -9999 -9999 -9999 -9999 -9999 -9999 -9999 -9999 -9999 -9999 -9999 -9999 -9999 -9999 -9999 -9999 -9999 -9999 -9999 -9999 -9999 -9999 -9999
-9999 -9999 -9999 -9999 -79.28947528688745 -79.80382920253551 -80.70510852902099 -82.30611967193809 -83.3953379214826 -82.78150764364621 -81.7155163714598 -81.15489524027163 -80.86217812143944 -80.93397765471177 -80.63004927049306 -80.34484115124427 -79.89031453887847 -78.97023737058043 -77.24397067878057 -75.74642687316599 -74.34772728503434 -72.05888593264602 -67.85219556956804 -9999 -9999 -9999 -9999 -9999 -9999 -9999 -9999 -9999 -9999 -9999 -9999 -9999 -9999 -9999 -9999 -9999 -9999 -9999 -9999 -9999 -9999 -9999 -9999 -9999 -9999 -9999 -9999 -9999
