metrics/grid_rasters/CCI Active/grideval_CCI Active_S_summer_absolute_ubrmsd.asc
ncols 52
nrows 55
xllcorner     11.25
yllcorner     55.25
cellsize      0.25
NODATA_value  -9999
[rows 0 to 29 of 55, columns 0 to 51 of 52]
-9999 -9999 -9999 -9999 -9999 -9999 -9999 -9999 -9999 -9999 -9999 -9999 -9999 -9999 -9999 -9999 -9999 -9999 -9999 -9999 -9999 -9999 -9999 -9999 -9999 -9999 -9999 -9999 -9999 -9999 -9999 -9999 -9999 -9999 -9999 -9999 9.556197407857633 8.526700122993466 7.772230132761169 -9999 -9999 -9999 -9999 -9999 -9999 -9999 -9999 -9999 -9999 -9999 -9999 -9999
-9999 -9999 -9999 -9999 -9999 -9999 -9999 -9999 -9999 -9999 -9999 -9999 -9999 -9999 -9999 -9999 -9999 -9999 -9999 -9999 -9999 -9999 -9999 -9999 -9999 -9999 -9999 -9999 -9999 -9999 -9999 -9999 -9999 -9999 -9999 -9999 8.948939502853145 7.812171301180352 7.494342390309898 7.410464844200264 7.312618573699516 7.109989450084647 -9999 -9999 -9999 -9999 -9999 -9999 -9999 -9999 -9999 -9999
-9999 -9999 -9999 -9999 -9999 -9999 -9999 -9999 -9999 -9999 -9999 -9999 -9999 -9999 -9999 -9999 -9999 -9999 -9999 -9999 -9999 -9999 -9999 -9999 -9999 -9999 -9999 17.84442080160561 15.916390321535806 14.982360720481195 14.749798063329733 15.364691040528186 14.340039213296034 13.030139836785086 -9999 9.914282843499985 8.692484519564141 7.711247532429737 6.796146826469508 6.457412219553663 6.401675246862289 6.4220919496732805 6.4843621079090825 6.539661470427205 6.573899563442919 6.538760814404845 -9999 -9999 -9999 -9999 -9999 -9999
-9999 -9999 -9999 -9999 -9999 -9999 -9999 -9999 -9999 -9999 -9999 -9999 -9999 -9999 -9999 -9999 -9999 -9999 -9999 -9999 -9999 -9999 -9999 -9999 -9999 -9999 -9999 21.114770660741407 16.63872040486842 15.482693482151733 14.014157276911158 13.807994764242249 12.495634703443356 11.600110034511578 10.610930160530677 9.932984218548988 9.541841436574495 8.900615393916226 8.190345276347921 7.694741612651717 7.347443430274017 7.123806030656568 7.060827972911478 7.156717162142341 7.1891217659153765 7.154079660531299 7.127974379208544 7.106269905543865 -9999 -9999 -9999 -9999
-9999 -9999 -9999 -9999 -9999 -9999 -9999 -9999 -9999 -9999 -9999 -9999 -9999 -9999 -9999 -9999 -9999 -9999 -9999 -9999 -9999 -9999 16.994736362624046 16.14315813689149 16.77150088426894 16.580314025542215 14.725172033124066 14.385395408527234 13.417779416027011 12.302731319092604 11.396425720688779 9.999057642445576 9.323289882844517 9.131352948931656 8.954607762284063 9.047975816831784 9.255476267227923 9.243225301813762 8.984161646342427 8.650316166149219 8.274933536362605 7.694759448884147 7.3554798846870675 7.2756517251438275 7.346905488982276 7.362951278488906 7.393044619051452 7.346691657888588 7.255460561826017 -9999 -9999 -9999
-9999 -9999 -9999 -9999 -9999 -9999 -9999 -9999 -9999 -9999 -9999 -9999 -9999 -9999 -9999 -9999 -9999 -9999 -9999 -9999 -9999 15.724963150392588 16.459069224093238 15.262525706269654 15.184890067235877 11.651681586626484 13.199733009023035 13.160927431515319 12.585275689252011 11.778280526209658 9.851426415903902 8.290360141002251 7.556021332792863 7.255990030230162 7.300189051655775 7.721112012769664 8.320516102651776 8.772520343451884 8.690222726201084 8.514564658017774 8.26968689699969 7.9532058147919855 7.539850235096707 7.278976568645238 7.124608109886116 7.040557479818116 7.1101742943147554 7.190566712515078 7.2821008719762945 -9999 -9999 -9999
-9999 -9999 -9999 -9999 -9999 -9999 -9999 -9999 -9999 -9999 -9999 -9999 -9999 -9999 -9999 -9999 -9999 -9999 -9999 -9999 14.903049285450404 13.45790551174155 13.395014640928814 14.182042129970384 15.26577367023597 16.176206210090026 14.680240356165998 14.022173051408995 12.513819110663231 11.259996397966106 9.962729610940345 8.742046386849392 7.600870768100724 7.123827357796746 7.0825538303578295 7.685562242202012 8.373942300297136 8.886101945860535 9.083494397079011 8.93840473782371 8.714595001931006 8.41974305519804 8.064018084828794 7.720609037872587 7.388181595466257 7.128641541649923 6.995806548228288 7.079541743849827 7.180151428739662 7.306930398056926 -9999 -9999
-9999 -9999 -9999 -9999 -9999 -9999 -9999 -9999 -9999 -9999 -9999 -9999 -9999 -9999 -9999 -9999 -9999 -9999 -9999 -9999 -9999 14.582627142272115 12.340823473811225 13.859130185571251 13.825824429026554 14.378869416952044 14.502125195054466 13.173403403012507 11.710763779166331 10.608566719969119 10.015294444101107 9.285197874833734 8.478237820484878 7.902743959247829 7.4704935088363715 7.496855672349048 7.863806135330062 8.304212660883975 8.559207386496338 8.502338423831327 8.363235687677825 8.195060687945114 8.072390446591248 7.92613946025666 7.799379040569018 7.669050398345248 7.564093257293089 7.7154199652428614 7.748370248414098 -9999 -9999 -9999
-9999 -9999 -9999 -9999 -9999 -9999 -9999 -9999 -9999 -9999 -9999 -9999 -9999 -9999 -9999 -9999 -9999 -9999 -9999 11.50189369781376 10.306830007770092 10.084706951527505 9.549404707391313 9.276295413864588 10.85617633759858 11.060050248554132 10.886317809422755 11.007383253596013 10.660797301852387 10.112538723758922 9.620747418048747 8.960968759176248 8.490040564300685 8.220448724446385 7.9576974878519335 7.6359525243236765 7.517210028184787 7.525029666375402 7.591690730505757 7.63360275014233 7.649740428925074 7.549538380448098 7.447615110921703 7.443894553904031 7.63248390467666 7.794511287405361 7.818140438731061 7.847098588599862 7.861191492870242 7.814013318255262 7.736285228637509 -9999
-9999 -9999 -9999 -9999 -9999 -9999 -9999 -9999 -9999 -9999 -9999 -9999 -9999 -9999 -9999 -9999 -9999 -9999 9.904977952185732 9.748016703388569 9.89336186327097 9.76216068136762 9.103243841040419 9.03212946019127 9.030048429530623 8.880980670902494 9.12234342687334 9.135143862256037 9.072717224216293 8.99687332971151 8.738379560353794 8.330842701586512 7.954460809350219 7.822484653992869 7.872134648435465 7.821696634097369 7.679270964988637 7.5344893075451775 7.419268901075759 7.3361850650653935 7.481773383005228 7.5582421257760775 7.504590382025966 7.541419234625889 7.615272775285459 7.753526277165692 7.727555048620673 7.826555043219241 7.8708853260120355 7.826632488860711 7.768696099587191 -9999
-9999 -9999 -9999 -9999 -9999 -9999 -9999 -9999 -9999 -9999 -9999 -9999 -9999 -9999 -9999 -9999 -9999 9.814639718897967 9.345083431954825 9.816084349143566 9.287721653173039 9.342830160818773 9.201479603514766 9.136981814324722 9.016587030322652 8.917534635725305 8.884836809587098 8.702342622632116 8.433307854471064 8.033483093673425 7.924051650530424 8.015251569236991 7.843840753475231 7.805555359882575 7.754800747532908 7.66340367530089 7.6274303462015745 7.624978075149334 7.564467831701854 7.461482072910018 7.556608202962443 7.598100696129657 7.596172025532229 7.464941177678888 7.35344994641483 7.397420394568776 7.4216091755075615 7.502243130490697 7.647086226822783 7.7409058792742975 -9999 -9999
-9999 -9999 -9999 -9999 -9999 -9999 -9999 -9999 -9999 -9999 -9999 -9999 -9999 13.679534836902118 11.857316100370245 10.575550094157489 9.124723791946813 8.816812841402204 9.285419956873492 9.208712770976552 9.27054505393385 9.684770605902491 9.73847193020007 9.715798621408933 9.52596962916824 9.032089333251683 8.610042536586489 8.391962002125284 8.074837596081178 7.8097030471279005 7.79037113030656 7.902692829325403 7.890026713890707 7.846094149612925 7.781110128760259 7.795894196379843 7.74620999850775 7.823529473444696 7.889632357863836 7.745538903716956 7.673242947621653 7.534955090912003 7.438250688923638 7.335234938529867 7.296843076811162 7.3420333337330925 7.417060337095685 7.469599065274532 7.584274883361625 7.757990224871365 7.924909740814079 -9999
-9999 -9999 -9999 -9999 -9999 -9999 -9999 -9999 -9999 -9999 -9999 -9999 -9999 12.423132036408289 11.402203243827914 11.277377566606724 10.768952050918887 11.03876230454409 10.482175371496595 10.320459579681874 10.191857194990195 10.426057137880537 10.352784541835778 10.211218946049872 9.72906504579741 9.048886248225251 8.486464032256697 8.295432111601071 8.315394510921623 8.265328464073319 8.213928484326196 8.242965354647785 8.238257077328496 8.166961474072354 8.085118527680876 7.9756155950931875 7.8825324429419625 7.836942470936965 7.785641577020254 7.600024943350825 7.5742154193029245 7.670795376294615 7.865872267213155 8.057892674479525 8.065016730845466 8.006394151913018 7.938532161193709 8.106061428032683 8.030495501160054 8.001167096796014 8.402665944893451 8.69111030574284
-9999 -9999 -9999 -9999 -9999 -9999 -9999 -9999 -9999 -9999 -9999 -9999 -9999 11.38488268175382 10.353008483824135 10.125197987471473 10.432508095553997 10.671071105277647 10.553358323720056 10.29636446418744 10.197969157856075 10.199486102943258 10.072815644645363 9.918241326913847 9.462164006083047 8.88377021162999 8.256686730294001 -9999 8.045823602454085 8.186332044158592 8.262895959918886 8.245465101146394 8.116888409014216 8.00080047106785 8.073986969848171 8.081972034095601 8.089435360171503 8.125504544056987 8.052614419893594 7.849011910709398 7.853549882436558 8.261533997099848 8.951911473204694 9.621156907240165 -9999 -9999 -9999 -9999 -9999 -9999 -9999 -9999
-9999 -9999 -9999 -9999 -9999 -9999 -9999 -9999 -9999 -9999 -9999 -9999 -9999 9.552749170840238 9.137420960184908 9.286707720574867 10.100396946051552 10.820528558578166 10.792290179565699 10.387212971726527 10.123701072175654 9.976978541684373 9.837463831972714 9.579778228257943 9.176657462851342 8.704886377722485 8.134273816229424 7.832241580607453 7.726517812351263 7.5343405100622265 7.6275696857082895 7.780088469697953 7.7349331514838635 7.711810178555463 7.769558307426277 7.867789906541784 7.921195178241772 8.055856663472769 8.161591437049402 8.364187919157093 8.593698800396158 -9999 -9999 -9999 -9999 -9999 -9999 -9999 -9999 -9999 -9999 -9999
-9999 -9999 -9999 -9999 -9999 -9999 -9999 -9999 -9999 -9999 -9999 -9999 10.643405222510497 8.901719063098199 8.748961825122693 9.820863724505458 10.362716387838141 10.611254774953846 10.430945970925537 9.90396679329432 9.678980752635944 9.465791331252666 9.30890822293617 9.170064830526217 8.977084527928739 8.640201170393766 8.228130533068715 7.960152742462037 7.7811575543260165 7.499910726607736 7.471555361085811 7.596013090004556 7.7712466638015725 7.778226486439578 7.693445132458936 7.733514067328513 7.8365979735871685 7.958600139681388 8.426371745570856 9.043859650139982 9.4474241980108 -9999 -9999 -9999 -9999 -9999 -9999 -9999 -9999 -9999 -9999 -9999
-9999 -9999 -9999 -9999 -9999 -9999 -9999 -9999 -9999 -9999 -9999 8.927693678014613 8.784561611099733 8.866805395845445 9.515293749624824 10.096918550247057 10.165837345886592 10.040555891262716 9.917183794702137 9.359048113610914 8.966333927039528 8.736470197494423 8.6102888359167 8.515420674139058 8.505183513649978 8.46369067607795 8.311158278494956 8.122108669129336 7.956993708333254 7.7467508880589095 7.486111565835847 7.694827059575073 7.966972998680588 7.974579394219017 7.926539749478175 7.958628086320793 8.299715774334564 8.8242293380354 9.729234148496149 10.625774086924908 -9999 -9999 -9999 -9999 -9999 -9999 -9999 -9999 -9999 -9999 -9999 -9999
-9999 -9999 -9999 -9999 -9999 -9999 -9999 -9999 -9999 -9999 8.79331096954701 9.236206660998198 9.482927625855242 9.598762736455166 9.809791967271114 9.785078065764827 9.553420863190182 9.279667202177443 9.120367076794736 8.778939817588498 8.555641844469996 8.316088552168774 8.171441678890856 8.038950208433464 8.113289467379616 8.204399595677268 8.251176316243324 8.26861387643736 8.117217751456508 7.885284061170528 7.500599114239447 7.5035952538819695 7.598188254861653 7.6330961211612465 7.739255114653488 8.004258749193298 8.403944588148407 9.039762611759 10.431174112989952 -9999 -9999 -9999 -9999 -9999 -9999 -9999 -9999 -9999 -9999 -9999 -9999 -9999
-9999 -9999 -9999 -9999 -9999 -9999 -9999 -9999 -9999 -9999 -9999 -9999 9.949090775523606 9.754446047022423 9.643482349740289 9.631449664177351 9.320317114422878 9.035480343592557 8.814046401326971 8.627966661957048 8.423773871522208 8.15270004396726 8.05410068715512 8.010963515065809 8.121520995021562 8.291860307311492 8.532522456099032 8.61286887543319 8.46454187053229 8.371742342943854 8.096037740033614 7.912483120355621 7.771712734358107 7.707805380551082 7.587920128230093 7.780319326476983 8.232601360458819 9.121611202485369 10.188603795967158 11.297283205845654 -9999 -9999 -9999 -9999 -9999 -9999 -9999 -9999 -9999 -9999 -9999 -9999
-9999 -9999 -9999 -9999 -9999 -9999 -9999 -9999 -9999 -9999 -9999 9.15195139392714 9.353291825580156 9.343260717894584 9.489156552500743 9.371936913899342 9.049999005709118 8.846324516387346 8.690317525940166 8.477826006367957 8.225432476777772 8.172681661514735 8.103466023294166 7.992627676526787 8.045718766141599 8.06530197840865 8.118082254258518 8.154360317149036 8.1782616500537 8.118159660897286 7.995166795791428 7.838247204282392 7.816148517086048 7.776280649719008 7.695077057352758 8.008545579790322 8.59984176757264 9.551073955669922 10.353851173076592 -9999 -9999 -9999 -9999 -9999 -9999 -9999 -9999 -9999 -9999 -9999 -9999 -9999
-9999 -9999 -9999 -9999 -9999 7.055277093647161 7.449241635512315 7.751196538994143 8.055154021148244 8.391356620068862 8.721828054843044 9.123072317733332 9.150399479029172 9.029163080613353 8.85735078370178 8.65125223692654 8.366886042647891 8.113601720027955 8.054041277978799 8.204232525195309 8.097832738882179 8.05534421255222 8.008038734306327 7.9633476690733564 7.958188160475073 7.954557495672407 7.9745629970587695 7.903807103660867 7.974153747579051 8.002715982641403 7.991011731232798 7.830528986275065 7.8418479356288815 8.223873269101166 8.478094195085529 9.126567702121353 9.886774128287332 10.534864913454843 -9999 -9999 -9999 -9999 -9999 -9999 -9999 -9999 -9999 -9999 -9999 -9999 -9999 -9999
-9999 -9999 -9999 -9999 7.075183171056006 7.365358477128982 8.102113961120184 8.760245598867877 8.962308433656599 8.94453747473766 9.031219683502265 9.063320384566213 8.789004218183264 8.552839203351859 8.35503816775392 8.178067348440031 7.886070701964885 7.733243745043657 7.826714073560151 7.873536241866421 7.855202637014402 7.9150435805139425 7.87855045233121 7.753595437235142 7.738107642493856 7.8551555000546776 7.849906541248284 7.872963354083235 8.072674884732644 8.263723820530577 8.31491729949729 8.399655576727225 8.734324470256231 9.212271817288778 9.693804544429396 -9999 -9999 -9999 -9999 -9999 -9999 -9999 -9999 -9999 -9999 -9999 -9999 -9999 -9999 -9999 -9999 -9999
-9999 -9999 -9999 7.369348837093924 7.491589272111945 7.9603013577764115 8.421350717587071 8.674296121168872 8.714303520701348 8.814714214167392 8.661512343038321 8.52736304119685 8.50222647130229 8.418293519275796 8.406576499473005 8.26230933707217 8.101222341913116 7.926109960773883 7.923421647218634 7.917185712906063 7.832741786928054 7.753553559163689 7.595443866650226 7.54824090527956 7.495750127180769 7.5014565311698895 7.708014767365223 7.942355356449795 8.378953502518783 8.959004431921684 9.720503188303578 -9999 -9999 -9999 -9999 -9999 -9999 -9999 -9999 -9999 -9999 -9999 -9999 -9999 -9999 -9999 -9999 -9999 -9999 -9999 -9999 -9999
-9999 -9999 -9999 9.241136714272619 10.0596063165425 10.531631305369991 10.137029960985656 9.530527419050213 9.343567729720997 9.1746623585984 8.753295717848637 8.684793419202016 8.73248073936403 8.56991966017012 8.39932920791283 8.392010864181291 8.260457753201669 8.06740963669899 8.105063609318488 8.115452103039345 8.026852482775034 7.915615355450763 7.832400558933581 7.680430685209628 7.51611352911417 7.658219470513817 8.21810808032788 8.89778200298684 9.611991222652142 -9999 -9999 -9999 -9999 -9999 -9999 -9999 -9999 -9999 -9999 -9999 -9999 -9999 -9999 -9999 -9999 -9999 -9999 -9999 -9999 -9999 -9999 -9999
-9999 -9999 -9999 8.335923953952284 8.884665202335407 9.494482151195182 9.807599713514113 9.45635386439667 9.004810444876107 8.643690101526747 8.297336065236225 8.435195707466066 8.576206619348419 8.563580514698321 8.539942855705053 8.525348437498618 8.583214959010212 8.492628782593666 8.388503458572817 8.418580022324914 8.425937729949142 8.336262799734198 8.194075347399778 8.065438691075478 8.28327051235799 8.694933406430923 -9999 11.048782931358929 -9999 -9999 -9999 -9999 -9999 -9999 -9999 -9999 -9999 -9999 -9999 -9999 -9999 -9999 -9999 -9999 -9999 -9999 -9999 -9999 -9999 -9999 -9999 -9999
-9999 -9999 -9999 7.940017166414701 8.546312517919473 9.18506018898376 9.154485632295065 8.88443339382477 8.717295495215907 8.642745492621618 8.292051557154233 8.545977359275701 8.774041471599514 8.780257502503094 8.4967285688733 8.479648402008573 8.700792795906594 8.95309504105637 9.04839001504554 9.153847897261985 9.056299292297114 8.769468962639147 8.935107569516719 9.088853006480948 9.519576016399268 10.706048774912382 11.978574721377372 -9999 -9999 -9999 -9999 -9999 -9999 -9999 -9999 -9999 -9999 -9999 -9999 -9999 -9999 -9999 -9999 -9999 -9999 -9999 -9999 -9999 -9999 -9999 -9999 -9999
-9999 -9999 -9999 -9999 8.486802919305624 8.750301725481851 8.855362806074469 9.102248683401298 9.168886122191294 9.079485914914207 9.04944362681808 8.740802589070809 8.642899380222246 8.664437217783433 8.580754651964439 8.567370176653526 8.65953536375709 9.073307582036124 9.249635455800961 9.311724705706037 9.51039665460776 9.549679361402356 9.576478278144586 10.23026258722913 -9999 -9999 -9999 -9999 -9999 -9999 -9999 -9999 -9999 -9999 -9999 -9999 -9999 -9999 -9999 -9999 -9999 -9999 -9999 -9999 -9999 -9999 -9999 -9999 -9999 -9999 -9999 -9999
-9999 -9999 -9999 -9999 8.419987468265983 8.387554201083319 8.471789226026653 8.400298819967103 8.653403676403826 8.772944239323913 8.664480236446947 8.422290137786222 8.201465796223113 8.183964495355845 8.555820124310651 8.725359414173298 8.839437411297173 8.946252423639967 9.109367145776742 9.353898113741437 9.508690999482328 9.776884713049732 9.828834473535263 10.716852897449924 12.913102310525382 -9999 -9999 -9999 -9999 -9999 -9999 -9999 -9999 -9999 -9999 -9999 -9999 -9999 -9999 -9999 -9999 -9999 -9999 -9999 -9999 -9999 -9999 -9999 -9999 -9999 -9999 -9999
-9999 -9999 -9999 -9999 8.454568252291349 8.291386658296226 8.097466514945843 7.969570327133499 8.060310452993274 8.02167173069356 8.207855372889084 8.11062539598508 7.988611314196953 7.8874687316880525 8.158593940039562 8.40494843378997 8.240039010546766 8.598174613170693 8.997454280116628 9.196284793471671 9.393630976630744 9.717644982050567 10.075607509470604 11.309718138181331 -9999 -9999 -9999 -9999 -9999 -9999 -9999 -9999 -9999 -9999 -9999 -9999 -9999 -9999 -9999 -9999 -9999 -9999 -9999 -9999 -9999 -9999 -9999 -9999 -9999 -9999 -9999 -9999
-9999 -9999 -9999 -9999 9.424238998033331 9.173644833892816 8.816312212904617 8.035823827653724 7.742537965996933 7.898636186297525 7.933414012916839 8.069046567193778 8.070380960225858 8.119497300842367 7.938629905917254 8.286155387203685 8.569691920361565 8.593733724725316 8.816420363357848 9.177584237301849 9.33223079555098 9.450411701885445 10.331759475006699 -9999 -9999 -9999 -9999 -9999 -9999 -9999 -9999 -9999 -9999 -9999 -9999 -9999 -9999 -9999 -9999 -9999 -9999 -9999 -9999 -9999 -9999 -9999 -9999 -9999 -9999 -9999 -9999 -9999
