metrics/grid_rasters/CCI Active/grideval_CCI Active_Y_2017_absolute_bias.asc
ncols 52
nrows 55
xllcorner     11.25
yllcorner     55.25
cellsize      0.25
NODATA_value  -9999
[rows 0 to 29 of 55, columns 0 to 51 of 52]
-9999 -9999 -9999 -9999 -9999 -9999 -9999 -9999 -9999 -9999 -9999 -9999 -9999 -9999 -9999 -9999 -9999 -9999 -9999 -9999 -9999 -9999 -9999 -9999 -9999 -9999 -9999 -9999 -9999 -9999 -9999 -9999 -9999 -9999 -9999 -9999 -79.68433000600857 -79.60319650966626 -80.55680462274145 -9999 -9999 -9999 -9999 -9999 -9999 -9999 -9999 -9999 -9999 -9999 -9999 -9999
-9999 -9999 -9999 -9999 -9999 -9999 -9999 -9999 -9999 -9999 -9999 -9999 -9999 -9999 -9999 -9999 -9999 -9999 -9999 -9999 -9999 -9999 -9999 -9999 -9999 -9999 -9999 -9999 -9999 -9999 -9999 -9999 -9999 -9999 -9999 -9999 -79.61463533178583 -81.46880690249904 -81.38352217923287 -80.95524333172466 -80.5588091718299 -80.57477360073752 -9999 -9999 -9999 -9999 -9999 -9999 -9999 -9999 -9999 -9999
-9999 -9999 -9999 -9999 -9999 -9999 -9999 -9999 -9999 -9999 -9999 -9999 -9999 -9999 -9999 -9999 -9999 -9999 -9999 -9999 -9999 -9999 -9999 -9999 -9999 -9999 -9999 -66.48611997512349 -71.05760108391445 -74.2392861824986 -74.32225323319435 -73.20138837650521 -69.4990726678823 -67.64350554327935 -9999 -73.7015538475174 -77.69316231804406 -80.28135650257269 -82.43579067637523 -83.00807446571405 -82.52459401468434 -81.98971712569656 -81.79593256992452 -81.82141881421501 -81.83522063619517 -81.40156629445809 -9999 -9999 -9999 -9999 -9999 -9999
-9999 -9999 -9999 -9999 -9999 -9999 -9999 -9999 -9999 -9999 -9999 -9999 -9999 -9999 -9999 -9999 -9999 -9999 -9999 -9999 -9999 -9999 -9999 -9999 -9999 -9999 -9999 -67.1054162850061 -73.3886715461642 -75.3219483175943 -74.37278622722448 -70.10178907927292 -67.20839141156168 -66.6516712337148 -68.26922533708887 -71.17702692467721 -73.64415435834675 -75.65139796685789 -77.47303960714247 -78.44908806004308 -79.43202145495056 -80.17036966773631 -80.40802600754327 -80.05579960881884 -79.53323107619177 -79.13824897212318 -79.25614144448191 -79.37085247756912 -9999 -9999 -9999 -9999
-9999 -9999 -9999 -9999 -9999 -9999 -9999 -9999 -9999 -9999 -9999 -9999 -9999 -9999 -9999 -9999 -9999 -9999 -9999 -9999 -9999 -9999 -67.2331096689983 -71.89439228192674 -74.63234651307602 -76.32820632217859 -78.01214153885843 -78.76909263730049 -78.91141892252988 -78.97371445069636 -77.01611769179503 -75.89347038569014 -74.16400154645474 -73.36547144018597 -73.45805869289698 -73.78291262639394 -73.82268773010057 -74.16880145780048 -75.00672491768628 -75.6863861316588 -76.74708312758948 -78.65966333661761 -79.45744136078284 -78.94859848971382 -78.76410681092591 -78.23029111260955 -78.26908089642255 -78.3029207292013 -78.5466154651467 -9999 -9999 -9999
-9999 -9999 -9999 -9999 -9999 -9999 -9999 -9999 -9999 -9999 -9999 -9999 -9999 -9999 -9999 -9999 -9999 -9999 -9999 -9999 -9999 -73.25727637984592 -75.78384647783034 -77.26577984719049 -78.1680577559731 -81.85945632473734 -77.78288737730105 -75.34515958375671 -73.95094217061997 -73.6811073714902 -75.34391833730042 -76.50574444988628 -77.48991891511797 -78.39943608151206 -78.82950954603685 -78.31674182483185 -75.94327816459703 -75.26198516804494 -75.32600653753047 -76.22701258621201 -77.08961823646251 -78.04454567065326 -78.89562178579244 -80.15692054005339 -80.24797316238006 -80.04089401542029 -80.04279796090684 -79.69956197555987 -78.5421845694636 -9999 -9999 -9999
-9999 -9999 -9999 -9999 -9999 -9999 -9999 -9999 -9999 -9999 -9999 -9999 -9999 -9999 -9999 -9999 -9999 -9999 -9999 -9999 -68.82385707651542 -75.17155565632333 -80.82207482930492 -80.95132690118183 -80.6441132572531 -77.89101285497348 -73.73538637444052 -70.5856274772774 -69.37998483682935 -70.08852635029899 -71.32679720972753 -74.19906423416488 -77.28122694673492 -79.16032894877227 -78.75767033234719 -77.14500972818419 -75.52516048767005 -74.22729516361551 -73.86563743801811 -74.54464849707841 -75.61693182511694 -76.32966192472206 -77.96728059301128 -79.15915492108834 -79.82770467849521 -80.3249981758463 -80.62799496468038 -80.23980762670115 -78.52525242554009 -77.68695521615717 -9999 -9999
-9999 -9999 -9999 -9999 -9999 -9999 -9999 -9999 -9999 -9999 -9999 -9999 -9999 -9999 -9999 -9999 -9999 -9999 -9999 -9999 -9999 -76.55670929256873 -78.7639946615017 -78.94510226891299 -77.96196019298891 -73.53335631920012 -72.46276131598917 -71.51385833793564 -71.23563376497599 -71.64424869220778 -71.32822295811869 -72.36911332097745 -74.55135842282925 -76.53533124781339 -77.96539736116767 -77.72483680359548 -76.59244858341503 -75.2577049974588 -74.16903358504369 -74.2920998659204 -74.54274206759494 -75.05335441913479 -75.73097461265951 -76.15383565906241 -76.21221481495863 -76.5295837814738 -75.97117001422937 -75.62899222937378 -75.05992292437483 -9999 -9999 -9999
-9999 -9999 -9999 -9999 -9999 -9999 -9999 -9999 -9999 -9999 -9999 -9999 -9999 -9999 -9999 -9999 -9999 -9999 -9999 -78.68467003337685 -80.28645780499727 -80.35871241237177 -80.27166887857021 -79.6541964129094 -77.56539735797816 -75.04229631647469 -72.2297566127933 -69.93172568978764 -68.95250974265458 -68.81982510367149 -69.28717391401719 -69.78184468607614 -70.52983090003825 -71.82645035983981 -73.49262304388502 -75.11808021093094 -76.40470537591055 -76.72571432427054 -76.64072116021238 -75.79807337339408 -74.23697156551617 -73.13821515587031 -72.55694867457663 -71.81572855557773 -71.32082841492125 -71.29552180336104 -71.68986915405706 -71.82035877368004 -72.10291620218841 -72.16285024127409 -71.89849874103332 -9999
-9999 -9999 -9999 -9999 -9999 -9999 -9999 -9999 -9999 -9999 -9999 -9999 -9999 -9999 -9999 -9999 -9999 -9999 -80.80642866298378 -80.39542293982072 -80.02654354112694 -79.47841207377881 -78.85671224422526 -77.7198765435204 -76.7628498515172 -75.90473407581919 -74.85640401577021 -74.0774487627572 -73.63347978889942 -72.7082306977503 -72.2736580467783 -72.12438704744899 -72.22409063890395 -72.31670826504816 -72.39295458274928 -72.99257946520662 -73.9103252468935 -75.09004182010501 -75.56324549270914 -75.19861326954867 -73.77556744551188 -72.27559149845855 -71.34136677146346 -69.95320182713405 -69.59943748885519 -69.35469705632455 -69.68711921404785 -70.07512314712747 -70.36138050184182 -70.13628443371351 -69.76593197271642 -9999
-9999 -9999 -9999 -9999 -9999 -9999 -9999 -9999 -9999 -9999 -9999 -9999 -9999 -9999 -9999 -9999 -9999 -82.97689241222864 -82.34716418845314 -80.58876560285859 -78.77471225120519 -77.16940606935394 -75.79012825410156 -73.90185979726475 -71.83422154924016 -70.71061997351391 -70.10793754684775 -70.07233631278679 -70.52428673745335 -71.45033931562419 -71.47701055789366 -70.90454457052375 -70.35926163634285 -69.94194278111623 -70.40643221091213 -70.85876609736255 -71.21457823478491 -71.23072129779536 -71.27287056386895 -71.09717475962476 -70.76314522315924 -70.65916766436169 -69.97664916115318 -69.60078547149897 -68.80010538238596 -67.235086288256 -66.57694244262932 -67.15437087105423 -67.44200876590949 -68.01288182533557 -9999 -9999
-9999 -9999 -9999 -9999 -9999 -9999 -9999 -9999 -9999 -9999 -9999 -9999 -9999 -77.0812692717574 -79.63952953567922 -82.43365326442355 -84.95787441907703 -85.0386032295429 -83.48444910278951 -81.15341009818323 -78.79501926010116 -76.5433043529128 -74.02386714624507 -70.90987655643825 -69.43784416423689 -68.99576894142344 -68.78288423771379 -68.44970066901648 -68.39553639179543 -69.13111192709322 -69.8953385497324 -69.99440356444929 -69.38086327728935 -69.01452632417492 -69.61072547125144 -70.66093412964116 -71.04076212766219 -70.91427724471647 -69.9516805172772 -68.2814747005701 -67.10077201323399 -66.72086433414987 -66.66184166251429 -66.18525010988807 -65.86225895376396 -66.01611574601971 -66.34210157365193 -66.79525745273024 -67.07079466953387 -67.6171593974034 -68.52637765496165 -9999
-9999 -9999 -9999 -9999 -9999 -9999 -9999 -9999 -9999 -9999 -9999 -9999 -9999 -77.59339534209835 -78.84797253917883 -79.53037773582292 -80.08876907243393 -81.05043358614911 -80.26664048171305 -77.84041550190285 -75.53916444079508 -72.80917489945888 -70.50265422979602 -69.37997901891508 -69.86988941171478 -70.84936108685369 -72.10858565920098 -72.2824909356542 -71.80359028458177 -72.1867631494999 -72.23382783013363 -72.493966596405 -72.91735401009913 -73.69715394969467 -73.86241813691763 -74.1086437975193 -72.93726627982609 -72.1310670378765 -71.07914915417923 -69.79554678906094 -68.94282292110192 -68.4661058467242 -68.05558282391557 -67.35939798902415 -67.21378582877338 -66.89969806898479 -65.70688560682457 -65.91340415801433 -66.78203201126182 -67.83549022082596 -69.07169317655466 -69.69921258491958
-9999 -9999 -9999 -9999 -9999 -9999 -9999 -9999 -9999 -9999 -9999 -9999 -9999 -79.36617519852649 -78.10705948854559 -76.1713581329643 -75.20882779551614 -74.31155876134555 -73.98077463861847 -73.20377513278002 -71.14152498533771 -69.90466093613256 -69.46688509310127 -69.90332466950339 -71.2067547478737 -73.37652949825409 -75.28184262471541 -9999 -76.15198858071417 -75.26170946732701 -74.87896721579618 -74.9336450298982 -74.87896575348478 -74.82963655133483 -74.80461700457252 -74.51761483971416 -73.94473407182791 -73.15949843150295 -72.65291610218229 -72.77141183755688 -72.50243331092634 -68.5849862638965 -66.31687256507576 -64.44470888052298 -9999 -9999 -9999 -9999 -9999 -9999 -9999 -9999
-9999 -9999 -9999 -9999 -9999 -9999 -9999 -9999 -9999 -9999 -9999 -9999 -9999 -81.69051160723393 -80.42797010462239 -77.61910573142295 -74.34257230093134 -71.79481730590422 -70.765638709964 -69.89609705856661 -70.6736363258606 -71.44543423142534 -71.97184834387153 -71.6188131455953 -72.27080399381529 -74.25404411092609 -75.9694373064058 -76.5383285385497 -76.04346891630973 -75.55350801046495 -75.13082669706179 -75.2607387784921 -75.23462989311534 -75.25111131268699 -74.91631906972947 -74.20705182870634 -73.50453554299371 -73.07215610937826 -73.33491380127516 -73.7651568372783 -73.76677024658574 -9999 -9999 -9999 -9999 -9999 -9999 -9999 -9999 -9999 -9999 -9999
-9999 -9999 -9999 -9999 -9999 -9999 -9999 -9999 -9999 -9999 -9999 -9999 -82.79845198805515 -81.96625128901745 -79.98421172217394 -76.76712275539735 -73.22403245586997 -70.93928623118036 -69.8851588782337 -70.34349184200356 -71.3378311392798 -73.16820123201455 -74.06818699293167 -74.38282854002227 -74.79234670688366 -75.7791768916448 -76.45657608803087 -76.06067260921002 -75.02637389862298 -74.8536242863515 -74.90108227688116 -74.83147414171532 -75.40036254263904 -76.03987387968165 -76.0852124583559 -75.17617496501094 -74.1766779491057 -74.19153671932631 -74.39649960265994 -74.40656050988312 -73.89953748085728 -9999 -9999 -9999 -9999 -9999 -9999 -9999 -9999 -9999 -9999 -9999
-9999 -9999 -9999 -9999 -9999 -9999 -9999 -9999 -9999 -9999 -9999 -76.37468632402873 -77.43909326680708 -77.72794151506743 -76.80001264847445 -73.71205443399722 -70.0932369571593 -69.8368765288179 -71.16885586073563 -72.40461080398741 -74.03593526569105 -75.26755429727416 -76.12424017057853 -76.42780929719504 -76.23204296568166 -76.38410445210742 -76.59314584583043 -76.4346777399381 -75.25181799756935 -74.466055579727 -74.24373629884003 -74.15593958581916 -74.48414907395059 -75.97924825222525 -76.27808512438988 -76.08019281440491 -75.2851149555504 -74.68559243291055 -73.43505477970061 -71.99248220168859 -9999 -9999 -9999 -9999 -9999 -9999 -9999 -9999 -9999 -9999 -9999 -9999
-9999 -9999 -9999 -9999 -9999 -9999 -9999 -9999 -9999 -9999 -75.08506181309056 -74.3060100966088 -74.15034426748754 -73.52907985262573 -72.45675578305674 -68.94315034349131 -69.60255337473313 -71.50822849240569 -73.32926213173195 -75.10005118843145 -76.23332541721797 -77.535620611325 -78.25685236251579 -78.42465787809343 -78.17572772697262 -77.78903737388275 -77.76842125269431 -77.13372038761153 -76.91808059960604 -76.4892210704805 -76.14117530207986 -75.32268237283355 -74.99188963528847 -75.53961856724048 -75.7175193774986 -75.47868565171008 -74.70123096480965 -73.47187435032765 -71.02161996474578 -9999 -9999 -9999 -9999 -9999 -9999 -9999 -9999 -9999 -9999 -9999 -9999 -9999
-9999 -9999 -9999 -9999 -9999 -9999 -9999 -9999 -9999 -9999 -9999 -9999 -73.00277706601149 -72.75027718939889 -70.97407536253512 -71.29692014869005 -72.22791523309425 -73.34529888737045 -74.5749999566529 -75.55744824581926 -76.88290778773872 -78.0067951769007 -78.86208965396509 -79.07926451032979 -78.66640388806286 -78.01851126523513 -77.91485322732478 -77.1953534846194 -76.54136436409463 -75.919272132355 -75.60595808040213 -74.93737039181553 -73.3774286366953 -72.23707576979089 -71.3269952776059 -71.8776957183713 -72.52337848221113 -72.52864726245403 -69.73586796570656 -65.56265652968094 -9999 -9999 -9999 -9999 -9999 -9999 -9999 -9999 -9999 -9999 -9999 -9999
-9999 -9999 -9999 -9999 -9999 -9999 -9999 -9999 -9999 -9999 -9999 -73.09626242875339 -72.31310775585075 -71.38618915744081 -70.47615400087416 -71.1777861739347 -72.77362305062209 -74.47271255426895 -74.72844984917188 -74.65639222145846 -75.73312856670883 -76.75028690713934 -77.57629616224405 -77.56584892512822 -77.18687413416126 -77.13309989546437 -76.9791216636758 -77.02440677369013 -76.39210327811863 -75.43831244019644 -74.32859970830336 -72.94754876078981 -71.4182356148958 -70.37274801758204 -70.26297852030542 -71.59242413735582 -72.5531305475058 -71.87939318687052 -67.98791494628014 -9999 -9999 -9999 -9999 -9999 -9999 -9999 -9999 -9999 -9999 -9999 -9999 -9999
-9999 -9999 -9999 -9999 -9999 -80.41861466077215 -79.79065430445084 -78.60599704367527 -77.16533435646653 -75.23755733804269 -70.99050853138714 -69.96056662578792 -69.51221125435897 -70.52697921487672 -70.84457441334699 -71.64676510868058 -72.9322937088854 -74.52104241262653 -74.64996238345546 -74.37648693287068 -74.5519842098283 -75.26239796199755 -76.07283340223655 -76.58625406338066 -76.62170655721692 -76.02467224945933 -75.23988576379656 -74.81128626185836 -74.38148887581897 -73.48631647652422 -72.59325335201409 -71.76225106139279 -70.69572135996312 -69.78154294286904 -69.39450013598534 -69.25236290901745 -68.23565330210421 -66.96677413614506 -9999 -9999 -9999 -9999 -9999 -9999 -9999 -9999 -9999 -9999 -9999 -9999 -9999 -9999
-9999 -9999 -9999 -9999 -78.7916398948015 -78.72896084987946 -76.35113033002587 -73.9129413131554 -71.96467726899355 -71.37944319898013 -70.29631863517615 -69.99453806262568 -70.02673902366843 -71.04490284234113 -72.53512418044859 -73.55009630655542 -74.58633139571722 -75.00975179070966 -74.89579128050161 -74.64341884209009 -74.77970757678955 -74.39437056208652 -74.15505525073003 -74.69307959977402 -74.77880370813216 -73.9375113655946 -73.35569893829077 -73.01984456695659 -72.4435522679174 -71.29588434324917 -70.42339093026362 -69.58206574119549 -68.15814220325814 -66.71013969639128 -65.80978987891422 -9999 -9999 -9999 -9999 -9999 -9999 -9999 -9999 -9999 -9999 -9999 -9999 -9999 -9999 -9999 -9999 -9999
-9999 -9999 -9999 -77.4280532981054 -76.93931708682852 -75.03136496353841 -73.23878883222241 -71.6420405137452 -70.55660158447662 -69.89557566059814 -69.67441427770746 -70.33877501252451 -71.21177614405356 -72.26611335623649 -73.42995773340975 -73.98081022771922 -74.4074830950183 -74.5232999565847 -74.57317006999955 -74.65244628771171 -74.58132071526987 -74.07489241157056 -73.33260424115828 -72.91198620332416 -72.60953946225345 -71.6242176150637 -70.20456356309694 -68.42842957504932 -65.98113106716247 -64.43558619621227 -63.29323412141261 -9999 -9999 -9999 -9999 -9999 -9999 -9999 -9999 -9999 -9999 -9999 -9999 -9999 -9999 -9999 -9999 -9999 -9999 -9999 -9999 -9999
-9999 -9999 -9999 -76.90598149009655 -73.9713846078531 -70.32779497284811 -68.89929918353782 -68.88550656396531 -68.96729187962205 -69.20928293088126 -69.02258230869968 -68.76740733935283 -69.554209832537 -70.45689549981019 -71.93819738270112 -73.17509114452535 -73.41772380590439 -73.59373491721995 -73.56576120139226 -73.54239927781255 -73.27566901805429 -72.77652593077606 -72.50214831879613 -71.92782306552611 -71.20143671852819 -69.49397225145188 -66.65638913955323 -64.35106743478836 -58.14829879955699 -9999 -9999 -9999 -9999 -9999 -9999 -9999 -9999 -9999 -9999 -9999 -9999 -9999 -9999 -9999 -9999 -9999 -9999 -9999 -9999 -9999 -9999 -9999
-9999 -9999 -9999 -78.23732903092117 -77.23261944651604 -73.89489370651086 -71.42778818553451 -71.13777388541737 -71.90513498700845 -73.63552057906054 -73.94223727513302 -72.97918481474859 -71.38285842745061 -70.52077336434056 -70.59695721271893 -70.78317006083017 -71.53598086679862 -72.17451905291205 -72.64476057965965 -72.83871647654209 -72.69208606438977 -72.41635683135834 -71.99442760935851 -70.90644550340814 -69.10756510753056 -66.63431958654408 -9999 -61.042556102023184 -9999 -9999 -9999 -9999 -9999 -9999 -9999 -9999 -9999 -9999 -9999 -9999 -9999 -9999 -9999 -9999 -9999 -9999 -9999 -9999 -9999 -9999 -9999 -9999
-9999 -9999 -9999 -76.30781749512424 -76.30344817843489 -74.80486034207007 -74.08143414917228 -74.29921909770431 -75.01852285272297 -75.87346187304509 -75.16143217961738 -73.71848751784681 -71.95607038799609 -71.32405408759685 -71.62663355237143 -71.79339323604808 -71.58873967723598 -71.477331722091 -71.05024627770696 -70.46477973320418 -69.57985601708538 -69.14575032205195 -68.17975595720951 -63.01032803572239 -60.64337896655004 -57.435459067094385 -55.143584423467644 -9999 -9999 -9999 -9999 -9999 -9999 -9999 -9999 -9999 -9999 -9999 -9999 -9999 -9999 -9999 -9999 -9999 -9999 -9999 -9999 -9999 -9999 -9999 -9999 -9999
-9999 -9999 -9999 -9999 -74.63837883269855 -74.429755261117 -74.51657264178894 -74.38113714980112 -74.34315266079551 -74.31759907554934 -73.77416433464539 -73.67069011424633 -72.83452589948321 -71.75890760965969 -71.59680296134883 -72.02100254385994 -71.826278291348 -71.2339985200463 -70.6523340359056 -69.72155678947182 -68.21363541597258 -67.41122103066735 -65.55541758956437 -58.11042625558797 -9999 -9999 -9999 -9999 -9999 -9999 -9999 -9999 -9999 -9999 -9999 -9999 -9999 -9999 -9999 -9999 -9999 -9999 -9999 -9999 -9999 -9999 -9999 -9999 -9999 -9999 -9999 -9999
-9999 -9999 -9999 -9999 -75.03388543308459 -76.45646666407585 -76.96666362399066 -76.81230105845064 -75.8612583879842 -74.79835617730578 -74.88916426395114 -75.5281618362818 -74.9384069087239 -73.61192189302947 -72.6435872245656 -72.82918913132616 -72.5220596810867 -72.07257442592189 -71.85246059832014 -71.38401398131217 -70.38200232939106 -68.49390374492485 -65.46494021131585 -61.11450736050679 -51.73558952923313 -9999 -9999 -9999 -9999 -9999 -9999 -9999 -9999 -9999 -9999 -9999 -9999 -9999 -9999 -9999 -9999 -9999 -9999 -9999 -9999 -9999 -9999 -9999 -9999 -9999 -9999 -9999
-9999 -9999 -9999 -9999 -78.69196317270834 -78.47705798276833 -78.61106612929824 -79.35523380975278 -79.698429147745 -78.2011327408254 -76.89471993715533 -76.79047370052083 -75.51414130392429 -74.20132178075649 -74.09508013212806 -74.27225151906411 -74.00961786017405 -73.11466789335668 -72.48802176715581 -71.07830500514595 -69.67852563997532 -68.26719088399909 -66.44776659775921 -60.19591747619668 -9999 -9999 -9999 -9999 -9999 -9999 -9999 -9999 -9999 -9999 -9999 -9999 -9999 -9999 -9999 -9999 -9999 -9999 -9999 -9999 -9999 -9999 -9999 -9999 -9999 -9999 -9999 -9999
-9999 -9999 -9999 -9999 -76.40385403412293 -77.12072749987794 -77.90059094627699 -79.263790879376 -79.70076495205814 -79.0753100639282 -78.31230567943776 -77.67650341173244 -77.75902291180114 -77.4312560615498 -76.52348023585297 -75.67056923760819 -74.48196484676744 -73.45216613449156 -72.63072765396215 -71.19361001739539 -70.15833064732213 -68.21454637621216 -65.06668641061212 -9999 -9999 -9999 -9999 -9999 -9999 -9999 -9999 -9999 -9999 -9999 -9999 -9999 -9999 -9999 -9999 -9999 -9999 -9999 -9999 -9999 -9999 -9999 -9999 -9999 -9999 -9999 -9999 -9999
