metrics/grid_rasters/CCI Active/grideval_CCI Active_S_spring_absolute_bias.asc
ncols 52
nrows 55
xllcorner     11.25
yllcorner     55.25
cellsize      0.25
NODATA_value  -9999
[rows 0 to 29 of 55, columns 0 to 51 of 52]
-9999 -9999 -9999 -9999 -9999 -9999 -9999 -9999 -9999 -9999 -9999 -9999 -9999 -9999 -9999 -9999 -9999 -9999 -9999 -9999 -9999 -9999 -9999 -9999 -9999 -9999 -9999 -9999 -9999 -9999 -9999 -9999 -9999 -9999 -9999 -9999 -72.13692631459597 -69.47605655927744 -66.57577441298231 -9999 -9999 -9999 -9999 -9999 -9999 -9999 -9999 -9999 -9999 -9999 -9999 -9999
-9999 -9999 -9999 -9999 -9999 -9999 -9999 -9999 -9999 -9999 -9999 -9999 -9999 -9999 -9999 -9999 -9999 -9999 -9999 -9999 -9999 -9999 -9999 -9999 -9999 -9999 -9999 -9999 -9999 -9999 -9999 -9999 -9999 -9999 -9999 -9999 -68.95503623348971 -70.59709642371351 -68.18662188793051 -67.35445562786744 -67.26378701485339 -67.9116617271846 -9999 -9999 -9999 -9999 -9999 -9999 -9999 -9999 -9999 -9999
-9999 -9999 -9999 -9999 -9999 -9999 -9999 -9999 -9999 -9999 -9999 -9999 -9999 -9999 -9999 -9999 -9999 -9999 -9999 -9999 -9999 -9999 -9999 -9999 -9999 -9999 -9999 -57.079144523868074 -65.13876991633511 -67.66198819045161 -66.25359800057625 -63.713446226322425 -58.251914977110346 -54.03560271813319 -9999 -59.51237504594568 -64.36194671193759 -68.75529677560553 -70.37819890699842 -71.34579524003408 -70.70006319031947 -70.23476817076786 -70.27869590031511 -69.77500912824343 -70.38259561068709 -69.83054834211265 -9999 -9999 -9999 -9999 -9999 -9999
-9999 -9999 -9999 -9999 -9999 -9999 -9999 -9999 -9999 -9999 -9999 -9999 -9999 -9999 -9999 -9999 -9999 -9999 -9999 -9999 -9999 -9999 -9999 -9999 -9999 -9999 -9999 -36.258909041682884 -56.759543850233676 -64.97577724386664 -61.72711622933062 -51.832246453375426 -49.8481613228906 -50.1255453152431 -54.02582778923568 -58.7581702194522 -61.28981587439775 -63.46448827611989 -65.32988198204289 -65.30225775120678 -66.19601388937896 -67.68729859302668 -68.02298876334879 -67.84450769835505 -66.33996171216397 -65.67848494001056 -66.4237356168659 -67.773307480467 -9999 -9999 -9999 -9999
-9999 -9999 -9999 -9999 -9999 -9999 -9999 -9999 -9999 -9999 -9999 -9999 -9999 -9999 -9999 -9999 -9999 -9999 -9999 -9999 -9999 -9999 -60.293607721105225 -65.46223613619804 -76.25690291298402 -80.30910739937767 -79.81530932784081 -75.55006523529688 -68.95099686430049 -65.76270727637936 -63.14043620293554 -60.258042075654906 -57.57950622439385 -57.777934282559606 -57.48329480519382 -60.193781293763045 -61.54042293829843 -62.29254667967268 -63.88394076531788 -64.4114759767221 -65.07173112131379 -66.15415415402364 -66.31203604204076 -66.5148867807218 -66.93539879936725 -66.24213985147628 -67.23391767484802 -69.83624709787017 -71.63933083726916 -9999 -9999 -9999
-9999 -9999 -9999 -9999 -9999 -9999 -9999 -9999 -9999 -9999 -9999 -9999 -9999 -9999 -9999 -9999 -9999 -9999 -9999 -9999 -9999 -69.85892048653434 -77.59579655604485 -77.38301704166567 -84.5104589405212 -80.37860503533612 -75.06342827708556 -69.57232377926509 -60.38371643747973 -57.50646114541638 -59.446927508482574 -61.05418487254418 -63.34711729274953 -64.00716641814344 -63.50944626387209 -62.02070308805898 -61.445882367146645 -62.51474101476225 -63.526173916654045 -65.01345578852025 -66.00373457904372 -67.53297132347618 -69.25471056806386 -71.19702569821051 -72.46933565987273 -72.72697058704591 -73.01482465532091 -74.15370220916216 -73.6852134591204 -9999 -9999 -9999
-9999 -9999 -9999 -9999 -9999 -9999 -9999 -9999 -9999 -9999 -9999 -9999 -9999 -9999 -9999 -9999 -9999 -9999 -9999 -9999 -50.6833527587669 -63.408549926782904 -78.68391467320423 -78.33477050674858 -79.99672416534769 -79.85872651349034 -69.06104412098085 -59.478423797770546 -52.695901254610135 -53.496557750229556 -55.576071886552704 -59.96625529929543 -62.57436387218309 -64.07612524108147 -63.318490305729206 -62.63872174137249 -61.7153125661261 -60.98512708785182 -62.4896396078508 -64.52822253811226 -67.45247981363329 -68.42591150736679 -70.98793747250953 -73.86978021719877 -75.92141655053216 -78.28323169191215 -79.1234560942047 -78.95464597249423 -79.38967242280205 -78.37224620937005 -9999 -9999
-9999 -9999 -9999 -9999 -9999 -9999 -9999 -9999 -9999 -9999 -9999 -9999 -9999 -9999 -9999 -9999 -9999 -9999 -9999 -9999 -9999 -69.71831180951365 -70.72981428756164 -73.82771498051244 -72.03223815008447 -64.0374979575475 -63.704296582761934 -59.01069743633271 -57.449627253525655 -55.438856165517464 -55.521674010542135 -57.26652032626209 -59.71931043287118 -62.19250853018588 -64.5747098902981 -64.8606174903966 -64.3998903784641 -64.89579253262559 -65.61025417648082 -66.95624057120746 -68.48414878098555 -70.16340760073878 -71.7838894007511 -72.94151738150553 -74.15595851534155 -76.7473067045212 -78.07222672920304 -78.27563827063726 -78.0728787271225 -9999 -9999 -9999
-9999 -9999 -9999 -9999 -9999 -9999 -9999 -9999 -9999 -9999 -9999 -9999 -9999 -9999 -9999 -9999 -9999 -9999 -9999 -71.30885190765062 -74.98789037267369 -74.99353035670869 -74.15877950191499 -71.35050627792424 -68.63752339845118 -60.053886963456286 -58.04511140747504 -57.565265076737546 -58.19145711097453 -58.483596231668216 -60.780299063370784 -62.11234600597049 -63.70791835915296 -64.26793080996508 -64.83393967083131 -66.13729908733174 -67.35664478465017 -67.87628788217192 -68.65613428161424 -69.61409578809425 -69.88076900552178 -70.61295345789472 -71.52099186513159 -71.86736643150613 -72.13865443367673 -73.23694694268963 -74.3752999620123 -74.74468948319554 -74.89274537072077 -75.07417846868434 -74.76993755218777 -9999
-9999 -9999 -9999 -9999 -9999 -9999 -9999 -9999 -9999 -9999 -9999 -9999 -9999 -9999 -9999 -9999 -9999 -9999 -74.38050131788177 -73.16195329458549 -74.08961309194565 -70.40796551154209 -67.45995020517148 -66.14060893654822 -65.16324581111236 -64.41997626051307 -61.92007377051881 -61.278200053506424 -61.36150609462891 -62.68809185846377 -63.4977395181145 -66.21622449333792 -67.52807769379238 -69.19493258961393 -69.89151619412476 -70.16646087960696 -70.28909810110926 -70.97260909021638 -71.26097428541125 -71.39459748394214 -69.913589351891 -69.58429451725063 -69.93533616767012 -70.38852542049283 -71.07348438336824 -71.71933448951071 -72.22668441638505 -72.51095315798656 -72.51272348230033 -72.38018149091411 -71.97807559370996 -9999
-9999 -9999 -9999 -9999 -9999 -9999 -9999 -9999 -9999 -9999 -9999 -9999 -9999 -9999 -9999 -9999 -9999 -80.11890990688252 -77.41413830746623 -73.00007825983423 -67.68109912534554 -66.91486962412445 -66.69726340139383 -64.72991225459207 -62.92478186571422 -61.40459529371535 -61.40687443486979 -61.02297990197937 -61.49869469296737 -62.44279568464983 -62.30833709369536 -63.330227095686205 -64.14444273770661 -65.56770962660696 -66.97550328150392 -68.08678669976183 -69.04305823563143 -69.00771123253637 -69.58102180924679 -69.67627714392212 -69.52413992952096 -69.8999514150065 -69.85668422812704 -70.25421112046267 -70.75395325217585 -69.85528503647707 -69.26482290838446 -70.10937561664511 -70.0620198013759 -70.93261268903916 -9999 -9999
-9999 -9999 -9999 -9999 -9999 -9999 -9999 -9999 -9999 -9999 -9999 -9999 -9999 -80.1287240938085 -82.6301213724584 -84.26964417717805 -84.52845236904481 -82.78749146861466 -80.00022981060086 -74.5863900244236 -69.03835488624976 -68.29090243577957 -64.57719227671622 -62.4276868841865 -62.45044751986861 -63.28755601684549 -63.30687259265355 -63.91089479430862 -63.93026587750231 -65.14359742251861 -65.87713257558103 -65.84633952570813 -65.48430194146931 -65.68694427728653 -66.55095440703771 -67.99415679750118 -68.94138693073215 -70.52637997229894 -70.19454382439454 -69.54100874467538 -68.77401786193818 -68.89023610176163 -69.16077504511922 -69.1307788340375 -69.22805122295513 -69.68868091742198 -70.07547320087751 -70.75491895743957 -70.51571261521542 -71.25586471097036 -72.35704313710178 -9999
-9999 -9999 -9999 -9999 -9999 -9999 -9999 -9999 -9999 -9999 -9999 -9999 -9999 -80.99911331503013 -80.45919074766778 -78.2477450466687 -77.08072948976628 -77.6753591013852 -73.2275164619088 -70.46454636468773 -67.02883579306406 -60.91081364550021 -61.36097100103388 -63.261497027068216 -64.19616513167111 -66.56736482805769 -68.64966216931741 -69.35857251327333 -69.32731225704019 -69.43254377118178 -69.99605687200159 -70.17604443410488 -70.47574540292041 -71.23348135562505 -71.12325936069294 -71.86436835417942 -71.53434525236487 -71.52858732279064 -71.57985675624273 -71.52540556534574 -71.1557440313354 -71.13542045601922 -71.12811384953815 -70.56372587637514 -71.16906496744465 -71.10844959205104 -69.59852338728504 -70.18949357555026 -71.50582941955044 -73.11717219933867 -74.95551109785328 -75.54335697410033
-9999 -9999 -9999 -9999 -9999 -9999 -9999 -9999 -9999 -9999 -9999 -9999 -9999 -79.42785265882102 -76.1498223835133 -73.24150417408997 -72.38298757217433 -71.66598634658352 -71.00847008098073 -69.63959930555689 -64.63668382167815 -64.30926061945932 -64.17277926402014 -64.82117020010071 -66.38963229934375 -69.28048797539975 -72.03251096315972 -9999 -72.76644148081542 -71.99410664790041 -71.71279169991612 -71.52827678243798 -71.48781343549491 -71.67155972516144 -71.95311001601972 -71.51808438226581 -71.20888058194575 -71.52074873085334 -71.95372763055342 -72.76679007276002 -73.11741971671582 -73.10105225173977 -71.76267177925911 -70.59246697773536 -9999 -9999 -9999 -9999 -9999 -9999 -9999 -9999
-9999 -9999 -9999 -9999 -9999 -9999 -9999 -9999 -9999 -9999 -9999 -9999 -9999 -78.71961368760094 -76.92369820754024 -74.84897270198016 -71.34704430315827 -69.58808972485686 -70.08713450676427 -66.51959987184894 -67.80418970740178 -68.43273407541497 -68.82808954296989 -68.70798843875528 -69.3343871223576 -72.11434615749953 -74.01598985744326 -74.9671860411763 -73.77833420775094 -72.81751620913705 -72.06917855428887 -72.42640319370454 -72.69421197662228 -73.10077382117203 -72.63374153757937 -71.84230148226024 -71.13849316805602 -70.92480432017916 -71.40131903136684 -72.38809364953245 -73.5724752586102 -9999 -9999 -9999 -9999 -9999 -9999 -9999 -9999 -9999 -9999 -9999
-9999 -9999 -9999 -9999 -9999 -9999 -9999 -9999 -9999 -9999 -9999 -9999 -83.10028624391327 -80.47950677525998 -77.02009732884758 -72.4629338951857 -68.91085709544521 -67.70896099280742 -64.0408354186586 -67.29711672426134 -69.1370678375426 -71.57274047036965 -72.21444134534092 -72.07080958897005 -72.94855633922802 -74.19260141855858 -74.88499605216478 -75.26918501671285 -74.13479999774381 -73.56026427155919 -73.5974356509289 -73.2561045130997 -73.85314513295889 -74.61146438091993 -74.68608022695129 -73.54640692664255 -72.39359234937213 -71.85846167790288 -72.17641114389896 -72.28549214434624 -72.50597640811917 -9999 -9999 -9999 -9999 -9999 -9999 -9999 -9999 -9999 -9999 -9999
-9999 -9999 -9999 -9999 -9999 -9999 -9999 -9999 -9999 -9999 -9999 -73.85009222361259 -75.80798747930818 -76.23199307739287 -74.83395745160506 -72.1224833009243 -60.90935532214926 -63.01502023834516 -67.23496117633886 -69.7716384205435 -72.29945447103361 -74.13743911021284 -74.13751050160856 -74.20902376433816 -74.01421129157637 -74.2389509409109 -74.86962569019663 -75.28057285818188 -74.79333075987441 -74.23471918069157 -73.60046882201796 -73.08299973280283 -73.20979502514518 -74.53211363204147 -74.68475016169249 -73.30400465073494 -72.74808733492638 -72.86457570625426 -72.26808502254663 -71.17754196432921 -9999 -9999 -9999 -9999 -9999 -9999 -9999 -9999 -9999 -9999 -9999 -9999
-9999 -9999 -9999 -9999 -9999 -9999 -9999 -9999 -9999 -9999 -72.72596122032287 -72.90127905603353 -73.15867443303794 -72.53870895653964 -73.24414013458356 -61.84913288309024 -64.10543412294076 -68.20691311613815 -71.26068715871067 -73.46974737809764 -75.12163034176572 -76.27745759601775 -76.9852832960231 -76.67473895248965 -75.92285027177563 -74.90794484359081 -74.8365959265041 -74.64822533048155 -74.81963561029515 -74.89745580246213 -74.84949114894279 -74.37675170188513 -74.08150149857005 -74.00209594884369 -74.07109089476651 -73.15245770612606 -72.7966680669073 -72.41860202812462 -70.91061652182265 -9999 -9999 -9999 -9999 -9999 -9999 -9999 -9999 -9999 -9999 -9999 -9999 -9999
-9999 -9999 -9999 -9999 -9999 -9999 -9999 -9999 -9999 -9999 -9999 -9999 -70.26978306922553 -70.56131398773194 -66.3540631564127 -68.83389851699273 -70.55343849175047 -72.41531128436327 -73.42298626477988 -74.27043319603911 -75.62228936536445 -77.18261703659188 -78.47288341310109 -78.76117867540133 -77.68847704717987 -76.53121699983474 -75.58448004078221 -74.99040290330528 -74.40067395976685 -73.98072247207166 -73.83142977763735 -73.28073734720238 -71.69808613122406 -70.4219156815145 -69.98217266345466 -70.34865197626985 -71.26471490157653 -71.74641180100973 -70.11640081250331 -66.57217178094214 -9999 -9999 -9999 -9999 -9999 -9999 -9999 -9999 -9999 -9999 -9999 -9999
-9999 -9999 -9999 -9999 -9999 -9999 -9999 -9999 -9999 -9999 -9999 -63.377032680140026 -64.09486652528112 -64.8407211997887 -66.1836852822641 -68.33045242101487 -71.26326159368391 -73.34218027728298 -73.78353101231399 -74.00802040496662 -74.77268383789063 -76.07002217245102 -77.14740302670002 -77.27388988564334 -76.71071277329554 -76.33946260867211 -76.14928382954427 -75.84293570919117 -75.26069280095399 -73.87519188201617 -72.43674443559004 -71.18114167332214 -70.06471881164727 -69.29936127652014 -69.70049261791658 -71.2438671947519 -72.43007233968147 -71.59680024121735 -68.5738445154446 -9999 -9999 -9999 -9999 -9999 -9999 -9999 -9999 -9999 -9999 -9999 -9999 -9999
-9999 -9999 -9999 -9999 -9999 -69.45147838018559 -68.93648529820032 -69.49407676335365 -70.171089793245 -69.10472341888659 -63.394729739032606 -65.10212164129253 -66.31060047421308 -68.05864920312989 -68.64300053993254 -69.80659722466103 -71.62708496174642 -73.58210697802512 -73.85525199963892 -73.48293671402948 -73.85987268712209 -74.57259322012611 -75.37705222944565 -75.95388359701546 -75.83343580989715 -75.42023784061894 -74.61644951708148 -74.13862724800128 -73.30665284991264 -72.2543250310959 -71.61522569580815 -71.02923985758201 -70.06184797710593 -69.21121644283886 -69.11671656216636 -68.94609090783996 -67.72732399295015 -66.03135309957601 -9999 -9999 -9999 -9999 -9999 -9999 -9999 -9999 -9999 -9999 -9999 -9999 -9999 -9999
-9999 -9999 -9999 -9999 -70.33297453734943 -72.834750076135 -71.58746147200917 -70.56827405796331 -68.4257199500377 -68.14878785146388 -67.06771582552767 -67.79840141819679 -69.05182513097922 -70.45636785688072 -71.82389107528998 -72.86235089476766 -74.08794434656356 -74.57371491495962 -74.22575125130159 -73.87150395225201 -74.13057217889644 -73.9655184068463 -74.14632197769565 -74.83785937548103 -74.91950504568176 -73.91357540955646 -73.44085808055124 -72.66610188082772 -71.55802633150202 -70.59850643202662 -69.9335582093759 -69.07093833932299 -67.78816307558644 -66.09347251534851 -65.00374541401047 -9999 -9999 -9999 -9999 -9999 -9999 -9999 -9999 -9999 -9999 -9999 -9999 -9999 -9999 -9999 -9999 -9999
-9999 -9999 -9999 -69.96887185747643 -71.00457633338999 -70.95673006220625 -70.10950952326343 -67.81520188777219 -66.99387774374335 -66.2550865450972 -66.49650969321645 -68.06599351746792 -69.66603490918375 -71.21291811781174 -72.24460589859416 -73.13829057951645 -74.04450993686915 -74.20229487192063 -74.30134597410198 -74.22137603345962 -74.25157069101714 -73.79831351087967 -73.17457618605192 -72.9615728843132 -72.93847485683445 -72.08062628707656 -70.3614657972008 -68.56629576132848 -65.93928226512736 -63.85811505681938 -62.70631675643581 -9999 -9999 -9999 -9999 -9999 -9999 -9999 -9999 -9999 -9999 -9999 -9999 -9999 -9999 -9999 -9999 -9999 -9999 -9999 -9999 -9999
-9999 -9999 -9999 -70.24070038234487 -67.17166745234495 -62.868579814232966 -63.10880101270536 -63.44054234370589 -63.873921112226896 -64.79334567303528 -64.92898096643826 -65.79435975142032 -67.62207264123779 -69.4733008411713 -71.59069302228576 -72.8762373520171 -73.43230582088788 -74.06929748471266 -74.46256128656613 -74.28870814974819 -73.94349784159087 -73.04863752454922 -72.38516511082254 -71.48720817717741 -70.74072861369876 -69.20886607415224 -66.5875694486365 -64.20698713348514 -60.62734813729058 -9999 -9999 -9999 -9999 -9999 -9999 -9999 -9999 -9999 -9999 -9999 -9999 -9999 -9999 -9999 -9999 -9999 -9999 -9999 -9999 -9999 -9999 -9999
-9999 -9999 -9999 -72.20890492979775 -70.96530822085009 -66.66923313476939 -65.53625570488447 -66.23177152571448 -67.20246875286102 -69.98648753448536 -70.91039681162712 -69.9457802754256 -69.25485862002131 -69.44144050308637 -69.9181191209851 -70.57596932613015 -71.53058796508545 -72.63321718167175 -73.2815826174778 -73.6552272286887 -73.38157735024923 -72.5605260973074 -71.6884128986389 -70.60554908951255 -68.80778790336505 -66.05929200613136 -9999 -60.656577755310906 -9999 -9999 -9999 -9999 -9999 -9999 -9999 -9999 -9999 -9999 -9999 -9999 -9999 -9999 -9999 -9999 -9999 -9999 -9999 -9999 -9999 -9999 -9999 -9999
-9999 -9999 -9999 -71.89214164579269 -72.0988086707614 -71.57261147179187 -71.39834861100739 -72.12250315504414 -72.83549660907099 -74.23720107892385 -74.04298294347066 -72.78348561165049 -70.26102609893718 -70.31775367250427 -71.1575433200673 -71.92873720786014 -72.18168652296065 -72.21239791192899 -71.77672182348293 -70.87267863532159 -69.97127905819151 -69.26088471199016 -68.11719084767937 -66.21908864303671 -63.932416277663144 -60.501209482986745 -57.90053753985971 -9999 -9999 -9999 -9999 -9999 -9999 -9999 -9999 -9999 -9999 -9999 -9999 -9999 -9999 -9999 -9999 -9999 -9999 -9999 -9999 -9999 -9999 -9999 -9999 -9999
-9999 -9999 -9999 -9999 -71.88531574353856 -72.94875786118551 -73.33067918847436 -73.28342822401737 -73.48194255488963 -74.13515208611469 -72.63578893956455 -72.18810260900251 -70.77937403905625 -69.99576964701821 -71.00749667641925 -72.23366715262335 -72.9131086371266 -72.78719811276956 -72.29839873235477 -70.64693081303007 -68.85202997205097 -67.7442461140228 -65.6205821809052 -61.212167341784 -9999 -9999 -9999 -9999 -9999 -9999 -9999 -9999 -9999 -9999 -9999 -9999 -9999 -9999 -9999 -9999 -9999 -9999 -9999 -9999 -9999 -9999 -9999 -9999 -9999 -9999 -9999 -9999
-9999 -9999 -9999 -9999 -73.29484827957063 -75.00685659177459 -76.07914091579549 -75.64788873507219 -75.38151542631398 -73.05253326414682 -72.99650571196257 -73.5961178816352 -73.15266729988869 -71.79306275267588 -71.2777372416068 -72.8701445255653 -73.66409954523584 -73.75260755626965 -73.51045573110643 -72.65541279879518 -71.27739563362199 -69.64830451017177 -66.50481033008546 -62.001970626179535 -54.63478421772781 -9999 -9999 -9999 -9999 -9999 -9999 -9999 -9999 -9999 -9999 -9999 -9999 -9999 -9999 -9999 -9999 -9999 -9999 -9999 -9999 -9999 -9999 -9999 -9999 -9999 -9999 -9999
-9999 -9999 -9999 -9999 -77.9424169271895 -78.18636971740769 -78.6267750163873 -80.16265746515938 -80.36920938328801 -77.59879293345558 -75.10947246693232 -74.58578677809774 -73.77948975554231 -72.6745775524485 -73.47777560067748 -74.24425747808887 -74.33640432050734 -73.83264737434125 -73.43274009951277 -72.114710821536 -70.51967830333736 -69.30040414451243 -67.4867052871734 -59.821783410373676 -9999 -9999 -9999 -9999 -9999 -9999 -9999 -9999 -9999 -9999 -9999 -9999 -9999 -9999 -9999 -9999 -9999 -9999 -9999 -9999 -9999 -9999 -9999 -9999 -9999 -9999 -9999 -9999
-9999 -9999 -9999 -9999 -77.89252653493676 -78.1755842327067 -78.29944450689375 -80.89987577218562 -81.74242823775256 -80.14148724773773 -79.63027434476784 -78.67589244358241 -78.52618636040627 -78.50034155413624 -76.83451955152206 -76.14311405376364 -74.73417154356335 -73.73136521083744 -73.06096496242954 -72.14085879823581 -71.21029095482272 -69.07941870850446 -66.51955274528409 -9999 -9999 -9999 -9999 -9999 -9999 -9999 -9999 -9999 -9999 -9999 -9999 -9999 -9999 -9999 -9999 -9999 -9999 -9999 -9999 -9999 -9999 -9999 -9999 -9999 -9999 -9999 -9999 -9999
