metrics/grid_rasters/CCI Active/grideval_CCI Active_Y_2016_absolute_ubrmsd.asc
ncols 52
nrows 55
xllcorner     11.25
yllcorner     55.25
cellsize      0.25
NODATA_value  -9999
[rows 0 to 29 of 55, columns 0 to 51 of 52]
-9999 -9999 -9999 -9999 -9999 -9999 -9999 -9999 -9999 -9999 -9999 -9999 -9999 -9999 -9999 -9999 -9999 -9999 -9999 -9999 -9999 -9999 -9999 -9999 -9999 -9999 -9999 -9999 -9999 -9999 -9999 -9999 -9999 -9999 -9999 -9999 10.313086615606384 9.443662889571543 10.050468840544733 -9999 -9999 -9999 -9999 -9999 -9999 -9999 -9999 -9999 -9999 -9999 -9999 -9999
-9999 -9999 -9999 -9999 -9999 -9999 -9999 -9999 -9999 -9999 -9999 -9999 -9999 -9999 -9999 -9999 -9999 -9999 -9999 -9999 -9999 -9999 -9999 -9999 -9999 -9999 -9999 -9999 -9999 -9999 -9999 -9999 -9999 -9999 -9999 -9999 9.657785828558957 8.837236818442266 8.848520474260628 9.39775066033764 9.102607544504131 8.958296489649355 -9999 -9999 -9999 -9999 -9999 -9999 -9999 -9999 -9999 -9999
-9999 -9999 -9999 -9999 -9999 -9999 -9999 -9999 -9999 -9999 -9999 -9999 -9999 -9999 -9999 -9999 -9999 -9999 -9999 -9999 -9999 -9999 -9999 -9999 -9999 -9999 -9999 20.374214622638995 17.927974239293313 17.57354101915891 17.756993517045288 16.552368320930125 16.324758334254557 14.395243103003864 -9999 12.029313312463731 11.300430500011348 10.022094330157683 9.285833814774069 8.51855577332199 8.948799992714338 9.069823378119665 9.242914529486177 10.38952232959739 10.384930977533724 10.45238841057847 -9999 -9999 -9999 -9999 -9999 -9999
-9999 -9999 -9999 -9999 -9999 -9999 -9999 -9999 -9999 -9999 -9999 -9999 -9999 -9999 -9999 -9999 -9999 -9999 -9999 -9999 -9999 -9999 -9999 -9999 -9999 -9999 -9999 17.17706698169501 15.114359713571515 15.148322995759909 15.676043475314716 15.244437070625455 14.497593315474768 14.308392611067063 13.326788753719661 12.687862688567385 12.337990678371579 11.783935530159896 11.412990144656751 11.953498816651905 11.607557976462019 11.225724108709693 10.994417443458794 11.012696310591119 11.181918135350694 11.534120102668462 11.653421999969375 11.357908902572836 -9999 -9999 -9999 -9999
-9999 -9999 -9999 -9999 -9999 -9999 -9999 -9999 -9999 -9999 -9999 -9999 -9999 -9999 -9999 -9999 -9999 -9999 -9999 -9999 -9999 -9999 19.27188153819161 17.76808839651566 13.119574142638779 12.648263412787545 13.091005558909774 13.460285590327398 12.501110804491715 12.359575365531981 11.700654562432645 12.134504658996006 11.905093516302712 12.831770703366209 13.139060828207755 12.967952898557774 12.647208955897998 12.326498556310215 11.886225792680712 11.750033839862432 11.775581374449324 11.583229145690325 11.726371978519422 11.631121611270736 11.516027644849705 11.154319107723783 10.353223037345675 9.682841548828248 9.112306732563217 -9999 -9999 -9999
-9999 -9999 -9999 -9999 -9999 -9999 -9999 -9999 -9999 -9999 -9999 -9999 -9999 -9999 -9999 -9999 -9999 -9999 -9999 -9999 -9999 15.82530962102592 12.980212702855685 12.897174306096456 11.499625949283786 12.879149559509505 14.272570400829613 14.320881711025848 14.036145635076457 14.183604713464721 12.351214309469164 11.308404938507692 11.199312724574455 11.445661457832193 12.499967594389515 12.562548289392467 12.465141209535606 12.224593788776517 12.14592502544374 12.235684162618215 12.16361393602999 11.989908141791169 11.269411175339284 10.786045216931935 10.752203198226406 9.232860240869131 8.958977402015666 8.518708537467544 8.205768246981044 -9999 -9999 -9999
-9999 -9999 -9999 -9999 -9999 -9999 -9999 -9999 -9999 -9999 -9999 -9999 -9999 -9999 -9999 -9999 -9999 -9999 -9999 -9999 16.975615519397646 13.398949662055607 12.167217704898254 13.054417102885294 13.551184115186238 14.429568750957513 14.916264810639255 13.720615254576733 13.577231455273509 13.114113847041331 12.247376922619653 11.67883023159985 11.737197201599967 11.2144953333715 11.0922769438816 11.203246393489946 11.460117295577927 11.796698169579587 11.623459491569418 11.287496873179196 10.920093731596296 10.547007145071767 9.861379454072894 9.146500395713304 8.864658921400597 8.515098412843315 8.315152756233548 8.105572217627625 7.405802456254139 7.465795095409978 -9999 -9999
-9999 -9999 -9999 -9999 -9999 -9999 -9999 -9999 -9999 -9999 -9999 -9999 -9999 -9999 -9999 -9999 -9999 -9999 -9999 -9999 -9999 14.358650455411189 12.936414175636314 11.712418186730131 12.135686759322214 12.760986650678625 12.030548483878734 12.467258076183017 11.699344494787487 11.980074178292973 12.527224484973214 12.724452042155926 12.480988992687086 11.91338297684241 11.645759810080508 11.71814450351524 11.394547433612995 11.4304101318424 11.216360345249626 11.449936325580234 10.762703283065152 10.88178240900375 9.97574499732407 9.85524489926007 9.560523455781317 9.177844079620042 9.146547023901627 8.856887910636713 8.801742137030281 -9999 -9999 -9999
-9999 -9999 -9999 -9999 -9999 -9999 -9999 -9999 -9999 -9999 -9999 -9999 -9999 -9999 -9999 -9999 -9999 -9999 -9999 14.19622157304454 10.303427559097091 9.47727337301653 9.409005000988047 9.227693745363457 9.568663437544169 11.042322752001484 11.26110442309291 11.427106366284908 11.533843290358535 11.531128233805505 11.011127291915647 10.99124506381092 10.999696982220971 11.172000050777653 11.232795226273446 11.181548902479479 10.978040331729224 10.448294991642461 10.07215320777404 9.676065566641741 9.28311074441379 9.633403029083935 9.352056061063019 9.640998406425702 9.41868667077726 9.39958031203599 8.86622958167203 8.87395382294198 8.86009244570478 8.702798514564067 8.593792337368956 -9999
-9999 -9999 -9999 -9999 -9999 -9999 -9999 -9999 -9999 -9999 -9999 -9999 -9999 -9999 -9999 -9999 -9999 -9999 10.476777764083128 9.962759325087008 9.33874795862126 8.970783226576351 9.634515588843492 9.075714436452536 9.241876517877516 9.474176969027024 9.791830361105452 9.86869887905113 10.112170362313499 10.14967537332707 10.293042499132707 10.268764527509594 10.261090547095316 9.855017571832962 9.626904998911039 9.448363623115565 9.2366734947024 9.953908211022872 9.849354296363204 9.892630408607387 9.795712134575014 9.7149565623129 9.440122511267596 9.333705709126503 9.41069642482343 9.380441396473136 9.358822558688033 9.042419843955503 9.069425289979431 9.189821232825619 9.326367093455872 -9999
-9999 -9999 -9999 -9999 -9999 -9999 -9999 -9999 -9999 -9999 -9999 -9999 -9999 -9999 -9999 -9999 -9999 9.343305173422936 9.591938436888672 10.282014046985775 10.423500096805352 10.343932889108 10.130906878530752 9.87675000420837 9.455129003133656 9.443658689337745 9.337172130373881 9.114199620786232 8.985159011089324 8.99770009188956 9.292906744306396 9.518668750924775 9.493656573852556 10.318658025689617 9.017716230589915 10.12767742879102 10.111295889967762 10.114344633599396 10.079168864009867 10.035659359106017 10.047133352298694 10.006110903344956 10.830846035699494 10.552636198923404 10.203633672317224 10.409523772744716 10.276882034966206 10.253305515079434 10.32290325504512 10.033501536193775 -9999 -9999
-9999 -9999 -9999 -9999 -9999 -9999 -9999 -9999 -9999 -9999 -9999 -9999 -9999 11.979454643621258 10.529375818396057 9.382038369714577 8.545110681242113 8.242101784453645 8.471966938147204 9.425085838668656 9.160037216300244 9.381228540942278 9.947485555256929 10.103312107597556 9.876313765164992 9.53213658069131 9.186730000067874 8.891033188871932 8.698501653005511 8.668013317673408 8.872150177812784 9.788787236227204 9.752769715221103 9.95373984207305 9.787296325724746 9.862669249355443 11.029758504169584 11.466804782608634 11.257483580966511 11.041699438233804 10.876138367921627 10.669902040886567 10.430221854988352 10.400460849860037 10.530739192035131 10.529932950798566 10.561420591403524 10.193607927304745 10.039195826533211 9.901437398057313 9.914724871307213 -9999
-9999 -9999 -9999 -9999 -9999 -9999 -9999 -9999 -9999 -9999 -9999 -9999 -9999 10.46354082144016 10.117857460542417 10.620623883638855 9.974423197213293 10.258169432764774 10.607699159461948 9.6348245365579 10.429316472119133 10.575007592839704 10.157819603888942 10.055565114176659 9.555290442024894 9.048859627396377 8.6029778902365 8.426565356405865 8.4143699307714 8.560231955999487 8.530822031785613 8.666962471079216 9.710703805519367 9.884625515793573 9.920051756614502 9.825200880068897 10.9260222133444 10.830774669474339 10.704690975994973 10.45921706594063 10.050850623000915 9.748168198916817 10.123219092704383 10.186561212212792 10.267527281268388 10.190818007794348 9.988148841834477 9.518984922858575 9.441233324910764 9.313558684707226 10.234282155302688 10.304706489100562
-9999 -9999 -9999 -9999 -9999 -9999 -9999 -9999 -9999 -9999 -9999 -9999 -9999 9.808491618415816 9.712258045036595 9.815024965946904 10.226424475104524 10.457180542119724 10.09547047573033 10.029003057956302 9.739008034383344 9.529381020108927 9.418768336507783 9.659008920642046 9.529687551355568 9.298199594116156 8.871007847670262 -9999 8.662967919999883 9.266363412094313 9.303885402072703 9.968962311889456 9.987058501274914 9.988820306821658 10.060552405855221 10.678468005007156 10.63058451928826 10.542010852097556 10.319506257061956 10.079284888145278 10.016463960773711 12.124537909724907 14.500359326795163 14.555993308548073 -9999 -9999 -9999 -9999 -9999 -9999 -9999 -9999
-9999 -9999 -9999 -9999 -9999 -9999 -9999 -9999 -9999 -9999 -9999 -9999 -9999 10.225591147430864 10.167354259577168 10.542791749103598 10.818625788664344 10.933843177340654 11.235485194881573 10.287636787750698 10.821089397805386 10.413427942222226 10.206441228553043 10.143271050537939 9.737170204063982 9.252541540742524 9.0302172066048 8.880046018593035 8.8557853163429 9.218148539491903 10.012932408581092 9.602362569775543 9.435602807638974 10.315375986666758 10.633155067561011 10.741103858603132 10.598028993049716 10.515440546755745 10.191682199220283 10.437432842410931 10.66659802352103 -9999 -9999 -9999 -9999 -9999 -9999 -9999 -9999 -9999 -9999 -9999
-9999 -9999 -9999 -9999 -9999 -9999 -9999 -9999 -9999 -9999 -9999 -9999 8.401783756607474 9.096371551968426 10.356077075404857 11.387893650812275 12.031309090170893 12.276905983869293 11.819661537607756 11.036265226462149 10.735895234579967 10.435437746846217 9.810883152408561 9.57474133603137 9.49701406551692 9.333988834107982 11.176722137149094 11.12027578973392 10.82600097336936 10.635242191600556 9.7397011382627 9.89366114363116 10.346080657191916 10.31967967402376 10.433068870167236 10.293514080503334 10.17790109226692 10.24488970095794 10.582762257684008 11.273661110095475 11.692524781824774 -9999 -9999 -9999 -9999 -9999 -9999 -9999 -9999 -9999 -9999 -9999
-9999 -9999 -9999 -9999 -9999 -9999 -9999 -9999 -9999 -9999 -9999 9.949347489401944 8.677021658027074 8.950599433731071 10.038378867162656 11.235662403689592 12.033978415019932 12.259218765073786 11.092625350726957 10.518123532078766 10.119449836397418 9.5532805983899 9.51693556581852 8.971695340350816 9.20936099959033 9.135858426653957 9.624953135176069 9.428974395543301 11.019604357945695 10.751618792787356 10.026866052090293 10.612726117228762 10.650800408586447 10.410689986423934 9.938530601721318 10.253608788987435 10.12453006382473 10.326100559557391 10.993359516384329 11.837035306331384 -9999 -9999 -9999 -9999 -9999 -9999 -9999 -9999 -9999 -9999 -9999 -9999
-9999 -9999 -9999 -9999 -9999 -9999 -9999 -9999 -9999 -9999 10.980462965656324 11.039502501408407 10.418809518970267 11.12588234405174 11.304147570631239 11.467010943346574 11.870770410826877 11.839823447581825 10.199879128751084 9.812571309405282 9.691044307038624 9.461617921164004 9.34748818365153 8.857267622308246 9.04660053004986 9.396474483689566 10.04442110951164 11.265639835107073 10.840012755914595 10.840023062018561 9.830949523681882 10.260968540372401 10.198283382483565 10.139179164700778 10.072770548290716 9.921860985563972 10.071352028635673 10.705488030957277 11.91383622452457 -9999 -9999 -9999 -9999 -9999 -9999 -9999 -9999 -9999 -9999 -9999 -9999 -9999
-9999 -9999 -9999 -9999 -9999 -9999 -9999 -9999 -9999 -9999 -9999 -9999 11.914630972529128 12.253739865446287 11.48597525696636 11.207400014729735 11.159001254172097 11.129086150947778 9.648558061452661 9.335641852513287 9.501622387443305 9.253993836240513 9.235244979371062 9.434298609614936 9.790371150712282 10.374518577540256 10.886492728965075 12.261996175359325 11.700046835920267 11.29010632286972 10.721704536723724 10.524837161239926 10.489212015228503 10.194373649003435 10.053734673242598 9.964373630542953 10.341066136964805 11.1383041617316 11.890979265129854 12.660515523673014 -9999 -9999 -9999 -9999 -9999 -9999 -9999 -9999 -9999 -9999 -9999 -9999
-9999 -9999 -9999 -9999 -9999 -9999 -9999 -9999 -9999 -9999 -9999 11.819247865683055 11.841170122363732 12.071176560951114 11.547177177915206 10.240583414767855 9.796784494050234 9.413639670063503 9.292922710937708 9.416440903525311 9.679640695469331 11.273728126498066 11.520822648309355 11.800409258465375 11.957964644733865 12.001181631801405 12.053934378277994 11.996991737845542 11.702624935758916 11.234711224648397 10.799586031119834 9.901708424926426 9.630104176562282 9.460298071983642 9.265577872314381 10.11902145417998 10.931064738235428 11.707340210409876 12.648058948959124 -9999 -9999 -9999 -9999 -9999 -9999 -9999 -9999 -9999 -9999 -9999 -9999 -9999
-9999 -9999 -9999 -9999 -9999 11.633165253497634 12.161618732969133 10.571425550580944 10.507616534287829 9.8244096128212 10.108563189546055 10.335131743228024 10.134643532320897 9.949134577789584 9.681787645675195 9.436970384710458 8.775018535478404 8.642418925951903 8.880817427495717 8.87184961702393 9.299889031059141 10.362586428172577 11.16053530761744 11.46137202234796 11.46005144094686 11.519630222225723 11.207589365874494 11.162034294064643 10.889093615980974 10.612701303162837 9.84992536443638 9.64910356024326 9.523054464705226 9.837041439716044 10.165087130120883 11.186270262221232 12.120258427894349 12.852229761257668 -9999 -9999 -9999 -9999 -9999 -9999 -9999 -9999 -9999 -9999 -9999 -9999 -9999 -9999
-9999 -9999 -9999 -9999 11.412293091204797 10.0278877421958 10.495124139474685 9.992016372810939 10.070054121200707 9.611835639976805 10.019976260453413 9.94940556317802 9.66658584926398 9.434012973664759 9.135212486373787 9.08670414776841 8.603213429074916 8.472673274081444 8.588302723375723 8.707217088078535 8.804897140022456 9.270667413748258 10.234303408746001 10.168743252433442 10.770574018689759 10.713309855288623 10.58189407342305 10.588520730731387 10.497671434299953 10.439307822042432 10.122550137349863 10.420295837495502 10.91274121287663 11.477724888601381 12.848214339593095 -9999 -9999 -9999 -9999 -9999 -9999 -9999 -9999 -9999 -9999 -9999 -9999 -9999 -9999 -9999 -9999 -9999
-9999 -9999 -9999 11.279655462941156 11.133198016526695 10.575009708963957 10.478410820538675 10.139424554671571 9.84582354552777 9.93055964928566 9.59559300273425 9.325671701315557 9.128548720190851 9.062618693932187 8.945951489857931 8.881117048099544 8.708687786120624 8.402759207110691 8.388622106586544 8.576499942276376 8.908665980778466 9.079046711617588 9.824677183337975 9.569641081769976 10.116880102254042 10.012156410713516 9.82112576106445 10.246177087125314 10.307154042987737 10.743911978048832 11.234642534899127 -9999 -9999 -9999 -9999 -9999 -9999 -9999 -9999 -9999 -9999 -9999 -9999 -9999 -9999 -9999 -9999 -9999 -9999 -9999 -9999 -9999
-9999 -9999 -9999 11.372801406073739 11.808421659728413 11.514231143436556 11.337131676378643 11.111000952798422 11.031038725816202 11.04848871937031 10.352023817533997 10.033588173627152 9.723327582722037 9.459903169186084 9.203799067500174 9.24728205335742 8.790088945163662 8.658369170962446 8.680074239175967 8.900298722422066 8.931338834536598 8.921409286940706 9.755213277690656 9.86423360893789 9.559827780357184 9.587949097407046 10.060586524651383 10.185294241800069 15.745812392398713 -9999 -9999 -9999 -9999 -9999 -9999 -9999 -9999 -9999 -9999 -9999 -9999 -9999 -9999 -9999 -9999 -9999 -9999 -9999 -9999 -9999 -9999 -9999
-9999 -9999 -9999 9.918653994895289 10.071535941039189 11.470251247375776 11.427724932258698 11.015823275300006 11.146409817490337 10.996836258680286 10.412482084802075 10.270008742855234 9.947710274705074 9.737422482267457 9.484172589916811 9.654071166278976 9.391788790275976 9.476002932181329 9.410043455194792 9.420845706584627 9.405303747374916 8.981131530270273 9.45104378396805 9.451145838775837 9.96430794946228 10.174241430010552 -9999 11.647566806246974 -9999 -9999 -9999 -9999 -9999 -9999 -9999 -9999 -9999 -9999 -9999 -9999 -9999 -9999 -9999 -9999 -9999 -9999 -9999 -9999 -9999 -9999 -9999 -9999
-9999 -9999 -9999 9.606692266393734 9.969066854721817 10.422201591404978 10.954290181532485 10.731590849790852 10.514662234443863 10.144700938421057 9.510735227462165 9.548697194750742 9.566327906908922 9.84761895217836 9.446208933089288 9.677787124329905 9.662762225619913 9.686783078017518 9.929543370225927 9.670889440963407 9.605555920323138 9.321863319887276 9.989784728756652 15.633937534302854 15.918764362173958 15.692791011423578 15.965596575214764 -9999 -9999 -9999 -9999 -9999 -9999 -9999 -9999 -9999 -9999 -9999 -9999 -9999 -9999 -9999 -9999 -9999 -9999 -9999 -9999 -9999 -9999 -9999 -9999 -9999
-9999 -9999 -9999 -9999 9.947702203653806 10.500949759105211 10.361107761395603 9.99240286893957 9.737274913982406 9.766997932561793 9.634103598463561 9.282498821968003 9.76387330350699 9.691528838905088 9.77617245901816 9.365207712104636 9.663839726734151 9.811425491326851 9.569705844446776 9.804151669586616 9.7171546862447 9.86698948561632 9.920818389839434 16.111342344129387 -9999 -9999 -9999 -9999 -9999 -9999 -9999 -9999 -9999 -9999 -9999 -9999 -9999 -9999 -9999 -9999 -9999 -9999 -9999 -9999 -9999 -9999 -9999 -9999 -9999 -9999 -9999 -9999
-9999 -9999 -9999 -9999 9.609745424052043 9.674895533722918 10.118994449951034 9.790076077223805 9.503758019955796 9.351592893016008 9.319790740304454 9.317475337566071 9.387376664063604 9.342475250820858 9.606029744801 9.320447954147676 9.189154800047632 9.865042125056515 9.692226439959787 9.645631894285001 9.786424253995117 10.044668067787926 11.148418448224266 11.790814975391307 15.773694147518274 -9999 -9999 -9999 -9999 -9999 -9999 -9999 -9999 -9999 -9999 -9999 -9999 -9999 -9999 -9999 -9999 -9999 -9999 -9999 -9999 -9999 -9999 -9999 -9999 -9999 -9999 -9999
-9999 -9999 -9999 -9999 9.648770733390284 9.79869400612137 9.268972507419749 8.854832903780775 8.664283562960208 9.02943739308009 9.459879996895495 9.165559024001807 8.930390614090356 8.668867641332222 9.123542832883944 8.884239364665149 8.744885174947731 9.38681102437284 10.32405690169492 9.925716142394844 9.959726422932203 10.696461243052507 10.958545918237169 12.10093499235999 -9999 -9999 -9999 -9999 -9999 -9999 -9999 -9999 -9999 -9999 -9999 -9999 -9999 -9999 -9999 -9999 -9999 -9999 -9999 -9999 -9999 -9999 -9999 -9999 -9999 -9999 -9999 -9999
-9999 -9999 -9999 -9999 10.257157291101668 10.734911348820964 9.745546551774805 8.78979029499796 8.640154283567144 8.795939642565447 8.548800307874567 8.011272289810421 7.742063943447496 7.572209619514964 8.110045676767106 8.576033026105863 9.010501437553623 9.705590331470782 9.310906220723934 9.502028940124726 9.963993529084568 10.86706550199466 11.543866353409465 -9999 -9999 -9999 -9999 -9999 -9999 -9999 -9999 -9999 -9999 -9999 -9999 -9999 -9999 -9999 -9999 -9999 -9999 -9999 -9999 -9999 -9999 -9999 -9999 -9999 -9999 -9999 -9999 -9999
