metrics/grid_rasters/CCI Active/grideval_CCI Active_X_summer_2016_absolute_ubrmsd.asc
ncols 52
nrows 55
xllcorner     11.25
yllcorner     55.25
cellsize      0.25
NODATA_value  -9999
[rows 0 to 29 of 55, columns 0 to 51 of 52]
-9999 -9999 -9999 -9999 -9999 -9999 -9999 -9999 -9999 -9999 -9999 -9999 -9999 -9999 -9999 -9999 -9999 -9999 -9999 -9999 -9999 -9999 -9999 -9999 -9999 -9999 -9999 -9999 -9999 -9999 -9999 -9999 -9999 -9999 -9999 -9999 9.146519250493693 7.761851635155917 6.932001275143187 -9999 -9999 -9999 -9999 -9999 -9999 -9999 -9999 -9999 -9999 -9999 -9999 -9999
-9999 -9999 -9999 -9999 -9999 -9999 -9999 -9999 -9999 -9999 -9999 -9999 -9999 -9999 -9999 -9999 -9999 -9999 -9999 -9999 -9999 -9999 -9999 -9999 -9999 -9999 -9999 -9999 -9999 -9999 -9999 -9999 -9999 -9999 -9999 -9999 7.437693349421687 6.540129844894931 6.337295336680353 6.344080349888718 6.375586194331442 6.304170297239343 -9999 -9999 -9999 -9999 -9999 -9999 -9999 -9999 -9999 -9999
-9999 -9999 -9999 -9999 -9999 -9999 -9999 -9999 -9999 -9999 -9999 -9999 -9999 -9999 -9999 -9999 -9999 -9999 -9999 -9999 -9999 -9999 -9999 -9999 -9999 -9999 -9999 17.387309543331135 14.920437432548571 15.410984988841028 16.09957057645833 15.421140725707305 13.86924989120572 12.158894450721762 -9999 8.896946333113839 7.707025512487091 6.602708910105496 5.927254247579465 5.715632686893192 5.728382398122388 5.874701058894362 5.970762559784352 6.056173313985746 6.0986615150464685 6.119990706815268 -9999 -9999 -9999 -9999 -9999 -9999
-9999 -9999 -9999 -9999 -9999 -9999 -9999 -9999 -9999 -9999 -9999 -9999 -9999 -9999 -9999 -9999 -9999 -9999 -9999 -9999 -9999 -9999 -9999 -9999 -9999 -9999 -9999 18.62635284541184 15.780229441913114 15.902958367239535 16.020138229450893 13.918686917446735 12.320317840346249 11.395315342874289 10.77720180104601 10.373188900379278 9.989384870633264 9.00493530019906 8.220017106942612 7.487666810511223 6.9211338877304875 6.731881488176987 6.644967258222834 6.739093735168866 6.788419388570858 6.825461269540278 6.777932843513296 6.809037931219175 -9999 -9999 -9999 -9999
-9999 -9999 -9999 -9999 -9999 -9999 -9999 -9999 -9999 -9999 -9999 -9999 -9999 -9999 -9999 -9999 -9999 -9999 -9999 -9999 -9999 -9999 12.998546531068744 12.357705268075119 12.214937813705307 12.939965724973133 13.382309843810168 13.567962518404231 13.541188878609614 13.242004653597295 10.926068034111907 9.474770602074148 8.855133415167101 9.011968374957712 9.197958477898904 9.527539719471712 9.744756253280354 9.60088956584702 9.247667720146874 8.743518545614616 8.20577236631781 7.501330174192918 7.0490804079620935 6.927690827983863 7.000242312929887 6.988871167044035 6.9830983243707685 6.917931881258022 6.8820597865450575 -9999 -9999 -9999
-9999 -9999 -9999 -9999 -9999 -9999 -9999 -9999 -9999 -9999 -9999 -9999 -9999 -9999 -9999 -9999 -9999 -9999 -9999 -9999 -9999 10.128361452711264 9.881093893462634 10.680317659760501 11.967878831549875 13.054667181406048 14.444408559620598 14.228164155484187 12.881165036309698 11.023601985321495 8.782437155485535 7.3220125493023245 6.958436000337246 7.027725060687732 7.1513991482773545 7.741212135627228 8.352499539997503 8.859563763664736 8.680999219536451 8.428803636776829 8.150074225042065 7.715343731948287 7.329524318423232 6.968186260663477 6.75017375189358 6.596204922823948 6.5991888888115575 6.673339297198497 6.809740378830522 -9999 -9999 -9999
-9999 -9999 -9999 -9999 -9999 -9999 -9999 -9999 -9999 -9999 -9999 -9999 -9999 -9999 -9999 -9999 -9999 -9999 -9999 -9999 12.308464126048293 10.643854018813704 11.049058354195244 12.376975867671089 14.31173250125914 15.4040884625641 15.570517930582199 13.759676281828686 11.920298469976863 10.602735119672882 9.31873457761781 8.057603819194954 7.365522508394362 7.027454236507938 6.9693769516328254 7.651800974480442 8.335119696649326 8.81584775456358 9.017500461749352 8.814296468953225 8.556440201165893 8.053167119690148 7.670474269764713 7.241095872076495 6.803180669515929 6.4302907586187175 6.250755943528308 6.2954097773178725 6.396894075926293 6.750239222016597 -9999 -9999
-9999 -9999 -9999 -9999 -9999 -9999 -9999 -9999 -9999 -9999 -9999 -9999 -9999 -9999 -9999 -9999 -9999 -9999 -9999 -9999 -9999 14.189713227392941 12.872942412700956 12.649548559305849 13.111493407211475 13.386210656288656 12.605071090022125 11.26871819664468 10.281737090373838 9.584997318165858 9.243516324146274 8.745066018966137 8.314131034187165 7.8900152411947 7.417085515882777 7.512797797854834 7.825735780937028 8.251668279088216 8.402820134646818 8.246334744676107 8.032039597762296 7.677184555882041 7.455515341542085 7.1912713466742675 6.9305823681370695 6.672645782486482 6.80008043853859 7.038793323115198 7.209999488679317 -9999 -9999 -9999
-9999 -9999 -9999 -9999 -9999 -9999 -9999 -9999 -9999 -9999 -9999 -9999 -9999 -9999 -9999 -9999 -9999 -9999 -9999 11.390778264381867 10.537290537095604 10.228797946020064 9.878356136882019 9.816497885047212 9.839068625319873 9.752003268603357 10.094703291059751 10.367010071577266 10.454106907809148 10.27443013799983 9.713070001039718 8.912487831696264 8.464157848137702 8.104593775478191 7.812340206044933 7.410322452954291 7.200722742843219 7.119807314202865 7.154829076447551 7.2017374875730775 7.181760179509681 7.050662237455107 7.021602474370438 7.128095318022782 7.285209579117929 7.511348997341142 7.5798801288805135 7.666133678965613 7.731550942475277 7.621676711055206 7.585828128325888 -9999
-9999 -9999 -9999 -9999 -9999 -9999 -9999 -9999 -9999 -9999 -9999 -9999 -9999 -9999 -9999 -9999 -9999 -9999 10.811185460631357 9.9198322452864 8.859413311948472 8.1300017367295 7.754979210147455 7.60251664046545 7.760850716579946 8.000290522008193 8.281536888195474 8.560933793463683 8.760609874052312 8.70520974950035 8.527691158075516 8.052330250735295 7.715655084783275 7.6530471045579365 7.711821698122254 7.706744171504813 7.573331239309992 7.525123622091955 7.3836630307065265 7.229869650604037 7.369075888763758 7.441063419944926 7.318980915796174 7.438832004806918 7.533706269949156 7.6109806011612 7.858590766216554 8.040710078790394 8.162011458663727 8.069828188788064 8.063989743476808 -9999
-9999 -9999 -9999 -9999 -9999 -9999 -9999 -9999 -9999 -9999 -9999 -9999 -9999 -9999 -9999 -9999 -9999 9.367590099045557 9.050956660675046 8.452313927887879 8.111041196078157 8.490948697931378 8.898475294992929 9.085870680705998 9.060830076088642 9.040102151792922 8.869248653654836 8.463285194864994 7.953573952275352 7.578990928612317 7.4294930249965185 7.684342883258099 7.770245360203125 7.740583536232016 7.710856706332247 7.603376609820763 7.699222810139411 7.828920918243911 7.7065762235198525 7.697492108010186 7.721673169435105 7.684838279152943 7.530797163553616 7.446937665017103 7.3997124850935005 7.712933259860772 7.849578935664238 8.10758981350694 8.3942031528058 8.307020626362048 -9999 -9999
-9999 -9999 -9999 -9999 -9999 -9999 -9999 -9999 -9999 -9999 -9999 -9999 -9999 10.47969794634214 9.25923780286056 8.394078410262559 7.631469830810206 7.280157837042534 6.7988686408706345 6.906154511842186 7.709174531303184 8.758277081949394 9.62331842575623 9.881713948791042 9.661930794416302 9.15494934586752 8.61987174227234 8.092558259219086 7.644782863763634 7.408240262656452 7.523673674444853 7.760814495621988 7.833321797273711 7.772619019137638 7.77990041554137 7.821743357192239 7.781891777584898 7.9596200225887355 8.153076149243825 8.135534502061123 8.009202674596283 7.693440424237665 7.507191132845932 7.511273004343282 7.689991387722357 7.8641616919286825 7.933765233917921 8.051986501500915 8.283518328628732 8.112645111446602 8.037224134932071 -9999
-9999 -9999 -9999 -9999 -9999 -9999 -9999 -9999 -9999 -9999 -9999 -9999 -9999 9.485611054147252 8.886364341909447 8.135980612654322 7.436384353691947 7.027621905968453 7.0613305892469285 7.837878607332063 8.844276634547963 9.695741078886496 10.138636990983366 10.168770338619263 9.698274750920756 8.896670361570377 8.188175986485517 7.799437792815588 7.672207819786066 7.71016724932789 7.7446989911043715 7.775841477382599 7.9145792605148 8.079840707150781 8.037183859775602 7.990532167262331 8.08189729281298 8.202882830890102 8.228197246356086 8.01333520422562 7.8106356470316385 7.761352672975633 7.8614272159800445 8.117619133638923 8.323560904726252 8.416932264133374 8.572160330772931 8.555916310152151 8.396157850275246 7.928937035728168 8.374399909626439 8.501434491086346
-9999 -9999 -9999 -9999 -9999 -9999 -9999 -9999 -9999 -9999 -9999 -9999 -9999 7.178008899389282 6.931698580910326 7.617005528824742 8.502034010663719 9.143867912284842 9.299449016949588 9.308543445303664 9.46571398138444 9.70839835941755 9.759086067111651 9.698817866821187 9.250096662965733 8.717577020598341 8.059170314142746 -9999 7.824714820615197 7.934618122638477 8.015050080739575 7.8957321563854 7.903803867085086 7.901053583000803 8.041535838429438 7.881638949977593 7.980323914125322 8.214492055112599 8.274463570679238 8.071169448681802 7.857509707574193 7.99959512864645 8.525499282742889 9.132017105295034 -9999 -9999 -9999 -9999 -9999 -9999 -9999 -9999
-9999 -9999 -9999 -9999 -9999 -9999 -9999 -9999 -9999 -9999 -9999 -9999 -9999 6.794553027467903 6.863448746550707 7.9143710241636995 9.214657508265756 10.082457120061992 10.122601647260373 9.829954609318683 9.770374424590132 9.606349691359402 9.378051244883354 9.280387247093703 8.833334933329734 8.273187842902795 7.843418585528438 7.709254035486253 7.589490350580808 7.5377665961509965 7.664209185475991 7.666143239552075 7.4949240080432356 7.401680376323135 7.622103919791011 7.620417131284902 7.649181922601204 7.837232309935661 8.009377226617852 8.235572160203532 8.40070940760059 -9999 -9999 -9999 -9999 -9999 -9999 -9999 -9999 -9999 -9999 -9999
-9999 -9999 -9999 -9999 -9999 -9999 -9999 -9999 -9999 -9999 -9999 -9999 7.255526441739845 6.530784402835512 6.81870490953237 7.971636900261622 9.172024011352251 9.9782308042436 10.15536678752643 9.54427743600314 9.469712483888967 9.19068860478802 8.85127342295467 8.625625180669486 8.398114095753822 8.02338585709991 7.8254588076268865 7.6593373473522055 7.529184462430223 7.502171257791865 7.378281144191337 7.498961890312714 7.5388955412240835 7.497802216467098 7.393931433857295 7.391441659634127 7.388846794799938 7.737981851910344 7.975893538489621 8.533121876277601 9.003729779497169 -9999 -9999 -9999 -9999 -9999 -9999 -9999 -9999 -9999 -9999 -9999
-9999 -9999 -9999 -9999 -9999 -9999 -9999 -9999 -9999 -9999 -9999 6.101119735551848 5.9506222753389455 6.330732894811428 7.239297925981869 8.389768936624321 9.23719203369244 9.693053572269 9.806914265265592 9.016968800730687 8.659905633948341 8.335551723516703 7.977550466202486 7.835444157889028 7.948444608431673 7.9211495196337225 7.78872013209415 7.6090573808885855 7.5284844983848735 7.278229842958439 7.177757896240445 7.489273795955162 7.7080444637335574 7.771301557762488 7.693258500282887 7.584669345718195 7.7250255790486815 8.121437252180291 9.206972986434213 10.024330642279342 -9999 -9999 -9999 -9999 -9999 -9999 -9999 -9999 -9999 -9999 -9999 -9999
-9999 -9999 -9999 -9999 -9999 -9999 -9999 -9999 -9999 -9999 8.07608713928037 8.366840743430147 8.363513611086349 8.89246180359342 9.39265984304023 9.560273861020807 9.583110315679974 9.347848011076529 9.177385405493828 8.600930044962046 8.414035774855282 8.093181300856363 7.804666468893435 7.3759700975430835 7.3411252094057895 7.392525321198637 7.58247234332101 7.678260746141668 7.58010320925283 7.350909428794153 7.164709754610655 7.181412861497336 7.298465578413335 7.321338744126165 7.3914786037464 7.607187618676568 7.882433022241441 8.477191583956424 9.619938938744014 -9999 -9999 -9999 -9999 -9999 -9999 -9999 -9999 -9999 -9999 -9999 -9999 -9999
-9999 -9999 -9999 -9999 -9999 -9999 -9999 -9999 -9999 -9999 -9999 -9999 9.604056180947874 9.92300734883577 10.059637929293087 9.717827332432735 9.457791616099398 9.146080260894626 8.936079903052555 8.49125145378894 8.31361823972213 8.042829602582259 7.844858438616524 7.75203987146995 7.835776677900998 7.896760930547763 8.105209322378004 8.199107619870423 8.133531809124392 8.14312684534379 7.72571015318347 7.581911385275363 7.5626466944733854 7.411240066273116 7.388330639256245 7.628851310796042 8.05756480638641 8.700000148066785 9.670308342915927 10.7888164309636 -9999 -9999 -9999 -9999 -9999 -9999 -9999 -9999 -9999 -9999 -9999 -9999
-9999 -9999 -9999 -9999 -9999 -9999 -9999 -9999 -9999 -9999 -9999 8.55068943220932 9.038061453637175 9.554404839890982 9.722777059746283 9.53387349015996 9.123806339057564 8.729083277011632 8.488424019012955 8.355885504135557 8.153761811417294 8.034770300163169 7.9402742993461795 7.872890566816922 7.946940724849634 7.927076507368437 8.017976975193926 8.122945999969632 7.927280763383343 7.694405868970777 7.394487900500917 7.444274668209455 7.417132332876939 7.4616688388334325 7.543602338126547 7.81871150881027 8.205196637085166 9.112697747633682 10.005962454949293 -9999 -9999 -9999 -9999 -9999 -9999 -9999 -9999 -9999 -9999 -9999 -9999 -9999
-9999 -9999 -9999 -9999 -9999 6.027766782688928 6.304493734234217 6.573408807386778 6.934678022011561 7.494878114023233 8.405964452358932 8.942964387283581 9.154658924589297 9.086987964425733 8.845570585134066 8.620053845232643 8.086452235981923 7.850231078959565 7.7724623530744275 7.845022507835901 7.7580311816249 7.766730227630691 7.83705532877205 7.8374173188479315 7.8219922070423165 7.840425361596406 7.89305096847634 7.775787930500012 7.681286425005232 7.541883890731858 7.389257123476582 7.452927738855253 7.654662986907718 8.062437180762194 8.27338383934979 8.672637521000189 9.627867959880245 10.439596580764427 -9999 -9999 -9999 -9999 -9999 -9999 -9999 -9999 -9999 -9999 -9999 -9999 -9999 -9999
-9999 -9999 -9999 -9999 6.362526239784152 6.7994945845053065 7.8705716064101745 8.589149572006301 8.80935241497215 8.778673304040112 9.0912694892508 9.036821729917117 8.616432349272854 8.581688687100511 8.209124415823451 8.027330425171096 7.68692610294849 7.476924608715555 7.5416383051129285 7.6428671675391735 7.592372678410233 7.7882688665431825 7.670756267571149 7.585927933923645 7.596002008241827 7.621806728039327 7.553177890911617 7.397123380468781 7.39761344228027 7.416507569875009 7.298577181754452 7.57669919272512 7.951277955339402 8.833057505990594 9.549676959278766 -9999 -9999 -9999 -9999 -9999 -9999 -9999 -9999 -9999 -9999 -9999 -9999 -9999 -9999 -9999 -9999 -9999
-9999 -9999 -9999 6.511657351039123 6.967453070794894 7.6717071839940445 8.313520043129259 8.682831258732607 8.848119225822424 8.924004132419707 8.694823741445942 8.462525604278552 8.340929607567492 8.131571241155857 8.002459640844503 7.935460544945903 7.694984966053032 7.466956582217517 7.561481415554549 7.767276988760688 7.612751689658063 7.6036860219475235 7.429800461739365 7.2235211842549 7.130918151360688 7.007595501794068 7.0657173395153166 7.2088121645325955 7.608227594768492 8.220006967071185 8.822765269024666 -9999 -9999 -9999 -9999 -9999 -9999 -9999 -9999 -9999 -9999 -9999 -9999 -9999 -9999 -9999 -9999 -9999 -9999 -9999 -9999 -9999
-9999 -9999 -9999 6.649521391410037 7.457001435394138 8.556528267294718 9.032850323875484 8.786322828752814 8.947444332432246 8.999376652373805 8.694265669414117 8.378026227859145 8.273453709674838 8.006190275190574 7.997890081458465 7.85138765041386 7.567895402247441 7.528648262980611 7.7271406384961425 7.870300639609324 7.800639904659027 7.725368775885884 7.575070367752929 7.180761103502407 6.837632140079397 6.920215005277048 7.321834755619457 7.898262921279594 8.471986571978004 -9999 -9999 -9999 -9999 -9999 -9999 -9999 -9999 -9999 -9999 -9999 -9999 -9999 -9999 -9999 -9999 -9999 -9999 -9999 -9999 -9999 -9999 -9999
-9999 -9999 -9999 5.987424412478907 6.649529797825142 7.559592945626651 8.383296613278644 8.46385760713503 8.369465904062821 7.938047960664156 7.809453346568309 8.020976250915622 7.998033280512722 7.871456578927917 7.830288802205179 7.994385967512791 7.999478873935993 7.898633381406111 7.805980945973436 7.945119612684072 7.915813119525093 7.595210383914997 7.387510645357442 7.249037054633749 7.339775351020478 7.941010297161398 -9999 9.942597273640796 -9999 -9999 -9999 -9999 -9999 -9999 -9999 -9999 -9999 -9999 -9999 -9999 -9999 -9999 -9999 -9999 -9999 -9999 -9999 -9999 -9999 -9999 -9999 -9999
-9999 -9999 -9999 6.742392617812164 7.601273471544562 8.395207922544731 8.301471867022826 8.034494047472522 7.820832936759497 7.9064455642240254 7.674923224686849 7.918645562360103 8.04955314889792 8.017039432421774 7.905456547455233 8.021799153424691 8.155712247674304 8.291123978158932 8.376981674281577 8.477406722957085 8.410589281455389 8.042724382204058 8.048262779309614 8.340918739473162 8.858544034077491 10.247284618915996 11.576859715494086 -9999 -9999 -9999 -9999 -9999 -9999 -9999 -9999 -9999 -9999 -9999 -9999 -9999 -9999 -9999 -9999 -9999 -9999 -9999 -9999 -9999 -9999 -9999 -9999 -9999
-9999 -9999 -9999 -9999 8.28266923678133 8.394742533649085 8.430909072128768 8.482564097154633 8.395954630524082 8.424094961758666 8.111492729775074 7.981391900637374 7.692615305094902 7.87395157633723 8.07150749163527 8.096146357810625 8.061991005571358 8.256490531797922 8.22291552016085 8.415694075104575 8.603376246463338 8.687969298999858 8.875981900719095 10.379355674796333 -9999 -9999 -9999 -9999 -9999 -9999 -9999 -9999 -9999 -9999 -9999 -9999 -9999 -9999 -9999 -9999 -9999 -9999 -9999 -9999 -9999 -9999 -9999 -9999 -9999 -9999 -9999 -9999
-9999 -9999 -9999 -9999 7.779859281663183 7.74426435217696 7.992451441242402 7.494453151963353 7.762314949788465 7.83343859374821 7.682272860342459 7.651727070817333 7.5733607375341485 7.579099001664832 7.66309557191417 8.004380894644965 8.176629629552401 8.174286183793193 8.193238814670709 8.443547067214372 8.79851921461877 9.334072395414783 9.297316873882394 10.437931397665887 12.62033348671875 -9999 -9999 -9999 -9999 -9999 -9999 -9999 -9999 -9999 -9999 -9999 -9999 -9999 -9999 -9999 -9999 -9999 -9999 -9999 -9999 -9999 -9999 -9999 -9999 -9999 -9999 -9999
-9999 -9999 -9999 -9999 7.798715441968692 7.422072473958617 7.179212818491143 6.923316074788757 7.1753215819152825 7.079981350537088 7.394712662489145 7.438461293945358 7.238751853563138 7.1455439142534605 7.504367189219349 7.416014717748452 7.2761253154932275 7.65682888996461 8.3768301883368 8.641309522426706 9.006046742506042 9.801457094980536 9.83047737976989 10.834400607760301 -9999 -9999 -9999 -9999 -9999 -9999 -9999 -9999 -9999 -9999 -9999 -9999 -9999 -9999 -9999 -9999 -9999 -9999 -9999 -9999 -9999 -9999 -9999 -9999 -9999 -9999 -9999 -9999
-9999 -9999 -9999 -9999 9.004885572426783 8.667964383273162 7.997648877982086 6.87312078055772 7.029174684531915 7.296821383997835 7.136020731471688 7.181510590568526 7.213569948244662 7.198150314907028 7.001598288384105 7.279257778726119 7.4887438312862775 7.717075533290495 8.295951034108272 8.641383789585992 9.047056649708665 9.373190619179752 10.279600191881038 -9999 -9999 -9999 -9999 -9999 -9999 -9999 -9999 -9999 -9999 -9999 -9999 -9999 -9999 -9999 -9999 -9999 -9999 -9999 -9999 -9999 -9999 -9999 -9999 -9999 -9999 -9999 -9999 -9999
