metrics/grid_rasters/CCI Active/grideval_CCI Active_X_fall_2016_absolute_bias.asc
ncols 52
nrows 55
xllcorner     11.25
yllcorner     55.25
cellsize      0.25
NODATA_value  -9999
[rows 0 to 28 of 55, columns 0 to 51 of 52]
-9999 -9999 -9999 -9999 -9999 -9999 -9999 -9999 -9999 -9999 -9999 -9999 -9999 -9999 -9999 -9999 -9999 -9999 -9999 -9999 -9999 -9999 -9999 -9999 -9999 -9999 -9999 -9999 -9999 -9999 -9999 -9999 -9999 -9999 -9999 -9999 -83.8798913014206 -83.2214526638042 -82.77742190659045 -9999 -9999 -9999 -9999 -9999 -9999 -9999 -9999 -9999 -9999 -9999 -9999 -9999
-9999 -9999 -9999 -9999 -9999 -9999 -9999 -9999 -9999 -9999 -9999 -9999 -9999 -9999 -9999 -9999 -9999 -9999 -9999 -9999 -9999 -9999 -9999 -9999 -9999 -9999 -9999 -9999 -9999 -9999 -9999 -9999 -9999 -9999 -9999 -9999 -81.37130888799827 -82.44240583044787 -81.9034899243464 -80.61012034180264 -79.94269648615433 -79.53865824186283 -9999 -9999 -9999 -9999 -9999 -9999 -9999 -9999 -9999 -9999
-9999 -9999 -9999 -9999 -9999 -9999 -9999 -9999 -9999 -9999 -9999 -9999 -9999 -9999 -9999 -9999 -9999 -9999 -9999 -9999 -9999 -9999 -9999 -9999 -9999 -9999 -9999 -80.47224692885693 -84.9399805561356 -86.65062598680908 -84.94985968416387 -81.71825856892835 -76.06121766368548 -72.77895419195643 -9999 -73.39376115677308 -77.0499197226398 -79.82663013132252 -81.29956211715938 -81.69144861856286 -81.65669789910315 -79.85493779331446 -79.16033343357199 -78.64742451218459 -78.72860240994716 -78.88637210720894 -9999 -9999 -9999 -9999 -9999 -9999
-9999 -9999 -9999 -9999 -9999 -9999 -9999 -9999 -9999 -9999 -9999 -9999 -9999 -9999 -9999 -9999 -9999 -9999 -9999 -9999 -9999 -9999 -9999 -9999 -9999 -9999 -9999 -84.88508448673754 -86.65735414867498 -85.36351011115677 -81.7169973448567 -75.27514529990594 -69.44954406383425 -65.51129287967214 -65.57917102972667 -67.73415908282217 -69.83902588052054 -72.22376628220081 -73.88273528644017 -75.6547132556637 -76.71929253110041 -76.4862237983942 -76.5878155444767 -76.35445881778232 -76.37991301773809 -76.14273101821834 -76.50065886886682 -76.2869644649327 -9999 -9999 -9999 -9999
-9999 -9999 -9999 -9999 -9999 -9999 -9999 -9999 -9999 -9999 -9999 -9999 -9999 -9999 -9999 -9999 -9999 -9999 -9999 -9999 -9999 -9999 -75.62414323668632 -80.58973262219105 -86.14474393518604 -88.21099389659035 -89.12162140635557 -88.95316940139641 -86.73073725840625 -84.27590545553427 -81.76687957035999 -77.1682186519846 -73.3286639617549 -69.83502539959218 -68.56722162113242 -68.41683178544045 -67.82584078831876 -67.89030235118054 -68.40860196409074 -69.58592600105925 -70.5421235704422 -72.90057910025119 -74.89892944967261 -75.18263161007096 -75.47146568724922 -75.08625179529191 -74.90238911702352 -75.12878524626676 -75.38110244741627 -9999 -9999 -9999
-9999 -9999 -9999 -9999 -9999 -9999 -9999 -9999 -9999 -9999 -9999 -9999 -9999 -9999 -9999 -9999 -9999 -9999 -9999 -9999 -9999 -79.77758461944126 -82.60466760396956 -85.95584561812633 -87.6527878398245 -88.18253949568386 -86.63321203632015 -84.54877993091941 -80.19295711476694 -78.19686973690986 -76.89890030225119 -76.22094555960761 -75.31741975960523 -74.89666863822418 -73.83179546670709 -72.51219362496062 -70.23660696484149 -68.95501069756953 -68.40288427990416 -68.72129560137789 -69.86796300995107 -72.09779409212726 -74.0525843179226 -76.04820678854475 -77.03149705439806 -77.5222571066022 -77.3862780559063 -77.21969559210903 -76.73529017561425 -9999 -9999 -9999
-9999 -9999 -9999 -9999 -9999 -9999 -9999 -9999 -9999 -9999 -9999 -9999 -9999 -9999 -9999 -9999 -9999 -9999 -9999 -9999 -81.04673952396426 -86.4440518282354 -87.42220016236001 -88.07950545393902 -88.1280135622491 -88.84684918216757 -83.77252504000299 -78.3417958252132 -73.26859808748677 -70.56349855803306 -70.00292875866097 -70.25364753798299 -72.26985848662645 -74.23812009782895 -75.02251715009862 -72.97038881017102 -70.63657678531277 -68.41033913519071 -67.6471312135458 -68.35691762197277 -69.83862575273152 -71.74163974108903 -73.72959372044906 -75.64784357470016 -77.46582933223766 -78.67347680744919 -79.47584962811734 -79.37534642583796 -79.35599943516509 -78.45861839662705 -9999 -9999
-9999 -9999 -9999 -9999 -9999 -9999 -9999 -9999 -9999 -9999 -9999 -9999 -9999 -9999 -9999 -9999 -9999 -9999 -9999 -9999 -9999 -84.83234086096287 -85.40827595616909 -85.3519511330635 -84.87643973529339 -80.24965590093194 -78.39629025208323 -75.10773916427905 -72.27813107967377 -69.62545143351669 -67.74991766905242 -67.78969179544336 -68.27648476210047 -70.23712123803635 -71.41525417280958 -70.9619695432484 -70.55312196877988 -68.89199083282593 -68.31531480861747 -67.92567364995678 -69.31101994153033 -69.35996491112272 -71.42403297747175 -72.57518012169749 -73.56968898024965 -74.69808866151355 -74.23537293268788 -73.40014440665642 -72.5524227321148 -9999 -9999 -9999
-9999 -9999 -9999 -9999 -9999 -9999 -9999 -9999 -9999 -9999 -9999 -9999 -9999 -9999 -9999 -9999 -9999 -9999 -9999 -85.47813885173072 -85.36283844952679 -85.28589780566594 -84.43190586630334 -83.0754167371326 -80.79509048773484 -76.44597512483597 -71.10245854631066 -67.07361689464348 -64.791618366067 -64.50802559293807 -64.12876669885148 -64.16442368127579 -64.37023473779361 -65.33326515206632 -66.39187420547009 -68.22047009259461 -69.76956203013657 -71.27660796775461 -71.5062971552429 -70.99713712963074 -70.0702364574308 -68.22594208286165 -68.40201085209847 -66.57185827853047 -67.10432635620236 -66.95965266612268 -68.0646329437693 -68.4910209759556 -68.53379303713639 -68.09990709771711 -67.79909110188484 -9999
-9999 -9999 -9999 -9999 -9999 -9999 -9999 -9999 -9999 -9999 -9999 -9999 -9999 -9999 -9999 -9999 -9999 -9999 -85.92400199618746 -84.9138233636288 -83.83289534043759 -82.42895795943889 -80.51851878801119 -78.53836472300084 -76.64558811655098 -74.36265430726655 -72.27566323156762 -70.32965868202652 -68.70732338871898 -67.68584283168722 -66.61964988814933 -65.98582894649617 -65.28276032857273 -65.75020249618424 -66.14461570199241 -67.15913939121225 -68.54169521298675 -69.23841842660245 -70.31697357493512 -69.84691303782165 -68.62714962249106 -66.91135383082761 -65.72619762271643 -63.70624540932477 -62.878183336928494 -62.758077798876904 -63.03731116419657 -64.19870570398146 -64.62916264851248 -63.71073647500838 -62.71001419741096 -9999
-9999 -9999 -9999 -9999 -9999 -9999 -9999 -9999 -9999 -9999 -9999 -9999 -9999 -9999 -9999 -9999 -9999 -87.41081158468063 -85.88403499250609 -83.04438042187172 -78.97029594182969 -76.06536835161123 -73.24184193597598 -70.57178737985535 -68.55789705011108 -66.94551465731291 -66.38212046390626 -66.37353044115008 -66.37541289733988 -66.38013143872105 -66.03385547184665 -64.95099545507269 -64.00053483958949 -62.170456230640404 -63.967410131934145 -61.91414069497224 -62.01746805431321 -62.401198206935085 -62.50527106272057 -62.33251294328107 -62.38838683068752 -62.441171628056146 -60.34538355550251 -59.99118893694233 -59.458423686262805 -58.826771908625965 -58.739390437092105 -59.8083275920815 -60.32543294860257 -61.1705140857534 -9999 -9999
-9999 -9999 -9999 -9999 -9999 -9999 -9999 -9999 -9999 -9999 -9999 -9999 -9999 -79.9546243141998 -81.10468179252413 -82.96706643170779 -84.86440274450514 -84.86258858640987 -82.89932384960194 -80.5293222737053 -76.51324866906457 -73.37006381223368 -69.26805946550199 -65.70908777161343 -64.17037115581334 -63.452993354419384 -63.316126215748675 -63.41132361912413 -63.53658254323779 -63.588551141894776 -63.94331794213958 -63.10086977091575 -62.6998225774616 -61.066010526847094 -61.25874345456109 -61.68210392377594 -59.509418769843045 -58.59667321435503 -58.12208238557766 -57.206654782478616 -56.79654641029161 -56.85559830489831 -57.33130297294029 -57.181281962073776 -57.69845343269408 -58.87652262264774 -59.31882953040657 -61.066874838393666 -61.45114114491835 -61.828637790744715 -61.853398073050705 -9999
-9999 -9999 -9999 -9999 -9999 -9999 -9999 -9999 -9999 -9999 -9999 -9999 -9999 -78.20204802354176 -77.94242489661859 -78.78239507584469 -79.06800313864615 -78.59637082320579 -76.73016157143928 -74.94225017031034 -71.06606708467007 -67.68300422818162 -65.45795574374498 -64.07718281982801 -65.29641736320086 -65.71702106669545 -66.59675910199682 -66.73239120385713 -66.45284331718395 -65.27963282719807 -65.40818616968615 -65.27347692618004 -63.540100565111196 -63.676791665645744 -63.76569655923932 -64.01593937242733 -60.428661629165475 -59.568681677564605 -58.675950224582955 -57.615529753640295 -57.03856962434948 -57.703261796294186 -57.77904941425437 -58.4860858348913 -58.28698072688921 -58.37139617415463 -58.146430666247994 -58.794919550782296 -59.972158417815244 -61.177468857949684 -63.498247116804116 -63.83848740723397
-9999 -9999 -9999 -9999 -9999 -9999 -9999 -9999 -9999 -9999 -9999 -9999 -9999 -77.02870164749523 -75.1597097268764 -71.43216645748664 -69.11205187439919 -68.28278595920314 -68.21555026811222 -67.28471239419972 -65.29971972507674 -64.99086285009979 -64.756786690404 -64.20883767024891 -65.00083396281745 -66.88268676400186 -69.4754052542407 -9999 -68.95928284967387 -66.84167079524747 -65.86424287845347 -64.300439125505 -64.65356358637412 -64.41110035057726 -63.96290497173523 -62.093920938204974 -60.37539105564356 -59.501853081863366 -58.985320081605636 -59.74896402294571 -60.92013668308133 -57.10745377256536 -53.42576745003462 -52.590398783556054 -9999 -9999 -9999 -9999 -9999 -9999 -9999 -9999
-9999 -9999 -9999 -9999 -9999 -9999 -9999 -9999 -9999 -9999 -9999 -9999 -9999 -79.30653333156667 -76.35462637245655 -71.37233345844645 -66.86540897888072 -63.98476212674921 -62.68219272827818 -63.12650070575679 -62.83796580606386 -63.65013375133276 -63.843035001965134 -62.65086352465482 -63.40521702478672 -65.17741283928525 -66.49908062764283 -67.29264828254435 -67.27071725577116 -65.79364979170984 -64.33568914979696 -65.16036739071896 -65.53010235826174 -62.75834447671385 -61.74717179437479 -60.438384419589326 -59.49692881513726 -58.84617624325411 -59.13448811239667 -59.86882967683109 -59.57784221502575 -9999 -9999 -9999 -9999 -9999 -9999 -9999 -9999 -9999 -9999 -9999
-9999 -9999 -9999 -9999 -9999 -9999 -9999 -9999 -9999 -9999 -9999 -9999 -81.38315226866844 -79.76210617695166 -74.82794708774446 -69.52822502623214 -64.36977043335742 -60.7757663687934 -60.3554505487514 -61.39706553236857 -62.239315275102854 -64.0027864373782 -65.05575385514427 -65.17298106804039 -65.01977110011825 -65.43410941913272 -62.595944421071756 -61.75154530139346 -61.46899124559685 -61.199402913889465 -62.76295821080285 -62.409003293689565 -61.61189539432526 -62.46808110982985 -61.834481552694776 -60.757540806676396 -59.8000916895621 -59.640611662183495 -60.80693823179685 -60.361197694351794 -60.40651964984442 -9999 -9999 -9999 -9999 -9999 -9999 -9999 -9999 -9999 -9999 -9999
-9999 -9999 -9999 -9999 -9999 -9999 -9999 -9999 -9999 -9999 -9999 -72.70714639613824 -71.97200743337066 -71.34947218808036 -69.22515149065791 -64.84144985168538 -61.339279280128814 -59.8478279610475 -61.098707501481215 -62.91244782272138 -64.38539231607788 -65.66492040966239 -65.772569123762 -66.38684402499348 -65.7450450565666 -65.97914052708074 -64.84117568950904 -64.45537486175698 -59.8871266830426 -59.66420627098818 -60.66774938922179 -60.012287241144065 -60.162046865001315 -61.73074230310078 -63.205960394758165 -61.22542653977871 -62.121061744168394 -60.58587655921778 -58.62453730739654 -56.72248175230465 -9999 -9999 -9999 -9999 -9999 -9999 -9999 -9999 -9999 -9999 -9999 -9999
-9999 -9999 -9999 -9999 -9999 -9999 -9999 -9999 -9999 -9999 -69.00180506067616 -67.11911863744258 -66.2109674602747 -63.80313823469307 -61.4940126473489 -59.72182099780311 -58.96222941509703 -59.79576428482929 -63.52772660133167 -65.90752082821486 -66.59890692681074 -67.76826394192483 -68.16116391846111 -68.49835929537521 -67.58730120105403 -66.41858394145966 -64.92966792525516 -62.50337633294495 -61.986272897790464 -61.085510174847315 -62.672196158766745 -62.54285836372622 -62.58586766453166 -61.244323869546264 -60.98183059112893 -62.23278990961039 -61.476049085458115 -58.55341734774411 -55.4226404508186 -9999 -9999 -9999 -9999 -9999 -9999 -9999 -9999 -9999 -9999 -9999 -9999 -9999
-9999 -9999 -9999 -9999 -9999 -9999 -9999 -9999 -9999 -9999 -9999 -9999 -64.00443231633732 -62.05910389727735 -62.00601867651162 -61.28820280730724 -61.32571787335153 -61.04560222821991 -64.2744717232883 -66.17714986597237 -66.78669106157926 -68.32290012271781 -69.12777654826641 -68.65530982770417 -67.4135983856885 -65.29750708228833 -64.27683583686226 -61.21093838438393 -60.88570624917018 -61.412882937118404 -61.93172361719899 -61.606668080247594 -59.899065375328064 -59.13903807302316 -58.5409614874257 -59.01730846095344 -59.14265712577364 -59.1110412835454 -56.77086406528949 -54.188121733420026 -9999 -9999 -9999 -9999 -9999 -9999 -9999 -9999 -9999 -9999 -9999 -9999
-9999 -9999 -9999 -9999 -9999 -9999 -9999 -9999 -9999 -9999 -9999 -65.3255393144985 -63.91401814960915 -62.35903576490554 -61.2370220179791 -62.598852766411646 -63.94895078204572 -65.44740768208315 -65.59595773369074 -64.53238864565218 -65.76625362840983 -64.43596820186737 -64.85428143933764 -64.39946436396865 -63.90809715681133 -63.601650811212004 -62.84663994645789 -62.63809628748312 -62.395483094744556 -62.236791525568286 -61.500482864677906 -61.50072074698847 -60.80248218842528 -59.53360527008772 -60.61294778562942 -60.593859872221955 -60.30030429602735 -60.21116464885704 -56.65776700729674 -9999 -9999 -9999 -9999 -9999 -9999 -9999 -9999 -9999 -9999 -9999 -9999 -9999
-9999 -9999 -9999 -9999 -9999 -75.63965872764588 -74.34302162515874 -74.61113343938537 -72.41549912919389 -69.86948622033951 -65.92757190699163 -63.91421053310236 -62.95337335329229 -63.10369723215699 -62.950421966239816 -63.81180192269385 -65.79951237524168 -66.67578555494546 -66.1451586958021 -65.34303953921473 -64.96584425745783 -63.771337373836616 -62.91475253456679 -63.21891670922439 -63.038640472665435 -63.09487983770669 -63.039224995034076 -63.77724570243858 -63.4401454306815 -62.91189149831949 -63.28884919484457 -62.919697896577425 -61.724010794271116 -60.972372471754035 -59.96045413373837 -58.91835109221524 -57.03588357182412 -55.94861822928253 -9999 -9999 -9999 -9999 -9999 -9999 -9999 -9999 -9999 -9999 -9999 -9999 -9999 -9999
-9999 -9999 -9999 -9999 -73.27887069753238 -72.64381467580796 -69.77572512685084 -68.17398246437311 -65.95852105002454 -65.83873870460825 -64.52598008790682 -63.8246173642221 -63.92433042824268 -64.59722411436469 -65.55248489210734 -66.04422696348693 -67.04762104360594 -66.89912770769081 -66.778818917647 -66.6528471983396 -66.37766539209929 -65.28912650201565 -63.80502073988318 -64.37539711147546 -63.68034159108287 -63.09599122197129 -63.07701333328372 -63.72063023379693 -62.899658854393394 -62.22407167390833 -62.24309458018377 -61.032367893556746 -59.32191968113184 -57.79212394307872 -55.746262316742246 -9999 -9999 -9999 -9999 -9999 -9999 -9999 -9999 -9999 -9999 -9999 -9999 -9999 -9999 -9999 -9999 -9999
-9999 -9999 -9999 -72.07525128612713 -70.51431233808398 -68.94901582133025 -67.17518203903218 -66.0818154528445 -64.81729606341342 -64.42095687272757 -65.13163676753986 -65.82344059255861 -66.5511744508431 -66.87918499502398 -67.82439857210431 -67.55226494371891 -66.86696185419957 -66.74936494593685 -66.67563812094075 -66.96869514318738 -65.99869813712743 -65.35169184580445 -63.523067816745396 -63.701605130664326 -62.948132890462865 -61.679725926531404 -61.09796918183565 -58.935184052900254 -58.465296164628064 -56.963920011887176 -55.87785818645588 -9999 -9999 -9999 -9999 -9999 -9999 -9999 -9999 -9999 -9999 -9999 -9999 -9999 -9999 -9999 -9999 -9999 -9999 -9999 -9999 -9999
-9999 -9999 -9999 -74.08473178536394 -71.48497047097909 -68.29516261248361 -64.96470160985535 -63.66142319346016 -62.681227899612274 -62.70767632515535 -62.89111628688193 -63.428708754314314 -63.555923670854256 -64.07298572393864 -65.8067191254075 -66.53179266726649 -66.7249832374709 -66.08587903791181 -65.96459963255458 -65.93685600085136 -65.09031718336045 -64.48435523396446 -62.56908199970018 -61.750907708269864 -61.92080530839471 -60.96814680071372 -58.16707135968167 -57.25487558141586 -49.21949897488443 -9999 -9999 -9999 -9999 -9999 -9999 -9999 -9999 -9999 -9999 -9999 -9999 -9999 -9999 -9999 -9999 -9999 -9999 -9999 -9999 -9999 -9999 -9999
-9999 -9999 -9999 -75.95485753737964 -75.99127460290224 -70.75662810700695 -66.10140753693359 -65.52532650920607 -65.8056721544784 -66.61106828786433 -67.00760955823229 -66.44932704757561 -65.5690764462532 -64.05956173208025 -64.03827058559372 -64.82004864866796 -65.41579648264144 -65.68331091143189 -65.59794581457973 -65.50136076062918 -64.76012896909947 -63.85889801164953 -61.91405757245693 -60.827840880193605 -59.51288933634758 -57.920048641427506 -9999 -53.47059036020575 -9999 -9999 -9999 -9999 -9999 -9999 -9999 -9999 -9999 -9999 -9999 -9999 -9999 -9999 -9999 -9999 -9999 -9999 -9999 -9999 -9999 -9999 -9999 -9999
-9999 -9999 -9999 -72.28443672880529 -70.44352854381907 -68.88051185892387 -66.26865289946821 -67.31399703673695 -68.0049135919581 -68.55610801603483 -68.46178748607636 -66.85252432728356 -65.69377981744161 -64.22240179815354 -65.04667178317905 -65.33439896695124 -65.04337282888591 -64.37356602365061 -63.484053652646935 -63.162470075555824 -62.50162449106574 -61.51058435535178 -59.2604306311461 -51.832642273452045 -49.81183356273024 -47.82465058475374 -46.19577915602645 -9999 -9999 -9999 -9999 -9999 -9999 -9999 -9999 -9999 -9999 -9999 -9999 -9999 -9999 -9999 -9999 -9999 -9999 -9999 -9999 -9999 -9999 -9999 -9999 -9999
-9999 -9999 -9999 -9999 -69.4157218202239 -66.70338414001222 -66.95734430976371 -67.78402678803964 -67.46516147359857 -66.86665254669344 -66.7852499820292 -67.48493342717056 -65.75900167131678 -65.5199022885672 -65.89699085056782 -66.7504850268364 -66.00782654379925 -64.97309565544128 -63.77140436220814 -62.19952772147954 -61.65812844800394 -60.23792831467257 -58.19586393393968 -47.46633976547024 -9999 -9999 -9999 -9999 -9999 -9999 -9999 -9999 -9999 -9999 -9999 -9999 -9999 -9999 -9999 -9999 -9999 -9999 -9999 -9999 -9999 -9999 -9999 -9999 -9999 -9999 -9999 -9999
-9999 -9999 -9999 -9999 -67.50622497929467 -68.93136430402164 -69.0894746326738 -67.28130340259126 -66.8369882994228 -66.3373266843998 -67.30908438502526 -68.23869580431628 -68.07216554192397 -67.56973629610405 -66.79272571206093 -66.43948728209588 -66.79856467285218 -65.3180685849526 -65.2505044579506 -65.69409102165983 -64.58051852719939 -62.81936034888029 -58.00559325673078 -52.921835805905076 -43.899644831489574 -9999 -9999 -9999 -9999 -9999 -9999 -9999 -9999 -9999 -9999 -9999 -9999 -9999 -9999 -9999 -9999 -9999 -9999 -9999 -9999 -9999 -9999 -9999 -9999 -9999 -9999 -9999
-9999 -9999 -9999 -9999 -70.02460583249727 -69.86365307867527 -70.54937382319639 -70.9396731243577 -71.00958039594249 -69.14785356753403 -67.96050175992733 -68.51507087431703 -68.10965236302998 -68.11539023843679 -68.18933163414586 -69.08194589946005 -68.56642326508083 -68.14993425101042 -66.41998640053413 -66.0194149106741 -64.89353303968906 -62.017560435696076 -59.845287611809646 -52.650675125538356 -9999 -9999 -9999 -9999 -9999 -9999 -9999 -9999 -9999 -9999 -9999 -9999 -9999 -9999 -9999 -9999 -9999 -9999 -9999 -9999 -9999 -9999 -9999 -9999 -9999 -9999 -9999 -9999
