metrics/grid_rasters/CCI Active/grideval_CCI Active_X_fall_2015_absolute_bias.asc
ncols 52
nrows 55
xllcorner     11.25
yllcorner     55.25
cellsize      0.25
NODATA_value  -9999
[rows 0 to 29 of 55, columns 0 to 51 of 52]
-9999 -9999 -9999 -9999 -9999 -9999 -9999 -9999 -9999 -9999 -9999 -9999 -9999 -9999 -9999 -9999 -9999 -9999 -9999 -9999 -9999 -9999 -9999 -9999 -9999 -9999 -9999 -9999 -9999 -9999 -9999 -9999 -9999 -9999 -9999 -9999 -83.49902504428904 -82.73600570445366 -82.175548375604 -9999 -9999 -9999 -9999 -9999 -9999 -9999 -9999 -9999 -9999 -9999 -9999 -9999
-9999 -9999 -9999 -9999 -9999 -9999 -9999 -9999 -9999 -9999 -9999 -9999 -9999 -9999 -9999 -9999 -9999 -9999 -9999 -9999 -9999 -9999 -9999 -9999 -9999 -9999 -9999 -9999 -9999 -9999 -9999 -9999 -9999 -9999 -9999 -9999 -82.1014834902388 -82.93599269554971 -82.33238305500213 -81.30193665306619 -79.90689734183252 -78.9315764248992 -9999 -9999 -9999 -9999 -9999 -9999 -9999 -9999 -9999 -9999
-9999 -9999 -9999 -9999 -9999 -9999 -9999 -9999 -9999 -9999 -9999 -9999 -9999 -9999 -9999 -9999 -9999 -9999 -9999 -9999 -9999 -9999 -9999 -9999 -9999 -9999 -9999 -74.54871306696842 -78.13166476013484 -81.43946990712236 -80.83132726653498 -79.01094622371045 -75.75476967210466 -72.82014858288069 -9999 -73.90213605352476 -77.12250236809254 -79.42937691071455 -80.766491898837 -80.84175957682041 -80.32554228224006 -78.98194234639406 -78.13167617576462 -77.67988382931797 -77.21240892519756 -77.16129064528893 -9999 -9999 -9999 -9999 -9999 -9999
-9999 -9999 -9999 -9999 -9999 -9999 -9999 -9999 -9999 -9999 -9999 -9999 -9999 -9999 -9999 -9999 -9999 -9999 -9999 -9999 -9999 -9999 -9999 -9999 -9999 -9999 -9999 -78.3813910998404 -81.2955699349061 -83.16186835037337 -78.6344939789602 -73.96161911515303 -69.20185028823714 -66.34324413652604 -66.6373558611824 -68.15401734383602 -69.89946970793436 -71.89119163239901 -74.16895084512922 -75.97460321623545 -76.48941165387629 -76.16958348300992 -75.79259063577166 -75.94630904981624 -75.14848042770903 -74.86389248136508 -74.375255528527 -73.89425786491482 -9999 -9999 -9999 -9999
-9999 -9999 -9999 -9999 -9999 -9999 -9999 -9999 -9999 -9999 -9999 -9999 -9999 -9999 -9999 -9999 -9999 -9999 -9999 -9999 -9999 -9999 -77.3652211725712 -79.25940806146652 -81.02832655111948 -82.31182729303836 -83.8318633305472 -85.54999839113309 -84.86126382021526 -83.57597762831422 -80.06014992899081 -76.8144863438099 -73.65076326958987 -71.02786882102491 -69.62743891191249 -68.80956563754725 -68.60107489789907 -68.83068228197786 -70.08493457883597 -72.00445427412683 -73.53455298410522 -74.18754613631302 -73.98997541128294 -73.41646443687857 -72.85363696576381 -72.5173769079301 -72.3572137334517 -71.93499669578729 -72.15485812067986 -9999 -9999 -9999
-9999 -9999 -9999 -9999 -9999 -9999 -9999 -9999 -9999 -9999 -9999 -9999 -9999 -9999 -9999 -9999 -9999 -9999 -9999 -9999 -9999 -80.76177957370167 -81.96687507582091 -83.05438150238183 -83.51437376050845 -85.22732620579856 -85.80951945746645 -83.18376085162163 -78.2558211311698 -75.82166250884535 -76.53251315832136 -76.12854823996041 -75.49978716843405 -74.92568507876534 -74.0069366237865 -72.8966190895438 -71.14463270557863 -70.01302272870261 -69.87233593796982 -70.90804767760696 -71.92585288083299 -72.42508784855934 -73.7580801150338 -73.8398355798589 -73.98144509135322 -73.15861140825648 -72.80889301154079 -72.78472252469508 -72.3256690784668 -9999 -9999 -9999
-9999 -9999 -9999 -9999 -9999 -9999 -9999 -9999 -9999 -9999 -9999 -9999 -9999 -9999 -9999 -9999 -9999 -9999 -9999 -9999 -79.61216041351122 -82.52942690501611 -84.0939580599467 -84.8321627887587 -85.1086860582596 -87.05582393209141 -83.51188542562373 -77.73624606163074 -72.31631366843763 -71.01138813381499 -70.39016179859637 -71.4072043696046 -72.90219237173305 -74.45604506909848 -74.23043470263481 -72.91351377051704 -70.75843045204878 -69.23720446109772 -69.07262575626372 -70.40519435898119 -71.25561390719984 -71.81274724702041 -73.26948685666851 -74.0527289748885 -74.93829035577251 -74.87230767275013 -75.49308916145847 -75.41604766358691 -75.20276449620724 -74.27213338712849 -9999 -9999
-9999 -9999 -9999 -9999 -9999 -9999 -9999 -9999 -9999 -9999 -9999 -9999 -9999 -9999 -9999 -9999 -9999 -9999 -9999 -9999 -9999 -81.20788744456914 -83.20671113089817 -84.69398814780372 -84.99094245944706 -78.91528155248274 -77.71507493679117 -73.73875219083351 -71.56838812419902 -69.72989789533372 -68.95536759313272 -68.91274519781678 -70.22780960068411 -71.28684453081851 -72.04641239345074 -71.84688942968846 -71.53978784953027 -70.39720741788979 -70.54574191835192 -70.92871711911125 -71.40323598093765 -70.70988637728746 -71.44673231389464 -71.84409207214671 -71.41230648537963 -72.16618649736047 -72.51770203200078 -71.90999484409889 -69.8650763396706 -9999 -9999 -9999
-9999 -9999 -9999 -9999 -9999 -9999 -9999 -9999 -9999 -9999 -9999 -9999 -9999 -9999 -9999 -9999 -9999 -9999 -9999 -80.45830291459116 -81.94822786071084 -82.54150562185161 -82.17527453435792 -80.8294482236659 -78.70141562200942 -75.05300067000245 -71.08452588133514 -67.56560623086989 -65.68032678713399 -65.42232708892097 -65.85895120623437 -65.92699463767084 -66.4731337001378 -66.94589297991732 -68.04828363501778 -69.42668512798086 -70.80295605927097 -72.25194918844434 -72.81160705346008 -72.1193564880726 -71.05326503827128 -68.99152700840072 -68.73908394787993 -69.47161798775196 -67.10191072244197 -65.85953562394265 -65.3103909608908 -64.44700311124325 -65.62281231787698 -66.0846755137401 -67.63315325123924 -9999
-9999 -9999 -9999 -9999 -9999 -9999 -9999 -9999 -9999 -9999 -9999 -9999 -9999 -9999 -9999 -9999 -9999 -9999 -82.35830137081314 -81.91345699917187 -80.38992345013789 -79.1105430743524 -78.36335081551914 -76.72418285216445 -75.19736027259093 -73.15282782224509 -71.60894021795441 -69.9505198985959 -68.88886602750671 -68.6897902602087 -67.60499538837567 -67.40875725580587 -67.17112770610386 -66.99535804655817 -66.91456247154962 -67.89254853768009 -69.47972586716331 -71.04970433303092 -72.04819148051185 -69.75385595626301 -68.13964056088166 -66.75586798467806 -65.53175973624755 -62.73477281404264 -60.7110756454058 -60.28498046340481 -60.881415198091425 -61.312879628501825 -61.83422536199743 -62.134949526439115 -63.66396020766762 -9999
-9999 -9999 -9999 -9999 -9999 -9999 -9999 -9999 -9999 -9999 -9999 -9999 -9999 -9999 -9999 -9999 -9999 -85.37602860660387 -84.09378553980163 -80.57705146047685 -76.45989928155073 -72.5174366149463 -69.97461191963937 -68.37394290803759 -66.14030553254426 -64.92249270111323 -64.2280702338535 -65.11984107461241 -65.54125691723564 -66.28846121385045 -66.22469189633493 -65.83266364037989 -64.85998015205065 -63.570071038603785 -65.46322532253606 -63.62880812818185 -63.37198218296874 -62.981101708430224 -63.661040468726846 -64.11988585285451 -63.827299155868026 -63.313602064024 -61.10386278205797 -60.45941152188339 -59.632805943489075 -58.40506733699543 -57.99696010528576 -58.199081605257 -58.600940916348584 -58.6546859394597 -9999 -9999
-9999 -9999 -9999 -9999 -9999 -9999 -9999 -9999 -9999 -9999 -9999 -9999 -9999 -79.78934179679041 -80.3491966940703 -82.27537799169941 -84.44364853960569 -84.89880822085101 -82.28185709672314 -79.24413178033298 -74.66384302757002 -70.74750740853224 -67.56569370746611 -64.43760299154867 -62.30475080727289 -61.909895062763646 -62.207001468674704 -62.2427727756175 -62.99007089648928 -63.93514277259025 -64.31490100192471 -63.58909515636723 -62.56164457609779 -62.03642509060521 -62.43043315969408 -62.50154800833882 -61.95015424787997 -61.411866818995854 -60.98312963584536 -60.075079230885756 -59.716822330888945 -59.940469683744965 -59.979461281345436 -59.67783636160386 -59.247532906010754 -58.755902389927606 -58.90742579247893 -59.88108093204887 -59.65394124090672 -59.1612359314509 -59.46153898439977 -9999
-9999 -9999 -9999 -9999 -9999 -9999 -9999 -9999 -9999 -9999 -9999 -9999 -9999 -78.90008857325903 -78.85188586938949 -78.83226398859294 -79.33137425482273 -79.18160635555783 -76.44627619547802 -72.76808177307248 -69.04357432656819 -66.0186812737078 -63.75568158427875 -63.556976051758156 -64.09088770903293 -64.88803208103546 -65.57925042624656 -66.088914683139 -65.86049518758252 -66.98015826408353 -67.45302373170853 -65.9338163882494 -65.9117517992854 -65.34003544151783 -65.7083568896713 -66.11881192510619 -63.59632262732924 -63.295782338650454 -62.753054462728045 -62.20047818869352 -61.502839602711724 -61.80833615398123 -61.609592188422276 -61.843842606355494 -60.91614862665153 -60.55725306496024 -59.99597201553674 -59.082019912632745 -60.00026713468528 -61.17322003059089 -61.620332888287045 -62.792991694476875
-9999 -9999 -9999 -9999 -9999 -9999 -9999 -9999 -9999 -9999 -9999 -9999 -9999 -79.52742274757475 -77.34323255237072 -73.47373650391256 -70.81437188875479 -69.22051473433773 -67.65602970249572 -66.42828311053691 -64.72731977350571 -64.25092233683576 -63.25097081437707 -63.231716206297286 -63.71238585443872 -65.76267849497107 -68.185925404391 -9999 -69.56569552173217 -67.72961744281554 -67.06151518411934 -68.40357529168779 -68.61842860371777 -68.2226749304682 -68.26666303836939 -66.85499477605609 -66.85366460766112 -65.80608027262821 -65.646676539133 -66.5384396825518 -65.87076653425511 -58.102141856448725 -56.69986937152489 -55.27622620125904 -9999 -9999 -9999 -9999 -9999 -9999 -9999 -9999
-9999 -9999 -9999 -9999 -9999 -9999 -9999 -9999 -9999 -9999 -9999 -9999 -9999 -81.54866912613312 -78.56541607280572 -73.92134002962756 -69.22863500015657 -65.2521557849029 -63.70486605925994 -63.56451496989169 -63.29427247303864 -64.04755211660736 -63.9315914851096 -63.39102512135589 -63.60989072493145 -64.69004299419541 -66.33148963795975 -67.31828304287046 -66.9220342712872 -67.3306647866003 -68.14259833283722 -68.6018779228131 -68.72877560896534 -68.02989573445585 -67.46137699526217 -66.14988637907165 -65.03075501407896 -64.43795286160376 -65.67422727867961 -66.48439463227986 -65.85578822158277 -9999 -9999 -9999 -9999 -9999 -9999 -9999 -9999 -9999 -9999 -9999
-9999 -9999 -9999 -9999 -9999 -9999 -9999 -9999 -9999 -9999 -9999 -9999 -82.93744612277531 -81.83729655889131 -77.79944630497594 -72.96356884352231 -67.3862177391847 -64.05830641613717 -62.99304227083921 -63.776573893289225 -64.03284722490189 -64.89553823204417 -64.79476614497803 -65.02047449154288 -65.53455851461206 -66.12321888304808 -66.09625853640692 -65.93911870121956 -65.60460352111194 -64.84397483910575 -65.78189285704866 -66.37889393640529 -65.8202753724196 -66.53024753240439 -66.70737850624654 -66.30902721370971 -65.58020067300116 -65.46959365702965 -65.56074840756688 -65.90823288497171 -66.278433853235 -9999 -9999 -9999 -9999 -9999 -9999 -9999 -9999 -9999 -9999 -9999
-9999 -9999 -9999 -9999 -9999 -9999 -9999 -9999 -9999 -9999 -9999 -75.73999704464394 -74.38556638557245 -74.17613358073162 -71.30817564344034 -67.57966144787054 -64.22401785928952 -63.13577675762085 -63.288670209811094 -64.875243903324 -66.54641897701903 -67.00379280262702 -67.54014567190256 -66.9371319252711 -67.366420639249 -67.60989620118606 -67.66735277734696 -67.5594516992569 -66.53707829601056 -65.33878769063287 -64.85413182056264 -63.73793339347228 -63.61666107139526 -65.29186968867843 -66.61982522203641 -66.9568456048901 -66.55499658323825 -65.8490681875497 -64.32411139441089 -62.265280086014954 -9999 -9999 -9999 -9999 -9999 -9999 -9999 -9999 -9999 -9999 -9999 -9999
-9999 -9999 -9999 -9999 -9999 -9999 -9999 -9999 -9999 -9999 -72.31992404141288 -70.01509394934949 -68.15892292069854 -66.78954000132424 -64.13733965598168 -60.86679346407099 -59.98527861006406 -62.28983304073865 -65.48564030421086 -67.5626990703436 -68.45605209469795 -69.51741222655161 -69.71318096393033 -69.46482095710542 -69.30432993391665 -69.08620015515221 -69.00847064434214 -68.70590436489631 -69.05494225025177 -67.63859926085723 -67.03689880865186 -65.73157076723874 -65.2909619185405 -64.94785426598456 -65.01941437012441 -65.53428853616903 -65.4900354295969 -62.84771499730821 -61.19436453911993 -9999 -9999 -9999 -9999 -9999 -9999 -9999 -9999 -9999 -9999 -9999 -9999 -9999
-9999 -9999 -9999 -9999 -9999 -9999 -9999 -9999 -9999 -9999 -9999 -9999 -66.32817703072841 -64.78692329914894 -62.39194537269382 -62.51533359035533 -62.2691074524607 -63.48616902912274 -65.4585085362196 -67.58410292903059 -68.88234991697888 -69.88412514530323 -70.34900197676487 -69.67440523650195 -68.89271766810039 -68.843898969392 -68.67152421014464 -68.36204660770505 -67.5420132447844 -67.42303654280576 -67.29940696199273 -66.52276773646821 -63.210823360298356 -62.27887023569539 -61.58391129624012 -63.018920410010544 -62.45521455393596 -63.089260608239 -60.391155921329144 -57.55767691270872 -9999 -9999 -9999 -9999 -9999 -9999 -9999 -9999 -9999 -9999 -9999 -9999
-9999 -9999 -9999 -9999 -9999 -9999 -9999 -9999 -9999 -9999 -9999 -68.63525797243705 -66.29002333680789 -63.83310027391303 -61.291853634070385 -62.601330670853 -63.77424112417632 -65.5081290230155 -66.0836492801706 -66.12012677683549 -67.9947830343412 -67.75412369146943 -68.37193211466074 -68.32557970667497 -66.54978918956547 -66.97431805126722 -67.45041540903705 -67.3119786565387 -67.48325290734118 -67.48447014962105 -66.31767058911475 -65.19652525562307 -64.75058956972013 -63.51838546156883 -63.281156205624896 -64.23985846154392 -64.34183952425208 -64.42478213593608 -60.477225946055526 -9999 -9999 -9999 -9999 -9999 -9999 -9999 -9999 -9999 -9999 -9999 -9999 -9999
-9999 -9999 -9999 -9999 -9999 -79.60779799479576 -78.63527580930128 -76.93952318600246 -75.20869078476036 -72.50848622549148 -68.38618741577322 -65.17280403904769 -62.941111362360886 -62.249329546974465 -62.841532833129165 -63.18943629041314 -64.48774113780574 -66.26435561634993 -67.04290070894517 -66.84586608103093 -67.04044691473246 -66.71983996714864 -67.07924865399089 -67.34331938955519 -66.6768266401994 -66.55234544887776 -66.7631146057763 -67.19438590143214 -67.49992958618247 -67.51762595555435 -66.59449018981863 -66.04379357894261 -65.46931101844228 -64.54178011832667 -63.81967395218089 -63.96288563265946 -63.354619781558334 -62.015013419769026 -9999 -9999 -9999 -9999 -9999 -9999 -9999 -9999 -9999 -9999 -9999 -9999 -9999 -9999
-9999 -9999 -9999 -9999 -76.55688664938012 -75.13940415218256 -72.37819386296202 -70.74234482832253 -68.57354284366292 -68.09342075783317 -65.4914932140708 -64.99002313365538 -64.1732251909764 -64.53439436125201 -65.44138432613441 -66.60288327697076 -67.59371712803839 -68.12100581432644 -68.24446621850917 -68.56104636623671 -68.64194025177704 -67.22724318951369 -66.8234414305538 -67.50038997605444 -66.70731583982706 -66.12550124526024 -66.40976825853188 -66.70891268054646 -66.1981934992706 -66.07476672401717 -66.18405929322428 -64.1578597776366 -62.99968522787094 -61.50268665763239 -60.498729161918156 -9999 -9999 -9999 -9999 -9999 -9999 -9999 -9999 -9999 -9999 -9999 -9999 -9999 -9999 -9999 -9999 -9999
-9999 -9999 -9999 -75.0183881202789 -72.78879375939499 -70.84293020283108 -68.84982509414354 -68.13546129961809 -66.69624728599533 -66.64107665916282 -66.07222241163254 -66.65539616677496 -67.18447631686928 -67.97481942081706 -69.67530756634335 -69.87048354638475 -69.56916903265012 -69.83112752590425 -70.02726403663033 -70.33588437698782 -69.94737775769174 -69.12373791847911 -68.2526833196712 -67.84873189878735 -67.22286730309328 -66.0384823527601 -65.24130741298198 -64.28532747798047 -63.247989681031974 -62.37580683684512 -61.10991917292277 -9999 -9999 -9999 -9999 -9999 -9999 -9999 -9999 -9999 -9999 -9999 -9999 -9999 -9999 -9999 -9999 -9999 -9999 -9999 -9999 -9999
-9999 -9999 -9999 -77.10372715031923 -75.14899429111253 -71.72669857243697 -68.50671916998039 -67.28037797971207 -66.1621784196611 -66.15995698688286 -65.4343072497531 -66.25133322043853 -67.27614411494949 -68.4572586015148 -69.13252802923017 -70.92688770592213 -70.93809659161221 -70.61446085790308 -70.96789539676337 -70.85332163931294 -69.94549116816209 -68.93494806620811 -68.55810963200486 -67.43285100969176 -66.63636841427306 -65.6048176279664 -63.79899055750693 -62.49566601370187 -54.47994039062111 -9999 -9999 -9999 -9999 -9999 -9999 -9999 -9999 -9999 -9999 -9999 -9999 -9999 -9999 -9999 -9999 -9999 -9999 -9999 -9999 -9999 -9999 -9999
-9999 -9999 -9999 -79.33641775846482 -78.55473690728347 -74.96409287303686 -70.58863873178498 -68.34773777994242 -68.48758934012481 -69.56025698142392 -70.64754285032933 -70.11195975513411 -69.04984091994939 -68.84626919323323 -69.53031717147678 -70.69068940892453 -70.99035714247397 -70.78648688349612 -70.75865335277345 -70.73851963877678 -70.14675640551881 -69.52834398084217 -68.79835149582397 -67.76314643511968 -65.89714696109294 -63.62152366505729 -9999 -59.163765605539076 -9999 -9999 -9999 -9999 -9999 -9999 -9999 -9999 -9999 -9999 -9999 -9999 -9999 -9999 -9999 -9999 -9999 -9999 -9999 -9999 -9999 -9999 -9999 -9999
-9999 -9999 -9999 -73.6568434844757 -73.12452209581221 -70.4240264757113 -68.6353163079782 -68.62983212958683 -70.03618342945211 -71.07538801614119 -71.3530527278781 -70.81985834078944 -69.8871876064274 -70.45568113029003 -71.57183546945453 -72.81754752344045 -71.92690977491438 -71.84985957084558 -70.17333259185155 -69.39424694905227 -67.79874052202447 -66.96235232116008 -64.79570054022535 -58.826770691743384 -55.781253546844304 -53.53289717981003 -51.91372272681171 -9999 -9999 -9999 -9999 -9999 -9999 -9999 -9999 -9999 -9999 -9999 -9999 -9999 -9999 -9999 -9999 -9999 -9999 -9999 -9999 -9999 -9999 -9999 -9999 -9999
-9999 -9999 -9999 -9999 -70.45589020905587 -69.6205961943235 -68.92102689982629 -69.4859445114085 -68.99563224994121 -69.84737242487344 -69.56772605837746 -69.64408855140209 -69.21092134622893 -69.61905187368393 -70.64092867138486 -71.07851093813129 -70.99686797621638 -70.15604540829857 -69.8880227336453 -67.61513933004477 -66.3467474139255 -64.83782310988389 -62.864329979076224 -53.17300907056779 -9999 -9999 -9999 -9999 -9999 -9999 -9999 -9999 -9999 -9999 -9999 -9999 -9999 -9999 -9999 -9999 -9999 -9999 -9999 -9999 -9999 -9999 -9999 -9999 -9999 -9999 -9999 -9999
-9999 -9999 -9999 -9999 -69.08133432377468 -71.13051614441255 -71.51263937032691 -70.40332339793444 -69.90020209614265 -69.3867501616478 -69.67169080008851 -70.68059265762568 -70.70989496260881 -70.15171942202484 -70.2547898364067 -70.87562986333732 -70.823334418592 -71.16441809535027 -70.93348390740506 -69.5288177808126 -68.04719675922145 -64.95009654169937 -61.989657681435354 -58.8312312496766 -47.459951440627506 -9999 -9999 -9999 -9999 -9999 -9999 -9999 -9999 -9999 -9999 -9999 -9999 -9999 -9999 -9999 -9999 -9999 -9999 -9999 -9999 -9999 -9999 -9999 -9999 -9999 -9999 -9999
-9999 -9999 -9999 -9999 -73.20919503675152 -74.27736915712771 -75.02496747429981 -75.72222340724818 -76.20373947421709 -74.20288735410062 -72.37080407853831 -72.31154850059086 -72.31024618169596 -71.7465308027905 -71.85087522171264 -71.8834040506997 -72.1524605364962 -71.38905990189977 -70.4798518270254 -68.66185029440871 -67.38502330239861 -64.68239876131217 -63.67454734824452 -57.73385250171025 -9999 -9999 -9999 -9999 -9999 -9999 -9999 -9999 -9999 -9999 -9999 -9999 -9999 -9999 -9999 -9999 -9999 -9999 -9999 -9999 -9999 -9999 -9999 -9999 -9999 -9999 -9999 -9999
-9999 -9999 -9999 -9999 -71.75746518310079 -72.89319493384524 -73.64334183134312 -76.07786255081493 -76.9580704809689 -76.54099368590575 -74.98570888144214 -74.9261671853693 -74.20905142948031 -74.67332395261678 -74.0187123846717 -74.01306363177855 -72.46879155219844 -71.26771447628738 -69.02720671554782 -68.05421276840399 -66.67736980806697 -64.5627828070469 -62.56341485838804 -9999 -9999 -9999 -9999 -9999 -9999 -9999 -9999 -9999 -9999 -9999 -9999 -9999 -9999 -9999 -9999 -9999 -9999 -9999 -9999 -9999 -9999 -9999 -9999 -9999 -9999 -9999 -9999 -9999
