metrics/grid_rasters/CCI Active/grideval_CCI Active_X_fall_2015_absolute_ubrmsd.asc
ncols 52
nrows 55
xllcorner     11.25
yllcorner     55.25
cellsize      0.25
NODATA_value  -9999
[rows 0 to 29 of 55, columns 0 to 51 of 52]
-9999 -9999 -9999 -9999 -9999 -9999 -9999 -9999 -9999 -9999 -9999 -9999 -9999 -9999 -9999 -9999 -9999 -9999 -9999 -9999 -9999 -9999 -9999 -9999 -9999 -9999 -9999 -9999 -9999 -9999 -9999 -9999 -9999 -9999 -9999 -9999 7.197418942013898 6.8523386064723075 6.943328207696532 -9999 -9999 -9999 -9999 -9999 -9999 -9999 -9999 -9999 -9999 -9999 -9999 -9999
-9999 -9999 -9999 -9999 -9999 -9999 -9999 -9999 -9999 -9999 -9999 -9999 -9999 -9999 -9999 -9999 -9999 -9999 -9999 -9999 -9999 -9999 -9999 -9999 -9999 -9999 -9999 -9999 -9999 -9999 -9999 -9999 -9999 -9999 -9999 -9999 7.736724279558613 7.089624777552133 7.311558334244214 7.526493746917405 8.002933310712155 8.290475899757812 -9999 -9999 -9999 -9999 -9999 -9999 -9999 -9999 -9999 -9999
-9999 -9999 -9999 -9999 -9999 -9999 -9999 -9999 -9999 -9999 -9999 -9999 -9999 -9999 -9999 -9999 -9999 -9999 -9999 -9999 -9999 -9999 -9999 -9999 -9999 -9999 -9999 13.082122415587904 11.982491071025812 10.365379620637519 10.206250854023931 10.068220974970027 11.268376281424885 12.167333647185956 -9999 11.579743513047486 10.30559375978018 9.231721078709525 8.835735045307631 8.391844731480758 8.390908576263461 8.705035513827697 9.052733574632578 9.210217286650467 9.189420392373373 9.137742494690695 -9999 -9999 -9999 -9999 -9999 -9999
-9999 -9999 -9999 -9999 -9999 -9999 -9999 -9999 -9999 -9999 -9999 -9999 -9999 -9999 -9999 -9999 -9999 -9999 -9999 -9999 -9999 -9999 -9999 -9999 -9999 -9999 -9999 13.014551171022472 12.462963052079868 10.61301357753449 11.216960276390223 12.193196028865609 12.966085046806645 13.663841497503187 13.674997010815225 13.327924876278384 13.0068976403755 12.73595938929146 11.676720343023474 10.540468788999302 10.311370102602377 10.14105561323599 10.174349114704091 10.324621037333868 10.56102610922424 10.56652845457108 10.71619054494976 10.968010179638949 -9999 -9999 -9999 -9999
-9999 -9999 -9999 -9999 -9999 -9999 -9999 -9999 -9999 -9999 -9999 -9999 -9999 -9999 -9999 -9999 -9999 -9999 -9999 -9999 -9999 -9999 10.482461674754578 9.286846377752768 8.47134069012883 8.574007042140245 9.111609229436619 9.262656476874502 9.885952329781507 9.024238674997985 9.416099206744171 10.000466984770867 10.742772031270126 11.88865133649634 12.694042602784819 13.652809102475269 14.054239988661775 14.25318312684109 14.394529231594095 13.588379061694619 13.010743669285755 12.010477713424072 11.565116256649432 11.298975622162681 11.384801535581193 11.515857006301385 11.639281056465018 11.461331186177409 11.149308870047278 -9999 -9999 -9999
-9999 -9999 -9999 -9999 -9999 -9999 -9999 -9999 -9999 -9999 -9999 -9999 -9999 -9999 -9999 -9999 -9999 -9999 -9999 -9999 -9999 9.469976472822877 9.119578076363174 7.5030331960881025 7.882779312734174 7.031887039680849 7.801206030979149 9.448820776711974 11.213879321847527 11.544363730786305 10.503060171441556 10.161437801873962 10.303099238934742 10.495129645046154 10.987742694800648 11.765130098550197 12.731781965676975 13.489147381041846 14.028810791881545 13.70826730195166 13.188549020196874 12.478345448813396 11.89638497114898 11.606348004146314 11.180650861309863 10.705959483245834 10.614170836531908 10.665676309917185 10.69983214168942 -9999 -9999 -9999
-9999 -9999 -9999 -9999 -9999 -9999 -9999 -9999 -9999 -9999 -9999 -9999 -9999 -9999 -9999 -9999 -9999 -9999 -9999 -9999 9.890865686496245 9.155643792831548 8.773802947574309 8.536175075888979 9.284728371784396 7.776680651818276 9.565832911045977 11.325609086830369 12.346918110886845 12.226363340124367 12.166809728633215 11.532755897253221 11.107836414710324 10.58967207016105 10.88062251027149 11.718623143774161 12.617287805699196 13.311234371852105 13.931263883622234 13.824925746844654 13.616108757099486 13.018096273421975 12.514891475835205 12.026660856922565 11.418173944018301 10.79731956665235 10.397580889917423 10.451284368951956 12.152333298915865 12.008399147584115 -9999 -9999
-9999 -9999 -9999 -9999 -9999 -9999 -9999 -9999 -9999 -9999 -9999 -9999 -9999 -9999 -9999 -9999 -9999 -9999 -9999 -9999 -9999 9.328487491967351 9.440487429715514 9.69883978842207 8.527752410434022 10.300550895038445 10.193793478868264 11.163463165183401 11.843934695564533 12.191506549486231 12.456262563267028 12.214314765343028 11.864299554117766 11.552764860287464 11.335914393943222 11.484439293963135 11.717489591813633 12.428231328500305 13.093871967112724 13.262282220464046 13.232118117415155 14.229282238562918 14.124159058631795 13.743595332999446 13.64265283123666 12.802234919430553 13.176291180162456 13.567645020314266 12.745278790379329 -9999 -9999 -9999
-9999 -9999 -9999 -9999 -9999 -9999 -9999 -9999 -9999 -9999 -9999 -9999 -9999 -9999 -9999 -9999 -9999 -9999 -9999 8.166997178550204 7.6605122314284575 7.670542380682162 7.7237455642345045 7.706666867652824 8.261390452553334 9.542955365100967 10.759916387848065 11.825947753295619 12.617745628824752 13.117827690430081 12.909357601906507 12.500083615636914 12.217066070201593 11.811735247073727 11.22771197320662 10.963019964072128 11.015635702386644 11.098820742568577 11.594480755853462 12.110654590282055 12.241494513758974 13.434809083894505 13.504014899746142 14.719247230848826 16.47434640633624 17.490237171353062 16.908502581216027 16.831942961271462 14.536731935152774 15.623369222157052 15.502163518611699 -9999
-9999 -9999 -9999 -9999 -9999 -9999 -9999 -9999 -9999 -9999 -9999 -9999 -9999 -9999 -9999 -9999 -9999 -9999 7.6233020710082675 7.249367410601357 7.434106519534553 7.537995865788821 7.882938940161803 8.291177277336473 8.960603228972587 9.698584652891194 10.76519062610032 11.670903540662453 12.455070026943314 12.714304801637685 12.785758991247034 12.319347660839064 11.740003660679411 11.274925529930627 11.212851205734818 10.929742080903488 10.585159124456082 11.31250280119488 11.55237684919827 14.842677526610286 15.253939927761428 15.429650968139775 16.15069104441688 18.281122826908646 17.527307538965367 18.126873065327498 18.234196968713114 19.196776194878773 19.225334747154022 17.86353024630011 15.359143806027156 -9999
-9999 -9999 -9999 -9999 -9999 -9999 -9999 -9999 -9999 -9999 -9999 -9999 -9999 -9999 -9999 -9999 -9999 5.932004239884938 6.305685478023588 7.642956539190361 8.707450450746673 9.102480556399492 9.653042316905971 9.92484807174842 10.482710005189308 10.949203485946416 11.531260323230828 11.939156823424025 12.01963016915786 12.2155599812255 12.616379669049676 12.712574630723307 12.516237826054635 12.822829047832444 11.725206385497508 14.470094392240949 14.549325357762307 15.254328546971527 15.788257942502195 16.224406719265446 16.487290843536815 18.205098625429773 17.717290142972047 17.508528964666272 17.365092735710355 16.925444989135382 17.06381038522782 17.338509482640706 17.762697940529264 18.045037319912392 -9999 -9999
-9999 -9999 -9999 -9999 -9999 -9999 -9999 -9999 -9999 -9999 -9999 -9999 -9999 9.772835251654316 8.8505743763349 8.189382092182019 7.317141376363107 7.064790607058692 7.858395177058298 8.03405577260887 9.097936474269261 9.783332462016196 10.384938888922683 10.62198472616284 10.235314936745887 10.375659727159084 10.811802214700553 11.004374068736713 11.424811023844088 11.459829236677797 11.584545095954859 13.689103869082091 14.049102195224586 16.223759246485994 15.877841282203116 15.067418585327024 15.155546915710636 15.686081386450008 15.993729564209865 16.134934195519797 16.23690454414697 16.259749880805902 16.145477139835087 16.616749528624887 16.68791685226943 17.01232928540735 17.450181234299915 18.044182563829093 18.33561162728004 19.05912917828505 19.804490975171266 -9999
-9999 -9999 -9999 -9999 -9999 -9999 -9999 -9999 -9999 -9999 -9999 -9999 -9999 8.871998437867427 8.644638303215473 8.543126767294433 8.528457342559806 8.881845541626628 9.404535865271376 9.450748686239546 10.013217208887905 10.353474710178805 10.664813575896103 10.760090694851813 10.86166307181808 10.562962675724435 10.663048988122608 11.195390109251173 12.545112124093144 13.042739833970494 13.418255119530091 15.269723138033893 16.71000690999318 17.000679860892273 17.515181429568607 16.819679451395796 16.10138136177907 16.150909093343305 16.050212556400904 16.104607423018276 15.98790839254799 15.727923917868544 15.902535158368563 16.768540054204756 17.17498354614843 17.72590854988263 18.846127931599774 20.235502068492664 20.571029607037453 20.68386595119129 20.41046457349361 20.82795784007719
-9999 -9999 -9999 -9999 -9999 -9999 -9999 -9999 -9999 -9999 -9999 -9999 -9999 8.983247282557377 8.90994217122175 9.734207831281273 10.530731168928831 10.943923675249504 10.302417612265943 10.54719926280919 10.688566339143485 10.939777589812383 11.218008448920498 11.69956886633322 11.32030776524408 11.066261094882373 11.824185454114053 -9999 12.492896191450374 14.36144783798066 14.31532709881784 14.803047036919654 15.390911795377756 15.78276855273599 16.032810351187376 16.517637159818488 16.68788454784131 16.87033449532432 16.943111567732018 16.898595598668525 16.765910651043722 19.647330625582477 19.14853847612164 18.88602333144061 -9999 -9999 -9999 -9999 -9999 -9999 -9999 -9999
-9999 -9999 -9999 -9999 -9999 -9999 -9999 -9999 -9999 -9999 -9999 -9999 -9999 8.857200126174803 9.293342694614962 10.048271220397147 10.757290081616537 10.706162363579661 10.914115127747172 11.375552409891824 11.383388324821926 12.208019496272007 12.338333600340473 13.63054039646086 13.0162622356838 13.174081714722226 12.565804596253207 12.413730826079586 12.544274004790152 12.952521721609244 13.387385832473063 13.946434758046939 14.192929765039684 15.352725490911846 15.934053420456536 16.322816840772198 16.22904066365235 16.27335920265683 16.194386871663866 16.955030078076124 17.73819037429588 -9999 -9999 -9999 -9999 -9999 -9999 -9999 -9999 -9999 -9999 -9999
-9999 -9999 -9999 -9999 -9999 -9999 -9999 -9999 -9999 -9999 -9999 -9999 7.980069849972978 8.350812795351096 9.680631589653958 10.688318272107212 11.372171270964985 11.605790342092453 11.812185664059909 11.883790895234414 12.033116976826653 12.680100751143252 12.760030827440175 12.719056432019892 13.14963248685097 12.771840500004863 12.101016556851516 12.129902630256414 12.212930847748284 12.50420125704813 12.737453593164485 13.537997756481301 14.516504867122645 15.393253253361113 15.94352926535352 16.124141909597974 16.08136813129293 15.923167099777956 16.731527994508884 18.072391219648818 19.107730440931512 -9999 -9999 -9999 -9999 -9999 -9999 -9999 -9999 -9999 -9999 -9999
-9999 -9999 -9999 -9999 -9999 -9999 -9999 -9999 -9999 -9999 -9999 9.766492237457257 9.447336171877126 9.749810180994118 10.288657749550243 11.199154499419585 11.796287357375512 12.111332008063554 12.415677044434775 12.764810540105355 12.648626006909726 12.972302057125807 12.67048982858464 12.56967078193516 12.957089392124006 12.636546256375333 12.580537386198996 12.519968992188327 13.017485516936723 12.642655267538755 12.965129001623286 14.229388509615411 15.050941366792138 15.862172959868298 16.118565853812644 15.976881782891965 15.29958831136065 16.044672765051835 17.508341017753402 18.82089087060599 -9999 -9999 -9999 -9999 -9999 -9999 -9999 -9999 -9999 -9999 -9999 -9999
-9999 -9999 -9999 -9999 -9999 -9999 -9999 -9999 -9999 -9999 12.330441163186213 12.519668256463266 12.005555291982114 11.659028340813155 12.010657063027725 12.66832120421484 12.563022258907552 12.490349209662064 12.650260260027077 12.341736795367375 11.947260478215835 11.802849048430149 12.328879929897498 12.53907849273908 13.403370523204039 12.92216219870364 12.622619619165823 12.464869326485916 12.78608073726988 12.991271935987825 13.18226672412241 14.103108824643733 15.022614206690044 15.916133948119919 15.904868471976672 15.441864959230273 15.604532759361517 15.79318237137492 17.518628888272342 -9999 -9999 -9999 -9999 -9999 -9999 -9999 -9999 -9999 -9999 -9999 -9999 -9999
-9999 -9999 -9999 -9999 -9999 -9999 -9999 -9999 -9999 -9999 -9999 -9999 13.093835311781016 12.190026080327645 12.855106319765211 12.722226181082847 12.553798369756544 12.47726671453022 11.999288391886616 12.111300748567135 12.250766866351766 12.306307775354387 12.357167559217947 13.54484754398581 13.741173025495419 13.821980241560846 13.45803618387767 13.80345004254512 14.151808142203649 14.149007977048097 14.738494722309255 14.777122931958926 14.526938985677663 14.76429736199368 14.752064343653311 14.87021556974826 15.120058889483854 15.794148260451887 17.404757383374715 18.829418003848936 -9999 -9999 -9999 -9999 -9999 -9999 -9999 -9999 -9999 -9999 -9999 -9999
-9999 -9999 -9999 -9999 -9999 -9999 -9999 -9999 -9999 -9999 -9999 12.910267750218715 12.936234937630196 12.570027922388402 12.763740141246517 11.819134335294885 12.197373094380458 11.689279621165554 11.663669240011975 11.962764236994227 12.391795255378675 12.423876060498918 12.762131899891234 13.777625448661947 14.774703719956296 14.981953968255606 15.29964644831017 15.227613414143136 14.931891524218814 14.623461514951627 14.1931681955481 13.72347304848945 14.043433200503006 14.272524835776784 13.627400642380831 14.932582359908626 15.818374927594487 17.729784522859372 19.639369150690296 -9999 -9999 -9999 -9999 -9999 -9999 -9999 -9999 -9999 -9999 -9999 -9999 -9999
-9999 -9999 -9999 -9999 -9999 11.220609988145199 11.071033636437702 11.149418424189179 10.807793632043776 11.077448395122184 12.354665008525254 12.812068417397688 12.036592667738814 12.772542414148624 10.763921243260945 10.65460539659416 10.96255787374065 10.875557886064644 10.997434183383424 11.776610496359597 12.61836998858537 13.13411002095465 13.408343374519445 13.770726864737986 14.812182546710734 14.462715166119144 14.108236205266476 14.375359918817407 14.117261391915056 13.950254449034595 13.824816584451632 13.661593207216267 13.049321172209337 13.819940994992127 14.202482233922092 15.36159125738501 16.81888367783596 17.932465981771898 -9999 -9999 -9999 -9999 -9999 -9999 -9999 -9999 -9999 -9999 -9999 -9999 -9999 -9999
-9999 -9999 -9999 -9999 11.607928666200529 11.187736841399088 12.31181419005864 12.458087307768086 12.680887017552124 12.40606072942384 11.998028814698669 11.787751470245821 11.298597121168456 11.216978183585871 9.926514442306717 10.585951916561848 10.838986612948872 10.902443256981199 11.108151422576102 11.326180599772478 11.867228847916186 12.509460949127927 12.702500687838189 12.661843473446822 13.983744846183535 13.877642763484928 13.725320447900012 13.87123798709571 13.712812281660586 13.512362870792725 13.260828400008064 14.846936488856564 15.509065489307913 15.450425238366432 16.828882351139445 -9999 -9999 -9999 -9999 -9999 -9999 -9999 -9999 -9999 -9999 -9999 -9999 -9999 -9999 -9999 -9999 -9999
-9999 -9999 -9999 11.27398177671304 11.325809471643355 11.060587871884437 11.184678059739586 11.463828321297502 11.413715710782723 11.347715436083904 11.015663680876358 10.662047010919943 10.412535016186512 10.192420041749457 10.815317824862692 11.291087412305082 11.926087662296045 12.275095955326467 12.425389494351867 12.47440702597719 12.784795951608196 12.554942962558705 12.265382634741266 12.194741934886506 12.860349623179774 13.149314791282865 12.930002656055189 12.68199531423 12.709557726378765 13.624492357815475 15.209468760028352 -9999 -9999 -9999 -9999 -9999 -9999 -9999 -9999 -9999 -9999 -9999 -9999 -9999 -9999 -9999 -9999 -9999 -9999 -9999 -9999 -9999
-9999 -9999 -9999 10.342340374267296 11.174135288483848 11.947162395414937 12.097412898881474 11.620354084563512 11.650883158977056 11.378927241803202 11.284854839738989 10.777247636679316 10.44112962140773 10.380018678610783 10.659534514680328 10.85522815575778 11.14426848195849 11.245924940029841 12.33450572671154 12.322696034547427 12.382771243413169 12.133801810146167 12.23162165065706 12.60876541236852 12.479501287207446 12.774760455720672 12.515224169006732 12.601690772200467 16.533580262436562 -9999 -9999 -9999 -9999 -9999 -9999 -9999 -9999 -9999 -9999 -9999 -9999 -9999 -9999 -9999 -9999 -9999 -9999 -9999 -9999 -9999 -9999 -9999
-9999 -9999 -9999 8.727347251759227 9.293544483849477 11.259642974134685 11.82595661330812 12.270374356893726 11.971951452120335 11.536973754591427 11.12778648817602 11.121362242227537 11.31045614821022 11.169319371732424 11.639172895488406 11.751346781610506 11.562957551452769 11.710837737554455 12.055431187027645 12.162008596953848 11.802682879810536 12.335675006415578 12.591383680374136 12.654666867978131 13.614069874840679 13.13968322023868 -9999 15.446260476649664 -9999 -9999 -9999 -9999 -9999 -9999 -9999 -9999 -9999 -9999 -9999 -9999 -9999 -9999 -9999 -9999 -9999 -9999 -9999 -9999 -9999 -9999 -9999 -9999
-9999 -9999 -9999 9.124167053452405 9.767922350173343 10.546626007507037 10.609781866167603 10.504320204446252 10.480151399671003 10.744937329232085 10.663511605542338 11.04955408843102 11.883083141281778 12.293911519335424 12.087970548224876 12.575799642734056 12.464440986261131 12.011254398231511 11.806324052056846 11.520615445261994 11.771682137208032 12.063125336447433 12.517315598763625 15.770030320663931 18.147698567566213 18.04736605434653 18.590531715708767 -9999 -9999 -9999 -9999 -9999 -9999 -9999 -9999 -9999 -9999 -9999 -9999 -9999 -9999 -9999 -9999 -9999 -9999 -9999 -9999 -9999 -9999 -9999 -9999 -9999
-9999 -9999 -9999 -9999 10.846702779301653 10.604277908164947 10.70761448522568 10.491122843215322 10.554632620108343 10.576865180599787 11.254272922211976 11.354340391517065 11.514148910009832 12.154673365289414 12.003069585738475 12.05903784287682 12.019123518773887 11.254709065240615 11.1736113368717 11.510463524070824 12.37982609166514 13.19204386481214 13.503187080533282 17.379078870675087 -9999 -9999 -9999 -9999 -9999 -9999 -9999 -9999 -9999 -9999 -9999 -9999 -9999 -9999 -9999 -9999 -9999 -9999 -9999 -9999 -9999 -9999 -9999 -9999 -9999 -9999 -9999 -9999
-9999 -9999 -9999 -9999 12.105574005107837 11.775083396210713 11.725605989276191 11.343974944762996 10.611925865883443 10.604001238309847 10.896638279227917 11.12860243181517 11.042605216862912 11.066864131813944 11.614828623819056 11.778988809696365 11.676373150341568 12.183709370224848 12.116696521796376 12.673732690432384 12.73965492438351 13.258898164514743 14.098481280678067 15.503945161293528 19.401215129357034 -9999 -9999 -9999 -9999 -9999 -9999 -9999 -9999 -9999 -9999 -9999 -9999 -9999 -9999 -9999 -9999 -9999 -9999 -9999 -9999 -9999 -9999 -9999 -9999 -9999 -9999 -9999
-9999 -9999 -9999 -9999 11.562791051494687 11.158729877022266 10.8593846922484 10.36670320225395 9.670245890131616 10.185886431735492 11.16580291693826 11.039130903067354 10.972302956037115 11.104604133022146 11.617636808184841 11.610730624411303 11.338033924076631 11.570174331815767 12.061175137951706 12.393378754709447 12.546230670581071 12.805348774018762 13.428317531498742 15.751821589687307 -9999 -9999 -9999 -9999 -9999 -9999 -9999 -9999 -9999 -9999 -9999 -9999 -9999 -9999 -9999 -9999 -9999 -9999 -9999 -9999 -9999 -9999 -9999 -9999 -9999 -9999 -9999 -9999
-9999 -9999 -9999 -9999 11.987410308333486 11.70074184815478 11.253491607507856 10.15384009026667 9.861311204002833 10.020104033657836 10.302787555878735 11.093581707598931 10.865675203599302 11.43566706919357 11.471625225855444 11.86203494135542 11.892883952762366 11.757944200082132 12.082313318155796 12.126087268078905 11.96563801460309 12.907027364936773 13.432257743857596 -9999 -9999 -9999 -9999 -9999 -9999 -9999 -9999 -9999 -9999 -9999 -9999 -9999 -9999 -9999 -9999 -9999 -9999 -9999 -9999 -9999 -9999 -9999 -9999 -9999 -9999 -9999 -9999 -9999
