metrics/grid_rasters/CCI Active/grideval_CCI Active_X_summer_2015_absolute_ubrmsd.asc
ncols 52
nrows 55
xllcorner     11.25
yllcorner     55.25
cellsize      0.25
NODATA_value  -9999
[rows 0 to 29 of 55, columns 0 to 51 of 52]
-9999 -9999 -9999 -9999 -9999 -9999 -9999 -9999 -9999 -9999 -9999 -9999 -9999 -9999 -9999 -9999 -9999 -9999 -9999 -9999 -9999 -9999 -9999 -9999 -9999 -9999 -9999 -9999 -9999 -9999 -9999 -9999 -9999 -9999 -9999 -9999 10.870766913865637 9.925876007563174 9.11555734621537 -9999 -9999 -9999 -9999 -9999 -9999 -9999 -9999 -9999 -9999 -9999 -9999 -9999
-9999 -9999 -9999 -9999 -9999 -9999 -9999 -9999 -9999 -9999 -9999 -9999 -9999 -9999 -9999 -9999 -9999 -9999 -9999 -9999 -9999 -9999 -9999 -9999 -9999 -9999 -9999 -9999 -9999 -9999 -9999 -9999 -9999 -9999 -9999 -9999 8.70267134237864 7.262057293555309 6.621822512670809 6.372028129955982 6.260511609392139 6.15519171262618 -9999 -9999 -9999 -9999 -9999 -9999 -9999 -9999 -9999 -9999
-9999 -9999 -9999 -9999 -9999 -9999 -9999 -9999 -9999 -9999 -9999 -9999 -9999 -9999 -9999 -9999 -9999 -9999 -9999 -9999 -9999 -9999 -9999 -9999 -9999 -9999 -9999 16.458714814970858 13.79757972105348 13.192760006825752 13.520909625891955 18.55279185851885 15.665346989782426 13.39428306877642 -9999 8.95136274874639 7.313329266809335 6.3091895496182655 5.510326723292754 5.548208647568879 5.749012242893863 6.007863136771689 6.080410728868268 6.0828547270783755 6.044529850607784 5.927485687282712 -9999 -9999 -9999 -9999 -9999 -9999
-9999 -9999 -9999 -9999 -9999 -9999 -9999 -9999 -9999 -9999 -9999 -9999 -9999 -9999 -9999 -9999 -9999 -9999 -9999 -9999 -9999 -9999 -9999 -9999 -9999 -9999 -9999 22.105666490538482 16.607060115918664 15.963920416138992 13.901131167028026 15.433482843353625 13.863637709134732 11.870906205217324 10.283167197022856 9.08449094339238 8.419617701370933 7.8168886348284765 7.101140253929693 6.823356746457077 6.655317554547818 6.5747518051319735 6.514775995058044 6.645895542569711 6.565883051077795 6.500324776758928 6.494821650638371 6.451072899173385 -9999 -9999 -9999 -9999
-9999 -9999 -9999 -9999 -9999 -9999 -9999 -9999 -9999 -9999 -9999 -9999 -9999 -9999 -9999 -9999 -9999 -9999 -9999 -9999 -9999 -9999 17.11051070230803 15.511723960956186 15.465654306924462 15.514005369032882 13.662600435154186 13.924358087081172 13.513834122981956 12.114058775888902 12.466743037959919 11.194385929468737 10.051433065132334 9.497577597322953 8.588302790451994 8.322869433810295 8.36147461926293 8.37662818202353 8.005724105290442 7.73322992596621 7.327188209912203 6.921561297086908 6.687917662807446 6.654417382620248 6.729127371029894 6.72540515570451 6.7801124622632365 6.780323821025175 6.5997213983988114 -9999 -9999 -9999
-9999 -9999 -9999 -9999 -9999 -9999 -9999 -9999 -9999 -9999 -9999 -9999 -9999 -9999 -9999 -9999 -9999 -9999 -9999 -9999 -9999 15.00764804018103 16.567087211272884 14.71557683968578 14.855213967731762 10.245462044119519 10.868000456298036 11.203926736765661 12.479191690622887 13.499881082898128 11.579141434374847 9.223644338824057 7.939250098242628 7.102336012504423 6.860035986883829 6.971684234679715 7.636100289910077 8.100008793356508 7.9239195736321895 7.6876529143649615 7.35898160248476 7.0144946210370325 6.823098640426093 6.654999031986266 6.539030558045562 6.629157559347465 6.684243711696489 6.7677620762301745 6.848620554933423 -9999 -9999 -9999
-9999 -9999 -9999 -9999 -9999 -9999 -9999 -9999 -9999 -9999 -9999 -9999 -9999 -9999 -9999 -9999 -9999 -9999 -9999 -9999 14.56516656353032 12.389269940205505 13.025610585884627 14.449260757852551 16.43923755783825 18.23882005862854 14.740038533555346 15.494580803310962 14.324286437422804 12.809600888183661 10.987099289900195 9.251611398391887 7.645203974579233 6.800268023465452 6.550566328464787 7.158682581127818 7.85270288704021 8.519087555083157 8.793063971899942 8.626628364705052 8.295572079562147 7.979495323439178 7.4748008958648775 7.192286168467497 6.8291401774166385 6.510442948696661 6.440275931024119 6.484185479381572 6.6378122584610475 6.7084077440538685 -9999 -9999
-9999 -9999 -9999 -9999 -9999 -9999 -9999 -9999 -9999 -9999 -9999 -9999 -9999 -9999 -9999 -9999 -9999 -9999 -9999 -9999 -9999 14.135857366452155 11.333505625782394 16.74097279621126 16.533821327189447 16.905783390671612 18.02338941905943 16.30447703194917 13.890795862547767 11.793325552677956 10.507643744304627 9.131087307200877 8.075543872835489 7.431575371687441 7.109043127208719 7.016826447439848 7.562796665712272 8.135172980561316 8.623496255431089 8.652225975853396 8.474430660777236 8.251972917048661 8.02975546580587 7.827214703434103 7.653609334647112 7.254163655983662 7.181759408148937 7.309595486177642 7.262471183588103 -9999 -9999 -9999
-9999 -9999 -9999 -9999 -9999 -9999 -9999 -9999 -9999 -9999 -9999 -9999 -9999 -9999 -9999 -9999 -9999 -9999 -9999 10.795554029365663 10.270212598139574 9.495467764113133 9.344688426124968 9.254381983700675 13.18518125593257 13.523005280623726 12.41191401046859 11.824194757303898 10.823375456023475 9.884722978688313 9.222822233652018 8.592232482766493 8.188486204024771 7.981019684874441 7.72321391376658 7.194831723999541 7.058240547505393 7.259926821504978 7.456329085729079 7.5770248554723585 7.707152316296532 7.835413186635648 7.7414297150977776 7.610197022881343 7.674357814423868 7.762324198725084 7.845165109815272 7.9493360801476385 7.8935164003402924 7.849800844942206 7.752782599705925 -9999
-9999 -9999 -9999 -9999 -9999 -9999 -9999 -9999 -9999 -9999 -9999 -9999 -9999 -9999 -9999 -9999 -9999 -9999 9.607450442760573 10.302506654126665 11.795170352978616 12.899759735611113 11.597147057576963 10.998416125945079 10.570865094573604 9.69647129743735 9.656924383988606 9.446289899031004 9.25492336112358 9.120478930324662 8.862102777913162 8.499134116968987 7.999848167704759 7.942051307614897 7.8668702478631385 7.621155160662003 7.287522395099767 7.12449267506997 7.045988598789778 7.023716555780169 7.3400993993192385 7.553457560579238 7.651218666600469 7.838552744671749 8.016422452898004 8.211926683023107 8.226190969973384 8.256180314307787 8.313547415869753 8.160653115709566 7.895176941416527 -9999
-9999 -9999 -9999 -9999 -9999 -9999 -9999 -9999 -9999 -9999 -9999 -9999 -9999 -9999 -9999 -9999 -9999 9.216289630156416 10.024009501266432 12.588384418881795 11.606968950020105 10.830087602531206 9.593737612061187 8.882239841776219 8.578414509800666 8.314730321124749 8.509522753808707 8.630071111627213 8.601561629165005 8.42022228822138 8.3543179264189 8.46582486091291 8.287465519104634 8.199009462099728 8.018486193704486 7.703940324418182 7.584194631354843 7.527845602896923 7.596455478808446 7.303420853250715 7.463234154425058 7.649491436302916 7.9832157182171954 8.001008388741807 7.971651041489246 8.013366715527416 8.17226429640112 8.184391726876584 8.22248040110083 8.40001799152463 -9999 -9999
-9999 -9999 -9999 -9999 -9999 -9999 -9999 -9999 -9999 -9999 -9999 -9999 -9999 15.945435995865688 13.839255279622195 12.546565329409981 11.433957461725123 11.05200643920474 13.125628364237844 12.749653524236988 12.09265636479448 11.66330814843544 10.395861995923363 9.587618117547622 9.227998392945949 8.920036403199568 8.893389391306238 9.001432491512471 8.748568393874246 8.584187971824653 8.516456424351809 8.459153622166314 8.412082173880329 8.397637046773504 8.269260666561577 8.155858516322668 7.9733926812994405 7.956159960217271 7.931033283040548 7.722986460568089 7.6713471805879525 7.681423165030549 7.828501731515138 7.830596828789893 7.799898464406452 7.881788787798074 8.137958660623681 8.080676902614902 8.115837289980206 8.447312202494365 8.478392699069744 -9999
-9999 -9999 -9999 -9999 -9999 -9999 -9999 -9999 -9999 -9999 -9999 -9999 -9999 14.759102730352248 13.992353685134576 14.024856187074347 14.104246117945006 14.688341652426526 14.248821917619441 13.737236960568373 12.604629123810641 12.064322975435553 11.120693255715523 10.536156508594457 9.967594100506874 9.399071057613217 9.189197079866243 9.305098617153496 9.551955793726378 9.600776570754057 9.418951853696578 9.332508679289155 9.081902587532497 8.754696183090283 8.486981951242823 8.27208262835391 8.031535783811785 7.937894728210296 7.898401652495598 7.872026286888072 7.862358216490872 8.020040819979599 8.344493450730269 8.736733484153127 8.77393438045239 8.759398561269714 8.84765522456083 9.110426584474274 9.076814762881078 9.119658181706647 9.30554470920208 9.591646090263687
-9999 -9999 -9999 -9999 -9999 -9999 -9999 -9999 -9999 -9999 -9999 -9999 -9999 14.512097766898401 13.093190685291633 12.184460694086829 12.213548757110658 12.330574932244206 12.195815236271939 11.535251619832835 10.950996731373484 10.60900859831029 10.37006200297624 10.29448266178735 9.944053828357637 9.408550872381566 8.861157921134922 -9999 8.938136527527849 9.199565791294713 9.288415137318477 9.229897274265085 8.85847122573351 8.510805660598077 8.649124358181771 8.825377450495791 8.888537731633367 8.822777897394188 8.672916615622118 8.566453485190326 8.543336679574079 8.992758426226994 9.804151601741703 10.606572953094805 -9999 -9999 -9999 -9999 -9999 -9999 -9999 -9999
-9999 -9999 -9999 -9999 -9999 -9999 -9999 -9999 -9999 -9999 -9999 -9999 -9999 12.272255711497195 11.39504016648911 10.70694355029688 11.165615679847155 11.891742323056883 11.79286822569085 10.98525240437655 10.494676957446442 10.259151449145296 10.227577473742619 10.21341333473223 9.940212979950257 9.533413461719556 8.947738454050102 8.650351617928798 8.485791989745204 8.328007101782406 8.403033326374176 8.456881921311888 8.204531090271173 8.251348002276838 8.500675248772197 8.742302924568707 8.973008966914284 9.220605667882703 9.370235820675155 9.486462798911957 9.65756615829275 -9999 -9999 -9999 -9999 -9999 -9999 -9999 -9999 -9999 -9999 -9999
-9999 -9999 -9999 -9999 -9999 -9999 -9999 -9999 -9999 -9999 -9999 -9999 13.963349284974198 11.702411158781953 11.489578566015975 12.096388177899636 12.202785243513391 11.925053387858556 11.296526600466883 10.305164036642497 9.95826828611744 9.844158226483641 9.910891105958708 9.990923104120114 9.912072924405916 9.635923647132683 9.137932384145453 8.738232366063068 8.45787895458397 8.137050197977157 8.166727131642638 8.370501274327346 8.57456258343897 8.522946640045298 8.550010154521887 8.806608280286694 8.92814455796823 8.931555956938086 9.501263360652553 10.251925322319098 10.690807793281948 -9999 -9999 -9999 -9999 -9999 -9999 -9999 -9999 -9999 -9999 -9999
-9999 -9999 -9999 -9999 -9999 -9999 -9999 -9999 -9999 -9999 -9999 10.768288693558533 11.166848298359973 11.71437701793174 12.447750733820445 12.392265487923082 11.650934925682336 10.71202705109079 10.376343305015263 9.609652621034707 9.114649667495243 9.014516697704243 9.00782846280617 9.047376091265908 9.150671364229302 9.27927946483738 9.231560230819976 9.009202956583234 8.81407871974914 8.497243772655493 8.368098936415214 8.622663587415772 9.009437879655561 8.94876153982569 8.946187898164544 9.086853419876975 9.21217514545866 9.634340412906496 10.583103369229404 11.767547375403959 -9999 -9999 -9999 -9999 -9999 -9999 -9999 -9999 -9999 -9999 -9999 -9999
-9999 -9999 -9999 -9999 -9999 -9999 -9999 -9999 -9999 -9999 9.490734440855805 10.440162713315024 11.142816793168393 11.272661741778126 11.24931453116651 10.88742785084198 10.279516704964848 9.652546120677847 9.31495798473567 8.778995744912839 8.726386173415301 8.551761545749455 8.540633692297636 8.488964391418817 8.756289631814777 9.044662581980347 9.229184785647258 9.144038868605767 9.029453743726457 8.738778848760397 8.277435652868212 8.262722034612521 8.412516804400694 8.399487346318216 8.46188325374058 8.61233758964935 9.09729223240943 9.639503482814098 11.200033139729806 -9999 -9999 -9999 -9999 -9999 -9999 -9999 -9999 -9999 -9999 -9999 -9999 -9999
-9999 -9999 -9999 -9999 -9999 -9999 -9999 -9999 -9999 -9999 -9999 -9999 11.144423074603619 10.50124858248634 9.965339806095756 10.215671268014683 9.980385895310263 9.755886928219613 9.482821629229461 9.063637735889158 8.622391257893481 8.36153230890972 8.435942893580984 8.490903353199974 8.633508656606702 8.879398453405896 9.210819452593496 9.329967958129183 9.193863954567522 9.019472244479102 8.929744176062027 8.655898382480038 8.383275096124605 8.415231656868281 8.140561141983353 8.378403090407629 8.894244088237357 9.682870532317883 10.840303502718502 12.275119966620801 -9999 -9999 -9999 -9999 -9999 -9999 -9999 -9999 -9999 -9999 -9999 -9999
-9999 -9999 -9999 -9999 -9999 -9999 -9999 -9999 -9999 -9999 -9999 10.367874921085587 10.19989217184101 9.644328520894591 9.620635823208564 9.582019225437694 9.433737823450429 9.749747062824543 9.475662248519189 9.108311685612373 8.605004700322851 8.50935513769881 8.451036940519424 8.433258463238879 8.504420039760126 8.543315501377457 8.600095972831145 8.654575098547884 8.809015356842561 8.873339473534132 9.006909210089162 8.590132975750876 8.577561060492606 8.54689916655308 8.184924760855923 8.5464742321679 9.171189204406623 10.145966561689676 10.95274796328099 -9999 -9999 -9999 -9999 -9999 -9999 -9999 -9999 -9999 -9999 -9999 -9999 -9999
-9999 -9999 -9999 -9999 -9999 7.0984132665191515 8.10223879381299 8.959584972631092 9.618624618624622 9.775301640073184 9.752876422090678 9.827869435156911 9.622995901212967 9.236728961642118 9.00963232054076 8.817408096704126 8.717117628647564 8.538012696901223 8.499358264527839 8.736896548166689 8.396147956382816 8.4961650253199 8.539113035752361 8.500120598725774 8.430160987929204 8.52234178685011 8.656907211709086 8.652983524446316 8.760173455352849 8.850363636197788 9.023131664421683 8.71133670789136 8.613012211905621 9.048888973988273 9.031564671402444 9.684073367236577 10.381925964199688 10.877922464253958 -9999 -9999 -9999 -9999 -9999 -9999 -9999 -9999 -9999 -9999 -9999 -9999 -9999 -9999
-9999 -9999 -9999 -9999 6.661117377323714 7.1381580314617965 8.036152493706808 9.059153545274071 9.51229288341791 9.303542221627543 9.614310245203352 9.75782700063681 9.548768407759775 9.303145658210482 8.976387550343226 8.696534084941504 8.302571530354566 8.235919955621505 8.357026744745081 8.35005616259691 8.165080092207976 8.174254000464751 8.399819593940109 8.375982114571567 8.337820238887451 8.405671447179376 8.441197961759906 8.631660447455424 8.974263008680946 9.188303260362662 9.198614348214956 9.074396242550767 9.245378648160305 9.55409625838821 9.7899119173697 -9999 -9999 -9999 -9999 -9999 -9999 -9999 -9999 -9999 -9999 -9999 -9999 -9999 -9999 -9999 -9999 -9999
-9999 -9999 -9999 7.461288401795463 7.694824631707494 8.224302616778651 8.54534075169903 9.04243540683208 9.192711770636796 9.446522596065028 9.387142075530914 9.349998730165217 9.433264376865173 9.32208948403568 9.276307914794836 9.006908586303576 8.755787146758255 8.642672289762048 8.610018786162286 8.419992033576687 8.205588305666629 7.999978378758046 7.881922101524116 8.105726392620506 8.024229785147972 8.115628764863695 8.334283781370528 8.681844407960611 9.140915476602533 9.638466982006971 10.28570014760618 -9999 -9999 -9999 -9999 -9999 -9999 -9999 -9999 -9999 -9999 -9999 -9999 -9999 -9999 -9999 -9999 -9999 -9999 -9999 -9999 -9999
-9999 -9999 -9999 11.04898456194918 12.644299903200851 13.101398375397768 11.845447223997386 10.601198617358316 9.694171007278275 9.247912079518768 8.876426224529743 9.185190775509495 9.345153153799409 9.146266284593016 9.087363953471153 8.974259621182497 8.921903554754351 8.683565975931856 8.657127632397263 8.53904552600207 8.350835648139501 8.205018391922156 8.207968986579521 8.16394137616839 7.997005436201579 8.132022460139089 8.83602158052948 9.705765270880194 10.450647227594214 -9999 -9999 -9999 -9999 -9999 -9999 -9999 -9999 -9999 -9999 -9999 -9999 -9999 -9999 -9999 -9999 -9999 -9999 -9999 -9999 -9999 -9999 -9999
-9999 -9999 -9999 9.68295538229732 10.544964521207337 10.906672846828725 10.189921791512477 9.224906734984346 8.379575454050372 7.905526275011258 7.479425289368117 7.7261095281892445 8.06181765342583 8.443095124952016 8.649280482156419 8.777797165267843 8.967891078476104 9.074985478975092 8.980409422468712 8.940063999855177 8.878426813806186 8.804163490739523 8.732190331694724 8.605216428959313 8.960377094850818 9.286075049979956 -9999 11.904963613341565 -9999 -9999 -9999 -9999 -9999 -9999 -9999 -9999 -9999 -9999 -9999 -9999 -9999 -9999 -9999 -9999 -9999 -9999 -9999 -9999 -9999 -9999 -9999 -9999
-9999 -9999 -9999 7.60059044370941 8.052603710153367 8.221857462869616 7.8252460764648015 7.227662490637268 7.114032878151676 7.329578423672293 7.3711649391543475 7.637569028246932 7.943767970908947 8.104199711948679 8.21940313663005 8.375140323526438 8.75791932416646 8.976527262369961 9.2656057341121 9.32791733588761 9.238300214237443 8.855689005331474 9.333982736106725 9.437351000716136 9.91009833749517 11.202159385103949 12.468529823816107 -9999 -9999 -9999 -9999 -9999 -9999 -9999 -9999 -9999 -9999 -9999 -9999 -9999 -9999 -9999 -9999 -9999 -9999 -9999 -9999 -9999 -9999 -9999 -9999 -9999
-9999 -9999 -9999 -9999 7.740386520385819 7.825355426310053 7.634103988535682 7.792323595267116 8.0217443860783 8.28096851377888 8.451992522705577 8.167819693525916 8.090412144082325 7.981532610573773 8.004527106176148 8.064488687358779 8.447648198550493 8.799242748937262 9.076970112677607 9.247416164513096 9.633213796170935 9.682248006408019 9.717800401641632 10.120649420031498 -9999 -9999 -9999 -9999 -9999 -9999 -9999 -9999 -9999 -9999 -9999 -9999 -9999 -9999 -9999 -9999 -9999 -9999 -9999 -9999 -9999 -9999 -9999 -9999 -9999 -9999 -9999 -9999
-9999 -9999 -9999 -9999 7.751350005536589 7.506539259267861 7.599159682957526 7.679585963481071 7.8714418360855305 8.267117384162805 8.371309126405084 7.725731047831408 7.603145058734281 7.446134389289773 8.037523051103408 8.176024463313324 8.475634750745531 8.698897241110673 8.793061835156193 9.385759975687435 9.593636358118006 9.722949275621078 9.549207707346849 10.130500743141193 12.18665576960029 -9999 -9999 -9999 -9999 -9999 -9999 -9999 -9999 -9999 -9999 -9999 -9999 -9999 -9999 -9999 -9999 -9999 -9999 -9999 -9999 -9999 -9999 -9999 -9999 -9999 -9999 -9999
-9999 -9999 -9999 -9999 7.873204716027906 7.8971530150986124 7.678376016585463 7.603230234927553 7.525410342880384 7.473112106309157 7.673435636288064 7.127937342553513 7.141798676670871 7.316734054044081 7.731959846017211 8.277096796679412 7.998579716100911 8.260817914812096 8.674776566186269 8.744159151942702 8.782607304364639 8.926501282155481 9.096363519718425 10.666965768168481 -9999 -9999 -9999 -9999 -9999 -9999 -9999 -9999 -9999 -9999 -9999 -9999 -9999 -9999 -9999 -9999 -9999 -9999 -9999 -9999 -9999 -9999 -9999 -9999 -9999 -9999 -9999 -9999
-9999 -9999 -9999 -9999 9.329541810720047 9.298179583484787 9.077754162961806 8.339145077137381 7.207715746825687 7.187963122802214 7.216167965120277 6.9762412422836455 7.100891958877728 7.357869923839544 7.35891237799316 8.006146590922556 8.328196133192296 8.36062505731138 8.40241074566811 8.584171304408782 8.577610952131709 8.568803863572077 9.410123301157068 -9999 -9999 -9999 -9999 -9999 -9999 -9999 -9999 -9999 -9999 -9999 -9999 -9999 -9999 -9999 -9999 -9999 -9999 -9999 -9999 -9999 -9999 -9999 -9999 -9999 -9999 -9999 -9999 -9999
