metrics/grid_rasters/CCI Active/grideval_CCI Active_X_spring_2018_absolute_ubrmsd.asc
ncols 52
nrows 55
xllcorner     11.25
yllcorner     55.25
cellsize      0.25
NODATA_value  -9999
[rows 0 to 29 of 55, columns 0 to 51 of 52]
-9999 -9999 -9999 -9999 -9999 -9999 -9999 -9999 -9999 -9999 -9999 -9999 -9999 -9999 -9999 -9999 -9999 -9999 -9999 -9999 -9999 -9999 -9999 -9999 -9999 -9999 -9999 -9999 -9999 -9999 -9999 -9999 -9999 -9999 -9999 -9999 9.025780104937127 9.719210525834104 7.793170269526264 -9999 -9999 -9999 -9999 -9999 -9999 -9999 -9999 -9999 -9999 -9999 -9999 -9999
-9999 -9999 -9999 -9999 -9999 -9999 -9999 -9999 -9999 -9999 -9999 -9999 -9999 -9999 -9999 -9999 -9999 -9999 -9999 -9999 -9999 -9999 -9999 -9999 -9999 -9999 -9999 -9999 -9999 -9999 -9999 -9999 -9999 -9999 -9999 -9999 11.088518517507342 11.0176825815825 11.88176547674342 12.386795298318651 11.981814805170606 11.393267935574661 -9999 -9999 -9999 -9999 -9999 -9999 -9999 -9999 -9999 -9999
-9999 -9999 -9999 -9999 -9999 -9999 -9999 -9999 -9999 -9999 -9999 -9999 -9999 -9999 -9999 -9999 -9999 -9999 -9999 -9999 -9999 -9999 -9999 -9999 -9999 -9999 -9999 10.618035293433527 7.563472266061076 6.904586922046911 7.827761649911555 8.903577452663079 8.810231342258136 10.47822382506433 -9999 11.703020457622669 12.873289031267033 12.009695441016374 12.606546103634017 12.153986813494088 11.069043534336704 11.843828448504416 11.450212598099133 11.974592097270946 11.882552410660312 14.44185824700858 -9999 -9999 -9999 -9999 -9999 -9999
-9999 -9999 -9999 -9999 -9999 -9999 -9999 -9999 -9999 -9999 -9999 -9999 -9999 -9999 -9999 -9999 -9999 -9999 -9999 -9999 -9999 -9999 -9999 -9999 -9999 -9999 -9999 3.3340398520231247 4.809898385678493 6.281021676692816 8.915675607398905 9.738814783963184 8.920382906474217 12.38679277618184 15.559600282512509 16.488985664901453 16.977305291637315 18.023532581267 15.362593555834804 14.33582695025532 14.959825658398016 14.428057442299625 14.361541252271712 14.65155519368553 16.500845627319773 17.564238455615243 17.08657654484095 16.794804637713803 -9999 -9999 -9999 -9999
-9999 -9999 -9999 -9999 -9999 -9999 -9999 -9999 -9999 -9999 -9999 -9999 -9999 -9999 -9999 -9999 -9999 -9999 -9999 -9999 -9999 -9999 10.392948073950784 10.130823705430519 9.272486463123881 8.286166991003496 7.67959402637438 6.536261902877011 6.714512326279997 7.835794921968926 7.805920784501303 9.881898863214307 11.43731143699986 11.399325641832625 17.25805592498709 16.220217100129936 17.98953652882745 17.488226992472242 17.679811823736028 18.604402023383773 20.31264353914197 21.565535391820703 22.28327800894733 19.362169881986325 17.502992931198445 16.974982372491837 16.46925810940486 15.764347604536974 14.2571478199793 -9999 -9999 -9999
-9999 -9999 -9999 -9999 -9999 -9999 -9999 -9999 -9999 -9999 -9999 -9999 -9999 -9999 -9999 -9999 -9999 -9999 -9999 -9999 -9999 11.312714998965061 8.444067542140113 7.211838323722978 6.92898577477541 9.174937498107603 9.137395091333737 8.87993872269973 10.557425824506838 10.488331962165999 11.021647216663293 10.76096221095974 13.009897238550876 12.087245389407162 13.44481092588949 18.27834063003517 20.274717133819422 19.07479325934733 18.12654003702583 17.349219841607415 17.744096169971034 18.907460664132103 20.229921129738297 19.753914974237823 13.220652527724967 12.317718695662956 13.83198090331896 13.625635320368122 10.100090826288532 -9999 -9999 -9999
-9999 -9999 -9999 -9999 -9999 -9999 -9999 -9999 -9999 -9999 -9999 -9999 -9999 -9999 -9999 -9999 -9999 -9999 -9999 -9999 11.595309208383089 9.070929487105463 7.631991363178187 7.0675130407727895 6.937563730279827 6.803999198060312 6.509211487211598 9.713242283501142 9.741059549602204 9.904471849663368 10.620805905419033 11.63601592699504 11.700023488596544 14.57782749902115 19.607616759062786 20.778740328647487 19.58905627591954 19.488052341517637 18.777525639807788 16.949475368203636 13.226222950205717 13.39432212322085 13.964999287249965 14.57200896592138 13.051177449517045 6.7150808175997225 6.16549893434929 5.735170437470303 5.2765535732922615 9.475067103940466 -9999 -9999
-9999 -9999 -9999 -9999 -9999 -9999 -9999 -9999 -9999 -9999 -9999 -9999 -9999 -9999 -9999 -9999 -9999 -9999 -9999 -9999 -9999 5.957354004622871 5.165692513346229 4.6056435996414145 6.021544983146148 9.543411300791217 10.319095271113962 9.707268687406792 12.673564975228468 12.644613920329547 12.688362292878287 13.693836011090564 14.313206751895352 20.36571437138469 21.278564796125814 21.088209906314393 20.068584952526503 18.77134090282437 15.756412249405253 10.738772926856857 12.063128031971367 12.343698817253367 11.282709857076687 11.638108385101813 11.511792616929032 5.604974892249148 5.9612759409699265 5.849058435621037 5.894485519946088 -9999 -9999 -9999
-9999 -9999 -9999 -9999 -9999 -9999 -9999 -9999 -9999 -9999 -9999 -9999 -9999 -9999 -9999 -9999 -9999 -9999 -9999 7.5961428569892275 7.790300824778968 6.7237044287142735 6.310463360575943 8.133771076582871 9.042363339311109 12.073906665263364 12.827081323216536 12.536558294113341 11.941300883411614 11.307300240790608 11.133523912528405 10.330214724576203 9.777320833727618 10.196255343673633 14.77709312410091 16.108524901249393 17.351960277621608 17.462767808811787 14.280394157212912 13.389756126479108 11.04280581437073 10.40732497393726 5.350178140796203 5.675503893326581 5.635322651091597 5.639215345901157 5.96763516803906 5.540155489984709 5.687533583491588 5.860242673006178 5.906213717069777 -9999
-9999 -9999 -9999 -9999 -9999 -9999 -9999 -9999 -9999 -9999 -9999 -9999 -9999 -9999 -9999 -9999 -9999 -9999 8.94790775460793 9.2870161865714 8.228633130065305 9.399971397312557 10.784210470510851 10.854184323492358 11.53534794332493 12.764118274562874 13.63381605806447 15.011022623372734 15.871071780032814 14.368170049345476 14.169227655033955 7.5699906439237905 6.434287232498432 6.213848510652392 6.335617492518606 7.024365102650346 9.811206807771145 6.3794488236043465 6.0016139644807405 6.538292486671455 6.7572093337326935 6.42055990827737 5.700030208057367 5.368718169360457 5.783843913881119 5.807302763126796 6.084752673494967 6.1922374950585315 7.320375289664501 6.272096884447652 6.34158114222207 -9999
-9999 -9999 -9999 -9999 -9999 -9999 -9999 -9999 -9999 -9999 -9999 -9999 -9999 -9999 -9999 -9999 -9999 8.752354581471138 9.263504361606973 10.828724446057636 13.099259686131662 13.388701168960814 15.807310289282734 15.061423643604508 15.366604218818994 14.529460500728463 13.984514964842694 13.53193639567708 13.50933085760338 13.743872379254775 13.601689229157575 12.912081642034524 11.737725021198056 6.126161588407848 5.382003586237763 5.4041825182700185 5.296712730473703 5.218761217650278 5.0605487129915545 4.833859793658373 5.2994253447332405 5.5205571148897015 5.34549987972306 5.4624329356181685 5.7393230364786145 6.513424503977082 6.664592661366706 6.544776330700137 5.867431093467747 5.9754121545403756 -9999 -9999
-9999 -9999 -9999 -9999 -9999 -9999 -9999 -9999 -9999 -9999 -9999 -9999 -9999 7.630866829763415 8.177038085175784 8.92410686307675 9.398281485458458 9.994546563983867 10.307929583322952 12.13281364746134 15.71425114950928 15.249565511809358 14.913957704630125 16.2366100656733 14.454746686426564 12.978818050514462 12.065749368342875 9.055230171365373 8.951329771869952 6.223526763323719 6.3473412948982295 6.443303557811906 6.348199504747393 6.003575104205081 5.515301841213279 5.402334648681274 5.5677092015778 5.643629437556715 5.6892979753055855 5.6482472566201425 5.659774921645733 5.597667728063461 5.515827626742804 5.196328715637343 4.958728490480588 4.796980467751776 5.724361038223015 5.616806414469403 5.622048263280443 6.032177483068232 6.1347655995288815 -9999
-9999 -9999 -9999 -9999 -9999 -9999 -9999 -9999 -9999 -9999 -9999 -9999 -9999 9.229410006923956 9.093580647629251 9.787978972073047 11.653267441670382 11.555389791528963 15.086620691545708 15.729423107189234 15.583298360712636 14.297851921835024 11.819481080525367 8.796501282356521 7.460768032518227 6.354309572865352 5.602287002596562 5.1727955256192235 4.98827081909505 5.611432603684877 5.435211040513767 5.390146391979163 5.534014300144427 5.862700415777903 5.84159142663469 5.777165715345232 5.730807730822438 5.777934789092117 5.42482774138805 4.9910668170213315 5.457071179705556 5.703343492547683 5.801356928516 5.898708011099973 5.536511942973441 5.445483483515023 5.82873739955614 5.717756497355995 6.042668453432684 6.611500913925106 7.352511553855857 7.2725359108204515
-9999 -9999 -9999 -9999 -9999 -9999 -9999 -9999 -9999 -9999 -9999 -9999 -9999 8.850638364027047 13.043831306997001 11.952286315745322 12.63327018519946 11.906697718117034 12.44825286515861 15.538776368914244 11.969544493455993 10.129420371669733 9.961736385836806 9.501138301365673 9.501120699074301 9.569332142499066 9.829259327481946 -9999 9.532343713878321 9.227424468942523 8.882342605022073 8.672883698756964 5.791267525744972 5.721964931882657 5.871453095271506 5.781781180790207 8.033213234820991 7.8078979116149245 7.233456099516141 7.077117895861878 7.004758070104767 6.472895216654103 6.040200559342332 5.94174047103153 -9999 -9999 -9999 -9999 -9999 -9999 -9999 -9999
-9999 -9999 -9999 -9999 -9999 -9999 -9999 -9999 -9999 -9999 -9999 -9999 -9999 12.697828340739374 14.955909577854962 12.37124989571566 11.80291902372296 11.524542599782635 10.35809074850959 7.807786991712005 6.960697756830593 6.127184605997979 6.174983115045119 5.985955835459267 5.6660678160669455 5.685438231718589 5.1272394156191226 5.281953311802607 5.303163015336443 5.535720015879459 5.469521810179121 5.191328626181695 4.907554083210342 5.736614982294878 5.9910056802602725 7.759532173974828 7.683822053538276 7.497410951572538 9.263816829740284 8.544858177843375 7.743488561095146 -9999 -9999 -9999 -9999 -9999 -9999 -9999 -9999 -9999 -9999 -9999
-9999 -9999 -9999 -9999 -9999 -9999 -9999 -9999 -9999 -9999 -9999 -9999 10.373449275896464 10.754379451480622 11.80798391861968 12.800575274953774 12.807086246277914 12.009708986510358 8.609023873112152 6.5650103060244485 5.994457078588034 5.455127859623083 5.424784492683372 5.939176749052754 5.948053762290258 6.053510333916824 6.0798322385409165 6.204147355854607 6.163577438324815 5.906626421538888 6.69156795692914 6.3290768957404815 7.160848507629911 7.259583826088568 7.327762172324387 8.333306303111629 7.9876052658441 8.680635941888339 8.739020269161639 8.694475037819526 8.29152456388238 -9999 -9999 -9999 -9999 -9999 -9999 -9999 -9999 -9999 -9999 -9999
-9999 -9999 -9999 -9999 -9999 -9999 -9999 -9999 -9999 -9999 -9999 10.45679189872801 10.174177351134812 11.579927586367665 12.93364546480495 13.326023654965748 13.223625906046045 10.522528675584836 6.197901130149415 4.898365337209014 5.308289801646031 5.409362054506204 7.157982405102395 7.3591201038287535 7.546539006739183 7.522352413479125 7.390680719307232 6.8981251064185845 6.36503072156625 6.039793967427043 6.0485165986566205 6.393143303261553 6.8574488967214275 6.850457136587348 7.1073857242285365 7.37545984306509 7.219124364806442 6.940735196591947 6.8493600592910875 7.0845969002215305 -9999 -9999 -9999 -9999 -9999 -9999 -9999 -9999 -9999 -9999 -9999 -9999
-9999 -9999 -9999 -9999 -9999 -9999 -9999 -9999 -9999 -9999 8.744632509393357 7.8706836903073265 9.005408407685593 8.746754775644144 9.868538373290956 10.495620561441314 8.727891176493934 5.328273836916329 5.331429449326837 5.601006698411941 5.365231583966255 7.826455360102174 8.077267713671352 8.156171729010376 8.021802169674755 7.832947635127642 7.716158418194499 8.141826105836232 7.367683321951834 6.719524098405987 6.391736688164989 6.045316972356306 5.975182497714513 6.169752293748232 6.3932820212227846 6.3462802178113575 6.49130222761965 6.076678913197191 6.340801324492367 -9999 -9999 -9999 -9999 -9999 -9999 -9999 -9999 -9999 -9999 -9999 -9999 -9999
-9999 -9999 -9999 -9999 -9999 -9999 -9999 -9999 -9999 -9999 -9999 -9999 9.822225306413063 11.679979009962725 6.414714834055027 5.6137990641038735 7.1376468971732 7.402775783280086 7.161370386513764 7.015056792827548 7.410566611109887 7.247216936517744 7.279194049809487 6.892145242823088 6.7620969417201575 6.6504884544221765 8.049538782021944 8.039052623438034 7.588856533862956 6.705099307709057 6.3712551942565945 6.118501820250957 5.507230383350733 5.082510905665728 5.072035650278977 5.542819271395644 5.465569411196348 5.425952217253803 6.028527130170943 7.3041525496190225 -9999 -9999 -9999 -9999 -9999 -9999 -9999 -9999 -9999 -9999 -9999 -9999
-9999 -9999 -9999 -9999 -9999 -9999 -9999 -9999 -9999 -9999 -9999 10.505079036596667 13.303327825970824 10.447398873292476 7.152644261500308 6.570435839077573 7.374311315425572 7.743209892158815 7.652065934885818 7.556434706908733 7.963624923913461 8.08339596988819 7.815452235287593 7.722500610401303 7.6523904280330575 7.605535849648358 7.106247528451111 6.875310455581016 6.083024408207396 5.980226639184751 5.749811208902793 5.336039602377448 5.0088330928635605 4.7643481109541765 5.214187141911885 5.3875941403950725 5.798901908620117 6.989370659433784 7.227617310889447 -9999 -9999 -9999 -9999 -9999 -9999 -9999 -9999 -9999 -9999 -9999 -9999 -9999
-9999 -9999 -9999 -9999 -9999 12.6180916110729 13.172978626352034 10.538540603692145 7.829719156599711 9.49837581429666 9.400942666497333 7.490275061454617 7.4617038506872415 6.3763804277316005 7.1095192571514865 7.20216613488693 7.422169037687027 7.379574727489527 7.5358284283838035 7.303648430476942 7.4103809523886195 7.270129976816193 7.033505279203987 7.222363041688094 7.187297902800926 6.930392875475932 6.466153986576228 6.204082663716676 5.702664652119362 5.180498173741784 5.212047641071488 5.105334306422925 4.723859120883679 6.286497337984363 6.799402714023774 7.043912470441454 7.264786021103477 7.7749204005927535 -9999 -9999 -9999 -9999 -9999 -9999 -9999 -9999 -9999 -9999 -9999 -9999 -9999 -9999
-9999 -9999 -9999 -9999 11.800106198702128 9.697038557418542 5.745206538349617 5.42757900330117 5.957032163363937 6.798470619010806 6.894584355893639 7.703320591995643 7.98664862659424 8.488981711769355 8.853185098515631 8.869096276034957 8.363744488736984 8.248073222576616 8.333420456518908 8.238580900158823 7.820206167514181 7.374006813620431 6.649413859786399 6.4031236064301975 6.39676361936064 6.121153581710664 5.48154218951514 5.2269026036278285 5.2173889629721 4.902381063966213 5.176812136661629 5.161053903514894 5.029949629553489 5.266435216951262 5.691068293611674 -9999 -9999 -9999 -9999 -9999 -9999 -9999 -9999 -9999 -9999 -9999 -9999 -9999 -9999 -9999 -9999 -9999
-9999 -9999 -9999 10.807503559731774 12.535826604136865 8.264419915510018 7.316956498974293 8.129773062224729 8.02425210682324 9.093343605148196 9.81408720557318 9.932616295684369 9.6558841304566 9.408468920020956 9.430206345700377 9.33671588138066 8.897358909756356 8.771979675987351 8.444909800500499 8.380292789102784 7.912115687976668 7.130787265841223 6.333222404704054 5.75866487535631 5.813998947390492 4.988988376830978 5.854680497134519 6.633088958795383 7.5567500770849225 6.635901170190972 6.224052404860923 -9999 -9999 -9999 -9999 -9999 -9999 -9999 -9999 -9999 -9999 -9999 -9999 -9999 -9999 -9999 -9999 -9999 -9999 -9999 -9999 -9999
-9999 -9999 -9999 10.460843063415355 10.583851036381512 10.475178699081091 9.258482413454663 9.502434840977072 10.417505599067148 10.313224192108542 11.255091034579392 10.729698552052117 10.168561849680184 9.79514032827932 9.33162098038631 8.973125725442205 8.858851332535648 8.526088301265721 7.791475794652923 7.384856063972844 7.034215190362617 7.132526894796378 6.569282469650421 6.156780896983237 5.966610763432003 5.689566490050347 7.322257347497554 9.278115455095874 13.86961146623 -9999 -9999 -9999 -9999 -9999 -9999 -9999 -9999 -9999 -9999 -9999 -9999 -9999 -9999 -9999 -9999 -9999 -9999 -9999 -9999 -9999 -9999 -9999
-9999 -9999 -9999 9.46804781705134 9.168625788766448 9.736748497041 12.58414782434908 11.908112376996709 13.426922196697056 12.254031498322533 13.909919330717054 11.916027435493994 11.608566881504837 10.417663227659713 9.649789725543569 8.80374849365933 8.383630205714898 8.679989007121 8.160853574431359 7.838938216066432 6.790285502310499 6.555587256750949 6.330675800154711 6.939514338856223 6.628634648892808 6.333547027000046 -9999 7.3413995359693445 -9999 -9999 -9999 -9999 -9999 -9999 -9999 -9999 -9999 -9999 -9999 -9999 -9999 -9999 -9999 -9999 -9999 -9999 -9999 -9999 -9999 -9999 -9999 -9999
-9999 -9999 -9999 14.852532180238773 15.727607034629273 14.070380537032705 14.724725134811198 14.475665848527612 14.020665157948995 12.546118008073776 12.78415258883168 11.360707963609322 11.55507112267175 10.245932826881576 9.187748548763835 8.558280671636549 8.068274987205225 8.271867787766178 7.904217417939185 7.339761838874567 7.03864029326399 6.49093584946283 8.506960379307268 11.690363447038427 12.64080966749068 13.761952407258725 14.850662331709447 -9999 -9999 -9999 -9999 -9999 -9999 -9999 -9999 -9999 -9999 -9999 -9999 -9999 -9999 -9999 -9999 -9999 -9999 -9999 -9999 -9999 -9999 -9999 -9999 -9999
-9999 -9999 -9999 -9999 14.428541640191222 14.44979259952684 15.508392732309096 13.784295291301564 14.54286526961472 10.424680969370677 11.37891581859184 11.310204189110944 10.446104625948168 10.291395971327782 8.409887168417866 8.101319725484526 7.627995690103012 7.9168769577771405 7.871689671567785 7.64848268410365 6.939413294210624 6.502883528815167 6.536849873155751 13.074753194990725 -9999 -9999 -9999 -9999 -9999 -9999 -9999 -9999 -9999 -9999 -9999 -9999 -9999 -9999 -9999 -9999 -9999 -9999 -9999 -9999 -9999 -9999 -9999 -9999 -9999 -9999 -9999 -9999
-9999 -9999 -9999 -9999 15.710681394922755 16.12046837038854 16.236223288392168 18.137074450778748 15.333791481511016 11.436255142028182 9.87352412116734 10.386713181534901 9.997000289725644 9.901284541855047 10.190377738775972 8.59203130948453 8.026671385557412 7.959607009578804 8.914894574648422 8.750252269992464 8.78078074273693 8.519101819135468 8.729100535106687 12.50005025826961 16.62854186246416 -9999 -9999 -9999 -9999 -9999 -9999 -9999 -9999 -9999 -9999 -9999 -9999 -9999 -9999 -9999 -9999 -9999 -9999 -9999 -9999 -9999 -9999 -9999 -9999 -9999 -9999 -9999
-9999 -9999 -9999 -9999 13.028435511422106 12.052883024665643 12.34607220191496 11.043515274033716 10.498061830648592 11.626013630424184 10.212000044264547 9.172202374134184 8.592513714447168 9.793107019029238 8.88100702766507 8.927786987031627 8.760488982385848 9.117953733231843 9.353385706151707 9.803199151514088 9.67257643366605 9.633094103327554 10.83739364249274 11.310450266038485 -9999 -9999 -9999 -9999 -9999 -9999 -9999 -9999 -9999 -9999 -9999 -9999 -9999 -9999 -9999 -9999 -9999 -9999 -9999 -9999 -9999 -9999 -9999 -9999 -9999 -9999 -9999 -9999
-9999 -9999 -9999 -9999 13.80881863344511 12.692569254242127 12.357676149753393 9.846220737243948 7.859775792171848 9.302978027579526 8.875791551065785 10.037309987177863 8.939599421148634 8.168246191251944 8.591095578203978 9.244654559506763 9.3756218447312 9.54954137569178 9.204662002724568 9.515366813742435 9.800237175601145 10.467939328096435 10.883107929876195 -9999 -9999 -9999 -9999 -9999 -9999 -9999 -9999 -9999 -9999 -9999 -9999 -9999 -9999 -9999 -9999 -9999 -9999 -9999 -9999 -9999 -9999 -9999 -9999 -9999 -9999 -9999 -9999 -9999
