metrics/grid_rasters/CCI Active/grideval_CCI Active_X_fall_2018_absolute_ubrmsd.asc
ncols 52
nrows 55
xllcorner     11.25
yllcorner     55.25
cellsize      0.25
NODATA_value  -9999
[rows 0 to 29 of 55, columns 0 to 51 of 52]
-9999 -9999 -9999 -9999 -9999 -9999 -9999 -9999 -9999 -9999 -9999 -9999 -9999 -9999 -9999 -9999 -9999 -9999 -9999 -9999 -9999 -9999 -9999 -9999 -9999 -9999 -9999 -9999 -9999 -9999 -9999 -9999 -9999 -9999 -9999 -9999 7.382043540214172 7.315783724314278 7.195164480839968 -9999 -9999 -9999 -9999 -9999 -9999 -9999 -9999 -9999 -9999 -9999 -9999 -9999
-9999 -9999 -9999 -9999 -9999 -9999 -9999 -9999 -9999 -9999 -9999 -9999 -9999 -9999 -9999 -9999 -9999 -9999 -9999 -9999 -9999 -9999 -9999 -9999 -9999 -9999 -9999 -9999 -9999 -9999 -9999 -9999 -9999 -9999 -9999 -9999 6.914041709890663 6.356122726394143 6.50146942321379 6.573064202382621 6.738468690936707 6.871227659264788 -9999 -9999 -9999 -9999 -9999 -9999 -9999 -9999 -9999 -9999
-9999 -9999 -9999 -9999 -9999 -9999 -9999 -9999 -9999 -9999 -9999 -9999 -9999 -9999 -9999 -9999 -9999 -9999 -9999 -9999 -9999 -9999 -9999 -9999 -9999 -9999 -9999 15.092330408896974 13.870040117440846 10.80510851432066 10.31152965927471 8.494298102061233 9.372778387591632 9.592745346365088 -9999 9.082597567515398 8.95939645196189 8.001244628719721 7.0910661255701495 6.528683713798128 6.761720947841488 7.187454492331039 7.331685405522967 7.689451012785214 7.913581149115107 7.9099085102980435 -9999 -9999 -9999 -9999 -9999 -9999
-9999 -9999 -9999 -9999 -9999 -9999 -9999 -9999 -9999 -9999 -9999 -9999 -9999 -9999 -9999 -9999 -9999 -9999 -9999 -9999 -9999 -9999 -9999 -9999 -9999 -9999 -9999 15.866464647660676 12.012906601582275 9.158088507659636 8.20250509604408 8.646294678194995 8.496476821543796 9.157834987414557 9.552768462750892 9.878842956557168 9.845365867316598 9.5616100690334 9.040694339381686 9.105052415307958 9.06372716765513 9.10341986950885 9.18410580882314 9.070812926428431 9.71396270357894 8.973069828066798 8.65747285489159 8.894639867386756 -9999 -9999 -9999 -9999
-9999 -9999 -9999 -9999 -9999 -9999 -9999 -9999 -9999 -9999 -9999 -9999 -9999 -9999 -9999 -9999 -9999 -9999 -9999 -9999 -9999 -9999 15.116089972044652 13.937712602231354 12.762251917937515 10.865642906078891 9.273561566787183 8.796916264774794 8.377967295560062 7.297126003155652 6.854703419371793 6.608414857153138 7.336260199844463 8.200736736655356 8.868069779699832 9.524239118991131 10.313903854775113 11.069876076910102 11.956866741718994 11.511162753317896 11.251266676534813 10.756861031508226 10.3584525686529 9.983452455686605 9.766048491481683 9.582966345481172 9.667745687394595 9.528687494146352 9.373092047056 -9999 -9999 -9999
-9999 -9999 -9999 -9999 -9999 -9999 -9999 -9999 -9999 -9999 -9999 -9999 -9999 -9999 -9999 -9999 -9999 -9999 -9999 -9999 -9999 14.350297505880365 14.369256400472095 11.600619125749564 8.837793682400807 6.490149819022673 5.844401168319948 5.828149788384472 7.396299627227937 7.539306163814144 7.071723128572548 7.0425440133253865 7.292345120171921 7.813548736519802 8.294169342063629 8.815250845773896 9.29950469066201 10.631361132384397 10.582752289711127 10.66836054133315 10.42157298308558 10.151252682408003 9.596360840064376 9.074752517077377 8.804451816724336 9.118213343273707 9.399053333906435 9.595689407465619 9.71125519062381 -9999 -9999 -9999
-9999 -9999 -9999 -9999 -9999 -9999 -9999 -9999 -9999 -9999 -9999 -9999 -9999 -9999 -9999 -9999 -9999 -9999 -9999 -9999 16.01709088468354 13.167246247764508 12.789600427109598 11.366565963129547 10.918346481574003 8.356685846662886 8.066803233844851 7.320502214128207 7.972260009912207 7.855562158406093 7.939550167716937 8.154893447269684 8.00480757026643 8.396455572078995 8.62402211752818 8.856240095986774 9.571187736793243 10.0911008015236 10.55577244859383 10.174369543882818 9.994198227737991 9.968044723513414 9.547937137170276 9.201811195102414 8.686807466161817 8.312673854385569 8.254013422433962 8.537116867381854 9.090123758720852 9.758930382733519 -9999 -9999
-9999 -9999 -9999 -9999 -9999 -9999 -9999 -9999 -9999 -9999 -9999 -9999 -9999 -9999 -9999 -9999 -9999 -9999 -9999 -9999 -9999 11.164597321540523 9.72407165766226 9.550055422378108 7.960928527636505 8.8465344398099 8.153912792821096 7.557784508236568 7.677221179260613 8.357256820014774 9.079885124247769 9.443387326982153 9.4183790294668 10.111002502989882 9.983489463803918 9.77136294148041 9.90817915514272 10.023235468948867 9.766570958145039 10.004667974078696 9.987003235715118 9.593142395564767 9.692119625055415 9.617722801106872 11.464298232831178 9.772557829627251 9.124661983327814 9.651151118393386 10.146503621740584 -9999 -9999 -9999
-9999 -9999 -9999 -9999 -9999 -9999 -9999 -9999 -9999 -9999 -9999 -9999 -9999 -9999 -9999 -9999 -9999 -9999 -9999 11.498928939759455 10.537126885740612 9.014754453686775 7.746010306462318 6.782730056413546 6.896951390847079 7.062490726608808 7.1184060123858455 7.540355719912403 7.936209612249639 8.371654093180865 8.613666254937979 8.80795670443368 9.397634913331652 9.43137829667162 9.27549025422899 8.996019634348249 8.968501631362159 8.805464344208119 8.140785058100231 8.037382511089312 8.024473410654611 8.348828533066161 10.89039035334072 11.310605777545824 10.901884454755514 11.0376466725544 8.994932080276675 9.247180798814863 10.010144604362033 10.56050192571175 9.765775352103804 -9999
-9999 -9999 -9999 -9999 -9999 -9999 -9999 -9999 -9999 -9999 -9999 -9999 -9999 -9999 -9999 -9999 -9999 -9999 11.903641945022812 9.658442921958304 8.672914555230726 7.434811888269932 7.169717348787341 6.384342842059174 6.309516577764097 6.8533507794278 6.848284015136168 6.907134091598128 7.407392414632263 6.906477567496508 6.7662552816253925 7.211765852660059 7.955200616784206 7.7904155265845025 7.913358987200503 8.356850774872036 8.119991381209916 7.579899533103434 7.617967543620328 10.828418349248373 10.722802246912638 11.272251372596461 11.126724049798113 11.205503504564087 10.872229953270981 11.134704011909315 11.002005269961867 8.92286698787921 9.282869896600756 10.325025795857098 10.576948752787784 -9999
-9999 -9999 -9999 -9999 -9999 -9999 -9999 -9999 -9999 -9999 -9999 -9999 -9999 -9999 -9999 -9999 -9999 8.303003743835196 7.231718941743533 8.09136457267636 7.985962113826897 7.195921620543611 7.441413397644053 7.784983960508285 7.889912184122634 7.391306531936003 6.903656987243678 6.949172644131224 7.198175730002875 7.215594195359299 6.606722824053278 6.898253592615272 6.879322665496355 6.586074957785731 6.3083239746312145 6.108551151556501 6.4731083169914045 6.750843071525023 9.49041064072626 10.127555767444694 10.522850239676098 10.85139370646379 10.662364004766896 12.178710515075426 12.181606727004347 12.621048175961027 12.170937914173631 12.8436280620176 13.258273212673386 13.292746916468824 -9999 -9999
-9999 -9999 -9999 -9999 -9999 -9999 -9999 -9999 -9999 -9999 -9999 -9999 -9999 12.927924387462248 12.900809116261122 12.012316686634483 9.658702590102218 8.475296342030989 7.877670479122214 8.051335839053236 7.6048074348086345 7.345477338902956 7.655011697695774 7.321092794657606 7.219846896640153 7.513277268359755 6.607552930747546 6.4092158724778505 6.190629969574507 6.484404854725423 6.4744979088734445 6.552724341438711 6.483956776818345 7.012087928968481 7.000395180705215 6.886041281414182 9.550637201370836 9.621719359573225 9.578214491963141 9.728279751450113 9.955167135650148 10.454718913182786 10.851788341507316 12.43625869954893 12.488010414163627 12.799143280977757 12.302764697458393 13.223353442501011 13.206844134499743 13.963158900943206 14.127570199934036 -9999
-9999 -9999 -9999 -9999 -9999 -9999 -9999 -9999 -9999 -9999 -9999 -9999 -9999 12.392378514380678 10.83489627772244 9.786126542221336 8.886295808900734 8.699972362805534 8.454398508982456 7.755216893236392 7.354259788222637 7.458500125050922 7.564903782001315 6.7637308395210525 6.855979283973961 7.172154892993619 6.669629351613425 7.043835755337996 7.4129538946862334 7.314756851750528 8.679902473056089 6.9578216799540815 7.103925571008839 7.256482459534954 7.187070014064852 7.9296898866259085 10.39708870965737 10.338598786616897 10.295415825878882 9.522932649427995 9.581780798008094 10.895934791496439 11.376766212292715 11.7164163718959 12.335318467075313 11.975028376698296 11.524697318365345 12.12364969471798 12.310499958208506 12.543552187191414 14.315989541569955 14.756424797568364
-9999 -9999 -9999 -9999 -9999 -9999 -9999 -9999 -9999 -9999 -9999 -9999 -9999 9.43565420749464 8.802435382357988 8.487756292367235 8.69715887559571 8.730371985033981 8.780069953199503 8.173912130094763 8.533471902680203 7.572132696570902 7.762098235273495 7.148907951276749 7.126960528318713 6.438287830783743 6.309945810606773 -9999 6.009145252378168 6.2894933513953415 6.4625707419091345 6.426327039865535 6.362169050766022 6.7569222858757 7.142050608928577 8.48663505037082 8.625596944392363 9.454120705014848 9.09910585571108 8.86833615011812 9.878820038510415 15.981760085879015 17.610142984623288 17.597425868669895 -9999 -9999 -9999 -9999 -9999 -9999 -9999 -9999
-9999 -9999 -9999 -9999 -9999 -9999 -9999 -9999 -9999 -9999 -9999 -9999 -9999 8.852874708652099 8.653372492053037 8.886837258894278 9.282925615791564 8.756800878887043 8.891754426365141 9.410870293228509 9.275903567334256 8.9619473660598 9.108645698159838 8.338671799101766 7.479773173704508 7.021721599944682 6.552423915312858 6.070553611649539 6.083564214505202 7.677589927127785 7.474358351865798 6.3411044039859 6.399921994707383 7.581767019832046 7.444061088210568 8.840445191926694 9.035591682899577 9.11256997309526 9.434637151841516 10.431956332496227 10.072945596730275 -9999 -9999 -9999 -9999 -9999 -9999 -9999 -9999 -9999 -9999 -9999
-9999 -9999 -9999 -9999 -9999 -9999 -9999 -9999 -9999 -9999 -9999 -9999 10.465131823040872 8.745471417792162 8.793884044307564 9.334315341003409 9.738606074081288 9.713178794496072 11.267928211939486 11.578030702780216 12.150201824747029 12.560346000737555 9.27927569437526 8.944938246395283 9.39781310930937 8.665234537085173 10.861632590025748 10.486375689195963 9.985184270653717 8.921642664018655 9.348851605372587 8.736253436731154 8.653071831373074 8.675227814983769 9.058288345668382 9.494376966907184 9.626671055955462 8.718249960285332 10.072279168107713 11.031002728866714 11.828222232827173 -9999 -9999 -9999 -9999 -9999 -9999 -9999 -9999 -9999 -9999 -9999
-9999 -9999 -9999 -9999 -9999 -9999 -9999 -9999 -9999 -9999 -9999 7.832308398439247 7.909441021794068 8.246388501141556 8.88159699414068 9.16960316011961 9.810396266898126 11.26725115695526 12.582726813654338 11.272469183424684 12.144993648385944 12.488909590397752 12.074947067530365 8.648854831352105 8.732560497822965 7.200090545920352 7.325214705039178 7.807983033972719 10.076335965543489 9.467229489911482 9.33704912150651 9.445921330434825 9.708322305755654 9.159562605360248 10.13473149797528 8.731665269525525 8.703648105183253 9.083886459888369 10.312307036611301 11.70748545031866 -9999 -9999 -9999 -9999 -9999 -9999 -9999 -9999 -9999 -9999 -9999 -9999
-9999 -9999 -9999 -9999 -9999 -9999 -9999 -9999 -9999 -9999 9.195287285220244 9.09354616775232 9.271319037558527 9.494158555863306 9.76024105320124 11.199990142635908 11.928716893678596 12.339326689530782 11.091279679467409 11.264085480410545 11.448508966310287 11.855948569279265 11.768912038273516 8.519805830663595 8.493027240094957 7.745548492348959 8.718193366502984 8.211617352828307 8.338192774685032 9.1708563021818 8.421468327866512 8.579154071334187 9.069059233090409 8.48630967012889 8.410061937200116 8.304585670095532 8.453000695471369 9.939498401264128 10.665782907068609 -9999 -9999 -9999 -9999 -9999 -9999 -9999 -9999 -9999 -9999 -9999 -9999 -9999
-9999 -9999 -9999 -9999 -9999 -9999 -9999 -9999 -9999 -9999 -9999 -9999 10.506799458405759 10.161773302900604 9.99909555666948 10.188012541066255 11.217158296042598 11.642961579319188 10.925370605306153 11.325404626834509 10.96238441666866 11.25322750740568 11.07162769967449 11.482131018112426 11.575235263594008 10.871394398316061 10.67211263289383 10.496903459954394 11.798883069579134 10.499413751256515 10.226023491380738 9.529568144701603 9.03532385056898 8.756149151132686 8.957549433286834 8.843522805051911 10.01133670750426 14.254548556740446 16.3313446476954 17.28225243609736 -9999 -9999 -9999 -9999 -9999 -9999 -9999 -9999 -9999 -9999 -9999 -9999
-9999 -9999 -9999 -9999 -9999 -9999 -9999 -9999 -9999 -9999 -9999 9.987589270663324 10.381424692046963 10.217486588649916 10.342251826787246 10.323710013881746 10.386620576771497 10.427168835104736 10.459759924331664 11.475002264556144 11.40260417502963 11.142008994152468 12.17897960989883 12.645417983440158 12.504783765108456 12.52717457721932 12.339753243584587 12.288244793534703 12.016388430771304 11.212732951265972 10.540887738274014 10.614708715197102 9.953588095575524 9.757235253040138 12.348314997307625 13.072888543154061 14.139229021105375 15.479463431742426 17.432789270693053 -9999 -9999 -9999 -9999 -9999 -9999 -9999 -9999 -9999 -9999 -9999 -9999 -9999
-9999 -9999 -9999 -9999 -9999 8.030160844827334 7.870263132669828 7.927428538453071 8.27473929705599 8.499539224210277 8.674129303761227 8.841318258932588 9.014014733131413 9.996563627161349 9.683789010955872 9.546777528810498 9.759751888207301 9.727765953104406 10.038639778459583 10.83620887285963 11.077273015979571 12.180985226159775 12.426781742658914 13.328362412563749 13.921048206766772 12.778666660618976 11.803971935825825 11.541756876259672 11.654210884738026 11.193581435155645 10.44223565453944 10.585113912399793 12.617380412101898 12.877644254638248 13.589084589120136 15.332005464883373 15.884938375241376 16.238459601751092 -9999 -9999 -9999 -9999 -9999 -9999 -9999 -9999 -9999 -9999 -9999 -9999 -9999 -9999
-9999 -9999 -9999 -9999 7.652174629354937 7.238597692505838 7.485957755619289 7.554804168400095 7.966806679020581 8.963344757560042 8.27585435072186 8.216864894940322 8.382574941277621 8.544450495367242 9.300422376032156 9.279122721665622 9.30330322643806 8.98146218271416 9.283954736554646 9.454146856868368 9.554238667250077 10.593896509105242 11.05464233846416 11.190031188431096 11.04280584791984 11.043024291916378 11.640782830990787 11.735932091282566 12.16825961532892 11.654007367132428 12.655601218371599 13.92501247991385 14.485040283497678 14.873524278706466 16.102218862922435 -9999 -9999 -9999 -9999 -9999 -9999 -9999 -9999 -9999 -9999 -9999 -9999 -9999 -9999 -9999 -9999 -9999
-9999 -9999 -9999 7.073004888454242 6.980753895850393 6.3254020046184 5.960767958639577 5.816850232345481 6.255717110225255 6.387738472021255 6.663557658580286 7.314442921121914 7.655263484090092 8.376343704805182 8.377708599809223 8.412567596150051 8.774609828364902 8.631393198565162 8.65848364414868 8.907044994844329 10.224873323427609 10.640216350124515 10.99686767153492 10.842546397623478 10.55480362514284 10.09275682156998 10.354813617966904 10.998009148369961 13.355347610580592 14.225134818292375 15.325726454196243 -9999 -9999 -9999 -9999 -9999 -9999 -9999 -9999 -9999 -9999 -9999 -9999 -9999 -9999 -9999 -9999 -9999 -9999 -9999 -9999 -9999
-9999 -9999 -9999 7.962651870904845 8.90604035640968 9.174357772602628 8.475470442569726 7.828728547794608 7.855813240427112 7.984618588137435 8.151312680886011 7.93493776910169 8.230528428519042 8.07028896994843 8.798246848647057 8.931684739458461 8.945641486965151 8.708358736705797 8.807320915757206 9.375694971771118 9.392008661547047 9.811811951293214 10.706230841225953 10.876701717941566 10.521002604725972 10.974153753673857 11.467720819569713 13.979362149902773 20.36860280319004 -9999 -9999 -9999 -9999 -9999 -9999 -9999 -9999 -9999 -9999 -9999 -9999 -9999 -9999 -9999 -9999 -9999 -9999 -9999 -9999 -9999 -9999 -9999
-9999 -9999 -9999 7.987151890705843 9.801871192240654 10.804114495443793 10.965691224900766 10.440403129029145 9.96895112356742 9.411643633585971 9.088697975484068 9.47260939527149 9.4668718501216 9.431108442644453 9.487793510914738 9.498685673866252 9.564478397007822 9.384193839658233 9.225353377826023 9.21419514701195 9.661043139282251 9.522057643105297 10.915573372628165 11.448822280085627 12.192953281239474 11.810342014213841 -9999 16.320617046406642 -9999 -9999 -9999 -9999 -9999 -9999 -9999 -9999 -9999 -9999 -9999 -9999 -9999 -9999 -9999 -9999 -9999 -9999 -9999 -9999 -9999 -9999 -9999 -9999
-9999 -9999 -9999 8.271025685163252 9.824428403894169 9.859103312046381 9.81324135727466 9.885809417195047 9.65859777226391 9.897180702032136 9.623087151778039 9.86081094195282 10.454071238882298 10.653683357634987 9.144154669694082 9.32206671387788 9.280446470571569 9.635487168809233 10.067417884749524 10.087530997882226 10.127856442553632 9.515595311622633 10.167602914076637 20.07757536249025 20.925771050882176 21.455428691438215 22.608152839365918 -9999 -9999 -9999 -9999 -9999 -9999 -9999 -9999 -9999 -9999 -9999 -9999 -9999 -9999 -9999 -9999 -9999 -9999 -9999 -9999 -9999 -9999 -9999 -9999 -9999
-9999 -9999 -9999 -9999 9.57157939408972 9.406679961664231 9.84852143768515 10.127050226335045 10.592656816946613 10.69865306077451 10.468719475345091 10.304889950280662 10.191353551402178 10.294025597346533 10.356474506802288 9.530853438898797 9.64079795400826 10.120168683564033 10.347242218801076 10.494958649274823 10.499766986155963 9.592696271400092 10.640012339964251 20.621000398063003 -9999 -9999 -9999 -9999 -9999 -9999 -9999 -9999 -9999 -9999 -9999 -9999 -9999 -9999 -9999 -9999 -9999 -9999 -9999 -9999 -9999 -9999 -9999 -9999 -9999 -9999 -9999 -9999
-9999 -9999 -9999 -9999 9.633692719094972 9.74268443974677 9.655910458276834 10.34902484199154 10.198900295993683 10.117535918712843 10.061715927478332 10.142221745330898 9.931469524875855 10.267547480827767 10.196171984218708 9.6869473716521 9.767678169220048 9.900091010402706 10.598651770495195 10.883278763748024 10.79473456186933 11.03478150082071 13.038172441595595 15.303779157634592 21.31930681966577 -9999 -9999 -9999 -9999 -9999 -9999 -9999 -9999 -9999 -9999 -9999 -9999 -9999 -9999 -9999 -9999 -9999 -9999 -9999 -9999 -9999 -9999 -9999 -9999 -9999 -9999 -9999
-9999 -9999 -9999 -9999 9.822371598789026 9.728037835801322 10.078628369029278 9.932806400769515 9.611841460225197 9.509312189619754 9.843475725656008 9.96825767417657 10.089468017854506 10.003768061763779 10.153108368113227 10.2000954485081 10.547164803124046 10.405215043431896 10.437683398946502 11.339989779484599 11.155927616986537 11.398885755086786 13.364239791697939 15.512097964413645 -9999 -9999 -9999 -9999 -9999 -9999 -9999 -9999 -9999 -9999 -9999 -9999 -9999 -9999 -9999 -9999 -9999 -9999 -9999 -9999 -9999 -9999 -9999 -9999 -9999 -9999 -9999 -9999
-9999 -9999 -9999 -9999 10.888546396267364 11.143845123416376 10.736971897121133 10.130952016762851 9.159293502870806 9.84882761056079 9.70064264094237 9.555490786805763 9.464378349230241 9.315996588853649 9.63397906225891 10.135355807741584 10.448981303024556 10.767976617259018 10.706627321474762 11.313319489087968 11.644711823459284 13.094775935447206 14.398671779784756 -9999 -9999 -9999 -9999 -9999 -9999 -9999 -9999 -9999 -9999 -9999 -9999 -9999 -9999 -9999 -9999 -9999 -9999 -9999 -9999 -9999 -9999 -9999 -9999 -9999 -9999 -9999 -9999 -9999
