metrics/grid_rasters/CCI Active/grideval_CCI Active_X_spring_2016_absolute_bias.asc
ncols 52
nrows 55
xllcorner     11.25
yllcorner     55.25
cellsize      0.25
NODATA_value  -9999
[rows 0 to 29 of 55, columns 0 to 51 of 52]
-9999 -9999 -9999 -9999 -9999 -9999 -9999 -9999 -9999 -9999 -9999 -9999 -9999 -9999 -9999 -9999 -9999 -9999 -9999 -9999 -9999 -9999 -9999 -9999 -9999 -9999 -9999 -9999 -9999 -9999 -9999 -9999 -9999 -9999 -9999 -9999 -61.2292432313164 -63.728822357379464 -62.54090471938253 -9999 -9999 -9999 -9999 -9999 -9999 -9999 -9999 -9999 -9999 -9999 -9999 -9999
-9999 -9999 -9999 -9999 -9999 -9999 -9999 -9999 -9999 -9999 -9999 -9999 -9999 -9999 -9999 -9999 -9999 -9999 -9999 -9999 -9999 -9999 -9999 -9999 -9999 -9999 -9999 -9999 -9999 -9999 -9999 -9999 -9999 -9999 -9999 -9999 -65.77372774295509 -69.1611626688391 -70.10713387762799 -69.14549565942664 -70.7235228278135 -72.12267263233663 -9999 -9999 -9999 -9999 -9999 -9999 -9999 -9999 -9999 -9999
-9999 -9999 -9999 -9999 -9999 -9999 -9999 -9999 -9999 -9999 -9999 -9999 -9999 -9999 -9999 -9999 -9999 -9999 -9999 -9999 -9999 -9999 -9999 -9999 -9999 -9999 -9999 -33.845215028838105 -39.97340317169825 -42.13295419727053 -42.133728069067004 -43.10872745513916 -41.638517374793686 -47.16154716203087 -9999 -60.02882422010104 -65.23740060556503 -70.56994989365339 -73.65395271405578 -75.75949301719666 -74.25159089470452 -74.582430665493 -75.01594127542697 -73.28761328088827 -74.47844722519318 -75.31106637368597 -9999 -9999 -9999 -9999 -9999 -9999
-9999 -9999 -9999 -9999 -9999 -9999 -9999 -9999 -9999 -9999 -9999 -9999 -9999 -9999 -9999 -9999 -9999 -9999 -9999 -9999 -9999 -9999 -9999 -9999 -9999 -9999 -9999 -31.44782875478268 -49.6999338226659 -48.28423392346927 -46.9745147138834 -43.90367278030941 -44.957305510838836 -47.562756814683475 -54.92010555386543 -60.868316123882934 -63.9690482378006 -66.28114101241032 -67.84298882400617 -67.07322179789053 -68.32740758810982 -69.94608420878649 -71.17223711162805 -71.3541674648722 -70.87411218727458 -70.38410949039049 -70.96790586720253 -72.65619540799942 -9999 -9999 -9999 -9999
-9999 -9999 -9999 -9999 -9999 -9999 -9999 -9999 -9999 -9999 -9999 -9999 -9999 -9999 -9999 -9999 -9999 -9999 -9999 -9999 -9999 -9999 -36.55220520138741 -42.66822676225142 -63.197813591131805 -68.91057809856203 -65.46938259260995 -56.78457599878311 -50.32666304707527 -56.36107191443443 -55.9409654662013 -53.401287036783565 -55.09941514274654 -56.40748090147972 -58.32778669595719 -61.29690810832484 -63.78071589094977 -65.21677531121355 -66.81905843799605 -67.57381561880602 -68.9312003358747 -70.2913679968227 -70.2104234510299 -70.81786262144645 -70.50673621680055 -70.69004811633091 -73.11139033362271 -76.12482780556788 -78.33081710338594 -9999 -9999 -9999
-9999 -9999 -9999 -9999 -9999 -9999 -9999 -9999 -9999 -9999 -9999 -9999 -9999 -9999 -9999 -9999 -9999 -9999 -9999 -9999 -9999 -47.134524371624 -57.066619794158385 -59.052640052402715 -72.56451231241226 -70.13808562792838 -64.71558303634326 -51.25070845655033 -47.31279877370054 -48.72259271144867 -54.5430480182171 -58.96815627029068 -62.537675167384904 -64.62477633831176 -64.22832046502403 -64.79704847726329 -65.7345241693587 -66.1464776317589 -66.13415791225782 -66.6583626896143 -67.80237011441163 -68.9069283732346 -72.11667805910109 -74.66193972031277 -74.49552176947947 -78.45208755394688 -79.01274722001769 -79.79879296961285 -78.96636982333092 -9999 -9999 -9999
-9999 -9999 -9999 -9999 -9999 -9999 -9999 -9999 -9999 -9999 -9999 -9999 -9999 -9999 -9999 -9999 -9999 -9999 -9999 -9999 -45.045544870770904 -55.74695794284344 -70.98094420300589 -70.87324929925111 -74.2211649389494 -73.00601600110531 -53.47303777337074 -45.44443379839262 -45.828727533419936 -47.78404537544531 -53.448872600164684 -59.95112050595608 -63.04449362534544 -66.75866777201493 -67.63708670322711 -67.58216715202882 -66.62247776010861 -65.19349113532475 -65.99183135586125 -67.7436963607158 -69.51319548647318 -70.74696176552347 -74.74554553687571 -79.05565236237916 -80.27654804937218 -81.66815532549569 -81.2525034070015 -80.84120972339925 -80.50832802859637 -79.69113655904165 -9999 -9999
-9999 -9999 -9999 -9999 -9999 -9999 -9999 -9999 -9999 -9999 -9999 -9999 -9999 -9999 -9999 -9999 -9999 -9999 -9999 -9999 -9999 -62.74929954856634 -66.87311137857891 -72.36593382498798 -68.08041151364644 -54.290158636868 -55.01652828603983 -49.2190523147583 -54.64933692983219 -55.40108090918511 -55.5936557021406 -56.927913235766546 -61.22276023745537 -65.79992307837192 -68.74173064186023 -69.10348682735976 -69.14750250371603 -68.46684364630626 -67.49776116492492 -68.40480818316854 -71.06809853815606 -74.0633387008439 -76.03427443585612 -76.065816488117 -76.59235937148333 -77.42751309754594 -78.22630703662124 -79.02925705413023 -78.45855619730773 -9999 -9999 -9999
-9999 -9999 -9999 -9999 -9999 -9999 -9999 -9999 -9999 -9999 -9999 -9999 -9999 -9999 -9999 -9999 -9999 -9999 -9999 -54.705200747532 -70.51830808474467 -73.05486538509528 -71.31853957687106 -61.48844984173775 -59.30095303654671 -54.56133427538654 -56.59410520394643 -59.06268484890461 -61.86240093729326 -63.76178944798615 -66.87958239444664 -64.9919844450135 -65.42887156998569 -65.17327929058901 -66.49100038008048 -68.56254873940578 -70.71431948781013 -71.54197964301477 -72.16324610435045 -73.04322889074683 -73.19620944429998 -73.10640697440375 -72.02295303745913 -72.24121206253767 -72.34647736725985 -73.20570863304394 -75.12633274881928 -75.06090411703502 -75.12777752015326 -75.29447537144789 -74.73972135175157 -9999
-9999 -9999 -9999 -9999 -9999 -9999 -9999 -9999 -9999 -9999 -9999 -9999 -9999 -9999 -9999 -9999 -9999 -9999 -60.52574671804905 -60.76347233355045 -60.34707298378149 -64.23128939487718 -59.44625076380643 -62.04677737876773 -62.77588457614184 -63.28319530074413 -63.548261538147926 -65.72258445214142 -67.91911452737722 -70.20013923265718 -69.62721170378583 -67.83333913668206 -67.86877195062962 -69.55552275904587 -70.24008282593319 -71.08070370058219 -72.12511798100813 -72.75369482843772 -73.57627654658711 -74.12824251367287 -72.9687216281891 -71.5375420399334 -70.25536129713059 -70.3205372971984 -70.48855336010456 -71.2801813080355 -71.62460171251463 -72.10468409544436 -71.86289621838208 -71.48208052022706 -71.49012934256878 -9999
-9999 -9999 -9999 -9999 -9999 -9999 -9999 -9999 -9999 -9999 -9999 -9999 -9999 -9999 -9999 -9999 -9999 -62.23816259702048 -59.09311944246292 -56.46991103887558 -59.74763821065426 -62.001345879265244 -64.9606861491998 -66.13031120598315 -66.69802528087583 -66.64564161690382 -66.63589479716924 -67.56416329617302 -68.56637634461124 -69.61437093409208 -68.98298550290721 -68.88877502580482 -68.21592921193908 -66.81816660070962 -67.94837690347975 -68.51793092489243 -68.6968691778183 -68.3355667276515 -68.81862010700361 -69.11376009668622 -69.4506550254645 -69.98664791285992 -70.64195294305681 -70.02869366882024 -70.3722774386406 -69.89630499216062 -68.76022693663836 -68.81268299619357 -68.62581792374452 -69.15225729449044 -9999 -9999
-9999 -9999 -9999 -9999 -9999 -9999 -9999 -9999 -9999 -9999 -9999 -9999 -9999 -49.23851590752603 -54.76780950278044 -60.50082862377167 -63.91256904602051 -66.59166851639748 -64.4242112338543 -58.590197222100365 -62.46405324339866 -65.80523405472438 -66.96449323269454 -68.14445378157225 -66.94999399093481 -66.69774230676039 -66.51730788250764 -66.66625101466974 -66.67576355487108 -68.387100704511 -69.36413794557254 -68.97511544264853 -68.26319905063686 -67.5456612329734 -67.05366670464474 -68.44974504224956 -69.80712684108452 -71.30853853021797 -70.50958887056301 -69.67358099222183 -69.30937600284815 -69.48944513350725 -69.76184639558195 -69.8730247579515 -69.60862031057476 -69.72947956856929 -70.15273703007321 -70.27976912160715 -69.64089519223747 -70.02407347498571 -70.87200632340767 -9999
-9999 -9999 -9999 -9999 -9999 -9999 -9999 -9999 -9999 -9999 -9999 -9999 -9999 -53.4344182536006 -54.10170959830284 -58.04508537283311 -62.20028270035982 -62.30795633296172 -61.488116501768424 -60.84200868281451 -58.311798263679854 -60.610920616171576 -64.35231706624228 -66.47393879867515 -67.15695556004842 -68.56162682803054 -70.42286033457832 -70.6359806586253 -70.09094213098288 -70.35362228999536 -70.53974559552529 -70.12146022366849 -69.82797390287337 -70.39845963815849 -69.53011616021395 -69.51703072122989 -69.58289632970288 -69.14123286354926 -69.35780943334103 -69.55730281258002 -69.35755076110362 -69.36590443632086 -69.76100460191567 -69.58737139817741 -69.78041254115455 -69.94890818744898 -68.69277924661701 -68.96188583514757 -69.97057161935501 -71.131120386223 -73.53925475434345 -74.53381877144176
-9999 -9999 -9999 -9999 -9999 -9999 -9999 -9999 -9999 -9999 -9999 -9999 -9999 -55.9417437977261 -63.109101389583785 -64.01351384208961 -64.62362079931931 -65.28815831040794 -64.93949130252004 -63.832120679892036 -65.8758480809629 -67.2878001704812 -68.03108620271087 -66.28009068500249 -65.71949338032441 -68.06177065294722 -70.78041195869444 -9999 -72.46397010361154 -71.29049329521756 -71.0354450593392 -70.7704171879838 -70.71048897275557 -70.916628364187 -70.84312288794253 -69.67736015021801 -68.67762275505811 -68.59146183123812 -68.93640847639604 -70.17694384020729 -71.32598360849394 -71.60285350640079 -70.67474852985626 -69.25992209001167 -9999 -9999 -9999 -9999 -9999 -9999 -9999 -9999
-9999 -9999 -9999 -9999 -9999 -9999 -9999 -9999 -9999 -9999 -9999 -9999 -9999 -65.28758138810333 -66.83367941731757 -67.74382432550192 -67.0265537173975 -67.0384869591186 -67.37292597774002 -68.59990371534458 -68.10228532738984 -67.7267618132265 -68.32248675003648 -67.52305213294245 -67.6639824283123 -70.03215402426821 -71.61001577556134 -72.52588428795337 -71.73865731391642 -71.61825296337958 -71.12695076050503 -71.21060886127609 -71.8341101908258 -72.0967429897615 -71.00182013760009 -70.42201308238096 -69.14351045290628 -68.25956297758968 -69.26241546455357 -70.77925063226674 -72.0805932279374 -9999 -9999 -9999 -9999 -9999 -9999 -9999 -9999 -9999 -9999 -9999
-9999 -9999 -9999 -9999 -9999 -9999 -9999 -9999 -9999 -9999 -9999 -9999 -64.54670317471027 -65.15549123637817 -64.21493641734124 -64.14005009220405 -64.03954656557603 -66.15258358832862 -64.78141246934733 -68.61341170767943 -66.93084167350422 -68.98421490311623 -70.12491584168029 -70.65336709331584 -71.1941550578232 -72.20513298886794 -72.495425996957 -72.87811977530902 -72.19226777774317 -71.02071423109236 -70.8832704748573 -71.08093995004893 -71.99846165378887 -72.88097407817841 -72.83804088880619 -71.73551143507161 -70.18141295151277 -69.55523774565921 -70.09591173587575 -70.06400473001929 -69.87771350973182 -9999 -9999 -9999 -9999 -9999 -9999 -9999 -9999 -9999 -9999 -9999
-9999 -9999 -9999 -9999 -9999 -9999 -9999 -9999 -9999 -9999 -9999 -59.736598376716884 -61.987437755746 -64.31064680760556 -62.668060382207244 -62.75533874603835 -60.46515411777155 -65.32517988660506 -67.87330677939786 -68.86796414269054 -70.37280039010304 -71.74097275733949 -72.87610996195248 -72.49208717253701 -72.40233756499043 -72.30773564130068 -72.66951326881686 -72.927500275895 -72.40017703898025 -71.89731597945546 -71.52763252637602 -71.26797907054423 -71.58540690032875 -72.46726403385402 -72.55787291998666 -71.90797267939364 -71.61213293075562 -71.06628249792591 -69.57312112066306 -67.84723464782174 -9999 -9999 -9999 -9999 -9999 -9999 -9999 -9999 -9999 -9999 -9999 -9999
-9999 -9999 -9999 -9999 -9999 -9999 -9999 -9999 -9999 -9999 -63.81488657710345 -63.33771661194888 -62.819789598611266 -61.76335902735591 -63.251518157621234 -63.38132679233185 -65.56875998846122 -67.11697043949053 -70.27207708553128 -70.89615082315036 -72.68659641859787 -74.69419406407646 -75.78050426872713 -75.19865550717404 -74.4125103477774 -73.27781045635541 -72.81597873428836 -72.83377595618367 -72.79271128986564 -73.30607132741383 -73.46026799827814 -72.84705493336214 -72.29371179289677 -71.88258544769552 -72.02870637263571 -71.58708162646036 -71.51995143708255 -70.4344912255938 -68.31670941718114 -9999 -9999 -9999 -9999 -9999 -9999 -9999 -9999 -9999 -9999 -9999 -9999 -9999
-9999 -9999 -9999 -9999 -9999 -9999 -9999 -9999 -9999 -9999 -9999 -9999 -65.36060555634046 -65.7546309005273 -64.61412843543549 -67.8930271756649 -69.11334814184478 -71.0273437546245 -71.57819008628529 -72.38716094243911 -73.60416023979585 -75.0431790347061 -76.33230266936364 -76.9148620487221 -75.57017408267541 -74.4960011754072 -73.50179649618539 -73.49615670243901 -73.02195462824838 -72.50329682486398 -72.57361028790473 -72.09450442620688 -70.38279259808965 -68.93651426643939 -68.59536015584662 -69.37784999733171 -70.24971516116669 -70.58288340623443 -68.48237331211567 -64.7231317601494 -9999 -9999 -9999 -9999 -9999 -9999 -9999 -9999 -9999 -9999 -9999 -9999
-9999 -9999 -9999 -9999 -9999 -9999 -9999 -9999 -9999 -9999 -9999 -60.588363468647 -62.35670044024786 -63.673112544943315 -65.21300121797965 -67.03838064593654 -69.66281386921483 -71.81903611484802 -72.55404945259744 -72.90878955568328 -73.34995272710468 -74.37637748249941 -75.51715264469384 -76.10982418980669 -75.90734165819252 -75.77377543116317 -75.22700617813013 -74.44608934584892 -73.98823368212871 -72.73904772102833 -71.462623327119 -70.38170184774532 -69.16526482999325 -68.29386373468347 -68.56753759517481 -70.39764174131247 -71.74389741952355 -70.23315002869916 -66.80926863285336 -9999 -9999 -9999 -9999 -9999 -9999 -9999 -9999 -9999 -9999 -9999 -9999 -9999
-9999 -9999 -9999 -9999 -9999 -64.81272046587297 -63.8337190206404 -64.1282012835145 -63.17917660397032 -63.221991554779166 -63.38530307306963 -64.9182673677802 -65.90177666267445 -67.06133140530436 -67.99026745089463 -69.20228111059278 -71.04202154631679 -72.83979878182473 -73.17435424343536 -72.53837222419679 -72.50464932162028 -73.20612839530958 -73.37505602426829 -74.21425475105644 -73.99906631894409 -74.30965302753098 -73.53850649910815 -73.56829215586184 -72.34012816473843 -71.30828162343116 -70.8895876721756 -70.1877967723106 -68.69800672454889 -68.35424866101572 -68.19887099663417 -67.81207320475299 -66.6099906142165 -64.70704374685883 -9999 -9999 -9999 -9999 -9999 -9999 -9999 -9999 -9999 -9999 -9999 -9999 -9999 -9999
-9999 -9999 -9999 -9999 -67.3223276090622 -70.5726206820944 -69.17754414562995 -69.3320585435629 -67.1520341582158 -66.95588481502655 -66.27308313097015 -67.31623245307378 -68.78651459319026 -70.25984427528947 -71.62644793171631 -72.36692961081863 -73.41607110761106 -73.74256750829518 -73.62395002849793 -73.3839389162289 -73.52944203936741 -73.27556701357426 -73.13118471625523 -73.94393308656781 -73.41169338790993 -72.51483677758982 -72.39352110235228 -71.92048899063043 -70.84760334820321 -69.91302628368139 -69.61404413093882 -68.23831923057635 -67.01931332924018 -64.75504903772543 -63.94081714823842 -9999 -9999 -9999 -9999 -9999 -9999 -9999 -9999 -9999 -9999 -9999 -9999 -9999 -9999 -9999 -9999 -9999
-9999 -9999 -9999 -67.62205364927651 -69.22061834931374 -69.27858975032966 -68.96665837698512 -66.44955890323665 -65.2529907155296 -64.73005343601108 -65.68734220704253 -67.49661910355091 -69.19716920952004 -70.86434230744838 -71.80583941968197 -72.42342170734297 -73.41044699400662 -73.07512932084501 -72.87420970277907 -72.78385712168155 -72.9301350995114 -72.60304328389465 -71.75316207359235 -71.60233270512386 -71.89329268932343 -70.87192155057338 -68.622312346304 -67.30762639244398 -65.45909609024723 -63.46396631823511 -62.35213411645014 -9999 -9999 -9999 -9999 -9999 -9999 -9999 -9999 -9999 -9999 -9999 -9999 -9999 -9999 -9999 -9999 -9999 -9999 -9999 -9999 -9999
-9999 -9999 -9999 -58.15544610131871 -58.674653227840146 -58.523516058921814 -61.931305557489395 -62.94512398913503 -62.690902474025876 -63.50098687919175 -63.92385250359774 -64.74431560315051 -66.82323101975702 -68.96692198948426 -70.62170960123723 -71.75593908404818 -72.47342375259508 -73.1376539234072 -73.07374350491321 -72.95269478935944 -72.48434421384619 -71.91271328479051 -70.9807212356218 -70.65493883354509 -69.77404238952666 -67.96219383239746 -66.29094277170239 -64.14874930031921 -61.45374530236771 -9999 -9999 -9999 -9999 -9999 -9999 -9999 -9999 -9999 -9999 -9999 -9999 -9999 -9999 -9999 -9999 -9999 -9999 -9999 -9999 -9999 -9999 -9999
-9999 -9999 -9999 -65.28600029461086 -65.22447959085304 -63.381377502491596 -64.27389494621235 -64.49948665294154 -65.23301590255329 -68.2093980030881 -69.73494771083719 -69.35838780339274 -68.5640755246083 -68.7272417101264 -68.94632297815109 -69.33222874936958 -70.4471870786087 -71.80431573710791 -72.12906196042896 -72.91399307313719 -72.62638860940933 -71.40926414728166 -70.55249061452787 -69.49464298209006 -67.9568968953734 -65.3499717934264 -9999 -59.705915586484814 -9999 -9999 -9999 -9999 -9999 -9999 -9999 -9999 -9999 -9999 -9999 -9999 -9999 -9999 -9999 -9999 -9999 -9999 -9999 -9999 -9999 -9999 -9999 -9999
-9999 -9999 -9999 -69.76542658398026 -71.27317459632953 -70.9039714717865 -69.67834965984026 -70.95460938215255 -71.63868982502909 -72.6981054052259 -72.73222059052851 -71.32334921234532 -69.44232894693103 -69.52318845065527 -70.08887330679731 -71.03458612139632 -71.21932892575859 -70.57135419580672 -70.51413652171259 -70.20110806590979 -69.70522495089693 -68.92241554831465 -68.34831943213939 -66.27988752308819 -63.78443001845368 -60.478050149690645 -57.616118471356145 -9999 -9999 -9999 -9999 -9999 -9999 -9999 -9999 -9999 -9999 -9999 -9999 -9999 -9999 -9999 -9999 -9999 -9999 -9999 -9999 -9999 -9999 -9999 -9999 -9999
-9999 -9999 -9999 -9999 -68.49053974822165 -70.64285224676131 -72.89054037988186 -73.15012639043508 -73.46171572632514 -73.47591585264756 -71.03603965427196 -70.63447750990207 -68.68818190627628 -68.39232009098582 -69.62125766536464 -70.82369519154662 -71.85237336531281 -72.01479069680668 -71.34726000858677 -70.05235341754225 -69.33581544232109 -68.20753497158995 -66.42036602083517 -61.71418696807489 -9999 -9999 -9999 -9999 -9999 -9999 -9999 -9999 -9999 -9999 -9999 -9999 -9999 -9999 -9999 -9999 -9999 -9999 -9999 -9999 -9999 -9999 -9999 -9999 -9999 -9999 -9999 -9999
-9999 -9999 -9999 -9999 -70.39625287285217 -73.23275376677512 -74.81378955795216 -75.2086645424366 -74.90847193419933 -71.41717767145704 -70.86217096702354 -72.06429744025934 -71.78159147913152 -70.7042492771027 -70.72003615632347 -71.5135798068071 -72.37565614065777 -73.02309138774872 -72.88674030554566 -72.44841766865416 -70.83710546823947 -70.21077936563803 -68.68112193048 -64.633190941672 -55.78881870548833 -9999 -9999 -9999 -9999 -9999 -9999 -9999 -9999 -9999 -9999 -9999 -9999 -9999 -9999 -9999 -9999 -9999 -9999 -9999 -9999 -9999 -9999 -9999 -9999 -9999 -9999 -9999
-9999 -9999 -9999 -9999 -75.86881406791508 -76.00574825167656 -78.31286358584958 -78.7215261811018 -78.06953510429176 -75.95700184952828 -73.58495973481944 -73.06286985122345 -73.08051581871003 -72.024560008122 -72.59653501973506 -73.62614410888891 -73.7733426930345 -74.06709352310966 -74.36604860546637 -72.39993898341291 -71.07065068888214 -69.99512477891118 -68.42576798207539 -61.121891108709704 -9999 -9999 -9999 -9999 -9999 -9999 -9999 -9999 -9999 -9999 -9999 -9999 -9999 -9999 -9999 -9999 -9999 -9999 -9999 -9999 -9999 -9999 -9999 -9999 -9999 -9999 -9999 -9999
-9999 -9999 -9999 -9999 -77.35307629406451 -75.75407345924113 -76.48476326465607 -78.80490668058395 -79.76305078466733 -77.30943986861145 -77.15933801531791 -77.51736575210917 -77.53414557668671 -77.48244894471239 -75.84446233138442 -76.46837637155521 -74.57740191233401 -74.18784923966116 -74.06076798911364 -73.3337733891827 -72.36691927661498 -69.93411353555592 -68.6590698623941 -9999 -9999 -9999 -9999 -9999 -9999 -9999 -9999 -9999 -9999 -9999 -9999 -9999 -9999 -9999 -9999 -9999 -9999 -9999 -9999 -9999 -9999 -9999 -9999 -9999 -9999 -9999 -9999 -9999
