metrics/grid_rasters/CCI Active/grideval_CCI Active_Y_2016_absolute_bias.asc
ncols 52
nrows 55
xllcorner     11.25
yllcorner     55.25
cellsize      0.25
NODATA_value  -9999
[rows 0 to 29 of 55, columns 0 to 51 of 52]
-9999 -9999 -9999 -9999 -9999 -9999 -9999 -9999 -9999 -9999 -9999 -9999 -9999 -9999 -9999 -9999 -9999 -9999 -9999 -9999 -9999 -9999 -9999 -9999 -9999 -9999 -9999 -9999 -9999 -9999 -9999 -9999 -9999 -9999 -9999 -9999 -81.70827101996622 -82.05060825819099 -81.86222134719294 -9999 -9999 -9999 -9999 -9999 -9999 -9999 -9999 -9999 -9999 -9999 -9999 -9999
-9999 -9999 -9999 -9999 -9999 -9999 -9999 -9999 -9999 -9999 -9999 -9999 -9999 -9999 -9999 -9999 -9999 -9999 -9999 -9999 -9999 -9999 -9999 -9999 -9999 -9999 -9999 -9999 -9999 -9999 -9999 -9999 -9999 -9999 -9999 -9999 -81.7897874562022 -83.29557111018744 -83.21328411094701 -82.24801146478023 -82.05274352393333 -82.07219438368007 -9999 -9999 -9999 -9999 -9999 -9999 -9999 -9999 -9999 -9999
-9999 -9999 -9999 -9999 -9999 -9999 -9999 -9999 -9999 -9999 -9999 -9999 -9999 -9999 -9999 -9999 -9999 -9999 -9999 -9999 -9999 -9999 -9999 -9999 -9999 -9999 -9999 -69.42075070519388 -74.9090425812158 -76.67859830915117 -75.66372975825475 -74.73689822558643 -71.24498408215659 -70.61523520598162 -9999 -75.38399652474456 -79.16480298432303 -82.22607027540296 -83.76053262226006 -84.13462800204013 -83.60112938618067 -82.68856552885678 -82.47792254838012 -81.97054040200752 -82.51430457290905 -82.99357408405034 -9999 -9999 -9999 -9999 -9999 -9999
-9999 -9999 -9999 -9999 -9999 -9999 -9999 -9999 -9999 -9999 -9999 -9999 -9999 -9999 -9999 -9999 -9999 -9999 -9999 -9999 -9999 -9999 -9999 -9999 -9999 -9999 -9999 -78.25223753682889 -81.22973677318762 -80.48595948635246 -76.41252829436516 -72.32745330425715 -68.91962829787357 -67.20078766382771 -69.09031614256493 -71.95943619554694 -74.07695730126956 -76.43177292250535 -77.78078661824581 -78.50840259600302 -79.48585526920813 -79.93925203186 -80.4338498597028 -80.37346303565751 -80.34468495377969 -80.35866449755984 -80.98541957859037 -81.3900498655993 -9999 -9999 -9999 -9999
-9999 -9999 -9999 -9999 -9999 -9999 -9999 -9999 -9999 -9999 -9999 -9999 -9999 -9999 -9999 -9999 -9999 -9999 -9999 -9999 -9999 -9999 -69.63043681797055 -74.22486975961337 -80.28499402763782 -81.70625626714263 -82.60760331974514 -83.19037098156082 -83.5409068677494 -81.32393991072972 -79.30981176973958 -76.29726010198013 -74.96569394475067 -73.6119791026328 -73.04449684360276 -73.30583937412608 -73.54844037953174 -74.03100037445567 -74.7822728890112 -75.98587997602246 -77.20589365729262 -78.94480300256184 -79.8399039654211 -80.0883612832582 -79.9565089057412 -79.70774459583167 -80.12864693517456 -80.86928412749107 -81.39096181012872 -9999 -9999 -9999
-9999 -9999 -9999 -9999 -9999 -9999 -9999 -9999 -9999 -9999 -9999 -9999 -9999 -9999 -9999 -9999 -9999 -9999 -9999 -9999 -9999 -74.6383025292307 -79.32442546522978 -80.7098555561108 -82.71067205800877 -81.20688367744287 -79.1957751298511 -78.22219626423265 -76.10114179967212 -74.96431874770384 -76.27205865322405 -77.75331463406866 -78.42873064414331 -78.55481134783477 -77.65046544000506 -77.06294860915672 -76.08412866101546 -75.42158367070887 -75.1644208424353 -75.5779401379722 -76.55272557026585 -78.15201319373128 -79.98767911110606 -81.76849710001122 -82.13494773120922 -82.82104079976227 -82.73608083614126 -82.49057968549522 -81.61745666902256 -9999 -9999 -9999
-9999 -9999 -9999 -9999 -9999 -9999 -9999 -9999 -9999 -9999 -9999 -9999 -9999 -9999 -9999 -9999 -9999 -9999 -9999 -9999 -73.62098656303581 -79.65109709948301 -82.15268166047154 -82.25948750144906 -82.12581831843231 -80.91398577796559 -77.10591154282584 -74.14354755027571 -70.77963940489212 -70.45984517067474 -72.15667680111763 -74.34123748792335 -76.73682599102858 -78.76201133705952 -79.27435845127444 -77.92609290632367 -76.2590442899546 -74.5143811864307 -74.45329229199525 -75.22274427178753 -76.42621867358685 -77.71995310144253 -79.80843980281266 -81.81802669251337 -83.14430935717888 -84.10325241968128 -84.34227481309647 -83.88539836414022 -83.6242814017077 -82.62075540943913 -9999 -9999
-9999 -9999 -9999 -9999 -9999 -9999 -9999 -9999 -9999 -9999 -9999 -9999 -9999 -9999 -9999 -9999 -9999 -9999 -9999 -9999 -9999 -78.31448560971536 -80.25784121463377 -81.7745121717453 -80.93345562347344 -77.66729274392128 -76.3752276425931 -73.79803140852468 -73.12324258674906 -72.70118371436993 -72.26895240723313 -72.71084522713835 -74.17230667382842 -76.51908659700193 -78.15379286670323 -77.9559086376285 -77.33087779963162 -75.87678427885879 -74.97991628837154 -74.94242323573525 -76.06776673556445 -76.83283113606456 -78.29070753521391 -79.02394327239656 -79.6072633571697 -80.2937406996583 -80.69856593555569 -80.38571997636915 -79.76301376572272 -9999 -9999 -9999
-9999 -9999 -9999 -9999 -9999 -9999 -9999 -9999 -9999 -9999 -9999 -9999 -9999 -9999 -9999 -9999 -9999 -9999 -9999 -78.87788195321637 -81.70386129404818 -82.22928489725057 -81.79269754302268 -81.52178042829037 -79.71795674165091 -76.25173343862923 -73.52844657935202 -71.80150183433129 -71.20213666010876 -71.41800193529706 -71.69183278869133 -71.5355883649998 -71.92588397391937 -72.59976305546182 -73.70948008784936 -75.51366154920487 -76.99721411245312 -77.80944891066262 -77.8957741086076 -77.38349168453321 -76.38430175833079 -75.03859324734889 -74.5415797371623 -74.46410017646849 -74.52894053317064 -74.78784513059041 -75.69775418607179 -75.92121837043122 -76.02985706261985 -76.09257891742695 -75.69681714826987 -9999
-9999 -9999 -9999 -9999 -9999 -9999 -9999 -9999 -9999 -9999 -9999 -9999 -9999 -9999 -9999 -9999 -9999 -9999 -82.81787609610151 -82.42028069579519 -82.01653728916726 -81.11550598303477 -79.88232882070861 -78.71638581007718 -77.34760320266088 -76.4897402155481 -75.77724497112735 -75.3133606314659 -75.10782775965829 -75.01377444186558 -74.40949213414177 -73.63422511440594 -72.98595175277441 -73.29614867779273 -73.37253433893059 -73.9229962220115 -74.80830751840449 -75.63817570873617 -76.58883776377749 -76.44529414894404 -75.0829368339192 -73.42482775403188 -72.08729909850943 -71.65522137850523 -71.14745877396982 -71.31913399439773 -71.61921644025769 -72.25163159901767 -72.5137824567133 -71.97768611552254 -71.62766180182594 -9999
-9999 -9999 -9999 -9999 -9999 -9999 -9999 -9999 -9999 -9999 -9999 -9999 -9999 -9999 -9999 -9999 -9999 -84.28693323970681 -83.2337753787123 -81.06300225651184 -78.81830471227566 -77.37246553560098 -75.8756437441766 -74.05875663171211 -72.45996407711425 -71.32371644118206 -70.94504399485376 -71.26770795405739 -72.02815903121069 -72.71100100462098 -72.82243309615042 -72.13460135588187 -71.27280580627372 -70.02416734725425 -70.57916792061849 -70.59583078959099 -70.75809215339237 -70.75396146235481 -70.99798800002195 -70.98024030746177 -70.96792404353619 -71.26193670531114 -70.61804272039653 -70.05918664638047 -69.2446415183271 -68.19844206906855 -67.52397424018965 -67.69246184567135 -68.02709055883798 -68.58123885582793 -9999 -9999
-9999 -9999 -9999 -9999 -9999 -9999 -9999 -9999 -9999 -9999 -9999 -9999 -9999 -75.38581339930984 -77.68232213086645 -80.57706710019856 -83.22997655217529 -84.18107512273959 -83.06285752397444 -80.55302619346146 -78.36778445937196 -76.60034602166463 -73.62572846371552 -70.99016873176312 -69.54112537626563 -68.91231768269117 -68.65417826397193 -68.7366147518158 -69.06705188884817 -69.75065044170782 -70.56267309259322 -70.25019441902637 -69.77794447671246 -69.27697231261047 -69.33928473473796 -70.29451563094287 -70.28067308882872 -70.09483474684325 -69.09196483028815 -67.94499026831018 -67.20647519728206 -67.04778518611627 -67.14386096517771 -66.88516254348076 -66.72592023936541 -66.91525062899184 -67.3701602153334 -68.04799518202033 -68.40801554615068 -68.86337021131847 -69.42090929164524 -9999
-9999 -9999 -9999 -9999 -9999 -9999 -9999 -9999 -9999 -9999 -9999 -9999 -9999 -75.13120991663196 -75.91389836639993 -76.77291253591447 -78.44118868443486 -79.0114807262536 -78.09799460143812 -76.77055983255441 -73.66862905257054 -71.42235909514639 -69.97960417572823 -69.26447953583879 -70.01836893329738 -70.90348749744648 -71.95584724164334 -72.08271465161627 -72.05937150226417 -72.05391532987574 -72.37761163634849 -72.51204920815725 -72.36138088486982 -72.81941228800676 -72.68182999895723 -72.23491449435804 -70.88164473764644 -70.03355306975635 -69.2456959233336 -68.27687990120272 -67.28527608023076 -67.10046581424335 -66.91145210327471 -66.71942207931775 -66.75341701959924 -66.78070859325503 -65.98351816554167 -66.2450044931921 -67.37849534574677 -69.02137482657152 -70.8645898848772 -71.53317235436509
-9999 -9999 -9999 -9999 -9999 -9999 -9999 -9999 -9999 -9999 -9999 -9999 -9999 -76.69068043411167 -75.62081317920237 -73.63944675181851 -72.64516182252966 -72.39493358375861 -72.13056465247885 -71.32969401381453 -69.91736337316448 -69.45827665531209 -69.18457141348293 -69.02095202474759 -69.87068225956516 -71.96677858989365 -74.76269732188021 -9999 -75.45122326879235 -74.25054040612845 -73.76857690019854 -73.43944369112623 -73.53607279334116 -73.5817896801801 -73.38532818259824 -72.14574644105001 -71.10279441605527 -70.04218921714869 -69.38776509173262 -69.66668425302908 -69.99487855173871 -67.14549813693671 -64.36299900366134 -62.865076324897785 -9999 -9999 -9999 -9999 -9999 -9999 -9999 -9999
-9999 -9999 -9999 -9999 -9999 -9999 -9999 -9999 -9999 -9999 -9999 -9999 -9999 -80.01551047874534 -78.62499758146883 -75.80231872827905 -72.74801770634491 -70.70919498438255 -69.77578426283948 -69.78253133829735 -69.83760055103531 -70.1455844312298 -70.41852100948766 -70.20456899504562 -70.74305359243529 -72.53808745001925 -74.21843694181068 -74.86897824224953 -74.66948881684517 -74.04849337975185 -73.58525899827089 -73.9669642917462 -74.09796356757482 -73.02854424782775 -72.3435996850652 -71.43735941199512 -70.34033584008294 -69.34805183890481 -69.45694599082557 -70.15721585870867 -70.27274031685778 -9999 -9999 -9999 -9999 -9999 -9999 -9999 -9999 -9999 -9999 -9999
-9999 -9999 -9999 -9999 -9999 -9999 -9999 -9999 -9999 -9999 -9999 -9999 -80.90245335743036 -79.73459417124589 -77.13376790396869 -74.0113285643819 -70.75071333762672 -68.83156902414218 -68.21105943212906 -69.35549083548702 -69.85070735712846 -71.16134752066719 -71.8896642307702 -72.17805199609383 -73.03671826643719 -73.87935629712516 -73.63031522018515 -73.38872653522934 -72.53110367983956 -72.18454506916385 -72.42943564998477 -72.33989667558136 -72.48225780922895 -72.84583683602466 -72.84538073520505 -71.74673639728177 -70.57925442189166 -70.1149769570747 -70.20634731153648 -69.61879061925482 -69.0648694580578 -9999 -9999 -9999 -9999 -9999 -9999 -9999 -9999 -9999 -9999 -9999
-9999 -9999 -9999 -9999 -9999 -9999 -9999 -9999 -9999 -9999 -9999 -72.56067120018061 -73.16371665268045 -73.41328207748694 -72.22135849809274 -69.54353923919778 -67.65397505203883 -67.72528371949856 -68.89607282663813 -70.44430879742102 -71.7269700080911 -72.99346541329737 -73.80095183637835 -74.23013564135904 -74.1225699461948 -74.42654786278288 -74.24531564644035 -74.2046442558989 -72.35540721883497 -71.80379137787514 -71.76720476699022 -71.51617265329128 -71.5275026437748 -72.4849623275315 -73.07283862333121 -72.14713324328757 -71.45795363401939 -70.33418435723839 -67.96475300324313 -65.78189792426046 -9999 -9999 -9999 -9999 -9999 -9999 -9999 -9999 -9999 -9999 -9999 -9999
-9999 -9999 -9999 -9999 -9999 -9999 -9999 -9999 -9999 -9999 -71.3999635773664 -70.18238744165363 -69.59076558854538 -68.23217572436377 -67.10052876999168 -66.2820640969158 -66.94324029753605 -68.31237069278761 -70.810946578039 -72.50335061569123 -73.89494241462856 -75.4276698603283 -76.35679204637005 -76.43985927902885 -75.97311263092054 -75.46360944999252 -74.88282997291535 -73.99843187942919 -73.91328362805874 -73.52870875231328 -73.63896821430009 -72.92447920116511 -72.71735718864494 -72.4018496988205 -72.14063750152573 -71.66877245211175 -70.94252452343522 -69.0995226684054 -65.89033442110508 -9999 -9999 -9999 -9999 -9999 -9999 -9999 -9999 -9999 -9999 -9999 -9999 -9999
-9999 -9999 -9999 -9999 -9999 -9999 -9999 -9999 -9999 -9999 -9999 -9999 -69.31431398473813 -68.44572905211905 -67.76497982988447 -68.15480115028643 -68.77551027711915 -69.72457692496202 -71.33205395403469 -72.90265545156431 -74.20801776277351 -75.79226401374207 -77.00085215512664 -77.08479370084237 -76.3517291020693 -75.53101216817711 -74.92914235134798 -73.63205894285146 -72.98919129689655 -72.71654077820078 -72.49398533529823 -71.8291047512603 -70.23455143483044 -69.00395469624421 -68.35888035912281 -68.60690025959549 -68.94206288185987 -68.65899000065716 -65.66324528388597 -61.14987265484201 -9999 -9999 -9999 -9999 -9999 -9999 -9999 -9999 -9999 -9999 -9999 -9999
-9999 -9999 -9999 -9999 -9999 -9999 -9999 -9999 -9999 -9999 -9999 -69.22128862269174 -68.77189047790431 -68.01341776900432 -67.23586705390636 -68.09692440773502 -69.66500910741786 -71.35783499159331 -71.88448729635749 -72.05449795934521 -73.17506122779919 -73.79361899828208 -74.80972855463182 -75.12320953836806 -75.0394025260494 -74.97940443244559 -74.74704562686384 -74.41646905566554 -73.79431870479773 -72.74743965553667 -71.52109814474922 -70.39895193052222 -69.10316182802178 -67.88294685403736 -67.83577276921012 -68.86472020370346 -69.46450307441724 -68.12413162377572 -64.03792949288112 -9999 -9999 -9999 -9999 -9999 -9999 -9999 -9999 -9999 -9999 -9999 -9999 -9999
-9999 -9999 -9999 -9999 -9999 -76.65740368782501 -75.95888530220209 -75.1763602831977 -73.4140572820665 -71.66239066712511 -68.97316050491025 -67.75895459146854 -67.70057914231296 -68.40185829297435 -68.71399330370083 -69.44749829922554 -71.00322311375973 -72.29397064841845 -72.45745300186032 -72.26063609246671 -72.55774257385305 -72.91251123763487 -73.20358798421962 -74.06599979555745 -73.9574903470659 -73.79134172605104 -73.24096837542241 -73.33900760572 -72.66301461180737 -71.84829011159283 -71.38299759340354 -70.38892220940149 -68.84821137566314 -67.83287050598545 -67.00715888668047 -66.11965256265408 -64.32529957803132 -62.76242828739697 -9999 -9999 -9999 -9999 -9999 -9999 -9999 -9999 -9999 -9999 -9999 -9999 -9999 -9999
-9999 -9999 -9999 -9999 -76.18391470221633 -75.67932160181755 -73.10173739289327 -71.40779662469805 -69.57132790567445 -69.2373322830432 -68.59555834939793 -68.55271464030771 -69.27242491858847 -70.58114975220745 -71.79015124209985 -72.55092054978012 -73.29564381470637 -73.46114931401064 -73.16141184095075 -73.15391351389033 -73.2145341709697 -72.76447974515737 -72.47993987598265 -73.2301650648608 -73.04017218115717 -72.42269696786225 -72.33797872259335 -72.00478999427386 -70.99964623292395 -70.04857893199535 -69.45878777914335 -68.26182188116705 -66.60805160185525 -64.33117361838111 -62.44209061724315 -9999 -9999 -9999 -9999 -9999 -9999 -9999 -9999 -9999 -9999 -9999 -9999 -9999 -9999 -9999 -9999 -9999
-9999 -9999 -9999 -76.60253842865548 -75.3913642688677 -73.59511634371266 -71.7637411142851 -69.96932174451649 -68.89844140465323 -68.67763989083059 -69.12244206521174 -70.08574124134105 -71.28700239908049 -72.30712131094997 -73.37711317743036 -73.81460095044466 -73.73524492837134 -73.45388732171622 -73.44149140771253 -73.50290096427005 -73.4169541531237 -72.91428943359573 -71.88841359216278 -71.83677827550305 -71.56233866538031 -70.42677754813066 -68.85296271124514 -67.01231309557572 -65.53746895243724 -63.72326088779502 -62.39658393347322 -9999 -9999 -9999 -9999 -9999 -9999 -9999 -9999 -9999 -9999 -9999 -9999 -9999 -9999 -9999 -9999 -9999 -9999 -9999 -9999 -9999
-9999 -9999 -9999 -77.0489162561828 -74.32363611479869 -71.17901471057196 -69.34483605270323 -68.59748441679403 -67.99306872285018 -68.3726646617055 -68.45928127378384 -68.78886795985072 -69.51943312871022 -70.54570126440859 -72.16937857536045 -73.34750690620936 -73.66886431911188 -73.5148685377025 -73.47364808125309 -73.27764857749969 -72.88605741822515 -72.20789556248091 -71.11209463032597 -70.46200182577293 -69.755689547624 -68.26983991425772 -65.72851718403399 -63.48456834109113 -57.128550208205816 -9999 -9999 -9999 -9999 -9999 -9999 -9999 -9999 -9999 -9999 -9999 -9999 -9999 -9999 -9999 -9999 -9999 -9999 -9999 -9999 -9999 -9999 -9999
-9999 -9999 -9999 -78.01944449726416 -77.23371939651118 -73.97156028684817 -71.26097310664532 -70.68641304662734 -71.41268732913903 -72.90920004114676 -73.55485755038661 -73.0692900349308 -71.88073703679231 -71.09498920574545 -71.15762320706429 -71.64383745436254 -72.21379609166206 -72.6517363547245 -72.61638695789978 -72.76348701838184 -72.55328497256552 -71.72136961428942 -70.45178943356322 -69.27446971345144 -67.5909835862056 -65.14872079868066 -9999 -58.88029958567558 -9999 -9999 -9999 -9999 -9999 -9999 -9999 -9999 -9999 -9999 -9999 -9999 -9999 -9999 -9999 -9999 -9999 -9999 -9999 -9999 -9999 -9999 -9999 -9999
-9999 -9999 -9999 -75.78603123099573 -75.28755056551009 -74.15152144215324 -72.8793994734107 -74.02920621406962 -74.82923705816269 -75.48643462642514 -75.24387377125876 -73.9666299402885 -72.52471421386514 -72.0453645768522 -72.44843503341755 -72.83902181823585 -72.40946779729322 -71.59716913786679 -71.04664186458233 -70.39763211981698 -69.72896623798732 -68.92398036928739 -67.42527505107222 -61.46009287415666 -58.79011275006805 -55.260383298104045 -52.3004189982884 -9999 -9999 -9999 -9999 -9999 -9999 -9999 -9999 -9999 -9999 -9999 -9999 -9999 -9999 -9999 -9999 -9999 -9999 -9999 -9999 -9999 -9999 -9999 -9999 -9999
-9999 -9999 -9999 -9999 -73.35873244803997 -73.18759526260067 -74.08895970696912 -74.58778032237257 -74.38123063078847 -74.21055964959018 -73.72131683911836 -73.76875662720403 -72.53148899603916 -72.32522740648999 -72.81447583012408 -73.34444632833258 -73.06575878646414 -72.48598603215177 -71.26359584028351 -69.75266708677772 -68.54856011197383 -67.33832779278357 -65.08850273744545 -56.47989736491114 -9999 -9999 -9999 -9999 -9999 -9999 -9999 -9999 -9999 -9999 -9999 -9999 -9999 -9999 -9999 -9999 -9999 -9999 -9999 -9999 -9999 -9999 -9999 -9999 -9999 -9999 -9999 -9999
-9999 -9999 -9999 -9999 -73.28021082104671 -75.04562959261239 -75.88017458161887 -74.99543054875205 -74.478973037956 -73.23455132205379 -73.71465573552494 -74.35402006780738 -74.40624249401766 -73.51593650666753 -72.96914024839197 -73.41668205634578 -73.37841835568071 -72.83763431461358 -72.57190452472507 -71.85855841336968 -70.48667699839619 -68.88319858482906 -65.2422902402036 -60.104731249185846 -49.892629750341456 -9999 -9999 -9999 -9999 -9999 -9999 -9999 -9999 -9999 -9999 -9999 -9999 -9999 -9999 -9999 -9999 -9999 -9999 -9999 -9999 -9999 -9999 -9999 -9999 -9999 -9999 -9999
-9999 -9999 -9999 -9999 -77.15972512951511 -76.734702340857 -77.59193377370484 -77.9277997576386 -77.89178120141679 -76.3026081682128 -75.10137434744968 -74.86851663189499 -74.2476607431667 -73.77834646734927 -73.95413541299692 -74.31560943774957 -74.28929203702378 -74.15810178957648 -73.34601558142684 -72.24954579388483 -70.76238320653842 -68.67826532523836 -65.90802486551304 -57.95088736883444 -9999 -9999 -9999 -9999 -9999 -9999 -9999 -9999 -9999 -9999 -9999 -9999 -9999 -9999 -9999 -9999 -9999 -9999 -9999 -9999 -9999 -9999 -9999 -9999 -9999 -9999 -9999 -9999
-9999 -9999 -9999 -9999 -76.17486344335916 -75.77247321264 -76.87329216709563 -77.99276648884937 -78.98342754566167 -77.86945844497639 -76.67226419101159 -76.46613194780237 -76.33887898516373 -76.08506178295009 -75.68877064142679 -75.82960243499342 -74.93812557415228 -74.10171367888674 -73.58906224288455 -72.48390540923222 -70.82815827682471 -68.11517218804696 -65.07768169964224 -9999 -9999 -9999 -9999 -9999 -9999 -9999 -9999 -9999 -9999 -9999 -9999 -9999 -9999 -9999 -9999 -9999 -9999 -9999 -9999 -9999 -9999 -9999 -9999 -9999 -9999 -9999 -9999 -9999
