metrics/grid_rasters/CCI Active/grideval_CCI Active_S_spring_absolute_ubrmsd.asc
ncols 52
nrows 55
xllcorner     11.25
yllcorner     55.25
cellsize      0.25
NODATA_value  -9999
[rows 0 to 29 of 55, columns 0 to 51 of 52]
-9999 -9999 -9999 -9999 -9999 -9999 -9999 -9999 -9999 -9999 -9999 -9999 -9999 -9999 -9999 -9999 -9999 -9999 -9999 -9999 -9999 -9999 -9999 -9999 -9999 -9999 -9999 -9999 -9999 -9999 -9999 -9999 -9999 -9999 -9999 -9999 10.283517053035325 10.243703305053874 10.813151310565075 -9999 -9999 -9999 -9999 -9999 -9999 -9999 -9999 -9999 -9999 -9999 -9999 -9999
-9999 -9999 -9999 -9999 -9999 -9999 -9999 -9999 -9999 -9999 -9999 -9999 -9999 -9999 -9999 -9999 -9999 -9999 -9999 -9999 -9999 -9999 -9999 -9999 -9999 -9999 -9999 -9999 -9999 -9999 -9999 -9999 -9999 -9999 -9999 -9999 11.40235134203253 11.91226548768551 13.114015038846922 13.613980950634305 13.484062435681533 13.644140211463355 -9999 -9999 -9999 -9999 -9999 -9999 -9999 -9999 -9999 -9999
-9999 -9999 -9999 -9999 -9999 -9999 -9999 -9999 -9999 -9999 -9999 -9999 -9999 -9999 -9999 -9999 -9999 -9999 -9999 -9999 -9999 -9999 -9999 -9999 -9999 -9999 -9999 21.563157069784275 18.16138699601185 16.99645375026258 16.328534440497652 15.542460632691572 16.264559506360303 14.907329397467098 -9999 16.145463284244602 16.660487292796823 15.709936240805922 14.921549719816706 14.32360680345324 14.435791799146696 14.70637225619385 15.341725157707627 16.408154324162 17.01340645875764 18.000816143608557 -9999 -9999 -9999 -9999 -9999 -9999
-9999 -9999 -9999 -9999 -9999 -9999 -9999 -9999 -9999 -9999 -9999 -9999 -9999 -9999 -9999 -9999 -9999 -9999 -9999 -9999 -9999 -9999 -9999 -9999 -9999 -9999 -9999 20.963366551979068 6.732791496920218 12.779350722091756 13.601408124798224 10.89685804233608 12.719057119796176 13.274693810249008 14.10377590140962 14.591227275135465 15.198310509225688 15.766827159492411 15.327993710983653 16.113590101804604 16.72343849642847 16.58905075003576 17.16352342156647 17.598986253549928 18.654824611099606 18.626042168791408 18.24166649899162 17.755263212402532 -9999 -9999 -9999 -9999
-9999 -9999 -9999 -9999 -9999 -9999 -9999 -9999 -9999 -9999 -9999 -9999 -9999 -9999 -9999 -9999 -9999 -9999 -9999 -9999 -9999 -9999 20.19837350612963 20.217488087833427 14.689823817308616 11.395604871923346 11.792069218071775 13.24469988502835 12.128752577337112 11.60279780293577 11.905197393443984 12.451859168498846 13.545240258597287 14.28387568441895 15.534359864253288 15.005457058601651 14.84136587757727 14.391640373159404 13.692368668393998 14.393635684021401 15.427636419137892 16.442113468130472 17.351806971221837 16.983370607932198 16.729614163175945 16.441918506608427 15.887541935024474 14.390181620928724 13.454062768328926 -9999 -9999 -9999
-9999 -9999 -9999 -9999 -9999 -9999 -9999 -9999 -9999 -9999 -9999 -9999 -9999 -9999 -9999 -9999 -9999 -9999 -9999 -9999 -9999 21.158294672694897 17.45234492021431 15.903909901126669 11.090966257572797 13.052148174901696 14.612050896289942 15.215182701891115 14.349033708463116 13.810914569370807 12.514636268594826 13.48913877759734 14.143865845603681 15.0514438350014 16.33487273984649 17.557567306454853 16.7042095111211 14.776013926085556 14.007108181082131 13.473590920985426 14.003825567768777 14.673882254154572 15.340211264122985 15.928456643653623 14.44632177410492 13.674312151813163 13.257840398536418 12.2362367268926 11.675938699094045 -9999 -9999 -9999
-9999 -9999 -9999 -9999 -9999 -9999 -9999 -9999 -9999 -9999 -9999 -9999 -9999 -9999 -9999 -9999 -9999 -9999 -9999 -9999 14.363325922187851 11.228584621130441 14.225171718424553 14.821216291227104 14.169859320363758 12.82564521897376 14.773992935836706 14.599612030956626 12.561245902900454 12.205516328432068 12.131166841692714 12.890742418099176 15.163809378297026 16.815239584294307 17.613342417724628 17.325775623779982 16.1302775076732 15.316721224282105 14.430377752892122 13.639941994056013 12.500821607606538 12.759841665480405 13.245740887276428 13.339136016701946 13.063090408025518 11.457290080675158 10.61651781472259 10.549843571199585 8.271144848566497 8.100506390619703 -9999 -9999
-9999 -9999 -9999 -9999 -9999 -9999 -9999 -9999 -9999 -9999 -9999 -9999 -9999 -9999 -9999 -9999 -9999 -9999 -9999 -9999 -9999 14.071476171025152 13.220145401817035 11.480632905016485 12.445768804861656 11.167757596013674 10.470594491150454 12.369950523879005 12.435715851412091 13.066545137891152 13.465814820539393 13.739510306020904 14.401429748803825 16.31047205107824 17.235321190348188 17.262936529376102 16.736303193389706 14.696689549208891 13.355915824497972 12.211778477871174 11.996546809607766 11.970943090119224 12.012181330714224 12.003622411206264 11.51365313122875 9.578895303952061 8.524400928743335 7.503983590830697 6.8705935845426644 -9999 -9999 -9999
-9999 -9999 -9999 -9999 -9999 -9999 -9999 -9999 -9999 -9999 -9999 -9999 -9999 -9999 -9999 -9999 -9999 -9999 -9999 15.91374077312456 12.582191169874328 11.346001089866387 9.745922472127779 10.550580357102136 10.788673785946647 12.799603200934213 12.28842770517982 11.439146910442945 10.041468133046942 10.50923289936198 10.149450140378923 9.876480673115934 10.227416947727868 11.624368116639015 13.168352303999027 14.600595670994599 15.632390027914887 15.935216191119453 15.054658137651872 14.003287962909903 12.253928683335246 10.175577704674627 8.213332102796727 7.772240107625188 7.505366528576442 6.81125200404526 6.32112300138571 6.270025746889657 6.070602611603293 5.703485615695994 5.761198374249281 -9999
-9999 -9999 -9999 -9999 -9999 -9999 -9999 -9999 -9999 -9999 -9999 -9999 -9999 -9999 -9999 -9999 -9999 -9999 11.22557168147906 11.484735024636777 10.513588004164207 13.193006408542828 13.839228495903079 12.935393608383775 12.416187950453018 11.963597430358794 12.973425914000359 13.327326333391294 14.036330541180837 12.1946132033445 11.384953667745686 9.330536531504912 9.077937916111539 8.879484052358151 8.70309341897912 8.927509069486149 10.030022262668677 10.470578468878829 11.176415824731583 11.664331025407117 11.10054530680827 9.354134153974057 7.5499866740353205 6.449426694976702 6.5695619818532585 6.345292612682703 6.14494145902491 6.265926221945246 6.730934666678568 6.537846728422633 5.884493233604226 -9999
-9999 -9999 -9999 -9999 -9999 -9999 -9999 -9999 -9999 -9999 -9999 -9999 -9999 -9999 -9999 -9999 -9999 10.527014381484443 10.910194247119897 11.795783199700804 14.604801164635955 13.794183263010495 13.847466080161825 13.288405729279425 12.507969768093476 11.555132281021868 11.164771769582796 11.528516615825545 11.890420171422186 12.764639086193434 13.053314743006007 11.774254046145932 10.54023533551518 8.542693335648607 7.952108184763329 7.670948929866477 7.444318628633336 7.943516000636522 7.615605244836662 7.617276595455405 7.852358086911128 7.582779887813984 8.29195004072919 8.024959388667032 7.931275306660826 9.022194298447198 8.342210500989513 6.4820959950835775 6.504196263416362 6.139099280496542 -9999 -9999
-9999 -9999 -9999 -9999 -9999 -9999 -9999 -9999 -9999 -9999 -9999 -9999 -9999 15.230823089626252 13.249547744842909 12.194390892818436 11.783578770479744 11.290095484695234 10.342285794901466 11.858126821835539 13.731291575426235 12.376522600129347 12.206411218979886 12.152392250296641 10.735033745674244 9.876222062339846 9.886592559244171 8.903803699492974 8.977349818423686 8.918729476042799 9.126370809146877 8.961448490398473 8.528133931910357 8.146050427445212 7.524421015370723 7.925437445097669 9.4633899157345 9.291732645708054 8.472725632256438 8.368857156293805 8.81616028382301 8.970631946679402 9.142654240283989 9.42090848519762 9.267875367661619 8.704079966331825 8.728390126337555 8.087789511360862 7.732012084069468 6.390176691431085 5.419599767979243 -9999
-9999 -9999 -9999 -9999 -9999 -9999 -9999 -9999 -9999 -9999 -9999 -9999 -9999 17.588055904070163 16.80070115333227 16.462126271391543 15.851181625060756 14.0229590294438 16.762806630555193 15.334622771809912 15.358652775999449 14.237714477777194 10.070959814277561 7.303245510912617 7.035445312949362 7.1913548572231685 7.511255125761372 7.703154212460853 7.756660977767978 8.101071412047151 7.770507432975397 7.325595520874237 6.977129460917492 7.165399918092477 7.600745491056722 7.453757203877388 8.379088855502678 7.6412524766575505 6.9608231239571206 6.726956365664351 6.515515584416581 6.493021136480353 6.4083386851029 6.969048708617809 6.6511913789548345 6.707721602107129 6.575312064702157 5.203793122797348 5.2836039825043475 5.654536330378864 6.2955474492066825 6.2660830192791055
-9999 -9999 -9999 -9999 -9999 -9999 -9999 -9999 -9999 -9999 -9999 -9999 -9999 16.472353836990266 18.711016912196687 17.531739698518322 17.121243526343154 16.02968449878527 15.231415181342056 15.531632103309285 11.670635220021982 8.1711768115385 7.6164318336060735 7.405971017586769 7.773056579848868 8.549971004039778 8.78564695698636 -9999 8.742728157644883 8.742992166762845 8.394354336558987 8.086668330113138 7.700352568919879 7.981489963795746 7.630471116624148 7.8029616943746545 7.4345161609602455 6.967854199296014 6.600795066959216 6.152711991489777 6.1676994418388045 6.371554114401237 6.887712010272112 7.224155270543889 -9999 -9999 -9999 -9999 -9999 -9999 -9999 -9999
-9999 -9999 -9999 -9999 -9999 -9999 -9999 -9999 -9999 -9999 -9999 -9999 -9999 15.517217721231127 16.189074898637312 15.246710204705513 14.109789631261453 12.392146488757328 10.815224760086153 7.453581582394631 7.106947084839977 6.708285302816401 6.603083945554585 6.899850658035357 6.994161653847767 7.788310917350161 8.169516153577451 8.233327652588715 7.897569463300438 7.8762998296585325 7.702580828391173 7.598672607408164 7.527782900186605 7.46008629002233 7.415656700860042 7.591614830794761 7.327323921296169 7.141828316392566 7.048469013390019 6.982401166910041 7.0824872104898695 -9999 -9999 -9999 -9999 -9999 -9999 -9999 -9999 -9999 -9999 -9999
-9999 -9999 -9999 -9999 -9999 -9999 -9999 -9999 -9999 -9999 -9999 -9999 13.580440987635267 14.120373046159177 14.980858524232616 15.25130739778832 13.672178204583727 11.565046149791048 8.467873269863457 6.736715564702142 6.81926899093396 6.91082540269013 7.006269912515568 7.231613938498719 7.378701147476977 7.485729343782707 7.914050297570378 7.819047138725548 8.048880608950393 7.652262812853893 7.772682588365581 7.227406675355611 6.927916069018954 6.96919057230612 6.9618523712260965 7.0453921848848795 6.8718539639737095 7.088032557459571 7.438780353172449 7.598684746285177 7.726542452457073 -9999 -9999 -9999 -9999 -9999 -9999 -9999 -9999 -9999 -9999 -9999
-9999 -9999 -9999 -9999 -9999 -9999 -9999 -9999 -9999 -9999 -9999 21.151274695559835 19.28050387474861 17.761027634453693 18.699610580380007 17.419827739778952 13.128439585230346 9.220429297582596 6.800161818648246 6.713468482425872 7.01829748241862 6.723940004610782 7.7901095266513884 7.813469694938305 7.847138947588299 7.462010915899618 7.259876510851253 6.964414432965229 6.766551326622897 6.878263963321237 6.85208078489809 6.954192694812439 7.219464851588363 6.636345250811137 6.547630640885062 6.960045099234943 6.9524748068862054 6.937487849806665 7.124328959419008 7.572241880595802 -9999 -9999 -9999 -9999 -9999 -9999 -9999 -9999 -9999 -9999 -9999 -9999
-9999 -9999 -9999 -9999 -9999 -9999 -9999 -9999 -9999 -9999 18.314484572320694 18.209704302788214 19.08263841983345 18.50986105721684 18.08235862494157 11.931542475924635 8.707579777012882 7.519116625372778 6.713056323066431 6.625663426457052 6.630750211278571 6.852705293534238 7.377419012249434 7.817570990455041 7.916450199533932 8.032854833623551 7.822908622433161 7.469856264144387 6.797318912506539 6.3720304972600035 6.253254750093597 6.166157180403854 6.095444677838558 6.227044984816924 6.2089222837452285 6.502066059927863 6.7091542269676205 6.827671205238173 7.342771247960575 -9999 -9999 -9999 -9999 -9999 -9999 -9999 -9999 -9999 -9999 -9999 -9999 -9999
-9999 -9999 -9999 -9999 -9999 -9999 -9999 -9999 -9999 -9999 -9999 -9999 14.476222001607455 13.08051147477124 8.254412176988248 7.05438937605165 7.251288052844478 7.343116851208668 6.976425441831794 6.772994658977348 6.720058356184557 6.721838506968701 6.645775438037384 6.585589719304414 6.937741542769473 7.019248386099376 7.485337580812963 6.969830132336634 6.468384964634389 6.340646917753552 6.233407179444707 6.201873704237143 6.421025150148102 6.14043322992612 6.106512505651077 6.164778152456219 6.52422137404654 6.736137368525816 7.02890750943538 7.342436234357665 -9999 -9999 -9999 -9999 -9999 -9999 -9999 -9999 -9999 -9999 -9999 -9999
-9999 -9999 -9999 -9999 -9999 -9999 -9999 -9999 -9999 -9999 -9999 15.388327711984456 14.702586410665953 11.568781522252168 8.395061281997682 6.923773190057329 6.852438080840191 6.827456960184988 6.809346889897999 6.855082587918973 6.910555710508993 6.894669439364803 6.8543081903105385 6.8934082583121095 6.803172660062879 6.661246972035223 6.441972334685677 6.250161176963757 5.9042136092054855 5.9279386973802755 5.824837856268465 5.930028486585964 5.854112348244685 5.647200835471784 6.174903027031502 6.320061013141407 6.664674850480143 7.01860608253087 7.217266872692099 -9999 -9999 -9999 -9999 -9999 -9999 -9999 -9999 -9999 -9999 -9999 -9999 -9999
-9999 -9999 -9999 -9999 -9999 17.166718283119163 18.042901538482774 16.677511544124158 14.30281592220773 15.128811408689995 11.013989374580326 9.673293837122573 8.475830318730067 6.964982225703513 6.674878234689261 6.7202036472660405 6.728402963295364 6.853773946495436 6.931054072625746 6.937995888126162 6.8444711711087 6.688979346132897 6.624686838952668 6.747855690882119 6.631906405787972 6.339368827925397 6.056788020307589 6.13407626448884 6.007811282901309 6.070914102464181 6.107586513818895 5.9669849244792985 5.895585112343278 6.456493089482592 6.840781095842763 7.085539392195648 7.233818898955128 7.712357855376606 -9999 -9999 -9999 -9999 -9999 -9999 -9999 -9999 -9999 -9999 -9999 -9999 -9999 -9999
-9999 -9999 -9999 -9999 15.75461608748132 13.170557817211547 11.757977726718064 10.190475966851317 9.138943771989137 8.271761807702598 7.60424362764142 7.356713456041874 7.306450933285978 7.388789758422278 7.603140324970377 7.675336454074392 7.412001054433245 7.276339043711251 7.332808113618622 7.457002653645757 7.0891325962282625 6.883709851215444 6.6354570574035865 6.393054948518437 6.326539876774219 6.320064499354987 6.2630374886777656 6.249868586919411 6.120766405192553 5.933636865198803 6.095889238907006 6.312820547417773 6.2318382195374165 6.22441016684915 6.761260112491563 -9999 -9999 -9999 -9999 -9999 -9999 -9999 -9999 -9999 -9999 -9999 -9999 -9999 -9999 -9999 -9999 -9999
-9999 -9999 -9999 15.48808270887812 13.347504750303123 9.21308139947925 7.717278772568994 7.848953757673893 7.553708389163463 7.781831009429178 7.908072337429237 8.010804594660138 8.081811636231842 7.979697437846628 8.057121112509757 7.939983172012293 7.652396521146724 7.576959108404517 7.522938663938786 7.661393161678583 7.498862420890464 7.1865651142625175 6.790939425602383 6.551498409957005 6.645043546562482 6.418903038178887 6.693213703778483 6.827314149138652 7.703595189019187 7.371792008242266 7.1195436341859 -9999 -9999 -9999 -9999 -9999 -9999 -9999 -9999 -9999 -9999 -9999 -9999 -9999 -9999 -9999 -9999 -9999 -9999 -9999 -9999 -9999
-9999 -9999 -9999 15.674780555020524 14.737322140120288 12.819653523904517 9.419038657092116 7.985826857345983 8.03129193361589 8.430052915389584 8.555754848401843 8.776005352233035 8.500581146494884 8.330521700788807 8.219753803718032 8.124092408645973 7.843641214811258 7.659079939686771 7.59606337529332 7.5495091266268215 7.3583390234639054 7.425718238809426 7.170235243434718 7.0721702441752505 6.900105252971426 6.951726435669137 7.388768166029887 8.045325615736544 10.512188869483284 -9999 -9999 -9999 -9999 -9999 -9999 -9999 -9999 -9999 -9999 -9999 -9999 -9999 -9999 -9999 -9999 -9999 -9999 -9999 -9999 -9999 -9999 -9999
-9999 -9999 -9999 15.2610253937225 14.38435196224751 13.755527465978933 10.708016149397018 9.106677916469023 9.957830561254488 9.733502372625356 10.069635364444087 9.63857525042389 9.223654605168882 8.791351604139113 8.341061699477704 8.109512827061854 7.9254681370049775 7.939188075149888 7.813272644861638 7.724253308994997 7.474845072147765 7.291588006782831 7.0152048087767565 7.189504692024226 7.441013084495436 7.603709263326567 -9999 8.619736799552955 -9999 -9999 -9999 -9999 -9999 -9999 -9999 -9999 -9999 -9999 -9999 -9999 -9999 -9999 -9999 -9999 -9999 -9999 -9999 -9999 -9999 -9999 -9999 -9999
-9999 -9999 -9999 13.618053517208194 12.537199345109071 10.971791961711137 10.759218531074383 10.644059153863434 10.770293421890564 10.28121008825782 10.045712350160995 9.363553247043734 9.369519291691518 8.648509289862206 8.263068292554319 8.081306098462504 7.980062871971472 8.150248863066096 8.240742669762357 8.251017909935602 8.270146267522097 7.792091767507207 8.086968454175603 9.489968837895649 10.448185529987578 11.228132604691227 12.467561446345416 -9999 -9999 -9999 -9999 -9999 -9999 -9999 -9999 -9999 -9999 -9999 -9999 -9999 -9999 -9999 -9999 -9999 -9999 -9999 -9999 -9999 -9999 -9999 -9999 -9999
-9999 -9999 -9999 -9999 11.83435554303271 11.384842404979706 11.40630587145699 11.038558864013511 10.990761673586498 9.784665386774499 9.82984576414724 9.765094463864203 9.795947715025118 9.403600020266326 9.204881448397977 8.61063799733509 8.532229062117827 8.279514231377169 8.229299882113992 8.385837045417492 8.380164156427941 8.343293505035284 8.35098145701318 11.09321413509227 -9999 -9999 -9999 -9999 -9999 -9999 -9999 -9999 -9999 -9999 -9999 -9999 -9999 -9999 -9999 -9999 -9999 -9999 -9999 -9999 -9999 -9999 -9999 -9999 -9999 -9999 -9999 -9999
-9999 -9999 -9999 -9999 11.692516642952757 11.745018918762126 11.758701712855949 12.545479464271262 10.902533895463424 10.107081894216249 9.817673338345896 9.621502481922427 9.571747165514658 9.675281373432156 9.439683249480378 8.917196077151454 8.586149981871031 8.618728769614188 8.561858109878047 8.660924251745211 8.59033862897297 8.86698323255978 9.123217733429502 10.740280710640883 14.808423065688796 -9999 -9999 -9999 -9999 -9999 -9999 -9999 -9999 -9999 -9999 -9999 -9999 -9999 -9999 -9999 -9999 -9999 -9999 -9999 -9999 -9999 -9999 -9999 -9999 -9999 -9999 -9999
-9999 -9999 -9999 -9999 11.04399873689304 10.626643621114829 10.085241047135977 9.6234173944499 8.997584751265483 9.54267536522118 10.196202397261306 9.739165136022457 9.427954092038014 9.339244454156988 9.258237438422832 8.813353903042541 8.806837124019928 9.262029783623289 9.553482887466943 9.393038425907633 9.255667333078891 9.356182135541252 10.455156321306932 11.195912741478518 -9999 -9999 -9999 -9999 -9999 -9999 -9999 -9999 -9999 -9999 -9999 -9999 -9999 -9999 -9999 -9999 -9999 -9999 -9999 -9999 -9999 -9999 -9999 -9999 -9999 -9999 -9999 -9999
-9999 -9999 -9999 -9999 12.788477660588748 11.945184416602588 10.870566905407298 9.27255262560693 8.756241080170952 9.322696321936057 8.930017518395754 8.684222940265945 8.196719085328294 8.061479999757385 8.822488912769057 9.235032668874318 9.288945736018519 9.436249831807396 9.396024356169127 9.744740882348733 10.039030936516342 10.105775489151592 10.883718445579342 -9999 -9999 -9999 -9999 -9999 -9999 -9999 -9999 -9999 -9999 -9999 -9999 -9999 -9999 -9999 -9999 -9999 -9999 -9999 -9999 -9999 -9999 -9999 -9999 -9999 -9999 -9999 -9999 -9999
