metrics/grid_rasters/CCI Active/grideval_CCI Active_X_spring_2016_absolute_ubrmsd.asc
ncols 52
nrows 55
xllcorner     11.25
yllcorner     55.25
cellsize      0.25
NODATA_value  -9999
[rows 0 to 29 of 55, columns 0 to 51 of 52]
-9999 -9999 -9999 -9999 -9999 -9999 -9999 -9999 -9999 -9999 -9999 -9999 -9999 -9999 -9999 -9999 -9999 -9999 -9999 -9999 -9999 -9999 -9999 -9999 -9999 -9999 -9999 -9999 -9999 -9999 -9999 -9999 -9999 -9999 -9999 -9999 7.814393768855588 9.803011489430363 12.325825667277597 -9999 -9999 -9999 -9999 -9999 -9999 -9999 -9999 -9999 -9999 -9999 -9999 -9999
-9999 -9999 -9999 -9999 -9999 -9999 -9999 -9999 -9999 -9999 -9999 -9999 -9999 -9999 -9999 -9999 -9999 -9999 -9999 -9999 -9999 -9999 -9999 -9999 -9999 -9999 -9999 -9999 -9999 -9999 -9999 -9999 -9999 -9999 -9999 -9999 12.195736415059471 12.461646566997725 13.0684803430109 13.97905972310364 13.493788539413467 13.13106946747183 -9999 -9999 -9999 -9999 -9999 -9999 -9999 -9999 -9999 -9999
-9999 -9999 -9999 -9999 -9999 -9999 -9999 -9999 -9999 -9999 -9999 -9999 -9999 -9999 -9999 -9999 -9999 -9999 -9999 -9999 -9999 -9999 -9999 -9999 -9999 -9999 -9999 6.644522924670392 5.389658945050219 6.327324219072676 6.222421810507081 6.697119939671267 10.196066261960949 11.46663253432822 -9999 16.392927200208987 17.667565257671136 16.595899172469963 15.643394403130893 14.181490984967908 15.151343081953186 13.69449328755598 13.896760186157081 15.563968374779243 15.21578504421078 15.13952299934069 -9999 -9999 -9999 -9999 -9999 -9999
-9999 -9999 -9999 -9999 -9999 -9999 -9999 -9999 -9999 -9999 -9999 -9999 -9999 -9999 -9999 -9999 -9999 -9999 -9999 -9999 -9999 -9999 -9999 -9999 -9999 -9999 -9999 1.3034988790750504 2.1140737888415844 3.0074726470597763 3.6366014057174967 5.7403264461192505 10.225473343865094 12.629419364317991 14.459339774085413 14.795539538753696 14.510756017415845 14.59039377551181 14.335790825791225 16.182465347993258 16.612079422834185 16.250887152018134 16.48729642071414 16.27341524313946 16.898765774908238 17.178748046740438 17.18773318256877 16.197703353736483 -9999 -9999 -9999 -9999
-9999 -9999 -9999 -9999 -9999 -9999 -9999 -9999 -9999 -9999 -9999 -9999 -9999 -9999 -9999 -9999 -9999 -9999 -9999 -9999 -9999 -9999 10.979080488029423 15.456897705847243 15.28032766852099 13.68151594563232 16.08239229586642 10.86063320786176 0.5098362502636264 6.7266282241063164 6.9737657323576325 10.012828278701447 12.878184829883732 15.872676977367654 15.888114648667235 14.573325268672967 13.094646038608088 12.335725987376936 11.30699348624684 12.003489393615954 12.660209834248226 13.628248153687432 15.394998132600033 16.376171284733783 16.938129902020574 16.219177007310883 13.799189738416667 11.892860361383073 10.111443365958447 -9999 -9999 -9999
-9999 -9999 -9999 -9999 -9999 -9999 -9999 -9999 -9999 -9999 -9999 -9999 -9999 -9999 -9999 -9999 -9999 -9999 -9999 -9999 -9999 9.51604021891913 8.646404375551981 10.652127253707462 13.225912105753546 14.863289541707255 15.995883952764592 12.922617780968013 6.357792202128162 10.751314074253758 11.635986350442678 13.275646209306808 15.439488445005017 15.904404645085318 16.752789588506822 15.989517915822894 14.582741273631527 12.536268064009215 11.821337608938684 12.233701250404641 12.764887170294466 14.031284271206866 13.99634720647707 15.354169283022987 15.879223455645556 11.886184628445035 10.824939483741444 9.389274162409453 8.382623395741957 -9999 -9999 -9999
-9999 -9999 -9999 -9999 -9999 -9999 -9999 -9999 -9999 -9999 -9999 -9999 -9999 -9999 -9999 -9999 -9999 -9999 -9999 -9999 8.196208173171861 4.818664897341302 13.701146685206158 14.946107591057876 15.00404455957668 15.025392051079983 13.229696408563306 4.767903800733624 7.616429746579013 11.073211188455945 13.054779101643947 13.622592276286747 15.219607537135296 14.876350350825415 14.457154335865285 13.621162251799786 12.843970295201267 11.992256377492481 11.77661961839591 11.38847299019722 11.276489116240695 11.872534314519804 11.620262953363712 10.791283176813417 11.245455943493015 10.943407297285573 10.845816274722669 10.384044707115756 8.581254818120957 7.949674222517346 -9999 -9999
-9999 -9999 -9999 -9999 -9999 -9999 -9999 -9999 -9999 -9999 -9999 -9999 -9999 -9999 -9999 -9999 -9999 -9999 -9999 -9999 -9999 14.6406017828653 13.081569607977555 11.306706445117722 12.852435473174861 5.379580612423652 5.4338062644531275 8.804288890108257 9.695345857051617 11.894979970208944 14.4213428243524 15.337574544676006 13.962037655161467 13.549767828793659 13.728182905204386 13.589179231097924 12.93307101568979 12.065774139698194 11.823877563554133 11.428348365493244 10.84423920560434 10.437484547668232 10.285921771512383 10.866242302949905 10.59225224989028 10.343019289535206 10.143914298683393 8.39167463149014 7.741546277131261 -9999 -9999 -9999
-9999 -9999 -9999 -9999 -9999 -9999 -9999 -9999 -9999 -9999 -9999 -9999 -9999 -9999 -9999 -9999 -9999 -9999 -9999 15.641679409763189 9.872622284269124 5.99205500458033 7.331431795447554 2.2589068972636728 3.378774013711765 7.95238248678998 8.715138679040157 8.5091246095262 8.148282453484518 10.732886670097226 8.843873778510561 10.825698132975516 10.62613163480997 11.33596679166007 12.043820732816524 12.716812024195946 13.254283453296425 12.939930370700312 12.683228241929214 12.012282111482813 10.816442928703802 9.192583573811818 8.684691386861644 8.175593629088363 7.894022008912344 7.438102467489423 6.206246703493027 6.452317280225524 6.339084908059269 5.536433297285897 5.2159450744098805 -9999
-9999 -9999 -9999 -9999 -9999 -9999 -9999 -9999 -9999 -9999 -9999 -9999 -9999 -9999 -9999 -9999 -9999 -9999 1.3035026639699936 2.4812114613534977 4.614129672378177 7.315510125248365 9.949005387431693 8.439973894439394 9.448227321735043 10.080622997439482 10.979444218461024 10.494189676192914 10.169453764869235 9.692190235551234 9.804633867617586 10.374787156058844 10.300530562195142 9.975550079887435 9.557154834872993 9.707750128726326 9.913780655340126 10.13218488368264 10.286319870316197 10.19063501876972 9.63620910704655 8.9910069849843 7.417755978669665 6.569235302169536 5.676404342244672 5.23742391856045 5.055847754730437 5.120161046127223 5.291017201133197 5.24952896220703 4.77105680128499 -9999
-9999 -9999 -9999 -9999 -9999 -9999 -9999 -9999 -9999 -9999 -9999 -9999 -9999 -9999 -9999 -9999 -9999 0.7001831741740546 4.1932030625671 7.503713984171518 10.988833471295418 11.943656351389928 11.704333985782686 10.391363189986599 8.464216410779107 8.151513665670498 7.795455961548224 7.577124655720006 7.637251456333399 8.090275043047258 10.208575972049411 10.093447760936511 9.690827866491276 8.808056898702766 8.399294990379293 8.282606986911428 7.812417265854137 7.896937746516402 7.268617589298429 7.118460217212805 7.210731918383088 7.21931484007486 6.442935495504703 6.2636822919310795 5.266662445871421 4.4325640314572885 4.799366325414585 4.668772160887628 4.867762557536643 4.395321229411666 -9999 -9999
-9999 -9999 -9999 -9999 -9999 -9999 -9999 -9999 -9999 -9999 -9999 -9999 -9999 5.0391808148902175 2.782999098106864 0.8305617437390482 1.0833508252929671 1.2877944220387318 5.200110689068619 10.17400118786314 9.850357589138305 9.873717444650838 9.161981860482658 7.603327406431471 7.775681690565003 7.701459797702463 8.083322396358602 8.426569086621226 8.700575284817962 8.797547585437115 8.925309768934161 8.934739161253617 8.735011745491974 8.28334680821763 7.697973951389335 7.5145012132276 7.643382303242122 7.015266920013835 6.3950634094130825 5.931561928161532 5.6797058445287085 5.508682937360114 5.117658820336178 5.164780076881737 5.234212588815407 5.293460272973372 5.094401110884512 4.379713017638512 4.433285917655573 4.3945652480805455 4.285791423932151 -9999
-9999 -9999 -9999 -9999 -9999 -9999 -9999 -9999 -9999 -9999 -9999 -9999 -9999 4.550139914593337 6.412902994460009 10.799677863978697 11.093346864382935 12.673321559720266 13.951634056644142 12.852258585517482 14.65016302425141 13.662216295662803 8.260357333427642 6.7357738875133055 7.305381869147428 7.375154376104841 7.494062350471139 7.96854898451238 8.404084708193858 8.72251151878454 8.501889127009996 7.969095732348743 7.387913126161938 7.343158874235178 7.277490826213894 6.988306572470059 6.6425372985062126 6.21694361617904 5.702038308800856 4.8766669823707085 4.5424707186414 4.599106439295469 4.262336397048622 4.486018377628469 4.489464386515278 4.226535220352745 4.112236027960547 3.3595405188624436 3.6269978312261686 4.630669178782441 5.043111189923925 4.785141605140048
-9999 -9999 -9999 -9999 -9999 -9999 -9999 -9999 -9999 -9999 -9999 -9999 -9999 7.3985358705367235 9.927252623257212 9.305233196738033 9.088254174992986 9.052355017352568 9.51348547621104 10.830057110686841 8.3162051934347 5.886688999337371 5.962252960838383 7.528047614161976 8.064826448238907 8.746362821960933 9.006965639942702 -9999 8.634661764731701 8.756230688503827 8.477722573094123 8.220672060224436 7.9626966174456655 7.761054019010452 7.200216200020512 6.785461187191 6.5953011397565575 5.688658112517907 5.369483911629895 4.830357245286676 4.292815074088433 4.636424582565609 5.287865835902782 6.013880967754076 -9999 -9999 -9999 -9999 -9999 -9999 -9999 -9999
-9999 -9999 -9999 -9999 -9999 -9999 -9999 -9999 -9999 -9999 -9999 -9999 -9999 10.080411253163735 9.732390289560376 9.844104875304305 8.747369078007535 7.136935293462283 6.3832347129196245 6.785135650126425 7.266367834695244 7.769167649050759 8.297249645796827 8.356228122815303 8.14702031333155 8.220241602936355 8.214518720698667 8.29368998088723 8.548148188916793 8.392183541531013 8.291432007598152 8.122845190287343 7.9389713697362705 7.607177304427633 7.410328012274338 6.9607318894386045 6.710573090918842 6.3258019218065975 5.150542583079587 5.011813332036777 5.3163141563823535 -9999 -9999 -9999 -9999 -9999 -9999 -9999 -9999 -9999 -9999 -9999
-9999 -9999 -9999 -9999 -9999 -9999 -9999 -9999 -9999 -9999 -9999 -9999 6.657817914185679 8.37546298099317 10.321003382458024 11.644504795863414 10.637001844946703 7.141196543099422 9.808473026152056 6.874703375375364 7.446451708071646 7.685462823986692 8.32168120976159 7.951535624771704 7.758154975958549 7.8238387465116705 7.667388124600652 7.548737348159972 7.450305679922261 7.550495369064647 7.4660476041749915 7.200365374331571 6.61015362132658 6.523022446844204 6.28894728682032 6.148058824656018 6.1080311058283385 6.002928570433662 5.691073806467136 5.820514022588383 6.3281100673265644 -9999 -9999 -9999 -9999 -9999 -9999 -9999 -9999 -9999 -9999 -9999
-9999 -9999 -9999 -9999 -9999 -9999 -9999 -9999 -9999 -9999 -9999 14.733157394472078 10.114394251992998 9.214681476969 11.416218831763954 11.775514164694984 10.935396221226936 8.714942090169606 6.87556076909609 7.438437984373309 6.9846028687160215 6.900283390062072 7.43876627599362 7.3936488872885455 8.002238278247301 7.596705068851454 7.184781652443799 6.612448621219605 6.394916563583558 6.388430685213841 6.273233584009724 6.476395548799533 6.631094979848895 6.480518799750325 6.184769450654173 5.7961939923804495 5.78388655895969 5.7463337842600914 6.212465116297508 6.79647627022559 -9999 -9999 -9999 -9999 -9999 -9999 -9999 -9999 -9999 -9999 -9999 -9999
-9999 -9999 -9999 -9999 -9999 -9999 -9999 -9999 -9999 -9999 13.332459688865695 12.451964140908013 11.420435290424367 11.431591023684435 10.54947386243487 8.946003100098562 8.037019050229707 8.083878101827718 7.064141821451371 6.918388486057831 6.87023817345408 6.5648572830249465 6.415025357890286 7.825210330900955 8.015372338873291 8.065447930282915 8.123392114742666 7.501034437793902 6.682258381737553 6.203082577489924 5.9456856038886485 5.89008656682944 5.9256502998884715 5.854305630567463 5.640221810206193 5.378331291111636 5.655149058012147 5.680919828071693 6.320618484629237 -9999 -9999 -9999 -9999 -9999 -9999 -9999 -9999 -9999 -9999 -9999 -9999 -9999
-9999 -9999 -9999 -9999 -9999 -9999 -9999 -9999 -9999 -9999 -9999 -9999 9.280072681314461 9.491995292022503 7.824761708606362 6.669520601063361 6.597980983241035 6.668713464095447 6.228519153909446 5.8316747792736665 5.990816602395909 5.988321910155943 6.200119366205692 6.820524927624674 7.1521631714155856 7.238404016751584 7.2825330513119555 6.520873114029559 5.6961910499057415 6.318490074751514 6.212181033305728 6.155396184301226 5.950511895134731 5.2993345146365645 4.782222864621359 4.49901811476349 4.82165655417089 5.643074771538954 6.192189253797253 6.21089208198094 -9999 -9999 -9999 -9999 -9999 -9999 -9999 -9999 -9999 -9999 -9999 -9999
-9999 -9999 -9999 -9999 -9999 -9999 -9999 -9999 -9999 -9999 -9999 13.52873349049926 12.66924329915826 11.005213522726894 9.01469810277198 6.567712737647425 6.100014294888672 5.805508317363388 5.741095516529253 5.823078389654733 5.762015706764102 5.819933871109197 6.0012269263697124 6.666954921929524 6.693238621724185 6.3930620313483075 6.104496654811442 5.864762188950454 5.730037916159454 5.803409624343859 5.467187500075292 5.4896447646736455 5.0975157178061465 4.517521270594337 4.2831344309999295 4.307473335501663 4.683829338236023 5.223802203913748 5.394536408831363 -9999 -9999 -9999 -9999 -9999 -9999 -9999 -9999 -9999 -9999 -9999 -9999 -9999
-9999 -9999 -9999 -9999 -9999 15.353960093996427 15.668616876748814 13.803525282316857 13.407012384885967 12.095158498925247 9.730678156060574 9.933186863816047 7.629651080698133 6.900774374260258 6.297968861090182 5.9569249679069625 5.776185765846625 5.768282606555388 5.567556374350502 5.53690700289791 5.667760080796139 5.662683245012005 5.703822348956756 6.34917479667969 6.219994353913169 5.896985407583637 5.637716025207581 5.672234375172473 5.630373882308429 5.651875120127476 5.0207892218048675 4.502988319294218 4.887255486635494 4.50906765974602 4.510219655904981 4.832754195529837 5.361508590676631 5.954176021617456 -9999 -9999 -9999 -9999 -9999 -9999 -9999 -9999 -9999 -9999 -9999 -9999 -9999 -9999
-9999 -9999 -9999 -9999 14.539707620235705 11.832270890297735 11.454150992341493 9.855760764894153 9.279743824836212 8.060169922335115 8.298308471265434 8.10162572648488 7.6994062251601925 6.682061723614464 6.379231859354327 6.440344667372937 6.062852673581145 5.686202421721628 5.5027100978522885 5.528371545351198 5.36692564928801 5.351656125143872 5.395679886355411 5.546973368052527 5.682607316904536 5.711396341625179 5.760687883698132 5.662034326509103 5.6100451910943985 5.2945039004510495 5.05220088034433 5.096067212556712 4.716970335359887 4.540589012461612 5.3789728807162644 -9999 -9999 -9999 -9999 -9999 -9999 -9999 -9999 -9999 -9999 -9999 -9999 -9999 -9999 -9999 -9999 -9999
-9999 -9999 -9999 10.747422670998724 8.090942975892752 8.251357491245656 7.834890699553821 7.9466015139632775 7.514300028672097 7.6843227186131475 7.486512171725381 7.1979573828941845 7.078684272131211 7.096302558494581 6.960747714748481 6.243478342181232 5.631760138215613 5.5191465070774415 5.604703403225565 5.695866347779182 5.661249560955364 5.5802702359886185 5.520395751165865 5.6757849819896355 5.832737598959812 6.037445381436911 6.176899720374677 6.202042687934532 6.035961735297572 6.118344375269357 5.418677310188729 -9999 -9999 -9999 -9999 -9999 -9999 -9999 -9999 -9999 -9999 -9999 -9999 -9999 -9999 -9999 -9999 -9999 -9999 -9999 -9999 -9999
-9999 -9999 -9999 10.307679027237182 9.565144728931188 8.246520185595102 6.0946392213898735 7.2917503412772655 7.625824467072648 8.197684559871519 7.438059685307178 7.6322723970878785 7.247501809733117 6.987729361491233 6.8934938594537565 7.145193664960327 6.3488935446755805 5.757597834543298 5.605612519244815 6.0939779158238006 6.120954732765496 6.331109918436116 6.406267578042295 6.225326003312419 6.24022298130166 6.635835767704943 6.636829608039039 6.4371121756812695 7.7199987800079475 -9999 -9999 -9999 -9999 -9999 -9999 -9999 -9999 -9999 -9999 -9999 -9999 -9999 -9999 -9999 -9999 -9999 -9999 -9999 -9999 -9999 -9999 -9999
-9999 -9999 -9999 11.281800766559027 10.921020053855207 11.449931989170425 7.585461978945942 7.9216683557672525 9.799991429438242 9.466687765116497 9.011311116398234 8.734831824178581 8.261742601829152 7.970183609077737 7.445005664236071 7.212096889627594 6.636359386999213 6.4720438849245685 6.590205398010577 6.631572320870212 6.782710444551861 6.951537319035975 6.6975435763250895 6.485610904819483 6.871175203216647 6.745926391103077 -9999 8.348371179742388 -9999 -9999 -9999 -9999 -9999 -9999 -9999 -9999 -9999 -9999 -9999 -9999 -9999 -9999 -9999 -9999 -9999 -9999 -9999 -9999 -9999 -9999 -9999 -9999
-9999 -9999 -9999 10.594679372842656 8.247923036096491 8.545858292340593 9.694129182990347 10.582705249796378 10.787454016234623 10.210021371708619 9.061229479914244 8.717300136710657 8.67616876763971 7.906020950476192 7.297290413660668 7.426167878845479 7.2364544378440465 7.484412903616184 7.735800517953652 7.811091427219872 8.131415333968821 7.67765145540405 7.788200758410205 8.27848336522994 8.682269167203582 8.903007301070259 9.882151576157769 -9999 -9999 -9999 -9999 -9999 -9999 -9999 -9999 -9999 -9999 -9999 -9999 -9999 -9999 -9999 -9999 -9999 -9999 -9999 -9999 -9999 -9999 -9999 -9999 -9999
-9999 -9999 -9999 -9999 12.486159317030534 11.609758181236176 11.284384791843655 10.548308149682388 10.228513874317986 9.87359893598058 9.59693985838399 9.129150592389383 9.337818758125072 8.923580210567355 8.720250238227521 8.174552411169907 8.170069939622627 8.19221642241769 7.944990452120584 8.310975650295365 8.470514026977321 8.523430250168643 8.294399295151022 9.914059493893637 -9999 -9999 -9999 -9999 -9999 -9999 -9999 -9999 -9999 -9999 -9999 -9999 -9999 -9999 -9999 -9999 -9999 -9999 -9999 -9999 -9999 -9999 -9999 -9999 -9999 -9999 -9999 -9999
-9999 -9999 -9999 -9999 10.961594649030156 11.665866651150456 10.877669596739798 10.551123868482467 9.743867238688292 9.898178896114212 9.466697067207015 8.888213746025569 8.835584521791352 8.818419833597678 8.767861739730938 8.518655116072082 8.290094705623689 8.527663356275767 8.451987286832946 8.76063447755447 8.52857561351332 8.099442065805214 8.941778723322324 8.921513854793352 12.661054372161484 -9999 -9999 -9999 -9999 -9999 -9999 -9999 -9999 -9999 -9999 -9999 -9999 -9999 -9999 -9999 -9999 -9999 -9999 -9999 -9999 -9999 -9999 -9999 -9999 -9999 -9999 -9999
-9999 -9999 -9999 -9999 11.37386115695558 10.84561437681716 9.758106192165314 9.124717117935198 8.691810147241354 9.28829751624647 9.893272337749073 8.880507290189438 8.469089902903105 8.409445093960327 8.98796675187228 8.271000074004862 8.558399194934115 9.416820868063652 9.368450049636976 9.132169823673811 9.252926856286269 9.354746581448396 10.199632569068383 10.487749639082052 -9999 -9999 -9999 -9999 -9999 -9999 -9999 -9999 -9999 -9999 -9999 -9999 -9999 -9999 -9999 -9999 -9999 -9999 -9999 -9999 -9999 -9999 -9999 -9999 -9999 -9999 -9999 -9999
-9999 -9999 -9999 -9999 12.437443814344286 12.908361992412068 10.682378760732737 9.03982379213654 8.325004189374006 8.726477186965798 8.737505884197596 8.031026961827916 7.665329117418866 7.17418004530917 8.326636200518168 9.117132400723014 9.471494228637331 9.702641109333184 9.372450597310966 9.699377511422943 9.932480546616802 10.444638312613092 10.978112048889418 -9999 -9999 -9999 -9999 -9999 -9999 -9999 -9999 -9999 -9999 -9999 -9999 -9999 -9999 -9999 -9999 -9999 -9999 -9999 -9999 -9999 -9999 -9999 -9999 -9999 -9999 -9999 -9999 -9999
