metrics/grid_rasters/CCI Active/grideval_CCI Active_X_fall_2017_absolute_pearson_r.asc
ncols 52
nrows 55
xllcorner     11.25
yllcorner     55.25
cellsize      0.25
NODATA_value  -9999
[rows 0 to 29 of 55, columns 0 to 51 of 52]
-9999 -9999 -9999 -9999 -9999 -9999 -9999 -9999 -9999 -9999 -9999 -9999 -9999 -9999 -9999 -9999 -9999 -9999 -9999 -9999 -9999 -9999 -9999 -9999 -9999 -9999 -9999 -9999 -9999 -9999 -9999 -9999 -9999 -9999 -9999 -9999 0.8469926406770039 0.858920092133206 0.8563637577402956 -9999 -9999 -9999 -9999 -9999 -9999 -9999 -9999 -9999 -9999 -9999 -9999 -9999
-9999 -9999 -9999 -9999 -9999 -9999 -9999 -9999 -9999 -9999 -9999 -9999 -9999 -9999 -9999 -9999 -9999 -9999 -9999 -9999 -9999 -9999 -9999 -9999 -9999 -9999 -9999 -9999 -9999 -9999 -9999 -9999 -9999 -9999 -9999 -9999 0.8666675450249915 0.8531729148212297 0.825750427995551 0.7935185546830476 0.7565724740232287 0.7109374446622005 -9999 -9999 -9999 -9999 -9999 -9999 -9999 -9999 -9999 -9999
-9999 -9999 -9999 -9999 -9999 -9999 -9999 -9999 -9999 -9999 -9999 -9999 -9999 -9999 -9999 -9999 -9999 -9999 -9999 -9999 -9999 -9999 -9999 -9999 -9999 -9999 -9999 0.5715461022593115 0.5950118710728071 0.5452317185652027 0.6074594711871285 0.6670846499391836 0.7606634947109121 0.8290224069985008 -9999 0.8000412088776732 0.7908014610293841 0.7498260492018922 0.7433955564950314 0.6919122152867111 0.7035619349214673 0.7202312684485079 0.7201706848849261 0.6971146586025798 0.7051583714712693 0.7266891098272423 -9999 -9999 -9999 -9999 -9999 -9999
-9999 -9999 -9999 -9999 -9999 -9999 -9999 -9999 -9999 -9999 -9999 -9999 -9999 -9999 -9999 -9999 -9999 -9999 -9999 -9999 -9999 -9999 -9999 -9999 -9999 -9999 -9999 0.5696625611739683 -9999 -9999 0.3555365407252486 0.6290265485086858 0.8303309712084082 0.8550621730765706 0.8434031773933455 0.7953452918065649 0.7843718397685656 0.7855630413283257 0.8006379990972012 0.7799782645089537 0.7556261435416194 0.7418313040935349 0.7246263884872375 0.7197739242993538 0.7311790404402079 0.7089353949954226 0.7203924936104624 0.7163197757938647 -9999 -9999 -9999 -9999
-9999 -9999 -9999 -9999 -9999 -9999 -9999 -9999 -9999 -9999 -9999 -9999 -9999 -9999 -9999 -9999 -9999 -9999 -9999 -9999 -9999 -9999 0.3712903526591962 0.6038427143654971 0.6192067962352268 0.6030376620804563 0.5602522963385388 0.4585532946333985 0.3235995923226924 -9999 0.4910570170935822 0.7288316807585131 0.8373898563440593 0.8754192627287021 0.8666771641494613 0.8502857491034634 0.8299989096066157 0.8092278273547633 0.8030134109109549 0.7947299401376622 0.7875098002889264 0.7994095297584847 0.7771716231278858 0.7206013385269534 0.7009277668899959 0.701592825247453 0.7019626592282437 0.7061545766370949 0.7285233848167423 -9999 -9999 -9999
-9999 -9999 -9999 -9999 -9999 -9999 -9999 -9999 -9999 -9999 -9999 -9999 -9999 -9999 -9999 -9999 -9999 -9999 -9999 -9999 -9999 0.4194251154028841 0.5521158769135004 0.6360302935283422 0.5288483830156169 0.5287240712045667 0.5631434944265294 0.469857201446609 0.5747148957861791 0.6802709586922442 0.7844484069313369 0.8612609244200322 0.8679508603107258 0.8401284601287724 0.8396797393813933 0.8297458251137728 0.8453855409613321 0.8497844720777474 0.8488081350808045 0.8383834945343593 0.8318966048417884 0.8192116561023033 0.8115128816201465 0.7956691160095795 0.7749950643351102 0.7424388017307225 0.7287033610552618 0.7165196321880448 0.6592670989557357 -9999 -9999 -9999
-9999 -9999 -9999 -9999 -9999 -9999 -9999 -9999 -9999 -9999 -9999 -9999 -9999 -9999 -9999 -9999 -9999 -9999 -9999 -9999 0.5998700907771524 0.7190557464634789 0.5499564231166265 0.4506361376854283 0.4183021588543783 0.3998919659432287 0.4511882048392993 0.564659355844535 0.7596141083138991 0.8390033004737445 0.8689350986173858 0.8605217546770392 0.8436779538685428 0.833000207876859 0.8408799825509722 0.8339183875825029 0.8545348591198014 0.8398551666591509 0.845606716388412 0.8556684353301374 0.8761845923894953 0.8744219440317276 0.8701463986269875 0.8676504877592214 0.8526224360783959 0.8311684058646873 0.7993785268794193 0.7548629409541537 0.8070388961455734 0.7952284888914067 -9999 -9999
-9999 -9999 -9999 -9999 -9999 -9999 -9999 -9999 -9999 -9999 -9999 -9999 -9999 -9999 -9999 -9999 -9999 -9999 -9999 -9999 -9999 0.5693436560302892 0.4662406901991562 0.3657327747458669 0.3510552520625889 0.5199257358072614 0.6403269260238398 0.8185794129984809 0.8949548191773774 0.9092537487311616 0.8988757291376029 0.8913816691378837 0.8713236480029269 0.8359136583280704 0.8274501496919291 0.8055011198629038 0.8047259517156548 0.8171100845493847 0.8463934892747381 0.8402983424657258 0.8568310272900306 0.8612627658321588 0.8569108285872418 0.8475941359323206 0.81858314465122 0.7862492415157871 0.8631119523094846 0.8610787071311715 0.8559183270527759 -9999 -9999 -9999
-9999 -9999 -9999 -9999 -9999 -9999 -9999 -9999 -9999 -9999 -9999 -9999 -9999 -9999 -9999 -9999 -9999 -9999 -9999 0.6464937546328574 0.6573015351169509 0.6865114396493692 0.6926152734706917 0.6561423662388577 0.6849824249071363 0.8156450320684112 0.8730891427082498 0.9042903186040558 0.9122062124306896 0.8990390916789155 0.8919449972201838 0.8759085214934555 0.8465603064424946 0.8205471319279357 0.8236494477756886 0.8076459733937306 0.8037656051784269 0.8094156315616157 0.8445667735710258 0.8666067152182835 0.8656789464753448 0.8668773913517861 0.8537481511097893 0.8788781904269547 0.8650859109661333 0.8730426022306683 0.8565604185578095 0.8205925489569736 0.8076781149576331 0.8071790676878585 0.7921966404653188 -9999
-9999 -9999 -9999 -9999 -9999 -9999 -9999 -9999 -9999 -9999 -9999 -9999 -9999 -9999 -9999 -9999 -9999 -9999 0.6001964272911796 0.6863919555340271 0.7598846631787017 0.8155466335065595 0.8458776521877307 0.8836926182031146 0.8831020652149779 0.890953484295192 0.9003578769790921 0.8992072664548465 0.889939870414564 0.8797046408999041 0.8739120265152779 0.8620595707685726 0.8537983839546894 0.8407838642460137 0.8236230554934989 0.7973571802536532 0.7896942509037526 0.7939505487607066 0.8058462267670885 0.8234234749328757 0.8276857789676786 0.8197063885313921 0.8117721564467204 0.8451805468141391 0.8383544132341139 0.8280856389129982 0.8152344207780908 0.8037753721974431 0.7950212186009672 0.800335551126057 0.786217378745426 -9999
-9999 -9999 -9999 -9999 -9999 -9999 -9999 -9999 -9999 -9999 -9999 -9999 -9999 -9999 -9999 -9999 -9999 0.5937304601232709 0.7084197897831006 0.7667682151009518 0.8047444735963842 0.8582228836706695 0.8631622206274061 0.8801857119354255 0.8797765651178581 0.8840965813495796 0.8792223596971962 0.8675770273324179 0.8497277056845518 0.8346373920366964 0.8360549772797137 0.8526175204294613 0.8675924008600531 0.8727453692035704 0.8410667815511588 0.8760431840971304 0.8572471236307784 0.843828242567465 0.7719046391820712 0.8023299031279221 0.7902620874463042 0.8128442766516958 0.7837847583294435 0.7750346654707355 0.7966205206831607 0.7892743890726008 0.7771049192442394 0.7494119147404191 0.7628864809474301 0.7800425169695017 -9999 -9999
-9999 -9999 -9999 -9999 -9999 -9999 -9999 -9999 -9999 -9999 -9999 -9999 -9999 0.5539899784565068 0.5087647021212534 0.5629248381916419 0.5564073455125587 0.6264741482938244 0.7549146128478197 0.8306003659302867 0.8485424349306914 0.8502429735411897 0.8678774011447195 0.8576814606923713 0.8543388809222174 0.8634463725659175 0.8676915032200816 0.8595998286455978 0.8724882193362378 0.8487220744051839 0.8732254554996519 0.8742577962261469 0.8237476920168392 0.8840276397978925 0.8935630192459173 0.8601854203880833 0.8739006840864726 0.8482902771065433 0.828950276680557 0.8103560199536077 0.7929283972856849 0.7915845034954927 0.8096643777964267 0.8197173343566768 0.8136714599088656 0.7613502387909192 0.7637843722586494 0.7155424273138933 0.7217469452011679 0.7719918304552578 0.7731281094519119 -9999
-9999 -9999 -9999 -9999 -9999 -9999 -9999 -9999 -9999 -9999 -9999 -9999 -9999 0.6308162796322596 0.6244343896531968 0.6473736802988799 0.719200706522014 0.7921231206855682 0.8226539028381857 0.8323745301646608 0.8500467702367454 0.8532085078932132 0.8459613828035231 0.8548585069655021 0.8587569277390029 0.8730795275819385 0.8647433746469895 0.8672481932023532 0.8744125210748925 0.8471409678227378 0.8348286710304731 0.8333008194111244 0.8323831671333457 0.8554121695322578 0.8605832347654316 0.8558119772862817 0.8530317021850258 0.8380785552116605 0.8380396399915632 0.8228149373258796 0.8076373733066535 0.7958012241982352 0.7800150057032603 0.7875200716747064 0.8172332277976027 0.7922602262447285 0.7644397930925715 0.7595569497816965 0.7360255762391676 0.7460385527372032 0.7463582635025887 0.747884126422991
-9999 -9999 -9999 -9999 -9999 -9999 -9999 -9999 -9999 -9999 -9999 -9999 -9999 0.6916036527395046 0.6818440761813993 0.7159170861677527 0.7822212966709091 0.830760052636216 0.8474291790671047 0.8522991914070748 0.871979932728555 0.8646320710011692 0.8528850415582069 0.8469290864647285 0.8441405622110141 0.8593215112525732 0.8788076337397549 -9999 0.8626116721710766 0.8632741302163776 0.8423051231437491 0.8645045960430537 0.8462708559107437 0.8628166011177165 0.8660647636790448 0.8745875190037766 0.8765311938798566 0.8627569476808153 0.8374927880405691 0.8142411069940697 0.79907868502059 0.5591412438506072 0.5054627813600107 0.5239372657557169 -9999 -9999 -9999 -9999 -9999 -9999 -9999 -9999
-9999 -9999 -9999 -9999 -9999 -9999 -9999 -9999 -9999 -9999 -9999 -9999 -9999 0.6934225566061928 0.6973705176327143 0.7655121868348294 0.7913619740628772 0.834259654460942 0.8489097044388373 0.8628552917853209 0.8827394935202229 0.872971659961937 0.8700800046865768 0.8587813013991346 0.8380435823223003 0.7602346811988949 0.7962084886788581 0.8252670077216974 0.8531511873633506 0.8725393296325905 0.8648083790168252 0.8032524072861277 0.7959639348299825 0.80104250562448 0.8092225734544299 0.8535760712173805 0.8757147684141773 0.8787094681981789 0.8644558176390074 0.7998264949226979 0.7870552336687235 -9999 -9999 -9999 -9999 -9999 -9999 -9999 -9999 -9999 -9999 -9999
-9999 -9999 -9999 -9999 -9999 -9999 -9999 -9999 -9999 -9999 -9999 -9999 0.7331604064529964 0.7734346294056544 0.7645591485708579 0.7826681682278358 0.7830552166838214 0.8186016951416231 0.8399258656234112 0.8709150388949672 0.8823873820875854 0.8797082485126528 0.8371696601324141 0.8375822745733665 0.8081359345472261 0.8229686720699121 0.8224643001876257 0.7912759787393828 0.8200957442172772 0.8158424275541007 0.8169453004633082 0.7112182079324605 0.7203289126908157 0.7686039252695427 0.7905820640811883 0.8297180881099839 0.8531781068158235 0.8554938251503235 0.8445944940486853 0.8292004572584953 0.8059567155607503 -9999 -9999 -9999 -9999 -9999 -9999 -9999 -9999 -9999 -9999 -9999
-9999 -9999 -9999 -9999 -9999 -9999 -9999 -9999 -9999 -9999 -9999 0.7298458722572146 0.7440837051523237 0.7724434283053395 0.8042613114159267 0.8010945375066705 0.7980735780144834 0.7996523776268454 0.8530644356872583 0.8699265455403891 0.8707863037329301 0.8762787422626984 0.8584578606799126 0.8530958776426216 0.8406448509366159 0.8616880245813547 0.8878407672651062 0.8606069533290636 0.8408511213849068 0.8397149953213056 0.8257544036320155 0.8147455606807951 0.8184763300236124 0.8277771081899012 0.8568208159894704 0.8271230796307554 0.8102121725361484 0.7878816392081855 0.796016030754271 0.7967540427334985 -9999 -9999 -9999 -9999 -9999 -9999 -9999 -9999 -9999 -9999 -9999 -9999
-9999 -9999 -9999 -9999 -9999 -9999 -9999 -9999 -9999 -9999 0.6679359577183237 0.7407680832320804 0.7784713034382589 0.8391450096914952 0.8407966430134091 0.8395765638876556 0.8297243378686989 0.8386338300262555 0.8370659323103 0.8378334856255338 0.8439977229714786 0.8450493896678481 0.8262354201756892 0.8062284140046294 0.8151021396890012 0.8329810511268237 0.8737594762855163 0.8766408946631812 0.8540243731693651 0.8419613921004211 0.8208922866686043 0.7871464196065661 0.7912130323028175 0.7720929186789856 0.7961875382899619 0.8024295683642899 0.7981765242635439 0.7766049730444899 0.7501245596946157 -9999 -9999 -9999 -9999 -9999 -9999 -9999 -9999 -9999 -9999 -9999 -9999 -9999
-9999 -9999 -9999 -9999 -9999 -9999 -9999 -9999 -9999 -9999 -9999 -9999 0.7396556408116219 0.8512948616080183 0.8547188890194614 0.8617517767977327 0.8397299913558269 0.8231268217221164 0.8167122906486278 0.8304631829477058 0.8222996954368015 0.8097149802955128 0.8000861578539376 0.7753734042249005 0.7518016687041051 0.7711965222141397 0.7838238495922435 0.7860360865330173 0.7730538486978509 0.7992428550375467 0.7862055897275587 0.7808370882880773 0.7771249220678718 0.7771951077584295 0.7572930687978373 0.7821660352446909 0.7818697380237417 0.7724132906821191 0.7533613495865696 0.7607289970974909 -9999 -9999 -9999 -9999 -9999 -9999 -9999 -9999 -9999 -9999 -9999 -9999
-9999 -9999 -9999 -9999 -9999 -9999 -9999 -9999 -9999 -9999 -9999 0.7872494908792042 0.8068640434321939 0.8473108485755656 0.8610522004163637 0.8717146533154758 0.8526098469568065 0.85987722732867 0.8416618385105039 0.7983678572446997 0.8197686325656272 0.8253621876701738 0.8032100649035067 0.7806286952738547 0.7138363674655686 0.7168904414182548 0.7248901571930191 0.7368004573197824 0.7671407870418849 0.7800146145677408 0.7918754548504843 0.7882158212867375 0.78511765708155 0.7810613638595981 0.7318465924374296 0.7242958696726216 0.7152636037170377 0.7418605943327929 0.7329147502592377 -9999 -9999 -9999 -9999 -9999 -9999 -9999 -9999 -9999 -9999 -9999 -9999 -9999
-9999 -9999 -9999 -9999 -9999 0.6437477936544416 0.5900626136729433 0.5936453923383012 0.5625317287381706 0.645036488487457 0.7207168657340968 0.8212450105956564 0.829987018842733 0.7983153546645829 0.8155945058222904 0.8100598680445983 0.8564872887959001 0.8520675343326054 0.8532275425199671 0.8251547739869642 0.8169165402121811 0.8070206794952567 0.7896859021516469 0.7669458419840763 0.7289247830735325 0.6949245203927821 0.6907355692696104 0.7164529956703038 0.7501987373380179 0.7573736517130437 0.7762919365798923 0.7610745983421972 0.7609372953213915 0.7381340777185101 0.7526631276391198 0.7398000114651186 0.7340878794013055 0.7183459502203293 -9999 -9999 -9999 -9999 -9999 -9999 -9999 -9999 -9999 -9999 -9999 -9999 -9999 -9999
-9999 -9999 -9999 -9999 0.704440735535286 0.7207172680766427 0.6594851117078168 0.6351275415666933 0.6135703645365855 0.6835463353918694 0.7274901435691634 0.7817222276665468 0.7715189404746112 0.8038485664663153 0.8325904281125558 0.8426753828332688 0.8498475154926823 0.8149707007707223 0.8527130174871136 0.8400013597575877 0.8242983757800147 0.8009060771067669 0.7675530698637855 0.7665227408811329 0.7394250068339904 0.7098649599545812 0.6959346871665586 0.7077418649613209 0.7318868970030723 0.6745453385549747 0.6802306846944473 0.6884234587662217 0.6797970207737167 0.6895101868646378 0.6819611097212296 -9999 -9999 -9999 -9999 -9999 -9999 -9999 -9999 -9999 -9999 -9999 -9999 -9999 -9999 -9999 -9999 -9999
-9999 -9999 -9999 0.6272028893780193 0.6890641469542181 0.688649560373872 0.7221990237639829 0.7008319279592043 0.6974543068104502 0.6905484967383735 0.7066915874973358 0.7676324952511426 0.7689189995450663 0.7550162157095036 0.8036488901818799 0.8179612543504586 0.8301154206394022 0.7883068406862805 0.7767318129975604 0.7662391393493343 0.7490596626287694 0.7263685042608363 0.7310734709631195 0.7109474341148188 0.72313450115514 0.7270825546440753 0.7218078482541648 0.7078526549937479 0.6461224179204305 0.6205831687997123 0.6263581670224403 -9999 -9999 -9999 -9999 -9999 -9999 -9999 -9999 -9999 -9999 -9999 -9999 -9999 -9999 -9999 -9999 -9999 -9999 -9999 -9999 -9999
-9999 -9999 -9999 0.462683548695103 0.4916719353908263 0.4902801887941328 0.505676471190966 0.5238071520130589 0.5367985620969078 0.6111577570195669 0.6716157112063283 0.7160301450236396 0.7708631205403722 0.7703991990924939 0.7829951955527603 0.7946872520145045 0.7952850062016863 0.781197323206432 0.7946884554454625 0.7373183911390224 0.7153922902294043 0.6893656069058611 0.6740619650920117 0.6751484029932693 0.6924816943386007 0.6998006937007099 0.6966805920651932 0.7275420737460085 0.4574236109632573 -9999 -9999 -9999 -9999 -9999 -9999 -9999 -9999 -9999 -9999 -9999 -9999 -9999 -9999 -9999 -9999 -9999 -9999 -9999 -9999 -9999 -9999 -9999
-9999 -9999 -9999 0.5040391502045167 0.5557223436338576 0.5772600161684267 0.6255881316568332 0.5955344557094138 0.5204792014728535 0.5878971910891033 0.65715184159483 0.7035103889833145 0.7460937980473882 0.8072556196584881 0.8324489558328348 0.8175799967457482 0.791919380780453 0.7690631663385239 0.7226504787610879 0.6911592369060371 0.6661760773297125 0.7001240904919329 0.7181290709228614 0.7219873314782377 0.6938356625754214 0.6903847355920236 -9999 0.682088913246109 -9999 -9999 -9999 -9999 -9999 -9999 -9999 -9999 -9999 -9999 -9999 -9999 -9999 -9999 -9999 -9999 -9999 -9999 -9999 -9999 -9999 -9999 -9999 -9999
-9999 -9999 -9999 0.6171386778311572 0.6606691207131575 0.6138798493557831 0.6454147069859897 0.616384404317913 0.6160922303456924 0.6476399710288235 0.6567809915391806 0.7004335867955674 0.6383493783139282 0.6961738698087032 0.7199735019382998 0.7141414351984792 0.6929639853809817 0.6740685705622315 0.6446411546019866 0.6652458889626575 0.6627010988669433 0.6718095140627443 0.6306215420452838 0.4835137289831965 0.5027344217339985 0.4738258367841357 0.4561779600010031 -9999 -9999 -9999 -9999 -9999 -9999 -9999 -9999 -9999 -9999 -9999 -9999 -9999 -9999 -9999 -9999 -9999 -9999 -9999 -9999 -9999 -9999 -9999 -9999 -9999
-9999 -9999 -9999 -9999 0.6809655348788141 0.6747216304866543 0.6485908216089322 0.6225460677018102 0.6107004644563732 0.6227260367849103 0.6449020480226604 0.6460127283088983 0.5734442471993326 0.5993049062284439 0.6528649578105792 0.6884733861625143 0.6732757643074774 0.6445790883133248 0.7380714100669863 0.7077236174690567 0.6221644608388879 0.6495078312062413 0.6522501506499143 0.4231881313258543 -9999 -9999 -9999 -9999 -9999 -9999 -9999 -9999 -9999 -9999 -9999 -9999 -9999 -9999 -9999 -9999 -9999 -9999 -9999 -9999 -9999 -9999 -9999 -9999 -9999 -9999 -9999 -9999
-9999 -9999 -9999 -9999 0.6550854979085774 0.6497983723975973 0.6476356777648751 0.658692922022593 0.5819522466639464 0.585603246706181 0.5743907039685501 0.4494611652528631 0.556766144386297 0.5549155332217758 0.5602816484333953 0.6426875435448174 0.6481503895249663 0.7201227848847986 0.7256669098404842 0.7066730450881296 0.7044912183858474 0.6798244836951379 0.6297965362724661 0.6570214753214149 0.4662447500233653 -9999 -9999 -9999 -9999 -9999 -9999 -9999 -9999 -9999 -9999 -9999 -9999 -9999 -9999 -9999 -9999 -9999 -9999 -9999 -9999 -9999 -9999 -9999 -9999 -9999 -9999 -9999
-9999 -9999 -9999 -9999 0.6623341008598366 0.6641601291238992 0.5896667539219747 0.5450610506868135 0.5020856240400198 0.5156634316852506 0.43896317148436936 0.5139375827067716 0.4920440616046125 0.5585100563772665 0.5518252390350378 0.5565305043216012 0.5912703251680826 0.5896427651550615 0.6345552742217488 0.6326212823868196 0.6270959488738639 0.6350152538787783 0.6694383972283262 0.6776157183481237 -9999 -9999 -9999 -9999 -9999 -9999 -9999 -9999 -9999 -9999 -9999 -9999 -9999 -9999 -9999 -9999 -9999 -9999 -9999 -9999 -9999 -9999 -9999 -9999 -9999 -9999 -9999 -9999
-9999 -9999 -9999 -9999 0.6315728624495534 0.6899688470595301 0.6402042251128167 0.5440232980614641 0.5529890534224653 0.5801022121499481 0.5967154791022818 0.4923567220248284 0.5521693520100416 0.6036599432558547 0.6023629363199301 0.6196299673332595 0.6327901801409918 0.638672188877067 0.6604096788087653 0.6350512140379144 0.6129406915448903 0.6109571369076088 0.6633655179153248 -9999 -9999 -9999 -9999 -9999 -9999 -9999 -9999 -9999 -9999 -9999 -9999 -9999 -9999 -9999 -9999 -9999 -9999 -9999 -9999 -9999 -9999 -9999 -9999 -9999 -9999 -9999 -9999 -9999
