metrics/grid_rasters/CCI Active/grideval_CCI Active_S_fall_absolute_pearson_r.asc
ncols 52
nrows 55
xllcorner     11.25
yllcorner     55.25
cellsize      0.25
NODATA_value  -9999
[rows 0 to 29 of 55, columns 0 to 51 of 52]
-9999 -9999 -9999 -9999 -9999 -9999 -9999 -9999 -9999 -9999 -9999 -9999 -9999 -9999 -9999 -9999 -9999 -9999 -9999 -9999 -9999 -9999 -9999 -9999 -9999 -9999 -9999 -9999 -9999 -9999 -9999 -9999 -9999 -9999 -9999 -9999 0.6338123397284585 0.637661218750647 0.6181586773694023 -9999 -9999 -9999 -9999 -9999 -9999 -9999 -9999 -9999 -9999 -9999 -9999 -9999
-9999 -9999 -9999 -9999 -9999 -9999 -9999 -9999 -9999 -9999 -9999 -9999 -9999 -9999 -9999 -9999 -9999 -9999 -9999 -9999 -9999 -9999 -9999 -9999 -9999 -9999 -9999 -9999 -9999 -9999 -9999 -9999 -9999 -9999 -9999 -9999 0.6899808149772872 0.6745679729446756 0.6661491474644965 0.6752139947576568 0.6658716637378512 0.6475619441113449 -9999 -9999 -9999 -9999 -9999 -9999 -9999 -9999 -9999 -9999
-9999 -9999 -9999 -9999 -9999 -9999 -9999 -9999 -9999 -9999 -9999 -9999 -9999 -9999 -9999 -9999 -9999 -9999 -9999 -9999 -9999 -9999 -9999 -9999 -9999 -9999 -9999 0.6153364438332524 0.5742203148099585 0.5305324015703841 0.531559422416373 0.5637137557445957 0.6396639381781364 0.6794365153385716 -9999 0.7022323190415829 0.671966847680681 0.6355177346543205 0.6208060548789626 0.6109537815955066 0.6252677733813659 0.6444728072914339 0.6464637232149539 0.6371321277065938 0.6248960832524405 0.6133952853582271 -9999 -9999 -9999 -9999 -9999 -9999
-9999 -9999 -9999 -9999 -9999 -9999 -9999 -9999 -9999 -9999 -9999 -9999 -9999 -9999 -9999 -9999 -9999 -9999 -9999 -9999 -9999 -9999 -9999 -9999 -9999 -9999 -9999 0.5172837024584396 0.4503567352967206 0.3829972559385113 0.3982348204877386 0.5423075898447831 0.6781934060775229 0.7490451843918817 0.7605533538979941 0.7313691430205629 0.7074819233524636 0.6565791184380351 0.6313289170061951 0.6284566952809778 0.6162224082612155 0.6298448061350499 0.6190311670021247 0.6319595961184646 0.6179943521382429 0.6348816836727045 0.6353724653006351 0.6322416223804882 -9999 -9999 -9999 -9999
-9999 -9999 -9999 -9999 -9999 -9999 -9999 -9999 -9999 -9999 -9999 -9999 -9999 -9999 -9999 -9999 -9999 -9999 -9999 -9999 -9999 -9999 0.6026363309768771 0.6230831096591591 0.5663482909724262 0.5604758931295969 0.5467693830337823 0.4830652742174642 0.3914171975550372 0.3406543051102869 0.4195062644553613 0.6029300917735605 0.7012422641424514 0.7585729714943463 0.7588816464266999 0.730682384961677 0.7301347036776833 0.7215224080728809 0.683986125277146 0.6691517524601898 0.6604350443535267 0.6248750993564943 0.6233942554649696 0.6302120911247869 0.6297016882910423 0.636745820649186 0.6444691924873116 0.6494164554516273 0.6673347219442387 -9999 -9999 -9999
-9999 -9999 -9999 -9999 -9999 -9999 -9999 -9999 -9999 -9999 -9999 -9999 -9999 -9999 -9999 -9999 -9999 -9999 -9999 -9999 -9999 0.5551730473229379 0.5515961229241301 0.5680894019022893 0.5730763577408784 0.5616287986032571 0.5431423416017369 0.4810896369354496 0.4858699436685242 0.5815542151401644 0.6616727694858742 0.6988337521131842 0.7066859030032249 0.7227421705860768 0.7162151258532938 0.7260899814445925 0.7312934848266259 0.7270699500497615 0.7333637589609054 0.7241030445959888 0.7185991501277971 0.7012330726242069 0.6970315317353285 0.6925094509933634 0.7020252433938239 0.6834771619801498 0.6852359502500478 0.6887256109056581 0.6810952189367367 -9999 -9999 -9999
-9999 -9999 -9999 -9999 -9999 -9999 -9999 -9999 -9999 -9999 -9999 -9999 -9999 -9999 -9999 -9999 -9999 -9999 -9999 -9999 0.5661876969596726 0.6467083303739205 0.5615015998345538 0.5359205972156483 0.475516606746335 0.3482599450917092 0.3983893286062533 0.5071169902290158 0.6725621935080708 0.7383173080890408 0.7503900262132569 0.7369817251467817 0.7194857245958373 0.6916327273825453 0.677298502684651 0.7009958598214652 0.7135862363182987 0.7268027804247972 0.7241060581335088 0.7417700676664902 0.745895094793908 0.7530329108717145 0.7531528521041232 0.7662770110392272 0.7682275264095326 0.7564969891558999 0.7476673101458691 0.7378675942302146 0.7481670594257332 0.7671719364157656 -9999 -9999
-9999 -9999 -9999 -9999 -9999 -9999 -9999 -9999 -9999 -9999 -9999 -9999 -9999 -9999 -9999 -9999 -9999 -9999 -9999 -9999 -9999 0.553530707832103 0.5330470244633025 0.4865775125163577 0.4611231609187831 0.4610822716075739 0.5102595913019937 0.6377552709741947 0.7178560463853203 0.7388145890444942 0.7295217509612785 0.7585642686715365 0.7606068814338072 0.7080152917348503 0.6893010177766016 0.6837375603582843 0.6946264240406019 0.7181191383138996 0.7378823900877088 0.7504607332261768 0.7625312761610329 0.7410666209230732 0.7480472976901335 0.7441653639671999 0.6978319360881715 0.718401027296838 0.7321643836233291 0.7260503398116753 0.7240257559218312 -9999 -9999 -9999
-9999 -9999 -9999 -9999 -9999 -9999 -9999 -9999 -9999 -9999 -9999 -9999 -9999 -9999 -9999 -9999 -9999 -9999 -9999 0.4803875820762599 0.4949346299638141 0.5470123076316415 0.5535295885471156 0.5496893317732975 0.5529667769512521 0.6198390273746229 0.7197968453085202 0.7747413115746524 0.7881289255739153 0.7856619053039122 0.7713963610450619 0.7531099405230279 0.7203101431178087 0.6809485106527107 0.6759174616838326 0.6638383084082458 0.6668023645126173 0.6844691278342148 0.7366548830748514 0.7570447110748538 0.7674175940833301 0.7430647884351488 0.6895725669217427 0.6830516403259252 0.6607260695980269 0.6508606698133019 0.6679425651899322 0.6565704871868621 0.6835867340869755 0.6693482910949851 0.700927159918043 -9999
-9999 -9999 -9999 -9999 -9999 -9999 -9999 -9999 -9999 -9999 -9999 -9999 -9999 -9999 -9999 -9999 -9999 -9999 0.4152675750616087 0.4431898716575573 0.4785557662820028 0.5843788572408506 0.6583127540947978 0.7318874446926121 0.7580063480330748 0.7718552178660292 0.7661356472916063 0.7717127207760913 0.7696190135334388 0.7889776142854477 0.7943986415989129 0.773438846893618 0.7312218739722116 0.7182038609159804 0.7093989027706817 0.7018054865868909 0.7100708294623187 0.6899916263266679 0.6880968015590523 0.6203209177252272 0.6365971155819844 0.6325860377202286 0.6312906655452878 0.633644092496441 0.5912290829988743 0.5743877816642977 0.5964395218243161 0.5926879742825204 0.5804016580372008 0.5999124797695286 0.6362760892828657 -9999
-9999 -9999 -9999 -9999 -9999 -9999 -9999 -9999 -9999 -9999 -9999 -9999 -9999 -9999 -9999 -9999 -9999 0.4871537625279155 0.5283888329200634 0.5362987479457868 0.6080403078499264 0.6799018928313761 0.6991240103054136 0.7180616107185267 0.7487439751772218 0.7676644453130608 0.7621632662617842 0.7579459927094819 0.7573023893662754 0.7481384007695292 0.7658976833665703 0.7754907360661121 0.7582431832776848 0.7274232981878984 0.7418432068556053 0.6534869950458049 0.6252201321396578 0.633905453122584 0.5958040555077679 0.5925844477423925 0.5800077516521336 0.5923049759034951 0.6013944594074333 0.6007073107723746 0.5889343285459411 0.5507957701971615 0.5420511582002794 0.5450282049113491 0.5444844913882083 0.5434133139208029 -9999 -9999
-9999 -9999 -9999 -9999 -9999 -9999 -9999 -9999 -9999 -9999 -9999 -9999 -9999 0.4783979041687227 0.4498040683275528 0.4741956006208196 0.4825567861679809 0.5300839755286733 0.5626362702925328 0.640259992564483 0.6762267396620689 0.6980343671595671 0.721353011345966 0.7194179163191915 0.7193298495994785 0.7340060108417654 0.7338658494029704 0.7378359355804969 0.7449089668644138 0.7525597150921032 0.7749163439393856 0.7410267398964858 0.7326472668915309 0.6951056921130601 0.6847059453559515 0.6788237103567091 0.6241985218534487 0.5873120537189045 0.5996183562304758 0.613695217204842 0.6060274007958071 0.6092852885940958 0.6150892407537538 0.595656151357395 0.5607944546888541 0.5683858233292923 0.5864331312924633 0.5313302469706846 0.5410367618995815 0.555234610960115 0.5696494519137824 -9999
-9999 -9999 -9999 -9999 -9999 -9999 -9999 -9999 -9999 -9999 -9999 -9999 -9999 0.5257076640568781 0.5359654027769376 0.5623843967430919 0.6184787623414201 0.6660914621434835 0.6614860747183289 0.6934016731782618 0.7167092798714869 0.7231807330747619 0.71763052639001 0.7181891594117359 0.7328915471079485 0.7426852206756638 0.7576625065617659 0.7629567912145614 0.7886327934775289 0.811132661332415 0.8040154991829448 0.7751822771121866 0.7160571201821473 0.6845435380126392 0.656133461885299 0.6088170608342731 0.6019075449947209 0.6257187766495114 0.6387667922067723 0.6513527272990313 0.6596454482794847 0.6330967920019782 0.599514764563363 0.5998024320183878 0.5728478093363651 0.5606112014163691 0.5729393331712902 0.6233633953023519 0.6201897136929102 0.6124691579250432 0.6135477225725418 0.6056537286625525
-9999 -9999 -9999 -9999 -9999 -9999 -9999 -9999 -9999 -9999 -9999 -9999 -9999 0.5568964257700463 0.5878188565870746 0.6011115081163302 0.6494146963772323 0.6799101129690149 0.6958317767838845 0.7083601148395366 0.7326517097000107 0.7458240303837161 0.7389002384121827 0.7196769842925835 0.7332603584579571 0.7376895278746585 0.7584841424367625 -9999 0.7756873467944367 0.729791658217619 0.7479639407147302 0.6817822230897828 0.6498477427037379 0.6573396114539598 0.6286713242906138 0.5949350417776429 0.6264395626815202 0.6505853697957029 0.6734451074353961 0.6788107840004937 0.6686246628521217 0.5219430689958668 0.4982815332025876 0.4873464387582758 -9999 -9999 -9999 -9999 -9999 -9999 -9999 -9999
-9999 -9999 -9999 -9999 -9999 -9999 -9999 -9999 -9999 -9999 -9999 -9999 -9999 0.5222025476811167 0.5563614620009294 0.6115027918350273 0.6424326410707275 0.6749268423984389 0.6807126515439266 0.7246225451823005 0.7281694715285754 0.7171624404592899 0.7416875805589538 0.7420022641974855 0.7449685907435837 0.6990114795274197 0.7178276369513006 0.7087805832671448 0.7193728797437988 0.6658656093621969 0.6264477760485352 0.6443731631917422 0.6261752057601991 0.5273028297367178 0.5223587393626978 0.5625694511337889 0.5983721410921712 0.6410897591454188 0.6511780151577999 0.6785203595119804 0.6958781737291998 -9999 -9999 -9999 -9999 -9999 -9999 -9999 -9999 -9999 -9999 -9999
-9999 -9999 -9999 -9999 -9999 -9999 -9999 -9999 -9999 -9999 -9999 -9999 0.4647186510966045 0.5313093103966987 0.5350430548552992 0.5874499231380617 0.6055440766970743 0.6534986110845044 0.6616498804027318 0.6588643018465756 0.6652664856128581 0.6472039268313969 0.7062431088914946 0.7201273327284873 0.6481990114166544 0.6985609518602613 0.5904856867399584 0.5822327867013379 0.5924963508271353 0.5764765179813015 0.6205245380905731 0.5524307478826591 0.5496760880727372 0.5189813633574731 0.5434058314417387 0.582758967781812 0.6135005054968717 0.6480800830194577 0.6870296868246191 0.6989484452903738 0.702861586824806 -9999 -9999 -9999 -9999 -9999 -9999 -9999 -9999 -9999 -9999 -9999
-9999 -9999 -9999 -9999 -9999 -9999 -9999 -9999 -9999 -9999 -9999 0.6202882932975523 0.6076896420575347 0.6012232512730451 0.6033151335959823 0.6201941346860339 0.6275003690216504 0.6292269121608403 0.6466101163943438 0.6346907925035288 0.6041525847824443 0.6112156197266942 0.6068366550439672 0.7050175586608899 0.7071624830587797 0.7359766060490955 0.7268278487756292 0.7112327681339812 0.625286450763373 0.614460236253853 0.6118908521789912 0.5760807744685839 0.6082595250268095 0.5820034204297165 0.6171306013257679 0.5996055001053855 0.6557400590376846 0.6855964048028993 0.7068682954340457 0.7202264855270891 -9999 -9999 -9999 -9999 -9999 -9999 -9999 -9999 -9999 -9999 -9999 -9999
-9999 -9999 -9999 -9999 -9999 -9999 -9999 -9999 -9999 -9999 0.669708513675088 0.6652955115404502 0.6362187149980851 0.6743495939721607 0.6755313476794946 0.6603686842394012 0.6331083403326251 0.633696234121876 0.6566681860188889 0.6193277231548142 0.6164692414414393 0.5888929461023011 0.5877013443748063 0.6813672349480786 0.6965667796307116 0.7139299298924264 0.7200409950744431 0.6902957054818064 0.6954963820207574 0.6599391390736287 0.6407635631685789 0.5716052795123272 0.5709151823033164 0.5989052706215631 0.6062756405735057 0.654967482189245 0.6720448787560678 0.6961467621297389 0.7138692895406255 -9999 -9999 -9999 -9999 -9999 -9999 -9999 -9999 -9999 -9999 -9999 -9999 -9999
-9999 -9999 -9999 -9999 -9999 -9999 -9999 -9999 -9999 -9999 -9999 -9999 0.6422435712937664 0.6980364718546109 0.696482677593658 0.6993894228280524 0.6584382126929373 0.6255427039915729 0.6671526699374819 0.6520456349598425 0.6360793638940412 0.6138193689368148 0.6130725094595884 0.6194968504836182 0.6335815396946105 0.6398264654961919 0.6496683755789587 0.6457247887702218 0.6543555773687426 0.6634980948326721 0.6495437943288649 0.6272855577152363 0.6013912661214079 0.6447665954696902 0.6585352900936979 0.7033510650682304 0.7083220150939662 0.7190570722924938 0.7114797854762251 0.7281230189793884 -9999 -9999 -9999 -9999 -9999 -9999 -9999 -9999 -9999 -9999 -9999 -9999
-9999 -9999 -9999 -9999 -9999 -9999 -9999 -9999 -9999 -9999 -9999 0.6302707810018771 0.6176645491887874 0.6532555760710071 0.6704619549513413 0.6873762051147839 0.6722459252729815 0.6503827709426485 0.6373746896730557 0.6110909347470332 0.6219248025667276 0.5972600043570457 0.583073585963515 0.5991778107446897 0.5894986809086633 0.6076012140672149 0.6061693397359129 0.6387175732938077 0.6578383982004592 0.6219538879211792 0.6285201738423405 0.663972252084173 0.6583355851763193 0.6767858923275585 0.6919673818117453 0.6977484160102836 0.7088525670894145 0.7190437243657608 0.7231909077196412 -9999 -9999 -9999 -9999 -9999 -9999 -9999 -9999 -9999 -9999 -9999 -9999 -9999
-9999 -9999 -9999 -9999 -9999 0.6195941568200941 0.6328906599201418 0.5920519087206166 0.5556850060999856 0.6079348353660096 0.6213928688425097 0.6557141084228628 0.6524860796534881 0.6215127097175053 0.6373725045996369 0.6303463058468649 0.6177551782761677 0.6128682550900608 0.6108697629532518 0.6120528149609991 0.6287387196106573 0.6251472339416693 0.6248267316593074 0.6359128286359088 0.6173788328685867 0.6227891397623834 0.6423409425219151 0.6639807069677204 0.6829251749498785 0.6807293378109507 0.7131510679784074 0.7251256442278238 0.7109255166557957 0.7056148409958305 0.7226636174032637 0.7392690602340322 0.7489836482200191 0.7429287268851599 -9999 -9999 -9999 -9999 -9999 -9999 -9999 -9999 -9999 -9999 -9999 -9999 -9999 -9999
-9999 -9999 -9999 -9999 0.6630803288575982 0.6553595489443793 0.6085171451798825 0.6138572511301789 0.5835829799087583 0.6140420051976698 0.6055586310967996 0.6091505133367572 0.5909431961169369 0.5817942322233289 0.5844859727750831 0.5912265372871843 0.6060818207256943 0.6022918340263781 0.6282364938667249 0.6433106610534761 0.6528270940305485 0.6430194282896147 0.6388662466893383 0.6374004556403468 0.6320535465236978 0.6414787094420207 0.6381408934350971 0.67796304435977 0.7072374215826094 0.7138446745851337 0.7151863314336127 0.7142834031806059 0.7180584915149364 0.7262048128721328 0.7290654089058131 -9999 -9999 -9999 -9999 -9999 -9999 -9999 -9999 -9999 -9999 -9999 -9999 -9999 -9999 -9999 -9999 -9999
-9999 -9999 -9999 0.5446369729805972 0.5514724294055182 0.5949415082958949 0.5747442782574717 0.5765453208840289 0.5606030677809297 0.5747698504054861 0.5705447136565479 0.5954364257598521 0.5829964214581159 0.5919231946674604 0.5965741937220634 0.6119628925267131 0.6102581996981464 0.6132642768745793 0.6253130664775228 0.6471909286326032 0.630526672646444 0.6335149511628066 0.6318515073718651 0.6365005475282581 0.6381389710877428 0.6680961803134156 0.6934647572219561 0.6970312968250116 0.6883255392135336 0.7111585486077437 0.7247219481956129 -9999 -9999 -9999 -9999 -9999 -9999 -9999 -9999 -9999 -9999 -9999 -9999 -9999 -9999 -9999 -9999 -9999 -9999 -9999 -9999 -9999
-9999 -9999 -9999 0.450621727352544 0.4158122243956632 0.4282527301476333 0.4363241454875764 0.4822360147020631 0.5313126804792059 0.5666806253328474 0.5712693925269396 0.5816595864002944 0.6125368672955922 0.5986543673240661 0.6205160631229212 0.6344924265262901 0.6330348250143603 0.6335608339346339 0.6265926762615454 0.6525528588795682 0.6322181512013224 0.6356714723481807 0.6209681621630596 0.6251138535912745 0.6503993376890995 0.6715672791795041 0.6958485253973097 0.7168784819093931 0.4344929360751191 -9999 -9999 -9999 -9999 -9999 -9999 -9999 -9999 -9999 -9999 -9999 -9999 -9999 -9999 -9999 -9999 -9999 -9999 -9999 -9999 -9999 -9999 -9999
-9999 -9999 -9999 0.4680827427699225 0.4481833768466463 0.4409438902855792 0.4750263280314143 0.4832774108524317 0.4917764835178951 0.5367592322519857 0.5492209406090054 0.5860056752546814 0.6059829436000673 0.6423268363257075 0.6678243236583796 0.6797591735381139 0.6811393083780535 0.6821807313230961 0.6584675142593528 0.6403179728255459 0.6334732444021387 0.6352803519010524 0.6505171582090472 0.6866680211337157 0.6784476547102682 0.7099195513774945 -9999 0.7395540902889555 -9999 -9999 -9999 -9999 -9999 -9999 -9999 -9999 -9999 -9999 -9999 -9999 -9999 -9999 -9999 -9999 -9999 -9999 -9999 -9999 -9999 -9999 -9999 -9999
-9999 -9999 -9999 0.41223431062623134 0.4742591488071963 0.4442511572242921 0.4826325041384934 0.4935128975235271 0.4976730031361064 0.5542857130606014 0.5590326068925661 0.6219052323421492 0.6339152926962375 0.6437295025246832 0.6515150184289997 0.6759162151790263 0.6758871846688799 0.6726605682790885 0.6269611036805791 0.6330440252866909 0.6456552556559034 0.6569507051755707 0.6359602400648381 0.4067372335334779 0.4278534068918366 0.4446986603376695 0.4779738504154744 -9999 -9999 -9999 -9999 -9999 -9999 -9999 -9999 -9999 -9999 -9999 -9999 -9999 -9999 -9999 -9999 -9999 -9999 -9999 -9999 -9999 -9999 -9999 -9999 -9999
-9999 -9999 -9999 -9999 0.4720678539318069 0.5484794773437826 0.5573435235217508 0.527687055741066 0.5446579096796607 0.5558093845102409 0.5917416208230917 0.6173234468527783 0.6078180927708695 0.636562754827646 0.6608553663462573 0.6662237381300642 0.6573182767625878 0.6422504741658082 0.7062529144412636 0.725661827730522 0.7041930248690962 0.6970890050391174 0.6503932973887883 0.4183368209224991 -9999 -9999 -9999 -9999 -9999 -9999 -9999 -9999 -9999 -9999 -9999 -9999 -9999 -9999 -9999 -9999 -9999 -9999 -9999 -9999 -9999 -9999 -9999 -9999 -9999 -9999 -9999 -9999
-9999 -9999 -9999 -9999 0.4822520660323166 0.509243688705834 0.5188065612469847 0.5828882183837231 0.5813841510413937 0.5677065188699439 0.5468800444363046 0.5045647742984405 0.552285079447475 0.5673240358490423 0.573588388948783 0.6479375919943969 0.6403236963269743 0.6510684766030645 0.6631625374958976 0.6606760952257068 0.6744974915108443 0.6596841276830877 0.6576978561572631 0.6577024199698112 0.4695751544893181 -9999 -9999 -9999 -9999 -9999 -9999 -9999 -9999 -9999 -9999 -9999 -9999 -9999 -9999 -9999 -9999 -9999 -9999 -9999 -9999 -9999 -9999 -9999 -9999 -9999 -9999 -9999
-9999 -9999 -9999 -9999 0.5539333317311521 0.550293868333261 0.5588131231032978 0.5586734026425548 0.5690608676889645 0.5930616119484043 0.5668727537455336 0.6008594135711425 0.5484818404540317 0.5181982454781044 0.5690380753488257 0.5625663988155248 0.5688434214645675 0.5433254947344051 0.5699747439428939 0.5767301949647482 0.5860817977643245 0.6037165655612722 0.6460345364024028 0.6598812532695897 -9999 -9999 -9999 -9999 -9999 -9999 -9999 -9999 -9999 -9999 -9999 -9999 -9999 -9999 -9999 -9999 -9999 -9999 -9999 -9999 -9999 -9999 -9999 -9999 -9999 -9999 -9999 -9999
-9999 -9999 -9999 -9999 0.5587532134244942 0.5763542736170977 0.5830089018431024 0.5805601428074735 0.5986757927288219 0.6072698518678246 0.6250801333113306 0.6032664419202538 0.6414818087976522 0.6251117051896695 0.5964020831743827 0.5930919410062544 0.5695721769600686 0.5590633122931368 0.5777511618516469 0.5681646903846098 0.5670600757442082 0.5843805507116009 0.6275155009829136 -9999 -9999 -9999 -9999 -9999 -9999 -9999 -9999 -9999 -9999 -9999 -9999 -9999 -9999 -9999 -9999 -9999 -9999 -9999 -9999 -9999 -9999 -9999 -9999 -9999 -9999 -9999 -9999 -9999
