metrics/grid_rasters/CCI Active/grideval_CCI Active_X_fall_2017_absolute_bias.asc
ncols 52
nrows 55
xllcorner     11.25
yllcorner     55.25
cellsize      0.25
NODATA_value  -9999
[rows 0 to 29 of 55, columns 0 to 51 of 52]
-9999 -9999 -9999 -9999 -9999 -9999 -9999 -9999 -9999 -9999 -9999 -9999 -9999 -9999 -9999 -9999 -9999 -9999 -9999 -9999 -9999 -9999 -9999 -9999 -9999 -9999 -9999 -9999 -9999 -9999 -9999 -9999 -9999 -9999 -9999 -9999 -81.57170575639097 -80.39109547306661 -80.35430106488259 -9999 -9999 -9999 -9999 -9999 -9999 -9999 -9999 -9999 -9999 -9999 -9999 -9999
-9999 -9999 -9999 -9999 -9999 -9999 -9999 -9999 -9999 -9999 -9999 -9999 -9999 -9999 -9999 -9999 -9999 -9999 -9999 -9999 -9999 -9999 -9999 -9999 -9999 -9999 -9999 -9999 -9999 -9999 -9999 -9999 -9999 -9999 -9999 -9999 -80.0761848767193 -81.69309215185542 -81.41669969446957 -80.66088398545979 -80.12727582982431 -80.09053206352554 -9999 -9999 -9999 -9999 -9999 -9999 -9999 -9999 -9999 -9999
-9999 -9999 -9999 -9999 -9999 -9999 -9999 -9999 -9999 -9999 -9999 -9999 -9999 -9999 -9999 -9999 -9999 -9999 -9999 -9999 -9999 -9999 -9999 -9999 -9999 -9999 -9999 -66.70250223135507 -73.19873535704045 -77.36331937643322 -78.05339745941913 -75.99423151117998 -71.15466684467937 -69.79593100596448 -9999 -73.56634373486042 -76.92942588746547 -79.57089427232742 -81.93727511502044 -82.34163695452166 -81.90012758422871 -81.28287164688109 -80.51123890163852 -79.95860625219112 -79.32575812219426 -79.12233867088578 -9999 -9999 -9999 -9999 -9999 -9999
-9999 -9999 -9999 -9999 -9999 -9999 -9999 -9999 -9999 -9999 -9999 -9999 -9999 -9999 -9999 -9999 -9999 -9999 -9999 -9999 -9999 -9999 -9999 -9999 -9999 -9999 -9999 -77.00105740602423 -79.88691835026992 -79.32792333844634 -77.01672417090998 -72.10557231525095 -67.78033924475311 -67.40652841177521 -68.26754126986678 -70.46902916682701 -72.26167666269285 -74.2254648399353 -76.25789552592502 -77.148982995931 -77.590940336287 -78.0658050057292 -78.403810159266 -78.30931621432305 -78.26055790156127 -77.5347943323163 -77.57742852287797 -77.58425159372536 -9999 -9999 -9999 -9999
-9999 -9999 -9999 -9999 -9999 -9999 -9999 -9999 -9999 -9999 -9999 -9999 -9999 -9999 -9999 -9999 -9999 -9999 -9999 -9999 -9999 -9999 -67.5074107637171 -73.42687838328511 -79.3922812025994 -81.80485972549235 -82.90058049177512 -83.42647877488379 -83.04081235669163 -81.97484881762001 -78.39024356888099 -75.12300582452023 -73.78403993137181 -72.64819013029337 -72.76651699602606 -72.72505473673344 -72.13812542676925 -72.13175868093967 -72.6228781080246 -73.16939758407133 -74.22663557061962 -76.39462968915701 -77.4260864675045 -77.84243569433687 -78.0783865389228 -78.10025509953499 -78.13727935844538 -77.5823728197813 -76.8410385980898 -9999 -9999 -9999
-9999 -9999 -9999 -9999 -9999 -9999 -9999 -9999 -9999 -9999 -9999 -9999 -9999 -9999 -9999 -9999 -9999 -9999 -9999 -9999 -9999 -73.46552403836415 -77.18494044297508 -80.45970729887486 -82.35816002723783 -82.70267970934509 -82.18272885597416 -80.28620465017028 -76.76357158273457 -74.95859647040464 -75.97094952999329 -76.84419368743896 -77.17894640155869 -77.46863745620438 -77.32106243640185 -76.47412628620863 -74.57771135985851 -73.41207134068013 -73.61154879987241 -74.03665989071129 -74.69122276335955 -75.62385073065758 -76.61889907454743 -78.0237188515067 -78.94509286254646 -79.59963736911209 -79.58018392324449 -78.78149624106784 -77.6078998528573 -9999 -9999 -9999
-9999 -9999 -9999 -9999 -9999 -9999 -9999 -9999 -9999 -9999 -9999 -9999 -9999 -9999 -9999 -9999 -9999 -9999 -9999 -9999 -74.23745647125077 -80.9733852306191 -82.66262281977612 -83.0763902650939 -82.86971921698992 -82.26691716164349 -78.55891075150834 -75.35359079370626 -70.93442955613136 -70.68587110662946 -71.90605670882731 -73.5441094905138 -75.51054222464562 -77.04674912631512 -77.46400776748754 -75.47584985017777 -73.98486854227221 -72.55270796626806 -72.261268466115 -72.9884979251027 -74.02074631957375 -74.95642520669772 -76.40924723073842 -77.529134719943 -78.79003856822531 -79.12601765292756 -79.26251283414821 -78.81564829926542 -72.71650823454063 -71.1011890973206 -9999 -9999
-9999 -9999 -9999 -9999 -9999 -9999 -9999 -9999 -9999 -9999 -9999 -9999 -9999 -9999 -9999 -9999 -9999 -9999 -9999 -9999 -9999 -81.58787039829338 -82.49255429682407 -83.27351516783237 -81.63709490969777 -76.08011253476144 -74.91321771464695 -72.54452445260857 -71.91915538583113 -71.74593884608846 -71.42805266194046 -71.83996360562742 -72.52498571753502 -73.89590570896864 -75.31353558387076 -75.02168193280697 -73.93857547700405 -72.99178596540374 -72.27212922404642 -72.00061052245029 -72.94582842808704 -73.59759122262831 -74.64090310103362 -75.09699348078834 -75.72773670709945 -75.77140466564082 -71.88548772499479 -70.63542636677072 -69.21874268639546 -9999 -9999 -9999
-9999 -9999 -9999 -9999 -9999 -9999 -9999 -9999 -9999 -9999 -9999 -9999 -9999 -9999 -9999 -9999 -9999 -9999 -9999 -82.05660876948781 -83.34631313189216 -84.19748914106326 -83.36743628846273 -82.08440935015679 -79.62217060249785 -76.2980368568542 -72.45779341645539 -69.38926861815307 -67.87526255024939 -67.66179675745721 -67.67035743594171 -67.69984882522603 -67.86541637212038 -68.79260668635368 -70.73375077241538 -72.63917130383909 -74.04529667265561 -74.64240831744914 -75.12766947907706 -74.67660713257891 -73.0305249567913 -72.32361198233234 -71.81260551173578 -69.99556969897822 -68.82453289528688 -68.22982715943763 -68.0531283699233 -67.16053598759504 -66.97402459824526 -66.04022129500906 -65.15779345138715 -9999
-9999 -9999 -9999 -9999 -9999 -9999 -9999 -9999 -9999 -9999 -9999 -9999 -9999 -9999 -9999 -9999 -9999 -9999 -84.75502362134665 -84.2155893121628 -83.63290265656036 -82.67131887311521 -80.78901654916505 -79.22762796562165 -77.39003709840532 -76.29332025257908 -75.14837879337827 -74.07483784976056 -73.23670308869713 -72.53619688262745 -71.35340149335715 -70.3321651414949 -69.5545320328401 -68.86802212552477 -68.67294388375383 -69.55738892244256 -71.04871660305395 -73.3530406260744 -74.63978902963882 -74.83267805212073 -73.74612375895181 -72.42251982986927 -71.17373220453209 -67.94516115402803 -66.9351213700138 -66.14897447872546 -65.9792206455623 -65.31598045875629 -65.05863373627265 -64.5661436613117 -64.44948295679163 -9999
-9999 -9999 -9999 -9999 -9999 -9999 -9999 -9999 -9999 -9999 -9999 -9999 -9999 -9999 -9999 -9999 -9999 -86.0058578606695 -85.43457968685092 -83.80360792060287 -81.0878084090352 -78.48120870321989 -76.09774801462889 -73.6539922377893 -71.16268670194003 -69.63864644510406 -68.81637398168749 -68.80479319606509 -69.6169396109727 -70.46961498017214 -70.58220313367795 -69.93836768427674 -69.19840763782969 -68.10137792565722 -68.49176075072451 -67.60856657451198 -67.57798129752759 -67.47028017476681 -68.53281802508761 -69.22977123734279 -69.24533512182533 -68.82802512603146 -68.65124551149515 -67.63241459773137 -66.10565151832998 -64.67951755367575 -63.69946309037152 -63.802451167594306 -64.23853844979948 -64.2933635674417 -9999 -9999
-9999 -9999 -9999 -9999 -9999 -9999 -9999 -9999 -9999 -9999 -9999 -9999 -9999 -76.65868410281837 -78.30549333244562 -81.17050657669705 -84.0299778483352 -85.52340442749363 -84.57920392435425 -82.6734422031714 -80.3057945766011 -77.31214107692243 -74.08276232164735 -70.31116938710214 -68.1676926035434 -67.1200513144334 -66.57095459538202 -66.10507377640654 -66.1998639744013 -67.04414791937755 -68.05234012769328 -68.65716013684869 -68.10341274997461 -67.22168015595526 -67.48138058045879 -69.1171099808481 -69.10497984652584 -68.78735315468576 -68.12325768957012 -66.69818063768057 -65.82273517128749 -65.54952721450573 -65.73008666665126 -65.19355834714877 -64.52166169770061 -64.20905430650429 -64.3369615684415 -64.9105980839919 -65.00786908445033 -64.6548495628806 -64.8824993753156 -9999
-9999 -9999 -9999 -9999 -9999 -9999 -9999 -9999 -9999 -9999 -9999 -9999 -9999 -76.9297443665564 -77.71249206364155 -78.9901643054826 -80.07068142294885 -80.87959989249707 -80.25369507879019 -78.05677842728946 -75.33060753904283 -72.64329112476359 -70.10366319758552 -68.71365744806826 -68.65166515608628 -69.06625706813436 -70.0474166302605 -69.80957860350608 -67.16133275580022 -68.40590821758464 -68.72753562805829 -69.50059822254947 -70.70715311272393 -71.43503424268344 -71.28287656412971 -71.67902364674957 -70.88317491114141 -69.90998501095332 -69.01843282109813 -68.02363001123855 -67.40563959000926 -66.89957038370463 -66.57935033419302 -66.37485981200422 -65.72922880002638 -65.29204541844564 -64.6529052581002 -64.10329456739127 -64.61593323546211 -65.02928676583419 -66.1301561950944 -66.45044563575225
-9999 -9999 -9999 -9999 -9999 -9999 -9999 -9999 -9999 -9999 -9999 -9999 -9999 -77.8880504323886 -76.60256719083156 -73.88996266463289 -72.27173723730276 -71.69326965707653 -71.4941893320244 -70.88444352567195 -70.18298501695726 -69.22863196026772 -69.01226922172181 -69.03753743320704 -69.94555877529561 -71.42422877664262 -70.54943184602645 -9999 -72.07281940733945 -71.8105502873659 -71.91099520592854 -72.11829478542009 -72.07307727490702 -72.17384322179902 -72.78911317308103 -73.13948637526481 -72.66368254413828 -71.96721524542028 -71.95792801459045 -72.02559888012269 -72.30810688974128 -62.79158607149711 -60.656191918483145 -59.30405589571365 -9999 -9999 -9999 -9999 -9999 -9999 -9999 -9999
-9999 -9999 -9999 -9999 -9999 -9999 -9999 -9999 -9999 -9999 -9999 -9999 -9999 -80.61937519135299 -78.88819434732761 -75.37278181089545 -72.52290043711662 -70.26707360300483 -69.07632303486268 -68.79379247699646 -69.02332657931939 -69.88399291977935 -71.02649127048525 -68.609984429232 -69.7800209532524 -71.25697445372741 -72.37734664926927 -72.20201449592908 -71.67673253499228 -72.23284779440972 -72.5154570779114 -72.16668364265934 -72.33069099672139 -73.06963428635808 -73.82702881055219 -73.59260161834604 -73.55396090973827 -73.45275879213038 -74.29882851637461 -75.61686696027006 -75.36026784224171 -9999 -9999 -9999 -9999 -9999 -9999 -9999 -9999 -9999 -9999 -9999
-9999 -9999 -9999 -9999 -9999 -9999 -9999 -9999 -9999 -9999 -9999 -9999 -83.69220692291856 -81.97576731204988 -78.86550132229047 -75.79768427550793 -72.54998942601438 -70.39790799220403 -69.13731478471705 -68.88666750291982 -69.62013830050178 -71.74628592530888 -73.22492977976798 -73.68467358175828 -72.5028370572254 -73.6444105949057 -74.08287690982625 -73.14563840980594 -71.9501882156259 -71.9759757630527 -71.84609615290537 -72.28155333612645 -73.20967370825154 -74.27820516186102 -74.82717676899013 -75.13406010629501 -74.60287541331667 -75.91367107900706 -77.46086668606961 -78.43455424588737 -78.53905287701072 -9999 -9999 -9999 -9999 -9999 -9999 -9999 -9999 -9999 -9999 -9999
-9999 -9999 -9999 -9999 -9999 -9999 -9999 -9999 -9999 -9999 -9999 -74.35084148413604 -74.33345970567667 -74.949610318702 -74.1408048786369 -71.68537519931795 -69.85016240559996 -69.38742472652508 -70.27804973687638 -70.9152589010244 -72.36919549107552 -73.31419567833113 -74.4871246662477 -75.05034899905972 -75.44790173876792 -75.83387492406875 -75.8212035904112 -75.79427469339636 -73.11290633364727 -71.8715213948005 -71.66500627591803 -71.68789925204743 -72.94342605416713 -75.05084137837677 -75.59473962103948 -77.32870635219983 -76.90554423497781 -77.02425972101364 -76.8188655535164 -77.3641502769156 -9999 -9999 -9999 -9999 -9999 -9999 -9999 -9999 -9999 -9999 -9999 -9999
-9999 -9999 -9999 -9999 -9999 -9999 -9999 -9999 -9999 -9999 -70.85665959328935 -69.64173955953956 -69.4217791467905 -69.26453055769205 -67.89205698912241 -67.37964680822606 -67.94971883912449 -69.90141758455171 -71.97151600366287 -73.28749901445016 -74.34735030194987 -75.23729857672815 -75.96783997248049 -76.23136314814505 -76.90189100326377 -77.27807827008532 -77.66467525350285 -77.31346560269594 -77.30391121850066 -76.46282975443386 -75.72718031314156 -74.16453386802931 -73.88201487617833 -75.71670409642599 -76.62946073228822 -77.13536951826377 -77.0092559158802 -76.2034440147488 -74.65277257730376 -9999 -9999 -9999 -9999 -9999 -9999 -9999 -9999 -9999 -9999 -9999 -9999 -9999
-9999 -9999 -9999 -9999 -9999 -9999 -9999 -9999 -9999 -9999 -9999 -9999 -69.86080618067221 -70.23413503974676 -69.786790175053 -69.18054772979683 -70.04312807592478 -70.11709467684611 -72.42085700304736 -73.52341431147522 -74.51864176624349 -75.58549260153718 -76.4480629387829 -76.96184380186929 -77.25983377241276 -77.20615527298716 -77.89503786982374 -77.58622014460464 -77.35933542008303 -77.07228190404304 -76.52054927672478 -75.64392222686017 -74.07719057527456 -73.48670499457253 -72.15460884041256 -74.01986018827428 -75.46426965296268 -75.7550768981929 -73.99543296586384 -71.703372197193 -9999 -9999 -9999 -9999 -9999 -9999 -9999 -9999 -9999 -9999 -9999 -9999
-9999 -9999 -9999 -9999 -9999 -9999 -9999 -9999 -9999 -9999 -9999 -72.16134835166089 -71.05957927218839 -70.47898103296755 -69.57504123138885 -69.71779272087078 -70.89148507979179 -72.40462859044241 -72.71310564449855 -71.78649892764432 -73.72172843646712 -74.5245199640592 -75.5749799168772 -76.00682159818031 -76.26233910972422 -77.07897266911135 -77.60138297014768 -78.10284224119451 -78.08920200978932 -77.43302549485195 -76.06653523289907 -74.58305845972227 -72.62235913053155 -71.7578314943239 -71.71332894691399 -73.22591037080998 -74.76221037553302 -75.55280430515606 -73.19438905815285 -9999 -9999 -9999 -9999 -9999 -9999 -9999 -9999 -9999 -9999 -9999 -9999 -9999
-9999 -9999 -9999 -9999 -9999 -79.36606871879707 -79.13811013634717 -77.94359079500039 -76.37152513747031 -73.74003403502353 -70.77670057497772 -68.69016788214445 -67.99006305050617 -68.70995723843575 -69.10581257815164 -69.76607754950722 -70.77369584272738 -72.04546946189974 -72.32558862735395 -71.8550429173878 -72.1514075934887 -73.35913823462195 -74.41947104740474 -75.61218956958605 -75.96009503853949 -76.40018995903259 -76.17281042337417 -76.41877748946781 -76.37490896309944 -75.2667301490903 -74.21823466087089 -73.38488099924645 -72.15492389616321 -71.31102569426099 -71.71306592300535 -71.5600288594442 -71.36768221807095 -71.40090767819373 -9999 -9999 -9999 -9999 -9999 -9999 -9999 -9999 -9999 -9999 -9999 -9999 -9999 -9999
-9999 -9999 -9999 -9999 -76.3315247736745 -75.64593344222416 -73.30252758752215 -71.3376825592584 -69.76963605122133 -69.79868865071559 -69.4430541755522 -68.92324016111739 -68.52953108629355 -69.15603131335229 -70.59610911977032 -71.68730595643106 -72.66921327849651 -73.36168410127259 -73.26086040586233 -73.36673124814811 -73.5715150376377 -73.53139418979053 -73.4412185565933 -74.26730022960237 -74.59560146506713 -74.48682272628598 -74.3241631421058 -74.81764035180528 -74.77569524437189 -73.29877481701081 -72.44824083050092 -71.71533381770696 -70.37845328402899 -69.12932362845021 -68.59749971968787 -9999 -9999 -9999 -9999 -9999 -9999 -9999 -9999 -9999 -9999 -9999 -9999 -9999 -9999 -9999 -9999 -9999
-9999 -9999 -9999 -74.22677532705394 -72.77482981317574 -70.57849860301724 -69.25365346951304 -69.00111419834056 -68.5951028958244 -68.03160733596555 -68.87677886629743 -70.05373793148568 -70.68487048745155 -71.23713109357791 -71.83048407150352 -72.29829332038112 -72.78038710577691 -73.04758244387958 -73.23155744999647 -73.65793979763984 -73.97696082115174 -74.17086474090813 -73.4791185883235 -73.0990072169474 -73.1305760036533 -72.38486219243127 -72.01990954381115 -70.83759686325129 -68.82670205969077 -68.03904765362923 -67.40490310467206 -9999 -9999 -9999 -9999 -9999 -9999 -9999 -9999 -9999 -9999 -9999 -9999 -9999 -9999 -9999 -9999 -9999 -9999 -9999 -9999 -9999
-9999 -9999 -9999 -74.49245585787754 -71.54357436357759 -67.5528115773201 -65.84460898458957 -65.86191262509308 -66.8907812344578 -67.64815235728364 -68.07609161681363 -68.77717980228621 -69.7484981796499 -70.35731579598628 -71.04114657001836 -70.95921073452784 -71.2117954922073 -71.81699659347534 -72.10269888043403 -72.51275524204853 -72.7383946315027 -72.80882775754883 -73.5129129214614 -73.11862073979287 -72.67156001531853 -70.93072456866503 -69.14528695935921 -67.91561771304377 -56.805922989810206 -9999 -9999 -9999 -9999 -9999 -9999 -9999 -9999 -9999 -9999 -9999 -9999 -9999 -9999 -9999 -9999 -9999 -9999 -9999 -9999 -9999 -9999 -9999
-9999 -9999 -9999 -76.12391076743603 -75.44873270716356 -71.92312543922 -68.24770301073157 -67.83300743845044 -69.05361820591821 -71.90684417938745 -72.73024915294214 -72.25677714337195 -70.84950760991445 -69.95340099930763 -69.62280397426407 -69.07854435890913 -69.94630528814517 -70.74037107591535 -71.70712444931269 -72.28430441737173 -72.52720411637654 -72.98953246544389 -72.89123278322084 -72.6822846729595 -71.58586106476959 -69.8755319105195 -9999 -66.90442269526679 -9999 -9999 -9999 -9999 -9999 -9999 -9999 -9999 -9999 -9999 -9999 -9999 -9999 -9999 -9999 -9999 -9999 -9999 -9999 -9999 -9999 -9999 -9999 -9999
-9999 -9999 -9999 -70.67596586850973 -70.76957333922387 -68.52376970707202 -67.86755149582258 -68.89307095551932 -70.3538720260064 -72.27602244416873 -72.867562826033 -71.83461691918117 -70.59123133237544 -70.08848139497579 -70.36882558921162 -70.28904427112417 -70.42309521363592 -71.10757758834146 -71.21743824443331 -71.69751642537969 -71.04246697953918 -70.91771547933077 -69.81112600614627 -59.80830454920666 -58.37091377731413 -56.41327060125768 -56.11294188760221 -9999 -9999 -9999 -9999 -9999 -9999 -9999 -9999 -9999 -9999 -9999 -9999 -9999 -9999 -9999 -9999 -9999 -9999 -9999 -9999 -9999 -9999 -9999 -9999 -9999
-9999 -9999 -9999 -9999 -68.51080490877996 -68.34803740708332 -68.69463603367221 -68.98530538214578 -69.2575220250421 -70.2018221285608 -70.72004449015314 -70.90812116652205 -70.60328564638237 -70.13958300392216 -70.5047350869729 -71.1053550982592 -70.98514147637027 -70.56585322715799 -71.20433756709099 -71.60352531105889 -71.00891900730544 -70.64813366275409 -68.90822529966633 -57.533943595011024 -9999 -9999 -9999 -9999 -9999 -9999 -9999 -9999 -9999 -9999 -9999 -9999 -9999 -9999 -9999 -9999 -9999 -9999 -9999 -9999 -9999 -9999 -9999 -9999 -9999 -9999 -9999 -9999
-9999 -9999 -9999 -9999 -69.63545779654613 -71.25002908356049 -71.30777033275136 -71.58520711198742 -70.95340402621143 -71.67377752266249 -72.09611262407687 -72.9276162766177 -73.135009546989 -72.1420609294358 -71.9605232073829 -72.1850388240483 -72.05542548731812 -71.79540424442516 -71.50400625301731 -72.51641660459616 -71.8345497174744 -70.81124691715684 -68.40353740635328 -65.61499052088371 -53.661586933602116 -9999 -9999 -9999 -9999 -9999 -9999 -9999 -9999 -9999 -9999 -9999 -9999 -9999 -9999 -9999 -9999 -9999 -9999 -9999 -9999 -9999 -9999 -9999 -9999 -9999 -9999 -9999
-9999 -9999 -9999 -9999 -73.76820104371528 -73.87493990703176 -73.80414628144355 -75.11786744588366 -75.84698204939463 -75.2369167585418 -74.96812707599666 -75.74439986236393 -74.03710764494994 -73.15965652213258 -73.27416142481461 -73.54972893796091 -73.31464125242151 -72.5982576719132 -72.12884005133449 -70.97536930193503 -70.42124486366906 -69.79428818869975 -69.35238474979997 -64.3815912258896 -9999 -9999 -9999 -9999 -9999 -9999 -9999 -9999 -9999 -9999 -9999 -9999 -9999 -9999 -9999 -9999 -9999 -9999 -9999 -9999 -9999 -9999 -9999 -9999 -9999 -9999 -9999 -9999
-9999 -9999 -9999 -9999 -70.6601318393616 -72.25074425783562 -73.92130457836647 -76.22078608936734 -76.7639352013083 -76.5797219106964 -76.21864759117366 -75.9373141747713 -76.97741666598165 -76.29876796809994 -75.72227333575488 -75.23193428555021 -73.83859280198813 -73.17857131993367 -72.26097673152464 -71.47126482302944 -70.94214178740032 -69.69361617416143 -67.81440541537907 -9999 -9999 -9999 -9999 -9999 -9999 -9999 -9999 -9999 -9999 -9999 -9999 -9999 -9999 -9999 -9999 -9999 -9999 -9999 -9999 -9999 -9999 -9999 -9999 -9999 -9999 -9999 -9999 -9999
