metrics/grid_rasters/CCI Active/grideval_CCI Active_all_absolute_ubrmsd.asc
ncols 52
nrows 55
xllcorner     11.25
yllcorner     55.25
cellsize      0.25
NODATA_value  -9999
[rows 0 to 29 of 55, columns 0 to 51 of 52]
-9999 -9999 -9999 -9999 -9999 -9999 -9999 -9999 -9999 -9999 -9999 -9999 -9999 -9999 -9999 -9999 -9999 -9999 -9999 -9999 -9999 -9999 -9999 -9999 -9999 -9999 -9999 -9999 -9999 -9999 -9999 -9999 -9999 -9999 -9999 -9999 9.452736090533119 9.082554761955251 9.056531942022065 -9999 -9999 -9999 -9999 -9999 -9999 -9999 -9999 -9999 -9999 -9999 -9999 -9999
-9999 -9999 -9999 -9999 -9999 -9999 -9999 -9999 -9999 -9999 -9999 -9999 -9999 -9999 -9999 -9999 -9999 -9999 -9999 -9999 -9999 -9999 -9999 -9999 -9999 -9999 -9999 -9999 -9999 -9999 -9999 -9999 -9999 -9999 -9999 -9999 9.437638146296324 8.732969276193906 9.294021655520481 9.538514268004157 9.601439282228991 9.609237525826018 -9999 -9999 -9999 -9999 -9999 -9999 -9999 -9999 -9999 -9999
-9999 -9999 -9999 -9999 -9999 -9999 -9999 -9999 -9999 -9999 -9999 -9999 -9999 -9999 -9999 -9999 -9999 -9999 -9999 -9999 -9999 -9999 -9999 -9999 -9999 -9999 -9999 17.692389559767445 15.452291869322579 14.380230797661769 14.169195053943966 14.347227300376938 14.192058857437608 13.679903184737501 -9999 12.138699736266876 11.32903403284581 10.242930898362637 9.685349061962619 9.219507228843883 9.351470819504982 9.681829522504238 9.943230168781275 10.521839352853217 10.722702991160824 11.136725306451563 -9999 -9999 -9999 -9999 -9999 -9999
-9999 -9999 -9999 -9999 -9999 -9999 -9999 -9999 -9999 -9999 -9999 -9999 -9999 -9999 -9999 -9999 -9999 -9999 -9999 -9999 -9999 -9999 -9999 -9999 -9999 -9999 -9999 19.301383346359227 15.279773890733724 14.147219825971794 13.327077496817264 13.712565619588164 13.462835411387706 13.427220503164635 12.936119093642954 12.519445082826246 12.368779839943175 12.052387044949414 11.464142188628598 11.52154075858636 11.416729138061626 11.09377110399978 11.213315188538518 11.321290176257289 11.809583786564875 12.01455433473441 11.943244717373908 11.690135614219903 -9999 -9999 -9999 -9999
-9999 -9999 -9999 -9999 -9999 -9999 -9999 -9999 -9999 -9999 -9999 -9999 -9999 -9999 -9999 -9999 -9999 -9999 -9999 -9999 -9999 -9999 16.92182647522183 15.770518831994163 14.660165681629028 14.258645751886895 13.03033895511583 13.005558114738331 12.305890914265998 11.666319935083836 11.371021068603484 11.237107169808876 11.452936617997329 11.853193413681955 12.59871051116322 12.54575215489466 12.669513620015154 12.650676775804188 12.403107645682244 12.390419357402857 12.452348530282926 12.379267048983905 12.415965690715366 12.130856173171622 11.735387512641218 11.628261281070024 11.289543416723369 10.607088408668798 10.043374357377852 -9999 -9999 -9999
-9999 -9999 -9999 -9999 -9999 -9999 -9999 -9999 -9999 -9999 -9999 -9999 -9999 -9999 -9999 -9999 -9999 -9999 -9999 -9999 -9999 15.790199220922355 15.056910235860755 13.687847686353011 13.212686829544694 10.821577923865817 12.402066295179768 12.618280602246823 12.626464175911716 12.742770925431039 11.531478993869074 11.010044816773949 10.74593511161308 10.934695379995814 11.620062766799082 12.441952209562313 12.7962123731816 12.614088212067175 12.46928372317319 12.187823173676994 12.080291761663947 11.875951052004604 11.623646821137687 11.173365015586946 10.481876177333543 10.19976960169124 10.053275462380391 9.639438606139633 9.44105427198174 -9999 -9999 -9999
-9999 -9999 -9999 -9999 -9999 -9999 -9999 -9999 -9999 -9999 -9999 -9999 -9999 -9999 -9999 -9999 -9999 -9999 -9999 -9999 16.174534510980422 13.213625207184613 12.61334984571262 13.12484957097186 13.746068383829412 14.548331624699395 13.72757069668111 13.501688710126405 12.824548881298034 12.141676119809368 11.770268758096206 11.266421834467687 11.20534990141918 11.398759472919615 11.921239392758556 12.167084288370097 12.357925882563348 12.515980415720044 12.249551853910539 11.828183219277403 11.228968071291973 11.020094393534382 10.681153536355962 10.215780173870444 9.79567271998694 9.171193127124104 8.824972839841204 8.733876031860257 8.392525492109796 8.438347987523466 -9999 -9999
-9999 -9999 -9999 -9999 -9999 -9999 -9999 -9999 -9999 -9999 -9999 -9999 -9999 -9999 -9999 -9999 -9999 -9999 -9999 -9999 -9999 13.548558797900164 12.071750151373136 12.616724633277162 12.656712643131973 13.197793169481216 13.189522444406087 12.602798930897336 12.057102315039634 12.049665068654484 12.197237921814567 12.107527865103448 12.098032320618387 12.346467760461447 12.29771834976021 12.314701886840064 12.149229860261919 11.776671639046118 11.319768922742679 11.06656520547829 10.712473624356539 10.715110681945507 10.436077075133266 10.278871920146864 10.236598965696356 9.44041679247382 9.182984267618071 9.154577215076381 9.083641144818019 -9999 -9999 -9999
-9999 -9999 -9999 -9999 -9999 -9999 -9999 -9999 -9999 -9999 -9999 -9999 -9999 -9999 -9999 -9999 -9999 -9999 -9999 11.935879664186293 10.23291416466858 9.798175572609033 9.186455028538244 9.073660270074077 10.231115921393554 11.385552211269395 11.569280780118332 11.790898287200324 11.651563122019482 11.5886682401734 11.170021097378363 10.758531773332507 10.639024411818268 10.831228878932874 11.020456603286538 11.118028930057587 11.16256804413114 11.042660044464583 10.686351236311562 10.312457662364034 9.864527544524933 9.61235551176244 9.437369239964438 9.283226792337082 9.514528633334422 9.659056285180585 9.383835036973448 9.454438992076607 9.186575198136476 9.231984498910617 9.049576645298249 -9999
-9999 -9999 -9999 -9999 -9999 -9999 -9999 -9999 -9999 -9999 -9999 -9999 -9999 -9999 -9999 -9999 -9999 -9999 10.083975264548064 9.80620614255614 9.527599715603744 9.993882151213553 9.99961970556059 9.808624082752107 9.859864776564706 9.951871397877467 10.460827613083435 10.710736437304908 11.023054512774337 10.841317363077009 10.706304002391786 10.040209561337258 9.835880375537664 9.509976333850107 9.394987102810138 9.222813134317166 9.227304696861694 9.416957065352873 9.473418153702113 10.210291431044613 10.225042639535774 9.94525024910103 9.651990412286784 9.675704035340868 9.668795969402165 9.809402961613367 9.805158351844113 9.720215917026154 9.850470347827482 9.737207149668324 9.308313603652277 -9999
-9999 -9999 -9999 -9999 -9999 -9999 -9999 -9999 -9999 -9999 -9999 -9999 -9999 -9999 -9999 -9999 -9999 9.21934526824003 9.051469772711046 9.852054966809574 10.574901357831235 10.370657720351804 10.444530446192818 10.402250267122737 10.282147179009575 10.141563427232033 10.13605296133083 10.15828647334727 10.187811868742743 10.227748090189646 10.400218393940099 10.23466093204907 9.834811545370776 9.670751519218204 8.910907961847506 9.299846010523614 9.293508474762847 9.440869656676698 9.64648533194842 9.700007569787974 9.832658505134306 9.997928168819211 10.438691686993582 10.409827728501227 10.270317606056619 10.559819948911132 10.390499051416722 10.422745979016414 10.53691242404016 10.587734712664869 -9999 -9999
-9999 -9999 -9999 -9999 -9999 -9999 -9999 -9999 -9999 -9999 -9999 -9999 -9999 13.213391191476473 11.784183526616282 10.619513381224527 9.290344772101186 8.883637226243431 9.090638173485518 9.499252565819397 10.296643713292363 10.403210728007547 10.63141274201904 10.758346566497721 10.407092529832896 9.938894450929608 9.629763790050218 9.339945581616103 9.148741958567603 9.032711468607094 9.120422758691053 9.578262221618328 9.509518084832084 9.617304324638436 9.458357822074712 9.567256872077968 10.42049124122221 10.609031311706048 10.472677194176336 10.343202655829957 10.302045191972477 10.266044182389782 10.254819496771029 10.425074317442132 10.440935951957506 10.53269575923249 10.570043169570436 10.605572280857986 10.66959071891772 10.833474922390067 11.025472229597678 -9999
-9999 -9999 -9999 -9999 -9999 -9999 -9999 -9999 -9999 -9999 -9999 -9999 -9999 12.682057984687708 11.772516463538551 11.544930635344226 11.079035186212161 10.853637816653142 11.441338686169972 11.002898337466867 11.11248249780573 11.339729154475878 11.031011992733252 10.519795664399387 10.077616461559645 9.501383623521164 9.101482385186387 8.962461474408018 9.049897747344039 9.04229223303809 9.030072141605464 9.21228428830699 9.466004783262342 9.589636130138256 9.68368664844042 9.714789954307454 10.525199990511961 10.365449377877237 10.19088557837168 10.004593594305774 9.852592973333245 9.915451940018913 10.137969915263863 10.35768755904623 10.45341545462613 10.3862289953061 10.2457998057419 10.266085317316533 10.346882007664153 10.544610712160296 11.415564475302961 11.594903142770786
-9999 -9999 -9999 -9999 -9999 -9999 -9999 -9999 -9999 -9999 -9999 -9999 -9999 11.583221238790806 11.739614975896664 11.56840389131075 11.824177982516446 11.768923711520099 11.475202685084732 11.314299877767985 10.828786687546902 10.463540476656341 10.380177306494037 10.275188913091677 9.96572721912952 9.576687677636848 9.104019964022118 -9999 8.969586893471321 9.379172651492633 9.414812390300506 9.580660650038649 9.49496525492962 9.527370179974595 9.605892442756618 10.072673597713512 10.045020007717696 10.210470751624014 10.099650944269811 9.851659579428432 9.931339619020896 14.101128495916564 15.188489565512418 15.168781579691364 -9999 -9999 -9999 -9999 -9999 -9999 -9999 -9999
-9999 -9999 -9999 -9999 -9999 -9999 -9999 -9999 -9999 -9999 -9999 -9999 -9999 10.67341646972952 10.863274084509039 10.924121453338763 11.276909121752356 11.384495203730607 11.355422963361056 10.839449386642555 10.742269218046992 10.514525037413943 10.401724808285044 10.20310240343821 9.747871975700805 9.50849289826184 9.138561666977091 8.90713486310082 8.826742618390016 8.925460132072313 9.149280114457289 9.040982282523666 9.051101010466406 9.550552741217876 9.720604973066813 10.047858681725655 10.097086436603346 10.244593549660443 10.237107613535278 10.462449737632962 10.809596248335199 -9999 -9999 -9999 -9999 -9999 -9999 -9999 -9999 -9999 -9999 -9999
-9999 -9999 -9999 -9999 -9999 -9999 -9999 -9999 -9999 -9999 -9999 -9999 10.567284344664902 9.803242298425783 10.445482326070467 11.328229143471123 11.671312533226333 11.664663914334383 11.466232818746953 10.929143764807328 10.696516413494233 10.532852902502484 10.041423277771338 9.954441908154378 9.845638250295703 9.620158465923113 10.2014996601026 10.055684598230236 9.872801960990063 9.405886228115364 9.09649043566174 9.308408001694193 9.688973650026131 9.811188212560573 9.869281759950287 9.879687877443505 9.863710598362104 9.946470735663533 10.576717794153783 11.264537986952435 11.702460031758704 -9999 -9999 -9999 -9999 -9999 -9999 -9999 -9999 -9999 -9999 -9999
-9999 -9999 -9999 -9999 -9999 -9999 -9999 -9999 -9999 -9999 -9999 11.688513802118626 11.202553152589248 10.995785906086333 11.77033963493508 12.041971229414617 11.698787045959213 11.505273922509923 11.054097961095207 10.442340948777183 10.158632128667303 9.905275613536588 9.93738358934508 9.521221448482258 9.548963047948968 9.340767537838738 9.430214278774693 9.340222452590783 9.93752086743732 9.770095312084457 9.4759467052981 9.928492658954081 10.26224437632142 9.978530859491187 9.719938441083382 9.861647841243515 9.94764399479311 10.385905769285666 11.30152567290184 12.302962038692488 -9999 -9999 -9999 -9999 -9999 -9999 -9999 -9999 -9999 -9999 -9999 -9999
-9999 -9999 -9999 -9999 -9999 -9999 -9999 -9999 -9999 -9999 11.683057372244821 11.90145680525012 12.189941804070113 12.114020518909705 12.36978939435141 11.382546553629412 11.204218276525769 10.901775668718905 10.081603159995604 9.754182152063716 9.565090743099145 9.423145157415343 9.437458710847348 9.068583763629698 9.347655703474576 9.467909855081551 9.707907684213033 9.99232408984448 9.70175578503489 9.638596838847551 9.142445582489156 9.407861023419418 9.517683463976601 9.600215132603656 9.654800881222775 9.705040473220212 10.034003495514096 10.812572872220953 12.084761244292364 -9999 -9999 -9999 -9999 -9999 -9999 -9999 -9999 -9999 -9999 -9999 -9999 -9999
-9999 -9999 -9999 -9999 -9999 -9999 -9999 -9999 -9999 -9999 -9999 -9999 11.769972784845939 11.413991276834214 10.74241486945674 10.571309736271363 10.559344079444463 10.475554847171992 9.72473826039481 9.50660879368714 9.39054615908229 9.209989415984554 9.158328432233251 9.348501824226172 9.575657305757412 9.817981380620619 10.154221440926428 10.556281698415477 10.567115879071867 10.235886640755783 9.985383247600415 9.783618751483298 9.752146926374227 9.635614032171656 9.597347076290804 9.67184586012709 10.284700073019158 11.306572476662021 12.461277026405115 13.440311299834262 -9999 -9999 -9999 -9999 -9999 -9999 -9999 -9999 -9999 -9999 -9999 -9999
-9999 -9999 -9999 -9999 -9999 -9999 -9999 -9999 -9999 -9999 -9999 11.406997441437854 11.496924949764974 11.121947751047491 10.758612709368284 10.045132705095481 9.745352401357117 9.534793378318817 9.43920018520036 9.439009115351695 9.376526802305227 9.934624019470473 10.12585713476334 10.24985509075537 10.450792245760075 10.452003566652412 10.483836228098989 10.446388734828494 10.332759451944074 10.102683609288425 9.861545017588655 9.484489402637882 9.383742066942686 9.317417166685194 9.381908911770102 10.078657492100925 10.90629451231386 11.996662456355569 13.227052767960037 -9999 -9999 -9999 -9999 -9999 -9999 -9999 -9999 -9999 -9999 -9999 -9999 -9999
-9999 -9999 -9999 -9999 -9999 11.128899904183701 11.49888722587168 10.694787711494783 9.94883259143225 10.358486568221453 10.109615857220367 10.137166685681144 9.997384273476976 9.897904519871103 9.508595117872982 9.327663593445553 9.067393324188208 8.942020578015706 8.991930237497186 9.13168623690679 9.290674826498993 9.728916255495873 10.007277210751086 10.163053563971651 10.383806886922637 10.193511476914427 9.971401309418523 9.83382819383082 9.795418823344454 9.711633339923397 9.491663685030117 9.351791729473275 9.394463302721237 9.809506456140381 10.217097256690478 11.156906507868442 11.930512483712105 12.687128469542944 -9999 -9999 -9999 -9999 -9999 -9999 -9999 -9999 -9999 -9999 -9999 -9999 -9999 -9999
-9999 -9999 -9999 -9999 10.753333455913687 9.60363742557054 9.69286797582323 9.489369127460195 9.55018883955992 9.48735213391962 9.56029075890623 9.524761076193222 9.363568962938933 9.274004377389556 9.169763172761213 9.075477988810828 8.837050022243082 8.741763686498128 8.848493706978289 8.932747382278182 8.984285313592428 9.280322520708069 9.513672762496146 9.354770096574082 9.664740019970457 9.657964675439668 9.645365615300266 9.703182669207653 9.795789133285206 9.860522272199725 9.845478739572968 10.40087049321933 10.761731026421502 11.164243491025006 12.138944100642373 -9999 -9999 -9999 -9999 -9999 -9999 -9999 -9999 -9999 -9999 -9999 -9999 -9999 -9999 -9999 -9999 -9999
-9999 -9999 -9999 10.691805457636534 10.217905162134679 9.332107771961935 9.216350080013902 9.23003438637536 9.168615590063279 9.394206850609342 9.278777543275575 9.162543407332617 9.12919482338444 9.052640895034623 9.083724253113381 9.077820798584844 8.99997089646428 8.869147290492384 8.869071999239054 8.956863875227253 9.233575746873393 9.194787532410897 9.249654173934593 9.066828135943133 9.26789598284707 9.250496178419835 9.343427360300886 9.688772594370377 10.201996515011713 10.651082559348444 11.381207111793652 -9999 -9999 -9999 -9999 -9999 -9999 -9999 -9999 -9999 -9999 -9999 -9999 -9999 -9999 -9999 -9999 -9999 -9999 -9999 -9999 -9999
-9999 -9999 -9999 10.853051413232707 11.436287165298989 11.605373403764187 10.937344402588053 10.324181764824406 10.229615641396196 10.119327095776367 9.836411301927454 9.633394363825383 9.495349009128496 9.34003805566391 9.198898095779148 9.19308023032982 9.04654239364285 8.914806746688345 9.020702477600807 9.080124527600749 9.078530612225864 9.074959115217716 9.328139505974162 9.37982866676885 9.200202831908593 9.361353219451779 9.883206555363023 10.415465216859381 15.38063477791615 -9999 -9999 -9999 -9999 -9999 -9999 -9999 -9999 -9999 -9999 -9999 -9999 -9999 -9999 -9999 -9999 -9999 -9999 -9999 -9999 -9999 -9999 -9999
-9999 -9999 -9999 9.987617618928994 10.407200027400084 11.373523358127596 11.219447262694693 10.773491824489515 10.575038939941267 10.219579366894257 9.89622382007076 9.824224015364813 9.77275713933158 9.608232305753477 9.485471377403565 9.436611216120037 9.36650167180193 9.367375887612422 9.29895926199126 9.316192095779751 9.271970691823807 9.182702621632494 9.432465660437382 9.479583706608857 9.954258535229132 10.216670486895064 -9999 12.28883910838475 -9999 -9999 -9999 -9999 -9999 -9999 -9999 -9999 -9999 -9999 -9999 -9999 -9999 -9999 -9999 -9999 -9999 -9999 -9999 -9999 -9999 -9999 -9999 -9999
-9999 -9999 -9999 9.904593925834034 10.323028391778573 10.624957617446604 10.756793548448515 10.52042319467056 10.333083271266288 10.014465644647323 9.674151033299255 9.567521056051401 9.800795302061172 9.815375930974305 9.424026516665087 9.444260945629107 9.505499597717193 9.634042990664463 9.788925675558357 9.772755397853402 9.753127711422568 9.492253326656849 10.080277181579453 15.099268812481348 15.6764967302722 15.976593350365045 16.65985652570382 -9999 -9999 -9999 -9999 -9999 -9999 -9999 -9999 -9999 -9999 -9999 -9999 -9999 -9999 -9999 -9999 -9999 -9999 -9999 -9999 -9999 -9999 -9999 -9999 -9999
-9999 -9999 -9999 -9999 10.173447620797301 10.451073138861943 10.54213191246699 10.48952081954283 10.440305344659546 10.088710912836904 10.062465573911693 9.845873154939307 10.013142691519608 9.93530435370586 9.797831529539303 9.476699629022079 9.547698686848515 9.64045662664086 9.672683378263418 9.847110547962707 10.03873094661674 10.194940057712158 10.350467776053867 15.860890437751793 -9999 -9999 -9999 -9999 -9999 -9999 -9999 -9999 -9999 -9999 -9999 -9999 -9999 -9999 -9999 -9999 -9999 -9999 -9999 -9999 -9999 -9999 -9999 -9999 -9999 -9999 -9999 -9999
-9999 -9999 -9999 -9999 10.33904974274626 10.32535208114148 10.544736303968023 10.603393103292692 10.223415933169283 9.981598863897144 9.903488566732461 9.810734232101725 9.73720508243369 9.73255702111784 9.918815543664461 9.637443591864484 9.504004318105807 9.765533001825796 9.780750211964001 9.988052545549252 10.120513114694157 10.44295322901781 11.106224469565994 12.33833462891383 17.15820340485153 -9999 -9999 -9999 -9999 -9999 -9999 -9999 -9999 -9999 -9999 -9999 -9999 -9999 -9999 -9999 -9999 -9999 -9999 -9999 -9999 -9999 -9999 -9999 -9999 -9999 -9999 -9999
-9999 -9999 -9999 -9999 10.260497192491014 10.131775476074443 9.785801407647993 9.47749411480433 9.210923882287796 9.360708480399769 9.759997790114648 9.602410193229382 9.472025497182587 9.36316265237959 9.426691169731843 9.466141716080696 9.295296738654482 9.695190940027254 10.171751382232113 10.203252221544233 10.175667293963224 10.515208574381221 11.195029354743284 12.766446437371295 -9999 -9999 -9999 -9999 -9999 -9999 -9999 -9999 -9999 -9999 -9999 -9999 -9999 -9999 -9999 -9999 -9999 -9999 -9999 -9999 -9999 -9999 -9999 -9999 -9999 -9999 -9999 -9999
-9999 -9999 -9999 -9999 11.184292484317751 10.943365595884616 10.306321290926462 9.357044672843605 8.92598780862258 9.06719927270784 8.976360276281758 8.890241681052805 8.673634668219817 8.673072232159585 8.919317102427033 9.310040706258127 9.677350174093176 9.905051463111446 9.832039881310305 10.04328717950686 10.257850303820364 10.774640692539796 11.544462086467426 -9999 -9999 -9999 -9999 -9999 -9999 -9999 -9999 -9999 -9999 -9999 -9999 -9999 -9999 -9999 -9999 -9999 -9999 -9999 -9999 -9999 -9999 -9999 -9999 -9999 -9999 -9999 -9999 -9999
