metrics/grid_rasters/CCI Active/grideval_CCI Active_X_summer_2017_absolute_bias.asc
ncols 52
nrows 55
xllcorner     11.25
yllcorner     55.25
cellsize      0.25
NODATA_value  -9999
[rows 0 to 29 of 55, columns 0 to 51 of 52]
-9999 -9999 -9999 -9999 -9999 -9999 -9999 -9999 -9999 -9999 -9999 -9999 -9999 -9999 -9999 -9999 -9999 -9999 -9999 -9999 -9999 -9999 -9999 -9999 -9999 -9999 -9999 -9999 -9999 -9999 -9999 -9999 -9999 -9999 -9999 -9999 -79.01632030711454 -80.23697342221126 -81.82712922591803 -9999 -9999 -9999 -9999 -9999 -9999 -9999 -9999 -9999 -9999 -9999 -9999 -9999
-9999 -9999 -9999 -9999 -9999 -9999 -9999 -9999 -9999 -9999 -9999 -9999 -9999 -9999 -9999 -9999 -9999 -9999 -9999 -9999 -9999 -9999 -9999 -9999 -9999 -9999 -9999 -9999 -9999 -9999 -9999 -9999 -9999 -9999 -9999 -9999 -79.92127764905277 -82.23383610339269 -82.97862261825281 -82.9937530943881 -83.00540621270952 -83.43531788399686 -9999 -9999 -9999 -9999 -9999 -9999 -9999 -9999 -9999 -9999
-9999 -9999 -9999 -9999 -9999 -9999 -9999 -9999 -9999 -9999 -9999 -9999 -9999 -9999 -9999 -9999 -9999 -9999 -9999 -9999 -9999 -9999 -9999 -9999 -9999 -9999 -9999 -62.574564899559384 -66.2682858891785 -70.04804406967014 -70.52953565296005 -70.48261814012247 -67.71097033934461 -67.83696219422247 -9999 -76.22095980883941 -80.44679304860209 -83.19749556902958 -85.41769379506941 -85.81825612728362 -85.61030842104685 -85.37423253739658 -85.44496919473877 -85.70836880203822 -86.01317788854891 -86.52262612594211 -9999 -9999 -9999 -9999 -9999 -9999
-9999 -9999 -9999 -9999 -9999 -9999 -9999 -9999 -9999 -9999 -9999 -9999 -9999 -9999 -9999 -9999 -9999 -9999 -9999 -9999 -9999 -9999 -9999 -9999 -9999 -9999 -9999 -62.38772017110226 -70.30200450494885 -72.87673560483957 -72.6684352468042 -69.65725940565268 -68.47779919338096 -69.23648756823462 -71.96977905702332 -75.42479672655462 -78.03010556587707 -80.08031417121705 -82.05793284997344 -83.13099848268473 -83.80411265466525 -84.21463105438843 -84.40130065737858 -84.24220924775885 -84.00160801702219 -84.08386879025593 -84.27548955364719 -84.29250491734432 -9999 -9999 -9999 -9999
-9999 -9999 -9999 -9999 -9999 -9999 -9999 -9999 -9999 -9999 -9999 -9999 -9999 -9999 -9999 -9999 -9999 -9999 -9999 -9999 -9999 -9999 -61.92086533294328 -65.87740119134679 -66.63157619397307 -68.39510635559152 -71.95472990091031 -74.27206622950638 -76.75996980990892 -77.72500557373552 -77.05237116001464 -77.37870782941252 -77.10118722122 -76.83216157069674 -77.48525448256859 -78.291274520852 -78.78490875483206 -79.24766538940047 -80.22971240479663 -81.34750681548662 -82.51002891782834 -83.93361909444566 -84.50510870794888 -84.16412070053427 -83.4554909043338 -82.69899505166256 -82.40820901355019 -82.37616988676399 -82.37834343233186 -9999 -9999 -9999
-9999 -9999 -9999 -9999 -9999 -9999 -9999 -9999 -9999 -9999 -9999 -9999 -9999 -9999 -9999 -9999 -9999 -9999 -9999 -9999 -9999 -65.67677810684194 -67.73335091135968 -70.3496138372842 -71.29013942810427 -77.40898478592652 -72.84168819524348 -71.48483641771064 -72.31107969913218 -74.20772503122039 -77.3774280389366 -80.23860169817571 -81.56439126396309 -82.28485971268104 -82.54461084824541 -82.39237824244344 -81.40412574115655 -80.74828920480998 -81.02274940567821 -81.84332616011734 -82.65770483551466 -83.53608902576177 -84.32569246010289 -84.5538430771102 -84.36318012067804 -83.9631660917531 -83.36378342010404 -82.61080907074654 -81.44522711375484 -9999 -9999 -9999
-9999 -9999 -9999 -9999 -9999 -9999 -9999 -9999 -9999 -9999 -9999 -9999 -9999 -9999 -9999 -9999 -9999 -9999 -9999 -9999 -66.74450317577079 -71.68973897248506 -74.67630338783448 -74.81851174013738 -74.10084239145121 -71.8432999957353 -70.20359648638461 -67.8827786560242 -68.62984901958185 -70.56085785802291 -73.56753213800813 -77.58382461770721 -80.87143105171297 -82.82391338147545 -83.2030271678839 -82.02367065879315 -80.33233068219346 -78.89374548925653 -78.47779743681136 -79.14252005015378 -79.76719601905864 -80.46713585341755 -81.47314099254817 -82.3101961026373 -82.91290813668266 -83.13530058640502 -83.25131033004627 -82.54070611945961 -81.38074890216406 -80.54828137629056 -9999 -9999
-9999 -9999 -9999 -9999 -9999 -9999 -9999 -9999 -9999 -9999 -9999 -9999 -9999 -9999 -9999 -9999 -9999 -9999 -9999 -9999 -9999 -71.42920780332783 -75.86014247803311 -75.66913964487613 -75.19325634585806 -72.3765800178051 -71.4687764120626 -71.50302002521661 -72.04327170437446 -73.08600070845823 -74.02622036668271 -75.68549501005073 -78.56116656699906 -81.22431222721934 -83.0625134717835 -82.88694323421173 -81.66499021033879 -79.97965806414899 -78.3697706937142 -77.98450582652636 -77.833267857847 -77.99704404304858 -78.48109101261134 -78.68704880077554 -78.49708472597209 -78.55926629236859 -78.35319534511022 -77.87208529156834 -77.1979182359317 -9999 -9999 -9999
-9999 -9999 -9999 -9999 -9999 -9999 -9999 -9999 -9999 -9999 -9999 -9999 -9999 -9999 -9999 -9999 -9999 -9999 -9999 -74.1469733450148 -76.65494893472872 -77.06997373594956 -78.2260240155108 -78.55307754111844 -76.68325055241584 -75.24700988583513 -73.41834536866172 -71.75790762172446 -71.47908434239419 -71.80337374106698 -72.30175919247709 -73.14406903266259 -74.34528841467008 -75.98129163504295 -77.89408615523058 -79.63405833620092 -80.72336560601127 -80.77206535216258 -80.09491813020861 -78.73664279282094 -77.0352185872262 -75.33469119101115 -74.33018280468558 -73.52310627148205 -73.01737315968975 -72.85913717066464 -73.28590225152995 -73.55263693420136 -73.76893787199387 -73.81931182110439 -73.6900511317603 -9999
-9999 -9999 -9999 -9999 -9999 -9999 -9999 -9999 -9999 -9999 -9999 -9999 -9999 -9999 -9999 -9999 -9999 -9999 -78.02307134148586 -77.79110599728838 -77.51465433869097 -78.12229200303554 -78.2681818406333 -77.59054630201148 -77.35522451440056 -77.01767071442944 -76.33390553749126 -75.7495875251682 -75.60265481115684 -75.62700914316203 -75.4671639341699 -75.32472174387911 -75.52242893774225 -75.47821621888356 -75.55383287094857 -76.02486363393456 -77.02118848134641 -77.95736620251252 -78.34504424699622 -77.91098263049903 -76.206320942582 -74.05966279833859 -72.52829962094192 -71.21019624772926 -70.31831329623643 -70.02878668904305 -70.58501413448349 -71.30566719708884 -71.68832009447658 -71.77669798161672 -71.54650541119601 -9999
-9999 -9999 -9999 -9999 -9999 -9999 -9999 -9999 -9999 -9999 -9999 -9999 -9999 -9999 -9999 -9999 -9999 -79.38698598882732 -79.52126392349602 -78.82132479859577 -78.31130811912209 -77.48276669191925 -76.78496918389979 -75.34096565632069 -73.90612683914925 -73.14292880374451 -72.64118660500516 -72.68707769121166 -73.32704389419244 -74.45745021185797 -74.95124682087614 -74.34136958679426 -73.320412211768 -72.67140484747031 -72.63245764050795 -73.08849923685194 -73.34831430843991 -73.35557026626623 -73.13924775515561 -72.92815119222455 -72.51350327354409 -72.19379977995288 -71.78188080486395 -71.04124404635766 -69.85567822582696 -68.58031211372302 -68.18534905269094 -68.4265104221261 -68.84717713021065 -69.10299590035625 -9999 -9999
-9999 -9999 -9999 -9999 -9999 -9999 -9999 -9999 -9999 -9999 -9999 -9999 -9999 -71.75015206785685 -73.92199329456145 -77.61034300066959 -81.22933227919985 -82.17544759123513 -81.62125948005979 -80.42308812329303 -79.00612973000692 -77.46896934768428 -75.12883586890024 -72.81958854570985 -71.38716567502074 -71.18866694848175 -71.07036288195978 -70.8367164614408 -70.88540463473484 -71.78038152096713 -72.58029860792601 -72.44272880936447 -71.64616328186315 -71.07656628395553 -71.67515209948888 -72.74761027194883 -73.53034859231633 -73.16586589764641 -71.81787755469914 -69.98752993102308 -68.83780697295848 -68.4104963068081 -68.32441784797803 -67.86187256289566 -67.52726636357282 -67.60127926018575 -68.04341334217915 -68.50843260566826 -68.88705791808341 -69.2529290592217 -70.02575312263292 -9999
-9999 -9999 -9999 -9999 -9999 -9999 -9999 -9999 -9999 -9999 -9999 -9999 -9999 -71.34734037982093 -73.2847319725487 -75.44158379134277 -78.0542821686553 -79.75115575042108 -79.98103182179773 -78.26444823845573 -75.84909721625888 -73.60088337212802 -72.05574884962128 -71.16491527806805 -71.7761815386298 -73.06725611278543 -74.11258514355059 -74.33194300095025 -74.10510121674642 -74.12378485031103 -74.04574198292002 -74.24067293982144 -74.53502605369556 -75.383710467783 -75.83559833305037 -75.81222207682288 -75.13944255641621 -73.87982025629151 -72.48163908250307 -70.8354453013643 -69.55226061979066 -68.94865593589519 -68.45677710324526 -67.60808486410457 -67.2883867221358 -66.96441529998961 -65.80788337277329 -65.93176223062302 -66.97521364705071 -68.33578451577088 -69.573897972541 -70.53460917945789
-9999 -9999 -9999 -9999 -9999 -9999 -9999 -9999 -9999 -9999 -9999 -9999 -9999 -75.162259982008 -75.58722012295671 -75.095237330898 -74.64310254140392 -74.58534412393752 -74.26407561775135 -73.28492372434424 -72.06140588094358 -71.19258023749875 -70.94240596841858 -71.43957050533399 -72.81450760202563 -75.06012817164478 -77.46490008513565 -9999 -78.12896714570081 -77.17053495541863 -76.60507788590115 -76.62058853293243 -76.62948922051683 -76.71655843309735 -76.62820542117824 -76.2194383264236 -75.27789777177183 -74.07310282730538 -73.27576500857654 -73.22870470178515 -72.84176493889612 -71.68865338907294 -69.52206432592611 -66.79868012391354 -9999 -9999 -9999 -9999 -9999 -9999 -9999 -9999
-9999 -9999 -9999 -9999 -9999 -9999 -9999 -9999 -9999 -9999 -9999 -9999 -9999 -80.77346767112613 -80.56986573208933 -78.65220824548084 -75.82485926928726 -73.13205124551187 -71.82016192425205 -71.62291633596888 -72.1554390269777 -72.80600710083608 -73.13826601093878 -73.24446931546149 -73.74135461287653 -75.2503316703698 -77.0810734493577 -77.86129288164818 -77.7205815344401 -77.35579087261273 -77.03364444135323 -77.03683412787706 -77.00523878131871 -76.75737759325169 -76.1223271129572 -75.26461969202626 -74.18379269767067 -73.60890242165846 -73.68844294434656 -74.00309745076558 -73.91770529666023 -9999 -9999 -9999 -9999 -9999 -9999 -9999 -9999 -9999 -9999 -9999
-9999 -9999 -9999 -9999 -9999 -9999 -9999 -9999 -9999 -9999 -9999 -9999 -78.47323922239819 -80.19827173634067 -79.72591799060288 -77.55022110854802 -74.69160032693459 -72.49057997504006 -71.48896898669393 -71.7814522497356 -72.5224345140159 -73.86895325213023 -74.73600695768128 -74.90323803233711 -75.60983244653629 -76.57887262154533 -77.36295860795224 -77.10275072361465 -76.16615409306858 -75.68113982564081 -75.60739709550272 -75.89898785462844 -76.34679233072245 -76.99093866072919 -76.79705340577209 -75.57410416444358 -74.36503145714168 -74.14562818051681 -74.07605010902752 -73.34285003627124 -72.70772855680273 -9999 -9999 -9999 -9999 -9999 -9999 -9999 -9999 -9999 -9999 -9999
-9999 -9999 -9999 -9999 -9999 -9999 -9999 -9999 -9999 -9999 -9999 -73.87771305215101 -74.37570381731443 -75.3859543725848 -74.91546328576362 -72.81345425594759 -71.54228065697396 -71.62698001042007 -72.3913494259443 -73.66592261308561 -74.92620423257999 -76.1686853316167 -77.00438864772086 -77.27459232169002 -77.05712871836579 -77.03404471796493 -77.22589214696832 -76.86665486576764 -76.12184048946138 -75.50649408364427 -75.43611917903891 -75.54219654655975 -75.86245803227243 -76.58172370250459 -76.74499714342149 -76.01477417981495 -75.19069614067025 -74.03966218330291 -71.91457265080966 -69.47868466393456 -9999 -9999 -9999 -9999 -9999 -9999 -9999 -9999 -9999 -9999 -9999 -9999
-9999 -9999 -9999 -9999 -9999 -9999 -9999 -9999 -9999 -9999 -75.93542974669 -74.67065246629973 -73.40673844743034 -71.9503540650982 -70.51853897454946 -70.23833222330913 -71.33855733048657 -72.89928780803862 -74.53605111218666 -76.05876561302854 -77.2103187357602 -78.60314004479542 -79.27003107090358 -79.56461694204938 -79.07533879059812 -78.57066576733537 -78.10141972339024 -77.45905900228283 -77.12325972221468 -76.82516647535174 -76.65376260325961 -76.10663696589029 -75.66282006498913 -75.71262921198554 -75.59409701969959 -75.02558364379017 -74.0585107450252 -72.5216232113864 -68.88394895050189 -9999 -9999 -9999 -9999 -9999 -9999 -9999 -9999 -9999 -9999 -9999 -9999 -9999
-9999 -9999 -9999 -9999 -9999 -9999 -9999 -9999 -9999 -9999 -9999 -9999 -74.46419055176818 -73.19798657249497 -72.39290814862952 -72.68189205310267 -73.67608498911495 -74.78661094201 -75.66204626469508 -76.76095749680762 -78.0965754331454 -79.33927959592447 -80.01271000504494 -80.01061398131043 -79.27924046795006 -78.48616274656808 -78.06083191979839 -77.17657590284944 -76.48095253482461 -75.99320706012456 -75.74136538090913 -75.14494759054935 -73.86941585414435 -72.43572210876837 -71.71112853677377 -71.7990829249763 -72.04375772210568 -71.07136039209107 -67.29855346728279 -61.651192388618774 -9999 -9999 -9999 -9999 -9999 -9999 -9999 -9999 -9999 -9999 -9999 -9999
-9999 -9999 -9999 -9999 -9999 -9999 -9999 -9999 -9999 -9999 -9999 -74.84643912736489 -74.174157720869 -73.13164481455865 -72.26426627503142 -72.68956710203834 -74.23019574987501 -75.83934169764753 -76.25931947208619 -76.34938005649525 -77.21584945398828 -78.2781010956868 -78.97277027481923 -78.71990769680427 -78.19390475928134 -77.83527958457884 -77.35248394893563 -76.94073051003659 -76.00185614160222 -75.05385551520664 -74.03720915042187 -72.8847287086689 -71.48560781452967 -70.27000374282184 -70.22319823033784 -71.45878652029711 -72.03276845958571 -69.78883290906315 -64.68843613062863 -9999 -9999 -9999 -9999 -9999 -9999 -9999 -9999 -9999 -9999 -9999 -9999 -9999
-9999 -9999 -9999 -9999 -9999 -83.22154930622682 -81.65449564158915 -79.35623794113812 -77.12454416667637 -75.08938588104819 -72.82896748055582 -71.69669244567986 -71.68524524245574 -72.6308199496049 -73.15028679030746 -73.78886907223773 -74.95366906617646 -76.52767301528998 -76.67120471629111 -76.29207596895488 -76.37722999051861 -76.70348031883654 -77.23341835873282 -77.44326734494256 -77.29571061484192 -76.29756837419194 -75.26945775277589 -74.79025949845496 -74.17257179109299 -73.42745990873031 -72.58041563937846 -71.73455645370744 -70.78426416331659 -69.90011594120575 -68.98003763122404 -68.31500507858784 -66.69264647526586 -64.40726014663991 -9999 -9999 -9999 -9999 -9999 -9999 -9999 -9999 -9999 -9999 -9999 -9999 -9999 -9999
-9999 -9999 -9999 -9999 -82.88529048374166 -80.92146687727906 -78.17879149609286 -75.37979385208176 -73.66736932471396 -73.11071896957962 -72.47703430169949 -71.83151246542516 -71.92858468967934 -73.12675189178275 -74.82393499593373 -75.81912785995266 -76.70740864814624 -77.00936770309572 -76.84485966566464 -76.55713722174582 -76.3991413919822 -75.78995055559538 -75.4176192732285 -75.58794628051312 -75.5286360282613 -74.44164794651063 -73.59308685929231 -73.22231161561996 -72.40131067938131 -71.35175507078353 -70.45805506473002 -69.56157845890392 -67.73115753107096 -65.51292749866843 -63.902276829047054 -9999 -9999 -9999 -9999 -9999 -9999 -9999 -9999 -9999 -9999 -9999 -9999 -9999 -9999 -9999 -9999 -9999
-9999 -9999 -9999 -81.90658662856922 -80.39485863158885 -78.35556838029753 -76.45705047217399 -74.98182495262311 -73.71442624311085 -72.93727098891269 -72.72157386852348 -72.96258305320922 -73.70088705209935 -74.61194096716201 -75.81273788829212 -76.51176508402696 -76.44249750787151 -76.38892804572116 -76.35896037956294 -76.22912495599493 -75.84938065302761 -74.94473482263476 -74.00202263713531 -73.51956015031622 -73.1350074240371 -71.82416647721244 -70.09925618459997 -68.50508483968999 -66.8747595846653 -64.77531770438604 -62.59114406840957 -9999 -9999 -9999 -9999 -9999 -9999 -9999 -9999 -9999 -9999 -9999 -9999 -9999 -9999 -9999 -9999 -9999 -9999 -9999 -9999 -9999
-9999 -9999 -9999 -79.16644019568744 -76.51584130590376 -73.7497178270765 -72.65683910671784 -72.67234782615435 -72.9413792717716 -72.89844329768547 -72.54225099767032 -72.01474674596734 -72.3600698372592 -73.0106788703605 -74.17738100173679 -75.7095104880307 -75.6079492698545 -75.3820939588806 -75.17800334841013 -74.99109459992336 -74.47376536286396 -73.66169776346372 -72.75537377595901 -72.32192275802727 -71.50812390171315 -69.74070480222936 -66.8906522785192 -63.77637878805399 -60.73241642975937 -9999 -9999 -9999 -9999 -9999 -9999 -9999 -9999 -9999 -9999 -9999 -9999 -9999 -9999 -9999 -9999 -9999 -9999 -9999 -9999 -9999 -9999 -9999
-9999 -9999 -9999 -79.5548627924012 -78.79707456704067 -76.62666512118733 -74.41192772142266 -74.77699466681352 -76.22085427298494 -77.26390287733597 -77.40269476968956 -76.04254455751052 -74.33060486647099 -73.26199453340277 -73.14400563972151 -73.18964733977033 -73.58842072279558 -73.93868599313755 -74.04248385244738 -73.99532285300286 -73.79829403417915 -73.06959303274103 -72.18347263724908 -71.05824833363296 -68.87873848122746 -66.16693032937853 -9999 -58.375922843651935 -9999 -9999 -9999 -9999 -9999 -9999 -9999 -9999 -9999 -9999 -9999 -9999 -9999 -9999 -9999 -9999 -9999 -9999 -9999 -9999 -9999 -9999 -9999 -9999
-9999 -9999 -9999 -79.67842771177706 -79.46892885928568 -78.30957377540028 -77.58860238317563 -78.23780257481594 -79.02160140742427 -79.37681370989785 -78.50109664415534 -76.41368524633025 -74.6937300455959 -73.93380510142964 -74.01736920456524 -73.99059290195937 -73.39773043714787 -72.72640910015807 -72.1787797857238 -71.34457604149762 -70.42259846935454 -69.71285543558389 -68.9149987415775 -67.32767794346032 -64.27719550952314 -59.47076011481492 -55.41738699327993 -9999 -9999 -9999 -9999 -9999 -9999 -9999 -9999 -9999 -9999 -9999 -9999 -9999 -9999 -9999 -9999 -9999 -9999 -9999 -9999 -9999 -9999 -9999 -9999 -9999
-9999 -9999 -9999 -9999 -77.16281654070254 -77.25435475276217 -77.53614884614943 -78.03362735328467 -77.78719050518197 -77.50028409501131 -77.19813046863545 -77.0962218715121 -76.36843623334298 -75.21176781003241 -74.68686725021057 -74.347649048204 -73.6470087926997 -72.56974763390811 -71.39461751427987 -70.14349352633175 -68.38721477305111 -67.1438817632911 -65.45255306363106 -61.702371651873634 -9999 -9999 -9999 -9999 -9999 -9999 -9999 -9999 -9999 -9999 -9999 -9999 -9999 -9999 -9999 -9999 -9999 -9999 -9999 -9999 -9999 -9999 -9999 -9999 -9999 -9999 -9999 -9999
-9999 -9999 -9999 -9999 -77.72678068312615 -79.45398002927719 -80.06364344465344 -79.6059264977989 -78.56875114855559 -77.98638705601509 -78.3272949753572 -79.24125008042093 -78.75337153737959 -77.30480828816476 -75.97357243040335 -74.93078798654933 -73.83944623496221 -73.10741014568055 -72.81587569804296 -71.88723643367057 -70.68403761833906 -68.47640860485643 -65.44517919907103 -60.108073858949155 -52.71320329039641 -9999 -9999 -9999 -9999 -9999 -9999 -9999 -9999 -9999 -9999 -9999 -9999 -9999 -9999 -9999 -9999 -9999 -9999 -9999 -9999 -9999 -9999 -9999 -9999 -9999 -9999 -9999
-9999 -9999 -9999 -9999 -81.6143496852854 -81.15795363161875 -81.399476978118 -81.76690450667039 -81.9220370621137 -80.83906562691149 -80.0164111599974 -79.79852983906217 -78.90199044055265 -77.70631952551395 -76.62719239877617 -76.0551002866224 -75.44957622642751 -74.67413468561743 -74.12213740449236 -72.71051788767394 -70.98093820557645 -69.01017543997453 -65.95428935827121 -59.1950646933654 -9999 -9999 -9999 -9999 -9999 -9999 -9999 -9999 -9999 -9999 -9999 -9999 -9999 -9999 -9999 -9999 -9999 -9999 -9999 -9999 -9999 -9999 -9999 -9999 -9999 -9999 -9999 -9999
-9999 -9999 -9999 -9999 -79.00435940969898 -79.4140768750854 -79.71442112699152 -80.86097348076494 -81.72111811812805 -81.04771767265123 -79.76714836530711 -79.26652341384603 -78.89344103650555 -78.78261402897212 -78.22212921196352 -77.43950193715484 -76.47090169058545 -75.60139956956972 -74.72911368812557 -73.11146594713564 -71.77826769698574 -69.18240859019367 -64.67229428531036 -9999 -9999 -9999 -9999 -9999 -9999 -9999 -9999 -9999 -9999 -9999 -9999 -9999 -9999 -9999 -9999 -9999 -9999 -9999 -9999 -9999 -9999 -9999 -9999 -9999 -9999 -9999 -9999 -9999
