metrics/grid_rasters/CCI Active/grideval_CCI Active_S_fall_absolute_bias.asc
ncols 52
nrows 55
xllcorner     11.25
yllcorner     55.25
cellsize      0.25
NODATA_value  -9999
[rows 0 to 29 of 55, columns 0 to 51 of 52]
-9999 -9999 -9999 -9999 -9999 -9999 -9999 -9999 -9999 -9999 -9999 -9999 -9999 -9999 -9999 -9999 -9999 -9999 -9999 -9999 -9999 -9999 -9999 -9999 -9999 -9999 -9999 -9999 -9999 -9999 -9999 -9999 -9999 -9999 -9999 -9999 -81.75164790617094 -80.80058679537156 -80.43081702391864 -9999 -9999 -9999 -9999 -9999 -9999 -9999 -9999 -9999 -9999 -9999 -9999 -9999
-9999 -9999 -9999 -9999 -9999 -9999 -9999 -9999 -9999 -9999 -9999 -9999 -9999 -9999 -9999 -9999 -9999 -9999 -9999 -9999 -9999 -9999 -9999 -9999 -9999 -9999 -9999 -9999 -9999 -9999 -9999 -9999 -9999 -9999 -9999 -9999 -79.60070834838852 -80.98793814486514 -80.55341974909726 -79.59180814493449 -78.59454917436746 -78.09828763428406 -9999 -9999 -9999 -9999 -9999 -9999 -9999 -9999 -9999 -9999
-9999 -9999 -9999 -9999 -9999 -9999 -9999 -9999 -9999 -9999 -9999 -9999 -9999 -9999 -9999 -9999 -9999 -9999 -9999 -9999 -9999 -9999 -9999 -9999 -9999 -9999 -9999 -72.54141070606472 -77.63437335535805 -81.12376958966614 -80.00802380986073 -77.66447815049196 -72.59809701598209 -69.71280528470953 -9999 -71.74539562771862 -75.12913409034606 -77.9979816701354 -79.83017505575151 -80.2350786955041 -79.79236095219852 -78.67637306140429 -78.0536618891047 -77.51180447341494 -77.2826176616225 -77.5150397259742 -9999 -9999 -9999 -9999 -9999 -9999
-9999 -9999 -9999 -9999 -9999 -9999 -9999 -9999 -9999 -9999 -9999 -9999 -9999 -9999 -9999 -9999 -9999 -9999 -9999 -9999 -9999 -9999 -9999 -9999 -9999 -9999 -9999 -79.1004382222891 -82.06665016902737 -82.1447309155618 -78.39642641042012 -72.21999000748957 -66.97989339178258 -64.61164473257959 -65.12992655058014 -67.25796071512318 -69.258300188083 -71.25055765045377 -73.18330500084133 -74.66315023881373 -75.41852015135856 -75.78687476335715 -75.60334963997713 -75.77357863502888 -75.54766231454336 -75.24443875009915 -75.46046290782337 -75.35032189527745 -9999 -9999 -9999 -9999
-9999 -9999 -9999 -9999 -9999 -9999 -9999 -9999 -9999 -9999 -9999 -9999 -9999 -9999 -9999 -9999 -9999 -9999 -9999 -9999 -9999 -9999 -72.49687130317723 -76.5437689655223 -81.41374261572956 -83.47327894325984 -84.7152211535722 -85.24795233614886 -84.19926846192942 -82.67317045007538 -78.70885105997972 -74.92751848856186 -71.99773025636229 -69.68789144223415 -68.76940763488412 -68.46009890191257 -68.03883605443015 -68.34683035171092 -69.1536323075111 -70.13052858599505 -71.3913676665802 -73.03354801592374 -74.06657995259825 -74.39066355125442 -74.54188308351398 -74.38809997004641 -74.33760530474582 -74.30474459650841 -74.49444474771465 -9999 -9999 -9999
-9999 -9999 -9999 -9999 -9999 -9999 -9999 -9999 -9999 -9999 -9999 -9999 -9999 -9999 -9999 -9999 -9999 -9999 -9999 -9999 -9999 -76.79752639925431 -79.38804233624188 -82.45189428925514 -84.03021426290967 -85.17211304883803 -84.49017686630998 -82.12224985446248 -77.29917323205903 -75.01228488664678 -75.10924750158661 -74.97105556589608 -74.77989994049072 -74.4736419567718 -73.55665070851249 -72.49445895828079 -70.5538557574898 -69.56665581271747 -69.3206342687675 -69.90019388209718 -70.87839410642259 -72.06113210987104 -73.46492003047848 -74.84938764644247 -75.82038715416971 -75.84941151475205 -75.62526714169856 -75.43384597046261 -74.97407790875815 -9999 -9999 -9999
-9999 -9999 -9999 -9999 -9999 -9999 -9999 -9999 -9999 -9999 -9999 -9999 -9999 -9999 -9999 -9999 -9999 -9999 -9999 -9999 -77.00231647579109 -81.98177238506972 -83.70981120569185 -84.475473441018 -84.51481599850062 -85.2993280510692 -81.05806541826044 -76.37763682350113 -71.09074937758473 -69.58651948574537 -69.29289337298857 -70.33175217825446 -72.32252720747198 -73.89910759520836 -74.12232630836402 -72.44477073707817 -70.42335769384313 -68.80175283519846 -68.46532956915016 -69.31341556491711 -70.37931431201666 -71.54900508210227 -72.8902059400852 -74.40103140294552 -75.60720863774677 -76.18391262198037 -76.73227947209563 -76.81965749357877 -74.83658528609854 -74.01707964075041 -9999 -9999
-9999 -9999 -9999 -9999 -9999 -9999 -9999 -9999 -9999 -9999 -9999 -9999 -9999 -9999 -9999 -9999 -9999 -9999 -9999 -9999 -9999 -81.90771105407393 -83.16598902432358 -83.72826845042266 -83.06478111820836 -77.59088701428028 -75.96353632118553 -72.70876653715112 -70.74030600930962 -68.99094206924374 -67.92347496351664 -68.001577316121 -69.07410131324649 -70.60504877260051 -71.63972062442005 -71.33349423211378 -70.84362616951772 -69.50128190163021 -69.09133740085797 -69.1852782599628 -69.98234562651585 -69.96943183033989 -71.05135417716843 -71.66542196733612 -71.78152165514541 -72.64280885654296 -70.97869260342625 -70.32354761710612 -69.123971678723 -9999 -9999 -9999
-9999 -9999 -9999 -9999 -9999 -9999 -9999 -9999 -9999 -9999 -9999 -9999 -9999 -9999 -9999 -9999 -9999 -9999 -9999 -81.63514868884978 -82.50098626474438 -83.30106568878347 -82.88091636024495 -81.49278063158835 -78.95700841565288 -74.76703109419023 -70.45936700725878 -66.96699530212956 -65.07126386838165 -64.75459671883635 -64.87466820468615 -65.02632139015464 -65.28236166309586 -65.95263292143743 -67.35984580636655 -69.03533964491014 -70.39485762346732 -71.44211462295645 -71.69759205892935 -71.05057414431694 -69.8193585571221 -68.5652731372475 -68.03053972745218 -67.01067174528724 -66.19767033497966 -65.61632178021156 -66.0481516766893 -65.56916427274211 -65.77456035686504 -65.48890591656217 -65.83020749588808 -9999
-9999 -9999 -9999 -9999 -9999 -9999 -9999 -9999 -9999 -9999 -9999 -9999 -9999 -9999 -9999 -9999 -9999 -9999 -83.43132791609666 -82.8205287886649 -81.66842660716344 -80.6821814379631 -79.10315596733732 -77.57936819612371 -75.75830125579469 -74.0135882764897 -72.34956980272327 -70.7455482685311 -69.43281923322117 -68.81585835010965 -67.60900086775177 -66.9258824333876 -66.14209408232922 -66.1922422176434 -66.32912618201226 -67.43456901379284 -68.76329744062578 -70.2253555452588 -71.24004884569321 -69.88167822254556 -68.56092981762356 -67.25088660401957 -66.26439425908029 -63.61102317158993 -62.58340648527329 -62.07118133091927 -62.18899140167236 -62.76740688171054 -62.93687562115729 -63.17680055900014 -63.40260326916719 -9999
-9999 -9999 -9999 -9999 -9999 -9999 -9999 -9999 -9999 -9999 -9999 -9999 -9999 -9999 -9999 -9999 -9999 -85.85910320725195 -84.58810080610327 -81.728988722042 -77.84797757747697 -74.80729065314658 -72.2408384836993 -70.0402410119772 -68.04625433301115 -66.75684997209527 -65.93468644261682 -66.12735406963864 -66.4508290770086 -66.85993583692658 -66.77858614661002 -65.86746764573894 -64.96759292823464 -63.92853399461874 -64.9094200603525 -63.80437870125753 -63.77993724867702 -63.658231505774886 -63.89397802559742 -64.37570484212581 -64.339320098263 -63.76693818849676 -62.701672001883686 -61.924109156127855 -61.02042994342553 -59.790466648249925 -59.434667491841886 -59.56705036969846 -60.110600972192344 -60.54389170436553 -9999 -9999
-9999 -9999 -9999 -9999 -9999 -9999 -9999 -9999 -9999 -9999 -9999 -9999 -9999 -77.90956496929421 -78.88673141686354 -81.09144797103077 -83.66607334890017 -84.5308836439252 -82.66438420505945 -79.9685984734279 -76.39987131312489 -73.00173854790252 -69.504819052264 -66.12225419371997 -64.17717322912993 -63.69313954500203 -63.5230894637341 -63.51515929606454 -63.74606308858185 -64.42728298830698 -65.05730594221704 -64.75646294716633 -64.26930094070687 -63.01697252011299 -63.24892321985681 -63.88740660785369 -62.6612476089735 -61.95532682953643 -61.463728871763934 -60.336660830134704 -59.82855162508303 -59.8560369849205 -60.05578438976119 -59.62754550165473 -59.487152204662564 -59.594585928642104 -60.03002010720471 -61.130947632912815 -61.21204658898201 -61.231269119215796 -61.51427754669727 -9999
-9999 -9999 -9999 -9999 -9999 -9999 -9999 -9999 -9999 -9999 -9999 -9999 -9999 -76.92036036728638 -77.17762096555761 -78.00576182894764 -78.74180159846017 -78.8804369168701 -77.21064445075575 -74.62403562811076 -71.17394506497 -68.03408143915121 -65.62607802120415 -64.68667342683129 -65.25393610865605 -66.00493961333493 -66.9112860435321 -67.25029574973243 -66.20988467752429 -66.59096858752977 -66.9754636197462 -66.79876167119086 -66.67564684871051 -66.90956687796536 -66.9989814616866 -66.73349027951858 -64.27528434915907 -63.39925604533849 -62.59751130246891 -61.55656450105913 -60.92986486654116 -60.88973718031418 -60.76790822667633 -60.96909339548576 -60.71719630180699 -60.996122465900534 -60.7825586228836 -60.82379602920264 -61.65918301128171 -62.42736774222417 -63.1585574490803 -63.70691896417287
-9999 -9999 -9999 -9999 -9999 -9999 -9999 -9999 -9999 -9999 -9999 -9999 -9999 -77.49569851858122 -75.76104502093845 -72.5460194025008 -70.48531834500521 -69.49914633737852 -68.68816886059075 -67.75993028268218 -66.13688268480094 -65.60962105647606 -65.12615666789877 -65.02906036794913 -65.90335098982597 -67.65173446217293 -69.06869863605095 -9999 -69.84286117513436 -68.4422168908483 -67.93527497238472 -67.99470009960112 -68.11159429843387 -68.0015551056251 -67.9721353011645 -66.76188050642723 -66.1388947404068 -64.78244342790903 -64.36669258966292 -64.71046543618043 -65.20937384674947 -57.89126270896196 -55.7002804633571 -54.774984888979866 -9999 -9999 -9999 -9999 -9999 -9999 -9999 -9999
-9999 -9999 -9999 -9999 -9999 -9999 -9999 -9999 -9999 -9999 -9999 -9999 -9999 -79.81229517442574 -77.62155560823156 -73.52241474150547 -69.45128344445735 -66.27557314266093 -64.82251890599727 -64.71225889859586 -64.81416187927736 -65.60715172033002 -66.10764827589064 -64.85610679245514 -65.64355364688065 -67.05309731356736 -68.34608471704026 -68.91778633457919 -68.55785275119193 -68.08272704469964 -67.98677060516306 -68.48681510841847 -68.57947969213714 -67.51349942135985 -67.19252000781742 -65.90318209297128 -64.98119237899347 -64.42424422875047 -64.9616145656464 -65.96249554202788 -65.73352528598484 -9999 -9999 -9999 -9999 -9999 -9999 -9999 -9999 -9999 -9999 -9999
-9999 -9999 -9999 -9999 -9999 -9999 -9999 -9999 -9999 -9999 -9999 -9999 -81.7742802935522 -80.43026528604955 -76.92427298012706 -72.60603627252083 -67.93997335461813 -64.85327552866589 -63.44123983327989 -63.95557169241515 -64.85907370446284 -66.60507341257987 -67.75591662896225 -67.85888199116053 -67.35568565331282 -68.22156004135987 -67.03998078963383 -66.49135909159038 -65.76763315310079 -65.79706773636016 -66.6803397140096 -66.6321529446968 -66.57165931519512 -67.17284618563032 -67.21000333859102 -66.73347714086518 -65.8209754272099 -66.2592924023452 -66.62218343651463 -66.73982202068909 -66.85118468157533 -9999 -9999 -9999 -9999 -9999 -9999 -9999 -9999 -9999 -9999 -9999
-9999 -9999 -9999 -9999 -9999 -9999 -9999 -9999 -9999 -9999 -9999 -74.43711693385809 -73.74749110691151 -73.53926295134757 -71.45167277760096 -67.88676314363737 -64.73996920830974 -63.37873592769914 -63.91334258650358 -65.50278776318552 -67.08417361881584 -68.27845775935944 -68.79424754891005 -69.45159748583644 -69.65904156806008 -70.2664384510997 -69.56058593388693 -69.23316930290663 -65.87727512742735 -64.95787981961736 -65.01031927645995 -64.41409538764191 -64.74363157431925 -66.5512100744706 -67.81616294585672 -67.7452002821224 -67.87926455081245 -67.19096145392568 -66.037574522688 -64.86694864528253 -9999 -9999 -9999 -9999 -9999 -9999 -9999 -9999 -9999 -9999 -9999 -9999
-9999 -9999 -9999 -9999 -9999 -9999 -9999 -9999 -9999 -9999 -71.56357025630247 -69.65217763503476 -68.38795301608451 -66.99488241970539 -64.83657471582575 -62.434527499313965 -61.98126332603003 -63.65167283962445 -66.55427777213964 -68.47493214182782 -69.49890396254925 -70.59589193834037 -71.14969348739831 -71.65497188043744 -71.21995760528198 -70.91434231346953 -70.31762358898948 -69.24249707302627 -69.61960955203315 -68.46748085734966 -68.31716879783502 -66.83390564703707 -66.58979956715699 -66.67141874900587 -66.75911811775677 -67.62877554870859 -67.21394001761097 -64.9965942938476 -63.14038903807682 -9999 -9999 -9999 -9999 -9999 -9999 -9999 -9999 -9999 -9999 -9999 -9999 -9999
-9999 -9999 -9999 -9999 -9999 -9999 -9999 -9999 -9999 -9999 -9999 -9999 -67.17832853292164 -66.09893697402289 -64.5946298287231 -64.32812834567711 -64.4413612136951 -64.65497675137594 -67.27415331062383 -68.90133092288646 -69.94114251995896 -71.25612456406708 -72.03064331673086 -71.92894256855449 -71.24631277269421 -70.54112357071725 -70.03905102687663 -68.90970299831459 -68.03444565292243 -67.9250202745028 -67.82420243665405 -67.264074284045 -65.17627933244596 -64.43869444316832 -63.47080734617669 -64.50623002500166 -64.52514284904947 -65.30471438684496 -62.82268500181057 -60.3856641028987 -9999 -9999 -9999 -9999 -9999 -9999 -9999 -9999 -9999 -9999 -9999 -9999
-9999 -9999 -9999 -9999 -9999 -9999 -9999 -9999 -9999 -9999 -9999 -68.65807493276967 -66.96161178046582 -65.35767292640148 -63.8459099465205 -64.69737716187528 -66.16084487966181 -67.67975036686734 -67.95301171260165 -67.21856604170212 -69.00205426997479 -69.09675144520453 -69.69176673673826 -69.70689044701075 -69.09919461980462 -69.31183168046515 -69.18982742743736 -69.05270310636911 -68.80442279348658 -68.40955209020112 -67.62861679877089 -66.73789504314622 -65.33268819869528 -64.36517933018982 -65.31398662762943 -65.92538228862243 -66.18883993327617 -66.09765693015797 -62.819007548223794 -9999 -9999 -9999 -9999 -9999 -9999 -9999 -9999 -9999 -9999 -9999 -9999 -9999
-9999 -9999 -9999 -9999 -9999 -78.38246189790868 -77.51767010844594 -76.31296630829443 -74.28153001454143 -71.77890046609339 -67.85556044131518 -65.36636304532094 -64.25414483713847 -64.44512707486257 -64.68735517782825 -65.28073847105448 -66.67961916541626 -68.004167274705 -68.2817083004706 -67.60625816579466 -67.67376224562112 -67.6769428891066 -67.90341041156569 -68.52078178356089 -68.26245392868535 -68.66586462982806 -68.46413732694704 -68.86610799828054 -68.68934712802024 -68.10838061895396 -67.60425401228079 -66.96482048389599 -66.52894920015183 -65.74556763594349 -65.45305680787122 -64.73999646455647 -63.9639983027575 -63.11392098478972 -9999 -9999 -9999 -9999 -9999 -9999 -9999 -9999 -9999 -9999 -9999 -9999 -9999 -9999
-9999 -9999 -9999 -9999 -75.69916809041325 -74.62529312897836 -71.94279328140806 -70.07059298262193 -68.20990539782575 -67.84830656682661 -66.1147834432801 -65.220265885168 -64.92641733634599 -65.5532325148414 -66.6991824831879 -67.81839024891023 -68.75106717048236 -69.25898971630349 -69.12655646733181 -69.20881645488525 -69.17104952238938 -68.32800626685854 -68.05907302878278 -68.81521948444492 -68.60942009819307 -68.13586724112774 -67.91772297995814 -67.90498115684038 -67.52400917474607 -66.6499764590916 -66.85641560651818 -65.67299563676237 -64.4189749891192 -63.08724954836774 -62.066150889472844 -9999 -9999 -9999 -9999 -9999 -9999 -9999 -9999 -9999 -9999 -9999 -9999 -9999 -9999 -9999 -9999 -9999
-9999 -9999 -9999 -73.74165603270133 -72.0278298075674 -69.94352384786244 -68.10262723913235 -67.40160310268402 -66.43868981543424 -65.90132475569487 -66.10194357792632 -66.93010257434082 -67.48715891862156 -68.28263394899356 -69.40689123631594 -69.52239455923889 -69.51466577658148 -69.71123463713697 -69.7097962493279 -69.93002854697188 -69.23947436755961 -68.91400136627965 -67.99270359951943 -68.1910997453429 -67.90019935465628 -66.69138803427157 -65.72576174775467 -63.94566258621113 -63.26238383722526 -62.29046298003328 -61.50975204529106 -9999 -9999 -9999 -9999 -9999 -9999 -9999 -9999 -9999 -9999 -9999 -9999 -9999 -9999 -9999 -9999 -9999 -9999 -9999 -9999 -9999
-9999 -9999 -9999 -75.04320438001393 -72.21910485741004 -68.51018053515635 -65.61920792529884 -64.82457847610117 -64.47448987048557 -64.7282548870821 -64.92747449985771 -65.5433543721604 -66.42832884117277 -67.19989237565439 -68.59248407146673 -69.3873903787136 -69.494420111267 -69.33719862815599 -69.4703197629126 -69.5867814790834 -69.01460384670142 -68.36293304743626 -67.74961004853249 -67.2081751452031 -66.72879631428296 -65.20352452671013 -62.79072169424632 -62.103301362230866 -53.18546390533447 -9999 -9999 -9999 -9999 -9999 -9999 -9999 -9999 -9999 -9999 -9999 -9999 -9999 -9999 -9999 -9999 -9999 -9999 -9999 -9999 -9999 -9999 -9999
-9999 -9999 -9999 -76.67996133126394 -75.81851918153812 -71.68010799681886 -67.37891456847869 -66.07717119298876 -66.99354249969969 -68.5368278676437 -69.35429623799985 -68.91387435199263 -67.77141569086895 -67.11301914453506 -67.53963257001821 -68.0527702660928 -68.59242507840476 -69.01462335626506 -69.34955949525713 -69.33097070671992 -69.09137333004357 -68.70229611586738 -67.67825401632885 -66.77258374260701 -65.02371837088627 -62.89297273103581 -9999 -59.520357974666226 -9999 -9999 -9999 -9999 -9999 -9999 -9999 -9999 -9999 -9999 -9999 -9999 -9999 -9999 -9999 -9999 -9999 -9999 -9999 -9999 -9999 -9999 -9999 -9999
-9999 -9999 -9999 -71.59661134484324 -71.09342309389964 -68.78740869301791 -67.15102669611139 -67.75255146192816 -68.79922127238872 -70.08541003545609 -70.26703176581033 -69.57591666772808 -68.36648696587712 -67.92933667931291 -68.56042374028215 -69.13957209857864 -68.75995615890807 -68.81691018529031 -68.1868796389064 -67.87294938313333 -67.0877421872364 -66.56214299708155 -64.50426980450172 -56.60135105089359 -54.279168133635686 -52.04866799679889 -50.773581302995346 -9999 -9999 -9999 -9999 -9999 -9999 -9999 -9999 -9999 -9999 -9999 -9999 -9999 -9999 -9999 -9999 -9999 -9999 -9999 -9999 -9999 -9999 -9999 -9999 -9999
-9999 -9999 -9999 -9999 -68.93869930374272 -68.05774202002821 -68.01584289851142 -68.3403056853231 -68.3289557924228 -68.81838749210142 -68.7603082575649 -69.12834561668863 -68.1617798664462 -68.08222782411106 -68.81504892837256 -69.41860157631986 -69.33532847365292 -68.64453878059531 -68.41745273061568 -67.12133689995768 -66.51817822487403 -65.14228802933997 -63.34344927388533 -52.363203341206805 -9999 -9999 -9999 -9999 -9999 -9999 -9999 -9999 -9999 -9999 -9999 -9999 -9999 -9999 -9999 -9999 -9999 -9999 -9999 -9999 -9999 -9999 -9999 -9999 -9999 -9999 -9999 -9999
-9999 -9999 -9999 -9999 -68.40273885841661 -70.08029077459851 -70.24597151527324 -69.53122002370655 -69.1215375810105 -68.94390037976778 -69.43560611982556 -70.13705247211946 -70.15855700016841 -69.6460442185402 -69.35915346749843 -69.85944046191078 -70.16454249502576 -69.75348230344909 -69.56860856358439 -69.76481781768675 -68.67360338707472 -66.72480339639715 -62.73680920727214 -59.059291280454076 -47.782666314745185 -9999 -9999 -9999 -9999 -9999 -9999 -9999 -9999 -9999 -9999 -9999 -9999 -9999 -9999 -9999 -9999 -9999 -9999 -9999 -9999 -9999 -9999 -9999 -9999 -9999 -9999 -9999
-9999 -9999 -9999 -9999 -71.8379706652327 -72.2319483118727 -72.86976972166549 -73.45021117379001 -73.65766069479287 -72.39919194655934 -71.46440072676434 -71.71966582374267 -71.17343490461417 -70.89983646722708 -71.23145173569617 -71.79184040781999 -71.87070562334165 -71.18484746743567 -70.12650844751342 -69.23726745797278 -68.17165969128575 -65.96871064456322 -64.73817992165037 -58.059881746422406 -9999 -9999 -9999 -9999 -9999 -9999 -9999 -9999 -9999 -9999 -9999 -9999 -9999 -9999 -9999 -9999 -9999 -9999 -9999 -9999 -9999 -9999 -9999 -9999 -9999 -9999 -9999 -9999
-9999 -9999 -9999 -9999 -69.85710153443382 -70.53100584914557 -72.04719076803704 -74.06439681891555 -74.95248427434066 -74.58479807529774 -73.55444427995306 -73.36966119534091 -73.77391916070435 -73.93508939008126 -73.52554452718802 -73.64408694343784 -72.38920620723374 -71.41539592500857 -70.34884610772133 -69.41208083476081 -68.24430912115834 -65.83302835066874 -63.44423629834082 -9999 -9999 -9999 -9999 -9999 -9999 -9999 -9999 -9999 -9999 -9999 -9999 -9999 -9999 -9999 -9999 -9999 -9999 -9999 -9999 -9999 -9999 -9999 -9999 -9999 -9999 -9999 -9999 -9999
