metrics/grid_rasters/CCI Active/grideval_CCI Active_X_summer_2016_absolute_bias.asc
ncols 52
nrows 55
xllcorner     11.25
yllcorner     55.25
cellsize      0.25
NODATA_value  -9999
[rows 0 to 29 of 55, columns 0 to 51 of 52]
-9999 -9999 -9999 -9999 -9999 -9999 -9999 -9999 -9999 -9999 -9999 -9999 -9999 -9999 -9999 -9999 -9999 -9999 -9999 -9999 -9999 -9999 -9999 -9999 -9999 -9999 -9999 -9999 -9999 -9999 -9999 -9999 -9999 -9999 -9999 -9999 -83.34084854858077 -84.09232007452975 -84.80464170662606 -9999 -9999 -9999 -9999 -9999 -9999 -9999 -9999 -9999 -9999 -9999 -9999 -9999
-9999 -9999 -9999 -9999 -9999 -9999 -9999 -9999 -9999 -9999 -9999 -9999 -9999 -9999 -9999 -9999 -9999 -9999 -9999 -9999 -9999 -9999 -9999 -9999 -9999 -9999 -9999 -9999 -9999 -9999 -9999 -9999 -9999 -9999 -9999 -9999 -84.79352280432764 -86.19886975767821 -86.3184390599313 -85.80851886712986 -85.44751282862347 -85.50191722453937 -9999 -9999 -9999 -9999 -9999 -9999 -9999 -9999 -9999 -9999
-9999 -9999 -9999 -9999 -9999 -9999 -9999 -9999 -9999 -9999 -9999 -9999 -9999 -9999 -9999 -9999 -9999 -9999 -9999 -9999 -9999 -9999 -9999 -9999 -9999 -9999 -9999 -70.52137035746938 -75.62052226472984 -77.18275027646776 -76.68939175489157 -76.01895512089781 -74.68177678063513 -74.44763136201578 -9999 -79.9490002853715 -83.47027864566316 -86.03797723288122 -87.29509802016874 -87.25657449063401 -86.83023539558054 -86.43133049506856 -86.42585558849184 -86.83316620666048 -87.48681293379353 -88.03591351097694 -9999 -9999 -9999 -9999 -9999 -9999
-9999 -9999 -9999 -9999 -9999 -9999 -9999 -9999 -9999 -9999 -9999 -9999 -9999 -9999 -9999 -9999 -9999 -9999 -9999 -9999 -9999 -9999 -9999 -9999 -9999 -9999 -9999 -75.56152979163238 -80.66417335756121 -80.32225051701786 -76.96007196605207 -75.2750873449056 -73.36022393907542 -73.16850742049839 -74.65833108418661 -77.32706013257089 -79.58411091744252 -81.937256914442 -83.31353669516419 -84.22331563415734 -84.93177576022951 -85.29177663199927 -85.58598662767074 -85.58616368504971 -85.52784320161395 -85.83992013885923 -86.6292415852456 -86.93253110575934 -9999 -9999 -9999 -9999
-9999 -9999 -9999 -9999 -9999 -9999 -9999 -9999 -9999 -9999 -9999 -9999 -9999 -9999 -9999 -9999 -9999 -9999 -9999 -9999 -9999 -9999 -74.51470788697834 -77.68920423414396 -79.57854257264862 -79.77635054031144 -80.78788372671062 -82.37225873378061 -82.79927395301706 -81.28346661575462 -81.07596926131973 -80.0831048278057 -79.43735546634898 -79.19951555570181 -79.28222600224873 -79.72030887266864 -80.000687221956 -80.57267083341013 -81.23181705419783 -82.36422425881028 -83.79560310847086 -85.3336360781737 -85.9255806632016 -85.83082500083938 -85.31880868274881 -84.81812202023423 -84.85639811776902 -85.24845119873467 -85.42103154552372 -9999 -9999 -9999
-9999 -9999 -9999 -9999 -9999 -9999 -9999 -9999 -9999 -9999 -9999 -9999 -9999 -9999 -9999 -9999 -9999 -9999 -9999 -9999 -9999 -78.81631105004445 -81.44061384771182 -81.91767560237128 -81.11904063820839 -79.9473669425301 -78.16133209577073 -77.52369326547436 -77.5862809682022 -78.80266408784234 -80.68916537709858 -82.38238079732527 -83.26624105141863 -83.71498184570152 -83.93533838702285 -83.49817275644645 -82.62946571928003 -82.10546210861725 -82.10470173524126 -82.7755859941244 -83.6798207188106 -84.8937135082872 -86.03657890953447 -86.90079381090143 -87.15055233304916 -86.79305235992955 -86.53393809934673 -85.9123254760128 -84.76980009010953 -9999 -9999 -9999
-9999 -9999 -9999 -9999 -9999 -9999 -9999 -9999 -9999 -9999 -9999 -9999 -9999 -9999 -9999 -9999 -9999 -9999 -9999 -9999 -77.17663505770591 -81.3034976357999 -82.74574575090145 -82.57415800260173 -80.9024547788832 -78.85999270168583 -75.56424525866042 -74.1899086865394 -73.71146521101828 -74.60262401823117 -76.80013423736976 -79.82613951518483 -82.39339474199906 -84.15527226646309 -84.59663499292472 -83.27335956595515 -81.73254333825216 -80.40320263155128 -80.3576313391652 -80.93189902344477 -81.82396660518388 -82.83132768730107 -84.22364990980081 -85.56368353817126 -86.70049923334433 -87.42691640669237 -87.56220418700704 -86.95172019124679 -85.80392771651563 -84.71541956698766 -9999 -9999
-9999 -9999 -9999 -9999 -9999 -9999 -9999 -9999 -9999 -9999 -9999 -9999 -9999 -9999 -9999 -9999 -9999 -9999 -9999 -9999 -9999 -78.15590857584839 -80.70623298349051 -81.67698283670913 -80.26891764416092 -77.5328597633735 -76.46907437592746 -75.91444617477448 -76.3019254853868 -77.11404601290174 -77.69278984905586 -78.61356960706736 -80.70321191928309 -82.75768049498615 -84.25622729633166 -84.10668972993027 -83.03244525048395 -81.53921425358756 -80.589397991643 -80.66411158150953 -81.04120741347256 -81.50531504108854 -82.41292738622946 -83.16021254075609 -83.54373019334416 -83.84224561472301 -83.62881439065805 -83.06172232556601 -82.34037232237017 -9999 -9999 -9999
-9999 -9999 -9999 -9999 -9999 -9999 -9999 -9999 -9999 -9999 -9999 -9999 -9999 -9999 -9999 -9999 -9999 -9999 -9999 -80.04444965493421 -81.33561799869591 -81.83117782875247 -82.03830632340649 -81.41511115140241 -80.31242334713106 -78.75858844897671 -76.79205394050351 -75.70855122788444 -75.48024155636844 -75.50419169016506 -75.87683932920513 -76.33220351746549 -77.1752263173137 -78.41077246257792 -79.72644941946086 -81.44180162915069 -82.63259770121911 -82.91811917414483 -82.71056953995772 -81.70890794694424 -80.33835557993987 -79.00199314870912 -78.25640782940647 -78.00900876505867 -77.75192682639413 -77.90712601902044 -78.35452078655362 -78.52516839232133 -78.49452440699804 -78.40317441037169 -78.12383063963574 -9999
-9999 -9999 -9999 -9999 -9999 -9999 -9999 -9999 -9999 -9999 -9999 -9999 -9999 -9999 -9999 -9999 -9999 -9999 -81.7156639918685 -82.08799969826056 -82.50182326170412 -82.4632852871133 -82.00767111097989 -80.97968564198717 -79.90078324986541 -79.30381381025782 -78.9328193543074 -78.68106796090369 -78.81974368752992 -78.85502378075667 -78.69346129748484 -78.40703276301856 -78.06122885693027 -77.84093623689336 -77.54438972213994 -77.65963536581916 -78.48595728708997 -79.62873673439027 -80.54608997994143 -80.44199389300269 -78.8865902511322 -77.08258602185094 -75.6273623481393 -74.79728121990743 -74.21711576001152 -74.30833919897027 -74.60253101522508 -75.01142538500869 -75.3757421946072 -75.18908475209838 -74.86823711544275 -9999
-9999 -9999 -9999 -9999 -9999 -9999 -9999 -9999 -9999 -9999 -9999 -9999 -9999 -9999 -9999 -9999 -9999 -83.41001094100268 -83.16302161987709 -82.47815888796164 -81.43872246858868 -80.33668604622717 -78.91489891416353 -76.98121241399127 -75.11814186090359 -73.98349943141575 -73.58741318078145 -73.87869586309661 -75.0603221118774 -76.10756806672916 -76.57961511320394 -76.09945168265182 -75.31572141579312 -74.63230335955386 -74.22667465051231 -74.22938514614233 -74.35841264332767 -74.36901180883464 -74.61527067325686 -74.93218601835162 -74.86366735933268 -74.77244079615112 -74.74321859281348 -74.11721557103421 -72.95584704937494 -71.75633308194254 -71.13119188485587 -71.18353729678884 -71.59894549749468 -71.94551677143444 -9999 -9999
-9999 -9999 -9999 -9999 -9999 -9999 -9999 -9999 -9999 -9999 -9999 -9999 -9999 -74.61312844863404 -77.04478953001292 -80.1278563167738 -83.14733973890544 -84.42126986935087 -84.15938781331415 -82.71341431885958 -80.85083904473677 -79.16619374036141 -76.41154482928306 -73.68394139085127 -72.24237942776602 -71.68228052621302 -71.3814850114286 -71.27376136086558 -71.70712319388986 -72.58517052168432 -73.70803054227777 -73.73576542589328 -73.13528183588515 -72.49050285910134 -72.83399146536122 -73.86499493229 -74.60875735804439 -74.46843412988211 -73.33022185382636 -72.12133081727053 -71.16222590855931 -70.83757727884728 -70.7344038180359 -70.34922057892318 -70.02424083520536 -70.00389083442481 -70.47109680606619 -70.8108116067622 -71.43081659515914 -71.95177539438009 -72.58613912259106 -9999
-9999 -9999 -9999 -9999 -9999 -9999 -9999 -9999 -9999 -9999 -9999 -9999 -9999 -74.53861939259197 -76.07297357754862 -78.42189859874223 -80.68910689295635 -82.04213125501637 -81.60276543656771 -79.56932852303851 -76.77775662619133 -74.46276577967015 -72.67954352562842 -71.85775905701776 -72.28130024882114 -73.41662331459963 -74.36948091666336 -74.47509884558941 -74.25456827571209 -74.37469156313202 -74.76259151959547 -75.051447659245 -75.58358659579055 -76.03475828128664 -76.32625269825044 -76.18817869460453 -75.63681451215044 -74.77043198875111 -73.68978265008849 -72.46689499104801 -70.95200495405689 -70.37725756900466 -69.96553832049604 -69.44536579076363 -69.49985358216192 -69.35746797708714 -68.4717171376814 -68.50203210358386 -69.74535562535343 -71.77672270798813 -73.39914220037019 -74.2205634319588
-9999 -9999 -9999 -9999 -9999 -9999 -9999 -9999 -9999 -9999 -9999 -9999 -9999 -78.65902043133973 -78.57740047849391 -77.33968616050224 -76.57453726118673 -76.3125211376211 -75.56235024478772 -74.22167946058124 -72.50237110095179 -71.48949674873248 -71.06763741957104 -71.43293150012259 -72.82188927981517 -74.93247879118375 -77.42491242159967 -9999 -78.13575265783331 -77.35813679934844 -76.97315824857873 -77.01647561367439 -77.23107840833455 -77.22574928840217 -77.10152772344325 -76.4469447992742 -75.44438949324514 -74.21298662249161 -73.39403382785942 -73.45011233829933 -73.20779722653653 -72.33586209461741 -70.14636827859542 -68.11093519206928 -9999 -9999 -9999 -9999 -9999 -9999 -9999 -9999
-9999 -9999 -9999 -9999 -9999 -9999 -9999 -9999 -9999 -9999 -9999 -9999 -9999 -83.59442734248613 -82.84155856526417 -80.30186652181591 -77.2322040801139 -74.74939027525808 -73.5500628630752 -72.91593096259496 -73.03054591138725 -73.18683425045532 -73.3042447468185 -73.22686704815082 -73.89276623078014 -75.51201978908931 -77.36052895256358 -77.89387711655834 -77.78142501883532 -77.54322390306903 -77.5506824478507 -77.58184293236421 -77.58085027563831 -77.1076426387805 -76.5820190312098 -75.70270711718047 -74.62008980855994 -73.721933885275 -73.57230205056459 -74.04475472187218 -73.84689397883156 -9999 -9999 -9999 -9999 -9999 -9999 -9999 -9999 -9999 -9999 -9999
-9999 -9999 -9999 -9999 -9999 -9999 -9999 -9999 -9999 -9999 -9999 -9999 -81.73176840854728 -82.40360894637263 -81.23475428087556 -78.74518265672351 -75.67146174188541 -73.43652224265362 -72.44185911588694 -72.6771404798264 -73.5272890097745 -74.39850918883863 -74.91397437161727 -75.13819729617757 -76.10456296267068 -77.39997993474421 -78.52106944584976 -78.33967674232048 -77.31992005896956 -76.6111339751793 -76.1739913597703 -76.42053201405898 -76.77547081397927 -77.00803316854264 -76.79733744377026 -75.69218259531519 -74.70554504575938 -74.31883755034727 -74.02975201833506 -73.26837349148548 -72.32306783549164 -9999 -9999 -9999 -9999 -9999 -9999 -9999 -9999 -9999 -9999 -9999
-9999 -9999 -9999 -9999 -9999 -9999 -9999 -9999 -9999 -9999 -9999 -75.31881635960029 -75.92778873216847 -76.71978687494995 -75.93267381175056 -73.56895055978194 -71.76799380827858 -71.68673875312443 -72.5710814617898 -73.94938026951706 -75.17150053430511 -76.16269217269577 -77.13669368705672 -77.50609569931808 -77.57873881057553 -78.05568308107878 -78.66060549036965 -78.46380041442488 -77.62481398394573 -76.91638583301201 -76.43768076825401 -76.48184722338034 -76.44760094728807 -76.81657567960411 -76.8135570778471 -76.27440571363853 -75.45879934776737 -74.18015694569634 -71.36140780264269 -68.69321799780364 -9999 -9999 -9999 -9999 -9999 -9999 -9999 -9999 -9999 -9999 -9999 -9999
-9999 -9999 -9999 -9999 -9999 -9999 -9999 -9999 -9999 -9999 -74.04762174302468 -73.20531657273355 -72.83907980034533 -71.80258645586994 -70.55298609270349 -69.97206646868068 -70.96941400789048 -72.44725865449594 -74.0331241077055 -75.64517121016979 -77.27625339591633 -78.81457409618989 -79.65009154006839 -79.76599561779395 -79.65529770128752 -79.6174109775735 -79.4964645990859 -79.1514619415545 -78.74739514258894 -78.48248332074803 -77.87715561947097 -77.35399799810156 -77.05866141066603 -76.97101631841582 -76.54969945663343 -75.70165220729035 -74.72955070986696 -73.14789889364138 -69.75426649156472 -9999 -9999 -9999 -9999 -9999 -9999 -9999 -9999 -9999 -9999 -9999 -9999 -9999
-9999 -9999 -9999 -9999 -9999 -9999 -9999 -9999 -9999 -9999 -9999 -9999 -73.11605286727782 -72.24447722441477 -71.43217706988041 -71.50995172074308 -72.1546687780191 -73.18171830912647 -74.32029490691164 -75.85427800598352 -77.55092783272265 -79.12984371493044 -80.39247420122442 -80.62381353553222 -80.33239146743132 -80.01792401788028 -79.84097980853656 -79.07685296804361 -78.3721005461462 -77.71229954161073 -77.17078000290886 -76.3949142412647 -75.11799449052499 -73.85631477881385 -73.06600426056463 -73.10002374049763 -73.30165448493284 -72.84587783285457 -69.27035863260213 -63.57203735702712 -9999 -9999 -9999 -9999 -9999 -9999 -9999 -9999 -9999 -9999 -9999 -9999
-9999 -9999 -9999 -9999 -9999 -9999 -9999 -9999 -9999 -9999 -9999 -72.47371827924381 -72.24680210568981 -71.51969109848143 -70.80696680817915 -70.96360341070786 -72.15099155740893 -73.63367913485222 -74.24176242979972 -74.77326756148881 -76.2530276245721 -77.94561660775672 -79.20137688809115 -79.77076894417405 -79.80031518071242 -80.00368988368173 -80.0024631306853 -79.65490500839508 -78.80890278032292 -77.54880417964381 -76.11796823597473 -74.5646434955947 -73.04808782478389 -71.7108634389613 -71.69449779860999 -73.15943266143617 -74.1259990784785 -72.17853136992325 -67.33543557592708 -9999 -9999 -9999 -9999 -9999 -9999 -9999 -9999 -9999 -9999 -9999 -9999 -9999
-9999 -9999 -9999 -9999 -9999 -80.83592608814006 -80.25638738938648 -78.49940235200134 -76.63577809039019 -74.09880563811116 -71.52848758192167 -70.13171050713763 -70.3832001083571 -71.17169139744794 -71.4952328313628 -71.99642948660514 -73.19312068690424 -74.51121139072853 -74.9058104387444 -74.9219524881438 -75.63351095905122 -76.46758537026852 -77.49061488748893 -78.5997742673625 -78.68674982128584 -78.2504386132502 -77.7883273423042 -77.73082036103891 -77.40080776583889 -76.53366251565194 -75.54053117124283 -74.3689944650168 -73.17746874835828 -71.7708061983728 -70.75242141537045 -69.86858419831033 -67.90262643166858 -66.13854537839475 -9999 -9999 -9999 -9999 -9999 -9999 -9999 -9999 -9999 -9999 -9999 -9999 -9999 -9999
-9999 -9999 -9999 -9999 -80.03455757706061 -78.4254334151097 -75.83560034632683 -73.44612763109414 -72.01856965782201 -71.57196745616585 -71.3306987212728 -71.18159963935614 -71.79839377639735 -73.18547754297438 -74.36637908641411 -75.17701609076366 -75.68815729038224 -75.97785363524504 -75.74540021173333 -75.81729881287269 -75.98271373788948 -75.72227391422443 -75.97557357812056 -76.78524081198418 -77.15967967928104 -76.7438661477164 -76.54407760274152 -76.35902777217005 -75.55432053606795 -74.61511616554597 -73.93861968021677 -72.9874144727769 -71.17661781673846 -68.4687255816939 -66.30288379558402 -9999 -9999 -9999 -9999 -9999 -9999 -9999 -9999 -9999 -9999 -9999 -9999 -9999 -9999 -9999 -9999 -9999
-9999 -9999 -9999 -80.86180820996347 -79.26484932539904 -77.01288269703154 -75.15686752679555 -73.62357087141794 -72.95946920063831 -72.69396117928882 -72.81726095971207 -73.43869811345054 -74.60751690569779 -75.56922486165296 -76.29226585348016 -76.86235599203602 -76.56405111402273 -76.31494522936966 -76.25594133397806 -76.43560720056944 -76.76272425379442 -76.33771368618245 -75.86004026525694 -75.83964056116731 -75.63192121781732 -74.60192620559879 -73.17794149806318 -71.79524947783871 -70.36762442844717 -68.61820206127089 -67.033406516942 -9999 -9999 -9999 -9999 -9999 -9999 -9999 -9999 -9999 -9999 -9999 -9999 -9999 -9999 -9999 -9999 -9999 -9999 -9999 -9999 -9999
-9999 -9999 -9999 -80.69334516123585 -78.00091291575328 -74.55895588806142 -72.72899891403706 -72.43274064475429 -72.86945533687654 -73.40268343103969 -73.60396555827364 -73.74068986397722 -74.11306075087708 -74.72589563173446 -75.87969021628733 -76.9363017704176 -76.88229189764546 -76.66663003972045 -76.57715201815185 -76.52373306032108 -76.45890150008644 -75.86220256579311 -75.25929178410898 -74.91044220636073 -74.17432674895163 -72.64346085229646 -70.11230005583036 -67.3240721365032 -65.04476741474608 -9999 -9999 -9999 -9999 -9999 -9999 -9999 -9999 -9999 -9999 -9999 -9999 -9999 -9999 -9999 -9999 -9999 -9999 -9999 -9999 -9999 -9999 -9999
-9999 -9999 -9999 -81.10916593768026 -80.11003162517495 -77.59139518990465 -75.4192696890753 -75.17030577572143 -76.76516215389837 -78.24117338624986 -78.66351145991813 -77.90133780338194 -76.56117669379582 -75.82305226912317 -75.58551445587173 -75.66841596494551 -75.866553682348 -76.05913500244851 -75.87976420427795 -75.85876485349044 -75.99295014628899 -75.36439818807918 -74.48798539246555 -73.4842944321749 -71.80623666553393 -69.21462033527052 -9999 -61.88694054406622 -9999 -9999 -9999 -9999 -9999 -9999 -9999 -9999 -9999 -9999 -9999 -9999 -9999 -9999 -9999 -9999 -9999 -9999 -9999 -9999 -9999 -9999 -9999 -9999
-9999 -9999 -9999 -78.51991619299288 -78.67597218602896 -77.75464099289283 -77.5068067325198 -78.63646169849063 -79.76032455362703 -80.2973720745548 -79.78551345739676 -78.46081184028931 -76.97610505524537 -76.54047318062057 -76.7950919482695 -76.8244773685608 -76.12956780826916 -75.39665739076294 -74.84758644372873 -73.95405539432946 -73.19763981907263 -72.71206661297575 -72.03407672792673 -70.24773973923014 -67.07186673290056 -62.468914461848534 -58.6606194148569 -9999 -9999 -9999 -9999 -9999 -9999 -9999 -9999 -9999 -9999 -9999 -9999 -9999 -9999 -9999 -9999 -9999 -9999 -9999 -9999 -9999 -9999 -9999 -9999 -9999
-9999 -9999 -9999 -9999 -76.62343753145441 -77.3686612991859 -78.10594137272109 -78.43937563248302 -78.15774456330615 -78.4451923503176 -78.63997501183464 -78.26125811445323 -77.85940505629 -77.34268373315749 -77.49387082911056 -77.471758607613 -76.79145167346881 -75.80938194432984 -74.23583951819201 -72.89006770661344 -71.37545693115048 -70.34840102121234 -68.74509861449833 -64.07201427707207 -9999 -9999 -9999 -9999 -9999 -9999 -9999 -9999 -9999 -9999 -9999 -9999 -9999 -9999 -9999 -9999 -9999 -9999 -9999 -9999 -9999 -9999 -9999 -9999 -9999 -9999 -9999 -9999
-9999 -9999 -9999 -9999 -77.23310623803864 -78.99397381427495 -80.07633773350845 -79.33044176581113 -78.4752470428205 -77.64435039541644 -78.68517505215561 -79.73051295461863 -79.80669432473572 -78.86423705469655 -78.06238511026555 -77.53970109201644 -76.69088328111431 -75.93456593188255 -75.20663004514316 -74.50226800370477 -73.36523641127606 -71.61704651995197 -68.2825868597821 -62.67502781149486 -54.63031755841297 -9999 -9999 -9999 -9999 -9999 -9999 -9999 -9999 -9999 -9999 -9999 -9999 -9999 -9999 -9999 -9999 -9999 -9999 -9999 -9999 -9999 -9999 -9999 -9999 -9999 -9999 -9999
-9999 -9999 -9999 -9999 -81.34754226891243 -80.68444634423308 -81.04093121380909 -81.31772739164855 -81.28992850527816 -80.16487228384484 -79.68234240603836 -79.76164949993077 -79.06571840332902 -78.39984385264309 -78.05079242959619 -77.84622787570824 -77.7221154946348 -77.58173298042105 -76.7185487884866 -75.61641679266873 -73.83701005237907 -71.97619091201088 -68.40478222898167 -59.90367230821562 -9999 -9999 -9999 -9999 -9999 -9999 -9999 -9999 -9999 -9999 -9999 -9999 -9999 -9999 -9999 -9999 -9999 -9999 -9999 -9999 -9999 -9999 -9999 -9999 -9999 -9999 -9999 -9999
-9999 -9999 -9999 -9999 -79.70818888590388 -79.82719483258931 -80.31755388074595 -81.23145388989992 -82.31026003380184 -81.49373064109164 -79.92321839442721 -79.4332565892002 -78.98506797056483 -78.6105738159107 -78.5941948035489 -78.47862258067596 -78.18821855359103 -77.73102110251784 -76.50078732860476 -75.2172808609903 -73.71588696701372 -71.62504437258062 -67.21501462355904 -9999 -9999 -9999 -9999 -9999 -9999 -9999 -9999 -9999 -9999 -9999 -9999 -9999 -9999 -9999 -9999 -9999 -9999 -9999 -9999 -9999 -9999 -9999 -9999 -9999 -9999 -9999 -9999 -9999
