metrics/grid_rasters/CCI Active/grideval_CCI Active_X_fall_2018_absolute_bias.asc
ncols 52
nrows 55
xllcorner     11.25
yllcorner     55.25
cellsize      0.25
NODATA_value  -9999
[rows 0 to 29 of 55, columns 0 to 51 of 52]
-9999 -9999 -9999 -9999 -9999 -9999 -9999 -9999 -9999 -9999 -9999 -9999 -9999 -9999 -9999 -9999 -9999 -9999 -9999 -9999 -9999 -9999 -9999 -9999 -9999 -9999 -9999 -9999 -9999 -9999 -9999 -9999 -9999 -9999 -9999 -9999 -77.43389714299104 -76.6047458371946 -76.40718935938044 -9999 -9999 -9999 -9999 -9999 -9999 -9999 -9999 -9999 -9999 -9999 -9999 -9999
-9999 -9999 -9999 -9999 -9999 -9999 -9999 -9999 -9999 -9999 -9999 -9999 -9999 -9999 -9999 -9999 -9999 -9999 -9999 -9999 -9999 -9999 -9999 -9999 -9999 -9999 -9999 -9999 -9999 -9999 -9999 -9999 -9999 -9999 -9999 -9999 -75.08425298392774 -77.00384450749475 -76.67888919309694 -75.9067045079202 -74.70084775867416 -74.17762553491272 -9999 -9999 -9999 -9999 -9999 -9999 -9999 -9999 -9999 -9999
-9999 -9999 -9999 -9999 -9999 -9999 -9999 -9999 -9999 -9999 -9999 -9999 -9999 -9999 -9999 -9999 -9999 -9999 -9999 -9999 -9999 -9999 -9999 -9999 -9999 -9999 -9999 -68.85993227054333 -73.7096136993832 -77.90218784962151 -75.30270244639655 -73.20329906650491 -67.16843191412994 -63.8950697293087 -9999 -66.80134724943261 -70.15015960785381 -73.61164194020358 -75.7318307619203 -76.41782846660526 -75.67731543813112 -74.66595088617474 -74.34168870329856 -73.67364839464427 -73.75167245298623 -74.63703510786097 -9999 -9999 -9999 -9999 -9999 -9999
-9999 -9999 -9999 -9999 -9999 -9999 -9999 -9999 -9999 -9999 -9999 -9999 -9999 -9999 -9999 -9999 -9999 -9999 -9999 -9999 -9999 -9999 -9999 -9999 -9999 -9999 -9999 -74.88518876209855 -79.03847110352001 -79.41143314715694 -75.16573272177152 -67.05154859026273 -61.74510097069045 -59.54795191226141 -60.62377079762518 -63.09438017117125 -65.34872357140888 -67.22578722316968 -69.03979407146312 -70.18018130170849 -70.83479522746437 -71.88765559813311 -71.26633103483397 -72.02497481724076 -72.15771149606147 -72.04823504647483 -72.99284256233109 -73.33415479374969 -9999 -9999 -9999 -9999
-9999 -9999 -9999 -9999 -9999 -9999 -9999 -9999 -9999 -9999 -9999 -9999 -9999 -9999 -9999 -9999 -9999 -9999 -9999 -9999 -9999 -9999 -69.72789435005849 -73.1300295639564 -78.96112125464107 -81.34700111970305 -82.40893198336873 -82.28304066061973 -81.04959005883762 -79.73304303577451 -74.34710775613785 -70.60436313393268 -67.55394468938603 -65.42567742358034 -64.34836279896072 -64.13044017356522 -63.80882215668571 -64.40905189453339 -65.29919212125242 -65.40315384093834 -66.87818854132837 -68.18501704863526 -69.29366654469523 -70.50248102427915 -71.25096701570722 -71.44381733983755 -71.65692958676003 -72.39644093314806 -73.51210164820606 -9999 -9999 -9999
-9999 -9999 -9999 -9999 -9999 -9999 -9999 -9999 -9999 -9999 -9999 -9999 -9999 -9999 -9999 -9999 -9999 -9999 -9999 -9999 -9999 -73.3301652687699 -75.60832121608587 -80.16184371836644 -82.39518495629996 -84.2050449790493 -82.64026177780968 -79.65164288878441 -73.55938737438275 -70.89534194767475 -70.89358293686223 -70.79238399326802 -71.16204038729855 -70.70997821023829 -69.31951608579114 -68.18222482122627 -66.3167094354536 -65.50363280170637 -64.86581670443215 -65.46415750616127 -66.55199644443664 -67.58297411792658 -68.62836536020039 -70.75346125059184 -72.4234745118767 -72.41194621855165 -72.28017415799374 -72.61905875212925 -72.9631011544965 -9999 -9999 -9999
-9999 -9999 -9999 -9999 -9999 -9999 -9999 -9999 -9999 -9999 -9999 -9999 -9999 -9999 -9999 -9999 -9999 -9999 -9999 -9999 -73.2392146856554 -78.02902756750585 -80.3167029709317 -81.54992973513721 -81.44258632262546 -82.63080848852793 -77.85409836519149 -73.45066673401745 -67.58613541126252 -65.63847588039026 -64.8610057644546 -66.19846244945246 -68.59168575257063 -69.80070271206145 -69.77322385460138 -68.22830048520514 -65.95973984367318 -64.45367280630903 -64.31225085664879 -64.99574626609683 -65.97320845994082 -67.08012697987614 -67.43078223924812 -69.33461811589568 -70.28247502178718 -71.27394184842707 -72.08992223550635 -72.83886516525557 -71.7486320063472 -71.96764788547387 -9999 -9999
-9999 -9999 -9999 -9999 -9999 -9999 -9999 -9999 -9999 -9999 -9999 -9999 -9999 -9999 -9999 -9999 -9999 -9999 -9999 -9999 -9999 -79.59277399451959 -81.12848212295457 -81.10185758897236 -80.56416995906167 -75.16900927700648 -72.93369399160147 -69.60678946694662 -67.16283493194469 -64.89852626748542 -63.43102171383006 -63.32545013820872 -64.8165967742602 -66.64806327644898 -67.31678690930659 -66.96426752514459 -66.88672416962005 -65.2312949109216 -64.8992447083195 -65.56159095466137 -65.93681621878612 -65.7476402733475 -66.27991084318336 -66.65529565258724 -65.86592360967542 -67.28316042629572 -65.5110655212775 -65.5392661411916 -64.86645246137465 -9999 -9999 -9999
-9999 -9999 -9999 -9999 -9999 -9999 -9999 -9999 -9999 -9999 -9999 -9999 -9999 -9999 -9999 -9999 -9999 -9999 -9999 -78.87098531295423 -79.3368424405443 -81.0520479636533 -81.46376292034985 -80.01607966423035 -76.67961421331694 -71.54190726857631 -67.36435393137592 -63.86912638891717 -61.90462020495716 -61.352369387323655 -61.70511585125264 -61.920005420266186 -61.93709137680985 -62.264731746773386 -63.789189486276534 -65.43018406179063 -66.40428511443592 -66.91824914405986 -66.60392732471227 -65.61183466166258 -64.5115463193506 -64.3718124221011 -62.9618305720034 -62.184898885898285 -61.924095044378184 -61.710879244375974 -62.880484514931844 -62.36594562431176 -62.114440055297955 -61.785828920602796 -62.66782945623765 -9999
-9999 -9999 -9999 -9999 -9999 -9999 -9999 -9999 -9999 -9999 -9999 -9999 -9999 -9999 -9999 -9999 -9999 -9999 -80.58054994010344 -80.28578305310674 -79.15801590308547 -78.82158317060575 -76.98157276034355 -75.9741167249158 -73.96176600992679 -72.28468669475393 -70.29621724039315 -68.54306197774653 -66.76883986774756 -65.92327761550744 -64.52774355528148 -63.632231791151895 -62.359771115300454 -62.74733314982482 -63.21204808608788 -64.66306714399865 -65.50860777497293 -66.82380479462445 -67.46121519394221 -64.98677327077498 -63.60845542834564 -62.67753560113353 -62.27028707941857 -60.19213484317967 -59.972423670046474 -59.070543615087395 -58.76230184088151 -60.205966900134904 -60.279330219825106 -62.3158079105265 -62.75120735913515 -9999
-9999 -9999 -9999 -9999 -9999 -9999 -9999 -9999 -9999 -9999 -9999 -9999 -9999 -9999 -9999 -9999 -9999 -84.62207376460235 -82.93589963407621 -79.65121378289892 -75.3523569493382 -72.83403041687879 -70.2769102773496 -68.00411774521625 -66.47501400417211 -65.53528434450322 -64.31932910864657 -64.09109358901674 -64.15642292704432 -64.15252789886047 -63.91469983922111 -62.36562819613351 -61.49112886546746 -61.52666111432371 -61.47336257919669 -62.24394795112311 -62.28373943502083 -61.920616547577076 -60.70826171609488 -61.430335835036296 -61.52615665785364 -60.29711674767382 -60.42777151956753 -59.47674286518342 -58.73737504184246 -57.17163741233803 -57.302852519920904 -56.491679304507045 -57.33567577103774 -58.19624610112773 -9999 -9999
-9999 -9999 -9999 -9999 -9999 -9999 -9999 -9999 -9999 -9999 -9999 -9999 -9999 -74.97984396159649 -75.56875690331266 -77.79346308720355 -81.28234552443027 -82.81850752234459 -81.02820168581664 -77.67611049058345 -74.37738908827305 -70.85424412518739 -66.95226218292247 -63.641289926899795 -61.9239087253809 -62.119091399179574 -61.7860279650144 -62.0518618720499 -62.022715286775075 -62.74003808237614 -63.55257654503773 -63.329281328540105 -62.9531254099833 -61.62620900322993 -61.843404925157955 -62.103583565602705 -60.12156848295738 -59.148869755781355 -58.549767810347916 -57.281707304872974 -56.90017070425184 -57.00545893766378 -57.10666014489375 -56.457474818214386 -56.480953152850276 -56.516891743455616 -57.42760250007822 -58.74803942539122 -58.866371839266755 -59.57562371622771 -60.14618118200451 -9999
-9999 -9999 -9999 -9999 -9999 -9999 -9999 -9999 -9999 -9999 -9999 -9999 -9999 -73.02994081695029 -73.91618791164136 -75.45473965271465 -76.72193825938578 -77.1062537924213 -75.75300558744851 -73.16861872982096 -69.6427016146481 -65.9207143257273 -63.019725185301574 -61.952761800483216 -62.28649610433825 -63.75600828975439 -64.80816713683308 -65.7627424067921 -65.25765376013739 -65.68376569505091 -66.2954382096176 -66.42669617522645 -66.28764640912414 -66.90610265063829 -66.73848885730389 -65.37103971884106 -62.34800870232284 -61.057523217424745 -60.157832824066276 -58.6039562362891 -58.0088416154568 -57.418508449342184 -57.123705042260035 -57.25153518822931 -58.06996277684257 -59.78269178278389 -60.37086847211635 -61.21544426573175 -61.96078126451799 -62.33170383033298 -61.55930828584565 -61.80671032534706
-9999 -9999 -9999 -9999 -9999 -9999 -9999 -9999 -9999 -9999 -9999 -9999 -9999 -75.2885194086823 -73.91533680572626 -71.32971156920705 -69.66657866230086 -68.75637663516306 -67.62759042323613 -66.58115160627798 -64.2712322904004 -63.56227018320283 -62.767605648189786 -63.02547387815103 -64.0230031938125 -65.54798949409175 -67.94533704442007 -9999 -68.80442530358279 -67.4361846138691 -66.99476792380727 -66.99247283389171 -66.91857486565908 -66.88799660113351 -66.54619979908071 -65.00812055170536 -64.34756743294349 -61.866636975357935 -60.903394184368 -61.02135401410716 -62.010519055095884 -53.592041507607604 -52.27542690910838 -52.1933263616965 -9999 -9999 -9999 -9999 -9999 -9999 -9999 -9999
-9999 -9999 -9999 -9999 -9999 -9999 -9999 -9999 -9999 -9999 -9999 -9999 -9999 -77.8441506579282 -76.5196594600716 -73.15932095490518 -69.13834561432822 -65.65399410850124 -63.86218442402103 -63.05610055442561 -63.60572453046387 -64.04861408333447 -64.49991631507875 -64.76958056007113 -65.70895839302705 -67.10597668382628 -68.24578195090952 -68.91043086041664 -68.54317467377103 -66.93678205360969 -66.8118295208551 -67.67762657423174 -67.45335893233617 -66.12491265436013 -65.30799568467069 -63.18385135495301 -61.774656547818864 -61.21764225874628 -61.15182456629617 -62.317339981595666 -62.650659683991115 -9999 -9999 -9999 -9999 -9999 -9999 -9999 -9999 -9999 -9999 -9999
-9999 -9999 -9999 -9999 -9999 -9999 -9999 -9999 -9999 -9999 -9999 -9999 -78.93838768145618 -78.23441354046433 -76.04107117122513 -72.00568122143547 -67.51126833850968 -64.24847090271386 -61.14294602980419 -61.35694135855074 -62.657287916257275 -64.55469104177074 -66.36132440219322 -65.81623163989612 -66.24806801478069 -66.96454914527781 -65.453909232407 -65.04749420929599 -64.10761708544719 -65.49549272746751 -66.19273901370264 -65.31532452606103 -65.70592282361844 -65.75713308623857 -65.34247108724188 -64.63183659698282 -63.6305439646755 -64.5101866649859 -63.58575345225194 -63.447530416443065 -63.366937768809926 -9999 -9999 -9999 -9999 -9999 -9999 -9999 -9999 -9999 -9999 -9999
-9999 -9999 -9999 -9999 -9999 -9999 -9999 -9999 -9999 -9999 -9999 -74.45076682870506 -73.96023689892333 -73.36534996659068 -71.0565000454248 -67.38357778913097 -63.51718873798847 -61.11464497826847 -61.20761598616839 -62.89795246076855 -64.54105106395919 -66.2810034874158 -66.04540993578924 -67.79196192847715 -68.10727234345836 -69.8088962111403 -68.69425525320203 -67.75156897698578 -64.14700358400219 -63.340857780896705 -63.0294846531592 -62.543297807637 -62.52317090646218 -64.72164820262364 -66.16610354053624 -65.25755096709027 -64.55806260535846 -64.07835473502294 -62.72867315772333 -61.22479076724914 -9999 -9999 -9999 -9999 -9999 -9999 -9999 -9999 -9999 -9999 -9999 -9999
-9999 -9999 -9999 -9999 -9999 -9999 -9999 -9999 -9999 -9999 -73.28525957894145 -71.25482625421138 -69.52921918312371 -67.80670927830954 -65.67035780288279 -62.05293892725156 -61.12030283931424 -62.464287448525425 -64.8065781308545 -66.36317576606606 -67.69495908133686 -69.03501886638199 -69.62655100081025 -71.15590163730084 -69.60503050802568 -69.42742185816171 -68.01470724779826 -66.88927603983565 -67.76730924482281 -67.10384901873768 -66.60675460884445 -65.26051098108293 -65.17290736130767 -65.27929929188556 -65.00244891146819 -64.16237672035759 -63.059992080456325 -60.86194359622896 -58.59937347010489 -9999 -9999 -9999 -9999 -9999 -9999 -9999 -9999 -9999 -9999 -9999 -9999 -9999
-9999 -9999 -9999 -9999 -9999 -9999 -9999 -9999 -9999 -9999 -9999 -9999 -68.25025329296872 -67.1607442560949 -64.28245045930147 -64.34085725755132 -63.95796216347001 -64.18047493114705 -66.65643808956851 -67.54084077700972 -68.87291713245213 -70.35552145104583 -71.29638416107211 -71.49489577599736 -70.5436045765167 -69.71663809886999 -68.00741970469785 -66.97849883579396 -64.96552177194668 -64.49830024186953 -64.46206117438716 -64.23080149111225 -63.42871194231239 -62.5898182363045 -61.429151649045394 -61.81970124861056 -61.01579230129719 -62.891758659674274 -59.994516636171035 -57.587334443965275 -9999 -9999 -9999 -9999 -9999 -9999 -9999 -9999 -9999 -9999 -9999 -9999
-9999 -9999 -9999 -9999 -9999 -9999 -9999 -9999 -9999 -9999 -9999 -68.30996311068535 -66.3510927388072 -64.43022642314435 -63.2369048285241 -63.41535349422031 -65.22216873597807 -66.70016596011999 -66.92782433614845 -66.57572148284979 -68.22581738755107 -69.31607646478547 -69.60421295298471 -69.81562608215543 -69.26305364370346 -69.18556769224611 -68.35893683072099 -67.51033794350094 -66.44438407950929 -65.65117533640428 -65.75852048882972 -64.8980722343549 -62.6667157171861 -62.1930372669645 -65.28911006122323 -65.47994129406288 -65.20322194076503 -64.07055978500284 -60.72481764646677 -9999 -9999 -9999 -9999 -9999 -9999 -9999 -9999 -9999 -9999 -9999 -9999 -9999
-9999 -9999 -9999 -9999 -9999 -78.24641569247886 -77.27306831954047 -75.43377007079907 -72.87310323018139 -70.71777154589599 -65.99148463954528 -63.372297155049935 -62.64801680217398 -63.133256813200816 -63.22405291110911 -63.69620941870886 -65.07255103269762 -66.48933724686503 -67.03798207190147 -66.5490957848929 -66.75293320260549 -66.97816659627776 -67.60936625890042 -68.1728933159458 -67.70556449928345 -68.11626708507538 -67.50327983368997 -67.66947309478469 -67.33427893432479 -66.26096955337087 -65.69102921307086 -65.09290576360975 -66.42894274693343 -65.85353764276654 -66.03276302984783 -64.20195655501078 -63.689183724112816 -62.73021456785499 -9999 -9999 -9999 -9999 -9999 -9999 -9999 -9999 -9999 -9999 -9999 -9999 -9999 -9999
-9999 -9999 -9999 -9999 -75.99503067632516 -74.74378360311191 -72.0538749817818 -69.80738682477246 -68.16865196213371 -67.41595345154657 -64.70961924493312 -62.787968865158604 -62.62779464861568 -63.62000894639641 -64.87301816046238 -66.16205281164588 -66.82791223613228 -67.65729971060699 -67.66726293397504 -67.68686657161875 -67.60991930707972 -66.7278309452037 -67.45057727364096 -68.47841198278797 -68.87186206674033 -68.34532987447672 -67.39490737583904 -66.51679260563104 -66.31735553333954 -64.55479915946161 -66.46555951910634 -65.7316359182963 -64.79910141007224 -63.9052574440189 -63.41704721338507 -9999 -9999 -9999 -9999 -9999 -9999 -9999 -9999 -9999 -9999 -9999 -9999 -9999 -9999 -9999 -9999 -9999
-9999 -9999 -9999 -73.1348217541263 -71.64684414619305 -69.17608717645777 -67.07584808253851 -66.34132030760419 -65.58184194792125 -64.18162286815779 -63.988656977718726 -64.70245587416724 -65.10624581867573 -66.4266839325428 -67.83386447783128 -67.77579492117678 -68.11243308595445 -68.34921705965385 -67.80382776606915 -67.81500769338824 -66.33306872782607 -66.16592101499121 -66.16316887984675 -67.59779572550286 -67.94736998590331 -66.31016148626804 -64.1967834631602 -61.63230724067524 -62.427706035120146 -61.81634616872794 -61.691089048561906 -9999 -9999 -9999 -9999 -9999 -9999 -9999 -9999 -9999 -9999 -9999 -9999 -9999 -9999 -9999 -9999 -9999 -9999 -9999 -9999 -9999
-9999 -9999 -9999 -73.65129502208865 -69.8331415271759 -65.7328291395489 -62.73555632694712 -62.088679122328756 -61.9748759961554 -62.2372916210116 -62.934162630089396 -63.23910564236474 -64.525065705694 -65.14437956392766 -67.56392225157471 -68.51636877225505 -68.33516462944274 -68.06313338672572 -67.91781970926307 -68.16393346949057 -67.32340428264851 -66.3623694282897 -65.64398295021789 -65.9146385807544 -65.49570673704147 -63.14747515496086 -59.924587222779614 -60.90341274177327 -52.052736384173244 -9999 -9999 -9999 -9999 -9999 -9999 -9999 -9999 -9999 -9999 -9999 -9999 -9999 -9999 -9999 -9999 -9999 -9999 -9999 -9999 -9999 -9999 -9999
-9999 -9999 -9999 -74.57171033414043 -72.61224144510925 -68.26758453185144 -64.00179524719715 -62.60052788864683 -64.48874363622495 -66.00483534408026 -66.93680900764667 -66.39487681750741 -65.05457694386995 -64.92501411024405 -66.25913269461498 -67.20164139776729 -67.4967050238148 -68.32684717079003 -68.70404238829559 -68.1351498041464 -68.03539149959882 -67.43024862143729 -66.07595737056529 -65.18009609387566 -62.52401381913496 -59.68526443094015 -9999 -58.57133126082056 -9999 -9999 -9999 -9999 -9999 -9999 -9999 -9999 -9999 -9999 -9999 -9999 -9999 -9999 -9999 -9999 -9999 -9999 -9999 -9999 -9999 -9999 -9999 -9999
-9999 -9999 -9999 -69.82637064371791 -69.76740896186003 -67.29362529571411 -65.66208673211244 -66.06076589845262 -66.81813740410975 -68.36300452505904 -68.24298312880778 -68.24510684826721 -66.71009429825676 -66.2618318763764 -66.59544935858831 -67.88148831977294 -67.25624751706015 -67.53574523362849 -67.19000373383363 -66.26747804750566 -65.84758414619643 -65.78855686816904 -63.8083218857646 -55.83871289789678 -53.01485512758556 -50.506584146083924 -49.16661912561217 -9999 -9999 -9999 -9999 -9999 -9999 -9999 -9999 -9999 -9999 -9999 -9999 -9999 -9999 -9999 -9999 -9999 -9999 -9999 -9999 -9999 -9999 -9999 -9999 -9999
-9999 -9999 -9999 -9999 -67.61667011678219 -67.51788585393105 -67.40471336948421 -67.15144216379633 -67.47638253380472 -68.20205067554299 -67.84503484643855 -68.08481770878035 -66.80422438591718 -66.61065011973285 -67.71964180615603 -68.23444218331196 -68.82489079304717 -68.42921438493899 -68.25630276054144 -66.16650709814645 -65.54939493603176 -63.480004968345156 -63.12546982323485 -51.210933232506115 -9999 -9999 -9999 -9999 -9999 -9999 -9999 -9999 -9999 -9999 -9999 -9999 -9999 -9999 -9999 -9999 -9999 -9999 -9999 -9999 -9999 -9999 -9999 -9999 -9999 -9999 -9999 -9999
-9999 -9999 -9999 -9999 -67.40140418341903 -69.02165120914579 -69.11646344711383 -68.71176564034361 -68.52769095221393 -68.13662534207107 -68.36091261901535 -68.60628725259991 -68.57738832898181 -68.55793013636557 -68.35786157036037 -69.17627810353929 -70.24329466390057 -69.94697923369186 -69.98849626666022 -70.3995063465375 -69.39390713876148 -67.617964371211 -61.960009986354464 -58.21709996439628 -46.01603237982792 -9999 -9999 -9999 -9999 -9999 -9999 -9999 -9999 -9999 -9999 -9999 -9999 -9999 -9999 -9999 -9999 -9999 -9999 -9999 -9999 -9999 -9999 -9999 -9999 -9999 -9999 -9999
-9999 -9999 -9999 -9999 -70.4308449931975 -71.00431370575514 -72.15757748793881 -72.26390811665492 -71.90847879704441 -70.98027429553595 -70.31441555571344 -70.21825353422408 -70.4023196540773 -70.62326633880534 -71.57414352921944 -72.53903913663494 -73.21284562511876 -72.28626336807554 -71.22260768883505 -70.82642558835587 -69.42996009678211 -66.8001509837129 -65.20561636785665 -57.23538831502631 -9999 -9999 -9999 -9999 -9999 -9999 -9999 -9999 -9999 -9999 -9999 -9999 -9999 -9999 -9999 -9999 -9999 -9999 -9999 -9999 -9999 -9999 -9999 -9999 -9999 -9999 -9999 -9999
-9999 -9999 -9999 -9999 -68.15712301123817 -69.09884198448238 -70.75017519266 -73.18028069535893 -74.01506415663059 -73.98228905855545 -72.92261408052661 -72.7641205497914 -73.58229216816379 -74.2988097040126 -73.9264517112502 -74.2985270023346 -72.93997248912616 -72.55224451186164 -71.29740412230603 -70.3852921349462 -69.65444992133415 -67.18633792142978 -63.73163616308011 -9999 -9999 -9999 -9999 -9999 -9999 -9999 -9999 -9999 -9999 -9999 -9999 -9999 -9999 -9999 -9999 -9999 -9999 -9999 -9999 -9999 -9999 -9999 -9999 -9999 -9999 -9999 -9999 -9999
