metrics/grid_rasters/CCI Active/grideval_CCI Active_Y_2017_absolute_ubrmsd.asc
ncols 52
nrows 55
xllcorner     11.25
yllcorner     55.25
cellsize      0.25
NODATA_value  -9999
[rows 0 to 29 of 55, columns 0 to 51 of 52]
-9999 -9999 -9999 -9999 -9999 -9999 -9999 -9999 -9999 -9999 -9999 -9999 -9999 -9999 -9999 -9999 -9999 -9999 -9999 -9999 -9999 -9999 -9999 -9999 -9999 -9999 -9999 -9999 -9999 -9999 -9999 -9999 -9999 -9999 -9999 -9999 8.514956852083554 8.659296139705365 8.69678143962589 -9999 -9999 -9999 -9999 -9999 -9999 -9999 -9999 -9999 -9999 -9999 -9999 -9999
-9999 -9999 -9999 -9999 -9999 -9999 -9999 -9999 -9999 -9999 -9999 -9999 -9999 -9999 -9999 -9999 -9999 -9999 -9999 -9999 -9999 -9999 -9999 -9999 -9999 -9999 -9999 -9999 -9999 -9999 -9999 -9999 -9999 -9999 -9999 -9999 10.6181277012787 9.962272805780763 10.568933957911351 10.98997243807226 11.153079901659007 11.222137154183958 -9999 -9999 -9999 -9999 -9999 -9999 -9999 -9999 -9999 -9999
-9999 -9999 -9999 -9999 -9999 -9999 -9999 -9999 -9999 -9999 -9999 -9999 -9999 -9999 -9999 -9999 -9999 -9999 -9999 -9999 -9999 -9999 -9999 -9999 -9999 -9999 -9999 16.626661665310856 15.47419676721792 13.546381472052081 12.707144723124967 12.11347205971601 13.535554247960805 14.324804146019002 -9999 13.573575018397444 12.840619526667895 12.04129287499899 11.098022778118207 10.469983966600843 10.580168694847641 10.621938221922699 10.658505102531967 10.66649187294875 10.642554073780477 11.737274009250267 -9999 -9999 -9999 -9999 -9999 -9999
-9999 -9999 -9999 -9999 -9999 -9999 -9999 -9999 -9999 -9999 -9999 -9999 -9999 -9999 -9999 -9999 -9999 -9999 -9999 -9999 -9999 -9999 -9999 -9999 -9999 -9999 -9999 20.389418227597865 15.035137480586801 12.516625879946565 10.937670830836966 12.886448790153766 13.484924102910291 14.026046925516024 13.659995917338724 13.057219625728418 12.983368656961789 12.799909095094847 12.671335155705485 12.57387117234976 11.96380600683721 11.252285375177193 11.198223695923906 11.548582348233582 12.188686877535934 12.160934409440518 11.661205527031024 11.1946461978793 -9999 -9999 -9999 -9999
-9999 -9999 -9999 -9999 -9999 -9999 -9999 -9999 -9999 -9999 -9999 -9999 -9999 -9999 -9999 -9999 -9999 -9999 -9999 -9999 -9999 -9999 16.844899505719887 16.49471851429028 17.799622576017583 17.407036243589808 14.39890794169502 12.98208969458632 11.350934642867491 10.187618362732367 10.595449917436547 10.42045413701434 12.179592294485705 12.15378626485092 12.584831404260932 12.502634572472644 12.500591150057659 12.426585300979914 12.070235969249394 12.24365944277193 12.170749017886195 11.599794109795749 11.343375243092158 11.628472690081525 11.592528741120159 11.601647786140687 11.25323031106617 10.733765556362275 10.033040288348724 -9999 -9999 -9999
-9999 -9999 -9999 -9999 -9999 -9999 -9999 -9999 -9999 -9999 -9999 -9999 -9999 -9999 -9999 -9999 -9999 -9999 -9999 -9999 -9999 18.40637294155854 18.63291216804685 17.048828425763393 16.39798077892913 9.258821558270117 11.791845665906642 11.689137358755838 11.37992380498351 11.448558830556802 11.108068222755382 11.693297421956249 11.170064832015937 10.839600273255684 10.773933193719902 11.819459727680393 12.87614683844153 12.640078828705704 12.672463183024638 12.208703209979227 11.862069880426647 11.571184285099498 11.3065747931339 10.375526419073326 10.220274896272961 10.225557734301322 9.878275853023446 9.497765338998342 9.548039199717882 -9999 -9999 -9999
-9999 -9999 -9999 -9999 -9999 -9999 -9999 -9999 -9999 -9999 -9999 -9999 -9999 -9999 -9999 -9999 -9999 -9999 -9999 -9999 15.445474681860773 14.364045841302636 13.717878842067167 13.59039155244242 13.290865524297631 13.387160006837394 12.079478567134538 12.229869401963267 11.360798059657395 11.312036642776757 11.674338564649188 11.490223017281707 10.966164823469882 10.64086112362178 11.596126600628596 12.192502586219856 12.449400613410189 12.72095282592066 12.576104202830123 12.34877121425865 11.752798403096742 11.53620725030872 10.747912577310851 10.155494800480014 9.901853550638982 9.188518363945745 8.725982120263124 8.45016013290024 8.261740076568149 8.363109568024749 -9999 -9999
-9999 -9999 -9999 -9999 -9999 -9999 -9999 -9999 -9999 -9999 -9999 -9999 -9999 -9999 -9999 -9999 -9999 -9999 -9999 -9999 -9999 12.835346774150144 10.10547692387292 10.341389092945976 10.182590431311377 11.666215825027518 11.586173053264805 11.328513350489759 11.441318544719303 11.535278713672206 12.189840050354958 12.163785447312597 11.898673281135409 11.694823725354233 11.964961700041018 12.030632258195748 11.974536434512222 11.805812551840305 11.494328448734839 10.84091249416902 10.327400127109998 9.873567291845193 9.82932545583616 9.560513662742752 9.106129890826896 8.748352686320722 8.152541287728598 8.102748985216039 8.117174865222061 -9999 -9999 -9999
-9999 -9999 -9999 -9999 -9999 -9999 -9999 -9999 -9999 -9999 -9999 -9999 -9999 -9999 -9999 -9999 -9999 -9999 -9999 10.864013965332274 9.129399012035888 9.160428167648574 8.272391514325784 7.737724779335782 9.13147965763793 10.343112207623374 11.15635588239793 11.538452593541642 11.810691171163812 11.795358640258133 11.390499681696449 10.998548241325317 10.773890286063066 10.783141579614904 11.089100472798236 11.353256880386024 11.381442888244607 11.210465860013782 10.851290719220636 10.324515044217867 9.787566003587488 8.863319460894894 8.350661979596165 7.682384632983565 7.967066714139374 8.034134851783001 7.9982109987946615 8.017554026296537 8.001894345746841 8.073554267493474 8.2231740329945 -9999
-9999 -9999 -9999 -9999 -9999 -9999 -9999 -9999 -9999 -9999 -9999 -9999 -9999 -9999 -9999 -9999 -9999 -9999 8.595065908369746 8.757768030463371 8.977607883467446 9.350984865631819 8.966435594561789 9.257778341791246 9.400074068527283 9.699581706263242 10.587551400916503 10.910768349539095 11.123307627527447 11.402783805548241 10.859823006899482 10.217694275881929 9.802915685012824 9.622042236514133 9.617342878579494 9.599843004600931 9.783068338681982 9.792429583414672 9.891367852414726 9.874045004023083 9.771330738196145 9.08157785380782 8.531927582074808 7.865214885936378 7.992311648021289 8.155806445545352 8.107768204698605 8.324381909405398 8.496943757051362 8.597168823635906 8.227106028216122 -9999
-9999 -9999 -9999 -9999 -9999 -9999 -9999 -9999 -9999 -9999 -9999 -9999 -9999 -9999 -9999 -9999 -9999 9.703362641882515 8.614383329564504 8.782728682388028 9.089597749304671 9.268743238726447 9.880920425403694 10.14404852642056 10.193958848327346 10.283595444991693 10.37845303421238 10.429893329582443 10.553439806394906 10.468352261587864 10.803832604806594 10.710794353789396 10.03375508961315 9.660763233828174 9.292621819698386 9.177963391149492 8.99008290038196 8.908008104230369 8.508140066135402 8.495814441546939 8.553440637617935 8.487407029598849 8.913605437142301 8.771946694435975 8.86459761210734 9.518562568170447 9.12991826102771 8.307975592313706 8.370957747114153 8.403571102274823 -9999 -9999
-9999 -9999 -9999 -9999 -9999 -9999 -9999 -9999 -9999 -9999 -9999 -9999 -9999 13.703565942255144 12.680641380810833 11.248305119548958 9.1608481103379 8.696402856494894 8.300453698592802 8.689646419843676 9.024874901447022 9.464616837953594 10.173821933290473 10.509436194207522 10.301818180359383 9.902116942120024 9.58093432485006 9.511658986035153 9.3132894368147 9.361323942157854 9.488607178903527 9.62575564194794 9.567872814658225 9.374266485659971 9.201153240918403 9.315497488876543 10.058217719209152 9.782680045856994 9.342830732901684 9.063082729319213 9.152632999749704 9.113108220731434 9.204479316307953 9.18811673852682 9.081021232526329 8.879111133314195 8.900373004312119 8.93474742039897 8.816718355129867 8.415535491955366 8.360535929394036 -9999
-9999 -9999 -9999 -9999 -9999 -9999 -9999 -9999 -9999 -9999 -9999 -9999 -9999 13.276670981121844 11.760426045806096 11.866759769065654 11.181449014967415 10.124029124631578 9.691824615269033 9.554613772705533 9.803627183201217 10.628322832544589 10.940314331108219 10.543441673026116 10.038570869431592 9.524968843027613 9.198825079230053 9.078979661283773 9.105845471950165 9.133327972410084 9.154395778043916 9.253546683618179 9.023941970536372 8.953707360656313 9.221124832433189 9.104687971691913 9.7283727084374 9.16727101699429 8.729939926626532 8.468771438757358 8.414706826377639 8.577144304443186 8.715565508913674 9.20536344734117 9.226968371094467 9.234377330622552 8.991377217146999 8.607644910812947 8.555596639089904 8.69519606384348 9.215646511750943 9.375496172523402
-9999 -9999 -9999 -9999 -9999 -9999 -9999 -9999 -9999 -9999 -9999 -9999 -9999 11.650110047552342 11.776273207683776 11.518834011892466 11.523925669217807 11.603191929092956 11.119795430550637 10.693045437892657 10.727014687150039 10.651737774053927 10.389671162492547 10.04925720938986 9.506571719406695 9.027362955432665 8.393591281559827 -9999 8.48382914508254 8.74620656583212 8.714110519238393 8.757949281762588 8.624520180401031 8.760260315380531 8.75742682704988 9.00195611232552 8.758729055124121 8.96838565349387 8.786474568029586 8.52120171469868 8.635186143679785 14.693489592045916 15.579360972988924 15.932964746740494 -9999 -9999 -9999 -9999 -9999 -9999 -9999 -9999
-9999 -9999 -9999 -9999 -9999 -9999 -9999 -9999 -9999 -9999 -9999 -9999 -9999 10.284158537714923 9.91563732642869 10.01398937095342 10.609447513419376 10.829077815055209 11.004438397305577 10.951660566524673 10.514903355922122 10.219921222989436 10.043258169720245 9.475842282175572 8.955403023735776 8.86175645057745 8.376329563407182 8.271258162116121 8.047262443841905 7.968569089967272 7.964595946903037 7.896371303340625 8.038665984199923 8.110532334033245 8.221478817966156 8.313805903888351 8.292488938466738 8.63279294217918 8.811813532463239 9.211768273652202 9.721069875044186 -9999 -9999 -9999 -9999 -9999 -9999 -9999 -9999 -9999 -9999 -9999
-9999 -9999 -9999 -9999 -9999 -9999 -9999 -9999 -9999 -9999 -9999 -9999 9.656257751674977 9.320544767946426 9.12187178813213 9.492567573484113 10.23867500742632 10.642081531782507 10.999615766803956 10.502725859448413 10.01531285583004 9.604785031940708 9.370167177222909 9.144716388359411 8.960544920284057 8.807003951202176 8.499411831016227 8.37314982033474 8.387900244973258 7.786807939023237 7.808499600044492 7.898354923107494 8.091420173282604 8.196830325503969 8.288392971723823 8.25766385056829 8.09294331656727 8.545947639675672 9.37842322004428 10.118114861576373 10.676746897266396 -9999 -9999 -9999 -9999 -9999 -9999 -9999 -9999 -9999 -9999 -9999
-9999 -9999 -9999 -9999 -9999 -9999 -9999 -9999 -9999 -9999 -9999 13.080111825532468 11.789708156891269 11.18250006548419 11.257743211433585 11.26714713253007 11.238445789266043 10.65284467331823 10.23541011382278 9.62064379005399 9.098276948004466 8.740336593406592 8.571974961010524 8.536295885494738 8.619385089268317 8.707383619170901 8.545200360031513 8.524527360001983 8.078974825539731 8.116593126257138 7.964125046560223 8.221772904305492 8.675821848588383 8.081720218237704 7.953788531764568 8.152901192349653 8.657259379486879 9.30924490103998 10.27593734797228 11.457975811072318 -9999 -9999 -9999 -9999 -9999 -9999 -9999 -9999 -9999 -9999 -9999 -9999
-9999 -9999 -9999 -9999 -9999 -9999 -9999 -9999 -9999 -9999 13.61122202457711 13.25077581512424 13.154304474471207 12.308469231089985 12.525969944774033 10.554541080158774 9.995962325946042 9.557916843859315 9.130663588740527 8.5679876020754 8.247662652557747 8.044536550591543 7.840804635372236 7.9004489754043306 8.075941334492164 8.346053998544638 8.461274474098081 8.633848681245556 8.526266938867407 8.299204256895742 7.907454796640736 7.725431348373249 7.820823928818692 7.926751838496128 7.922167134169161 8.365843978308446 9.046284142390137 9.790079465450152 11.325480830415392 -9999 -9999 -9999 -9999 -9999 -9999 -9999 -9999 -9999 -9999 -9999 -9999 -9999
-9999 -9999 -9999 -9999 -9999 -9999 -9999 -9999 -9999 -9999 -9999 -9999 11.555147375668245 10.666526944711947 10.132451900300213 9.846317743621386 9.509572411353401 9.39495426230354 8.971114191140922 8.528755553866013 8.145193173633771 7.936647963988311 7.9583158397441585 7.9653104006340305 8.077641730761107 8.336547757997739 8.605735351857001 8.667025652477596 8.627775432716499 8.667663323030379 8.478029216563334 8.37169568642349 8.327644462159009 8.293554239394556 8.330553453402445 8.63349933933898 9.340099043678606 10.079978006866755 11.28671206543863 12.845990712260466 -9999 -9999 -9999 -9999 -9999 -9999 -9999 -9999 -9999 -9999 -9999 -9999
-9999 -9999 -9999 -9999 -9999 -9999 -9999 -9999 -9999 -9999 -9999 10.8084146332949 10.872308432711046 10.11099124535512 9.86489478219339 9.507134302585 9.122714991100716 8.882342117436465 8.812726115360944 8.69146268200749 8.371143603924875 8.373763552803343 8.382987921951653 8.340016509720613 8.255281610974839 8.130724927297305 8.091809096910273 7.956130510119852 8.1050082322002 8.213383162820715 8.215382664210425 8.369623774002372 8.321517876189692 8.23873989442211 8.26298800337398 8.732630038667883 9.455599486924207 10.682726450754908 12.106403399318006 -9999 -9999 -9999 -9999 -9999 -9999 -9999 -9999 -9999 -9999 -9999 -9999 -9999
-9999 -9999 -9999 -9999 -9999 11.780164647814546 11.859953925918159 10.924461694642403 9.4290444735491 10.158453544853783 9.276017947900424 9.355138828669052 9.640732547773991 9.069665221312217 8.930638281470893 8.678239688464037 8.47896280944483 8.34536079686659 8.385654244455363 8.51180591136532 8.473089934313746 8.41623115252782 8.40147614803795 8.326788094563959 8.141302381089318 7.957377831361092 7.8609094830895225 7.779787314618348 7.978511878471764 8.21383924397088 8.330349594965908 8.31609021265607 8.181036221155642 8.767163899380447 9.403400862732589 10.184949337462808 10.869383820151397 11.689337295679294 -9999 -9999 -9999 -9999 -9999 -9999 -9999 -9999 -9999 -9999 -9999 -9999 -9999 -9999
-9999 -9999 -9999 -9999 12.08742080053383 10.29136419354491 9.813187015247637 9.387926384424565 8.937237463412448 9.3248816034211 9.065101844196095 8.825742819793888 8.573019967159214 8.278555628943616 8.508325642389039 8.4087709820868 8.162651963375415 8.10587115488346 8.315774587280902 8.459732097778456 8.464035784783816 8.372519566054399 8.16163787891829 7.896985744162682 7.823815862611767 8.076498475717473 8.124511460310183 8.192948110860842 8.467122932255325 8.637948172995483 8.820415841146408 9.164803643876592 9.392444245328852 9.772441006165453 10.629318394338721 -9999 -9999 -9999 -9999 -9999 -9999 -9999 -9999 -9999 -9999 -9999 -9999 -9999 -9999 -9999 -9999 -9999
-9999 -9999 -9999 11.775977680176457 10.178784069302829 9.035587812233887 8.649248223496231 8.674134252480941 8.554823159378753 9.006208940268301 8.920680665126586 8.786441456917634 8.582920741166415 8.36984977951061 8.464151406723474 8.432127478331344 8.358643415341874 8.212061885885394 8.319399388220853 8.462900172687522 8.54542486372315 8.35274868074262 8.02859862847334 7.953054981647817 8.090439724175885 8.183466515642769 8.445222653855582 8.6105212930898 9.517008092362095 9.958787039984736 10.610815895723494 -9999 -9999 -9999 -9999 -9999 -9999 -9999 -9999 -9999 -9999 -9999 -9999 -9999 -9999 -9999 -9999 -9999 -9999 -9999 -9999 -9999
-9999 -9999 -9999 11.320460281666719 11.060311652887707 10.980139725010446 10.282005619869446 9.846811265254658 9.56692538077034 9.310427589134193 9.024293636073669 8.869032870883009 8.9861273373061 8.878167077317475 8.481825569933095 8.688739497923232 8.610611008320559 8.275720291759677 8.381251068038914 8.555742200175738 8.470760161291917 8.33063854650364 8.116682423318341 8.17227730706133 8.281412736771808 8.450407153376538 9.18153360634593 9.862740865957596 14.260743647579307 -9999 -9999 -9999 -9999 -9999 -9999 -9999 -9999 -9999 -9999 -9999 -9999 -9999 -9999 -9999 -9999 -9999 -9999 -9999 -9999 -9999 -9999 -9999
-9999 -9999 -9999 10.709846257905832 10.671462790139653 10.892775988168594 10.673740355676006 10.31865572733288 9.956513124781344 9.253725036791671 8.802321615353401 8.651885187812606 8.851861185578146 8.953358942260842 9.050675814782636 8.96412000754949 8.852034381984076 8.528034079903152 8.46550578841224 8.60399058426085 8.467011049005627 8.400759357957018 8.410959204150748 8.324486896795143 8.742802559977934 9.511184276762267 -9999 12.23771273602406 -9999 -9999 -9999 -9999 -9999 -9999 -9999 -9999 -9999 -9999 -9999 -9999 -9999 -9999 -9999 -9999 -9999 -9999 -9999 -9999 -9999 -9999 -9999 -9999
-9999 -9999 -9999 10.641702480274363 10.64439662428592 11.105349880646017 10.956313549294418 10.329554378750203 10.006959662510619 9.388774500430609 8.794640576374475 8.748061453337765 9.009035465685109 9.084908196990584 8.831771614344932 8.91650051889556 8.826279235010945 8.97844540285416 8.987675976548955 9.19294231128526 9.244144593680854 8.89428397438556 9.181358815697187 13.653337354797873 13.89005892356274 14.333377198398942 14.881845468461652 -9999 -9999 -9999 -9999 -9999 -9999 -9999 -9999 -9999 -9999 -9999 -9999 -9999 -9999 -9999 -9999 -9999 -9999 -9999 -9999 -9999 -9999 -9999 -9999 -9999
-9999 -9999 -9999 -9999 10.600155156085467 11.014841137940648 11.027180042313292 10.969042047939535 10.619520656494453 10.121645953450118 9.829462540428453 9.190355232624064 9.318296795188967 9.33397814904187 9.27962380480084 8.87266963196517 8.959250571054199 9.153481254284026 9.299588854395578 9.363912937558169 9.759545571188099 9.961372832133016 9.946668856413408 14.755639690344825 -9999 -9999 -9999 -9999 -9999 -9999 -9999 -9999 -9999 -9999 -9999 -9999 -9999 -9999 -9999 -9999 -9999 -9999 -9999 -9999 -9999 -9999 -9999 -9999 -9999 -9999 -9999 -9999
-9999 -9999 -9999 -9999 10.658781013623335 10.676787994238813 10.804722911758985 10.49249040659327 10.270080242571927 10.025387883833485 9.876332710957717 9.444268932864713 9.288268332308967 9.335943295102481 9.408270931591034 9.242513446480746 9.247206943168855 9.44700912442824 9.511772638000286 9.739384562996504 9.917834744260352 10.026114749815044 10.17063179539082 11.408846367938965 16.246759590610658 -9999 -9999 -9999 -9999 -9999 -9999 -9999 -9999 -9999 -9999 -9999 -9999 -9999 -9999 -9999 -9999 -9999 -9999 -9999 -9999 -9999 -9999 -9999 -9999 -9999 -9999 -9999
-9999 -9999 -9999 -9999 10.578302208235943 10.662156917748836 10.423700694891394 9.838483227971286 9.266231135496051 9.267773075848092 9.768564316145751 9.833382943396193 9.7124733116721 9.473278041300992 9.231815543269224 9.216291010463273 9.1222889416204 9.59353431924116 10.083369658990048 10.091280220629518 9.978549741077256 9.967017664355176 10.456749560454156 12.394800032701152 -9999 -9999 -9999 -9999 -9999 -9999 -9999 -9999 -9999 -9999 -9999 -9999 -9999 -9999 -9999 -9999 -9999 -9999 -9999 -9999 -9999 -9999 -9999 -9999 -9999 -9999 -9999 -9999
-9999 -9999 -9999 -9999 10.927124575547676 10.720435852582119 10.221603923649132 9.607590429224397 9.098132172344494 9.099587835888663 8.999761146209543 9.061775643058082 8.701474085480557 8.788343701526513 8.830404803524365 9.402404904913777 9.815680820391908 9.892391500992712 9.936374259781397 10.1348279003371 10.24427468743634 10.14454812850906 11.076710035629759 -9999 -9999 -9999 -9999 -9999 -9999 -9999 -9999 -9999 -9999 -9999 -9999 -9999 -9999 -9999 -9999 -9999 -9999 -9999 -9999 -9999 -9999 -9999 -9999 -9999 -9999 -9999 -9999 -9999
