metrics/grid_rasters/CCI Active/grideval_CCI Active_X_fall_2016_absolute_ubrmsd.asc
ncols 52
nrows 55
xllcorner     11.25
yllcorner     55.25
cellsize      0.25
NODATA_value  -9999
[rows 0 to 29 of 55, columns 0 to 51 of 52]
-9999 -9999 -9999 -9999 -9999 -9999 -9999 -9999 -9999 -9999 -9999 -9999 -9999 -9999 -9999 -9999 -9999 -9999 -9999 -9999 -9999 -9999 -9999 -9999 -9999 -9999 -9999 -9999 -9999 -9999 -9999 -9999 -9999 -9999 -9999 -9999 6.442857360601878 6.101276564076844 5.9670049777841605 -9999 -9999 -9999 -9999 -9999 -9999 -9999 -9999 -9999 -9999 -9999 -9999 -9999
-9999 -9999 -9999 -9999 -9999 -9999 -9999 -9999 -9999 -9999 -9999 -9999 -9999 -9999 -9999 -9999 -9999 -9999 -9999 -9999 -9999 -9999 -9999 -9999 -9999 -9999 -9999 -9999 -9999 -9999 -9999 -9999 -9999 -9999 -9999 -9999 6.675072261835082 6.049004742678945 6.131902302120997 6.566929584471342 6.765814829635638 6.943141832658508 -9999 -9999 -9999 -9999 -9999 -9999 -9999 -9999 -9999 -9999
-9999 -9999 -9999 -9999 -9999 -9999 -9999 -9999 -9999 -9999 -9999 -9999 -9999 -9999 -9999 -9999 -9999 -9999 -9999 -9999 -9999 -9999 -9999 -9999 -9999 -9999 -9999 12.786194629927454 10.303709593453666 7.678780061655253 7.4317985212391795 7.8842084227980145 9.226596141799467 9.411797700893386 -9999 8.395571250078952 7.381323671723213 6.874546849054532 6.85155161463029 6.4890472060020175 6.1256849333767995 7.129008784476994 7.268019863057778 7.505060063898419 7.555059613821165 7.851749526623548 -9999 -9999 -9999 -9999 -9999 -9999
-9999 -9999 -9999 -9999 -9999 -9999 -9999 -9999 -9999 -9999 -9999 -9999 -9999 -9999 -9999 -9999 -9999 -9999 -9999 -9999 -9999 -9999 -9999 -9999 -9999 -9999 -9999 8.356928842247651 7.406356297152133 7.021241646155629 7.572603932782274 9.472540302829923 9.822965999426927 10.138520571524618 9.92460991052973 9.276871590116755 8.736488781907408 7.945476162063138 7.851222880119213 7.851412104727883 7.346679650906394 7.588394657221698 7.5727906157099785 7.844039817858914 7.809807962314426 8.263082287892399 8.515229170286679 9.051744804480967 -9999 -9999 -9999 -9999
-9999 -9999 -9999 -9999 -9999 -9999 -9999 -9999 -9999 -9999 -9999 -9999 -9999 -9999 -9999 -9999 -9999 -9999 -9999 -9999 -9999 -9999 16.174983229208355 12.9594027346359 9.281042196961822 7.523653207425671 6.660459392133343 6.3455216404784585 6.657846339609394 6.676544156780032 6.635038053821488 7.636696719832245 8.331449420255705 9.31657346611108 9.474164671199675 9.489634932654432 9.78026729825459 9.23847818683355 9.16184970591742 9.084573892675357 9.281520979471805 9.078704936354898 8.887305946754738 8.970345756216291 8.816955504668169 8.952242156502217 9.08906109597321 8.853562018690804 8.378604666843714 -9999 -9999 -9999
-9999 -9999 -9999 -9999 -9999 -9999 -9999 -9999 -9999 -9999 -9999 -9999 -9999 -9999 -9999 -9999 -9999 -9999 -9999 -9999 -9999 13.2128878234465 12.034332818894267 9.477833089060015 7.508359606017572 6.010321921759704 6.459403458781678 7.027704805781411 8.521654382024801 8.296743996586619 8.015368600281763 8.009094847862938 8.484823025453561 8.744592403955812 8.989080755701112 9.332580044753284 9.878726134439988 9.43065571215702 9.454783261859513 9.499652084810794 9.4247542423743 8.995771361751931 8.539308907202178 8.234156209937732 8.180072320865952 8.389053593234825 8.385352404661562 8.102680907047354 7.763481107097096 -9999 -9999 -9999
-9999 -9999 -9999 -9999 -9999 -9999 -9999 -9999 -9999 -9999 -9999 -9999 -9999 -9999 -9999 -9999 -9999 -9999 -9999 -9999 12.660302101913114 9.064114148148123 8.681087130280275 8.175698886008098 7.466898802936763 5.907433604614327 7.737829532790812 8.332989412915996 8.639457393446497 8.757823860440576 8.8165069415666 8.93876915128417 8.953138943374011 8.652443723535688 8.402919675232718 9.104811354126475 9.584096566077905 9.985861137737023 8.983326479851579 8.892058832642094 8.703299237857289 8.266370369775808 7.978849794780363 7.7874309975820175 7.588860067376784 7.527082070450094 7.3141209937828435 7.052454888759731 6.348864858307494 6.521161941336294 -9999 -9999
-9999 -9999 -9999 -9999 -9999 -9999 -9999 -9999 -9999 -9999 -9999 -9999 -9999 -9999 -9999 -9999 -9999 -9999 -9999 -9999 -9999 8.505039919047887 7.858142977329828 7.410948642328798 6.684848263159808 8.899338035153187 8.394516348108437 8.679553987246686 8.95248062673988 9.555187278652449 9.47840686274847 9.406050741098557 9.854362240271364 9.779159752261727 9.842566188993073 10.1389371145027 9.85203096997992 10.14586336307655 9.28759341132942 10.702095056333423 10.309390228836836 11.579721910626212 9.93889428637742 9.743528511663447 9.642847593811648 9.482505826455029 10.225155677758881 10.093456162971421 10.13238177758354 -9999 -9999 -9999
-9999 -9999 -9999 -9999 -9999 -9999 -9999 -9999 -9999 -9999 -9999 -9999 -9999 -9999 -9999 -9999 -9999 -9999 -9999 8.181090924849558 7.244220390798381 6.650035814290741 6.4348157801954375 6.1942902468849965 6.358034482788677 7.584378178331696 9.107547884003832 9.633620726790218 9.85425953951037 9.826918889441922 9.551490969936554 9.40464486707816 9.580121268990787 9.43946533585024 9.432097894462977 9.59059604372233 9.427346231733827 8.711904213866283 7.912944571588532 7.9170946322876325 7.984040526383907 10.110556984811382 10.141747778204529 11.263586088063835 11.154938995857556 10.978637744746239 9.968229267906123 10.026236433661063 10.144789475039971 10.353634143814439 9.960286434966417 -9999
-9999 -9999 -9999 -9999 -9999 -9999 -9999 -9999 -9999 -9999 -9999 -9999 -9999 -9999 -9999 -9999 -9999 -9999 8.20086025084961 7.905720361059741 6.999849246305167 6.551915772539309 6.885621285457042 7.186659542724107 7.426528413652247 8.136141071258695 8.457807059733593 8.549320559320496 8.569294436519112 8.575559643168098 8.572755838380072 8.322079397473052 8.54634509178946 8.314118765064588 8.332342405695332 8.477019525575031 8.133129728836252 10.209162377769369 10.072131984988342 10.290404316658043 10.336837651336948 10.462256526821124 10.688387772821818 11.008809576505046 11.475976119072454 11.249388617767599 10.900598058417657 9.85099481933252 9.620053869019962 9.42494944345408 9.687882946521217 -9999
-9999 -9999 -9999 -9999 -9999 -9999 -9999 -9999 -9999 -9999 -9999 -9999 -9999 -9999 -9999 -9999 -9999 7.046573592282036 7.165839519897893 7.59464158688239 8.581981463633904 8.565578527427885 8.549528959217477 8.581286555386612 8.339069037328589 8.433287934949103 8.502884831832818 8.563483917411697 8.360247840032562 8.264432961285129 8.131849685386195 8.042234221889228 7.7592516421071185 10.279399794783773 7.639736396275213 11.654932145229598 11.87246914414909 11.900426546697268 12.315491137783788 11.322199929400686 11.242016138152382 11.72943391336828 13.011468367765735 12.675779893066686 12.159866567793415 12.802069615890698 12.418319275215039 12.382166383632633 12.24635475550164 11.903699123642236 -9999 -9999
-9999 -9999 -9999 -9999 -9999 -9999 -9999 -9999 -9999 -9999 -9999 -9999 -9999 11.43641915347692 10.694076233548088 9.895061106014193 8.981323403783346 9.037089056330677 9.338491080162708 8.032681581179629 8.064238700244895 7.828676311073138 8.316870907325875 8.805991652349936 8.45086091379917 8.291869027952117 8.195199303378313 8.331988042865214 8.251001751166251 8.024927229165495 7.838318111250437 10.076042926419273 10.185843619187015 11.376831804659885 10.841138801487856 10.74153318685105 12.345410395435259 12.752213914865141 12.276174824702213 11.827122822541275 11.940830248086426 12.032679139997187 12.025801368701945 12.041152117439086 12.689514681543734 12.910130619504228 12.935542805445357 13.040961269913375 12.541673538222707 12.292864287952757 12.176321967538222 -9999
-9999 -9999 -9999 -9999 -9999 -9999 -9999 -9999 -9999 -9999 -9999 -9999 -9999 10.367576562235142 10.107125875935862 9.938140284684255 9.515518453326154 9.501286094964916 9.781316089036693 7.612977216159942 7.820925080174475 8.195182089490231 8.237091257820405 8.302209363798461 7.814003407039492 7.578594401856307 7.508912579593253 7.52446656159537 7.7073381565924945 7.236353989521215 6.82642830449521 7.487109927041232 10.832328248013113 11.28121675937993 11.32783907987387 10.577959350609335 12.094180029612355 11.607821310406814 11.402347879278569 11.24493744370724 11.122606350254015 11.078059495034092 12.37165264296424 12.815769503801985 12.569486305904386 12.461477891903064 12.201346501599007 11.220810024579782 11.05502779189171 10.63189132993281 12.851729940158704 12.490886011691599
-9999 -9999 -9999 -9999 -9999 -9999 -9999 -9999 -9999 -9999 -9999 -9999 -9999 10.338809725351348 10.242262171353786 10.13967766707947 10.406098345885043 10.273316086348409 8.818003856890893 8.709803132949952 8.546727588495195 8.285814525808108 7.787498408172478 8.145411601470817 7.973535478442558 7.84109637678428 7.573205084842675 -9999 6.924012777074728 8.565435814959072 8.263960488521992 10.6390007082645 10.855588521649551 11.005596823972175 11.158730239599484 12.925468749522473 12.619772959059658 12.337059334718626 11.529217288872681 11.673294596525087 12.823158194508492 13.708294943720924 17.400954315731212 17.61430242957454 -9999 -9999 -9999 -9999 -9999 -9999 -9999 -9999
-9999 -9999 -9999 -9999 -9999 -9999 -9999 -9999 -9999 -9999 -9999 -9999 -9999 10.442892705270726 10.726567202502812 11.15263172133975 10.567305486074146 10.163685140851364 11.535914032889476 8.870117444657101 11.027429161211359 10.304881874616187 10.024813753169424 9.46810766703676 8.893088422617453 8.21910696184189 7.77342494406734 7.61521785321469 7.56088341717757 8.465927037370324 10.542599783248958 9.861569562018651 9.933245400902173 11.612384806158204 12.456650809101973 12.701277845371752 12.39167081109712 11.94262178914476 11.525961099999629 12.29546456183397 12.542070635135634 -9999 -9999 -9999 -9999 -9999 -9999 -9999 -9999 -9999 -9999 -9999
-9999 -9999 -9999 -9999 -9999 -9999 -9999 -9999 -9999 -9999 -9999 -9999 8.650770806807238 8.749922476410166 10.823073778650675 12.178680303952348 13.09722822566424 13.590666625225357 11.358540762277036 11.720617522821085 10.93177415463751 11.338305350514515 9.567011431562378 9.365293920607693 9.12269637107134 7.973266677105881 12.062330197773928 11.475681334488074 11.230180840951562 11.826720087714172 10.683263944102174 10.301901469436373 11.247034795636234 11.514646900297295 12.574175209945786 12.117766098076642 11.750765408660964 11.741452020956508 13.602820273331869 15.122376002322842 16.17805039008384 -9999 -9999 -9999 -9999 -9999 -9999 -9999 -9999 -9999 -9999 -9999
-9999 -9999 -9999 -9999 -9999 -9999 -9999 -9999 -9999 -9999 -9999 9.766272852377424 9.460554951802226 9.714990378169603 10.271764416010617 12.423976534049649 13.6208686967543 14.146180594990721 11.182326412481006 11.274898236691039 11.14880281657024 10.103595185245444 9.755148224318113 7.98063700638639 7.657248549735776 7.330975972676746 8.115124310894556 8.090229417340657 11.016800067328537 10.842945304291446 9.812632955200511 10.73595954671518 10.577949906103571 11.242916089563224 11.769073572996126 11.923541232966482 11.722739755611592 11.836315940650131 12.874948414160032 14.858068697811827 -9999 -9999 -9999 -9999 -9999 -9999 -9999 -9999 -9999 -9999 -9999 -9999
-9999 -9999 -9999 -9999 -9999 -9999 -9999 -9999 -9999 -9999 13.324698428216607 13.104797957961145 11.494408310806556 12.630612337231836 12.642978740820306 12.392575357705715 13.024133358346011 13.381302526267556 10.246656258343274 10.881243697372641 10.115623840011716 9.749625066870276 9.897992196146232 7.992847277602987 7.868044206072298 8.086452158149344 9.249666827938617 12.384448798326364 12.173975794457524 11.787529507347221 10.382155457262996 11.809957060395766 11.834085363930066 10.906689009875329 10.706650160612735 11.519447033126175 11.597164739027825 11.769260664915896 13.902195364338265 -9999 -9999 -9999 -9999 -9999 -9999 -9999 -9999 -9999 -9999 -9999 -9999 -9999
-9999 -9999 -9999 -9999 -9999 -9999 -9999 -9999 -9999 -9999 -9999 -9999 14.511669348036781 14.69568018903652 12.79509326420131 12.889720772099494 13.126206655169067 12.918232741675455 9.689244241237196 10.020589415053756 10.016412801938198 9.682171162559774 9.624331200648463 9.605234033711678 10.022693554565762 10.664150423226024 11.38472499041619 14.140398541894255 12.77004295950502 12.629752630785987 11.979723341562607 11.747808734363575 11.248374866362765 11.000110165582683 10.89457557235957 10.513273025199648 11.164489162015732 12.731347497891356 14.232505574050348 16.107523490330234 -9999 -9999 -9999 -9999 -9999 -9999 -9999 -9999 -9999 -9999 -9999 -9999
-9999 -9999 -9999 -9999 -9999 -9999 -9999 -9999 -9999 -9999 -9999 14.139828013699036 13.765153051977876 14.285044250272396 13.288142092167652 11.488701208284544 11.131931403756864 10.895643573860012 10.675939433810868 10.429022454431923 11.480839294201118 14.562202060634565 14.74843266803692 14.749334509582305 14.939966884552511 14.674521543586938 14.41858337459789 14.376511599730177 13.985077706188054 13.592332646670195 13.338580701016516 11.392616552419875 11.238707607887092 10.854483024897117 10.300285985964694 11.399099105319614 12.104675587761008 14.264484571451336 16.441180847793188 -9999 -9999 -9999 -9999 -9999 -9999 -9999 -9999 -9999 -9999 -9999 -9999 -9999
-9999 -9999 -9999 -9999 -9999 13.575415168842847 14.36531553509804 12.036036910201016 12.074343165120574 11.072251468130007 11.58123335832444 11.769710742356205 11.646045850309665 11.431133056719327 11.189992445578197 11.215066155289657 10.417003415192369 10.046630420167102 10.615029503904623 10.382301228799065 11.314802610666414 13.663000932523143 14.786390443077885 14.951912315348599 14.65113971474086 14.81194273778687 13.813044682938907 13.988881251391925 13.253782951889956 12.846333182055742 11.905395295916072 11.686147628812627 10.699500357190985 11.5556098991467 12.210928241873026 14.265089284120286 15.468656795765979 16.716403215281524 -9999 -9999 -9999 -9999 -9999 -9999 -9999 -9999 -9999 -9999 -9999 -9999 -9999 -9999
-9999 -9999 -9999 -9999 14.24365621450352 12.734300761372824 13.180044310905135 12.168915028724403 12.113461176954775 11.344144638603936 11.219211623827364 11.223724161051347 11.24967519938552 10.871774290430253 10.576643619094398 10.703165950634515 9.993763838078443 9.748516182373448 9.879087226571663 10.037497787186028 10.34334793439119 11.165214057626548 13.426703637763342 13.03524504216604 13.948451466573118 13.47986885633236 13.240292476749852 13.2490196184876 12.93949166373303 12.896834708184075 12.287196994899269 12.584712344973367 13.62769087505084 14.912327667811306 17.150463472762794 -9999 -9999 -9999 -9999 -9999 -9999 -9999 -9999 -9999 -9999 -9999 -9999 -9999 -9999 -9999 -9999 -9999
-9999 -9999 -9999 14.872568511294716 15.182299817326353 13.565058395054582 13.189261265715926 11.838600052529278 10.737085595839961 10.446640551602883 10.478475121423694 10.567916291136633 10.095966864276349 9.988643524815297 10.391416402217155 10.235278028177957 9.981134987491641 9.245221128162488 9.027714436748132 9.227743440006195 9.711017442403863 10.299679724600443 12.070742033932904 11.557784473091235 12.657803483796284 12.158304468450165 11.7800488349811 11.90803962730932 12.134301989196684 12.808267455444 14.025330358534633 -9999 -9999 -9999 -9999 -9999 -9999 -9999 -9999 -9999 -9999 -9999 -9999 -9999 -9999 -9999 -9999 -9999 -9999 -9999 -9999 -9999
-9999 -9999 -9999 13.742457344892971 14.823774295339362 13.96896152422451 14.028105878435351 13.63668229669922 12.645041107035148 12.321127279872265 11.169256329780028 10.7156451414194 10.512315925421118 10.443355205660495 10.19864441630754 10.424035013322511 9.955967323877482 9.252125811572515 8.971702085885699 9.061809086523187 8.797549944721764 8.476082485589629 10.867194230005778 11.279753592868282 11.129187557739069 11.26720349881548 11.739821311952575 12.223670889454056 17.315535240583294 -9999 -9999 -9999 -9999 -9999 -9999 -9999 -9999 -9999 -9999 -9999 -9999 -9999 -9999 -9999 -9999 -9999 -9999 -9999 -9999 -9999 -9999 -9999
-9999 -9999 -9999 11.862963509674735 11.855845984820132 14.38961464245576 14.456171141463173 13.272923916042144 11.751065355058115 12.080894759893274 10.907849105128436 10.760691815700744 10.445102500243717 9.763933244159539 9.675458192034826 11.118148399056311 10.762768126506133 11.222075974219043 11.099218877622324 10.744086436965684 10.126930506445976 8.535328198921404 9.922901896799244 9.973610520884916 11.428451092589727 11.916683238181246 -9999 14.181188948398342 -9999 -9999 -9999 -9999 -9999 -9999 -9999 -9999 -9999 -9999 -9999 -9999 -9999 -9999 -9999 -9999 -9999 -9999 -9999 -9999 -9999 -9999 -9999 -9999
-9999 -9999 -9999 12.292908250248749 12.42569995314252 12.361831123177605 12.174282308437604 11.272649121449176 10.106595153131877 8.98974826212045 8.145166692223738 8.059198440456885 8.200482645161896 9.810621429458779 9.270047471975774 10.299355977761827 10.422500272659208 10.216838268534042 10.604539160118 9.65573536181591 9.371153159658151 8.710552647094161 9.503231500211854 16.163096253946488 16.85037774953224 16.228222386230794 16.302447957508967 -9999 -9999 -9999 -9999 -9999 -9999 -9999 -9999 -9999 -9999 -9999 -9999 -9999 -9999 -9999 -9999 -9999 -9999 -9999 -9999 -9999 -9999 -9999 -9999 -9999
-9999 -9999 -9999 -9999 9.182924045193086 9.99201366109036 9.646609666352662 9.006143008824303 8.209179147405639 7.691473520731871 6.720284147292705 6.6656654897831285 7.599828020107825 7.72503134177054 8.793717773405138 8.527780418440534 10.156321208107492 10.669315463764416 10.376143384718628 10.244282057668807 9.853775695167744 9.961226867296816 9.238347690906402 15.884949407860505 -9999 -9999 -9999 -9999 -9999 -9999 -9999 -9999 -9999 -9999 -9999 -9999 -9999 -9999 -9999 -9999 -9999 -9999 -9999 -9999 -9999 -9999 -9999 -9999 -9999 -9999 -9999 -9999
-9999 -9999 -9999 -9999 8.408835353304138 8.211473422011368 9.547563185242069 8.459603956581802 7.544108993122796 6.7346242234859135 6.513064851433039 6.861275522455785 7.1070286802071925 7.275493827175344 8.606319954692646 7.998304289137068 8.651291889164144 10.88309430110358 10.987568572375967 10.186509746435537 10.206400280472783 10.335111507535986 12.040418076511262 12.51199488223241 15.322949870763233 -9999 -9999 -9999 -9999 -9999 -9999 -9999 -9999 -9999 -9999 -9999 -9999 -9999 -9999 -9999 -9999 -9999 -9999 -9999 -9999 -9999 -9999 -9999 -9999 -9999 -9999 -9999
-9999 -9999 -9999 -9999 7.506631168490719 9.656550408434619 8.91658565658628 8.022430224515015 7.147632650150187 7.653305590963638 7.223470322409898 6.6454329768937885 6.8090797039972895 6.61092342631127 8.285370439316509 9.024219202526693 8.319948203806144 9.160161228955984 11.044931472412596 9.983290261707584 9.810855765498022 10.374819209226374 11.131237183120987 13.34340414900107 -9999 -9999 -9999 -9999 -9999 -9999 -9999 -9999 -9999 -9999 -9999 -9999 -9999 -9999 -9999 -9999 -9999 -9999 -9999 -9999 -9999 -9999 -9999 -9999 -9999 -9999 -9999 -9999
-9999 -9999 -9999 -9999 7.774668940939057 9.196669069645626 8.797630992255844 8.106330249852345 7.602562771301653 7.503027204770409 7.0167220429314385 5.535413222218394 5.2866230742368465 5.474334940172099 7.184085678290255 8.178121705263628 8.670143425273162 9.884075900064731 8.715350142556403 8.558135353754952 8.99348215607559 10.599975868164508 11.663252076894748 -9999 -9999 -9999 -9999 -9999 -9999 -9999 -9999 -9999 -9999 -9999 -9999 -9999 -9999 -9999 -9999 -9999 -9999 -9999 -9999 -9999 -9999 -9999 -9999 -9999 -9999 -9999 -9999 -9999
