metrics/grid_rasters/CCI Active/grideval_CCI Active_X_summer_2018_absolute_bias.asc
ncols 52
nrows 55
xllcorner     11.25
yllcorner     55.25
cellsize      0.25
NODATA_value  -9999
[rows 0 to 29 of 55, columns 0 to 51 of 52]
-9999 -9999 -9999 -9999 -9999 -9999 -9999 -9999 -9999 -9999 -9999 -9999 -9999 -9999 -9999 -9999 -9999 -9999 -9999 -9999 -9999 -9999 -9999 -9999 -9999 -9999 -9999 -9999 -9999 -9999 -9999 -9999 -9999 -9999 -9999 -9999 -82.92420040880856 -82.78050468683891 -83.25533801673545 -9999 -9999 -9999 -9999 -9999 -9999 -9999 -9999 -9999 -9999 -9999 -9999 -9999
-9999 -9999 -9999 -9999 -9999 -9999 -9999 -9999 -9999 -9999 -9999 -9999 -9999 -9999 -9999 -9999 -9999 -9999 -9999 -9999 -9999 -9999 -9999 -9999 -9999 -9999 -9999 -9999 -9999 -9999 -9999 -9999 -9999 -9999 -9999 -9999 -82.52462811152573 -83.85227413718466 -84.06365691335952 -83.64940914058167 -83.24588698990966 -83.28872939069633 -9999 -9999 -9999 -9999 -9999 -9999 -9999 -9999 -9999 -9999
-9999 -9999 -9999 -9999 -9999 -9999 -9999 -9999 -9999 -9999 -9999 -9999 -9999 -9999 -9999 -9999 -9999 -9999 -9999 -9999 -9999 -9999 -9999 -9999 -9999 -9999 -9999 -76.7939419441897 -80.01037921497354 -81.47054550132674 -81.22360897760676 -79.18786898109576 -75.70050969962841 -73.1078603066828 -9999 -76.51498059150966 -80.04026469329129 -82.58203929273978 -84.3895170763135 -84.50415420370257 -83.94209815156849 -83.50396156553988 -83.32427996235049 -83.55356528658581 -83.88671114279524 -84.29089557638635 -9999 -9999 -9999 -9999 -9999 -9999
-9999 -9999 -9999 -9999 -9999 -9999 -9999 -9999 -9999 -9999 -9999 -9999 -9999 -9999 -9999 -9999 -9999 -9999 -9999 -9999 -9999 -9999 -9999 -9999 -9999 -9999 -9999 -82.74565847658299 -83.48966739877409 -83.37703300008306 -80.6668534366333 -76.67839600469755 -72.83260861249721 -70.49526636091912 -70.81126182202412 -73.19137580644177 -75.50589574727675 -77.6449056144642 -79.25751316385424 -80.18556215306339 -80.71612173092106 -80.97923374661933 -81.31121992789532 -81.48360790733409 -81.73824133092296 -82.13095103463402 -82.58847587183119 -82.75430894092374 -9999 -9999 -9999 -9999
-9999 -9999 -9999 -9999 -9999 -9999 -9999 -9999 -9999 -9999 -9999 -9999 -9999 -9999 -9999 -9999 -9999 -9999 -9999 -9999 -9999 -9999 -79.88621722874434 -83.13536582336478 -85.25752575274394 -85.81204985082151 -85.67832770101403 -85.53884347431038 -85.7014928975183 -85.00430216575447 -83.41577586402063 -80.79424698132536 -78.65203427798723 -76.57493859561889 -75.63896451793288 -75.48711825858639 -75.46064862965241 -75.88974777641505 -76.616734109495 -77.68691415582661 -78.89890861187294 -80.46997483673951 -81.3880989138523 -81.53027628491755 -81.29287960040179 -81.06691139725888 -80.95566860861753 -81.08236515084687 -80.82063196081181 -9999 -9999 -9999
-9999 -9999 -9999 -9999 -9999 -9999 -9999 -9999 -9999 -9999 -9999 -9999 -9999 -9999 -9999 -9999 -9999 -9999 -9999 -9999 -9999 -83.77894370776157 -86.13224181759617 -86.51888808251724 -85.89661677052145 -84.62603142857552 -82.53306251958661 -80.45927761851445 -79.58362989289606 -79.70074234773283 -80.52177764896466 -81.69896750880972 -81.62812934119417 -81.21230406378922 -80.37408778524917 -79.03473471769172 -77.41184808265255 -76.55177834970148 -76.87269247388062 -77.69860464998561 -78.58995922606276 -79.67258047328696 -80.94841378133582 -81.82003061036053 -82.07280573524211 -82.0542699335062 -81.57280457975423 -80.88029613961344 -79.80857317327805 -9999 -9999 -9999
-9999 -9999 -9999 -9999 -9999 -9999 -9999 -9999 -9999 -9999 -9999 -9999 -9999 -9999 -9999 -9999 -9999 -9999 -9999 -9999 -82.09170363649078 -85.25685143567945 -86.40609950669433 -85.7535969015697 -84.42673745978138 -82.00664252318118 -78.12346770420022 -75.17575807610285 -73.09241360911857 -72.72893411180247 -74.20171252395149 -76.93351814912066 -79.7952942835248 -81.31607993125267 -81.09907990078564 -79.23651544814524 -77.14801919120161 -75.53534261623155 -75.03966709355946 -75.66772279596847 -76.52574461957683 -77.33612201492423 -78.29548110845295 -79.36283581331372 -80.10221848345321 -80.56823959898041 -80.74420533410233 -80.11833390933664 -79.00374746144466 -78.00320094937216 -9999 -9999
-9999 -9999 -9999 -9999 -9999 -9999 -9999 -9999 -9999 -9999 -9999 -9999 -9999 -9999 -9999 -9999 -9999 -9999 -9999 -9999 -9999 -82.66341598866427 -82.86194277781506 -83.72493935308674 -81.84148609820339 -78.71790287433112 -76.90785428768268 -75.46742791131787 -74.76290431586297 -74.33489948737879 -74.25473471925311 -74.93940303620438 -76.99452000840202 -78.99971486336511 -80.34603073480336 -80.05028046214062 -78.54060150682926 -76.61953316321191 -75.1845513663214 -74.77032813818559 -74.68369851423347 -74.96023100387791 -75.62691617173994 -75.88099556448668 -75.67274350608173 -75.48173578148301 -75.41460387149583 -74.73152638064778 -73.92357071975003 -9999 -9999 -9999
-9999 -9999 -9999 -9999 -9999 -9999 -9999 -9999 -9999 -9999 -9999 -9999 -9999 -9999 -9999 -9999 -9999 -9999 -9999 -83.06789039447905 -84.1348909691948 -84.26846784239878 -83.8091196116546 -82.59981568271051 -80.71754050497775 -77.84239531437989 -74.63736083212754 -72.15756983245197 -71.37123060793333 -71.46205457445721 -71.71409966521288 -71.93033543018544 -72.75570688898797 -73.62611692900892 -75.06352315114245 -76.50371098453584 -77.4819618973719 -77.58517987912764 -76.89280861648528 -75.55737537258995 -74.02747038444099 -72.74428272150134 -72.14340542645559 -71.5721463052475 -70.78337836038806 -70.41971950475936 -70.41667682790886 -70.32802601595935 -70.15175497677663 -70.11099280254996 -70.391397661489 -9999
-9999 -9999 -9999 -9999 -9999 -9999 -9999 -9999 -9999 -9999 -9999 -9999 -9999 -9999 -9999 -9999 -9999 -9999 -85.9004599213924 -84.98268622953607 -84.17856777718535 -83.32238656573969 -82.25273143905012 -80.74376463744305 -78.93681630945724 -77.54606537358916 -76.44437672813301 -75.39083058111693 -74.93812098516071 -74.45046361487195 -74.08271104631865 -73.78315881072827 -73.72325860320225 -73.56413525310549 -73.16565339882736 -73.17554873681587 -73.97615004590023 -74.89204056204662 -75.3966408352489 -75.07751407798217 -73.56899472018299 -71.60050298808062 -70.36357871702185 -69.35731840651968 -68.57302431940384 -67.88982447091004 -67.87194223345622 -68.1177528285138 -68.30319945627579 -68.36119489792897 -68.59367448253477 -9999
-9999 -9999 -9999 -9999 -9999 -9999 -9999 -9999 -9999 -9999 -9999 -9999 -9999 -9999 -9999 -9999 -9999 -88.23385996128555 -87.20554448016311 -85.15036879544672 -82.34457996520011 -79.530371548365 -77.29585113457364 -75.09382146969438 -73.23931828222197 -72.13967091881709 -71.76792830844288 -71.92358378709659 -72.59408256670703 -73.07092065023988 -72.97781973753287 -72.31578150537352 -71.72164528023289 -71.1061738828278 -70.70593685640588 -70.55748078275634 -70.52867835727723 -70.54101991151337 -70.6280042797975 -70.81269506203091 -70.63528929472619 -70.35937876189533 -69.99012978277777 -69.38747146158762 -68.21705517788295 -67.03573656454682 -66.46182654247336 -66.74282769405323 -67.19475807476303 -67.45214070898035 -9999 -9999
-9999 -9999 -9999 -9999 -9999 -9999 -9999 -9999 -9999 -9999 -9999 -9999 -9999 -80.52305755343126 -82.06628485266928 -84.31844202396663 -86.71213713239716 -87.64762194989169 -86.64363016803627 -84.46888518495405 -81.54290274433468 -78.66362430884138 -75.19357039358304 -72.43526535805152 -70.89413883488463 -70.34477500909048 -70.01662960356992 -69.76307913871563 -69.96089603816685 -70.77367220511255 -71.39791835277623 -71.37987282645445 -70.92844914596365 -70.35561439313966 -70.52183445073341 -71.2061837354432 -71.51321514533913 -71.10732922589648 -70.11757776254545 -68.70322852500755 -67.81392960736285 -67.55708564769314 -67.48053312155864 -67.0569308830992 -66.80840123201843 -67.10980541275248 -67.75727109173718 -68.31396811633654 -68.7754346276431 -68.68856026701953 -68.62182546698529 -9999
-9999 -9999 -9999 -9999 -9999 -9999 -9999 -9999 -9999 -9999 -9999 -9999 -9999 -79.20532869385636 -79.64738759657611 -80.91399205200699 -82.39606344165361 -83.1470890953813 -82.64705538328575 -80.06486496345505 -77.18473213182196 -74.73043773015556 -72.68966457944201 -71.57671918784794 -71.57648290062079 -72.2476771643952 -72.7363029739455 -72.72086291403875 -72.40428095084171 -72.4261536821723 -72.81785938500063 -72.96901202687752 -73.23858269579385 -74.22669299627128 -74.85924331843853 -74.76772988166498 -74.00171220189203 -72.7809603849183 -71.39728200046912 -69.83842232888159 -68.66028074239907 -68.07327196099187 -67.56829738859896 -66.9261369039507 -67.08159485831857 -67.43035562935731 -66.7789478496365 -66.88405740746985 -68.21515955371054 -69.37658202729148 -69.5587465065005 -69.22290508513865
-9999 -9999 -9999 -9999 -9999 -9999 -9999 -9999 -9999 -9999 -9999 -9999 -9999 -80.06472403329352 -79.22828913722996 -77.33263888760753 -75.7071521497615 -75.04649216633128 -74.44704901524211 -73.78202084856838 -72.47889436133529 -71.60624011395419 -71.49394820128445 -71.71971555718261 -72.61048177354361 -74.36041118204594 -76.01378895569106 -9999 -76.07381998828572 -75.09272246888798 -74.60114412187882 -74.4782533151624 -74.58496187627316 -74.97650470374072 -74.9727854579687 -74.72847282837914 -74.05151297119647 -72.72828110987726 -71.95212798452249 -71.62536067175478 -71.27338276188011 -70.17098862904571 -68.47047342424807 -66.12991562469497 -9999 -9999 -9999 -9999 -9999 -9999 -9999 -9999
-9999 -9999 -9999 -9999 -9999 -9999 -9999 -9999 -9999 -9999 -9999 -9999 -9999 -83.50028944728167 -81.66324395459631 -78.58616773589797 -75.37032668422098 -72.84975219420765 -71.67475313061604 -72.0498911390162 -72.39790293153213 -73.20004726622416 -73.37144626385492 -73.12266814562938 -73.4047378687107 -74.76507455126747 -76.21868415565595 -76.56067036076084 -76.03435902135527 -75.10328677523395 -74.46651761201412 -74.40393572964746 -74.41552373345779 -74.39945921156071 -73.99146779642805 -73.39823163964826 -72.37070757717542 -71.8538077491457 -72.22725137290746 -72.69282160294445 -72.60764133994994 -9999 -9999 -9999 -9999 -9999 -9999 -9999 -9999 -9999 -9999 -9999
-9999 -9999 -9999 -9999 -9999 -9999 -9999 -9999 -9999 -9999 -9999 -9999 -83.87705311746053 -83.07317288495277 -80.61357479963614 -77.41048704184915 -74.07210248433377 -71.78805475584839 -70.78949869731845 -71.48629168372439 -72.73750444517836 -73.64800634526688 -74.03944933398262 -74.03856592495805 -74.61215522593778 -75.62520451131073 -76.47743284993845 -76.44236066224781 -75.39779259183484 -74.32401126866107 -73.89266990886435 -73.81799339891776 -74.00134546390694 -74.29347086989361 -74.16255734747519 -72.99165594642577 -72.22925749502105 -72.49398919956192 -72.82749944002084 -72.0024575960377 -71.27603983943877 -9999 -9999 -9999 -9999 -9999 -9999 -9999 -9999 -9999 -9999 -9999
-9999 -9999 -9999 -9999 -9999 -9999 -9999 -9999 -9999 -9999 -9999 -76.58069704845549 -76.54614382658316 -76.90104010895544 -75.30215755380367 -72.53012369200587 -70.34798644142954 -70.02176135891807 -70.76215403964338 -72.19295106698638 -73.40288798932148 -74.4142501116123 -74.58268366964614 -74.69169291027862 -74.81548453025195 -75.37237206619719 -76.22096046351868 -76.26030613190454 -75.7426379442863 -75.14330340306397 -74.43227728180909 -73.95921790437853 -73.85127026279983 -74.18301969086346 -74.19504614741258 -73.31898789690888 -72.31710713939822 -71.32948758112995 -69.26347479467158 -66.88183920053037 -9999 -9999 -9999 -9999 -9999 -9999 -9999 -9999 -9999 -9999 -9999 -9999
-9999 -9999 -9999 -9999 -9999 -9999 -9999 -9999 -9999 -9999 -74.60309404879807 -73.36554583178267 -72.14517256957681 -70.59363503980894 -68.84551736874425 -68.04160424888782 -68.90758495761648 -70.64623379512973 -72.31895640962149 -73.53432135154371 -74.80340405585974 -76.02946657493062 -76.27088404268675 -76.1815217702609 -75.83882208119915 -75.3401882821775 -75.23165943651743 -75.29111835457708 -75.68149617557292 -75.73383612282899 -75.30862276936355 -74.72841434358902 -74.05326700404935 -73.78394567853083 -73.3469514062871 -72.44744122287501 -71.12511576517768 -69.31702763295692 -65.21588731848675 -9999 -9999 -9999 -9999 -9999 -9999 -9999 -9999 -9999 -9999 -9999 -9999 -9999
-9999 -9999 -9999 -9999 -9999 -9999 -9999 -9999 -9999 -9999 -9999 -9999 -71.75549905552812 -70.92157615866999 -70.12038698484716 -70.44261472607437 -71.21329090582287 -72.42549726221225 -73.0992676810078 -74.0661676770643 -75.13575384701076 -76.45881123533067 -77.43335951767537 -77.23330960212195 -76.48140386637786 -75.60865506529808 -74.58674797561504 -73.77051339168911 -73.8431723623172 -74.09095863576816 -73.86241851666051 -73.38147070663778 -72.28568356127843 -71.11905042940508 -70.45770851085369 -70.36522397771478 -70.0587469138529 -68.53514763615702 -64.24223471546303 -58.45289352957321 -9999 -9999 -9999 -9999 -9999 -9999 -9999 -9999 -9999 -9999 -9999 -9999
-9999 -9999 -9999 -9999 -9999 -9999 -9999 -9999 -9999 -9999 -9999 -72.53335302792813 -71.50591586368239 -70.63445061412844 -69.82506771661018 -70.33737295137152 -71.97475297684255 -73.24515185796696 -73.59734889119865 -73.64496737427038 -74.43915723474777 -75.70833886819689 -76.74598979917558 -76.75992533937097 -76.52183102702966 -76.26092242741066 -75.91293372068068 -75.397428298612 -74.77380180051145 -74.15849249097316 -73.51163251957169 -72.27618963190395 -70.891769181775 -69.49212646711132 -69.24080436385196 -69.9761456819656 -69.88080531342521 -67.14732837304473 -61.88716494016674 -9999 -9999 -9999 -9999 -9999 -9999 -9999 -9999 -9999 -9999 -9999 -9999 -9999
-9999 -9999 -9999 -9999 -9999 -79.79971054925218 -79.34073024453676 -77.78651469638166 -76.03355952060741 -73.88167843919085 -70.82950339336757 -69.2004561064684 -69.36137143036593 -70.24025508340286 -70.51774137823477 -71.11185306391639 -72.45419613725466 -73.83341312748583 -74.05239275891496 -73.87517614111952 -74.11630137491484 -74.64010752980475 -75.27770658922584 -75.90034712365141 -76.05327966598713 -75.48903238886723 -74.99358139932157 -74.66060695230313 -74.07541069647542 -73.3530065499894 -72.84134847314462 -71.60156097651823 -70.39446416140899 -68.86813262817653 -67.45420420121239 -65.69427480645801 -63.357638715078004 -60.66895355851106 -9999 -9999 -9999 -9999 -9999 -9999 -9999 -9999 -9999 -9999 -9999 -9999 -9999 -9999
-9999 -9999 -9999 -9999 -78.23610292796208 -76.39922425167069 -73.94672542567487 -71.66665526074559 -70.29283032695885 -70.03026485864235 -69.7191816466334 -69.08924767828506 -69.80774773365778 -71.32406227468796 -72.73736140229131 -73.55134580559705 -74.32065157187373 -74.80168192299163 -74.58776379732981 -74.78559023919313 -74.87908507170884 -74.46173320581083 -74.30505877069157 -74.67870347979277 -74.77497811987995 -73.92685371102846 -73.7298299430505 -73.36493731452072 -72.43122620491877 -71.11730574929844 -70.30250764119884 -69.18126275989673 -66.77134995454031 -64.13142304592158 -62.13866494320657 -9999 -9999 -9999 -9999 -9999 -9999 -9999 -9999 -9999 -9999 -9999 -9999 -9999 -9999 -9999 -9999 -9999
-9999 -9999 -9999 -78.84382579329868 -77.08339003457323 -74.70440394463745 -72.70946356152062 -71.3664105936237 -70.66606594589743 -70.30563051545101 -70.82398401022606 -71.49797673377655 -72.38048195774141 -73.023079123348 -74.25559489639556 -74.80994631317647 -74.82238412097745 -74.80442835439159 -74.72534242207591 -74.64197634646426 -74.61235210607234 -74.36349503420617 -73.8995567075908 -73.8172359931404 -73.62944931083399 -72.27472910123026 -70.42341927163626 -68.70983501102613 -66.77456783827232 -64.45573938783744 -62.153070321225606 -9999 -9999 -9999 -9999 -9999 -9999 -9999 -9999 -9999 -9999 -9999 -9999 -9999 -9999 -9999 -9999 -9999 -9999 -9999 -9999 -9999
-9999 -9999 -9999 -79.22286343444948 -76.80434294077367 -73.05999679717681 -70.32163259662364 -69.3022199752538 -69.07158179888907 -69.49604554263794 -70.14512705009268 -70.42419284225807 -71.18353590191059 -71.99915580224732 -73.7292136674666 -74.82079349911731 -74.86695843594876 -74.86285208473387 -74.66790977411944 -74.17393710674799 -73.72080248983009 -73.4410505939437 -73.14262060416135 -73.09727313936405 -72.512460578233 -70.83215977267727 -67.73857009427056 -64.5741881378319 -61.72360764200921 -9999 -9999 -9999 -9999 -9999 -9999 -9999 -9999 -9999 -9999 -9999 -9999 -9999 -9999 -9999 -9999 -9999 -9999 -9999 -9999 -9999 -9999 -9999
-9999 -9999 -9999 -79.05514499366932 -78.58156574695654 -75.31519705721217 -71.74053440162021 -70.84697124669734 -72.10214348801452 -73.44960534766966 -73.90943745718054 -72.99804290481235 -71.99137708285579 -71.89612746303496 -72.55104775904961 -73.05691793334225 -73.45417571845263 -74.02427170377062 -74.24194671845306 -74.34668976862146 -74.36434777113406 -74.26639227002211 -73.71134468815897 -72.80994631690177 -71.01331187768474 -68.37950817349811 -9999 -59.818086956506185 -9999 -9999 -9999 -9999 -9999 -9999 -9999 -9999 -9999 -9999 -9999 -9999 -9999 -9999 -9999 -9999 -9999 -9999 -9999 -9999 -9999 -9999 -9999 -9999
-9999 -9999 -9999 -74.62645402502106 -75.13852235318527 -73.94605309819126 -73.1959960020178 -73.74136244845779 -74.29767202132422 -74.84499671099627 -75.30433766754425 -74.05306467818825 -72.77746604723126 -72.65702108601513 -73.5410725339923 -74.10229022914302 -73.80151318612955 -73.69818886320876 -73.4930130097529 -72.85553237731042 -72.30007254073153 -72.53672098336013 -72.00183332517095 -70.25046992804046 -67.30480282705115 -62.59191277898524 -58.77760965490471 -9999 -9999 -9999 -9999 -9999 -9999 -9999 -9999 -9999 -9999 -9999 -9999 -9999 -9999 -9999 -9999 -9999 -9999 -9999 -9999 -9999 -9999 -9999 -9999 -9999
-9999 -9999 -9999 -9999 -74.40293855621266 -74.48245746994411 -74.73810016519421 -74.70919771994586 -74.49973571721627 -74.54548575275618 -74.27496266024916 -74.41346081848378 -74.14122786891203 -73.7754684843771 -74.31361274583185 -75.02680665756698 -74.99919799180782 -73.96158381843048 -72.90801668782596 -71.65877384886794 -70.72549955093342 -69.86232719667579 -68.50780588501821 -65.19341760242115 -9999 -9999 -9999 -9999 -9999 -9999 -9999 -9999 -9999 -9999 -9999 -9999 -9999 -9999 -9999 -9999 -9999 -9999 -9999 -9999 -9999 -9999 -9999 -9999 -9999 -9999 -9999 -9999
-9999 -9999 -9999 -9999 -74.72163269523045 -76.42305371845546 -76.75927488489644 -76.11498870263281 -75.3426842312126 -75.01406826904935 -75.244184570468 -75.57117064151426 -75.88867638665049 -75.27920150967395 -75.3684116328216 -75.67217498904338 -75.56403248497973 -75.15129631012678 -74.74900485235065 -74.41858948070718 -73.44066706753296 -71.44168721544355 -68.20303107555146 -63.14656710511317 -55.4722342632063 -9999 -9999 -9999 -9999 -9999 -9999 -9999 -9999 -9999 -9999 -9999 -9999 -9999 -9999 -9999 -9999 -9999 -9999 -9999 -9999 -9999 -9999 -9999 -9999 -9999 -9999 -9999
-9999 -9999 -9999 -9999 -78.22292858135441 -78.56095612794161 -78.46196491141681 -77.84540831524394 -76.66725088736933 -76.20895764992937 -75.9677523818353 -76.3360975306967 -76.44164081598106 -76.82456085879518 -76.60393102693817 -76.7521500347749 -76.83891809699328 -76.53734924466066 -75.65805741043195 -74.98152975608474 -73.25629957878718 -71.21137262977983 -67.62403080126515 -60.34490700568193 -9999 -9999 -9999 -9999 -9999 -9999 -9999 -9999 -9999 -9999 -9999 -9999 -9999 -9999 -9999 -9999 -9999 -9999 -9999 -9999 -9999 -9999 -9999 -9999 -9999 -9999 -9999 -9999
-9999 -9999 -9999 -9999 -77.3424225676319 -77.69772859160666 -78.13178743940333 -78.66502681018218 -77.69167431978428 -76.68902287049139 -76.31908158617824 -76.54296023107094 -77.26412311163935 -78.1518718391333 -78.89315278407024 -78.02880439939706 -77.3571547763827 -76.65603949615489 -75.5344863321794 -74.04521690357639 -72.8491934861826 -70.84790207105486 -66.11711717882882 -9999 -9999 -9999 -9999 -9999 -9999 -9999 -9999 -9999 -9999 -9999 -9999 -9999 -9999 -9999 -9999 -9999 -9999 -9999 -9999 -9999 -9999 -9999 -9999 -9999 -9999 -9999 -9999 -9999
