metrics/grid_rasters/CCI Active/grideval_CCI Active_S_fall_absolute_ubrmsd.asc
ncols 52
nrows 55
xllcorner     11.25
yllcorner     55.25
cellsize      0.25
NODATA_value  -9999
[rows 0 to 29 of 55, columns 0 to 51 of 52]
-9999 -9999 -9999 -9999 -9999 -9999 -9999 -9999 -9999 -9999 -9999 -9999 -9999 -9999 -9999 -9999 -9999 -9999 -9999 -9999 -9999 -9999 -9999 -9999 -9999 -9999 -9999 -9999 -9999 -9999 -9999 -9999 -9999 -9999 -9999 -9999 7.178016353020036 7.205413888091396 7.132409404878224 -9999 -9999 -9999 -9999 -9999 -9999 -9999 -9999 -9999 -9999 -9999 -9999 -9999
-9999 -9999 -9999 -9999 -9999 -9999 -9999 -9999 -9999 -9999 -9999 -9999 -9999 -9999 -9999 -9999 -9999 -9999 -9999 -9999 -9999 -9999 -9999 -9999 -9999 -9999 -9999 -9999 -9999 -9999 -9999 -9999 -9999 -9999 -9999 -9999 7.687956215015211 7.02326286863083 7.144409761788384 7.316542930545826 7.589488337890691 7.712001294706418 -9999 -9999 -9999 -9999 -9999 -9999 -9999 -9999 -9999 -9999
-9999 -9999 -9999 -9999 -9999 -9999 -9999 -9999 -9999 -9999 -9999 -9999 -9999 -9999 -9999 -9999 -9999 -9999 -9999 -9999 -9999 -9999 -9999 -9999 -9999 -9999 -9999 13.847559162956172 12.057476106816752 9.60708943952902 9.446915562198312 9.232414342535652 10.5881519811725 11.017711688066148 -9999 10.15641485460566 9.385122355972598 8.4766406178135 7.9174592559890815 7.523124169528508 7.597978953395247 7.971098301059872 8.121077597127531 8.32838651481723 8.374749875017303 8.249644544828163 -9999 -9999 -9999 -9999 -9999 -9999
-9999 -9999 -9999 -9999 -9999 -9999 -9999 -9999 -9999 -9999 -9999 -9999 -9999 -9999 -9999 -9999 -9999 -9999 -9999 -9999 -9999 -9999 -9999 -9999 -9999 -9999 -9999 11.86677032155004 10.01171118647246 8.52459475737652 8.844265336645726 10.352030779449407 11.108746026431529 11.6154349850547 11.679693280044464 11.3927033784935 10.995915686130301 10.540245062907712 9.888142129765 9.577958299254076 9.365849878107818 9.256795383251864 9.358419182127363 9.297983493700023 9.497940907378586 9.400970926159873 9.311071329350076 9.413831622380435 -9999 -9999 -9999 -9999
-9999 -9999 -9999 -9999 -9999 -9999 -9999 -9999 -9999 -9999 -9999 -9999 -9999 -9999 -9999 -9999 -9999 -9999 -9999 -9999 -9999 -9999 14.118104451603436 12.090035031452556 9.768075739327267 8.651147855119419 8.0865914490653 7.879751882280088 7.904251193304425 7.441017155356534 8.026884462628079 8.667149575406805 9.441562373053657 10.461559266421734 11.093566785426574 11.585970677457967 11.894687841226395 11.98249190526756 12.155395992523632 11.779681344612074 11.431320752478866 10.881519954924777 10.544578473176424 10.34562554308095 10.315066826744534 10.348849587931438 10.314396928027968 10.093455660349804 9.65516814190526 -9999 -9999 -9999
-9999 -9999 -9999 -9999 -9999 -9999 -9999 -9999 -9999 -9999 -9999 -9999 -9999 -9999 -9999 -9999 -9999 -9999 -9999 -9999 -9999 12.576042162288484 11.674905917178357 9.130187389605725 7.729199864919119 6.4221082162404075 6.649120189496172 7.5695668362702095 9.20640186845757 9.614486941023943 9.01558945585115 8.916726473891957 9.101751323284267 9.395851077725757 9.870829935670526 10.486787857672565 11.221079725910975 11.767860286918795 12.017840692505978 11.783714949066985 11.376835381482556 10.902730888207005 10.468313501315148 10.079837853112183 9.860908607048644 10.019649485485267 10.117923817017669 10.033795823243477 9.92618794885334 -9999 -9999 -9999
-9999 -9999 -9999 -9999 -9999 -9999 -9999 -9999 -9999 -9999 -9999 -9999 -9999 -9999 -9999 -9999 -9999 -9999 -9999 -9999 12.95712280304707 10.142439399236569 9.692196701780906 9.072359676282668 8.983039371003414 7.602497573044193 8.531195023057316 9.008621357544618 9.915480149862756 10.108737583227088 10.343593262457958 10.252474514659868 9.941710279882711 9.689417170695616 9.801211858898515 10.387469635954467 11.155276394766894 11.728118754722074 11.892704441589991 11.727756241572607 11.505997535040548 11.155808641503208 10.84982173231825 10.45910321729628 10.062275296938118 9.659346697594186 9.434460144747195 9.387489670182687 9.911368015662859 9.976128056482981 -9999 -9999
-9999 -9999 -9999 -9999 -9999 -9999 -9999 -9999 -9999 -9999 -9999 -9999 -9999 -9999 -9999 -9999 -9999 -9999 -9999 -9999 -9999 9.175342112474503 8.644267819315985 8.525077323715047 7.865268821485298 9.493705395327954 9.137339380629244 9.38658240155358 9.857106893137452 10.493972314721072 10.970156051265118 11.16648937846471 10.984561787349623 10.867485625622516 10.762549055071156 10.885538335808985 10.826988048261642 11.345826885852235 11.307107911270672 11.692870840619786 11.480193362848238 11.98753816357826 11.596137904164697 11.461182504800348 11.901925871632596 11.154383017762582 11.145831829066305 11.336713686192436 11.226901418519773 -9999 -9999 -9999
-9999 -9999 -9999 -9999 -9999 -9999 -9999 -9999 -9999 -9999 -9999 -9999 -9999 -9999 -9999 -9999 -9999 -9999 -9999 9.145034193463598 8.396181626120768 7.572213203736966 7.233866213498606 7.051660240479561 7.4989716179403265 8.418479463787145 9.513140434976172 10.40505406935401 11.006883000299645 11.33622728056351 11.108254749013476 10.886216787122784 10.85434995289036 10.663259069260471 10.455866743523973 10.288663804992817 10.2746605564733 10.115777395796062 10.09417472526098 10.330735846584776 10.308760348915591 11.046306228093018 11.71762871480514 12.251357427369154 12.7889752306925 13.11973235388692 12.352658801257775 12.309877565943964 11.7450574126779 12.427163427478256 11.970634085675805 -9999
-9999 -9999 -9999 -9999 -9999 -9999 -9999 -9999 -9999 -9999 -9999 -9999 -9999 -9999 -9999 -9999 -9999 -9999 8.937003701239957 8.132667447961667 7.769496481832943 7.364308260234349 7.598609186398884 7.680803193754512 8.037104458986727 8.710419387524544 9.286025698209636 9.813089931869536 10.433726254198078 10.54306231305504 10.456821684294733 10.20344706304448 10.114708561492527 9.775363789432953 9.719848131946408 9.67368675683684 9.473769020994816 10.15735080786489 10.228398861307145 12.01114152860317 12.211767886043852 12.442550331276648 12.672189091025725 13.467439044163086 13.106947715504832 13.3812969088171 13.395164932703194 13.112838052484667 13.20493996210732 12.579329735147386 11.729471898029573 -9999
-9999 -9999 -9999 -9999 -9999 -9999 -9999 -9999 -9999 -9999 -9999 -9999 -9999 -9999 -9999 -9999 -9999 6.957938723114947 6.900586203990371 7.832322939101143 8.672018719235231 8.893478996621988 9.247083899751313 9.395882222765584 9.48261756656708 9.547862416922326 9.712748761494836 9.833186006540476 9.887873449571973 10.014825567251846 10.116931889596351 10.275427280670993 10.097655077312394 10.672731147752279 9.529935453812993 11.311192385924482 11.405517359542152 11.619930431379435 12.467502550985769 12.527310723956358 12.664190158461551 13.517337162503244 13.737963857361706 13.836213927054038 13.50692492952022 13.602794129999365 13.402177594496417 13.632357802680275 13.87224227223484 13.93417436526526 -9999 -9999
-9999 -9999 -9999 -9999 -9999 -9999 -9999 -9999 -9999 -9999 -9999 -9999 -9999 10.877824389319034 10.373094989369044 9.665610102128417 8.328965546253556 7.893768339204312 8.167404007205898 8.270120725206969 8.9080566948668 9.370352148488957 9.939406493975486 10.009892826855236 9.717852053526828 9.547996677970518 9.339513095099145 9.370495900632461 9.29261298212358 9.404914012590151 9.554424955612657 10.837377641014369 10.975988336276435 12.120853701875944 11.900342400851615 11.6441135805238 12.68494489452843 13.023592793942926 12.928344631119213 12.790716842493751 12.82439307155628 12.932572647898116 13.037489749299846 13.494929142445919 13.568482884935605 13.708189292620974 13.690178273684053 14.047462534768428 14.077586408961508 14.474375763636484 14.78803779221798 -9999
-9999 -9999 -9999 -9999 -9999 -9999 -9999 -9999 -9999 -9999 -9999 -9999 -9999 10.069852069290627 9.486532110579287 9.1299096463692 8.869834351463831 9.02694599582392 9.317115705512974 9.06441832188683 9.534378181657992 10.091530166798927 10.363242988822618 9.96640163750375 9.760328102740617 9.325712776890606 9.200919751569087 9.280156082065536 9.648690112013524 9.867079440771477 10.309445097458768 11.053422864988143 12.115246590507875 12.483170472172333 12.578342727647495 12.422262016470235 13.187829879607895 13.044306259490096 12.946018760954034 12.798739951796975 12.695452501525777 12.805687661423 13.16426436251132 13.716345733010106 13.892370386208832 13.889592318526313 14.052221700296876 14.23973205731601 14.29945394398459 14.336161712187968 15.372667682908606 15.478686421566437
-9999 -9999 -9999 -9999 -9999 -9999 -9999 -9999 -9999 -9999 -9999 -9999 -9999 9.16007901163557 9.025680633923374 9.39803259324165 10.0708681633699 10.462560924630004 10.118803208039537 10.020380198387864 10.353124742921043 10.281116848495902 10.326422363636699 10.242897908301408 9.939069694383909 9.47754311518604 8.911566894815222 -9999 9.168307942660915 10.306398827327744 10.4719843140737 11.327416462636672 11.525552849003466 11.767064079665806 12.14904336793552 13.1626447769698 13.391257348551708 13.813490434352355 13.743063449119846 13.580925268865274 13.871221693914116 18.19317460370872 19.342479938382866 19.33220082190079 -9999 -9999 -9999 -9999 -9999 -9999 -9999 -9999
-9999 -9999 -9999 -9999 -9999 -9999 -9999 -9999 -9999 -9999 -9999 -9999 -9999 9.155929125240961 9.428402667426584 10.140622683311953 10.794720386050608 10.915236091548653 11.430868411956792 11.068636184772949 11.342063618962507 11.253808144679468 11.438032869163491 11.18562308251918 10.47695894119692 10.29292064612591 9.664530253291355 9.354150631402613 9.30435396280258 10.083323476287855 10.809220852273851 10.509083603945829 10.725867824551623 12.030796612574775 12.70210031441756 13.394225825816825 13.552185946278215 13.83725536899178 14.019627499966461 14.741378685243804 15.140915929697465 -9999 -9999 -9999 -9999 -9999 -9999 -9999 -9999 -9999 -9999 -9999
-9999 -9999 -9999 -9999 -9999 -9999 -9999 -9999 -9999 -9999 -9999 -9999 8.636547692212242 8.55133217074615 9.781268497777717 11.020781966611514 11.944725124812102 12.394463154387607 12.370690173450125 12.325922454178126 12.157429267657914 12.442156181066318 11.438415148526564 11.367275706347996 11.230142314300167 10.641836300199904 11.971301652628224 11.64799907979127 11.349722856523245 11.36840445624702 11.072198506883892 11.366669186938465 12.192421051128653 12.58010685175103 13.291146723652721 13.523188642881575 13.511154560647919 13.803487895633745 15.062366375988612 16.43459066604662 17.317934144923566 -9999 -9999 -9999 -9999 -9999 -9999 -9999 -9999 -9999 -9999 -9999
-9999 -9999 -9999 -9999 -9999 -9999 -9999 -9999 -9999 -9999 -9999 8.644664558113519 8.595277215949174 9.136119580139589 10.042542329125245 11.357613283202891 12.345267770838836 12.991549452976622 12.715357874161965 12.158203723884759 12.116634643689055 11.927054609380836 11.76176026542615 10.751979661392346 10.952336073833706 10.689050400467867 10.703279900061213 10.856491927270996 11.901312402324493 11.472708913445668 11.218113096943505 12.008956908491278 12.673204114534919 13.017654360451289 13.235401408116132 13.61860706634393 13.199015192831636 13.892962027681156 15.391816041891975 17.187799865289968 -9999 -9999 -9999 -9999 -9999 -9999 -9999 -9999 -9999 -9999 -9999 -9999
-9999 -9999 -9999 -9999 -9999 -9999 -9999 -9999 -9999 -9999 11.065782532194591 11.124150256517453 10.782408248014786 11.318073862252286 11.774392045363186 12.561216411802436 12.930206309855109 13.054216183190634 11.779411796429413 11.538485471569624 11.2224912636568 11.074382025217485 11.189775649511194 10.140934014533288 10.818202533807844 10.933108047339337 11.568970745386062 12.309158629426339 12.364452504899152 12.367379325357485 11.635661292541997 12.017634626807613 12.454924713587522 12.91299751004833 13.030833807917546 13.080756350178628 13.494604025779722 14.474892401732815 16.143894423257542 -9999 -9999 -9999 -9999 -9999 -9999 -9999 -9999 -9999 -9999 -9999 -9999 -9999
-9999 -9999 -9999 -9999 -9999 -9999 -9999 -9999 -9999 -9999 -9999 -9999 12.572124562359411 12.55893526844196 12.329978455877686 12.3343576729386 12.644350045923126 12.664299451743455 11.340656023159434 11.256231770202172 11.058161708558453 10.908636456221812 10.869854212573797 11.429368075942184 11.877350010911277 12.236638232050312 12.616544122975172 13.669916503463234 13.766382632489856 13.371589645575433 13.152337217606625 12.893043013926608 12.53421518104385 12.62477570168216 12.523170251295266 12.7696376418873 13.650630418669234 15.186010346555513 16.842883910969654 18.182869947205212 -9999 -9999 -9999 -9999 -9999 -9999 -9999 -9999 -9999 -9999 -9999 -9999
-9999 -9999 -9999 -9999 -9999 -9999 -9999 -9999 -9999 -9999 -9999 12.102370192459086 12.246156155376955 12.440051778784573 12.440876659298967 11.55363493380945 11.413907034389082 11.186699746405793 11.11531981716098 11.323323211725885 11.582338153588061 12.51700844036492 12.995113478999393 13.51134380976812 13.940193639771824 14.050023631304047 14.167129535136885 14.209748015416148 14.077972456403408 13.694774423273762 13.257752972866971 12.510384571446213 12.327724666684256 12.321071852098019 12.306472454992885 13.368663144048341 14.455712887787213 16.259197113168618 18.323969271686483 -9999 -9999 -9999 -9999 -9999 -9999 -9999 -9999 -9999 -9999 -9999 -9999 -9999
-9999 -9999 -9999 -9999 -9999 10.356768093812745 10.459917247138485 9.814595595205864 9.928579001212473 10.04267302842635 10.815153950869437 11.101873580446483 10.898864304475904 11.332212302803145 10.684683061010134 10.534235533855039 10.379188037278396 10.240694898771027 10.525470260016872 10.952290274628494 11.578515478159554 12.866594720343294 13.567050194419632 14.012522753360512 14.416800916303787 14.044717271506547 13.417641281186588 13.327834064310476 13.196953351415866 12.936181445254828 12.369421876934496 12.28797281610306 12.302061870782952 12.833645424347319 13.593070800318856 15.0945139867997 16.247375900593678 17.185482416858626 -9999 -9999 -9999 -9999 -9999 -9999 -9999 -9999 -9999 -9999 -9999 -9999 -9999 -9999
-9999 -9999 -9999 -9999 10.645200176834098 10.077323195979034 10.631755934078855 10.508541134279568 10.64396760954854 10.691132815127569 10.465485173091157 10.484072310488227 10.265502160597089 10.153894027559144 9.967064188318817 10.106785831480234 10.00340922608915 9.988020287820405 10.238718670239178 10.455193383233244 10.773054833294749 11.507716256279776 12.348919081660659 12.286900545509633 12.979455219244606 12.9653897119735 12.95425715372077 13.04215894655779 13.07809111197057 12.814239363086704 12.771725481245456 13.784854860798793 14.456801537403472 14.982346409689246 16.499455911941748 -9999 -9999 -9999 -9999 -9999 -9999 -9999 -9999 -9999 -9999 -9999 -9999 -9999 -9999 -9999 -9999 -9999
-9999 -9999 -9999 10.649379831952308 10.80894184352407 10.158366165840711 10.018913558401504 9.821819158374344 9.573083320629 9.580103111593859 9.516230479266241 9.636069031661432 9.528500277162584 9.56143590843926 9.84520783821523 9.995234494186851 10.218325815746711 10.152798105165154 10.22785859469657 10.505021396536176 11.244651887624533 11.481871651691884 11.901423545007356 11.693452646914182 12.18644600116006 12.140046896235807 12.1586580020295 12.405068724385679 12.95127161847656 13.764177439350686 14.967853220648106 -9999 -9999 -9999 -9999 -9999 -9999 -9999 -9999 -9999 -9999 -9999 -9999 -9999 -9999 -9999 -9999 -9999 -9999 -9999 -9999 -9999
-9999 -9999 -9999 10.121767089061274 11.123161490863062 11.555601097110719 11.454269753381114 10.90945987978692 10.6445540698415 10.435294848535282 10.034270697090275 9.70180646538839 9.823559472619669 9.942338095620386 9.945587778649523 9.969400807239928 9.945050257660943 9.832822864286953 10.260459691777754 10.563009487958412 10.650207309701374 10.685284786067433 11.67059298941026 11.965964711989615 11.863748191479145 12.086702867666215 12.500131819633069 13.215260495305571 18.77382762302443 -9999 -9999 -9999 -9999 -9999 -9999 -9999 -9999 -9999 -9999 -9999 -9999 -9999 -9999 -9999 -9999 -9999 -9999 -9999 -9999 -9999 -9999 -9999
-9999 -9999 -9999 9.065013676794702 10.073801471961584 11.983953766947264 12.343164668036476 11.871948351955384 11.000637022709476 10.740635471061331 10.157656604874084 10.166274551900411 10.212651074807463 10.180417670384422 10.42154329104424 10.74740865389982 10.540180130313356 10.655812254460994 10.789509237528515 10.829815870396114 10.735496074605242 10.694439856264568 11.558269100462564 11.877581124274494 12.85453471203395 13.034462322322524 -9999 15.778633357994206 -9999 -9999 -9999 -9999 -9999 -9999 -9999 -9999 -9999 -9999 -9999 -9999 -9999 -9999 -9999 -9999 -9999 -9999 -9999 -9999 -9999 -9999 -9999 -9999
-9999 -9999 -9999 9.700641023047961 10.576745479458797 10.98881125809442 10.869621394858825 10.375467566844378 9.92411827117191 9.803329144951805 9.528982033517707 9.541087703922091 10.044887246382077 10.752555819926592 10.34566695101524 10.933171774248107 10.77078441364649 10.847631000931608 11.084540636749985 10.976036514278686 11.033789544419095 10.837042972281608 11.52642182793425 18.23341532236707 19.27198755653164 19.405948204850823 19.88274933316652 -9999 -9999 -9999 -9999 -9999 -9999 -9999 -9999 -9999 -9999 -9999 -9999 -9999 -9999 -9999 -9999 -9999 -9999 -9999 -9999 -9999 -9999 -9999 -9999 -9999
-9999 -9999 -9999 -9999 10.538901731154176 10.664941567241113 10.531505515551519 10.14015758927792 9.976859529197682 9.885356797772042 9.643381785571416 9.531817177790163 9.851436054440796 10.135825984514595 10.37775646740984 10.124061433597127 10.548489565094053 10.615064374148883 10.87406977081906 11.194189246650959 11.605612703277096 11.868712249216445 12.00655438375342 18.985448935763085 -9999 -9999 -9999 -9999 -9999 -9999 -9999 -9999 -9999 -9999 -9999 -9999 -9999 -9999 -9999 -9999 -9999 -9999 -9999 -9999 -9999 -9999 -9999 -9999 -9999 -9999 -9999 -9999
-9999 -9999 -9999 -9999 10.837921811062056 10.642815382617561 10.851876608848203 10.577759623484113 10.060263210442702 9.657386586682065 9.624880145315712 9.576227319275636 9.573510236954998 9.648246899849124 10.154473996450358 10.164487989053995 10.330119984694106 11.144353662860858 11.300740981242928 11.465336239295516 11.635220570118273 11.998134873936644 13.231489606943429 14.693233038912318 19.64229554674348 -9999 -9999 -9999 -9999 -9999 -9999 -9999 -9999 -9999 -9999 -9999 -9999 -9999 -9999 -9999 -9999 -9999 -9999 -9999 -9999 -9999 -9999 -9999 -9999 -9999 -9999 -9999
-9999 -9999 -9999 -9999 10.651913322688351 11.021918701874798 10.694930255682053 10.173841263788212 9.635700769716356 9.70724133318654 10.009887543631253 9.827898651933651 9.65452281377867 9.56460976189854 10.131894114282565 10.502463172413657 10.376735831636122 10.767360510319929 11.505834838528688 11.523497971618244 11.441538691520536 11.85851542198115 12.88238330630155 15.215343735114699 -9999 -9999 -9999 -9999 -9999 -9999 -9999 -9999 -9999 -9999 -9999 -9999 -9999 -9999 -9999 -9999 -9999 -9999 -9999 -9999 -9999 -9999 -9999 -9999 -9999 -9999 -9999 -9999
-9999 -9999 -9999 -9999 11.24490965623865 11.511993074884883 11.01120575112364 10.214476947463476 9.446231662408076 9.688707566972406 9.596271653047722 9.324633816160807 9.06214665931246 9.155484663544028 9.640079267707248 10.3216118557068 10.70609351817236 11.16328651923218 10.81363584140592 10.933288098550415 11.209634712929358 12.408420813602225 13.399635410138169 -9999 -9999 -9999 -9999 -9999 -9999 -9999 -9999 -9999 -9999 -9999 -9999 -9999 -9999 -9999 -9999 -9999 -9999 -9999 -9999 -9999 -9999 -9999 -9999 -9999 -9999 -9999 -9999 -9999
