metrics/grid_rasters/CCI Active/grideval_CCI Active_X_fall_2015_absolute_pearson_r.asc
ncols 52
nrows 55
xllcorner     11.25
yllcorner     55.25
cellsize      0.25
NODATA_value  -9999
[rows 0 to 29 of 55, columns 0 to 51 of 52]
-9999 -9999 -9999 -9999 -9999 -9999 -9999 -9999 -9999 -9999 -9999 -9999 -9999 -9999 -9999 -9999 -9999 -9999 -9999 -9999 -9999 -9999 -9999 -9999 -9999 -9999 -9999 -9999 -9999 -9999 -9999 -9999 -9999 -9999 -9999 -9999 0.5648137564964364 0.5945721139788422 0.6491990252060201 -9999 -9999 -9999 -9999 -9999 -9999 -9999 -9999 -9999 -9999 -9999 -9999 -9999
-9999 -9999 -9999 -9999 -9999 -9999 -9999 -9999 -9999 -9999 -9999 -9999 -9999 -9999 -9999 -9999 -9999 -9999 -9999 -9999 -9999 -9999 -9999 -9999 -9999 -9999 -9999 -9999 -9999 -9999 -9999 -9999 -9999 -9999 -9999 -9999 0.6922889120060578 0.7022315683262528 0.7055415144488175 0.7485114978305576 0.7689923631878459 0.7543443730277093 -9999 -9999 -9999 -9999 -9999 -9999 -9999 -9999 -9999 -9999
-9999 -9999 -9999 -9999 -9999 -9999 -9999 -9999 -9999 -9999 -9999 -9999 -9999 -9999 -9999 -9999 -9999 -9999 -9999 -9999 -9999 -9999 -9999 -9999 -9999 -9999 -9999 0.5949161705430811 0.5516633124310729 0.5301032653133912 0.5391400998510272 0.5504088173952348 0.6173973957906651 0.6932436761758396 -9999 0.7858757773322221 0.7500974943056937 0.7129086476716089 0.6949974455623865 0.6955304796655464 0.7005006283554853 0.7056295925460355 0.6984596275808539 0.7152482399518659 0.6794225737954857 0.6522467762137429 -9999 -9999 -9999 -9999 -9999 -9999
-9999 -9999 -9999 -9999 -9999 -9999 -9999 -9999 -9999 -9999 -9999 -9999 -9999 -9999 -9999 -9999 -9999 -9999 -9999 -9999 -9999 -9999 -9999 -9999 -9999 -9999 -9999 0.4861763622144236 0.5402965768892704 0.5265220019253876 0.5188392598402582 0.5834724091868009 0.6489180751090404 0.7583874483264164 0.8050379629740974 0.7882341402328633 0.7397007905164109 0.6603021957730947 0.636607922805335 0.6624513791151756 0.6444824122263009 0.6436657573611322 0.6436123710517891 0.7118108982678321 0.6764769860677874 0.7014129223508621 0.6907958018839123 0.6918277977522646 -9999 -9999 -9999 -9999
-9999 -9999 -9999 -9999 -9999 -9999 -9999 -9999 -9999 -9999 -9999 -9999 -9999 -9999 -9999 -9999 -9999 -9999 -9999 -9999 -9999 -9999 0.6439578298539383 0.6434629288418828 0.5455545711913297 0.5501382879693502 0.5591642819160578 0.5592283308293736 0.5210870375914838 0.5573845940923216 0.5279991986056254 0.6613323159478834 0.7455827741472939 0.8112471669502843 0.8189183420332402 0.7645811922352448 0.7636496188584516 0.7568113546463041 0.6899460277025191 0.6878799862235798 0.6818272434570665 0.6253862712039346 0.6321444025628036 0.7098089071718985 0.6984392731593766 0.6892586295111228 0.7206847619798556 0.7267776619970251 0.7416912330382169 -9999 -9999 -9999
-9999 -9999 -9999 -9999 -9999 -9999 -9999 -9999 -9999 -9999 -9999 -9999 -9999 -9999 -9999 -9999 -9999 -9999 -9999 -9999 -9999 0.6149361349249903 0.5469256735026684 0.5379199108802648 0.5938719073371987 0.5907592336191374 0.7017809637484107 0.6620245666038763 0.5066183047313397 0.6013531870144699 0.6983966235758696 0.7126561752388656 0.7446389361001766 0.7835687163551645 0.7715765884945082 0.7913010586559608 0.7692557435944913 0.7486588895237876 0.7596310707021108 0.7604917039808371 0.7755811009760579 0.7757344731637605 0.7808872613047901 0.7618523507119015 0.7815528354145834 0.7686598166098657 0.7904304135125138 0.8039585261818354 0.8301130316106351 -9999 -9999 -9999
-9999 -9999 -9999 -9999 -9999 -9999 -9999 -9999 -9999 -9999 -9999 -9999 -9999 -9999 -9999 -9999 -9999 -9999 -9999 -9999 0.6079600206039788 0.6868096877833783 0.5013010917899198 0.5269271919767122 0.5531521558604864 0.6187800228904969 0.6358876210762459 0.6873278406021501 0.7741364664976057 0.8116583500032049 0.8249445922514225 0.8247880935357297 0.7988047869607985 0.7760591457760748 0.7602163825914796 0.7749833100190762 0.7592170666377627 0.7719298388327476 0.7747729021971844 0.8228973713470253 0.8255073589447219 0.8462126472696251 0.8423196965249642 0.8304518262723609 0.8438925392137764 0.8262376496520529 0.8206598695739664 0.8091408780197891 0.8458293571623771 0.9066698456763108 -9999 -9999
-9999 -9999 -9999 -9999 -9999 -9999 -9999 -9999 -9999 -9999 -9999 -9999 -9999 -9999 -9999 -9999 -9999 -9999 -9999 -9999 -9999 0.5233412367519349 0.5910983332813751 0.6483213620811417 0.6780491962762014 0.5493283768708828 0.6157464959206193 0.7067374368134525 0.7820485737614086 0.8031548468857801 0.7967113358385101 0.8411970066879781 0.8477060355080966 0.8091971271928504 0.7743323721178751 0.7593516636023979 0.7877008493367585 0.8064249501388312 0.8248491743753882 0.8617606256949804 0.8696161790066929 0.8314250445656048 0.842854882236685 0.8261563883680254 0.7785063542699702 0.7652644121676083 0.8098113874028782 0.8053391889881549 0.7771369290887353 -9999 -9999 -9999
-9999 -9999 -9999 -9999 -9999 -9999 -9999 -9999 -9999 -9999 -9999 -9999 -9999 -9999 -9999 -9999 -9999 -9999 -9999 0.3339819057272629 0.3376856283700653 0.4179921516693628 0.4470598714842572 0.5001584629265039 0.550324365643249 0.6413411488089 0.7816218776555035 0.8578274334667142 0.8691124512064656 0.8749385319384038 0.8712322980301558 0.8553414864098842 0.8332264392897829 0.7967478290841825 0.7872635686114247 0.7638264080870562 0.7715876268558386 0.8125624426660263 0.8576804144662991 0.8821758169427105 0.8958944751821842 0.8346758785639787 0.7797365359724504 0.8169910101842381 0.7421036452028462 0.7121385005462073 0.6822065504063678 0.6519084976700752 0.7055518434142954 0.670011919772799 0.7168732466205872 -9999
-9999 -9999 -9999 -9999 -9999 -9999 -9999 -9999 -9999 -9999 -9999 -9999 -9999 -9999 -9999 -9999 -9999 -9999 0.26452348273390863 0.3438925711534538 0.4032208332939465 0.5401953758158364 0.625741754590105 0.7536692529046026 0.828712807742304 0.8536922534267928 0.8467871449950649 0.8432979525621738 0.8388861893744082 0.8572289512305379 0.8789072794896277 0.8846001482069632 0.8592727351265229 0.8466260523609572 0.8554683654563526 0.8661180426998423 0.8866002303347744 0.8577350341457599 0.8485756605389251 0.7038304543899684 0.6974285694304814 0.6915964718009451 0.6759163234840087 0.6803045842382568 0.632465462704125 0.6336982531722517 0.6362445095280387 0.5856285072982124 0.5706077724130845 0.5663026633202255 0.6521996950331315 -9999
-9999 -9999 -9999 -9999 -9999 -9999 -9999 -9999 -9999 -9999 -9999 -9999 -9999 -9999 -9999 -9999 -9999 0.4032155662289028 0.4709595675904191 0.5142961408424359 0.649726791562284 0.7760104123617394 0.8121031870446573 0.8602197221597097 0.8860302487639995 0.8787325629218259 0.868239845746764 0.8695766648989545 0.8711879912875633 0.8777265741476974 0.8752237513988104 0.8703297518981863 0.8528676893996897 0.8254587182205042 0.8638417070274405 0.7679468196631517 0.6938998717757512 0.7299132844356386 0.7001040877136983 0.6663630975073841 0.6510216203125199 0.6552971389864406 0.6474916244024475 0.642785325492181 0.6340363863879003 0.6105309059848987 0.6053823896110277 0.592745401840464 0.5756460288516717 0.5597419329541904 -9999 -9999
-9999 -9999 -9999 -9999 -9999 -9999 -9999 -9999 -9999 -9999 -9999 -9999 -9999 0.7000119469824184 0.6331379679572015 0.580930018482542 0.5583888360769862 0.5912210420848806 0.56443495893279 0.6627016380912755 0.7384174762052359 0.7603243209892109 0.8220705536060815 0.8411843845762246 0.8375541843721791 0.8366683773285161 0.8322855200083688 0.8321692082957921 0.8428134260617495 0.8533833499719956 0.8626455391526242 0.8270629045676026 0.8356454484303351 0.7935271054817417 0.7781854413228229 0.7577251956893695 0.7329879401632469 0.7068333530690868 0.7134735774772385 0.7254258198237322 0.7146939024609585 0.7084257181716845 0.7020782416029386 0.6801887110750042 0.6654664984187465 0.6602457604210965 0.6644187919250553 0.6684803551621057 0.6634893128863066 0.6279962561784787 0.5914814838355742 -9999
-9999 -9999 -9999 -9999 -9999 -9999 -9999 -9999 -9999 -9999 -9999 -9999 -9999 0.7017131605214983 0.6992920940690236 0.6607561125130229 0.6650501741801536 0.7110598463953821 0.7016336146529085 0.7411845743837808 0.7747402800724108 0.7709952367301849 0.77255849541422 0.7969599436475295 0.8140166245864857 0.8239179949196193 0.8089501928970249 0.8308991248190344 0.8650087697492324 0.9064724180778984 0.9027174165084074 0.8498192051331774 0.8256691056389664 0.7844628454376729 0.7547924649700302 0.6820520372754539 0.7266035814609867 0.7391894574104715 0.7376720341592331 0.7408085120979112 0.745218963817745 0.7390834965897021 0.7140769765709841 0.7146825358111398 0.6931204228171798 0.6927290900249838 0.6857357941272333 0.6963166215307175 0.695993584566843 0.6983919473555187 0.6719147941447843 0.6656944704773741
-9999 -9999 -9999 -9999 -9999 -9999 -9999 -9999 -9999 -9999 -9999 -9999 -9999 0.6825375862995552 0.6807591420558963 0.7013580473275929 0.7314496443643532 0.7529860247401354 0.7485449701926491 0.7664175100651012 0.7684444731983265 0.7939343085558823 0.8051603440964434 0.7463867277892855 0.7844861007530486 0.7793638130513224 0.8193891963180222 -9999 0.8310237895332075 0.8109783792084889 0.8331094167749069 0.7705141668417861 0.7358294902084241 0.7683540673157352 0.7346883645645506 0.7185805793985339 0.7504332599912708 0.7877189295395217 0.7937700939850914 0.7789956824509311 0.7579390720440826 0.5684466280310241 0.5628257334902594 0.5328463429864891 -9999 -9999 -9999 -9999 -9999 -9999 -9999 -9999
-9999 -9999 -9999 -9999 -9999 -9999 -9999 -9999 -9999 -9999 -9999 -9999 -9999 0.6318399416539027 0.6386569844567387 0.6852645141077809 0.7068857788401195 0.7090201815687449 0.7439706222728488 0.773615101106119 0.8025145898740724 0.765477111517583 0.8398149394862466 0.8682786981099809 0.8671674153904212 0.7593657600631395 0.789953098247183 0.7778108079065809 0.8016904486559252 0.8042333228915035 0.7862421608432988 0.7469153106875892 0.7218003416468641 0.6271591919372039 0.6070525333951339 0.66899691678916 0.6971644294788277 0.7391376565628194 0.7312413349744347 0.7471455597767033 0.7398465889512496 -9999 -9999 -9999 -9999 -9999 -9999 -9999 -9999 -9999 -9999 -9999
-9999 -9999 -9999 -9999 -9999 -9999 -9999 -9999 -9999 -9999 -9999 -9999 0.6345886482181421 0.6865501712279006 0.6471126984309785 0.6653295547604079 0.6686490265690377 0.7366857214566881 0.7485074472546404 0.7573589210573983 0.7756723274001818 0.7413087956420457 0.8212387698643633 0.8284089081298045 0.7411640740663478 0.7867076318014392 0.7252372664120355 0.7124168128323182 0.7255145920880288 0.6434791926442505 0.7410860772084945 0.6455978397629936 0.5964023973864128 0.5627516482598005 0.6147463112694709 0.6473143348842945 0.6855634467460721 0.6958611549029743 0.7026252858291636 0.7032117088416334 0.7045130666965085 -9999 -9999 -9999 -9999 -9999 -9999 -9999 -9999 -9999 -9999 -9999
-9999 -9999 -9999 -9999 -9999 -9999 -9999 -9999 -9999 -9999 -9999 0.7508213812182234 0.7416925725333758 0.7120699326099147 0.7095574037726176 0.7228857062541829 0.7238568386586623 0.7594585416795594 0.7711538943813685 0.7644091824996216 0.7572448408267334 0.76275164147577 0.7202300086996434 0.7658518929548815 0.7620772987772103 0.7619891430650184 0.7635044172988579 0.7484039265255285 0.7286687085589723 0.7018179386628967 0.6734368220464004 0.6088542482592879 0.6220059772253173 0.5801089631230261 0.6351781078587986 0.5716730480420265 0.6367471420711677 0.6864609262606375 0.6929669147372376 0.7014399162094211 -9999 -9999 -9999 -9999 -9999 -9999 -9999 -9999 -9999 -9999 -9999 -9999
-9999 -9999 -9999 -9999 -9999 -9999 -9999 -9999 -9999 -9999 0.7510528070857938 0.7427450070405028 0.7073253720697286 0.7866196212818612 0.7689954843867557 0.7120388715315593 0.7062603541603777 0.7463468341611476 0.7586825920980094 0.7587218638315765 0.7654570666696232 0.7370804626658012 0.7207279891074367 0.7659233465777395 0.7501902502699251 0.7609982308747065 0.7622236181036844 0.7645575079898044 0.7628970992406241 0.7358754082298925 0.6665421825171345 0.6030759042619609 0.5961958259560889 0.5950009678016475 0.5841317615026231 0.6157895064114312 0.6194103342557464 0.6377446899528871 0.6713122864341226 -9999 -9999 -9999 -9999 -9999 -9999 -9999 -9999 -9999 -9999 -9999 -9999 -9999
-9999 -9999 -9999 -9999 -9999 -9999 -9999 -9999 -9999 -9999 -9999 -9999 0.7433003879967297 0.7732204729359211 0.7378345873332424 0.7546932723536428 0.7298828406144879 0.7267809569308887 0.7464174777830144 0.7615904157422653 0.7561868681202242 0.7555509647002561 0.7475748040468343 0.715003254240264 0.7148471909712191 0.7111379264238988 0.7279070177311557 0.7381234335403601 0.7024316096902403 0.7125967686879267 0.6653551903930561 0.6374429617209652 0.5738158858990453 0.6307381511852139 0.654963754941756 0.6878000085262567 0.6685774020798471 0.6865701688880292 0.6815425641504266 0.7000129007427481 -9999 -9999 -9999 -9999 -9999 -9999 -9999 -9999 -9999 -9999 -9999 -9999
-9999 -9999 -9999 -9999 -9999 -9999 -9999 -9999 -9999 -9999 -9999 0.7344332110451313 0.7066042372334739 0.7153663296723284 0.6970588313041486 0.7526126174504086 0.7361402306952644 0.6864620565132629 0.6625803527508218 0.6542460762868838 0.7179287760890511 0.6838254281976719 0.666473022384136 0.6504925661588292 0.5972204608535757 0.6123194810179826 0.5969820486313413 0.6637526714845359 0.6942720441110843 0.6372625009508248 0.6234224526935233 0.6549721921078537 0.6585363591536815 0.6994100506406915 0.7336834630774005 0.7253449426994337 0.7222677108339057 0.7101998443036164 0.7143370672294159 -9999 -9999 -9999 -9999 -9999 -9999 -9999 -9999 -9999 -9999 -9999 -9999 -9999
-9999 -9999 -9999 -9999 -9999 0.7361527234096679 0.7555033098922999 0.704197477175394 0.6875009730673951 0.7283272318268379 0.7178169360381972 0.7043497017768551 0.6882740360809347 0.6411247016515355 0.7110525028400618 0.7044126329241149 0.6963016841467429 0.68281335727661 0.6759230399497487 0.6502962854303636 0.6956945964474479 0.6809306159373516 0.6799115563918354 0.6789966727699257 0.6385089493662159 0.6512100670541543 0.6761506466583088 0.6909320668921158 0.700228146448732 0.7268436639967489 0.7471479456072267 0.7721120072997215 0.7403741721413994 0.7395062528672949 0.7543802515093587 0.7765032088990693 0.7951059757464015 0.7849437321522275 -9999 -9999 -9999 -9999 -9999 -9999 -9999 -9999 -9999 -9999 -9999 -9999 -9999 -9999
-9999 -9999 -9999 -9999 0.7373157057465061 0.7044941199280363 0.6735398473570005 0.6622770954144717 0.6482574700787431 0.6737416974858379 0.6767651146636129 0.6756637428566459 0.6578743989915162 0.6471886523382089 0.6828120373028106 0.6494994002241677 0.6666408247539328 0.6658291964244027 0.6868008532070746 0.6940055364688044 0.7100668458897159 0.6844675865760486 0.6948837077343106 0.6939066833856906 0.6620242976838948 0.6813757744774953 0.6959943670621203 0.7332576972465974 0.7342334907477639 0.7627745055942847 0.7691576125773165 0.7351073739875165 0.7472031653736291 0.7533518335426403 0.7688147242258591 -9999 -9999 -9999 -9999 -9999 -9999 -9999 -9999 -9999 -9999 -9999 -9999 -9999 -9999 -9999 -9999 -9999
-9999 -9999 -9999 0.6943080351925259 0.6518412781963221 0.6496910244663743 0.6098156736172368 0.5837370295767537 0.5969267693431832 0.6593163614259069 0.6472325356730042 0.6851420598506694 0.6930449433154601 0.6812379502366817 0.6367719006795383 0.6437929631790172 0.6299159467141796 0.6470092391504115 0.6591621224170265 0.6812967137223551 0.6744761862538489 0.6973861927580496 0.704821329854149 0.6869710463872901 0.6741933935845845 0.7150358712810271 0.7207486853445704 0.7627683974307657 0.7667951401943245 0.7685039536522975 0.7693513414926912 -9999 -9999 -9999 -9999 -9999 -9999 -9999 -9999 -9999 -9999 -9999 -9999 -9999 -9999 -9999 -9999 -9999 -9999 -9999 -9999 -9999
-9999 -9999 -9999 0.7059560200157808 0.6704692159725519 0.7103118339135075 0.6890663362570202 0.6946474157648099 0.7001076170252153 0.7054040471969175 0.6671114620991238 0.68522258493442 0.7092707271561609 0.6284426076214576 0.6862040032272032 0.7428208926127625 0.7359975707721589 0.7062296289518041 0.6625620294973287 0.6877709852763423 0.664260207999038 0.684849735278801 0.6703212565965195 0.6301686194520006 0.6338673589274781 0.6956999709847161 0.7646044288016001 0.7811891014897412 0.4645146296580214 -9999 -9999 -9999 -9999 -9999 -9999 -9999 -9999 -9999 -9999 -9999 -9999 -9999 -9999 -9999 -9999 -9999 -9999 -9999 -9999 -9999 -9999 -9999
-9999 -9999 -9999 0.7590393365074344 0.7607226866659816 0.7321393561036176 0.7421909325753779 0.7502171641424769 0.7470393849075748 0.7507022505260327 0.7330063893658516 0.7494623233435092 0.7450234077705159 0.7366879057726363 0.7344104081673162 0.7420049024320314 0.7206281099745897 0.7210668343266337 0.69934120633472 0.6724068064309487 0.6399645303215701 0.6399340016393922 0.6448607207810303 0.690636378543797 0.6914375533135317 0.7295014838258234 -9999 0.7694752777276386 -9999 -9999 -9999 -9999 -9999 -9999 -9999 -9999 -9999 -9999 -9999 -9999 -9999 -9999 -9999 -9999 -9999 -9999 -9999 -9999 -9999 -9999 -9999 -9999
-9999 -9999 -9999 0.6763671488053918 0.6607945653738709 0.6623212439189752 0.6814870440972445 0.7551046056099143 0.7481664166587486 0.7539971331756808 0.7393833914513986 0.7480730354659342 0.7891063317272129 0.7673474404272829 0.7313885828114973 0.7321178768196082 0.7344040823180873 0.6852553056270232 0.6922493985803096 0.6444069313411901 0.6401122713459184 0.6323175050148572 0.6358427796707319 0.4284090161315365 0.4247303822998909 0.4322548886682655 0.4530910058565623 -9999 -9999 -9999 -9999 -9999 -9999 -9999 -9999 -9999 -9999 -9999 -9999 -9999 -9999 -9999 -9999 -9999 -9999 -9999 -9999 -9999 -9999 -9999 -9999 -9999
-9999 -9999 -9999 -9999 0.6978137008098408 0.7316208162463629 0.7599332578339977 0.7498355243199519 0.7562062940112291 0.7304313918941369 0.7438534025870003 0.7511086155262401 0.7193649610323445 0.7482076643104879 0.7715917940676104 0.7561759386632021 0.7775855216897838 0.7185609734957654 0.7267433375479939 0.7199293047011253 0.7496278220845345 0.7136713694300608 0.7004993768306444 0.4131035991763525 -9999 -9999 -9999 -9999 -9999 -9999 -9999 -9999 -9999 -9999 -9999 -9999 -9999 -9999 -9999 -9999 -9999 -9999 -9999 -9999 -9999 -9999 -9999 -9999 -9999 -9999 -9999 -9999
-9999 -9999 -9999 -9999 0.7131752879630715 0.7044417591337555 0.7251586550847237 0.7481483111638474 0.7665025583595815 0.7473538259502428 0.729968212888896 0.6826068661612652 0.7164076541278022 0.71758519517846 0.7285737727590207 0.7769437550351764 0.768605448393638 0.7652534373323068 0.7428041559524546 0.7335266012755618 0.7517678381031192 0.7886670659574084 0.7717702757047088 0.7300232761563126 0.4356580234781423 -9999 -9999 -9999 -9999 -9999 -9999 -9999 -9999 -9999 -9999 -9999 -9999 -9999 -9999 -9999 -9999 -9999 -9999 -9999 -9999 -9999 -9999 -9999 -9999 -9999 -9999 -9999
-9999 -9999 -9999 -9999 0.7193858130847632 0.7020554642650694 0.7013490503631691 0.7259251928286571 0.7811513530455743 0.7894591170905431 0.8124559288434309 0.8338816709687702 0.7938949438886688 0.7710859955297789 0.8276554829468137 0.8050715044271289 0.7795723044654702 0.7316295182780392 0.7687549616218583 0.7359585135278692 0.7504093418078501 0.7603000407956405 0.8002212002376342 0.7201157334101913 -9999 -9999 -9999 -9999 -9999 -9999 -9999 -9999 -9999 -9999 -9999 -9999 -9999 -9999 -9999 -9999 -9999 -9999 -9999 -9999 -9999 -9999 -9999 -9999 -9999 -9999 -9999 -9999
-9999 -9999 -9999 -9999 0.6993427451333538 0.6791544538312118 0.7316870985224468 0.7348415971855735 0.8024012640830209 0.7761529524123323 0.7467577006720795 0.8110178113543123 0.8141626145307768 0.7707533892445586 0.7743394926050262 0.7970888641148371 0.7905443747550662 0.7551796017024898 0.8004043062130209 0.8015092140727759 0.8090684743772278 0.7334398644208895 0.7219067852915731 -9999 -9999 -9999 -9999 -9999 -9999 -9999 -9999 -9999 -9999 -9999 -9999 -9999 -9999 -9999 -9999 -9999 -9999 -9999 -9999 -9999 -9999 -9999 -9999 -9999 -9999 -9999 -9999 -9999
