metrics/grid_rasters/CCI Active/grideval_CCI Active_S_summer_absolute_bias.asc
ncols 52
nrows 55
xllcorner     11.25
yllcorner     55.25
cellsize      0.25
NODATA_value  -9999
[rows 0 to 29 of 55, columns 0 to 51 of 52]
-9999 -9999 -9999 -9999 -9999 -9999 -9999 -9999 -9999 -9999 -9999 -9999 -9999 -9999 -9999 -9999 -9999 -9999 -9999 -9999 -9999 -9999 -9999 -9999 -9999 -9999 -9999 -9999 -9999 -9999 -9999 -9999 -9999 -9999 -9999 -9999 -81.21319796578685 -82.01023939037803 -82.91744591142887 -9999 -9999 -9999 -9999 -9999 -9999 -9999 -9999 -9999 -9999 -9999 -9999 -9999
-9999 -9999 -9999 -9999 -9999 -9999 -9999 -9999 -9999 -9999 -9999 -9999 -9999 -9999 -9999 -9999 -9999 -9999 -9999 -9999 -9999 -9999 -9999 -9999 -9999 -9999 -9999 -9999 -9999 -9999 -9999 -9999 -9999 -9999 -9999 -9999 -81.94862323683564 -83.75768138788155 -84.18138077927996 -83.91476256060211 -83.65487987629099 -83.82574368511204 -9999 -9999 -9999 -9999 -9999 -9999 -9999 -9999 -9999 -9999
-9999 -9999 -9999 -9999 -9999 -9999 -9999 -9999 -9999 -9999 -9999 -9999 -9999 -9999 -9999 -9999 -9999 -9999 -9999 -9999 -9999 -9999 -9999 -9999 -9999 -9999 -9999 -68.93186650909932 -73.37672481423726 -75.87254076875173 -75.8476769575432 -73.93809742965671 -71.90780743608448 -71.27552904736962 -9999 -77.35087295151924 -81.31205795737714 -83.94031713040465 -85.67776604685123 -85.78201355898508 -85.34099657910511 -84.95856009937984 -84.89205651669559 -85.135115915464 -85.52961201402968 -85.93923443373615 -9999 -9999 -9999 -9999 -9999 -9999
-9999 -9999 -9999 -9999 -9999 -9999 -9999 -9999 -9999 -9999 -9999 -9999 -9999 -9999 -9999 -9999 -9999 -9999 -9999 -9999 -9999 -9999 -9999 -9999 -9999 -9999 -9999 -71.50193569791026 -76.9076076430934 -77.8636161565407 -76.26473614124649 -72.9273810799239 -70.92379312678361 -70.43820359599259 -72.04980130659659 -75.08111959432617 -77.50380139797927 -79.71913638702875 -81.42249069123974 -82.43661172262837 -83.08638872720464 -83.44911539311643 -83.69524484378813 -83.61957485824014 -83.48565165018258 -83.60969854725282 -84.00569012263061 -84.11307388949005 -9999 -9999 -9999 -9999
-9999 -9999 -9999 -9999 -9999 -9999 -9999 -9999 -9999 -9999 -9999 -9999 -9999 -9999 -9999 -9999 -9999 -9999 -9999 -9999 -9999 -9999 -70.7737798935663 -74.62550939464779 -76.29796757179834 -77.24848269326809 -78.77196204513777 -79.94905087801645 -81.03018570930415 -80.95071565108486 -79.73522320939416 -78.89858225386205 -77.94204162789623 -76.99820520036407 -77.21190634807166 -77.5441600098072 -77.73019041448994 -78.1444410229021 -78.9202995957078 -80.05793206126471 -81.3705842518855 -82.93682721787658 -83.62899977762414 -83.51489427880101 -82.99210645497331 -82.38994566517194 -82.16495133171101 -82.29290419744085 -82.2513739897505 -9999 -9999 -9999
-9999 -9999 -9999 -9999 -9999 -9999 -9999 -9999 -9999 -9999 -9999 -9999 -9999 -9999 -9999 -9999 -9999 -9999 -9999 -9999 -9999 -75.14184885907598 -77.42758708251613 -78.89606656272021 -78.73629693968877 -80.18248087063003 -77.62711865224956 -76.19955518957741 -75.9694697698306 -76.7814937456802 -78.95639294640631 -80.94141851094636 -81.88119598825232 -82.25132075672889 -82.17075123172252 -81.5314613857671 -80.23192881566027 -79.39797433498113 -79.4758897303077 -80.22171220754312 -81.1200273230105 -82.21690297847533 -83.34363758316992 -83.97239719140951 -84.01461726192224 -83.64459208556977 -83.17321689916855 -82.48595561556841 -81.38396472091098 -9999 -9999 -9999
-9999 -9999 -9999 -9999 -9999 -9999 -9999 -9999 -9999 -9999 -9999 -9999 -9999 -9999 -9999 -9999 -9999 -9999 -9999 -9999 -73.9886197805943 -78.64267392433747 -80.55022233926954 -80.26805746204712 -78.82348383414119 -76.35782778221954 -74.00099404652912 -71.49235485507171 -70.8796585400043 -71.79196132054437 -74.33447965257605 -77.59439283621538 -80.86606880342183 -82.72153565967861 -82.95261095581657 -81.48895655633153 -79.59993977350709 -78.02871578008585 -77.59768998047903 -78.16962442672609 -78.95683038809702 -79.82382130302975 -80.96330917132612 -82.04846157789555 -82.86956648119603 -83.30114872522816 -83.39060733742689 -82.76502296769911 -81.69142055005321 -80.75734256993493 -9999 -9999
-9999 -9999 -9999 -9999 -9999 -9999 -9999 -9999 -9999 -9999 -9999 -9999 -9999 -9999 -9999 -9999 -9999 -9999 -9999 -9999 -9999 -76.44414595231142 -79.1714541735157 -78.8303862508363 -77.83871775120497 -75.16293743239683 -73.16097240892924 -72.60582286943604 -73.11046435562197 -74.0477573982037 -74.65725955116038 -76.08880441320007 -78.64897522301939 -80.96764904953055 -82.58358263831748 -82.38672217342031 -81.03297965718514 -79.24922887405947 -77.90146759917717 -77.64965114981422 -77.72683837961243 -78.03528257180005 -78.77678547090974 -79.21741003692959 -79.28415489650291 -79.24099057066537 -79.07987068642093 -78.4796846281818 -77.76556095132685 -9999 -9999 -9999
-9999 -9999 -9999 -9999 -9999 -9999 -9999 -9999 -9999 -9999 -9999 -9999 -9999 -9999 -9999 -9999 -9999 -9999 -9999 -78.4906990426797 -80.1293254563267 -80.63287716318506 -80.96446110505656 -80.50395005267715 -78.38108788261755 -76.41606106300806 -74.197540412839 -72.33133274181323 -71.9919023050562 -72.47078939085905 -73.07251628986356 -73.66074170658122 -74.65788036102995 -75.90922483882827 -77.47632578719893 -79.1639540096259 -80.247566643252 -80.42785578962092 -79.89358064840022 -78.66802293811317 -77.15030844505553 -75.78629861112036 -75.07077687002881 -74.58024657813266 -74.07167930957739 -73.9833548847262 -74.24860687638916 -74.35976600015294 -74.29482077612825 -74.25960827740316 -74.17136059077863 -9999
-9999 -9999 -9999 -9999 -9999 -9999 -9999 -9999 -9999 -9999 -9999 -9999 -9999 -9999 -9999 -9999 -9999 -9999 -81.40307130213037 -81.12839918676765 -80.74973554874373 -80.36601090788669 -80.08011758464902 -79.09759640991687 -77.85969830591586 -77.20040121860802 -76.45099248048727 -76.04821551583059 -76.08057712508446 -76.05468735224365 -75.83426099760537 -75.59461373175779 -75.48999579671933 -75.32485172431915 -75.11135854636845 -75.37413063503641 -76.32943892551829 -77.42021032965377 -78.12415730819592 -77.87885847890182 -76.32539777089234 -74.41833205743815 -73.06676219938242 -72.04041954409331 -71.35302316016802 -71.11447588326006 -71.34713335359551 -71.76028124162036 -72.06296084756437 -72.06255597657645 -71.88319020989634 -9999
-9999 -9999 -9999 -9999 -9999 -9999 -9999 -9999 -9999 -9999 -9999 -9999 -9999 -9999 -9999 -9999 -9999 -83.22623412504075 -82.89557955427361 -81.2994224024609 -79.91939830683214 -78.07930982799068 -76.97075676909931 -75.28501557186244 -73.62892535170946 -72.59572781695296 -72.19317434319174 -72.41719215585972 -73.34180205720273 -74.3308076167722 -74.68401427048705 -74.10073015122148 -73.20484109388906 -72.48439249246503 -72.18183500906858 -72.33211939470114 -72.56270078257859 -72.68290887724446 -72.86976468449701 -73.04026636865962 -72.88459506282662 -72.70030057086082 -72.51758242463288 -71.8963499163561 -70.78073467666526 -69.58352977029331 -68.97962939152089 -69.14672215019718 -69.54979271603668 -69.79229185499413 -9999 -9999
-9999 -9999 -9999 -9999 -9999 -9999 -9999 -9999 -9999 -9999 -9999 -9999 -9999 -73.47454089435756 -76.19439100641377 -79.47102688606883 -82.74854577398476 -84.01048014278126 -83.34418798431841 -81.70679969459094 -79.65589793038866 -77.66001895142962 -75.28673204516426 -72.87720061490394 -71.35275099195701 -70.83224502489294 -70.55777214265062 -70.35693207634208 -70.52572011194475 -71.3993650045165 -72.21590080913965 -72.20562004962045 -71.55273075531359 -70.97935108933599 -71.36706191106983 -72.31977821433026 -73.03034125373739 -72.83389846247661 -71.82458643404686 -70.47875761698283 -69.59679058400671 -69.38265987651666 -69.42864910464571 -69.06612307274635 -68.76451405660127 -68.85936698244642 -69.30882674305822 -69.77884524748863 -70.25971698910807 -70.50305226396607 -71.06693019689588 -9999
-9999 -9999 -9999 -9999 -9999 -9999 -9999 -9999 -9999 -9999 -9999 -9999 -9999 -73.13680030078629 -74.54652367646878 -76.51213187827193 -78.8431500838676 -79.51922382130896 -79.60930805471119 -77.89613280927196 -75.69730115152021 -73.687678555796 -72.33567705398183 -71.56378826312721 -71.92072269531047 -72.84620389751281 -73.61149830496667 -73.68682023963852 -73.40928518480581 -73.48994135658215 -73.59128522439656 -73.75163837360299 -74.067122788128 -74.7175936518318 -75.22807262453209 -75.24708228153379 -74.75651103335069 -73.78922833583277 -72.62847627610293 -71.2799812918124 -70.15279538646017 -69.7550855504106 -69.47999478240862 -68.95078299579251 -68.90956048995419 -68.80423230985585 -67.77076419025822 -67.8422914299628 -69.03988015696244 -70.57378263058871 -71.67389961955664 -72.1577488463372
-9999 -9999 -9999 -9999 -9999 -9999 -9999 -9999 -9999 -9999 -9999 -9999 -9999 -75.63519483930571 -75.76141012597667 -74.86078120221423 -74.17289225315756 -74.06783129533996 -73.80610880660622 -73.1578616279218 -71.98339770268647 -71.22140276796469 -71.14482344395441 -71.57374549227889 -72.82812740131403 -74.80880225830428 -77.01745199885869 -9999 -77.51871334210686 -76.60360517000538 -76.10844462190795 -76.08707552447753 -76.0739712420365 -76.1468676585785 -76.04874778664468 -75.65487229585162 -74.88444123992129 -73.7999620916241 -73.12856450903675 -73.16594890245925 -73.08712506844945 -72.26326109942697 -70.37541222774789 -67.96985820911662 -9999 -9999 -9999 -9999 -9999 -9999 -9999 -9999
-9999 -9999 -9999 -9999 -9999 -9999 -9999 -9999 -9999 -9999 -9999 -9999 -9999 -81.00488460996804 -80.08847634542896 -77.88637363210158 -74.99331408261281 -72.64941317826995 -71.70767615448034 -71.90746837502103 -72.4370306054859 -73.03805139316651 -73.25248068615632 -73.26344140432775 -73.74803892932023 -75.22558513445699 -76.9137324081005 -77.48178241442403 -77.25836937882656 -76.78537651361978 -76.50094839189525 -76.5306658912855 -76.55744935365638 -76.30659829873754 -75.70678687403384 -74.92821357083385 -73.9301484680694 -73.37741807479735 -73.58543587949775 -74.0834856501821 -74.0344858499163 -9999 -9999 -9999 -9999 -9999 -9999 -9999 -9999 -9999 -9999 -9999
-9999 -9999 -9999 -9999 -9999 -9999 -9999 -9999 -9999 -9999 -9999 -9999 -79.43997736791657 -80.45056525162408 -79.35276909588089 -76.23659566429484 -73.45232493576148 -71.62347909463975 -71.05160899670875 -71.79156781805922 -72.86559985205531 -74.00857969527334 -74.6479915153721 -74.84147264083605 -75.55885567090921 -76.63299059268574 -77.52223795243417 -77.33466569322121 -76.35039917610423 -75.60935522494431 -75.3726873240717 -75.56810646828102 -75.96276598460162 -76.37487597893114 -76.22206021302745 -75.13741613304971 -74.20179397151199 -74.14672297575389 -74.24138936400415 -73.48693020192341 -72.65558094948369 -9999 -9999 -9999 -9999 -9999 -9999 -9999 -9999 -9999 -9999 -9999
-9999 -9999 -9999 -9999 -9999 -9999 -9999 -9999 -9999 -9999 -9999 -73.94599223987804 -74.28356599180978 -75.00515178393853 -73.77443877658617 -71.40641062953712 -70.08657973077472 -70.4798536281223 -71.64396289306816 -73.18635379535186 -74.548827132939 -75.70591451592095 -76.47267404328223 -76.75632508568789 -76.73984364776507 -77.00962034025756 -77.50449276237708 -77.28788599019627 -76.5649242674446 -75.89471371200584 -75.4988377485829 -75.44751220735033 -75.63433558469558 -76.1883649940238 -76.3280692047075 -75.7365366494607 -74.94229905813447 -73.96382199215662 -71.81287030831142 -69.37666801298442 -9999 -9999 -9999 -9999 -9999 -9999 -9999 -9999 -9999 -9999 -9999 -9999
-9999 -9999 -9999 -9999 -9999 -9999 -9999 -9999 -9999 -9999 -73.94277145859341 -72.58019695491733 -71.46849959793136 -70.13130028189525 -68.83580730697545 -68.48583412992403 -69.75491193025981 -71.65769338470116 -73.48366443703517 -75.1218560035138 -76.53661106935823 -77.90851649342348 -78.54736594483256 -78.75243250284667 -78.43207611973679 -78.08463028571366 -77.79057645287526 -77.43260676020998 -77.25291509687416 -77.07130731403342 -76.6565067819927 -76.1142078658323 -75.69139715300307 -75.68854517963432 -75.50508731089371 -74.86498313911422 -73.9550562662113 -72.52016773358311 -68.9516699337198 -9999 -9999 -9999 -9999 -9999 -9999 -9999 -9999 -9999 -9999 -9999 -9999 -9999
-9999 -9999 -9999 -9999 -9999 -9999 -9999 -9999 -9999 -9999 -9999 -9999 -72.17667061734295 -71.3800137106977 -70.74875119182727 -71.04564370518631 -71.92175822243419 -73.10365010437596 -74.12192966201869 -75.48162792546108 -76.92049444223876 -78.28889806196094 -79.25456599623935 -79.34046507975006 -78.78380950949277 -78.13058631656611 -77.56972223609363 -76.81531104117471 -76.38633572528867 -76.10139276832342 -75.81420936775595 -75.1688567933262 -73.96006911365396 -72.69039183972484 -71.9984852757062 -72.13488687319762 -72.40343321588539 -71.67977149120492 -68.03296426950915 -62.41184583342756 -9999 -9999 -9999 -9999 -9999 -9999 -9999 -9999 -9999 -9999 -9999 -9999
-9999 -9999 -9999 -9999 -9999 -9999 -9999 -9999 -9999 -9999 -9999 -72.70121879001026 -72.25611385298164 -71.49381196640593 -70.70094516897655 -71.01483890317057 -72.41315004978652 -73.91070896561217 -74.43096257288656 -74.75977356217639 -75.91870441259411 -77.34812133411027 -78.38345931446098 -78.5166726288912 -78.25289495965545 -78.08509255192527 -77.79253159358127 -77.31312901866825 -76.56881359162863 -75.69512488198994 -74.75900852246939 -73.52846662501764 -72.11756430133043 -70.82679617801763 -70.71465975220275 -71.95184856438604 -72.61428058803405 -70.5285350818025 -65.62789051307608 -9999 -9999 -9999 -9999 -9999 -9999 -9999 -9999 -9999 -9999 -9999 -9999 -9999
-9999 -9999 -9999 -9999 -9999 -80.80407428636175 -79.56005921692628 -77.53764021295406 -75.55412118655185 -73.48449630905752 -71.30327409356023 -70.3138410160318 -70.59917120752937 -71.42300167947036 -71.78157797261423 -72.32092671497198 -73.45990238111952 -74.86974871948199 -75.12748183472002 -75.02203580364584 -75.44565161997858 -76.0922884321569 -76.85487422808681 -77.50175281071468 -77.53927541872406 -76.80338598856622 -76.08626982768106 -75.76366333347625 -75.3216272642755 -74.64341240226413 -73.94249154214302 -72.97552389100842 -71.87206355381109 -70.63046163612086 -69.4776015251713 -68.39709033638887 -66.51065022510517 -64.31591090596403 -9999 -9999 -9999 -9999 -9999 -9999 -9999 -9999 -9999 -9999 -9999 -9999 -9999 -9999
-9999 -9999 -9999 -9999 -80.3102075178986 -78.46684337905405 -75.88973769059649 -73.42365775808044 -72.01532867538702 -71.72935823934233 -71.42226882878204 -71.04422262270491 -71.49054233701494 -72.81543175953075 -74.19233494361296 -75.11075694575581 -75.84437600417955 -76.18864833531174 -75.89955340524243 -75.82042505102152 -75.89554221264046 -75.52616704202704 -75.48637111537643 -75.94913000159937 -76.10734707141377 -75.3244667649674 -74.85603752574356 -74.57555129808252 -73.77486188511322 -72.83521756679629 -72.11628610090071 -71.13497751971464 -69.09991590743479 -66.53680679424788 -64.62898602907586 -9999 -9999 -9999 -9999 -9999 -9999 -9999 -9999 -9999 -9999 -9999 -9999 -9999 -9999 -9999 -9999 -9999
-9999 -9999 -9999 -80.35851236408494 -78.80092698084596 -76.68994503188878 -74.88820087403545 -73.56403530672516 -72.79170779126656 -72.36475980123909 -72.51912429596743 -73.0458474698598 -73.9608218289669 -74.7928521907281 -75.81858241509484 -76.40416007440375 -76.28854708082002 -76.23929075135484 -76.09797585302073 -76.02580015004978 -76.03118435155763 -75.49972532960871 -74.87276664850019 -74.67241595952731 -74.46108937866823 -73.29069692730579 -71.70752570964396 -70.19032260735074 -68.57333947544025 -66.66781496167506 -64.71657781472996 -9999 -9999 -9999 -9999 -9999 -9999 -9999 -9999 -9999 -9999 -9999 -9999 -9999 -9999 -9999 -9999 -9999 -9999 -9999 -9999 -9999
-9999 -9999 -9999 -78.79575248378451 -75.94065580298395 -72.71911704507859 -71.10408726528935 -71.08497170974378 -71.65837286258427 -72.15569818576122 -72.45753313008218 -72.4898929900467 -73.04680953558523 -73.77780202307235 -75.12500923169569 -76.26530288273534 -76.28199796902386 -76.22804058476797 -76.03613578669889 -75.72169078545447 -75.40175229237904 -74.7907919306308 -74.15870208742662 -73.78244148040919 -73.07130085235542 -71.47658059345153 -68.87034186595322 -65.98191177804509 -63.418391119283825 -9999 -9999 -9999 -9999 -9999 -9999 -9999 -9999 -9999 -9999 -9999 -9999 -9999 -9999 -9999 -9999 -9999 -9999 -9999 -9999 -9999 -9999 -9999
-9999 -9999 -9999 -78.86437816351004 -77.96587791358647 -75.43596090554543 -73.11751700836241 -73.19178548686673 -74.943796360647 -76.43186536277021 -76.98291755695651 -76.14425910634749 -74.91514865903417 -74.29491702837697 -74.4154556061808 -74.65382786266139 -75.02455862530104 -75.44067987872927 -75.44763992038745 -75.4110418435166 -75.3441122332207 -74.85510130267215 -74.03871317029163 -72.94777775515357 -71.07108441335352 -68.56199288708359 -9999 -61.04215858054712 -9999 -9999 -9999 -9999 -9999 -9999 -9999 -9999 -9999 -9999 -9999 -9999 -9999 -9999 -9999 -9999 -9999 -9999 -9999 -9999 -9999 -9999 -9999 -9999
-9999 -9999 -9999 -77.3598908153477 -77.61278319306042 -76.68753908114519 -76.30776623245634 -77.20412591038836 -78.10131091319147 -78.60221581840939 -78.3787836543605 -76.95395053478138 -75.57657802158023 -75.12836169314711 -75.50122474154324 -75.67599511207783 -75.17927006895411 -74.79554480367328 -74.37263961738901 -73.5524963892467 -72.77182736060496 -72.36008293187749 -71.66376645615381 -69.9545854454713 -66.93422435349925 -62.243933447474696 -58.52922393410017 -9999 -9999 -9999 -9999 -9999 -9999 -9999 -9999 -9999 -9999 -9999 -9999 -9999 -9999 -9999 -9999 -9999 -9999 -9999 -9999 -9999 -9999 -9999 -9999 -9999
-9999 -9999 -9999 -9999 -75.85927528289899 -76.40096170134741 -76.97683681653497 -77.41346976897918 -77.24580388117195 -77.273594223085 -77.22880793426134 -77.26244260713662 -76.84120278305387 -76.18468527565264 -76.24267794621679 -76.34535206359003 -75.89520399852158 -74.90891340783196 -73.6672285610274 -72.34784606062388 -70.90510257638869 -69.87971871297378 -68.28282922555191 -64.37230583186684 -9999 -9999 -9999 -9999 -9999 -9999 -9999 -9999 -9999 -9999 -9999 -9999 -9999 -9999 -9999 -9999 -9999 -9999 -9999 -9999 -9999 -9999 -9999 -9999 -9999 -9999 -9999 -9999
-9999 -9999 -9999 -9999 -76.13889677044959 -78.20142711903134 -79.12248752247797 -78.74386348872562 -78.00913625710629 -77.48084523543103 -78.00863020860986 -78.87144910068545 -78.84480321759378 -77.8715701300528 -77.229368323931 -76.84051042856588 -76.1090136818424 -75.44981858440457 -74.94068838206874 -74.22449420788517 -73.05445298895444 -71.0610630574122 -67.99084711217715 -62.61468315683816 -54.838898380570214 -9999 -9999 -9999 -9999 -9999 -9999 -9999 -9999 -9999 -9999 -9999 -9999 -9999 -9999 -9999 -9999 -9999 -9999 -9999 -9999 -9999 -9999 -9999 -9999 -9999 -9999 -9999
-9999 -9999 -9999 -9999 -80.32349398552061 -80.1723937493759 -80.49411778233863 -80.76719752396201 -80.66526687837073 -79.78078413797569 -79.23139522720005 -79.27684895026978 -78.76404676238424 -78.22238220041106 -77.7085663295136 -77.66290960071997 -77.36485190722314 -76.97596194189818 -76.14684553112794 -75.0035474824987 -73.27256358627763 -71.30795041827874 -67.97133712327249 -60.48676279694824 -9999 -9999 -9999 -9999 -9999 -9999 -9999 -9999 -9999 -9999 -9999 -9999 -9999 -9999 -9999 -9999 -9999 -9999 -9999 -9999 -9999 -9999 -9999 -9999 -9999 -9999 -9999 -9999
-9999 -9999 -9999 -9999 -78.83112893143034 -79.1771938891943 -79.70360948715984 -80.74896521759885 -81.25634066211981 -80.47161044143449 -79.39978204166758 -79.07682001635759 -78.98075152458725 -79.09982404337971 -79.06790366424964 -78.55347403793874 -77.95561816436904 -77.22065536456776 -75.98844329947298 -74.51335008438295 -73.15658317703355 -70.91613472052492 -66.44890541169833 -9999 -9999 -9999 -9999 -9999 -9999 -9999 -9999 -9999 -9999 -9999 -9999 -9999 -9999 -9999 -9999 -9999 -9999 -9999 -9999 -9999 -9999 -9999 -9999 -9999 -9999 -9999 -9999 -9999
