metrics/grid_rasters/CCI Active/grideval_CCI Active_all_absolute_bias.asc
ncols 52
nrows 55
xllcorner     11.25
yllcorner     55.25
cellsize      0.25
NODATA_value  -9999
[rows 0 to 29 of 55, columns 0 to 51 of 52]
-9999 -9999 -9999 -9999 -9999 -9999 -9999 -9999 -9999 -9999 -9999 -9999 -9999 -9999 -9999 -9999 -9999 -9999 -9999 -9999 -9999 -9999 -9999 -9999 -9999 -9999 -9999 -9999 -9999 -9999 -9999 -9999 -9999 -9999 -9999 -9999 -80.33537865379432 -80.40516429940519 -80.74085952441581 -9999 -9999 -9999 -9999 -9999 -9999 -9999 -9999 -9999 -9999 -9999 -9999 -9999
-9999 -9999 -9999 -9999 -9999 -9999 -9999 -9999 -9999 -9999 -9999 -9999 -9999 -9999 -9999 -9999 -9999 -9999 -9999 -9999 -9999 -9999 -9999 -9999 -9999 -9999 -9999 -9999 -9999 -9999 -9999 -9999 -9999 -9999 -9999 -9999 -80.16035569347197 -81.81328368725929 -81.51342997807781 -80.89695847505769 -80.36389573795928 -80.30808682200008 -9999 -9999 -9999 -9999 -9999 -9999 -9999 -9999 -9999 -9999
-9999 -9999 -9999 -9999 -9999 -9999 -9999 -9999 -9999 -9999 -9999 -9999 -9999 -9999 -9999 -9999 -9999 -9999 -9999 -9999 -9999 -9999 -9999 -9999 -9999 -9999 -9999 -68.74403264734354 -73.90276375353129 -76.55227165840309 -75.96820537566516 -74.08064369054128 -70.63490175542444 -68.94740356714655 -9999 -73.5990242730521 -77.49236022220101 -80.42621091200834 -82.13106718502303 -82.43016036408686 -81.92602726086 -81.19719911884803 -80.94230751314444 -80.74912217678359 -80.9550111646002 -81.11108236397502 -9999 -9999 -9999 -9999 -9999 -9999
-9999 -9999 -9999 -9999 -9999 -9999 -9999 -9999 -9999 -9999 -9999 -9999 -9999 -9999 -9999 -9999 -9999 -9999 -9999 -9999 -9999 -9999 -9999 -9999 -9999 -9999 -9999 -73.64535811153195 -77.82935802833416 -78.30728142033881 -75.78146902550208 -71.2917758466876 -67.77520928619167 -66.20643499465484 -67.57813331543854 -70.4404777037694 -72.72657490661298 -74.90122844755379 -76.68432109180776 -77.68198768055079 -78.44507411428509 -79.03682378891895 -79.16333852011276 -79.16792875210996 -78.77798026421351 -78.5737495265652 -78.92959151289259 -79.1455961077728 -9999 -9999 -9999 -9999
-9999 -9999 -9999 -9999 -9999 -9999 -9999 -9999 -9999 -9999 -9999 -9999 -9999 -9999 -9999 -9999 -9999 -9999 -9999 -9999 -9999 -9999 -69.8362585861333 -74.02528520639454 -77.9878185077086 -79.52899276031641 -80.65316037424256 -81.16823390475831 -81.42180456774408 -80.50938402667359 -78.08228324229948 -75.84639096709112 -74.1876712157414 -72.69547621299854 -72.093139842404 -72.3558309165685 -72.40639544491098 -72.75350742126327 -73.64474791577072 -74.68168900145227 -75.88059806745422 -77.3966073885448 -78.12273778306772 -78.20205145416759 -78.16359198141043 -77.7096919918024 -77.7640182034461 -78.19834635240404 -78.52069559067856 -9999 -9999 -9999
-9999 -9999 -9999 -9999 -9999 -9999 -9999 -9999 -9999 -9999 -9999 -9999 -9999 -9999 -9999 -9999 -9999 -9999 -9999 -9999 -9999 -74.98972264611324 -78.18040916049827 -79.94528811462773 -80.88824723741637 -81.65556163829709 -79.1943268602235 -77.2225791664367 -75.07599758287625 -74.19610715542181 -75.6059247919883 -76.9342620782257 -77.60431284527513 -77.71280579326779 -77.14530636870697 -76.14759356891379 -74.57310087611906 -73.90977155827883 -73.96512243693728 -74.73711384943896 -75.65746187584145 -76.89625305120008 -78.24873439916017 -79.44959779703088 -79.97744762775616 -79.82817960884653 -79.54315295351672 -79.3046871685304 -78.46817805195114 -9999 -9999 -9999
-9999 -9999 -9999 -9999 -9999 -9999 -9999 -9999 -9999 -9999 -9999 -9999 -9999 -9999 -9999 -9999 -9999 -9999 -9999 -9999 -72.52619675861878 -78.34292309634174 -81.22823868623524 -81.23491083789548 -80.67037343659203 -79.09742957699666 -75.66736480569887 -71.99612376803712 -69.39100715388422 -69.45395866447657 -70.78692372074758 -73.42631348149634 -76.2437170558443 -77.89745847514764 -77.83302121015731 -76.37367192720791 -74.53052042352726 -72.99317259018542 -72.86726713546129 -73.71964599787725 -74.91352529663126 -75.8446536839612 -77.30217824688577 -78.81042447019439 -79.90638187295123 -80.62785778890053 -80.94600994234222 -80.60088700661584 -79.98905372588258 -79.06277897116286 -9999 -9999
-9999 -9999 -9999 -9999 -9999 -9999 -9999 -9999 -9999 -9999 -9999 -9999 -9999 -9999 -9999 -9999 -9999 -9999 -9999 -9999 -9999 -77.34245823001882 -79.18362994736465 -79.60482303008025 -78.76506654709691 -75.21625099927726 -73.42168101990765 -71.60094179192494 -70.9942818243578 -70.78401913497555 -70.66245605543423 -71.59945179376369 -73.52511522766167 -75.43480741180653 -76.99944518993948 -76.8053361188551 -75.82883777261337 -74.49528592379535 -73.74024331117694 -73.75310979307072 -74.2309928155945 -74.6781064451493 -75.67131518069152 -76.24771245485157 -76.4846616199105 -77.11767604611994 -77.21021271530296 -76.78211086062926 -76.1474952237125 -9999 -9999 -9999
-9999 -9999 -9999 -9999 -9999 -9999 -9999 -9999 -9999 -9999 -9999 -9999 -9999 -9999 -9999 -9999 -9999 -9999 -9999 -78.55038813121716 -80.29472761940099 -80.78825454592605 -80.82985987208069 -80.10831730877176 -77.80235581995599 -74.49743530811708 -71.57047948778775 -69.21137557401286 -68.51764815405083 -68.76735332487075 -69.34731772825485 -69.80817039313335 -70.56730694050155 -71.44007724797856 -72.79945658577711 -74.42774499631669 -75.65792283957444 -76.18537590349509 -76.07472783845095 -75.31537277683829 -74.11677131919109 -73.05567438033795 -72.63426912211106 -72.50908082045832 -72.07515327098427 -72.10031276243527 -72.55769403289105 -72.61422082004562 -72.73107399943105 -72.80607025946402 -72.7187000463758 -9999
-9999 -9999 -9999 -9999 -9999 -9999 -9999 -9999 -9999 -9999 -9999 -9999 -9999 -9999 -9999 -9999 -9999 -9999 -81.32074190584198 -80.89257141636567 -80.43074663722214 -79.38050322117185 -78.43176142065451 -77.34906059096714 -75.91158472059328 -74.89941091574245 -73.87073374062388 -73.10829280802155 -72.7456423219843 -72.60261066294716 -72.01980510641988 -71.92660407617427 -71.7296364021095 -71.93069601950178 -71.96844258727461 -72.52863826430018 -73.45862257068974 -74.52956746043294 -75.26684222547442 -74.75583513380045 -73.27776781691088 -71.76674640985429 -70.79374584340705 -69.92472155796955 -69.38856132411294 -69.29386034046246 -69.55145539782815 -70.01528302205686 -70.21574672467132 -70.0686606880006 -69.96181218589345 -9999
-9999 -9999 -9999 -9999 -9999 -9999 -9999 -9999 -9999 -9999 -9999 -9999 -9999 -9999 -9999 -9999 -9999 -83.73577981000697 -82.82074018019783 -80.46929888929598 -77.75649099243172 -75.77774761739059 -74.26169535843512 -72.49207552962945 -70.7956971642465 -69.71019706927011 -69.23050383736447 -69.42521660839789 -70.0889233982961 -70.86479830425505 -70.9733458149337 -70.44897568312105 -69.71263045810473 -69.15357627451515 -69.57532457119139 -69.83831102250464 -70.11100872647005 -70.14719488591261 -70.32116818287321 -70.39864557675135 -70.23578233148677 -70.23289338256848 -69.68968652978097 -69.16800017538971 -68.33248623791799 -67.08688151770792 -66.5247066816934 -66.67777882622327 -67.03288654043372 -67.3934572097724 -9999 -9999
-9999 -9999 -9999 -9999 -9999 -9999 -9999 -9999 -9999 -9999 -9999 -9999 -9999 -75.60532967924685 -77.89575236537472 -80.60331046264324 -83.2525717214408 -84.01686918973442 -82.73169485465172 -80.33143089773557 -77.41811358945131 -75.17558208357468 -72.6178428630526 -69.88274670621807 -68.34303647130483 -67.91395255993423 -67.69428755710054 -67.68058437328486 -67.8707382813047 -68.7641825884037 -69.5124907184713 -69.42906511405707 -68.86787417268634 -68.52051521251093 -68.85490438618136 -69.66396807910306 -69.86263166997114 -69.83013902655092 -68.98495536879558 -67.75370974861086 -66.98562507780142 -66.86517500912034 -66.98383733200197 -66.63690848720094 -66.37940874266171 -66.42490386125007 -66.85164389726378 -67.51715138888285 -67.77162444198296 -68.04118338956332 -68.61601333816081 -9999
-9999 -9999 -9999 -9999 -9999 -9999 -9999 -9999 -9999 -9999 -9999 -9999 -9999 -75.32483124192804 -76.17616271074505 -77.21622323142762 -78.4650354833492 -78.98924674848486 -77.88496457369297 -75.91602178775562 -73.32677919861409 -70.93136256911045 -69.3804711450473 -68.7900466465681 -69.26526187462967 -70.26037795987978 -71.2150084996887 -71.48986781064201 -71.35286720921951 -71.59596328023254 -71.81619348955569 -71.86441076192567 -72.05830426922472 -72.61177714646492 -72.86345836512555 -72.78985645577312 -71.59507402803855 -70.78371048131855 -69.91144379907288 -68.87416313206718 -68.04176793107763 -67.77418519331512 -67.54023456543776 -67.18948510355267 -67.19637515273834 -67.1781777448742 -66.29191985640209 -66.45760539767302 -67.57006566451052 -68.8682954340045 -69.86864442878833 -70.37420268628989
-9999 -9999 -9999 -9999 -9999 -9999 -9999 -9999 -9999 -9999 -9999 -9999 -9999 -76.82761032085834 -75.78334779224242 -73.77849207962328 -72.63285901207195 -72.18145757174622 -71.77567425447005 -71.0451160778557 -69.53738390568546 -68.97941387849986 -68.76924854584945 -69.01956849840779 -70.18281075878943 -72.23243909101451 -74.65398639926674 -9999 -75.29212090216045 -74.23405342817622 -73.75262450775735 -73.68414493286754 -73.649530409003 -73.726231298302 -73.66982648736169 -72.99948506385088 -72.32595474390995 -71.36258594424359 -70.92321835978369 -71.17091706105207 -71.2439559019917 -67.59558858328475 -65.41795353813704 -63.75639327185173 -9999 -9999 -9999 -9999 -9999 -9999 -9999 -9999
-9999 -9999 -9999 -9999 -9999 -9999 -9999 -9999 -9999 -9999 -9999 -9999 -9999 -80.1459515997675 -78.67572614585977 -75.87103243977637 -72.59653946714035 -70.2082383326794 -69.41196803737651 -69.22191209620297 -69.76089380854954 -70.45598503895958 -70.85592149625936 -70.89882529287418 -71.44667651102891 -73.06137192899436 -74.68493549629041 -75.29715397737056 -74.89378207180785 -74.29601131040826 -73.9148286411136 -74.1418769781238 -74.19860639106703 -73.77121202902217 -73.25389019088311 -72.37666806544097 -71.42166895468537 -70.89184842687222 -71.21627810846563 -71.90339636280436 -72.01578126026565 -9999 -9999 -9999 -9999 -9999 -9999 -9999 -9999 -9999 -9999 -9999
-9999 -9999 -9999 -9999 -9999 -9999 -9999 -9999 -9999 -9999 -9999 -9999 -80.8035307482276 -80.47901009747666 -78.15497988540228 -74.45653468040892 -71.0002182954258 -68.97593539068272 -67.97487630608359 -69.07763441463344 -70.24874348683157 -71.78305472852585 -72.55056689946326 -72.67814823734722 -73.37231952139513 -74.30589110073255 -74.58546861608009 -74.38409954444039 -73.41744597540594 -73.1068748176797 -73.2168408091012 -73.11457206203455 -73.40630958131909 -73.88689223237155 -73.9151617712303 -72.9575291697482 -71.99543408497975 -71.95314773650595 -72.12552134676244 -71.74954489083686 -71.33174397889816 -9999 -9999 -9999 -9999 -9999 -9999 -9999 -9999 -9999 -9999 -9999
-9999 -9999 -9999 -9999 -9999 -9999 -9999 -9999 -9999 -9999 -9999 -74.32170930076319 -74.57867995899221 -74.83857548163822 -73.34184678434927 -70.57505269171276 -67.44281058164098 -67.5070908499534 -68.85595308073387 -70.65835476801716 -72.28863827674084 -73.59352305424544 -74.1421787170604 -74.52749375447965 -74.5279296587944 -74.87483936262036 -75.04108237378381 -74.93073589376976 -73.68053038974729 -72.98483841873328 -72.65644761663788 -72.36457794160825 -72.55247671491756 -73.66977519417209 -74.172636923491 -73.47243102755345 -72.77283405548478 -72.08769607405017 -70.47490036999807 -68.65871420028535 -9999 -9999 -9999 -9999 -9999 -9999 -9999 -9999 -9999 -9999 -9999 -9999
-9999 -9999 -9999 -9999 -9999 -9999 -9999 -9999 -9999 -9999 -73.2132497970547 -71.85914903489414 -71.00200791509981 -69.72688719484384 -68.5964859230758 -65.8691336885916 -66.77753839303146 -68.91275797078235 -71.31227393077022 -73.11214449729485 -74.47892412914635 -75.74992060406333 -76.41538248833986 -76.62777083338905 -76.18165499678278 -75.68345114558609 -75.33059175273183 -74.80248274632405 -74.8951010538472 -74.56418698025799 -74.32933930023741 -73.5671151851961 -73.25917409016536 -73.33698849415383 -73.2529233308718 -72.76791697331902 -72.05241334160884 -70.61618592387893 -67.8232347020069 -9999 -9999 -9999 -9999 -9999 -9999 -9999 -9999 -9999 -9999 -9999 -9999 -9999
-9999 -9999 -9999 -9999 -9999 -9999 -9999 -9999 -9999 -9999 -9999 -9999 -70.23623947618997 -69.68664279318835 -68.26165444696913 -68.78263944291002 -69.66029913744293 -70.83413985826122 -72.24556476541073 -73.60935925141115 -74.9245608417501 -76.31637257195766 -77.31070145063569 -77.36076902803238 -76.69531045496001 -75.9009142966693 -75.22137329276275 -74.38305623245184 -73.75101013719497 -73.56559940465576 -73.35380694319136 -72.75756663878019 -71.25011433795646 -70.1163084097041 -69.38718578976544 -69.76450322581469 -70.05947794534671 -69.81438572359198 -66.86837814124706 -62.60326308235628 -9999 -9999 -9999 -9999 -9999 -9999 -9999 -9999 -9999 -9999 -9999 -9999
-9999 -9999 -9999 -9999 -9999 -9999 -9999 -9999 -9999 -9999 -9999 -70.35089481188807 -69.59532889661689 -68.74467011422517 -68.00279873735596 -68.84308138997717 -70.6321654562137 -72.2802076194154 -72.73544913847542 -72.92797578976517 -74.04106675792328 -74.96185781336439 -75.8904564700116 -76.02113017855376 -75.60656247999734 -75.459134355651 -75.2244606497524 -74.87789370471374 -74.27252204420424 -73.40599468891267 -72.39485738107449 -71.22985014433547 -69.88037975087505 -68.77013569371174 -68.9230505901913 -69.98538946328813 -70.58191165716406 -69.41212032326641 -65.40651574426568 -9999 -9999 -9999 -9999 -9999 -9999 -9999 -9999 -9999 -9999 -9999 -9999 -9999
-9999 -9999 -9999 -9999 -9999 -77.88769716043025 -77.03441829910555 -75.78908332216879 -74.28987351043783 -72.37050741801491 -69.20523703902776 -68.11134529065627 -68.05991302533089 -68.88883680631658 -69.3101751365901 -69.99534766456861 -71.39448580952433 -72.89269479547946 -73.17446735221755 -73.07300654654284 -73.38742308570401 -73.88453990898557 -74.51406319692708 -75.12700081889223 -75.00002996903054 -74.49924126184274 -73.80455255468627 -73.62652110954272 -73.12804065295394 -72.36319506280229 -71.72771976397121 -70.89410922123001 -69.84507590687524 -68.80897640065797 -68.14691899056483 -67.4077629447171 -66.02628882520955 -64.43245883878615 -9999 -9999 -9999 -9999 -9999 -9999 -9999 -9999 -9999 -9999 -9999 -9999 -9999 -9999
-9999 -9999 -9999 -9999 -76.95171547083001 -76.31327421336907 -73.95011530639567 -71.94862066561491 -70.28442148100898 -69.96932829504864 -69.10364884999781 -68.79587354070418 -69.21835560299232 -70.45594769134858 -71.81884089744716 -72.88914129823534 -73.76997601429063 -74.14012640657755 -73.87100006279515 -73.77903896521853 -73.85989794574908 -73.396016438679 -73.33462003704405 -73.92441403981616 -73.93847726713702 -73.19515428254667 -72.75989510438272 -72.3677766696671 -71.5595511724662 -70.54929387549399 -70.03132014785713 -68.9801563384191 -67.37204075639353 -65.450357046964 -64.03845886917944 -9999 -9999 -9999 -9999 -9999 -9999 -9999 -9999 -9999 -9999 -9999 -9999 -9999 -9999 -9999 -9999 -9999
-9999 -9999 -9999 -76.29754532347134 -75.28129571176919 -73.56396437351789 -71.87805966473364 -70.53234740543662 -69.66123067390221 -69.20717373702334 -69.32250822788866 -70.19092329219977 -71.20779447746243 -72.24247307124419 -73.44347679315733 -74.01413184408644 -74.16542646723944 -74.20058360959055 -74.13801326926395 -74.10616393422328 -73.89713487809922 -73.44614899143383 -72.71227583851132 -72.61326276369141 -72.40790659019169 -71.27258033567809 -69.75911598282606 -67.95235237539046 -66.2325528987332 -64.60447907534636 -63.29192468117097 -9999 -9999 -9999 -9999 -9999 -9999 -9999 -9999 -9999 -9999 -9999 -9999 -9999 -9999 -9999 -9999 -9999 -9999 -9999 -9999 -9999
-9999 -9999 -9999 -76.44128848326594 -73.58229869890586 -70.1310752684502 -68.34731176272372 -68.06622047430116 -68.01226526556907 -68.47136709179897 -68.56355614855866 -68.92445920542526 -69.8418465179788 -70.92317806164864 -72.55555551504142 -73.75714726560601 -73.9643761362992 -74.03186383969741 -74.04019840385791 -73.82185053240595 -73.3920575658792 -72.73934069195651 -72.08186948004729 -71.51433444102959 -70.80194023819867 -69.21819970077452 -66.52851457300086 -64.38564551947752 -58.862172589184205 -9999 -9999 -9999 -9999 -9999 -9999 -9999 -9999 -9999 -9999 -9999 -9999 -9999 -9999 -9999 -9999 -9999 -9999 -9999 -9999 -9999 -9999 -9999
-9999 -9999 -9999 -77.29846223443747 -76.36734231951583 -73.0614098086496 -70.25523462967651 -69.87106180489063 -71.07079237518194 -72.78099128436763 -73.47540326156445 -72.74506975667643 -71.61081098330935 -71.1690713558221 -71.53152447382149 -72.05730938583321 -72.59145409977471 -73.15534965424754 -73.41319531697593 -73.45688012852105 -73.27902019308334 -72.74757442742586 -71.84420888037997 -70.74840060473319 -68.88359170071729 -66.38758313949121 -9999 -60.61321740576364 -9999 -9999 -9999 -9999 -9999 -9999 -9999 -9999 -9999 -9999 -9999 -9999 -9999 -9999 -9999 -9999 -9999 -9999 -9999 -9999 -9999 -9999 -9999 -9999
-9999 -9999 -9999 -74.814959872117 -74.79541509602812 -73.45183145866014 -72.68312397689141 -73.40851927808895 -74.30304657717963 -75.22286556033602 -75.16892040614964 -74.00690344494787 -72.48252199900472 -72.174690349726 -72.7462523263107 -73.23032002415633 -72.86256613501016 -72.66736368497949 -72.16896099411737 -71.41977079786744 -70.58780732328658 -70.06464001435276 -68.69088425198808 -63.91301602067497 -61.43322710494404 -58.145180892923115 -55.711451526249334 -9999 -9999 -9999 -9999 -9999 -9999 -9999 -9999 -9999 -9999 -9999 -9999 -9999 -9999 -9999 -9999 -9999 -9999 -9999 -9999 -9999 -9999 -9999 -9999 -9999
-9999 -9999 -9999 -9999 -73.11193076076738 -73.25169496421043 -73.67927996773804 -73.99670594160045 -73.95731119680559 -74.26745993937048 -73.81675402174605 -73.89035094197557 -73.06662870598726 -72.5839160189933 -73.04476253417594 -73.56874807448196 -73.50487634520609 -72.89193196928743 -72.10349547344323 -70.6338541259226 -69.24768794715897 -68.07192059637568 -66.17315164103475 -59.02443575607857 -9999 -9999 -9999 -9999 -9999 -9999 -9999 -9999 -9999 -9999 -9999 -9999 -9999 -9999 -9999 -9999 -9999 -9999 -9999 -9999 -9999 -9999 -9999 -9999 -9999 -9999 -9999 -9999
-9999 -9999 -9999 -9999 -73.27050951069559 -75.13966437703458 -75.8524212872003 -75.43246965201534 -74.90453240803359 -74.1498226068723 -74.44459202298613 -75.00574656804037 -74.9026942286792 -73.97884303588494 -73.4602374247918 -74.04494711826878 -74.00796113222668 -73.60828676729622 -73.3543940154145 -72.62763993132049 -71.37602908440769 -69.46911787395814 -66.00318819474226 -61.48542960598214 -52.39077291941261 -9999 -9999 -9999 -9999 -9999 -9999 -9999 -9999 -9999 -9999 -9999 -9999 -9999 -9999 -9999 -9999 -9999 -9999 -9999 -9999 -9999 -9999 -9999 -9999 -9999 -9999 -9999
-9999 -9999 -9999 -9999 -77.3538912162735 -77.42760395302881 -77.95500166133223 -78.53678732592319 -78.62459115553204 -77.22021991063936 -76.11377697136233 -75.98937596527709 -75.31960863283156 -74.70647590951874 -74.86130505240203 -75.15076408955147 -75.08285662335574 -74.58205492271387 -73.78717842104828 -72.64577789639725 -71.15931751658805 -69.32400233763016 -67.04769710839254 -59.83723029059822 -9999 -9999 -9999 -9999 -9999 -9999 -9999 -9999 -9999 -9999 -9999 -9999 -9999 -9999 -9999 -9999 -9999 -9999 -9999 -9999 -9999 -9999 -9999 -9999 -9999 -9999 -9999 -9999
-9999 -9999 -9999 -9999 -75.962236646467 -76.4239746606423 -77.28588282672088 -78.86762847572922 -79.47049271363717 -78.69631365308264 -77.71366137534119 -77.37461903440393 -77.44309691679793 -77.50561754474207 -76.98041983769274 -76.53605056090177 -75.4531642136031 -74.50953060075733 -73.47351112255248 -72.31336308146975 -71.14081707999365 -68.9600925654493 -65.59242479186955 -9999 -9999 -9999 -9999 -9999 -9999 -9999 -9999 -9999 -9999 -9999 -9999 -9999 -9999 -9999 -9999 -9999 -9999 -9999 -9999 -9999 -9999 -9999 -9999 -9999 -9999 -9999 -9999 -9999
