metrics/grid_rasters/CCI Active/grideval_CCI Active_Y_2018_absolute_bias.asc
ncols 52
nrows 55
xllcorner     11.25
yllcorner     55.25
cellsize      0.25
NODATA_value  -9999
[rows 0 to 29 of 55, columns 0 to 51 of 52]
-9999 -9999 -9999 -9999 -9999 -9999 -9999 -9999 -9999 -9999 -9999 -9999 -9999 -9999 -9999 -9999 -9999 -9999 -9999 -9999 -9999 -9999 -9999 -9999 -9999 -9999 -9999 -9999 -9999 -9999 -9999 -9999 -9999 -9999 -9999 -9999 -79.37922511617344 -79.18831777236154 -79.85614690967859 -9999 -9999 -9999 -9999 -9999 -9999 -9999 -9999 -9999 -9999 -9999 -9999 -9999
-9999 -9999 -9999 -9999 -9999 -9999 -9999 -9999 -9999 -9999 -9999 -9999 -9999 -9999 -9999 -9999 -9999 -9999 -9999 -9999 -9999 -9999 -9999 -9999 -9999 -9999 -9999 -9999 -9999 -9999 -9999 -9999 -9999 -9999 -9999 -9999 -79.1097215944674 -80.76830179806501 -80.69595934161634 -80.11546286707183 -79.40156126233954 -79.32804858088494 -9999 -9999 -9999 -9999 -9999 -9999 -9999 -9999 -9999 -9999
-9999 -9999 -9999 -9999 -9999 -9999 -9999 -9999 -9999 -9999 -9999 -9999 -9999 -9999 -9999 -9999 -9999 -9999 -9999 -9999 -9999 -9999 -9999 -9999 -9999 -9999 -9999 -70.9305497003084 -75.92852964305109 -78.57974045441068 -77.2016745537322 -75.3810017391838 -71.33212423391448 -68.83016223044483 -9999 -72.58864523565148 -75.98120777572905 -78.94162926163976 -80.83961558455262 -81.14087314263863 -80.65459142749508 -79.9771203992977 -79.93286132634044 -79.96888064242991 -80.23121859600028 -80.55290730116945 -9999 -9999 -9999 -9999 -9999 -9999
-9999 -9999 -9999 -9999 -9999 -9999 -9999 -9999 -9999 -9999 -9999 -9999 -9999 -9999 -9999 -9999 -9999 -9999 -9999 -9999 -9999 -9999 -9999 -9999 -9999 -9999 -9999 -80.03652622860211 -80.39719967618056 -80.02943653544635 -76.52885505844807 -71.5523608960458 -67.6776454975331 -65.43374385061668 -66.09383480860429 -68.78439659396695 -71.1554163152831 -73.00029481687908 -74.93453146174049 -76.2740338562533 -76.98430216680451 -77.7961295961209 -77.80706567096489 -78.18794339448213 -77.9143768509229 -77.85632445974785 -78.58476042747499 -78.80940834300284 -9999 -9999 -9999 -9999
-9999 -9999 -9999 -9999 -9999 -9999 -9999 -9999 -9999 -9999 -9999 -9999 -9999 -9999 -9999 -9999 -9999 -9999 -9999 -9999 -9999 -9999 -72.1059011621353 -75.69479819438445 -80.91113312523335 -83.01127542100018 -83.52533043844856 -82.98079085760358 -82.5994916813097 -80.87635800665151 -78.42300936676466 -75.52370399611551 -73.49951159800544 -71.83112770930997 -70.45745883503056 -70.72463990153605 -70.31125245136874 -70.96669219381977 -71.78861392787574 -72.59866949637612 -73.79788886955599 -75.19570607991844 -76.12807740051687 -77.10430498995025 -77.32224634708838 -77.07161301568799 -77.06765320452844 -77.45322813084464 -77.75638583135901 -9999 -9999 -9999
-9999 -9999 -9999 -9999 -9999 -9999 -9999 -9999 -9999 -9999 -9999 -9999 -9999 -9999 -9999 -9999 -9999 -9999 -9999 -9999 -9999 -77.17852877432941 -80.64459588930887 -82.85061782484603 -84.00148032764172 -82.8833304385052 -80.61928176383178 -77.89735220750767 -74.93782091061273 -74.36041768986708 -75.39286319315434 -76.83064210369177 -77.14275567879878 -77.07131347033594 -76.18586959394477 -74.47666572696632 -72.42783072573602 -71.92249889115253 -72.10320663388931 -72.9200220787164 -73.93567377556025 -74.96984850415369 -76.22050772165811 -77.62099920444606 -79.16405604550472 -79.1296932659088 -78.3941009351105 -78.03311117087145 -77.6759885191163 -9999 -9999 -9999
-9999 -9999 -9999 -9999 -9999 -9999 -9999 -9999 -9999 -9999 -9999 -9999 -9999 -9999 -9999 -9999 -9999 -9999 -9999 -9999 -75.48907374921772 -79.87253831794276 -81.82043975459624 -81.61139825159503 -80.9462212162302 -80.75434702418688 -76.546837248875 -71.8140060872051 -68.86235309764743 -68.55516078352154 -69.6326625545515 -72.24137518702153 -75.29557840229876 -76.87230443719663 -76.34112548451108 -74.36887886897176 -72.45113199785716 -70.71585177566584 -70.40551685242028 -71.42713229211927 -73.07710953792555 -74.18735229836989 -75.17853639127722 -76.70970163349206 -77.79687160679272 -78.75467540420495 -79.08380004119489 -78.96489247169934 -78.35001739178385 -77.16634069897341 -9999 -9999
-9999 -9999 -9999 -9999 -9999 -9999 -9999 -9999 -9999 -9999 -9999 -9999 -9999 -9999 -9999 -9999 -9999 -9999 -9999 -9999 -9999 -78.45695096186616 -78.98728035360375 -80.14740831653279 -78.88215155079959 -75.53767481558535 -73.93105392610205 -71.67151567182005 -69.80228015163522 -69.3567486536799 -69.23517609617592 -69.91005910329658 -72.1103108628011 -73.46203270301675 -74.8705024501663 -74.69529107962649 -73.74298019158694 -72.09613145455533 -71.66328061020599 -72.28579106583045 -72.31785945233645 -72.60028358300526 -73.42708473843642 -73.82147496929153 -73.64755178605898 -74.38879237056167 -74.28811033911445 -73.83979387836506 -73.21794830106357 -9999 -9999 -9999
-9999 -9999 -9999 -9999 -9999 -9999 -9999 -9999 -9999 -9999 -9999 -9999 -9999 -9999 -9999 -9999 -9999 -9999 -9999 -78.81971925934776 -79.76702630023163 -80.4014856787094 -81.00363601213448 -79.66316596891832 -77.26182115962108 -72.9493740546517 -69.64027616271943 -67.27440122069746 -66.5929542112096 -66.98289462073815 -67.56581282716222 -68.33503940870177 -69.2429254307777 -70.12654021991499 -71.17556708687917 -72.61316306231925 -73.4376982030291 -73.77284456444904 -73.86724128721247 -72.9942561681263 -71.90453604603967 -70.92720524976271 -70.32349606249959 -70.25443207315442 -69.67080238258758 -69.43322634656413 -69.83377581207917 -69.70518566986611 -69.63426504612386 -69.6702494523355 -69.92181454884245 -9999
-9999 -9999 -9999 -9999 -9999 -9999 -9999 -9999 -9999 -9999 -9999 -9999 -9999 -9999 -9999 -9999 -9999 -9999 -81.14078709798363 -80.59546010702286 -80.50948992333835 -79.71533965589893 -78.27314740575758 -77.14177638329566 -75.35171304359757 -74.03269648977688 -72.93534164728574 -71.62823340578412 -70.82517272008187 -70.73244052033245 -70.19096037187825 -70.6127271026373 -70.38859143594037 -70.72766225571465 -70.70036071882798 -71.18260049432904 -71.83704770092041 -73.0150971663877 -73.66694084800059 -72.73108964941547 -71.24032536677167 -69.65733315733968 -68.78785829832475 -68.00844123345372 -67.34059443374476 -66.88458209206053 -66.93440332733196 -67.47445697691934 -67.48225202821955 -67.79714917133252 -68.01396715452272 -9999
-9999 -9999 -9999 -9999 -9999 -9999 -9999 -9999 -9999 -9999 -9999 -9999 -9999 -9999 -9999 -9999 -9999 -84.81653194635913 -83.43040311468553 -81.14005279484785 -77.90660149275902 -75.70686867189478 -73.26402329523548 -71.30819771734215 -69.60847677516215 -68.73219464490751 -68.20768669439606 -68.31898054233723 -68.85581499819712 -69.41446272883475 -69.57077489367553 -68.81312749141492 -68.18850011130175 -68.45453106124813 -68.41631805287166 -68.9640438094431 -69.14480994874928 -69.17644933251296 -68.96533524285296 -69.1017489507301 -68.93966489412675 -68.64109562850885 -68.33575495702543 -67.61243635977243 -66.5833592721476 -65.23309633913654 -64.8268224059036 -64.63167427139885 -65.18774263847689 -65.55360895709961 -9999 -9999
-9999 -9999 -9999 -9999 -9999 -9999 -9999 -9999 -9999 -9999 -9999 -9999 -9999 -77.31040745542484 -78.31346007191244 -80.52125043123961 -82.90252145661451 -83.8740667436569 -83.03281242906311 -80.5288057113352 -77.33050094590597 -74.69528004088285 -71.47741719027981 -68.36099319197007 -67.02610395895027 -66.95503148232929 -66.7942292685678 -67.10905284176833 -67.29973228800597 -68.58173720509588 -69.39442730616582 -69.27900456725375 -68.81610155370282 -68.48770636135134 -68.77317538296114 -69.29698941634585 -69.13513063864879 -68.7903470080726 -67.80833557842148 -66.4743919813633 -65.74571233719587 -65.64017314255237 -65.68553300271432 -65.24062161877849 -65.04994577316471 -65.07137304223052 -65.68110436201097 -66.42184448038569 -66.72403037085296 -66.8638819951609 -67.01873070953123 -9999
-9999 -9999 -9999 -9999 -9999 -9999 -9999 -9999 -9999 -9999 -9999 -9999 -9999 -75.69794932368455 -76.04497566728881 -77.17677758039818 -78.35733542000425 -79.36644333135875 -78.25631981057779 -75.92807659302794 -73.03292598995296 -70.5014433584176 -68.56503565722629 -67.90585231150573 -68.34546152117596 -69.49380880749071 -70.4155858340008 -70.98226126929124 -71.0896096083712 -71.34715637067956 -71.82921715154716 -71.93826615117807 -72.13813296063907 -73.09350625965101 -73.59927273080463 -73.24447675839366 -71.61862522803055 -70.40371477860174 -69.2146986016802 -67.92392067686666 -66.95672037009197 -66.37215417549477 -65.84935110909228 -65.39054161504559 -65.69869368709624 -66.303787340469 -65.8884102754012 -66.1176113655107 -67.4353627557837 -68.44867516613607 -68.41357347981696 -68.2712877217246
-9999 -9999 -9999 -9999 -9999 -9999 -9999 -9999 -9999 -9999 -9999 -9999 -9999 -76.6045216845942 -75.70695171397594 -73.37239210019189 -71.8331380492863 -71.38959528747442 -70.63101050508735 -69.91596273790326 -69.0551332748389 -68.4449224094741 -68.13300524305913 -68.52861137392047 -69.76667895574461 -71.82335213248275 -74.24376513074328 -9999 -74.64856858395197 -73.57339733253265 -73.1173636640968 -72.98259761442944 -73.33456157719435 -73.71870501503862 -73.71490044422345 -73.10581351376621 -72.26968424600598 -70.72688030250944 -70.15286722394728 -70.02824350973222 -70.01451806381623 -65.67090258536173 -63.77544564892029 -62.28040904671417 -9999 -9999 -9999 -9999 -9999 -9999 -9999 -9999
-9999 -9999 -9999 -9999 -9999 -9999 -9999 -9999 -9999 -9999 -9999 -9999 -9999 -79.54604405098493 -78.1053995199543 -75.73086123464797 -72.30763911642134 -69.58077210368792 -68.41600366853751 -69.04147021064333 -69.54838920950512 -70.31628266726709 -70.79786128648801 -71.23388962709987 -71.81817272576419 -73.37929945625365 -75.0497986862643 -75.55178816493216 -74.97070406274548 -73.91801089966951 -73.35531373150846 -73.56464639904142 -73.5969304225012 -73.12160277516651 -72.6391964777804 -71.63286619067192 -70.47535561946661 -70.07802480313123 -70.25701962737368 -71.0444390484892 -71.32944376739256 -9999 -9999 -9999 -9999 -9999 -9999 -9999 -9999 -9999 -9999 -9999
-9999 -9999 -9999 -9999 -9999 -9999 -9999 -9999 -9999 -9999 -9999 -9999 -79.68597867425645 -79.32528277895699 -77.46973175516706 -74.2067487053145 -70.58680445380334 -68.1568078185327 -67.19855554595038 -68.12864045780152 -69.89743812773854 -71.48850438390906 -72.34537636047523 -72.2978118914642 -73.17164242053278 -74.08496131132912 -74.35042257391308 -74.28273008842217 -73.27740024324311 -73.05527049373534 -72.95540065610328 -72.55689375260413 -72.72581039790653 -72.92192709144034 -72.75823194582604 -71.61706238549638 -70.88268535952025 -71.25378192527384 -71.44906920520589 -71.00272542969411 -70.80434353807941 -9999 -9999 -9999 -9999 -9999 -9999 -9999 -9999 -9999 -9999 -9999
-9999 -9999 -9999 -9999 -9999 -9999 -9999 -9999 -9999 -9999 -9999 -73.69011589327846 -73.48414662371131 -73.4411559772267 -71.83331830815865 -69.22079832609116 -67.04244728286456 -66.53504601102887 -67.61229085731433 -69.69296236336231 -71.4543819807661 -72.81007217514899 -72.85706737409731 -73.50085048310218 -73.6394276899787 -74.52630164551657 -74.8501195520917 -74.71893560263929 -73.45913517937251 -72.78421999307923 -72.19075457360596 -71.66399814762313 -71.67878057756779 -72.66870169878376 -73.00602578721295 -72.14924107101268 -71.27005325721169 -70.61838449564364 -69.12214325288099 -67.34765438372042 -9999 -9999 -9999 -9999 -9999 -9999 -9999 -9999 -9999 -9999 -9999 -9999
-9999 -9999 -9999 -9999 -9999 -9999 -9999 -9999 -9999 -9999 -72.65563002959868 -71.13869668195645 -69.68537100353369 -68.3875338448928 -66.96111598650721 -65.40127445828772 -66.14577603927164 -68.3014617698585 -70.61070004199286 -72.13528300203242 -73.68091118717805 -74.76960254150518 -75.17355386959099 -75.50567261539398 -74.85490935569321 -74.40374120010895 -73.98251192871504 -73.6822169852553 -74.23261264281243 -73.9669389472215 -73.7326011678486 -73.05349544358975 -72.57030636451461 -72.47511446656603 -72.214420453888 -71.41432803235726 -70.28715479356086 -68.72593472573689 -65.51745337694884 -9999 -9999 -9999 -9999 -9999 -9999 -9999 -9999 -9999 -9999 -9999 -9999 -9999
-9999 -9999 -9999 -9999 -9999 -9999 -9999 -9999 -9999 -9999 -9999 -9999 -69.36682911776951 -68.89552037822811 -68.19319317708472 -68.76971945040154 -69.61892190712727 -70.88626104381717 -72.07630988809228 -73.19024309711531 -74.31827903161816 -75.74218848080915 -76.63744774079177 -76.4767234049963 -75.72132314568977 -74.82772462636781 -73.49699431233334 -72.57181856337758 -71.93098276715747 -72.11742962670256 -72.016495009581 -71.76467662831844 -70.7092688033691 -69.73594272566193 -68.90872588909643 -68.96166352659117 -68.55549251564433 -67.94486978595766 -64.4502205024839 -60.06370255947113 -9999 -9999 -9999 -9999 -9999 -9999 -9999 -9999 -9999 -9999 -9999 -9999
-9999 -9999 -9999 -9999 -9999 -9999 -9999 -9999 -9999 -9999 -9999 -70.35437078033378 -69.07261299359656 -68.3680785009194 -67.94578184999392 -68.75733747942881 -70.77107961048803 -72.1768055709001 -72.5440549946257 -72.76594595473122 -73.62468472230219 -74.68955097890951 -75.51735199438897 -75.55096038607503 -75.120033848731 -74.80215252842754 -74.33754878584296 -73.8646011275053 -73.18740043725286 -72.47561266581559 -71.87584185126153 -70.83447982655483 -69.4252122990279 -68.38610101469925 -69.08884570341577 -69.66282958143796 -69.54970277578404 -67.7973292051398 -63.54914246951089 -9999 -9999 -9999 -9999 -9999 -9999 -9999 -9999 -9999 -9999 -9999 -9999 -9999
-9999 -9999 -9999 -9999 -9999 -77.6310219853407 -77.06710874015579 -75.52850817877393 -73.83729993377594 -71.98246508078617 -68.89392993662779 -67.64448707278181 -67.7325179142331 -68.65579741274168 -68.92576447138015 -69.68184508435867 -71.16879660047981 -72.69877996648613 -73.06628455892641 -73.04373401963349 -73.24892232941859 -73.63073446347221 -74.23590569938673 -74.79993317227164 -74.6538550600674 -74.15393291725668 -73.41397169173102 -73.30137312623926 -72.80029185032576 -72.07008936375544 -71.50142635871748 -70.60923741660689 -69.95396058109341 -68.73922384178577 -68.1017461926347 -66.65225880913437 -64.93309587554715 -63.13166519153358 -9999 -9999 -9999 -9999 -9999 -9999 -9999 -9999 -9999 -9999 -9999 -9999 -9999 -9999
-9999 -9999 -9999 -9999 -76.49180922562806 -75.47146740592649 -73.4140213919431 -71.48180025801497 -70.18782220414052 -69.75674003092428 -68.70583088678676 -67.87291712531022 -68.52535463196071 -69.9639446146109 -71.39708100370635 -72.57074529837284 -73.44551932829476 -73.86260701334756 -73.60660839262744 -73.65800158388312 -73.64034826833417 -73.116683111605 -73.36216259545328 -73.85575309727874 -73.97940862581305 -73.20144284764928 -72.80337964941215 -72.31875253341146 -71.40721685994001 -70.0017918794546 -69.83362052026132 -68.89063495749505 -67.1443854081097 -65.37598222821224 -63.88164288554285 -9999 -9999 -9999 -9999 -9999 -9999 -9999 -9999 -9999 -9999 -9999 -9999 -9999 -9999 -9999 -9999 -9999
-9999 -9999 -9999 -75.85502134767525 -74.62609930435816 -72.67092876889042 -70.86351424025506 -69.99965583880223 -69.42362391324568 -68.66227174554412 -68.87207526765964 -69.91038548547388 -70.91168908594729 -71.98146625387602 -73.3096360090649 -73.85633965919531 -73.97894438007319 -74.04221643369667 -73.77798444375225 -73.7173013969653 -73.21171901942316 -73.06679229780859 -72.65743746250698 -72.98146858693515 -72.91365958358989 -71.49910322580878 -69.78847209480969 -67.59413132653572 -66.29767549397864 -64.40038643705384 -62.97779920426946 -9999 -9999 -9999 -9999 -9999 -9999 -9999 -9999 -9999 -9999 -9999 -9999 -9999 -9999 -9999 -9999 -9999 -9999 -9999 -9999 -9999
-9999 -9999 -9999 -76.90724532462137 -74.07264292548747 -70.24044365107659 -67.72417281725828 -67.19901656119951 -66.94172813015038 -67.49660153976745 -68.11336239743169 -68.64667725603323 -69.64430825945578 -70.82134163444809 -72.87235647847866 -73.96980685753338 -73.99228698574007 -74.02532886300769 -73.97711028184655 -73.66129008632655 -73.06035044389111 -72.62644631040972 -72.09303963846631 -72.09506174352731 -71.47265834502049 -69.63065467318876 -66.22480408255896 -64.25930344231391 -59.798869284363136 -9999 -9999 -9999 -9999 -9999 -9999 -9999 -9999 -9999 -9999 -9999 -9999 -9999 -9999 -9999 -9999 -9999 -9999 -9999 -9999 -9999 -9999 -9999
-9999 -9999 -9999 -77.03216349590747 -76.31560074056429 -73.03890036736374 -69.35124033141926 -68.46450518114969 -69.93354263918644 -71.55412244696296 -72.17139778965416 -71.6754521051215 -70.55763683885664 -70.63258692663577 -71.52841918079389 -72.32430744035678 -72.65680191645077 -73.37833383484659 -73.78493626764842 -73.60987766693205 -73.56985505149198 -73.19274343937808 -72.24376373767517 -71.40681631068387 -69.50972899656152 -66.8942081504327 -9999 -60.9754381278636 -9999 -9999 -9999 -9999 -9999 -9999 -9999 -9999 -9999 -9999 -9999 -9999 -9999 -9999 -9999 -9999 -9999 -9999 -9999 -9999 -9999 -9999 -9999 -9999
-9999 -9999 -9999 -72.889488590555 -73.41322003627381 -72.04976318057541 -71.15856323116705 -71.86110300913282 -72.55602413775881 -73.6489256906644 -73.97962299878286 -73.25639445068893 -71.72342543672214 -71.53806545424528 -72.60715815982623 -73.4070954009014 -72.98826186444079 -73.04466199285567 -72.74197178986451 -71.91742815127533 -71.31591618995546 -71.32395100677282 -69.78205067198724 -66.13032292380151 -64.00781883709422 -60.695963111061324 -58.43830785948514 -9999 -9999 -9999 -9999 -9999 -9999 -9999 -9999 -9999 -9999 -9999 -9999 -9999 -9999 -9999 -9999 -9999 -9999 -9999 -9999 -9999 -9999 -9999 -9999 -9999
-9999 -9999 -9999 -9999 -72.20846687998139 -72.39573930898743 -72.61493377832846 -72.79415187620644 -72.82320932754449 -73.69027984494994 -73.04521887719967 -73.44736158224039 -72.75957864948681 -72.33678848296405 -73.30706383487698 -74.11879766596991 -74.44578186702522 -73.52652282721695 -72.84582592408323 -71.20669701426044 -70.19322434167623 -68.8462507220228 -67.59578041440433 -61.87160901467162 -9999 -9999 -9999 -9999 -9999 -9999 -9999 -9999 -9999 -9999 -9999 -9999 -9999 -9999 -9999 -9999 -9999 -9999 -9999 -9999 -9999 -9999 -9999 -9999 -9999 -9999 -9999 -9999
-9999 -9999 -9999 -9999 -72.48944215558839 -74.1735282522109 -74.5503309374882 -74.10019177780755 -73.74166323647074 -73.6925669068098 -73.99518689715256 -74.12482020561707 -74.28956969683209 -73.89491375708903 -73.71487245586498 -74.75467478151377 -75.14926908355812 -74.81679552100425 -74.43759658141325 -73.99745531999751 -72.96838945690163 -71.38041624094024 -67.27696539191973 -62.937269595555144 -55.44464331008645 -9999 -9999 -9999 -9999 -9999 -9999 -9999 -9999 -9999 -9999 -9999 -9999 -9999 -9999 -9999 -9999 -9999 -9999 -9999 -9999 -9999 -9999 -9999 -9999 -9999 -9999 -9999
-9999 -9999 -9999 -9999 -76.45497958211415 -76.88759267815713 -77.27199957663701 -77.22112825504469 -76.54789441866778 -75.61024693500127 -75.16888055546657 -75.24839718309609 -75.22710613827957 -75.05038499632447 -75.61479968626216 -76.11468561517226 -76.3899466506344 -75.97174632674769 -75.11117730775946 -74.63960768075026 -73.16245527903443 -71.41008087757774 -69.06770864689635 -61.24735998383192 -9999 -9999 -9999 -9999 -9999 -9999 -9999 -9999 -9999 -9999 -9999 -9999 -9999 -9999 -9999 -9999 -9999 -9999 -9999 -9999 -9999 -9999 -9999 -9999 -9999 -9999 -9999 -9999
-9999 -9999 -9999 -9999 -75.01847534418106 -75.68077184363254 -76.46249241496835 -77.92416535343443 -77.9081191417262 -77.08446257491468 -76.40547339070989 -76.34188899372734 -77.06715923192151 -77.8394409004557 -77.80316742322344 -77.24166304192373 -76.15318666783531 -75.56733279325242 -74.59503444735337 -73.7308748934639 -73.07291540647046 -71.31718611437826 -67.28275204113183 -9999 -9999 -9999 -9999 -9999 -9999 -9999 -9999 -9999 -9999 -9999 -9999 -9999 -9999 -9999 -9999 -9999 -9999 -9999 -9999 -9999 -9999 -9999 -9999 -9999 -9999 -9999 -9999 -9999
