metrics/grid_rasters/CCI Active/grideval_CCI Active_X_spring_2017_absolute_ubrmsd.asc
ncols 52
nrows 55
xllcorner     11.25
yllcorner     55.25
cellsize      0.25
NODATA_value  -9999
[rows 0 to 29 of 55, columns 0 to 51 of 52]
-9999 -9999 -9999 -9999 -9999 -9999 -9999 -9999 -9999 -9999 -9999 -9999 -9999 -9999 -9999 -9999 -9999 -9999 -9999 -9999 -9999 -9999 -9999 -9999 -9999 -9999 -9999 -9999 -9999 -9999 -9999 -9999 -9999 -9999 -9999 -9999 5.094108911833157 6.709966811382043 8.405690496837236 -9999 -9999 -9999 -9999 -9999 -9999 -9999 -9999 -9999 -9999 -9999 -9999 -9999
-9999 -9999 -9999 -9999 -9999 -9999 -9999 -9999 -9999 -9999 -9999 -9999 -9999 -9999 -9999 -9999 -9999 -9999 -9999 -9999 -9999 -9999 -9999 -9999 -9999 -9999 -9999 -9999 -9999 -9999 -9999 -9999 -9999 -9999 -9999 -9999 4.739724690085062 8.605005695744783 4.642872257293477 2.7321578353545704 2.517519333032355 2.453792540981668 -9999 -9999 -9999 -9999 -9999 -9999 -9999 -9999 -9999 -9999
-9999 -9999 -9999 -9999 -9999 -9999 -9999 -9999 -9999 -9999 -9999 -9999 -9999 -9999 -9999 -9999 -9999 -9999 -9999 -9999 -9999 -9999 -9999 -9999 -9999 -9999 -9999 14.212663160254474 6.718761738473692 5.988553849291647 5.638939231621971 3.924201088578714 9.686227153738166 17.006247667748045 -9999 14.682991693370054 11.407195470667588 9.096011654564087 4.725049887805863 3.275530920509174 4.910414342996146 6.018607582151407 7.702669625356378 8.624589689183741 8.824962728887305 11.5624351600011 -9999 -9999 -9999 -9999 -9999 -9999
-9999 -9999 -9999 -9999 -9999 -9999 -9999 -9999 -9999 -9999 -9999 -9999 -9999 -9999 -9999 -9999 -9999 -9999 -9999 -9999 -9999 -9999 -9999 -9999 -9999 -9999 -9999 -9999 -9999 2.189609026118017 2.384661872505226 14.354940745726195 15.413792436621895 11.81326170056584 8.474944792579572 7.273115945516912 6.42315049840697 6.257263339731944 6.107595191647581 7.280387501692463 7.99061052760064 7.700623918631016 7.731081606661018 8.303851889408664 9.360412044056124 8.983550741319947 8.026960614854968 8.352490679883202 -9999 -9999 -9999 -9999
-9999 -9999 -9999 -9999 -9999 -9999 -9999 -9999 -9999 -9999 -9999 -9999 -9999 -9999 -9999 -9999 -9999 -9999 -9999 -9999 -9999 -9999 13.208652328364785 11.807599853568561 8.003428284806688 3.3128639230463275 1.9689785632837595 1.9451501350476856 3.287236060922235 3.1724348564931883 11.525442637524213 10.717838910077184 12.708770673511188 8.194618760838697 7.679656493325877 7.472169748907418 6.963509413567954 6.4033062014055355 3.8001600244040032 4.925291718017831 5.491883394035157 6.3849177155466785 6.071283385677254 6.181938244670455 6.735443846471854 6.407898046353473 6.886189623148918 6.682928279526792 6.613168073744416 -9999 -9999 -9999
-9999 -9999 -9999 -9999 -9999 -9999 -9999 -9999 -9999 -9999 -9999 -9999 -9999 -9999 -9999 -9999 -9999 -9999 -9999 -9999 -9999 14.282518433700686 8.407471792167035 8.635902454856078 3.5345505085914666 3.507972210169753 3.180485463435317 2.1318480431635947 7.523536501527528 11.354219826086435 11.525748700608927 10.991637972887972 7.563784831969273 6.6391267975959956 7.003072871011377 10.5293027797921 7.5069996305801565 4.9132572876193255 5.139251675660673 5.1317185518973325 5.613321143936283 6.22713316970346 6.7720700916944185 7.081895504983642 6.6753084902558895 6.107122899471648 5.853699563887187 5.850872442856301 6.368001529917245 -9999 -9999 -9999
-9999 -9999 -9999 -9999 -9999 -9999 -9999 -9999 -9999 -9999 -9999 -9999 -9999 -9999 -9999 -9999 -9999 -9999 -9999 -9999 17.025071074089258 14.182610175317675 7.514417080028693 7.0539553993925 3.4064806353486077 2.3920171227510125 1.8112242944998436 2.6029317442493465 4.617449447014298 9.061807300974293 7.983372802065913 5.6774558759487315 4.824233228137632 5.947460089392214 6.882032401357401 6.1329163576739765 4.546328864918996 4.735710430759394 4.25835447876162 4.130571609148653 4.643446190456187 5.154333783042238 6.118963160403429 7.045815119968686 8.657506344598156 8.465607758851897 7.616053583257102 6.4305607975295365 5.331358806687967 4.984332051651394 -9999 -9999
-9999 -9999 -9999 -9999 -9999 -9999 -9999 -9999 -9999 -9999 -9999 -9999 -9999 -9999 -9999 -9999 -9999 -9999 -9999 -9999 -9999 2.8952090117767413 6.5248176775928926 2.277130454747896 1.9877316433540893 1.8926001384118896 1.6158473720612267 9.124669870891594 11.034053232992227 9.79976716336735 8.646446874063914 5.642890794389031 6.0206025488540105 7.163763574290575 9.939670495819467 9.807141643646892 8.659737924118321 6.467531093200058 4.80795324694996 4.93984995641302 5.644859845955597 5.468006736041287 6.141177569619683 6.53009298716896 6.740634744228849 6.707867543551019 6.430744618735691 5.502956009046283 4.765968943743153 -9999 -9999 -9999
-9999 -9999 -9999 -9999 -9999 -9999 -9999 -9999 -9999 -9999 -9999 -9999 -9999 -9999 -9999 -9999 -9999 -9999 -9999 6.443286503839468 4.719896091977827 4.469536866037638 3.445877280871967 2.4430008831001935 2.236857929741809 8.984103190809758 10.133145604312054 7.429083624837025 5.608132064266972 3.7492358334715776 3.532625156369257 2.382017355287816 6.389714737620381 7.823939262796498 9.129729861668224 10.82734583489017 11.911999996174867 12.190407764244174 11.876593360478866 11.076004981502548 9.655685887653805 7.436857294981036 6.358133386465367 5.280299935464162 5.106921758826691 5.283172828940411 5.1331100196899655 5.622014555631766 5.245176945947336 5.147889384083138 5.632741763510072 -9999
-9999 -9999 -9999 -9999 -9999 -9999 -9999 -9999 -9999 -9999 -9999 -9999 -9999 -9999 -9999 -9999 -9999 -9999 3.4062734096327416 3.5678364177737696 3.335880064512513 10.776930285060878 9.674000587701912 9.244328955747724 9.283684777076221 8.489352859259233 8.855270284542616 8.00308826028667 6.798055519981487 5.649408355954836 5.480821125383715 6.849949598938824 7.429880227481352 8.303612644839436 8.749448876850824 9.374782686793674 9.550569451921632 10.210387524155033 10.736158534837918 11.064851388577573 10.417397109024137 9.113612990982508 7.4855379834973235 5.416381803632087 7.996970439971506 7.675913450514026 7.627552335253013 7.702572984683123 8.274232085750864 8.181187489566883 5.737233938995644 -9999
-9999 -9999 -9999 -9999 -9999 -9999 -9999 -9999 -9999 -9999 -9999 -9999 -9999 -9999 -9999 -9999 -9999 3.2892946605801385 3.091557968568377 6.118893228918773 9.437372855538314 9.47895769180088 10.345653468344636 10.526552514630604 9.123695710565874 6.759747527772684 6.9166391717858176 6.4963306894162445 7.3153023209390255 7.392787148878808 8.029773226557356 8.010115160906416 7.686752523392543 8.409533342739984 8.601909590528734 8.867269835682064 9.002545420856631 9.923783104183643 8.965250779804492 8.656711675797037 8.739779824249903 8.143034598019613 10.511888930696117 11.488210223689887 12.743146347306018 15.322117906433945 13.194333311051615 8.807888699259953 8.64496054603362 8.03942008745396 -9999 -9999
-9999 -9999 -9999 -9999 -9999 -9999 -9999 -9999 -9999 -9999 -9999 -9999 -9999 5.792917285841954 5.9059551963009165 5.273506262105453 4.8764654982297095 4.326151979475225 4.081527657288643 7.431316026119162 7.914565379745248 7.399047116042134 6.451286376761626 6.138142875515294 5.428065318016528 6.771579096279275 6.84030960895505 6.802881699442652 6.94211108506292 7.207521986366255 7.119806404174348 7.171536497410419 6.95361646698408 7.463460963052507 7.59892336328576 9.135525094197398 13.286307152098965 12.868214759763918 11.629812345618994 11.332199765288026 11.92297675635031 12.183098427189034 12.617921532540088 13.253645391864849 13.371966684144065 12.62138957395642 12.37772154696095 12.585258291568485 11.853157149783966 8.29686652851437 3.6070676963299357 -9999
-9999 -9999 -9999 -9999 -9999 -9999 -9999 -9999 -9999 -9999 -9999 -9999 -9999 6.527825498703617 6.772339890519775 11.361102440699947 12.865917986219046 9.766950018544497 10.65345378324716 9.332968322392132 9.19181848195553 10.229976627610716 6.5162431975366175 4.386549251353094 3.9795072193663374 6.072688299536552 6.875035105176476 7.235176949474512 7.016601080580838 6.713738641057245 6.256307343984887 5.734867887590443 5.165043589555446 5.396948069050072 6.626272039842112 7.0628227266765435 11.034749910996897 10.138918568718873 8.964118185357746 9.39383125333508 9.293160765127473 9.301777544925514 9.358919144593816 10.878490470419214 10.170286496213116 10.588508946530236 10.27919593360971 6.454593163592812 6.243007125321808 6.0706731549506046 6.269999143151404 5.08543266277384
-9999 -9999 -9999 -9999 -9999 -9999 -9999 -9999 -9999 -9999 -9999 -9999 -9999 11.99688198140802 15.438248137391973 15.049469155525793 13.704486590431229 13.47967478916275 11.64862220830342 10.301553477859873 10.17958503084217 5.446707133337978 4.150960842474452 3.195506494780368 3.691109327692357 5.990506469181549 6.118406807953456 -9999 6.514296383450464 6.6060905467624975 6.468748806816246 5.716105767339977 4.7033449378885885 6.313301049591546 5.77148362243103 7.429206779159192 5.500046090360701 5.8054429742369775 5.2189134429439346 4.997438586465396 5.974235020341728 7.527079570043682 9.096048133747024 9.7402205862785 -9999 -9999 -9999 -9999 -9999 -9999 -9999 -9999
-9999 -9999 -9999 -9999 -9999 -9999 -9999 -9999 -9999 -9999 -9999 -9999 -9999 12.676558727657351 12.031076040063677 10.833649520720934 10.095718506550693 8.573351239265786 8.45725037197723 7.488410059103163 7.118856916119393 6.080853443087065 4.764557155203513 4.655656038348552 4.892831495821102 8.04708682519554 8.742322328258169 8.7835743189379 7.4380700621691025 6.8441794229846025 5.112135172795436 4.439439617920294 5.151658004033883 6.0734878542211055 6.229174413719917 5.856525835031799 5.155753675604252 4.841001444336617 4.889416571738474 5.6769661372609015 6.474184256344357 -9999 -9999 -9999 -9999 -9999 -9999 -9999 -9999 -9999 -9999 -9999
-9999 -9999 -9999 -9999 -9999 -9999 -9999 -9999 -9999 -9999 -9999 -9999 5.042570779246705 11.118024287774654 9.880754218522249 8.634013505060981 8.468769613377374 7.913686259305193 7.4950746871512175 7.124048887602433 6.398610724039128 5.686205165978633 5.651909762620987 5.047215117404448 6.067464681208936 6.3721429828440375 8.097179799973961 8.525375461193736 9.743765156748909 8.334613691896939 8.053942599054452 6.683934584055916 6.750457459762597 7.1016110307272005 7.638044702486572 7.244413668832247 6.0252039630944205 5.995886257869855 6.927680198088509 6.756571338005793 6.684635270981474 -9999 -9999 -9999 -9999 -9999 -9999 -9999 -9999 -9999 -9999 -9999
-9999 -9999 -9999 -9999 -9999 -9999 -9999 -9999 -9999 -9999 -9999 20.213153859961892 15.726109430340676 14.568509279719507 14.364694324757853 14.158410572569654 13.774740159531307 7.6607526293065265 7.304989517483968 6.412658262042526 6.325761935688115 5.694742090605345 5.64592804336381 5.616785903108241 5.744077458342807 5.883299925669784 5.990597050049387 6.711072591400421 7.324725942246988 8.076273516390593 8.682955759470657 9.01096921948441 9.04478194540423 6.511332673154966 6.531082528717603 6.443305739763639 7.03457190041334 7.2441069990168705 7.529652661571562 8.157725910033161 -9999 -9999 -9999 -9999 -9999 -9999 -9999 -9999 -9999 -9999 -9999 -9999
-9999 -9999 -9999 -9999 -9999 -9999 -9999 -9999 -9999 -9999 21.69163569109105 20.05321779734309 19.606832152657198 16.632400099543766 16.1770962356448 11.775064667339525 7.771092339480197 7.300362392104117 6.350424104805608 5.5370044399937735 5.643618776755662 5.5130751685608885 5.27700919936541 5.734844472038303 5.554846012867098 5.603144860484233 4.874871423512869 6.51289731587202 6.223625296843947 6.1289771332996725 6.182761667082086 6.418437481344695 6.555901208087182 6.644576308645012 6.567427323809543 7.071966006216778 7.446739278656536 7.8795124494006155 8.984747886197777 -9999 -9999 -9999 -9999 -9999 -9999 -9999 -9999 -9999 -9999 -9999 -9999 -9999
-9999 -9999 -9999 -9999 -9999 -9999 -9999 -9999 -9999 -9999 -9999 -9999 14.745988974172265 12.047962121062028 8.608515021192291 7.2406316551431775 6.843702829732199 6.76580470334522 6.534838176396115 6.020435437042639 5.531175424509374 6.007274815544371 6.2435834794793275 6.482420900411335 5.994377871392647 5.540401610740812 6.324706449298625 5.5844223605760845 5.792177829078477 5.989917678956847 5.941399171606681 6.129089507259597 7.352310014420407 7.337586134425429 7.6199532265681205 7.7453571221053625 8.023524948867863 8.171228811985957 8.6098457815916 9.082453179254424 -9999 -9999 -9999 -9999 -9999 -9999 -9999 -9999 -9999 -9999 -9999 -9999
-9999 -9999 -9999 -9999 -9999 -9999 -9999 -9999 -9999 -9999 -9999 15.526329417965766 14.276760861011455 10.15656366889142 7.154133153707768 6.292661970115656 6.359193876047717 6.3794770010088575 6.1995833862861724 6.255819061946823 6.295786215454139 6.410562928476138 6.730378443895107 6.7197753751864076 6.317814450182617 6.017368096139282 5.993571860520251 5.738331695541764 5.410095531372721 5.430475304800413 5.281228920629443 6.33835607343766 6.5551929060656215 6.502577077506454 7.47373092782953 7.845682055184004 8.312181011145919 7.984425135226361 8.103345693206489 -9999 -9999 -9999 -9999 -9999 -9999 -9999 -9999 -9999 -9999 -9999 -9999 -9999
-9999 -9999 -9999 -9999 -9999 20.332659509394556 20.51771998270277 18.41617913185452 14.164289768149095 14.301547602581055 9.34486945833956 8.340362226079716 9.311023705987328 5.683415034765463 5.60586223340101 5.83109395121656 5.670414487519686 5.5354329552266215 5.438911575700922 5.578182872648399 5.521383097937085 5.681038349518351 6.1112137182668125 6.239770820061513 5.9776277826870245 5.746107564012555 5.448491000923184 5.463258632186589 5.302602820448292 5.4863327247125 6.466321329702505 6.38378453763909 6.324324039550068 7.6083002968007465 8.02423138928488 8.382901538329145 8.088090982174396 8.358173686123132 -9999 -9999 -9999 -9999 -9999 -9999 -9999 -9999 -9999 -9999 -9999 -9999 -9999 -9999
-9999 -9999 -9999 -9999 19.945381432808148 16.03769957788597 14.084230656545394 11.638839534168367 9.672130788211737 9.61915120742442 7.35048085234906 6.566536304373362 5.767315425868912 5.911373470043179 6.357282802610055 6.225234331766709 5.958608896953968 5.713284653088786 5.586463577808053 5.621036899068197 5.583005036225643 5.2926992400998865 5.054041717165466 5.094948035508365 5.007800817709367 5.7301586370059585 6.171534319830284 5.940197095097523 6.184759949685938 6.225094375489015 6.631003761369448 6.913172253804056 6.993204842514043 6.934398030396303 7.4507410933529155 -9999 -9999 -9999 -9999 -9999 -9999 -9999 -9999 -9999 -9999 -9999 -9999 -9999 -9999 -9999 -9999 -9999
-9999 -9999 -9999 18.973417821242727 14.32515769513742 9.803120805465882 7.3077524356034225 7.17304097223899 6.66872023539895 6.756784285188727 6.806228403360222 6.774802253514554 6.456133502751039 6.17284707769595 6.418350185210539 6.176895132955513 5.78826979047194 5.6121522198615565 5.596548617031237 5.7538638315660515 6.029901162397968 5.9625326536306105 5.760432224070477 5.655866058697803 6.2528853713853385 6.062816447564659 5.849533735172432 5.843854616544953 7.34531193860156 7.372938011763813 7.336836652343383 -9999 -9999 -9999 -9999 -9999 -9999 -9999 -9999 -9999 -9999 -9999 -9999 -9999 -9999 -9999 -9999 -9999 -9999 -9999 -9999 -9999
-9999 -9999 -9999 15.950180286369847 13.357081728925461 9.921911340124083 5.639710807066394 4.52248534758957 5.078745767882643 6.006825442077013 6.79867820755855 7.0135141000042776 7.066729593032835 6.832540058958948 6.621742391725928 6.1941196567722985 6.065772439448232 5.923593092292459 5.950089896336062 5.863855988277947 5.828663041839234 5.913623231612647 5.800590395529627 6.076387116964777 5.941452943213812 5.852421371456094 6.763914741817668 7.708659670671445 9.438884603865768 -9999 -9999 -9999 -9999 -9999 -9999 -9999 -9999 -9999 -9999 -9999 -9999 -9999 -9999 -9999 -9999 -9999 -9999 -9999 -9999 -9999 -9999 -9999
-9999 -9999 -9999 16.07552643929613 14.159610955880295 11.0196720211126 6.7942180854684855 5.953581402882582 6.9729719951409805 7.236895737671598 7.199547262669609 7.064819088961675 7.170474949807423 6.986108252530247 6.482261671453309 6.108126969230412 5.9769742015571135 5.6772616038465165 5.493123838499751 5.5987270345758535 5.506861362134299 5.556552310653522 5.612832124063664 6.136337812732669 6.191109949796367 6.488819971369718 -9999 7.928856532360876 -9999 -9999 -9999 -9999 -9999 -9999 -9999 -9999 -9999 -9999 -9999 -9999 -9999 -9999 -9999 -9999 -9999 -9999 -9999 -9999 -9999 -9999 -9999 -9999
-9999 -9999 -9999 14.246733271721881 12.11964213599469 9.588096305045793 8.550066287390322 8.305981011754529 8.60791250916137 7.942994581254577 7.679739669022262 7.176403492736091 6.87135247712711 6.1420932905034356 6.085422700057447 5.606665757594241 5.296794376545927 5.137091063763241 4.988794573156951 5.075954562417035 5.444531508524952 5.715944818979808 6.294108976255925 7.55936323257099 8.726656887024731 9.14791892819358 9.591658405902617 -9999 -9999 -9999 -9999 -9999 -9999 -9999 -9999 -9999 -9999 -9999 -9999 -9999 -9999 -9999 -9999 -9999 -9999 -9999 -9999 -9999 -9999 -9999 -9999 -9999
-9999 -9999 -9999 -9999 7.971783720598606 9.04245329717384 9.507094681266514 10.121434118401453 9.578418954123203 8.579440488893484 8.667736553673201 7.882377131165959 8.08609842508372 7.602389547116426 7.3030214521510795 6.3420747051759125 6.108479283506759 5.607875489542644 5.273858805462419 5.232033883976198 5.435863838636969 6.29628981156937 6.4818083135711495 9.552778322581089 -9999 -9999 -9999 -9999 -9999 -9999 -9999 -9999 -9999 -9999 -9999 -9999 -9999 -9999 -9999 -9999 -9999 -9999 -9999 -9999 -9999 -9999 -9999 -9999 -9999 -9999 -9999 -9999
-9999 -9999 -9999 -9999 8.684770191569509 8.905791722116922 9.258863371841915 9.433504796898976 8.308449408621312 8.842480767191036 9.070650592595511 8.87213717696943 8.932427910299237 8.811749576074769 7.933689089291368 7.1997988418502326 6.608818706551504 6.199882722943637 5.81553262069256 5.592603142376153 5.5385088433605185 5.747150147889006 6.224900819720876 8.776435953065308 13.112455885516415 -9999 -9999 -9999 -9999 -9999 -9999 -9999 -9999 -9999 -9999 -9999 -9999 -9999 -9999 -9999 -9999 -9999 -9999 -9999 -9999 -9999 -9999 -9999 -9999 -9999 -9999 -9999
-9999 -9999 -9999 -9999 8.395577381527685 8.559966076070491 7.9602156444520125 7.422764077404041 6.893244117306745 8.091326206618218 9.55168277707614 9.95749422829886 9.622178090739002 9.160940785254668 8.823801145690043 7.840331396801194 7.105772973747682 6.780624464294604 6.816849572029744 6.1664543526929565 5.482267357630824 5.103401880463667 5.726970126477985 9.145859553289895 -9999 -9999 -9999 -9999 -9999 -9999 -9999 -9999 -9999 -9999 -9999 -9999 -9999 -9999 -9999 -9999 -9999 -9999 -9999 -9999 -9999 -9999 -9999 -9999 -9999 -9999 -9999 -9999
-9999 -9999 -9999 -9999 6.480216947719938 6.0883076099906726 7.2306419070210985 7.722500166565272 7.979569020901321 8.245105130508353 8.382719874013318 8.064019465269789 7.764847776031207 7.533682904853896 8.242822025306332 8.090676746692607 7.902430542556995 7.7642714505661905 7.692397548518884 7.756611755385932 7.4354612967313924 6.961755504107113 7.578050580551076 -9999 -9999 -9999 -9999 -9999 -9999 -9999 -9999 -9999 -9999 -9999 -9999 -9999 -9999 -9999 -9999 -9999 -9999 -9999 -9999 -9999 -9999 -9999 -9999 -9999 -9999 -9999 -9999 -9999
