metrics/grid_rasters/CCI Active/grideval_CCI Active_X_fall_2017_absolute_ubrmsd.asc
ncols 52
nrows 55
xllcorner     11.25
yllcorner     55.25
cellsize      0.25
NODATA_value  -9999
[rows 0 to 29 of 55, columns 0 to 51 of 52]
-9999 -9999 -9999 -9999 -9999 -9999 -9999 -9999 -9999 -9999 -9999 -9999 -9999 -9999 -9999 -9999 -9999 -9999 -9999 -9999 -9999 -9999 -9999 -9999 -9999 -9999 -9999 -9999 -9999 -9999 -9999 -9999 -9999 -9999 -9999 -9999 5.744364536469827 6.611552609239151 6.560457201236089 -9999 -9999 -9999 -9999 -9999 -9999 -9999 -9999 -9999 -9999 -9999 -9999 -9999
-9999 -9999 -9999 -9999 -9999 -9999 -9999 -9999 -9999 -9999 -9999 -9999 -9999 -9999 -9999 -9999 -9999 -9999 -9999 -9999 -9999 -9999 -9999 -9999 -9999 -9999 -9999 -9999 -9999 -9999 -9999 -9999 -9999 -9999 -9999 -9999 7.352225943919487 6.908294903920416 7.076989751538132 7.2472790499464645 7.315659028048705 7.147526322139051 -9999 -9999 -9999 -9999 -9999 -9999 -9999 -9999 -9999 -9999
-9999 -9999 -9999 -9999 -9999 -9999 -9999 -9999 -9999 -9999 -9999 -9999 -9999 -9999 -9999 -9999 -9999 -9999 -9999 -9999 -9999 -9999 -9999 -9999 -9999 -9999 -9999 9.42749228566184 6.734083693952933 5.182574048016126 6.012976217175247 7.907604825000241 9.76665270243374 10.093472725903283 -9999 9.411303741898026 8.525993491874576 7.869485143607816 7.0653457959995665 6.9862005681267885 7.107367425861868 7.172860497354299 7.408601716728373 7.507341524194451 7.646195456743814 7.2938907326271 -9999 -9999 -9999 -9999 -9999 -9999
-9999 -9999 -9999 -9999 -9999 -9999 -9999 -9999 -9999 -9999 -9999 -9999 -9999 -9999 -9999 -9999 -9999 -9999 -9999 -9999 -9999 -9999 -9999 -9999 -9999 -9999 -9999 5.228148047510052 4.222489219546444 4.879084865171445 5.813292470353748 8.622543542156839 10.750284982241215 11.218733609958694 11.554792749553885 11.157860079601885 10.59813747092466 9.83541807032948 8.982885933493074 8.917241677805617 8.881739231253796 8.972366938649914 8.92195873494751 8.850833524515776 8.777732028217576 8.877276457100088 8.53803870475491 7.915220883145634 -9999 -9999 -9999 -9999
-9999 -9999 -9999 -9999 -9999 -9999 -9999 -9999 -9999 -9999 -9999 -9999 -9999 -9999 -9999 -9999 -9999 -9999 -9999 -9999 -9999 -9999 11.152606336167176 9.15283583592958 5.953774452755711 4.696548016404191 4.507518990143441 4.742767175975089 4.995945857738287 5.354365769078848 6.851169418489842 8.436163770617572 9.472932965834394 10.598956169902856 11.157206191020288 11.300125534552116 11.285186903790061 11.270183676917059 11.189210167252496 11.00168604131628 10.649864723844514 10.015273841644312 9.683657131100203 9.72703095241873 9.842406970399296 9.883627967344033 9.407748047301304 9.26040545648145 8.803806857164568 -9999 -9999 -9999
-9999 -9999 -9999 -9999 -9999 -9999 -9999 -9999 -9999 -9999 -9999 -9999 -9999 -9999 -9999 -9999 -9999 -9999 -9999 -9999 -9999 10.466511655674637 8.79794846195399 6.281483134707072 5.002800256543785 4.5806089208723515 4.921453301450823 6.0385251899732175 7.782586477402662 8.899821992869194 8.61518184513236 8.676432307084779 8.881953951571177 8.979150738591517 9.258035203250644 10.048511906683089 11.020782863023591 11.51599234088789 11.552787916425743 11.082951451895275 10.614838433497118 10.241279560966037 10.13712376818196 9.726888660992634 9.770463634652613 9.902675142968894 10.027540401216623 10.123078369752797 10.182487048308984 -9999 -9999 -9999
-9999 -9999 -9999 -9999 -9999 -9999 -9999 -9999 -9999 -9999 -9999 -9999 -9999 -9999 -9999 -9999 -9999 -9999 -9999 -9999 10.474069682208224 6.139756119735099 6.365896556067248 6.503547207689736 6.451274263091621 6.1608647802518135 6.8529871690953295 7.3093754742159796 8.980220950165277 9.773315833993117 10.272125841998124 10.530559265374498 10.065668003668439 9.447696270026237 9.324880713855672 10.14388344997175 10.858850358673005 11.537257592005208 11.847677794844609 11.837349210475105 11.545339196904981 11.334476428773074 10.895316137077804 10.60186790134252 10.126329788605783 9.573710317407613 9.506590249138783 9.696616542867332 9.13177354227522 8.946471484328491 -9999 -9999
-9999 -9999 -9999 -9999 -9999 -9999 -9999 -9999 -9999 -9999 -9999 -9999 -9999 -9999 -9999 -9999 -9999 -9999 -9999 -9999 -9999 6.503300735956602 6.972988247247021 6.960963166543097 7.440924306118211 8.91666372756426 8.55080487197886 8.742279745366131 9.406224742275409 10.089980119161122 10.803658392502339 11.395908141765721 11.033362745614157 10.597969770296778 10.239255335380998 10.470053270973354 10.477396258385163 11.172067908451725 11.295939242245744 11.437903048873697 10.965549605130878 10.69405773129963 10.784644837153367 10.846257307097162 10.488862928232182 10.43961418075917 9.486862436779257 9.864959781130768 10.20339889271091 -9999 -9999 -9999
-9999 -9999 -9999 -9999 -9999 -9999 -9999 -9999 -9999 -9999 -9999 -9999 -9999 -9999 -9999 -9999 -9999 -9999 -9999 7.058618937069991 6.508571541743399 6.0313035994565825 6.55682875939958 6.894696645792225 7.5509223383535575 8.208888743125332 9.882693903377774 11.217844732265 11.99335820856805 12.27432707562475 11.85361595354873 11.398330018525131 10.967971755054245 10.646217142109727 10.485128624602552 10.116199062065624 10.041444115364133 10.063785742073069 10.27294044817506 10.460848740450846 10.400719920603844 10.136415649313117 10.388919014282985 9.821421524299044 10.479139932415801 10.682855166182256 10.746638040653727 10.341194037495082 10.50441849543689 10.952252915211284 10.556983030202083 -9999
-9999 -9999 -9999 -9999 -9999 -9999 -9999 -9999 -9999 -9999 -9999 -9999 -9999 -9999 -9999 -9999 -9999 -9999 6.9166822631457245 6.800527469583062 6.743496361335262 6.9315776563243885 7.6951423648854975 8.142789292366723 8.643432926122994 9.134131703164769 9.772211232999592 10.416545894638002 11.175091246066104 11.440862055848939 11.18743693715498 10.780669837135004 10.346715496728986 10.145078235193164 10.106039892007928 9.913864768367901 9.872152708584776 9.854382703946897 9.792709864460312 9.360469350794071 9.691658477900775 10.095192707568573 10.611333580580496 10.481386758015502 10.18009379068786 10.46453949505309 10.595566240709868 10.569470372751862 10.7932036574215 10.311073992366152 9.978172333636838 -9999
-9999 -9999 -9999 -9999 -9999 -9999 -9999 -9999 -9999 -9999 -9999 -9999 -9999 -9999 -9999 -9999 -9999 6.419934813641263 6.583698682342916 7.252194056046591 8.230457833340125 9.205263592429349 9.785710687188493 9.971741344315085 9.904016139253743 10.043381437315904 10.248422098592703 10.389810376200748 10.338160837700581 10.439135672614961 10.58002081558164 10.74895387149358 10.508376567757873 10.526479842588204 10.315561376885054 10.402077397337708 10.144648118786456 9.839010423730564 9.622999193805828 9.725664852313916 9.691732693078773 10.235318835331237 10.408961993426548 10.362568803914293 10.047664318066325 9.918599977042328 9.983483196667153 9.939148188188593 10.128689152628976 10.160139768415934 -9999 -9999
-9999 -9999 -9999 -9999 -9999 -9999 -9999 -9999 -9999 -9999 -9999 -9999 -9999 8.162975611992838 7.7498766373051335 7.423775422464554 6.804420850661876 6.721991003388988 7.132136553296678 8.142048410885558 9.385897242139704 10.337085821794645 11.032420631937796 11.074200162227747 10.89818750443367 10.463010194558347 10.252578003579213 10.223283278977744 9.84277759680549 10.042237968343683 10.325853144201284 10.533869463145095 10.673469844315367 10.915259781560064 11.004889757497878 10.551236205446608 10.394023071371334 10.329344612988725 10.213891142808349 10.041891632416814 9.995517694563599 9.985529067199924 10.363755939160958 10.2795787095916 10.164338951696633 10.109294897332491 10.186677377607683 10.110954158995854 10.094710668690595 10.197402023311481 10.488198367903466 -9999
-9999 -9999 -9999 -9999 -9999 -9999 -9999 -9999 -9999 -9999 -9999 -9999 -9999 7.272618147432448 7.309940007510847 7.6905128126025035 8.202907036657642 8.67678070429901 9.058168441341524 10.116252561895347 11.099819989706305 11.91742362752139 12.214825941219244 11.481672147414795 10.93889582834012 10.229106931788927 10.062548514811663 9.850951761717141 9.575281494217 10.235485981968287 10.686024661419877 11.198201902224133 10.638964779538577 10.697054460831957 11.079166142119405 11.064651308288793 10.7662210989602 10.469816464014707 10.403469568543352 10.246589413185056 10.144816687119599 10.236450715341027 10.15033990787175 11.069455339826474 11.63174122968124 11.658094309720664 11.856914787158852 11.444957165796534 11.223444064447794 11.08335112044262 11.617004664998431 11.690621980950803
-9999 -9999 -9999 -9999 -9999 -9999 -9999 -9999 -9999 -9999 -9999 -9999 -9999 7.074919495361361 7.734174809355436 9.023841219040527 10.462186241530972 11.54007234244911 11.730225896504585 11.506429603938827 11.821350039655494 12.094903223109606 11.918751114907973 11.537384609715359 10.898974931222758 10.10790304175221 8.362119744666835 -9999 9.010467350825069 9.129673700053818 9.590918635458547 9.93247754587515 9.85192365712968 9.829902080439435 10.288496544242518 10.601560481845768 11.112269247730927 12.145129927300957 12.222000335986118 11.99705637056278 11.938100252144187 21.348472281523573 21.96556634820353 22.22745666648956 -9999 -9999 -9999 -9999 -9999 -9999 -9999 -9999
-9999 -9999 -9999 -9999 -9999 -9999 -9999 -9999 -9999 -9999 -9999 -9999 -9999 8.092014416197205 8.950333648566732 10.272879603201726 11.916259891308234 12.875483284310567 13.278553165735927 12.763676833549626 12.240388284568127 11.912423952897734 11.992619554053444 11.509882865168832 10.514216392986548 10.05456706390317 9.021296936908232 8.824766809485524 8.342571038933103 9.09012992339458 9.284126491668918 8.917655986005519 9.019625619146256 9.347200137267444 9.82089333272256 10.501834279819773 11.071062231269071 12.311503876007169 12.903915664430412 13.424636937506143 14.141975268914488 -9999 -9999 -9999 -9999 -9999 -9999 -9999 -9999 -9999 -9999 -9999
-9999 -9999 -9999 -9999 -9999 -9999 -9999 -9999 -9999 -9999 -9999 -9999 6.083371281942517 7.69259622062 9.474594724178962 11.235777100489132 12.405300460020927 12.899123027425954 13.02594520374464 12.48069422971307 11.815940922564454 11.38116538914412 11.193852703678695 10.981169811350949 10.631214689766797 10.217817920887386 9.497625378830564 9.224183912046495 8.987033296679357 8.91689047740658 9.090949517365509 9.737681887338605 10.163582290686293 10.215716181810429 10.831900335821722 11.134229086524382 11.108779898855234 12.118399147603624 13.317348146697904 14.492367377672815 15.308609234848735 -9999 -9999 -9999 -9999 -9999 -9999 -9999 -9999 -9999 -9999 -9999
-9999 -9999 -9999 -9999 -9999 -9999 -9999 -9999 -9999 -9999 -9999 6.343723536580455 6.9628093513366425 8.322761440362154 10.18291321662383 11.705966993110046 12.584237153716373 12.581240175432004 12.290172680927705 11.422535093915362 10.659380303675718 10.206912991103351 9.946945466376173 10.155892824106038 10.301978296459477 10.543281591590423 10.2842041897585 10.374071344163408 9.103557492328678 9.111327256720527 9.209570641726572 9.61210600543964 10.725112471159882 10.59682384956026 10.6404239092416 10.956331786146162 10.634248955260984 11.563287247591955 12.87346827175621 14.231917594533904 -9999 -9999 -9999 -9999 -9999 -9999 -9999 -9999 -9999 -9999 -9999 -9999
-9999 -9999 -9999 -9999 -9999 -9999 -9999 -9999 -9999 -9999 8.537389827243349 8.928297177069139 9.672395616004069 10.828433649435713 11.835238488372251 12.638139344803431 12.370345996683033 11.844005548318195 11.149700306638056 10.06170855888532 9.620588024230546 9.166397343226429 8.841561290667704 8.973140215902914 9.609649856821328 10.22071042756561 10.53547510766477 10.386658838246634 10.383581886022595 10.126286518350136 9.818095587526253 9.299541569219368 9.7641057171768 10.381495241143918 10.163392006548962 10.139166376089175 10.944775263969701 12.222064473225545 13.854514801845474 -9999 -9999 -9999 -9999 -9999 -9999 -9999 -9999 -9999 -9999 -9999 -9999 -9999
-9999 -9999 -9999 -9999 -9999 -9999 -9999 -9999 -9999 -9999 -9999 -9999 11.327346451745198 11.836017552968723 11.915489823477689 11.948372308491535 11.763190399104786 11.799289800656748 10.909808899890379 9.995080395509289 9.390013259093092 8.880716076431439 8.841113338949091 8.927346201347799 9.357975101833077 9.99393287074085 10.433961012810103 10.705428939308604 10.486695429087664 10.352271373388751 10.212672799958474 10.108916961156009 9.892712405251688 9.980482766111493 10.147265432232443 10.50056974874512 11.559427738703235 12.235648389684961 13.580227125456865 15.074832764763329 -9999 -9999 -9999 -9999 -9999 -9999 -9999 -9999 -9999 -9999 -9999 -9999
-9999 -9999 -9999 -9999 -9999 -9999 -9999 -9999 -9999 -9999 -9999 9.824191896277204 10.499310755800854 11.001577933116211 11.313848734186626 10.96246558194407 10.4616764934929 10.259532851779932 10.194070964314983 10.033439231358457 9.468602803423336 9.29957141119135 9.47321275894518 9.806521359771915 10.007188062756617 9.989044968395733 10.079182860341113 9.75648302796061 9.975404384305506 9.90808568877884 10.080427274707622 10.092638139634968 10.091876192481832 10.091323165010703 9.751176099647381 10.360916969703496 11.322800696768544 12.97064833838615 14.996695570472749 -9999 -9999 -9999 -9999 -9999 -9999 -9999 -9999 -9999 -9999 -9999 -9999 -9999
-9999 -9999 -9999 -9999 -9999 7.656416027056083 6.985022648219711 7.072283268489929 7.463032719326367 8.632821746381131 9.318640807203849 9.84621074957194 9.823487180274428 9.893931094302376 9.824670894141537 9.35632896644516 9.211459323384759 9.18998639256872 9.331130426701339 9.595362724766446 9.960924481775407 10.287256143663043 10.577755869236874 10.584325631360596 10.599749955428678 10.2578174237736 10.116153322491034 9.594612746800378 9.8967135983367 10.23446874148344 10.305534527436153 10.443614578984075 10.224229674208065 10.5903799090366 11.382470061570347 12.468700699118733 13.383097463357082 14.03273202366154 -9999 -9999 -9999 -9999 -9999 -9999 -9999 -9999 -9999 -9999 -9999 -9999 -9999 -9999
-9999 -9999 -9999 -9999 8.23383126201966 8.256823794949339 8.327771463206798 8.899119757771247 8.916440911106776 9.368803376334112 9.311513526738599 9.436725273354776 9.123420701059182 9.084201051883047 9.045854739156198 8.800395375712386 8.720249446756112 9.017535008708995 9.41785031891441 9.724737107118397 9.995015578293136 10.026721696755066 10.223761641705078 10.132266028447658 10.150426855161363 10.409522064823953 10.369228014964936 10.281765111180578 10.112423599171592 10.153143892028579 10.565136084492924 11.153815346836051 11.585248390485125 12.104488027068772 12.866144054713994 -9999 -9999 -9999 -9999 -9999 -9999 -9999 -9999 -9999 -9999 -9999 -9999 -9999 -9999 -9999 -9999 -9999
-9999 -9999 -9999 8.155678585462724 8.585879704147679 8.719027507981473 8.579657738327615 8.793830001744352 8.706746448472927 8.968372940811296 8.719619956996548 8.900746927703056 8.93735684965254 8.923223781414375 9.198941437174296 9.168952089774717 9.162665376454118 9.174557073757589 9.294860067888363 9.779820596932607 10.150130060443523 10.165958708472488 9.984136195689258 10.226458360992105 10.393881559996558 10.650616678264846 10.71977524641297 10.676343815374963 11.358078869696175 11.974357344672306 12.822516407594113 -9999 -9999 -9999 -9999 -9999 -9999 -9999 -9999 -9999 -9999 -9999 -9999 -9999 -9999 -9999 -9999 -9999 -9999 -9999 -9999 -9999
-9999 -9999 -9999 7.322470758742689 8.348456422779746 9.909109551006805 9.972852583692312 9.19233612997672 9.166153207518752 8.805600294545048 8.518062930382667 8.25736039752576 8.97226200961869 9.427626291252723 9.375716399801117 9.188182136415003 9.127959415340344 9.059220457192763 9.399877712355336 9.894782468999963 9.978408030890844 10.006342222940498 9.962077755183898 10.118905335848854 10.575402893040108 10.895680433606362 11.306196731046699 11.637901364108481 19.77960620561144 -9999 -9999 -9999 -9999 -9999 -9999 -9999 -9999 -9999 -9999 -9999 -9999 -9999 -9999 -9999 -9999 -9999 -9999 -9999 -9999 -9999 -9999 -9999
-9999 -9999 -9999 6.941161833164065 8.546602487630881 10.396279013575702 11.089981203895476 10.616064373554153 9.565463252549023 8.712974595621379 8.262352487244112 8.043457884557847 8.371772448374871 9.011372623706519 9.655631966880547 9.861186509554162 9.581769361211633 9.574575275512887 9.735327514359994 9.93687972269689 9.765786511643311 9.800117488435124 9.76183445293576 9.99083694967482 10.778118531286724 11.817377447159775 -9999 14.060285190402643 -9999 -9999 -9999 -9999 -9999 -9999 -9999 -9999 -9999 -9999 -9999 -9999 -9999 -9999 -9999 -9999 -9999 -9999 -9999 -9999 -9999 -9999 -9999 -9999
-9999 -9999 -9999 8.983239469355198 10.094903130122137 11.089291533421388 10.628399118441576 9.645980790245995 9.014665502710114 8.882488040092731 8.618825255160253 8.183876482540905 8.386605269900514 8.860400024898029 9.166772099757631 9.993097903668712 9.698017752908203 10.053913737418398 10.273365132388356 10.565350252109894 10.770105950868835 10.393393332934744 10.97179060770957 19.524730372328893 19.924337334749747 20.553333878318924 20.402853407710708 -9999 -9999 -9999 -9999 -9999 -9999 -9999 -9999 -9999 -9999 -9999 -9999 -9999 -9999 -9999 -9999 -9999 -9999 -9999 -9999 -9999 -9999 -9999 -9999 -9999
-9999 -9999 -9999 -9999 11.965169241016202 12.306508878363106 11.595277676897375 10.547688014633604 10.00354249606455 9.873318921413551 9.123551531619572 8.80546099751833 8.876258163496338 8.886103982391658 9.20185304058041 9.255912319980524 9.596651332420675 9.717978703802984 10.214283396592112 10.438350150128157 11.330038044172875 11.605248302550313 11.61720224323244 20.3366289605848 -9999 -9999 -9999 -9999 -9999 -9999 -9999 -9999 -9999 -9999 -9999 -9999 -9999 -9999 -9999 -9999 -9999 -9999 -9999 -9999 -9999 -9999 -9999 -9999 -9999 -9999 -9999 -9999
-9999 -9999 -9999 -9999 12.336838993564793 12.01177909501329 12.01710836821816 11.2760486922411 10.829526198126766 9.78089092942984 9.722931109677264 8.888008429941198 8.939944787584349 9.011766380635017 9.345516033148648 9.78193356142488 10.178041272918216 10.54504761183625 10.640906089531436 10.968781704780453 11.449803300167913 11.573663815220346 11.464319811557525 12.244571639098512 20.489450775306267 -9999 -9999 -9999 -9999 -9999 -9999 -9999 -9999 -9999 -9999 -9999 -9999 -9999 -9999 -9999 -9999 -9999 -9999 -9999 -9999 -9999 -9999 -9999 -9999 -9999 -9999 -9999
-9999 -9999 -9999 -9999 12.43595415106828 12.73458356991886 12.089999876205097 11.238196746236332 10.490077375968763 9.972592993995043 10.023539995473012 9.637816268241178 9.5117798859549 9.547133796151408 9.814418418152657 10.675164808974275 10.434370332075266 11.21529367022084 11.624111994548386 11.546077475027724 11.330543507587526 11.388708307561894 11.654172744206742 13.75500804462899 -9999 -9999 -9999 -9999 -9999 -9999 -9999 -9999 -9999 -9999 -9999 -9999 -9999 -9999 -9999 -9999 -9999 -9999 -9999 -9999 -9999 -9999 -9999 -9999 -9999 -9999 -9999 -9999
-9999 -9999 -9999 -9999 12.940056569690581 12.835821298647476 12.24616049301464 11.244863925576091 10.128867834391333 10.110386815242077 9.778293387535392 9.488326184410688 8.819850793834211 9.082836486092914 9.496211089832821 10.603808391162248 11.306696116076072 11.636590137714714 11.012799076868827 10.816976463587473 10.995098856850976 11.366244026415725 12.387092353075992 -9999 -9999 -9999 -9999 -9999 -9999 -9999 -9999 -9999 -9999 -9999 -9999 -9999 -9999 -9999 -9999 -9999 -9999 -9999 -9999 -9999 -9999 -9999 -9999 -9999 -9999 -9999 -9999 -9999
