metrics/grid_rasters/CCI Active/grideval_CCI Active_Y_2015_absolute_ubrmsd.asc
ncols 52
nrows 55
xllcorner     11.25
yllcorner     55.25
cellsize      0.25
NODATA_value  -9999
[rows 0 to 29 of 55, columns 0 to 51 of 52]
-9999 -9999 -9999 -9999 -9999 -9999 -9999 -9999 -9999 -9999 -9999 -9999 -9999 -9999 -9999 -9999 -9999 -9999 -9999 -9999 -9999 -9999 -9999 -9999 -9999 -9999 -9999 -9999 -9999 -9999 -9999 -9999 -9999 -9999 -9999 -9999 9.742892796580136 9.596367620066344 9.697398888051453 -9999 -9999 -9999 -9999 -9999 -9999 -9999 -9999 -9999 -9999 -9999 -9999 -9999
-9999 -9999 -9999 -9999 -9999 -9999 -9999 -9999 -9999 -9999 -9999 -9999 -9999 -9999 -9999 -9999 -9999 -9999 -9999 -9999 -9999 -9999 -9999 -9999 -9999 -9999 -9999 -9999 -9999 -9999 -9999 -9999 -9999 -9999 -9999 -9999 9.30101641899859 8.489330640688024 9.779413793569642 9.620083199913166 9.765261122881368 9.775429950765671 -9999 -9999 -9999 -9999 -9999 -9999 -9999 -9999 -9999 -9999
-9999 -9999 -9999 -9999 -9999 -9999 -9999 -9999 -9999 -9999 -9999 -9999 -9999 -9999 -9999 -9999 -9999 -9999 -9999 -9999 -9999 -9999 -9999 -9999 -9999 -9999 -9999 17.128032874969815 13.629518402223944 12.669194195152006 12.622929181046755 16.58456199847914 15.335577145391872 14.84130352979551 -9999 12.88281845945955 11.402625563261447 9.961693586017804 9.873994314797226 9.70368717217636 9.752195030493588 10.467304633629483 11.179726559896288 11.905133830350925 12.460638475994356 12.567248880880095 -9999 -9999 -9999 -9999 -9999 -9999
-9999 -9999 -9999 -9999 -9999 -9999 -9999 -9999 -9999 -9999 -9999 -9999 -9999 -9999 -9999 -9999 -9999 -9999 -9999 -9999 -9999 -9999 -9999 -9999 -9999 -9999 -9999 21.687445042497593 15.97459151367342 15.069868858755386 13.121772090349126 14.490639120091796 14.883128774906789 14.03517138361716 13.077985515749333 12.584176923406238 12.431949035254119 11.864412556415052 11.233347607646254 11.428231886355979 11.894030988046644 11.93030528540338 12.415827688334682 12.622468705212436 13.027513440690148 13.194471558589717 13.353638391223285 13.141666622770655 -9999 -9999 -9999 -9999
-9999 -9999 -9999 -9999 -9999 -9999 -9999 -9999 -9999 -9999 -9999 -9999 -9999 -9999 -9999 -9999 -9999 -9999 -9999 -9999 -9999 -9999 15.411170366562615 13.475400673903115 13.060750869299731 13.547519738922976 12.67006022886868 13.25113772272047 12.808558062488544 11.204133994677944 12.216083788050838 12.178384131303424 11.711433632594366 12.270390131994695 12.819984633205236 12.957223139625974 12.805815106379125 13.069867307443445 12.64918219733311 12.373339528799407 12.397011776384122 12.576218266057618 12.734347217879677 12.945490117126505 12.322973576809385 12.327643548514937 12.143787624177953 10.958272659227596 10.558043591473144 -9999 -9999 -9999
-9999 -9999 -9999 -9999 -9999 -9999 -9999 -9999 -9999 -9999 -9999 -9999 -9999 -9999 -9999 -9999 -9999 -9999 -9999 -9999 -9999 14.497369070801726 14.72014904567132 12.398748821701016 13.092633445071865 9.762533106130213 10.841516816165774 11.382964519612866 12.183850286454554 13.751193712536786 12.504214011571126 11.677720535390904 11.217462954061974 12.038694772190945 12.896979422732244 13.597826412603778 13.160210366259651 12.760865933359339 12.389525947109373 11.840596343647993 11.879241584100404 11.272263720678144 11.034257279795627 11.078130554769716 10.7926231355951 10.906272309070776 10.464104651378257 9.826143923100569 10.129499842772342 -9999 -9999 -9999
-9999 -9999 -9999 -9999 -9999 -9999 -9999 -9999 -9999 -9999 -9999 -9999 -9999 -9999 -9999 -9999 -9999 -9999 -9999 -9999 16.378821644705816 11.747229943724186 11.84761597946208 12.88336043257658 14.95557152344229 17.232864179085528 14.510317859530609 14.923381639747578 14.693461359432302 13.602843850057932 13.205547388491723 11.941345512364759 12.423520617346 13.253882300118578 13.180167523161618 12.806691650322893 12.982249796263867 12.660727407911113 11.947824218391842 11.635461229660384 11.354820574493171 11.163599809052545 10.955200804932744 10.480706377488797 9.796205671752377 9.293333322624395 8.865956695138422 9.2116984392703 8.696142366962679 8.406644168424279 -9999 -9999
-9999 -9999 -9999 -9999 -9999 -9999 -9999 -9999 -9999 -9999 -9999 -9999 -9999 -9999 -9999 -9999 -9999 -9999 -9999 -9999 -9999 13.125870281527385 11.061415814495074 15.712843730494141 15.314183886065313 14.841236243436466 16.249249477896548 14.921928599584913 13.207120464594786 13.445828954288142 12.95377774115541 12.233970558138726 12.838003993433249 12.664142821653307 12.3432055489518 12.42541912412519 12.60346418557617 11.483002083523187 11.405284666226065 11.83233160712291 11.39510175558639 11.580893934269007 11.396325924301305 11.086383254367876 10.824085649043319 9.66609692205793 9.0259230479314 9.205102070537926 9.023987027167195 -9999 -9999 -9999
-9999 -9999 -9999 -9999 -9999 -9999 -9999 -9999 -9999 -9999 -9999 -9999 -9999 -9999 -9999 -9999 -9999 -9999 -9999 9.872943786328767 9.331245075098707 8.786659742070666 8.564578668246543 8.456813738641147 11.238281197125358 12.046304798829016 12.011763537709658 12.543285514160242 12.037096986640366 12.173784225042805 11.735296548690181 11.103884694538213 10.972926887848823 11.42960142030693 11.017305929532883 11.03151606955003 10.917450951139537 11.120662058354403 11.513551952530612 11.070959246151538 10.58971675535948 10.441500922113708 10.089440726559813 9.864524199122133 10.697842718350099 11.017464214734176 11.026066092027223 11.145131478048427 10.064506565422668 10.213102896669565 9.917223839276607 -9999
-9999 -9999 -9999 -9999 -9999 -9999 -9999 -9999 -9999 -9999 -9999 -9999 -9999 -9999 -9999 -9999 -9999 -9999 8.89744496690943 9.101335944471703 10.058935678681204 11.802477971743574 11.5527604592204 11.392765364339425 11.172740179606066 10.706749936361298 11.477235569272535 11.611422577674013 11.914231003480364 11.528523424853065 11.442359286745353 10.836728871046123 10.199874379982093 9.809930698785664 9.592752873910396 9.248087977379175 8.992319807113946 9.566239429879873 9.75864922294056 11.124875187692727 11.323623819724364 11.025343242901744 11.009679136637542 11.625310950385506 11.569444231386294 11.84716828549124 11.87576138079918 12.203080599557731 12.31738821947407 11.94740358067376 10.657304901107793 -9999
-9999 -9999 -9999 -9999 -9999 -9999 -9999 -9999 -9999 -9999 -9999 -9999 -9999 -9999 -9999 -9999 -9999 7.97982830131187 8.430388551745441 10.515104463610934 12.270862235797875 11.516430843397892 10.775280009197244 10.69614061761258 10.51303288730201 10.356462969781491 10.6025987714023 11.057169594297891 11.237093372489037 11.656429523302775 11.919728747137723 11.216029739237893 10.679206543334107 10.532088164648613 9.372103683458 10.03064635495461 10.065157648279934 10.445431785165113 10.738578759370695 10.957214292874728 11.254656037759073 11.696908112453912 12.285975569453257 12.138619811377525 11.985531171289043 12.061476007218149 12.216375890483189 12.388185961763954 12.615847447132015 12.93764714052883 -9999 -9999
-9999 -9999 -9999 -9999 -9999 -9999 -9999 -9999 -9999 -9999 -9999 -9999 -9999 15.114488123546 12.357377178944773 10.879621363181986 9.626579266080967 9.192609834583203 10.650551888904827 10.515756581315392 11.988797666790745 11.744991989857125 11.352463502741795 10.749849752840891 10.426931415148557 10.20979866531687 10.41767897136314 10.487749167929405 10.335271570028317 10.300280444007923 10.35239539280558 11.031210400933132 10.937219395333583 11.175928768705829 10.795630766391096 10.757277959153182 11.084957272348454 11.332040337701528 11.412245896027827 11.4035044589709 11.394424513381644 11.450251764532853 11.492709702403314 11.679478750034493 11.78368753027572 12.146587418679374 12.470568448997454 12.54143127805624 12.892919485396636 13.51634283470107 13.960841890569155 -9999
-9999 -9999 -9999 -9999 -9999 -9999 -9999 -9999 -9999 -9999 -9999 -9999 -9999 14.704756038540973 13.763745948313865 12.80739210462513 12.526018418468306 12.652238307703064 13.825227540028362 13.146417509743738 12.597445936449663 12.55315638970583 11.892589085436224 11.223841264117631 10.904306578275836 10.400086523320352 10.319297558110652 10.438721318033783 10.813878184915216 10.814362631954225 10.621724134437995 11.171716857191779 11.271643860611665 11.271541132579227 11.150973401813813 11.039965611533356 11.3734399538092 11.329086181958626 11.260814432373314 11.256872043003154 11.140953235008853 11.109917762863107 11.304202030097981 11.699535581764515 12.065655283410349 12.322420676060483 12.55720257990788 13.20513531755066 13.381312182086889 13.65836560900378 14.336829083269365 14.518589211545393
-9999 -9999 -9999 -9999 -9999 -9999 -9999 -9999 -9999 -9999 -9999 -9999 -9999 14.093527896352345 14.334323914796213 13.78669691148046 14.000866135619885 13.772953167285738 13.300852570472612 12.667012557824687 11.733276060337198 11.206342458549367 11.118671625689762 11.223880659590463 11.013139047962277 10.620518407569392 10.36245752150841 -9999 10.511737719805444 11.298363843306287 11.302964844716511 11.25541490991602 11.219951290130956 11.093082380725141 11.102534073147917 11.386044597995093 11.354642238228411 11.410187671752462 11.339857846408696 11.120138444304759 11.411285530654116 15.457244292256034 15.723459678854427 15.684391718145188 -9999 -9999 -9999 -9999 -9999 -9999 -9999 -9999
-9999 -9999 -9999 -9999 -9999 -9999 -9999 -9999 -9999 -9999 -9999 -9999 -9999 12.107594899854016 12.763989189986086 12.953446705408425 13.019373442706124 12.826757117207356 12.428751128101585 11.486768722178178 11.324667280883752 11.2905180002084 11.32105762822436 11.660912187277182 11.253312290592747 11.099121027963006 10.636918476495342 10.344253949726262 10.358891232785409 10.288959183663524 10.4231537274181 10.619046570072813 10.612230644444963 11.002024119424956 11.193259431765943 11.452512106302464 11.475459687683886 11.64932221777351 11.512038675964492 11.743566574763973 12.418831257322134 -9999 -9999 -9999 -9999 -9999 -9999 -9999 -9999 -9999 -9999 -9999
-9999 -9999 -9999 -9999 -9999 -9999 -9999 -9999 -9999 -9999 -9999 -9999 12.561907765294896 10.969029042843912 12.507824291342043 13.575481898867336 13.274854149924982 12.632020053923581 11.768304234222365 11.088900442491417 10.971529922881134 11.16700151113379 11.260378238806682 11.374429796005886 11.341742091832074 11.037645047606995 10.721336504864158 10.420220106715515 10.199159817886171 9.97860546691642 9.88791757762875 10.388713310266883 10.998680415869886 11.28025741106456 11.268569134503508 11.316403379435608 11.303665054190235 11.327278637899067 11.886368772459345 12.609007733699686 13.051284800504696 -9999 -9999 -9999 -9999 -9999 -9999 -9999 -9999 -9999 -9999 -9999
-9999 -9999 -9999 -9999 -9999 -9999 -9999 -9999 -9999 -9999 -9999 13.74551714771194 13.793085297525373 13.217355513718767 14.326543906790723 14.185387026254988 12.076740772899448 11.537830198565793 11.292832893272159 10.942704409734333 10.594499512706712 10.637543996724657 10.873777543529222 10.99938401895429 11.024568604886657 10.816251356255872 10.702401246236104 10.45334381990699 10.387603279742516 10.153882570788983 10.27189771436335 11.047145610485773 11.62658798437542 11.638486720746846 11.381609860637347 11.490306626892837 11.331955048384245 11.778584071736345 12.776958345099072 13.738984378630855 -9999 -9999 -9999 -9999 -9999 -9999 -9999 -9999 -9999 -9999 -9999 -9999
-9999 -9999 -9999 -9999 -9999 -9999 -9999 -9999 -9999 -9999 12.47654027425775 13.642864761565516 14.561558128069905 14.550992872656384 14.609724752633245 12.237896041427716 11.60644203937693 11.041764436195304 10.523892499037254 10.106773859441864 9.967341412990251 9.756066889205039 10.20396560604188 10.386713829341456 10.93442547812109 11.036583646182928 10.893770678395398 10.616190670007565 10.376233835780473 10.255601192678856 10.103813997868276 10.57159058884166 10.982239851549409 11.249562997120075 11.291712945538983 11.0418221435744 11.323790716363947 12.020552450425464 13.058308753610008 -9999 -9999 -9999 -9999 -9999 -9999 -9999 -9999 -9999 -9999 -9999 -9999 -9999
-9999 -9999 -9999 -9999 -9999 -9999 -9999 -9999 -9999 -9999 -9999 -9999 13.364261434776976 12.270387322019504 11.271293388301165 11.11339238751442 10.935999001880967 10.655382224641363 10.219186285516658 9.973400094791428 9.80160148200634 9.678064386481342 9.7426609098536 10.296565721224008 10.634962506447588 10.876594448590662 10.969053572554618 10.972656643951137 11.123902238257275 10.907833525637988 10.971255008158668 10.832073543664727 10.924455641866519 10.99852649761845 10.881468024502396 10.86973111800234 11.40257234389338 12.196287847091508 13.314678103220256 14.193119328039336 -9999 -9999 -9999 -9999 -9999 -9999 -9999 -9999 -9999 -9999 -9999 -9999
-9999 -9999 -9999 -9999 -9999 -9999 -9999 -9999 -9999 -9999 -9999 12.964870462147006 12.532922128847012 11.830319784867148 11.280810219745808 10.248405871987128 10.073138753488161 10.127528028820036 9.985464252970115 9.907988530428891 9.73336603617593 10.075446604910915 10.232240273066834 10.537185416416401 11.23785616514718 11.277257995076544 11.295759243729789 11.239376866407792 11.104471362178211 10.950205318666217 10.8694525443114 10.36479107454343 10.358733713667872 10.470882955051461 10.20909613317132 11.030181153180788 11.901156130472154 13.097101025241166 14.366926414212086 -9999 -9999 -9999 -9999 -9999 -9999 -9999 -9999 -9999 -9999 -9999 -9999 -9999
-9999 -9999 -9999 -9999 -9999 11.844756061498904 12.320491516382024 12.096212460226415 11.2848413322733 12.003742965075082 11.87822126768376 11.473270846469092 10.720115623091056 10.62485211610675 9.691509806499825 9.482895283491905 9.42745371338066 9.315541705457766 9.34605327229993 9.643613488253813 9.754079765341114 10.130103260742676 10.315681753332141 10.494908903176992 11.042030737675812 10.919098523370934 10.784485931102786 10.708829091601217 10.576762323652565 10.491346323918735 10.539973456388664 10.32987176491627 10.175058735355726 10.676882536137006 10.894631653222902 11.601001278756838 12.416924081196429 13.211624626192064 -9999 -9999 -9999 -9999 -9999 -9999 -9999 -9999 -9999 -9999 -9999 -9999 -9999 -9999
-9999 -9999 -9999 -9999 10.841454508431585 9.901815841350297 10.518253571575354 10.731579856613047 10.882569292304638 10.312422197983713 10.341108883883297 10.235062517225488 10.005182053469646 9.942913945116516 9.505369928206084 9.493344845419674 9.306128835796393 9.303473396279044 9.397451035792153 9.417263175418276 9.428739361762661 9.810753686031065 10.02398869207469 9.945594705777848 10.635300231308296 10.593335425408624 10.435362677555279 10.456605793108588 10.540087036379413 10.647280326564603 10.63605891816339 11.494257127357 11.766560053533928 11.894336910517369 12.62533584778871 -9999 -9999 -9999 -9999 -9999 -9999 -9999 -9999 -9999 -9999 -9999 -9999 -9999 -9999 -9999 -9999 -9999
-9999 -9999 -9999 11.483001624023926 11.090278652020604 10.048794491603918 10.038923434999838 10.282086367060918 10.259622771139485 10.123078856691702 9.963972568336132 9.760879821136044 9.792324064871716 9.637528697917952 9.738735306549394 9.760084451357653 9.786593981950515 9.822449782790267 9.786896498116324 9.754669267504694 9.739427028203584 9.568799539447893 9.386192367437307 9.47735228451462 9.754017210438192 9.88793540004489 9.857874890665409 9.995362252676822 10.357767817667463 10.951406355835967 11.939931765656807 -9999 -9999 -9999 -9999 -9999 -9999 -9999 -9999 -9999 -9999 -9999 -9999 -9999 -9999 -9999 -9999 -9999 -9999 -9999 -9999 -9999
-9999 -9999 -9999 12.19731350652141 13.638272310308544 14.222998793507793 12.749106743631597 11.136813143443058 10.681379579925931 10.371929582619039 10.214250407186789 9.998136957626507 9.783147333950481 9.583772234142847 9.704540267599658 9.549791779183296 9.620355319343966 9.51177745996167 9.778985863561124 9.754517832162188 9.757408959946185 9.592477341377496 9.541454734627104 9.665596167877231 9.47438506889019 9.612496724349215 10.011018081976397 10.428129728972486 14.166130493983196 -9999 -9999 -9999 -9999 -9999 -9999 -9999 -9999 -9999 -9999 -9999 -9999 -9999 -9999 -9999 -9999 -9999 -9999 -9999 -9999 -9999 -9999 -9999
-9999 -9999 -9999 11.05815815927336 11.823089987357942 13.177868931411355 11.852550368060616 10.739681154755047 10.279112444115997 9.909313379125107 9.475911881893714 9.798213413176896 9.741737811616597 9.594980068174381 9.68557422990751 9.661098256138411 9.793206692710188 9.958454396168039 9.946347410940593 9.93065397663115 9.794391200220588 9.872685598145935 9.919094453370707 9.85431668098748 10.374035107125973 10.484238203139142 -9999 12.515415775775852 -9999 -9999 -9999 -9999 -9999 -9999 -9999 -9999 -9999 -9999 -9999 -9999 -9999 -9999 -9999 -9999 -9999 -9999 -9999 -9999 -9999 -9999 -9999 -9999
-9999 -9999 -9999 9.07771228320731 9.71469467342214 9.93175298027629 9.741370131841283 9.575491049851127 9.490908396313918 9.56560733726366 9.274646374777817 9.40425949766458 9.951948627388498 9.808285702039214 9.614490388430008 9.63998063647014 9.844128895725024 9.778465022406927 10.071472388777657 10.066507352047829 10.156158286089523 9.993271284616156 10.681466199781848 13.803571745871023 14.809109779021929 14.931292560673427 15.598763534205663 -9999 -9999 -9999 -9999 -9999 -9999 -9999 -9999 -9999 -9999 -9999 -9999 -9999 -9999 -9999 -9999 -9999 -9999 -9999 -9999 -9999 -9999 -9999 -9999 -9999
-9999 -9999 -9999 -9999 9.437894235465171 9.422777975085438 9.466691470076231 9.643306415850457 9.760020531320931 9.636386416881626 9.975151468829884 10.125163120380043 10.225792648852137 10.137041500070415 9.848874446746873 9.69819034866056 9.756526292822251 9.568636802434144 9.570436287301717 9.90016000297994 10.421996271630324 10.80715105889334 11.02789402618434 14.830638460206618 -9999 -9999 -9999 -9999 -9999 -9999 -9999 -9999 -9999 -9999 -9999 -9999 -9999 -9999 -9999 -9999 -9999 -9999 -9999 -9999 -9999 -9999 -9999 -9999 -9999 -9999 -9999 -9999
-9999 -9999 -9999 -9999 9.80809671122134 9.61975327043702 9.902785916301877 10.057924159844287 9.750881115758002 9.976062588585686 10.141206465193608 10.038488641370414 9.96954854634896 9.9896111640949 10.189307657569907 9.869598088588491 9.703787890130224 9.796354170622633 9.605122617653368 10.25900740804941 10.440635801789039 10.940207172252753 11.343725878229165 11.95837173840595 16.15651964837585 -9999 -9999 -9999 -9999 -9999 -9999 -9999 -9999 -9999 -9999 -9999 -9999 -9999 -9999 -9999 -9999 -9999 -9999 -9999 -9999 -9999 -9999 -9999 -9999 -9999 -9999 -9999
-9999 -9999 -9999 -9999 9.675310746542586 9.388260545914687 9.161249128194383 9.067840905943237 8.661065754179901 8.872326997359677 9.758186711636435 9.432791447748007 9.33526001475682 9.24454416515506 9.45262095212588 9.840566512218972 9.548317972569032 9.814713764395076 10.241216358831362 10.13782048051627 10.081768519802578 10.32835849121001 10.640402441598484 12.46681341089226 -9999 -9999 -9999 -9999 -9999 -9999 -9999 -9999 -9999 -9999 -9999 -9999 -9999 -9999 -9999 -9999 -9999 -9999 -9999 -9999 -9999 -9999 -9999 -9999 -9999 -9999 -9999 -9999
-9999 -9999 -9999 -9999 11.661988311304949 10.974898518049832 10.532176617556964 9.382615747376867 8.7096018279447 8.770494763848701 8.737988279939499 8.563275813924513 8.58023369598899 8.860618539036395 9.06967622956899 9.5667058914778 9.853855337652453 9.889263294149439 10.035937280853886 9.984737627043543 10.003834121008175 10.130269293315784 10.762978080231175 -9999 -9999 -9999 -9999 -9999 -9999 -9999 -9999 -9999 -9999 -9999 -9999 -9999 -9999 -9999 -9999 -9999 -9999 -9999 -9999 -9999 -9999 -9999 -9999 -9999 -9999 -9999 -9999 -9999
