metrics/grid_rasters/CCI Active/grideval_CCI Active_Y_2015_absolute_bias.asc
ncols 52
nrows 55
xllcorner     11.25
yllcorner     55.25
cellsize      0.25
NODATA_value  -9999
[rows 0 to 29 of 55, columns 0 to 51 of 52]
-9999 -9999 -9999 -9999 -9999 -9999 -9999 -9999 -9999 -9999 -9999 -9999 -9999 -9999 -9999 -9999 -9999 -9999 -9999 -9999 -9999 -9999 -9999 -9999 -9999 -9999 -9999 -9999 -9999 -9999 -9999 -9999 -9999 -9999 -9999 -9999 -80.68459702069445 -80.94520220993542 -80.7092499849734 -9999 -9999 -9999 -9999 -9999 -9999 -9999 -9999 -9999 -9999 -9999 -9999 -9999
-9999 -9999 -9999 -9999 -9999 -9999 -9999 -9999 -9999 -9999 -9999 -9999 -9999 -9999 -9999 -9999 -9999 -9999 -9999 -9999 -9999 -9999 -9999 -9999 -9999 -9999 -9999 -9999 -9999 -9999 -9999 -9999 -9999 -9999 -9999 -9999 -80.14521112793113 -81.73873558741847 -80.77948660403491 -80.29309192203706 -79.52841685361162 -79.3469285644308 -9999 -9999 -9999 -9999 -9999 -9999 -9999 -9999 -9999 -9999
-9999 -9999 -9999 -9999 -9999 -9999 -9999 -9999 -9999 -9999 -9999 -9999 -9999 -9999 -9999 -9999 -9999 -9999 -9999 -9999 -9999 -9999 -9999 -9999 -9999 -9999 -9999 -67.94969275385834 -73.59058357800255 -76.81572603968392 -76.95819156103094 -72.77187638925236 -70.47750088354718 -68.69863920874786 -9999 -72.79247482879931 -77.26339409692483 -80.35519987146688 -81.58266383087563 -81.56299921330864 -81.03109269045248 -80.18772469899771 -79.59139870497876 -79.25174530022072 -79.22777725702309 -79.40590048107234 -9999 -9999 -9999 -9999 -9999 -9999
-9999 -9999 -9999 -9999 -9999 -9999 -9999 -9999 -9999 -9999 -9999 -9999 -9999 -9999 -9999 -9999 -9999 -9999 -9999 -9999 -9999 -9999 -9999 -9999 -9999 -9999 -9999 -67.90518849790097 -74.883140822836 -76.68555175746329 -75.6575932156472 -70.99435456369234 -67.18116071750951 -65.55926135748625 -67.01302851046678 -69.97094095425635 -72.12857532428973 -74.66746199533252 -76.68625445847894 -77.56219796032616 -77.90828428936726 -78.23163813379844 -78.01623343066736 -77.99518891845061 -77.27621119359027 -76.86933183779745 -76.80844415516566 -76.91958625289527 -9999 -9999 -9999 -9999
-9999 -9999 -9999 -9999 -9999 -9999 -9999 -9999 -9999 -9999 -9999 -9999 -9999 -9999 -9999 -9999 -9999 -9999 -9999 -9999 -9999 -9999 -70.65020898635814 -74.41259667966642 -76.37671938182703 -77.07564072733125 -78.22546802867542 -79.45011302127556 -80.15232469303774 -80.79535535259069 -77.43364930030751 -75.63820403471351 -74.16799691667522 -72.02971362103435 -71.56174551062287 -71.71780744572112 -72.05663679015858 -71.89530000715199 -73.01291002997431 -74.40966790496576 -75.6814472531797 -76.70968860487143 -76.99498293234642 -76.57761255254646 -76.5353516594027 -75.7778105808027 -75.56354146364963 -76.15378859333963 -76.40176736590374 -9999 -9999 -9999
-9999 -9999 -9999 -9999 -9999 -9999 -9999 -9999 -9999 -9999 -9999 -9999 -9999 -9999 -9999 -9999 -9999 -9999 -9999 -9999 -9999 -74.90835446008106 -76.92776254415512 -78.95483657973818 -78.47405186609218 -80.42862239226979 -79.39202409829059 -77.69344431493019 -75.41925464689204 -73.70224945118106 -75.38948401808739 -76.65029016678055 -77.38023343205063 -76.8556264844499 -76.01430779723276 -74.9078049928318 -73.9166623013623 -73.01471135056379 -73.22147878340209 -74.1798307296921 -74.98902018350292 -76.33016643858318 -77.73961885871344 -78.17142252322354 -78.24114682516198 -77.30344833523394 -77.0438483542807 -77.04482008418044 -76.11197576230158 -9999 -9999 -9999
-9999 -9999 -9999 -9999 -9999 -9999 -9999 -9999 -9999 -9999 -9999 -9999 -9999 -9999 -9999 -9999 -9999 -9999 -9999 -9999 -71.31470637637027 -78.12349083874285 -79.71494708611417 -79.68497312853209 -78.18555711669345 -76.19329657524823 -75.19138058559182 -71.35156671271145 -68.36741756684468 -68.60834532425953 -70.02184494079029 -72.96079639991125 -75.71603046630331 -76.85346981472311 -77.0103237414436 -76.11982893876491 -73.91729309447581 -72.53534327072542 -72.76717884383005 -73.67438175111047 -74.48221256778498 -75.05667926948517 -76.19946137764809 -77.49949068173488 -78.74711417523945 -79.2338989464948 -79.61938017746434 -79.15879215206951 -79.30379109439394 -78.64028626057791 -9999 -9999
-9999 -9999 -9999 -9999 -9999 -9999 -9999 -9999 -9999 -9999 -9999 -9999 -9999 -9999 -9999 -9999 -9999 -9999 -9999 -9999 -9999 -75.54462550946495 -78.50795856771015 -76.73799816241451 -76.85160043372692 -74.12640628673263 -70.78461046218872 -69.34206181720775 -69.82195050492341 -69.48972444832324 -69.86659632126491 -71.48410886387029 -73.28210901701217 -75.2691353998984 -77.03062339013171 -76.85413106146511 -75.6558164621775 -74.75669288286916 -74.11955340496904 -73.41213160054758 -73.89511872189385 -74.13993596799256 -75.14734500749681 -75.85437039627969 -76.29168129895093 -77.035707446054 -77.71567178966657 -77.12881076223637 -76.39298007906311 -9999 -9999 -9999
-9999 -9999 -9999 -9999 -9999 -9999 -9999 -9999 -9999 -9999 -9999 -9999 -9999 -9999 -9999 -9999 -9999 -9999 -9999 -77.6190614464283 -79.21474098939387 -80.05886580782834 -80.16287734866144 -79.61144567857826 -76.62912802479062 -73.82760718055356 -71.06905514911256 -68.03363517480526 -67.54608273280687 -68.08437643925215 -69.02648427261381 -69.62376621355612 -70.56248694293151 -71.15355872038083 -72.7786032977947 -74.43179248358254 -75.76809217443892 -76.40797059218605 -75.82685390687904 -75.0191977164602 -73.8632100799121 -73.04427249450238 -73.02346052634942 -73.41814061386944 -72.6733053673965 -72.77228536895694 -72.88237817727385 -72.88419772715194 -73.05939441412274 -73.21531617558084 -73.25383551398085 -9999
-9999 -9999 -9999 -9999 -9999 -9999 -9999 -9999 -9999 -9999 -9999 -9999 -9999 -9999 -9999 -9999 -9999 -9999 -80.50700384726127 -80.16150269645159 -79.03963409198656 -76.96083522774279 -76.51589695090318 -75.65829980362506 -74.11023019572785 -73.21611182014149 -72.03825661944633 -71.63735445317448 -71.69671943416199 -72.16955496966838 -71.37854230552912 -71.36504381263492 -71.30346905211219 -71.35398035676651 -71.37831839272066 -71.99436582458254 -73.25589797660416 -74.33826222044806 -75.19103496053663 -74.62068072601389 -72.99684976305389 -71.6872718918855 -70.91269147850862 -70.05888373339737 -69.46489880144595 -69.56034846173837 -69.86326229992329 -70.14989780219611 -70.43043448200962 -70.29714913520158 -70.38995819757966 -9999
-9999 -9999 -9999 -9999 -9999 -9999 -9999 -9999 -9999 -9999 -9999 -9999 -9999 -9999 -9999 -9999 -9999 -82.84531954376716 -82.24325695293625 -78.90202760315725 -75.36581591467063 -72.91422718689309 -72.199961313087 -70.80768448670831 -69.37583675574173 -68.12740669384499 -67.72889637202024 -68.13831316438214 -69.06371976476011 -69.99473960910525 -70.10476259460053 -70.01604779234668 -69.08178672559609 -68.14890398810823 -68.854267139345 -68.96014039083903 -69.3778064261083 -69.49088475028674 -70.08166533228207 -70.41437931658774 -70.26643405681656 -70.37090707858405 -69.81811738111614 -69.3921560080782 -68.70198009554774 -67.67487271467469 -67.13962756640879 -67.21973772123457 -67.4452677458895 -67.41932676860526 -9999 -9999
-9999 -9999 -9999 -9999 -9999 -9999 -9999 -9999 -9999 -9999 -9999 -9999 -9999 -72.13157307851564 -75.44017869357404 -78.4243917848966 -81.48253584694531 -82.72718257222857 -81.10706311868769 -78.91553418410237 -75.06015892093087 -72.91230185478926 -71.39196864905811 -69.36048299588006 -67.45524715450969 -66.81070198478714 -66.55008948191598 -66.43371036296358 -66.73656303700928 -67.57554845940578 -68.18001581466683 -68.14148352233923 -67.43508057542914 -67.28427923257861 -67.70717700805567 -68.44627718049053 -69.05417032799414 -69.53074350063032 -69.08642766159653 -68.31647360424867 -67.89336863200137 -68.05161782205104 -68.43550610631112 -68.23659204726188 -67.87610178029067 -67.70256054205329 -68.02083841691676 -68.75672015389428 -68.79897037286449 -68.75839135423303 -69.47442765851936 -9999
-9999 -9999 -9999 -9999 -9999 -9999 -9999 -9999 -9999 -9999 -9999 -9999 -9999 -72.59545601117685 -73.44190729701 -74.97153886766678 -76.75293481755537 -76.4866938121492 -74.94865313682767 -73.2221776506062 -71.01944198818119 -69.02149156366018 -68.50202090876037 -68.63744772762269 -68.85193637147032 -69.7706305620746 -70.33942859837164 -70.54157041506448 -70.42272226348082 -70.794367016029 -70.81195620892208 -70.5106478193163 -70.7887014555235 -70.84980511224606 -71.32952876470677 -71.66934547144056 -71.01604582067532 -70.63611532794313 -70.14843417480589 -69.53790232455357 -69.0294029538676 -69.20368653307297 -69.36660721861512 -69.29374419838372 -69.19199535413048 -68.7576338552935 -67.60778921871048 -67.5661525778232 -68.67185111685544 -70.0725917122649 -70.99480590919653 -71.87616724766245
-9999 -9999 -9999 -9999 -9999 -9999 -9999 -9999 -9999 -9999 -9999 -9999 -9999 -74.41005374099483 -73.55778526250893 -71.76142349971148 -70.69117141755608 -70.57149407486017 -70.3536580480675 -69.671119132567 -67.97827016471608 -68.07817311944268 -68.27598475302969 -68.59878889543728 -69.84348298359167 -71.71131236675299 -74.32632416029917 -9999 -74.93794379628052 -73.87318762875822 -73.27232139809526 -73.42836329792169 -72.88897356188217 -72.81220889689565 -72.81155982873585 -72.31201644261418 -72.0699549088037 -71.63873855260111 -71.62823664940173 -72.40317448085318 -72.55676697962487 -69.03003441106449 -67.29002149456862 -65.51338664984515 -9999 -9999 -9999 -9999 -9999 -9999 -9999 -9999
-9999 -9999 -9999 -9999 -9999 -9999 -9999 -9999 -9999 -9999 -9999 -9999 -9999 -79.10407241761055 -77.38966126226146 -74.26917111730636 -70.97843844202968 -68.75170592230721 -68.64013945247446 -68.10567383893898 -68.90175564607671 -69.8006181213614 -70.10511509461183 -70.51091386122046 -70.94484307540252 -72.08066262808484 -73.53435359186139 -74.2666958346449 -73.94724883108722 -73.69665245436235 -73.61946891694247 -73.81998854245516 -73.90114993356953 -73.72950077241931 -73.1665943413973 -72.29271464770525 -71.4829356770043 -71.23917383897691 -72.04792398432637 -72.81577097407039 -72.83435116049016 -9999 -9999 -9999 -9999 -9999 -9999 -9999 -9999 -9999 -9999 -9999
-9999 -9999 -9999 -9999 -9999 -9999 -9999 -9999 -9999 -9999 -9999 -9999 -79.58656310761968 -80.5053125420405 -77.62803876567334 -72.7356402553922 -69.35168654573592 -67.86248910711723 -66.54267148936496 -68.47367440255945 -69.85654673218313 -71.26456443706735 -71.79951716969683 -71.76690267549445 -72.52036882216898 -73.4842822355032 -73.97290147223363 -73.84899135101709 -72.90836716588441 -72.44998662351378 -72.66703643272321 -72.82032284457837 -73.13484051263636 -73.8656149997543 -74.06333004425164 -73.41921925976088 -72.55602397928315 -72.48784743696451 -72.6946138660537 -72.2837281919208 -71.8485585551664 -9999 -9999 -9999 -9999 -9999 -9999 -9999 -9999 -9999 -9999 -9999
-9999 -9999 -9999 -9999 -9999 -9999 -9999 -9999 -9999 -9999 -9999 -74.29704622507096 -73.76442374868935 -74.29381372405187 -72.12579813838005 -69.47199509246755 -64.9244686457192 -65.94360101607538 -67.7530064589598 -70.05252638932419 -71.93765278573375 -73.2892327918797 -73.75191845816951 -73.89828528550363 -74.05221742843428 -74.11365143097937 -74.47837615627795 -74.37144402228296 -73.75628070846484 -72.9781886996367 -72.5083427707417 -72.24781981682253 -72.64848656868034 -73.77880583883852 -74.56724735281684 -73.74005262356206 -73.130764695101 -72.82814055132239 -71.48668635071353 -69.65895009959159 -9999 -9999 -9999 -9999 -9999 -9999 -9999 -9999 -9999 -9999 -9999 -9999
-9999 -9999 -9999 -9999 -9999 -9999 -9999 -9999 -9999 -9999 -73.28327568586266 -71.32651423850048 -70.12375923471069 -68.43586157457997 -67.39934031189102 -62.91368217419529 -64.42824839488152 -67.41045559354518 -70.41318048116744 -72.67473931370566 -74.07246114693436 -75.27709356971882 -75.88847098972812 -76.13193182019317 -75.68861024994403 -75.05851196448008 -74.73662556466942 -74.43118856190925 -74.54001612647113 -74.34149085311219 -73.87568115530917 -73.10045718671354 -72.9091606656523 -73.15614720539024 -73.20779269736893 -72.67933669429095 -72.37997025961793 -71.25355993913996 -68.87259196825735 -9999 -9999 -9999 -9999 -9999 -9999 -9999 -9999 -9999 -9999 -9999 -9999 -9999
-9999 -9999 -9999 -9999 -9999 -9999 -9999 -9999 -9999 -9999 -9999 -9999 -68.88253239175508 -68.21562063889425 -66.04643252841484 -66.86628597639499 -68.01567289261503 -69.49514308731136 -71.04928836748479 -72.79346201615998 -74.31799791338322 -75.71283773223685 -76.74510657921051 -76.82154052595423 -76.07934697990929 -75.27226429000314 -74.62621253872494 -74.23572697897265 -73.69410419697503 -73.60066379010678 -73.41141968019707 -72.6002204292232 -70.81416430146922 -69.61126840573091 -69.06385773692061 -69.72418657737119 -70.35836805074902 -70.29103959763938 -67.85263761027633 -63.834199803427886 -9999 -9999 -9999 -9999 -9999 -9999 -9999 -9999 -9999 -9999 -9999 -9999
-9999 -9999 -9999 -9999 -9999 -9999 -9999 -9999 -9999 -9999 -9999 -68.5393669020526 -68.04150585971678 -67.01686094236221 -66.2050105953589 -67.29318452868725 -69.25424042334602 -71.10692009546713 -71.76689104857684 -72.27905487122051 -73.6476704671323 -74.66482247777877 -75.69466199541901 -75.89539793689059 -75.11381342761764 -74.96415233593888 -74.90871615643881 -74.33204980939627 -73.83048956195513 -73.05860209325601 -71.95699504368947 -70.83117798422829 -69.66509069723415 -68.53239786956945 -68.50599370328008 -69.85790193416372 -70.84106369159723 -69.98578455417585 -66.18377648468832 -9999 -9999 -9999 -9999 -9999 -9999 -9999 -9999 -9999 -9999 -9999 -9999 -9999
-9999 -9999 -9999 -9999 -9999 -76.66344142649042 -75.08742431378123 -73.5545027657017 -72.47773058582199 -70.21087996173236 -67.81882115351036 -66.97843710701041 -67.21763472429599 -67.91688786545791 -68.66905387781742 -69.15829419111006 -70.46167896235626 -72.08209174421765 -72.53463246238728 -72.69174505524883 -73.25947557658142 -73.79968430175458 -74.67194791296497 -75.16130879539995 -74.8970561395028 -74.08040012237501 -73.38220016765379 -73.09081786430093 -72.73974450960242 -72.10550339692864 -71.48192533428471 -70.86055687348265 -69.88702795185993 -68.88105291426182 -68.08420003234754 -67.61785891974488 -66.57346291259789 -64.90837704100943 -9999 -9999 -9999 -9999 -9999 -9999 -9999 -9999 -9999 -9999 -9999 -9999 -9999 -9999
-9999 -9999 -9999 -9999 -76.12691567633965 -75.1443738848439 -72.65833915470454 -70.76573806604806 -69.25746791519617 -69.42753341297309 -68.77231204389147 -68.74097029881916 -69.05836463195936 -70.24833658942154 -71.56155408433506 -72.87708845743363 -73.74318632832049 -74.22161490218879 -73.84122749457698 -73.67093825498982 -73.82498673036606 -73.3288829315367 -73.35051498397492 -73.93868819785395 -73.98022192795953 -73.2417168533873 -72.55831007547461 -72.15171007169873 -71.44213567433819 -70.86283930014703 -70.39853543332264 -69.18116333124352 -67.55704608721099 -65.39114871986497 -64.06227016063967 -9999 -9999 -9999 -9999 -9999 -9999 -9999 -9999 -9999 -9999 -9999 -9999 -9999 -9999 -9999 -9999 -9999
-9999 -9999 -9999 -75.27716551346617 -74.04585698995956 -72.82694649607268 -71.57298832445332 -70.40525564095361 -69.71626327987364 -69.58196063796359 -69.60036580357217 -70.41166467810233 -71.40930818185132 -72.4034468496918 -73.64566470593537 -74.38913010593566 -74.52970582058373 -74.77124647744473 -74.7550993953231 -74.5523414414877 -74.39621762845708 -73.7372187171978 -73.00059085130022 -72.74869825531925 -72.55062842815272 -71.55930122225311 -70.20973299388238 -68.77589532130897 -67.07889667383142 -65.81591980159283 -64.445369751779 -9999 -9999 -9999 -9999 -9999 -9999 -9999 -9999 -9999 -9999 -9999 -9999 -9999 -9999 -9999 -9999 -9999 -9999 -9999 -9999 -9999
-9999 -9999 -9999 -74.98515136088643 -71.99339272411997 -68.81656909259036 -67.44420454511419 -67.5809146125695 -68.09955049644817 -68.77002115406924 -68.63673173029399 -69.48289489321449 -70.63585423409636 -71.85385572461753 -73.24722723968719 -74.53515513497922 -74.75366789410567 -74.92744401711356 -75.07996271173941 -74.76653136422404 -74.32069268731098 -73.321889429957 -72.62676104878794 -71.61853809321815 -70.85473283501194 -69.53279229031183 -67.50226387396455 -65.4105640874732 -60.25863189420265 -9999 -9999 -9999 -9999 -9999 -9999 -9999 -9999 -9999 -9999 -9999 -9999 -9999 -9999 -9999 -9999 -9999 -9999 -9999 -9999 -9999 -9999 -9999
-9999 -9999 -9999 -75.87441858621828 -74.66144967382705 -71.27593039107397 -68.94382391996456 -69.14123233635269 -70.95528028671478 -72.96197676161925 -74.24929036494605 -73.2341780322629 -72.57894762929197 -72.3819013104545 -72.8063504854365 -73.45729827304571 -73.90894282658348 -74.35736360512057 -74.55157301591689 -74.56354655653743 -74.28126768609665 -73.6300865618719 -72.68529666803819 -71.42248313153245 -69.34566130441554 -66.87982939054467 -9999 -61.53973613138877 -9999 -9999 -9999 -9999 -9999 -9999 -9999 -9999 -9999 -9999 -9999 -9999 -9999 -9999 -9999 -9999 -9999 -9999 -9999 -9999 -9999 -9999 -9999 -9999
-9999 -9999 -9999 -74.27957017585095 -74.04930684617942 -72.73474912827506 -72.52197242149136 -73.38400365605867 -74.79208347972096 -75.86852602307965 -76.352136770676 -75.10539174489459 -73.71247094677071 -73.77167331351994 -74.22917403739233 -74.83905725896358 -74.44876766996722 -74.58554833937932 -73.84029481509764 -72.91045689880849 -71.74405510691196 -70.91562302386697 -69.38340718058211 -64.91075060142495 -62.049318660142994 -58.94198424747733 -56.62731071675962 -9999 -9999 -9999 -9999 -9999 -9999 -9999 -9999 -9999 -9999 -9999 -9999 -9999 -9999 -9999 -9999 -9999 -9999 -9999 -9999 -9999 -9999 -9999 -9999 -9999
-9999 -9999 -9999 -9999 -72.20308473572403 -72.94246643446607 -73.46153525973675 -74.23575944041505 -74.29519916118602 -74.86104132198928 -74.7904714987759 -74.68031705873595 -74.1421387899708 -73.90387372048977 -74.45327416168792 -74.76995806911819 -74.68958698387918 -74.29544258980373 -73.61238926058337 -71.83884252068296 -70.05846024501128 -68.67596985257052 -66.44864689206602 -59.393020526895036 -9999 -9999 -9999 -9999 -9999 -9999 -9999 -9999 -9999 -9999 -9999 -9999 -9999 -9999 -9999 -9999 -9999 -9999 -9999 -9999 -9999 -9999 -9999 -9999 -9999 -9999 -9999 -9999
-9999 -9999 -9999 -9999 -72.26100194771614 -74.89573581213365 -76.0521114690318 -75.82547344382675 -75.52688897857159 -74.87805321918438 -75.19239886687404 -76.05657212870135 -76.01641995838429 -74.92758855398031 -74.55538164445869 -75.17916029382273 -74.99625283269222 -74.71124141183734 -74.46452388640294 -73.15454265039958 -71.53737078222272 -69.00681209704639 -65.92157200298139 -61.63819597850596 -52.142570637994346 -9999 -9999 -9999 -9999 -9999 -9999 -9999 -9999 -9999 -9999 -9999 -9999 -9999 -9999 -9999 -9999 -9999 -9999 -9999 -9999 -9999 -9999 -9999 -9999 -9999 -9999 -9999
-9999 -9999 -9999 -9999 -77.12795545595773 -77.64828202082134 -78.36983449582333 -79.72310871925252 -80.4825456956835 -78.83236429601004 -77.3062273910226 -77.11614129098795 -76.3905034588036 -75.92195935489079 -75.87389490283068 -75.95901491443863 -75.62381774405746 -75.04048632541972 -74.16368776832215 -72.55111125550772 -70.98688111874334 -68.84151469217372 -66.54987191072395 -59.873562878141044 -9999 -9999 -9999 -9999 -9999 -9999 -9999 -9999 -9999 -9999 -9999 -9999 -9999 -9999 -9999 -9999 -9999 -9999 -9999 -9999 -9999 -9999 -9999 -9999 -9999 -9999 -9999 -9999
-9999 -9999 -9999 -9999 -76.31831582698477 -77.16142597319558 -77.92587537882906 -80.32225414203951 -81.37115070057266 -80.9068718942174 -79.54605722887948 -79.11507118729556 -78.66631784806587 -78.74793638244091 -77.93721240500494 -77.39988330506127 -76.19375542971366 -74.80888756360763 -72.94504474796871 -71.66625799051481 -70.31219231787371 -67.97168382441643 -64.81253674948952 -9999 -9999 -9999 -9999 -9999 -9999 -9999 -9999 -9999 -9999 -9999 -9999 -9999 -9999 -9999 -9999 -9999 -9999 -9999 -9999 -9999 -9999 -9999 -9999 -9999 -9999 -9999 -9999 -9999
