metrics/grid_rasters/CCI Active/grideval_CCI Active_X_summer_2017_absolute_ubrmsd.asc
ncols 52
nrows 55
xllcorner     11.25
yllcorner     55.25
cellsize      0.25
NODATA_value  -9999
[rows 0 to 29 of 55, columns 0 to 51 of 52]
-9999 -9999 -9999 -9999 -9999 -9999 -9999 -9999 -9999 -9999 -9999 -9999 -9999 -9999 -9999 -9999 -9999 -9999 -9999 -9999 -9999 -9999 -9999 -9999 -9999 -9999 -9999 -9999 -9999 -9999 -9999 -9999 -9999 -9999 -9999 -9999 10.412640745977264 9.710171047579726 8.891066004071314 -9999 -9999 -9999 -9999 -9999 -9999 -9999 -9999 -9999 -9999 -9999 -9999 -9999
-9999 -9999 -9999 -9999 -9999 -9999 -9999 -9999 -9999 -9999 -9999 -9999 -9999 -9999 -9999 -9999 -9999 -9999 -9999 -9999 -9999 -9999 -9999 -9999 -9999 -9999 -9999 -9999 -9999 -9999 -9999 -9999 -9999 -9999 -9999 -9999 11.961853753776884 10.609954557874481 10.35962207031702 10.25189525352123 9.97040817986058 9.488097038177186 -9999 -9999 -9999 -9999 -9999 -9999 -9999 -9999 -9999 -9999
-9999 -9999 -9999 -9999 -9999 -9999 -9999 -9999 -9999 -9999 -9999 -9999 -9999 -9999 -9999 -9999 -9999 -9999 -9999 -9999 -9999 -9999 -9999 -9999 -9999 -9999 -9999 19.68028915261031 18.5913022551557 16.480865068039364 15.287706433003548 14.178575350281966 15.651535930998914 15.264897435643439 -9999 12.870769047616005 11.741083126878323 10.63770953277353 9.3589769098028 8.552910543663852 8.12628913132019 7.743527634441153 7.646562486900263 7.609078017524205 7.550436905706892 7.430665229895051 -9999 -9999 -9999 -9999 -9999 -9999
-9999 -9999 -9999 -9999 -9999 -9999 -9999 -9999 -9999 -9999 -9999 -9999 -9999 -9999 -9999 -9999 -9999 -9999 -9999 -9999 -9999 -9999 -9999 -9999 -9999 -9999 -9999 23.06408726408449 17.186540625830872 14.903693554325066 12.857486585666669 14.067743942095046 13.36566172189449 12.905474710264215 11.659176391337118 10.906797432387512 10.617495714783752 10.13494821237864 9.432950172521153 8.907974286993463 8.455835101941894 7.926499198639455 7.85543450337143 8.009297379669148 8.073486205553436 8.001668335069798 7.875676666723657 7.790839188486023 -9999 -9999 -9999 -9999
-9999 -9999 -9999 -9999 -9999 -9999 -9999 -9999 -9999 -9999 -9999 -9999 -9999 -9999 -9999 -9999 -9999 -9999 -9999 -9999 -9999 -9999 19.870617707626923 19.845883790798585 21.598272369919748 21.38116092210768 17.533161154132614 15.870513649538205 13.495498172068555 11.977330663051616 11.686127454850237 10.825435374588103 10.290763829404336 9.621332560737617 9.371973715686917 9.261473427988431 9.422027630625537 9.39692013865726 9.167256064977394 8.905667368118387 8.605938751503064 7.923963082807112 7.641310391081643 7.6345121678265855 7.783522327312991 7.767797261654757 7.789742311096586 7.673044362060628 7.584503513326353 -9999 -9999 -9999
-9999 -9999 -9999 -9999 -9999 -9999 -9999 -9999 -9999 -9999 -9999 -9999 -9999 -9999 -9999 -9999 -9999 -9999 -9999 -9999 -9999 20.385400721954586 21.696567667202935 20.078027536521606 19.240734848828033 10.887081127068177 13.59869172349139 13.325531137919073 13.00816815250275 12.300870283476904 10.776809887649708 9.43530502640605 8.589189909086668 8.043485753014917 7.87521806331521 8.166714162497023 8.593283580249134 8.927088543646333 8.855569159758902 8.751113507913232 8.477840200031876 8.13241037395773 7.505833137147975 7.113895628439013 6.902441274339696 6.679645674258628 6.737682633314583 6.908960159842348 7.151053819416917 -9999 -9999 -9999
-9999 -9999 -9999 -9999 -9999 -9999 -9999 -9999 -9999 -9999 -9999 -9999 -9999 -9999 -9999 -9999 -9999 -9999 -9999 -9999 16.655575826537955 16.657636433213654 16.424006663902734 16.209710107375187 15.553816246078346 15.237647270700831 13.698270816122973 13.860246072425065 12.877926227741634 12.045117825396868 11.078430006249151 9.582573606595117 8.35436184617579 7.789733590818713 7.723875609452148 8.341178312980324 9.073419693218552 9.503376230613863 9.437734026359054 9.25168670014844 8.931416059899165 8.620710461063721 8.03242915755317 7.555590170340875 7.028914785250121 6.675321202752676 6.54740070181052 6.671785235397793 6.839876483883951 7.104846480648183 -9999 -9999
-9999 -9999 -9999 -9999 -9999 -9999 -9999 -9999 -9999 -9999 -9999 -9999 -9999 -9999 -9999 -9999 -9999 -9999 -9999 -9999 -9999 15.77241445888784 12.053026050195715 12.668095003313868 12.0868182940841 13.538786054290807 13.35128198651132 12.644694840587027 12.025838129351175 11.604728530810174 11.117065830957324 10.41587987397575 9.437669467909664 8.558840464963646 7.9680299235818755 7.9515092479944744 8.259453263498264 8.559157856382173 8.548218344720807 8.172900464137637 7.865275266606545 7.760869847980664 7.635350654069091 7.390699812060998 7.100599728631195 6.970274078072762 6.8021977441402495 6.916843536312539 6.9359460672373725 -9999 -9999 -9999
-9999 -9999 -9999 -9999 -9999 -9999 -9999 -9999 -9999 -9999 -9999 -9999 -9999 -9999 -9999 -9999 -9999 -9999 -9999 12.438050993334556 10.353163105468429 10.637466497651095 9.598732097505883 8.772862311478072 10.66953383149032 11.219702175083684 11.374285594215019 11.62513778853259 11.37985973843014 10.778274367705203 10.35659268838291 9.666496124776492 9.152588367770557 8.750346972250698 8.38404636665433 8.140227204635481 7.980612126756406 7.734181554768035 7.579746050867082 7.372647315502684 7.205303871280871 6.858039722016604 6.597317084387754 6.490149767827817 6.840244058017344 6.989798938252813 6.880610264646204 6.857622062303318 6.852416003787932 6.776558073256048 6.7926601404581595 -9999
-9999 -9999 -9999 -9999 -9999 -9999 -9999 -9999 -9999 -9999 -9999 -9999 -9999 -9999 -9999 -9999 -9999 -9999 9.943933787430023 10.02279043200694 10.363749231652127 9.525265695959977 9.210660397199943 9.632760702894236 9.586613515560677 9.732409803100216 10.22722120519753 10.251458351247742 9.957329973591667 9.792783149961073 9.284654761767127 8.785035403213216 8.336324746644522 8.178333566887089 8.130671921121243 8.124015111772492 8.06934387249011 7.752422982724759 7.4220567155913235 7.174740562470832 7.238162379489075 7.143202599483553 7.025117195159968 6.852243758639316 6.84383099027274 6.9917772818065576 6.751348908166358 6.936959707763758 6.8419275433788975 6.886224901226488 6.994087134576372 -9999
-9999 -9999 -9999 -9999 -9999 -9999 -9999 -9999 -9999 -9999 -9999 -9999 -9999 -9999 -9999 -9999 -9999 11.684176487819133 10.157723526549336 9.822933791751334 9.140882860134528 8.981803581781858 9.503236073161974 9.686767893567675 9.712516890738657 9.704251855023196 9.719532012056957 9.564574921107887 9.33018489939819 8.780345828861769 8.605465699332392 8.58404580628006 8.246686984868113 8.087730219113926 7.9400110581350365 7.854772703599909 7.719128185412155 7.520658319983871 7.2723739145324435 7.152398090969768 7.257302864015751 7.25133961608626 7.015978932524923 6.7938911033959295 6.669733106767267 6.673219049831704 6.675667382394231 6.729891773273795 6.815886400927269 6.7940379320245246 -9999 -9999
-9999 -9999 -9999 -9999 -9999 -9999 -9999 -9999 -9999 -9999 -9999 -9999 -9999 14.642273990488034 13.098079517462011 11.874793658073454 9.618112397840193 9.707695005934033 9.46915112354649 9.233126797583724 8.92283560217 9.210575530743212 9.601725777313789 9.820958622461127 9.860808341716377 9.438667430258624 8.951703571424703 8.78337135086568 8.472876440922116 8.168021294413133 8.109971922449473 8.349979986537122 8.32678958111496 8.147347245089671 7.902851526653261 7.8694291357219885 7.809770019428218 7.783877453659338 7.726311802041384 7.449523512677662 7.345389756069879 7.1964075558475455 6.956235423989036 6.715114286052293 6.6542515635310995 6.743526670265554 6.745870687269885 6.763391856254502 6.746784838282603 6.962676237988689 7.1024692533687315 -9999
-9999 -9999 -9999 -9999 -9999 -9999 -9999 -9999 -9999 -9999 -9999 -9999 -9999 13.109318312173874 11.277883309517007 11.775719482105314 11.128634240660661 10.544275972244439 9.559347729484033 9.282008122556764 9.233632908153446 9.66875526542658 9.88790654405472 9.964037210722237 9.510831506556391 8.940090478477451 8.52163853704327 8.419333666237012 8.469195539985419 8.481587134660442 8.49919945780625 8.585546758717244 8.581502006005588 8.369910219275893 8.33769395309074 8.212128001415035 8.06494123526491 7.810389316648954 7.5507202137700276 7.136146671951945 7.220567802099736 7.453502021474518 7.6895614817237234 7.596117205037412 7.463300082957598 7.2898015400361915 6.888780465328343 7.194867354948278 7.155597786445664 7.23110081302895 7.635850349409968 7.996469370941903
-9999 -9999 -9999 -9999 -9999 -9999 -9999 -9999 -9999 -9999 -9999 -9999 -9999 11.36527739439162 10.027715118003004 9.777976058215076 10.112052177216576 10.377964012692528 10.29108345703605 10.076298134682403 10.121299443448573 10.210829123452774 9.903750469300956 9.611275806645851 9.034433394405957 8.448236095990987 7.908540484300125 -9999 7.9467430922554385 8.361870906031426 8.282268164808698 8.348970037832595 8.287237695407956 8.182724194719258 8.144743815041943 8.119297067746032 8.118931468265059 8.041184877209421 7.796182295996783 7.555969046971098 7.62597004821159 8.24943148381866 9.230516352617448 10.05159409973298 -9999 -9999 -9999 -9999 -9999 -9999 -9999 -9999
-9999 -9999 -9999 -9999 -9999 -9999 -9999 -9999 -9999 -9999 -9999 -9999 -9999 9.615093807082998 8.886123460171182 9.195846202805651 10.045343763624905 10.612124543992014 10.620296896554775 10.332159129995727 10.030963305966011 9.987195314697503 9.847351878311988 9.275474369003744 8.83194334438858 8.381189721650648 7.725426256528755 7.456644611000954 7.477965677366811 7.180546797798217 7.281791376995597 7.46559996120402 7.602324157345534 7.6303835210377375 7.650819360145321 7.587714761030497 7.401032161661253 7.351078582483972 7.37558253042232 7.6320901282401294 8.096627754063656 -9999 -9999 -9999 -9999 -9999 -9999 -9999 -9999 -9999 -9999 -9999
-9999 -9999 -9999 -9999 -9999 -9999 -9999 -9999 -9999 -9999 -9999 -9999 10.79297552536769 8.743969087444146 8.414693218447917 8.927936835238016 9.709102919127623 10.158294375281569 10.173280715747223 9.810917945965967 9.461456993935276 9.14381797877717 8.985072968463912 8.819085938634458 8.737115520021531 8.482850876969371 7.960399221978787 7.658221473732581 7.462534945802952 6.966639704381451 6.94769699316616 7.073995841140545 7.239282286276962 7.364819823709017 7.192365490593295 7.0821635288896525 7.077315401625642 7.214215731053843 7.673506375837285 8.152110245700639 8.638174888800338 -9999 -9999 -9999 -9999 -9999 -9999 -9999 -9999 -9999 -9999 -9999
-9999 -9999 -9999 -9999 -9999 -9999 -9999 -9999 -9999 -9999 -9999 10.401430885545032 9.677679189717274 9.062244392061675 8.669582507547661 8.895695554127784 9.214819306625266 9.46298692722343 9.542865216974507 9.099979118237279 8.689706968778026 8.38850365082096 8.253003967264098 8.086286421158844 8.133683205116679 8.181888341987586 8.035855736586061 7.856933344364923 7.632527933150972 7.440928242262234 6.893109258218686 7.02523711950391 7.220210567098935 7.207183985492962 7.069659282848202 7.103039205675619 7.726599694328054 8.287929304668094 8.886687779689556 9.496953683454258 -9999 -9999 -9999 -9999 -9999 -9999 -9999 -9999 -9999 -9999 -9999 -9999
-9999 -9999 -9999 -9999 -9999 -9999 -9999 -9999 -9999 -9999 9.482219176198956 9.71195121043237 9.48430040128333 9.158603494729828 8.979335134455766 8.772843794387741 8.552444603289143 8.556794518379087 8.454864307448016 8.165866731374269 7.827962965770029 7.686647375871832 7.555498963481411 7.530977243337872 7.595005812367648 7.720887675530323 7.800322499370786 8.04443124223436 7.904362123094745 7.727458514456322 7.217966276400713 7.208805239988772 7.1649259422182885 7.0850802346582045 7.177444596838821 7.538594047087122 8.062114356544582 8.545755909468637 9.552638149223247 -9999 -9999 -9999 -9999 -9999 -9999 -9999 -9999 -9999 -9999 -9999 -9999 -9999
-9999 -9999 -9999 -9999 -9999 -9999 -9999 -9999 -9999 -9999 -9999 -9999 9.78564585026506 9.31731515812426 9.23133263527528 9.087458247123005 8.594945151511638 8.384897012766379 8.280925524780049 8.032853511285136 7.72051049896228 7.550598024543299 7.615175535191533 7.5992950362661364 7.782332012669888 7.959553636854959 7.996709173491567 7.9891810550119695 7.96209411728976 8.162658368031387 7.909456563267793 7.760334551102478 7.541638154207061 7.385679504256901 7.314148989236817 7.416204827566703 7.900230836523281 8.698189192774084 9.538163722634751 10.346785991334396 -9999 -9999 -9999 -9999 -9999 -9999 -9999 -9999 -9999 -9999 -9999 -9999
-9999 -9999 -9999 -9999 -9999 -9999 -9999 -9999 -9999 -9999 -9999 9.289898372834076 9.448963489942617 9.1051522463057 9.317282652741158 9.127017702373834 8.70824801817476 8.419550391574601 8.405320521636039 8.282526495390616 8.031200348458151 8.075916913786182 7.991984160178786 7.823825980432564 7.701502779849888 7.557813209687351 7.388728964431441 7.3437898654301375 7.446837775814357 7.612596706373832 7.510944713890831 7.547760301964678 7.539146068680885 7.395174207112356 7.355262317887318 7.699620215647914 8.197310664354383 8.922628111826569 9.464122024786636 -9999 -9999 -9999 -9999 -9999 -9999 -9999 -9999 -9999 -9999 -9999 -9999 -9999
-9999 -9999 -9999 -9999 -9999 7.419955540377344 7.769252017972932 7.8157994570880795 7.79517374136933 8.2682490455787 8.52702668159859 8.96521511307343 9.045841189644989 8.907150125027616 8.729328225933441 8.497968404601474 8.263939037835332 7.982529827747554 8.011430161649296 8.206785962045608 8.170345922090954 8.045603493639065 7.851492832185631 7.742451530679425 7.418451025283231 7.172626845901648 7.055152956112959 7.098070620168488 7.196616564250113 7.323526389921794 7.219342706228107 7.123907424912209 7.088220251013062 7.653776059864803 8.196395903125143 8.828074986464753 9.40092301024459 9.879948750466927 -9999 -9999 -9999 -9999 -9999 -9999 -9999 -9999 -9999 -9999 -9999 -9999 -9999 -9999
-9999 -9999 -9999 -9999 7.450224143962027 7.5677693422909735 8.13580332453928 8.842253257293542 8.80430725333282 9.027336946132923 8.77596259255608 8.738857781689102 8.564911793450806 7.934103925736085 8.166261275943421 8.07237287312456 7.796986468527898 7.582492842126352 7.784386356188353 7.803221679100579 7.836862981636145 7.8174232788851645 7.563818938885449 7.193073360012477 7.052596104419629 7.208625366900045 7.177194715617813 7.292439767387181 7.609178689546508 7.811684067879803 7.933423250675235 8.060280226164531 8.288694819357822 8.566203019282144 9.231597237075432 -9999 -9999 -9999 -9999 -9999 -9999 -9999 -9999 -9999 -9999 -9999 -9999 -9999 -9999 -9999 -9999 -9999
-9999 -9999 -9999 8.417121539314312 8.179939810034785 8.141825048276521 8.607575327092372 8.709191264473505 8.545939501555631 8.57963238369612 8.544439944691957 8.413764765616545 8.21576578070775 7.994402794279817 7.951539488162807 7.887516502287863 7.994977481181168 7.769903510065562 7.911123725466447 7.892901595391649 7.8192464912967266 7.519092077864762 7.137383662118462 6.848308813053692 6.82710673577242 6.874065654559837 7.183701696896244 7.423676562890132 7.9573596143569425 8.446983842885027 9.22178211976418 -9999 -9999 -9999 -9999 -9999 -9999 -9999 -9999 -9999 -9999 -9999 -9999 -9999 -9999 -9999 -9999 -9999 -9999 -9999 -9999 -9999
-9999 -9999 -9999 11.05790886055859 11.180418664009228 11.104198677298431 10.458783086654847 9.784910909462099 9.52714523331406 9.221527939816994 8.554240146101584 8.239114288862906 8.46929525709815 8.345343604365747 7.910099878336825 8.389318691742117 8.401079195852057 7.942611351850987 7.9894376364161905 8.092842144662272 7.9468854433014275 7.654036587982371 7.292733398519255 7.086255207871945 6.973324627484133 7.079486244814049 7.756858686302857 8.560255686338815 9.172898472887256 -9999 -9999 -9999 -9999 -9999 -9999 -9999 -9999 -9999 -9999 -9999 -9999 -9999 -9999 -9999 -9999 -9999 -9999 -9999 -9999 -9999 -9999 -9999
-9999 -9999 -9999 9.590357915642876 9.785350151820671 10.376124488980322 10.906817813576444 10.324551351713733 9.603660790541909 8.952913499878418 8.190707281696715 8.169217510962032 8.380249122874224 8.555424452637041 8.713024974849706 8.600278827270587 8.64090905338862 8.221592012500041 8.132736126937147 8.317701679317986 8.1969749373498 8.048592635675918 7.757536110112488 7.448776559997042 7.491269404262308 7.967248873197071 -9999 10.773033146090349 -9999 -9999 -9999 -9999 -9999 -9999 -9999 -9999 -9999 -9999 -9999 -9999 -9999 -9999 -9999 -9999 -9999 -9999 -9999 -9999 -9999 -9999 -9999 -9999
-9999 -9999 -9999 8.256029330030692 9.141812749838301 10.300649747161843 10.475042265384674 9.92174654896634 9.561170950445844 9.144808131381405 8.11852039225421 8.754041394616923 9.067512954447515 9.123730224227744 8.618844835975308 8.574973938850567 8.729880117784964 8.886153832524885 8.805501419928024 8.866671886355963 8.71265756948702 8.196023511934634 8.096710002312669 8.166986976461189 8.659870638654917 9.706226460596517 10.943582098995655 -9999 -9999 -9999 -9999 -9999 -9999 -9999 -9999 -9999 -9999 -9999 -9999 -9999 -9999 -9999 -9999 -9999 -9999 -9999 -9999 -9999 -9999 -9999 -9999 -9999
-9999 -9999 -9999 -9999 9.206949609689788 9.61106989904077 9.959219692615967 10.181554283916194 10.132236255640144 9.727136553218706 9.72282651794827 8.715675474205927 8.629546330710147 8.796813398242012 8.667653838805743 8.69255037872018 8.958373016220285 9.436577577534699 9.487179006429702 9.3054492587712 9.095633038290957 8.936817175573394 8.767592193463116 8.968144239866726 -9999 -9999 -9999 -9999 -9999 -9999 -9999 -9999 -9999 -9999 -9999 -9999 -9999 -9999 -9999 -9999 -9999 -9999 -9999 -9999 -9999 -9999 -9999 -9999 -9999 -9999 -9999 -9999
-9999 -9999 -9999 -9999 9.03969648904757 9.258795500397854 9.21415807693158 9.254664402791622 9.550396836642577 9.597090804047694 9.236076447033193 8.724887165164677 8.07957885451466 8.111787528085197 8.66685688311777 8.922882503572671 9.144556308445699 9.389888133055598 9.570177332402844 9.663368873145119 9.6358653925439 9.518174105538801 9.572912700321087 10.303608183723668 12.45936344783542 -9999 -9999 -9999 -9999 -9999 -9999 -9999 -9999 -9999 -9999 -9999 -9999 -9999 -9999 -9999 -9999 -9999 -9999 -9999 -9999 -9999 -9999 -9999 -9999 -9999 -9999 -9999
-9999 -9999 -9999 -9999 8.972454279892967 9.051960464040043 9.16311976109576 8.948028711748307 8.601377240611436 8.455120237506419 8.657621136298971 8.797321615124845 8.637048827189107 8.075368776281863 8.132101543641072 8.259258822971647 8.523034395393843 8.957241054479212 9.567897763998037 9.756068775878543 9.831954991527766 9.856857899898918 10.107706203573606 11.223049318891466 -9999 -9999 -9999 -9999 -9999 -9999 -9999 -9999 -9999 -9999 -9999 -9999 -9999 -9999 -9999 -9999 -9999 -9999 -9999 -9999 -9999 -9999 -9999 -9999 -9999 -9999 -9999 -9999
-9999 -9999 -9999 -9999 9.757646945725602 9.615978239558123 9.434673381967674 8.900506709699988 8.386329275748553 8.445296168698805 8.573182386705907 8.913817095172009 8.835912462247464 8.872235856498966 8.326110514930233 8.723836783355454 8.96150031739928 8.847956925261538 9.473041890797939 9.965785147060007 10.221750574662453 9.978137992576642 10.678020147077197 -9999 -9999 -9999 -9999 -9999 -9999 -9999 -9999 -9999 -9999 -9999 -9999 -9999 -9999 -9999 -9999 -9999 -9999 -9999 -9999 -9999 -9999 -9999 -9999 -9999 -9999 -9999 -9999 -9999
